branch_id_1	branch_id_2	dist_bl	dist_node_num	branch_num_fg_beak	branch_num_fg_fork	branch_num_fg_pink	branch_num_fg_red	branch_num_fg_stem_beak	branch_num_fg_stem_fork	branch_num_fg_stem_pink	branch_num_fg_stem_red	branch_num_fg_stem_tube	branch_num_fg_stem_yellow	branch_num_fg_tube	branch_num_fg_yellow	branch_num_mg_beak	branch_num_mg_fork	branch_num_mg_pink	branch_num_mg_red	branch_num_mg_tube	branch_num_mg_yellow	is_fg_beak	is_fg_fork	is_fg_pink	is_fg_red	is_fg_tube	is_fg_yellow	is_mf_beak	is_mf_fork	is_mf_pink	is_mf_red	is_mf_tube	is_mf_yellow	is_mg_beak	is_mg_fork	is_mg_pink	is_mg_red	is_mg_tube	is_mg_yellow	omegaCany2any	omegaCany2dif	omegaCany2spe	omegaCdif2any	omegaCdif2dif	omegaCdif2spe	omegaCspe2any	omegaCspe2dif	omegaCspe2spe	dNCany2any	dNCany2dif	dNCany2spe	dNCdif2any	dNCdif2dif	dNCdif2spe	dNCspe2any	dNCspe2dif	dNCspe2spe	dSCany2any	dSCany2dif	dSCany2spe	dSCdif2any	dSCdif2dif	dSCdif2spe	dSCspe2any	dSCspe2dif	dSCspe2spe	OCNCoD	OCSCoD	OCN_linreg_residual	OCS_linreg_residual	N_sub_1	N_sub_2	S_sub_1	S_sub_2	OCNany2any	OCNany2dif	OCNany2spe	OCNdif2any	OCNdif2dif	OCNdif2spe	OCNspe2any	OCNspe2dif	OCNspe2spe	OCSany2any	OCSany2dif	OCSany2spe	OCSdif2any	OCSdif2dif	OCSdif2spe	OCSspe2any	OCSspe2dif	OCSspe2spe	ECNany2any	ECNany2dif	ECNany2spe	ECNdif2any	ECNdif2dif	ECNdif2spe	ECNspe2any	ECNspe2dif	ECNspe2spe	ECSany2any	ECSany2dif	ECSany2spe	ECSdif2any	ECSdif2dif	ECSdif2spe	ECSspe2any	ECSspe2dif	ECSspe2spe
0	2	0.1392	11	2	0	1	0	0	0	0	0	0	0	1	1	0	0	0	0	0	0	Y	N	N	N	N	N	N	N	N	N	N	N	N	N	N	N	N	N	0.0000	0.0000	0.0000	0.0000	0.0000	0.0000	0.0000	0.0000	0.0000	0.0000	0.0000	0.0000	0.0000	0.0000	0.0000	0.0000	0.0000	0.0000	0.0002	0.0004	0.0000	0.0000	0.0000	0.0000	0.0002	0.0004	0.0000		0.0000	0.0000	-0.0000	5.2904	2.0002	13.0441	0.0111	0.0000	0.0000	0.0000	0.0000	0.0000	0.0000	0.0000	0.0000	0.0000	0.0000	0.0000	0.0000	0.0000	0.0000	0.0000	0.0000	0.0000	0.0000	0.0942	0.0777	0.0165	0.0047	0.0044	0.0003	0.0895	0.0733	0.0162	0.0558	0.0276	0.0281	0.0048	0.0045	0.0003	0.0510	0.0232	0.0278
0	3	0.1392	11	2	1	1	0	0	1	0	0	0	0	1	1	0	0	0	0	0	0	Y	N	N	N	N	N	N	N	N	N	N	N	N	N	N	N	N	N	0.0000	0.0000	0.0000	0.0000	0.0000	0.0000	0.0000	0.0000	0.0000	0.0000	0.0000	0.0000	0.0000	0.0000	0.0000	0.0000	0.0000	0.0000	0.0001	0.0002	0.0000	0.0000	0.0000	0.0000	0.0001	0.0003	0.0000		0.0000	0.0000	-0.0000	5.2904	2.9998	13.0441	0.0063	0.0000	0.0000	0.0000	0.0000	0.0000	0.0000	0.0000	0.0000	0.0000	0.0000	0.0000	0.0000	0.0000	0.0000	0.0000	0.0000	0.0000	0.0000	0.1406	0.1160	0.0247	0.0070	0.0065	0.0005	0.1336	0.1094	0.0242	0.0828	0.0411	0.0418	0.0070	0.0066	0.0005	0.0758	0.0345	0.0413
0	4	0.1336	10	2	0	1	0	0	0	0	0	0	0	1	1	0	0	0	0	0	0	Y	N	N	N	N	N	N	N	N	N	N	N	N	N	N	N	N	N	0.0000	0.0000	0.0000	0.0000	0.0000	0.0000	0.0000	0.0000	0.0000	0.0000	0.0000	0.0000	0.0000	0.0000	0.0000	0.0000	0.0000	0.0000	0.0932	0.1867	0.0000	0.0063	0.0067	0.0002	0.1016	0.2224	0.0000		0.0000	0.0000	-0.0030	5.2904	0.0017	13.0441	2.0142	0.0000	0.0000	0.0000	0.0000	0.0000	0.0000	0.0000	0.0000	0.0000	0.0053	0.0053	0.0000	0.0000	0.0000	0.0000	0.0052	0.0052	0.0000	0.0001	0.0001	0.0000	0.0000	0.0000	0.0000	0.0001	0.0001	0.0000	0.0565	0.0282	0.0283	0.0050	0.0047	0.0003	0.0515	0.0235	0.0280
0	9	0.1651	10	2	0	1	1	0	0	0	1	0	0	1	1	0	0	0	0	0	0	Y	N	N	N	N	N	N	N	N	N	N	N	N	N	N	N	N	N	0.0000	0.0000	0.0000	0.0000	0.0000	0.0000	0.0000	0.0000	0.0000	0.0000	0.0000	0.0000	0.0000	0.0000	0.0000	0.0000	0.0000	0.0000	0.0000	0.0000	0.0000	0.0000	0.0000	0.0000	0.0000	0.0000	0.0000			0.0000	0.0000	5.2904	2.0000	13.0441	0.0000	0.0000	0.0000	0.0000	0.0000	0.0000	0.0000	0.0000	0.0000	0.0000	0.0000	0.0000	0.0000	0.0000	0.0000	0.0000	0.0000	0.0000	0.0000	0.0971	0.0811	0.0160	0.0136	0.0128	0.0008	0.0835	0.0683	0.0152	0.0508	0.0249	0.0259	0.0048	0.0045	0.0003	0.0460	0.0204	0.0256
0	19	0.1286	4	2	0	1	0	0	0	0	0	0	1	0	1	0	0	0	0	0	0	Y	N	N	N	N	N	N	N	N	N	N	N	N	N	N	N	N	N	1.0441	0.7186	0.0000	2.0350	1.8859	0.0000	inf	inf	0.0000	0.0271	0.0325	0.0000	0.1834	0.1903	0.0000	0.0000	0.0000	0.0000	0.0260	0.0452	0.0000	0.0901	0.1009	0.0000	0.0000	0.0000	0.0000	0.0000	0.0000	-0.0007	-0.0008	5.2904	1.0008	13.0441	0.0438	0.0019	0.0019	0.0000	0.0018	0.0018	0.0000	0.0000	0.0000	0.0000	0.0013	0.0013	0.0000	0.0013	0.0013	0.0000	0.0000	0.0000	0.0000	0.0683	0.0570	0.0113	0.0101	0.0097	0.0004	0.0582	0.0473	0.0109	0.0507	0.0292	0.0216	0.0146	0.0131	0.0016	0.0361	0.0161	0.0200
0	22	0.3129	9	2	0	1	0	0	0	0	0	0	0	1	1	0	0	0	0	0	0	Y	N	N	N	N	N	N	N	N	N	N	N	N	N	N	N	N	N	0.0154	37.2365	0.0000	53.0918	56.0002	0.0000	0.0000	90.0477	0.0000	0.0104	0.0125	0.0000	0.0696	0.0789	0.0000	0.0000	0.0000	0.0000	0.6752	0.0003	1.3946	0.0013	0.0014	0.0000	0.7777	0.0000	1.4217	0.0000	3899.8483	-0.0004	0.0462	5.2904	2.0311	13.0441	5.0434	0.0010	0.0010	0.0000	0.0010	0.0010	0.0000	0.0000	0.0000	0.0000	0.1094	0.0000	0.1093	0.0000	0.0000	0.0000	0.1093	0.0000	0.1093	0.0944	0.0784	0.0160	0.0140	0.0124	0.0016	0.0804	0.0660	0.0144	0.1620	0.0836	0.0784	0.0214	0.0199	0.0015	0.1406	0.0637	0.0769
0	23	0.1094	4	2	0	1	0	0	0	0	0	0	1	0	1	0	0	0	0	0	0	Y	N	N	N	N	N	N	N	N	N	N	N	N	N	N	N	N	N	1.5675	1.0276	0.0000	20.7707	18.8010	0.0000	0.0006	0.0003	0.0000	0.0054	0.0065	0.0000	0.1070	0.1099	0.0000	0.0000	0.0000	0.0000	0.0034	0.0063	0.0001	0.0051	0.0058	0.0000	0.0031	0.0065	0.0001	0.0000	0.0073	-0.0003	-0.0004	5.2904	2.9896	13.0441	2.0229	0.0009	0.0009	0.0000	0.0009	0.0009	0.0000	0.0000	0.0000	0.0000	0.0006	0.0006	0.0000	0.0002	0.0002	0.0000	0.0005	0.0005	0.0000	0.1671	0.1385	0.0285	0.0084	0.0082	0.0002	0.1586	0.1303	0.0283	0.1791	0.0967	0.0824	0.0307	0.0271	0.0037	0.1484	0.0696	0.0788
0	24	0.1013	3	2	0	1	0	0	0	0	0	0	0	0	0	0	0	0	0	0	0	Y	N	N	N	N	N	N	N	N	N	N	N	N	N	N	N	N	N	1.5930	1.3880	0.0456	7.1206	8.4051	0.1835	0.0138	0.0105	0.0640	0.3905	0.5470	0.0002	0.6290	0.8305	0.0001	0.0043	0.0066	0.0003	0.2451	0.3941	0.0037	0.0883	0.0988	0.0005	0.3133	0.6239	0.0040	0.0001	0.0057	-0.0300	-0.0206	5.2904	0.3867	13.0441	2.3109	0.0830	0.0830	0.0000	0.0827	0.0827	0.0000	0.0003	0.0003	0.0000	0.0361	0.0359	0.0002	0.0039	0.0039	0.0000	0.0321	0.0319	0.0002	0.2126	0.1517	0.0608	0.1314	0.0995	0.0319	0.0811	0.0522	0.0290	0.1471	0.0910	0.0561	0.0446	0.0398	0.0047	0.1026	0.0512	0.0514
0	26	0.1013	3	2	0	1	0	0	0	0	0	0	0	0	0	0	0	0	0	0	0	Y	N	N	N	N	N	N	N	N	N	N	N	N	N	N	N	N	N	17.6994	27.6476	0.6650	4.6428	5.3859	0.0000	28.8243	145.2609	0.9373	0.4146	0.5314	0.0193	0.1974	0.2550	0.0000	0.5216	0.6683	0.0286	0.0234	0.0192	0.0290	0.0425	0.0473	0.0014	0.0181	0.0046	0.0306	0.0107	1.1350	-0.0608	-0.0003	5.2904	4.2500	13.0441	3.1084	0.1732	0.1714	0.0018	0.0272	0.0272	0.0000	0.1460	0.1442	0.0018	0.0070	0.0033	0.0037	0.0028	0.0028	0.0000	0.0043	0.0005	0.0037	0.4179	0.3225	0.0954	0.1380	0.1068	0.0312	0.2800	0.2157	0.0642	0.3006	0.1716	0.1290	0.0656	0.0587	0.0069	0.2350	0.1129	0.1222
0	27	0.0819	2	2	0	1	0	0	0	0	0	0	0	0	0	0	0	0	0	0	0	Y	N	N	N	N	N	N	N	N	N	N	N	N	N	N	N	N	N	6.6914	6.2261	3.6711	6.0042	5.6774	33.1938	5.4997	7.3890	3.5414	0.8091	1.1951	0.0803	2.3243	2.3370	0.1398	0.1258	0.1715	0.0800	0.1209	0.1920	0.0219	0.3871	0.4116	0.0042	0.0229	0.0232	0.0226	0.0356	0.0817	-0.0571	-0.0178	5.2904	1.7810	13.0441	4.3857	0.1745	0.1685	0.0060	0.1558	0.1557	0.0001	0.0187	0.0127	0.0059	0.0355	0.0328	0.0027	0.0306	0.0306	0.0000	0.0049	0.0022	0.0027	0.2156	0.1410	0.0747	0.0670	0.0666	0.0004	0.1486	0.0743	0.0743	0.2935	0.1709	0.1226	0.0790	0.0743	0.0048	0.2145	0.0967	0.1178
0	31	0.1624	9	2	0	1	0	0	0	0	0	0	0	1	1	0	0	0	0	0	0	Y	N	N	N	N	N	N	N	N	N	N	N	N	N	N	N	N	N	0.0000	0.0000	0.0000	0.0000	0.0000	0.0000	0.0000	0.0000	0.0000	0.0000	0.0000	0.0000	0.0000	0.0000	0.0000	0.0000	0.0000	0.0000	0.0000	0.0000	0.0000	0.0000	0.0000	0.0000	0.0000	0.0000	0.0000		0.0000	0.0000	-0.0000	5.2904	0.0008	13.0441	0.9932	0.0000	0.0000	0.0000	0.0000	0.0000	0.0000	0.0000	0.0000	0.0000	0.0000	0.0000	0.0000	0.0000	0.0000	0.0000	0.0000	0.0000	0.0000	0.0001	0.0000	0.0000	0.0000	0.0000	0.0000	0.0000	0.0000	0.0000	0.0264	0.0132	0.0131	0.0029	0.0027	0.0002	0.0235	0.0105	0.0130
0	38	0.3129	9	2	0	1	0	0	0	0	0	0	0	1	1	0	0	0	0	0	0	Y	N	N	N	N	N	N	N	N	N	N	N	N	N	N	N	N	N	0.0000	0.0000	0.0000	0.0000	0.0000	0.0000	0.0000	0.0000	0.0000	0.0000	0.0000	0.0000	0.0000	0.0000	0.0000	0.0000	0.0000	0.0000	0.0151	0.0287	0.0000	0.0903	0.0953	0.0000	0.0000	0.0000	0.0000		0.0001	0.0000	-0.0005	5.2904	0.0030	13.0441	2.0047	0.0000	0.0000	0.0000	0.0000	0.0000	0.0000	0.0000	0.0000	0.0000	0.0008	0.0008	0.0000	0.0008	0.0008	0.0000	0.0000	0.0000	0.0000	0.0068	0.0052	0.0016	0.0043	0.0034	0.0009	0.0025	0.0018	0.0007	0.0518	0.0272	0.0246	0.0086	0.0082	0.0004	0.0432	0.0190	0.0241
0	39	0.2981	8	2	0	1	0	1	0	0	0	1	1	1	1	0	0	0	0	0	0	Y	N	N	N	N	N	N	N	N	N	N	N	N	N	N	N	N	N	0.6034	0.3977	2.5995	0.7506	0.4627	254.6484	0.0285	0.0394	0.1161	0.0065	0.0044	0.0273	0.0128	0.0084	0.0726	0.0002	0.0000	0.0013	0.0108	0.0110	0.0105	0.0171	0.0183	0.0003	0.0061	0.0003	0.0115	0.6510	0.4488	0.0001	-0.0007	5.2904	2.0135	13.0441	0.9920	0.0024	0.0014	0.0009	0.0024	0.0014	0.0009	0.0000	0.0000	0.0000	0.0025	0.0017	0.0008	0.0017	0.0017	0.0000	0.0008	0.0000	0.0008	0.3653	0.3307	0.0345	0.1836	0.1710	0.0126	0.1817	0.1597	0.0219	0.2334	0.1587	0.0746	0.1009	0.0944	0.0065	0.1325	0.0643	0.0682
0	43	0.1336	10	2	0	1	0	0	0	0	0	0	0	1	1	0	0	0	0	0	0	Y	N	N	N	N	N	N	N	N	N	N	N	N	N	N	N	N	N	0.0000	0.0000	0.0000	0.0000	0.0000	0.0000	0.0000	0.0000	0.0000	0.0000	0.0000	0.0000	0.0000	0.0000	0.0000	0.0000	0.0000	0.0000	0.0205	0.0413	0.0000	0.0113	0.0121	0.0000	0.0213	0.0468	0.0000		0.0000	0.0000	-0.0032	5.2904	3.9996	13.0441	6.0133	0.0000	0.0000	0.0000	0.0000	0.0000	0.0000	0.0000	0.0000	0.0000	0.0055	0.0055	0.0000	0.0003	0.0003	0.0000	0.0052	0.0052	0.0000	0.1866	0.1539	0.0327	0.0092	0.0086	0.0006	0.1773	0.1453	0.0321	0.2677	0.1327	0.1350	0.0222	0.0207	0.0015	0.2455	0.1119	0.1336
0	44	0.1336	9	2	0	1	0	0	0	0	0	1	1	1	1	0	0	0	0	0	0	Y	N	N	N	N	N	N	N	N	N	N	N	N	N	N	N	N	N	0.0000	0.0000	0.0000	0.0000	0.0000	0.0000	0.0000	0.0000	0.0000	0.0000	0.0000	0.0000	0.0000	0.0000	0.0000	0.0000	0.0000	0.0000	5.6184	8.4285	0.0001	9.0750	9.4207	0.0026	4.1298	7.6645	0.0000		0.0000	0.0000	-0.0062	5.2904	0.0009	13.0441	0.0333	0.0000	0.0000	0.0000	0.0000	0.0000	0.0000	0.0000	0.0000	0.0000	0.0108	0.0108	0.0000	0.0052	0.0052	0.0000	0.0055	0.0055	0.0000	0.0001	0.0001	0.0000	0.0000	0.0000	0.0000	0.0001	0.0000	0.0000	0.0019	0.0013	0.0006	0.0006	0.0006	0.0000	0.0013	0.0007	0.0006
0	50	0.1624	9	2	0	1	1	0	0	0	1	0	0	1	1	0	0	0	0	0	0	Y	N	N	N	N	N	N	N	N	N	N	N	N	N	N	N	N	N	0.0000	0.0000	0.0000	0.0000	0.0000	0.0000	0.0000	0.0000	0.0000	0.0000	0.0000	0.0000	0.0000	0.0000	0.0000	0.0000	0.0000	0.0000	0.0000	0.0000	0.0000	0.0000	0.0000	0.0000	0.0000	0.0000	0.0000		0.0000	0.0000	-0.0000	5.2904	0.9995	13.0441	1.0067	0.0000	0.0000	0.0000	0.0000	0.0000	0.0000	0.0000	0.0000	0.0000	0.0000	0.0000	0.0000	0.0000	0.0000	0.0000	0.0000	0.0000	0.0000	0.0488	0.0407	0.0081	0.0068	0.0064	0.0004	0.0420	0.0343	0.0077	0.0519	0.0257	0.0262	0.0052	0.0049	0.0003	0.0467	0.0208	0.0259
0	51	0.1249	8	2	0	1	0	0	0	0	0	1	1	1	1	0	0	0	0	0	0	Y	N	N	N	N	N	N	N	N	N	N	N	N	N	N	N	N	N	77.2729	46.5878	0.0000	24.6893	24.9651	0.0000	761207.2565	427595.8578	0.0000	2.4598	2.9810	0.0000	10.2823	11.0236	0.0000	2.0966	2.5564	0.0000	0.0318	0.0640	0.0000	0.4165	0.4416	0.0000	0.0000	0.0000	0.0000	0.0000	0.0000	-0.4437	-0.0064	5.2904	11.0065	13.0441	2.0630	1.2275	1.2275	0.0000	0.2276	0.2276	0.0000	0.9999	0.9999	0.0000	0.0111	0.0111	0.0000	0.0111	0.0111	0.0000	0.0000	0.0000	0.0000	0.4990	0.4118	0.0873	0.0221	0.0206	0.0015	0.4769	0.3911	0.0858	0.3487	0.1734	0.1752	0.0266	0.0251	0.0015	0.3220	0.1483	0.1737
0	57	0.1249	8	2	0	1	0	0	0	0	0	0	0	0	0	0	0	0	0	0	0	Y	N	N	N	N	N	N	N	N	N	N	N	N	N	N	N	N	N	0.0000	0.0000	288.0409	0.1814	0.1648	596.0387	0.0000	0.0000	0.0000	0.0005	0.0005	0.0003	0.0095	0.0091	0.0159	0.0000	0.0000	0.0000	11.3874	22.4627	0.0000	0.0522	0.0550	0.0000	12.5122	27.0279	0.0000	0.1138	0.0000	-0.0000	-0.5658	5.2904	0.9943	13.0441	1.9980	0.0000	0.0000	0.0000	0.0000	0.0000	0.0000	0.0000	0.0000	0.0000	0.9807	0.9807	0.0000	0.0004	0.0004	0.0000	0.9803	0.9803	0.0000	0.0478	0.0392	0.0085	0.0024	0.0022	0.0001	0.0454	0.0370	0.0084	0.0861	0.0437	0.0425	0.0078	0.0074	0.0004	0.0783	0.0363	0.0421
0	58	0.1195	7	2	0	1	0	0	0	0	0	0	0	0	0	0	0	0	0	0	0	Y	N	N	N	N	N	N	N	N	N	N	N	N	N	N	N	N	N	0.3308	0.1983	0.0000	154.6572	159.2035	0.0000	0.2911	0.1642	0.0000	0.0661	0.0805	0.0000	0.1527	0.1637	0.0000	0.0621	0.0761	0.0000	0.1999	0.4058	0.0000	0.0010	0.0010	0.0000	0.2134	0.4632	0.0000	0.0000	0.0000	-0.0000	-0.0064	5.2904	0.0070	13.0441	1.9921	0.0000	0.0000	0.0000	0.0000	0.0000	0.0000	0.0000	0.0000	0.0000	0.0111	0.0111	0.0000	0.0000	0.0000	0.0000	0.0111	0.0111	0.0000	0.0003	0.0003	0.0001	0.0000	0.0000	0.0000	0.0003	0.0003	0.0001	0.0553	0.0273	0.0281	0.0035	0.0034	0.0001	0.0518	0.0239	0.0279
0	59	0.1195	6	2	0	1	0	1	0	0	0	0	0	0	0	0	0	0	0	0	0	Y	N	N	N	N	N	N	N	N	N	N	N	N	N	N	N	N	N	0.0000	0.0000	0.0000	0.0000	0.0000	0.0000	0.0000	0.0000	0.0000	0.0000	0.0000	0.0000	0.0000	0.0000	0.0000	0.0000	0.0000	0.0000	0.0000	0.0000	0.0000	0.0000	0.0000	0.0000	0.0000	0.0000	0.0000			0.0000	0.0000	5.2904	0.0000	13.0441	0.0000	0.0000	0.0000	0.0000	0.0000	0.0000	0.0000	0.0000	0.0000	0.0000	0.0000	0.0000	0.0000	0.0000	0.0000	0.0000	0.0000	0.0000	0.0000	0.0000	0.0000	0.0000	0.0000	0.0000	0.0000	0.0000	0.0000	0.0000	0.0000	0.0000	0.0000	0.0000	0.0000	0.0000	0.0000	0.0000	0.0000
1	2	0.3233	10	1	0	0	0	0	0	0	0	0	1	1	2	0	0	0	0	0	0	N	N	N	N	N	Y	N	N	N	N	N	N	N	N	N	N	N	N	0.0000	0.0000	0.0000	0.0000	0.0000	0.0000	0.0000	0.0000	0.0000	0.0000	0.0000	0.0000	0.0000	0.0000	0.0000	0.0000	0.0000	0.0000	0.0031	0.0058	0.0000	0.0186	0.0207	0.0000	0.0000	0.0000	0.0000		0.0000	0.0000	-0.0000	0.0008	2.0002	0.9881	0.0111	0.0000	0.0000	0.0000	0.0000	0.0000	0.0000	0.0000	0.0000	0.0000	0.0000	0.0000	0.0000	0.0000	0.0000	0.0000	0.0000	0.0000	0.0000	0.0000	0.0000	0.0000	0.0000	0.0000	0.0000	0.0000	0.0000	0.0000	0.0032	0.0017	0.0014	0.0005	0.0005	0.0001	0.0026	0.0012	0.0014
1	3	0.3233	10	1	1	0	0	0	1	0	0	0	1	1	2	0	0	0	0	0	0	N	N	N	N	N	Y	N	N	N	N	N	N	N	N	N	N	N	N	0.0000	0.0000	0.0000	0.0000	0.0000	0.0000	0.0000	0.0000	0.0000	0.0000	0.0000	0.0000	0.0000	0.0000	0.0000	0.0000	0.0000	0.0000	0.0000	0.0000	0.0000	0.0000	0.0000	0.0000	0.0000	0.0000	0.0000			0.0000	0.0000	0.0008	2.9998	0.9881	0.0063	0.0000	0.0000	0.0000	0.0000	0.0000	0.0000	0.0000	0.0000	0.0000	0.0000	0.0000	0.0000	0.0000	0.0000	0.0000	0.0000	0.0000	0.0000	0.0001	0.0001	0.0000	0.0000	0.0000	0.0000	0.0000	0.0000	0.0000	0.0047	0.0025	0.0021	0.0008	0.0007	0.0001	0.0039	0.0018	0.0021
1	4	0.3177	9	1	0	0	0	0	0	0	0	0	1	1	2	0	0	0	0	0	0	N	N	N	N	N	Y	N	N	N	N	N	N	N	N	N	N	N	N	25.4442	0.0000	inf	0.0000	0.0000	0.0000	35.3398	0.0000	inf	0.0772	0.0000	0.3811	0.0000	0.0000	0.0000	0.1300	0.0000	0.3831	0.0030	0.0055	0.0000	0.0000	0.0000	0.0000	0.0037	0.0077	0.0000	inf	0.0000	0.0000	-0.0000	0.0008	0.0017	0.9881	2.0142	0.0000	0.0000	0.0000	0.0000	0.0000	0.0000	0.0000	0.0000	0.0000	0.0000	0.0000	0.0000	0.0000	0.0000	0.0000	0.0000	0.0000	0.0000	0.0000	0.0000	0.0000	0.0000	0.0000	0.0000	0.0000	0.0000	0.0000	0.0033	0.0018	0.0015	0.0006	0.0005	0.0001	0.0027	0.0013	0.0014
1	5	0.3651	10	0	0	0	0	0	0	0	0	0	2	0	2	0	0	0	0	0	0	N	N	N	N	N	Y	N	N	N	N	N	N	N	N	N	N	N	N	0.0155	0.0065	9.4320	0.0104	0.0067	383.2881	0.0000	0.0000	0.0000	0.0001	0.0001	0.0007	0.0004	0.0003	0.0225	0.0000	0.0000	0.0000	0.0096	0.0163	0.0001	0.0382	0.0400	0.0001	0.0000	0.0000	0.0001	0.5037	0.0032	-0.0000	-0.0001	0.0008	5.1554	0.9881	4.7254	0.0000	0.0000	0.0000	0.0000	0.0000	0.0000	0.0000	0.0000	0.0000	0.0002	0.0002	0.0000	0.0002	0.0002	0.0000	0.0000	0.0000	0.0000	0.0001	0.0001	0.0000	0.0001	0.0001	0.0000	0.0001	0.0001	0.0000	0.0228	0.0134	0.0095	0.0057	0.0054	0.0003	0.0171	0.0079	0.0092
1	9	0.3493	9	1	0	0	1	0	0	0	1	0	1	1	2	0	0	0	0	0	0	N	N	N	N	N	Y	N	N	N	N	N	N	N	N	N	N	N	N	inf	0.0000	inf	0.0000	0.0000	0.0000	inf	0.0000	inf	1.5791	0.0000	22.5697	0.0000	0.0000	0.0000	2.5723	0.0000	23.5513	0.0000	0.0000	0.0000	0.0000	0.0000	0.0000	0.0000	0.0000	0.0000	inf		0.0001	0.0000	0.0008	2.0000	0.9881	0.0000	0.0001	0.0000	0.0001	0.0000	0.0000	0.0000	0.0001	0.0000	0.0001	0.0000	0.0000	0.0000	0.0000	0.0000	0.0000	0.0000	0.0000	0.0000	0.0001	0.0000	0.0000	0.0000	0.0000	0.0000	0.0000	0.0000	0.0000	0.0028	0.0015	0.0013	0.0004	0.0004	0.0000	0.0023	0.0011	0.0012
1	19	0.3880	11	1	0	0	0	0	0	0	0	0	2	0	2	0	0	0	0	0	0	N	N	N	N	N	Y	N	N	N	N	N	N	N	N	N	N	N	N	0.0000	0.0000	0.0000	0.0000	0.0000	0.0000	0.0000	0.0000	0.0000	0.0000	0.0000	0.0000	0.0000	0.0000	0.0000	0.0000	0.0000	0.0000	0.0000	0.0000	0.0000	0.0000	0.0000	0.0000	0.0000	0.0000	0.0000			0.0000	0.0000	0.0008	1.0008	0.9881	0.0438	0.0000	0.0000	0.0000	0.0000	0.0000	0.0000	0.0000	0.0000	0.0000	0.0000	0.0000	0.0000	0.0000	0.0000	0.0000	0.0000	0.0000	0.0000	0.0000	0.0000	0.0000	0.0000	0.0000	0.0000	0.0000	0.0000	0.0000	0.0017	0.0009	0.0008	0.0003	0.0002	0.0000	0.0014	0.0007	0.0007
1	22	0.1400	4	1	0	0	0	0	0	0	0	0	1	1	2	0	0	0	0	0	0	N	N	N	N	N	Y	N	N	N	N	N	N	N	N	N	N	N	N	0.0000	0.0000	0.0000	0.0000	0.0000	0.0000	0.0000	0.0000	0.0000	0.0000	0.0000	0.0000	0.0000	0.0000	0.0000	0.0000	0.0000	0.0000	0.0000	0.0000	0.0000	0.0001	0.0001	0.0000	0.0000	0.0000	0.0000		0.0073	-0.0000	-0.0000	0.0008	2.0311	0.9881	5.0434	0.0000	0.0000	0.0000	0.0000	0.0000	0.0000	0.0000	0.0000	0.0000	0.0000	0.0000	0.0000	0.0000	0.0000	0.0000	0.0000	0.0000	0.0000	0.0001	0.0001	0.0000	0.0000	0.0000	0.0000	0.0000	0.0000	0.0000	0.0134	0.0073	0.0061	0.0020	0.0018	0.0002	0.0114	0.0055	0.0059
1	23	0.3688	11	1	0	0	0	0	0	0	0	0	2	0	2	0	0	0	0	0	0	N	N	N	N	N	Y	N	N	N	N	N	N	N	N	N	N	N	N	0.0000	0.0000	0.0000	0.0000	0.0000	0.0000	0.0000	0.0000	0.0000	0.0000	0.0000	0.0000	0.0000	0.0000	0.0000	0.0000	0.0000	0.0000	0.0001	0.0000	0.0003	0.0001	0.0000	0.0012	0.0001	0.0000	0.0003		inf	-0.0000	0.0000	0.0008	2.9896	0.9881	2.0229	0.0000	0.0000	0.0000	0.0000	0.0000	0.0000	0.0000	0.0000	0.0000	0.0000	0.0000	0.0000	0.0000	0.0000	0.0000	0.0000	0.0000	0.0000	0.0000	0.0000	0.0000	0.0000	0.0000	0.0000	0.0000	0.0000	0.0000	0.0073	0.0036	0.0037	0.0004	0.0004	0.0000	0.0069	0.0032	0.0036
1	28	0.3493	10	1	0	1	1	0	0	0	1	0	1	1	2	0	0	0	0	0	0	N	N	N	N	N	Y	N	N	N	N	N	N	N	N	N	N	N	N	0.0000	0.0000	0.0000	0.0000	0.0000	0.0000	0.0000	0.0000	0.0000	0.0000	0.0000	0.0000	0.0000	0.0000	0.0000	0.0000	0.0000	0.0000	0.0000	0.0000	0.0000	0.0000	0.0000	0.0000	0.0000	0.0000	0.0000			0.0000	0.0000	0.0008	0.0000	0.9881	0.0000	0.0000	0.0000	0.0000	0.0000	0.0000	0.0000	0.0000	0.0000	0.0000	0.0000	0.0000	0.0000	0.0000	0.0000	0.0000	0.0000	0.0000	0.0000	0.0000	0.0000	0.0000	0.0000	0.0000	0.0000	0.0000	0.0000	0.0000	0.0000	0.0000	0.0000	0.0000	0.0000	0.0000	0.0000	0.0000	0.0000
1	29	0.3493	10	1	0	1	0	0	0	0	0	0	1	1	2	0	0	0	0	0	0	N	N	N	N	N	Y	N	N	N	N	N	N	N	N	N	N	N	N	0.0000	0.0000	0.0000	0.0000	0.0000	0.0000	0.0000	0.0000	0.0000	0.0000	0.0000	0.0000	0.0000	0.0000	0.0000	0.0000	0.0000	0.0000	0.0000	0.0000	0.0000	0.0000	0.0000	0.0000	0.0000	0.0000	0.0000			0.0000	0.0000	0.0008	0.0000	0.9881	1.0000	0.0000	0.0000	0.0000	0.0000	0.0000	0.0000	0.0000	0.0000	0.0000	0.0000	0.0000	0.0000	0.0000	0.0000	0.0000	0.0000	0.0000	0.0000	0.0000	0.0000	0.0000	0.0000	0.0000	0.0000	0.0000	0.0000	0.0000	0.0014	0.0007	0.0006	0.0002	0.0002	0.0000	0.0012	0.0005	0.0006
1	30	0.3493	9	1	0	1	0	0	0	1	0	0	1	1	2	0	0	0	0	0	0	N	N	N	N	N	Y	N	N	N	N	N	N	N	N	N	N	N	N	0.0000	0.0000	0.0000	0.0000	0.0000	0.0000	0.0000	0.0000	0.0000	0.0000	0.0000	0.0000	0.0000	0.0000	0.0000	0.0000	0.0000	0.0000	0.0000	0.0000	0.0000	0.0000	0.0000	0.0000	0.0000	0.0000	0.0000			0.0000	0.0000	0.0008	0.0000	0.9881	0.0010	0.0000	0.0000	0.0000	0.0000	0.0000	0.0000	0.0000	0.0000	0.0000	0.0000	0.0000	0.0000	0.0000	0.0000	0.0000	0.0000	0.0000	0.0000	0.0000	0.0000	0.0000	0.0000	0.0000	0.0000	0.0000	0.0000	0.0000	0.0000	0.0000	0.0000	0.0000	0.0000	0.0000	0.0000	0.0000	0.0000
1	31	0.3466	8	1	0	0	0	0	0	0	0	0	1	1	2	0	0	0	0	0	0	N	N	N	N	N	Y	N	N	N	N	N	N	N	N	N	N	N	N	0.0000	0.0000	0.0000	0.0000	0.0000	0.0000	0.0000	0.0000	0.0000	0.0000	0.0000	0.0000	0.0000	0.0000	0.0000	0.0000	0.0000	0.0000	0.0001	0.0002	0.0000	0.0006	0.0007	0.0000	0.0000	0.0000	0.0000		0.0000	-0.0000	-0.0000	0.0008	0.0008	0.9881	0.9932	0.0000	0.0000	0.0000	0.0000	0.0000	0.0000	0.0000	0.0000	0.0000	0.0000	0.0000	0.0000	0.0000	0.0000	0.0000	0.0000	0.0000	0.0000	0.0000	0.0000	0.0000	0.0000	0.0000	0.0000	0.0000	0.0000	0.0000	0.0014	0.0008	0.0007	0.0003	0.0002	0.0000	0.0012	0.0006	0.0006
1	35	0.3123	6	1	0	1	0	0	0	0	0	0	2	0	2	0	0	0	0	0	0	N	N	N	N	N	Y	N	N	N	N	N	N	N	N	N	N	N	N	0.0000	0.0000	0.0000	0.0000	0.0000	0.0000	0.0000	0.0000	0.0000	0.0000	0.0000	0.0000	0.0000	0.0000	0.0000	0.0000	0.0000	0.0000	0.0031	0.0000	0.0067	0.0001	0.0000	0.0022	0.0040	0.0000	0.0068		2445.6364	-0.0000	0.0000	0.0008	4.0048	0.9881	3.3550	0.0000	0.0000	0.0000	0.0000	0.0000	0.0000	0.0000	0.0000	0.0000	0.0000	0.0000	0.0000	0.0000	0.0000	0.0000	0.0000	0.0000	0.0000	0.0000	0.0000	0.0000	0.0000	0.0000	0.0000	0.0000	0.0000	0.0000	0.0130	0.0070	0.0060	0.0030	0.0028	0.0002	0.0100	0.0041	0.0058
1	38	0.1400	4	1	0	0	0	0	0	0	0	0	1	1	2	0	0	0	0	0	0	N	N	N	N	N	Y	N	N	N	N	N	N	N	N	N	N	N	N	0.0000	0.0000	0.0000	0.0000	0.0000	0.0000	0.0000	0.0000	0.0000	0.0000	0.0000	0.0000	0.0000	0.0000	0.0000	0.0000	0.0000	0.0000	0.0000	0.0000	0.0000	0.0000	0.0000	0.0000	0.0000	0.0000	0.0000		0.0286	-0.0000	-0.0000	0.0008	0.0030	0.9881	2.0047	0.0000	0.0000	0.0000	0.0000	0.0000	0.0000	0.0000	0.0000	0.0000	0.0000	0.0000	0.0000	0.0000	0.0000	0.0000	0.0000	0.0000	0.0000	0.0000	0.0000	0.0000	0.0000	0.0000	0.0000	0.0000	0.0000	0.0000	0.0041	0.0023	0.0018	0.0007	0.0006	0.0001	0.0034	0.0016	0.0018
1	39	0.1252	3	1	0	0	0	1	0	0	0	1	2	1	2	0	0	0	0	0	0	N	N	N	N	N	Y	N	N	N	N	N	N	N	N	N	N	N	N	0.2721	0.1671	0.0000	0.1148	0.1097	0.0000	23.4004	73.7470	0.0000	0.0012	0.0013	0.0000	0.0022	0.0022	0.0000	0.0006	0.0007	0.0000	0.0044	0.0078	0.0000	0.0188	0.0198	0.0000	0.0000	0.0000	0.0000	0.0000	0.0040	-0.0000	-0.0000	0.0008	2.0135	0.9881	0.9920	0.0000	0.0000	0.0000	0.0000	0.0000	0.0000	0.0000	0.0000	0.0000	0.0000	0.0000	0.0000	0.0000	0.0000	0.0000	0.0000	0.0000	0.0000	0.0001	0.0001	0.0000	0.0000	0.0000	0.0000	0.0000	0.0000	0.0000	0.0071	0.0040	0.0031	0.0017	0.0016	0.0001	0.0055	0.0024	0.0030
1	43	0.3177	9	1	0	0	0	0	0	0	0	0	1	1	2	0	0	0	0	0	0	N	N	N	N	N	Y	N	N	N	N	N	N	N	N	N	N	N	N	0.0122	0.0000	0.0835	0.0000	0.0000	0.0000	0.0160	0.0000	0.0824	0.0000	0.0000	0.0007	0.0000	0.0000	0.0000	0.0001	0.0000	0.0007	0.0040	0.0000	0.0087	0.0000	0.0000	0.0000	0.0048	0.0000	0.0090	inf	inf	0.0000	0.0000	0.0008	3.9996	0.9881	6.0133	0.0000	0.0000	0.0000	0.0000	0.0000	0.0000	0.0000	0.0000	0.0000	0.0001	0.0000	0.0001	0.0000	0.0000	0.0000	0.0001	0.0000	0.0001	0.0001	0.0001	0.0000	0.0000	0.0000	0.0000	0.0001	0.0001	0.0000	0.0151	0.0081	0.0069	0.0024	0.0022	0.0003	0.0126	0.0059	0.0067
1	44	0.3177	8	1	0	0	0	0	0	0	0	1	2	1	2	0	0	0	0	0	0	N	N	N	N	N	Y	N	N	N	N	N	N	N	N	N	N	N	N	inf	inf	inf	inf	inf	0.0000	inf	0.0000	inf	0.2261	0.1539	0.4258	0.2649	0.2654	0.0000	0.1971	0.0000	0.4272	0.0000	0.0000	0.0000	0.0000	0.0000	0.0000	0.0000	0.0000	0.0000	1.0000		0.0000	0.0000	0.0008	0.0009	0.9881	0.0333	0.0000	0.0000	0.0000	0.0000	0.0000	0.0000	0.0000	0.0000	0.0000	0.0000	0.0000	0.0000	0.0000	0.0000	0.0000	0.0000	0.0000	0.0000	0.0000	0.0000	0.0000	0.0000	0.0000	0.0000	0.0000	0.0000	0.0000	0.0002	0.0002	0.0000	0.0001	0.0001	0.0000	0.0001	0.0001	0.0000
1	50	0.3466	8	1	0	0	1	0	0	0	1	0	1	1	2	0	0	0	0	0	0	N	N	N	N	N	Y	N	N	N	N	N	N	N	N	N	N	N	N	0.0000	0.0000	0.0000	0.0000	0.0000	0.0000	0.0000	0.0000	0.0000	0.0000	0.0000	0.0000	0.0000	0.0000	0.0000	0.0000	0.0000	0.0000	0.0140	0.0260	0.0000	0.0000	0.0000	0.0000	0.0169	0.0362	0.0000		0.0000	-0.0000	-0.0000	0.0008	0.9995	0.9881	1.0067	0.0000	0.0000	0.0000	0.0000	0.0000	0.0000	0.0000	0.0000	0.0000	0.0000	0.0000	0.0000	0.0000	0.0000	0.0000	0.0000	0.0000	0.0000	0.0000	0.0000	0.0000	0.0000	0.0000	0.0000	0.0000	0.0000	0.0000	0.0028	0.0015	0.0013	0.0005	0.0004	0.0000	0.0024	0.0011	0.0013
1	51	0.3091	7	1	0	0	0	0	0	0	0	1	2	1	2	0	0	0	0	0	0	N	N	N	N	N	Y	N	N	N	N	N	N	N	N	N	N	N	N	5003.6451	2915.0872	0.0000	inf	inf	0.0000	6446.2576	3505.0258	0.0000	0.0393	0.0425	0.0000	0.0053	0.0054	0.0000	0.0589	0.0665	0.0000	0.0000	0.0000	0.0000	0.0000	0.0000	0.0000	0.0000	0.0000	0.0000	0.0000	0.0000	-0.0000	-0.0000	0.0008	11.0065	0.9881	2.0630	0.0000	0.0000	0.0000	0.0000	0.0000	0.0000	0.0000	0.0000	0.0000	0.0000	0.0000	0.0000	0.0000	0.0000	0.0000	0.0000	0.0000	0.0000	0.0003	0.0002	0.0000	0.0001	0.0001	0.0000	0.0002	0.0002	0.0000	0.0192	0.0104	0.0088	0.0027	0.0024	0.0003	0.0165	0.0079	0.0086
1	65	0.3923	11	0	0	0	0	0	0	0	0	0	2	0	2	0	0	0	0	0	0	N	N	N	N	N	Y	N	N	N	N	N	N	N	N	N	N	N	N	0.0000	0.0000	0.0000	0.0000	0.0000	0.0000	0.0000	0.0000	0.0000	0.0000	0.0000	0.0000	0.0000	0.0000	0.0000	0.0000	0.0000	0.0000	0.0062	0.0112	0.0000	0.0329	0.0375	0.0000	0.0001	0.0001	0.0000		0.0013	0.0000	-0.0000	0.0008	0.0006	0.9881	2.0029	0.0000	0.0000	0.0000	0.0000	0.0000	0.0000	0.0000	0.0000	0.0000	0.0000	0.0000	0.0000	0.0000	0.0000	0.0000	0.0000	0.0000	0.0000	0.0000	0.0000	0.0000	0.0000	0.0000	0.0000	0.0000	0.0000	0.0000	0.0032	0.0018	0.0015	0.0006	0.0005	0.0001	0.0026	0.0012	0.0014
1	66	0.3923	12	0	0	0	0	0	0	0	0	0	2	0	2	0	0	0	0	0	0	N	N	N	N	N	Y	N	N	N	N	N	N	N	N	N	N	N	N	0.0000	0.0000	0.0000	0.0000	0.0000	0.0000	0.0000	0.0000	0.0000	0.0000	0.0000	0.0000	0.0000	0.0000	0.0000	0.0000	0.0000	0.0000	0.0034	0.0023	0.0046	0.0060	0.0071	0.0000	0.0028	0.0000	0.0049		1.9906	0.0000	0.0000	0.0008	5.0001	0.9881	8.0020	0.0000	0.0000	0.0000	0.0000	0.0000	0.0000	0.0000	0.0000	0.0000	0.0001	0.0000	0.0000	0.0000	0.0000	0.0000	0.0000	0.0000	0.0000	0.0000	0.0000	0.0000	0.0000	0.0000	0.0000	0.0000	0.0000	0.0000	0.0174	0.0088	0.0086	0.0033	0.0028	0.0005	0.0141	0.0060	0.0081
2	5	0.0867	11	1	0	0	0	0	0	0	0	0	1	1	2	0	0	0	0	0	0	N	N	N	N	N	Y	N	N	N	N	N	N	N	N	N	N	N	N	663.6059	455.3410	0.0000	20.9095	21.0633	0.0000	19474.6095	231167.1689	0.0000	0.0201	0.0239	0.0000	0.0029	0.0030	0.0000	0.0218	0.0263	0.0000	0.0000	0.0001	0.0000	0.0001	0.0001	0.0000	0.0000	0.0000	0.0000	0.0000	0.0395	-0.0008	-0.0000	2.0002	5.1554	0.0111	4.7254	0.0023	0.0023	0.0000	0.0000	0.0000	0.0000	0.0023	0.0023	0.0000	0.0000	0.0000	0.0000	0.0000	0.0000	0.0000	0.0000	0.0000	0.0000	0.1156	0.0972	0.0184	0.0104	0.0101	0.0003	0.1052	0.0871	0.0181	0.0479	0.0266	0.0213	0.0102	0.0099	0.0004	0.0377	0.0167	0.0210
2	6	0.0280	9	2	0	1	0	0	0	0	0	1	0	2	1	0	0	0	0	0	0	Y	N	N	N	Y	N	N	N	N	N	N	N	N	N	N	N	N	N	0.0000	0.0000	0.0000	0.0000	0.0000	0.0000	0.0000	0.0000	0.0000	0.0000	0.0000	0.0000	0.0000	0.0000	0.0000	0.0000	0.0000	0.0000	0.0000	0.0000	0.0000	0.0000	0.0000	0.0000	0.0000	0.0000	0.0000			0.0000	0.0000	2.0002	5.0000	0.0111	3.0000	0.0000	0.0000	0.0000	0.0000	0.0000	0.0000	0.0000	0.0000	0.0000	0.0000	0.0000	0.0000	0.0000	0.0000	0.0000	0.0000	0.0000	0.0000	0.0845	0.0692	0.0153	0.0012	0.0011	0.0001	0.0834	0.0681	0.0153	0.0239	0.0110	0.0130	0.0006	0.0005	0.0001	0.0234	0.0105	0.0129
2	8	0.0394	9	2	0	1	0	0	0	0	0	0	0	1	1	0	0	0	0	0	0	Y	N	N	N	N	N	N	N	N	N	N	N	N	N	N	N	N	N	inf	inf	0.0000	inf	inf	0.0000	0.0000	0.0000	0.0000	0.0044	0.0054	0.0000	0.1251	0.1323	0.0000	0.0000	0.0000	0.0000	0.0000	0.0000	0.0000	0.0000	0.0000	0.0000	0.0000	0.0000	0.0000	0.0000		-0.0001	0.0000	2.0002	2.0057	0.0111	2.9927	0.0002	0.0002	0.0000	0.0002	0.0002	0.0000	0.0000	0.0000	0.0000	0.0000	0.0000	0.0000	0.0000	0.0000	0.0000	0.0000	0.0000	0.0000	0.0383	0.0314	0.0068	0.0014	0.0013	0.0001	0.0369	0.0301	0.0068	0.0228	0.0121	0.0107	0.0036	0.0035	0.0001	0.0192	0.0086	0.0106
2	9	0.0601	6	2	0	0	1	0	0	0	1	0	0	2	2	0	0	0	0	0	0	Y	N	N	N	Y	Y	N	N	N	N	N	N	N	N	N	N	N	N	0.0000	0.0000	0.0000	0.0000	0.0000	0.0000	0.0000	0.0000	0.0000	0.0000	0.0000	0.0000	0.0000	0.0000	0.0000	0.0000	0.0000	0.0000	0.0000	0.0000	0.0000	0.0000	0.0000	0.0000	0.0000	0.0000	0.0000			0.0000	0.0000	2.0002	2.0000	0.0111	0.0000	0.0000	0.0000	0.0000	0.0000	0.0000	0.0000	0.0000	0.0000	0.0000	0.0000	0.0000	0.0000	0.0000	0.0000	0.0000	0.0000	0.0000	0.0000	0.0392	0.0326	0.0067	0.0022	0.0020	0.0001	0.0371	0.0306	0.0065	0.0063	0.0029	0.0034	0.0003	0.0003	0.0000	0.0061	0.0027	0.0034
2	10	0.0791	12	2	0	1	0	0	0	0	0	0	0	1	1	0	0	0	0	0	0	Y	N	N	N	N	N	N	N	N	N	N	N	N	N	N	N	N	N	0.0000	0.0000	0.0000	0.0000	0.0000	0.0000	0.0000	0.0000	0.0000	0.0000	0.0000	0.0000	0.0000	0.0000	0.0000	0.0000	0.0000	0.0000	0.0000	0.0000	0.0000	0.0000	0.0000	0.0003	0.0000	0.0000	0.0000		inf	0.0000	0.0000	2.0002	6.0507	0.0111	3.5023	0.0000	0.0000	0.0000	0.0000	0.0000	0.0000	0.0000	0.0000	0.0000	0.0000	0.0000	0.0000	0.0000	0.0000	0.0000	0.0000	0.0000	0.0000	0.1224	0.1017	0.0207	0.0056	0.0053	0.0003	0.1168	0.0965	0.0204	0.0399	0.0221	0.0178	0.0062	0.0060	0.0002	0.0337	0.0161	0.0176
2	11	0.0283	7	2	0	1	0	1	0	1	0	1	0	2	1	0	0	0	0	0	0	Y	N	N	N	Y	N	N	N	N	N	N	N	N	N	N	N	N	N	0.0000	0.0000	0.0000	0.0000	0.0000	0.0000	0.0000	0.0000	0.0000	0.0000	0.0000	0.0000	0.0000	0.0000	0.0000	0.0000	0.0000	0.0000	0.0000	0.0000	0.0000	0.0000	0.0000	0.0000	0.0000	0.0000	0.0000			0.0000	0.0000	2.0002	6.7409	0.0111	3.0067	0.0000	0.0000	0.0000	0.0000	0.0000	0.0000	0.0000	0.0000	0.0000	0.0000	0.0000	0.0000	0.0000	0.0000	0.0000	0.0000	0.0000	0.0000	0.1364	0.1130	0.0234	0.0039	0.0037	0.0002	0.1325	0.1093	0.0232	0.0329	0.0157	0.0172	0.0011	0.0010	0.0001	0.0318	0.0146	0.0171
2	12	0.0867	11	2	0	1	0	1	0	1	0	0	0	1	1	0	0	0	0	0	0	Y	N	N	N	N	N	N	N	N	N	N	N	N	N	N	N	N	N	inf	inf	0.0000	inf	inf	0.0000	inf	inf	0.0000	0.0435	0.0508	0.0000	0.0037	0.0037	0.0000	0.0507	0.0609	0.0000	0.0000	0.0000	0.0000	0.0000	0.0000	0.0000	0.0000	0.0000	0.0000	0.0000		-0.0008	0.0000	2.0002	1.9827	0.0111	3.4053	0.0023	0.0023	0.0000	0.0000	0.0000	0.0000	0.0023	0.0023	0.0000	0.0000	0.0000	0.0000	0.0000	0.0000	0.0000	0.0000	0.0000	0.0000	0.0533	0.0456	0.0077	0.0082	0.0080	0.0001	0.0451	0.0376	0.0075	0.0338	0.0195	0.0143	0.0093	0.0091	0.0002	0.0245	0.0104	0.0140
2	14	0.1002	13	2	0	1	0	0	0	0	0	1	0	2	1	0	0	0	0	0	0	Y	N	N	N	Y	N	N	N	N	N	N	N	N	N	N	N	N	N	inf	inf	0.0000	inf	inf	0.0000	0.0000	0.0000	0.0000	0.0006	0.0007	0.0000	0.0121	0.0125	0.0000	0.0000	0.0000	0.0000	0.0000	0.0000	0.0000	0.0000	0.0000	0.0000	0.0000	0.0000	0.0000	0.0000		-0.0000	0.0000	2.0002	7.0048	0.0111	7.0851	0.0001	0.0001	0.0000	0.0001	0.0001	0.0000	0.0000	0.0000	0.0000	0.0000	0.0000	0.0000	0.0000	0.0000	0.0000	0.0000	0.0000	0.0000	0.1359	0.1124	0.0235	0.0066	0.0064	0.0002	0.1293	0.1060	0.0233	0.0528	0.0290	0.0238	0.0081	0.0076	0.0006	0.0447	0.0215	0.0232
2	15	0.0253	5	2	0	1	0	0	0	1	0	0	0	1	1	0	0	0	0	0	0	Y	N	N	N	N	N	N	N	N	N	N	N	N	N	N	N	N	N	0.0059	inf	0.0000	inf	inf	0.0000	0.0000	0.0000	0.0000	0.0010	0.0012	0.0000	0.1731	0.1796	0.0000	0.0000	0.0000	0.0000	0.1704	0.0000	0.3242	0.0000	0.0000	0.0000	0.1762	0.0000	0.3263	0.0000	inf	-0.0000	0.0020	2.0002	4.0000	0.0111	4.0000	0.0001	0.0001	0.0000	0.0001	0.0001	0.0000	0.0000	0.0000	0.0000	0.0047	0.0000	0.0047	0.0000	0.0000	0.0000	0.0047	0.0000	0.0047	0.0793	0.0654	0.0139	0.0005	0.0004	0.0000	0.0788	0.0650	0.0139	0.0274	0.0130	0.0144	0.0009	0.0008	0.0001	0.0265	0.0122	0.0143
2	16	0.0280	9	2	1	1	0	0	1	0	0	0	0	1	1	0	0	0	0	0	0	Y	N	N	N	N	N	N	N	N	N	N	N	N	N	N	N	N	N	0.0000	0.0000	0.0000	0.0000	0.0000	0.0000	0.0000	0.0000	0.0000	0.0000	0.0000	0.0000	0.0000	0.0000	0.0000	0.0000	0.0000	0.0000	0.0000	0.0000	0.0000	0.0000	0.0000	0.0000	0.0000	0.0000	0.0000			0.0000	0.0000	2.0002	4.0000	0.0111	3.9999	0.0000	0.0000	0.0000	0.0000	0.0000	0.0000	0.0000	0.0000	0.0000	0.0000	0.0000	0.0000	0.0000	0.0000	0.0000	0.0000	0.0000	0.0000	0.0753	0.0617	0.0137	0.0010	0.0010	0.0001	0.0743	0.0607	0.0136	0.0265	0.0121	0.0144	0.0006	0.0005	0.0001	0.0259	0.0116	0.0143
2	17	0.0280	8	2	0	1	0	0	0	0	0	0	0	1	1	0	0	0	0	0	0	Y	N	N	N	N	N	N	N	N	N	N	N	N	N	N	N	N	N	0.0000	0.0000	0.0000	0.0000	0.0000	0.0000	0.0000	0.0000	0.0000	0.0000	0.0000	0.0000	0.0000	0.0000	0.0000	0.0000	0.0000	0.0000	0.0000	0.0000	0.0000	0.0000	0.0000	0.0000	0.0000	0.0000	0.0000			0.0000	0.0000	2.0002	0.0001	0.0111	0.0001	0.0000	0.0000	0.0000	0.0000	0.0000	0.0000	0.0000	0.0000	0.0000	0.0000	0.0000	0.0000	0.0000	0.0000	0.0000	0.0000	0.0000	0.0000	0.0000	0.0000	0.0000	0.0000	0.0000	0.0000	0.0000	0.0000	0.0000	0.0000	0.0000	0.0000	0.0000	0.0000	0.0000	0.0000	0.0000	0.0000
2	18	0.1175	13	2	0	1	0	0	0	0	0	0	0	2	1	0	0	0	0	0	0	Y	N	N	N	Y	N	N	N	N	N	N	N	N	N	N	N	N	N	0.0000	0.0000	0.0000	0.0000	0.0000	0.0000	0.0000	0.0000	0.0000	0.0000	0.0000	0.0000	0.0000	0.0000	0.0000	0.0000	0.0000	0.0000	0.0000	0.0000	0.0000	0.0000	0.0000	0.0000	0.0000	0.0000	0.0000			0.0000	0.0000	2.0002	0.0000	0.0111	1.0000	0.0000	0.0000	0.0000	0.0000	0.0000	0.0000	0.0000	0.0000	0.0000	0.0000	0.0000	0.0000	0.0000	0.0000	0.0000	0.0000	0.0000	0.0000	0.0000	0.0000	0.0000	0.0000	0.0000	0.0000	0.0000	0.0000	0.0000	0.0026	0.0013	0.0013	0.0002	0.0002	0.0000	0.0024	0.0011	0.0013
2	19	0.1095	12	2	0	0	0	0	0	0	0	0	1	1	2	0	0	0	0	0	0	Y	N	N	N	N	Y	N	N	N	N	N	N	N	N	N	N	N	N	0.0000	0.0000	0.0000	0.0000	0.0000	0.0000	0.0000	0.0000	0.0000	0.0000	0.0000	0.0000	0.0000	0.0000	0.0000	0.0000	0.0000	0.0000	0.0000	0.0000	0.0000	0.0000	0.0000	0.0000	0.0000	0.0000	0.0000			0.0000	0.0000	2.0002	1.0008	0.0111	0.0438	0.0000	0.0000	0.0000	0.0000	0.0000	0.0000	0.0000	0.0000	0.0000	0.0000	0.0000	0.0000	0.0000	0.0000	0.0000	0.0000	0.0000	0.0000	0.0239	0.0198	0.0040	0.0027	0.0026	0.0000	0.0212	0.0172	0.0040	0.0043	0.0023	0.0020	0.0007	0.0006	0.0001	0.0036	0.0017	0.0019
2	20	0.1002	13	2	0	1	0	0	0	0	0	0	0	1	1	0	0	0	0	0	0	Y	N	N	N	N	N	N	N	N	N	N	N	N	N	N	N	N	N	0.0000	0.0000	0.0000	0.0000	0.0000	0.0000	0.0000	0.0000	0.0000	0.0000	0.0000	0.0000	0.0000	0.0000	0.0000	0.0000	0.0000	0.0000	0.0000	0.0000	0.0000	0.0000	0.0000	0.0000	0.0000	0.0000	0.0000		0.0007	0.0000	-0.0000	2.0002	3.4426	0.0111	4.3893	0.0000	0.0000	0.0000	0.0000	0.0000	0.0000	0.0000	0.0000	0.0000	0.0000	0.0000	0.0000	0.0000	0.0000	0.0000	0.0000	0.0000	0.0000	0.0711	0.0590	0.0120	0.0046	0.0045	0.0001	0.0664	0.0545	0.0119	0.0344	0.0202	0.0142	0.0067	0.0064	0.0003	0.0278	0.0139	0.0139
2	21	0.0903	12	2	0	1	0	0	0	1	0	0	0	1	1	0	0	0	0	0	0	Y	N	N	N	N	N	N	N	N	N	N	N	N	N	N	N	N	N	0.0000	0.0000	0.0000	0.0000	0.0000	0.0000	0.0000	0.0000	0.0000	0.0000	0.0000	0.0000	0.0000	0.0000	0.0000	0.0000	0.0000	0.0000	0.0000	0.0000	0.0001	0.0000	0.0000	0.0000	0.0000	0.0000	0.0001		241.9091	-0.0000	0.0000	2.0002	1.5916	0.0111	0.7482	0.0000	0.0000	0.0000	0.0000	0.0000	0.0000	0.0000	0.0000	0.0000	0.0000	0.0000	0.0000	0.0000	0.0000	0.0000	0.0000	0.0000	0.0000	0.0310	0.0254	0.0056	0.0009	0.0009	0.0000	0.0301	0.0246	0.0056	0.0085	0.0044	0.0042	0.0009	0.0008	0.0001	0.0076	0.0035	0.0041
2	22	0.2186	9	2	0	0	0	0	0	0	0	0	0	2	2	0	0	0	0	0	0	Y	N	N	N	Y	Y	N	N	N	N	N	N	N	N	N	N	N	N	52.0911	30.6267	0.0000	0.5621	0.5403	0.0000	269579.0052	285387.7471	0.0000	0.0495	0.0592	0.0000	0.0078	0.0084	0.0000	0.0524	0.0631	0.0000	0.0010	0.0019	0.0000	0.0139	0.0156	0.0000	0.0000	0.0000	0.0000	0.0000	0.0001	-0.0007	-0.0000	2.0002	2.0311	0.0111	5.0434	0.0019	0.0019	0.0000	0.0000	0.0000	0.0000	0.0019	0.0019	0.0000	0.0000	0.0000	0.0000	0.0000	0.0000	0.0000	0.0000	0.0000	0.0000	0.0392	0.0328	0.0064	0.0026	0.0024	0.0002	0.0366	0.0304	0.0062	0.0210	0.0103	0.0107	0.0014	0.0013	0.0002	0.0195	0.0090	0.0105
2	23	0.0903	12	2	0	0	0	0	0	0	0	0	1	1	2	0	0	0	0	0	0	Y	N	N	N	N	Y	N	N	N	N	N	N	N	N	N	N	N	N	0.0000	0.0000	0.0000	0.0000	0.0000	0.0000	0.0000	0.0000	0.0000	0.0000	0.0000	0.0000	0.0000	0.0000	0.0000	0.0000	0.0000	0.0000	0.0000	0.0000	0.0000	0.0000	0.0000	0.0000	0.0000	0.0000	0.0000			0.0000	0.0000	2.0002	2.9896	0.0111	2.0229	0.0000	0.0000	0.0000	0.0000	0.0000	0.0000	0.0000	0.0000	0.0000	0.0000	0.0000	0.0000	0.0000	0.0000	0.0000	0.0000	0.0000	0.0000	0.0576	0.0472	0.0104	0.0016	0.0015	0.0001	0.0561	0.0458	0.0103	0.0174	0.0087	0.0088	0.0016	0.0014	0.0002	0.0158	0.0072	0.0086
2	24	0.0823	11	2	0	0	0	0	0	0	0	0	0	1	1	0	0	0	0	0	0	Y	N	N	N	N	N	N	N	N	N	N	N	N	N	N	N	N	N	0.0000	0.0000	0.0000	0.0000	0.0000	0.0000	0.0000	0.0000	0.0000	0.0000	0.0000	0.0000	0.0000	0.0000	0.0000	0.0000	0.0000	0.0000	0.0000	0.0000	0.0000	0.0000	0.0000	0.0000	0.0000	0.0000	0.0000			0.0000	-0.0000	2.0002	0.3867	0.0111	2.3109	0.0000	0.0000	0.0000	0.0000	0.0000	0.0000	0.0000	0.0000	0.0000	0.0000	0.0000	0.0000	0.0000	0.0000	0.0000	0.0000	0.0000	0.0000	0.0119	0.0102	0.0017	0.0036	0.0034	0.0002	0.0083	0.0068	0.0015	0.0137	0.0083	0.0054	0.0029	0.0028	0.0001	0.0107	0.0055	0.0053
2	25	0.1095	12	2	0	1	0	0	0	1	0	0	0	1	1	0	0	0	0	0	0	Y	N	N	N	N	N	N	N	N	N	N	N	N	N	N	N	N	N	0.0000	0.0000	0.0000	0.0000	0.0000	0.0000	0.0000	0.0000	0.0000	0.0000	0.0000	0.0000	0.0000	0.0000	0.0000	0.0000	0.0000	0.0000	0.0000	0.0000	0.0000	0.0002	0.0002	0.0000	0.0000	0.0000	0.0000		0.0000	0.0000	-0.0000	2.0002	1.5075	0.0111	1.0180	0.0000	0.0000	0.0000	0.0000	0.0000	0.0000	0.0000	0.0000	0.0000	0.0000	0.0000	0.0000	0.0000	0.0000	0.0000	0.0000	0.0000	0.0000	0.0339	0.0281	0.0058	0.0030	0.0030	0.0001	0.0309	0.0251	0.0058	0.0092	0.0047	0.0044	0.0011	0.0010	0.0001	0.0081	0.0038	0.0043
2	26	0.0823	11	2	0	0	0	0	0	0	0	0	0	1	1	0	0	0	0	0	0	Y	N	N	N	N	N	N	N	N	N	N	N	N	N	N	N	N	N	0.0000	0.0000	0.0000	0.0000	0.0000	0.0000	0.0000	0.0000	0.0000	0.0000	0.0000	0.0000	0.0000	0.0000	0.0000	0.0000	0.0000	0.0000	0.0000	0.0000	0.0000	0.0000	0.0000	0.0000	0.0000	0.0000	0.0000		inf	0.0000	0.0000	2.0002	4.2500	0.0111	3.1084	0.0000	0.0000	0.0000	0.0000	0.0000	0.0000	0.0000	0.0000	0.0000	0.0000	0.0000	0.0000	0.0000	0.0000	0.0000	0.0000	0.0000	0.0000	0.0852	0.0703	0.0149	0.0053	0.0050	0.0003	0.0799	0.0653	0.0146	0.0288	0.0156	0.0132	0.0039	0.0037	0.0003	0.0249	0.0119	0.0130
2	27	0.0629	10	2	0	0	0	0	0	0	0	0	0	1	1	0	0	0	0	0	0	Y	N	N	N	N	N	N	N	N	N	N	N	N	N	N	N	N	N	0.0000	0.0000	0.0000	0.0000	0.0000	0.0000	0.0000	0.0000	0.0000	0.0000	0.0000	0.0000	0.0000	0.0000	0.0000	0.0000	0.0000	0.0000	0.0000	0.0000	0.0000	0.0000	0.0000	0.0000	0.0000	0.0000	0.0000			0.0000	-0.0000	2.0002	1.7810	0.0111	4.3857	0.0000	0.0000	0.0000	0.0000	0.0000	0.0000	0.0000	0.0000	0.0000	0.0000	0.0000	0.0000	0.0000	0.0000	0.0000	0.0000	0.0000	0.0000	0.0485	0.0416	0.0069	0.0073	0.0072	0.0001	0.0412	0.0344	0.0068	0.0306	0.0177	0.0129	0.0060	0.0058	0.0001	0.0247	0.0119	0.0128
2	28	0.0601	7	2	0	1	1	0	0	0	1	0	0	2	2	0	0	0	0	0	0	Y	N	N	N	Y	Y	N	N	N	N	N	N	N	N	N	N	N	N	0.0000	0.0000	0.0000	0.0000	0.0000	0.0000	0.0000	0.0000	0.0000	0.0000	0.0000	0.0000	0.0000	0.0000	0.0000	0.0000	0.0000	0.0000	0.0000	0.0000	0.0000	0.0000	0.0000	0.0000	0.0000	0.0000	0.0000			0.0000	0.0000	2.0002	0.0000	0.0111	0.0000	0.0000	0.0000	0.0000	0.0000	0.0000	0.0000	0.0000	0.0000	0.0000	0.0000	0.0000	0.0000	0.0000	0.0000	0.0000	0.0000	0.0000	0.0000	0.0000	0.0000	0.0000	0.0000	0.0000	0.0000	0.0000	0.0000	0.0000	0.0000	0.0000	0.0000	0.0000	0.0000	0.0000	0.0000	0.0000	0.0000
2	29	0.0601	7	2	0	1	0	0	0	0	0	0	0	2	2	0	0	0	0	0	0	Y	N	N	N	Y	Y	N	N	N	N	N	N	N	N	N	N	N	N	0.0000	0.0000	0.0000	0.0000	0.0000	0.0000	0.0000	0.0000	0.0000	0.0000	0.0000	0.0000	0.0000	0.0000	0.0000	0.0000	0.0000	0.0000	0.0000	0.0000	0.0000	0.0000	0.0000	0.0000	0.0000	0.0000	0.0000			0.0000	0.0000	2.0002	0.0000	0.0111	1.0000	0.0000	0.0000	0.0000	0.0000	0.0000	0.0000	0.0000	0.0000	0.0000	0.0000	0.0000	0.0000	0.0000	0.0000	0.0000	0.0000	0.0000	0.0000	0.0000	0.0000	0.0000	0.0000	0.0000	0.0000	0.0000	0.0000	0.0000	0.0032	0.0015	0.0017	0.0001	0.0001	0.0000	0.0030	0.0013	0.0017
2	30	0.0601	6	2	0	1	0	0	0	1	0	0	0	2	2	0	0	0	0	0	0	Y	N	N	N	Y	Y	N	N	N	N	N	N	N	N	N	N	N	N	0.0000	0.0000	0.0000	0.0000	0.0000	0.0000	0.0000	0.0000	0.0000	0.0000	0.0000	0.0000	0.0000	0.0000	0.0000	0.0000	0.0000	0.0000	0.0000	0.0000	0.0000	0.0000	0.0000	0.0000	0.0000	0.0000	0.0000			0.0000	0.0000	2.0002	0.0000	0.0111	0.0010	0.0000	0.0000	0.0000	0.0000	0.0000	0.0000	0.0000	0.0000	0.0000	0.0000	0.0000	0.0000	0.0000	0.0000	0.0000	0.0000	0.0000	0.0000	0.0000	0.0000	0.0000	0.0000	0.0000	0.0000	0.0000	0.0000	0.0000	0.0000	0.0000	0.0000	0.0000	0.0000	0.0000	0.0000	0.0000	0.0000
2	31	0.0574	5	2	0	0	0	0	0	0	0	0	0	2	2	0	0	0	0	0	0	Y	N	N	N	Y	Y	N	N	N	N	N	N	N	N	N	N	N	N	0.0000	0.0000	0.0000	0.0000	0.0000	0.0000	0.0000	0.0000	0.0000	0.0000	0.0000	0.0000	0.0000	0.0000	0.0000	0.0000	0.0000	0.0000	0.0000	0.0000	0.0000	0.0000	0.0000	0.0000	0.0000	0.0000	0.0000			0.0000	0.0000	2.0002	0.0008	0.0111	0.9932	0.0000	0.0000	0.0000	0.0000	0.0000	0.0000	0.0000	0.0000	0.0000	0.0000	0.0000	0.0000	0.0000	0.0000	0.0000	0.0000	0.0000	0.0000	0.0001	0.0000	0.0000	0.0000	0.0000	0.0000	0.0000	0.0000	0.0000	0.0033	0.0016	0.0017	0.0002	0.0002	0.0000	0.0031	0.0014	0.0017
2	35	0.0394	9	2	0	1	0	0	0	0	0	0	1	1	2	0	0	0	0	0	0	Y	N	N	N	N	Y	N	N	N	N	N	N	N	N	N	N	N	N	286732573.8525	13.6008	inf	78.8959	81.1954	0.0000	inf	0.0000	inf	13.2676	0.0000	74.4374	0.0000	0.0000	0.0000	13.7353	0.0000	75.2615	0.0000	0.0000	0.0000	0.0000	0.0000	0.0000	0.0000	0.0000	0.0000	13155263.2319	0.0000	0.6384	-0.0000	2.0002	4.0048	0.0111	3.3550	0.9998	0.0000	0.9998	0.0000	0.0000	0.0000	0.9998	0.0000	0.9998	0.0000	0.0000	0.0000	0.0000	0.0000	0.0000	0.0000	0.0000	0.0000	0.0754	0.0619	0.0134	0.0026	0.0024	0.0001	0.0728	0.0595	0.0133	0.0303	0.0155	0.0147	0.0037	0.0036	0.0001	0.0265	0.0119	0.0146
2	36	0.0280	8	2	0	1	0	0	0	0	0	0	0	1	1	0	0	0	0	0	0	Y	N	N	N	N	N	N	N	N	N	N	N	N	N	N	N	N	N	38271.3195	9801.5960	inf	inf	inf	0.0000	25463.5974	0.0000	inf	0.0042	0.0016	0.0163	0.1130	0.1194	0.0000	0.0029	0.0000	0.0164	0.0000	0.0000	0.0000	0.0000	0.0000	0.0000	0.0000	0.0000	0.0000	2.1270	0.4000	0.0001	-0.0000	2.0002	2.9973	0.0111	0.6905	0.0002	0.0001	0.0002	0.0001	0.0001	0.0000	0.0002	0.0000	0.0002	0.0000	0.0000	0.0000	0.0000	0.0000	0.0000	0.0000	0.0000	0.0000	0.0595	0.0491	0.0104	0.0007	0.0007	0.0000	0.0588	0.0484	0.0104	0.0128	0.0060	0.0067	0.0004	0.0004	0.0000	0.0123	0.0056	0.0067
2	37	0.0280	7	2	0	1	0	1	0	1	0	0	0	1	1	0	0	0	0	0	0	Y	N	N	N	N	N	N	N	N	N	N	N	N	N	N	N	N	N	0.0000	0.0000	0.0000	0.0000	0.0000	0.0000	0.0000	0.0000	0.0000	0.0000	0.0000	0.0000	0.0000	0.0000	0.0000	0.0000	0.0000	0.0000	0.0001	0.0000	0.0000	0.0000	0.0000	0.0000	0.0000	0.0000	0.0000			0.0000	-0.0000	2.0002	0.0022	0.0111	0.0001	0.0000	0.0000	0.0000	0.0000	0.0000	0.0000	0.0000	0.0000	0.0000	0.0000	0.0000	0.0000	0.0000	0.0000	0.0000	0.0000	0.0000	0.0000	0.0001	0.0001	0.0000	0.0000	0.0000	0.0000	0.0001	0.0000	0.0000	0.0000	0.0000	0.0000	0.0000	0.0000	0.0000	0.0000	0.0000	0.0000
2	38	0.2186	9	2	0	0	0	0	0	0	0	0	0	2	2	0	0	0	0	0	0	Y	N	N	N	Y	Y	N	N	N	N	N	N	N	N	N	N	N	N	0.0000	0.0000	0.0000	0.0000	0.0000	0.0000	0.0000	0.0000	0.0000	0.0000	0.0000	0.0000	0.0000	0.0000	0.0000	0.0000	0.0000	0.0000	0.0000	0.0000	0.0000	0.0001	0.0000	0.0009	0.0000	0.0000	0.0000		inf	0.0000	0.0000	2.0002	0.0030	0.0111	2.0047	0.0000	0.0000	0.0000	0.0000	0.0000	0.0000	0.0000	0.0000	0.0000	0.0000	0.0000	0.0000	0.0000	0.0000	0.0000	0.0000	0.0000	0.0000	0.0007	0.0006	0.0001	0.0003	0.0003	0.0000	0.0004	0.0003	0.0001	0.0065	0.0033	0.0032	0.0006	0.0006	0.0000	0.0059	0.0027	0.0032
2	39	0.2038	8	2	0	0	0	1	0	0	0	1	1	2	2	0	0	0	0	0	0	Y	N	N	N	Y	Y	N	N	N	N	N	N	N	N	N	N	N	N	2262.6000	2295.7494	0.2003	988.1947	1066.1912	0.2259	7142.2862	inf	0.0000	0.0342	0.0377	0.0000	0.0291	0.0310	0.0000	0.0388	0.0440	0.0000	0.0000	0.0000	0.0000	0.0000	0.0000	0.0000	0.0000	0.0000	0.0000	0.0000	0.3756	-0.0018	-0.0000	2.0002	2.0135	0.0111	0.9920	0.0048	0.0048	0.0000	0.0020	0.0020	0.0000	0.0029	0.0029	0.0000	0.0000	0.0000	0.0000	0.0000	0.0000	0.0000	0.0000	0.0000	0.0000	0.1419	0.1287	0.0132	0.0672	0.0629	0.0043	0.0747	0.0657	0.0090	0.0279	0.0186	0.0092	0.0112	0.0105	0.0007	0.0166	0.0081	0.0085
2	40	0.0503	10	2	0	1	0	1	0	1	0	1	0	2	1	0	0	0	0	0	0	Y	N	N	N	Y	N	N	N	N	N	N	N	N	N	N	N	N	N	0.0000	0.0000	0.0000	0.0000	0.0000	0.0000	0.0000	0.0000	0.0000	0.0000	0.0000	0.0000	0.0000	0.0000	0.0000	0.0000	0.0000	0.0000	0.0000	0.0000	0.0000	0.0000	0.0000	0.0000	0.0000	0.0000	0.0000		inf	0.0000	0.0000	2.0002	5.0282	0.0111	8.9849	0.0000	0.0000	0.0000	0.0000	0.0000	0.0000	0.0000	0.0000	0.0000	0.0000	0.0000	0.0000	0.0000	0.0000	0.0000	0.0000	0.0000	0.0000	0.1003	0.0829	0.0174	0.0027	0.0025	0.0002	0.0976	0.0804	0.0172	0.0461	0.0225	0.0236	0.0020	0.0019	0.0002	0.0441	0.0206	0.0234
2	41	0.1997	13	1	0	0	0	0	0	0	0	1	0	2	1	0	0	0	0	0	0	N	N	N	N	Y	N	N	N	N	N	N	N	N	N	N	N	N	N	0.0002	0.0000	inf	0.0003	0.0000	inf	0.0000	0.0000	0.0000	0.0000	0.0000	0.0000	0.0000	0.0000	0.0000	0.0000	0.0000	0.0000	0.0000	0.0001	0.0000	0.0001	0.0001	0.0000	0.0000	0.0000	0.0000	inf	0.0000	0.0000	-0.0000	2.0002	13.0332	0.0111	41.9092	0.0000	0.0000	0.0000	0.0000	0.0000	0.0000	0.0000	0.0000	0.0000	0.0000	0.0000	0.0000	0.0000	0.0000	0.0000	0.0000	0.0000	0.0000	0.3857	0.3354	0.0503	0.1064	0.1016	0.0049	0.2793	0.2338	0.0455	0.2211	0.1382	0.0829	0.0719	0.0659	0.0060	0.1492	0.0723	0.0769
2	42	0.0479	9	2	0	1	0	1	0	1	0	0	0	1	1	0	0	0	0	0	0	Y	N	N	N	N	N	N	N	N	N	N	N	N	N	N	N	N	N	0.0000	0.0000	0.0000	0.0000	0.0000	0.0000	0.0000	0.0000	0.0000	0.0000	0.0000	0.0000	0.0000	0.0000	0.0000	0.0000	0.0000	0.0000	0.0000	0.0000	0.0000	0.0000	0.0000	0.0000	0.0000	0.0000	0.0000			0.0000	0.0000	2.0002	2.0001	0.0111	2.0031	0.0000	0.0000	0.0000	0.0000	0.0000	0.0000	0.0000	0.0000	0.0000	0.0000	0.0000	0.0000	0.0000	0.0000	0.0000	0.0000	0.0000	0.0000	0.0403	0.0333	0.0070	0.0009	0.0009	0.0001	0.0394	0.0324	0.0070	0.0137	0.0067	0.0071	0.0006	0.0006	0.0000	0.0131	0.0061	0.0070
2	43	0.0112	2	2	0	0	0	0	0	0	0	0	0	2	2	0	0	0	0	0	0	Y	N	N	N	Y	Y	N	N	N	N	N	N	N	N	N	N	N	N	5.4777	107.3828	0.0000	5215.2710	6896.0657	0.0000	0.0000	0.0000	0.0000	0.0069	0.0084	0.0000	16.8702	16.9034	0.0000	0.0000	0.0000	0.0000	0.0013	0.0001	0.0023	0.0032	0.0025	0.3596	0.0012	0.0000	0.0023	0.0000	33.2669	-0.0002	0.0000	2.0002	3.9996	0.0111	6.0133	0.0005	0.0005	0.0000	0.0005	0.0005	0.0000	0.0000	0.0000	0.0000	0.0000	0.0000	0.0000	0.0000	0.0000	0.0000	0.0000	0.0000	0.0000	0.0792	0.0652	0.0140	0.0000	0.0000	0.0000	0.0791	0.0652	0.0140	0.0347	0.0163	0.0183	0.0005	0.0005	0.0000	0.0342	0.0158	0.0183
2	45	0.0791	12	2	0	1	0	0	0	0	0	0	0	1	1	0	0	0	0	0	0	Y	N	N	N	N	N	N	N	N	N	N	N	N	N	N	N	N	N	0.0000	0.0000	0.0000	0.0000	0.0000	0.0000	0.0000	0.0000	0.0000	0.0000	0.0000	0.0000	0.0000	0.0000	0.0000	0.0000	0.0000	0.0000	0.0001	0.0003	0.0000	0.0016	0.0018	0.0000	0.0000	0.0000	0.0000		0.0001	0.0000	-0.0000	2.0002	28.1541	0.0111	22.5093	0.0000	0.0000	0.0000	0.0000	0.0000	0.0000	0.0000	0.0000	0.0000	0.0000	0.0000	0.0000	0.0000	0.0000	0.0000	0.0000	0.0000	0.0000	0.5026	0.4197	0.0829	0.0183	0.0171	0.0012	0.4843	0.4026	0.0817	0.1468	0.0757	0.0712	0.0123	0.0114	0.0009	0.1345	0.0643	0.0703
2	46	0.0766	11	2	0	1	0	1	0	1	0	0	0	1	1	0	0	0	0	0	0	Y	N	N	N	N	N	N	N	N	N	N	N	N	N	N	N	N	N	0.0000	0.0000	0.0000	0.0000	0.0000	0.0000	0.0000	0.0000	0.0000	0.0000	0.0000	0.0000	0.0000	0.0000	0.0000	0.0000	0.0000	0.0000	0.0000	0.0000	0.0000	0.0000	0.0000	0.0008	0.0000	0.0000	0.0000		0.9539	0.0000	-0.0000	2.0002	0.7642	0.0111	1.7872	0.0000	0.0000	0.0000	0.0000	0.0000	0.0000	0.0000	0.0000	0.0000	0.0000	0.0000	0.0000	0.0000	0.0000	0.0000	0.0000	0.0000	0.0000	0.0291	0.0256	0.0035	0.0078	0.0075	0.0003	0.0213	0.0181	0.0031	0.0185	0.0118	0.0068	0.0055	0.0054	0.0001	0.0131	0.0063	0.0067
2	47	0.0818	11	2	0	1	0	0	0	0	0	0	0	1	1	0	0	0	0	0	0	Y	N	N	N	N	N	N	N	N	N	N	N	N	N	N	N	N	N	0.0000	0.0000	0.0000	0.0000	0.0000	0.0000	0.0000	0.0000	0.0000	0.0000	0.0000	0.0000	0.0000	0.0000	0.0000	0.0000	0.0000	0.0000	0.0000	0.0000	0.0000	0.0000	0.0000	0.0000	0.0000	0.0000	0.0000		0.0038	0.0000	-0.0000	2.0002	9.7242	0.0111	5.3244	0.0000	0.0000	0.0000	0.0000	0.0000	0.0000	0.0000	0.0000	0.0000	0.0000	0.0000	0.0000	0.0000	0.0000	0.0000	0.0000	0.0000	0.0000	0.1835	0.1512	0.0323	0.0069	0.0064	0.0004	0.1766	0.1447	0.0319	0.0516	0.0256	0.0260	0.0046	0.0043	0.0003	0.0470	0.0213	0.0257
2	48	0.0629	10	2	0	1	0	0	0	1	0	0	0	1	1	0	0	0	0	0	0	Y	N	N	N	N	N	N	N	N	N	N	N	N	N	N	N	N	N	0.0000	0.0000	0.0000	0.0000	0.0000	0.0000	0.0000	0.0000	0.0000	0.0000	0.0000	0.0000	0.0000	0.0000	0.0000	0.0000	0.0000	0.0000	0.0000	0.0000	0.0000	0.0000	0.0000	0.0000	0.0000	0.0000	0.0000		1.5225	0.0000	0.0000	2.0002	1.4138	0.0111	4.9848	0.0000	0.0000	0.0000	0.0000	0.0000	0.0000	0.0000	0.0000	0.0000	0.0000	0.0000	0.0000	0.0000	0.0000	0.0000	0.0000	0.0000	0.0000	0.0412	0.0356	0.0056	0.0071	0.0070	0.0001	0.0341	0.0285	0.0056	0.0314	0.0181	0.0133	0.0060	0.0059	0.0002	0.0254	0.0122	0.0132
2	49	0.0523	9	2	0	0	0	1	0	0	0	0	0	1	1	0	0	0	0	0	0	Y	N	N	N	N	N	N	N	N	N	N	N	N	N	N	N	N	N	0.0000	0.0000	0.0000	0.0000	0.0000	0.0000	0.0000	0.0000	0.0000	0.0000	0.0000	0.0000	0.0000	0.0000	0.0000	0.0000	0.0000	0.0000	0.0269	0.0017	0.0596	0.0021	0.0008	0.0506	0.0309	0.0020	0.0597		26.3123	0.0000	0.0002	2.0002	2.4585	0.0111	2.2382	0.0000	0.0000	0.0000	0.0000	0.0000	0.0000	0.0000	0.0000	0.0000	0.0005	0.0000	0.0005	0.0000	0.0000	0.0000	0.0005	0.0000	0.0005	0.0496	0.0410	0.0086	0.0012	0.0011	0.0001	0.0484	0.0399	0.0086	0.0201	0.0113	0.0088	0.0027	0.0027	0.0001	0.0174	0.0087	0.0087
2	50	0.0574	5	2	0	0	1	0	0	0	1	0	0	2	2	0	0	0	0	0	0	Y	N	N	N	Y	Y	N	N	N	N	N	N	N	N	N	N	N	N	0.0000	0.0000	0.0000	0.0000	0.0000	0.0000	0.0000	0.0000	0.0000	0.0000	0.0000	0.0000	0.0000	0.0000	0.0000	0.0000	0.0000	0.0000	0.0000	0.0000	0.0000	0.0000	0.0000	0.0000	0.0000	0.0000	0.0000			0.0000	0.0000	2.0002	0.9995	0.0111	1.0067	0.0000	0.0000	0.0000	0.0000	0.0000	0.0000	0.0000	0.0000	0.0000	0.0000	0.0000	0.0000	0.0000	0.0000	0.0000	0.0000	0.0000	0.0000	0.0197	0.0164	0.0034	0.0011	0.0010	0.0001	0.0186	0.0154	0.0033	0.0065	0.0030	0.0034	0.0003	0.0003	0.0000	0.0061	0.0027	0.0034
2	51	0.0199	4	2	0	0	0	0	0	0	0	1	1	2	2	0	0	0	0	0	0	Y	N	N	N	Y	Y	N	N	N	N	N	N	N	N	N	N	N	N	0.0000	0.0000	0.0000	0.0000	0.0000	0.0000	0.0000	0.0000	0.0000	0.0000	0.0000	0.0000	0.0000	0.0000	0.0000	0.0000	0.0000	0.0000	0.0010	0.0021	0.0000	0.0303	0.0321	0.0000	0.0000	0.0000	0.0000		0.0000	0.0000	-0.0000	2.0002	11.0065	0.0111	2.0630	0.0000	0.0000	0.0000	0.0000	0.0000	0.0000	0.0000	0.0000	0.0000	0.0000	0.0000	0.0000	0.0000	0.0000	0.0000	0.0000	0.0000	0.0000	0.2112	0.1746	0.0366	0.0013	0.0013	0.0000	0.2099	0.1733	0.0366	0.0446	0.0213	0.0233	0.0015	0.0014	0.0001	0.0431	0.0199	0.0232
2	52	0.2596	9	2	0	1	0	1	0	1	0	0	0	1	1	0	0	0	0	0	0	Y	N	N	N	N	N	N	N	N	N	N	N	N	N	N	N	N	N	0.0000	0.0000	0.0000	0.0000	0.0000	0.0000	0.0000	0.0000	0.0000	0.0000	0.0000	0.0000	0.0000	0.0000	0.0000	0.0000	0.0000	0.0000	0.0000	0.0000	0.0000	0.0001	0.0001	0.0000	0.0000	0.0000	0.0000		0.0702	0.0000	-0.0000	2.0002	6.1530	0.0111	9.3095	0.0000	0.0000	0.0000	0.0000	0.0000	0.0000	0.0000	0.0000	0.0000	0.0000	0.0000	0.0000	0.0000	0.0000	0.0000	0.0000	0.0000	0.0000	0.1226	0.1033	0.0193	0.0136	0.0125	0.0011	0.1090	0.0909	0.0182	0.0477	0.0254	0.0222	0.0064	0.0061	0.0004	0.0412	0.0194	0.0219
2	56	0.0112	3	2	0	1	0	0	0	1	0	0	0	1	1	0	0	0	0	0	0	Y	N	N	N	N	N	N	N	N	N	N	N	N	N	N	N	N	N	0.0418	0.0000	inf	0.0000	0.0000	0.0000	inf	0.0000	inf	0.0000	0.0000	0.0000	0.0000	0.0000	0.0000	0.0000	0.0000	0.0000	0.0000	0.0001	0.0000	0.0026	0.0026	0.0000	0.0000	0.0000	0.0000	inf	0.0000	0.0000	-0.0000	2.0002	5.0004	0.0111	3.0004	0.0000	0.0000	0.0000	0.0000	0.0000	0.0000	0.0000	0.0000	0.0000	0.0000	0.0000	0.0000	0.0000	0.0000	0.0000	0.0000	0.0000	0.0000	0.0985	0.0812	0.0173	0.0000	0.0000	0.0000	0.0985	0.0811	0.0173	0.0281	0.0132	0.0148	0.0005	0.0005	0.0000	0.0276	0.0128	0.0148
2	63	0.1126	12	1	0	1	0	0	0	0	0	0	0	2	1	0	0	0	0	0	0	N	N	N	N	Y	N	N	N	N	N	N	N	N	N	N	N	N	N	inf	inf	0.0000	inf	inf	0.0000	0.0000	0.0000	0.0000	0.0230	0.0270	0.0000	0.1725	0.1767	0.0000	0.0000	0.0000	0.0000	0.0000	0.0000	0.0000	0.0000	0.0000	0.0000	0.0000	0.0000	0.0000	0.0000		-0.0002	0.0000	2.0002	1.0003	0.0111	0.7584	0.0005	0.0005	0.0000	0.0005	0.0005	0.0000	0.0000	0.0000	0.0000	0.0000	0.0000	0.0000	0.0000	0.0000	0.0000	0.0000	0.0000	0.0000	0.0239	0.0203	0.0035	0.0032	0.0031	0.0001	0.0207	0.0172	0.0035	0.0108	0.0069	0.0039	0.0037	0.0032	0.0005	0.0070	0.0036	0.0034
2	65	0.1139	12	1	0	0	0	0	0	0	0	0	1	1	2	0	0	0	0	0	0	N	N	N	N	N	Y	N	N	N	N	N	N	N	N	N	N	N	N	0.0000	0.0000	0.0000	0.0000	0.0000	0.0000	0.0000	0.0000	0.0000	0.0000	0.0000	0.0000	0.0000	0.0000	0.0000	0.0000	0.0000	0.0000	0.0000	0.0000	0.0000	0.0002	0.0002	0.0000	0.0000	0.0000	0.0000		0.0252	0.0000	-0.0000	2.0002	0.0006	0.0111	2.0029	0.0000	0.0000	0.0000	0.0000	0.0000	0.0000	0.0000	0.0000	0.0000	0.0000	0.0000	0.0000	0.0000	0.0000	0.0000	0.0000	0.0000	0.0000	0.0000	0.0000	0.0000	0.0000	0.0000	0.0000	0.0000	0.0000	0.0000	0.0065	0.0033	0.0032	0.0006	0.0006	0.0001	0.0059	0.0027	0.0032
2	66	0.1139	13	1	0	0	0	0	0	0	0	0	1	1	2	0	0	0	0	0	0	N	N	N	N	N	Y	N	N	N	N	N	N	N	N	N	N	N	N	0.0000	0.0000	0.0000	0.0000	0.0000	0.0000	0.0000	0.0000	0.0000	0.0000	0.0000	0.0000	0.0000	0.0000	0.0000	0.0000	0.0000	0.0000	0.0000	0.0000	0.0000	0.0000	0.0000	0.0000	0.0000	0.0000	0.0000			0.0000	0.0000	2.0002	5.0001	0.0111	8.0020	0.0000	0.0000	0.0000	0.0000	0.0000	0.0000	0.0000	0.0000	0.0000	0.0000	0.0000	0.0000	0.0000	0.0000	0.0000	0.0000	0.0000	0.0000	0.0934	0.0769	0.0164	0.0053	0.0050	0.0003	0.0881	0.0720	0.0161	0.0396	0.0193	0.0204	0.0036	0.0031	0.0005	0.0360	0.0161	0.0199
2	69	0.1175	13	2	0	1	0	0	0	0	0	0	0	2	1	0	0	0	0	0	0	Y	N	N	N	Y	N	N	N	N	N	N	N	N	N	N	N	N	N	0.0000	0.0000	0.0000	0.0000	0.0000	0.0000	0.0000	0.0000	0.0000	0.0000	0.0000	0.0000	0.0000	0.0000	0.0000	0.0000	0.0000	0.0000	0.0000	0.0000	0.0000	0.0000	0.0000	0.0000	0.0000	0.0000	0.0000			0.0000	0.0000	2.0002	0.0000	0.0111	0.0000	0.0000	0.0000	0.0000	0.0000	0.0000	0.0000	0.0000	0.0000	0.0000	0.0000	0.0000	0.0000	0.0000	0.0000	0.0000	0.0000	0.0000	0.0000	0.0000	0.0000	0.0000	0.0000	0.0000	0.0000	0.0000	0.0000	0.0000	0.0000	0.0000	0.0000	0.0000	0.0000	0.0000	0.0000	0.0000	0.0000
2	70	0.1126	12	2	0	1	0	1	0	0	0	0	0	2	1	0	0	0	0	0	0	Y	N	N	N	Y	N	N	N	N	N	N	N	N	N	N	N	N	N	2.6685	0.0000	inf	7.1161	0.0000	inf	0.0000	0.0000	0.0000	0.0000	0.0000	0.0001	0.0001	0.0000	0.0038	0.0000	0.0000	0.0000	0.0000	0.0000	0.0000	0.0000	0.0000	0.0000	0.0000	0.0000	0.0000	inf	0.0000	0.0000	-0.0000	2.0002	0.9999	0.0111	0.6468	0.0000	0.0000	0.0000	0.0000	0.0000	0.0000	0.0000	0.0000	0.0000	0.0000	0.0000	0.0000	0.0000	0.0000	0.0000	0.0000	0.0000	0.0000	0.0238	0.0203	0.0035	0.0032	0.0031	0.0001	0.0207	0.0172	0.0035	0.0104	0.0067	0.0038	0.0037	0.0032	0.0005	0.0067	0.0035	0.0032
2	71	0.1022	11	1	0	1	0	0	0	1	0	1	0	2	1	0	0	0	0	0	0	N	N	N	N	Y	N	N	N	N	N	N	N	N	N	N	N	N	N	0.3742	0.4302	0.0000	7.8190	7.6256	0.0000	0.0000	0.0000	0.0000	0.0000	0.0000	0.0000	0.0000	0.0000	0.0000	0.0000	0.0000	0.0000	0.0000	0.0000	0.0000	0.0000	0.0000	0.0000	0.0000	0.0000	0.0000	0.0000	0.9619	-0.0000	-0.0000	2.0002	1.5692	0.0111	1.6165	0.0000	0.0000	0.0000	0.0000	0.0000	0.0000	0.0000	0.0000	0.0000	0.0000	0.0000	0.0000	0.0000	0.0000	0.0000	0.0000	0.0000	0.0000	0.0438	0.0381	0.0057	0.0083	0.0081	0.0001	0.0356	0.0300	0.0056	0.0109	0.0056	0.0054	0.0012	0.0011	0.0001	0.0097	0.0045	0.0052
3	5	0.0904	11	1	1	0	0	0	1	0	0	0	1	1	2	0	0	0	0	0	0	N	N	N	N	N	Y	N	N	N	N	N	N	N	N	N	N	N	N	119.3983	78.7126	0.0000	280.2434	279.2441	0.0000	inf	inf	0.0000	0.0000	0.0000	0.0000	0.0001	0.0001	0.0000	0.0000	0.0000	0.0000	0.0000	0.0000	0.0000	0.0000	0.0000	0.0000	0.0000	0.0000	0.0000	0.0000	0.0000	-0.0000	-0.0000	2.9998	5.1554	0.0063	4.7254	0.0000	0.0000	0.0000	0.0000	0.0000	0.0000	0.0000	0.0000	0.0000	0.0000	0.0000	0.0000	0.0000	0.0000	0.0000	0.0000	0.0000	0.0000	0.1726	0.1451	0.0275	0.0155	0.0151	0.0005	0.1570	0.1300	0.0270	0.0710	0.0394	0.0317	0.0151	0.0146	0.0005	0.0560	0.0248	0.0311
3	6	0.0318	9	2	1	1	0	0	1	0	0	1	0	2	1	0	0	0	0	0	0	Y	N	N	N	Y	N	N	N	N	N	N	N	N	N	N	N	N	N	0.0000	0.0000	0.0000	0.0000	0.0000	0.0000	0.0000	0.0000	0.0000	0.0000	0.0000	0.0000	0.0000	0.0000	0.0000	0.0000	0.0000	0.0000	0.0000	0.0000	0.0000	0.0000	0.0000	0.0000	0.0000	0.0000	0.0000			0.0000	0.0000	2.9998	5.0000	0.0063	3.0000	0.0000	0.0000	0.0000	0.0000	0.0000	0.0000	0.0000	0.0000	0.0000	0.0000	0.0000	0.0000	0.0000	0.0000	0.0000	0.0000	0.0000	0.0000	0.1261	0.1033	0.0228	0.0017	0.0016	0.0001	0.1244	0.1017	0.0227	0.0355	0.0163	0.0193	0.0008	0.0007	0.0001	0.0348	0.0156	0.0192
3	8	0.0432	9	2	1	1	0	0	1	0	0	0	0	1	1	0	0	0	0	0	0	Y	N	N	N	N	N	N	N	N	N	N	N	N	N	N	N	N	N	375595.3011	0.0000	inf	0.0000	0.0000	0.0000	inf	0.0000	inf	0.0166	0.0000	0.0933	0.0000	0.0000	0.0000	0.0173	0.0000	0.0943	0.0000	0.0000	0.0000	0.0000	0.0000	0.0000	0.0000	0.0000	0.0000	inf	0.0000	0.0006	-0.0000	2.9998	2.0057	0.0063	2.9927	0.0009	0.0000	0.0009	0.0000	0.0000	0.0000	0.0009	0.0000	0.0009	0.0000	0.0000	0.0000	0.0000	0.0000	0.0000	0.0000	0.0000	0.0000	0.0571	0.0469	0.0102	0.0020	0.0019	0.0001	0.0551	0.0450	0.0101	0.0339	0.0180	0.0159	0.0053	0.0052	0.0001	0.0286	0.0128	0.0158
3	9	0.0638	6	2	1	0	1	0	1	0	1	0	0	2	2	0	0	0	0	0	0	Y	N	N	N	Y	Y	N	N	N	N	N	N	N	N	N	N	N	N	0.0000	0.0000	0.0000	0.0000	0.0000	0.0000	0.0000	0.0000	0.0000	0.0000	0.0000	0.0000	0.0000	0.0000	0.0000	0.0000	0.0000	0.0000	0.0000	0.0000	0.0000	0.0000	0.0000	0.0000	0.0000	0.0000	0.0000			0.0000	0.0000	2.9998	2.0000	0.0063	0.0000	0.0000	0.0000	0.0000	0.0000	0.0000	0.0000	0.0000	0.0000	0.0000	0.0000	0.0000	0.0000	0.0000	0.0000	0.0000	0.0000	0.0000	0.0000	0.0586	0.0486	0.0099	0.0032	0.0030	0.0002	0.0553	0.0456	0.0097	0.0094	0.0043	0.0050	0.0004	0.0004	0.0000	0.0090	0.0040	0.0050
3	10	0.0828	12	2	1	1	0	0	1	0	0	0	0	1	1	0	0	0	0	0	0	Y	N	N	N	N	N	N	N	N	N	N	N	N	N	N	N	N	N	0.0000	0.0000	0.0000	0.0000	0.0000	0.0000	0.0000	0.0000	0.0000	0.0000	0.0000	0.0000	0.0000	0.0000	0.0000	0.0000	0.0000	0.0000	0.0000	0.0000	0.0000	0.0000	0.0000	0.0000	0.0000	0.0000	0.0000		0.0000	0.0000	-0.0000	2.9998	6.0507	0.0063	3.5023	0.0000	0.0000	0.0000	0.0000	0.0000	0.0000	0.0000	0.0000	0.0000	0.0000	0.0000	0.0000	0.0000	0.0000	0.0000	0.0000	0.0000	0.0000	0.1827	0.1519	0.0308	0.0083	0.0079	0.0005	0.1743	0.1440	0.0303	0.0591	0.0327	0.0264	0.0091	0.0088	0.0003	0.0500	0.0239	0.0261
3	11	0.0321	7	2	1	1	0	1	1	1	0	1	0	2	1	0	0	0	0	0	0	Y	N	N	N	Y	N	N	N	N	N	N	N	N	N	N	N	N	N	0.0000	0.0000	0.0000	0.0000	0.0000	0.0000	0.0000	0.0000	0.0000	0.0000	0.0000	0.0000	0.0000	0.0000	0.0000	0.0000	0.0000	0.0000	0.0000	0.0000	0.0000	0.0000	0.0000	0.0000	0.0000	0.0000	0.0000			0.0000	0.0000	2.9998	6.7409	0.0063	3.0067	0.0000	0.0000	0.0000	0.0000	0.0000	0.0000	0.0000	0.0000	0.0000	0.0000	0.0000	0.0000	0.0000	0.0000	0.0000	0.0000	0.0000	0.0000	0.2035	0.1687	0.0348	0.0058	0.0056	0.0002	0.1977	0.1631	0.0346	0.0487	0.0231	0.0256	0.0016	0.0014	0.0002	0.0471	0.0217	0.0254
3	12	0.0904	11	2	1	1	0	1	1	1	0	0	0	1	1	0	0	0	0	0	0	Y	N	N	N	N	N	N	N	N	N	N	N	N	N	N	N	N	N	inf	inf	0.0000	inf	inf	0.0000	inf	inf	0.0000	0.0000	0.0000	0.0000	0.0001	0.0001	0.0000	0.0000	0.0000	0.0000	0.0000	0.0000	0.0000	0.0000	0.0000	0.0000	0.0000	0.0000	0.0000	0.0000		-0.0000	0.0000	2.9998	1.9827	0.0063	3.4053	0.0000	0.0000	0.0000	0.0000	0.0000	0.0000	0.0000	0.0000	0.0000	0.0000	0.0000	0.0000	0.0000	0.0000	0.0000	0.0000	0.0000	0.0000	0.0796	0.0681	0.0114	0.0122	0.0120	0.0002	0.0674	0.0561	0.0112	0.0501	0.0289	0.0212	0.0138	0.0134	0.0003	0.0364	0.0155	0.0209
3	14	0.1040	13	2	1	1	0	0	1	0	0	1	0	2	1	0	0	0	0	0	0	Y	N	N	N	Y	N	N	N	N	N	N	N	N	N	N	N	N	N	inf	inf	0.0000	0.0000	0.0000	0.0000	inf	inf	0.0000	4.9296	5.9603	0.0000	0.0000	0.0000	0.0000	5.1817	6.3196	0.0000	0.0000	0.0000	0.0000	0.0000	0.0000	0.0000	0.0000	0.0000	0.0000	0.0000		-0.3614	0.0000	2.9998	7.0048	0.0063	7.0851	0.9999	0.9999	0.0000	0.0000	0.0000	0.0000	0.9999	0.9999	0.0000	0.0000	0.0000	0.0000	0.0000	0.0000	0.0000	0.0000	0.0000	0.0000	0.2028	0.1678	0.0351	0.0099	0.0095	0.0003	0.1930	0.1582	0.0347	0.0785	0.0431	0.0353	0.0120	0.0112	0.0008	0.0664	0.0320	0.0345
3	15	0.0290	5	2	1	1	0	0	1	1	0	0	0	1	1	0	0	0	0	0	0	Y	N	N	N	N	N	N	N	N	N	N	N	N	N	N	N	N	N	73.4452	inf	0.0000	0.0000	0.0000	0.0000	71.5871	inf	0.0000	8.4491	10.2424	0.0000	0.0000	0.0000	0.0000	8.4977	10.3112	0.0000	0.1150	0.0000	0.2184	0.0000	0.0000	0.0000	0.1187	0.0000	0.2198	0.0000	inf	-0.3614	0.0020	2.9998	4.0000	0.0063	4.0000	0.9999	0.9999	0.0000	0.0000	0.0000	0.0000	0.9999	0.9999	0.0000	0.0047	0.0000	0.0047	0.0000	0.0000	0.0000	0.0047	0.0000	0.0047	0.1183	0.0976	0.0207	0.0007	0.0007	0.0000	0.1177	0.0970	0.0207	0.0406	0.0192	0.0214	0.0013	0.0011	0.0001	0.0393	0.0181	0.0212
3	16	0.0318	9	2	2	1	0	0	2	0	0	0	0	1	1	0	0	0	0	0	0	Y	Y	N	N	N	N	N	N	N	N	N	N	N	N	N	N	N	N	0.0000	0.0000	0.0000	0.0000	0.0000	0.0000	0.0000	0.0000	0.0000	0.0000	0.0000	0.0000	0.0000	0.0000	0.0000	0.0000	0.0000	0.0000	0.0000	0.0000	0.0000	0.0000	0.0000	0.0000	0.0000	0.0000	0.0000			0.0000	0.0000	2.9998	4.0000	0.0063	3.9999	0.0000	0.0000	0.0000	0.0000	0.0000	0.0000	0.0000	0.0000	0.0000	0.0000	0.0000	0.0000	0.0000	0.0000	0.0000	0.0000	0.0000	0.0000	0.1124	0.0921	0.0204	0.0015	0.0014	0.0001	0.1109	0.0906	0.0203	0.0394	0.0180	0.0213	0.0009	0.0008	0.0001	0.0385	0.0173	0.0212
3	17	0.0318	8	2	1	1	0	0	1	0	0	0	0	1	1	0	0	0	0	0	0	Y	N	N	N	N	N	N	N	N	N	N	N	N	N	N	N	N	N	0.0000	0.0000	0.0000	0.0000	0.0000	0.0000	0.0000	0.0000	0.0000	0.0000	0.0000	0.0000	0.0000	0.0000	0.0000	0.0000	0.0000	0.0000	0.0000	0.0000	0.0000	0.0000	0.0000	0.0000	0.0000	0.0000	0.0000			0.0000	0.0000	2.9998	0.0001	0.0063	0.0001	0.0000	0.0000	0.0000	0.0000	0.0000	0.0000	0.0000	0.0000	0.0000	0.0000	0.0000	0.0000	0.0000	0.0000	0.0000	0.0000	0.0000	0.0000	0.0000	0.0000	0.0000	0.0000	0.0000	0.0000	0.0000	0.0000	0.0000	0.0000	0.0000	0.0000	0.0000	0.0000	0.0000	0.0000	0.0000	0.0000
3	18	0.1212	13	2	1	1	0	0	1	0	0	0	0	2	1	0	0	0	0	0	0	Y	N	N	N	Y	N	N	N	N	N	N	N	N	N	N	N	N	N	0.0000	0.0000	0.0000	0.0000	0.0000	0.0000	0.0000	0.0000	0.0000	0.0000	0.0000	0.0000	0.0000	0.0000	0.0000	0.0000	0.0000	0.0000	0.0000	0.0000	0.0000	0.0000	0.0000	0.0000	0.0000	0.0000	0.0000			0.0000	0.0000	2.9998	0.0000	0.0063	1.0000	0.0000	0.0000	0.0000	0.0000	0.0000	0.0000	0.0000	0.0000	0.0000	0.0000	0.0000	0.0000	0.0000	0.0000	0.0000	0.0000	0.0000	0.0000	0.0000	0.0000	0.0000	0.0000	0.0000	0.0000	0.0000	0.0000	0.0000	0.0039	0.0019	0.0020	0.0004	0.0003	0.0001	0.0035	0.0016	0.0019
3	19	0.1133	12	2	1	0	0	0	1	0	0	0	1	1	2	0	0	0	0	0	0	Y	N	N	N	N	Y	N	N	N	N	N	N	N	N	N	N	N	N	0.0000	0.0000	0.0000	0.0000	0.0000	0.0000	0.0000	0.0000	0.0000	0.0000	0.0000	0.0000	0.0000	0.0000	0.0000	0.0000	0.0000	0.0000	0.0000	0.0000	0.0000	0.0000	0.0000	0.0000	0.0000	0.0000	0.0000			0.0000	0.0000	2.9998	1.0008	0.0063	0.0438	0.0000	0.0000	0.0000	0.0000	0.0000	0.0000	0.0000	0.0000	0.0000	0.0000	0.0000	0.0000	0.0000	0.0000	0.0000	0.0000	0.0000	0.0000	0.0357	0.0296	0.0060	0.0040	0.0040	0.0001	0.0316	0.0257	0.0060	0.0063	0.0034	0.0029	0.0010	0.0009	0.0001	0.0053	0.0025	0.0028
3	20	0.1040	13	2	1	1	0	0	1	0	0	0	0	1	1	0	0	0	0	0	0	Y	N	N	N	N	N	N	N	N	N	N	N	N	N	N	N	N	N	17.9500	12.7000	0.0000	53.5827	52.1252	0.0000	0.0000	0.0000	0.0000	0.0001	0.0001	0.0000	0.0015	0.0015	0.0000	0.0000	0.0000	0.0000	0.0000	0.0000	0.0000	0.0000	0.0000	0.0000	0.0000	0.0000	0.0000	0.0000	0.0000	-0.0000	-0.0000	2.9998	3.4426	0.0063	4.3893	0.0000	0.0000	0.0000	0.0000	0.0000	0.0000	0.0000	0.0000	0.0000	0.0000	0.0000	0.0000	0.0000	0.0000	0.0000	0.0000	0.0000	0.0000	0.1061	0.0881	0.0179	0.0069	0.0067	0.0002	0.0992	0.0814	0.0178	0.0512	0.0301	0.0211	0.0099	0.0094	0.0005	0.0413	0.0207	0.0206
3	21	0.0940	12	2	1	1	0	0	1	1	0	0	0	1	1	0	0	0	0	0	0	Y	N	N	N	N	N	N	N	N	N	N	N	N	N	N	N	N	N	10.1958	710.3248	0.0000	0.0000	0.0000	0.0000	9.4043	753.3787	0.0000	0.0002	0.0003	0.0000	0.0000	0.0000	0.0000	0.0002	0.0003	0.0000	0.0000	0.0000	0.0000	0.0000	0.0000	0.0000	0.0000	0.0000	0.0000	0.0000	111.0000	-0.0000	0.0000	2.9998	1.5916	0.0063	0.7482	0.0000	0.0000	0.0000	0.0000	0.0000	0.0000	0.0000	0.0000	0.0000	0.0000	0.0000	0.0000	0.0000	0.0000	0.0000	0.0000	0.0000	0.0000	0.0463	0.0380	0.0083	0.0013	0.0013	0.0001	0.0450	0.0367	0.0083	0.0127	0.0065	0.0062	0.0014	0.0012	0.0001	0.0113	0.0053	0.0061
3	22	0.2223	9	2	1	0	0	0	1	0	0	0	0	2	2	0	0	0	0	0	0	Y	N	N	N	Y	Y	N	N	N	N	N	N	N	N	N	N	N	N	inf	inf	0.0000	inf	inf	0.0000	inf	inf	0.0000	0.0014	0.0016	0.0000	0.0053	0.0057	0.0000	0.0011	0.0013	0.0000	0.0000	0.0000	0.0000	0.0000	0.0000	0.0000	0.0000	0.0000	0.0000	0.0000		-0.0000	0.0000	2.9998	2.0311	0.0063	5.0434	0.0001	0.0001	0.0000	0.0000	0.0000	0.0000	0.0001	0.0001	0.0000	0.0000	0.0000	0.0000	0.0000	0.0000	0.0000	0.0000	0.0000	0.0000	0.0585	0.0489	0.0095	0.0038	0.0035	0.0003	0.0547	0.0454	0.0092	0.0310	0.0152	0.0158	0.0020	0.0018	0.0002	0.0290	0.0134	0.0156
3	23	0.0940	12	2	1	0	0	0	1	0	0	0	1	1	2	0	0	0	0	0	0	Y	N	N	N	N	Y	N	N	N	N	N	N	N	N	N	N	N	N	0.0000	0.0000	0.0000	0.0000	0.0000	0.0000	0.0000	0.0000	0.0000	0.0000	0.0000	0.0000	0.0000	0.0000	0.0000	0.0000	0.0000	0.0000	0.0000	0.0000	0.0000	0.0000	0.0000	0.0000	0.0000	0.0000	0.0000			0.0000	0.0000	2.9998	2.9896	0.0063	2.0229	0.0000	0.0000	0.0000	0.0000	0.0000	0.0000	0.0000	0.0000	0.0000	0.0000	0.0000	0.0000	0.0000	0.0000	0.0000	0.0000	0.0000	0.0000	0.0860	0.0705	0.0155	0.0023	0.0022	0.0001	0.0837	0.0683	0.0154	0.0259	0.0129	0.0130	0.0024	0.0021	0.0003	0.0235	0.0108	0.0127
3	24	0.0860	11	2	1	0	0	0	1	0	0	0	0	1	1	0	0	0	0	0	0	Y	N	N	N	N	N	N	N	N	N	N	N	N	N	N	N	N	N	0.0000	0.0000	0.0000	0.0000	0.0000	0.0000	0.0000	0.0000	0.0000	0.0000	0.0000	0.0000	0.0000	0.0000	0.0000	0.0000	0.0000	0.0000	0.0000	0.0000	0.0000	0.0000	0.0000	0.0000	0.0000	0.0000	0.0000			0.0000	-0.0000	2.9998	0.3867	0.0063	2.3109	0.0000	0.0000	0.0000	0.0000	0.0000	0.0000	0.0000	0.0000	0.0000	0.0000	0.0000	0.0000	0.0000	0.0000	0.0000	0.0000	0.0000	0.0000	0.0178	0.0153	0.0025	0.0054	0.0051	0.0003	0.0124	0.0102	0.0022	0.0203	0.0123	0.0080	0.0044	0.0042	0.0002	0.0160	0.0082	0.0078
3	25	0.1133	12	2	1	1	0	0	1	1	0	0	0	1	1	0	0	0	0	0	0	Y	N	N	N	N	N	N	N	N	N	N	N	N	N	N	N	N	N	0.0000	0.0000	0.0000	0.0000	0.0000	0.0000	0.0000	0.0000	0.0000	0.0000	0.0000	0.0000	0.0000	0.0000	0.0000	0.0000	0.0000	0.0000	0.0000	0.0000	0.0000	0.0001	0.0002	0.0000	0.0000	0.0000	0.0000		0.0000	0.0000	-0.0000	2.9998	1.5075	0.0063	1.0180	0.0000	0.0000	0.0000	0.0000	0.0000	0.0000	0.0000	0.0000	0.0000	0.0000	0.0000	0.0000	0.0000	0.0000	0.0000	0.0000	0.0000	0.0000	0.0506	0.0419	0.0087	0.0046	0.0045	0.0001	0.0461	0.0374	0.0086	0.0136	0.0070	0.0066	0.0016	0.0014	0.0002	0.0120	0.0056	0.0064
3	26	0.0860	11	2	1	0	0	0	1	0	0	0	0	1	1	0	0	0	0	0	0	Y	N	N	N	N	N	N	N	N	N	N	N	N	N	N	N	N	N	0.0000	0.0000	0.0000	0.0000	0.0000	0.0000	0.0000	0.0000	0.0000	0.0000	0.0000	0.0000	0.0000	0.0000	0.0000	0.0000	0.0000	0.0000	0.0000	0.0000	0.0000	0.0000	0.0000	0.0000	0.0000	0.0000	0.0000		inf	0.0000	0.0000	2.9998	4.2500	0.0063	3.1084	0.0000	0.0000	0.0000	0.0000	0.0000	0.0000	0.0000	0.0000	0.0000	0.0000	0.0000	0.0000	0.0000	0.0000	0.0000	0.0000	0.0000	0.0000	0.1272	0.1050	0.0222	0.0079	0.0075	0.0004	0.1193	0.0975	0.0217	0.0428	0.0231	0.0197	0.0058	0.0054	0.0004	0.0370	0.0177	0.0193
3	27	0.0666	10	2	1	0	0	0	1	0	0	0	0	1	1	0	0	0	0	0	0	Y	N	N	N	N	N	N	N	N	N	N	N	N	N	N	N	N	N	0.0000	0.0000	0.0000	0.0000	0.0000	0.0000	0.0000	0.0000	0.0000	0.0000	0.0000	0.0000	0.0000	0.0000	0.0000	0.0000	0.0000	0.0000	0.0000	0.0000	0.0000	0.0000	0.0000	0.0000	0.0000	0.0000	0.0000			0.0000	-0.0000	2.9998	1.7810	0.0063	4.3857	0.0000	0.0000	0.0000	0.0000	0.0000	0.0000	0.0000	0.0000	0.0000	0.0000	0.0000	0.0000	0.0000	0.0000	0.0000	0.0000	0.0000	0.0000	0.0724	0.0621	0.0103	0.0108	0.0107	0.0001	0.0615	0.0514	0.0102	0.0445	0.0258	0.0187	0.0084	0.0082	0.0002	0.0362	0.0176	0.0185
3	28	0.0638	7	2	1	1	1	0	1	0	1	0	0	2	2	0	0	0	0	0	0	Y	N	N	N	Y	Y	N	N	N	N	N	N	N	N	N	N	N	N	0.0000	0.0000	0.0000	0.0000	0.0000	0.0000	0.0000	0.0000	0.0000	0.0000	0.0000	0.0000	0.0000	0.0000	0.0000	0.0000	0.0000	0.0000	0.0000	0.0000	0.0000	0.0000	0.0000	0.0000	0.0000	0.0000	0.0000			0.0000	0.0000	2.9998	0.0000	0.0063	0.0000	0.0000	0.0000	0.0000	0.0000	0.0000	0.0000	0.0000	0.0000	0.0000	0.0000	0.0000	0.0000	0.0000	0.0000	0.0000	0.0000	0.0000	0.0000	0.0000	0.0000	0.0000	0.0000	0.0000	0.0000	0.0000	0.0000	0.0000	0.0000	0.0000	0.0000	0.0000	0.0000	0.0000	0.0000	0.0000	0.0000
3	29	0.0638	7	2	1	1	0	0	1	0	0	0	0	2	2	0	0	0	0	0	0	Y	N	N	N	Y	Y	N	N	N	N	N	N	N	N	N	N	N	N	0.0000	0.0000	0.0000	0.0000	0.0000	0.0000	0.0000	0.0000	0.0000	0.0000	0.0000	0.0000	0.0000	0.0000	0.0000	0.0000	0.0000	0.0000	0.0000	0.0000	0.0000	0.0000	0.0000	0.0000	0.0000	0.0000	0.0000			0.0000	0.0000	2.9998	0.0000	0.0063	1.0000	0.0000	0.0000	0.0000	0.0000	0.0000	0.0000	0.0000	0.0000	0.0000	0.0000	0.0000	0.0000	0.0000	0.0000	0.0000	0.0000	0.0000	0.0000	0.0000	0.0000	0.0000	0.0000	0.0000	0.0000	0.0000	0.0000	0.0000	0.0047	0.0022	0.0025	0.0002	0.0002	0.0000	0.0045	0.0020	0.0025
3	30	0.0638	6	2	1	1	0	0	1	1	0	0	0	2	2	0	0	0	0	0	0	Y	N	N	N	Y	Y	N	N	N	N	N	N	N	N	N	N	N	N	0.0000	0.0000	0.0000	0.0000	0.0000	0.0000	0.0000	0.0000	0.0000	0.0000	0.0000	0.0000	0.0000	0.0000	0.0000	0.0000	0.0000	0.0000	0.0000	0.0000	0.0000	0.0000	0.0000	0.0000	0.0000	0.0000	0.0000			0.0000	0.0000	2.9998	0.0000	0.0063	0.0010	0.0000	0.0000	0.0000	0.0000	0.0000	0.0000	0.0000	0.0000	0.0000	0.0000	0.0000	0.0000	0.0000	0.0000	0.0000	0.0000	0.0000	0.0000	0.0000	0.0000	0.0000	0.0000	0.0000	0.0000	0.0000	0.0000	0.0000	0.0000	0.0000	0.0000	0.0000	0.0000	0.0000	0.0000	0.0000	0.0000
3	31	0.0611	5	2	1	0	0	0	1	0	0	0	0	2	2	0	0	0	0	0	0	Y	N	N	N	Y	Y	N	N	N	N	N	N	N	N	N	N	N	N	0.0000	0.0000	0.0000	0.0000	0.0000	0.0000	0.0000	0.0000	0.0000	0.0000	0.0000	0.0000	0.0000	0.0000	0.0000	0.0000	0.0000	0.0000	0.0000	0.0000	0.0000	0.0000	0.0000	0.0000	0.0000	0.0000	0.0000			0.0000	0.0000	2.9998	0.0008	0.0063	0.9932	0.0000	0.0000	0.0000	0.0000	0.0000	0.0000	0.0000	0.0000	0.0000	0.0000	0.0000	0.0000	0.0000	0.0000	0.0000	0.0000	0.0000	0.0000	0.0001	0.0001	0.0000	0.0000	0.0000	0.0000	0.0001	0.0000	0.0000	0.0049	0.0023	0.0025	0.0003	0.0003	0.0000	0.0046	0.0020	0.0025
3	35	0.0432	9	2	1	1	0	0	1	0	0	0	1	1	2	0	0	0	0	0	0	Y	N	N	N	N	Y	N	N	N	N	N	N	N	N	N	N	N	N	279787.3906	5343.0783	inf	30957.8438	31862.8556	0.0000	inf	0.0000	inf	0.0087	0.0003	0.0475	0.0079	0.0083	0.0000	0.0087	0.0000	0.0480	0.0000	0.0000	0.0000	0.0000	0.0000	0.0000	0.0000	0.0000	0.0000	31.6695	0.0000	0.0006	-0.0000	2.9998	4.0048	0.0063	3.3550	0.0010	0.0000	0.0009	0.0000	0.0000	0.0000	0.0009	0.0000	0.0009	0.0000	0.0000	0.0000	0.0000	0.0000	0.0000	0.0000	0.0000	0.0000	0.1125	0.0924	0.0200	0.0038	0.0036	0.0002	0.1086	0.0888	0.0198	0.0450	0.0231	0.0219	0.0055	0.0053	0.0002	0.0394	0.0177	0.0217
3	36	0.0318	8	2	1	1	0	0	1	0	0	0	0	1	1	0	0	0	0	0	0	Y	N	N	N	N	N	N	N	N	N	N	N	N	N	N	N	N	N	73284964.6907	0.3257	643696845.7965	inf	inf	0.0000	86818533.3969	0.0000	inf	11.2457	0.0000	64.3453	0.0000	0.0000	0.0000	11.3797	0.0000	64.5829	0.0000	0.0000	0.0000	0.0000	0.0000	0.0000	0.0000	0.0000	0.0000	195874525.7120	0.5263	0.6379	-0.0000	2.9998	2.9973	0.0063	0.6905	0.9990	0.0000	0.9990	0.0000	0.0000	0.0000	0.9990	0.0000	0.9990	0.0000	0.0000	0.0000	0.0000	0.0000	0.0000	0.0000	0.0000	0.0000	0.0888	0.0733	0.0155	0.0010	0.0010	0.0001	0.0878	0.0723	0.0155	0.0189	0.0089	0.0100	0.0006	0.0005	0.0001	0.0183	0.0084	0.0099
3	37	0.0318	7	2	1	1	0	1	1	1	0	0	0	1	1	0	0	0	0	0	0	Y	N	N	N	N	N	N	N	N	N	N	N	N	N	N	N	N	N	0.0000	0.0000	0.0000	0.0000	0.0000	0.0000	0.0000	0.0000	0.0000	0.0000	0.0000	0.0000	0.0000	0.0000	0.0000	0.0000	0.0000	0.0000	0.0000	0.0000	0.0000	0.0000	0.0000	0.0000	0.0000	0.0000	0.0000			0.0000	0.0000	2.9998	0.0022	0.0063	0.0001	0.0000	0.0000	0.0000	0.0000	0.0000	0.0000	0.0000	0.0000	0.0000	0.0000	0.0000	0.0000	0.0000	0.0000	0.0000	0.0000	0.0000	0.0000	0.0001	0.0001	0.0000	0.0000	0.0000	0.0000	0.0001	0.0001	0.0000	0.0000	0.0000	0.0000	0.0000	0.0000	0.0000	0.0000	0.0000	0.0000
3	38	0.2223	9	2	1	0	0	0	1	0	0	0	0	2	2	0	0	0	0	0	0	Y	N	N	N	Y	Y	N	N	N	N	N	N	N	N	N	N	N	N	0.0000	0.0000	0.0000	0.0000	0.0000	0.0000	0.0000	0.0000	0.0000	0.0000	0.0000	0.0000	0.0000	0.0000	0.0000	0.0000	0.0000	0.0000	0.0000	0.0000	0.0000	0.0000	0.0000	0.0000	0.0000	0.0000	0.0000			0.0000	0.0000	2.9998	0.0030	0.0063	2.0047	0.0000	0.0000	0.0000	0.0000	0.0000	0.0000	0.0000	0.0000	0.0000	0.0000	0.0000	0.0000	0.0000	0.0000	0.0000	0.0000	0.0000	0.0000	0.0011	0.0009	0.0002	0.0005	0.0005	0.0000	0.0005	0.0004	0.0002	0.0096	0.0049	0.0048	0.0009	0.0008	0.0001	0.0087	0.0040	0.0047
3	39	0.2075	8	2	1	0	0	1	1	0	0	1	1	2	2	0	0	0	0	0	0	Y	N	N	N	Y	Y	N	N	N	N	N	N	N	N	N	N	N	N	871.5104	642.4876	inf	424.0550	422.9761	inf	inf	inf	0.0000	0.0010	0.0011	0.0000	0.0012	0.0013	0.0000	0.0008	0.0009	0.0000	0.0000	0.0000	0.0000	0.0000	0.0000	0.0000	0.0000	0.0000	0.0000	0.0003	0.0000	-0.0001	-0.0000	2.9998	2.0135	0.0063	0.9920	0.0002	0.0002	0.0000	0.0001	0.0001	0.0000	0.0001	0.0001	0.0000	0.0000	0.0000	0.0000	0.0000	0.0000	0.0000	0.0000	0.0000	0.0000	0.2117	0.1920	0.0197	0.1003	0.0939	0.0064	0.1114	0.0981	0.0134	0.0414	0.0277	0.0137	0.0167	0.0156	0.0011	0.0247	0.0121	0.0126
3	40	0.0540	10	2	1	1	0	1	1	1	0	1	0	2	1	0	0	0	0	0	0	Y	N	N	N	Y	N	N	N	N	N	N	N	N	N	N	N	N	N	0.0000	0.0000	0.0000	0.0000	0.0000	0.0000	0.0000	0.0000	0.0000	0.0000	0.0000	0.0000	0.0000	0.0000	0.0000	0.0000	0.0000	0.0000	0.0000	0.0000	0.0000	0.0000	0.0000	0.0000	0.0000	0.0000	0.0000			0.0000	0.0000	2.9998	5.0282	0.0063	8.9849	0.0000	0.0000	0.0000	0.0000	0.0000	0.0000	0.0000	0.0000	0.0000	0.0000	0.0000	0.0000	0.0000	0.0000	0.0000	0.0000	0.0000	0.0000	0.1497	0.1238	0.0259	0.0040	0.0037	0.0003	0.1457	0.1201	0.0256	0.0683	0.0333	0.0350	0.0029	0.0026	0.0002	0.0654	0.0306	0.0348
3	41	0.2034	13	1	1	0	0	0	1	0	0	1	0	2	1	0	0	0	0	0	0	N	N	N	N	Y	N	N	N	N	N	N	N	N	N	N	N	N	N	3.7384	2.6849	0.0000	4.3941	4.2205	0.0000	0.0000	0.0000	0.0000	0.0001	0.0001	0.0000	0.0003	0.0003	0.0000	0.0000	0.0000	0.0000	0.0000	0.0000	0.0000	0.0001	0.0001	0.0000	0.0000	0.0000	0.0000	0.0000	0.0000	-0.0000	-0.0000	2.9998	13.0332	0.0063	41.9092	0.0000	0.0000	0.0000	0.0000	0.0000	0.0000	0.0000	0.0000	0.0000	0.0000	0.0000	0.0000	0.0000	0.0000	0.0000	0.0000	0.0000	0.0000	0.5758	0.5008	0.0750	0.1589	0.1517	0.0073	0.4169	0.3491	0.0678	0.3278	0.2047	0.1230	0.1063	0.0975	0.0089	0.2214	0.1073	0.1142
3	42	0.0516	9	2	1	1	0	1	1	1	0	0	0	1	1	0	0	0	0	0	0	Y	N	N	N	N	N	N	N	N	N	N	N	N	N	N	N	N	N	0.0000	0.0000	0.0000	0.0000	0.0000	0.0000	0.0000	0.0000	0.0000	0.0000	0.0000	0.0000	0.0000	0.0000	0.0000	0.0000	0.0000	0.0000	0.0000	0.0000	0.0000	0.0000	0.0000	0.0000	0.0000	0.0000	0.0000			0.0000	0.0000	2.9998	2.0001	0.0063	2.0031	0.0000	0.0000	0.0000	0.0000	0.0000	0.0000	0.0000	0.0000	0.0000	0.0000	0.0000	0.0000	0.0000	0.0000	0.0000	0.0000	0.0000	0.0000	0.0602	0.0497	0.0105	0.0014	0.0013	0.0001	0.0588	0.0484	0.0104	0.0204	0.0099	0.0105	0.0009	0.0008	0.0001	0.0195	0.0091	0.0104
3	43	0.0150	2	2	1	0	0	0	1	0	0	0	0	2	2	0	0	0	0	0	0	Y	N	N	N	Y	Y	N	N	N	N	N	N	N	N	N	N	N	N	324671.3335	0.0000	24864536.2996	0.0000	0.0000	0.0000	8165409.8567	0.0000	24863259.5333	8.4554	0.0000	48.0269	0.0000	0.0000	0.0000	8.4579	0.0000	48.0271	0.0000	0.0001	0.0000	0.0021	0.0021	0.0000	0.0000	0.0000	0.0000	inf	0.0409	0.6379	-0.0000	2.9998	3.9996	0.0063	6.0133	0.9990	0.0000	0.9990	0.0000	0.0000	0.0000	0.9990	0.0000	0.9990	0.0000	0.0000	0.0000	0.0000	0.0000	0.0000	0.0000	0.0000	0.0000	0.1181	0.0973	0.0208	0.0000	0.0000	0.0000	0.1181	0.0973	0.0208	0.0513	0.0241	0.0272	0.0006	0.0006	0.0000	0.0507	0.0235	0.0272
3	45	0.0828	12	2	1	1	0	0	1	0	0	0	0	1	1	0	0	0	0	0	0	Y	N	N	N	N	N	N	N	N	N	N	N	N	N	N	N	N	N	0.0000	0.0000	0.0000	0.0000	0.0000	0.0000	0.0000	0.0000	0.0000	0.0000	0.0000	0.0000	0.0000	0.0000	0.0000	0.0000	0.0000	0.0000	0.0001	0.0000	0.0003	0.0006	0.0000	0.0073	0.0001	0.0000	0.0002		inf	0.0000	0.0000	2.9998	28.1541	0.0063	22.5093	0.0000	0.0000	0.0000	0.0000	0.0000	0.0000	0.0000	0.0000	0.0000	0.0000	0.0000	0.0000	0.0000	0.0000	0.0000	0.0000	0.0000	0.0000	0.7501	0.6265	0.1236	0.0273	0.0255	0.0018	0.7228	0.6010	0.1218	0.2174	0.1118	0.1056	0.0178	0.0164	0.0014	0.1997	0.0954	0.1043
3	46	0.0804	11	2	1	1	0	1	1	1	0	0	0	1	1	0	0	0	0	0	0	Y	N	N	N	N	N	N	N	N	N	N	N	N	N	N	N	N	N	0.0000	0.0000	0.0000	0.0000	0.0000	0.0000	0.0000	0.0000	0.0000	0.0000	0.0000	0.0000	0.0000	0.0000	0.0000	0.0000	0.0000	0.0000	0.0000	0.0000	0.0000	0.0000	0.0000	0.0006	0.0000	0.0000	0.0000		0.9977	0.0000	-0.0000	2.9998	0.7642	0.0063	1.7872	0.0000	0.0000	0.0000	0.0000	0.0000	0.0000	0.0000	0.0000	0.0000	0.0000	0.0000	0.0000	0.0000	0.0000	0.0000	0.0000	0.0000	0.0000	0.0434	0.0382	0.0051	0.0116	0.0112	0.0005	0.0317	0.0270	0.0047	0.0275	0.0175	0.0101	0.0081	0.0080	0.0001	0.0194	0.0094	0.0100
3	47	0.0855	11	2	1	1	0	0	1	0	0	0	0	1	1	0	0	0	0	0	0	Y	N	N	N	N	N	N	N	N	N	N	N	N	N	N	N	N	N	0.0000	0.0000	0.0000	0.0000	0.0000	0.0000	0.0000	0.0000	0.0000	0.0000	0.0000	0.0000	0.0000	0.0000	0.0000	0.0000	0.0000	0.0000	0.0000	0.0000	0.0000	0.0000	0.0000	0.0000	0.0000	0.0000	0.0000		0.0000	0.0000	-0.0000	2.9998	9.7242	0.0063	5.3244	0.0000	0.0000	0.0000	0.0000	0.0000	0.0000	0.0000	0.0000	0.0000	0.0000	0.0000	0.0000	0.0000	0.0000	0.0000	0.0000	0.0000	0.0000	0.2738	0.2257	0.0481	0.0102	0.0096	0.0006	0.2636	0.2161	0.0475	0.0766	0.0380	0.0386	0.0067	0.0063	0.0004	0.0699	0.0317	0.0381
3	48	0.0666	10	2	1	1	0	0	1	1	0	0	0	1	1	0	0	0	0	0	0	Y	N	N	N	N	N	N	N	N	N	N	N	N	N	N	N	N	N	0.0000	0.0000	0.0000	0.0000	0.0000	0.0000	0.0000	0.0000	0.0000	0.0000	0.0000	0.0000	0.0000	0.0000	0.0000	0.0000	0.0000	0.0000	0.0000	0.0000	0.0000	0.0000	0.0000	0.0000	0.0000	0.0000	0.0000		1.5372	0.0000	0.0000	2.9998	1.4138	0.0063	4.9848	0.0000	0.0000	0.0000	0.0000	0.0000	0.0000	0.0000	0.0000	0.0000	0.0000	0.0000	0.0000	0.0000	0.0000	0.0000	0.0000	0.0000	0.0000	0.0614	0.0531	0.0084	0.0105	0.0105	0.0001	0.0509	0.0426	0.0083	0.0456	0.0263	0.0193	0.0084	0.0082	0.0002	0.0372	0.0181	0.0191
3	49	0.0560	9	2	1	0	0	1	1	0	0	0	0	1	1	0	0	0	0	0	0	Y	N	N	N	N	N	N	N	N	N	N	N	N	N	N	N	N	N	0.0000	0.0000	0.0000	0.0000	0.0000	0.0000	0.0000	0.0000	0.0000	0.0000	0.0000	0.0000	0.0000	0.0000	0.0000	0.0000	0.0000	0.0000	0.0000	0.0000	0.0000	0.0000	0.0000	0.0000	0.0000	0.0000	0.0000			0.0000	-0.0000	2.9998	2.4585	0.0063	2.2382	0.0000	0.0000	0.0000	0.0000	0.0000	0.0000	0.0000	0.0000	0.0000	0.0000	0.0000	0.0000	0.0000	0.0000	0.0000	0.0000	0.0000	0.0000	0.0740	0.0611	0.0129	0.0017	0.0016	0.0001	0.0723	0.0595	0.0128	0.0298	0.0168	0.0130	0.0040	0.0039	0.0001	0.0258	0.0129	0.0129
3	50	0.0611	5	2	1	0	1	0	1	0	1	0	0	2	2	0	0	0	0	0	0	Y	N	N	N	Y	Y	N	N	N	N	N	N	N	N	N	N	N	N	0.0000	0.0000	0.0000	0.0000	0.0000	0.0000	0.0000	0.0000	0.0000	0.0000	0.0000	0.0000	0.0000	0.0000	0.0000	0.0000	0.0000	0.0000	0.0000	0.0000	0.0000	0.0000	0.0000	0.0000	0.0000	0.0000	0.0000			0.0000	0.0000	2.9998	0.9995	0.0063	1.0067	0.0000	0.0000	0.0000	0.0000	0.0000	0.0000	0.0000	0.0000	0.0000	0.0000	0.0000	0.0000	0.0000	0.0000	0.0000	0.0000	0.0000	0.0000	0.0295	0.0245	0.0050	0.0016	0.0015	0.0001	0.0278	0.0229	0.0049	0.0096	0.0045	0.0051	0.0005	0.0004	0.0000	0.0091	0.0041	0.0051
3	51	0.0236	4	2	1	0	0	0	1	0	0	1	1	2	2	0	0	0	0	0	0	Y	N	N	N	Y	Y	N	N	N	N	N	N	N	N	N	N	N	N	0.0000	0.0000	0.0000	0.0000	0.0000	0.0000	0.0000	0.0000	0.0000	0.0000	0.0000	0.0000	0.0000	0.0000	0.0000	0.0000	0.0000	0.0000	0.0000	0.0000	0.0000	0.0001	0.0001	0.0010	0.0000	0.0000	0.0000		3.4085	0.0000	0.0000	2.9998	11.0065	0.0063	2.0630	0.0000	0.0000	0.0000	0.0000	0.0000	0.0000	0.0000	0.0000	0.0000	0.0000	0.0000	0.0000	0.0000	0.0000	0.0000	0.0000	0.0000	0.0000	0.3152	0.2606	0.0546	0.0019	0.0018	0.0001	0.3133	0.2588	0.0545	0.0659	0.0314	0.0346	0.0020	0.0019	0.0001	0.0639	0.0295	0.0344
3	52	0.2634	9	2	1	1	0	1	1	1	0	0	0	1	1	0	0	0	0	0	0	Y	N	N	N	N	N	N	N	N	N	N	N	N	N	N	N	N	N	0.0000	0.0000	0.0000	0.0000	0.0000	0.0000	0.0000	0.0000	0.0000	0.0000	0.0000	0.0000	0.0000	0.0000	0.0000	0.0000	0.0000	0.0000	0.0000	0.0000	0.0000	0.0000	0.0000	0.0000	0.0000	0.0000	0.0000		0.0000	0.0000	-0.0000	2.9998	6.1530	0.0063	9.3095	0.0000	0.0000	0.0000	0.0000	0.0000	0.0000	0.0000	0.0000	0.0000	0.0000	0.0000	0.0000	0.0000	0.0000	0.0000	0.0000	0.0000	0.0000	0.1830	0.1542	0.0288	0.0203	0.0186	0.0017	0.1627	0.1356	0.0271	0.0705	0.0376	0.0330	0.0094	0.0088	0.0006	0.0612	0.0288	0.0324
3	56	0.0150	3	2	1	1	0	0	1	1	0	0	0	1	1	0	0	0	0	0	0	Y	N	N	N	N	N	N	N	N	N	N	N	N	N	N	N	N	N	75.2243	42.9496	0.0000	3694.1294	3695.5700	0.0000	0.0000	0.0000	0.0000	0.0022	0.0027	0.0000	8.2471	8.2703	0.0000	0.0000	0.0000	0.0000	0.0000	0.0001	0.0000	0.0022	0.0022	0.0000	0.0000	0.0000	0.0000	0.0000	0.0000	-0.0001	-0.0000	2.9998	5.0004	0.0063	3.0004	0.0003	0.0003	0.0000	0.0003	0.0003	0.0000	0.0000	0.0000	0.0000	0.0000	0.0000	0.0000	0.0000	0.0000	0.0000	0.0000	0.0000	0.0000	0.1470	0.1212	0.0258	0.0000	0.0000	0.0000	0.1470	0.1211	0.0258	0.0415	0.0195	0.0220	0.0006	0.0006	0.0000	0.0409	0.0190	0.0219
3	63	0.1164	12	1	1	1	0	0	1	0	0	0	0	2	1	0	0	0	0	0	0	N	N	N	N	Y	N	N	N	N	N	N	N	N	N	N	N	N	N	inf	inf	0.0000	0.0000	0.0000	0.0000	inf	inf	0.0000	28.0517	32.9116	0.0000	0.0000	0.0000	0.0000	32.3819	38.8642	0.0000	0.0000	0.0000	0.0000	0.0000	0.0000	0.0000	0.0000	0.0000	0.0000	0.0000		-0.3611	0.0000	2.9998	1.0003	0.0063	0.7584	0.9989	0.9989	0.0000	0.0000	0.0000	0.0000	0.9989	0.9989	0.0000	0.0000	0.0000	0.0000	0.0000	0.0000	0.0000	0.0000	0.0000	0.0000	0.0356	0.0304	0.0053	0.0048	0.0046	0.0001	0.0308	0.0257	0.0051	0.0160	0.0102	0.0058	0.0056	0.0048	0.0008	0.0105	0.0054	0.0050
3	65	0.1176	12	1	1	0	0	0	1	0	0	0	1	1	2	0	0	0	0	0	0	N	N	N	N	N	Y	N	N	N	N	N	N	N	N	N	N	N	N	0.0000	0.0000	0.0000	0.0000	0.0000	0.0000	0.0000	0.0000	0.0000	0.0000	0.0000	0.0000	0.0000	0.0000	0.0000	0.0000	0.0000	0.0000	0.0000	0.0000	0.0000	0.0000	0.0000	0.0000	0.0000	0.0000	0.0000			0.0000	0.0000	2.9998	0.0006	0.0063	2.0029	0.0000	0.0000	0.0000	0.0000	0.0000	0.0000	0.0000	0.0000	0.0000	0.0000	0.0000	0.0000	0.0000	0.0000	0.0000	0.0000	0.0000	0.0000	0.0000	0.0000	0.0000	0.0000	0.0000	0.0000	0.0000	0.0000	0.0000	0.0097	0.0048	0.0048	0.0009	0.0008	0.0001	0.0087	0.0040	0.0047
3	66	0.1176	13	1	1	0	0	0	1	0	0	0	1	1	2	0	0	0	0	0	0	N	N	N	N	N	Y	N	N	N	N	N	N	N	N	N	N	N	N	0.0000	0.0000	0.0000	0.0000	0.0000	0.0000	0.0000	0.0000	0.0000	0.0000	0.0000	0.0000	0.0000	0.0000	0.0000	0.0000	0.0000	0.0000	0.0005	0.0000	0.0010	0.0019	0.0000	0.0134	0.0004	0.0000	0.0007		inf	0.0000	0.0000	2.9998	5.0001	0.0063	8.0020	0.0000	0.0000	0.0000	0.0000	0.0000	0.0000	0.0000	0.0000	0.0000	0.0000	0.0000	0.0000	0.0000	0.0000	0.0000	0.0000	0.0000	0.0000	0.1393	0.1149	0.0245	0.0079	0.0074	0.0005	0.1315	0.1075	0.0240	0.0588	0.0286	0.0302	0.0053	0.0046	0.0007	0.0535	0.0240	0.0295
3	69	0.1212	13	2	1	1	0	0	1	0	0	0	0	2	1	0	0	0	0	0	0	Y	N	N	N	Y	N	N	N	N	N	N	N	N	N	N	N	N	N	0.0000	0.0000	0.0000	0.0000	0.0000	0.0000	0.0000	0.0000	0.0000	0.0000	0.0000	0.0000	0.0000	0.0000	0.0000	0.0000	0.0000	0.0000	0.0000	0.0000	0.0000	0.0000	0.0000	0.0000	0.0000	0.0000	0.0000			0.0000	0.0000	2.9998	0.0000	0.0063	0.0000	0.0000	0.0000	0.0000	0.0000	0.0000	0.0000	0.0000	0.0000	0.0000	0.0000	0.0000	0.0000	0.0000	0.0000	0.0000	0.0000	0.0000	0.0000	0.0000	0.0000	0.0000	0.0000	0.0000	0.0000	0.0000	0.0000	0.0000	0.0000	0.0000	0.0000	0.0000	0.0000	0.0000	0.0000	0.0000	0.0000
3	70	0.1164	12	2	1	1	0	1	1	0	0	0	0	2	1	0	0	0	0	0	0	Y	N	N	N	Y	N	N	N	N	N	N	N	N	N	N	N	N	N	4820.8991	3621.2245	0.0000	12830.5483	11264.0896	0.0000	0.0000	0.0000	0.0000	0.0146	0.0171	0.0000	0.1092	0.1118	0.0000	0.0000	0.0000	0.0000	0.0000	0.0000	0.0000	0.0000	0.0000	0.0000	0.0000	0.0000	0.0000	0.0000	0.0000	-0.0002	-0.0000	2.9998	0.9999	0.0063	0.6468	0.0005	0.0005	0.0000	0.0005	0.0005	0.0000	0.0000	0.0000	0.0000	0.0000	0.0000	0.0000	0.0000	0.0000	0.0000	0.0000	0.0000	0.0000	0.0356	0.0303	0.0053	0.0048	0.0046	0.0001	0.0308	0.0257	0.0051	0.0155	0.0099	0.0056	0.0055	0.0047	0.0008	0.0100	0.0052	0.0048
3	71	0.1059	11	1	1	1	0	0	1	1	0	1	0	2	1	0	0	0	0	0	0	N	N	N	N	Y	N	N	N	N	N	N	N	N	N	N	N	N	N	2737.9941	inf	0.0000	0.0000	0.0000	0.0000	3017.7183	inf	0.0000	0.0079	0.0091	0.0000	0.0000	0.0000	0.0000	0.0098	0.0116	0.0000	0.0000	0.0000	0.0000	0.0000	0.0000	0.0000	0.0000	0.0000	0.0000	0.0000	inf	-0.0002	0.0000	2.9998	1.5692	0.0063	1.6165	0.0005	0.0005	0.0000	0.0000	0.0000	0.0000	0.0005	0.0005	0.0000	0.0000	0.0000	0.0000	0.0000	0.0000	0.0000	0.0000	0.0000	0.0000	0.0654	0.0569	0.0085	0.0123	0.0121	0.0002	0.0531	0.0448	0.0083	0.0162	0.0082	0.0079	0.0017	0.0015	0.0002	0.0145	0.0067	0.0078
4	5	0.0811	10	1	0	0	0	0	0	0	0	0	1	1	2	0	0	0	0	0	0	N	N	N	N	N	Y	N	N	N	N	N	N	N	N	N	N	N	N	27.9713	21.4371	0.0000	0.4806	0.5325	0.0000	310.9163	371.9469	0.0000	0.0084	0.0098	0.0000	0.0006	0.0006	0.0000	0.0101	0.0121	0.0000	0.0003	0.0005	0.0001	0.0013	0.0012	0.0044	0.0000	0.0000	0.0000	0.0000	0.1823	-0.0000	-0.0000	0.0017	5.1554	2.0142	4.7254	0.0000	0.0000	0.0000	0.0000	0.0000	0.0000	0.0000	0.0000	0.0000	0.0000	0.0000	0.0000	0.0000	0.0000	0.0000	0.0000	0.0000	0.0000	0.0001	0.0001	0.0000	0.0000	0.0000	0.0000	0.0001	0.0001	0.0000	0.0486	0.0272	0.0215	0.0105	0.0101	0.0004	0.0381	0.0170	0.0211
4	6	0.0224	8	2	0	1	0	0	0	0	0	1	0	2	1	0	0	0	0	0	0	Y	N	N	N	Y	N	N	N	N	N	N	N	N	N	N	N	N	N	0.0000	0.0000	0.0000	0.0000	0.0000	0.0000	0.0000	0.0000	0.0000	0.0000	0.0000	0.0000	0.0000	0.0000	0.0000	0.0000	0.0000	0.0000	0.0000	0.0000	0.0000	0.0000	0.0000	0.0000	0.0000	0.0000	0.0000			0.0000	0.0000	0.0017	5.0000	2.0142	3.0000	0.0000	0.0000	0.0000	0.0000	0.0000	0.0000	0.0000	0.0000	0.0000	0.0000	0.0000	0.0000	0.0000	0.0000	0.0000	0.0000	0.0000	0.0000	0.0001	0.0001	0.0000	0.0000	0.0000	0.0000	0.0001	0.0001	0.0000	0.0242	0.0112	0.0131	0.0006	0.0006	0.0001	0.0236	0.0106	0.0130
4	8	0.0338	8	2	0	1	0	0	0	0	0	0	0	1	1	0	0	0	0	0	0	Y	N	N	N	N	N	N	N	N	N	N	N	N	N	N	N	N	N	28380.6135	inf	126392.4626	inf	inf	0.0000	inf	0.0000	inf	0.0018	0.0001	0.0118	0.0007	0.0007	0.0000	0.0021	0.0000	0.0119	0.0000	0.0000	0.0000	0.0000	0.0000	0.0000	0.0000	0.0000	0.0000	14.9020	inf	0.0000	0.0000	0.0017	2.0057	2.0142	2.9927	0.0000	0.0000	0.0000	0.0000	0.0000	0.0000	0.0000	0.0000	0.0000	0.0000	0.0000	0.0000	0.0000	0.0000	0.0000	0.0000	0.0000	0.0000	0.0000	0.0000	0.0000	0.0000	0.0000	0.0000	0.0000	0.0000	0.0000	0.0230	0.0123	0.0107	0.0036	0.0036	0.0001	0.0194	0.0087	0.0107
4	9	0.0545	5	2	0	0	1	0	0	0	1	0	0	2	2	0	0	0	0	0	0	Y	N	N	N	Y	Y	N	N	N	N	N	N	N	N	N	N	N	N	inf	0.0000	inf	0.0000	0.0000	0.0000	inf	0.0000	inf	1.3791	0.0000	9.5934	0.0000	0.0000	0.0000	1.6454	0.0000	9.7887	0.0000	0.0000	0.0000	0.0000	0.0000	0.0000	0.0000	0.0000	0.0000	inf		0.0000	0.0000	0.0017	2.0000	2.0142	0.0000	0.0001	0.0000	0.0001	0.0000	0.0000	0.0000	0.0001	0.0000	0.0001	0.0000	0.0000	0.0000	0.0000	0.0000	0.0000	0.0000	0.0000	0.0000	0.0000	0.0000	0.0000	0.0000	0.0000	0.0000	0.0000	0.0000	0.0000	0.0065	0.0031	0.0034	0.0003	0.0003	0.0000	0.0061	0.0027	0.0034
4	10	0.0734	11	2	0	1	0	0	0	0	0	0	0	1	1	0	0	0	0	0	0	Y	N	N	N	N	N	N	N	N	N	N	N	N	N	N	N	N	N	0.0000	0.0000	0.0000	0.0000	0.0000	0.0000	0.0000	0.0000	0.0000	0.0000	0.0000	0.0000	0.0000	0.0000	0.0000	0.0000	0.0000	0.0000	0.0002	0.0004	0.0000	0.0014	0.0014	0.0011	0.0000	0.0000	0.0000		0.0431	0.0000	-0.0000	0.0017	6.0507	2.0142	3.5023	0.0000	0.0000	0.0000	0.0000	0.0000	0.0000	0.0000	0.0000	0.0000	0.0000	0.0000	0.0000	0.0000	0.0000	0.0000	0.0000	0.0000	0.0000	0.0001	0.0001	0.0000	0.0000	0.0000	0.0000	0.0001	0.0001	0.0000	0.0406	0.0227	0.0179	0.0065	0.0063	0.0002	0.0341	0.0164	0.0177
4	11	0.0227	6	2	0	1	0	1	0	1	0	1	0	2	1	0	0	0	0	0	0	Y	N	N	N	Y	N	N	N	N	N	N	N	N	N	N	N	N	N	0.0000	0.0000	0.0000	0.0000	0.0000	0.0000	0.0000	0.0000	0.0000	0.0000	0.0000	0.0000	0.0000	0.0000	0.0000	0.0000	0.0000	0.0000	0.0000	0.0000	0.0000	0.0000	0.0000	0.0000	0.0000	0.0000	0.0000			0.0000	0.0000	0.0017	6.7409	2.0142	3.0067	0.0000	0.0000	0.0000	0.0000	0.0000	0.0000	0.0000	0.0000	0.0000	0.0000	0.0000	0.0000	0.0000	0.0000	0.0000	0.0000	0.0000	0.0000	0.0001	0.0001	0.0000	0.0000	0.0000	0.0000	0.0001	0.0001	0.0000	0.0336	0.0162	0.0174	0.0014	0.0013	0.0001	0.0322	0.0149	0.0172
4	12	0.0811	10	2	0	1	0	1	0	1	0	0	0	1	1	0	0	0	0	0	0	Y	N	N	N	N	N	N	N	N	N	N	N	N	N	N	N	N	N	538655.6029	inf	0.0000	9639.7804	inf	0.0000	inf	inf	0.0000	0.0189	0.0217	0.0000	0.0011	0.0011	0.0000	0.0239	0.0284	0.0000	0.0000	0.0000	0.0000	0.0000	0.0000	0.0000	0.0000	0.0000	0.0000	0.0000	inf	-0.0000	0.0000	0.0017	1.9827	2.0142	3.4053	0.0000	0.0000	0.0000	0.0000	0.0000	0.0000	0.0000	0.0000	0.0000	0.0000	0.0000	0.0000	0.0000	0.0000	0.0000	0.0000	0.0000	0.0000	0.0001	0.0000	0.0000	0.0000	0.0000	0.0000	0.0000	0.0000	0.0000	0.0342	0.0198	0.0144	0.0095	0.0092	0.0002	0.0247	0.0106	0.0141
4	14	0.0946	12	2	0	1	0	0	0	0	0	1	0	2	1	0	0	0	0	0	0	Y	N	N	N	Y	N	N	N	N	N	N	N	N	N	N	N	N	N	inf	inf	0.0000	0.0000	0.0000	0.0000	inf	inf	0.0000	0.5198	0.6073	0.0000	0.0000	0.0000	0.0000	0.6218	0.7501	0.0000	0.0000	0.0000	0.0000	0.0000	0.0000	0.0000	0.0000	0.0000	0.0000	0.0000		-0.0000	-0.0000	0.0017	7.0048	2.0142	7.0851	0.0001	0.0001	0.0000	0.0000	0.0000	0.0000	0.0001	0.0001	0.0000	0.0000	0.0000	0.0000	0.0000	0.0000	0.0000	0.0000	0.0000	0.0000	0.0002	0.0001	0.0000	0.0000	0.0000	0.0000	0.0001	0.0001	0.0000	0.0534	0.0295	0.0239	0.0083	0.0077	0.0006	0.0451	0.0218	0.0234
4	15	0.0196	4	2	0	1	0	0	0	1	0	0	0	1	1	0	0	0	0	0	0	Y	N	N	N	N	N	N	N	N	N	N	N	N	N	N	N	N	N	0.0257	13442.0884	0.0000	0.0000	0.0000	0.0000	0.0281	inf	0.0000	0.9139	1.0728	0.0000	0.0000	0.0000	0.0000	1.0416	1.2530	0.0000	35.5744	0.0001	68.5691	0.0010	0.0011	0.0000	37.0427	0.0000	69.0171	0.0000	926364.8057	-0.0000	0.4211	0.0017	4.0000	2.0142	4.0000	0.0001	0.0001	0.0000	0.0000	0.0000	0.0000	0.0001	0.0001	0.0000	0.9951	0.0000	0.9951	0.0000	0.0000	0.0000	0.9951	0.0000	0.9951	0.0001	0.0001	0.0000	0.0000	0.0000	0.0000	0.0001	0.0001	0.0000	0.0280	0.0135	0.0145	0.0011	0.0010	0.0001	0.0269	0.0124	0.0144
4	16	0.0224	8	2	1	1	0	0	1	0	0	0	0	1	1	0	0	0	0	0	0	Y	N	N	N	N	N	N	N	N	N	N	N	N	N	N	N	N	N	0.0000	0.0000	0.0000	0.0000	0.0000	0.0000	0.0000	0.0000	0.0000	0.0000	0.0000	0.0000	0.0000	0.0000	0.0000	0.0000	0.0000	0.0000	0.0000	0.0000	0.0000	0.0000	0.0000	0.0000	0.0000	0.0000	0.0000			0.0000	0.0000	0.0017	4.0000	2.0142	3.9999	0.0000	0.0000	0.0000	0.0000	0.0000	0.0000	0.0000	0.0000	0.0000	0.0000	0.0000	0.0000	0.0000	0.0000	0.0000	0.0000	0.0000	0.0000	0.0001	0.0001	0.0000	0.0000	0.0000	0.0000	0.0001	0.0001	0.0000	0.0268	0.0124	0.0145	0.0007	0.0006	0.0001	0.0261	0.0118	0.0144
4	17	0.0224	7	2	0	1	0	0	0	0	0	0	0	1	1	0	0	0	0	0	0	Y	N	N	N	N	N	N	N	N	N	N	N	N	N	N	N	N	N	0.0000	0.0000	0.0000	0.0000	0.0000	0.0000	0.0000	0.0000	0.0000	0.0000	0.0000	0.0000	0.0000	0.0000	0.0000	0.0000	0.0000	0.0000	0.0000	0.0000	0.0000	0.0000	0.0000	0.0000	0.0000	0.0000	0.0000			0.0000	0.0000	0.0017	0.0001	2.0142	0.0001	0.0000	0.0000	0.0000	0.0000	0.0000	0.0000	0.0000	0.0000	0.0000	0.0000	0.0000	0.0000	0.0000	0.0000	0.0000	0.0000	0.0000	0.0000	0.0000	0.0000	0.0000	0.0000	0.0000	0.0000	0.0000	0.0000	0.0000	0.0000	0.0000	0.0000	0.0000	0.0000	0.0000	0.0000	0.0000	0.0000
4	18	0.1119	12	2	0	1	0	0	0	0	0	0	0	2	1	0	0	0	0	0	0	Y	N	N	N	Y	N	N	N	N	N	N	N	N	N	N	N	N	N	0.0000	0.0000	0.0000	0.0000	0.0000	0.0000	0.0000	0.0000	0.0000	0.0000	0.0000	0.0000	0.0000	0.0000	0.0000	0.0000	0.0000	0.0000	0.0000	0.0000	0.0000	0.0000	0.0000	0.0000	0.0000	0.0000	0.0000			0.0000	0.0000	0.0017	0.0000	2.0142	1.0000	0.0000	0.0000	0.0000	0.0000	0.0000	0.0000	0.0000	0.0000	0.0000	0.0000	0.0000	0.0000	0.0000	0.0000	0.0000	0.0000	0.0000	0.0000	0.0000	0.0000	0.0000	0.0000	0.0000	0.0000	0.0000	0.0000	0.0000	0.0026	0.0013	0.0013	0.0002	0.0002	0.0000	0.0024	0.0011	0.0013
4	19	0.1039	11	2	0	0	0	0	0	0	0	0	1	1	2	0	0	0	0	0	0	Y	N	N	N	N	Y	N	N	N	N	N	N	N	N	N	N	N	N	0.0000	0.0000	0.0000	0.0000	0.0000	0.0000	0.0000	0.0000	0.0000	0.0000	0.0000	0.0000	0.0000	0.0000	0.0000	0.0000	0.0000	0.0000	0.0000	0.0000	0.0000	0.0000	0.0000	0.0000	0.0000	0.0000	0.0000			0.0000	0.0000	0.0017	1.0008	2.0142	0.0438	0.0000	0.0000	0.0000	0.0000	0.0000	0.0000	0.0000	0.0000	0.0000	0.0000	0.0000	0.0000	0.0000	0.0000	0.0000	0.0000	0.0000	0.0000	0.0000	0.0000	0.0000	0.0000	0.0000	0.0000	0.0000	0.0000	0.0000	0.0043	0.0023	0.0020	0.0007	0.0006	0.0001	0.0036	0.0017	0.0019
4	20	0.0946	12	2	0	1	0	0	0	0	0	0	0	1	1	0	0	0	0	0	0	Y	N	N	N	N	N	N	N	N	N	N	N	N	N	N	N	N	N	0.0000	0.0000	0.0000	0.0000	0.0000	0.0000	0.0000	0.0000	0.0000	0.0000	0.0000	0.0000	0.0000	0.0000	0.0000	0.0000	0.0000	0.0000	0.0020	0.0034	0.0000	0.0104	0.0109	0.0007	0.0000	0.0000	0.0000		0.0046	-0.0000	-0.0000	0.0017	3.4426	2.0142	4.3893	0.0000	0.0000	0.0000	0.0000	0.0000	0.0000	0.0000	0.0000	0.0000	0.0001	0.0001	0.0000	0.0001	0.0001	0.0000	0.0000	0.0000	0.0000	0.0001	0.0001	0.0000	0.0000	0.0000	0.0000	0.0001	0.0001	0.0000	0.0348	0.0205	0.0143	0.0068	0.0065	0.0003	0.0280	0.0141	0.0140
4	21	0.0847	11	2	0	1	0	0	0	1	0	0	0	1	1	0	0	0	0	0	0	Y	N	N	N	N	N	N	N	N	N	N	N	N	N	N	N	N	N	0.0000	0.0000	0.0000	0.0000	0.0000	0.0000	0.0000	0.0000	0.0000	0.0000	0.0000	0.0000	0.0000	0.0000	0.0000	0.0000	0.0000	0.0000	0.0082	0.0002	0.0166	0.0004	0.0004	0.0002	0.0091	0.0001	0.0169		87.7250	-0.0000	0.0000	0.0017	1.5916	2.0142	0.7482	0.0000	0.0000	0.0000	0.0000	0.0000	0.0000	0.0000	0.0000	0.0000	0.0001	0.0000	0.0001	0.0000	0.0000	0.0000	0.0001	0.0000	0.0001	0.0000	0.0000	0.0000	0.0000	0.0000	0.0000	0.0000	0.0000	0.0000	0.0086	0.0044	0.0042	0.0009	0.0009	0.0001	0.0077	0.0036	0.0041
4	22	0.2130	8	2	0	0	0	0	0	0	0	0	0	2	2	0	0	0	0	0	0	Y	N	N	N	Y	Y	N	N	N	N	N	N	N	N	N	N	N	N	1.5919	1.3675	0.0000	0.2622	0.2522	0.0000	2.8081	3.2213	0.0000	0.0022	0.0025	0.0000	0.0016	0.0017	0.0000	0.0028	0.0034	0.0000	0.0014	0.0018	0.0009	0.0059	0.0065	0.0000	0.0010	0.0011	0.0009	0.0000	0.5007	-0.0000	-0.0000	0.0017	2.0311	2.0142	5.0434	0.0000	0.0000	0.0000	0.0000	0.0000	0.0000	0.0000	0.0000	0.0000	0.0000	0.0000	0.0000	0.0000	0.0000	0.0000	0.0000	0.0000	0.0000	0.0001	0.0001	0.0000	0.0000	0.0000	0.0000	0.0000	0.0000	0.0000	0.0216	0.0108	0.0108	0.0017	0.0015	0.0002	0.0199	0.0093	0.0106
4	23	0.0847	11	2	0	0	0	0	0	0	0	0	1	1	2	0	0	0	0	0	0	Y	N	N	N	N	Y	N	N	N	N	N	N	N	N	N	N	N	N	0.0000	0.0000	0.0000	0.0000	0.0000	0.0000	0.0000	0.0000	0.0000	0.0000	0.0000	0.0000	0.0000	0.0000	0.0000	0.0000	0.0000	0.0000	0.0000	0.0000	0.0000	0.0000	0.0000	0.0001	0.0000	0.0000	0.0000		inf	0.0000	0.0000	0.0017	2.9896	2.0142	2.0229	0.0000	0.0000	0.0000	0.0000	0.0000	0.0000	0.0000	0.0000	0.0000	0.0000	0.0000	0.0000	0.0000	0.0000	0.0000	0.0000	0.0000	0.0000	0.0001	0.0001	0.0000	0.0000	0.0000	0.0000	0.0001	0.0000	0.0000	0.0176	0.0088	0.0088	0.0017	0.0015	0.0002	0.0160	0.0073	0.0086
4	24	0.0766	10	2	0	0	0	0	0	0	0	0	0	1	1	0	0	0	0	0	0	Y	N	N	N	N	N	N	N	N	N	N	N	N	N	N	N	N	N	0.0000	0.0000	0.0000	0.0000	0.0000	0.0000	0.0000	0.0000	0.0000	0.0000	0.0000	0.0000	0.0000	0.0000	0.0000	0.0000	0.0000	0.0000	0.0001	0.0001	0.0000	0.0002	0.0002	0.0013	0.0000	0.0000	0.0000		0.4263	0.0000	-0.0000	0.0017	0.3867	2.0142	2.3109	0.0000	0.0000	0.0000	0.0000	0.0000	0.0000	0.0000	0.0000	0.0000	0.0000	0.0000	0.0000	0.0000	0.0000	0.0000	0.0000	0.0000	0.0000	0.0000	0.0000	0.0000	0.0000	0.0000	0.0000	0.0000	0.0000	0.0000	0.0138	0.0084	0.0054	0.0030	0.0029	0.0001	0.0108	0.0055	0.0053
4	25	0.1039	11	2	0	1	0	0	0	1	0	0	0	1	1	0	0	0	0	0	0	Y	N	N	N	N	N	N	N	N	N	N	N	N	N	N	N	N	N	0.0000	0.0000	0.0000	0.0000	0.0000	0.0000	0.0000	0.0000	0.0000	0.0000	0.0000	0.0000	0.0000	0.0000	0.0000	0.0000	0.0000	0.0000	0.0055	0.0106	0.0000	0.0484	0.0547	0.0000	0.0000	0.0000	0.0000		0.0000	0.0000	-0.0000	0.0017	1.5075	2.0142	1.0180	0.0000	0.0000	0.0000	0.0000	0.0000	0.0000	0.0000	0.0000	0.0000	0.0000	0.0000	0.0000	0.0000	0.0000	0.0000	0.0000	0.0000	0.0000	0.0000	0.0000	0.0000	0.0000	0.0000	0.0000	0.0000	0.0000	0.0000	0.0091	0.0047	0.0044	0.0010	0.0009	0.0001	0.0081	0.0038	0.0043
4	26	0.0766	10	2	0	0	0	0	0	0	0	0	0	1	1	0	0	0	0	0	0	Y	N	N	N	N	N	N	N	N	N	N	N	N	N	N	N	N	N	0.0000	0.0000	0.0000	0.0000	0.0000	0.0000	0.0000	0.0000	0.0000	0.0000	0.0000	0.0000	0.0000	0.0000	0.0000	0.0000	0.0000	0.0000	0.0017	0.0000	0.0037	0.0000	0.0000	0.0000	0.0020	0.0000	0.0038		26840.8693	0.0000	0.0000	0.0017	4.2500	2.0142	3.1084	0.0000	0.0000	0.0000	0.0000	0.0000	0.0000	0.0000	0.0000	0.0000	0.0000	0.0000	0.0000	0.0000	0.0000	0.0000	0.0000	0.0000	0.0000	0.0001	0.0001	0.0000	0.0000	0.0000	0.0000	0.0001	0.0001	0.0000	0.0291	0.0158	0.0133	0.0040	0.0038	0.0003	0.0251	0.0121	0.0131
4	27	0.0572	9	2	0	0	0	0	0	0	0	0	0	1	1	0	0	0	0	0	0	Y	N	N	N	N	N	N	N	N	N	N	N	N	N	N	N	N	N	0.0000	0.0000	0.0000	0.0000	0.0000	0.0000	0.0000	0.0000	0.0000	0.0000	0.0000	0.0000	0.0000	0.0000	0.0000	0.0000	0.0000	0.0000	0.0000	0.0000	0.0000	0.0000	0.0000	0.0000	0.0000	0.0000	0.0000		0.1803	0.0000	-0.0000	0.0017	1.7810	2.0142	4.3857	0.0000	0.0000	0.0000	0.0000	0.0000	0.0000	0.0000	0.0000	0.0000	0.0000	0.0000	0.0000	0.0000	0.0000	0.0000	0.0000	0.0000	0.0000	0.0001	0.0000	0.0000	0.0000	0.0000	0.0000	0.0000	0.0000	0.0000	0.0328	0.0190	0.0139	0.0070	0.0069	0.0002	0.0258	0.0121	0.0137
4	28	0.0545	6	2	0	1	1	0	0	0	1	0	0	2	2	0	0	0	0	0	0	Y	N	N	N	Y	Y	N	N	N	N	N	N	N	N	N	N	N	N	0.0000	0.0000	0.0000	0.0000	0.0000	0.0000	0.0000	0.0000	0.0000	0.0000	0.0000	0.0000	0.0000	0.0000	0.0000	0.0000	0.0000	0.0000	0.0000	0.0000	0.0000	0.0000	0.0000	0.0000	0.0000	0.0000	0.0000			0.0000	0.0000	0.0017	0.0000	2.0142	0.0000	0.0000	0.0000	0.0000	0.0000	0.0000	0.0000	0.0000	0.0000	0.0000	0.0000	0.0000	0.0000	0.0000	0.0000	0.0000	0.0000	0.0000	0.0000	0.0000	0.0000	0.0000	0.0000	0.0000	0.0000	0.0000	0.0000	0.0000	0.0000	0.0000	0.0000	0.0000	0.0000	0.0000	0.0000	0.0000	0.0000
4	29	0.0545	6	2	0	1	0	0	0	0	0	0	0	2	2	0	0	0	0	0	0	Y	N	N	N	Y	Y	N	N	N	N	N	N	N	N	N	N	N	N	0.0000	0.0000	0.0000	0.0000	0.0000	0.0000	0.0000	0.0000	0.0000	0.0000	0.0000	0.0000	0.0000	0.0000	0.0000	0.0000	0.0000	0.0000	0.2463	0.5232	0.0000	4.8431	5.2372	0.0000	0.0000	0.0000	0.0000		0.0000	0.0000	-0.0005	0.0017	0.0000	2.0142	1.0000	0.0000	0.0000	0.0000	0.0000	0.0000	0.0000	0.0000	0.0000	0.0000	0.0008	0.0008	0.0000	0.0008	0.0008	0.0000	0.0000	0.0000	0.0000	0.0000	0.0000	0.0000	0.0000	0.0000	0.0000	0.0000	0.0000	0.0000	0.0032	0.0015	0.0017	0.0002	0.0002	0.0000	0.0031	0.0014	0.0017
4	30	0.0545	5	2	0	1	0	0	0	1	0	0	0	2	2	0	0	0	0	0	0	Y	N	N	N	Y	Y	N	N	N	N	N	N	N	N	N	N	N	N	0.0000	0.0000	0.0000	0.0000	0.0000	0.0000	0.0000	0.0000	0.0000	0.0000	0.0000	0.0000	0.0000	0.0000	0.0000	0.0000	0.0000	0.0000	0.0000	0.0000	0.0000	0.0000	0.0000	0.0000	0.0000	0.0000	0.0000			0.0000	0.0000	0.0017	0.0000	2.0142	0.0010	0.0000	0.0000	0.0000	0.0000	0.0000	0.0000	0.0000	0.0000	0.0000	0.0000	0.0000	0.0000	0.0000	0.0000	0.0000	0.0000	0.0000	0.0000	0.0000	0.0000	0.0000	0.0000	0.0000	0.0000	0.0000	0.0000	0.0000	0.0000	0.0000	0.0000	0.0000	0.0000	0.0000	0.0000	0.0000	0.0000
4	31	0.0518	4	2	0	0	0	0	0	0	0	0	0	2	2	0	0	0	0	0	0	Y	N	N	N	Y	Y	N	N	N	N	N	N	N	N	N	N	N	N	0.0000	0.0000	0.0000	0.0000	0.0000	0.0000	0.0000	0.0000	0.0000	0.0000	0.0000	0.0000	0.0000	0.0000	0.0000	0.0000	0.0000	0.0000	0.0000	0.0000	0.0000	0.0000	0.0000	0.0000	0.0000	0.0000	0.0000			0.0000	0.0000	0.0017	0.0008	2.0142	0.9932	0.0000	0.0000	0.0000	0.0000	0.0000	0.0000	0.0000	0.0000	0.0000	0.0000	0.0000	0.0000	0.0000	0.0000	0.0000	0.0000	0.0000	0.0000	0.0000	0.0000	0.0000	0.0000	0.0000	0.0000	0.0000	0.0000	0.0000	0.0033	0.0016	0.0017	0.0002	0.0002	0.0000	0.0031	0.0014	0.0017
4	35	0.0338	8	2	0	1	0	0	0	0	0	0	1	1	2	0	0	0	0	0	0	Y	N	N	N	N	Y	N	N	N	N	N	N	N	N	N	N	N	N	10074.8813	0.0000	109501.4942	0.0000	0.0000	0.0000	117082.1145	0.0000	372590.2747	0.3477	0.0000	2.3681	0.0000	0.0000	0.0000	0.4129	0.0000	2.3914	0.0000	0.0000	0.0000	0.0003	0.0002	0.0020	0.0000	0.0000	0.0000	inf	0.4360	0.0000	-0.0000	0.0017	4.0048	2.0142	3.3550	0.0000	0.0000	0.0000	0.0000	0.0000	0.0000	0.0000	0.0000	0.0000	0.0000	0.0000	0.0000	0.0000	0.0000	0.0000	0.0000	0.0000	0.0000	0.0001	0.0001	0.0000	0.0000	0.0000	0.0000	0.0001	0.0001	0.0000	0.0306	0.0158	0.0148	0.0038	0.0037	0.0001	0.0268	0.0121	0.0147
4	36	0.0224	7	2	0	1	0	0	0	0	0	0	0	1	1	0	0	0	0	0	0	Y	N	N	N	N	N	N	N	N	N	N	N	N	N	N	N	N	N	14981.4028	0.0000	265552.2573	0.0000	0.0000	0.0000	23706.0242	0.0000	264954.9420	1.2157	0.0000	8.2214	0.0000	0.0000	0.0000	1.3934	0.0000	8.2487	0.0001	0.0001	0.0000	0.0006	0.0007	0.0000	0.0001	0.0001	0.0000	inf	0.2482	0.0001	-0.0000	0.0017	2.9973	2.0142	0.6905	0.0001	0.0000	0.0001	0.0000	0.0000	0.0000	0.0001	0.0000	0.0001	0.0000	0.0000	0.0000	0.0000	0.0000	0.0000	0.0000	0.0000	0.0000	0.0001	0.0001	0.0000	0.0000	0.0000	0.0000	0.0001	0.0000	0.0000	0.0130	0.0062	0.0068	0.0005	0.0005	0.0000	0.0125	0.0058	0.0067
4	37	0.0224	6	2	0	1	0	1	0	1	0	0	0	1	1	0	0	0	0	0	0	Y	N	N	N	N	N	N	N	N	N	N	N	N	N	N	N	N	N	0.0000	0.0000	0.0000	0.0000	0.0000	0.0000	0.0000	0.0000	0.0000	0.0000	0.0000	0.0000	0.0000	0.0000	0.0000	0.0000	0.0000	0.0000	0.0001	0.0000	0.0000	0.0000	0.0000	0.0000	0.0000	0.0000	0.0000			0.0000	-0.0000	0.0017	0.0022	2.0142	0.0001	0.0000	0.0000	0.0000	0.0000	0.0000	0.0000	0.0000	0.0000	0.0000	0.0000	0.0000	0.0000	0.0000	0.0000	0.0000	0.0000	0.0000	0.0000	0.0000	0.0000	0.0000	0.0000	0.0000	0.0000	0.0000	0.0000	0.0000	0.0000	0.0000	0.0000	0.0000	0.0000	0.0000	0.0000	0.0000	0.0000
4	38	0.2130	8	2	0	0	0	0	0	0	0	0	0	2	2	0	0	0	0	0	0	Y	N	N	N	Y	Y	N	N	N	N	N	N	N	N	N	N	N	N	0.0000	0.0000	0.0000	0.0000	0.0000	0.0000	0.0000	0.0000	0.0000	0.0000	0.0000	0.0000	0.0000	0.0000	0.0000	0.0000	0.0000	0.0000	0.0000	0.0000	0.0000	0.0001	0.0001	0.0002	0.0000	0.0000	0.0000		0.5589	0.0000	-0.0000	0.0017	0.0030	2.0142	2.0047	0.0000	0.0000	0.0000	0.0000	0.0000	0.0000	0.0000	0.0000	0.0000	0.0000	0.0000	0.0000	0.0000	0.0000	0.0000	0.0000	0.0000	0.0000	0.0000	0.0000	0.0000	0.0000	0.0000	0.0000	0.0000	0.0000	0.0000	0.0067	0.0034	0.0033	0.0007	0.0007	0.0000	0.0060	0.0028	0.0032
4	39	0.1982	7	2	0	0	0	1	0	0	0	1	1	2	2	0	0	0	0	0	0	Y	N	N	N	Y	Y	N	N	N	N	N	N	N	N	N	N	N	N	6.3857	4.5458	43.4265	2.9420	2.6750	12.7265	215.7310	490.7674	0.0000	0.0025	0.0026	0.0020	0.0028	0.0027	0.0052	0.0021	0.0024	0.0000	0.0004	0.0006	0.0000	0.0010	0.0010	0.0004	0.0000	0.0000	0.0000	0.0768	0.0396	-0.0000	-0.0000	0.0017	2.0135	2.0142	0.9920	0.0000	0.0000	0.0000	0.0000	0.0000	0.0000	0.0000	0.0000	0.0000	0.0000	0.0000	0.0000	0.0000	0.0000	0.0000	0.0000	0.0000	0.0000	0.0001	0.0001	0.0000	0.0001	0.0001	0.0000	0.0001	0.0001	0.0000	0.0282	0.0189	0.0093	0.0114	0.0106	0.0007	0.0168	0.0083	0.0086
4	40	0.0447	9	2	0	1	0	1	0	1	0	1	0	2	1	0	0	0	0	0	0	Y	N	N	N	Y	N	N	N	N	N	N	N	N	N	N	N	N	N	0.0000	0.0000	0.0000	0.0000	0.0000	0.0000	0.0000	0.0000	0.0000	0.0000	0.0000	0.0000	0.0000	0.0000	0.0000	0.0000	0.0000	0.0000	0.0000	0.0000	0.0000	0.0000	0.0000	0.0000	0.0000	0.0000	0.0000		6.1538	0.0000	0.0000	0.0017	5.0282	2.0142	8.9849	0.0000	0.0000	0.0000	0.0000	0.0000	0.0000	0.0000	0.0000	0.0000	0.0000	0.0000	0.0000	0.0000	0.0000	0.0000	0.0000	0.0000	0.0000	0.0001	0.0001	0.0000	0.0000	0.0000	0.0000	0.0001	0.0001	0.0000	0.0470	0.0233	0.0238	0.0024	0.0022	0.0002	0.0447	0.0211	0.0236
4	41	0.1940	12	1	0	0	0	0	0	0	0	1	0	2	1	0	0	0	0	0	0	N	N	N	N	Y	N	N	N	N	N	N	N	N	N	N	N	N	N	0.0179	0.0128	0.0000	0.0189	0.0179	0.0000	0.0000	0.0000	0.0000	0.0001	0.0001	0.0000	0.0004	0.0004	0.0000	0.0000	0.0000	0.0000	0.0071	0.0112	0.0000	0.0210	0.0232	0.0000	0.0000	0.0000	0.0000	0.0000	0.0000	-0.0000	-0.0009	0.0017	13.0332	2.0142	41.9092	0.0000	0.0000	0.0000	0.0000	0.0000	0.0000	0.0000	0.0000	0.0000	0.0016	0.0016	0.0000	0.0016	0.0016	0.0000	0.0000	0.0000	0.0000	0.0004	0.0004	0.0000	0.0001	0.0001	0.0000	0.0003	0.0002	0.0000	0.2293	0.1445	0.0848	0.0771	0.0700	0.0071	0.1522	0.0745	0.0777
4	42	0.0422	8	2	0	1	0	1	0	1	0	0	0	1	1	0	0	0	0	0	0	Y	N	N	N	N	N	N	N	N	N	N	N	N	N	N	N	N	N	0.0000	0.0000	0.0000	0.0000	0.0000	0.0000	0.0000	0.0000	0.0000	0.0000	0.0000	0.0000	0.0000	0.0000	0.0000	0.0000	0.0000	0.0000	0.0000	0.0000	0.0000	0.0000	0.0000	0.0000	0.0000	0.0000	0.0000			0.0000	0.0000	0.0017	2.0001	2.0142	2.0031	0.0000	0.0000	0.0000	0.0000	0.0000	0.0000	0.0000	0.0000	0.0000	0.0000	0.0000	0.0000	0.0000	0.0000	0.0000	0.0000	0.0000	0.0000	0.0000	0.0000	0.0000	0.0000	0.0000	0.0000	0.0000	0.0000	0.0000	0.0140	0.0069	0.0071	0.0007	0.0007	0.0000	0.0133	0.0063	0.0071
4	45	0.0734	11	2	0	1	0	0	0	0	0	0	0	1	1	0	0	0	0	0	0	Y	N	N	N	N	N	N	N	N	N	N	N	N	N	N	N	N	N	0.0000	0.0000	0.0000	0.0000	0.0000	0.0000	0.0000	0.0000	0.0000	0.0000	0.0000	0.0000	0.0000	0.0000	0.0000	0.0000	0.0000	0.0000	0.0003	0.0006	0.0000	0.0023	0.0024	0.0003	0.0002	0.0003	0.0000		0.0291	0.0000	-0.0000	0.0017	28.1541	2.0142	22.5093	0.0000	0.0000	0.0000	0.0000	0.0000	0.0000	0.0000	0.0000	0.0000	0.0001	0.0000	0.0000	0.0000	0.0000	0.0000	0.0000	0.0000	0.0000	0.0006	0.0005	0.0001	0.0001	0.0001	0.0000	0.0005	0.0004	0.0001	0.1498	0.0780	0.0717	0.0133	0.0124	0.0009	0.1364	0.0656	0.0708
4	46	0.0710	10	2	0	1	0	1	0	1	0	0	0	1	1	0	0	0	0	0	0	Y	N	N	N	N	N	N	N	N	N	N	N	N	N	N	N	N	N	0.0000	0.0000	0.0000	0.0000	0.0000	0.0000	0.0000	0.0000	0.0000	0.0000	0.0000	0.0000	0.0000	0.0000	0.0000	0.0000	0.0000	0.0000	0.0002	0.0002	0.0002	0.0004	0.0003	0.0054	0.0001	0.0000	0.0002		0.8097	0.0000	-0.0000	0.0017	0.7642	2.0142	1.7872	0.0000	0.0000	0.0000	0.0000	0.0000	0.0000	0.0000	0.0000	0.0000	0.0000	0.0000	0.0000	0.0000	0.0000	0.0000	0.0000	0.0000	0.0000	0.0000	0.0000	0.0000	0.0000	0.0000	0.0000	0.0000	0.0000	0.0000	0.0188	0.0119	0.0068	0.0056	0.0055	0.0001	0.0132	0.0064	0.0068
4	47	0.0762	10	2	0	1	0	0	0	0	0	0	0	1	1	0	0	0	0	0	0	Y	N	N	N	N	N	N	N	N	N	N	N	N	N	N	N	N	N	0.0000	0.0000	0.0000	0.0000	0.0000	0.0000	0.0000	0.0000	0.0000	0.0000	0.0000	0.0000	0.0000	0.0000	0.0000	0.0000	0.0000	0.0000	0.0005	0.0010	0.0000	0.0056	0.0059	0.0004	0.0000	0.0000	0.0000		0.0049	0.0000	-0.0000	0.0017	9.7242	2.0142	5.3244	0.0000	0.0000	0.0000	0.0000	0.0000	0.0000	0.0000	0.0000	0.0000	0.0000	0.0000	0.0000	0.0000	0.0000	0.0000	0.0000	0.0000	0.0000	0.0002	0.0002	0.0000	0.0000	0.0000	0.0000	0.0002	0.0001	0.0000	0.0522	0.0261	0.0261	0.0048	0.0045	0.0003	0.0475	0.0217	0.0258
4	48	0.0572	9	2	0	1	0	0	0	1	0	0	0	1	1	0	0	0	0	0	0	Y	N	N	N	N	N	N	N	N	N	N	N	N	N	N	N	N	N	0.0000	0.0000	0.0000	0.0000	0.0000	0.0000	0.0000	0.0000	0.0000	0.0000	0.0000	0.0000	0.0000	0.0000	0.0000	0.0000	0.0000	0.0000	0.0008	0.0008	0.0007	0.0000	0.0000	0.0000	0.0010	0.0013	0.0007		0.6347	0.0000	-0.0000	0.0017	1.4138	2.0142	4.9848	0.0000	0.0000	0.0000	0.0000	0.0000	0.0000	0.0000	0.0000	0.0000	0.0000	0.0000	0.0000	0.0000	0.0000	0.0000	0.0000	0.0000	0.0000	0.0000	0.0000	0.0000	0.0000	0.0000	0.0000	0.0000	0.0000	0.0000	0.0336	0.0193	0.0143	0.0071	0.0069	0.0002	0.0265	0.0124	0.0141
4	49	0.0466	8	2	0	0	0	1	0	0	0	0	0	1	1	0	0	0	0	0	0	Y	N	N	N	N	N	N	N	N	N	N	N	N	N	N	N	N	N	0.0000	0.0000	0.0000	0.0000	0.0000	0.0000	0.0000	0.0000	0.0000	0.0000	0.0000	0.0000	0.0000	0.0000	0.0000	0.0000	0.0000	0.0000	0.0786	0.0493	0.1172	0.1890	0.1924	0.0508	0.0607	0.0041	0.1177		1.8060	0.0000	0.0001	0.0017	2.4585	2.0142	2.2382	0.0000	0.0000	0.0000	0.0000	0.0000	0.0000	0.0000	0.0000	0.0000	0.0016	0.0006	0.0010	0.0005	0.0005	0.0000	0.0011	0.0000	0.0010	0.0001	0.0000	0.0000	0.0000	0.0000	0.0000	0.0000	0.0000	0.0000	0.0204	0.0116	0.0088	0.0029	0.0028	0.0001	0.0176	0.0088	0.0088
4	50	0.0518	4	2	0	0	1	0	0	0	1	0	0	2	2	0	0	0	0	0	0	Y	N	N	N	Y	Y	N	N	N	N	N	N	N	N	N	N	N	N	0.0000	0.0000	0.0000	0.0000	0.0000	0.0000	0.0000	0.0000	0.0000	0.0000	0.0000	0.0000	0.0000	0.0000	0.0000	0.0000	0.0000	0.0000	0.0000	0.0000	0.0000	0.0000	0.0000	0.0000	0.0000	0.0000	0.0000			0.0000	0.0000	0.0017	0.9995	2.0142	1.0067	0.0000	0.0000	0.0000	0.0000	0.0000	0.0000	0.0000	0.0000	0.0000	0.0000	0.0000	0.0000	0.0000	0.0000	0.0000	0.0000	0.0000	0.0000	0.0000	0.0000	0.0000	0.0000	0.0000	0.0000	0.0000	0.0000	0.0000	0.0066	0.0032	0.0035	0.0004	0.0004	0.0000	0.0062	0.0028	0.0034
4	51	0.0143	3	2	0	0	0	0	0	0	0	1	1	2	2	0	0	0	0	0	0	Y	N	N	N	Y	Y	N	N	N	N	N	N	N	N	N	N	N	N	0.3986	0.2943	0.0000	0.1784	0.1714	0.0000	0.0000	0.0000	0.0000	0.0017	0.0020	0.0000	0.0133	0.0133	0.0000	0.0000	0.0000	0.0000	0.0042	0.0067	0.0019	0.0745	0.0777	0.0017	0.0010	0.0000	0.0019	0.0000	0.2997	-0.0000	-0.0001	0.0017	11.0065	2.0142	2.0630	0.0000	0.0000	0.0000	0.0000	0.0000	0.0000	0.0000	0.0000	0.0000	0.0002	0.0001	0.0000	0.0001	0.0001	0.0000	0.0000	0.0000	0.0000	0.0002	0.0002	0.0000	0.0000	0.0000	0.0000	0.0002	0.0002	0.0000	0.0458	0.0222	0.0237	0.0020	0.0019	0.0001	0.0438	0.0203	0.0236
4	52	0.2540	8	2	0	1	0	1	0	1	0	0	0	1	1	0	0	0	0	0	0	Y	N	N	N	N	N	N	N	N	N	N	N	N	N	N	N	N	N	10.0724	6.4110	0.0000	2.9382	2.9972	0.0000	0.0000	0.0000	0.0000	0.0065	0.0075	0.0000	0.0132	0.0141	0.0000	0.0000	0.0000	0.0000	0.0006	0.0012	0.0000	0.0045	0.0047	0.0013	0.0000	0.0000	0.0000	0.0000	0.0214	-0.0000	-0.0000	0.0017	6.1530	2.0142	9.3095	0.0000	0.0000	0.0000	0.0000	0.0000	0.0000	0.0000	0.0000	0.0000	0.0000	0.0000	0.0000	0.0000	0.0000	0.0000	0.0000	0.0000	0.0000	0.0002	0.0002	0.0000	0.0001	0.0001	0.0000	0.0001	0.0001	0.0000	0.0490	0.0265	0.0225	0.0070	0.0066	0.0004	0.0420	0.0200	0.0221
4	56	0.0056	2	2	0	1	0	0	0	1	0	0	0	1	1	0	0	0	0	0	0	Y	N	N	N	N	N	N	N	N	N	N	N	N	N	N	N	N	N	0.2469	0.0760	inf	0.0334	0.0334	0.0000	inf	0.0000	inf	0.0031	0.0020	0.0094	0.0146	0.0146	0.0000	0.0016	0.0000	0.0094	0.0124	0.0260	0.0000	0.4379	0.4388	0.0000	0.0000	0.0000	0.0000	0.8197	0.0000	0.0000	-0.0002	0.0017	5.0004	2.0142	3.0004	0.0000	0.0000	0.0000	0.0000	0.0000	0.0000	0.0000	0.0000	0.0000	0.0004	0.0004	0.0000	0.0004	0.0004	0.0000	0.0000	0.0000	0.0000	0.0001	0.0001	0.0000	0.0000	0.0000	0.0000	0.0001	0.0001	0.0000	0.0289	0.0138	0.0151	0.0008	0.0008	0.0000	0.0281	0.0130	0.0151
4	63	0.1070	11	1	0	1	0	0	0	0	0	0	0	2	1	0	0	0	0	0	0	N	N	N	N	Y	N	N	N	N	N	N	N	N	N	N	N	N	N	inf	inf	0.0000	inf	inf	0.0000	inf	inf	0.0000	37.4600	43.2383	0.0000	72.5166	76.1707	0.0000	27.0138	32.1274	0.0000	0.0000	0.0000	0.0000	0.0000	0.0000	0.0000	0.0000	0.0000	0.0000	0.0000		-0.0004	0.0000	0.0017	1.0003	2.0142	0.7584	0.0010	0.0010	0.0000	0.0004	0.0004	0.0000	0.0005	0.0005	0.0000	0.0000	0.0000	0.0000	0.0000	0.0000	0.0000	0.0000	0.0000	0.0000	0.0000	0.0000	0.0000	0.0000	0.0000	0.0000	0.0000	0.0000	0.0000	0.0109	0.0070	0.0040	0.0038	0.0033	0.0005	0.0071	0.0037	0.0034
4	65	0.1083	11	1	0	0	0	0	0	0	0	0	1	1	2	0	0	0	0	0	0	N	N	N	N	N	Y	N	N	N	N	N	N	N	N	N	N	N	N	0.0000	0.0000	0.0000	0.0000	0.0000	0.0000	0.0000	0.0000	0.0000	0.0000	0.0000	0.0000	0.0000	0.0000	0.0000	0.0000	0.0000	0.0000	0.0001	0.0001	0.0000	0.0005	0.0005	0.0011	0.0000	0.0000	0.0000		0.4893	0.0000	-0.0000	0.0017	0.0006	2.0142	2.0029	0.0000	0.0000	0.0000	0.0000	0.0000	0.0000	0.0000	0.0000	0.0000	0.0000	0.0000	0.0000	0.0000	0.0000	0.0000	0.0000	0.0000	0.0000	0.0000	0.0000	0.0000	0.0000	0.0000	0.0000	0.0000	0.0000	0.0000	0.0067	0.0034	0.0033	0.0007	0.0006	0.0001	0.0060	0.0028	0.0032
4	66	0.1083	12	1	0	0	0	0	0	0	0	0	1	1	2	0	0	0	0	0	0	N	N	N	N	N	Y	N	N	N	N	N	N	N	N	N	N	N	N	0.0000	0.0000	0.0000	0.0000	0.0000	0.0000	0.0000	0.0000	0.0000	0.0000	0.0000	0.0000	0.0000	0.0000	0.0000	0.0000	0.0000	0.0000	0.0007	0.0015	0.0000	0.0080	0.0093	0.0000	0.0000	0.0000	0.0000		0.0000	0.0000	-0.0000	0.0017	5.0001	2.0142	8.0020	0.0000	0.0000	0.0000	0.0000	0.0000	0.0000	0.0000	0.0000	0.0000	0.0000	0.0000	0.0000	0.0000	0.0000	0.0000	0.0000	0.0000	0.0000	0.0001	0.0001	0.0000	0.0000	0.0000	0.0000	0.0001	0.0001	0.0000	0.0402	0.0197	0.0205	0.0037	0.0032	0.0005	0.0364	0.0164	0.0200
4	69	0.1119	12	2	0	1	0	0	0	0	0	0	0	2	1	0	0	0	0	0	0	Y	N	N	N	Y	N	N	N	N	N	N	N	N	N	N	N	N	N	0.0000	0.0000	0.0000	0.0000	0.0000	0.0000	0.0000	0.0000	0.0000	0.0000	0.0000	0.0000	0.0000	0.0000	0.0000	0.0000	0.0000	0.0000	0.0000	0.0000	0.0000	0.0000	0.0000	0.0000	0.0000	0.0000	0.0000			0.0000	0.0000	0.0017	0.0000	2.0142	0.0000	0.0000	0.0000	0.0000	0.0000	0.0000	0.0000	0.0000	0.0000	0.0000	0.0000	0.0000	0.0000	0.0000	0.0000	0.0000	0.0000	0.0000	0.0000	0.0000	0.0000	0.0000	0.0000	0.0000	0.0000	0.0000	0.0000	0.0000	0.0000	0.0000	0.0000	0.0000	0.0000	0.0000	0.0000	0.0000	0.0000
4	70	0.1070	11	2	0	1	0	1	0	0	0	0	0	2	1	0	0	0	0	0	0	Y	N	N	N	Y	N	N	N	N	N	N	N	N	N	N	N	N	N	20.4561	8.4432	15015.7899	31.8389	15.9640	inf	0.0000	0.0000	0.0000	0.0195	0.0125	0.0648	0.0849	0.0496	0.7865	0.0000	0.0000	0.0000	0.0010	0.0015	0.0000	0.0027	0.0031	0.0000	0.0000	0.0000	0.0000	0.7999	0.0016	0.0000	-0.0000	0.0017	0.9999	2.0142	0.6468	0.0000	0.0000	0.0000	0.0000	0.0000	0.0000	0.0000	0.0000	0.0000	0.0000	0.0000	0.0000	0.0000	0.0000	0.0000	0.0000	0.0000	0.0000	0.0000	0.0000	0.0000	0.0000	0.0000	0.0000	0.0000	0.0000	0.0000	0.0106	0.0068	0.0038	0.0038	0.0032	0.0005	0.0068	0.0036	0.0032
4	71	0.0965	10	1	0	1	0	0	0	1	0	1	0	2	1	0	0	0	0	0	0	N	N	N	N	Y	N	N	N	N	N	N	N	N	N	N	N	N	N	11.9638	154.6118	0.0000	103.2182	98.1295	0.0000	8.0080	192.3854	0.0000	0.0114	0.0129	0.0000	0.0205	0.0207	0.0000	0.0084	0.0099	0.0000	0.0009	0.0001	0.0019	0.0002	0.0002	0.0001	0.0010	0.0001	0.0019	0.0000	21.1041	-0.0000	0.0000	0.0017	1.5692	2.0142	1.6165	0.0000	0.0000	0.0000	0.0000	0.0000	0.0000	0.0000	0.0000	0.0000	0.0000	0.0000	0.0000	0.0000	0.0000	0.0000	0.0000	0.0000	0.0000	0.0000	0.0000	0.0000	0.0000	0.0000	0.0000	0.0000	0.0000	0.0000	0.0111	0.0058	0.0054	0.0013	0.0011	0.0001	0.0099	0.0046	0.0053
5	9	0.1369	10	1	0	0	1	0	0	0	1	0	1	1	2	0	0	0	0	0	0	N	N	N	N	N	Y	N	N	N	N	N	N	N	N	N	N	N	N	0.0000	0.0000	0.0000	0.0000	0.0000	0.0000	0.0000	0.0000	0.0000	0.0000	0.0000	0.0000	0.0000	0.0000	0.0000	0.0000	0.0000	0.0000	0.0000	0.0000	0.0000	0.0000	0.0000	0.0000	0.0000	0.0000	0.0000			0.0000	0.0000	5.1554	2.0000	4.7254	0.0000	0.0000	0.0000	0.0000	0.0000	0.0000	0.0000	0.0000	0.0000	0.0000	0.0000	0.0000	0.0000	0.0000	0.0000	0.0000	0.0000	0.0000	0.0000	0.1132	0.0955	0.0177	0.0144	0.0138	0.0007	0.0988	0.0818	0.0170	0.0389	0.0207	0.0182	0.0071	0.0068	0.0003	0.0318	0.0139	0.0179
5	19	0.1216	6	1	0	0	0	0	0	0	0	0	2	0	2	0	0	0	0	0	0	N	N	N	N	N	Y	N	N	N	N	N	N	N	N	N	N	N	N	9.1459	122.3305	0.0000	70.9995	97.7779	0.0000	0.0000	0.0000	0.0000	0.0000	0.0001	0.0000	0.0001	0.0001	0.0000	0.0000	0.0000	0.0000	0.0000	0.0000	0.0000	0.0000	0.0000	0.0000	0.0000	0.0000	0.0000	0.0000	16.6389	-0.0000	0.0000	5.1554	1.0008	4.7254	0.0438	0.0000	0.0000	0.0000	0.0000	0.0000	0.0000	0.0000	0.0000	0.0000	0.0000	0.0000	0.0000	0.0000	0.0000	0.0000	0.0000	0.0000	0.0000	0.2548	0.1981	0.0567	0.1519	0.1059	0.0461	0.1029	0.0922	0.0106	0.0296	0.0175	0.0122	0.0078	0.0075	0.0003	0.0218	0.0100	0.0118
5	22	0.2847	9	1	0	0	0	0	0	0	0	0	1	1	2	0	0	0	0	0	0	N	N	N	N	N	Y	N	N	N	N	N	N	N	N	N	N	N	N	0.0000	0.0000	0.0000	0.0004	0.0005	0.0001	0.0000	0.0000	0.0000	0.0001	0.0001	0.0000	0.0005	0.0006	0.0000	0.0000	0.0000	0.0000	4.4617	7.6178	0.0774	1.2024	1.2468	0.0708	5.6483	12.6587	0.0776	0.0013	0.0073	-0.0000	-0.4399	5.1554	2.0311	4.7254	5.0434	0.0000	0.0000	0.0000	0.0000	0.0000	0.0000	0.0000	0.0000	0.0000	0.7723	0.7667	0.0056	0.0556	0.0554	0.0001	0.7167	0.7112	0.0055	0.1190	0.1013	0.0177	0.0187	0.0179	0.0008	0.1003	0.0834	0.0169	0.1731	0.1006	0.0725	0.0462	0.0445	0.0017	0.1269	0.0562	0.0707
5	23	0.1023	6	1	0	0	0	0	0	0	0	0	2	0	2	0	0	0	0	0	0	N	N	N	N	N	Y	N	N	N	N	N	N	N	N	N	N	N	N	1.4748	1.0104	389.0632	0.2712	0.0346	2590.4304	1.2021	0.6683	109.6109	5.8202	6.9748	0.0127	0.0241	0.0034	0.7350	6.3712	7.7591	0.0018	3.9463	6.9030	0.0000	0.0890	0.0989	0.0003	5.3001	11.6098	0.0000	0.0004	0.0000	-0.3602	-0.3106	5.1554	2.9896	4.7254	2.0229	0.9975	0.9972	0.0004	0.0004	0.0000	0.0003	0.9972	0.9971	0.0000	0.5384	0.5384	0.0000	0.0032	0.0032	0.0000	0.5352	0.5352	0.0000	0.1714	0.1430	0.0284	0.0149	0.0145	0.0004	0.1565	0.1285	0.0280	0.1364	0.0780	0.0584	0.0354	0.0319	0.0036	0.1010	0.0461	0.0549
5	28	0.1369	11	1	0	1	1	0	0	0	1	0	1	1	2	0	0	0	0	0	0	N	N	N	N	N	Y	N	N	N	N	N	N	N	N	N	N	N	N	0.0000	0.0000	0.0000	0.0000	0.0000	0.0000	0.0000	0.0000	0.0000	0.0000	0.0000	0.0000	0.0000	0.0000	0.0000	0.0000	0.0000	0.0000	0.0000	0.0000	0.0000	0.0000	0.0000	0.0000	0.0000	0.0000	0.0000			0.0000	0.0000	5.1554	0.0000	4.7254	0.0000	0.0000	0.0000	0.0000	0.0000	0.0000	0.0000	0.0000	0.0000	0.0000	0.0000	0.0000	0.0000	0.0000	0.0000	0.0000	0.0000	0.0000	0.0000	0.0000	0.0000	0.0000	0.0000	0.0000	0.0000	0.0000	0.0000	0.0000	0.0000	0.0000	0.0000	0.0000	0.0000	0.0000	0.0000	0.0000	0.0000
5	29	0.1369	11	1	0	1	0	0	0	0	0	0	1	1	2	0	0	0	0	0	0	N	N	N	N	N	Y	N	N	N	N	N	N	N	N	N	N	N	N	0.0000	0.0000	0.0000	0.0000	0.0000	0.0000	0.0000	0.0000	0.0000	0.0000	0.0000	0.0000	0.0000	0.0000	0.0000	0.0000	0.0000	0.0000	0.0441	0.0830	0.0000	0.2434	0.2527	0.0000	0.0000	0.0000	0.0000		0.0000	0.0000	-0.0005	5.1554	0.0000	4.7254	1.0000	0.0000	0.0000	0.0000	0.0000	0.0000	0.0000	0.0000	0.0000	0.0000	0.0009	0.0009	0.0000	0.0009	0.0009	0.0000	0.0000	0.0000	0.0000	0.0000	0.0000	0.0000	0.0000	0.0000	0.0000	0.0000	0.0000	0.0000	0.0195	0.0104	0.0091	0.0035	0.0034	0.0001	0.0160	0.0070	0.0090
5	30	0.1369	10	1	0	1	0	0	0	1	0	0	1	1	2	0	0	0	0	0	0	N	N	N	N	N	Y	N	N	N	N	N	N	N	N	N	N	N	N	0.0000	0.0000	0.0000	0.0000	0.0000	0.0000	0.0000	0.0000	0.0000	0.0000	0.0000	0.0000	0.0000	0.0000	0.0000	0.0000	0.0000	0.0000	0.0017	0.0022	0.0000	0.0044	0.0045	0.0000	0.0000	0.0000	0.0000		0.0000	0.0000	-0.0000	5.1554	0.0000	4.7254	0.0010	0.0000	0.0000	0.0000	0.0000	0.0000	0.0000	0.0000	0.0000	0.0000	0.0000	0.0000	0.0000	0.0000	0.0000	0.0000	0.0000	0.0000	0.0000	0.0000	0.0000	0.0000	0.0000	0.0000	0.0000	0.0000	0.0000	0.0000	0.0001	0.0000	0.0000	0.0000	0.0000	0.0000	0.0000	0.0000	0.0000
5	31	0.1342	9	1	0	0	0	0	0	0	0	0	1	1	2	0	0	0	0	0	0	N	N	N	N	N	Y	N	N	N	N	N	N	N	N	N	N	N	N	0.8222	0.4821	inf	0.4138	0.3980	inf	0.0000	0.0000	0.0000	0.0041	0.0044	0.0005	0.0109	0.0108	0.0201	0.0000	0.0000	0.0000	0.0050	0.0092	0.0000	0.0262	0.0271	0.0000	0.0000	0.0000	0.0000	0.0112	0.0000	-0.0000	-0.0001	5.1554	0.0008	4.7254	0.9932	0.0000	0.0000	0.0000	0.0000	0.0000	0.0000	0.0000	0.0000	0.0000	0.0001	0.0001	0.0000	0.0001	0.0001	0.0000	0.0000	0.0000	0.0000	0.0001	0.0001	0.0000	0.0001	0.0001	0.0000	0.0001	0.0001	0.0000	0.0200	0.0108	0.0092	0.0038	0.0036	0.0001	0.0162	0.0071	0.0091
5	35	0.1055	9	1	0	1	0	0	0	0	0	0	2	0	2	0	0	0	0	0	0	N	N	N	N	N	Y	N	N	N	N	N	N	N	N	N	N	N	N	1.1447	0.7848	0.1461	0.0000	0.0000	0.0775	349.3333	221.2906	0.1529	0.0087	0.0104	0.0000	0.0000	0.0000	0.0000	0.0098	0.0119	0.0000	0.0076	0.0132	0.0000	0.0297	0.0305	0.0002	0.0000	0.0001	0.0000	0.0000	0.0006	-0.0007	-0.0009	5.1554	4.0048	4.7254	3.3550	0.0019	0.0019	0.0000	0.0000	0.0000	0.0000	0.0019	0.0019	0.0000	0.0015	0.0015	0.0000	0.0015	0.0015	0.0000	0.0000	0.0000	0.0000	0.2220	0.1863	0.0358	0.0257	0.0248	0.0009	0.1964	0.1615	0.0349	0.2024	0.1164	0.0860	0.0515	0.0503	0.0012	0.1509	0.0660	0.0848
5	38	0.2847	9	1	0	0	0	0	0	0	0	0	1	1	2	0	0	0	0	0	0	N	N	N	N	N	Y	N	N	N	N	N	N	N	N	N	N	N	N	0.0001	0.0001	0.0001	0.0001	0.0001	0.0021	0.0000	0.0000	0.0001	0.0000	0.0000	0.0000	0.0000	0.0000	0.0003	0.0000	0.0000	0.0000	0.1351	0.0730	0.2211	0.1321	0.1321	0.1321	0.1365	0.0107	0.2245	0.5913	2.1851	0.0000	0.0009	5.1554	0.0030	4.7254	2.0047	0.0000	0.0000	0.0000	0.0000	0.0000	0.0000	0.0000	0.0000	0.0000	0.0082	0.0026	0.0056	0.0025	0.0024	0.0001	0.0057	0.0002	0.0055	0.0034	0.0026	0.0007	0.0017	0.0016	0.0000	0.0017	0.0010	0.0007	0.0605	0.0351	0.0254	0.0190	0.0180	0.0009	0.0415	0.0171	0.0244
5	39	0.2698	8	1	0	0	0	1	0	0	0	1	2	1	2	0	0	0	0	0	0	N	N	N	N	N	Y	N	N	N	N	N	N	N	N	N	N	N	N	0.0000	0.0009	0.0000	0.0012	0.0025	0.0002	0.0000	0.0000	0.0000	0.0000	0.0000	0.0001	0.0001	0.0001	0.0002	0.0000	0.0000	0.0000	1.3691	0.0300	3.3239	0.0548	0.0223	0.9451	2.5248	0.0545	3.4246	0.3591	75.9085	-0.0000	0.1783	5.1554	2.0135	4.7254	0.9920	0.0000	0.0000	0.0000	0.0000	0.0000	0.0000	0.0000	0.0000	0.0000	0.4347	0.0057	0.4290	0.0081	0.0032	0.0050	0.4265	0.0025	0.4241	0.3781	0.3431	0.0350	0.1817	0.1706	0.0110	0.1964	0.1724	0.0240	0.3175	0.1884	0.1291	0.1486	0.1433	0.0052	0.1689	0.0451	0.1238
5	43	0.1053	10	1	0	0	0	0	0	0	0	0	1	1	2	0	0	0	0	0	0	N	N	N	N	N	Y	N	N	N	N	N	N	N	N	N	N	N	N	0.0000	0.0000	0.0000	0.0000	0.0000	0.0000	0.0000	0.0000	0.0000	0.0000	0.0000	0.0000	0.0000	0.0000	0.0000	0.0000	0.0000	0.0000	3.3582	6.0639	0.0000	1.1682	1.2106	0.0000	3.9427	8.8786	0.0000		0.0000	0.0000	-0.4442	5.1554	3.9996	4.7254	6.0133	0.0000	0.0000	0.0000	0.0000	0.0000	0.0000	0.0000	0.0000	0.0000	0.7701	0.7701	0.0000	0.0564	0.0564	0.0000	0.7136	0.7136	0.0000	0.2289	0.1925	0.0364	0.0206	0.0199	0.0006	0.2083	0.1726	0.0357	0.2293	0.1270	0.1023	0.0483	0.0466	0.0017	0.1810	0.0804	0.1006
5	44	0.1053	9	1	0	0	0	0	0	0	0	1	2	1	2	0	0	0	0	0	0	N	N	N	N	N	Y	N	N	N	N	N	N	N	N	N	N	N	N	0.0000	0.0000	0.0000	0.0000	0.0000	0.0000	0.0000	0.0000	0.0000	0.0000	0.0000	0.0000	0.0000	0.0000	0.0000	0.0000	0.0000	0.0000	0.0133	0.0144	0.0102	0.0223	0.0176	0.3203	0.0076	0.0109	0.0032		0.2605	0.0000	-0.0000	5.1554	0.0009	4.7254	0.0333	0.0000	0.0000	0.0000	0.0000	0.0000	0.0000	0.0000	0.0000	0.0000	0.0000	0.0000	0.0000	0.0000	0.0000	0.0000	0.0000	0.0000	0.0000	0.0001	0.0001	0.0000	0.0000	0.0000	0.0000	0.0001	0.0000	0.0000	0.0020	0.0015	0.0005	0.0008	0.0008	0.0000	0.0012	0.0007	0.0005
5	50	0.1342	9	1	0	0	1	0	0	0	1	0	1	1	2	0	0	0	0	0	0	N	N	N	N	N	Y	N	N	N	N	N	N	N	N	N	N	N	N	7.2808	1456.4131	0.0000	10.5217	3349.5648	0.0000	0.0000	0.0000	0.0000	0.0002	0.0002	0.0000	0.0015	0.0015	0.0000	0.0000	0.0000	0.0000	0.0000	0.0000	0.0001	0.0001	0.0000	0.0040	0.0000	0.0000	0.0000	0.0000	314.0625	-0.0000	0.0000	5.1554	0.9995	4.7254	1.0067	0.0000	0.0000	0.0000	0.0000	0.0000	0.0000	0.0000	0.0000	0.0000	0.0000	0.0000	0.0000	0.0000	0.0000	0.0000	0.0000	0.0000	0.0000	0.0569	0.0480	0.0089	0.0073	0.0070	0.0003	0.0497	0.0411	0.0086	0.0395	0.0212	0.0184	0.0073	0.0071	0.0003	0.0322	0.0141	0.0181
5	51	0.0967	8	1	0	0	0	0	0	0	0	1	2	1	2	0	0	0	0	0	0	N	N	N	N	N	Y	N	N	N	N	N	N	N	N	N	N	N	N	27916.9233	29923.4395	0.0000	2026.7421	2915.0714	0.0000	203133.1723	inf	0.0000	1.6807	1.9976	0.0000	0.5388	0.5558	0.0000	1.7878	2.1557	0.0000	0.0001	0.0001	0.0001	0.0003	0.0002	0.0027	0.0000	0.0000	0.0000	0.0000	0.6283	-0.3714	-0.0000	5.1554	11.0065	4.7254	2.0630	1.0275	1.0275	0.0000	0.0282	0.0282	0.0000	0.9993	0.9993	0.0000	0.0000	0.0000	0.0000	0.0000	0.0000	0.0000	0.0000	0.0000	0.0000	0.6114	0.5144	0.0970	0.0524	0.0508	0.0016	0.5590	0.4636	0.0954	0.2973	0.1647	0.1327	0.0595	0.0577	0.0018	0.2379	0.1070	0.1309
5	65	0.1348	8	0	0	0	0	0	0	0	0	0	2	0	2	0	0	0	0	0	0	N	N	N	N	N	Y	N	N	N	N	N	N	N	N	N	N	N	N	2.5703	1.8403	0.0000	2.3612	2.2575	0.0000	0.0000	0.0000	0.0000	0.0006	0.0007	0.0000	0.0021	0.0021	0.0000	0.0000	0.0000	0.0000	0.0002	0.0004	0.0000	0.0009	0.0009	0.0001	0.0000	0.0000	0.0000	0.0000	0.0710	-0.0000	-0.0000	5.1554	0.0006	4.7254	2.0029	0.0000	0.0000	0.0000	0.0000	0.0000	0.0000	0.0000	0.0000	0.0000	0.0000	0.0000	0.0000	0.0000	0.0000	0.0000	0.0000	0.0000	0.0000	0.0001	0.0001	0.0000	0.0000	0.0000	0.0000	0.0000	0.0000	0.0000	0.0470	0.0265	0.0205	0.0116	0.0109	0.0006	0.0354	0.0155	0.0199
5	66	0.1348	9	0	0	0	0	0	0	0	0	0	2	0	2	0	0	0	0	0	0	N	N	N	N	N	Y	N	N	N	N	N	N	N	N	N	N	N	N	1476.8448	0.0000	398266161.0395	3621.5751	0.0000	inf	1.3212	0.0000	11820.4079	3.5525	0.0000	21.8713	32.2687	0.0000	990.5279	0.0001	0.0000	0.0007	0.0024	0.0043	0.0000	0.0089	0.0094	0.0000	0.0001	0.0002	0.0000	inf	0.0000	0.6381	-0.0004	5.1554	5.0001	4.7254	8.0020	0.9993	0.0000	0.9993	0.9993	0.0000	0.9993	0.0000	0.0000	0.0000	0.0007	0.0007	0.0000	0.0007	0.0007	0.0000	0.0000	0.0000	0.0000	0.2813	0.2356	0.0457	0.0310	0.0300	0.0010	0.2503	0.2057	0.0447	0.2991	0.1680	0.1311	0.0785	0.0742	0.0043	0.2206	0.0938	0.1268
6	9	0.0737	8	2	0	1	1	0	0	0	1	1	0	2	1	0	0	0	0	0	0	Y	N	N	N	Y	N	N	N	N	N	N	N	N	N	N	N	N	N	0.0000	0.0000	0.0000	0.0000	0.0000	0.0000	0.0000	0.0000	0.0000	0.0000	0.0000	0.0000	0.0000	0.0000	0.0000	0.0000	0.0000	0.0000	0.0000	0.0000	0.0000	0.0000	0.0000	0.0000	0.0000	0.0000	0.0000			0.0000	0.0000	5.0000	2.0000	3.0000	0.0000	0.0000	0.0000	0.0000	0.0000	0.0000	0.0000	0.0000	0.0000	0.0000	0.0000	0.0000	0.0000	0.0000	0.0000	0.0000	0.0000	0.0000	0.0000	0.0836	0.0689	0.0147	0.0047	0.0043	0.0003	0.0789	0.0645	0.0144	0.0216	0.0097	0.0120	0.0006	0.0005	0.0001	0.0210	0.0091	0.0119
6	19	0.1124	10	2	0	1	0	0	0	0	0	1	1	1	1	0	0	0	0	0	0	Y	N	N	N	N	N	N	N	N	N	N	N	N	N	N	N	N	N	0.0000	0.0000	0.0000	0.0000	0.0000	0.0000	0.0000	0.0000	0.0000	0.0000	0.0000	0.0000	0.0000	0.0000	0.0000	0.0000	0.0000	0.0000	0.0000	0.0000	0.0000	0.0000	0.0000	0.0000	0.0000	0.0000	0.0000			0.0000	0.0000	5.0000	1.0008	3.0000	0.0438	0.0000	0.0000	0.0000	0.0000	0.0000	0.0000	0.0000	0.0000	0.0000	0.0000	0.0000	0.0000	0.0000	0.0000	0.0000	0.0000	0.0000	0.0000	0.0588	0.0489	0.0100	0.0067	0.0066	0.0001	0.0522	0.0423	0.0099	0.0164	0.0088	0.0076	0.0024	0.0022	0.0002	0.0140	0.0066	0.0074
6	22	0.2159	5	2	0	1	0	0	0	0	0	1	0	2	1	0	0	0	0	0	0	Y	N	N	N	Y	N	N	N	N	N	N	N	N	N	N	N	N	N	inf	inf	0.0000	inf	inf	0.0000	0.0000	0.0000	0.0000	0.0003	0.0003	0.0000	0.0036	0.0039	0.0000	0.0000	0.0000	0.0000	0.0000	0.0000	0.0000	0.0000	0.0000	0.0000	0.0000	0.0000	0.0000	0.0000		-0.0000	0.0000	5.0000	2.0311	3.0000	5.0434	0.0000	0.0000	0.0000	0.0000	0.0000	0.0000	0.0000	0.0000	0.0000	0.0000	0.0000	0.0000	0.0000	0.0000	0.0000	0.0000	0.0000	0.0000	0.0792	0.0656	0.0136	0.0055	0.0051	0.0004	0.0737	0.0605	0.0132	0.0671	0.0315	0.0356	0.0025	0.0021	0.0004	0.0646	0.0294	0.0352
6	23	0.0932	10	2	0	1	0	0	0	0	0	1	1	1	1	0	0	0	0	0	0	Y	N	N	N	N	N	N	N	N	N	N	N	N	N	N	N	N	N	0.0000	0.0000	0.0000	0.0000	0.0000	0.0000	0.0000	0.0000	0.0000	0.0000	0.0000	0.0000	0.0000	0.0000	0.0000	0.0000	0.0000	0.0000	0.0000	0.0000	0.0000	0.0000	0.0000	0.0000	0.0000	0.0000	0.0000			0.0000	0.0000	5.0000	2.9896	3.0000	2.0229	0.0000	0.0000	0.0000	0.0000	0.0000	0.0000	0.0000	0.0000	0.0000	0.0000	0.0000	0.0000	0.0000	0.0000	0.0000	0.0000	0.0000	0.0000	0.1418	0.1162	0.0256	0.0039	0.0037	0.0002	0.1379	0.1125	0.0254	0.0667	0.0328	0.0339	0.0047	0.0042	0.0005	0.0620	0.0286	0.0334
6	24	0.0852	9	2	0	1	0	0	0	0	0	1	0	1	0	0	0	0	0	0	0	Y	N	N	N	N	N	N	N	N	N	N	N	N	N	N	N	N	N	0.0000	0.0000	0.0000	0.0000	0.0000	0.0000	0.0000	0.0000	0.0000	0.0000	0.0000	0.0000	0.0000	0.0000	0.0000	0.0000	0.0000	0.0000	0.0000	0.0000	0.0000	0.0000	0.0000	0.0000	0.0000	0.0000	0.0000			0.0000	0.0000	5.0000	0.3867	3.0000	2.3109	0.0000	0.0000	0.0000	0.0000	0.0000	0.0000	0.0000	0.0000	0.0000	0.0000	0.0000	0.0000	0.0000	0.0000	0.0000	0.0000	0.0000	0.0000	0.0294	0.0253	0.0041	0.0090	0.0085	0.0005	0.0204	0.0168	0.0036	0.0526	0.0318	0.0208	0.0106	0.0102	0.0003	0.0420	0.0216	0.0205
6	26	0.0852	9	2	0	1	0	0	0	0	0	1	0	1	0	0	0	0	0	0	0	Y	N	N	N	N	N	N	N	N	N	N	N	N	N	N	N	N	N	0.0000	0.0000	0.0000	0.0000	0.0000	0.0000	0.0000	0.0000	0.0000	0.0000	0.0000	0.0000	0.0000	0.0000	0.0000	0.0000	0.0000	0.0000	0.0014	0.0013	0.0014	0.0000	0.0000	0.0000	0.0015	0.0017	0.0014		0.8750	0.0000	-0.0000	5.0000	4.2500	3.0000	3.1084	0.0000	0.0000	0.0000	0.0000	0.0000	0.0000	0.0000	0.0000	0.0000	0.0001	0.0001	0.0001	0.0000	0.0000	0.0000	0.0001	0.0001	0.0001	0.2097	0.1730	0.0367	0.0131	0.0124	0.0008	0.1966	0.1607	0.0359	0.1106	0.0593	0.0513	0.0131	0.0123	0.0008	0.0975	0.0469	0.0505
6	27	0.0658	8	2	0	1	0	0	0	0	0	1	0	1	0	0	0	0	0	0	0	Y	N	N	N	N	N	N	N	N	N	N	N	N	N	N	N	N	N	0.0000	0.0000	0.0000	0.0000	0.0000	0.0000	0.0000	0.0000	0.0000	0.0000	0.0000	0.0000	0.0000	0.0000	0.0000	0.0000	0.0000	0.0000	0.0000	0.0000	0.0000	0.0000	0.0000	0.0000	0.0000	0.0000	0.0000			0.0000	0.0000	5.0000	1.7810	3.0000	4.3857	0.0000	0.0000	0.0000	0.0000	0.0000	0.0000	0.0000	0.0000	0.0000	0.0000	0.0000	0.0000	0.0000	0.0000	0.0000	0.0000	0.0000	0.0000	0.0833	0.0691	0.0141	0.0054	0.0053	0.0001	0.0779	0.0639	0.0140	0.0908	0.0501	0.0407	0.0111	0.0110	0.0001	0.0797	0.0391	0.0406
6	31	0.0710	7	2	0	1	0	0	0	0	0	1	0	2	1	0	0	0	0	0	0	Y	N	N	N	Y	N	N	N	N	N	N	N	N	N	N	N	N	N	0.0000	0.0000	0.0000	0.0000	0.0000	0.0000	0.0000	0.0000	0.0000	0.0000	0.0000	0.0000	0.0000	0.0000	0.0000	0.0000	0.0000	0.0000	0.0000	0.0000	0.0000	0.0000	0.0000	0.0000	0.0000	0.0000	0.0000			0.0000	0.0000	5.0000	0.0008	3.0000	0.9932	0.0000	0.0000	0.0000	0.0000	0.0000	0.0000	0.0000	0.0000	0.0000	0.0000	0.0000	0.0000	0.0000	0.0000	0.0000	0.0000	0.0000	0.0000	0.0000	0.0000	0.0000	0.0000	0.0000	0.0000	0.0000	0.0000	0.0000	0.0112	0.0052	0.0060	0.0005	0.0005	0.0000	0.0107	0.0047	0.0060
6	38	0.2159	5	2	0	1	0	0	0	0	0	1	0	2	1	0	0	0	0	0	0	Y	N	N	N	Y	N	N	N	N	N	N	N	N	N	N	N	N	N	0.0000	0.0000	0.0000	0.0000	0.0000	0.0000	0.0000	0.0000	0.0000	0.0000	0.0000	0.0000	0.0000	0.0000	0.0000	0.0000	0.0000	0.0000	0.0000	0.0000	0.0000	0.0000	0.0000	0.0000	0.0000	0.0000	0.0000			0.0000	0.0000	5.0000	0.0030	3.0000	2.0047	0.0000	0.0000	0.0000	0.0000	0.0000	0.0000	0.0000	0.0000	0.0000	0.0000	0.0000	0.0000	0.0000	0.0000	0.0000	0.0000	0.0000	0.0000	0.0017	0.0015	0.0003	0.0009	0.0008	0.0000	0.0009	0.0006	0.0002	0.0208	0.0101	0.0108	0.0014	0.0013	0.0001	0.0194	0.0088	0.0107
6	39	0.2011	4	2	0	1	0	1	0	0	0	2	1	2	1	0	0	0	0	0	0	Y	N	N	N	Y	N	N	N	N	N	N	N	N	N	N	N	N	N	0.1040	0.0000	inf	0.0000	0.0000	0.0000	inf	0.0000	inf	0.0001	0.0000	0.0007	0.0000	0.0000	0.0000	0.0001	0.0000	0.0009	0.0006	0.0009	0.0000	0.0014	0.0015	0.0000	0.0000	0.0000	0.0000	inf	0.0000	0.0000	-0.0000	5.0000	2.0135	3.0000	0.9920	0.0000	0.0000	0.0000	0.0000	0.0000	0.0000	0.0000	0.0000	0.0000	0.0001	0.0001	0.0000	0.0001	0.0001	0.0000	0.0000	0.0000	0.0000	0.3279	0.2990	0.0288	0.1542	0.1475	0.0068	0.1736	0.1516	0.0221	0.1023	0.0689	0.0334	0.0423	0.0396	0.0027	0.0600	0.0293	0.0307
6	41	0.2026	11	1	0	1	0	0	0	0	0	2	0	2	0	0	0	0	0	0	0	N	N	N	N	Y	N	N	N	N	N	N	N	N	N	N	N	N	N	0.0014	inf	0.0000	0.1363	inf	0.0000	0.0000	0.0000	0.0000	0.0010	0.0012	0.0000	0.0037	0.0038	0.0000	0.0000	0.0000	0.0000	0.7351	0.0000	1.8984	0.0268	0.0000	0.3567	1.0442	0.0000	1.9950	0.0000	inf	-0.0003	0.2299	5.0000	13.0332	3.0000	41.9092	0.0008	0.0008	0.0000	0.0008	0.0008	0.0000	0.0000	0.0000	0.0000	0.5433	0.0000	0.5433	0.0060	0.0000	0.0060	0.5373	0.0000	0.5373	0.8081	0.6999	0.1082	0.2272	0.2172	0.0100	0.5809	0.4828	0.0982	0.7391	0.4529	0.2862	0.2246	0.2077	0.0169	0.5145	0.2452	0.2693
6	43	0.0422	8	2	0	1	0	0	0	0	0	1	0	2	1	0	0	0	0	0	0	Y	N	N	N	Y	N	N	N	N	N	N	N	N	N	N	N	N	N	inf	0.0000	inf	0.0000	0.0000	0.0000	inf	0.0000	inf	5.9776	0.0000	33.0475	0.0000	0.0000	0.0000	6.0588	0.0000	33.1846	0.0000	0.0000	0.0000	0.0000	0.0000	0.0000	0.0000	0.0000	0.0000	inf		0.6385	0.0000	5.0000	3.9996	3.0000	6.0133	1.0000	0.0000	1.0000	0.0000	0.0000	0.0000	1.0000	0.0000	1.0000	0.0000	0.0000	0.0000	0.0000	0.0000	0.0000	0.0000	0.0000	0.0000	0.1673	0.1370	0.0303	0.0022	0.0021	0.0001	0.1651	0.1349	0.0301	0.1148	0.0525	0.0623	0.0023	0.0019	0.0003	0.1125	0.0506	0.0620
6	44	0.0422	7	2	0	1	0	0	0	0	0	2	1	2	1	0	0	0	0	0	0	Y	N	N	N	Y	N	N	N	N	N	N	N	N	N	N	N	N	N	0.0000	0.0000	0.0000	0.0000	0.0000	0.0000	0.0000	0.0000	0.0000	0.0000	0.0000	0.0000	0.0000	0.0000	0.0000	0.0000	0.0000	0.0000	0.0000	0.0000	0.0000	0.0000	0.0000	0.0000	0.0000	0.0000	0.0000			0.0000	0.0000	5.0000	0.0009	3.0000	0.0333	0.0000	0.0000	0.0000	0.0000	0.0000	0.0000	0.0000	0.0000	0.0000	0.0000	0.0000	0.0000	0.0000	0.0000	0.0000	0.0000	0.0000	0.0000	0.0001	0.0001	0.0000	0.0000	0.0000	0.0000	0.0000	0.0000	0.0000	0.0008	0.0005	0.0003	0.0002	0.0002	0.0000	0.0006	0.0003	0.0003
6	49	0.0552	7	2	0	1	0	1	0	0	0	1	0	1	0	0	0	0	0	0	0	Y	N	N	N	N	N	N	N	N	N	N	N	N	N	N	N	N	N	0.0000	0.0000	0.0000	0.0000	0.0000	0.0000	0.0000	0.0000	0.0000	0.0000	0.0000	0.0000	0.0000	0.0000	0.0000	0.0000	0.0000	0.0000	0.0000	0.0000	0.0000	0.0000	0.0000	0.0000	0.0000	0.0000	0.0000			0.0000	0.0000	5.0000	2.4585	3.0000	2.2382	0.0000	0.0000	0.0000	0.0000	0.0000	0.0000	0.0000	0.0000	0.0000	0.0000	0.0000	0.0000	0.0000	0.0000	0.0000	0.0000	0.0000	0.0000	0.1048	0.0857	0.0190	0.0022	0.0021	0.0001	0.1025	0.0836	0.0189	0.0704	0.0393	0.0311	0.0085	0.0085	0.0000	0.0619	0.0308	0.0311
6	50	0.0710	7	2	0	1	1	0	0	0	1	1	0	2	1	0	0	0	0	0	0	Y	N	N	N	Y	N	N	N	N	N	N	N	N	N	N	N	N	N	0.0000	0.0000	0.0000	0.0000	0.0000	0.0000	0.0000	0.0000	0.0000	0.0000	0.0000	0.0000	0.0000	0.0000	0.0000	0.0000	0.0000	0.0000	0.0000	0.0000	0.0000	0.0000	0.0000	0.0000	0.0000	0.0000	0.0000			0.0000	0.0000	5.0000	0.9995	3.0000	1.0067	0.0000	0.0000	0.0000	0.0000	0.0000	0.0000	0.0000	0.0000	0.0000	0.0000	0.0000	0.0000	0.0000	0.0000	0.0000	0.0000	0.0000	0.0000	0.0420	0.0346	0.0074	0.0024	0.0022	0.0002	0.0396	0.0324	0.0072	0.0221	0.0100	0.0121	0.0008	0.0007	0.0001	0.0213	0.0093	0.0120
6	51	0.0335	6	2	0	1	0	0	0	0	0	2	1	2	1	0	0	0	0	0	0	Y	N	N	N	Y	N	N	N	N	N	N	N	N	N	N	N	N	N	0.0000	0.0000	0.0000	0.0000	0.0000	0.0000	0.0000	0.0000	0.0000	0.0000	0.0000	0.0000	0.0000	0.0000	0.0000	0.0000	0.0000	0.0000	0.0000	0.0000	0.0000	0.0000	0.0000	0.0000	0.0000	0.0000	0.0000			0.0000	0.0000	5.0000	11.0065	3.0000	2.0630	0.0000	0.0000	0.0000	0.0000	0.0000	0.0000	0.0000	0.0000	0.0000	0.0000	0.0000	0.0000	0.0000	0.0000	0.0000	0.0000	0.0000	0.0000	0.4473	0.3664	0.0808	0.0034	0.0031	0.0002	0.4439	0.3633	0.0806	0.1496	0.0687	0.0808	0.0020	0.0018	0.0003	0.1475	0.0669	0.0806
6	57	0.0335	6	2	0	1	0	0	0	0	0	1	0	1	0	0	0	0	0	0	0	Y	N	N	N	N	N	N	N	N	N	N	N	N	N	N	N	N	N	0.0000	0.0000	0.0000	0.0000	0.0000	0.0000	0.0000	0.0000	0.0000	0.0000	0.0000	0.0000	0.0000	0.0000	0.0000	0.0000	0.0000	0.0000	0.0000	0.0000	0.0000	0.0000	0.0000	0.0000	0.0000	0.0000	0.0000			0.0000	0.0000	5.0000	0.9943	3.0000	1.9980	0.0000	0.0000	0.0000	0.0000	0.0000	0.0000	0.0000	0.0000	0.0000	0.0000	0.0000	0.0000	0.0000	0.0000	0.0000	0.0000	0.0000	0.0000	0.0429	0.0350	0.0079	0.0006	0.0006	0.0000	0.0423	0.0344	0.0079	0.0370	0.0174	0.0196	0.0011	0.0010	0.0001	0.0359	0.0164	0.0195
6	58	0.0282	5	2	0	1	0	0	0	0	0	1	0	1	0	0	0	0	0	0	0	Y	N	N	N	N	N	N	N	N	N	N	N	N	N	N	N	N	N	0.0000	0.0000	0.0000	0.0000	0.0000	0.0000	0.0000	0.0000	0.0000	0.0000	0.0000	0.0000	0.0000	0.0000	0.0000	0.0000	0.0000	0.0000	0.0000	0.0000	0.0000	0.0000	0.0000	0.0000	0.0000	0.0000	0.0000			-0.0000	0.0000	5.0000	0.0070	3.0000	1.9921	0.0000	0.0000	0.0000	0.0000	0.0000	0.0000	0.0000	0.0000	0.0000	0.0000	0.0000	0.0000	0.0000	0.0000	0.0000	0.0000	0.0000	0.0000	0.0003	0.0002	0.0001	0.0000	0.0000	0.0000	0.0003	0.0002	0.0001	0.0237	0.0108	0.0130	0.0000	0.0000	0.0000	0.0237	0.0108	0.0130
6	59	0.0282	4	2	0	1	0	1	0	0	0	1	0	1	0	0	0	0	0	0	0	Y	N	N	N	N	N	N	N	N	N	N	N	N	N	N	N	N	N	0.0000	0.0000	0.0000	0.0000	0.0000	0.0000	0.0000	0.0000	0.0000	0.0000	0.0000	0.0000	0.0000	0.0000	0.0000	0.0000	0.0000	0.0000	0.0000	0.0000	0.0000	0.0000	0.0000	0.0000	0.0000	0.0000	0.0000			0.0000	0.0000	5.0000	0.0000	3.0000	0.0000	0.0000	0.0000	0.0000	0.0000	0.0000	0.0000	0.0000	0.0000	0.0000	0.0000	0.0000	0.0000	0.0000	0.0000	0.0000	0.0000	0.0000	0.0000	0.0000	0.0000	0.0000	0.0000	0.0000	0.0000	0.0000	0.0000	0.0000	0.0000	0.0000	0.0000	0.0000	0.0000	0.0000	0.0000	0.0000	0.0000
8	9	0.0778	8	2	0	1	1	0	0	0	1	0	0	1	1	0	0	0	0	0	0	Y	N	N	N	N	N	N	N	N	N	N	N	N	N	N	N	N	N	0.0000	0.0000	0.0000	0.0000	0.0000	0.0000	0.0000	0.0000	0.0000	0.0000	0.0000	0.0000	0.0000	0.0000	0.0000	0.0000	0.0000	0.0000	0.0000	0.0000	0.0000	0.0000	0.0000	0.0000	0.0000	0.0000	0.0000			0.0000	0.0000	2.0057	2.0000	2.9927	0.0000	0.0000	0.0000	0.0000	0.0000	0.0000	0.0000	0.0000	0.0000	0.0000	0.0000	0.0000	0.0000	0.0000	0.0000	0.0000	0.0000	0.0000	0.0000	0.0378	0.0313	0.0066	0.0029	0.0027	0.0002	0.0349	0.0285	0.0064	0.0178	0.0082	0.0096	0.0018	0.0018	0.0001	0.0159	0.0064	0.0095
8	19	0.1165	10	2	0	1	0	0	0	0	0	0	1	0	1	0	0	0	0	0	0	Y	N	N	N	N	N	N	N	N	N	N	N	N	N	N	N	N	N	0.0000	0.0000	0.0000	0.0000	0.0000	0.0000	0.0000	0.0000	0.0000	0.0000	0.0000	0.0000	0.0000	0.0000	0.0000	0.0000	0.0000	0.0000	0.0000	0.0000	0.0000	0.0000	0.0000	0.0000	0.0000	0.0000	0.0000		0.0000	0.0000	-0.0000	2.0057	1.0008	2.9927	0.0438	0.0000	0.0000	0.0000	0.0000	0.0000	0.0000	0.0000	0.0000	0.0000	0.0000	0.0000	0.0000	0.0000	0.0000	0.0000	0.0000	0.0000	0.0000	0.0266	0.0221	0.0044	0.0035	0.0034	0.0001	0.0231	0.0187	0.0044	0.0117	0.0063	0.0054	0.0018	0.0017	0.0001	0.0098	0.0046	0.0052
8	22	0.2200	5	2	0	1	0	0	0	0	0	0	0	1	1	0	0	0	0	0	0	Y	N	N	N	N	N	N	N	N	N	N	N	N	N	N	N	N	N	201.8434	inf	0.9535	27151.6747	inf	0.0000	0.3262	0.0000	0.9973	0.0003	0.0003	0.0000	0.0031	0.0033	0.0000	0.0000	0.0000	0.0000	0.0000	0.0000	0.0000	0.0000	0.0000	0.0000	0.0000	0.0000	0.0000	0.0018	inf	-0.0000	0.0000	2.0057	2.0311	2.9927	5.0434	0.0000	0.0000	0.0000	0.0000	0.0000	0.0000	0.0000	0.0000	0.0000	0.0000	0.0000	0.0000	0.0000	0.0000	0.0000	0.0000	0.0000	0.0000	0.0357	0.0297	0.0060	0.0033	0.0031	0.0002	0.0324	0.0266	0.0058	0.0720	0.0404	0.0315	0.0149	0.0145	0.0004	0.0571	0.0260	0.0311
8	23	0.0973	10	2	0	1	0	0	0	0	0	0	1	0	1	0	0	0	0	0	0	Y	N	N	N	N	N	N	N	N	N	N	N	N	N	N	N	N	N	0.0000	0.0000	0.0000	0.0000	0.0000	0.0000	0.0000	0.0000	0.0000	0.0000	0.0000	0.0000	0.0000	0.0000	0.0000	0.0000	0.0000	0.0000	0.0000	0.0000	0.0000	0.0000	0.0000	0.0000	0.0000	0.0000	0.0000			0.0000	0.0000	2.0057	2.9896	2.9927	2.0229	0.0000	0.0000	0.0000	0.0000	0.0000	0.0000	0.0000	0.0000	0.0000	0.0000	0.0000	0.0000	0.0000	0.0000	0.0000	0.0000	0.0000	0.0000	0.0642	0.0528	0.0114	0.0031	0.0030	0.0002	0.0611	0.0498	0.0113	0.0658	0.0347	0.0311	0.0131	0.0126	0.0004	0.0528	0.0221	0.0307
8	24	0.0893	9	2	0	1	0	0	0	0	0	0	0	0	0	0	0	0	0	0	0	Y	N	N	N	N	N	N	N	N	N	N	N	N	N	N	N	N	N	0.0000	0.0000	0.0000	0.0000	0.0000	0.0000	0.0000	0.0000	0.0000	0.0000	0.0000	0.0000	0.0000	0.0000	0.0000	0.0000	0.0000	0.0000	0.0000	0.0000	0.0000	0.0000	0.0000	0.0000	0.0000	0.0000	0.0000		inf	0.0000	0.0000	2.0057	0.3867	2.9927	2.3109	0.0000	0.0000	0.0000	0.0000	0.0000	0.0000	0.0000	0.0000	0.0000	0.0000	0.0000	0.0000	0.0000	0.0000	0.0000	0.0000	0.0000	0.0000	0.0133	0.0114	0.0018	0.0042	0.0040	0.0002	0.0090	0.0074	0.0016	0.2244	0.1193	0.1051	0.1037	0.1011	0.0026	0.1207	0.0182	0.1025
8	26	0.0893	9	2	0	1	0	0	0	0	0	0	0	0	0	0	0	0	0	0	0	Y	N	N	N	N	N	N	N	N	N	N	N	N	N	N	N	N	N	0.0000	0.0000	0.0000	0.0000	0.0000	0.0000	0.0000	0.0000	0.0000	0.0000	0.0000	0.0000	0.0000	0.0000	0.0000	0.0000	0.0000	0.0000	0.0000	0.0001	0.0000	0.0001	0.0001	0.0000	0.0000	0.0000	0.0000		0.0000	0.0000	-0.0000	2.0057	4.2500	2.9927	3.1084	0.0000	0.0000	0.0000	0.0000	0.0000	0.0000	0.0000	0.0000	0.0000	0.0000	0.0000	0.0000	0.0000	0.0000	0.0000	0.0000	0.0000	0.0000	0.0949	0.0785	0.0164	0.0078	0.0074	0.0004	0.0871	0.0711	0.0159	0.2735	0.1451	0.1284	0.1098	0.1070	0.0028	0.1637	0.0381	0.1255
8	27	0.0699	8	2	0	1	0	0	0	0	0	0	0	0	0	0	0	0	0	0	0	Y	N	N	N	N	N	N	N	N	N	N	N	N	N	N	N	N	N	0.0000	0.0000	0.0000	0.0000	0.0000	0.0000	0.0000	0.0000	0.0000	0.0000	0.0000	0.0000	0.0000	0.0000	0.0000	0.0000	0.0000	0.0000	0.0003	0.0004	0.0000	0.0012	0.0012	0.0000	0.0000	0.0000	0.0000		0.0039	0.0000	-0.0000	2.0057	1.7810	2.9927	4.3857	0.0000	0.0000	0.0000	0.0000	0.0000	0.0000	0.0000	0.0000	0.0000	0.0000	0.0000	0.0000	0.0000	0.0000	0.0000	0.0000	0.0000	0.0000	0.0377	0.0313	0.0063	0.0032	0.0031	0.0001	0.0345	0.0283	0.0062	0.0798	0.0451	0.0347	0.0164	0.0162	0.0002	0.0634	0.0289	0.0345
8	31	0.0751	7	2	0	1	0	0	0	0	0	0	0	1	1	0	0	0	0	0	0	Y	N	N	N	N	N	N	N	N	N	N	N	N	N	N	N	N	N	0.0000	0.0000	0.0000	0.0000	0.0000	0.0000	0.0000	0.0000	0.0000	0.0000	0.0000	0.0000	0.0000	0.0000	0.0000	0.0000	0.0000	0.0000	0.0000	0.0000	0.0000	0.0000	0.0000	0.0000	0.0000	0.0000	0.0000		0.0000	0.0000	-0.0000	2.0057	0.0008	2.9927	0.9932	0.0000	0.0000	0.0000	0.0000	0.0000	0.0000	0.0000	0.0000	0.0000	0.0000	0.0000	0.0000	0.0000	0.0000	0.0000	0.0000	0.0000	0.0000	0.0000	0.0000	0.0000	0.0000	0.0000	0.0000	0.0000	0.0000	0.0000	0.0092	0.0043	0.0048	0.0011	0.0010	0.0000	0.0081	0.0033	0.0048
8	38	0.2200	5	2	0	1	0	0	0	0	0	0	0	1	1	0	0	0	0	0	0	Y	N	N	N	N	N	N	N	N	N	N	N	N	N	N	N	N	N	0.0000	0.0000	0.0000	0.0000	0.0000	0.0000	0.0000	0.0000	0.0000	0.0000	0.0000	0.0000	0.0000	0.0000	0.0000	0.0000	0.0000	0.0000	0.0000	0.0000	0.0000	0.0000	0.0000	0.0000	0.0000	0.0000	0.0000		inf	0.0000	0.0000	2.0057	0.0030	2.9927	2.0047	0.0000	0.0000	0.0000	0.0000	0.0000	0.0000	0.0000	0.0000	0.0000	0.0000	0.0000	0.0000	0.0000	0.0000	0.0000	0.0000	0.0000	0.0000	0.0008	0.0007	0.0001	0.0004	0.0004	0.0000	0.0004	0.0003	0.0001	0.0219	0.0124	0.0095	0.0048	0.0047	0.0001	0.0171	0.0077	0.0093
8	39	0.2052	4	2	0	1	0	1	0	0	0	1	1	1	1	0	0	0	0	0	0	Y	N	N	N	N	N	N	N	N	N	N	N	N	N	N	N	N	N	0.1111	0.0816	0.6834	0.0073	0.0044	3.4682	7.0154	2018.1935	0.0000	0.0001	0.0001	0.0000	0.0000	0.0000	0.0001	0.0001	0.0002	0.0000	0.0006	0.0009	0.0000	0.0014	0.0015	0.0000	0.0000	0.0000	0.0000	0.0309	0.0187	-0.0000	-0.0000	2.0057	2.0135	2.9927	0.9920	0.0000	0.0000	0.0000	0.0000	0.0000	0.0000	0.0000	0.0000	0.0000	0.0001	0.0000	0.0000	0.0000	0.0000	0.0000	0.0000	0.0000	0.0000	0.1590	0.1455	0.0135	0.0828	0.0790	0.0037	0.0762	0.0664	0.0098	0.0828	0.0563	0.0265	0.0356	0.0335	0.0021	0.0472	0.0228	0.0244
8	43	0.0463	8	2	0	1	0	0	0	0	0	0	0	1	1	0	0	0	0	0	0	Y	N	N	N	N	N	N	N	N	N	N	N	N	N	N	N	N	N	0.0000	0.0000	0.0000	0.0000	0.0000	0.0000	0.0000	0.0000	0.0000	0.0000	0.0000	0.0000	0.0000	0.0000	0.0000	0.0000	0.0000	0.0000	0.0000	0.0000	0.0000	0.0000	0.0000	0.0000	0.0000	0.0000	0.0000			0.0000	0.0000	2.0057	3.9996	2.9927	6.0133	0.0000	0.0000	0.0000	0.0000	0.0000	0.0000	0.0000	0.0000	0.0000	0.0000	0.0000	0.0000	0.0000	0.0000	0.0000	0.0000	0.0000	0.0000	0.0757	0.0622	0.0135	0.0027	0.0025	0.0001	0.0731	0.0597	0.0133	0.1093	0.0580	0.0513	0.0168	0.0165	0.0004	0.0924	0.0415	0.0509
8	44	0.0463	7	2	0	1	0	0	0	0	0	1	1	1	1	0	0	0	0	0	0	Y	N	N	N	N	N	N	N	N	N	N	N	N	N	N	N	N	N	0.0000	0.0000	0.0000	0.0000	0.0000	0.0000	0.0000	0.0000	0.0000	0.0000	0.0000	0.0000	0.0000	0.0000	0.0000	0.0000	0.0000	0.0000	0.0000	0.0000	0.0000	0.0000	0.0000	0.0000	0.0000	0.0000	0.0000			0.0000	0.0000	2.0057	0.0009	2.9927	0.0333	0.0000	0.0000	0.0000	0.0000	0.0000	0.0000	0.0000	0.0000	0.0000	0.0000	0.0000	0.0000	0.0000	0.0000	0.0000	0.0000	0.0000	0.0000	0.0000	0.0000	0.0000	0.0000	0.0000	0.0000	0.0000	0.0000	0.0000	0.0007	0.0005	0.0002	0.0002	0.0002	0.0000	0.0005	0.0002	0.0002
8	49	0.0593	7	2	0	1	0	1	0	0	0	0	0	0	0	0	0	0	0	0	0	Y	N	N	N	N	N	N	N	N	N	N	N	N	N	N	N	N	N	0.0000	0.0000	0.0000	0.0000	0.0000	0.0000	0.0000	0.0000	0.0000	0.0000	0.0000	0.0000	0.0000	0.0000	0.0000	0.0000	0.0000	0.0000	0.0003	0.0000	0.0008	0.0000	0.0000	0.0000	0.0004	0.0000	0.0008		254.4757	0.0000	0.0000	2.0057	2.4585	2.9927	2.2382	0.0000	0.0000	0.0000	0.0000	0.0000	0.0000	0.0000	0.0000	0.0000	0.0000	0.0000	0.0000	0.0000	0.0000	0.0000	0.0000	0.0000	0.0000	0.0474	0.0389	0.0085	0.0020	0.0019	0.0001	0.0454	0.0370	0.0084	0.0580	0.0327	0.0253	0.0107	0.0106	0.0001	0.0473	0.0221	0.0252
8	50	0.0751	7	2	0	1	1	0	0	0	1	0	0	1	1	0	0	0	0	0	0	Y	N	N	N	N	N	N	N	N	N	N	N	N	N	N	N	N	N	0.0000	0.0000	0.0000	0.0000	0.0000	0.0000	0.0000	0.0000	0.0000	0.0000	0.0000	0.0000	0.0000	0.0000	0.0000	0.0000	0.0000	0.0000	0.0000	0.0000	0.0000	0.0000	0.0000	0.0000	0.0000	0.0000	0.0000		0.0000	0.0000	-0.0000	2.0057	0.9995	2.9927	1.0067	0.0000	0.0000	0.0000	0.0000	0.0000	0.0000	0.0000	0.0000	0.0000	0.0000	0.0000	0.0000	0.0000	0.0000	0.0000	0.0000	0.0000	0.0000	0.0190	0.0157	0.0033	0.0015	0.0014	0.0001	0.0175	0.0143	0.0032	0.0181	0.0084	0.0097	0.0020	0.0019	0.0001	0.0162	0.0065	0.0096
8	51	0.0376	6	2	0	1	0	0	0	0	0	1	1	1	1	0	0	0	0	0	0	Y	N	N	N	N	N	N	N	N	N	N	N	N	N	N	N	N	N	0.0000	0.0000	0.0000	0.0000	0.0000	0.0000	0.0000	0.0000	0.0000	0.0000	0.0000	0.0000	0.0000	0.0000	0.0000	0.0000	0.0000	0.0000	0.0001	0.0003	0.0000	0.0010	0.0010	0.0000	0.0000	0.0000	0.0000		0.0000	0.0000	-0.0000	2.0057	11.0065	2.9927	2.0630	0.0000	0.0000	0.0000	0.0000	0.0000	0.0000	0.0000	0.0000	0.0000	0.0000	0.0000	0.0000	0.0000	0.0000	0.0000	0.0000	0.0000	0.0000	0.2025	0.1664	0.0360	0.0059	0.0056	0.0003	0.1966	0.1608	0.0357	0.1419	0.0754	0.0665	0.0211	0.0207	0.0004	0.1208	0.0548	0.0661
8	57	0.0376	6	2	0	1	0	0	0	0	0	0	0	0	0	0	0	0	0	0	0	Y	N	N	N	N	N	N	N	N	N	N	N	N	N	N	N	N	N	0.0000	0.0000	0.0000	0.0000	0.0000	0.0000	0.0000	0.0000	0.0000	0.0000	0.0000	0.0000	0.0000	0.0000	0.0000	0.0000	0.0000	0.0000	0.0000	0.0000	0.0000	0.0001	0.0001	0.0001	0.0000	0.0000	0.0000		0.0117	0.0000	-0.0000	2.0057	0.9943	2.9927	1.9980	0.0000	0.0000	0.0000	0.0000	0.0000	0.0000	0.0000	0.0000	0.0000	0.0000	0.0000	0.0000	0.0000	0.0000	0.0000	0.0000	0.0000	0.0000	0.0194	0.0159	0.0035	0.0007	0.0007	0.0000	0.0187	0.0152	0.0035	0.0349	0.0188	0.0161	0.0055	0.0054	0.0001	0.0294	0.0134	0.0160
8	58	0.0323	5	2	0	1	0	0	0	0	0	0	0	0	0	0	0	0	0	0	0	Y	N	N	N	N	N	N	N	N	N	N	N	N	N	N	N	N	N	0.0000	0.0000	0.0000	0.0000	0.0000	0.0000	0.0000	0.0000	0.0000	0.0000	0.0000	0.0000	0.0000	0.0000	0.0000	0.0000	0.0000	0.0000	0.0022	0.0041	0.0000	0.0156	0.0158	0.0000	0.0000	0.0000	0.0000		0.0000	0.0000	-0.0000	2.0057	0.0070	2.9927	1.9921	0.0000	0.0000	0.0000	0.0000	0.0000	0.0000	0.0000	0.0000	0.0000	0.0000	0.0000	0.0000	0.0000	0.0000	0.0000	0.0000	0.0000	0.0000	0.0001	0.0001	0.0000	0.0000	0.0000	0.0000	0.0001	0.0001	0.0000	0.0226	0.0120	0.0107	0.0032	0.0031	0.0000	0.0195	0.0088	0.0106
8	59	0.0323	4	2	0	1	0	1	0	0	0	0	0	0	0	0	0	0	0	0	0	Y	N	N	N	N	N	N	N	N	N	N	N	N	N	N	N	N	N	0.0000	0.0000	0.0000	0.0000	0.0000	0.0000	0.0000	0.0000	0.0000	0.0000	0.0000	0.0000	0.0000	0.0000	0.0000	0.0000	0.0000	0.0000	0.0000	0.0000	0.0000	0.0000	0.0000	0.0000	0.0000	0.0000	0.0000			0.0000	-0.0000	2.0057	0.0000	2.9927	0.0000	0.0000	0.0000	0.0000	0.0000	0.0000	0.0000	0.0000	0.0000	0.0000	0.0000	0.0000	0.0000	0.0000	0.0000	0.0000	0.0000	0.0000	0.0000	0.0000	0.0000	0.0000	0.0000	0.0000	0.0000	0.0000	0.0000	0.0000	0.0000	0.0000	0.0000	0.0000	0.0000	0.0000	0.0000	0.0000	0.0000
9	10	0.1075	11	2	0	1	1	0	0	0	1	0	0	1	1	0	0	0	0	0	0	Y	N	N	N	N	N	N	N	N	N	N	N	N	N	N	N	N	N	0.0000	0.0000	0.0000	0.0000	0.0000	0.0000	0.0000	0.0000	0.0000	0.0000	0.0000	0.0000	0.0000	0.0000	0.0000	0.0000	0.0000	0.0000	0.0000	0.0000	0.0000	0.0000	0.0000	0.0000	0.0000	0.0000	0.0000			0.0000	0.0000	2.0000	6.0507	0.0000	3.5023	0.0000	0.0000	0.0000	0.0000	0.0000	0.0000	0.0000	0.0000	0.0000	0.0000	0.0000	0.0000	0.0000	0.0000	0.0000	0.0000	0.0000	0.0000	0.1203	0.1005	0.0198	0.0106	0.0099	0.0007	0.1096	0.0905	0.0191	0.0349	0.0190	0.0160	0.0052	0.0050	0.0002	0.0298	0.0140	0.0158
9	11	0.0568	6	2	0	1	1	1	0	1	1	1	0	2	1	0	0	0	0	0	0	Y	N	N	N	Y	N	N	N	N	N	N	N	N	N	N	N	N	N	0.0000	0.0000	0.0000	0.0000	0.0000	0.0000	0.0000	0.0000	0.0000	0.0000	0.0000	0.0000	0.0000	0.0000	0.0000	0.0000	0.0000	0.0000	0.0000	0.0000	0.0000	0.0000	0.0000	0.0000	0.0000	0.0000	0.0000			0.0000	0.0000	2.0000	6.7409	0.0000	3.0067	0.0000	0.0000	0.0000	0.0000	0.0000	0.0000	0.0000	0.0000	0.0000	0.0000	0.0000	0.0000	0.0000	0.0000	0.0000	0.0000	0.0000	0.0000	0.1340	0.1116	0.0224	0.0095	0.0089	0.0006	0.1245	0.1027	0.0218	0.0291	0.0134	0.0157	0.0008	0.0007	0.0001	0.0283	0.0127	0.0156
9	12	0.1151	10	2	0	1	1	1	0	1	1	0	0	1	1	0	0	0	0	0	0	Y	N	N	N	N	N	N	N	N	N	N	N	N	N	N	N	N	N	0.0000	0.0000	0.0000	0.0000	0.0000	0.0000	0.0000	0.0000	0.0000	0.0000	0.0000	0.0000	0.0000	0.0000	0.0000	0.0000	0.0000	0.0000	0.0000	0.0000	0.0000	0.0000	0.0000	0.0000	0.0000	0.0000	0.0000			0.0000	0.0000	2.0000	1.9827	0.0000	3.4053	0.0000	0.0000	0.0000	0.0000	0.0000	0.0000	0.0000	0.0000	0.0000	0.0000	0.0000	0.0000	0.0000	0.0000	0.0000	0.0000	0.0000	0.0000	0.0520	0.0446	0.0074	0.0096	0.0093	0.0003	0.0424	0.0353	0.0071	0.0263	0.0145	0.0117	0.0063	0.0061	0.0002	0.0200	0.0084	0.0116
9	14	0.1287	12	2	0	1	1	0	0	0	1	1	0	2	1	0	0	0	0	0	0	Y	N	N	N	Y	N	N	N	N	N	N	N	N	N	N	N	N	N	0.0000	0.0000	0.0000	0.0000	0.0000	0.0000	0.0000	0.0000	0.0000	0.0000	0.0000	0.0000	0.0000	0.0000	0.0000	0.0000	0.0000	0.0000	0.0000	0.0000	0.0000	0.0000	0.0000	0.0000	0.0000	0.0000	0.0000			0.0000	0.0000	2.0000	7.0048	0.0000	7.0851	0.0000	0.0000	0.0000	0.0000	0.0000	0.0000	0.0000	0.0000	0.0000	0.0000	0.0000	0.0000	0.0000	0.0000	0.0000	0.0000	0.0000	0.0000	0.1361	0.1133	0.0227	0.0148	0.0139	0.0009	0.1213	0.0994	0.0219	0.0460	0.0242	0.0218	0.0062	0.0057	0.0005	0.0398	0.0185	0.0213
9	15	0.0537	4	2	0	1	1	0	0	1	1	0	0	1	1	0	0	0	0	0	0	Y	N	N	N	N	N	N	N	N	N	N	N	N	N	N	N	N	N	0.0000	0.0000	0.0000	0.0000	0.0000	0.0000	0.0000	0.0000	0.0000	0.0000	0.0000	0.0000	0.0000	0.0000	0.0000	0.0000	0.0000	0.0000	0.0000	0.0000	0.0000	0.0000	0.0000	0.0000	0.0000	0.0000	0.0000			0.0000	0.0000	2.0000	4.0000	0.0000	4.0000	0.0000	0.0000	0.0000	0.0000	0.0000	0.0000	0.0000	0.0000	0.0000	0.0000	0.0000	0.0000	0.0000	0.0000	0.0000	0.0000	0.0000	0.0000	0.0779	0.0645	0.0133	0.0038	0.0036	0.0003	0.0741	0.0610	0.0131	0.0242	0.0111	0.0131	0.0006	0.0005	0.0001	0.0236	0.0106	0.0130
9	16	0.0565	8	2	1	1	1	0	1	0	1	0	0	1	1	0	0	0	0	0	0	Y	N	N	N	N	N	N	N	N	N	N	N	N	N	N	N	N	N	0.0000	0.0000	0.0000	0.0000	0.0000	0.0000	0.0000	0.0000	0.0000	0.0000	0.0000	0.0000	0.0000	0.0000	0.0000	0.0000	0.0000	0.0000	0.0000	0.0000	0.0000	0.0000	0.0000	0.0000	0.0000	0.0000	0.0000			0.0000	0.0000	2.0000	4.0000	0.0000	3.9999	0.0000	0.0000	0.0000	0.0000	0.0000	0.0000	0.0000	0.0000	0.0000	0.0000	0.0000	0.0000	0.0000	0.0000	0.0000	0.0000	0.0000	0.0000	0.0745	0.0614	0.0131	0.0042	0.0039	0.0003	0.0704	0.0575	0.0128	0.0239	0.0107	0.0132	0.0007	0.0006	0.0001	0.0233	0.0101	0.0131
9	17	0.0565	7	2	0	1	1	0	0	0	1	0	0	1	1	0	0	0	0	0	0	Y	N	N	N	N	N	N	N	N	N	N	N	N	N	N	N	N	N	0.0000	0.0000	0.0000	0.0000	0.0000	0.0000	0.0000	0.0000	0.0000	0.0000	0.0000	0.0000	0.0000	0.0000	0.0000	0.0000	0.0000	0.0000	0.0000	0.0000	0.0000	0.0000	0.0000	0.0000	0.0000	0.0000	0.0000			0.0000	0.0000	2.0000	0.0001	0.0000	0.0001	0.0000	0.0000	0.0000	0.0000	0.0000	0.0000	0.0000	0.0000	0.0000	0.0000	0.0000	0.0000	0.0000	0.0000	0.0000	0.0000	0.0000	0.0000	0.0000	0.0000	0.0000	0.0000	0.0000	0.0000	0.0000	0.0000	0.0000	0.0000	0.0000	0.0000	0.0000	0.0000	0.0000	0.0000	0.0000	0.0000
9	18	0.1459	12	2	0	1	1	0	0	0	1	0	0	2	1	0	0	0	0	0	0	Y	N	N	N	Y	N	N	N	N	N	N	N	N	N	N	N	N	N	0.0000	0.0000	0.0000	0.0000	0.0000	0.0000	0.0000	0.0000	0.0000	0.0000	0.0000	0.0000	0.0000	0.0000	0.0000	0.0000	0.0000	0.0000	0.0000	0.0000	0.0000	0.0000	0.0000	0.0000	0.0000	0.0000	0.0000			0.0000	0.0000	2.0000	0.0000	0.0000	1.0000	0.0000	0.0000	0.0000	0.0000	0.0000	0.0000	0.0000	0.0000	0.0000	0.0000	0.0000	0.0000	0.0000	0.0000	0.0000	0.0000	0.0000	0.0000	0.0000	0.0000	0.0000	0.0000	0.0000	0.0000	0.0000	0.0000	0.0000	0.0024	0.0012	0.0012	0.0002	0.0002	0.0000	0.0022	0.0010	0.0012
9	19	0.1380	11	2	0	0	1	0	0	0	1	0	1	1	2	0	0	0	0	0	0	Y	N	N	N	N	Y	N	N	N	N	N	N	N	N	N	N	N	N	0.0000	0.0000	0.0000	0.0000	0.0000	0.0000	0.0000	0.0000	0.0000	0.0000	0.0000	0.0000	0.0000	0.0000	0.0000	0.0000	0.0000	0.0000	0.0000	0.0000	0.0000	0.0000	0.0000	0.0000	0.0000	0.0000	0.0000			0.0000	0.0000	2.0000	1.0008	0.0000	0.0438	0.0000	0.0000	0.0000	0.0000	0.0000	0.0000	0.0000	0.0000	0.0000	0.0000	0.0000	0.0000	0.0000	0.0000	0.0000	0.0000	0.0000	0.0000	0.0237	0.0198	0.0039	0.0033	0.0032	0.0001	0.0204	0.0166	0.0038	0.0036	0.0018	0.0018	0.0005	0.0004	0.0000	0.0031	0.0014	0.0017
9	20	0.1287	12	2	0	1	1	0	0	0	1	0	0	1	1	0	0	0	0	0	0	Y	N	N	N	N	N	N	N	N	N	N	N	N	N	N	N	N	N	0.0000	0.0000	0.0000	0.0000	0.0000	0.0000	0.0000	0.0000	0.0000	0.0000	0.0000	0.0000	0.0000	0.0000	0.0000	0.0000	0.0000	0.0000	0.0000	0.0000	0.0000	0.0000	0.0000	0.0000	0.0000	0.0000	0.0000			0.0000	0.0000	2.0000	3.4426	0.0000	4.3893	0.0000	0.0000	0.0000	0.0000	0.0000	0.0000	0.0000	0.0000	0.0000	0.0000	0.0000	0.0000	0.0000	0.0000	0.0000	0.0000	0.0000	0.0000	0.0717	0.0601	0.0117	0.0101	0.0096	0.0005	0.0616	0.0505	0.0111	0.0291	0.0162	0.0129	0.0049	0.0046	0.0003	0.0242	0.0116	0.0126
9	21	0.1187	11	2	0	1	1	0	0	1	1	0	0	1	1	0	0	0	0	0	0	Y	N	N	N	N	N	N	N	N	N	N	N	N	N	N	N	N	N	0.0000	0.0000	0.0000	0.0000	0.0000	0.0000	0.0000	0.0000	0.0000	0.0000	0.0000	0.0000	0.0000	0.0000	0.0000	0.0000	0.0000	0.0000	0.0000	0.0000	0.0000	0.0000	0.0000	0.0000	0.0000	0.0000	0.0000			0.0000	0.0000	2.0000	1.5916	0.0000	0.7482	0.0000	0.0000	0.0000	0.0000	0.0000	0.0000	0.0000	0.0000	0.0000	0.0000	0.0000	0.0000	0.0000	0.0000	0.0000	0.0000	0.0000	0.0000	0.0308	0.0254	0.0054	0.0022	0.0021	0.0001	0.0286	0.0233	0.0052	0.0075	0.0036	0.0038	0.0007	0.0006	0.0001	0.0068	0.0030	0.0038
9	22	0.2470	8	2	0	0	1	0	0	0	1	0	0	2	2	0	0	0	0	0	0	Y	N	N	N	Y	Y	N	N	N	N	N	N	N	N	N	N	N	N	0.0000	0.0000	0.0000	0.0000	0.0000	0.0000	0.0000	0.0000	0.0000	0.0000	0.0000	0.0000	0.0000	0.0000	0.0000	0.0000	0.0000	0.0000	0.0000	0.0000	0.0000	0.0000	0.0000	0.0000	0.0000	0.0000	0.0000			0.0000	0.0000	2.0000	2.0311	0.0000	5.0434	0.0000	0.0000	0.0000	0.0000	0.0000	0.0000	0.0000	0.0000	0.0000	0.0000	0.0000	0.0000	0.0000	0.0000	0.0000	0.0000	0.0000	0.0000	0.0386	0.0324	0.0062	0.0043	0.0040	0.0003	0.0343	0.0285	0.0059	0.0184	0.0088	0.0096	0.0011	0.0009	0.0002	0.0173	0.0079	0.0094
9	23	0.1187	11	2	0	0	1	0	0	0	1	0	1	1	2	0	0	0	0	0	0	Y	N	N	N	N	Y	N	N	N	N	N	N	N	N	N	N	N	N	0.0000	0.0000	0.0000	0.0000	0.0000	0.0000	0.0000	0.0000	0.0000	0.0000	0.0000	0.0000	0.0000	0.0000	0.0000	0.0000	0.0000	0.0000	0.0000	0.0000	0.0000	0.0000	0.0000	0.0000	0.0000	0.0000	0.0000			0.0000	0.0000	2.0000	2.9896	0.0000	2.0229	0.0000	0.0000	0.0000	0.0000	0.0000	0.0000	0.0000	0.0000	0.0000	0.0000	0.0000	0.0000	0.0000	0.0000	0.0000	0.0000	0.0000	0.0000	0.0572	0.0472	0.0100	0.0040	0.0037	0.0003	0.0532	0.0435	0.0097	0.0156	0.0075	0.0081	0.0013	0.0012	0.0002	0.0142	0.0063	0.0079
9	24	0.1107	10	2	0	0	1	0	0	0	1	0	0	1	1	0	0	0	0	0	0	Y	N	N	N	N	N	N	N	N	N	N	N	N	N	N	N	N	N	0.0000	0.0000	0.0000	0.0000	0.0000	0.0000	0.0000	0.0000	0.0000	0.0000	0.0000	0.0000	0.0000	0.0000	0.0000	0.0000	0.0000	0.0000	0.0000	0.0000	0.0000	0.0000	0.0000	0.0000	0.0000	0.0000	0.0000			0.0000	0.0000	2.0000	0.3867	0.0000	2.3109	0.0000	0.0000	0.0000	0.0000	0.0000	0.0000	0.0000	0.0000	0.0000	0.0000	0.0000	0.0000	0.0000	0.0000	0.0000	0.0000	0.0000	0.0000	0.0177	0.0161	0.0016	0.0106	0.0103	0.0003	0.0071	0.0058	0.0013	0.0094	0.0048	0.0046	0.0011	0.0010	0.0001	0.0083	0.0037	0.0045
9	25	0.1380	11	2	0	1	1	0	0	1	1	0	0	1	1	0	0	0	0	0	0	Y	N	N	N	N	N	N	N	N	N	N	N	N	N	N	N	N	N	0.0000	0.0000	0.0000	0.0000	0.0000	0.0000	0.0000	0.0000	0.0000	0.0000	0.0000	0.0000	0.0000	0.0000	0.0000	0.0000	0.0000	0.0000	0.0000	0.0000	0.0000	0.0000	0.0000	0.0000	0.0000	0.0000	0.0000			0.0000	0.0000	2.0000	1.5075	0.0000	1.0180	0.0000	0.0000	0.0000	0.0000	0.0000	0.0000	0.0000	0.0000	0.0000	0.0000	0.0000	0.0000	0.0000	0.0000	0.0000	0.0000	0.0000	0.0000	0.0336	0.0280	0.0057	0.0039	0.0038	0.0001	0.0297	0.0242	0.0055	0.0081	0.0040	0.0041	0.0009	0.0008	0.0001	0.0072	0.0032	0.0040
9	26	0.1107	10	2	0	0	1	0	0	0	1	0	0	1	1	0	0	0	0	0	0	Y	N	N	N	N	N	N	N	N	N	N	N	N	N	N	N	N	N	0.0000	0.0000	0.0000	0.0000	0.0000	0.0000	0.0000	0.0000	0.0000	0.0000	0.0000	0.0000	0.0000	0.0000	0.0000	0.0000	0.0000	0.0000	0.0000	0.0000	0.0000	0.0000	0.0000	0.0000	0.0000	0.0000	0.0000			0.0000	0.0000	2.0000	4.2500	0.0000	3.1084	0.0000	0.0000	0.0000	0.0000	0.0000	0.0000	0.0000	0.0000	0.0000	0.0000	0.0000	0.0000	0.0000	0.0000	0.0000	0.0000	0.0000	0.0000	0.0902	0.0759	0.0143	0.0151	0.0145	0.0006	0.0751	0.0614	0.0137	0.0233	0.0113	0.0119	0.0021	0.0019	0.0002	0.0211	0.0094	0.0117
9	27	0.0913	9	2	0	0	1	0	0	0	1	0	0	1	1	0	0	0	0	0	0	Y	N	N	N	N	N	N	N	N	N	N	N	N	N	N	N	N	N	0.0000	0.0000	0.0000	0.0000	0.0000	0.0000	0.0000	0.0000	0.0000	0.0000	0.0000	0.0000	0.0000	0.0000	0.0000	0.0000	0.0000	0.0000	0.0000	0.0000	0.0000	0.0000	0.0000	0.0000	0.0000	0.0000	0.0000			0.0000	0.0000	2.0000	1.7810	0.0000	4.3857	0.0000	0.0000	0.0000	0.0000	0.0000	0.0000	0.0000	0.0000	0.0000	0.0000	0.0000	0.0000	0.0000	0.0000	0.0000	0.0000	0.0000	0.0000	0.0518	0.0451	0.0067	0.0141	0.0137	0.0004	0.0377	0.0314	0.0063	0.0262	0.0153	0.0109	0.0047	0.0046	0.0001	0.0215	0.0107	0.0108
9	28	0.0081	2	2	0	1	2	0	0	0	2	0	0	2	2	0	0	0	0	0	0	Y	N	N	Y	Y	Y	N	N	N	N	N	N	N	N	N	N	N	N	0.0000	0.0000	0.0000	0.0000	0.0000	0.0000	0.0000	0.0000	0.0000	0.0000	0.0000	0.0000	0.0000	0.0000	0.0000	0.0000	0.0000	0.0000	0.0000	0.0000	0.0000	0.0000	0.0000	0.0000	0.0000	0.0000	0.0000			0.0000	0.0000	2.0000	0.0000	0.0000	0.0000	0.0000	0.0000	0.0000	0.0000	0.0000	0.0000	0.0000	0.0000	0.0000	0.0000	0.0000	0.0000	0.0000	0.0000	0.0000	0.0000	0.0000	0.0000	0.0000	0.0000	0.0000	0.0000	0.0000	0.0000	0.0000	0.0000	0.0000	0.0000	0.0000	0.0000	0.0000	0.0000	0.0000	0.0000	0.0000	0.0000
9	29	0.0081	2	2	0	1	1	0	0	0	1	0	0	2	2	0	0	0	0	0	0	Y	N	N	N	Y	Y	N	N	N	N	N	N	N	N	N	N	N	N	0.0000	0.0000	0.0000	0.0000	0.0000	0.0000	0.0000	0.0000	0.0000	0.0000	0.0000	0.0000	0.0000	0.0000	0.0000	0.0000	0.0000	0.0000	0.0000	0.0000	0.0000	0.0000	0.0000	0.0000	0.0000	0.0000	0.0000			0.0000	0.0000	2.0000	0.0000	0.0000	1.0000	0.0000	0.0000	0.0000	0.0000	0.0000	0.0000	0.0000	0.0000	0.0000	0.0000	0.0000	0.0000	0.0000	0.0000	0.0000	0.0000	0.0000	0.0000	0.0000	0.0000	0.0000	0.0000	0.0000	0.0000	0.0000	0.0000	0.0000	0.0033	0.0015	0.0018	0.0000	0.0000	0.0000	0.0033	0.0015	0.0018
9	35	0.0679	8	2	0	1	1	0	0	0	1	0	1	1	2	0	0	0	0	0	0	Y	N	N	N	N	Y	N	N	N	N	N	N	N	N	N	N	N	N	0.0000	0.0000	0.0000	0.0000	0.0000	0.0000	0.0000	0.0000	0.0000	0.0000	0.0000	0.0000	0.0000	0.0000	0.0000	0.0000	0.0000	0.0000	0.0000	0.0000	0.0000	0.0000	0.0000	0.0000	0.0000	0.0000	0.0000			0.0000	0.0000	2.0000	4.0048	0.0000	3.3550	0.0000	0.0000	0.0000	0.0000	0.0000	0.0000	0.0000	0.0000	0.0000	0.0000	0.0000	0.0000	0.0000	0.0000	0.0000	0.0000	0.0000	0.0000	0.0745	0.0616	0.0129	0.0057	0.0053	0.0004	0.0688	0.0563	0.0125	0.0245	0.0112	0.0133	0.0020	0.0019	0.0001	0.0225	0.0093	0.0132
9	36	0.0565	7	2	0	1	1	0	0	0	1	0	0	1	1	0	0	0	0	0	0	Y	N	N	N	N	N	N	N	N	N	N	N	N	N	N	N	N	N	0.0000	0.0000	0.0000	0.0000	0.0000	0.0000	0.0000	0.0000	0.0000	0.0000	0.0000	0.0000	0.0000	0.0000	0.0000	0.0000	0.0000	0.0000	0.0000	0.0000	0.0000	0.0000	0.0000	0.0000	0.0000	0.0000	0.0000			0.0000	0.0000	2.0000	2.9973	0.0000	0.6905	0.0000	0.0000	0.0000	0.0000	0.0000	0.0000	0.0000	0.0000	0.0000	0.0000	0.0000	0.0000	0.0000	0.0000	0.0000	0.0000	0.0000	0.0000	0.0585	0.0485	0.0100	0.0032	0.0030	0.0002	0.0552	0.0455	0.0098	0.0113	0.0051	0.0061	0.0003	0.0002	0.0000	0.0110	0.0049	0.0061
9	37	0.0565	6	2	0	1	1	1	0	1	1	0	0	1	1	0	0	0	0	0	0	Y	N	N	N	N	N	N	N	N	N	N	N	N	N	N	N	N	N	0.0000	0.0000	0.0000	0.0000	0.0000	0.0000	0.0000	0.0000	0.0000	0.0000	0.0000	0.0000	0.0000	0.0000	0.0000	0.0000	0.0000	0.0000	0.0000	0.0000	0.0000	0.0000	0.0000	0.0000	0.0000	0.0000	0.0000			0.0000	0.0000	2.0000	0.0022	0.0000	0.0001	0.0000	0.0000	0.0000	0.0000	0.0000	0.0000	0.0000	0.0000	0.0000	0.0000	0.0000	0.0000	0.0000	0.0000	0.0000	0.0000	0.0000	0.0000	0.0001	0.0001	0.0000	0.0000	0.0000	0.0000	0.0001	0.0000	0.0000	0.0000	0.0000	0.0000	0.0000	0.0000	0.0000	0.0000	0.0000	0.0000
9	38	0.2470	8	2	0	0	1	0	0	0	1	0	0	2	2	0	0	0	0	0	0	Y	N	N	N	Y	Y	N	N	N	N	N	N	N	N	N	N	N	N	0.0000	0.0000	0.0000	0.0000	0.0000	0.0000	0.0000	0.0000	0.0000	0.0000	0.0000	0.0000	0.0000	0.0000	0.0000	0.0000	0.0000	0.0000	0.0000	0.0000	0.0000	0.0000	0.0000	0.0000	0.0000	0.0000	0.0000			0.0000	0.0000	2.0000	0.0030	0.0000	2.0047	0.0000	0.0000	0.0000	0.0000	0.0000	0.0000	0.0000	0.0000	0.0000	0.0000	0.0000	0.0000	0.0000	0.0000	0.0000	0.0000	0.0000	0.0000	0.0007	0.0006	0.0001	0.0003	0.0003	0.0000	0.0004	0.0003	0.0001	0.0057	0.0028	0.0029	0.0005	0.0005	0.0000	0.0052	0.0024	0.0028
9	39	0.2322	7	2	0	0	1	1	0	0	1	1	1	2	2	0	0	0	0	0	0	Y	N	N	N	Y	Y	N	N	N	N	N	N	N	N	N	N	N	N	inf	inf	0.0000	inf	inf	0.0000	0.0000	0.0000	0.0000	0.0020	0.0022	0.0000	0.0040	0.0042	0.0000	0.0000	0.0000	0.0000	0.0000	0.0000	0.0000	0.0000	0.0000	0.0000	0.0000	0.0000	0.0000	0.0000		-0.0001	0.0000	2.0000	2.0135	0.0000	0.9920	0.0003	0.0003	0.0000	0.0003	0.0003	0.0000	0.0000	0.0000	0.0000	0.0000	0.0000	0.0000	0.0000	0.0000	0.0000	0.0000	0.0000	0.0000	0.1381	0.1253	0.0128	0.0703	0.0659	0.0044	0.0678	0.0594	0.0084	0.0257	0.0172	0.0085	0.0104	0.0098	0.0007	0.0153	0.0074	0.0079
9	40	0.0787	9	2	0	1	1	1	0	1	1	1	0	2	1	0	0	0	0	0	0	Y	N	N	N	Y	N	N	N	N	N	N	N	N	N	N	N	N	N	0.0000	0.0000	0.0000	0.0000	0.0000	0.0000	0.0000	0.0000	0.0000	0.0000	0.0000	0.0000	0.0000	0.0000	0.0000	0.0000	0.0000	0.0000	0.0000	0.0000	0.0000	0.0000	0.0000	0.0000	0.0000	0.0000	0.0000			0.0000	0.0000	2.0000	5.0282	0.0000	8.9849	0.0000	0.0000	0.0000	0.0000	0.0000	0.0000	0.0000	0.0000	0.0000	0.0000	0.0000	0.0000	0.0000	0.0000	0.0000	0.0000	0.0000	0.0000	0.0985	0.0819	0.0167	0.0069	0.0064	0.0005	0.0917	0.0755	0.0162	0.0407	0.0193	0.0214	0.0015	0.0014	0.0002	0.0392	0.0179	0.0213
9	41	0.2281	12	1	0	0	1	0	0	0	1	1	0	2	1	0	0	0	0	0	0	N	N	N	N	Y	N	N	N	N	N	N	N	N	N	N	N	N	N	inf	inf	0.0000	inf	inf	0.0000	0.0000	0.0000	0.0000	0.0021	0.0024	0.0000	0.0071	0.0075	0.0000	0.0000	0.0000	0.0000	0.0000	0.0000	0.0000	0.0000	0.0000	0.0000	0.0000	0.0000	0.0000	0.0000		-0.0003	0.0000	2.0000	13.0332	0.0000	41.9092	0.0008	0.0008	0.0000	0.0008	0.0008	0.0000	0.0000	0.0000	0.0000	0.0000	0.0000	0.0000	0.0000	0.0000	0.0000	0.0000	0.0000	0.0000	0.3843	0.3348	0.0495	0.1141	0.1087	0.0055	0.2702	0.2262	0.0440	0.1985	0.1224	0.0761	0.0612	0.0567	0.0045	0.1373	0.0657	0.0716
9	42	0.0763	8	2	0	1	1	1	0	1	1	0	0	1	1	0	0	0	0	0	0	Y	N	N	N	N	N	N	N	N	N	N	N	N	N	N	N	N	N	0.0000	0.0000	0.0000	0.0000	0.0000	0.0000	0.0000	0.0000	0.0000	0.0000	0.0000	0.0000	0.0000	0.0000	0.0000	0.0000	0.0000	0.0000	0.0000	0.0000	0.0000	0.0000	0.0000	0.0000	0.0000	0.0000	0.0000			0.0000	0.0000	2.0000	2.0001	0.0000	2.0031	0.0000	0.0000	0.0000	0.0000	0.0000	0.0000	0.0000	0.0000	0.0000	0.0000	0.0000	0.0000	0.0000	0.0000	0.0000	0.0000	0.0000	0.0000	0.0396	0.0329	0.0067	0.0026	0.0025	0.0002	0.0370	0.0304	0.0066	0.0121	0.0057	0.0064	0.0005	0.0004	0.0000	0.0117	0.0053	0.0064
9	43	0.0570	5	2	0	0	1	0	0	0	1	0	0	2	2	0	0	0	0	0	0	Y	N	N	N	Y	Y	N	N	N	N	N	N	N	N	N	N	N	N	inf	0.0000	inf	0.0000	0.0000	0.0000	inf	0.0000	inf	0.0008	0.0000	0.0046	0.0000	0.0000	0.0000	0.0008	0.0000	0.0047	0.0000	0.0000	0.0000	0.0000	0.0000	0.0000	0.0000	0.0000	0.0000	inf		0.0000	0.0000	2.0000	3.9996	0.0000	6.0133	0.0001	0.0000	0.0001	0.0000	0.0000	0.0000	0.0001	0.0000	0.0001	0.0000	0.0000	0.0000	0.0000	0.0000	0.0000	0.0000	0.0000	0.0000	0.0777	0.0645	0.0132	0.0043	0.0040	0.0003	0.0734	0.0605	0.0129	0.0302	0.0139	0.0163	0.0011	0.0010	0.0001	0.0291	0.0129	0.0162
9	44	0.0570	4	2	0	0	1	0	0	0	1	1	1	2	2	0	0	0	0	0	0	Y	N	N	N	Y	Y	N	N	N	N	N	N	N	N	N	N	N	N	inf	inf	inf	inf	inf	0.0000	inf	0.0000	inf	4.6165	2.6796	16.6552	11.6354	11.7874	0.0000	2.8795	0.0000	16.9684	0.0000	0.0000	0.0000	0.0000	0.0000	0.0000	0.0000	0.0000	0.0000	1.0000		0.0000	0.0000	2.0000	0.0009	0.0000	0.0333	0.0001	0.0001	0.0001	0.0001	0.0001	0.0000	0.0001	0.0000	0.0001	0.0000	0.0000	0.0000	0.0000	0.0000	0.0000	0.0000	0.0000	0.0000	0.0000	0.0000	0.0000	0.0000	0.0000	0.0000	0.0000	0.0000	0.0000	0.0004	0.0003	0.0001	0.0001	0.0001	0.0000	0.0002	0.0001	0.0001
9	45	0.1075	11	2	0	1	1	0	0	0	1	0	0	1	1	0	0	0	0	0	0	Y	N	N	N	N	N	N	N	N	N	N	N	N	N	N	N	N	N	0.0000	0.0000	0.0000	0.0000	0.0000	0.0000	0.0000	0.0000	0.0000	0.0000	0.0000	0.0000	0.0000	0.0000	0.0000	0.0000	0.0000	0.0000	0.0000	0.0000	0.0000	0.0000	0.0000	0.0000	0.0000	0.0000	0.0000			0.0000	0.0000	2.0000	28.1541	0.0000	22.5093	0.0000	0.0000	0.0000	0.0000	0.0000	0.0000	0.0000	0.0000	0.0000	0.0000	0.0000	0.0000	0.0000	0.0000	0.0000	0.0000	0.0000	0.0000	0.4942	0.4146	0.0796	0.0395	0.0367	0.0028	0.4547	0.3779	0.0768	0.1294	0.0648	0.0646	0.0097	0.0089	0.0008	0.1197	0.0558	0.0638
9	46	0.1051	10	2	0	1	1	1	0	1	1	0	0	1	1	0	0	0	0	0	0	Y	N	N	N	N	N	N	N	N	N	N	N	N	N	N	N	N	N	0.0000	0.0000	0.0000	0.0000	0.0000	0.0000	0.0000	0.0000	0.0000	0.0000	0.0000	0.0000	0.0000	0.0000	0.0000	0.0000	0.0000	0.0000	0.0000	0.0000	0.0000	0.0000	0.0000	0.0000	0.0000	0.0000	0.0000			0.0000	0.0000	2.0000	0.7642	0.0000	1.7872	0.0000	0.0000	0.0000	0.0000	0.0000	0.0000	0.0000	0.0000	0.0000	0.0000	0.0000	0.0000	0.0000	0.0000	0.0000	0.0000	0.0000	0.0000	0.0288	0.0254	0.0033	0.0085	0.0081	0.0004	0.0203	0.0173	0.0030	0.0163	0.0103	0.0060	0.0048	0.0047	0.0001	0.0115	0.0056	0.0059
9	47	0.1102	10	2	0	1	1	0	0	0	1	0	0	1	1	0	0	0	0	0	0	Y	N	N	N	N	N	N	N	N	N	N	N	N	N	N	N	N	N	0.0000	0.0000	0.0000	0.0000	0.0000	0.0000	0.0000	0.0000	0.0000	0.0000	0.0000	0.0000	0.0000	0.0000	0.0000	0.0000	0.0000	0.0000	0.0000	0.0000	0.0000	0.0000	0.0000	0.0000	0.0000	0.0000	0.0000			0.0000	0.0000	2.0000	9.7242	0.0000	5.3244	0.0000	0.0000	0.0000	0.0000	0.0000	0.0000	0.0000	0.0000	0.0000	0.0000	0.0000	0.0000	0.0000	0.0000	0.0000	0.0000	0.0000	0.0000	0.1854	0.1542	0.0312	0.0193	0.0181	0.0012	0.1661	0.1361	0.0300	0.0470	0.0230	0.0239	0.0046	0.0043	0.0003	0.0424	0.0188	0.0236
9	48	0.0913	9	2	0	1	1	0	0	1	1	0	0	1	1	0	0	0	0	0	0	Y	N	N	N	N	N	N	N	N	N	N	N	N	N	N	N	N	N	0.0000	0.0000	0.0000	0.0000	0.0000	0.0000	0.0000	0.0000	0.0000	0.0000	0.0000	0.0000	0.0000	0.0000	0.0000	0.0000	0.0000	0.0000	0.0000	0.0000	0.0000	0.0000	0.0000	0.0000	0.0000	0.0000	0.0000			0.0000	0.0000	2.0000	1.4138	0.0000	4.9848	0.0000	0.0000	0.0000	0.0000	0.0000	0.0000	0.0000	0.0000	0.0000	0.0000	0.0000	0.0000	0.0000	0.0000	0.0000	0.0000	0.0000	0.0000	0.0446	0.0391	0.0055	0.0136	0.0133	0.0004	0.0310	0.0258	0.0051	0.0269	0.0156	0.0113	0.0048	0.0046	0.0001	0.0221	0.0110	0.0112
9	49	0.0807	8	2	0	0	1	1	0	0	1	0	0	1	1	0	0	0	0	0	0	Y	N	N	N	N	N	N	N	N	N	N	N	N	N	N	N	N	N	0.0000	0.0000	0.0000	0.0000	0.0000	0.0000	0.0000	0.0000	0.0000	0.0000	0.0000	0.0000	0.0000	0.0000	0.0000	0.0000	0.0000	0.0000	0.0000	0.0000	0.0000	0.0000	0.0000	0.0000	0.0000	0.0000	0.0000			0.0000	0.0000	2.0000	2.4585	0.0000	2.2382	0.0000	0.0000	0.0000	0.0000	0.0000	0.0000	0.0000	0.0000	0.0000	0.0000	0.0000	0.0000	0.0000	0.0000	0.0000	0.0000	0.0000	0.0000	0.0487	0.0404	0.0083	0.0033	0.0030	0.0002	0.0455	0.0374	0.0081	0.0182	0.0102	0.0080	0.0025	0.0025	0.0001	0.0157	0.0077	0.0079
9	50	0.0108	2	2	0	0	2	0	0	0	2	0	0	2	2	0	0	0	0	0	0	Y	N	N	Y	Y	Y	N	N	N	N	N	N	N	N	N	N	N	N	0.0000	0.0000	0.0000	0.0000	0.0000	0.0000	0.0000	0.0000	0.0000	0.0000	0.0000	0.0000	0.0000	0.0000	0.0000	0.0000	0.0000	0.0000	0.0000	0.0000	0.0000	0.0000	0.0000	0.0000	0.0000	0.0000	0.0000			0.0000	0.0000	2.0000	0.9995	0.0000	1.0067	0.0000	0.0000	0.0000	0.0000	0.0000	0.0000	0.0000	0.0000	0.0000	0.0000	0.0000	0.0000	0.0000	0.0000	0.0000	0.0000	0.0000	0.0000	0.0198	0.0163	0.0035	0.0000	0.0000	0.0000	0.0198	0.0163	0.0035	0.0067	0.0030	0.0036	0.0001	0.0001	0.0000	0.0066	0.0030	0.0036
9	52	0.2881	8	2	0	1	1	1	0	1	1	0	0	1	1	0	0	0	0	0	0	Y	N	N	N	N	N	N	N	N	N	N	N	N	N	N	N	N	N	inf	inf	0.0000	inf	inf	0.0000	0.0000	0.0000	0.0000	0.1680	0.1980	0.0000	0.8739	0.9461	0.0000	0.0000	0.0000	0.0000	0.0000	0.0000	0.0000	0.0000	0.0000	0.0000	0.0000	0.0000	0.0000	0.0000		-0.0075	0.0000	2.0000	6.1530	0.0000	9.3095	0.0208	0.0208	0.0000	0.0208	0.0208	0.0000	0.0000	0.0000	0.0000	0.0000	0.0000	0.0000	0.0000	0.0000	0.0000	0.0000	0.0000	0.0000	0.1235	0.1048	0.0188	0.0237	0.0219	0.0018	0.0998	0.0828	0.0169	0.0418	0.0217	0.0201	0.0052	0.0049	0.0003	0.0366	0.0168	0.0198
9	56	0.0570	4	2	0	1	1	0	0	1	1	0	0	1	1	0	0	0	0	0	0	Y	N	N	N	N	N	N	N	N	N	N	N	N	N	N	N	N	N	inf	0.0000	inf	0.0000	0.0000	0.0000	inf	0.0000	inf	0.0006	0.0000	0.0037	0.0000	0.0000	0.0000	0.0007	0.0000	0.0037	0.0000	0.0000	0.0000	0.0000	0.0000	0.0000	0.0000	0.0000	0.0000	inf		0.0000	0.0000	2.0000	5.0004	0.0000	3.0004	0.0001	0.0000	0.0001	0.0000	0.0000	0.0000	0.0001	0.0000	0.0001	0.0000	0.0000	0.0000	0.0000	0.0000	0.0000	0.0000	0.0000	0.0000	0.0967	0.0803	0.0164	0.0053	0.0049	0.0004	0.0914	0.0754	0.0160	0.0244	0.0113	0.0131	0.0010	0.0009	0.0001	0.0234	0.0104	0.0130
9	57	0.0483	3	2	0	0	1	0	0	0	1	0	0	1	1	0	0	0	0	0	0	Y	N	N	N	N	N	N	N	N	N	N	N	N	N	N	N	N	N	inf	inf	inf	inf	inf	0.0000	inf	0.0000	inf	49.9707	0.0000	288.9447	0.0004	0.0004	0.0000	52.8620	0.0000	294.9316	0.0000	0.0000	0.0000	0.0000	0.0000	0.0000	0.0000	0.0000	0.0000	2535503.8076		0.6343	0.0000	2.0000	0.9943	0.0000	1.9980	0.9934	0.0000	0.9934	0.0000	0.0000	0.0000	0.9934	0.0000	0.9934	0.0000	0.0000	0.0000	0.0000	0.0000	0.0000	0.0000	0.0000	0.0000	0.0199	0.0164	0.0034	0.0011	0.0010	0.0001	0.0188	0.0154	0.0034	0.0098	0.0047	0.0052	0.0004	0.0004	0.0000	0.0094	0.0043	0.0051
9	63	0.1411	11	1	0	1	1	0	0	0	1	0	0	2	1	0	0	0	0	0	0	N	N	N	N	Y	N	N	N	N	N	N	N	N	N	N	N	N	N	0.0000	0.0000	0.0000	0.0000	0.0000	0.0000	0.0000	0.0000	0.0000	0.0000	0.0000	0.0000	0.0000	0.0000	0.0000	0.0000	0.0000	0.0000	0.0000	0.0000	0.0000	0.0000	0.0000	0.0000	0.0000	0.0000	0.0000			0.0000	0.0000	2.0000	1.0003	0.0000	0.7584	0.0000	0.0000	0.0000	0.0000	0.0000	0.0000	0.0000	0.0000	0.0000	0.0000	0.0000	0.0000	0.0000	0.0000	0.0000	0.0000	0.0000	0.0000	0.0235	0.0201	0.0034	0.0039	0.0037	0.0001	0.0197	0.0164	0.0033	0.0101	0.0065	0.0037	0.0037	0.0031	0.0005	0.0065	0.0033	0.0031
9	65	0.1423	11	1	0	0	1	0	0	0	1	0	1	1	2	0	0	0	0	0	0	N	N	N	N	N	Y	N	N	N	N	N	N	N	N	N	N	N	N	0.0000	0.0000	0.0000	0.0000	0.0000	0.0000	0.0000	0.0000	0.0000	0.0000	0.0000	0.0000	0.0000	0.0000	0.0000	0.0000	0.0000	0.0000	0.0000	0.0000	0.0000	0.0000	0.0000	0.0000	0.0000	0.0000	0.0000			0.0000	0.0000	2.0000	0.0006	0.0000	2.0029	0.0000	0.0000	0.0000	0.0000	0.0000	0.0000	0.0000	0.0000	0.0000	0.0000	0.0000	0.0000	0.0000	0.0000	0.0000	0.0000	0.0000	0.0000	0.0000	0.0000	0.0000	0.0000	0.0000	0.0000	0.0000	0.0000	0.0000	0.0058	0.0028	0.0029	0.0006	0.0005	0.0001	0.0052	0.0024	0.0029
9	66	0.1423	12	1	0	0	1	0	0	0	1	0	1	1	2	0	0	0	0	0	0	N	N	N	N	N	Y	N	N	N	N	N	N	N	N	N	N	N	N	0.0000	0.0000	0.0000	0.0000	0.0000	0.0000	0.0000	0.0000	0.0000	0.0000	0.0000	0.0000	0.0000	0.0000	0.0000	0.0000	0.0000	0.0000	0.0000	0.0000	0.0000	0.0000	0.0000	0.0000	0.0000	0.0000	0.0000			0.0000	0.0000	2.0000	5.0001	0.0000	8.0020	0.0000	0.0000	0.0000	0.0000	0.0000	0.0000	0.0000	0.0000	0.0000	0.0000	0.0000	0.0000	0.0000	0.0000	0.0000	0.0000	0.0000	0.0000	0.0926	0.0767	0.0159	0.0082	0.0076	0.0006	0.0844	0.0691	0.0153	0.0361	0.0174	0.0188	0.0037	0.0031	0.0005	0.0325	0.0142	0.0182
9	69	0.1459	12	2	0	1	1	0	0	0	1	0	0	2	1	0	0	0	0	0	0	Y	N	N	N	Y	N	N	N	N	N	N	N	N	N	N	N	N	N	0.0000	0.0000	0.0000	0.0000	0.0000	0.0000	0.0000	0.0000	0.0000	0.0000	0.0000	0.0000	0.0000	0.0000	0.0000	0.0000	0.0000	0.0000	0.0000	0.0000	0.0000	0.0000	0.0000	0.0000	0.0000	0.0000	0.0000			0.0000	0.0000	2.0000	0.0000	0.0000	0.0000	0.0000	0.0000	0.0000	0.0000	0.0000	0.0000	0.0000	0.0000	0.0000	0.0000	0.0000	0.0000	0.0000	0.0000	0.0000	0.0000	0.0000	0.0000	0.0000	0.0000	0.0000	0.0000	0.0000	0.0000	0.0000	0.0000	0.0000	0.0000	0.0000	0.0000	0.0000	0.0000	0.0000	0.0000	0.0000	0.0000
9	70	0.1411	11	2	0	1	1	1	0	0	1	0	0	2	1	0	0	0	0	0	0	Y	N	N	N	Y	N	N	N	N	N	N	N	N	N	N	N	N	N	0.0000	0.0000	0.0000	0.0000	0.0000	0.0000	0.0000	0.0000	0.0000	0.0000	0.0000	0.0000	0.0000	0.0000	0.0000	0.0000	0.0000	0.0000	0.0000	0.0000	0.0000	0.0000	0.0000	0.0000	0.0000	0.0000	0.0000			0.0000	0.0000	2.0000	0.9999	0.0000	0.6468	0.0000	0.0000	0.0000	0.0000	0.0000	0.0000	0.0000	0.0000	0.0000	0.0000	0.0000	0.0000	0.0000	0.0000	0.0000	0.0000	0.0000	0.0000	0.0235	0.0201	0.0034	0.0039	0.0037	0.0001	0.0197	0.0164	0.0033	0.0098	0.0063	0.0035	0.0036	0.0031	0.0005	0.0062	0.0032	0.0030
9	71	0.1306	10	1	0	1	1	0	0	1	1	1	0	2	1	0	0	0	0	0	0	N	N	N	N	Y	N	N	N	N	N	N	N	N	N	N	N	N	N	0.0000	0.0000	0.0000	0.0000	0.0000	0.0000	0.0000	0.0000	0.0000	0.0000	0.0000	0.0000	0.0000	0.0000	0.0000	0.0000	0.0000	0.0000	0.0000	0.0000	0.0000	0.0000	0.0000	0.0000	0.0000	0.0000	0.0000			0.0000	0.0000	2.0000	1.5692	0.0000	1.6165	0.0000	0.0000	0.0000	0.0000	0.0000	0.0000	0.0000	0.0000	0.0000	0.0000	0.0000	0.0000	0.0000	0.0000	0.0000	0.0000	0.0000	0.0000	0.0434	0.0378	0.0055	0.0094	0.0092	0.0002	0.0340	0.0287	0.0053	0.0097	0.0048	0.0049	0.0010	0.0009	0.0001	0.0087	0.0039	0.0048
10	19	0.1156	7	2	0	1	0	0	0	0	0	0	1	0	1	0	0	0	0	0	0	Y	N	N	N	N	N	N	N	N	N	N	N	N	N	N	N	N	N	3.5441	3.4531	0.0000	10.5431	10.3589	0.0000	0.0041	0.2044	0.0000	0.0001	0.0002	0.0000	0.0012	0.0013	0.0000	0.0000	0.0000	0.0000	0.0000	0.0000	0.0000	0.0001	0.0001	0.0000	0.0000	0.0000	0.0000	0.0000	0.2905	-0.0000	-0.0000	6.0507	1.0008	3.5023	0.0438	0.0000	0.0000	0.0000	0.0000	0.0000	0.0000	0.0000	0.0000	0.0000	0.0000	0.0000	0.0000	0.0000	0.0000	0.0000	0.0000	0.0000	0.0000	0.0732	0.0609	0.0123	0.0081	0.0080	0.0002	0.0651	0.0529	0.0122	0.0274	0.0172	0.0102	0.0070	0.0067	0.0003	0.0204	0.0105	0.0099
10	22	0.2787	10	2	0	1	0	0	0	0	0	0	0	1	1	0	0	0	0	0	0	Y	N	N	N	N	N	N	N	N	N	N	N	N	N	N	N	N	N	0.0000	0.0001	0.0000	0.0002	0.0005	0.0000	0.0000	0.0001	0.0000	0.0000	0.0000	0.0000	0.0000	0.0000	0.0000	0.0000	0.0000	0.0000	6.8932	0.0223	15.5005	0.1363	0.0636	0.4358	8.9215	0.0016	17.2038	0.0006	554.0259	-0.0000	0.3723	6.0507	2.0311	3.5023	5.0434	0.0000	0.0000	0.0000	0.0000	0.0000	0.0000	0.0000	0.0000	0.0000	0.8837	0.0016	0.8821	0.0040	0.0015	0.0025	0.8797	0.0001	0.8796	0.1219	0.1020	0.0199	0.0114	0.0107	0.0007	0.1105	0.0914	0.0192	0.1282	0.0713	0.0569	0.0296	0.0238	0.0058	0.0986	0.0475	0.0511
10	23	0.0964	7	2	0	1	0	0	0	0	0	0	1	0	1	0	0	0	0	0	0	Y	N	N	N	N	N	N	N	N	N	N	N	N	N	N	N	N	N	0.0322	0.0231	0.0056	0.1498	0.1527	0.0651	3.4575	2.2528	0.0000	0.0021	0.0026	0.0000	0.0504	0.0537	0.0000	0.0003	0.0004	0.0000	0.0659	0.1116	0.0000	0.3367	0.3513	0.0001	0.0001	0.0002	0.0000	0.0000	0.0001	-0.0001	-0.0042	6.0507	2.9896	3.5023	2.0229	0.0004	0.0004	0.0000	0.0003	0.0003	0.0000	0.0000	0.0000	0.0000	0.0073	0.0073	0.0000	0.0073	0.0073	0.0000	0.0000	0.0000	0.0000	0.1792	0.1474	0.0318	0.0065	0.0061	0.0004	0.1727	0.1413	0.0314	0.1115	0.0658	0.0457	0.0218	0.0209	0.0009	0.0897	0.0449	0.0448
10	24	0.0883	6	2	0	1	0	0	0	0	0	0	0	0	0	0	0	0	0	0	0	Y	N	N	N	N	N	N	N	N	N	N	N	N	N	N	N	N	N	2994.4865	3099.0378	0.0227	1932.1692	2601.3809	0.0040	17179.3370	388485.7259	0.0074	9.8149	11.4143	0.0001	21.5155	22.9696	0.0004	4.5263	5.4854	0.0000	0.0033	0.0037	0.0025	0.0111	0.0088	0.0950	0.0003	0.0000	0.0005	0.0000	0.3726	-0.1316	-0.0001	6.0507	0.3867	3.5023	2.3109	0.3642	0.3642	0.0000	0.2485	0.2485	0.0000	0.1157	0.1157	0.0000	0.0003	0.0002	0.0001	0.0003	0.0002	0.0001	0.0000	0.0000	0.0000	0.0371	0.0319	0.0052	0.0116	0.0108	0.0007	0.0256	0.0211	0.0045	0.0835	0.0541	0.0294	0.0231	0.0225	0.0006	0.0603	0.0316	0.0287
10	26	0.0883	6	2	0	1	0	0	0	0	0	0	0	0	0	0	0	0	0	0	0	Y	N	N	N	N	N	N	N	N	N	N	N	N	N	N	N	N	N	707.6072	580.7645	0.0000	2193.3474	2269.2980	0.0017	634.2053	1253.5641	0.0000	2.8399	3.4306	0.0000	33.7103	35.9826	0.0000	0.4707	0.5744	0.0000	0.0040	0.0059	0.0010	0.0154	0.0159	0.0009	0.0007	0.0005	0.0010	0.0000	0.1112	-0.2722	-0.0003	6.0507	4.2500	3.5023	3.1084	0.7529	0.7529	0.0000	0.6370	0.6370	0.0000	0.1159	0.1159	0.0000	0.0007	0.0007	0.0001	0.0006	0.0006	0.0000	0.0001	0.0000	0.0001	0.2651	0.2195	0.0456	0.0189	0.0177	0.0012	0.2462	0.2018	0.0445	0.1810	0.1107	0.0703	0.0405	0.0392	0.0013	0.1405	0.0715	0.0690
10	27	0.0689	5	2	0	1	0	0	0	0	0	0	0	0	0	0	0	0	0	0	0	Y	N	N	N	N	N	N	N	N	N	N	N	N	N	N	N	N	N	116.4245	77.1400	74.8307	29.0547	29.0727	1866.1450	12775.8510	475039.6130	58.3606	5.1230	5.9672	0.0478	3.8364	3.8643	1.0673	5.3421	6.3918	0.0373	0.0440	0.0774	0.0006	0.1320	0.1329	0.0006	0.0004	0.0000	0.0006	0.0013	0.0064	-0.2759	-0.0067	6.0507	1.7810	3.5023	4.3857	0.7662	0.7652	0.0010	0.0835	0.0832	0.0002	0.6827	0.6820	0.0008	0.0117	0.0117	0.0001	0.0117	0.0117	0.0000	0.0001	0.0000	0.0001	0.1496	0.1282	0.0213	0.0218	0.0215	0.0002	0.1278	0.1067	0.0211	0.2668	0.1508	0.1160	0.0884	0.0878	0.0006	0.1785	0.0631	0.1154
10	31	0.1282	10	2	0	1	0	0	0	0	0	0	0	1	1	0	0	0	0	0	0	Y	N	N	N	N	N	N	N	N	N	N	N	N	N	N	N	N	N	17.1777	10.2044	0.0000	7.0470	6.8345	0.0000	0.0000	0.0000	0.0000	0.0000	0.0000	0.0000	0.0000	0.0000	0.0000	0.0000	0.0000	0.0000	0.0000	0.0000	0.0000	0.0000	0.0000	0.0000	0.0000	0.0000	0.0000	0.0000	0.0000	-0.0000	-0.0000	6.0507	0.0008	3.5023	0.9932	0.0000	0.0000	0.0000	0.0000	0.0000	0.0000	0.0000	0.0000	0.0000	0.0000	0.0000	0.0000	0.0000	0.0000	0.0000	0.0000	0.0000	0.0000	0.0002	0.0001	0.0000	0.0001	0.0001	0.0000	0.0001	0.0001	0.0000	0.0176	0.0096	0.0080	0.0027	0.0026	0.0001	0.0150	0.0070	0.0079
10	38	0.2787	10	2	0	1	0	0	0	0	0	0	0	1	1	0	0	0	0	0	0	Y	N	N	N	N	N	N	N	N	N	N	N	N	N	N	N	N	N	0.0000	0.0000	0.0000	0.0000	0.0000	0.0000	0.0000	0.0000	0.0000	0.0000	0.0000	0.0000	0.0000	0.0000	0.0000	0.0000	0.0000	0.0000	0.0735	0.1306	0.0001	0.2892	0.3492	0.0001	0.0000	0.0000	0.0000		0.0003	0.0000	-0.0017	6.0507	0.0030	3.5023	2.0047	0.0000	0.0000	0.0000	0.0000	0.0000	0.0000	0.0000	0.0000	0.0000	0.0030	0.0030	0.0000	0.0030	0.0030	0.0000	0.0000	0.0000	0.0000	0.0039	0.0031	0.0008	0.0019	0.0019	0.0000	0.0020	0.0012	0.0008	0.0403	0.0227	0.0176	0.0102	0.0085	0.0018	0.0300	0.0142	0.0158
10	39	0.2639	9	2	0	1	0	1	0	0	0	1	1	1	1	0	0	0	0	0	0	Y	N	N	N	N	N	N	N	N	N	N	N	N	N	N	N	N	N	0.0000	0.0000	0.0001	0.0001	0.0000	0.0007	0.0000	0.0000	0.0000	0.0000	0.0000	0.0000	0.0000	0.0000	0.0000	0.0000	0.0000	0.0000	0.0531	0.0377	0.0856	0.0536	0.0570	0.0193	0.0528	0.0106	0.0949	0.5241	1.0820	-0.0000	-0.0004	6.0507	2.0135	3.5023	0.9920	0.0000	0.0000	0.0000	0.0000	0.0000	0.0000	0.0000	0.0000	0.0000	0.0075	0.0036	0.0039	0.0033	0.0032	0.0001	0.0042	0.0004	0.0038	0.4387	0.3967	0.0419	0.2215	0.2068	0.0148	0.2172	0.1900	0.0272	0.1415	0.0958	0.0457	0.0615	0.0559	0.0057	0.0799	0.0399	0.0400
10	43	0.0994	11	2	0	1	0	0	0	0	0	0	0	1	1	0	0	0	0	0	0	Y	N	N	N	N	N	N	N	N	N	N	N	N	N	N	N	N	N	0.0000	0.0000	0.0000	0.0000	0.0000	0.0000	0.0000	0.0000	0.0000	0.0000	0.0000	0.0000	0.0000	0.0000	0.0000	0.0000	0.0000	0.0000	4.6441	0.0034	10.3776	0.0990	0.0129	2.5002	5.4593	0.0000	10.4715		2459.6419	0.0000	0.3743	6.0507	3.9996	3.5023	6.0133	0.0000	0.0000	0.0000	0.0000	0.0000	0.0000	0.0000	0.0000	0.0000	0.8854	0.0004	0.8851	0.0029	0.0004	0.0025	0.8826	0.0000	0.8826	0.2423	0.2015	0.0408	0.0110	0.0104	0.0006	0.2313	0.1911	0.0402	0.1907	0.1054	0.0853	0.0290	0.0280	0.0010	0.1617	0.0774	0.0843
10	44	0.0994	10	2	0	1	0	0	0	0	0	1	1	1	1	0	0	0	0	0	0	Y	N	N	N	N	N	N	N	N	N	N	N	N	N	N	N	N	N	0.0000	0.0000	0.0000	0.0000	0.0000	0.0000	0.0000	0.0000	0.0000	0.0000	0.0000	0.0000	0.0000	0.0000	0.0000	0.0000	0.0000	0.0000	0.0102	0.0069	0.0198	0.0142	0.0139	0.0689	0.0078	0.0000	0.0194		0.9993	0.0000	-0.0000	6.0507	0.0009	3.5023	0.0333	0.0000	0.0000	0.0000	0.0000	0.0000	0.0000	0.0000	0.0000	0.0000	0.0000	0.0000	0.0000	0.0000	0.0000	0.0000	0.0000	0.0000	0.0000	0.0001	0.0001	0.0000	0.0000	0.0000	0.0000	0.0001	0.0001	0.0000	0.0018	0.0013	0.0005	0.0007	0.0007	0.0000	0.0011	0.0007	0.0005
10	49	0.0583	4	2	0	1	0	1	0	0	0	0	0	0	0	0	0	0	0	0	0	Y	N	N	N	N	N	N	N	N	N	N	N	N	N	N	N	N	N	15.6624	20.0641	0.0112	0.7233	0.7613	0.0011	21.9107	8877.3520	0.0112	1.4725	1.7798	0.0011	0.1039	0.1096	0.0001	1.5040	1.8239	0.0011	0.0940	0.0887	0.1004	0.1437	0.1440	0.0735	0.0686	0.0002	0.1005	0.0001	0.9377	-0.0823	-0.0019	6.0507	2.4585	3.5023	2.2382	0.2276	0.2276	0.0000	0.0004	0.0004	0.0000	0.2273	0.2273	0.0000	0.0205	0.0106	0.0099	0.0106	0.0106	0.0000	0.0099	0.0000	0.0099	0.1546	0.1279	0.0267	0.0035	0.0033	0.0002	0.1511	0.1246	0.0265	0.2181	0.1193	0.0988	0.0738	0.0734	0.0003	0.1444	0.0459	0.0985
10	50	0.1282	10	2	0	1	1	0	0	0	1	0	0	1	1	0	0	0	0	0	0	Y	N	N	N	N	N	N	N	N	N	N	N	N	N	N	N	N	N	0.0910	0.0592	0.0000	0.1525	0.1574	0.0000	0.0000	0.0000	0.0000	0.0000	0.0000	0.0000	0.0000	0.0000	0.0000	0.0000	0.0000	0.0000	0.0000	0.0000	0.0000	0.0000	0.0000	0.0000	0.0000	0.0000	0.0000	0.0000	0.0000	-0.0000	-0.0000	6.0507	0.9995	3.5023	1.0067	0.0000	0.0000	0.0000	0.0000	0.0000	0.0000	0.0000	0.0000	0.0000	0.0000	0.0000	0.0000	0.0000	0.0000	0.0000	0.0000	0.0000	0.0000	0.0605	0.0505	0.0100	0.0054	0.0050	0.0004	0.0551	0.0455	0.0096	0.0352	0.0192	0.0161	0.0053	0.0051	0.0002	0.0300	0.0141	0.0159
10	51	0.0907	9	2	0	1	0	0	0	0	0	1	1	1	1	0	0	0	0	0	0	Y	N	N	N	N	N	N	N	N	N	N	N	N	N	N	N	N	N	4249.2714	2829.7517	0.0000	5.3820	5.5697	0.0000	2987993.1237	55697832.5332	0.0000	1.5444	1.8566	0.0000	0.0139	0.0148	0.0000	1.6099	1.9463	0.0000	0.0004	0.0007	0.0000	0.0026	0.0027	0.0001	0.0000	0.0000	0.0000	0.0000	0.0025	-0.3614	-0.0001	6.0507	11.0065	3.5023	2.0630	0.9998	0.9998	0.0000	0.0004	0.0004	0.0000	0.9995	0.9995	0.0000	0.0001	0.0001	0.0000	0.0001	0.0001	0.0000	0.0000	0.0000	0.0000	0.6474	0.5385	0.1088	0.0266	0.0250	0.0015	0.6208	0.5135	0.1073	0.2476	0.1368	0.1108	0.0347	0.0338	0.0009	0.2129	0.1030	0.1099
10	57	0.0907	9	2	0	1	0	0	0	0	0	0	0	0	0	0	0	0	0	0	0	Y	N	N	N	N	N	N	N	N	N	N	N	N	N	N	N	N	N	0.0921	0.0679	0.0008	0.3385	0.3485	0.1171	0.0000	0.0000	0.0000	0.0002	0.0002	0.0000	0.0036	0.0038	0.0000	0.0000	0.0000	0.0000	0.0018	0.0029	0.0003	0.0105	0.0108	0.0002	0.0002	0.0000	0.0003	0.0003	0.0901	-0.0000	-0.0001	6.0507	0.9943	3.5023	1.9980	0.0000	0.0000	0.0000	0.0000	0.0000	0.0000	0.0000	0.0000	0.0000	0.0001	0.0001	0.0000	0.0001	0.0001	0.0000	0.0000	0.0000	0.0000	0.0620	0.0513	0.0106	0.0028	0.0027	0.0001	0.0592	0.0487	0.0105	0.0613	0.0344	0.0270	0.0094	0.0092	0.0002	0.0520	0.0252	0.0267
10	58	0.0853	8	2	0	1	0	0	0	0	0	0	0	0	0	0	0	0	0	0	0	Y	N	N	N	N	N	N	N	N	N	N	N	N	N	N	N	N	N	0.1638	0.1086	0.0000	0.0003	0.0003	0.0000	92.2177	inf	0.0000	0.0229	0.0276	0.0000	0.0003	0.0004	0.0000	0.0238	0.0289	0.0000	0.1395	0.2540	0.0005	1.0711	1.0916	0.0003	0.0003	0.0000	0.0005	0.0000	0.0016	-0.0000	-0.0032	6.0507	0.0070	3.5023	1.9921	0.0000	0.0000	0.0000	0.0000	0.0000	0.0000	0.0000	0.0000	0.0000	0.0055	0.0055	0.0000	0.0055	0.0055	0.0000	0.0000	0.0000	0.0000	0.0004	0.0004	0.0001	0.0000	0.0000	0.0000	0.0004	0.0003	0.0001	0.0393	0.0215	0.0177	0.0051	0.0050	0.0001	0.0342	0.0165	0.0176
10	59	0.0853	7	2	0	1	0	1	0	0	0	0	0	0	0	0	0	0	0	0	0	Y	N	N	N	N	N	N	N	N	N	N	N	N	N	N	N	N	N	0.0000	0.0000	0.0000	0.0000	0.0000	0.0000	0.0000	0.0000	0.0000	0.0000	0.0000	0.0000	0.0000	0.0000	0.0000	0.0000	0.0000	0.0000	0.0476	0.0881	0.0000	0.2578	0.2608	0.0000	0.0000	0.0000	0.0000		0.0000	0.0000	-0.0000	6.0507	0.0000	3.5023	0.0000	0.0000	0.0000	0.0000	0.0000	0.0000	0.0000	0.0000	0.0000	0.0000	0.0000	0.0000	0.0000	0.0000	0.0000	0.0000	0.0000	0.0000	0.0000	0.0000	0.0000	0.0000	0.0000	0.0000	0.0000	0.0000	0.0000	0.0000	0.0000	0.0000	0.0000	0.0000	0.0000	0.0000	0.0000	0.0000	0.0000
11	19	0.1126	6	2	0	1	0	1	0	1	0	1	1	1	1	0	0	0	0	0	0	Y	N	N	N	N	N	N	N	N	N	N	N	N	N	N	N	N	N	inf	inf	0.0000	inf	inf	0.0000	0.0000	0.0000	0.0000	0.0235	0.0283	0.0000	0.2186	0.2214	0.0000	0.0000	0.0000	0.0000	0.0000	0.0000	0.0000	0.0000	0.0000	0.0000	0.0000	0.0000	0.0000	0.0000		-0.0007	0.0000	6.7409	1.0008	3.0067	0.0438	0.0018	0.0018	0.0000	0.0018	0.0018	0.0000	0.0000	0.0000	0.0000	0.0000	0.0000	0.0000	0.0000	0.0000	0.0000	0.0000	0.0000	0.0000	0.0789	0.0655	0.0134	0.0085	0.0084	0.0001	0.0704	0.0571	0.0133	0.0199	0.0108	0.0092	0.0029	0.0027	0.0002	0.0170	0.0081	0.0090
11	22	0.2278	5	2	0	1	0	1	0	1	0	1	0	2	1	0	0	0	0	0	0	Y	N	N	N	Y	N	N	N	N	N	N	N	N	N	N	N	N	N	358.9825	0.0000	1149.8953	inf	0.0000	inf	378.6518	0.0000	1179.8177	0.0173	0.0000	0.1078	0.0000	0.0000	0.0003	0.0190	0.0000	0.1117	0.0000	0.0000	0.0001	0.0000	0.0000	0.0000	0.0001	0.0000	0.0001	inf	inf	0.0015	0.0000	6.7409	2.0311	3.0067	5.0434	0.0023	0.0000	0.0023	0.0000	0.0000	0.0000	0.0023	0.0000	0.0023	0.0000	0.0000	0.0000	0.0000	0.0000	0.0000	0.0000	0.0000	0.0000	0.1354	0.1136	0.0218	0.0115	0.0107	0.0008	0.1239	0.1029	0.0210	0.0959	0.0465	0.0494	0.0033	0.0028	0.0005	0.0926	0.0437	0.0490
11	23	0.0933	6	2	0	1	0	1	0	1	0	1	1	1	1	0	0	0	0	0	0	Y	N	N	N	N	N	N	N	N	N	N	N	N	N	N	N	N	N	373.0224	269.0218	0.0000	1516.5743	1421.9692	0.0000	0.0000	0.0000	0.0000	0.0004	0.0005	0.0000	0.0201	0.0211	0.0000	0.0000	0.0000	0.0000	0.0000	0.0000	0.0000	0.0000	0.0000	0.0000	0.0000	0.0000	0.0000	0.0000	0.1948	-0.0000	-0.0000	6.7409	2.9896	3.0067	2.0229	0.0001	0.0001	0.0000	0.0001	0.0001	0.0000	0.0000	0.0000	0.0000	0.0000	0.0000	0.0000	0.0000	0.0000	0.0000	0.0000	0.0000	0.0000	0.1899	0.1556	0.0343	0.0040	0.0038	0.0002	0.1860	0.1518	0.0341	0.0815	0.0403	0.0412	0.0058	0.0052	0.0006	0.0757	0.0351	0.0406
11	24	0.0853	5	2	0	1	0	1	0	1	0	1	0	1	0	0	0	0	0	0	0	Y	N	N	N	N	N	N	N	N	N	N	N	N	N	N	N	N	N	82.7315	75.2190	1.9128	0.0000	0.0000	0.0000	416.1330	inf	2.1518	0.0020	0.0024	0.0000	0.0000	0.0000	0.0000	0.0029	0.0035	0.0000	0.0000	0.0000	0.0000	0.0001	0.0001	0.0000	0.0000	0.0000	0.0000	0.0019	0.2953	-0.0000	-0.0000	6.7409	0.3867	3.0067	2.3109	0.0001	0.0001	0.0000	0.0000	0.0000	0.0000	0.0001	0.0001	0.0000	0.0000	0.0000	0.0000	0.0000	0.0000	0.0000	0.0000	0.0000	0.0000	0.0393	0.0338	0.0055	0.0119	0.0112	0.0007	0.0274	0.0226	0.0048	0.0640	0.0387	0.0253	0.0128	0.0124	0.0004	0.0512	0.0263	0.0249
11	26	0.0853	5	2	0	1	0	1	0	1	0	1	0	1	0	0	0	0	0	0	0	Y	N	N	N	N	N	N	N	N	N	N	N	N	N	N	N	N	N	43.8605	28.6810	2.8530	0.0955	0.0953	0.0000	41.7903	24.7801	2.8626	0.0067	0.0081	0.0000	0.0000	0.0000	0.0000	0.0071	0.0086	0.0000	0.0002	0.0003	0.0000	0.0000	0.0000	0.0000	0.0002	0.0003	0.0000	0.0001	0.0033	-0.0007	-0.0000	6.7409	4.2500	3.0067	3.1084	0.0019	0.0019	0.0000	0.0000	0.0000	0.0000	0.0019	0.0019	0.0000	0.0000	0.0000	0.0000	0.0000	0.0000	0.0000	0.0000	0.0000	0.0000	0.2809	0.2317	0.0492	0.0159	0.0150	0.0009	0.2651	0.2168	0.0483	0.1348	0.0725	0.0623	0.0160	0.0150	0.0009	0.1188	0.0574	0.0614
11	27	0.0659	4	2	0	1	0	1	0	1	0	1	0	1	0	0	0	0	0	0	0	Y	N	N	N	N	N	N	N	N	N	N	N	N	N	N	N	N	N	55.7040	0.0000	311.3376	0.0000	0.0000	0.0000	106.8107	0.0000	320.5062	0.0013	0.0000	0.0093	0.0000	0.0000	0.0000	0.0016	0.0000	0.0096	0.0000	0.0000	0.0000	0.0001	0.0001	0.0000	0.0000	0.0000	0.0000	inf	1.1507	0.0001	-0.0000	6.7409	1.7810	3.0067	4.3857	0.0002	0.0000	0.0002	0.0000	0.0000	0.0000	0.0002	0.0000	0.0002	0.0000	0.0000	0.0000	0.0000	0.0000	0.0000	0.0000	0.0000	0.0000	0.1685	0.1449	0.0236	0.0294	0.0286	0.0008	0.1391	0.1163	0.0228	0.1338	0.0778	0.0560	0.0205	0.0203	0.0002	0.1134	0.0576	0.0558
11	31	0.0773	5	2	0	1	0	1	0	1	0	1	0	2	1	0	0	0	0	0	0	Y	N	N	N	Y	N	N	N	N	N	N	N	N	N	N	N	N	N	0.0000	0.0000	0.0000	0.0000	0.0000	0.0000	0.0000	0.0000	0.0000	0.0000	0.0000	0.0000	0.0000	0.0000	0.0000	0.0000	0.0000	0.0000	0.0000	0.0000	0.0000	0.0000	0.0000	0.0000	0.0000	0.0000	0.0000			0.0000	0.0000	6.7409	0.0008	3.0067	0.9932	0.0000	0.0000	0.0000	0.0000	0.0000	0.0000	0.0000	0.0000	0.0000	0.0000	0.0000	0.0000	0.0000	0.0000	0.0000	0.0000	0.0000	0.0000	0.0002	0.0002	0.0000	0.0001	0.0001	0.0000	0.0001	0.0001	0.0000	0.0151	0.0071	0.0079	0.0006	0.0006	0.0000	0.0144	0.0065	0.0079
11	38	0.2278	5	2	0	1	0	1	0	1	0	1	0	2	1	0	0	0	0	0	0	Y	N	N	N	Y	N	N	N	N	N	N	N	N	N	N	N	N	N	5832.8849	0.0000	16872.6051	0.0000	0.0000	0.0000	10636.1885	0.0000	17416.2755	0.9072	0.0000	5.2265	0.0000	0.0000	0.0000	1.7691	0.0000	5.4481	0.0002	0.0000	0.0003	0.0000	0.0000	0.0000	0.0002	0.0000	0.0003	inf	inf	0.0015	0.0000	6.7409	0.0030	3.0067	2.0047	0.0023	0.0000	0.0023	0.0000	0.0000	0.0000	0.0023	0.0000	0.0023	0.0000	0.0000	0.0000	0.0000	0.0000	0.0000	0.0000	0.0000	0.0000	0.0025	0.0021	0.0004	0.0012	0.0012	0.0000	0.0013	0.0009	0.0004	0.0297	0.0148	0.0149	0.0019	0.0018	0.0001	0.0278	0.0130	0.0148
11	39	0.2130	4	2	0	1	0	2	0	1	0	2	1	2	1	0	0	0	0	0	0	Y	N	N	N	Y	N	N	N	N	N	N	N	N	N	N	N	N	N	512.1187	0.6427	3634.1201	0.6512	0.5782	inf	1177.2411	5879.2764	4928.0665	1.9971	0.0019	21.2617	0.0032	0.0030	0.0056	3.7931	0.0008	31.2233	0.0039	0.0029	0.0059	0.0049	0.0053	0.0000	0.0032	0.0000	0.0063	1170.4024	0.9958	0.6029	-0.0000	6.7409	2.0135	3.0067	0.9920	0.9454	0.0008	0.9446	0.0007	0.0006	0.0001	0.9447	0.0002	0.9445	0.0005	0.0003	0.0003	0.0003	0.0003	0.0000	0.0003	0.0000	0.0003	0.4734	0.4290	0.0444	0.2243	0.2102	0.0142	0.2491	0.2188	0.0303	0.1302	0.0869	0.0433	0.0516	0.0483	0.0033	0.0786	0.0386	0.0400
11	41	0.2027	7	1	0	1	0	1	0	1	0	2	0	2	0	0	0	0	0	0	0	N	N	N	N	Y	N	N	N	N	N	N	N	N	N	N	N	N	N	0.7234	0.5185	0.0000	0.8236	0.8025	0.0000	0.6926	0.4066	0.0000	0.6780	0.7775	0.0000	0.5655	0.5951	0.0000	0.7253	0.8646	0.0000	0.9371	1.4996	0.0000	0.6867	0.7416	0.0000	1.0473	2.1263	0.0000	0.0000	0.0000	-0.3344	-0.5617	6.7409	13.0332	3.0067	41.9092	0.9253	0.9253	0.0000	0.2288	0.2288	0.0000	0.6965	0.6965	0.0000	0.9737	0.9737	0.0000	0.2179	0.2179	0.0000	0.7558	0.7558	0.0000	1.3648	1.1900	0.1748	0.4046	0.3844	0.0201	0.9602	0.8056	0.1547	1.0390	0.6493	0.3897	0.3173	0.2938	0.0235	0.7217	0.3555	0.3662
11	43	0.0485	6	2	0	1	0	1	0	1	0	1	0	2	1	0	0	0	0	0	0	Y	N	N	N	Y	N	N	N	N	N	N	N	N	N	N	N	N	N	0.0000	0.0000	0.0000	0.0000	0.0000	0.0000	0.0000	0.0000	0.0000	0.0000	0.0000	0.0000	0.0000	0.0000	0.0000	0.0000	0.0000	0.0000	0.0000	0.0000	0.0000	0.0000	0.0000	0.0000	0.0000	0.0000	0.0000			0.0000	0.0000	6.7409	3.9996	3.0067	6.0133	0.0000	0.0000	0.0000	0.0000	0.0000	0.0000	0.0000	0.0000	0.0000	0.0000	0.0000	0.0000	0.0000	0.0000	0.0000	0.0000	0.0000	0.0000	0.2700	0.2239	0.0461	0.0077	0.0074	0.0003	0.2623	0.2165	0.0458	0.1569	0.0743	0.0826	0.0045	0.0040	0.0005	0.1524	0.0703	0.0821
11	44	0.0485	5	2	0	1	0	1	0	1	0	2	1	2	1	0	0	0	0	0	0	Y	N	N	N	Y	N	N	N	N	N	N	N	N	N	N	N	N	N	0.0000	0.0000	0.0000	0.0000	0.0000	0.0000	0.0000	0.0000	0.0000	0.0000	0.0000	0.0000	0.0000	0.0000	0.0000	0.0000	0.0000	0.0000	0.0000	0.0000	0.0000	0.0000	0.0000	0.0000	0.0000	0.0000	0.0000			0.0000	0.0000	6.7409	0.0009	3.0067	0.0333	0.0000	0.0000	0.0000	0.0000	0.0000	0.0000	0.0000	0.0000	0.0000	0.0000	0.0000	0.0000	0.0000	0.0000	0.0000	0.0000	0.0000	0.0000	0.0001	0.0001	0.0000	0.0000	0.0000	0.0000	0.0001	0.0001	0.0000	0.0017	0.0012	0.0005	0.0006	0.0006	0.0000	0.0011	0.0007	0.0005
11	49	0.0553	3	2	0	1	0	2	0	1	0	1	0	1	0	0	0	0	0	0	0	Y	N	N	N	N	N	N	N	N	N	N	N	N	N	N	N	N	N	1.8457	0.0065	7.9286	5.7390	0.0178	inf	0.8066	0.0000	2.2810	0.0000	0.0000	0.0003	0.0005	0.0000	0.0055	0.0000	0.0000	0.0001	0.0000	0.0000	0.0000	0.0001	0.0001	0.0000	0.0000	0.0000	0.0000	483.5322	1.5323	0.0000	0.0000	6.7409	2.4585	3.0067	2.2382	0.0000	0.0000	0.0000	0.0000	0.0000	0.0000	0.0000	0.0000	0.0000	0.0000	0.0000	0.0000	0.0000	0.0000	0.0000	0.0000	0.0000	0.0000	0.1757	0.1460	0.0297	0.0115	0.0105	0.0010	0.1642	0.1355	0.0288	0.0935	0.0523	0.0412	0.0104	0.0104	0.0001	0.0831	0.0420	0.0411
11	50	0.0773	5	2	0	1	1	1	0	1	1	1	0	2	1	0	0	0	0	0	0	Y	N	N	N	Y	N	N	N	N	N	N	N	N	N	N	N	N	N	0.0000	0.0000	0.0000	0.0000	0.0000	0.0000	0.0000	0.0000	0.0000	0.0000	0.0000	0.0000	0.0000	0.0000	0.0000	0.0000	0.0000	0.0000	0.0000	0.0000	0.0000	0.0000	0.0000	0.0000	0.0000	0.0000	0.0000			0.0000	0.0000	6.7409	0.9995	3.0067	1.0067	0.0000	0.0000	0.0000	0.0000	0.0000	0.0000	0.0000	0.0000	0.0000	0.0000	0.0000	0.0000	0.0000	0.0000	0.0000	0.0000	0.0000	0.0000	0.0674	0.0561	0.0113	0.0048	0.0045	0.0003	0.0626	0.0516	0.0110	0.0297	0.0138	0.0159	0.0010	0.0009	0.0001	0.0287	0.0129	0.0158
11	51	0.0398	4	2	0	1	0	1	0	1	0	2	1	2	1	0	0	0	0	0	0	Y	N	N	N	Y	N	N	N	N	N	N	N	N	N	N	N	N	N	inf	inf	0.0000	0.0000	0.0000	0.0000	inf	inf	0.0000	1.3860	1.6706	0.0000	0.0000	0.0000	0.0000	1.4201	1.7184	0.0000	0.0000	0.0000	0.0000	0.0000	0.0000	0.0000	0.0000	0.0000	0.0000	0.0000		-0.3614	0.0000	6.7409	11.0065	3.0067	2.0630	0.9999	0.9999	0.0000	0.0000	0.0000	0.0000	0.9999	0.9999	0.0000	0.0000	0.0000	0.0000	0.0000	0.0000	0.0000	0.0000	0.0000	0.0000	0.7215	0.5985	0.1229	0.0173	0.0166	0.0007	0.7041	0.5819	0.1222	0.2040	0.0967	0.1073	0.0031	0.0027	0.0003	0.2009	0.0940	0.1069
11	57	0.0398	4	2	0	1	0	1	0	1	0	1	0	1	0	0	0	0	0	0	0	Y	N	N	N	N	N	N	N	N	N	N	N	N	N	N	N	N	N	inf	inf	0.0000	inf	inf	0.0000	0.0000	0.0000	0.0000	0.0003	0.0004	0.0000	0.0102	0.0105	0.0000	0.0000	0.0000	0.0000	0.0000	0.0000	0.0000	0.0000	0.0000	0.0000	0.0000	0.0000	0.0000	0.0000		-0.0000	0.0000	6.7409	0.9943	3.0067	1.9980	0.0000	0.0000	0.0000	0.0000	0.0000	0.0000	0.0000	0.0000	0.0000	0.0000	0.0000	0.0000	0.0000	0.0000	0.0000	0.0000	0.0000	0.0000	0.0690	0.0570	0.0120	0.0020	0.0019	0.0001	0.0671	0.0551	0.0119	0.0507	0.0247	0.0260	0.0017	0.0016	0.0001	0.0490	0.0231	0.0259
11	58	0.0344	3	2	0	1	0	1	0	1	0	1	0	1	0	0	0	0	0	0	0	Y	N	N	N	N	N	N	N	N	N	N	N	N	N	N	N	N	N	inf	inf	0.0000	inf	inf	0.0000	inf	inf	0.0000	0.0616	0.0745	0.0000	0.8506	0.8868	0.0000	0.0420	0.0511	0.0000	0.0000	0.0000	0.0000	0.0000	0.0000	0.0000	0.0000	0.0000	0.0000	0.0000		-0.0000	0.0000	6.7409	0.0070	3.0067	1.9921	0.0000	0.0000	0.0000	0.0000	0.0000	0.0000	0.0000	0.0000	0.0000	0.0000	0.0000	0.0000	0.0000	0.0000	0.0000	0.0000	0.0000	0.0000	0.0005	0.0004	0.0001	0.0000	0.0000	0.0000	0.0005	0.0004	0.0001	0.0323	0.0151	0.0172	0.0000	0.0000	0.0000	0.0323	0.0151	0.0172
11	59	0.0344	2	2	0	1	0	2	0	1	0	1	0	1	0	0	0	0	0	0	0	Y	N	N	N	N	N	N	N	N	N	N	N	N	N	N	N	N	N	inf	inf	0.0000	inf	inf	0.0000	inf	inf	0.0000	7.5686	9.1586	0.0000	15.0660	15.1079	0.0000	5.0537	6.5710	0.0000	0.0000	0.0000	0.0000	0.0000	0.0000	0.0000	0.0000	0.0000	0.0000	0.0000		-0.0000	0.0000	6.7409	0.0000	3.0067	0.0000	0.0000	0.0000	0.0000	0.0000	0.0000	0.0000	0.0000	0.0000	0.0000	0.0000	0.0000	0.0000	0.0000	0.0000	0.0000	0.0000	0.0000	0.0000	0.0000	0.0000	0.0000	0.0000	0.0000	0.0000	0.0000	0.0000	0.0000	0.0000	0.0000	0.0000	0.0000	0.0000	0.0000	0.0000	0.0000	0.0000
12	19	0.1159	6	2	0	1	0	1	0	1	0	0	1	0	1	0	0	0	0	0	0	Y	N	N	N	N	N	N	N	N	N	N	N	N	N	N	N	N	N	0.0051	0.0711	0.0000	0.0000	0.0000	0.0000	0.0116	inf	0.0000	0.0000	0.0000	0.0000	0.0000	0.0000	0.0000	0.0000	0.0000	0.0000	0.0000	0.0000	0.0000	0.0000	0.0000	0.0000	0.0000	0.0000	0.0000	0.0000	16.6389	-0.0000	0.0000	1.9827	1.0008	3.4053	0.0438	0.0000	0.0000	0.0000	0.0000	0.0000	0.0000	0.0000	0.0000	0.0000	0.0000	0.0000	0.0000	0.0000	0.0000	0.0000	0.0000	0.0000	0.0000	0.2193	0.1685	0.0508	0.1487	0.1024	0.0463	0.0706	0.0661	0.0045	0.0207	0.0125	0.0082	0.0065	0.0063	0.0002	0.0142	0.0062	0.0080
12	22	0.2790	9	2	0	1	0	1	0	1	0	0	0	1	1	0	0	0	0	0	0	Y	N	N	N	N	N	N	N	N	N	N	N	N	N	N	N	N	N	0.0001	0.0001	0.0000	0.0001	0.0001	0.0000	0.0000	0.0000	0.0000	0.0000	0.0000	0.0000	0.0000	0.0000	0.0000	0.0000	0.0000	0.0000	0.0017	0.0029	0.0000	0.0051	0.0053	0.0000	0.0000	0.0000	0.0000	0.0000	0.0001	-0.0000	-0.0001	1.9827	2.0311	3.4053	5.0434	0.0000	0.0000	0.0000	0.0000	0.0000	0.0000	0.0000	0.0000	0.0000	0.0002	0.0002	0.0000	0.0002	0.0002	0.0000	0.0000	0.0000	0.0000	0.0568	0.0493	0.0075	0.0125	0.0122	0.0003	0.0443	0.0371	0.0072	0.1329	0.0805	0.0524	0.0446	0.0431	0.0015	0.0883	0.0373	0.0510
12	23	0.0967	6	2	0	1	0	1	0	1	0	0	1	0	1	0	0	0	0	0	0	Y	N	N	N	N	N	N	N	N	N	N	N	N	N	N	N	N	N	441.5308	inf	0.0000	1026740.3549	inf	0.0000	0.0000	0.0000	0.0000	0.0338	0.0397	0.0000	0.2156	0.2189	0.0000	0.0000	0.0000	0.0000	0.0001	0.0000	0.0002	0.0000	0.0000	0.0000	0.0001	0.0000	0.0002	0.0000	inf	-0.0010	0.0000	1.9827	2.9896	3.4053	2.0229	0.0027	0.0027	0.0000	0.0027	0.0027	0.0000	0.0000	0.0000	0.0000	0.0000	0.0000	0.0000	0.0000	0.0000	0.0000	0.0000	0.0000	0.0000	0.0804	0.0685	0.0119	0.0126	0.0124	0.0002	0.0678	0.0561	0.0117	0.1005	0.0600	0.0405	0.0333	0.0301	0.0033	0.0672	0.0300	0.0372
12	24	0.0886	5	2	0	1	0	1	0	1	0	0	0	0	0	0	0	0	0	0	0	Y	N	N	N	N	N	N	N	N	N	N	N	N	N	N	N	N	N	4.0527	109.4106	0.0013	98.2167	152.1969	0.0115	0.0026	inf	0.0011	0.0160	0.0185	0.0000	0.0442	0.0476	0.0000	0.0000	0.0000	0.0000	0.0039	0.0002	0.0106	0.0005	0.0003	0.0018	0.0061	0.0000	0.0115	0.0001	35.5572	-0.0001	0.0001	1.9827	0.3867	3.4053	2.3109	0.0003	0.0003	0.0000	0.0003	0.0003	0.0000	0.0000	0.0000	0.0000	0.0003	0.0000	0.0003	0.0000	0.0000	0.0000	0.0003	0.0000	0.0003	0.0158	0.0136	0.0021	0.0057	0.0053	0.0004	0.0101	0.0084	0.0017	0.0715	0.0456	0.0258	0.0270	0.0246	0.0024	0.0444	0.0210	0.0234
12	26	0.0886	5	2	0	1	0	1	0	1	0	0	0	0	0	0	0	0	0	0	0	Y	N	N	N	N	N	N	N	N	N	N	N	N	N	N	N	N	N	1.6920	3.9951	0.0000	1.4970	1.5035	0.0000	1.7193	13116.3912	0.0000	0.0044	0.0051	0.0000	0.0038	0.0039	0.0000	0.0045	0.0055	0.0000	0.0026	0.0013	0.0046	0.0025	0.0026	0.0015	0.0026	0.0000	0.0048	0.0000	2.3326	-0.0002	0.0000	1.9827	4.2500	3.4053	3.1084	0.0005	0.0005	0.0000	0.0001	0.0001	0.0000	0.0004	0.0004	0.0000	0.0004	0.0001	0.0003	0.0001	0.0001	0.0000	0.0003	0.0000	0.0003	0.1183	0.1010	0.0173	0.0215	0.0209	0.0006	0.0968	0.0801	0.0167	0.1505	0.0911	0.0595	0.0485	0.0455	0.0029	0.1021	0.0455	0.0565
12	27	0.0692	4	2	0	1	0	1	0	1	0	0	0	0	0	0	0	0	0	0	0	Y	N	N	N	N	N	N	N	N	N	N	N	N	N	N	N	N	N	0.1690	25.8075	0.0043	9.4442	14.3182	0.0058	0.1062	2713.0379	0.0043	0.0392	0.0448	0.0023	0.0361	0.0364	0.0010	0.0401	0.0475	0.0023	0.2321	0.0017	0.5331	0.0038	0.0025	0.1702	0.3771	0.0000	0.5356	0.0076	235.2378	-0.0009	0.0218	1.9827	1.7810	3.4053	4.3857	0.0024	0.0024	0.0000	0.0005	0.0005	0.0000	0.0019	0.0019	0.0000	0.0521	0.0002	0.0519	0.0003	0.0002	0.0001	0.0518	0.0000	0.0518	0.0614	0.0534	0.0080	0.0131	0.0130	0.0001	0.0483	0.0404	0.0079	0.2246	0.1272	0.0974	0.0872	0.0866	0.0007	0.1373	0.0406	0.0967
12	31	0.1285	9	2	0	1	0	1	0	1	0	0	0	1	1	0	0	0	0	0	0	Y	N	N	N	N	N	N	N	N	N	N	N	N	N	N	N	N	N	1340479.6153	0.0000	inf	69.4160	0.0000	inf	inf	0.0000	inf	0.3196	0.0000	3.3050	0.0001	0.0000	0.0098	0.5208	0.0000	3.3985	0.0000	0.0000	0.0000	0.0000	0.0000	0.0000	0.0000	0.0000	0.0000	inf	0.0000	0.0000	-0.0000	1.9827	0.0008	3.4053	0.9932	0.0000	0.0000	0.0000	0.0000	0.0000	0.0000	0.0000	0.0000	0.0000	0.0000	0.0000	0.0000	0.0000	0.0000	0.0000	0.0000	0.0000	0.0000	0.0001	0.0001	0.0000	0.0000	0.0000	0.0000	0.0000	0.0000	0.0000	0.0134	0.0075	0.0059	0.0033	0.0032	0.0001	0.0102	0.0043	0.0058
12	38	0.2790	9	2	0	1	0	1	0	1	0	0	0	1	1	0	0	0	0	0	0	Y	N	N	N	N	N	N	N	N	N	N	N	N	N	N	N	N	N	0.0000	0.0000	0.0000	0.0000	0.0000	0.0000	0.0000	0.0000	0.0000	0.0000	0.0000	0.0000	0.0000	0.0000	0.0000	0.0000	0.0000	0.0000	0.0000	0.0000	0.0000	0.0000	0.0000	0.0000	0.0000	0.0000	0.0000		0.7051	0.0000	-0.0000	1.9827	0.0030	3.4053	2.0047	0.0000	0.0000	0.0000	0.0000	0.0000	0.0000	0.0000	0.0000	0.0000	0.0000	0.0000	0.0000	0.0000	0.0000	0.0000	0.0000	0.0000	0.0000	0.0013	0.0010	0.0003	0.0007	0.0007	0.0000	0.0007	0.0004	0.0003	0.0483	0.0288	0.0194	0.0182	0.0174	0.0009	0.0300	0.0115	0.0186
12	39	0.2642	8	2	0	1	0	2	0	1	0	1	1	1	1	0	0	0	0	0	0	Y	N	N	N	N	N	N	N	N	N	N	N	N	N	N	N	N	N	0.0001	0.0001	0.0004	0.0003	0.0002	0.0005	0.0000	0.0000	0.0000	0.0000	0.0000	0.0000	0.0000	0.0000	0.0000	0.0000	0.0000	0.0000	0.0013	0.0011	0.0015	0.0010	0.0009	0.0035	0.0016	0.0022	0.0015	0.5938	1.0210	0.0000	-0.0000	1.9827	2.0135	3.4053	0.9920	0.0000	0.0000	0.0000	0.0000	0.0000	0.0000	0.0000	0.0000	0.0000	0.0003	0.0002	0.0002	0.0001	0.0001	0.0000	0.0002	0.0001	0.0002	0.1570	0.1428	0.0142	0.0757	0.0713	0.0043	0.0814	0.0715	0.0099	0.2651	0.1518	0.1133	0.1277	0.1240	0.0037	0.1374	0.0278	0.1096
12	43	0.0997	10	2	0	1	0	1	0	1	0	0	0	1	1	0	0	0	0	0	0	Y	N	N	N	N	N	N	N	N	N	N	N	N	N	N	N	N	N	0.0000	0.0000	0.0000	0.0000	0.0000	0.0000	0.0000	0.0000	0.0000	0.0000	0.0000	0.0000	0.0000	0.0000	0.0000	0.0000	0.0000	0.0000	0.0007	0.0012	0.0000	0.0025	0.0025	0.0000	0.0000	0.0000	0.0000		0.0000	0.0000	-0.0001	1.9827	3.9996	3.4053	6.0133	0.0000	0.0000	0.0000	0.0000	0.0000	0.0000	0.0000	0.0000	0.0000	0.0001	0.0001	0.0000	0.0001	0.0001	0.0000	0.0000	0.0000	0.0000	0.1056	0.0904	0.0152	0.0162	0.0159	0.0003	0.0894	0.0745	0.0149	0.1619	0.0933	0.0686	0.0443	0.0431	0.0011	0.1176	0.0502	0.0674
12	44	0.0997	9	2	0	1	0	1	0	1	0	1	1	1	1	0	0	0	0	0	0	Y	N	N	N	N	N	N	N	N	N	N	N	N	N	N	N	N	N	0.0000	0.0000	0.0000	0.0000	0.0000	0.0000	0.0000	0.0000	0.0000	0.0000	0.0000	0.0000	0.0000	0.0000	0.0000	0.0000	0.0000	0.0000	0.0000	0.0000	0.0000	0.0000	0.0000	0.0000	0.0000	0.0000	0.0000		1.0000	0.0000	-0.0000	1.9827	0.0009	3.4053	0.0333	0.0000	0.0000	0.0000	0.0000	0.0000	0.0000	0.0000	0.0000	0.0000	0.0000	0.0000	0.0000	0.0000	0.0000	0.0000	0.0000	0.0000	0.0000	0.0000	0.0000	0.0000	0.0000	0.0000	0.0000	0.0000	0.0000	0.0000	0.0013	0.0009	0.0003	0.0005	0.0005	0.0000	0.0007	0.0004	0.0003
12	49	0.0586	3	2	0	1	0	2	0	1	0	0	0	0	0	0	0	0	0	0	0	Y	N	N	N	N	N	N	N	N	N	N	N	N	N	N	N	N	N	34.6180	44.3429	0.0000	0.0339	0.0341	0.0000	48.9934	263884.0362	0.0000	14.9192	17.5031	0.0000	0.0188	0.0190	0.0000	17.2072	20.6943	0.0000	0.4310	0.3947	0.4758	0.5533	0.5561	0.0573	0.3512	0.0001	0.4779	0.0000	0.9745	-0.3608	-0.0067	1.9827	2.4585	3.4053	2.2382	0.9981	0.9981	0.0000	0.0002	0.0002	0.0000	0.9979	0.9979	0.0000	0.0804	0.0407	0.0397	0.0408	0.0407	0.0000	0.0397	0.0000	0.0397	0.0669	0.0570	0.0099	0.0089	0.0088	0.0001	0.0580	0.0482	0.0098	0.1866	0.1032	0.0834	0.0737	0.0732	0.0004	0.1130	0.0300	0.0830
12	50	0.1285	9	2	0	1	1	1	0	1	1	0	0	1	1	0	0	0	0	0	0	Y	N	N	N	N	N	N	N	N	N	N	N	N	N	N	N	N	N	6200.9524	0.0000	inf	0.6636	0.0000	inf	inf	0.0000	inf	0.0007	0.0000	0.0052	0.0000	0.0000	0.0000	0.0009	0.0000	0.0054	0.0000	0.0000	0.0000	0.0000	0.0000	0.0000	0.0000	0.0000	0.0000	inf	0.0000	0.0000	-0.0000	1.9827	0.9995	3.4053	1.0067	0.0000	0.0000	0.0000	0.0000	0.0000	0.0000	0.0000	0.0000	0.0000	0.0000	0.0000	0.0000	0.0000	0.0000	0.0000	0.0000	0.0000	0.0000	0.0262	0.0224	0.0037	0.0048	0.0047	0.0001	0.0213	0.0177	0.0036	0.0267	0.0148	0.0118	0.0064	0.0063	0.0001	0.0203	0.0086	0.0117
12	51	0.0910	8	2	0	1	0	1	0	1	0	1	1	1	1	0	0	0	0	0	0	Y	N	N	N	N	N	N	N	N	N	N	N	N	N	N	N	N	N	72494.9283	34.5691	inf	101.2008	90.1982	inf	inf	0.0000	inf	3.4533	0.0029	24.0620	0.0182	0.0166	0.1134	4.0589	0.0000	24.4871	0.0000	0.0001	0.0000	0.0002	0.0002	0.0000	0.0000	0.0000	0.0000	1410.3192	0.0000	0.6211	-0.0000	1.9827	11.0065	3.4053	2.0630	0.9738	0.0007	0.9731	0.0008	0.0007	0.0001	0.9730	0.0000	0.9730	0.0000	0.0000	0.0000	0.0000	0.0000	0.0000	0.0000	0.0000	0.0000	0.2820	0.2416	0.0404	0.0423	0.0416	0.0007	0.2397	0.2000	0.0397	0.2097	0.1209	0.0888	0.0555	0.0543	0.0012	0.1542	0.0666	0.0876
12	57	0.0910	8	2	0	1	0	1	0	1	0	0	0	0	0	0	0	0	0	0	0	Y	N	N	N	N	N	N	N	N	N	N	N	N	N	N	N	N	N	7403.5953	45826.8109	4.2138	109350.5836	118642.0410	inf	0.0000	0.0000	0.0000	0.0014	0.0017	0.0000	0.0095	0.0097	0.0001	0.0000	0.0000	0.0000	0.0000	0.0000	0.0000	0.0000	0.0000	0.0000	0.0000	0.0000	0.0000	0.0002	8.0909	-0.0000	0.0000	1.9827	0.9943	3.4053	1.9980	0.0000	0.0000	0.0000	0.0000	0.0000	0.0000	0.0000	0.0000	0.0000	0.0000	0.0000	0.0000	0.0000	0.0000	0.0000	0.0000	0.0000	0.0000	0.0269	0.0230	0.0039	0.0041	0.0040	0.0001	0.0228	0.0189	0.0039	0.0512	0.0297	0.0214	0.0138	0.0135	0.0003	0.0374	0.0163	0.0211
12	58	0.0856	7	2	0	1	0	1	0	1	0	0	0	0	0	0	0	0	0	0	0	Y	N	N	N	N	N	N	N	N	N	N	N	N	N	N	N	N	N	766088.0083	91.1479	inf	343.5560	234.1236	inf	inf	0.0000	inf	0.2045	0.0000	1.4018	0.0004	0.0002	0.0068	0.2404	0.0000	1.4259	0.0000	0.0000	0.0000	0.0000	0.0000	0.0000	0.0000	0.0000	0.0000	5641.5652	0.0000	0.0000	-0.0000	1.9827	0.0070	3.4053	1.9921	0.0000	0.0000	0.0000	0.0000	0.0000	0.0000	0.0000	0.0000	0.0000	0.0000	0.0000	0.0000	0.0000	0.0000	0.0000	0.0000	0.0000	0.0000	0.0002	0.0002	0.0000	0.0000	0.0000	0.0000	0.0002	0.0001	0.0000	0.0333	0.0191	0.0142	0.0086	0.0084	0.0002	0.0247	0.0107	0.0141
12	59	0.0856	6	2	0	1	0	2	0	1	0	0	0	0	0	0	0	0	0	0	0	Y	N	N	N	N	N	N	N	N	N	N	N	N	N	N	N	N	N	0.0000	0.0000	0.0000	0.0000	0.0000	0.0000	0.0000	0.0000	0.0000	0.0000	0.0000	0.0000	0.0000	0.0000	0.0000	0.0000	0.0000	0.0000	0.0000	0.0000	0.0000	0.0000	0.0000	0.0000	0.0000	0.0000	0.0000			0.0000	0.0000	1.9827	0.0000	3.4053	0.0000	0.0000	0.0000	0.0000	0.0000	0.0000	0.0000	0.0000	0.0000	0.0000	0.0000	0.0000	0.0000	0.0000	0.0000	0.0000	0.0000	0.0000	0.0000	0.0000	0.0000	0.0000	0.0000	0.0000	0.0000	0.0000	0.0000	0.0000	0.0000	0.0000	0.0000	0.0000	0.0000	0.0000	0.0000	0.0000	0.0000
14	19	0.1781	4	2	0	1	0	0	0	0	0	1	1	1	1	0	0	0	0	0	0	Y	N	N	N	N	N	N	N	N	N	N	N	N	N	N	N	N	N	0.0000	0.0000	0.0000	0.0000	0.0000	0.0000	0.0000	0.0000	0.0000	0.0000	0.0000	0.0000	0.0000	0.0000	0.0000	0.0000	0.0000	0.0000	0.0000	0.0000	0.0000	0.0000	0.0000	0.0000	0.0000	0.0000	0.0000		12.2245	-0.0000	0.0000	7.0048	1.0008	7.0851	0.0438	0.0000	0.0000	0.0000	0.0000	0.0000	0.0000	0.0000	0.0000	0.0000	0.0000	0.0000	0.0000	0.0000	0.0000	0.0000	0.0000	0.0000	0.0000	0.0960	0.0798	0.0162	0.0116	0.0111	0.0005	0.0844	0.0687	0.0157	0.0358	0.0205	0.0154	0.0060	0.0057	0.0003	0.0298	0.0148	0.0150
14	22	0.4012	11	2	0	1	0	0	0	0	0	1	0	2	1	0	0	0	0	0	0	Y	N	N	N	Y	N	N	N	N	N	N	N	N	N	N	N	N	N	0.0002	0.0068	0.0000	0.0154	0.0149	0.0000	0.0000	12.4045	0.0000	0.0000	0.0000	0.0000	0.0001	0.0002	0.0000	0.0000	0.0000	0.0000	0.0679	0.0030	0.1465	0.0095	0.0105	0.0000	0.0799	0.0000	0.1519	0.0000	40.5942	-0.0000	0.0038	7.0048	2.0311	7.0851	5.0434	0.0000	0.0000	0.0000	0.0000	0.0000	0.0000	0.0000	0.0000	0.0000	0.0096	0.0002	0.0093	0.0002	0.0002	0.0000	0.0093	0.0000	0.0093	0.1274	0.1060	0.0213	0.0144	0.0135	0.0009	0.1129	0.0925	0.0204	0.1408	0.0771	0.0637	0.0241	0.0218	0.0023	0.1167	0.0553	0.0614
14	23	0.1428	2	2	0	1	0	0	0	0	0	1	1	1	1	0	0	0	0	0	0	Y	N	N	N	N	N	N	N	N	N	N	N	N	N	N	N	N	N	0.0565	0.0463	0.0003	0.2886	0.2886	0.0000	0.0001	inf	0.0002	0.0000	0.0001	0.0000	0.0016	0.0016	0.0000	0.0000	0.0000	0.0000	0.0008	0.0011	0.0003	0.0055	0.0056	0.0003	0.0002	0.0000	0.0003	0.0004	0.2444	-0.0000	-0.0000	7.0048	2.9896	7.0851	2.0229	0.0000	0.0000	0.0000	0.0000	0.0000	0.0000	0.0000	0.0000	0.0000	0.0001	0.0001	0.0000	0.0001	0.0001	0.0000	0.0000	0.0000	0.0000	0.2318	0.1909	0.0409	0.0064	0.0063	0.0001	0.2254	0.1846	0.0408	0.1604	0.0871	0.0734	0.0182	0.0178	0.0003	0.1423	0.0692	0.0730
14	26	0.1508	3	2	0	1	0	0	0	0	0	1	0	1	0	0	0	0	0	0	0	Y	N	N	N	N	N	N	N	N	N	N	N	N	N	N	N	N	N	0.0995	0.0695	0.0000	0.2157	0.2128	0.0000	0.0000	0.0000	0.0000	0.0000	0.0000	0.0000	0.0003	0.0003	0.0000	0.0000	0.0000	0.0000	0.0002	0.0004	0.0000	0.0013	0.0013	0.0000	0.0000	0.0000	0.0000	0.0000	0.0335	-0.0000	-0.0000	7.0048	4.2500	7.0851	3.1084	0.0000	0.0000	0.0000	0.0000	0.0000	0.0000	0.0000	0.0000	0.0000	0.0001	0.0001	0.0000	0.0001	0.0001	0.0000	0.0000	0.0000	0.0000	0.3579	0.2995	0.0584	0.0269	0.0265	0.0004	0.3310	0.2730	0.0580	0.2547	0.1440	0.1107	0.0402	0.0390	0.0012	0.2144	0.1050	0.1095
14	31	0.2507	11	2	0	1	0	0	0	0	0	1	0	2	1	0	0	0	0	0	0	Y	N	N	N	Y	N	N	N	N	N	N	N	N	N	N	N	N	N	0.0000	0.0000	0.0000	0.0000	0.0000	0.0000	0.0000	0.0000	0.0000	0.0000	0.0000	0.0000	0.0000	0.0000	0.0000	0.0000	0.0000	0.0000	0.0000	0.0000	0.0000	0.0000	0.0000	0.0000	0.0000	0.0000	0.0000		0.0000	0.0000	-0.0000	7.0048	0.0008	7.0851	0.9932	0.0000	0.0000	0.0000	0.0000	0.0000	0.0000	0.0000	0.0000	0.0000	0.0000	0.0000	0.0000	0.0000	0.0000	0.0000	0.0000	0.0000	0.0000	0.0001	0.0001	0.0000	0.0000	0.0000	0.0000	0.0001	0.0001	0.0000	0.0238	0.0128	0.0110	0.0035	0.0032	0.0002	0.0203	0.0095	0.0108
14	38	0.4012	11	2	0	1	0	0	0	0	0	1	0	2	1	0	0	0	0	0	0	Y	N	N	N	Y	N	N	N	N	N	N	N	N	N	N	N	N	N	0.0000	0.0000	0.0000	0.0000	0.0000	0.0000	0.0000	0.0000	0.0000	0.0000	0.0000	0.0000	0.0000	0.0000	0.0000	0.0000	0.0000	0.0000	0.0000	0.0000	0.0000	0.0000	0.0000	0.0000	0.0000	0.0000	0.0000		inf	0.0000	0.0000	7.0048	0.0030	7.0851	2.0047	0.0000	0.0000	0.0000	0.0000	0.0000	0.0000	0.0000	0.0000	0.0000	0.0000	0.0000	0.0000	0.0000	0.0000	0.0000	0.0000	0.0000	0.0000	0.0049	0.0039	0.0011	0.0025	0.0024	0.0000	0.0025	0.0014	0.0010	0.0435	0.0242	0.0193	0.0083	0.0076	0.0007	0.0351	0.0165	0.0186
14	39	0.3864	10	2	0	1	0	1	0	0	0	2	1	2	1	0	0	0	0	0	0	Y	N	N	N	Y	N	N	N	N	N	N	N	N	N	N	N	N	N	0.0001	0.0001	0.0001	0.0001	0.0001	0.0749	0.0000	0.0003	0.0000	0.0000	0.0000	0.0000	0.0000	0.0000	0.0000	0.0000	0.0000	0.0000	0.1191	0.0688	0.2309	0.1074	0.1154	0.0004	0.1284	0.0004	0.2563	0.4736	1.5085	-0.0000	0.0006	7.0048	2.0135	7.0851	0.9920	0.0000	0.0000	0.0000	0.0000	0.0000	0.0000	0.0000	0.0000	0.0000	0.0234	0.0093	0.0141	0.0093	0.0093	0.0000	0.0141	0.0000	0.0141	0.7436	0.6440	0.0995	0.4345	0.3692	0.0653	0.3091	0.2749	0.0342	0.1963	0.1354	0.0609	0.0867	0.0806	0.0060	0.1097	0.0548	0.0549
14	41	0.3282	9	1	0	1	0	0	0	0	0	2	0	2	0	0	0	0	0	0	0	N	N	N	N	Y	N	N	N	N	N	N	N	N	N	N	N	N	N	0.0096	0.5129	0.0000	0.0351	0.7857	0.0000	0.0001	0.4432	0.0000	0.0152	0.0175	0.0000	0.0527	0.0552	0.0000	0.0001	0.0002	0.0000	1.5859	0.0341	4.2712	1.5015	0.0702	17.2653	1.6283	0.0003	3.2022	0.0000	72.2886	-0.0072	0.9892	7.0048	13.0332	7.0851	41.9092	0.0200	0.0200	0.0000	0.0198	0.0198	0.0000	0.0001	0.0001	0.0000	2.4157	0.0330	2.3828	0.7650	0.0328	0.7322	1.6508	0.0002	1.6506	1.3120	1.1394	0.1726	0.3766	0.3596	0.0170	0.9355	0.7798	0.1557	1.5233	0.9654	0.5579	0.5095	0.4671	0.0424	1.0138	0.4983	0.5155
14	43	0.2219	12	2	0	1	0	0	0	0	0	1	0	2	1	0	0	0	0	0	0	Y	N	N	N	Y	N	N	N	N	N	N	N	N	N	N	N	N	N	0.0000	0.0000	0.0000	0.0000	0.0000	0.0000	0.0000	0.0000	0.0000	0.0000	0.0000	0.0000	0.0000	0.0000	0.0000	0.0000	0.0000	0.0000	0.0001	0.0001	0.0000	0.0005	0.0006	0.0000	0.0000	0.0000	0.0000		0.0000	0.0000	-0.0000	7.0048	3.9996	7.0851	6.0133	0.0000	0.0000	0.0000	0.0000	0.0000	0.0000	0.0000	0.0000	0.0000	0.0000	0.0000	0.0000	0.0000	0.0000	0.0000	0.0000	0.0000	0.0000	0.2691	0.2226	0.0465	0.0131	0.0126	0.0004	0.2560	0.2100	0.0460	0.2534	0.1392	0.1142	0.0383	0.0356	0.0027	0.2150	0.1036	0.1115
14	44	0.2219	11	2	0	1	0	0	0	0	0	2	1	2	1	0	0	0	0	0	0	Y	N	N	N	Y	N	N	N	N	N	N	N	N	N	N	N	N	N	0.0000	0.0000	0.0000	0.0000	0.0000	0.0000	0.0000	0.0000	0.0000	0.0000	0.0000	0.0000	0.0000	0.0000	0.0000	0.0000	0.0000	0.0000	0.0000	0.0000	0.0000	0.0000	0.0000	0.0000	0.0000	0.0000	0.0000			0.0000	-0.0000	7.0048	0.0009	7.0851	0.0333	0.0000	0.0000	0.0000	0.0000	0.0000	0.0000	0.0000	0.0000	0.0000	0.0000	0.0000	0.0000	0.0000	0.0000	0.0000	0.0000	0.0000	0.0000	0.0001	0.0001	0.0000	0.0000	0.0000	0.0000	0.0001	0.0001	0.0000	0.0017	0.0011	0.0005	0.0005	0.0005	0.0000	0.0012	0.0006	0.0005
14	50	0.2507	11	2	0	1	1	0	0	0	1	1	0	2	1	0	0	0	0	0	0	Y	N	N	N	Y	N	N	N	N	N	N	N	N	N	N	N	N	N	0.0000	0.0000	0.0000	0.0000	0.0000	0.0000	0.0000	0.0000	0.0000	0.0000	0.0000	0.0000	0.0000	0.0000	0.0000	0.0000	0.0000	0.0000	0.0000	0.0000	0.0000	0.0000	0.0000	0.0000	0.0000	0.0000	0.0000		0.0000	0.0000	-0.0000	7.0048	0.9995	7.0851	1.0067	0.0000	0.0000	0.0000	0.0000	0.0000	0.0000	0.0000	0.0000	0.0000	0.0000	0.0000	0.0000	0.0000	0.0000	0.0000	0.0000	0.0000	0.0000	0.0683	0.0569	0.0114	0.0074	0.0070	0.0004	0.0609	0.0499	0.0110	0.0470	0.0249	0.0221	0.0066	0.0061	0.0005	0.0404	0.0188	0.0216
14	51	0.2132	10	2	0	1	0	0	0	0	0	2	1	2	1	0	0	0	0	0	0	Y	N	N	N	Y	N	N	N	N	N	N	N	N	N	N	N	N	N	15269.3913	10152.2975	0.0000	0.5084	0.4897	0.0000	inf	inf	0.0000	1.3889	1.6782	0.0000	0.0003	0.0003	0.0000	1.4520	1.7682	0.0000	0.0001	0.0002	0.0000	0.0006	0.0007	0.0000	0.0000	0.0000	0.0000	0.0000	0.0000	-0.3614	-0.0000	7.0048	11.0065	7.0851	2.0630	0.9999	0.9999	0.0000	0.0000	0.0000	0.0000	0.9999	0.9999	0.0000	0.0000	0.0000	0.0000	0.0000	0.0000	0.0000	0.0000	0.0000	0.0000	0.7200	0.5958	0.1241	0.0313	0.0303	0.0010	0.6886	0.5655	0.1231	0.3295	0.1813	0.1482	0.0477	0.0445	0.0033	0.2818	0.1368	0.1450
14	57	0.2132	10	2	0	1	0	0	0	0	0	1	0	1	0	0	0	0	0	0	0	Y	N	N	N	N	N	N	N	N	N	N	N	N	N	N	N	N	N	552.7386	inf	0.0000	9939.8761	inf	0.0000	0.0000	0.0000	0.0000	0.0001	0.0002	0.0000	0.0030	0.0031	0.0000	0.0000	0.0000	0.0000	0.0000	0.0000	0.0000	0.0000	0.0000	0.0000	0.0000	0.0000	0.0000	0.0000	inf	-0.0000	0.0000	7.0048	0.9943	7.0851	1.9980	0.0000	0.0000	0.0000	0.0000	0.0000	0.0000	0.0000	0.0000	0.0000	0.0000	0.0000	0.0000	0.0000	0.0000	0.0000	0.0000	0.0000	0.0000	0.0689	0.0568	0.0122	0.0033	0.0032	0.0001	0.0656	0.0535	0.0121	0.0812	0.0452	0.0359	0.0126	0.0118	0.0008	0.0686	0.0334	0.0352
14	58	0.2078	9	2	0	1	0	0	0	0	0	1	0	1	0	0	0	0	0	0	0	Y	N	N	N	N	N	N	N	N	N	N	N	N	N	N	N	N	N	50884.8519	33741.7594	0.0000	0.0000	0.0000	0.0000	inf	inf	0.0000	0.0206	0.0250	0.0000	0.0000	0.0000	0.0000	0.0215	0.0263	0.0000	0.0000	0.0000	0.0000	0.0000	0.0000	0.0000	0.0000	0.0000	0.0000	0.0000	0.0000	-0.0000	-0.0000	7.0048	0.0070	7.0851	1.9921	0.0000	0.0000	0.0000	0.0000	0.0000	0.0000	0.0000	0.0000	0.0000	0.0000	0.0000	0.0000	0.0000	0.0000	0.0000	0.0000	0.0000	0.0000	0.0005	0.0004	0.0001	0.0000	0.0000	0.0000	0.0005	0.0004	0.0001	0.0524	0.0287	0.0238	0.0070	0.0066	0.0004	0.0454	0.0220	0.0233
14	59	0.2078	8	2	0	1	0	1	0	0	0	1	0	1	0	0	0	0	0	0	0	Y	N	N	N	N	N	N	N	N	N	N	N	N	N	N	N	N	N	0.0000	0.0000	0.0000	0.0000	0.0000	0.0000	0.0000	0.0000	0.0000	0.0000	0.0000	0.0000	0.0000	0.0000	0.0000	0.0000	0.0000	0.0000	0.0000	0.0000	0.0000	0.0000	0.0000	0.0000	0.0000	0.0000	0.0000			0.0000	0.0000	7.0048	0.0000	7.0851	0.0000	0.0000	0.0000	0.0000	0.0000	0.0000	0.0000	0.0000	0.0000	0.0000	0.0000	0.0000	0.0000	0.0000	0.0000	0.0000	0.0000	0.0000	0.0000	0.0000	0.0000	0.0000	0.0000	0.0000	0.0000	0.0000	0.0000	0.0000	0.0000	0.0000	0.0000	0.0000	0.0000	0.0000	0.0000	0.0000	0.0000
15	19	0.1097	8	2	0	1	0	0	0	1	0	0	1	0	1	0	0	0	0	0	0	Y	N	N	N	N	N	N	N	N	N	N	N	N	N	N	N	N	N	0.0000	0.0000	0.0000	0.0000	0.0000	0.0000	0.0000	0.0000	0.0000	0.0000	0.0000	0.0000	0.0000	0.0000	0.0000	0.0000	0.0000	0.0000	2.5869	4.7916	0.0000	5.0087	5.3848	0.0000	2.1743	4.5930	0.0000		0.0000	0.0000	-0.0247	4.0000	1.0008	4.0000	0.0438	0.0000	0.0000	0.0000	0.0000	0.0000	0.0000	0.0000	0.0000	0.0000	0.0428	0.0428	0.0000	0.0121	0.0121	0.0000	0.0307	0.0307	0.0000	0.0474	0.0393	0.0081	0.0050	0.0050	0.0001	0.0424	0.0344	0.0080	0.0165	0.0089	0.0076	0.0024	0.0022	0.0002	0.0141	0.0067	0.0074
15	22	0.2188	5	2	0	1	0	0	0	1	0	0	0	1	1	0	0	0	0	0	0	Y	N	N	N	N	N	N	N	N	N	N	N	N	N	N	N	N	N	0.0000	inf	0.0000	inf	inf	0.0000	0.0000	0.0000	0.0000	0.0001	0.0002	0.0000	0.0022	0.0024	0.0000	0.0000	0.0000	0.0000	12.3781	0.0000	23.9367	0.0000	0.0000	0.0000	12.8018	0.0000	24.1707	0.0000	inf	-0.0000	0.4202	4.0000	2.0311	4.0000	5.0434	0.0000	0.0000	0.0000	0.0000	0.0000	0.0000	0.0000	0.0000	0.0000	0.9931	0.0000	0.9931	0.0000	0.0000	0.0000	0.9931	0.0000	0.9931	0.0778	0.0650	0.0128	0.0045	0.0041	0.0004	0.0733	0.0609	0.0125	0.0802	0.0387	0.0415	0.0027	0.0023	0.0004	0.0776	0.0365	0.0411
15	23	0.0905	8	2	0	1	0	0	0	1	0	0	1	0	1	0	0	0	0	0	0	Y	N	N	N	N	N	N	N	N	N	N	N	N	N	N	N	N	N	0.0000	0.0012	0.0000	0.0069	0.0065	0.0000	0.0000	0.0000	0.0000	0.0001	0.0001	0.0000	0.0043	0.0045	0.0000	0.0000	0.0000	0.0000	14.8683	0.0880	29.3129	0.6199	0.6950	0.0000	15.9431	0.0000	29.7590	0.0000	340.9693	-0.0000	0.4210	4.0000	2.9896	4.0000	2.0229	0.0000	0.0000	0.0000	0.0000	0.0000	0.0000	0.0000	0.0000	0.0000	1.0020	0.0029	0.9990	0.0029	0.0029	0.0000	0.9990	0.0000	0.9990	0.1144	0.0936	0.0208	0.0023	0.0022	0.0001	0.1121	0.0914	0.0207	0.0674	0.0333	0.0341	0.0047	0.0042	0.0005	0.0627	0.0291	0.0336
15	24	0.0825	7	2	0	1	0	0	0	1	0	0	0	0	0	0	0	0	0	0	0	Y	N	N	N	N	N	N	N	N	N	N	N	N	N	N	N	N	N	0.0058	0.0044	0.0000	0.0038	0.0039	0.0000	0.0066	0.0056	0.0000	0.0013	0.0015	0.0000	0.0028	0.0030	0.0000	0.0006	0.0007	0.0000	0.2200	0.3328	0.0473	0.7362	0.7606	0.0000	0.0913	0.1321	0.0481	0.0000	0.0928	-0.0000	-0.0057	4.0000	0.3867	4.0000	2.3109	0.0000	0.0000	0.0000	0.0000	0.0000	0.0000	0.0000	0.0000	0.0000	0.0117	0.0107	0.0010	0.0078	0.0078	0.0000	0.0039	0.0029	0.0010	0.0236	0.0203	0.0033	0.0071	0.0067	0.0004	0.0165	0.0136	0.0029	0.0530	0.0320	0.0209	0.0106	0.0102	0.0003	0.0424	0.0218	0.0206
15	26	0.0825	7	2	0	1	0	0	0	1	0	0	0	0	0	0	0	0	0	0	0	Y	N	N	N	N	N	N	N	N	N	N	N	N	N	N	N	N	N	0.0000	0.0000	0.0000	0.0000	0.0000	0.0000	0.0000	0.0000	0.0000	0.0000	0.0000	0.0000	0.0000	0.0000	0.0000	0.0000	0.0000	0.0000	8.7473	16.0680	0.2338	0.1398	0.1483	0.0003	9.8920	20.1910	0.2372		0.0125	0.0000	-0.5506	4.0000	4.2500	4.0000	3.1084	0.0000	0.0000	0.0000	0.0000	0.0000	0.0000	0.0000	0.0000	0.0000	0.9753	0.9633	0.0121	0.0018	0.0018	0.0000	0.9735	0.9615	0.0121	0.1692	0.1394	0.0297	0.0094	0.0089	0.0005	0.1597	0.1305	0.0292	0.1115	0.0600	0.0516	0.0131	0.0123	0.0008	0.0984	0.0476	0.0508
15	27	0.0631	6	2	0	1	0	0	0	1	0	0	0	0	0	0	0	0	0	0	0	Y	N	N	N	N	N	N	N	N	N	N	N	N	N	N	N	N	N	0.0014	0.0010	0.0000	0.0000	0.0000	0.0000	0.0029	0.0023	0.0000	0.0002	0.0002	0.0000	0.0000	0.0000	0.0000	0.0002	0.0003	0.0000	0.1504	0.2330	0.0354	0.5252	0.5307	0.0000	0.0830	0.1289	0.0355	0.0000	0.1090	-0.0000	-0.0080	4.0000	1.7810	4.0000	4.3857	0.0000	0.0000	0.0000	0.0000	0.0000	0.0000	0.0000	0.0000	0.0000	0.0166	0.0150	0.0016	0.0089	0.0089	0.0000	0.0078	0.0061	0.0016	0.0961	0.0824	0.0137	0.0140	0.0138	0.0001	0.0822	0.0686	0.0136	0.1106	0.0644	0.0462	0.0169	0.0167	0.0002	0.0938	0.0477	0.0461
15	31	0.0683	3	2	0	1	0	0	0	1	0	0	0	1	1	0	0	0	0	0	0	Y	N	N	N	N	N	N	N	N	N	N	N	N	N	N	N	N	N	inf	inf	0.0000	0.0000	0.0000	0.0000	inf	inf	0.0000	0.2825	0.3087	0.0000	0.0000	0.0000	0.0000	0.4413	0.5076	0.0000	0.0000	0.0000	0.0000	0.0000	0.0000	0.0000	0.0000	0.0000	0.0000	0.0000		-0.0000	0.0000	4.0000	0.0008	4.0000	0.9932	0.0000	0.0000	0.0000	0.0000	0.0000	0.0000	0.0000	0.0000	0.0000	0.0000	0.0000	0.0000	0.0000	0.0000	0.0000	0.0000	0.0000	0.0000	0.0001	0.0001	0.0000	0.0000	0.0000	0.0000	0.0001	0.0001	0.0000	0.0125	0.0059	0.0066	0.0005	0.0005	0.0000	0.0120	0.0054	0.0066
15	38	0.2188	5	2	0	1	0	0	0	1	0	0	0	1	1	0	0	0	0	0	0	Y	N	N	N	N	N	N	N	N	N	N	N	N	N	N	N	N	N	0.0255	0.0149	0.0000	0.0034	0.0032	0.0000	0.0000	0.0000	0.0000	0.0071	0.0083	0.0000	0.0146	0.0148	0.0000	0.0000	0.0000	0.0000	0.2778	0.5586	0.0000	4.2823	4.6280	0.0000	0.0000	0.0000	0.0000	0.0000	0.0000	-0.0000	-0.0040	4.0000	0.0030	4.0000	2.0047	0.0000	0.0000	0.0000	0.0000	0.0000	0.0000	0.0000	0.0000	0.0000	0.0069	0.0069	0.0000	0.0069	0.0069	0.0000	0.0000	0.0000	0.0000	0.0014	0.0012	0.0002	0.0007	0.0007	0.0000	0.0007	0.0005	0.0002	0.0250	0.0124	0.0125	0.0016	0.0015	0.0001	0.0233	0.0109	0.0124
15	39	0.2040	4	2	0	1	0	1	0	1	0	1	1	1	1	0	0	0	0	0	0	Y	N	N	N	N	N	N	N	N	N	N	N	N	N	N	N	N	N	0.1043	0.2931	0.0000	0.3317	0.3312	0.0000	0.0006	inf	0.0000	0.0091	0.0100	0.0000	0.0192	0.0205	0.0000	0.0001	0.0001	0.0000	0.0870	0.0341	0.1930	0.0578	0.0618	0.0000	0.1060	0.0000	0.2090	0.0000	2.8182	-0.0009	0.0015	4.0000	2.0135	4.0000	0.9920	0.0025	0.0025	0.0000	0.0025	0.0025	0.0000	0.0000	0.0000	0.0000	0.0094	0.0025	0.0069	0.0025	0.0025	0.0000	0.0069	0.0000	0.0069	0.2811	0.2548	0.0263	0.1325	0.1241	0.0084	0.1486	0.1307	0.0179	0.1077	0.0718	0.0358	0.0424	0.0397	0.0027	0.0652	0.0322	0.0331
15	43	0.0395	4	2	0	1	0	0	0	1	0	0	0	1	1	0	0	0	0	0	0	Y	N	N	N	N	N	N	N	N	N	N	N	N	N	N	N	N	N	0.0000	0.0000	0.0000	0.0000	0.0000	0.0000	0.0000	0.0000	0.0000	0.0000	0.0000	0.0000	0.0000	0.0000	0.0000	0.0000	0.0000	0.0000	0.0018	0.0037	0.0000	0.0642	0.0735	0.0000	0.0000	0.0000	0.0000		0.0000	0.0000	-0.0001	4.0000	3.9996	4.0000	6.0133	0.0000	0.0000	0.0000	0.0000	0.0000	0.0000	0.0000	0.0000	0.0000	0.0002	0.0002	0.0000	0.0002	0.0002	0.0000	0.0000	0.0000	0.0000	0.1570	0.1295	0.0274	0.0009	0.0008	0.0000	0.1561	0.1287	0.0274	0.1308	0.0617	0.0691	0.0036	0.0031	0.0005	0.1272	0.0586	0.0686
15	44	0.0395	3	2	0	1	0	0	0	1	0	1	1	1	1	0	0	0	0	0	0	Y	N	N	N	N	N	N	N	N	N	N	N	N	N	N	N	N	N	0.0000	0.0000	0.0000	0.0000	0.0000	0.0000	0.0000	0.0000	0.0000	0.0000	0.0000	0.0000	0.0000	0.0000	0.0000	0.0000	0.0000	0.0000	0.3177	0.2123	0.6049	0.4497	0.4516	0.0000	0.2480	0.0000	0.6083		1.0455	0.0000	-0.0000	4.0000	0.0009	4.0000	0.0333	0.0000	0.0000	0.0000	0.0000	0.0000	0.0000	0.0000	0.0000	0.0000	0.0004	0.0002	0.0002	0.0002	0.0002	0.0000	0.0002	0.0000	0.0002	0.0001	0.0000	0.0000	0.0000	0.0000	0.0000	0.0000	0.0000	0.0000	0.0014	0.0010	0.0004	0.0005	0.0005	0.0000	0.0009	0.0005	0.0004
15	49	0.0525	5	2	0	1	0	1	0	1	0	0	0	0	0	0	0	0	0	0	0	Y	N	N	N	N	N	N	N	N	N	N	N	N	N	N	N	N	N	0.0018	0.0000	0.0045	0.0000	0.0000	0.0000	0.0016	0.0000	0.0045	0.0002	0.0000	0.0012	0.0000	0.0000	0.0000	0.0002	0.0000	0.0012	0.1152	0.0023	0.2587	0.0035	0.0035	0.0000	0.1290	0.0020	0.2591	inf	88.2303	0.0000	0.0037	4.0000	2.4585	4.0000	2.2382	0.0000	0.0000	0.0000	0.0000	0.0000	0.0000	0.0000	0.0000	0.0000	0.0089	0.0001	0.0088	0.0000	0.0000	0.0000	0.0089	0.0001	0.0088	0.0984	0.0812	0.0173	0.0017	0.0016	0.0001	0.0967	0.0796	0.0171	0.0773	0.0433	0.0340	0.0085	0.0085	0.0000	0.0687	0.0348	0.0340
15	50	0.0683	3	2	0	1	1	0	0	1	1	0	0	1	1	0	0	0	0	0	0	Y	N	N	N	N	N	N	N	N	N	N	N	N	N	N	N	N	N	inf	inf	0.0000	0.0000	0.0000	0.0000	inf	inf	0.0000	0.0008	0.0009	0.0000	0.0000	0.0000	0.0000	0.0008	0.0010	0.0000	0.0000	0.0000	0.0000	0.0000	0.0000	0.0000	0.0000	0.0000	0.0000	0.0000		-0.0000	0.0000	4.0000	0.9995	4.0000	1.0067	0.0000	0.0000	0.0000	0.0000	0.0000	0.0000	0.0000	0.0000	0.0000	0.0000	0.0000	0.0000	0.0000	0.0000	0.0000	0.0000	0.0000	0.0000	0.0392	0.0325	0.0067	0.0020	0.0018	0.0001	0.0372	0.0306	0.0066	0.0248	0.0115	0.0133	0.0008	0.0007	0.0001	0.0240	0.0108	0.0132
15	51	0.0308	2	2	0	1	0	0	0	1	0	1	1	1	1	0	0	0	0	0	0	Y	N	N	N	N	N	N	N	N	N	N	N	N	N	N	N	N	N	1347781.6157	771544.6596	0.0000	325.8439	288.2973	0.0000	inf	inf	0.0000	2.3851	2.8895	0.0000	0.0425	0.0427	0.0000	2.3864	2.8914	0.0000	0.0000	0.0000	0.0000	0.0001	0.0001	0.0000	0.0000	0.0000	0.0000	0.0000	0.0000	-0.3614	-0.0000	4.0000	11.0065	4.0000	2.0630	0.9999	0.9999	0.0000	0.0000	0.0000	0.0000	0.9999	0.9999	0.0000	0.0000	0.0000	0.0000	0.0000	0.0000	0.0000	0.0000	0.0000	0.0000	0.4192	0.3460	0.0732	0.0002	0.0002	0.0000	0.4190	0.3458	0.0732	0.1700	0.0803	0.0897	0.0023	0.0020	0.0003	0.1677	0.0783	0.0894
15	57	0.0308	2	2	0	1	0	0	0	1	0	0	0	0	0	0	0	0	0	0	0	Y	N	N	N	N	N	N	N	N	N	N	N	N	N	N	N	N	N	0.4113	5.4328	0.0000	49.2256	46.8750	0.0000	0.0000	0.0000	0.0000	0.0022	0.0027	0.0000	0.3684	0.3686	0.0000	0.0000	0.0000	0.0000	0.0054	0.0005	0.0101	0.0075	0.0079	0.0000	0.0054	0.0000	0.0101	0.0000	21.3576	-0.0000	0.0001	4.0000	0.9943	4.0000	1.9980	0.0001	0.0001	0.0000	0.0001	0.0001	0.0000	0.0000	0.0000	0.0000	0.0002	0.0000	0.0002	0.0000	0.0000	0.0000	0.0002	0.0000	0.0002	0.0402	0.0330	0.0072	0.0002	0.0002	0.0000	0.0399	0.0328	0.0072	0.0423	0.0205	0.0217	0.0014	0.0013	0.0001	0.0409	0.0192	0.0217
16	19	0.1122	10	2	1	1	0	0	1	0	0	0	1	0	1	0	0	0	0	0	0	Y	N	N	N	N	N	N	N	N	N	N	N	N	N	N	N	N	N	inf	inf	0.0000	inf	inf	0.0000	0.0000	0.0000	0.0000	0.0353	0.0425	0.0000	0.3115	0.3166	0.0000	0.0000	0.0000	0.0000	0.0000	0.0000	0.0000	0.0000	0.0000	0.0000	0.0000	0.0000	0.0000	0.0000		-0.0007	0.0000	4.0000	1.0008	3.9999	0.0438	0.0019	0.0019	0.0000	0.0019	0.0019	0.0000	0.0000	0.0000	0.0000	0.0000	0.0000	0.0000	0.0000	0.0000	0.0000	0.0000	0.0000	0.0000	0.0524	0.0435	0.0089	0.0059	0.0058	0.0001	0.0465	0.0377	0.0088	0.0181	0.0098	0.0084	0.0027	0.0025	0.0002	0.0155	0.0073	0.0082
16	22	0.2157	5	2	1	1	0	0	1	0	0	0	0	1	1	0	0	0	0	0	0	Y	N	N	N	N	N	N	N	N	N	N	N	N	N	N	N	N	N	0.0167	0.0095	0.0000	0.0087	0.0079	0.0000	0.0000	0.0000	0.0000	0.0001	0.0002	0.0000	0.0020	0.0022	0.0000	0.0000	0.0000	0.0000	0.0085	0.0181	0.0000	0.2317	0.2768	0.0000	0.0000	0.0000	0.0000	0.0000	0.0000	-0.0000	-0.0004	4.0000	2.0311	3.9999	5.0434	0.0000	0.0000	0.0000	0.0000	0.0000	0.0000	0.0000	0.0000	0.0000	0.0006	0.0006	0.0000	0.0006	0.0006	0.0000	0.0000	0.0000	0.0000	0.0706	0.0585	0.0122	0.0049	0.0045	0.0004	0.0657	0.0539	0.0118	0.0743	0.0348	0.0395	0.0027	0.0023	0.0004	0.0716	0.0326	0.0390
16	23	0.0929	10	2	1	1	0	0	1	0	0	0	1	0	1	0	0	0	0	0	0	Y	N	N	N	N	N	N	N	N	N	N	N	N	N	N	N	N	N	1498.9904	900.5868	0.0000	0.3498	0.3298	0.0000	inf	inf	0.0000	7.9100	9.6556	0.0000	0.0260	0.0275	0.0000	8.1316	9.9694	0.0000	0.0053	0.0107	0.0000	0.0745	0.0835	0.0000	0.0000	0.0000	0.0000	0.0000	0.0000	-0.3614	-0.0002	4.0000	2.9896	3.9999	2.0229	0.9999	0.9999	0.0000	0.0001	0.0001	0.0000	0.9998	0.9998	0.0000	0.0004	0.0004	0.0000	0.0004	0.0004	0.0000	0.0000	0.0000	0.0000	0.1264	0.1036	0.0229	0.0035	0.0033	0.0002	0.1230	0.1003	0.0227	0.0739	0.0364	0.0375	0.0052	0.0047	0.0006	0.0687	0.0317	0.0370
16	24	0.0849	9	2	1	1	0	0	1	0	0	0	0	0	0	0	0	0	0	0	0	Y	N	N	N	N	N	N	N	N	N	N	N	N	N	N	N	N	N	1.2263	4.2219	0.0000	0.4379	0.4501	0.0000	1.5777	inf	0.0000	0.0103	0.0120	0.0000	0.0037	0.0040	0.0000	0.0132	0.0160	0.0000	0.0084	0.0028	0.0169	0.0085	0.0088	0.0000	0.0084	0.0000	0.0172	0.0000	3.9003	-0.0001	0.0001	4.0000	0.3867	3.9999	2.3109	0.0003	0.0003	0.0000	0.0000	0.0000	0.0000	0.0002	0.0002	0.0000	0.0005	0.0001	0.0004	0.0001	0.0001	0.0000	0.0004	0.0000	0.0004	0.0262	0.0225	0.0037	0.0080	0.0076	0.0005	0.0182	0.0150	0.0032	0.0583	0.0352	0.0231	0.0117	0.0113	0.0004	0.0466	0.0239	0.0227
16	26	0.0849	9	2	1	1	0	0	1	0	0	0	0	0	0	0	0	0	0	0	0	Y	N	N	N	N	N	N	N	N	N	N	N	N	N	N	N	N	N	30.2848	39.3697	0.0000	0.0000	0.0000	0.0000	56.9555	inf	0.0000	0.0099	0.0120	0.0000	0.0000	0.0000	0.0000	0.0106	0.0129	0.0000	0.0003	0.0003	0.0004	0.0014	0.0015	0.0000	0.0002	0.0000	0.0004	0.0000	1.0000	-0.0007	-0.0000	4.0000	4.2500	3.9999	3.1084	0.0018	0.0018	0.0000	0.0000	0.0000	0.0000	0.0018	0.0018	0.0000	0.0000	0.0000	0.0000	0.0000	0.0000	0.0000	0.0000	0.0000	0.0000	0.1870	0.1542	0.0327	0.0117	0.0110	0.0007	0.1753	0.1432	0.0321	0.1224	0.0656	0.0568	0.0145	0.0137	0.0008	0.1079	0.0520	0.0559
16	27	0.0655	8	2	1	1	0	0	1	0	0	0	0	0	0	0	0	0	0	0	0	Y	N	N	N	N	N	N	N	N	N	N	N	N	N	N	N	N	N	0.4065	0.3859	0.0000	0.0000	0.0000	0.0000	0.3813	0.3260	0.0000	0.0004	0.0005	0.0000	0.0000	0.0000	0.0000	0.0004	0.0005	0.0000	0.0010	0.0013	0.0007	0.0000	0.0000	0.0000	0.0011	0.0016	0.0007	0.0000	0.4286	-0.0000	-0.0000	4.0000	1.7810	3.9999	4.3857	0.0000	0.0000	0.0000	0.0000	0.0000	0.0000	0.0000	0.0000	0.0000	0.0001	0.0001	0.0000	0.0000	0.0000	0.0000	0.0001	0.0001	0.0000	0.0742	0.0616	0.0126	0.0048	0.0047	0.0001	0.0694	0.0569	0.0125	0.1006	0.0555	0.0451	0.0123	0.0122	0.0002	0.0882	0.0433	0.0450
16	31	0.0708	7	2	1	1	0	0	1	0	0	0	0	1	1	0	0	0	0	0	0	Y	N	N	N	N	N	N	N	N	N	N	N	N	N	N	N	N	N	inf	0.0000	inf	0.0000	0.0000	0.0000	inf	0.0000	inf	0.6828	0.0000	4.5771	0.0000	0.0000	0.0000	0.8332	0.0000	4.6687	0.0000	0.0000	0.0000	0.0000	0.0000	0.0000	0.0000	0.0000	0.0000	inf		0.0000	0.0000	4.0000	0.0008	3.9999	0.9932	0.0000	0.0000	0.0000	0.0000	0.0000	0.0000	0.0000	0.0000	0.0000	0.0000	0.0000	0.0000	0.0000	0.0000	0.0000	0.0000	0.0000	0.0000	0.0000	0.0000	0.0000	0.0000	0.0000	0.0000	0.0000	0.0000	0.0000	0.0124	0.0057	0.0067	0.0006	0.0005	0.0000	0.0119	0.0052	0.0067
16	38	0.2157	5	2	1	1	0	0	1	0	0	0	0	1	1	0	0	0	0	0	0	Y	N	N	N	N	N	N	N	N	N	N	N	N	N	N	N	N	N	inf	inf	0.0000	inf	inf	0.0000	0.0000	0.0000	0.0000	0.0065	0.0076	0.0000	0.0132	0.0134	0.0000	0.0000	0.0000	0.0000	0.0000	0.0000	0.0000	0.0000	0.0000	0.0000	0.0000	0.0000	0.0000	0.0000		-0.0000	0.0000	4.0000	0.0030	3.9999	2.0047	0.0000	0.0000	0.0000	0.0000	0.0000	0.0000	0.0000	0.0000	0.0000	0.0000	0.0000	0.0000	0.0000	0.0000	0.0000	0.0000	0.0000	0.0000	0.0015	0.0013	0.0002	0.0008	0.0007	0.0000	0.0008	0.0006	0.0002	0.0231	0.0112	0.0119	0.0016	0.0014	0.0001	0.0215	0.0097	0.0118
16	39	0.2009	4	2	1	1	0	1	1	0	0	1	1	1	1	0	0	0	0	0	0	Y	N	N	N	N	N	N	N	N	N	N	N	N	N	N	N	N	N	0.8889	1.3736	0.0000	1.7591	1.7202	0.0000	0.0068	0.0600	0.0000	0.0089	0.0097	0.0000	0.0188	0.0196	0.0000	0.0001	0.0001	0.0000	0.0100	0.0071	0.0159	0.0107	0.0114	0.0000	0.0095	0.0012	0.0174	0.0000	1.0927	-0.0009	-0.0001	4.0000	2.0135	3.9999	0.9920	0.0026	0.0026	0.0000	0.0026	0.0026	0.0000	0.0000	0.0000	0.0000	0.0011	0.0005	0.0006	0.0005	0.0005	0.0000	0.0006	0.0000	0.0006	0.2923	0.2666	0.0257	0.1375	0.1315	0.0060	0.1548	0.1351	0.0197	0.1133	0.0763	0.0370	0.0468	0.0438	0.0030	0.0665	0.0325	0.0340
16	43	0.0419	8	2	1	1	0	0	1	0	0	0	0	1	1	0	0	0	0	0	0	Y	N	N	N	N	N	N	N	N	N	N	N	N	N	N	N	N	N	0.0000	0.0000	0.0000	0.0000	0.0000	0.0000	0.0000	0.0000	0.0000	0.0000	0.0000	0.0000	0.0000	0.0000	0.0000	0.0000	0.0000	0.0000	0.0000	0.0000	0.0000	0.0000	0.0000	0.0000	0.0000	0.0000	0.0000			0.0000	0.0000	4.0000	3.9996	3.9999	6.0133	0.0000	0.0000	0.0000	0.0000	0.0000	0.0000	0.0000	0.0000	0.0000	0.0000	0.0000	0.0000	0.0000	0.0000	0.0000	0.0000	0.0000	0.0000	0.1491	0.1221	0.0270	0.0020	0.0019	0.0001	0.1471	0.1203	0.0269	0.1271	0.0581	0.0690	0.0025	0.0021	0.0004	0.1246	0.0560	0.0686
16	44	0.0419	7	2	1	1	0	0	1	0	0	1	1	1	1	0	0	0	0	0	0	Y	N	N	N	N	N	N	N	N	N	N	N	N	N	N	N	N	N	0.0000	0.0000	0.0000	0.0000	0.0000	0.0000	0.0000	0.0000	0.0000	0.0000	0.0000	0.0000	0.0000	0.0000	0.0000	0.0000	0.0000	0.0000	0.0000	0.0000	0.0000	0.0000	0.0000	0.0000	0.0000	0.0000	0.0000			0.0000	0.0000	4.0000	0.0009	3.9999	0.0333	0.0000	0.0000	0.0000	0.0000	0.0000	0.0000	0.0000	0.0000	0.0000	0.0000	0.0000	0.0000	0.0000	0.0000	0.0000	0.0000	0.0000	0.0000	0.0001	0.0000	0.0000	0.0000	0.0000	0.0000	0.0000	0.0000	0.0000	0.0009	0.0006	0.0003	0.0002	0.0002	0.0000	0.0007	0.0004	0.0003
16	49	0.0549	7	2	1	1	0	1	1	0	0	0	0	0	0	0	0	0	0	0	0	Y	N	N	N	N	N	N	N	N	N	N	N	N	N	N	N	N	N	0.0000	0.0000	0.0000	0.0000	0.0000	0.0000	0.0000	0.0000	0.0000	0.0000	0.0000	0.0000	0.0000	0.0000	0.0000	0.0000	0.0000	0.0000	0.0000	0.0000	0.0000	0.0000	0.0000	0.0000	0.0000	0.0000	0.0000			0.0000	0.0000	4.0000	2.4585	3.9999	2.2382	0.0000	0.0000	0.0000	0.0000	0.0000	0.0000	0.0000	0.0000	0.0000	0.0000	0.0000	0.0000	0.0000	0.0000	0.0000	0.0000	0.0000	0.0000	0.0934	0.0764	0.0170	0.0020	0.0019	0.0001	0.0914	0.0746	0.0169	0.0780	0.0435	0.0344	0.0094	0.0094	0.0000	0.0685	0.0341	0.0344
16	50	0.0708	7	2	1	1	1	0	1	0	1	0	0	1	1	0	0	0	0	0	0	Y	N	N	N	N	N	N	N	N	N	N	N	N	N	N	N	N	N	inf	0.0000	inf	0.0000	0.0000	0.0000	inf	0.0000	inf	0.0008	0.0000	0.0045	0.0000	0.0000	0.0000	0.0008	0.0000	0.0046	0.0000	0.0000	0.0000	0.0000	0.0000	0.0000	0.0000	0.0000	0.0000	inf		0.0000	0.0000	4.0000	0.9995	3.9999	1.0067	0.0000	0.0000	0.0000	0.0000	0.0000	0.0000	0.0000	0.0000	0.0000	0.0000	0.0000	0.0000	0.0000	0.0000	0.0000	0.0000	0.0000	0.0000	0.0374	0.0308	0.0066	0.0021	0.0019	0.0002	0.0353	0.0289	0.0065	0.0245	0.0111	0.0134	0.0009	0.0008	0.0001	0.0236	0.0103	0.0133
16	51	0.0333	6	2	1	1	0	0	1	0	0	1	1	1	1	0	0	0	0	0	0	Y	N	N	N	N	N	N	N	N	N	N	N	N	N	N	N	N	N	inf	inf	inf	inf	inf	inf	inf	0.0000	inf	5.0155	0.0000	27.7308	0.0033	0.0000	0.0500	5.0535	0.0000	27.8078	0.0000	0.0000	0.0000	0.0000	0.0000	0.0000	0.0000	0.0000	0.0000	740696235.8997		1.2770	0.0000	4.0000	11.0065	3.9999	2.0630	1.9999	0.0000	1.9999	0.0000	0.0000	0.0000	1.9999	0.0000	1.9999	0.0000	0.0000	0.0000	0.0000	0.0000	0.0000	0.0000	0.0000	0.0000	0.3987	0.3266	0.0721	0.0030	0.0028	0.0002	0.3957	0.3238	0.0719	0.1656	0.0761	0.0895	0.0023	0.0020	0.0003	0.1633	0.0741	0.0892
16	57	0.0333	6	2	1	1	0	0	1	0	0	0	0	0	0	0	0	0	0	0	0	Y	N	N	N	N	N	N	N	N	N	N	N	N	N	N	N	N	N	inf	inf	0.0000	inf	inf	0.0000	0.0000	0.0000	0.0000	0.0029	0.0035	0.0000	0.2078	0.2156	0.0000	0.0000	0.0000	0.0000	0.0000	0.0000	0.0000	0.0000	0.0000	0.0000	0.0000	0.0000	0.0000	0.0000		-0.0000	0.0000	4.0000	0.9943	3.9999	1.9980	0.0001	0.0001	0.0000	0.0001	0.0001	0.0000	0.0000	0.0000	0.0000	0.0000	0.0000	0.0000	0.0000	0.0000	0.0000	0.0000	0.0000	0.0000	0.0382	0.0312	0.0071	0.0005	0.0005	0.0000	0.0377	0.0307	0.0070	0.0410	0.0193	0.0217	0.0012	0.0011	0.0001	0.0397	0.0181	0.0216
16	58	0.0279	5	2	1	1	0	0	1	0	0	0	0	0	0	0	0	0	0	0	0	Y	N	N	N	N	N	N	N	N	N	N	N	N	N	N	N	N	N	inf	inf	inf	0.0000	0.0000	0.0000	inf	inf	inf	0.4086	0.0455	2.0187	0.0000	0.0000	0.0000	0.4119	0.0459	2.0242	0.0000	0.0000	0.0000	0.0000	0.0000	0.0000	0.0000	0.0000	0.0000	9.9998		0.0001	0.0000	4.0000	0.0070	3.9999	1.9921	0.0001	0.0000	0.0001	0.0000	0.0000	0.0000	0.0001	0.0000	0.0001	0.0000	0.0000	0.0000	0.0000	0.0000	0.0000	0.0000	0.0000	0.0000	0.0003	0.0002	0.0000	0.0000	0.0000	0.0000	0.0003	0.0002	0.0000	0.0263	0.0119	0.0144	0.0000	0.0000	0.0000	0.0263	0.0119	0.0144
16	59	0.0279	4	2	1	1	0	1	1	0	0	0	0	0	0	0	0	0	0	0	0	Y	N	N	N	N	N	N	N	N	N	N	N	N	N	N	N	N	N	0.0000	0.0000	0.0000	0.0000	0.0000	0.0000	0.0000	0.0000	0.0000	0.0000	0.0000	0.0000	0.0000	0.0000	0.0000	0.0000	0.0000	0.0000	0.0000	0.0000	0.0000	0.0000	0.0000	0.0000	0.0000	0.0000	0.0000			0.0000	0.0000	4.0000	0.0000	3.9999	0.0000	0.0000	0.0000	0.0000	0.0000	0.0000	0.0000	0.0000	0.0000	0.0000	0.0000	0.0000	0.0000	0.0000	0.0000	0.0000	0.0000	0.0000	0.0000	0.0000	0.0000	0.0000	0.0000	0.0000	0.0000	0.0000	0.0000	0.0000	0.0000	0.0000	0.0000	0.0000	0.0000	0.0000	0.0000	0.0000	0.0000
17	19	0.0871	9	2	0	1	0	0	0	0	0	0	1	0	1	0	0	0	0	0	0	Y	N	N	N	N	N	N	N	N	N	N	N	N	N	N	N	N	N	0.0000	0.0000	0.0000	0.0000	0.0000	0.0000	0.0000	0.0000	0.0000	0.0000	0.0000	0.0000	0.0000	0.0000	0.0000	0.0000	0.0000	0.0000	0.0000	0.0000	0.0000	0.0000	0.0000	0.0000	0.0000	0.0000	0.0000			0.0000	0.0000	0.0001	1.0008	0.0001	0.0438	0.0000	0.0000	0.0000	0.0000	0.0000	0.0000	0.0000	0.0000	0.0000	0.0000	0.0000	0.0000	0.0000	0.0000	0.0000	0.0000	0.0000	0.0000	0.0000	0.0000	0.0000	0.0000	0.0000	0.0000	0.0000	0.0000	0.0000	0.0000	0.0000	0.0000	0.0000	0.0000	0.0000	0.0000	0.0000	0.0000
17	22	0.1906	4	2	0	1	0	0	0	0	0	0	0	1	1	0	0	0	0	0	0	Y	N	N	N	N	N	N	N	N	N	N	N	N	N	N	N	N	N	0.0000	0.0000	0.0000	0.0000	0.0000	0.0000	0.0000	0.0000	0.0000	0.0000	0.0000	0.0000	0.0000	0.0000	0.0000	0.0000	0.0000	0.0000	0.0076	0.0083	0.0066	0.0128	0.0123	0.1265	0.0043	0.0000	0.0062		0.6000	0.0000	-0.0000	0.0001	2.0311	0.0001	5.0434	0.0000	0.0000	0.0000	0.0000	0.0000	0.0000	0.0000	0.0000	0.0000	0.0000	0.0000	0.0000	0.0000	0.0000	0.0000	0.0000	0.0000	0.0000	0.0000	0.0000	0.0000	0.0000	0.0000	0.0000	0.0000	0.0000	0.0000	0.0000	0.0000	0.0000	0.0000	0.0000	0.0000	0.0000	0.0000	0.0000
17	23	0.0678	9	2	0	1	0	0	0	0	0	0	1	0	1	0	0	0	0	0	0	Y	N	N	N	N	N	N	N	N	N	N	N	N	N	N	N	N	N	0.0000	0.0000	0.0000	0.0000	0.0000	0.0000	0.0000	0.0000	0.0000	0.0000	0.0000	0.0000	0.0000	0.0000	0.0000	0.0000	0.0000	0.0000	0.0000	0.0000	0.0000	0.0000	0.0000	0.0000	0.0000	0.0000	0.0000			0.0000	0.0000	0.0001	2.9896	0.0001	2.0229	0.0000	0.0000	0.0000	0.0000	0.0000	0.0000	0.0000	0.0000	0.0000	0.0000	0.0000	0.0000	0.0000	0.0000	0.0000	0.0000	0.0000	0.0000	0.0000	0.0000	0.0000	0.0000	0.0000	0.0000	0.0000	0.0000	0.0000	0.0000	0.0000	0.0000	0.0000	0.0000	0.0000	0.0000	0.0000	0.0000
17	24	0.0598	8	2	0	1	0	0	0	0	0	0	0	0	0	0	0	0	0	0	0	Y	N	N	N	N	N	N	N	N	N	N	N	N	N	N	N	N	N	0.0000	0.0000	0.0000	0.0000	0.0000	0.0000	0.0000	0.0000	0.0000	0.0000	0.0000	0.0000	0.0000	0.0000	0.0000	0.0000	0.0000	0.0000	0.0000	0.0000	0.0000	0.0000	0.0000	0.0000	0.0000	0.0000	0.0000			0.0000	0.0000	0.0001	0.3867	0.0001	2.3109	0.0000	0.0000	0.0000	0.0000	0.0000	0.0000	0.0000	0.0000	0.0000	0.0000	0.0000	0.0000	0.0000	0.0000	0.0000	0.0000	0.0000	0.0000	0.0000	0.0000	0.0000	0.0000	0.0000	0.0000	0.0000	0.0000	0.0000	0.0000	0.0000	0.0000	0.0000	0.0000	0.0000	0.0000	0.0000	0.0000
17	26	0.0598	8	2	0	1	0	0	0	0	0	0	0	0	0	0	0	0	0	0	0	Y	N	N	N	N	N	N	N	N	N	N	N	N	N	N	N	N	N	0.0000	0.0000	0.0000	0.0000	0.0000	0.0000	0.0000	0.0000	0.0000	0.0000	0.0000	0.0000	0.0000	0.0000	0.0000	0.0000	0.0000	0.0000	0.0000	0.0000	0.0000	0.0000	0.0000	0.0000	0.0000	0.0000	0.0000			0.0000	0.0000	0.0001	4.2500	0.0001	3.1084	0.0000	0.0000	0.0000	0.0000	0.0000	0.0000	0.0000	0.0000	0.0000	0.0000	0.0000	0.0000	0.0000	0.0000	0.0000	0.0000	0.0000	0.0000	0.0000	0.0000	0.0000	0.0000	0.0000	0.0000	0.0000	0.0000	0.0000	0.0000	0.0000	0.0000	0.0000	0.0000	0.0000	0.0000	0.0000	0.0000
17	27	0.0404	7	2	0	1	0	0	0	0	0	0	0	0	0	0	0	0	0	0	0	Y	N	N	N	N	N	N	N	N	N	N	N	N	N	N	N	N	N	0.0000	0.0000	0.0000	0.0000	0.0000	0.0000	0.0000	0.0000	0.0000	0.0000	0.0000	0.0000	0.0000	0.0000	0.0000	0.0000	0.0000	0.0000	0.0000	0.0000	0.0000	0.0000	0.0000	0.0000	0.0000	0.0000	0.0000			0.0000	0.0000	0.0001	1.7810	0.0001	4.3857	0.0000	0.0000	0.0000	0.0000	0.0000	0.0000	0.0000	0.0000	0.0000	0.0000	0.0000	0.0000	0.0000	0.0000	0.0000	0.0000	0.0000	0.0000	0.0000	0.0000	0.0000	0.0000	0.0000	0.0000	0.0000	0.0000	0.0000	0.0000	0.0000	0.0000	0.0000	0.0000	0.0000	0.0000	0.0000	0.0000
17	31	0.0457	6	2	0	1	0	0	0	0	0	0	0	1	1	0	0	0	0	0	0	Y	N	N	N	N	N	N	N	N	N	N	N	N	N	N	N	N	N	0.0000	0.0000	0.0000	0.0000	0.0000	0.0000	0.0000	0.0000	0.0000	0.0000	0.0000	0.0000	0.0000	0.0000	0.0000	0.0000	0.0000	0.0000	0.0000	0.0000	0.0000	0.0000	0.0000	0.0000	0.0000	0.0000	0.0000			0.0000	0.0000	0.0001	0.0008	0.0001	0.9932	0.0000	0.0000	0.0000	0.0000	0.0000	0.0000	0.0000	0.0000	0.0000	0.0000	0.0000	0.0000	0.0000	0.0000	0.0000	0.0000	0.0000	0.0000	0.0000	0.0000	0.0000	0.0000	0.0000	0.0000	0.0000	0.0000	0.0000	0.0000	0.0000	0.0000	0.0000	0.0000	0.0000	0.0000	0.0000	0.0000
17	38	0.1906	4	2	0	1	0	0	0	0	0	0	0	1	1	0	0	0	0	0	0	Y	N	N	N	N	N	N	N	N	N	N	N	N	N	N	N	N	N	0.0000	0.0000	0.0000	0.0000	0.0000	0.0000	0.0000	0.0000	0.0000	0.0000	0.0000	0.0000	0.0000	0.0000	0.0000	0.0000	0.0000	0.0000	0.0000	0.0000	0.0000	0.0000	0.0000	0.0000	0.0000	0.0000	0.0000			0.0000	0.0000	0.0001	0.0030	0.0001	2.0047	0.0000	0.0000	0.0000	0.0000	0.0000	0.0000	0.0000	0.0000	0.0000	0.0000	0.0000	0.0000	0.0000	0.0000	0.0000	0.0000	0.0000	0.0000	0.0000	0.0000	0.0000	0.0000	0.0000	0.0000	0.0000	0.0000	0.0000	0.0000	0.0000	0.0000	0.0000	0.0000	0.0000	0.0000	0.0000	0.0000
17	39	0.1758	3	2	0	1	0	1	0	0	0	1	1	1	1	0	0	0	0	0	0	Y	N	N	N	N	N	N	N	N	N	N	N	N	N	N	N	N	N	0.0000	0.0000	0.0000	0.0000	0.0000	0.0000	0.0000	0.0000	0.0000	0.0000	0.0000	0.0000	0.0000	0.0000	0.0000	0.0000	0.0000	0.0000	0.0181	0.0142	0.0248	0.0191	0.0195	0.0000	0.0173	0.0023	0.0256		1.0305	0.0000	-0.0000	0.0001	2.0135	0.0001	0.9920	0.0000	0.0000	0.0000	0.0000	0.0000	0.0000	0.0000	0.0000	0.0000	0.0000	0.0000	0.0000	0.0000	0.0000	0.0000	0.0000	0.0000	0.0000	0.0000	0.0000	0.0000	0.0000	0.0000	0.0000	0.0000	0.0000	0.0000	0.0000	0.0000	0.0000	0.0000	0.0000	0.0000	0.0000	0.0000	0.0000
17	43	0.0168	7	2	0	1	0	0	0	0	0	0	0	1	1	0	0	0	0	0	0	Y	N	N	N	N	N	N	N	N	N	N	N	N	N	N	N	N	N	0.0000	0.0000	0.0000	0.0000	0.0000	0.0000	0.0000	0.0000	0.0000	0.0000	0.0000	0.0000	0.0000	0.0000	0.0000	0.0000	0.0000	0.0000	0.0000	0.0000	0.0000	0.0000	0.0000	0.0000	0.0000	0.0000	0.0000			0.0000	0.0000	0.0001	3.9996	0.0001	6.0133	0.0000	0.0000	0.0000	0.0000	0.0000	0.0000	0.0000	0.0000	0.0000	0.0000	0.0000	0.0000	0.0000	0.0000	0.0000	0.0000	0.0000	0.0000	0.0000	0.0000	0.0000	0.0000	0.0000	0.0000	0.0000	0.0000	0.0000	0.0000	0.0000	0.0000	0.0000	0.0000	0.0000	0.0000	0.0000	0.0000
17	44	0.0168	6	2	0	1	0	0	0	0	0	1	1	1	1	0	0	0	0	0	0	Y	N	N	N	N	N	N	N	N	N	N	N	N	N	N	N	N	N	0.0000	0.0000	0.0000	0.0000	0.0000	0.0000	0.0000	0.0000	0.0000	0.0000	0.0000	0.0000	0.0000	0.0000	0.0000	0.0000	0.0000	0.0000	0.0000	0.0000	0.0000	0.0000	0.0000	0.0000	0.0000	0.0000	0.0000			0.0000	0.0000	0.0001	0.0009	0.0001	0.0333	0.0000	0.0000	0.0000	0.0000	0.0000	0.0000	0.0000	0.0000	0.0000	0.0000	0.0000	0.0000	0.0000	0.0000	0.0000	0.0000	0.0000	0.0000	0.0000	0.0000	0.0000	0.0000	0.0000	0.0000	0.0000	0.0000	0.0000	0.0000	0.0000	0.0000	0.0000	0.0000	0.0000	0.0000	0.0000	0.0000
17	49	0.0298	6	2	0	1	0	1	0	0	0	0	0	0	0	0	0	0	0	0	0	Y	N	N	N	N	N	N	N	N	N	N	N	N	N	N	N	N	N	0.0000	0.0000	0.0000	0.0000	0.0000	0.0000	0.0000	0.0000	0.0000	0.0000	0.0000	0.0000	0.0000	0.0000	0.0000	0.0000	0.0000	0.0000	0.0000	0.0000	0.0000	0.0000	0.0000	0.0000	0.0000	0.0000	0.0000			0.0000	0.0000	0.0001	2.4585	0.0001	2.2382	0.0000	0.0000	0.0000	0.0000	0.0000	0.0000	0.0000	0.0000	0.0000	0.0000	0.0000	0.0000	0.0000	0.0000	0.0000	0.0000	0.0000	0.0000	0.0000	0.0000	0.0000	0.0000	0.0000	0.0000	0.0000	0.0000	0.0000	0.0000	0.0000	0.0000	0.0000	0.0000	0.0000	0.0000	0.0000	0.0000
17	50	0.0457	6	2	0	1	1	0	0	0	1	0	0	1	1	0	0	0	0	0	0	Y	N	N	N	N	N	N	N	N	N	N	N	N	N	N	N	N	N	0.0000	0.0000	0.0000	0.0000	0.0000	0.0000	0.0000	0.0000	0.0000	0.0000	0.0000	0.0000	0.0000	0.0000	0.0000	0.0000	0.0000	0.0000	0.0000	0.0000	0.0000	0.0000	0.0000	0.0000	0.0000	0.0000	0.0000			0.0000	0.0000	0.0001	0.9995	0.0001	1.0067	0.0000	0.0000	0.0000	0.0000	0.0000	0.0000	0.0000	0.0000	0.0000	0.0000	0.0000	0.0000	0.0000	0.0000	0.0000	0.0000	0.0000	0.0000	0.0000	0.0000	0.0000	0.0000	0.0000	0.0000	0.0000	0.0000	0.0000	0.0000	0.0000	0.0000	0.0000	0.0000	0.0000	0.0000	0.0000	0.0000
17	51	0.0082	5	2	0	1	0	0	0	0	0	1	1	1	1	0	0	0	0	0	0	Y	N	N	N	N	N	N	N	N	N	N	N	N	N	N	N	N	N	0.0000	0.0000	0.0000	0.0000	0.0000	0.0000	0.0000	0.0000	0.0000	0.0000	0.0000	0.0000	0.0000	0.0000	0.0000	0.0000	0.0000	0.0000	0.0000	0.0000	0.0000	0.0000	0.0000	0.0000	0.0000	0.0000	0.0000			0.0000	0.0000	0.0001	11.0065	0.0001	2.0630	0.0000	0.0000	0.0000	0.0000	0.0000	0.0000	0.0000	0.0000	0.0000	0.0000	0.0000	0.0000	0.0000	0.0000	0.0000	0.0000	0.0000	0.0000	0.0001	0.0001	0.0000	0.0000	0.0000	0.0000	0.0000	0.0000	0.0000	0.0000	0.0000	0.0000	0.0000	0.0000	0.0000	0.0000	0.0000	0.0000
17	57	0.0082	5	2	0	1	0	0	0	0	0	0	0	0	0	0	0	0	0	0	0	Y	N	N	N	N	N	N	N	N	N	N	N	N	N	N	N	N	N	0.0000	0.0000	0.0000	0.0000	0.0000	0.0000	0.0000	0.0000	0.0000	0.0000	0.0000	0.0000	0.0000	0.0000	0.0000	0.0000	0.0000	0.0000	0.0000	0.0000	0.0000	0.0000	0.0000	0.0000	0.0000	0.0000	0.0000			0.0000	0.0000	0.0001	0.9943	0.0001	1.9980	0.0000	0.0000	0.0000	0.0000	0.0000	0.0000	0.0000	0.0000	0.0000	0.0000	0.0000	0.0000	0.0000	0.0000	0.0000	0.0000	0.0000	0.0000	0.0000	0.0000	0.0000	0.0000	0.0000	0.0000	0.0000	0.0000	0.0000	0.0000	0.0000	0.0000	0.0000	0.0000	0.0000	0.0000	0.0000	0.0000
17	58	0.0028	4	2	0	1	0	0	0	0	0	0	0	0	0	0	0	0	0	0	0	Y	N	N	N	N	N	N	N	N	N	N	N	N	N	N	N	N	N	0.0000	0.0000	0.0000	0.0000	0.0000	0.0000	0.0000	0.0000	0.0000	0.0000	0.0000	0.0000	0.0000	0.0000	0.0000	0.0000	0.0000	0.0000	0.0000	0.0000	0.0000	0.0000	0.0000	0.0000	0.0000	0.0000	0.0000			0.0000	0.0000	0.0001	0.0070	0.0001	1.9921	0.0000	0.0000	0.0000	0.0000	0.0000	0.0000	0.0000	0.0000	0.0000	0.0000	0.0000	0.0000	0.0000	0.0000	0.0000	0.0000	0.0000	0.0000	0.0000	0.0000	0.0000	0.0000	0.0000	0.0000	0.0000	0.0000	0.0000	0.0000	0.0000	0.0000	0.0000	0.0000	0.0000	0.0000	0.0000	0.0000
17	59	0.0028	3	2	0	1	0	1	0	0	0	0	0	0	0	0	0	0	0	0	0	Y	N	N	N	N	N	N	N	N	N	N	N	N	N	N	N	N	N	0.0000	0.0000	0.0000	0.0000	0.0000	0.0000	0.0000	0.0000	0.0000	0.0000	0.0000	0.0000	0.0000	0.0000	0.0000	0.0000	0.0000	0.0000	0.0000	0.0000	0.0000	0.0000	0.0000	0.0000	0.0000	0.0000	0.0000			0.0000	0.0000	0.0001	0.0000	0.0001	0.0000	0.0000	0.0000	0.0000	0.0000	0.0000	0.0000	0.0000	0.0000	0.0000	0.0000	0.0000	0.0000	0.0000	0.0000	0.0000	0.0000	0.0000	0.0000	0.0000	0.0000	0.0000	0.0000	0.0000	0.0000	0.0000	0.0000	0.0000	0.0000	0.0000	0.0000	0.0000	0.0000	0.0000	0.0000	0.0000	0.0000
18	19	0.1347	10	2	0	1	0	0	0	0	0	0	1	1	1	0	0	0	0	0	0	Y	N	N	N	N	N	N	N	N	N	N	N	N	N	N	N	N	N	0.0000	0.0000	0.0000	0.0000	0.0000	0.0000	0.0000	0.0000	0.0000	0.0000	0.0000	0.0000	0.0000	0.0000	0.0000	0.0000	0.0000	0.0000	0.0000	0.0000	0.0000	0.0000	0.0000	0.0000	0.0000	0.0000	0.0000			0.0000	0.0000	0.0000	1.0008	1.0000	0.0438	0.0000	0.0000	0.0000	0.0000	0.0000	0.0000	0.0000	0.0000	0.0000	0.0000	0.0000	0.0000	0.0000	0.0000	0.0000	0.0000	0.0000	0.0000	0.0000	0.0000	0.0000	0.0000	0.0000	0.0000	0.0000	0.0000	0.0000	0.0019	0.0010	0.0009	0.0003	0.0003	0.0000	0.0015	0.0007	0.0008
18	22	0.2890	11	2	0	1	0	0	0	0	0	0	0	2	1	0	0	0	0	0	0	Y	N	N	N	Y	N	N	N	N	N	N	N	N	N	N	N	N	N	0.0000	0.0000	0.0000	0.0000	0.0000	0.0000	0.0000	0.0000	0.0000	0.0000	0.0000	0.0000	0.0000	0.0000	0.0000	0.0000	0.0000	0.0000	0.0000	0.0000	0.0000	0.0000	0.0000	0.0000	0.0000	0.0000	0.0000			0.0000	0.0000	0.0000	2.0311	1.0000	5.0434	0.0000	0.0000	0.0000	0.0000	0.0000	0.0000	0.0000	0.0000	0.0000	0.0000	0.0000	0.0000	0.0000	0.0000	0.0000	0.0000	0.0000	0.0000	0.0000	0.0000	0.0000	0.0000	0.0000	0.0000	0.0000	0.0000	0.0000	0.0074	0.0037	0.0036	0.0009	0.0008	0.0002	0.0064	0.0030	0.0035
18	23	0.1155	10	2	0	1	0	0	0	0	0	0	1	1	1	0	0	0	0	0	0	Y	N	N	N	N	N	N	N	N	N	N	N	N	N	N	N	N	N	0.0000	0.0000	0.0000	0.0000	0.0000	0.0000	0.0000	0.0000	0.0000	0.0000	0.0000	0.0000	0.0000	0.0000	0.0000	0.0000	0.0000	0.0000	0.0013	0.0026	0.0000	0.0111	0.0128	0.0000	0.0000	0.0000	0.0000		0.0000	0.0000	-0.0000	0.0000	2.9896	1.0000	2.0229	0.0000	0.0000	0.0000	0.0000	0.0000	0.0000	0.0000	0.0000	0.0000	0.0000	0.0000	0.0000	0.0000	0.0000	0.0000	0.0000	0.0000	0.0000	0.0000	0.0000	0.0000	0.0000	0.0000	0.0000	0.0000	0.0000	0.0000	0.0076	0.0038	0.0037	0.0009	0.0008	0.0001	0.0067	0.0031	0.0036
18	24	0.1075	9	2	0	1	0	0	0	0	0	0	0	1	0	0	0	0	0	0	0	Y	N	N	N	N	N	N	N	N	N	N	N	N	N	N	N	N	N	0.0000	0.0000	0.0000	0.0000	0.0000	0.0000	0.0000	0.0000	0.0000	0.0000	0.0000	0.0000	0.0000	0.0000	0.0000	0.0000	0.0000	0.0000	0.0022	0.0000	0.0046	0.0000	0.0000	0.0000	0.0026	0.0000	0.0048		inf	0.0000	0.0000	0.0000	0.3867	1.0000	2.3109	0.0000	0.0000	0.0000	0.0000	0.0000	0.0000	0.0000	0.0000	0.0000	0.0000	0.0000	0.0000	0.0000	0.0000	0.0000	0.0000	0.0000	0.0000	0.0000	0.0000	0.0000	0.0000	0.0000	0.0000	0.0000	0.0000	0.0000	0.0046	0.0025	0.0022	0.0007	0.0007	0.0001	0.0039	0.0018	0.0021
18	26	0.1075	9	2	0	1	0	0	0	0	0	0	0	1	0	0	0	0	0	0	0	Y	N	N	N	N	N	N	N	N	N	N	N	N	N	N	N	N	N	0.0000	0.0000	0.0000	0.0000	0.0000	0.0000	0.0000	0.0000	0.0000	0.0000	0.0000	0.0000	0.0000	0.0000	0.0000	0.0000	0.0000	0.0000	0.0000	0.0000	0.0000	0.0000	0.0000	0.0000	0.0000	0.0000	0.0000			0.0000	0.0000	0.0000	4.2500	1.0000	3.1084	0.0000	0.0000	0.0000	0.0000	0.0000	0.0000	0.0000	0.0000	0.0000	0.0000	0.0000	0.0000	0.0000	0.0000	0.0000	0.0000	0.0000	0.0000	0.0000	0.0000	0.0000	0.0000	0.0000	0.0000	0.0000	0.0000	0.0000	0.0113	0.0058	0.0055	0.0014	0.0012	0.0002	0.0099	0.0045	0.0054
18	27	0.0881	8	2	0	1	0	0	0	0	0	0	0	1	0	0	0	0	0	0	0	Y	N	N	N	N	N	N	N	N	N	N	N	N	N	N	N	N	N	0.0000	0.0000	0.0000	0.0000	0.0000	0.0000	0.0000	0.0000	0.0000	0.0000	0.0000	0.0000	0.0000	0.0000	0.0000	0.0000	0.0000	0.0000	0.0000	0.0000	0.0000	0.0000	0.0000	0.0000	0.0000	0.0000	0.0000			0.0000	0.0000	0.0000	1.7810	1.0000	4.3857	0.0000	0.0000	0.0000	0.0000	0.0000	0.0000	0.0000	0.0000	0.0000	0.0000	0.0000	0.0000	0.0000	0.0000	0.0000	0.0000	0.0000	0.0000	0.0000	0.0000	0.0000	0.0000	0.0000	0.0000	0.0000	0.0000	0.0000	0.0108	0.0063	0.0045	0.0022	0.0020	0.0001	0.0087	0.0043	0.0044
18	31	0.1385	11	2	0	1	0	0	0	0	0	0	0	2	1	0	0	0	0	0	0	Y	N	N	N	Y	N	N	N	N	N	N	N	N	N	N	N	N	N	0.0000	0.0000	0.0000	0.0000	0.0000	0.0000	0.0000	0.0000	0.0000	0.0000	0.0000	0.0000	0.0000	0.0000	0.0000	0.0000	0.0000	0.0000	0.0000	0.0000	0.0000	0.0000	0.0000	0.0000	0.0000	0.0000	0.0000			0.0000	0.0000	0.0000	0.0008	1.0000	0.9932	0.0000	0.0000	0.0000	0.0000	0.0000	0.0000	0.0000	0.0000	0.0000	0.0000	0.0000	0.0000	0.0000	0.0000	0.0000	0.0000	0.0000	0.0000	0.0000	0.0000	0.0000	0.0000	0.0000	0.0000	0.0000	0.0000	0.0000	0.0013	0.0006	0.0006	0.0001	0.0001	0.0000	0.0011	0.0005	0.0006
18	38	0.2890	11	2	0	1	0	0	0	0	0	0	0	2	1	0	0	0	0	0	0	Y	N	N	N	Y	N	N	N	N	N	N	N	N	N	N	N	N	N	0.0000	0.0000	0.0000	0.0000	0.0000	0.0000	0.0000	0.0000	0.0000	0.0000	0.0000	0.0000	0.0000	0.0000	0.0000	0.0000	0.0000	0.0000	0.0000	0.0000	0.0000	0.0000	0.0000	0.0000	0.0000	0.0000	0.0000			0.0000	0.0000	0.0000	0.0030	1.0000	2.0047	0.0000	0.0000	0.0000	0.0000	0.0000	0.0000	0.0000	0.0000	0.0000	0.0000	0.0000	0.0000	0.0000	0.0000	0.0000	0.0000	0.0000	0.0000	0.0000	0.0000	0.0000	0.0000	0.0000	0.0000	0.0000	0.0000	0.0000	0.0023	0.0012	0.0011	0.0004	0.0003	0.0001	0.0019	0.0009	0.0011
18	39	0.2742	10	2	0	1	0	1	0	0	0	1	1	2	1	0	0	0	0	0	0	Y	N	N	N	Y	N	N	N	N	N	N	N	N	N	N	N	N	N	0.0000	0.0000	0.0000	0.0000	0.0000	0.0000	0.0000	0.0000	0.0000	0.0000	0.0000	0.0000	0.0000	0.0000	0.0000	0.0000	0.0000	0.0000	0.0000	0.0000	0.0000	0.0000	0.0000	0.0000	0.0000	0.0000	0.0000			0.0000	0.0000	0.0000	2.0135	1.0000	0.9920	0.0000	0.0000	0.0000	0.0000	0.0000	0.0000	0.0000	0.0000	0.0000	0.0000	0.0000	0.0000	0.0000	0.0000	0.0000	0.0000	0.0000	0.0000	0.0000	0.0000	0.0000	0.0000	0.0000	0.0000	0.0000	0.0000	0.0000	0.0102	0.0067	0.0035	0.0044	0.0040	0.0003	0.0058	0.0027	0.0032
18	41	0.2249	11	1	0	1	0	0	0	0	0	1	0	2	0	0	0	0	0	0	0	N	N	N	N	Y	N	N	N	N	N	N	N	N	N	N	N	N	N	0.0000	0.0000	0.0000	0.0000	0.0000	0.0000	0.0000	0.0000	0.0000	0.0000	0.0000	0.0000	0.0000	0.0000	0.0000	0.0000	0.0000	0.0000	0.0105	0.0169	0.0000	0.0306	0.0341	0.0000	0.0000	0.0000	0.0000		0.0000	0.0000	-0.0005	0.0000	13.0332	1.0000	41.9092	0.0000	0.0000	0.0000	0.0000	0.0000	0.0000	0.0000	0.0000	0.0000	0.0009	0.0009	0.0000	0.0009	0.0009	0.0000	0.0000	0.0000	0.0000	0.0000	0.0000	0.0000	0.0000	0.0000	0.0000	0.0000	0.0000	0.0000	0.0818	0.0509	0.0310	0.0281	0.0253	0.0029	0.0537	0.0256	0.0281
18	43	0.1097	12	2	0	1	0	0	0	0	0	0	0	2	1	0	0	0	0	0	0	Y	N	N	N	Y	N	N	N	N	N	N	N	N	N	N	N	N	N	0.0000	0.0000	0.0000	0.0000	0.0000	0.0000	0.0000	0.0000	0.0000	0.0000	0.0000	0.0000	0.0000	0.0000	0.0000	0.0000	0.0000	0.0000	0.0000	0.0000	0.0000	0.0000	0.0000	0.0000	0.0000	0.0000	0.0000			0.0000	0.0000	0.0000	3.9996	1.0000	6.0133	0.0000	0.0000	0.0000	0.0000	0.0000	0.0000	0.0000	0.0000	0.0000	0.0000	0.0000	0.0000	0.0000	0.0000	0.0000	0.0000	0.0000	0.0000	0.0000	0.0000	0.0000	0.0000	0.0000	0.0000	0.0000	0.0000	0.0000	0.0125	0.0061	0.0064	0.0011	0.0009	0.0002	0.0114	0.0052	0.0062
18	44	0.1097	11	2	0	1	0	0	0	0	0	1	1	2	1	0	0	0	0	0	0	Y	N	N	N	Y	N	N	N	N	N	N	N	N	N	N	N	N	N	0.0000	0.0000	0.0000	0.0000	0.0000	0.0000	0.0000	0.0000	0.0000	0.0000	0.0000	0.0000	0.0000	0.0000	0.0000	0.0000	0.0000	0.0000	0.0000	0.0000	0.0000	0.0000	0.0000	0.0000	0.0000	0.0000	0.0000			0.0000	0.0000	0.0000	0.0009	1.0000	0.0333	0.0000	0.0000	0.0000	0.0000	0.0000	0.0000	0.0000	0.0000	0.0000	0.0000	0.0000	0.0000	0.0000	0.0000	0.0000	0.0000	0.0000	0.0000	0.0000	0.0000	0.0000	0.0000	0.0000	0.0000	0.0000	0.0000	0.0000	0.0001	0.0001	0.0000	0.0000	0.0000	0.0000	0.0001	0.0000	0.0000
18	49	0.0775	7	2	0	1	0	1	0	0	0	0	0	1	0	0	0	0	0	0	0	Y	N	N	N	N	N	N	N	N	N	N	N	N	N	N	N	N	N	0.0000	0.0000	0.0000	0.0000	0.0000	0.0000	0.0000	0.0000	0.0000	0.0000	0.0000	0.0000	0.0000	0.0000	0.0000	0.0000	0.0000	0.0000	0.0000	0.0000	0.0000	0.0000	0.0000	0.0000	0.0000	0.0000	0.0000			0.0000	0.0000	0.0000	2.4585	1.0000	2.2382	0.0000	0.0000	0.0000	0.0000	0.0000	0.0000	0.0000	0.0000	0.0000	0.0000	0.0000	0.0000	0.0000	0.0000	0.0000	0.0000	0.0000	0.0000	0.0000	0.0000	0.0000	0.0000	0.0000	0.0000	0.0000	0.0000	0.0000	0.0084	0.0050	0.0034	0.0017	0.0016	0.0001	0.0068	0.0034	0.0033
18	50	0.1385	11	2	0	1	1	0	0	0	1	0	0	2	1	0	0	0	0	0	0	Y	N	N	N	Y	N	N	N	N	N	N	N	N	N	N	N	N	N	0.0000	0.0000	0.0000	0.0000	0.0000	0.0000	0.0000	0.0000	0.0000	0.0000	0.0000	0.0000	0.0000	0.0000	0.0000	0.0000	0.0000	0.0000	0.0000	0.0000	0.0000	0.0000	0.0000	0.0000	0.0000	0.0000	0.0000			0.0000	0.0000	0.0000	0.9995	1.0000	1.0067	0.0000	0.0000	0.0000	0.0000	0.0000	0.0000	0.0000	0.0000	0.0000	0.0000	0.0000	0.0000	0.0000	0.0000	0.0000	0.0000	0.0000	0.0000	0.0000	0.0000	0.0000	0.0000	0.0000	0.0000	0.0000	0.0000	0.0000	0.0025	0.0012	0.0013	0.0003	0.0002	0.0000	0.0022	0.0010	0.0012
18	51	0.1010	10	2	0	1	0	0	0	0	0	1	1	2	1	0	0	0	0	0	0	Y	N	N	N	Y	N	N	N	N	N	N	N	N	N	N	N	N	N	0.0000	0.0000	0.0000	0.0000	0.0000	0.0000	0.0000	0.0000	0.0000	0.0000	0.0000	0.0000	0.0000	0.0000	0.0000	0.0000	0.0000	0.0000	0.0000	0.0000	0.0000	0.0000	0.0000	0.0000	0.0000	0.0000	0.0000			0.0000	0.0000	0.0000	11.0065	1.0000	2.0630	0.0000	0.0000	0.0000	0.0000	0.0000	0.0000	0.0000	0.0000	0.0000	0.0000	0.0000	0.0000	0.0000	0.0000	0.0000	0.0000	0.0000	0.0000	0.0000	0.0000	0.0000	0.0000	0.0000	0.0000	0.0000	0.0000	0.0000	0.0163	0.0080	0.0083	0.0013	0.0011	0.0002	0.0150	0.0069	0.0081
18	57	0.1010	10	2	0	1	0	0	0	0	0	0	0	1	0	0	0	0	0	0	0	Y	N	N	N	N	N	N	N	N	N	N	N	N	N	N	N	N	N	0.0000	0.0000	0.0000	0.0000	0.0000	0.0000	0.0000	0.0000	0.0000	0.0000	0.0000	0.0000	0.0000	0.0000	0.0000	0.0000	0.0000	0.0000	0.0000	0.0000	0.0000	0.0000	0.0000	0.0000	0.0000	0.0000	0.0000			0.0000	0.0000	0.0000	0.9943	1.0000	1.9980	0.0000	0.0000	0.0000	0.0000	0.0000	0.0000	0.0000	0.0000	0.0000	0.0000	0.0000	0.0000	0.0000	0.0000	0.0000	0.0000	0.0000	0.0000	0.0000	0.0000	0.0000	0.0000	0.0000	0.0000	0.0000	0.0000	0.0000	0.0041	0.0020	0.0020	0.0004	0.0003	0.0000	0.0037	0.0017	0.0020
18	58	0.0957	9	2	0	1	0	0	0	0	0	0	0	1	0	0	0	0	0	0	0	Y	N	N	N	N	N	N	N	N	N	N	N	N	N	N	N	N	N	0.0000	0.0000	0.0000	0.0000	0.0000	0.0000	0.0000	0.0000	0.0000	0.0000	0.0000	0.0000	0.0000	0.0000	0.0000	0.0000	0.0000	0.0000	0.0000	0.0000	0.0000	0.0000	0.0000	0.0000	0.0000	0.0000	0.0000			0.0000	0.0000	0.0000	0.0070	1.0000	1.9921	0.0000	0.0000	0.0000	0.0000	0.0000	0.0000	0.0000	0.0000	0.0000	0.0000	0.0000	0.0000	0.0000	0.0000	0.0000	0.0000	0.0000	0.0000	0.0000	0.0000	0.0000	0.0000	0.0000	0.0000	0.0000	0.0000	0.0000	0.0026	0.0013	0.0013	0.0002	0.0001	0.0000	0.0024	0.0011	0.0013
18	59	0.0957	8	2	0	1	0	1	0	0	0	0	0	1	0	0	0	0	0	0	0	Y	N	N	N	N	N	N	N	N	N	N	N	N	N	N	N	N	N	0.0000	0.0000	0.0000	0.0000	0.0000	0.0000	0.0000	0.0000	0.0000	0.0000	0.0000	0.0000	0.0000	0.0000	0.0000	0.0000	0.0000	0.0000	0.0000	0.0000	0.0000	0.0000	0.0000	0.0000	0.0000	0.0000	0.0000			0.0000	0.0000	0.0000	0.0000	1.0000	0.0000	0.0000	0.0000	0.0000	0.0000	0.0000	0.0000	0.0000	0.0000	0.0000	0.0000	0.0000	0.0000	0.0000	0.0000	0.0000	0.0000	0.0000	0.0000	0.0000	0.0000	0.0000	0.0000	0.0000	0.0000	0.0000	0.0000	0.0000	0.0000	0.0000	0.0000	0.0000	0.0000	0.0000	0.0000	0.0000	0.0000
19	20	0.0499	4	2	0	1	0	0	0	0	0	0	1	0	1	0	0	0	0	0	0	Y	N	N	N	N	N	N	N	N	N	N	N	N	N	N	N	N	N	1747.5152	4057.8667	0.0000	8297.0847	8389.0878	0.0000	0.1657	inf	0.0000	0.0265	0.0319	0.0000	0.1926	0.2059	0.0000	0.0000	0.0000	0.0000	0.0000	0.0000	0.0000	0.0000	0.0000	0.0000	0.0000	0.0000	0.0000	0.0000	2.2455	-0.0005	0.0000	1.0008	3.4426	0.0438	4.3893	0.0013	0.0013	0.0000	0.0013	0.0013	0.0000	0.0000	0.0000	0.0000	0.0000	0.0000	0.0000	0.0000	0.0000	0.0000	0.0000	0.0000	0.0000	0.0502	0.0417	0.0084	0.0069	0.0065	0.0004	0.0433	0.0353	0.0080	0.0228	0.0136	0.0092	0.0046	0.0043	0.0002	0.0182	0.0092	0.0090
19	21	0.0400	3	2	0	1	0	0	0	1	0	0	1	0	1	0	0	0	0	0	0	Y	N	N	N	N	N	N	N	N	N	N	N	N	N	N	N	N	N	1.0125	1.4776	0.0011	5.8879	5.5438	2.1340	0.0000	0.0000	0.0001	0.0242	0.0292	0.0000	0.2539	0.2570	0.0042	0.0000	0.0000	0.0000	0.0239	0.0198	0.0290	0.0431	0.0464	0.0019	0.0189	0.0057	0.0299	0.0002	1.1780	-0.0002	-0.0000	1.0008	1.5916	0.0438	0.7482	0.0005	0.0005	0.0000	0.0005	0.0005	0.0000	0.0000	0.0000	0.0000	0.0002	0.0001	0.0001	0.0001	0.0001	0.0000	0.0001	0.0000	0.0001	0.0217	0.0179	0.0038	0.0021	0.0020	0.0000	0.0196	0.0159	0.0037	0.0072	0.0040	0.0032	0.0015	0.0014	0.0001	0.0057	0.0026	0.0031
19	22	0.2823	10	2	0	0	0	0	0	0	0	0	1	1	2	0	0	0	0	0	0	Y	N	N	N	N	Y	N	N	N	N	N	N	N	N	N	N	N	N	0.0000	0.0000	0.0000	0.0000	0.0000	0.0000	inf	inf	0.0000	0.0000	0.0000	0.0000	0.0000	0.0000	0.0000	0.0000	0.0000	0.0000	1.0905	2.0110	0.0000	5.6241	6.1915	0.0000	0.0000	0.0000	0.0000	0.0000	0.0000	-0.0000	-0.0069	1.0008	2.0311	0.0438	5.0434	0.0000	0.0000	0.0000	0.0000	0.0000	0.0000	0.0000	0.0000	0.0000	0.0119	0.0119	0.0000	0.0119	0.0119	0.0000	0.0000	0.0000	0.0000	0.0233	0.0195	0.0037	0.0045	0.0044	0.0001	0.0188	0.0152	0.0036	0.0109	0.0059	0.0050	0.0021	0.0019	0.0002	0.0088	0.0040	0.0048
19	23	0.0400	3	2	0	0	0	0	0	0	0	0	2	0	2	0	0	0	0	0	0	Y	N	N	N	N	Y	N	N	N	N	N	N	N	N	N	N	N	N	0.0006	0.0000	0.3619	0.0010	0.0001	inf	0.0000	0.0000	0.0000	0.0000	0.0000	0.0000	0.0000	0.0000	0.0031	0.0000	0.0000	0.0000	0.0066	0.0119	0.0001	0.0386	0.0414	0.0000	0.0000	0.0000	0.0001	17.8313	0.0040	0.0000	-0.0001	1.0008	2.9896	0.0438	2.0229	0.0000	0.0000	0.0000	0.0000	0.0000	0.0000	0.0000	0.0000	0.0000	0.0001	0.0001	0.0000	0.0001	0.0001	0.0000	0.0000	0.0000	0.0000	0.0405	0.0335	0.0070	0.0039	0.0038	0.0000	0.0366	0.0297	0.0069	0.0137	0.0075	0.0061	0.0023	0.0022	0.0002	0.0113	0.0054	0.0060
19	24	0.0319	2	2	0	0	0	0	0	0	0	0	1	0	1	0	0	0	0	0	0	Y	N	N	N	N	N	N	N	N	N	N	N	N	N	N	N	N	N	0.0152	0.0156	0.0002	0.0203	0.0189	0.0000	0.0001	0.0000	0.0002	0.0004	0.0005	0.0000	0.0011	0.0011	0.0000	0.0000	0.0000	0.0000	0.0259	0.0295	0.0211	0.0536	0.0595	0.0005	0.0132	0.0000	0.0228	0.0017	0.5379	-0.0000	-0.0001	1.0008	0.3867	0.0438	2.3109	0.0000	0.0000	0.0000	0.0000	0.0000	0.0000	0.0000	0.0000	0.0000	0.0003	0.0002	0.0001	0.0002	0.0002	0.0000	0.0001	0.0000	0.0001	0.0107	0.0092	0.0015	0.0039	0.0038	0.0001	0.0068	0.0054	0.0014	0.0119	0.0068	0.0051	0.0038	0.0034	0.0004	0.0082	0.0034	0.0047
19	28	0.1345	12	2	0	1	1	0	0	0	1	0	1	1	2	0	0	0	0	0	0	Y	N	N	N	N	Y	N	N	N	N	N	N	N	N	N	N	N	N	0.0000	0.0000	0.0000	0.0000	0.0000	0.0000	0.0000	0.0000	0.0000	0.0000	0.0000	0.0000	0.0000	0.0000	0.0000	0.0000	0.0000	0.0000	0.0000	0.0000	0.0000	0.0000	0.0000	0.0000	0.0000	0.0000	0.0000			0.0000	0.0000	1.0008	0.0000	0.0438	0.0000	0.0000	0.0000	0.0000	0.0000	0.0000	0.0000	0.0000	0.0000	0.0000	0.0000	0.0000	0.0000	0.0000	0.0000	0.0000	0.0000	0.0000	0.0000	0.0000	0.0000	0.0000	0.0000	0.0000	0.0000	0.0000	0.0000	0.0000	0.0000	0.0000	0.0000	0.0000	0.0000	0.0000	0.0000	0.0000	0.0000
19	29	0.1345	12	2	0	1	0	0	0	0	0	0	1	1	2	0	0	0	0	0	0	Y	N	N	N	N	Y	N	N	N	N	N	N	N	N	N	N	N	N	0.0000	0.0000	0.0000	0.0000	0.0000	0.0000	0.0000	0.0000	0.0000	0.0000	0.0000	0.0000	0.0000	0.0000	0.0000	0.0000	0.0000	0.0000	0.0000	0.0000	0.0000	0.0000	0.0000	0.0000	0.0000	0.0000	0.0000			0.0000	0.0000	1.0008	0.0000	0.0438	1.0000	0.0000	0.0000	0.0000	0.0000	0.0000	0.0000	0.0000	0.0000	0.0000	0.0000	0.0000	0.0000	0.0000	0.0000	0.0000	0.0000	0.0000	0.0000	0.0000	0.0000	0.0000	0.0000	0.0000	0.0000	0.0000	0.0000	0.0000	0.0018	0.0009	0.0009	0.0002	0.0002	0.0000	0.0016	0.0007	0.0009
19	30	0.1345	11	2	0	1	0	0	0	1	0	0	1	1	2	0	0	0	0	0	0	Y	N	N	N	N	Y	N	N	N	N	N	N	N	N	N	N	N	N	0.0000	0.0000	0.0000	0.0000	0.0000	0.0000	0.0000	0.0000	0.0000	0.0000	0.0000	0.0000	0.0000	0.0000	0.0000	0.0000	0.0000	0.0000	0.0000	0.0000	0.0000	0.0000	0.0000	0.0000	0.0000	0.0000	0.0000			0.0000	0.0000	1.0008	0.0000	0.0438	0.0010	0.0000	0.0000	0.0000	0.0000	0.0000	0.0000	0.0000	0.0000	0.0000	0.0000	0.0000	0.0000	0.0000	0.0000	0.0000	0.0000	0.0000	0.0000	0.0000	0.0000	0.0000	0.0000	0.0000	0.0000	0.0000	0.0000	0.0000	0.0000	0.0000	0.0000	0.0000	0.0000	0.0000	0.0000	0.0000	0.0000
19	31	0.1318	10	2	0	0	0	0	0	0	0	0	1	1	2	0	0	0	0	0	0	Y	N	N	N	N	Y	N	N	N	N	N	N	N	N	N	N	N	N	0.0000	0.0000	0.0000	0.0000	0.0000	0.0000	0.0000	0.0000	0.0000	0.0000	0.0000	0.0000	0.0000	0.0000	0.0000	0.0000	0.0000	0.0000	0.0000	0.0000	0.0000	0.0000	0.0000	0.0000	0.0000	0.0000	0.0000			0.0000	0.0000	1.0008	0.0008	0.0438	0.9932	0.0000	0.0000	0.0000	0.0000	0.0000	0.0000	0.0000	0.0000	0.0000	0.0000	0.0000	0.0000	0.0000	0.0000	0.0000	0.0000	0.0000	0.0000	0.0000	0.0000	0.0000	0.0000	0.0000	0.0000	0.0000	0.0000	0.0000	0.0018	0.0009	0.0009	0.0003	0.0002	0.0000	0.0016	0.0007	0.0009
19	35	0.1031	10	2	0	1	0	0	0	0	0	0	2	0	2	0	0	0	0	0	0	Y	N	N	N	N	Y	N	N	N	N	N	N	N	N	N	N	N	N	0.0000	0.0000	0.0000	0.0000	0.0000	0.0000	0.0000	0.0000	0.0000	0.0000	0.0000	0.0000	0.0000	0.0000	0.0000	0.0000	0.0000	0.0000	0.0000	0.0000	0.0000	0.0000	0.0000	0.0000	0.0000	0.0000	0.0000		0.0000	0.0000	-0.0000	1.0008	4.0048	0.0438	3.3550	0.0000	0.0000	0.0000	0.0000	0.0000	0.0000	0.0000	0.0000	0.0000	0.0000	0.0000	0.0000	0.0000	0.0000	0.0000	0.0000	0.0000	0.0000	0.0524	0.0437	0.0087	0.0069	0.0068	0.0002	0.0455	0.0369	0.0086	0.0168	0.0091	0.0078	0.0026	0.0024	0.0002	0.0143	0.0067	0.0076
19	36	0.0917	9	2	0	1	0	0	0	0	0	0	1	0	1	0	0	0	0	0	0	Y	N	N	N	N	N	N	N	N	N	N	N	N	N	N	N	N	N	0.0000	0.0000	0.0000	0.0000	0.0000	0.0000	0.0000	0.0000	0.0000	0.0000	0.0000	0.0000	0.0000	0.0000	0.0000	0.0000	0.0000	0.0000	0.0000	0.0000	0.0000	0.0000	0.0000	0.0000	0.0000	0.0000	0.0000		0.0000	0.0000	-0.0000	1.0008	2.9973	0.0438	0.6905	0.0000	0.0000	0.0000	0.0000	0.0000	0.0000	0.0000	0.0000	0.0000	0.0000	0.0000	0.0000	0.0000	0.0000	0.0000	0.0000	0.0000	0.0000	0.0356	0.0295	0.0061	0.0040	0.0040	0.0001	0.0316	0.0256	0.0060	0.0077	0.0041	0.0036	0.0011	0.0010	0.0001	0.0066	0.0031	0.0035
19	37	0.0917	8	2	0	1	0	1	0	1	0	0	1	0	1	0	0	0	0	0	0	Y	N	N	N	N	N	N	N	N	N	N	N	N	N	N	N	N	N	0.0000	0.0000	0.0000	0.0000	0.0000	0.0000	0.0000	0.0000	0.0000	0.0000	0.0000	0.0000	0.0000	0.0000	0.0000	0.0000	0.0000	0.0000	0.0000	0.0000	0.0000	0.0000	0.0000	0.0000	0.0000	0.0000	0.0000			0.0000	0.0000	1.0008	0.0022	0.0438	0.0001	0.0000	0.0000	0.0000	0.0000	0.0000	0.0000	0.0000	0.0000	0.0000	0.0000	0.0000	0.0000	0.0000	0.0000	0.0000	0.0000	0.0000	0.0000	0.0000	0.0000	0.0000	0.0000	0.0000	0.0000	0.0000	0.0000	0.0000	0.0000	0.0000	0.0000	0.0000	0.0000	0.0000	0.0000	0.0000	0.0000
19	38	0.2823	10	2	0	0	0	0	0	0	0	0	1	1	2	0	0	0	0	0	0	Y	N	N	N	N	Y	N	N	N	N	N	N	N	N	N	N	N	N	0.0000	0.0000	0.0000	0.0000	0.0000	0.0000	0.0000	0.0000	0.0000	0.0000	0.0000	0.0000	0.0000	0.0000	0.0000	0.0000	0.0000	0.0000	0.0229	0.0000	0.0508	0.0000	0.0000	0.0000	0.0299	0.0000	0.0526		23061.5000	0.0000	0.0000	1.0008	0.0030	0.0438	2.0047	0.0000	0.0000	0.0000	0.0000	0.0000	0.0000	0.0000	0.0000	0.0000	0.0001	0.0000	0.0001	0.0000	0.0000	0.0000	0.0001	0.0000	0.0001	0.0008	0.0007	0.0002	0.0004	0.0004	0.0000	0.0004	0.0002	0.0002	0.0036	0.0020	0.0016	0.0008	0.0008	0.0001	0.0028	0.0012	0.0016
19	39	0.2675	9	2	0	0	0	1	0	0	0	1	2	1	2	0	0	0	0	0	0	Y	N	N	N	N	Y	N	N	N	N	N	N	N	N	N	N	N	N	0.0027	0.0024	0.0051	0.0027	0.0018	inf	0.0029	15.8501	0.0000	0.0000	0.0000	0.0000	0.0000	0.0000	0.0001	0.0000	0.0000	0.0000	0.0044	0.0046	0.0039	0.0055	0.0069	0.0000	0.0028	0.0000	0.0064	0.1936	0.3531	-0.0000	-0.0000	1.0008	2.0135	0.0438	0.9920	0.0000	0.0000	0.0000	0.0000	0.0000	0.0000	0.0000	0.0000	0.0000	0.0001	0.0001	0.0000	0.0001	0.0001	0.0000	0.0000	0.0000	0.0000	0.0888	0.0802	0.0086	0.0454	0.0423	0.0032	0.0434	0.0379	0.0055	0.0255	0.0180	0.0076	0.0151	0.0121	0.0030	0.0104	0.0059	0.0046
19	40	0.0688	7	2	0	1	0	1	0	1	0	1	1	1	1	0	0	0	0	0	0	Y	N	N	N	N	N	N	N	N	N	N	N	N	N	N	N	N	N	0.1738	0.1151	0.0000	0.3014	0.2832	0.0000	0.0000	0.0000	0.0000	0.0000	0.0000	0.0000	0.0000	0.0000	0.0000	0.0000	0.0000	0.0000	0.0000	0.0000	0.0000	0.0000	0.0000	0.0000	0.0000	0.0000	0.0000	0.0000	0.0000	-0.0000	-0.0000	1.0008	5.0282	0.0438	8.9849	0.0000	0.0000	0.0000	0.0000	0.0000	0.0000	0.0000	0.0000	0.0000	0.0000	0.0000	0.0000	0.0000	0.0000	0.0000	0.0000	0.0000	0.0000	0.0605	0.0500	0.0104	0.0058	0.0057	0.0001	0.0547	0.0443	0.0103	0.0291	0.0159	0.0131	0.0048	0.0045	0.0004	0.0243	0.0115	0.0128
19	42	0.0664	6	2	0	1	0	1	0	1	0	0	1	0	1	0	0	0	0	0	0	Y	N	N	N	N	N	N	N	N	N	N	N	N	N	N	N	N	N	0.0000	0.0000	0.0000	0.0000	0.0000	0.0000	0.0000	0.0000	0.0000	0.0000	0.0000	0.0000	0.0000	0.0000	0.0000	0.0000	0.0000	0.0000	0.0000	0.0000	0.0000	0.0000	0.0000	0.0000	0.0000	0.0000	0.0000			0.0000	0.0000	1.0008	2.0001	0.0438	2.0031	0.0000	0.0000	0.0000	0.0000	0.0000	0.0000	0.0000	0.0000	0.0000	0.0000	0.0000	0.0000	0.0000	0.0000	0.0000	0.0000	0.0000	0.0000	0.0244	0.0202	0.0042	0.0023	0.0023	0.0000	0.0221	0.0179	0.0042	0.0087	0.0048	0.0040	0.0015	0.0014	0.0001	0.0073	0.0034	0.0038
19	43	0.1030	11	2	0	0	0	0	0	0	0	0	1	1	2	0	0	0	0	0	0	Y	N	N	N	N	Y	N	N	N	N	N	N	N	N	N	N	N	N	0.0000	0.0000	0.0000	0.0000	0.0000	0.0000	0.0000	0.0000	0.0000	0.0000	0.0000	0.0000	0.0000	0.0000	0.0000	0.0000	0.0000	0.0000	0.0000	0.0000	0.0000	0.0000	0.0000	0.0000	0.0000	0.0000	0.0000			0.0000	0.0000	1.0008	3.9996	0.0438	6.0133	0.0000	0.0000	0.0000	0.0000	0.0000	0.0000	0.0000	0.0000	0.0000	0.0000	0.0000	0.0000	0.0000	0.0000	0.0000	0.0000	0.0000	0.0000	0.0473	0.0393	0.0080	0.0053	0.0053	0.0001	0.0420	0.0341	0.0079	0.0204	0.0110	0.0094	0.0032	0.0029	0.0002	0.0173	0.0081	0.0091
19	44	0.1030	10	2	0	0	0	0	0	0	0	1	2	1	2	0	0	0	0	0	0	Y	N	N	N	N	Y	N	N	N	N	N	N	N	N	N	N	N	N	0.0000	0.0000	0.0000	0.0000	0.0000	0.0000	0.0000	0.0000	0.0000	0.0000	0.0000	0.0000	0.0000	0.0000	0.0000	0.0000	0.0000	0.0000	0.0000	0.0000	0.0000	0.0000	0.0000	0.0000	0.0000	0.0000	0.0000			0.0000	0.0000	1.0008	0.0009	0.0438	0.0333	0.0000	0.0000	0.0000	0.0000	0.0000	0.0000	0.0000	0.0000	0.0000	0.0000	0.0000	0.0000	0.0000	0.0000	0.0000	0.0000	0.0000	0.0000	0.0000	0.0000	0.0000	0.0000	0.0000	0.0000	0.0000	0.0000	0.0000	0.0001	0.0000	0.0000	0.0000	0.0000	0.0000	0.0001	0.0000	0.0000
19	45	0.0887	7	2	0	1	0	0	0	0	0	0	1	0	1	0	0	0	0	0	0	Y	N	N	N	N	N	N	N	N	N	N	N	N	N	N	N	N	N	0.4026	0.2778	0.0000	0.0008	0.0007	0.0000	0.3802	0.2304	0.0000	0.0015	0.0018	0.0000	0.0000	0.0000	0.0000	0.0017	0.0021	0.0000	0.0038	0.0066	0.0000	0.0006	0.0007	0.0000	0.0045	0.0092	0.0000	0.0000	0.0007	-0.0002	-0.0002	1.0008	28.1541	0.0438	22.5093	0.0005	0.0005	0.0000	0.0000	0.0000	0.0000	0.0005	0.0005	0.0000	0.0004	0.0004	0.0000	0.0000	0.0000	0.0000	0.0004	0.0003	0.0000	0.3060	0.2560	0.0500	0.0340	0.0333	0.0007	0.2721	0.2227	0.0494	0.0946	0.0546	0.0400	0.0175	0.0164	0.0012	0.0771	0.0382	0.0389
19	46	0.0863	6	2	0	1	0	1	0	1	0	0	1	0	1	0	0	0	0	0	0	Y	N	N	N	N	N	N	N	N	N	N	N	N	N	N	N	N	N	0.0488	0.0471	0.0330	0.0441	0.0451	0.0000	0.0617	0.0785	0.0358	0.0000	0.0000	0.0000	0.0000	0.0000	0.0000	0.0000	0.0000	0.0000	0.0002	0.0002	0.0001	0.0003	0.0003	0.0000	0.0001	0.0001	0.0001	0.0625	0.2733	-0.0000	-0.0000	1.0008	0.7642	0.0438	1.7872	0.0000	0.0000	0.0000	0.0000	0.0000	0.0000	0.0000	0.0000	0.0000	0.0000	0.0000	0.0000	0.0000	0.0000	0.0000	0.0000	0.0000	0.0000	0.0173	0.0152	0.0020	0.0052	0.0050	0.0002	0.0120	0.0102	0.0018	0.0142	0.0101	0.0041	0.0053	0.0052	0.0001	0.0089	0.0049	0.0040
19	47	0.0703	4	2	0	1	0	0	0	0	0	0	1	0	1	0	0	0	0	0	0	Y	N	N	N	N	N	N	N	N	N	N	N	N	N	N	N	N	N	0.0022	0.0015	inf	0.0051	0.0047	inf	inf	0.0000	inf	0.0001	0.0001	0.0000	0.0005	0.0005	0.0000	0.0000	0.0000	0.0000	0.0276	0.0480	0.0000	0.0935	0.1046	0.0000	0.0000	0.0000	0.0000	0.0311	0.0000	-0.0000	-0.0008	1.0008	9.7242	0.0438	5.3244	0.0000	0.0000	0.0000	0.0000	0.0000	0.0000	0.0000	0.0000	0.0000	0.0013	0.0013	0.0000	0.0013	0.0013	0.0000	0.0000	0.0000	0.0000	0.1313	0.1094	0.0219	0.0163	0.0158	0.0005	0.1151	0.0936	0.0215	0.0478	0.0276	0.0203	0.0141	0.0126	0.0015	0.0337	0.0149	0.0188
19	48	0.0513	3	2	0	1	0	0	0	1	0	0	1	0	1	0	0	0	0	0	0	Y	N	N	N	N	N	N	N	N	N	N	N	N	N	N	N	N	N	0.0004	0.0003	0.0016	0.0002	0.0002	2.4178	0.1161	3.0203	0.0004	0.0002	0.0002	0.0000	0.0004	0.0004	0.0000	0.0001	0.0001	0.0000	0.5029	0.8254	0.0017	1.7534	1.9418	0.0000	0.0010	0.0000	0.0018	0.0023	0.0013	-0.0000	-0.0061	1.0008	1.4138	0.0438	4.9848	0.0000	0.0000	0.0000	0.0000	0.0000	0.0000	0.0000	0.0000	0.0000	0.0106	0.0106	0.0000	0.0106	0.0106	0.0000	0.0000	0.0000	0.0000	0.0206	0.0173	0.0033	0.0048	0.0045	0.0003	0.0157	0.0127	0.0030	0.0210	0.0128	0.0082	0.0060	0.0054	0.0006	0.0150	0.0074	0.0077
19	50	0.1318	10	2	0	0	1	0	0	0	1	0	1	1	2	0	0	0	0	0	0	Y	N	N	N	N	Y	N	N	N	N	N	N	N	N	N	N	N	N	0.0000	0.0000	0.0000	0.0000	0.0000	0.0000	0.0000	0.0000	0.0000	0.0000	0.0000	0.0000	0.0000	0.0000	0.0000	0.0000	0.0000	0.0000	0.0000	0.0000	0.0000	0.0000	0.0000	0.0000	0.0000	0.0000	0.0000			0.0000	0.0000	1.0008	0.9995	0.0438	1.0067	0.0000	0.0000	0.0000	0.0000	0.0000	0.0000	0.0000	0.0000	0.0000	0.0000	0.0000	0.0000	0.0000	0.0000	0.0000	0.0000	0.0000	0.0000	0.0119	0.0099	0.0020	0.0016	0.0016	0.0000	0.0103	0.0083	0.0019	0.0037	0.0019	0.0018	0.0005	0.0005	0.0000	0.0032	0.0014	0.0018
19	51	0.0943	9	2	0	0	0	0	0	0	0	1	2	1	2	0	0	0	0	0	0	Y	N	N	N	N	Y	N	N	N	N	N	N	N	N	N	N	N	N	inf	inf	0.0000	inf	inf	0.0000	0.0000	0.0000	0.0000	0.0147	0.0176	0.0000	0.1352	0.1369	0.0000	0.0000	0.0000	0.0000	0.0000	0.0000	0.0000	0.0000	0.0000	0.0000	0.0000	0.0000	0.0000	0.0000		-0.0007	0.0000	1.0008	11.0065	0.0438	2.0630	0.0019	0.0019	0.0000	0.0019	0.0019	0.0000	0.0000	0.0000	0.0000	0.0000	0.0000	0.0000	0.0000	0.0000	0.0000	0.0000	0.0000	0.0000	0.1268	0.1054	0.0214	0.0138	0.0136	0.0002	0.1131	0.0919	0.0212	0.0266	0.0144	0.0122	0.0042	0.0038	0.0003	0.0224	0.0106	0.0118
19	52	0.3233	10	2	0	1	0	1	0	1	0	0	1	0	1	0	0	0	0	0	0	Y	N	N	N	N	N	N	N	N	N	N	N	N	N	N	N	N	N	0.0000	0.0000	0.0000	0.0000	0.0000	0.0000	0.0000	0.0000	0.0000	0.0000	0.0000	0.0000	0.0000	0.0000	0.0000	0.0000	0.0000	0.0000	0.0001	0.0000	0.0003	0.0000	0.0000	0.0000	0.0002	0.0000	0.0003		26.4523	0.0000	0.0000	1.0008	6.1530	0.0438	9.3095	0.0000	0.0000	0.0000	0.0000	0.0000	0.0000	0.0000	0.0000	0.0000	0.0000	0.0000	0.0000	0.0000	0.0000	0.0000	0.0000	0.0000	0.0000	0.0677	0.0568	0.0109	0.0106	0.0104	0.0002	0.0571	0.0465	0.0106	0.0266	0.0151	0.0115	0.0057	0.0053	0.0004	0.0209	0.0099	0.0111
19	56	0.1030	10	2	0	1	0	0	0	1	0	0	1	0	1	0	0	0	0	0	0	Y	N	N	N	N	N	N	N	N	N	N	N	N	N	N	N	N	N	inf	0.0000	inf	0.0000	0.0000	0.0000	inf	0.0000	inf	16.9500	0.0000	100.5354	0.0000	0.0000	0.0000	19.1060	0.0000	101.4982	0.0000	0.0000	0.0000	0.0000	0.0000	0.0000	0.0000	0.0000	0.0000	inf		0.6375	0.0000	1.0008	5.0004	0.0438	3.0004	0.9984	0.0000	0.9984	0.0000	0.0000	0.0000	0.9984	0.0000	0.9984	0.0000	0.0000	0.0000	0.0000	0.0000	0.0000	0.0000	0.0000	0.0000	0.0589	0.0490	0.0099	0.0066	0.0066	0.0001	0.0523	0.0424	0.0098	0.0165	0.0089	0.0076	0.0025	0.0023	0.0002	0.0139	0.0065	0.0074
19	57	0.0943	9	2	0	0	0	0	0	0	0	0	1	0	1	0	0	0	0	0	0	Y	N	N	N	N	N	N	N	N	N	N	N	N	N	N	N	N	N	0.0646	0.0000	inf	0.0946	0.0000	inf	0.0000	0.0000	0.0000	0.0000	0.0000	0.0000	0.0000	0.0000	0.0023	0.0000	0.0000	0.0000	0.0000	0.0001	0.0000	0.0003	0.0003	0.0000	0.0000	0.0000	0.0000	inf	0.0000	0.0000	-0.0000	1.0008	0.9943	0.0438	1.9980	0.0000	0.0000	0.0000	0.0000	0.0000	0.0000	0.0000	0.0000	0.0000	0.0000	0.0000	0.0000	0.0000	0.0000	0.0000	0.0000	0.0000	0.0000	0.0121	0.0100	0.0021	0.0013	0.0013	0.0000	0.0108	0.0087	0.0021	0.0065	0.0035	0.0029	0.0011	0.0010	0.0001	0.0054	0.0026	0.0029
19	58	0.0889	8	2	0	0	0	0	0	0	0	0	1	0	1	0	0	0	0	0	0	Y	N	N	N	N	N	N	N	N	N	N	N	N	N	N	N	N	N	5.9836	inf	0.0000	inf	inf	0.0000	0.0000	0.0000	0.0000	0.0004	0.0005	0.0000	0.0041	0.0041	0.0000	0.0000	0.0000	0.0000	0.0001	0.0000	0.0002	0.0000	0.0000	0.0000	0.0001	0.0000	0.0002	0.0000	inf	-0.0000	0.0000	1.0008	0.0070	0.0438	1.9921	0.0000	0.0000	0.0000	0.0000	0.0000	0.0000	0.0000	0.0000	0.0000	0.0000	0.0000	0.0000	0.0000	0.0000	0.0000	0.0000	0.0000	0.0000	0.0001	0.0001	0.0000	0.0000	0.0000	0.0000	0.0001	0.0001	0.0000	0.0042	0.0023	0.0020	0.0006	0.0006	0.0000	0.0036	0.0017	0.0019
19	59	0.0889	7	2	0	0	0	1	0	0	0	0	1	0	1	0	0	0	0	0	0	Y	N	N	N	N	N	N	N	N	N	N	N	N	N	N	N	N	N	0.0000	0.0000	0.0000	0.0000	0.0000	0.0000	0.0000	0.0000	0.0000	0.0000	0.0000	0.0000	0.0000	0.0000	0.0000	0.0000	0.0000	0.0000	0.0000	0.0000	0.0000	0.0000	0.0000	0.0000	0.0000	0.0000	0.0000			0.0000	0.0000	1.0008	0.0000	0.0438	0.0000	0.0000	0.0000	0.0000	0.0000	0.0000	0.0000	0.0000	0.0000	0.0000	0.0000	0.0000	0.0000	0.0000	0.0000	0.0000	0.0000	0.0000	0.0000	0.0000	0.0000	0.0000	0.0000	0.0000	0.0000	0.0000	0.0000	0.0000	0.0000	0.0000	0.0000	0.0000	0.0000	0.0000	0.0000	0.0000	0.0000
19	65	0.1324	9	1	0	0	0	0	0	0	0	0	2	0	2	0	0	0	0	0	0	N	N	N	N	N	Y	N	N	N	N	N	N	N	N	N	N	N	N	0.0000	0.0000	0.0000	0.0000	0.0000	0.0000	0.0000	0.0000	0.0000	0.0000	0.0000	0.0000	0.0000	0.0000	0.0000	0.0000	0.0000	0.0000	0.0000	0.0000	0.0001	0.0000	0.0000	0.0000	0.0000	0.0000	0.0001		inf	0.0000	0.0000	1.0008	0.0006	0.0438	2.0029	0.0000	0.0000	0.0000	0.0000	0.0000	0.0000	0.0000	0.0000	0.0000	0.0000	0.0000	0.0000	0.0000	0.0000	0.0000	0.0000	0.0000	0.0000	0.0000	0.0000	0.0000	0.0000	0.0000	0.0000	0.0000	0.0000	0.0000	0.0038	0.0020	0.0018	0.0007	0.0006	0.0001	0.0031	0.0014	0.0017
19	66	0.1324	10	1	0	0	0	0	0	0	0	0	2	0	2	0	0	0	0	0	0	N	N	N	N	N	Y	N	N	N	N	N	N	N	N	N	N	N	N	0.0003	0.0002	0.0000	0.0005	0.0004	0.0000	0.0000	0.0000	0.0000	0.0002	0.0002	0.0000	0.0013	0.0013	0.0000	0.0000	0.0000	0.0000	0.4615	0.8688	0.0000	2.6690	2.9841	0.0000	0.0000	0.0000	0.0000	0.0000	0.0000	-0.0000	-0.0069	1.0008	5.0001	0.0438	8.0020	0.0000	0.0000	0.0000	0.0000	0.0000	0.0000	0.0000	0.0000	0.0000	0.0120	0.0120	0.0000	0.0120	0.0120	0.0000	0.0000	0.0000	0.0000	0.0661	0.0550	0.0111	0.0080	0.0078	0.0002	0.0581	0.0472	0.0110	0.0260	0.0138	0.0122	0.0045	0.0040	0.0005	0.0215	0.0098	0.0117
19	69	0.1360	10	2	0	1	0	0	0	0	0	0	1	1	1	0	0	0	0	0	0	Y	N	N	N	N	N	N	N	N	N	N	N	N	N	N	N	N	N	0.0000	0.0000	0.0000	0.0000	0.0000	0.0000	0.0000	0.0000	0.0000	0.0000	0.0000	0.0000	0.0000	0.0000	0.0000	0.0000	0.0000	0.0000	0.0000	0.0000	0.0000	0.0000	0.0000	0.0000	0.0000	0.0000	0.0000			0.0000	0.0000	1.0008	0.0000	0.0438	0.0000	0.0000	0.0000	0.0000	0.0000	0.0000	0.0000	0.0000	0.0000	0.0000	0.0000	0.0000	0.0000	0.0000	0.0000	0.0000	0.0000	0.0000	0.0000	0.0000	0.0000	0.0000	0.0000	0.0000	0.0000	0.0000	0.0000	0.0000	0.0000	0.0000	0.0000	0.0000	0.0000	0.0000	0.0000	0.0000	0.0000
19	70	0.1311	9	2	0	1	0	1	0	0	0	0	1	1	1	0	0	0	0	0	0	Y	N	N	N	N	N	N	N	N	N	N	N	N	N	N	N	N	N	0.0000	0.0000	0.0000	0.0000	0.0000	0.0000	0.0000	0.0000	0.0000	0.0000	0.0000	0.0000	0.0000	0.0000	0.0000	0.0000	0.0000	0.0000	0.0000	0.0000	0.0000	0.0000	0.0000	0.0000	0.0000	0.0000	0.0000			0.0000	0.0000	1.0008	0.9999	0.0438	0.6468	0.0000	0.0000	0.0000	0.0000	0.0000	0.0000	0.0000	0.0000	0.0000	0.0000	0.0000	0.0000	0.0000	0.0000	0.0000	0.0000	0.0000	0.0000	0.0123	0.0102	0.0021	0.0014	0.0014	0.0000	0.0109	0.0088	0.0021	0.0065	0.0043	0.0022	0.0027	0.0023	0.0004	0.0039	0.0020	0.0018
20	22	0.2934	11	2	0	1	0	0	0	0	0	0	0	1	1	0	0	0	0	0	0	Y	N	N	N	N	N	N	N	N	N	N	N	N	N	N	N	N	N	7.8640	5.4389	0.0000	2.6896	2.6491	0.0000	2755.7904	68206.7780	0.0000	0.0104	0.0124	0.0000	0.0176	0.0187	0.0000	0.0094	0.0114	0.0000	0.0013	0.0023	0.0000	0.0065	0.0071	0.0001	0.0000	0.0000	0.0000	0.0000	0.0030	-0.0002	-0.0001	3.4426	2.0311	4.3893	5.0434	0.0007	0.0007	0.0000	0.0001	0.0001	0.0000	0.0005	0.0005	0.0000	0.0001	0.0001	0.0000	0.0001	0.0001	0.0000	0.0000	0.0000	0.0000	0.0654	0.0545	0.0109	0.0079	0.0075	0.0005	0.0575	0.0471	0.0104	0.0890	0.0511	0.0378	0.0179	0.0166	0.0013	0.0711	0.0346	0.0365
20	23	0.0350	2	2	0	1	0	0	0	0	0	0	1	0	1	0	0	0	0	0	0	Y	N	N	N	N	N	N	N	N	N	N	N	N	N	N	N	N	N	0.4454	0.3139	0.0001	1.6465	1.6447	0.0000	0.0000	0.0008	0.0001	0.0628	0.0760	0.0000	1.3988	1.4137	0.0000	0.0000	0.0000	0.0000	0.1410	0.2421	0.0036	0.8496	0.8596	0.0804	0.0017	0.0000	0.0033	0.0000	0.0111	-0.0028	-0.0085	3.4426	2.9896	4.3893	2.0229	0.0076	0.0076	0.0000	0.0076	0.0076	0.0000	0.0000	0.0000	0.0000	0.0150	0.0149	0.0002	0.0149	0.0149	0.0000	0.0001	0.0000	0.0001	0.1213	0.1003	0.0211	0.0054	0.0054	0.0001	0.1159	0.0949	0.0210	0.1065	0.0613	0.0451	0.0175	0.0173	0.0002	0.0890	0.0441	0.0449
20	26	0.0431	3	2	0	1	0	0	0	0	0	0	0	0	0	0	0	0	0	0	0	Y	N	N	N	N	N	N	N	N	N	N	N	N	N	N	N	N	N	1.1979	0.9558	0.0000	0.1357	0.1359	0.0000	6.9686	14.1697	0.0000	0.0075	0.0089	0.0000	0.0036	0.0037	0.0000	0.0079	0.0095	0.0000	0.0062	0.0093	0.0017	0.0268	0.0271	0.0149	0.0011	0.0007	0.0016	0.0000	0.1280	-0.0005	-0.0005	3.4426	4.2500	4.3893	3.1084	0.0014	0.0014	0.0000	0.0001	0.0001	0.0000	0.0013	0.0013	0.0000	0.0010	0.0009	0.0001	0.0009	0.0009	0.0000	0.0002	0.0000	0.0001	0.1866	0.1566	0.0299	0.0167	0.0164	0.0002	0.1699	0.1402	0.0297	0.1666	0.0989	0.0676	0.0332	0.0324	0.0008	0.1334	0.0665	0.0668
20	31	0.1429	11	2	0	1	0	0	0	0	0	0	0	1	1	0	0	0	0	0	0	Y	N	N	N	N	N	N	N	N	N	N	N	N	N	N	N	N	N	0.1865	0.1228	0.0000	0.1409	0.1364	0.0000	0.0000	0.0000	0.0000	0.0002	0.0003	0.0000	0.0010	0.0011	0.0000	0.0000	0.0000	0.0000	0.0013	0.0023	0.0000	0.0074	0.0079	0.0000	0.0000	0.0000	0.0000	0.0000	0.0000	-0.0000	-0.0000	3.4426	0.0008	4.3893	0.9932	0.0000	0.0000	0.0000	0.0000	0.0000	0.0000	0.0000	0.0000	0.0000	0.0000	0.0000	0.0000	0.0000	0.0000	0.0000	0.0000	0.0000	0.0000	0.0000	0.0000	0.0000	0.0000	0.0000	0.0000	0.0000	0.0000	0.0000	0.0150	0.0085	0.0065	0.0027	0.0025	0.0001	0.0124	0.0060	0.0064
20	38	0.2934	11	2	0	1	0	0	0	0	0	0	0	1	1	0	0	0	0	0	0	Y	N	N	N	N	N	N	N	N	N	N	N	N	N	N	N	N	N	0.0000	0.0000	0.0000	0.0000	0.0000	0.0000	0.0000	0.0000	0.0000	0.0000	0.0000	0.0000	0.0000	0.0000	0.0000	0.0000	0.0000	0.0000	0.0001	0.0001	0.0000	0.0002	0.0002	0.0005	0.0000	0.0000	0.0000		0.4519	0.0000	-0.0000	3.4426	0.0030	4.3893	2.0047	0.0000	0.0000	0.0000	0.0000	0.0000	0.0000	0.0000	0.0000	0.0000	0.0000	0.0000	0.0000	0.0000	0.0000	0.0000	0.0000	0.0000	0.0000	0.0025	0.0020	0.0005	0.0012	0.0012	0.0000	0.0012	0.0007	0.0005	0.0273	0.0159	0.0114	0.0059	0.0056	0.0004	0.0214	0.0103	0.0111
20	39	0.2786	10	2	0	1	0	1	0	0	0	1	1	1	1	0	0	0	0	0	0	Y	N	N	N	N	N	N	N	N	N	N	N	N	N	N	N	N	N	1.5408	1.4031	0.1769	0.5899	0.6979	0.0606	17.7826	824.0759	0.0039	0.0034	0.0040	0.0001	0.0027	0.0033	0.0002	0.0045	0.0050	0.0000	0.0022	0.0029	0.0007	0.0047	0.0048	0.0028	0.0003	0.0000	0.0005	0.0060	0.1143	-0.0006	-0.0001	3.4426	2.0135	4.3893	0.9920	0.0017	0.0017	0.0000	0.0008	0.0008	0.0000	0.0008	0.0008	0.0000	0.0003	0.0002	0.0000	0.0002	0.0002	0.0000	0.0000	0.0000	0.0000	0.4916	0.4148	0.0768	0.3085	0.2504	0.0580	0.1831	0.1643	0.0188	0.1169	0.0811	0.0358	0.0520	0.0484	0.0036	0.0649	0.0327	0.0322
20	43	0.1141	12	2	0	1	0	0	0	0	0	0	0	1	1	0	0	0	0	0	0	Y	N	N	N	N	N	N	N	N	N	N	N	N	N	N	N	N	N	0.0385	0.0272	0.0000	0.1137	0.1106	0.0000	0.0000	0.0000	0.0000	0.0001	0.0002	0.0000	0.0022	0.0022	0.0000	0.0000	0.0000	0.0000	0.0037	0.0063	0.0000	0.0192	0.0203	0.0000	0.0000	0.0000	0.0000	0.0000	0.0000	-0.0000	-0.0004	3.4426	3.9996	4.3893	6.0133	0.0000	0.0000	0.0000	0.0000	0.0000	0.0000	0.0000	0.0000	0.0000	0.0006	0.0006	0.0000	0.0006	0.0006	0.0000	0.0000	0.0000	0.0000	0.1407	0.1170	0.0238	0.0091	0.0089	0.0002	0.1316	0.1080	0.0236	0.1652	0.0970	0.0682	0.0317	0.0301	0.0016	0.1335	0.0669	0.0666
20	44	0.1141	11	2	0	1	0	0	0	0	0	1	1	1	1	0	0	0	0	0	0	Y	N	N	N	N	N	N	N	N	N	N	N	N	N	N	N	N	N	0.0000	0.0000	0.0000	0.0000	0.0000	0.0000	0.0000	0.0000	0.0000	0.0000	0.0000	0.0000	0.0000	0.0000	0.0000	0.0000	0.0000	0.0000	0.0020	0.0015	0.0032	0.0052	0.0032	0.1068	0.0005	0.0000	0.0010		0.9601	0.0000	-0.0000	3.4426	0.0009	4.3893	0.0333	0.0000	0.0000	0.0000	0.0000	0.0000	0.0000	0.0000	0.0000	0.0000	0.0000	0.0000	0.0000	0.0000	0.0000	0.0000	0.0000	0.0000	0.0000	0.0000	0.0000	0.0000	0.0000	0.0000	0.0000	0.0000	0.0000	0.0000	0.0010	0.0007	0.0003	0.0003	0.0003	0.0000	0.0007	0.0004	0.0003
20	50	0.1429	11	2	0	1	1	0	0	0	1	0	0	1	1	0	0	0	0	0	0	Y	N	N	N	N	N	N	N	N	N	N	N	N	N	N	N	N	N	0.0399	0.7334	0.0000	0.0485	1.3241	0.0000	0.0000	0.0000	0.0000	0.0000	0.0000	0.0000	0.0000	0.0000	0.0000	0.0000	0.0000	0.0000	0.0000	0.0000	0.0000	0.0000	0.0000	0.0007	0.0000	0.0000	0.0000	0.0000	26.4474	-0.0000	0.0000	3.4426	0.9995	4.3893	1.0067	0.0000	0.0000	0.0000	0.0000	0.0000	0.0000	0.0000	0.0000	0.0000	0.0000	0.0000	0.0000	0.0000	0.0000	0.0000	0.0000	0.0000	0.0000	0.0360	0.0302	0.0059	0.0051	0.0048	0.0003	0.0309	0.0253	0.0056	0.0297	0.0166	0.0130	0.0051	0.0048	0.0003	0.0246	0.0118	0.0127
20	51	0.1054	10	2	0	1	0	0	0	0	0	1	1	1	1	0	0	0	0	0	0	Y	N	N	N	N	N	N	N	N	N	N	N	N	N	N	N	N	N	12459.2493	9215.7340	0.0000	179.6143	180.6330	0.0000	791805.8510	114223308.9348	0.0000	1.9101	2.2975	0.0000	0.1461	0.1495	0.0000	2.0233	2.4614	0.0000	0.0002	0.0002	0.0000	0.0008	0.0008	0.0005	0.0000	0.0000	0.0000	0.0000	0.0460	-0.2601	-0.0000	3.4426	11.0065	4.3893	2.0630	0.7196	0.7196	0.0000	0.0033	0.0033	0.0000	0.7162	0.7162	0.0000	0.0000	0.0000	0.0000	0.0000	0.0000	0.0000	0.0000	0.0000	0.0000	0.3767	0.3132	0.0635	0.0227	0.0222	0.0005	0.3540	0.2910	0.0630	0.2146	0.1262	0.0884	0.0399	0.0380	0.0019	0.1747	0.0882	0.0865
20	57	0.1054	10	2	0	1	0	0	0	0	0	0	0	0	0	0	0	0	0	0	0	Y	N	N	N	N	N	N	N	N	N	N	N	N	N	N	N	N	N	0.1542	0.1104	2.4496	0.4633	0.4527	5.7238	0.9092	0.4860	2.5197	0.0004	0.0005	0.0000	0.0062	0.0063	0.0002	0.0000	0.0000	0.0000	0.0026	0.0044	0.0000	0.0134	0.0140	0.0000	0.0000	0.0000	0.0000	0.0018	0.0003	-0.0000	-0.0001	3.4426	0.9943	4.3893	1.9980	0.0000	0.0000	0.0000	0.0000	0.0000	0.0000	0.0000	0.0000	0.0000	0.0001	0.0001	0.0000	0.0001	0.0001	0.0000	0.0000	0.0000	0.0000	0.0360	0.0298	0.0062	0.0023	0.0023	0.0001	0.0337	0.0275	0.0062	0.0527	0.0313	0.0214	0.0102	0.0098	0.0005	0.0425	0.0215	0.0210
20	58	0.1001	9	2	0	1	0	0	0	0	0	0	0	0	0	0	0	0	0	0	0	Y	N	N	N	N	N	N	N	N	N	N	N	N	N	N	N	N	N	19.9180	15.1856	0.0000	0.3820	0.3744	0.0000	234.7804	13803.9160	0.0000	0.0567	0.0685	0.0000	0.0057	0.0058	0.0000	0.0600	0.0733	0.0000	0.0028	0.0045	0.0005	0.0149	0.0156	0.0001	0.0003	0.0000	0.0005	0.0000	0.0790	-0.0000	-0.0000	3.4426	0.0070	4.3893	1.9921	0.0000	0.0000	0.0000	0.0000	0.0000	0.0000	0.0000	0.0000	0.0000	0.0001	0.0001	0.0000	0.0001	0.0001	0.0000	0.0000	0.0000	0.0000	0.0003	0.0002	0.0000	0.0000	0.0000	0.0000	0.0002	0.0002	0.0000	0.0342	0.0200	0.0142	0.0061	0.0058	0.0003	0.0281	0.0142	0.0139
20	59	0.1001	8	2	0	1	0	1	0	0	0	0	0	0	0	0	0	0	0	0	0	Y	N	N	N	N	N	N	N	N	N	N	N	N	N	N	N	N	N	0.0000	0.0000	0.0000	0.0000	0.0000	0.0000	0.0000	0.0000	0.0000	0.0000	0.0000	0.0000	0.0000	0.0000	0.0000	0.0000	0.0000	0.0000	0.0012	0.0000	0.0000	0.0000	0.0000	0.0000	0.0000	0.0000	0.0000			0.0000	-0.0000	3.4426	0.0000	4.3893	0.0000	0.0000	0.0000	0.0000	0.0000	0.0000	0.0000	0.0000	0.0000	0.0000	0.0000	0.0000	0.0000	0.0000	0.0000	0.0000	0.0000	0.0000	0.0000	0.0000	0.0000	0.0000	0.0000	0.0000	0.0000	0.0000	0.0000	0.0000	0.0000	0.0000	0.0000	0.0000	0.0000	0.0000	0.0000	0.0000	0.0000
21	22	0.2683	10	2	0	1	0	0	0	1	0	0	0	1	1	0	0	0	0	0	0	Y	N	N	N	N	N	N	N	N	N	N	N	N	N	N	N	N	N	0.0122	0.0191	0.0000	0.0186	0.0179	0.0000	0.0114	0.0254	0.0000	0.0001	0.0001	0.0000	0.0002	0.0002	0.0000	0.0001	0.0001	0.0000	0.0060	0.0046	0.0077	0.0081	0.0090	0.0005	0.0057	0.0031	0.0079	0.0000	1.4334	-0.0000	0.0000	1.5916	2.0311	0.7482	5.0434	0.0000	0.0000	0.0000	0.0000	0.0000	0.0000	0.0000	0.0000	0.0000	0.0001	0.0001	0.0001	0.0000	0.0000	0.0000	0.0001	0.0000	0.0001	0.0297	0.0246	0.0051	0.0030	0.0028	0.0002	0.0266	0.0217	0.0049	0.0244	0.0130	0.0113	0.0038	0.0034	0.0004	0.0206	0.0096	0.0109
21	26	0.0180	2	2	0	1	0	0	0	1	0	0	0	0	0	0	0	0	0	0	0	Y	N	N	N	N	N	N	N	N	N	N	N	N	N	N	N	N	N	0.0688	0.0843	0.0151	0.1497	0.1519	0.0305	0.0714	0.2315	0.0151	0.0106	0.0123	0.0025	0.0573	0.0582	0.0112	0.0075	0.0087	0.0024	0.1545	0.1462	0.1641	0.3824	0.3831	0.3692	0.1056	0.0375	0.1603	0.0416	0.9769	-0.0003	-0.0006	1.5916	4.2500	0.7482	3.1084	0.0009	0.0008	0.0000	0.0003	0.0003	0.0000	0.0006	0.0006	0.0000	0.0075	0.0038	0.0037	0.0033	0.0031	0.0002	0.0042	0.0007	0.0035	0.0826	0.0685	0.0141	0.0051	0.0050	0.0001	0.0775	0.0635	0.0140	0.0484	0.0259	0.0225	0.0085	0.0081	0.0004	0.0398	0.0177	0.0221
21	31	0.1178	10	2	0	1	0	0	0	1	0	0	0	1	1	0	0	0	0	0	0	Y	N	N	N	N	N	N	N	N	N	N	N	N	N	N	N	N	N	0.1129	0.0228	771.2033	0.0000	0.0000	0.0000	0.1211	0.0217	773.1931	0.0006	0.0002	0.0025	0.0000	0.0000	0.0000	0.0007	0.0003	0.0026	0.0051	0.0103	0.0000	0.0000	0.0000	0.0000	0.0057	0.0127	0.0000	1.8889	0.0003	0.0000	-0.0000	1.5916	0.0008	0.7482	0.9932	0.0000	0.0000	0.0000	0.0000	0.0000	0.0000	0.0000	0.0000	0.0000	0.0000	0.0000	0.0000	0.0000	0.0000	0.0000	0.0000	0.0000	0.0000	0.0000	0.0000	0.0000	0.0000	0.0000	0.0000	0.0000	0.0000	0.0000	0.0039	0.0019	0.0019	0.0004	0.0004	0.0000	0.0035	0.0016	0.0019
21	38	0.2683	10	2	0	1	0	0	0	1	0	0	0	1	1	0	0	0	0	0	0	Y	N	N	N	N	N	N	N	N	N	N	N	N	N	N	N	N	N	0.0000	0.0000	0.0000	0.0000	0.0000	0.0000	0.0000	0.0000	0.0000	0.0000	0.0000	0.0000	0.0000	0.0000	0.0000	0.0000	0.0000	0.0000	0.0003	0.0003	0.0004	0.0007	0.0006	0.0017	0.0002	0.0001	0.0003		1.1926	-0.0000	-0.0000	1.5916	0.0030	0.7482	2.0047	0.0000	0.0000	0.0000	0.0000	0.0000	0.0000	0.0000	0.0000	0.0000	0.0000	0.0000	0.0000	0.0000	0.0000	0.0000	0.0000	0.0000	0.0000	0.0012	0.0009	0.0003	0.0006	0.0006	0.0000	0.0006	0.0003	0.0002	0.0075	0.0041	0.0034	0.0013	0.0012	0.0001	0.0062	0.0029	0.0033
21	39	0.2535	9	2	0	1	0	1	0	1	0	1	1	1	1	0	0	0	0	0	0	Y	N	N	N	N	N	N	N	N	N	N	N	N	N	N	N	N	N	0.0091	0.0161	0.0007	0.0114	0.0145	0.0013	0.0077	0.0192	0.0001	0.0000	0.0000	0.0000	0.0000	0.0000	0.0000	0.0000	0.0000	0.0000	0.0050	0.0031	0.0092	0.0041	0.0034	0.0128	0.0056	0.0026	0.0087	0.0131	1.3553	-0.0000	-0.0000	1.5916	2.0135	0.7482	0.9920	0.0000	0.0000	0.0000	0.0000	0.0000	0.0000	0.0000	0.0000	0.0000	0.0002	0.0001	0.0001	0.0001	0.0000	0.0000	0.0001	0.0000	0.0001	0.1213	0.1100	0.0113	0.0604	0.0566	0.0038	0.0610	0.0535	0.0075	0.0356	0.0245	0.0111	0.0159	0.0147	0.0012	0.0197	0.0099	0.0099
21	43	0.0890	11	2	0	1	0	0	0	1	0	0	0	1	1	0	0	0	0	0	0	Y	N	N	N	N	N	N	N	N	N	N	N	N	N	N	N	N	N	0.0208	0.0188	0.0000	0.0000	0.0000	0.0000	0.0202	0.0171	0.0000	0.0003	0.0004	0.0000	0.0000	0.0000	0.0000	0.0003	0.0004	0.0000	0.0156	0.0211	0.0100	0.0070	0.0078	0.0000	0.0166	0.0241	0.0102	0.0000	0.4546	-0.0000	-0.0002	1.5916	3.9996	0.7482	6.0133	0.0000	0.0000	0.0000	0.0000	0.0000	0.0000	0.0000	0.0000	0.0000	0.0006	0.0004	0.0002	0.0000	0.0000	0.0000	0.0006	0.0004	0.0002	0.0615	0.0504	0.0111	0.0018	0.0017	0.0001	0.0597	0.0487	0.0110	0.0410	0.0209	0.0201	0.0043	0.0039	0.0004	0.0367	0.0170	0.0197
21	44	0.0890	10	2	0	1	0	0	0	1	0	1	1	1	1	0	0	0	0	0	0	Y	N	N	N	N	N	N	N	N	N	N	N	N	N	N	N	N	N	0.0000	0.0000	0.0000	0.0000	0.0000	0.0000	0.0000	0.0000	0.0000	0.0000	0.0000	0.0000	0.0000	0.0000	0.0000	0.0000	0.0000	0.0000	0.0075	0.0093	0.0037	0.0126	0.0126	0.0104	0.0053	0.0068	0.0036		0.1980	0.0000	-0.0000	1.5916	0.0009	0.7482	0.0333	0.0000	0.0000	0.0000	0.0000	0.0000	0.0000	0.0000	0.0000	0.0000	0.0000	0.0000	0.0000	0.0000	0.0000	0.0000	0.0000	0.0000	0.0000	0.0000	0.0000	0.0000	0.0000	0.0000	0.0000	0.0000	0.0000	0.0000	0.0003	0.0002	0.0001	0.0001	0.0001	0.0000	0.0002	0.0001	0.0001
21	50	0.1178	10	2	0	1	1	0	0	1	1	0	0	1	1	0	0	0	0	0	0	Y	N	N	N	N	N	N	N	N	N	N	N	N	N	N	N	N	N	0.0246	0.0052	1.5245	0.0000	0.0000	0.0000	0.6380	0.7232	1.5340	0.0000	0.0000	0.0000	0.0000	0.0000	0.0000	0.0000	0.0000	0.0000	0.0000	0.0001	0.0000	0.0003	0.0003	0.0000	0.0000	0.0000	0.0000	1.8889	0.0317	0.0000	-0.0000	1.5916	0.9995	0.7482	1.0067	0.0000	0.0000	0.0000	0.0000	0.0000	0.0000	0.0000	0.0000	0.0000	0.0000	0.0000	0.0000	0.0000	0.0000	0.0000	0.0000	0.0000	0.0000	0.0155	0.0128	0.0027	0.0011	0.0010	0.0001	0.0144	0.0117	0.0026	0.0076	0.0037	0.0039	0.0007	0.0007	0.0001	0.0069	0.0031	0.0038
21	51	0.0803	9	2	0	1	0	0	0	1	0	1	1	1	1	0	0	0	0	0	0	Y	N	N	N	N	N	N	N	N	N	N	N	N	N	N	N	N	N	2810.2179	4689.8792	13.2869	364.2146	345.0976	inf	2711.1492	4509.5124	13.1108	1.7316	2.1085	0.0105	0.1008	0.1053	0.0001	1.7707	2.1648	0.0106	0.0006	0.0004	0.0008	0.0003	0.0003	0.0000	0.0007	0.0005	0.0008	0.0011	1.6808	-0.1025	0.0000	1.5916	11.0065	0.7482	2.0630	0.2845	0.2842	0.0003	0.0004	0.0004	0.0000	0.2841	0.2838	0.0003	0.0000	0.0000	0.0000	0.0000	0.0000	0.0000	0.0000	0.0000	0.0000	0.1643	0.1348	0.0295	0.0038	0.0037	0.0002	0.1604	0.1311	0.0293	0.0534	0.0273	0.0261	0.0052	0.0048	0.0005	0.0482	0.0225	0.0256
21	57	0.0803	9	2	0	1	0	0	0	1	0	0	0	0	0	0	0	0	0	0	0	Y	N	N	N	N	N	N	N	N	N	N	N	N	N	N	N	N	N	0.0360	0.0329	0.0001	5.7606	5.6190	0.1921	0.0000	0.0000	0.0000	0.0004	0.0004	0.0000	0.0125	0.0129	0.0001	0.0000	0.0000	0.0000	0.0101	0.0135	0.0064	0.0022	0.0023	0.0007	0.0111	0.0162	0.0065	0.0004	0.4353	-0.0000	-0.0000	1.5916	0.9943	0.7482	1.9980	0.0000	0.0000	0.0000	0.0000	0.0000	0.0000	0.0000	0.0000	0.0000	0.0001	0.0001	0.0000	0.0000	0.0000	0.0000	0.0001	0.0001	0.0000	0.0158	0.0129	0.0029	0.0005	0.0004	0.0000	0.0153	0.0124	0.0029	0.0132	0.0068	0.0063	0.0015	0.0013	0.0001	0.0117	0.0055	0.0062
21	58	0.0750	8	2	0	1	0	0	0	1	0	0	0	0	0	0	0	0	0	0	0	Y	N	N	N	N	N	N	N	N	N	N	N	N	N	N	N	N	N	4.6702	5.3179	0.0970	9.8193	9.4467	0.0000	4.3761	4.6325	0.0960	0.0514	0.0627	0.0010	0.0020	0.0021	0.0000	0.0526	0.0644	0.0010	0.0110	0.0118	0.0102	0.0002	0.0002	0.0000	0.0120	0.0139	0.0104	0.0035	0.8429	-0.0000	-0.0000	1.5916	0.0070	0.7482	1.9921	0.0000	0.0000	0.0000	0.0000	0.0000	0.0000	0.0000	0.0000	0.0000	0.0001	0.0001	0.0000	0.0000	0.0000	0.0000	0.0001	0.0001	0.0000	0.0001	0.0001	0.0000	0.0000	0.0000	0.0000	0.0001	0.0001	0.0000	0.0085	0.0043	0.0042	0.0007	0.0007	0.0001	0.0078	0.0036	0.0041
21	59	0.0750	7	2	0	1	0	1	0	1	0	0	0	0	0	0	0	0	0	0	0	Y	N	N	N	N	N	N	N	N	N	N	N	N	N	N	N	N	N	0.0000	0.0000	0.0000	0.0000	0.0000	0.0000	0.0000	0.0000	0.0000	0.0000	0.0000	0.0000	0.0000	0.0000	0.0000	0.0000	0.0000	0.0000	0.0046	0.0000	0.0000	0.0000	0.0000	0.0000	0.0000	0.0000	0.0000			0.0000	-0.0000	1.5916	0.0000	0.7482	0.0000	0.0000	0.0000	0.0000	0.0000	0.0000	0.0000	0.0000	0.0000	0.0000	0.0000	0.0000	0.0000	0.0000	0.0000	0.0000	0.0000	0.0000	0.0000	0.0000	0.0000	0.0000	0.0000	0.0000	0.0000	0.0000	0.0000	0.0000	0.0000	0.0000	0.0000	0.0000	0.0000	0.0000	0.0000	0.0000	0.0000
22	23	0.2873	10	2	0	0	0	0	0	0	0	0	1	1	2	0	0	0	0	0	0	Y	N	N	N	N	Y	N	N	N	N	N	N	N	N	N	N	N	N	0.0002	0.0001	0.0000	0.0002	0.0002	0.0000	0.0886	0.1628	0.0000	0.0000	0.0000	0.0000	0.0000	0.0000	0.0000	0.0000	0.0000	0.0000	0.0008	0.0016	0.0000	0.0059	0.0068	0.0000	0.0000	0.0000	0.0000	0.0112	0.0006	-0.0000	-0.0000	2.0311	2.9896	5.0434	2.0229	0.0000	0.0000	0.0000	0.0000	0.0000	0.0000	0.0000	0.0000	0.0000	0.0000	0.0000	0.0000	0.0000	0.0000	0.0000	0.0000	0.0000	0.0000	0.0550	0.0456	0.0095	0.0055	0.0051	0.0004	0.0495	0.0404	0.0091	0.0491	0.0255	0.0236	0.0067	0.0059	0.0008	0.0423	0.0196	0.0228
22	24	0.2792	9	2	0	0	0	0	0	0	0	0	0	1	1	0	0	0	0	0	0	Y	N	N	N	N	N	N	N	N	N	N	N	N	N	N	N	N	N	0.0016	0.0012	0.0000	0.0007	0.0007	0.0000	0.0426	12.2980	0.0000	0.0001	0.0001	0.0000	0.0001	0.0001	0.0000	0.0000	0.0000	0.0000	0.0373	0.0561	0.0020	0.1314	0.1371	0.0003	0.0009	0.0000	0.0020	0.0003	0.0187	-0.0000	-0.0009	2.0311	0.3867	5.0434	2.3109	0.0000	0.0000	0.0000	0.0000	0.0000	0.0000	0.0000	0.0000	0.0000	0.0017	0.0016	0.0000	0.0016	0.0016	0.0000	0.0000	0.0000	0.0000	0.0127	0.0111	0.0016	0.0051	0.0048	0.0003	0.0076	0.0063	0.0013	0.0445	0.0290	0.0154	0.0124	0.0119	0.0005	0.0321	0.0172	0.0149
22	25	0.3065	10	2	0	1	0	0	0	1	0	0	0	1	1	0	0	0	0	0	0	Y	N	N	N	N	N	N	N	N	N	N	N	N	N	N	N	N	N	0.0000	0.0021	0.0000	0.0014	0.0013	0.0000	0.0000	30.8065	0.0000	0.0000	0.0000	0.0000	0.0000	0.0000	0.0000	0.0000	0.0000	0.0000	41.9997	0.0074	89.0286	0.0249	0.0284	0.0000	49.7577	0.0000	92.8006	0.0000	10807.4059	-0.0000	0.4151	2.0311	1.5075	5.0434	1.0180	0.0000	0.0000	0.0000	0.0000	0.0000	0.0000	0.0000	0.0000	0.0000	0.9813	0.0001	0.9812	0.0001	0.0001	0.0000	0.9812	0.0000	0.9812	0.0325	0.0271	0.0053	0.0055	0.0053	0.0002	0.0270	0.0218	0.0052	0.0234	0.0123	0.0110	0.0036	0.0032	0.0004	0.0197	0.0091	0.0106
22	26	0.2792	9	2	0	0	0	0	0	0	0	0	0	1	1	0	0	0	0	0	0	Y	N	N	N	N	N	N	N	N	N	N	N	N	N	N	N	N	N	0.0685	0.3914	0.0000	0.3435	0.3408	0.0000	0.0411	9.7950	0.0000	0.0108	0.0129	0.0000	0.0332	0.0355	0.0000	0.0070	0.0086	0.0000	0.1571	0.0329	0.3261	0.0967	0.1042	0.0000	0.1715	0.0009	0.3372	0.0000	7.2761	-0.0003	0.0041	2.0311	4.2500	5.0434	3.1084	0.0009	0.0009	0.0000	0.0004	0.0004	0.0000	0.0005	0.0005	0.0000	0.0136	0.0016	0.0119	0.0016	0.0016	0.0000	0.0120	0.0000	0.0119	0.0826	0.0690	0.0137	0.0117	0.0110	0.0008	0.0709	0.0580	0.0129	0.0864	0.0498	0.0366	0.0167	0.0155	0.0012	0.0698	0.0344	0.0354
22	27	0.2598	8	2	0	0	0	0	0	0	0	0	0	1	1	0	0	0	0	0	0	Y	N	N	N	N	N	N	N	N	N	N	N	N	N	N	N	N	N	0.0001	0.0001	0.0000	0.0001	0.0001	0.0000	0.0005	45.2275	0.0000	0.0000	0.0000	0.0000	0.0000	0.0000	0.0000	0.0000	0.0000	0.0000	0.1207	0.1727	0.0454	0.5349	0.5503	0.0000	0.0229	0.0000	0.0460	0.0000	0.1815	-0.0000	-0.0044	2.0311	1.7810	5.0434	4.3857	0.0000	0.0000	0.0000	0.0000	0.0000	0.0000	0.0000	0.0000	0.0000	0.0105	0.0088	0.0016	0.0088	0.0088	0.0000	0.0016	0.0000	0.0016	0.0518	0.0451	0.0067	0.0111	0.0109	0.0002	0.0407	0.0342	0.0065	0.0866	0.0512	0.0354	0.0165	0.0161	0.0005	0.0701	0.0352	0.0349
22	28	0.2678	9	2	0	1	1	0	0	0	1	0	0	2	2	0	0	0	0	0	0	Y	N	N	N	Y	Y	N	N	N	N	N	N	N	N	N	N	N	N	0.0000	0.0000	0.0000	0.0000	0.0000	0.0000	0.0000	0.0000	0.0000	0.0000	0.0000	0.0000	0.0000	0.0000	0.0000	0.0000	0.0000	0.0000	0.0000	0.0000	0.0000	0.0000	0.0000	0.0000	0.0000	0.0000	0.0000			0.0000	0.0000	2.0311	0.0000	5.0434	0.0000	0.0000	0.0000	0.0000	0.0000	0.0000	0.0000	0.0000	0.0000	0.0000	0.0000	0.0000	0.0000	0.0000	0.0000	0.0000	0.0000	0.0000	0.0000	0.0000	0.0000	0.0000	0.0000	0.0000	0.0000	0.0000	0.0000	0.0000	0.0000	0.0000	0.0000	0.0000	0.0000	0.0000	0.0000	0.0000	0.0000
22	29	0.2678	9	2	0	1	0	0	0	0	0	0	0	2	2	0	0	0	0	0	0	Y	N	N	N	Y	Y	N	N	N	N	N	N	N	N	N	N	N	N	0.0000	0.0000	0.0000	0.0000	0.0000	0.0000	0.0000	0.0000	0.0000	0.0000	0.0000	0.0000	0.0000	0.0000	0.0000	0.0000	0.0000	0.0000	0.0011	0.0023	0.0000	0.0189	0.0221	0.0000	0.0000	0.0000	0.0000		0.0000	0.0000	-0.0000	2.0311	0.0000	5.0434	1.0000	0.0000	0.0000	0.0000	0.0000	0.0000	0.0000	0.0000	0.0000	0.0000	0.0000	0.0000	0.0000	0.0000	0.0000	0.0000	0.0000	0.0000	0.0000	0.0000	0.0000	0.0000	0.0000	0.0000	0.0000	0.0000	0.0000	0.0000	0.0092	0.0044	0.0048	0.0005	0.0005	0.0001	0.0087	0.0040	0.0047
22	30	0.2678	8	2	0	1	0	0	0	1	0	0	0	2	2	0	0	0	0	0	0	Y	N	N	N	Y	Y	N	N	N	N	N	N	N	N	N	N	N	N	0.0000	0.0000	0.0000	0.0000	0.0000	0.0000	0.0000	0.0000	0.0000	0.0000	0.0000	0.0000	0.0000	0.0000	0.0000	0.0000	0.0000	0.0000	0.0000	0.0000	0.0000	0.0000	0.0000	0.0000	0.0000	0.0000	0.0000			0.0000	0.0000	2.0311	0.0000	5.0434	0.0010	0.0000	0.0000	0.0000	0.0000	0.0000	0.0000	0.0000	0.0000	0.0000	0.0000	0.0000	0.0000	0.0000	0.0000	0.0000	0.0000	0.0000	0.0000	0.0000	0.0000	0.0000	0.0000	0.0000	0.0000	0.0000	0.0000	0.0000	0.0000	0.0000	0.0000	0.0000	0.0000	0.0000	0.0000	0.0000	0.0000
22	31	0.2651	7	2	0	0	0	0	0	0	0	0	0	2	2	0	0	0	0	0	0	Y	N	N	N	Y	Y	N	N	N	N	N	N	N	N	N	N	N	N	0.0000	0.0000	0.0000	0.0000	0.0000	0.0000	0.0000	0.0000	0.0000	0.0000	0.0000	0.0000	0.0000	0.0000	0.0000	0.0000	0.0000	0.0000	0.0000	0.0000	0.0000	0.0000	0.0000	0.0000	0.0000	0.0000	0.0000			-0.0000	0.0000	2.0311	0.0008	5.0434	0.9932	0.0000	0.0000	0.0000	0.0000	0.0000	0.0000	0.0000	0.0000	0.0000	0.0000	0.0000	0.0000	0.0000	0.0000	0.0000	0.0000	0.0000	0.0000	0.0001	0.0001	0.0000	0.0000	0.0000	0.0000	0.0000	0.0000	0.0000	0.0097	0.0048	0.0049	0.0008	0.0007	0.0001	0.0089	0.0041	0.0048
22	35	0.2308	5	2	0	1	0	0	0	0	0	0	1	1	2	0	0	0	0	0	0	Y	N	N	N	N	Y	N	N	N	N	N	N	N	N	N	N	N	N	85.3575	55.8871	0.0215	3.2244	3.3565	0.7525	7636.8444	14642.0979	0.0000	0.0279	0.0335	0.0000	0.0062	0.0067	0.0000	0.0301	0.0366	0.0000	0.0003	0.0006	0.0000	0.0019	0.0020	0.0000	0.0000	0.0000	0.0000	0.0000	0.0072	-0.0007	-0.0000	2.0311	4.0048	5.0434	3.3550	0.0020	0.0020	0.0000	0.0000	0.0000	0.0000	0.0019	0.0019	0.0000	0.0000	0.0000	0.0000	0.0000	0.0000	0.0000	0.0000	0.0000	0.0000	0.0703	0.0584	0.0118	0.0064	0.0060	0.0005	0.0638	0.0525	0.0113	0.0928	0.0502	0.0426	0.0156	0.0150	0.0006	0.0772	0.0351	0.0420
22	36	0.2194	4	2	0	1	0	0	0	0	0	0	0	1	1	0	0	0	0	0	0	Y	N	N	N	N	N	N	N	N	N	N	N	N	N	N	N	N	N	0.0217	0.0126	0.0000	0.0008	0.0008	0.0000	12.1769	inf	0.0000	0.0000	0.0000	0.0000	0.0000	0.0000	0.0000	0.0000	0.0000	0.0000	0.0003	0.0006	0.0000	0.0083	0.0098	0.0000	0.0000	0.0000	0.0000	0.0011	0.0018	-0.0000	-0.0000	2.0311	2.9973	5.0434	0.6905	0.0000	0.0000	0.0000	0.0000	0.0000	0.0000	0.0000	0.0000	0.0000	0.0000	0.0000	0.0000	0.0000	0.0000	0.0000	0.0000	0.0000	0.0000	0.0586	0.0489	0.0097	0.0034	0.0031	0.0003	0.0552	0.0458	0.0094	0.0376	0.0182	0.0195	0.0012	0.0011	0.0002	0.0364	0.0171	0.0193
22	37	0.2194	3	2	0	1	0	1	0	1	0	0	0	1	1	0	0	0	0	0	0	Y	N	N	N	N	N	N	N	N	N	N	N	N	N	N	N	N	N	0.0000	0.0000	0.0000	0.0000	0.0000	0.0000	0.0000	0.0000	0.0000	0.0000	0.0000	0.0000	0.0000	0.0000	0.0000	0.0000	0.0000	0.0000	0.0014	0.0014	0.0014	0.0064	0.0062	0.0098	0.0007	0.0000	0.0013		1.0000	0.0000	-0.0000	2.0311	0.0022	5.0434	0.0001	0.0000	0.0000	0.0000	0.0000	0.0000	0.0000	0.0000	0.0000	0.0000	0.0000	0.0000	0.0000	0.0000	0.0000	0.0000	0.0000	0.0000	0.0000	0.0001	0.0000	0.0000	0.0000	0.0000	0.0000	0.0000	0.0000	0.0000	0.0000	0.0000	0.0000	0.0000	0.0000	0.0000	0.0000	0.0000	0.0000
22	40	0.2472	8	2	0	1	0	1	0	1	0	1	0	2	1	0	0	0	0	0	0	Y	N	N	N	Y	N	N	N	N	N	N	N	N	N	N	N	N	N	0.0015	0.0009	0.0000	0.0008	0.0008	0.0000	0.0000	0.0000	0.0000	0.0000	0.0000	0.0000	0.0000	0.0000	0.0000	0.0000	0.0000	0.0000	0.0015	0.0030	0.0000	0.0315	0.0350	0.0029	0.0000	0.0000	0.0000	0.0000	0.0104	-0.0000	-0.0001	2.0311	5.0282	5.0434	8.9849	0.0000	0.0000	0.0000	0.0000	0.0000	0.0000	0.0000	0.0000	0.0000	0.0002	0.0002	0.0000	0.0002	0.0002	0.0000	0.0000	0.0000	0.0000	0.1003	0.0838	0.0165	0.0088	0.0081	0.0006	0.0915	0.0756	0.0159	0.1345	0.0673	0.0673	0.0064	0.0057	0.0007	0.1281	0.0616	0.0666
22	41	0.3966	11	1	0	0	0	0	0	0	0	1	0	2	1	0	0	0	0	0	0	N	N	N	N	Y	N	N	N	N	N	N	N	N	N	N	N	N	N	0.0000	0.0000	0.1960	0.0000	0.0000	0.3422	0.0046	0.0000	0.0771	0.0000	0.0000	0.0000	0.0000	0.0000	0.0000	0.0000	0.0000	0.0000	0.9177	1.4364	0.0000	2.6542	2.9214	0.0001	0.0001	0.0001	0.0000	0.1670	0.0000	-0.0000	-0.3953	2.0311	13.0332	5.0434	41.9092	0.0000	0.0000	0.0000	0.0000	0.0000	0.0000	0.0000	0.0000	0.0000	0.6853	0.6852	0.0000	0.6852	0.6852	0.0000	0.0000	0.0000	0.0000	0.3833	0.3331	0.0502	0.1163	0.1108	0.0055	0.2670	0.2223	0.0447	0.7467	0.4771	0.2697	0.2582	0.2345	0.0236	0.4886	0.2425	0.2460
22	42	0.2448	7	2	0	1	0	1	0	1	0	0	0	1	1	0	0	0	0	0	0	Y	N	N	N	N	N	N	N	N	N	N	N	N	N	N	N	N	N	inf	inf	0.0000	inf	inf	0.0000	0.0000	0.0000	0.0000	0.0001	0.0001	0.0000	0.0006	0.0006	0.0000	0.0000	0.0000	0.0000	0.0000	0.0000	0.0000	0.0000	0.0000	0.0000	0.0000	0.0000	0.0000	0.0000		-0.0000	0.0000	2.0311	2.0001	5.0434	2.0031	0.0000	0.0000	0.0000	0.0000	0.0000	0.0000	0.0000	0.0000	0.0000	0.0000	0.0000	0.0000	0.0000	0.0000	0.0000	0.0000	0.0000	0.0000	0.0403	0.0336	0.0067	0.0034	0.0032	0.0002	0.0369	0.0305	0.0064	0.0401	0.0200	0.0201	0.0019	0.0017	0.0002	0.0381	0.0182	0.0199
22	43	0.2363	8	2	0	0	0	0	0	0	0	0	0	2	2	0	0	0	0	0	0	Y	N	N	N	Y	Y	N	N	N	N	N	N	N	N	N	N	N	N	0.0012	70.8283	0.0000	22.0142	62.5813	0.0000	0.0005	inf	0.0000	0.0121	0.0145	0.0000	0.1073	0.1160	0.0000	0.0055	0.0066	0.0000	9.9627	0.0002	19.4869	0.0049	0.0019	0.0262	10.6154	0.0000	19.7822	0.0000	99742.8079	-0.0003	0.4217	2.0311	3.9996	5.0434	6.0133	0.0009	0.0009	0.0000	0.0005	0.0005	0.0000	0.0004	0.0004	0.0000	0.9967	0.0000	0.9967	0.0000	0.0000	0.0000	0.9967	0.0000	0.9967	0.0776	0.0649	0.0126	0.0050	0.0047	0.0004	0.0725	0.0603	0.0122	0.1000	0.0489	0.0511	0.0062	0.0054	0.0008	0.0939	0.0435	0.0504
22	44	0.2362	7	2	0	0	0	0	0	0	0	1	1	2	2	0	0	0	0	0	0	Y	N	N	N	Y	Y	N	N	N	N	N	N	N	N	N	N	N	N	0.1077	0.1871	0.0000	0.0861	0.0908	0.0000	0.1273	inf	0.0000	0.0015	0.0017	0.0000	0.0016	0.0017	0.0000	0.0015	0.0018	0.0000	0.0142	0.0093	0.0303	0.0182	0.0183	0.0024	0.0116	0.0000	0.0306	0.0000	1.0000	-0.0000	-0.0000	2.0311	0.0009	5.0434	0.0333	0.0000	0.0000	0.0000	0.0000	0.0000	0.0000	0.0000	0.0000	0.0000	0.0000	0.0000	0.0000	0.0000	0.0000	0.0000	0.0000	0.0000	0.0000	0.0000	0.0000	0.0000	0.0000	0.0000	0.0000	0.0000	0.0000	0.0000	0.0014	0.0011	0.0003	0.0005	0.0005	0.0000	0.0009	0.0005	0.0003
22	45	0.2760	10	2	0	1	0	0	0	0	0	0	0	1	1	0	0	0	0	0	0	Y	N	N	N	N	N	N	N	N	N	N	N	N	N	N	N	N	N	0.0160	0.0058	430.1166	0.0041	0.0010	556.2079	9.4637	3.9039	331.9347	0.0042	0.0029	0.0111	0.0118	0.0034	0.1271	0.0035	0.0029	0.0065	0.2645	0.5110	0.0000	2.8669	3.4024	0.0002	0.0004	0.0007	0.0000	0.7120	0.0000	0.0001	-0.0678	2.0311	28.1541	5.0434	22.5093	0.0021	0.0012	0.0009	0.0005	0.0001	0.0004	0.0016	0.0011	0.0005	0.1176	0.1176	0.0000	0.1174	0.1174	0.0000	0.0001	0.0001	0.0000	0.5049	0.4249	0.0800	0.0448	0.0418	0.0031	0.4600	0.3831	0.0770	0.4446	0.2301	0.2144	0.0410	0.0345	0.0064	0.4036	0.1956	0.2080
22	46	0.2736	9	2	0	1	0	1	0	1	0	0	0	1	1	0	0	0	0	0	0	Y	N	N	N	N	N	N	N	N	N	N	N	N	N	N	N	N	N	0.0000	0.0000	0.0000	0.0000	0.0000	0.0107	0.0000	0.0001	0.0000	0.0000	0.0000	0.0000	0.0001	0.0001	0.0006	0.0000	0.0000	0.0000	3.1048	2.4809	4.1522	3.4858	4.3206	0.0565	2.8088	0.1299	5.3705	0.3681	0.9969	-0.0000	-0.0159	2.0311	0.7642	5.0434	1.7872	0.0000	0.0000	0.0000	0.0000	0.0000	0.0000	0.0000	0.0000	0.0000	0.2046	0.1024	0.1021	0.1004	0.1001	0.0003	0.1042	0.0024	0.1018	0.0173	0.0146	0.0027	0.0022	0.0021	0.0001	0.0151	0.0124	0.0026	0.0659	0.0413	0.0246	0.0288	0.0232	0.0056	0.0371	0.0181	0.0190
22	47	0.2788	9	2	0	1	0	0	0	0	0	0	0	1	1	0	0	0	0	0	0	Y	N	N	N	N	N	N	N	N	N	N	N	N	N	N	N	N	N	0.1647	839.2841	0.0000	8.0981	8.4019	0.0000	0.1616	inf	0.0000	0.1205	0.1450	0.0000	0.0053	0.0059	0.0000	0.1368	0.1666	0.0000	0.7316	0.0002	1.5141	0.0007	0.0007	0.0000	0.8466	0.0000	1.5433	0.0000	8191.7585	-0.0078	0.0465	2.0311	9.7242	5.0434	5.3244	0.0216	0.0216	0.0000	0.0001	0.0001	0.0000	0.0215	0.0215	0.0000	0.1100	0.0000	0.1099	0.0000	0.0000	0.0000	0.1099	0.0000	0.1099	0.1792	0.1490	0.0303	0.0222	0.0200	0.0022	0.1570	0.1289	0.0281	0.1503	0.0777	0.0726	0.0204	0.0191	0.0014	0.1299	0.0586	0.0712
22	48	0.2598	8	2	0	1	0	0	0	1	0	0	0	1	1	0	0	0	0	0	0	Y	N	N	N	N	N	N	N	N	N	N	N	N	N	N	N	N	N	0.0022	1.2882	0.0002	0.0063	0.0060	2.3171	0.0024	2685.2853	0.0002	0.0220	0.0244	0.0055	0.0004	0.0004	0.0006	0.0287	0.0330	0.0056	9.8771	0.0189	24.0179	0.0594	0.0612	0.0003	12.1417	0.0000	24.3374	0.0318	885.7074	-0.0003	0.3701	2.0311	1.4138	5.0434	4.9848	0.0010	0.0009	0.0000	0.0000	0.0000	0.0000	0.0010	0.0009	0.0000	0.8770	0.0010	0.8760	0.0010	0.0010	0.0000	0.8760	0.0000	0.8760	0.0445	0.0390	0.0055	0.0105	0.0103	0.0002	0.0340	0.0287	0.0053	0.0888	0.0523	0.0365	0.0166	0.0162	0.0005	0.0721	0.0362	0.0360
22	49	0.2492	7	2	0	0	0	1	0	0	0	0	0	1	1	0	0	0	0	0	0	Y	N	N	N	N	N	N	N	N	N	N	N	N	N	N	N	N	N	0.0000	0.0000	0.0000	0.0000	0.0000	0.0000	0.0000	0.0000	0.0000	0.0000	0.0000	0.0000	0.0000	0.0000	0.0000	0.0000	0.0000	0.0000	0.1661	0.0105	0.3537	0.0253	0.0264	0.0000	0.1855	0.0062	0.3576		27.9500	0.0000	0.0036	2.0311	2.4585	5.0434	2.2382	0.0000	0.0000	0.0000	0.0000	0.0000	0.0000	0.0000	0.0000	0.0000	0.0093	0.0003	0.0089	0.0002	0.0002	0.0000	0.0091	0.0001	0.0089	0.0495	0.0413	0.0082	0.0042	0.0039	0.0003	0.0454	0.0375	0.0079	0.0558	0.0305	0.0253	0.0067	0.0065	0.0003	0.0491	0.0240	0.0250
22	50	0.2651	7	2	0	0	1	0	0	0	1	0	0	2	2	0	0	0	0	0	0	Y	N	N	N	Y	Y	N	N	N	N	N	N	N	N	N	N	N	N	0.0000	0.0000	0.0000	0.0000	0.0000	0.0000	0.0000	0.0000	0.0000	0.0000	0.0000	0.0000	0.0000	0.0000	0.0000	0.0000	0.0000	0.0000	0.0000	0.0000	0.0000	0.0000	0.0000	0.0000	0.0000	0.0000	0.0000			-0.0000	0.0000	2.0311	0.9995	5.0434	1.0067	0.0000	0.0000	0.0000	0.0000	0.0000	0.0000	0.0000	0.0000	0.0000	0.0000	0.0000	0.0000	0.0000	0.0000	0.0000	0.0000	0.0000	0.0000	0.0194	0.0163	0.0031	0.0022	0.0020	0.0002	0.0173	0.0143	0.0030	0.0190	0.0092	0.0097	0.0013	0.0011	0.0001	0.0177	0.0081	0.0096
22	51	0.2276	6	2	0	0	0	0	0	0	0	1	1	2	2	0	0	0	0	0	0	Y	N	N	N	Y	Y	N	N	N	N	N	N	N	N	N	N	N	N	inf	inf	0.0000	inf	inf	0.0000	0.0000	0.0000	0.0000	0.0000	0.0001	0.0000	0.0008	0.0009	0.0000	0.0000	0.0000	0.0000	0.0000	0.0000	0.0000	0.0000	0.0000	0.0000	0.0000	0.0000	0.0000	0.0000		-0.0000	-0.0000	2.0311	11.0065	5.0434	2.0630	0.0000	0.0000	0.0000	0.0000	0.0000	0.0000	0.0000	0.0000	0.0000	0.0000	0.0000	0.0000	0.0000	0.0000	0.0000	0.0000	0.0000	0.0000	0.2075	0.1736	0.0339	0.0121	0.0111	0.0009	0.1954	0.1625	0.0329	0.1297	0.0632	0.0665	0.0049	0.0043	0.0006	0.1248	0.0589	0.0659
22	52	0.0996	3	2	0	1	0	1	0	1	0	0	0	1	1	0	0	0	0	0	0	Y	N	N	N	N	N	N	N	N	N	N	N	N	N	N	N	N	N	0.0520	0.0349	0.0000	0.0666	0.0696	0.0000	0.0000	0.0000	0.0000	0.0002	0.0002	0.0000	0.0023	0.0024	0.0000	0.0000	0.0000	0.0000	0.0039	0.0069	0.0004	0.0338	0.0345	0.0118	0.0002	0.0000	0.0003	0.0000	0.0491	-0.0000	-0.0005	2.0311	6.1530	5.0434	9.3095	0.0000	0.0000	0.0000	0.0000	0.0000	0.0000	0.0000	0.0000	0.0000	0.0009	0.0008	0.0000	0.0008	0.0008	0.0000	0.0000	0.0000	0.0000	0.1644	0.1377	0.0267	0.0148	0.0139	0.0009	0.1496	0.1239	0.0258	0.2182	0.1168	0.1014	0.0242	0.0235	0.0008	0.1940	0.0934	0.1006
22	56	0.2362	7	2	0	1	0	0	0	1	0	0	0	1	1	0	0	0	0	0	0	Y	N	N	N	N	N	N	N	N	N	N	N	N	N	N	N	N	N	193.2514	0.0013	inf	0.0021	0.0020	0.0000	inf	0.0000	inf	0.0238	0.0000	0.1466	0.0000	0.0000	0.0000	0.0255	0.0000	0.1512	0.0001	0.0003	0.0000	0.0020	0.0022	0.0000	0.0000	0.0000	0.0000	87121.2121	0.0000	0.0015	-0.0000	2.0311	5.0004	5.0434	3.0004	0.0023	0.0000	0.0023	0.0000	0.0000	0.0000	0.0023	0.0000	0.0023	0.0000	0.0000	0.0000	0.0000	0.0000	0.0000	0.0000	0.0000	0.0000	0.0965	0.0808	0.0157	0.0063	0.0058	0.0005	0.0903	0.0750	0.0152	0.0808	0.0396	0.0412	0.0051	0.0045	0.0006	0.0757	0.0351	0.0406
22	57	0.2276	6	2	0	0	0	0	0	0	0	0	0	1	1	0	0	0	0	0	0	Y	N	N	N	N	N	N	N	N	N	N	N	N	N	N	N	N	N	0.0022	0.0025	0.0000	0.0010	0.0009	0.0000	0.0032	inf	0.0000	0.0000	0.0000	0.0000	0.0000	0.0000	0.0000	0.0000	0.0000	0.0000	0.0006	0.0006	0.0006	0.0058	0.0064	0.0000	0.0003	0.0000	0.0006	0.0341	0.9992	-0.0000	-0.0000	2.0311	0.9943	5.0434	1.9980	0.0000	0.0000	0.0000	0.0000	0.0000	0.0000	0.0000	0.0000	0.0000	0.0000	0.0000	0.0000	0.0000	0.0000	0.0000	0.0000	0.0000	0.0000	0.0199	0.0166	0.0033	0.0013	0.0012	0.0001	0.0186	0.0154	0.0032	0.0320	0.0159	0.0160	0.0017	0.0016	0.0002	0.0303	0.0144	0.0159
22	58	0.2222	5	2	0	0	0	0	0	0	0	0	0	1	1	0	0	0	0	0	0	Y	N	N	N	N	N	N	N	N	N	N	N	N	N	N	N	N	N	0.0000	0.0000	0.0000	0.0000	0.0000	0.0000	0.0000	0.0000	0.0000	0.0000	0.0000	0.0000	0.0000	0.0000	0.0000	0.0000	0.0000	0.0000	0.0005	0.0000	0.0009	0.0000	0.0000	0.0000	0.0005	0.0000	0.0009		inf	-0.0000	0.0000	2.0311	0.0070	5.0434	1.9921	0.0000	0.0000	0.0000	0.0000	0.0000	0.0000	0.0000	0.0000	0.0000	0.0000	0.0000	0.0000	0.0000	0.0000	0.0000	0.0000	0.0000	0.0000	0.0001	0.0001	0.0000	0.0000	0.0000	0.0000	0.0001	0.0001	0.0000	0.0205	0.0099	0.0106	0.0007	0.0006	0.0001	0.0199	0.0093	0.0105
22	59	0.2222	4	2	0	0	0	1	0	0	0	0	0	1	1	0	0	0	0	0	0	Y	N	N	N	N	N	N	N	N	N	N	N	N	N	N	N	N	N	0.0000	0.0000	0.0000	0.0000	0.0000	0.0000	0.0000	0.0000	0.0000	0.0000	0.0000	0.0000	0.0000	0.0000	0.0000	0.0000	0.0000	0.0000	0.0000	0.0000	0.0000	0.0000	0.0000	0.0000	0.0000	0.0000	0.0000			0.0000	0.0000	2.0311	0.0000	5.0434	0.0000	0.0000	0.0000	0.0000	0.0000	0.0000	0.0000	0.0000	0.0000	0.0000	0.0000	0.0000	0.0000	0.0000	0.0000	0.0000	0.0000	0.0000	0.0000	0.0000	0.0000	0.0000	0.0000	0.0000	0.0000	0.0000	0.0000	0.0000	0.0000	0.0000	0.0000	0.0000	0.0000	0.0000	0.0000	0.0000	0.0000
22	63	0.3096	10	1	0	1	0	0	0	0	0	0	0	2	1	0	0	0	0	0	0	N	N	N	N	Y	N	N	N	N	N	N	N	N	N	N	N	N	N	inf	inf	0.0000	inf	inf	0.0000	inf	inf	0.0000	0.0031	0.0036	0.0000	0.0039	0.0041	0.0000	0.0029	0.0035	0.0000	0.0000	0.0000	0.0000	0.0000	0.0000	0.0000	0.0000	0.0000	0.0000	0.0000		-0.0000	0.0000	2.0311	1.0003	5.0434	0.7584	0.0001	0.0001	0.0000	0.0000	0.0000	0.0000	0.0001	0.0001	0.0000	0.0000	0.0000	0.0000	0.0000	0.0000	0.0000	0.0000	0.0000	0.0000	0.0257	0.0222	0.0035	0.0051	0.0049	0.0002	0.0206	0.0173	0.0033	0.0393	0.0262	0.0131	0.0156	0.0133	0.0023	0.0237	0.0129	0.0109
22	65	0.3109	10	1	0	0	0	0	0	0	0	0	1	1	2	0	0	0	0	0	0	N	N	N	N	N	Y	N	N	N	N	N	N	N	N	N	N	N	N	10.5042	6.4248	0.0000	3.4400	2.9721	0.0000	0.0000	0.0000	0.0000	0.3511	0.4168	0.0000	1.0578	1.0710	0.0000	0.0000	0.0000	0.0000	0.0334	0.0649	0.0000	0.3075	0.3603	0.0000	0.0000	0.0000	0.0000	0.0000	0.0000	-0.0000	-0.0004	2.0311	0.0006	5.0434	2.0029	0.0000	0.0000	0.0000	0.0000	0.0000	0.0000	0.0000	0.0000	0.0000	0.0007	0.0007	0.0000	0.0007	0.0007	0.0000	0.0000	0.0000	0.0000	0.0000	0.0000	0.0000	0.0000	0.0000	0.0000	0.0000	0.0000	0.0000	0.0201	0.0103	0.0097	0.0022	0.0019	0.0003	0.0179	0.0085	0.0094
22	66	0.3109	11	1	0	0	0	0	0	0	0	0	1	1	2	0	0	0	0	0	0	N	N	N	N	N	Y	N	N	N	N	N	N	N	N	N	N	N	N	0.0000	0.0685	0.0000	0.0022	0.0926	0.0000	0.0000	0.0000	0.0000	0.0001	0.0001	0.0000	0.0008	0.0009	0.0000	0.0000	0.0000	0.0000	8.4815	0.0019	16.9501	0.3639	0.0093	2.2822	9.5803	0.0000	17.5165	0.0000	9079.2667	-0.0000	0.4225	2.0311	5.0001	5.0434	8.0020	0.0000	0.0000	0.0000	0.0000	0.0000	0.0000	0.0000	0.0000	0.0000	0.9988	0.0001	0.9987	0.0051	0.0001	0.0050	0.9937	0.0000	0.9937	0.0936	0.0781	0.0156	0.0125	0.0116	0.0008	0.0812	0.0664	0.0147	0.1178	0.0588	0.0589	0.0140	0.0118	0.0022	0.1037	0.0470	0.0567
22	69	0.3145	11	2	0	1	0	0	0	0	0	0	0	2	1	0	0	0	0	0	0	Y	N	N	N	Y	N	N	N	N	N	N	N	N	N	N	N	N	N	0.0000	0.0000	0.0000	0.0000	0.0000	0.0000	0.0000	0.0000	0.0000	0.0000	0.0000	0.0000	0.0000	0.0000	0.0000	0.0000	0.0000	0.0000	0.0000	0.0000	0.0000	0.0000	0.0000	0.0000	0.0000	0.0000	0.0000			0.0000	0.0000	2.0311	0.0000	5.0434	0.0000	0.0000	0.0000	0.0000	0.0000	0.0000	0.0000	0.0000	0.0000	0.0000	0.0000	0.0000	0.0000	0.0000	0.0000	0.0000	0.0000	0.0000	0.0000	0.0000	0.0000	0.0000	0.0000	0.0000	0.0000	0.0000	0.0000	0.0000	0.0000	0.0000	0.0000	0.0000	0.0000	0.0000	0.0000	0.0000	0.0000
22	70	0.3096	10	2	0	1	0	1	0	0	0	0	0	2	1	0	0	0	0	0	0	Y	N	N	N	Y	N	N	N	N	N	N	N	N	N	N	N	N	N	0.0061	0.0048	0.0000	0.0125	0.0111	0.0000	0.0000	0.0000	0.0000	0.0000	0.0000	0.0000	0.0000	0.0000	0.0000	0.0000	0.0000	0.0000	0.0003	0.0004	0.0000	0.0007	0.0008	0.0000	0.0000	0.0000	0.0000	0.0000	0.0007	-0.0000	-0.0000	2.0311	0.9999	5.0434	0.6468	0.0000	0.0000	0.0000	0.0000	0.0000	0.0000	0.0000	0.0000	0.0000	0.0000	0.0000	0.0000	0.0000	0.0000	0.0000	0.0000	0.0000	0.0000	0.0257	0.0222	0.0035	0.0051	0.0049	0.0002	0.0206	0.0173	0.0033	0.0383	0.0256	0.0126	0.0155	0.0133	0.0023	0.0228	0.0124	0.0104
22	71	0.2991	9	1	0	1	0	0	0	1	0	1	0	2	1	0	0	0	0	0	0	N	N	N	N	Y	N	N	N	N	N	N	N	N	N	N	N	N	N	0.0008	0.0011	0.0000	0.0031	0.0029	0.0000	0.0006	0.0009	0.0000	0.0000	0.0000	0.0000	0.0000	0.0000	0.0000	0.0000	0.0000	0.0000	0.0016	0.0013	0.0019	0.0008	0.0009	0.0000	0.0017	0.0014	0.0020	0.0000	1.3106	-0.0000	-0.0000	2.0311	1.5692	5.0434	1.6165	0.0000	0.0000	0.0000	0.0000	0.0000	0.0000	0.0000	0.0000	0.0000	0.0001	0.0000	0.0000	0.0000	0.0000	0.0000	0.0001	0.0000	0.0000	0.0328	0.0275	0.0053	0.0044	0.0041	0.0003	0.0284	0.0234	0.0050	0.0331	0.0174	0.0157	0.0039	0.0034	0.0005	0.0292	0.0140	0.0152
23	25	0.0511	3	2	0	1	0	0	0	1	0	0	1	0	1	0	0	0	0	0	0	Y	N	N	N	N	N	N	N	N	N	N	N	N	N	N	N	N	N	0.1621	0.1032	0.0000	0.2363	0.2206	0.0000	0.0000	0.0000	0.0000	0.0014	0.0017	0.0000	0.0198	0.0201	0.0000	0.0000	0.0000	0.0000	0.0088	0.0168	0.0001	0.0837	0.0912	0.0008	0.0001	0.0002	0.0001	0.0000	0.0037	-0.0000	-0.0001	2.9896	1.5075	2.0229	1.0180	0.0001	0.0001	0.0000	0.0001	0.0001	0.0000	0.0000	0.0000	0.0000	0.0002	0.0002	0.0000	0.0002	0.0002	0.0000	0.0000	0.0000	0.0000	0.0575	0.0474	0.0101	0.0042	0.0041	0.0001	0.0533	0.0433	0.0100	0.0278	0.0146	0.0133	0.0029	0.0027	0.0002	0.0249	0.0119	0.0130
23	26	0.0238	2	2	0	0	0	0	0	0	0	0	1	0	1	0	0	0	0	0	0	Y	N	N	N	N	N	N	N	N	N	N	N	N	N	N	N	N	N	0.0430	0.0284	0.0000	0.0996	0.0972	0.0004	0.0153	0.0293	0.0000	0.0019	0.0023	0.0000	0.0316	0.0321	0.0000	0.0000	0.0000	0.0000	0.0439	0.0801	0.0037	0.3168	0.3305	0.0197	0.0026	0.0017	0.0035	0.0000	0.0412	-0.0001	-0.0021	2.9896	4.2500	2.0229	3.1084	0.0003	0.0003	0.0000	0.0003	0.0003	0.0000	0.0000	0.0000	0.0000	0.0040	0.0038	0.0002	0.0038	0.0038	0.0000	0.0002	0.0001	0.0001	0.1529	0.1269	0.0260	0.0090	0.0088	0.0002	0.1439	0.1181	0.0258	0.0907	0.0477	0.0430	0.0119	0.0114	0.0005	0.0788	0.0363	0.0424
23	28	0.1264	12	2	0	1	1	0	0	0	1	0	1	1	2	0	0	0	0	0	0	Y	N	N	N	N	Y	N	N	N	N	N	N	N	N	N	N	N	N	0.0000	0.0000	0.0000	0.0000	0.0000	0.0000	0.0000	0.0000	0.0000	0.0000	0.0000	0.0000	0.0000	0.0000	0.0000	0.0000	0.0000	0.0000	0.0000	0.0000	0.0000	0.0000	0.0000	0.0000	0.0000	0.0000	0.0000			0.0000	0.0000	2.9896	0.0000	2.0229	0.0000	0.0000	0.0000	0.0000	0.0000	0.0000	0.0000	0.0000	0.0000	0.0000	0.0000	0.0000	0.0000	0.0000	0.0000	0.0000	0.0000	0.0000	0.0000	0.0000	0.0000	0.0000	0.0000	0.0000	0.0000	0.0000	0.0000	0.0000	0.0000	0.0000	0.0000	0.0000	0.0000	0.0000	0.0000	0.0000	0.0000
23	29	0.1264	12	2	0	1	0	0	0	0	0	0	1	1	2	0	0	0	0	0	0	Y	N	N	N	N	Y	N	N	N	N	N	N	N	N	N	N	N	N	0.0000	0.0000	0.0000	0.0000	0.0000	0.0000	0.0000	0.0000	0.0000	0.0000	0.0000	0.0000	0.0000	0.0000	0.0000	0.0000	0.0000	0.0000	0.0026	0.0054	0.0000	0.0305	0.0350	0.0000	0.0000	0.0000	0.0000		0.0000	0.0000	-0.0000	2.9896	0.0000	2.0229	1.0000	0.0000	0.0000	0.0000	0.0000	0.0000	0.0000	0.0000	0.0000	0.0000	0.0000	0.0000	0.0000	0.0000	0.0000	0.0000	0.0000	0.0000	0.0000	0.0000	0.0000	0.0000	0.0000	0.0000	0.0000	0.0000	0.0000	0.0000	0.0078	0.0037	0.0041	0.0007	0.0006	0.0001	0.0071	0.0032	0.0040
23	30	0.1264	11	2	0	1	0	0	0	1	0	0	1	1	2	0	0	0	0	0	0	Y	N	N	N	N	Y	N	N	N	N	N	N	N	N	N	N	N	N	0.0000	0.0000	0.0000	0.0000	0.0000	0.0000	0.0000	0.0000	0.0000	0.0000	0.0000	0.0000	0.0000	0.0000	0.0000	0.0000	0.0000	0.0000	0.0000	0.0000	0.0000	0.0000	0.0000	0.0000	0.0000	0.0000	0.0000			0.0000	0.0000	2.9896	0.0000	2.0229	0.0010	0.0000	0.0000	0.0000	0.0000	0.0000	0.0000	0.0000	0.0000	0.0000	0.0000	0.0000	0.0000	0.0000	0.0000	0.0000	0.0000	0.0000	0.0000	0.0000	0.0000	0.0000	0.0000	0.0000	0.0000	0.0000	0.0000	0.0000	0.0000	0.0000	0.0000	0.0000	0.0000	0.0000	0.0000	0.0000	0.0000
23	31	0.1237	10	2	0	0	0	0	0	0	0	0	1	1	2	0	0	0	0	0	0	Y	N	N	N	N	Y	N	N	N	N	N	N	N	N	N	N	N	N	0.0000	0.0000	0.0000	0.0000	0.0000	0.0000	0.0000	0.0000	0.0000	0.0000	0.0000	0.0000	0.0000	0.0000	0.0000	0.0000	0.0000	0.0000	0.0000	0.0000	0.0000	0.0000	0.0000	0.0000	0.0000	0.0000	0.0000			-0.0000	0.0000	2.9896	0.0008	2.0229	0.9932	0.0000	0.0000	0.0000	0.0000	0.0000	0.0000	0.0000	0.0000	0.0000	0.0000	0.0000	0.0000	0.0000	0.0000	0.0000	0.0000	0.0000	0.0000	0.0000	0.0000	0.0000	0.0000	0.0000	0.0000	0.0000	0.0000	0.0000	0.0081	0.0040	0.0041	0.0008	0.0007	0.0001	0.0073	0.0033	0.0040
23	35	0.0950	10	2	0	1	0	0	0	0	0	0	2	0	2	0	0	0	0	0	0	Y	N	N	N	N	Y	N	N	N	N	N	N	N	N	N	N	N	N	0.0018	0.0341	0.0000	0.0887	0.1929	0.0000	0.0000	0.0000	0.0000	0.0001	0.0001	0.0000	0.0017	0.0018	0.0000	0.0000	0.0000	0.0000	0.0435	0.0028	0.0874	0.0186	0.0091	0.2488	0.0485	0.0000	0.0852	0.0000	29.0769	-0.0000	0.0015	2.9896	4.0048	2.0229	3.3550	0.0000	0.0000	0.0000	0.0000	0.0000	0.0000	0.0000	0.0000	0.0000	0.0038	0.0001	0.0036	0.0003	0.0001	0.0001	0.0035	0.0000	0.0035	0.1264	0.1040	0.0224	0.0060	0.0056	0.0003	0.1204	0.0983	0.0221	0.0867	0.0449	0.0417	0.0144	0.0138	0.0006	0.0723	0.0312	0.0411
23	36	0.0836	9	2	0	1	0	0	0	0	0	0	1	0	1	0	0	0	0	0	0	Y	N	N	N	N	N	N	N	N	N	N	N	N	N	N	N	N	N	0.0019	0.0146	0.0000	0.0000	0.0000	0.0000	0.0018	0.0136	0.0000	0.0001	0.0001	0.0000	0.0000	0.0000	0.0000	0.0001	0.0001	0.0000	0.0617	0.0097	0.1120	0.0260	0.0026	0.2198	0.0644	0.0107	0.1104	0.0000	11.9841	-0.0000	0.0007	2.9896	2.9973	2.0229	0.6905	0.0000	0.0000	0.0000	0.0000	0.0000	0.0000	0.0000	0.0000	0.0000	0.0019	0.0001	0.0018	0.0001	0.0000	0.0001	0.0019	0.0001	0.0017	0.0858	0.0703	0.0156	0.0023	0.0022	0.0001	0.0835	0.0680	0.0154	0.0313	0.0154	0.0159	0.0022	0.0020	0.0002	0.0291	0.0134	0.0157
23	37	0.0836	8	2	0	1	0	1	0	1	0	0	1	0	1	0	0	0	0	0	0	Y	N	N	N	N	N	N	N	N	N	N	N	N	N	N	N	N	N	0.0000	0.0000	0.0000	0.0000	0.0000	0.0000	0.0000	0.0000	0.0000	0.0000	0.0000	0.0000	0.0000	0.0000	0.0000	0.0000	0.0000	0.0000	0.0000	0.0000	0.0000	0.0000	0.0000	0.0000	0.0000	0.0000	0.0000			0.0000	0.0000	2.9896	0.0022	2.0229	0.0001	0.0000	0.0000	0.0000	0.0000	0.0000	0.0000	0.0000	0.0000	0.0000	0.0000	0.0000	0.0000	0.0000	0.0000	0.0000	0.0000	0.0000	0.0000	0.0001	0.0001	0.0000	0.0000	0.0000	0.0000	0.0001	0.0001	0.0000	0.0000	0.0000	0.0000	0.0000	0.0000	0.0000	0.0000	0.0000	0.0000
23	38	0.2741	10	2	0	0	0	0	0	0	0	0	1	1	2	0	0	0	0	0	0	Y	N	N	N	N	Y	N	N	N	N	N	N	N	N	N	N	N	N	0.0000	0.0000	0.0000	0.0000	0.0000	0.0000	0.0000	0.0000	0.0000	0.0000	0.0000	0.0000	0.0000	0.0000	0.0000	0.0000	0.0000	0.0000	0.0007	0.0013	0.0000	0.0041	0.0046	0.0000	0.0000	0.0000	0.0000		0.0229	0.0000	-0.0000	2.9896	0.0030	2.0229	2.0047	0.0000	0.0000	0.0000	0.0000	0.0000	0.0000	0.0000	0.0000	0.0000	0.0000	0.0000	0.0000	0.0000	0.0000	0.0000	0.0000	0.0000	0.0000	0.0022	0.0017	0.0005	0.0011	0.0011	0.0000	0.0011	0.0006	0.0005	0.0152	0.0080	0.0071	0.0024	0.0022	0.0002	0.0128	0.0058	0.0069
23	39	0.2593	9	2	0	0	0	1	0	0	0	1	2	1	2	0	0	0	0	0	0	Y	N	N	N	N	Y	N	N	N	N	N	N	N	N	N	N	N	N	0.0000	0.0000	0.0247	0.0000	0.0000	0.0671	0.0004	0.0001	0.0110	0.0000	0.0000	0.0000	0.0000	0.0000	0.0000	0.0000	0.0000	0.0000	0.0280	0.0407	0.0001	0.0630	0.0680	0.0000	0.0003	0.0005	0.0001	1.7584	0.0007	0.0000	-0.0012	2.9896	2.0135	2.0229	0.9920	0.0000	0.0000	0.0000	0.0000	0.0000	0.0000	0.0000	0.0000	0.0000	0.0021	0.0021	0.0000	0.0020	0.0020	0.0000	0.0000	0.0000	0.0000	0.2259	0.2049	0.0210	0.1124	0.1053	0.0071	0.1136	0.0996	0.0139	0.0734	0.0503	0.0231	0.0324	0.0300	0.0024	0.0410	0.0203	0.0207
23	40	0.0606	7	2	0	1	0	1	0	1	0	1	1	1	1	0	0	0	0	0	0	Y	N	N	N	N	N	N	N	N	N	N	N	N	N	N	N	N	N	703.1522	426.6790	0.0000	0.0817	0.0789	0.0000	921165.0777	inf	0.0000	6.7516	8.2585	0.0000	0.0094	0.0103	0.0000	6.8509	8.3947	0.0000	0.0096	0.0194	0.0000	0.1152	0.1302	0.0000	0.0000	0.0000	0.0000	0.0000	0.0007	-0.3576	-0.0007	2.9896	5.0282	2.0229	8.9849	0.9893	0.9893	0.0000	0.0000	0.0000	0.0000	0.9893	0.9893	0.0000	0.0011	0.0011	0.0000	0.0011	0.0011	0.0000	0.0000	0.0000	0.0000	0.1465	0.1198	0.0267	0.0021	0.0019	0.0002	0.1444	0.1178	0.0266	0.1181	0.0586	0.0596	0.0098	0.0087	0.0011	0.1083	0.0499	0.0584
23	42	0.0582	6	2	0	1	0	1	0	1	0	0	1	0	1	0	0	0	0	0	0	Y	N	N	N	N	N	N	N	N	N	N	N	N	N	N	N	N	N	0.0000	0.0000	0.0000	0.0000	0.0000	0.0000	0.0000	0.0000	0.0000	0.0000	0.0000	0.0000	0.0000	0.0000	0.0000	0.0000	0.0000	0.0000	0.0079	0.0159	0.0000	0.0922	0.1037	0.0000	0.0000	0.0000	0.0000		0.0000	0.0000	-0.0002	2.9896	2.0001	2.0229	2.0031	0.0000	0.0000	0.0000	0.0000	0.0000	0.0000	0.0000	0.0000	0.0000	0.0003	0.0003	0.0000	0.0003	0.0003	0.0000	0.0000	0.0000	0.0000	0.0589	0.0481	0.0108	0.0007	0.0006	0.0001	0.0582	0.0475	0.0108	0.0354	0.0176	0.0178	0.0030	0.0027	0.0003	0.0324	0.0149	0.0175
23	43	0.0948	11	2	0	0	0	0	0	0	0	0	1	1	2	0	0	0	0	0	0	Y	N	N	N	N	Y	N	N	N	N	N	N	N	N	N	N	N	N	0.0000	0.0000	0.0000	0.0000	0.0000	0.0000	0.0000	0.0000	0.0000	0.0000	0.0000	0.0000	0.0000	0.0000	0.0000	0.0000	0.0000	0.0000	0.0002	0.0005	0.0000	0.0027	0.0030	0.0000	0.0000	0.0000	0.0000		0.0000	0.0000	-0.0000	2.9896	3.9996	2.0229	6.0133	0.0000	0.0000	0.0000	0.0000	0.0000	0.0000	0.0000	0.0000	0.0000	0.0000	0.0000	0.0000	0.0000	0.0000	0.0000	0.0000	0.0000	0.0000	0.1141	0.0936	0.0205	0.0031	0.0029	0.0001	0.1110	0.0907	0.0204	0.0836	0.0415	0.0420	0.0075	0.0066	0.0009	0.0761	0.0349	0.0412
23	44	0.0948	10	2	0	0	0	0	0	0	0	1	2	1	2	0	0	0	0	0	0	Y	N	N	N	N	Y	N	N	N	N	N	N	N	N	N	N	N	N	0.0000	0.0000	0.0000	0.0000	0.0000	0.0000	0.0000	0.0000	0.0000	0.0000	0.0000	0.0000	0.0000	0.0000	0.0000	0.0000	0.0000	0.0000	0.0001	0.0000	0.0001	0.0002	0.0001	0.0049	0.0000	0.0000	0.0000		0.9999	0.0000	-0.0000	2.9896	0.0009	2.0229	0.0333	0.0000	0.0000	0.0000	0.0000	0.0000	0.0000	0.0000	0.0000	0.0000	0.0000	0.0000	0.0000	0.0000	0.0000	0.0000	0.0000	0.0000	0.0000	0.0000	0.0000	0.0000	0.0000	0.0000	0.0000	0.0000	0.0000	0.0000	0.0006	0.0004	0.0002	0.0002	0.0002	0.0000	0.0004	0.0002	0.0002
23	45	0.0806	7	2	0	1	0	0	0	0	0	0	1	0	1	0	0	0	0	0	0	Y	N	N	N	N	N	N	N	N	N	N	N	N	N	N	N	N	N	0.0000	0.0000	0.0000	0.0587	0.0576	0.0000	0.0000	0.0000	0.0000	0.0000	0.0000	0.0000	0.0015	0.0017	0.0000	0.0000	0.0000	0.0000	2.5676	4.8836	0.0001	0.0263	0.0290	0.0000	2.8660	5.9585	0.0001	0.0000	0.0000	-0.0000	-0.5664	2.9896	28.1541	2.0229	22.5093	0.0000	0.0000	0.0000	0.0000	0.0000	0.0000	0.0000	0.0000	0.0000	0.9819	0.9819	0.0000	0.0011	0.0011	0.0000	0.9808	0.9808	0.0000	0.7350	0.6076	0.1274	0.0195	0.0180	0.0015	0.7156	0.5897	0.1259	0.3824	0.2011	0.1814	0.0402	0.0364	0.0037	0.3422	0.1646	0.1776
23	46	0.0782	6	2	0	1	0	1	0	1	0	0	1	0	1	0	0	0	0	0	0	Y	N	N	N	N	N	N	N	N	N	N	N	N	N	N	N	N	N	0.0062	0.0048	0.0201	0.0108	0.0111	0.3186	0.0032	0.0020	0.0031	0.0015	0.0018	0.0000	0.0040	0.0041	0.0002	0.0006	0.0007	0.0000	0.2508	0.3624	0.0011	0.3663	0.3724	0.0006	0.1918	0.3530	0.0011	0.0017	0.0013	-0.0000	-0.0083	2.9896	0.7642	2.0229	1.7872	0.0001	0.0001	0.0000	0.0000	0.0000	0.0000	0.0000	0.0000	0.0000	0.0144	0.0144	0.0000	0.0071	0.0071	0.0000	0.0073	0.0073	0.0000	0.0450	0.0396	0.0054	0.0125	0.0120	0.0005	0.0325	0.0276	0.0049	0.0575	0.0397	0.0177	0.0194	0.0191	0.0003	0.0380	0.0206	0.0174
23	47	0.0621	4	2	0	1	0	0	0	0	0	0	1	0	1	0	0	0	0	0	0	Y	N	N	N	N	N	N	N	N	N	N	N	N	N	N	N	N	N	596.3611	0.0003	2646082.5941	1.9518	0.0044	51053.0459	975.8490	0.0000	2800778.9589	3.1373	0.0000	17.9305	0.0277	0.0001	0.6952	3.2354	0.0000	18.0512	0.0053	0.0097	0.0000	0.0142	0.0161	0.0000	0.0033	0.0071	0.0000	1511720.6017	0.0006	0.6382	-0.0005	2.9896	9.7242	2.0229	5.3244	0.9994	0.0000	0.9994	0.0003	0.0000	0.0003	0.9991	0.0000	0.9991	0.0009	0.0009	0.0000	0.0004	0.0004	0.0000	0.0005	0.0005	0.0000	0.3186	0.2628	0.0557	0.0097	0.0094	0.0004	0.3088	0.2535	0.0553	0.1671	0.0908	0.0763	0.0299	0.0263	0.0035	0.1372	0.0644	0.0728
23	48	0.0432	3	2	0	1	0	0	0	1	0	0	1	0	1	0	0	0	0	0	0	Y	N	N	N	N	N	N	N	N	N	N	N	N	N	N	N	N	N	0.1039	0.0157	204.2571	0.3921	0.2848	735.7555	0.0806	0.0019	197.8674	0.0192	0.0051	0.0965	0.0454	0.0360	0.6251	0.0161	0.0008	0.0907	0.1845	0.3235	0.0005	0.1158	0.1264	0.0008	0.1999	0.4059	0.0005	3.4721	0.0011	0.0004	-0.0079	2.9896	1.4138	2.0229	4.9848	0.0010	0.0002	0.0008	0.0002	0.0002	0.0001	0.0007	0.0000	0.0007	0.0138	0.0137	0.0000	0.0016	0.0016	0.0000	0.0122	0.0122	0.0000	0.0519	0.0439	0.0080	0.0054	0.0053	0.0001	0.0465	0.0386	0.0079	0.0746	0.0425	0.0321	0.0137	0.0125	0.0012	0.0609	0.0300	0.0309
23	50	0.1237	10	2	0	0	1	0	0	0	1	0	1	1	2	0	0	0	0	0	0	Y	N	N	N	N	Y	N	N	N	N	N	N	N	N	N	N	N	N	0.0000	0.0000	0.0000	0.0000	0.0000	0.0000	0.0000	0.0000	0.0000	0.0000	0.0000	0.0000	0.0000	0.0000	0.0000	0.0000	0.0000	0.0000	0.0000	0.0000	0.0000	0.0000	0.0000	0.0000	0.0000	0.0000	0.0000			-0.0000	0.0000	2.9896	0.9995	2.0229	1.0067	0.0000	0.0000	0.0000	0.0000	0.0000	0.0000	0.0000	0.0000	0.0000	0.0000	0.0000	0.0000	0.0000	0.0000	0.0000	0.0000	0.0000	0.0000	0.0287	0.0237	0.0050	0.0020	0.0019	0.0001	0.0267	0.0218	0.0049	0.0159	0.0077	0.0082	0.0014	0.0013	0.0002	0.0145	0.0064	0.0080
23	51	0.0862	9	2	0	0	0	0	0	0	0	1	2	1	2	0	0	0	0	0	0	Y	N	N	N	N	Y	N	N	N	N	N	N	N	N	N	N	N	N	inf	inf	0.0000	inf	inf	0.0000	inf	inf	0.0000	0.0015	0.0018	0.0000	0.0615	0.0645	0.0000	0.0002	0.0002	0.0000	0.0000	0.0000	0.0000	0.0000	0.0000	0.0000	0.0000	0.0000	0.0000	0.0000		-0.0002	0.0000	2.9896	11.0065	2.0229	2.0630	0.0004	0.0004	0.0000	0.0004	0.0004	0.0000	0.0000	0.0000	0.0000	0.0000	0.0000	0.0000	0.0000	0.0000	0.0000	0.0000	0.0000	0.0000	0.3050	0.2503	0.0547	0.0065	0.0062	0.0003	0.2985	0.2441	0.0544	0.1088	0.0543	0.0546	0.0090	0.0080	0.0010	0.0998	0.0463	0.0536
23	52	0.3152	10	2	0	1	0	1	0	1	0	0	1	0	1	0	0	0	0	0	0	Y	N	N	N	N	N	N	N	N	N	N	N	N	N	N	N	N	N	0.0645	0.0420	0.0000	0.1046	0.1029	0.0000	0.0000	0.0000	0.0000	0.0006	0.0007	0.0000	0.0059	0.0064	0.0000	0.0000	0.0000	0.0000	0.0096	0.0177	0.0002	0.0567	0.0620	0.0006	0.0001	0.0000	0.0002	0.0000	0.0089	-0.0000	-0.0007	2.9896	6.1530	2.0229	9.3095	0.0001	0.0001	0.0000	0.0001	0.0001	0.0000	0.0000	0.0000	0.0000	0.0012	0.0012	0.0000	0.0012	0.0012	0.0000	0.0000	0.0000	0.0000	0.1751	0.1463	0.0288	0.0184	0.0171	0.0013	0.1567	0.1292	0.0275	0.1223	0.0659	0.0563	0.0206	0.0188	0.0018	0.1017	0.0471	0.0546
23	56	0.0948	10	2	0	1	0	0	0	1	0	0	1	0	1	0	0	0	0	0	0	Y	N	N	N	N	N	N	N	N	N	N	N	N	N	N	N	N	N	0.0000	0.0000	0.0000	0.0000	0.0000	0.0000	0.0000	0.0000	0.0000	0.0000	0.0000	0.0000	0.0000	0.0000	0.0000	0.0000	0.0000	0.0000	0.0000	0.0000	0.0000	0.0000	0.0000	0.0000	0.0000	0.0000	0.0000			0.0000	0.0000	2.9896	5.0004	2.0229	3.0004	0.0000	0.0000	0.0000	0.0000	0.0000	0.0000	0.0000	0.0000	0.0000	0.0000	0.0000	0.0000	0.0000	0.0000	0.0000	0.0000	0.0000	0.0000	0.1420	0.1165	0.0255	0.0038	0.0036	0.0002	0.1381	0.1128	0.0253	0.0674	0.0335	0.0339	0.0060	0.0053	0.0007	0.0614	0.0282	0.0332
23	57	0.0862	9	2	0	0	0	0	0	0	0	0	1	0	1	0	0	0	0	0	0	Y	N	N	N	N	N	N	N	N	N	N	N	N	N	N	N	N	N	0.0260	0.0165	0.0675	0.1584	0.0898	inf	0.0000	0.0000	0.0000	0.0000	0.0000	0.0000	0.0000	0.0000	0.0001	0.0000	0.0000	0.0000	0.0000	0.0000	0.0000	0.0000	0.0001	0.0000	0.0000	0.0000	0.0000	0.6944	0.7347	0.0000	-0.0000	2.9896	0.9943	2.0229	1.9980	0.0000	0.0000	0.0000	0.0000	0.0000	0.0000	0.0000	0.0000	0.0000	0.0000	0.0000	0.0000	0.0000	0.0000	0.0000	0.0000	0.0000	0.0000	0.0292	0.0239	0.0054	0.0008	0.0008	0.0000	0.0285	0.0231	0.0053	0.0269	0.0137	0.0132	0.0026	0.0023	0.0002	0.0243	0.0113	0.0130
23	58	0.0808	8	2	0	0	0	0	0	0	0	0	1	0	1	0	0	0	0	0	0	Y	N	N	N	N	N	N	N	N	N	N	N	N	N	N	N	N	N	2.5599	1.5465	0.0000	15.9624	16.2374	0.0000	0.0000	0.0000	0.0000	0.0000	0.0000	0.0000	0.0012	0.0014	0.0000	0.0000	0.0000	0.0000	0.0000	0.0000	0.0000	0.0001	0.0001	0.0000	0.0000	0.0000	0.0000	0.0000	0.0000	-0.0000	-0.0000	2.9896	0.0070	2.0229	1.9921	0.0000	0.0000	0.0000	0.0000	0.0000	0.0000	0.0000	0.0000	0.0000	0.0000	0.0000	0.0000	0.0000	0.0000	0.0000	0.0000	0.0000	0.0000	0.0002	0.0002	0.0000	0.0000	0.0000	0.0000	0.0002	0.0002	0.0000	0.0173	0.0085	0.0087	0.0012	0.0011	0.0001	0.0161	0.0075	0.0086
23	59	0.0808	7	2	0	0	0	1	0	0	0	0	1	0	1	0	0	0	0	0	0	Y	N	N	N	N	N	N	N	N	N	N	N	N	N	N	N	N	N	0.0000	0.0000	0.0000	0.0000	0.0000	0.0000	0.0000	0.0000	0.0000	0.0000	0.0000	0.0000	0.0000	0.0000	0.0000	0.0000	0.0000	0.0000	0.0000	0.0000	0.0000	0.0000	0.0000	0.0000	0.0000	0.0000	0.0000			0.0000	0.0000	2.9896	0.0000	2.0229	0.0000	0.0000	0.0000	0.0000	0.0000	0.0000	0.0000	0.0000	0.0000	0.0000	0.0000	0.0000	0.0000	0.0000	0.0000	0.0000	0.0000	0.0000	0.0000	0.0000	0.0000	0.0000	0.0000	0.0000	0.0000	0.0000	0.0000	0.0000	0.0000	0.0000	0.0000	0.0000	0.0000	0.0000	0.0000	0.0000	0.0000
23	65	0.1242	9	1	0	0	0	0	0	0	0	0	2	0	2	0	0	0	0	0	0	N	N	N	N	N	Y	N	N	N	N	N	N	N	N	N	N	N	N	0.0000	0.0000	0.0000	0.0000	0.0000	0.0000	0.0000	0.0000	0.0000	0.0000	0.0000	0.0000	0.0000	0.0000	0.0000	0.0000	0.0000	0.0000	0.0000	0.0000	0.0000	0.0000	0.0000	0.0000	0.0000	0.0000	0.0000		inf	0.0000	0.0000	2.9896	0.0006	2.0229	2.0029	0.0000	0.0000	0.0000	0.0000	0.0000	0.0000	0.0000	0.0000	0.0000	0.0000	0.0000	0.0000	0.0000	0.0000	0.0000	0.0000	0.0000	0.0000	0.0000	0.0000	0.0000	0.0000	0.0000	0.0000	0.0000	0.0000	0.0000	0.0169	0.0085	0.0084	0.0021	0.0018	0.0003	0.0148	0.0067	0.0081
23	66	0.1242	10	1	0	0	0	0	0	0	0	0	2	0	2	0	0	0	0	0	0	N	N	N	N	N	Y	N	N	N	N	N	N	N	N	N	N	N	N	6.5030	0.0000	inf	17.4430	0.0000	inf	0.0000	0.0000	0.0000	0.0023	0.0000	0.0127	0.0494	0.0000	0.7417	0.0000	0.0000	0.0000	0.0003	0.0007	0.0000	0.0028	0.0033	0.0000	0.0000	0.0000	0.0000	inf	0.0000	0.0002	-0.0000	2.9896	5.0001	2.0229	8.0020	0.0004	0.0000	0.0004	0.0004	0.0000	0.0004	0.0000	0.0000	0.0000	0.0000	0.0000	0.0000	0.0000	0.0000	0.0000	0.0000	0.0000	0.0000	0.1595	0.1311	0.0284	0.0073	0.0068	0.0005	0.1522	0.1243	0.0279	0.1152	0.0580	0.0572	0.0141	0.0122	0.0019	0.1011	0.0458	0.0553
23	69	0.1278	10	2	0	1	0	0	0	0	0	0	1	1	1	0	0	0	0	0	0	Y	N	N	N	N	N	N	N	N	N	N	N	N	N	N	N	N	N	0.0000	0.0000	0.0000	0.0000	0.0000	0.0000	0.0000	0.0000	0.0000	0.0000	0.0000	0.0000	0.0000	0.0000	0.0000	0.0000	0.0000	0.0000	0.0000	0.0000	0.0000	0.0000	0.0000	0.0000	0.0000	0.0000	0.0000			0.0000	0.0000	2.9896	0.0000	2.0229	0.0000	0.0000	0.0000	0.0000	0.0000	0.0000	0.0000	0.0000	0.0000	0.0000	0.0000	0.0000	0.0000	0.0000	0.0000	0.0000	0.0000	0.0000	0.0000	0.0000	0.0000	0.0000	0.0000	0.0000	0.0000	0.0000	0.0000	0.0000	0.0000	0.0000	0.0000	0.0000	0.0000	0.0000	0.0000	0.0000	0.0000
23	70	0.1230	9	2	0	1	0	1	0	0	0	0	1	1	1	0	0	0	0	0	0	Y	N	N	N	N	N	N	N	N	N	N	N	N	N	N	N	N	N	0.0000	0.0000	0.0000	0.0000	0.0000	0.0000	0.0000	0.0000	0.0000	0.0000	0.0000	0.0000	0.0000	0.0000	0.0000	0.0000	0.0000	0.0000	0.0007	0.0011	0.0000	0.0019	0.0022	0.0000	0.0000	0.0000	0.0000		0.0098	0.0000	-0.0000	2.9896	0.9999	2.0229	0.6468	0.0000	0.0000	0.0000	0.0000	0.0000	0.0000	0.0000	0.0000	0.0000	0.0000	0.0000	0.0000	0.0000	0.0000	0.0000	0.0000	0.0000	0.0000	0.0354	0.0300	0.0055	0.0042	0.0041	0.0001	0.0313	0.0259	0.0054	0.0278	0.0179	0.0099	0.0105	0.0090	0.0015	0.0173	0.0089	0.0084
24	25	0.0353	2	2	0	1	0	0	0	1	0	0	0	0	0	0	0	0	0	0	0	Y	N	N	N	N	N	N	N	N	N	N	N	N	N	N	N	N	N	0.0250	0.0159	0.1642	0.0112	0.0105	0.0004	1.1237	1.2498	0.1986	0.0197	0.0226	0.0013	0.0404	0.0418	0.0000	0.0083	0.0100	0.0014	0.7908	1.4217	0.0077	3.6090	3.9817	0.0225	0.0074	0.0080	0.0069	0.0087	0.0043	-0.0001	-0.0093	0.3867	1.5075	2.3109	1.0180	0.0003	0.0003	0.0000	0.0002	0.0002	0.0000	0.0001	0.0001	0.0000	0.0162	0.0161	0.0001	0.0161	0.0161	0.0000	0.0001	0.0001	0.0001	0.0154	0.0133	0.0021	0.0055	0.0053	0.0002	0.0099	0.0080	0.0019	0.0205	0.0114	0.0092	0.0045	0.0040	0.0004	0.0160	0.0073	0.0087
24	28	0.1106	11	2	0	1	1	0	0	0	1	0	0	1	1	0	0	0	0	0	0	Y	N	N	N	N	N	N	N	N	N	N	N	N	N	N	N	N	N	0.0000	0.0000	0.0000	0.0000	0.0000	0.0000	0.0000	0.0000	0.0000	0.0000	0.0000	0.0000	0.0000	0.0000	0.0000	0.0000	0.0000	0.0000	0.0000	0.0000	0.0000	0.0000	0.0000	0.0000	0.0000	0.0000	0.0000			0.0000	0.0000	0.3867	0.0000	2.3109	0.0000	0.0000	0.0000	0.0000	0.0000	0.0000	0.0000	0.0000	0.0000	0.0000	0.0000	0.0000	0.0000	0.0000	0.0000	0.0000	0.0000	0.0000	0.0000	0.0000	0.0000	0.0000	0.0000	0.0000	0.0000	0.0000	0.0000	0.0000	0.0000	0.0000	0.0000	0.0000	0.0000	0.0000	0.0000	0.0000	0.0000
24	29	0.1106	11	2	0	1	0	0	0	0	0	0	0	1	1	0	0	0	0	0	0	Y	N	N	N	N	N	N	N	N	N	N	N	N	N	N	N	N	N	0.0000	0.0000	0.0000	0.0000	0.0000	0.0000	0.0000	0.0000	0.0000	0.0000	0.0000	0.0000	0.0000	0.0000	0.0000	0.0000	0.0000	0.0000	0.0467	0.0839	0.0086	0.3529	0.3824	0.0000	0.0048	0.0000	0.0088		0.1000	0.0000	-0.0001	0.3867	0.0000	2.3109	1.0000	0.0000	0.0000	0.0000	0.0000	0.0000	0.0000	0.0000	0.0000	0.0000	0.0002	0.0002	0.0000	0.0002	0.0002	0.0000	0.0000	0.0000	0.0000	0.0000	0.0000	0.0000	0.0000	0.0000	0.0000	0.0000	0.0000	0.0000	0.0047	0.0024	0.0023	0.0006	0.0005	0.0000	0.0041	0.0019	0.0023
24	30	0.1106	10	2	0	1	0	0	0	1	0	0	0	1	1	0	0	0	0	0	0	Y	N	N	N	N	N	N	N	N	N	N	N	N	N	N	N	N	N	0.0000	0.0000	0.0000	0.0000	0.0000	0.0000	0.0000	0.0000	0.0000	0.0000	0.0000	0.0000	0.0000	0.0000	0.0000	0.0000	0.0000	0.0000	0.0012	0.0015	0.0000	0.0031	0.0032	0.0000	0.0000	0.0000	0.0000		0.0000	0.0000	-0.0000	0.3867	0.0000	2.3109	0.0010	0.0000	0.0000	0.0000	0.0000	0.0000	0.0000	0.0000	0.0000	0.0000	0.0000	0.0000	0.0000	0.0000	0.0000	0.0000	0.0000	0.0000	0.0000	0.0000	0.0000	0.0000	0.0000	0.0000	0.0000	0.0000	0.0000	0.0000	0.0000	0.0000	0.0000	0.0000	0.0000	0.0000	0.0000	0.0000	0.0000
24	31	0.1079	9	2	0	0	0	0	0	0	0	0	0	1	1	0	0	0	0	0	0	Y	N	N	N	N	N	N	N	N	N	N	N	N	N	N	N	N	N	0.0000	0.0000	0.0000	0.0000	0.0000	0.0000	0.0000	0.0000	0.0000	0.0000	0.0000	0.0000	0.0000	0.0000	0.0000	0.0000	0.0000	0.0000	0.0041	0.0079	0.0000	0.0307	0.0329	0.0000	0.0000	0.0000	0.0000		0.0000	-0.0000	-0.0000	0.3867	0.0008	2.3109	0.9932	0.0000	0.0000	0.0000	0.0000	0.0000	0.0000	0.0000	0.0000	0.0000	0.0000	0.0000	0.0000	0.0000	0.0000	0.0000	0.0000	0.0000	0.0000	0.0000	0.0000	0.0000	0.0000	0.0000	0.0000	0.0000	0.0000	0.0000	0.0049	0.0025	0.0023	0.0006	0.0006	0.0000	0.0042	0.0019	0.0023
24	35	0.0792	9	2	0	1	0	0	0	0	0	0	1	0	1	0	0	0	0	0	0	Y	N	N	N	N	N	N	N	N	N	N	N	N	N	N	N	N	N	0.0000	0.0002	0.0000	0.0003	0.0005	0.0001	0.0000	0.0000	0.0000	0.0000	0.0000	0.0000	0.0000	0.0000	0.0002	0.0000	0.0000	0.0000	0.8455	0.0210	1.7979	0.0753	0.0258	1.9841	1.4584	0.0013	1.7933	0.7507	74.0626	0.0000	0.0825	0.3867	4.0048	2.3109	3.3550	0.0000	0.0000	0.0000	0.0000	0.0000	0.0000	0.0000	0.0000	0.0000	0.2013	0.0027	0.1986	0.0079	0.0027	0.0053	0.1934	0.0000	0.1933	0.0262	0.0226	0.0036	0.0084	0.0079	0.0005	0.0178	0.0147	0.0031	0.2381	0.1276	0.1105	0.1055	0.1028	0.0027	0.1326	0.0248	0.1078
24	36	0.0678	8	2	0	1	0	0	0	0	0	0	0	0	0	0	0	0	0	0	0	Y	N	N	N	N	N	N	N	N	N	N	N	N	N	N	N	N	N	0.0000	0.0001	0.0000	0.0000	0.0001	0.0000	0.0000	0.0001	0.0000	0.0000	0.0000	0.0000	0.0000	0.0000	0.0000	0.0000	0.0000	0.0000	4.0466	0.2213	9.8836	0.6035	0.2810	10.3584	4.9119	0.1929	9.8757	0.0027	29.2737	-0.0000	0.0390	0.3867	2.9973	2.3109	0.6905	0.0000	0.0000	0.0000	0.0000	0.0000	0.0000	0.0000	0.0000	0.0000	0.1000	0.0033	0.0967	0.0030	0.0013	0.0016	0.0970	0.0020	0.0951	0.0177	0.0153	0.0025	0.0054	0.0051	0.0003	0.0123	0.0101	0.0022	0.0247	0.0149	0.0098	0.0050	0.0048	0.0002	0.0197	0.0101	0.0096
24	37	0.0678	7	2	0	1	0	1	0	1	0	0	0	0	0	0	0	0	0	0	0	Y	N	N	N	N	N	N	N	N	N	N	N	N	N	N	N	N	N	0.0000	0.0000	0.0000	0.0000	0.0000	0.0000	0.0000	0.0000	0.0000	0.0000	0.0000	0.0000	0.0000	0.0000	0.0000	0.0000	0.0000	0.0000	0.0000	0.0000	0.0000	0.0000	0.0000	0.0000	0.0000	0.0000	0.0000			0.0000	0.0000	0.3867	0.0022	2.3109	0.0001	0.0000	0.0000	0.0000	0.0000	0.0000	0.0000	0.0000	0.0000	0.0000	0.0000	0.0000	0.0000	0.0000	0.0000	0.0000	0.0000	0.0000	0.0000	0.0000	0.0000	0.0000	0.0000	0.0000	0.0000	0.0000	0.0000	0.0000	0.0000	0.0000	0.0000	0.0000	0.0000	0.0000	0.0000	0.0000	0.0000
24	38	0.2584	9	2	0	0	0	0	0	0	0	0	0	1	1	0	0	0	0	0	0	Y	N	N	N	N	N	N	N	N	N	N	N	N	N	N	N	N	N	0.0000	0.0000	0.0000	0.0000	0.0000	0.0000	0.0000	0.0000	0.0000	0.0000	0.0000	0.0000	0.0000	0.0000	0.0000	0.0000	0.0000	0.0000	0.0016	0.0011	0.0026	0.0026	0.0027	0.0012	0.0012	0.0000	0.0026		1.1929	0.0000	-0.0000	0.3867	0.0030	2.3109	2.0047	0.0000	0.0000	0.0000	0.0000	0.0000	0.0000	0.0000	0.0000	0.0000	0.0000	0.0000	0.0000	0.0000	0.0000	0.0000	0.0000	0.0000	0.0000	0.0003	0.0002	0.0001	0.0002	0.0001	0.0000	0.0001	0.0001	0.0001	0.0135	0.0088	0.0047	0.0039	0.0037	0.0002	0.0096	0.0051	0.0045
24	39	0.2436	8	2	0	0	0	1	0	0	0	1	1	1	1	0	0	0	0	0	0	Y	N	N	N	N	N	N	N	N	N	N	N	N	N	N	N	N	N	0.0058	0.0041	0.0418	0.0045	0.0037	0.0604	0.0164	0.0567	0.0031	0.0001	0.0001	0.0001	0.0001	0.0001	0.0004	0.0000	0.0000	0.0000	0.0145	0.0190	0.0036	0.0289	0.0310	0.0061	0.0018	0.0006	0.0032	0.1895	0.0771	-0.0000	-0.0004	0.3867	2.0135	2.3109	0.9920	0.0000	0.0000	0.0000	0.0000	0.0000	0.0000	0.0000	0.0000	0.0000	0.0007	0.0007	0.0001	0.0007	0.0007	0.0000	0.0000	0.0000	0.0000	0.0352	0.0320	0.0032	0.0192	0.0179	0.0012	0.0160	0.0141	0.0019	0.0511	0.0363	0.0149	0.0240	0.0219	0.0020	0.0272	0.0143	0.0129
24	40	0.0449	6	2	0	1	0	1	0	1	0	1	0	1	0	0	0	0	0	0	0	Y	N	N	N	N	N	N	N	N	N	N	N	N	N	N	N	N	N	3.5708	2.7363	0.0000	1.1376	1.1647	0.0006	28.4874	441664.6442	0.0000	0.5920	0.6897	0.0000	0.8345	0.8873	0.0000	0.4912	0.5959	0.0000	0.1658	0.2521	0.0347	0.7336	0.7618	0.0139	0.0172	0.0000	0.0351	0.0000	0.0906	-0.0064	-0.0076	0.3867	5.0282	2.3109	8.9849	0.0178	0.0178	0.0000	0.0074	0.0074	0.0000	0.0104	0.0104	0.0000	0.0153	0.0140	0.0013	0.0141	0.0140	0.0000	0.0013	0.0000	0.0013	0.0301	0.0258	0.0043	0.0088	0.0083	0.0005	0.0213	0.0175	0.0037	0.0924	0.0557	0.0367	0.0192	0.0184	0.0007	0.0732	0.0373	0.0360
24	42	0.0424	5	2	0	1	0	1	0	1	0	0	0	0	0	0	0	0	0	0	0	Y	N	N	N	N	N	N	N	N	N	N	N	N	N	N	N	N	N	0.0000	0.0000	0.0000	0.0000	0.0000	0.0000	0.0000	0.0000	0.0000	0.0000	0.0000	0.0000	0.0000	0.0000	0.0000	0.0000	0.0000	0.0000	0.0111	0.0185	0.0000	0.0051	0.0053	0.0000	0.0127	0.0251	0.0000		0.0000	0.0000	-0.0002	0.3867	2.0001	2.3109	2.0031	0.0000	0.0000	0.0000	0.0000	0.0000	0.0000	0.0000	0.0000	0.0000	0.0003	0.0003	0.0000	0.0000	0.0000	0.0000	0.0003	0.0003	0.0000	0.0121	0.0104	0.0017	0.0035	0.0033	0.0002	0.0086	0.0071	0.0015	0.0278	0.0168	0.0111	0.0059	0.0056	0.0002	0.0220	0.0111	0.0108
24	43	0.0791	10	2	0	0	0	0	0	0	0	0	0	1	1	0	0	0	0	0	0	Y	N	N	N	N	N	N	N	N	N	N	N	N	N	N	N	N	N	0.0000	0.0000	0.0000	0.0000	0.0000	0.0000	0.0000	0.0000	0.0000	0.0000	0.0000	0.0000	0.0000	0.0000	0.0000	0.0000	0.0000	0.0000	0.0044	0.0073	0.0000	0.0186	0.0194	0.0000	0.0006	0.0011	0.0000		0.0000	0.0000	-0.0002	0.3867	3.9996	2.3109	6.0133	0.0000	0.0000	0.0000	0.0000	0.0000	0.0000	0.0000	0.0000	0.0000	0.0003	0.0003	0.0000	0.0003	0.0003	0.0000	0.0000	0.0000	0.0000	0.0236	0.0203	0.0033	0.0072	0.0068	0.0004	0.0164	0.0135	0.0029	0.0657	0.0399	0.0258	0.0140	0.0134	0.0006	0.0517	0.0264	0.0253
24	44	0.0791	9	2	0	0	0	0	0	0	0	1	1	1	1	0	0	0	0	0	0	Y	N	N	N	N	N	N	N	N	N	N	N	N	N	N	N	N	N	0.0000	0.0000	0.0000	0.0000	0.0000	0.0000	0.0000	0.0000	0.0000	0.0000	0.0000	0.0000	0.0000	0.0000	0.0000	0.0000	0.0000	0.0000	0.0036	0.0027	0.0058	0.0095	0.0057	0.2036	0.0007	0.0001	0.0014		0.9189	0.0000	-0.0000	0.3867	0.0009	2.3109	0.0333	0.0000	0.0000	0.0000	0.0000	0.0000	0.0000	0.0000	0.0000	0.0000	0.0000	0.0000	0.0000	0.0000	0.0000	0.0000	0.0000	0.0000	0.0000	0.0000	0.0000	0.0000	0.0000	0.0000	0.0000	0.0000	0.0000	0.0000	0.0004	0.0003	0.0001	0.0001	0.0001	0.0000	0.0003	0.0001	0.0001
24	45	0.0648	6	2	0	1	0	0	0	0	0	0	0	0	0	0	0	0	0	0	0	Y	N	N	N	N	N	N	N	N	N	N	N	N	N	N	N	N	N	0.1030	0.0830	0.0003	0.1221	0.1257	0.0027	0.0727	0.0551	0.0000	0.0112	0.0129	0.0000	0.0214	0.0227	0.0001	0.0065	0.0078	0.0000	0.1082	0.1551	0.0319	0.1749	0.1808	0.0201	0.0894	0.1417	0.0322	0.0001	0.1263	-0.0006	-0.0149	0.3867	28.1541	2.3109	22.5093	0.0017	0.0017	0.0000	0.0010	0.0010	0.0000	0.0007	0.0007	0.0000	0.0321	0.0285	0.0036	0.0115	0.0114	0.0000	0.0207	0.0171	0.0036	0.1546	0.1338	0.0208	0.0484	0.0454	0.0029	0.1062	0.0883	0.0179	0.2969	0.1840	0.1129	0.0655	0.0631	0.0024	0.2314	0.1209	0.1105
24	46	0.0624	5	2	0	1	0	1	0	1	0	0	0	0	0	0	0	0	0	0	0	Y	N	N	N	N	N	N	N	N	N	N	N	N	N	N	N	N	N	0.7619	0.6948	1.5595	1.0484	0.8353	1.3901	0.3193	0.6813	0.6698	0.0430	0.0322	0.1242	0.0864	0.0662	0.3785	0.0130	0.0062	0.0507	0.0564	0.0463	0.0797	0.0824	0.0793	0.2723	0.0408	0.0090	0.0757	0.5154	0.7519	-0.0000	-0.0003	0.3867	0.7642	2.3109	1.7872	0.0003	0.0002	0.0001	0.0003	0.0002	0.0001	0.0001	0.0000	0.0000	0.0023	0.0013	0.0010	0.0013	0.0012	0.0001	0.0010	0.0001	0.0009	0.0080	0.0071	0.0009	0.0033	0.0031	0.0002	0.0047	0.0040	0.0007	0.0405	0.0282	0.0123	0.0152	0.0149	0.0002	0.0253	0.0132	0.0121
24	47	0.0464	3	2	0	1	0	0	0	0	0	0	0	0	0	0	0	0	0	0	0	Y	N	N	N	N	N	N	N	N	N	N	N	N	N	N	N	N	N	4.5189	0.0029	577.9772	16.8199	0.0189	5744.0097	2.5819	0.0006	335.4573	1.1722	0.0012	4.4735	1.3961	0.0018	6.1890	0.8727	0.0004	2.8087	0.2594	0.4138	0.0077	0.0830	0.0928	0.0011	0.3380	0.6704	0.0084	1308.2050	0.0115	0.1798	-0.0202	0.3867	9.7242	2.3109	5.3244	0.2818	0.0002	0.2816	0.1921	0.0002	0.1919	0.0898	0.0000	0.0897	0.0357	0.0353	0.0004	0.0035	0.0035	0.0000	0.0322	0.0318	0.0004	0.2404	0.1775	0.0630	0.1376	0.1066	0.0310	0.1028	0.0709	0.0319	0.1376	0.0853	0.0523	0.0424	0.0379	0.0045	0.0952	0.0474	0.0478
24	48	0.0274	2	2	0	1	0	0	0	1	0	0	0	0	0	0	0	0	0	0	0	Y	N	N	N	N	N	N	N	N	N	N	N	N	N	N	N	N	N	0.0515	0.0236	12.5979	0.4534	0.3311	35.6670	0.0173	0.0003	8.4951	0.6697	0.4868	1.0789	0.8491	0.6802	1.3380	0.3199	0.0112	0.7630	12.9961	20.6098	0.0856	1.8726	2.0546	0.0375	18.4360	37.3989	0.0898	0.9908	0.0025	0.0175	-0.5135	0.3867	1.4138	2.3109	4.9848	0.1284	0.0645	0.0639	0.1076	0.0640	0.0435	0.0208	0.0004	0.0204	0.8939	0.8918	0.0022	0.0423	0.0422	0.0001	0.8516	0.8495	0.0021	0.1917	0.1325	0.0592	0.1267	0.0942	0.0325	0.0650	0.0383	0.0267	0.0688	0.0433	0.0255	0.0226	0.0206	0.0020	0.0462	0.0227	0.0235
24	50	0.1079	9	2	0	0	1	0	0	0	1	0	0	1	1	0	0	0	0	0	0	Y	N	N	N	N	N	N	N	N	N	N	N	N	N	N	N	N	N	0.0000	0.0000	0.0000	0.0000	0.0000	0.0000	0.0000	0.0000	0.0000	0.0000	0.0000	0.0000	0.0000	0.0000	0.0000	0.0000	0.0000	0.0000	0.0000	0.0000	0.0000	0.0002	0.0000	0.0024	0.0000	0.0000	0.0000		inf	-0.0000	0.0000	0.3867	0.9995	2.3109	1.0067	0.0000	0.0000	0.0000	0.0000	0.0000	0.0000	0.0000	0.0000	0.0000	0.0000	0.0000	0.0000	0.0000	0.0000	0.0000	0.0000	0.0000	0.0000	0.0089	0.0081	0.0008	0.0053	0.0052	0.0002	0.0036	0.0029	0.0007	0.0096	0.0049	0.0047	0.0012	0.0011	0.0001	0.0084	0.0038	0.0046
24	51	0.0704	8	2	0	0	0	0	0	0	0	1	1	1	1	0	0	0	0	0	0	Y	N	N	N	N	N	N	N	N	N	N	N	N	N	N	N	N	N	407641.6834	1715945.3100	0.0000	232427.6592	1156301.3186	0.0000	797402.1908	inf	0.0000	5.7454	6.6714	0.0000	12.8653	13.6577	0.0000	2.6263	3.1803	0.0000	0.0000	0.0000	0.0000	0.0001	0.0000	0.0012	0.0000	0.0000	0.0000	0.0000	4.9721	-0.1317	0.0000	0.3867	11.0065	2.3109	2.0630	0.3644	0.3644	0.0000	0.2486	0.2486	0.0000	0.1158	0.1158	0.0000	0.0000	0.0000	0.0000	0.0000	0.0000	0.0000	0.0000	0.0000	0.0000	0.0634	0.0546	0.0088	0.0193	0.0182	0.0011	0.0441	0.0364	0.0077	0.0853	0.0518	0.0335	0.0177	0.0170	0.0007	0.0676	0.0347	0.0329
24	52	0.2994	9	2	0	1	0	1	0	1	0	0	0	0	0	0	0	0	0	0	0	Y	N	N	N	N	N	N	N	N	N	N	N	N	N	N	N	N	N	0.0884	0.0470	2.4979	0.0676	0.0593	6.5510	0.5134	0.0000	1.7638	0.0265	0.0221	0.0566	0.0568	0.0523	0.1189	0.0068	0.0000	0.0404	0.2996	0.4694	0.0227	0.8393	0.8818	0.0182	0.0132	0.0010	0.0229	0.3765	0.0296	-0.0001	-0.0226	0.3867	6.1530	2.3109	9.3095	0.0011	0.0008	0.0003	0.0009	0.0008	0.0001	0.0002	0.0000	0.0002	0.0412	0.0400	0.0012	0.0400	0.0400	0.0000	0.0012	0.0000	0.0011	0.0399	0.0348	0.0051	0.0157	0.0147	0.0011	0.0241	0.0201	0.0040	0.1376	0.0853	0.0523	0.0477	0.0454	0.0023	0.0899	0.0399	0.0499
24	56	0.0791	9	2	0	1	0	0	0	1	0	0	0	0	0	0	0	0	0	0	0	Y	N	N	N	N	N	N	N	N	N	N	N	N	N	N	N	N	N	inf	inf	0.0000	inf	inf	0.0000	0.0000	0.0000	0.0000	0.0075	0.0087	0.0000	0.0244	0.0259	0.0000	0.0000	0.0000	0.0000	0.0000	0.0000	0.0000	0.0000	0.0000	0.0000	0.0000	0.0000	0.0000	0.0000		-0.0001	-0.0000	0.3867	5.0004	2.3109	3.0004	0.0002	0.0002	0.0000	0.0002	0.0002	0.0000	0.0000	0.0000	0.0000	0.0000	0.0000	0.0000	0.0000	0.0000	0.0000	0.0000	0.0000	0.0000	0.0294	0.0253	0.0041	0.0090	0.0085	0.0005	0.0204	0.0168	0.0036	0.0530	0.0322	0.0208	0.0113	0.0108	0.0004	0.0417	0.0213	0.0204
24	57	0.0704	8	2	0	0	0	0	0	0	0	0	0	0	0	0	0	0	0	0	0	Y	N	N	N	N	N	N	N	N	N	N	N	N	N	N	N	N	N	0.1335	0.0953	0.1125	0.0947	0.0970	0.0382	0.0000	0.0000	0.0000	0.0006	0.0007	0.0000	0.0020	0.0021	0.0000	0.0000	0.0000	0.0000	0.0045	0.0074	0.0000	0.0212	0.0219	0.0005	0.0000	0.0000	0.0000	0.0006	0.0020	-0.0000	-0.0001	0.3867	0.9943	2.3109	1.9980	0.0000	0.0000	0.0000	0.0000	0.0000	0.0000	0.0000	0.0000	0.0000	0.0001	0.0001	0.0000	0.0001	0.0001	0.0000	0.0000	0.0000	0.0000	0.0060	0.0052	0.0009	0.0018	0.0017	0.0001	0.0042	0.0034	0.0008	0.0209	0.0128	0.0081	0.0045	0.0043	0.0002	0.0164	0.0085	0.0079
24	58	0.0650	7	2	0	0	0	0	0	0	0	0	0	0	0	0	0	0	0	0	0	Y	N	N	N	N	N	N	N	N	N	N	N	N	N	N	N	N	N	162.6776	116.1181	0.0000	413.1767	424.8642	0.0000	72.0036	45.7292	0.0000	0.0860	0.1002	0.0000	0.1958	0.2078	0.0000	0.0391	0.0475	0.0000	0.0005	0.0009	0.0000	0.0005	0.0005	0.0000	0.0005	0.0010	0.0000	0.0000	0.0129	-0.0000	-0.0000	0.3867	0.0070	2.3109	1.9921	0.0000	0.0000	0.0000	0.0000	0.0000	0.0000	0.0000	0.0000	0.0000	0.0000	0.0000	0.0000	0.0000	0.0000	0.0000	0.0000	0.0000	0.0000	0.0000	0.0000	0.0000	0.0000	0.0000	0.0000	0.0000	0.0000	0.0000	0.0136	0.0082	0.0054	0.0027	0.0026	0.0001	0.0109	0.0056	0.0053
24	59	0.0650	6	2	0	0	0	1	0	0	0	0	0	0	0	0	0	0	0	0	0	Y	N	N	N	N	N	N	N	N	N	N	N	N	N	N	N	N	N	0.0000	0.0000	0.0000	0.0000	0.0000	0.0000	0.0000	0.0000	0.0000	0.0000	0.0000	0.0000	0.0000	0.0000	0.0000	0.0000	0.0000	0.0000	0.0000	0.0000	0.0000	0.0000	0.0000	0.0000	0.0000	0.0000	0.0000			0.0000	0.0000	0.3867	0.0000	2.3109	0.0000	0.0000	0.0000	0.0000	0.0000	0.0000	0.0000	0.0000	0.0000	0.0000	0.0000	0.0000	0.0000	0.0000	0.0000	0.0000	0.0000	0.0000	0.0000	0.0000	0.0000	0.0000	0.0000	0.0000	0.0000	0.0000	0.0000	0.0000	0.0000	0.0000	0.0000	0.0000	0.0000	0.0000	0.0000	0.0000	0.0000
24	69	0.1121	9	2	0	1	0	0	0	0	0	0	0	1	0	0	0	0	0	0	0	Y	N	N	N	N	N	N	N	N	N	N	N	N	N	N	N	N	N	0.0000	0.0000	0.0000	0.0000	0.0000	0.0000	0.0000	0.0000	0.0000	0.0000	0.0000	0.0000	0.0000	0.0000	0.0000	0.0000	0.0000	0.0000	0.0000	0.0000	0.0000	0.0000	0.0000	0.0000	0.0000	0.0000	0.0000			0.0000	0.0000	0.3867	0.0000	2.3109	0.0000	0.0000	0.0000	0.0000	0.0000	0.0000	0.0000	0.0000	0.0000	0.0000	0.0000	0.0000	0.0000	0.0000	0.0000	0.0000	0.0000	0.0000	0.0000	0.0000	0.0000	0.0000	0.0000	0.0000	0.0000	0.0000	0.0000	0.0000	0.0000	0.0000	0.0000	0.0000	0.0000	0.0000	0.0000	0.0000	0.0000
24	70	0.1072	8	2	0	1	0	1	0	0	0	0	0	1	0	0	0	0	0	0	0	Y	N	N	N	N	N	N	N	N	N	N	N	N	N	N	N	N	N	0.0000	0.0000	0.0000	0.0000	0.0000	0.0000	0.0000	0.0000	0.0000	0.0000	0.0000	0.0000	0.0000	0.0000	0.0000	0.0000	0.0000	0.0000	0.0003	0.0000	0.0009	0.0002	0.0001	0.0013	0.0004	0.0000	0.0009		9.7277	0.0000	0.0000	0.3867	0.9999	2.3109	0.6468	0.0000	0.0000	0.0000	0.0000	0.0000	0.0000	0.0000	0.0000	0.0000	0.0000	0.0000	0.0000	0.0000	0.0000	0.0000	0.0000	0.0000	0.0000	0.0099	0.0091	0.0009	0.0058	0.0056	0.0002	0.0042	0.0034	0.0007	0.0188	0.0129	0.0059	0.0075	0.0067	0.0008	0.0113	0.0062	0.0051
25	31	0.1362	10	2	0	1	0	0	0	1	0	0	0	1	1	0	0	0	0	0	0	Y	N	N	N	N	N	N	N	N	N	N	N	N	N	N	N	N	N	0.0000	0.0000	0.0000	0.0000	0.0000	0.0000	0.0000	0.0000	0.0000	0.0000	0.0000	0.0000	0.0000	0.0000	0.0000	0.0000	0.0000	0.0000	0.0000	0.0000	0.0000	0.0000	0.0000	0.0000	0.0000	0.0000	0.0000			0.0000	0.0000	1.5075	0.0008	1.0180	0.9932	0.0000	0.0000	0.0000	0.0000	0.0000	0.0000	0.0000	0.0000	0.0000	0.0000	0.0000	0.0000	0.0000	0.0000	0.0000	0.0000	0.0000	0.0000	0.0000	0.0000	0.0000	0.0000	0.0000	0.0000	0.0000	0.0000	0.0000	0.0041	0.0020	0.0021	0.0005	0.0004	0.0001	0.0036	0.0016	0.0020
25	38	0.2867	10	2	0	1	0	0	0	1	0	0	0	1	1	0	0	0	0	0	0	Y	N	N	N	N	N	N	N	N	N	N	N	N	N	N	N	N	N	0.0000	0.0000	0.0000	0.0000	0.0000	0.0000	0.0000	0.0000	0.0000	0.0000	0.0000	0.0000	0.0000	0.0000	0.0000	0.0000	0.0000	0.0000	0.9062	1.6802	0.0001	4.7220	5.1928	0.0008	0.0000	0.0000	0.0001		0.0000	0.0000	-0.0040	1.5075	0.0030	1.0180	2.0047	0.0000	0.0000	0.0000	0.0000	0.0000	0.0000	0.0000	0.0000	0.0000	0.0068	0.0068	0.0000	0.0068	0.0068	0.0000	0.0000	0.0000	0.0000	0.0013	0.0010	0.0003	0.0006	0.0006	0.0000	0.0006	0.0004	0.0003	0.0076	0.0041	0.0035	0.0015	0.0013	0.0001	0.0061	0.0028	0.0033
25	39	0.2719	9	2	0	1	0	1	0	1	0	1	1	1	1	0	0	0	0	0	0	Y	N	N	N	N	N	N	N	N	N	N	N	N	N	N	N	N	N	0.0000	0.0001	0.0000	0.0001	0.0001	0.1599	0.0000	0.7829	0.0000	0.0000	0.0000	0.0000	0.0000	0.0000	0.0000	0.0000	0.0000	0.0000	0.1932	0.0750	0.4587	0.0941	0.1137	0.0002	0.3150	0.0000	0.6636	0.1977	2.7252	-0.0000	0.0014	1.5075	2.0135	1.0180	0.9920	0.0000	0.0000	0.0000	0.0000	0.0000	0.0000	0.0000	0.0000	0.0000	0.0093	0.0025	0.0068	0.0025	0.0025	0.0000	0.0068	0.0000	0.0068	0.1299	0.1175	0.0124	0.0662	0.0617	0.0045	0.0638	0.0558	0.0079	0.0483	0.0334	0.0149	0.0267	0.0220	0.0046	0.0217	0.0114	0.0103
25	43	0.1074	11	2	0	1	0	0	0	1	0	0	0	1	1	0	0	0	0	0	0	Y	N	N	N	N	N	N	N	N	N	N	N	N	N	N	N	N	N	0.0000	0.0000	0.0000	0.0000	0.0000	0.0000	0.0000	0.0000	0.0000	0.0000	0.0000	0.0000	0.0000	0.0000	0.0000	0.0000	0.0000	0.0000	0.0023	0.0044	0.0000	0.0202	0.0228	0.0000	0.0000	0.0000	0.0000		0.0001	0.0000	-0.0001	1.5075	3.9996	1.0180	6.0133	0.0000	0.0000	0.0000	0.0000	0.0000	0.0000	0.0000	0.0000	0.0000	0.0001	0.0001	0.0000	0.0001	0.0001	0.0000	0.0000	0.0000	0.0000	0.0671	0.0556	0.0115	0.0060	0.0059	0.0001	0.0611	0.0497	0.0114	0.0438	0.0225	0.0213	0.0050	0.0044	0.0006	0.0388	0.0181	0.0207
25	44	0.1074	10	2	0	1	0	0	0	1	0	1	1	1	1	0	0	0	0	0	0	Y	N	N	N	N	N	N	N	N	N	N	N	N	N	N	N	N	N	0.0000	0.0000	0.0000	0.0000	0.0000	0.0000	0.0000	0.0000	0.0000	0.0000	0.0000	0.0000	0.0000	0.0000	0.0000	0.0000	0.0000	0.0000	0.0002	0.0002	0.0002	0.0007	0.0008	0.0000	0.0001	0.0000	0.0002		0.9624	0.0000	-0.0000	1.5075	0.0009	1.0180	0.0333	0.0000	0.0000	0.0000	0.0000	0.0000	0.0000	0.0000	0.0000	0.0000	0.0000	0.0000	0.0000	0.0000	0.0000	0.0000	0.0000	0.0000	0.0000	0.0000	0.0000	0.0000	0.0000	0.0000	0.0000	0.0000	0.0000	0.0000	0.0002	0.0001	0.0001	0.0000	0.0000	0.0000	0.0001	0.0001	0.0001
25	50	0.1362	10	2	0	1	1	0	0	1	1	0	0	1	1	0	0	0	0	0	0	Y	N	N	N	N	N	N	N	N	N	N	N	N	N	N	N	N	N	0.0000	0.0000	0.0000	0.0000	0.0000	0.0000	0.0000	0.0000	0.0000	0.0000	0.0000	0.0000	0.0000	0.0000	0.0000	0.0000	0.0000	0.0000	0.0000	0.0000	0.0000	0.0000	0.0000	0.0000	0.0000	0.0000	0.0000			0.0000	0.0000	1.5075	0.9995	1.0180	1.0067	0.0000	0.0000	0.0000	0.0000	0.0000	0.0000	0.0000	0.0000	0.0000	0.0000	0.0000	0.0000	0.0000	0.0000	0.0000	0.0000	0.0000	0.0000	0.0169	0.0140	0.0029	0.0020	0.0019	0.0001	0.0149	0.0121	0.0028	0.0082	0.0041	0.0041	0.0009	0.0008	0.0001	0.0073	0.0033	0.0040
25	51	0.0987	9	2	0	1	0	0	0	1	0	1	1	1	1	0	0	0	0	0	0	Y	N	N	N	N	N	N	N	N	N	N	N	N	N	N	N	N	N	inf	inf	0.0000	inf	inf	0.0000	inf	inf	0.0000	5.5498	6.7008	0.0000	0.0013	0.0013	0.0000	6.0671	7.4554	0.0000	0.0000	0.0000	0.0000	0.0000	0.0000	0.0000	0.0000	0.0000	0.0000	0.0000		-0.3608	0.0000	1.5075	11.0065	1.0180	2.0630	0.9982	0.9982	0.0000	0.0000	0.0000	0.0000	0.9981	0.9981	0.0000	0.0000	0.0000	0.0000	0.0000	0.0000	0.0000	0.0000	0.0000	0.0000	0.1799	0.1490	0.0309	0.0153	0.0151	0.0003	0.1645	0.1339	0.0306	0.0571	0.0295	0.0276	0.0066	0.0058	0.0007	0.0505	0.0236	0.0269
25	57	0.0987	9	2	0	1	0	0	0	1	0	0	0	0	0	0	0	0	0	0	0	Y	N	N	N	N	N	N	N	N	N	N	N	N	N	N	N	N	N	1182.1678	800.1772	0.0000	1718.6711	1605.9986	0.0000	0.0000	0.0000	0.0000	0.0012	0.0014	0.0000	0.0131	0.0133	0.0000	0.0000	0.0000	0.0000	0.0000	0.0000	0.0000	0.0000	0.0000	0.0000	0.0000	0.0000	0.0000	0.0000	0.0703	-0.0000	-0.0000	1.5075	0.9943	1.0180	1.9980	0.0000	0.0000	0.0000	0.0000	0.0000	0.0000	0.0000	0.0000	0.0000	0.0000	0.0000	0.0000	0.0000	0.0000	0.0000	0.0000	0.0000	0.0000	0.0172	0.0142	0.0030	0.0015	0.0015	0.0000	0.0157	0.0127	0.0030	0.0139	0.0073	0.0067	0.0017	0.0015	0.0002	0.0122	0.0057	0.0065
25	58	0.0934	8	2	0	1	0	0	0	1	0	0	0	0	0	0	0	0	0	0	0	Y	N	N	N	N	N	N	N	N	N	N	N	N	N	N	N	N	N	inf	inf	0.0000	0.0000	0.0000	0.0000	inf	inf	0.0000	0.1647	0.1997	0.0000	0.0000	0.0000	0.0000	0.1798	0.2219	0.0000	0.0000	0.0000	0.0000	0.0000	0.0000	0.0000	0.0000	0.0000	0.0000	0.0000		-0.0000	-0.0000	1.5075	0.0070	1.0180	1.9921	0.0000	0.0000	0.0000	0.0000	0.0000	0.0000	0.0000	0.0000	0.0000	0.0000	0.0000	0.0000	0.0000	0.0000	0.0000	0.0000	0.0000	0.0000	0.0001	0.0001	0.0000	0.0000	0.0000	0.0000	0.0001	0.0001	0.0000	0.0091	0.0047	0.0044	0.0009	0.0008	0.0001	0.0082	0.0038	0.0043
25	59	0.0934	7	2	0	1	0	1	0	1	0	0	0	0	0	0	0	0	0	0	0	Y	N	N	N	N	N	N	N	N	N	N	N	N	N	N	N	N	N	0.0000	0.0000	0.0000	0.0000	0.0000	0.0000	0.0000	0.0000	0.0000	0.0000	0.0000	0.0000	0.0000	0.0000	0.0000	0.0000	0.0000	0.0000	0.0000	0.0000	0.0000	0.0000	0.0000	0.0000	0.0000	0.0000	0.0000			0.0000	0.0000	1.5075	0.0000	1.0180	0.0000	0.0000	0.0000	0.0000	0.0000	0.0000	0.0000	0.0000	0.0000	0.0000	0.0000	0.0000	0.0000	0.0000	0.0000	0.0000	0.0000	0.0000	0.0000	0.0000	0.0000	0.0000	0.0000	0.0000	0.0000	0.0000	0.0000	0.0000	0.0000	0.0000	0.0000	0.0000	0.0000	0.0000	0.0000	0.0000	0.0000
26	28	0.1298	11	2	0	1	1	0	0	0	1	0	0	1	1	0	0	0	0	0	0	Y	N	N	N	N	N	N	N	N	N	N	N	N	N	N	N	N	N	0.0000	0.0000	0.0000	0.0000	0.0000	0.0000	0.0000	0.0000	0.0000	0.0000	0.0000	0.0000	0.0000	0.0000	0.0000	0.0000	0.0000	0.0000	0.0000	0.0000	0.0000	0.0000	0.0000	0.0000	0.0000	0.0000	0.0000			0.0000	0.0000	4.2500	0.0000	3.1084	0.0000	0.0000	0.0000	0.0000	0.0000	0.0000	0.0000	0.0000	0.0000	0.0000	0.0000	0.0000	0.0000	0.0000	0.0000	0.0000	0.0000	0.0000	0.0000	0.0000	0.0000	0.0000	0.0000	0.0000	0.0000	0.0000	0.0000	0.0000	0.0000	0.0000	0.0000	0.0000	0.0000	0.0000	0.0000	0.0000	0.0000
26	29	0.1298	11	2	0	1	0	0	0	0	0	0	0	1	1	0	0	0	0	0	0	Y	N	N	N	N	N	N	N	N	N	N	N	N	N	N	N	N	N	0.0000	0.0000	0.0000	0.0000	0.0000	0.0000	0.0000	0.0000	0.0000	0.0000	0.0000	0.0000	0.0000	0.0000	0.0000	0.0000	0.0000	0.0000	0.0000	0.0000	0.0000	0.0000	0.0000	0.0000	0.0000	0.0000	0.0000			0.0000	0.0000	4.2500	0.0000	3.1084	1.0000	0.0000	0.0000	0.0000	0.0000	0.0000	0.0000	0.0000	0.0000	0.0000	0.0000	0.0000	0.0000	0.0000	0.0000	0.0000	0.0000	0.0000	0.0000	0.0000	0.0000	0.0000	0.0000	0.0000	0.0000	0.0000	0.0000	0.0000	0.0117	0.0057	0.0060	0.0011	0.0009	0.0001	0.0106	0.0047	0.0059
26	30	0.1298	10	2	0	1	0	0	0	1	0	0	0	1	1	0	0	0	0	0	0	Y	N	N	N	N	N	N	N	N	N	N	N	N	N	N	N	N	N	0.0000	0.0000	0.0000	0.0000	0.0000	0.0000	0.0000	0.0000	0.0000	0.0000	0.0000	0.0000	0.0000	0.0000	0.0000	0.0000	0.0000	0.0000	0.0000	0.0000	0.0000	0.0000	0.0000	0.0000	0.0000	0.0000	0.0000			0.0000	0.0000	4.2500	0.0000	3.1084	0.0010	0.0000	0.0000	0.0000	0.0000	0.0000	0.0000	0.0000	0.0000	0.0000	0.0000	0.0000	0.0000	0.0000	0.0000	0.0000	0.0000	0.0000	0.0000	0.0000	0.0000	0.0000	0.0000	0.0000	0.0000	0.0000	0.0000	0.0000	0.0000	0.0000	0.0000	0.0000	0.0000	0.0000	0.0000	0.0000	0.0000
26	31	0.1271	9	2	0	0	0	0	0	0	0	0	0	1	1	0	0	0	0	0	0	Y	N	N	N	N	N	N	N	N	N	N	N	N	N	N	N	N	N	0.0000	0.0000	0.0000	0.0000	0.0000	0.0000	0.0000	0.0000	0.0000	0.0000	0.0000	0.0000	0.0000	0.0000	0.0000	0.0000	0.0000	0.0000	0.0000	0.0000	0.0000	0.0000	0.0000	0.0000	0.0000	0.0000	0.0000			0.0000	0.0000	4.2500	0.0008	3.1084	0.9932	0.0000	0.0000	0.0000	0.0000	0.0000	0.0000	0.0000	0.0000	0.0000	0.0000	0.0000	0.0000	0.0000	0.0000	0.0000	0.0000	0.0000	0.0000	0.0001	0.0000	0.0000	0.0000	0.0000	0.0000	0.0000	0.0000	0.0000	0.0121	0.0060	0.0060	0.0013	0.0012	0.0001	0.0108	0.0049	0.0059
26	35	0.0984	9	2	0	1	0	0	0	0	0	0	1	0	1	0	0	0	0	0	0	Y	N	N	N	N	N	N	N	N	N	N	N	N	N	N	N	N	N	0.0000	0.0000	0.0000	0.0000	0.0000	0.0000	0.0000	0.0000	0.0000	0.0000	0.0000	0.0000	0.0000	0.0000	0.0000	0.0000	0.0000	0.0000	0.0006	0.0001	0.0012	0.0001	0.0001	0.0000	0.0009	0.0000	0.0013		17.8898	0.0000	0.0001	4.2500	4.0048	3.1084	3.3550	0.0000	0.0000	0.0000	0.0000	0.0000	0.0000	0.0000	0.0000	0.0000	0.0002	0.0000	0.0002	0.0000	0.0000	0.0000	0.0002	0.0000	0.0002	0.1870	0.1548	0.0322	0.0153	0.0144	0.0009	0.1717	0.1405	0.0313	0.3053	0.1620	0.1433	0.1123	0.1093	0.0030	0.1930	0.0527	0.1403
26	36	0.0871	8	2	0	1	0	0	0	0	0	0	0	0	0	0	0	0	0	0	0	Y	N	N	N	N	N	N	N	N	N	N	N	N	N	N	N	N	N	0.0000	0.0000	0.0000	0.0000	0.0000	0.0000	0.0000	0.0000	0.0000	0.0000	0.0000	0.0000	0.0000	0.0000	0.0000	0.0000	0.0000	0.0000	0.0002	0.0004	0.0001	0.0000	0.0000	0.0000	0.0002	0.0005	0.0001		0.1413	0.0000	-0.0000	4.2500	2.9973	3.1084	0.6905	0.0000	0.0000	0.0000	0.0000	0.0000	0.0000	0.0000	0.0000	0.0000	0.0000	0.0000	0.0000	0.0000	0.0000	0.0000	0.0000	0.0000	0.0000	0.1269	0.1046	0.0223	0.0079	0.0074	0.0005	0.1190	0.0972	0.0218	0.0519	0.0278	0.0241	0.0061	0.0058	0.0004	0.0458	0.0220	0.0237
26	37	0.0871	7	2	0	1	0	1	0	1	0	0	0	0	0	0	0	0	0	0	0	Y	N	N	N	N	N	N	N	N	N	N	N	N	N	N	N	N	N	0.0000	0.0000	0.0000	0.0000	0.0000	0.0000	0.0000	0.0000	0.0000	0.0000	0.0000	0.0000	0.0000	0.0000	0.0000	0.0000	0.0000	0.0000	0.0000	0.0000	0.0000	0.0000	0.0000	0.0000	0.0000	0.0000	0.0000			0.0000	0.0000	4.2500	0.0022	3.1084	0.0001	0.0000	0.0000	0.0000	0.0000	0.0000	0.0000	0.0000	0.0000	0.0000	0.0000	0.0000	0.0000	0.0000	0.0000	0.0000	0.0000	0.0000	0.0000	0.0001	0.0001	0.0000	0.0000	0.0000	0.0000	0.0001	0.0001	0.0000	0.0000	0.0000	0.0000	0.0000	0.0000	0.0000	0.0000	0.0000	0.0000
26	38	0.2776	9	2	0	0	0	0	0	0	0	0	0	1	1	0	0	0	0	0	0	Y	N	N	N	N	N	N	N	N	N	N	N	N	N	N	N	N	N	0.0000	0.0000	0.0000	0.0000	0.0000	0.0000	0.0000	0.0000	0.0000	0.0000	0.0000	0.0000	0.0000	0.0000	0.0000	0.0000	0.0000	0.0000	0.0040	0.0061	0.0011	0.0169	0.0181	0.0001	0.0006	0.0000	0.0011		0.1269	0.0000	-0.0000	4.2500	0.0030	3.1084	2.0047	0.0000	0.0000	0.0000	0.0000	0.0000	0.0000	0.0000	0.0000	0.0000	0.0001	0.0001	0.0000	0.0001	0.0001	0.0000	0.0000	0.0000	0.0000	0.0031	0.0024	0.0007	0.0015	0.0015	0.0000	0.0015	0.0009	0.0006	0.0265	0.0155	0.0111	0.0056	0.0052	0.0004	0.0210	0.0102	0.0107
26	39	0.2628	8	2	0	0	0	1	0	0	0	1	1	1	1	0	0	0	0	0	0	Y	N	N	N	N	N	N	N	N	N	N	N	N	N	N	N	N	N	1.4355	1.3261	2.5173	1.3230	0.9954	30.1624	1.5012	4.8694	0.0027	0.0068	0.0063	0.0120	0.0090	0.0072	0.0351	0.0047	0.0054	0.0000	0.0048	0.0048	0.0048	0.0068	0.0072	0.0012	0.0031	0.0011	0.0052	0.1936	0.4420	-0.0004	-0.0001	4.2500	2.0135	3.1084	0.9920	0.0022	0.0019	0.0004	0.0015	0.0011	0.0004	0.0008	0.0008	0.0000	0.0006	0.0004	0.0002	0.0004	0.0003	0.0000	0.0002	0.0000	0.0002	0.3239	0.2940	0.0299	0.1626	0.1524	0.0102	0.1613	0.1416	0.0197	0.1158	0.0804	0.0354	0.0519	0.0479	0.0040	0.0639	0.0324	0.0314
26	40	0.0641	6	2	0	1	0	1	0	1	0	1	0	1	0	0	0	0	0	0	0	Y	N	N	N	N	N	N	N	N	N	N	N	N	N	N	N	N	N	0.0010	0.0044	0.0000	0.0176	0.0176	0.0000	0.0000	0.0000	0.0000	0.0001	0.0001	0.0000	0.0023	0.0025	0.0000	0.0000	0.0000	0.0000	0.1202	0.0317	0.2230	0.1333	0.1425	0.0060	0.1182	0.0000	0.2271	0.0003	6.0425	-0.0000	0.0066	4.2500	5.0282	3.1084	8.9849	0.0000	0.0000	0.0000	0.0000	0.0000	0.0000	0.0000	0.0000	0.0000	0.0234	0.0033	0.0201	0.0033	0.0033	0.0000	0.0201	0.0000	0.0201	0.2165	0.1782	0.0383	0.0107	0.0100	0.0007	0.2058	0.1682	0.0376	0.1951	0.1049	0.0902	0.0250	0.0234	0.0017	0.1701	0.0815	0.0885
26	42	0.0617	5	2	0	1	0	1	0	1	0	0	0	0	0	0	0	0	0	0	0	Y	N	N	N	N	N	N	N	N	N	N	N	N	N	N	N	N	N	0.0000	0.0000	0.0000	0.0000	0.0000	0.0000	0.0000	0.0000	0.0000	0.0000	0.0000	0.0000	0.0000	0.0000	0.0000	0.0000	0.0000	0.0000	0.0005	0.0010	0.0000	0.0039	0.0042	0.0000	0.0000	0.0000	0.0000		0.0000	0.0000	-0.0000	4.2500	2.0001	3.1084	2.0031	0.0000	0.0000	0.0000	0.0000	0.0000	0.0000	0.0000	0.0000	0.0000	0.0000	0.0000	0.0000	0.0000	0.0000	0.0000	0.0000	0.0000	0.0000	0.0870	0.0715	0.0155	0.0040	0.0037	0.0003	0.0830	0.0678	0.0152	0.0587	0.0316	0.0271	0.0077	0.0072	0.0005	0.0510	0.0244	0.0266
26	43	0.0983	10	2	0	0	0	0	0	0	0	0	0	1	1	0	0	0	0	0	0	Y	N	N	N	N	N	N	N	N	N	N	N	N	N	N	N	N	N	0.0000	0.0000	0.0000	0.0000	0.0000	0.0000	0.0000	0.0000	0.0000	0.0000	0.0000	0.0000	0.0000	0.0000	0.0000	0.0000	0.0000	0.0000	0.0007	0.0005	0.0009	0.0000	0.0000	0.0000	0.0008	0.0007	0.0010		1.4995	0.0000	0.0000	4.2500	3.9996	3.1084	6.0133	0.0000	0.0000	0.0000	0.0000	0.0000	0.0000	0.0000	0.0000	0.0000	0.0001	0.0000	0.0001	0.0000	0.0000	0.0000	0.0001	0.0000	0.0001	0.1687	0.1393	0.0294	0.0104	0.0099	0.0006	0.1583	0.1295	0.0288	0.1383	0.0747	0.0636	0.0186	0.0173	0.0013	0.1197	0.0574	0.0623
26	44	0.0983	9	2	0	0	0	0	0	0	0	1	1	1	1	0	0	0	0	0	0	Y	N	N	N	N	N	N	N	N	N	N	N	N	N	N	N	N	N	0.0000	0.0000	0.0000	0.0000	0.0000	0.0000	0.0000	0.0000	0.0000	0.0000	0.0000	0.0000	0.0000	0.0000	0.0000	0.0000	0.0000	0.0000	0.0000	0.0000	0.0000	0.0000	0.0000	0.0000	0.0000	0.0000	0.0000		0.9773	0.0000	-0.0000	4.2500	0.0009	3.1084	0.0333	0.0000	0.0000	0.0000	0.0000	0.0000	0.0000	0.0000	0.0000	0.0000	0.0000	0.0000	0.0000	0.0000	0.0000	0.0000	0.0000	0.0000	0.0000	0.0001	0.0000	0.0000	0.0000	0.0000	0.0000	0.0000	0.0000	0.0000	0.0009	0.0006	0.0003	0.0003	0.0003	0.0000	0.0006	0.0003	0.0003
26	45	0.0840	6	2	0	1	0	0	0	0	0	0	0	0	0	0	0	0	0	0	0	Y	N	N	N	N	N	N	N	N	N	N	N	N	N	N	N	N	N	0.5732	0.3881	0.0110	0.2192	0.2287	0.0000	0.5233	0.3159	0.0114	0.9177	1.1027	0.0001	0.0057	0.0062	0.0000	0.9792	1.1863	0.0001	1.6010	2.8411	0.0099	0.0262	0.0269	0.0147	1.8712	3.7554	0.0098	0.0000	0.0027	-0.3614	-0.5787	4.2500	28.1541	3.1084	22.5093	0.9998	0.9998	0.0000	0.0004	0.0004	0.0000	0.9994	0.9994	0.0000	1.0080	1.0052	0.0027	0.0024	0.0023	0.0001	1.0056	1.0029	0.0027	1.0895	0.9067	0.1828	0.0689	0.0642	0.0046	1.0206	0.8424	0.1782	0.6296	0.3538	0.2758	0.0922	0.0868	0.0054	0.5374	0.2671	0.2703
26	46	0.0816	5	2	0	1	0	1	0	1	0	0	0	0	0	0	0	0	0	0	0	Y	N	N	N	N	N	N	N	N	N	N	N	N	N	N	N	N	N	0.4986	0.5892	0.0719	0.6948	0.7217	0.0002	0.3875	0.6907	0.0801	0.0157	0.0175	0.0026	0.0300	0.0314	0.0000	0.0097	0.0110	0.0029	0.0315	0.0297	0.0356	0.0433	0.0435	0.0248	0.0252	0.0159	0.0357	0.0198	0.5350	-0.0004	-0.0007	4.2500	0.7642	3.1084	1.7872	0.0010	0.0010	0.0000	0.0006	0.0006	0.0000	0.0005	0.0004	0.0000	0.0029	0.0019	0.0010	0.0014	0.0014	0.0000	0.0015	0.0005	0.0010	0.0654	0.0576	0.0078	0.0192	0.0183	0.0008	0.0463	0.0393	0.0070	0.0912	0.0630	0.0281	0.0319	0.0314	0.0005	0.0593	0.0316	0.0277
26	47	0.0656	3	2	0	1	0	0	0	0	0	0	0	0	0	0	0	0	0	0	0	Y	N	N	N	N	N	N	N	N	N	N	N	N	N	N	N	N	N	36.3207	55.9916	0.0055	73.6972	83.8287	0.0441	9.5230	58.2035	0.0062	0.9117	1.1496	0.0002	3.3964	4.3006	0.0001	0.1812	0.2282	0.0002	0.0251	0.0205	0.0312	0.0461	0.0513	0.0014	0.0190	0.0039	0.0330	0.0000	1.1326	-0.2104	-0.0003	4.2500	9.7242	3.1084	5.3244	0.5822	0.5822	0.0000	0.4928	0.4928	0.0000	0.0894	0.0894	0.0000	0.0070	0.0033	0.0037	0.0029	0.0029	0.0000	0.0041	0.0004	0.0037	0.6386	0.5064	0.1322	0.1451	0.1146	0.0305	0.4935	0.3919	0.1017	0.2808	0.1609	0.1198	0.0630	0.0564	0.0066	0.2177	0.1045	0.1132
26	48	0.0467	2	2	0	1	0	0	0	1	0	0	0	0	0	0	0	0	0	0	0	Y	N	N	N	N	N	N	N	N	N	N	N	N	N	N	N	N	N	1.3382	1.5608	0.0165	0.5133	0.6280	0.1233	2.6086	7.2368	0.0093	1.0583	1.4459	0.0098	1.0271	1.3527	0.0145	1.0919	1.5541	0.0057	0.7908	0.9264	0.5934	2.0010	2.1539	0.1173	0.4186	0.2148	0.6150	0.0025	0.4398	-0.0951	-0.0281	4.2500	1.4138	3.1084	4.9848	0.2651	0.2644	0.0007	0.1334	0.1330	0.0005	0.1316	0.1314	0.0002	0.1036	0.0719	0.0316	0.0617	0.0614	0.0003	0.0419	0.0106	0.0314	0.2505	0.1829	0.0676	0.1299	0.0983	0.0316	0.1206	0.0846	0.0360	0.1310	0.0777	0.0533	0.0308	0.0285	0.0023	0.1002	0.0492	0.0510
26	50	0.1271	9	2	0	0	1	0	0	0	1	0	0	1	1	0	0	0	0	0	0	Y	N	N	N	N	N	N	N	N	N	N	N	N	N	N	N	N	N	0.0000	0.0000	0.0000	0.0000	0.0000	0.0000	0.0000	0.0000	0.0000	0.0000	0.0000	0.0000	0.0000	0.0000	0.0000	0.0000	0.0000	0.0000	0.0000	0.0000	0.0000	0.0000	0.0000	0.0000	0.0000	0.0000	0.0000			0.0000	0.0000	4.2500	0.9995	3.1084	1.0067	0.0000	0.0000	0.0000	0.0000	0.0000	0.0000	0.0000	0.0000	0.0000	0.0000	0.0000	0.0000	0.0000	0.0000	0.0000	0.0000	0.0000	0.0000	0.0453	0.0381	0.0072	0.0076	0.0073	0.0003	0.0377	0.0308	0.0069	0.0238	0.0117	0.0121	0.0023	0.0021	0.0002	0.0215	0.0096	0.0118
26	51	0.0896	8	2	0	0	0	0	0	0	0	1	1	1	1	0	0	0	0	0	0	Y	N	N	N	N	N	N	N	N	N	N	N	N	N	N	N	N	N	inf	inf	0.0000	inf	inf	0.0000	inf	inf	0.0000	1.6721	2.0238	0.0000	24.6992	26.1552	0.0000	0.2763	0.3374	0.0000	0.0000	0.0000	0.0000	0.0000	0.0000	0.0000	0.0000	0.0000	0.0000	0.0000		-0.2728	-0.0000	4.2500	11.0065	3.1084	2.0630	0.7548	0.7548	0.0000	0.6372	0.6372	0.0000	0.1176	0.1176	0.0000	0.0000	0.0000	0.0000	0.0000	0.0000	0.0000	0.0000	0.0000	0.0000	0.4514	0.3729	0.0784	0.0258	0.0244	0.0014	0.4256	0.3486	0.0770	0.1799	0.0973	0.0826	0.0230	0.0215	0.0015	0.1568	0.0758	0.0811
26	52	0.3187	9	2	0	1	0	1	0	1	0	0	0	0	0	0	0	0	0	0	0	Y	N	N	N	N	N	N	N	N	N	N	N	N	N	N	N	N	N	0.0312	0.0973	0.0201	0.2447	0.2648	0.0001	0.0066	0.0000	0.0209	0.0032	0.0031	0.0041	0.0179	0.0192	0.0000	0.0008	0.0000	0.0043	0.1037	0.0316	0.2026	0.0730	0.0725	0.0804	0.1141	0.0030	0.2072	0.2499	4.6628	-0.0001	0.0061	4.2500	6.1530	3.1084	9.3095	0.0008	0.0007	0.0002	0.0007	0.0007	0.0000	0.0002	0.0000	0.0002	0.0249	0.0044	0.0205	0.0044	0.0042	0.0003	0.0205	0.0002	0.0202	0.2623	0.2206	0.0417	0.0380	0.0354	0.0026	0.2243	0.1852	0.0391	0.2401	0.1390	0.1012	0.0609	0.0573	0.0036	0.1792	0.0817	0.0975
26	56	0.0983	9	2	0	1	0	0	0	1	0	0	0	0	0	0	0	0	0	0	0	Y	N	N	N	N	N	N	N	N	N	N	N	N	N	N	N	N	N	4404.3625	58.8374	13086.0780	5469.9596	5387.1826	0.0000	4064.3913	47.0824	13077.1513	3.5540	0.0098	20.4069	0.0043	0.0046	0.0000	3.7888	0.0102	20.8112	0.0008	0.0002	0.0016	0.0000	0.0000	0.0000	0.0009	0.0002	0.0016	438.9313	7.9905	0.4748	0.0000	4.2500	5.0004	3.1084	3.0004	0.7462	0.0017	0.7445	0.0001	0.0001	0.0000	0.7461	0.0016	0.7445	0.0001	0.0000	0.0001	0.0000	0.0000	0.0000	0.0001	0.0000	0.0001	0.2100	0.1735	0.0365	0.0130	0.0123	0.0007	0.1969	0.1612	0.0358	0.1115	0.0602	0.0513	0.0150	0.0140	0.0010	0.0965	0.0463	0.0503
26	57	0.0896	8	2	0	0	0	0	0	0	0	0	0	0	0	0	0	0	0	0	0	Y	N	N	N	N	N	N	N	N	N	N	N	N	N	N	N	N	N	0.8050	0.5376	0.0000	1.8197	1.8040	0.0000	0.0000	0.0000	0.0000	0.0002	0.0002	0.0000	0.0029	0.0030	0.0000	0.0000	0.0000	0.0000	0.0002	0.0004	0.0000	0.0016	0.0017	0.0000	0.0000	0.0000	0.0000	0.0000	0.0015	-0.0000	-0.0000	4.2500	0.9943	3.1084	1.9980	0.0000	0.0000	0.0000	0.0000	0.0000	0.0000	0.0000	0.0000	0.0000	0.0000	0.0000	0.0000	0.0000	0.0000	0.0000	0.0000	0.0000	0.0000	0.0432	0.0355	0.0077	0.0027	0.0025	0.0001	0.0406	0.0330	0.0075	0.0443	0.0243	0.0200	0.0061	0.0058	0.0004	0.0381	0.0185	0.0196
26	58	0.0843	7	2	0	0	0	0	0	0	0	0	0	0	0	0	0	0	0	0	0	Y	N	N	N	N	N	N	N	N	N	N	N	N	N	N	N	N	N	73.8583	160422.3619	0.0000	594162.1684	428075.6211	0.0000	10.9118	inf	0.0000	0.0248	0.0302	0.0000	0.3701	0.3915	0.0000	0.0042	0.0051	0.0000	0.0003	0.0000	0.0007	0.0000	0.0000	0.0000	0.0004	0.0000	0.0007	0.0000	3325.7098	-0.0000	0.0000	4.2500	0.0070	3.1084	1.9921	0.0000	0.0000	0.0000	0.0000	0.0000	0.0000	0.0000	0.0000	0.0000	0.0000	0.0000	0.0000	0.0000	0.0000	0.0000	0.0000	0.0000	0.0000	0.0003	0.0003	0.0001	0.0000	0.0000	0.0000	0.0003	0.0002	0.0001	0.0286	0.0154	0.0132	0.0034	0.0032	0.0002	0.0252	0.0122	0.0130
26	59	0.0843	6	2	0	0	0	1	0	0	0	0	0	0	0	0	0	0	0	0	0	Y	N	N	N	N	N	N	N	N	N	N	N	N	N	N	N	N	N	0.0000	0.0000	0.0000	0.0000	0.0000	0.0000	0.0000	0.0000	0.0000	0.0000	0.0000	0.0000	0.0000	0.0000	0.0000	0.0000	0.0000	0.0000	0.0000	0.0000	0.0000	0.0000	0.0000	0.0000	0.0000	0.0000	0.0000			0.0000	0.0000	4.2500	0.0000	3.1084	0.0000	0.0000	0.0000	0.0000	0.0000	0.0000	0.0000	0.0000	0.0000	0.0000	0.0000	0.0000	0.0000	0.0000	0.0000	0.0000	0.0000	0.0000	0.0000	0.0000	0.0000	0.0000	0.0000	0.0000	0.0000	0.0000	0.0000	0.0000	0.0000	0.0000	0.0000	0.0000	0.0000	0.0000	0.0000	0.0000	0.0000
26	69	0.1313	9	2	0	1	0	0	0	0	0	0	0	1	0	0	0	0	0	0	0	Y	N	N	N	N	N	N	N	N	N	N	N	N	N	N	N	N	N	0.0000	0.0000	0.0000	0.0000	0.0000	0.0000	0.0000	0.0000	0.0000	0.0000	0.0000	0.0000	0.0000	0.0000	0.0000	0.0000	0.0000	0.0000	0.0000	0.0000	0.0000	0.0000	0.0000	0.0000	0.0000	0.0000	0.0000			0.0000	0.0000	4.2500	0.0000	3.1084	0.0000	0.0000	0.0000	0.0000	0.0000	0.0000	0.0000	0.0000	0.0000	0.0000	0.0000	0.0000	0.0000	0.0000	0.0000	0.0000	0.0000	0.0000	0.0000	0.0000	0.0000	0.0000	0.0000	0.0000	0.0000	0.0000	0.0000	0.0000	0.0000	0.0000	0.0000	0.0000	0.0000	0.0000	0.0000	0.0000	0.0000
26	70	0.1264	8	2	0	1	0	1	0	0	0	0	0	1	0	0	0	0	0	0	0	Y	N	N	N	N	N	N	N	N	N	N	N	N	N	N	N	N	N	0.0001	0.0000	0.0005	0.0000	0.0000	0.0000	0.0002	0.0000	0.0006	0.0000	0.0000	0.0000	0.0000	0.0000	0.0000	0.0000	0.0000	0.0000	0.0002	0.0001	0.0003	0.0002	0.0002	0.0004	0.0001	0.0000	0.0003	inf	2.0129	0.0000	0.0000	4.2500	0.9999	3.1084	0.6468	0.0000	0.0000	0.0000	0.0000	0.0000	0.0000	0.0000	0.0000	0.0000	0.0000	0.0000	0.0000	0.0000	0.0000	0.0000	0.0000	0.0000	0.0000	0.0550	0.0471	0.0078	0.0109	0.0106	0.0003	0.0441	0.0365	0.0076	0.0435	0.0287	0.0148	0.0166	0.0145	0.0022	0.0268	0.0142	0.0126
27	28	0.1026	10	2	0	1	1	0	0	0	1	0	0	1	1	0	0	0	0	0	0	Y	N	N	N	N	N	N	N	N	N	N	N	N	N	N	N	N	N	0.0000	0.0000	0.0000	0.0000	0.0000	0.0000	0.0000	0.0000	0.0000	0.0000	0.0000	0.0000	0.0000	0.0000	0.0000	0.0000	0.0000	0.0000	0.0000	0.0000	0.0000	0.0000	0.0000	0.0000	0.0000	0.0000	0.0000			0.0000	0.0000	1.7810	0.0000	4.3857	0.0000	0.0000	0.0000	0.0000	0.0000	0.0000	0.0000	0.0000	0.0000	0.0000	0.0000	0.0000	0.0000	0.0000	0.0000	0.0000	0.0000	0.0000	0.0000	0.0000	0.0000	0.0000	0.0000	0.0000	0.0000	0.0000	0.0000	0.0000	0.0000	0.0000	0.0000	0.0000	0.0000	0.0000	0.0000	0.0000	0.0000
27	29	0.1026	10	2	0	1	0	0	0	0	0	0	0	1	1	0	0	0	0	0	0	Y	N	N	N	N	N	N	N	N	N	N	N	N	N	N	N	N	N	0.0000	0.0000	0.0000	0.0000	0.0000	0.0000	0.0000	0.0000	0.0000	0.0000	0.0000	0.0000	0.0000	0.0000	0.0000	0.0000	0.0000	0.0000	0.0160	0.0052	0.0310	0.0042	0.0043	0.0000	0.0186	0.0056	0.0313		4.2502	0.0000	0.0000	1.7810	0.0000	4.3857	1.0000	0.0000	0.0000	0.0000	0.0000	0.0000	0.0000	0.0000	0.0000	0.0000	0.0002	0.0000	0.0002	0.0000	0.0000	0.0000	0.0002	0.0000	0.0002	0.0000	0.0000	0.0000	0.0000	0.0000	0.0000	0.0000	0.0000	0.0000	0.0131	0.0077	0.0055	0.0024	0.0023	0.0001	0.0108	0.0054	0.0054
27	30	0.1026	9	2	0	1	0	0	0	1	0	0	0	1	1	0	0	0	0	0	0	Y	N	N	N	N	N	N	N	N	N	N	N	N	N	N	N	N	N	0.0000	0.0000	0.0000	0.0000	0.0000	0.0000	0.0000	0.0000	0.0000	0.0000	0.0000	0.0000	0.0000	0.0000	0.0000	0.0000	0.0000	0.0000	0.0005	0.0007	0.0000	0.0000	0.0000	0.0000	0.0009	0.0012	0.0000		0.0000	0.0000	-0.0000	1.7810	0.0000	4.3857	0.0010	0.0000	0.0000	0.0000	0.0000	0.0000	0.0000	0.0000	0.0000	0.0000	0.0000	0.0000	0.0000	0.0000	0.0000	0.0000	0.0000	0.0000	0.0000	0.0000	0.0000	0.0000	0.0000	0.0000	0.0000	0.0000	0.0000	0.0000	0.0000	0.0000	0.0000	0.0000	0.0000	0.0000	0.0000	0.0000	0.0000
27	31	0.0999	8	2	0	0	0	0	0	0	0	0	0	1	1	0	0	0	0	0	0	Y	N	N	N	N	N	N	N	N	N	N	N	N	N	N	N	N	N	0.0000	0.0000	0.0000	0.0000	0.0000	0.0000	0.0000	0.0000	0.0000	0.0000	0.0000	0.0000	0.0000	0.0000	0.0000	0.0000	0.0000	0.0000	0.0015	0.0025	0.0000	0.0000	0.0000	0.0000	0.0018	0.0036	0.0000		0.0000	-0.0000	-0.0000	1.7810	0.0008	4.3857	0.9932	0.0000	0.0000	0.0000	0.0000	0.0000	0.0000	0.0000	0.0000	0.0000	0.0000	0.0000	0.0000	0.0000	0.0000	0.0000	0.0000	0.0000	0.0000	0.0001	0.0001	0.0000	0.0000	0.0000	0.0000	0.0000	0.0000	0.0000	0.0134	0.0079	0.0055	0.0025	0.0025	0.0001	0.0109	0.0055	0.0055
27	35	0.0712	8	2	0	1	0	0	0	0	0	0	1	0	1	0	0	0	0	0	0	Y	N	N	N	N	N	N	N	N	N	N	N	N	N	N	N	N	N	0.0000	0.0000	0.0000	0.0000	0.0003	0.0000	0.0000	0.0000	0.0000	0.0000	0.0000	0.0000	0.0000	0.0000	0.0000	0.0000	0.0000	0.0000	4.4902	0.0714	9.9468	0.2999	0.0451	16.6662	5.3872	0.0835	9.9060	0.0025	112.7653	-0.0000	0.1970	1.7810	4.0048	4.3857	3.3550	0.0000	0.0000	0.0000	0.0000	0.0000	0.0000	0.0000	0.0000	0.0000	0.4753	0.0042	0.4712	0.0056	0.0008	0.0048	0.4697	0.0033	0.4664	0.0742	0.0618	0.0124	0.0062	0.0060	0.0002	0.0681	0.0559	0.0122	0.1059	0.0585	0.0474	0.0187	0.0184	0.0003	0.0872	0.0401	0.0471
27	36	0.0598	7	2	0	1	0	0	0	0	0	0	0	0	0	0	0	0	0	0	0	Y	N	N	N	N	N	N	N	N	N	N	N	N	N	N	N	N	N	0.0000	0.0000	0.0000	0.0000	0.0000	0.0000	0.0000	0.0000	0.0000	0.0000	0.0000	0.0000	0.0000	0.0000	0.0000	0.0000	0.0000	0.0000	4.5791	0.2247	10.6039	0.0555	0.0499	0.5896	5.3967	0.2864	10.6421	0.0585	34.1137	-0.0000	0.0932	1.7810	2.9973	4.3857	0.6905	0.0000	0.0000	0.0000	0.0000	0.0000	0.0000	0.0000	0.0000	0.0000	0.2361	0.0067	0.2294	0.0004	0.0004	0.0000	0.2357	0.0063	0.2294	0.0722	0.0619	0.0103	0.0108	0.0107	0.0001	0.0614	0.0512	0.0102	0.0516	0.0299	0.0216	0.0079	0.0078	0.0001	0.0437	0.0221	0.0216
27	37	0.0598	6	2	0	1	0	1	0	1	0	0	0	0	0	0	0	0	0	0	0	Y	N	N	N	N	N	N	N	N	N	N	N	N	N	N	N	N	N	0.0000	0.0000	0.0000	0.0000	0.0000	0.0000	0.0000	0.0000	0.0000	0.0000	0.0000	0.0000	0.0000	0.0000	0.0000	0.0000	0.0000	0.0000	0.0000	0.0000	0.0000	0.0000	0.0000	0.0000	0.0000	0.0000	0.0000			0.0000	0.0000	1.7810	0.0022	4.3857	0.0001	0.0000	0.0000	0.0000	0.0000	0.0000	0.0000	0.0000	0.0000	0.0000	0.0000	0.0000	0.0000	0.0000	0.0000	0.0000	0.0000	0.0000	0.0000	0.0001	0.0001	0.0000	0.0000	0.0000	0.0000	0.0001	0.0000	0.0000	0.0000	0.0000	0.0000	0.0000	0.0000	0.0000	0.0000	0.0000	0.0000
27	38	0.2503	8	2	0	0	0	0	0	0	0	0	0	1	1	0	0	0	0	0	0	Y	N	N	N	N	N	N	N	N	N	N	N	N	N	N	N	N	N	0.0000	0.0000	0.0000	0.0000	0.0000	0.0000	0.0000	0.0000	0.0000	0.0000	0.0000	0.0000	0.0000	0.0000	0.0000	0.0000	0.0000	0.0000	0.0073	0.0084	0.0058	0.0242	0.0248	0.0002	0.0029	0.0000	0.0058		0.4671	-0.0000	-0.0001	1.7810	0.0030	4.3857	2.0047	0.0000	0.0000	0.0000	0.0000	0.0000	0.0000	0.0000	0.0000	0.0000	0.0002	0.0001	0.0001	0.0001	0.0001	0.0000	0.0001	0.0000	0.0001	0.0012	0.0009	0.0003	0.0006	0.0006	0.0000	0.0006	0.0004	0.0002	0.0265	0.0158	0.0107	0.0055	0.0053	0.0001	0.0210	0.0104	0.0106
27	39	0.2355	7	2	0	0	0	1	0	0	0	1	1	1	1	0	0	0	0	0	0	Y	N	N	N	N	N	N	N	N	N	N	N	N	N	N	N	N	N	0.0003	0.0002	0.0177	0.0002	0.0002	0.0439	0.0063	0.0123	0.0168	0.0000	0.0000	0.0001	0.0001	0.0001	0.0001	0.0000	0.0000	0.0001	0.1453	0.2066	0.0058	0.3200	0.3558	0.0020	0.0035	0.0008	0.0065	0.2619	0.0124	-0.0000	-0.0085	1.7810	2.0135	4.3857	0.9920	0.0000	0.0000	0.0000	0.0000	0.0000	0.0000	0.0000	0.0000	0.0000	0.0151	0.0149	0.0002	0.0149	0.0149	0.0000	0.0002	0.0000	0.0002	0.1421	0.1293	0.0128	0.0681	0.0643	0.0038	0.0740	0.0651	0.0090	0.1040	0.0723	0.0317	0.0466	0.0419	0.0047	0.0574	0.0304	0.0270
27	40	0.0368	5	2	0	1	0	1	0	1	0	1	0	1	0	0	0	0	0	0	0	Y	N	N	N	N	N	N	N	N	N	N	N	N	N	N	N	N	N	0.2029	0.3366	0.0001	0.0061	0.0060	0.0317	0.3300	681.6611	0.0000	0.0613	0.0716	0.0000	0.0046	0.0046	0.0073	0.0698	0.0838	0.0000	0.3019	0.2128	0.4271	0.7624	0.7734	0.2291	0.2116	0.0001	0.4287	0.0001	1.4293	-0.0027	0.0007	1.7810	5.0282	4.3857	8.9849	0.0075	0.0075	0.0000	0.0001	0.0001	0.0000	0.0074	0.0074	0.0000	0.0593	0.0244	0.0349	0.0245	0.0244	0.0001	0.0347	0.0000	0.0347	0.1228	0.1050	0.0178	0.0162	0.0161	0.0001	0.1066	0.0889	0.0177	0.1963	0.1146	0.0816	0.0322	0.0315	0.0007	0.1641	0.0831	0.0810
27	42	0.0344	4	2	0	1	0	1	0	1	0	0	0	0	0	0	0	0	0	0	0	Y	N	N	N	N	N	N	N	N	N	N	N	N	N	N	N	N	N	0.0000	0.0000	0.0000	0.0000	0.0000	0.0000	0.0000	0.0000	0.0000	0.0000	0.0000	0.0000	0.0000	0.0000	0.0000	0.0000	0.0000	0.0000	0.0031	0.0054	0.0000	0.0154	0.0158	0.0000	0.0006	0.0012	0.0000		0.0001	0.0000	-0.0001	1.7810	2.0001	4.3857	2.0031	0.0000	0.0000	0.0000	0.0000	0.0000	0.0000	0.0000	0.0000	0.0000	0.0002	0.0002	0.0000	0.0002	0.0002	0.0000	0.0000	0.0000	0.0000	0.0495	0.0423	0.0072	0.0064	0.0064	0.0000	0.0430	0.0359	0.0072	0.0594	0.0346	0.0248	0.0100	0.0098	0.0002	0.0493	0.0247	0.0246
27	43	0.0710	9	2	0	0	0	0	0	0	0	0	0	1	1	0	0	0	0	0	0	Y	N	N	N	N	N	N	N	N	N	N	N	N	N	N	N	N	N	0.0000	0.0000	0.0000	0.0000	0.0000	0.0000	0.0000	0.0000	0.0000	0.0000	0.0000	0.0000	0.0000	0.0000	0.0000	0.0000	0.0000	0.0000	0.0019	0.0024	0.0012	0.0004	0.0004	0.0000	0.0022	0.0033	0.0012		0.3498	0.0000	-0.0001	1.7810	3.9996	4.3857	6.0133	0.0000	0.0000	0.0000	0.0000	0.0000	0.0000	0.0000	0.0000	0.0000	0.0003	0.0002	0.0001	0.0000	0.0000	0.0000	0.0003	0.0002	0.0001	0.0960	0.0824	0.0136	0.0143	0.0142	0.0001	0.0816	0.0682	0.0135	0.1414	0.0821	0.0594	0.0255	0.0249	0.0006	0.1159	0.0572	0.0587
27	44	0.0710	8	2	0	0	0	0	0	0	0	1	1	1	1	0	0	0	0	0	0	Y	N	N	N	N	N	N	N	N	N	N	N	N	N	N	N	N	N	0.0000	0.0000	0.0000	0.0000	0.0000	0.0000	0.0000	0.0000	0.0000	0.0000	0.0000	0.0000	0.0000	0.0000	0.0000	0.0000	0.0000	0.0000	0.0003	0.0005	0.0001	0.0003	0.0003	0.0015	0.0003	0.0011	0.0001		0.1811	0.0000	-0.0000	1.7810	0.0009	4.3857	0.0333	0.0000	0.0000	0.0000	0.0000	0.0000	0.0000	0.0000	0.0000	0.0000	0.0000	0.0000	0.0000	0.0000	0.0000	0.0000	0.0000	0.0000	0.0000	0.0000	0.0000	0.0000	0.0000	0.0000	0.0000	0.0000	0.0000	0.0000	0.0050	0.0028	0.0021	0.0024	0.0023	0.0000	0.0026	0.0005	0.0021
27	45	0.0568	5	2	0	1	0	0	0	0	0	0	0	0	0	0	0	0	0	0	0	Y	N	N	N	N	N	N	N	N	N	N	N	N	N	N	N	N	N	0.6961	0.7509	0.0001	0.0569	0.0609	0.0147	0.6429	0.5797	0.0000	1.6289	1.8906	0.0002	0.0049	0.0049	0.0080	1.8899	2.2482	0.0001	2.3399	2.5176	2.0957	0.0869	0.0807	0.5460	2.9395	3.8782	2.1061	0.0000	0.6058	-0.3615	-0.3244	1.7810	28.1541	4.3857	22.5093	1.0002	1.0001	0.0000	0.0004	0.0004	0.0000	0.9997	0.9997	0.0000	1.6248	1.0119	0.6129	0.0127	0.0116	0.0011	1.6121	1.0002	0.6119	0.6140	0.5290	0.0850	0.0850	0.0843	0.0007	0.5290	0.4447	0.0843	0.6944	0.4019	0.2925	0.1459	0.1440	0.0020	0.5484	0.2579	0.2905
27	46	0.0544	4	2	0	1	0	1	0	1	0	0	0	0	0	0	0	0	0	0	0	Y	N	N	N	N	N	N	N	N	N	N	N	N	N	N	N	N	N	0.0117	0.0108	0.0222	0.0155	0.0158	0.0115	0.0104	0.2117	0.0236	0.0233	0.0202	0.0472	0.0358	0.0366	0.0089	0.0180	0.0124	0.0504	1.9895	1.8743	2.1305	2.3135	2.3180	0.7743	1.7313	0.0585	2.1344	0.2993	0.9290	-0.0001	-0.0413	1.7810	0.7642	4.3857	1.7872	0.0007	0.0006	0.0002	0.0003	0.0003	0.0000	0.0004	0.0002	0.0002	0.4335	0.2247	0.2088	0.2236	0.2234	0.0002	0.2099	0.0014	0.2086	0.0314	0.0278	0.0036	0.0093	0.0090	0.0003	0.0221	0.0188	0.0033	0.2179	0.1199	0.0980	0.0966	0.0964	0.0003	0.1213	0.0235	0.0977
27	47	0.0383	2	2	0	1	0	0	0	0	0	0	0	0	0	0	0	0	0	0	0	Y	N	N	N	N	N	N	N	N	N	N	N	N	N	N	N	N	N	20.5163	6.6869	195.6911	3.2052	2.9832	566.0928	111.9920	60.1970	189.6211	1.9581	0.9877	4.3344	0.9323	0.9232	2.4441	2.2655	1.0184	4.3434	0.0954	0.1477	0.0221	0.2909	0.3095	0.0043	0.0202	0.0169	0.0229	1.7920	0.1069	0.1662	-0.0127	1.7810	9.7242	4.3857	5.3244	0.5927	0.2123	0.3804	0.0651	0.0641	0.0010	0.5276	0.1482	0.3794	0.0265	0.0239	0.0026	0.0224	0.0224	0.0000	0.0041	0.0015	0.0025	0.3027	0.2149	0.0878	0.0698	0.0694	0.0004	0.2329	0.1455	0.0873	0.2773	0.1619	0.1154	0.0771	0.0724	0.0047	0.2002	0.0895	0.1107
27	50	0.0999	8	2	0	0	1	0	0	0	1	0	0	1	1	0	0	0	0	0	0	Y	N	N	N	N	N	N	N	N	N	N	N	N	N	N	N	N	N	0.0000	0.0000	0.0000	0.0000	0.0000	0.0000	0.0000	0.0000	0.0000	0.0000	0.0000	0.0000	0.0000	0.0000	0.0000	0.0000	0.0000	0.0000	0.0000	0.0000	0.0000	0.0000	0.0000	0.0000	0.0000	0.0000	0.0000		0.0000	-0.0000	-0.0000	1.7810	0.9995	4.3857	1.0067	0.0000	0.0000	0.0000	0.0000	0.0000	0.0000	0.0000	0.0000	0.0000	0.0000	0.0000	0.0000	0.0000	0.0000	0.0000	0.0000	0.0000	0.0000	0.0260	0.0227	0.0034	0.0071	0.0069	0.0002	0.0189	0.0158	0.0032	0.0266	0.0156	0.0110	0.0049	0.0048	0.0001	0.0218	0.0108	0.0109
27	51	0.0624	7	2	0	0	0	0	0	0	0	1	1	1	1	0	0	0	0	0	0	Y	N	N	N	N	N	N	N	N	N	N	N	N	N	N	N	N	N	415645.2338	308894.0101	188.3159	61704.7527	67943.9791	33.9293	2355222.5957	1419826.0789	inf	2.9959	3.4894	0.0003	2.2407	2.2602	0.0071	3.1243	3.7373	0.0002	0.0000	0.0000	0.0000	0.0000	0.0000	0.0002	0.0000	0.0000	0.0000	0.0000	0.0925	-0.2770	-0.0000	1.7810	11.0065	4.3857	2.0630	0.7664	0.7664	0.0000	0.0833	0.0833	0.0000	0.6831	0.6831	0.0000	0.0000	0.0000	0.0000	0.0000	0.0000	0.0000	0.0000	0.0000	0.0000	0.2558	0.2196	0.0362	0.0372	0.0369	0.0003	0.2186	0.1828	0.0359	0.1821	0.1064	0.0758	0.0306	0.0301	0.0005	0.1515	0.0763	0.0752
27	52	0.2914	8	2	0	1	0	1	0	1	0	0	0	0	0	0	0	0	0	0	0	Y	N	N	N	N	N	N	N	N	N	N	N	N	N	N	N	N	N	8.8703	9.7385	0.0509	15.4323	15.8527	0.2362	0.0067	0.0000	0.0221	6.1844	7.1016	0.0331	29.0887	30.0254	0.3839	0.0022	0.0000	0.0139	0.6972	0.7292	0.6495	1.8849	1.8940	1.6254	0.3258	0.0006	0.6295	0.0007	0.5987	-0.3600	-0.0307	1.7810	6.1530	4.3857	9.3095	0.9979	0.9972	0.0007	0.9976	0.9972	0.0004	0.0003	0.0000	0.0003	0.1519	0.0950	0.0569	0.0978	0.0949	0.0029	0.0541	0.0001	0.0540	0.1614	0.1404	0.0209	0.0343	0.0332	0.0011	0.1271	0.1072	0.0199	0.2178	0.1303	0.0876	0.0519	0.0501	0.0018	0.1659	0.0801	0.0858
27	56	0.0710	8	2	0	1	0	0	0	1	0	0	0	0	0	0	0	0	0	0	0	Y	N	N	N	N	N	N	N	N	N	N	N	N	N	N	N	N	N	10.5868	0.0000	inf	0.0000	0.0000	0.0000	inf	0.0000	inf	0.0018	0.0000	0.0130	0.0000	0.0000	0.0000	0.0022	0.0000	0.0132	0.0002	0.0003	0.0000	0.0009	0.0010	0.0000	0.0000	0.0000	0.0000	inf	0.0000	0.0001	-0.0000	1.7810	5.0004	4.3857	3.0004	0.0002	0.0000	0.0002	0.0000	0.0000	0.0000	0.0002	0.0000	0.0002	0.0000	0.0000	0.0000	0.0000	0.0000	0.0000	0.0000	0.0000	0.0000	0.1194	0.1025	0.0169	0.0178	0.0177	0.0002	0.1015	0.0848	0.0167	0.1149	0.0666	0.0483	0.0211	0.0205	0.0005	0.0938	0.0461	0.0478
27	57	0.0624	7	2	0	0	0	0	0	0	0	0	0	0	0	0	0	0	0	0	0	Y	N	N	N	N	N	N	N	N	N	N	N	N	N	N	N	N	N	0.1322	0.1058	0.0746	0.8212	0.7874	55.5342	0.0000	0.0000	0.0000	0.0003	0.0004	0.0001	0.0021	0.0021	0.0084	0.0000	0.0000	0.0000	0.0024	0.0033	0.0010	0.0026	0.0026	0.0002	0.0023	0.0037	0.0010	0.0356	0.2123	-0.0000	-0.0000	1.7810	0.9943	4.3857	1.9980	0.0000	0.0000	0.0000	0.0000	0.0000	0.0000	0.0000	0.0000	0.0000	0.0001	0.0001	0.0000	0.0000	0.0000	0.0000	0.0001	0.0001	0.0000	0.0245	0.0209	0.0035	0.0036	0.0036	0.0000	0.0208	0.0173	0.0035	0.0476	0.0278	0.0198	0.0094	0.0092	0.0002	0.0382	0.0186	0.0196
27	58	0.0570	6	2	0	0	0	0	0	0	0	0	0	0	0	0	0	0	0	0	0	Y	N	N	N	N	N	N	N	N	N	N	N	N	N	N	N	N	N	81.6741	56.8867	0.0000	1026.2673	1025.9523	0.0000	72.9450	45.6508	0.0000	0.0443	0.0517	0.0000	0.0330	0.0332	0.0000	0.0462	0.0555	0.0000	0.0005	0.0009	0.0000	0.0000	0.0000	0.0000	0.0006	0.0012	0.0000	0.0000	0.0263	-0.0000	-0.0000	1.7810	0.0070	4.3857	1.9921	0.0000	0.0000	0.0000	0.0000	0.0000	0.0000	0.0000	0.0000	0.0000	0.0000	0.0000	0.0000	0.0000	0.0000	0.0000	0.0000	0.0000	0.0000	0.0002	0.0001	0.0000	0.0000	0.0000	0.0000	0.0001	0.0001	0.0000	0.0283	0.0165	0.0119	0.0043	0.0043	0.0000	0.0240	0.0122	0.0118
27	59	0.0570	5	2	0	0	0	1	0	0	0	0	0	0	0	0	0	0	0	0	0	Y	N	N	N	N	N	N	N	N	N	N	N	N	N	N	N	N	N	0.0000	0.0000	0.0000	0.0000	0.0000	0.0000	0.0000	0.0000	0.0000	0.0000	0.0000	0.0000	0.0000	0.0000	0.0000	0.0000	0.0000	0.0000	0.0000	0.0000	0.0000	0.0000	0.0000	0.0000	0.0000	0.0000	0.0000			0.0000	0.0000	1.7810	0.0000	4.3857	0.0000	0.0000	0.0000	0.0000	0.0000	0.0000	0.0000	0.0000	0.0000	0.0000	0.0000	0.0000	0.0000	0.0000	0.0000	0.0000	0.0000	0.0000	0.0000	0.0000	0.0000	0.0000	0.0000	0.0000	0.0000	0.0000	0.0000	0.0000	0.0000	0.0000	0.0000	0.0000	0.0000	0.0000	0.0000	0.0000	0.0000
27	69	0.1040	8	2	0	1	0	0	0	0	0	0	0	1	0	0	0	0	0	0	0	Y	N	N	N	N	N	N	N	N	N	N	N	N	N	N	N	N	N	0.0000	0.0000	0.0000	0.0000	0.0000	0.0000	0.0000	0.0000	0.0000	0.0000	0.0000	0.0000	0.0000	0.0000	0.0000	0.0000	0.0000	0.0000	0.0000	0.0000	0.0000	0.0000	0.0000	0.0000	0.0000	0.0000	0.0000			0.0000	0.0000	1.7810	0.0000	4.3857	0.0000	0.0000	0.0000	0.0000	0.0000	0.0000	0.0000	0.0000	0.0000	0.0000	0.0000	0.0000	0.0000	0.0000	0.0000	0.0000	0.0000	0.0000	0.0000	0.0000	0.0000	0.0000	0.0000	0.0000	0.0000	0.0000	0.0000	0.0000	0.0000	0.0000	0.0000	0.0000	0.0000	0.0000	0.0000	0.0000	0.0000
27	70	0.0992	7	2	0	1	0	1	0	0	0	0	0	1	0	0	0	0	0	0	0	Y	N	N	N	N	N	N	N	N	N	N	N	N	N	N	N	N	N	0.0000	0.0000	0.0000	0.0000	0.0000	0.0000	0.0000	0.0000	0.0000	0.0000	0.0000	0.0000	0.0000	0.0000	0.0000	0.0000	0.0000	0.0000	0.0170	0.0008	0.0497	0.0093	0.0017	0.0669	0.0215	0.0000	0.0471		29.7334	0.0000	0.0002	1.7810	0.9999	4.3857	0.6468	0.0000	0.0000	0.0000	0.0000	0.0000	0.0000	0.0000	0.0000	0.0000	0.0006	0.0000	0.0006	0.0001	0.0000	0.0001	0.0005	0.0000	0.0005	0.0303	0.0267	0.0037	0.0085	0.0083	0.0002	0.0218	0.0183	0.0035	0.0376	0.0252	0.0124	0.0140	0.0124	0.0016	0.0236	0.0128	0.0108
28	38	0.2389	9	2	0	1	1	0	0	0	1	0	0	2	2	0	0	0	0	0	0	Y	N	N	N	Y	Y	N	N	N	N	N	N	N	N	N	N	N	N	0.0000	0.0000	0.0000	0.0000	0.0000	0.0000	0.0000	0.0000	0.0000	0.0000	0.0000	0.0000	0.0000	0.0000	0.0000	0.0000	0.0000	0.0000	0.0000	0.0000	0.0000	0.0000	0.0000	0.0000	0.0000	0.0000	0.0000			0.0000	0.0000	0.0000	0.0030	0.0000	2.0047	0.0000	0.0000	0.0000	0.0000	0.0000	0.0000	0.0000	0.0000	0.0000	0.0000	0.0000	0.0000	0.0000	0.0000	0.0000	0.0000	0.0000	0.0000	0.0000	0.0000	0.0000	0.0000	0.0000	0.0000	0.0000	0.0000	0.0000	0.0000	0.0000	0.0000	0.0000	0.0000	0.0000	0.0000	0.0000	0.0000
28	39	0.2241	8	2	0	1	1	1	0	0	1	1	1	2	2	0	0	0	0	0	0	Y	N	N	N	Y	Y	N	N	N	N	N	N	N	N	N	N	N	N	0.0000	0.0000	0.0000	0.0000	0.0000	0.0000	0.0000	0.0000	0.0000	0.0000	0.0000	0.0000	0.0000	0.0000	0.0000	0.0000	0.0000	0.0000	0.0000	0.0000	0.0000	0.0000	0.0000	0.0000	0.0000	0.0000	0.0000			0.0000	0.0000	0.0000	2.0135	0.0000	0.9920	0.0000	0.0000	0.0000	0.0000	0.0000	0.0000	0.0000	0.0000	0.0000	0.0000	0.0000	0.0000	0.0000	0.0000	0.0000	0.0000	0.0000	0.0000	0.0000	0.0000	0.0000	0.0000	0.0000	0.0000	0.0000	0.0000	0.0000	0.0000	0.0000	0.0000	0.0000	0.0000	0.0000	0.0000	0.0000	0.0000
28	41	0.2200	13	1	0	1	1	0	0	0	1	1	0	2	1	0	0	0	0	0	0	N	N	N	N	Y	N	N	N	N	N	N	N	N	N	N	N	N	N	0.0000	0.0000	0.0000	0.0000	0.0000	0.0000	0.0000	0.0000	0.0000	0.0000	0.0000	0.0000	0.0000	0.0000	0.0000	0.0000	0.0000	0.0000	0.0000	0.0000	0.0000	0.0000	0.0000	0.0000	0.0000	0.0000	0.0000			0.0000	0.0000	0.0000	13.0332	0.0000	41.9092	0.0000	0.0000	0.0000	0.0000	0.0000	0.0000	0.0000	0.0000	0.0000	0.0000	0.0000	0.0000	0.0000	0.0000	0.0000	0.0000	0.0000	0.0000	0.0000	0.0000	0.0000	0.0000	0.0000	0.0000	0.0000	0.0000	0.0000	0.0000	0.0000	0.0000	0.0000	0.0000	0.0000	0.0000	0.0000	0.0000
28	43	0.0489	6	2	0	1	1	0	0	0	1	0	0	2	2	0	0	0	0	0	0	Y	N	N	N	Y	Y	N	N	N	N	N	N	N	N	N	N	N	N	0.0000	0.0000	0.0000	0.0000	0.0000	0.0000	0.0000	0.0000	0.0000	0.0000	0.0000	0.0000	0.0000	0.0000	0.0000	0.0000	0.0000	0.0000	0.0000	0.0000	0.0000	0.0000	0.0000	0.0000	0.0000	0.0000	0.0000			0.0000	0.0000	0.0000	3.9996	0.0000	6.0133	0.0000	0.0000	0.0000	0.0000	0.0000	0.0000	0.0000	0.0000	0.0000	0.0000	0.0000	0.0000	0.0000	0.0000	0.0000	0.0000	0.0000	0.0000	0.0000	0.0000	0.0000	0.0000	0.0000	0.0000	0.0000	0.0000	0.0000	0.0000	0.0000	0.0000	0.0000	0.0000	0.0000	0.0000	0.0000	0.0000
28	44	0.0489	5	2	0	1	1	0	0	0	1	1	1	2	2	0	0	0	0	0	0	Y	N	N	N	Y	Y	N	N	N	N	N	N	N	N	N	N	N	N	0.0000	0.0000	0.0000	0.0000	0.0000	0.0000	0.0000	0.0000	0.0000	0.0000	0.0000	0.0000	0.0000	0.0000	0.0000	0.0000	0.0000	0.0000	0.0000	0.0000	0.0000	0.0000	0.0000	0.0000	0.0000	0.0000	0.0000			0.0000	0.0000	0.0000	0.0009	0.0000	0.0333	0.0000	0.0000	0.0000	0.0000	0.0000	0.0000	0.0000	0.0000	0.0000	0.0000	0.0000	0.0000	0.0000	0.0000	0.0000	0.0000	0.0000	0.0000	0.0000	0.0000	0.0000	0.0000	0.0000	0.0000	0.0000	0.0000	0.0000	0.0000	0.0000	0.0000	0.0000	0.0000	0.0000	0.0000	0.0000	0.0000
28	49	0.0726	9	2	0	1	1	1	0	0	1	0	0	1	1	0	0	0	0	0	0	Y	N	N	N	N	N	N	N	N	N	N	N	N	N	N	N	N	N	0.0000	0.0000	0.0000	0.0000	0.0000	0.0000	0.0000	0.0000	0.0000	0.0000	0.0000	0.0000	0.0000	0.0000	0.0000	0.0000	0.0000	0.0000	0.0000	0.0000	0.0000	0.0000	0.0000	0.0000	0.0000	0.0000	0.0000			0.0000	0.0000	0.0000	2.4585	0.0000	2.2382	0.0000	0.0000	0.0000	0.0000	0.0000	0.0000	0.0000	0.0000	0.0000	0.0000	0.0000	0.0000	0.0000	0.0000	0.0000	0.0000	0.0000	0.0000	0.0000	0.0000	0.0000	0.0000	0.0000	0.0000	0.0000	0.0000	0.0000	0.0000	0.0000	0.0000	0.0000	0.0000	0.0000	0.0000	0.0000	0.0000
28	50	0.0027	3	2	0	1	2	0	0	0	2	0	0	2	2	0	0	0	0	0	0	Y	N	N	Y	Y	Y	N	N	N	N	N	N	N	N	N	N	N	N	0.0000	0.0000	0.0000	0.0000	0.0000	0.0000	0.0000	0.0000	0.0000	0.0000	0.0000	0.0000	0.0000	0.0000	0.0000	0.0000	0.0000	0.0000	0.0000	0.0000	0.0000	0.0000	0.0000	0.0000	0.0000	0.0000	0.0000			0.0000	0.0000	0.0000	0.9995	0.0000	1.0067	0.0000	0.0000	0.0000	0.0000	0.0000	0.0000	0.0000	0.0000	0.0000	0.0000	0.0000	0.0000	0.0000	0.0000	0.0000	0.0000	0.0000	0.0000	0.0000	0.0000	0.0000	0.0000	0.0000	0.0000	0.0000	0.0000	0.0000	0.0000	0.0000	0.0000	0.0000	0.0000	0.0000	0.0000	0.0000	0.0000
28	57	0.0402	4	2	0	1	1	0	0	0	1	0	0	1	1	0	0	0	0	0	0	Y	N	N	N	N	N	N	N	N	N	N	N	N	N	N	N	N	N	0.0000	0.0000	0.0000	0.0000	0.0000	0.0000	0.0000	0.0000	0.0000	0.0000	0.0000	0.0000	0.0000	0.0000	0.0000	0.0000	0.0000	0.0000	0.0000	0.0000	0.0000	0.0000	0.0000	0.0000	0.0000	0.0000	0.0000			0.0000	0.0000	0.0000	0.9943	0.0000	1.9980	0.0000	0.0000	0.0000	0.0000	0.0000	0.0000	0.0000	0.0000	0.0000	0.0000	0.0000	0.0000	0.0000	0.0000	0.0000	0.0000	0.0000	0.0000	0.0000	0.0000	0.0000	0.0000	0.0000	0.0000	0.0000	0.0000	0.0000	0.0000	0.0000	0.0000	0.0000	0.0000	0.0000	0.0000	0.0000	0.0000
28	65	0.1342	12	1	0	1	1	0	0	0	1	0	1	1	2	0	0	0	0	0	0	N	N	N	N	N	Y	N	N	N	N	N	N	N	N	N	N	N	N	0.0000	0.0000	0.0000	0.0000	0.0000	0.0000	0.0000	0.0000	0.0000	0.0000	0.0000	0.0000	0.0000	0.0000	0.0000	0.0000	0.0000	0.0000	0.0000	0.0000	0.0000	0.0000	0.0000	0.0000	0.0000	0.0000	0.0000			0.0000	0.0000	0.0000	0.0006	0.0000	2.0029	0.0000	0.0000	0.0000	0.0000	0.0000	0.0000	0.0000	0.0000	0.0000	0.0000	0.0000	0.0000	0.0000	0.0000	0.0000	0.0000	0.0000	0.0000	0.0000	0.0000	0.0000	0.0000	0.0000	0.0000	0.0000	0.0000	0.0000	0.0000	0.0000	0.0000	0.0000	0.0000	0.0000	0.0000	0.0000	0.0000
28	66	0.1342	13	1	0	1	1	0	0	0	1	0	1	1	2	0	0	0	0	0	0	N	N	N	N	N	Y	N	N	N	N	N	N	N	N	N	N	N	N	0.0000	0.0000	0.0000	0.0000	0.0000	0.0000	0.0000	0.0000	0.0000	0.0000	0.0000	0.0000	0.0000	0.0000	0.0000	0.0000	0.0000	0.0000	0.0000	0.0000	0.0000	0.0000	0.0000	0.0000	0.0000	0.0000	0.0000			0.0000	0.0000	0.0000	5.0001	0.0000	8.0020	0.0000	0.0000	0.0000	0.0000	0.0000	0.0000	0.0000	0.0000	0.0000	0.0000	0.0000	0.0000	0.0000	0.0000	0.0000	0.0000	0.0000	0.0000	0.0000	0.0000	0.0000	0.0000	0.0000	0.0000	0.0000	0.0000	0.0000	0.0000	0.0000	0.0000	0.0000	0.0000	0.0000	0.0000	0.0000	0.0000
29	38	0.2417	9	2	0	1	0	0	0	0	0	0	0	2	2	0	0	0	0	0	0	Y	N	N	N	Y	Y	N	N	N	N	N	N	N	N	N	N	N	N	0.0000	0.0000	0.0000	0.0000	0.0000	0.0000	0.0000	0.0000	0.0000	0.0000	0.0000	0.0000	0.0000	0.0000	0.0000	0.0000	0.0000	0.0000	0.0035	0.0071	0.0000	0.0405	0.0447	0.0000	0.0000	0.0000	0.0000		0.0000	0.0000	-0.0000	0.0000	0.0030	1.0000	2.0047	0.0000	0.0000	0.0000	0.0000	0.0000	0.0000	0.0000	0.0000	0.0000	0.0000	0.0000	0.0000	0.0000	0.0000	0.0000	0.0000	0.0000	0.0000	0.0000	0.0000	0.0000	0.0000	0.0000	0.0000	0.0000	0.0000	0.0000	0.0029	0.0014	0.0015	0.0002	0.0002	0.0000	0.0026	0.0012	0.0014
29	39	0.2269	8	2	0	1	0	1	0	0	0	1	1	2	2	0	0	0	0	0	0	Y	N	N	N	Y	Y	N	N	N	N	N	N	N	N	N	N	N	N	0.0000	0.0000	0.0000	0.0000	0.0000	0.0000	0.0000	0.0000	0.0000	0.0000	0.0000	0.0000	0.0000	0.0000	0.0000	0.0000	0.0000	0.0000	0.0178	0.0255	0.0023	0.0420	0.0448	0.0000	0.0013	0.0000	0.0025		0.0454	0.0000	-0.0001	0.0000	2.0135	1.0000	0.9920	0.0000	0.0000	0.0000	0.0000	0.0000	0.0000	0.0000	0.0000	0.0000	0.0002	0.0002	0.0000	0.0002	0.0002	0.0000	0.0000	0.0000	0.0000	0.0000	0.0000	0.0000	0.0000	0.0000	0.0000	0.0000	0.0000	0.0000	0.0129	0.0086	0.0043	0.0052	0.0049	0.0003	0.0077	0.0037	0.0040
29	41	0.2228	13	1	0	1	0	0	0	0	0	1	0	2	1	0	0	0	0	0	0	N	N	N	N	Y	N	N	N	N	N	N	N	N	N	N	N	N	N	0.0000	0.0000	0.0000	0.0000	0.0000	0.0000	0.0000	0.0000	0.0000	0.0000	0.0000	0.0000	0.0000	0.0000	0.0000	0.0000	0.0000	0.0000	0.0000	0.0000	0.0000	0.0000	0.0000	0.0000	0.0000	0.0000	0.0000			0.0000	0.0000	0.0000	13.0332	1.0000	41.9092	0.0000	0.0000	0.0000	0.0000	0.0000	0.0000	0.0000	0.0000	0.0000	0.0000	0.0000	0.0000	0.0000	0.0000	0.0000	0.0000	0.0000	0.0000	0.0000	0.0000	0.0000	0.0000	0.0000	0.0000	0.0000	0.0000	0.0000	0.0996	0.0614	0.0382	0.0307	0.0285	0.0023	0.0689	0.0330	0.0359
29	43	0.0517	6	2	0	1	0	0	0	0	0	0	0	2	2	0	0	0	0	0	0	Y	N	N	N	Y	Y	N	N	N	N	N	N	N	N	N	N	N	N	0.0000	0.0000	0.0000	0.0000	0.0000	0.0000	0.0000	0.0000	0.0000	0.0000	0.0000	0.0000	0.0000	0.0000	0.0000	0.0000	0.0000	0.0000	65.9609	143.3841	0.0000	0.0705	0.0787	0.0000	68.5257	154.6539	0.0000		0.0000	0.0000	-0.5764	0.0000	3.9996	1.0000	6.0133	0.0000	0.0000	0.0000	0.0000	0.0000	0.0000	0.0000	0.0000	0.0000	0.9992	0.9992	0.0000	0.0000	0.0000	0.0000	0.9992	0.9992	0.0000	0.0000	0.0000	0.0000	0.0000	0.0000	0.0000	0.0000	0.0000	0.0000	0.0151	0.0070	0.0082	0.0006	0.0005	0.0001	0.0146	0.0065	0.0081
29	44	0.0517	5	2	0	1	0	0	0	0	0	1	1	2	2	0	0	0	0	0	0	Y	N	N	N	Y	Y	N	N	N	N	N	N	N	N	N	N	N	N	0.0000	0.0000	0.0000	0.0000	0.0000	0.0000	0.0000	0.0000	0.0000	0.0000	0.0000	0.0000	0.0000	0.0000	0.0000	0.0000	0.0000	0.0000	9.0706	12.0826	0.6462	12.6214	12.6768	0.0828	7.0789	11.5214	0.6496		0.0191	0.0000	-0.0009	0.0000	0.0009	1.0000	0.0333	0.0000	0.0000	0.0000	0.0000	0.0000	0.0000	0.0000	0.0000	0.0000	0.0016	0.0016	0.0000	0.0008	0.0008	0.0000	0.0008	0.0008	0.0000	0.0000	0.0000	0.0000	0.0000	0.0000	0.0000	0.0000	0.0000	0.0000	0.0002	0.0001	0.0000	0.0001	0.0001	0.0000	0.0001	0.0001	0.0000
29	49	0.0754	9	2	0	1	0	1	0	0	0	0	0	1	1	0	0	0	0	0	0	Y	N	N	N	N	N	N	N	N	N	N	N	N	N	N	N	N	N	0.0000	0.0000	0.0000	0.0000	0.0000	0.0000	0.0000	0.0000	0.0000	0.0000	0.0000	0.0000	0.0000	0.0000	0.0000	0.0000	0.0000	0.0000	0.0011	0.0000	0.0025	0.0000	0.0000	0.0000	0.0013	0.0000	0.0025		inf	0.0000	0.0000	0.0000	2.4585	1.0000	2.2382	0.0000	0.0000	0.0000	0.0000	0.0000	0.0000	0.0000	0.0000	0.0000	0.0000	0.0000	0.0000	0.0000	0.0000	0.0000	0.0000	0.0000	0.0000	0.0000	0.0000	0.0000	0.0000	0.0000	0.0000	0.0000	0.0000	0.0000	0.0091	0.0051	0.0040	0.0013	0.0012	0.0000	0.0079	0.0039	0.0040
29	50	0.0055	3	2	0	1	1	0	0	0	1	0	0	2	2	0	0	0	0	0	0	Y	N	N	N	Y	Y	N	N	N	N	N	N	N	N	N	N	N	N	0.0000	0.0000	0.0000	0.0000	0.0000	0.0000	0.0000	0.0000	0.0000	0.0000	0.0000	0.0000	0.0000	0.0000	0.0000	0.0000	0.0000	0.0000	0.0000	0.0000	0.0000	0.0000	0.0000	0.0000	0.0000	0.0000	0.0000			0.0000	0.0000	0.0000	0.9995	1.0000	1.0067	0.0000	0.0000	0.0000	0.0000	0.0000	0.0000	0.0000	0.0000	0.0000	0.0000	0.0000	0.0000	0.0000	0.0000	0.0000	0.0000	0.0000	0.0000	0.0000	0.0000	0.0000	0.0000	0.0000	0.0000	0.0000	0.0000	0.0000	0.0033	0.0015	0.0018	0.0000	0.0000	0.0000	0.0033	0.0015	0.0018
29	57	0.0430	4	2	0	1	0	0	0	0	0	0	0	1	1	0	0	0	0	0	0	Y	N	N	N	N	N	N	N	N	N	N	N	N	N	N	N	N	N	0.0000	0.0000	0.0000	0.0000	0.0000	0.0000	0.0000	0.0000	0.0000	0.0000	0.0000	0.0000	0.0000	0.0000	0.0000	0.0000	0.0000	0.0000	0.1642	0.3326	0.0116	0.0463	0.0483	0.0000	0.1696	0.3601	0.0116		0.0385	0.0000	-0.0004	0.0000	0.9943	1.0000	1.9980	0.0000	0.0000	0.0000	0.0000	0.0000	0.0000	0.0000	0.0000	0.0000	0.0008	0.0008	0.0000	0.0000	0.0000	0.0000	0.0008	0.0008	0.0000	0.0000	0.0000	0.0000	0.0000	0.0000	0.0000	0.0000	0.0000	0.0000	0.0049	0.0023	0.0026	0.0002	0.0002	0.0000	0.0047	0.0021	0.0026
29	65	0.1370	12	1	0	1	0	0	0	0	0	0	1	1	2	0	0	0	0	0	0	N	N	N	N	N	Y	N	N	N	N	N	N	N	N	N	N	N	N	0.0000	0.0000	0.0000	0.0000	0.0000	0.0000	0.0000	0.0000	0.0000	0.0000	0.0000	0.0000	0.0000	0.0000	0.0000	0.0000	0.0000	0.0000	0.0000	0.0000	0.0000	0.0000	0.0000	0.0000	0.0000	0.0000	0.0000			0.0000	0.0000	0.0000	0.0006	1.0000	2.0029	0.0000	0.0000	0.0000	0.0000	0.0000	0.0000	0.0000	0.0000	0.0000	0.0000	0.0000	0.0000	0.0000	0.0000	0.0000	0.0000	0.0000	0.0000	0.0000	0.0000	0.0000	0.0000	0.0000	0.0000	0.0000	0.0000	0.0000	0.0029	0.0014	0.0015	0.0003	0.0002	0.0000	0.0026	0.0012	0.0014
29	66	0.1370	13	1	0	1	0	0	0	0	0	0	1	1	2	0	0	0	0	0	0	N	N	N	N	N	Y	N	N	N	N	N	N	N	N	N	N	N	N	0.0000	0.0000	0.0000	0.0000	0.0000	0.0000	0.0000	0.0000	0.0000	0.0000	0.0000	0.0000	0.0000	0.0000	0.0000	0.0000	0.0000	0.0000	0.0000	0.0000	0.0000	0.0000	0.0000	0.0000	0.0000	0.0000	0.0000			0.0000	0.0000	0.0000	5.0001	1.0000	8.0020	0.0000	0.0000	0.0000	0.0000	0.0000	0.0000	0.0000	0.0000	0.0000	0.0000	0.0000	0.0000	0.0000	0.0000	0.0000	0.0000	0.0000	0.0000	0.0000	0.0000	0.0000	0.0000	0.0000	0.0000	0.0000	0.0000	0.0000	0.0181	0.0087	0.0094	0.0018	0.0016	0.0003	0.0163	0.0071	0.0092
30	38	0.2389	8	2	0	1	0	0	0	1	0	0	0	2	2	0	0	0	0	0	0	Y	N	N	N	Y	Y	N	N	N	N	N	N	N	N	N	N	N	N	0.0000	0.0000	0.0000	0.0000	0.0000	0.0000	0.0000	0.0000	0.0000	0.0000	0.0000	0.0000	0.0000	0.0000	0.0000	0.0000	0.0000	0.0000	0.0000	0.0000	0.0000	0.0000	0.0000	0.0000	0.0000	0.0000	0.0000			0.0000	0.0000	0.0000	0.0030	0.0010	2.0047	0.0000	0.0000	0.0000	0.0000	0.0000	0.0000	0.0000	0.0000	0.0000	0.0000	0.0000	0.0000	0.0000	0.0000	0.0000	0.0000	0.0000	0.0000	0.0000	0.0000	0.0000	0.0000	0.0000	0.0000	0.0000	0.0000	0.0000	0.0000	0.0000	0.0000	0.0000	0.0000	0.0000	0.0000	0.0000	0.0000
30	39	0.2241	7	2	0	1	0	1	0	1	0	1	1	2	2	0	0	0	0	0	0	Y	N	N	N	Y	Y	N	N	N	N	N	N	N	N	N	N	N	N	0.0000	0.0000	0.0000	0.0000	0.0000	0.0000	0.0000	0.0000	0.0000	0.0000	0.0000	0.0000	0.0000	0.0000	0.0000	0.0000	0.0000	0.0000	0.0000	0.0000	0.0000	0.0000	0.0000	0.0000	0.0000	0.0000	0.0000			0.0000	0.0000	0.0000	2.0135	0.0010	0.9920	0.0000	0.0000	0.0000	0.0000	0.0000	0.0000	0.0000	0.0000	0.0000	0.0000	0.0000	0.0000	0.0000	0.0000	0.0000	0.0000	0.0000	0.0000	0.0000	0.0000	0.0000	0.0000	0.0000	0.0000	0.0000	0.0000	0.0000	0.0000	0.0000	0.0000	0.0000	0.0000	0.0000	0.0000	0.0000	0.0000
30	41	0.2200	12	1	0	1	0	0	0	1	0	1	0	2	1	0	0	0	0	0	0	N	N	N	N	Y	N	N	N	N	N	N	N	N	N	N	N	N	N	0.0000	0.0000	0.0000	0.0000	0.0000	0.0000	0.0000	0.0000	0.0000	0.0000	0.0000	0.0000	0.0000	0.0000	0.0000	0.0000	0.0000	0.0000	0.0000	0.0000	0.0000	0.0000	0.0000	0.0000	0.0000	0.0000	0.0000			0.0000	0.0000	0.0000	13.0332	0.0010	41.9092	0.0000	0.0000	0.0000	0.0000	0.0000	0.0000	0.0000	0.0000	0.0000	0.0000	0.0000	0.0000	0.0000	0.0000	0.0000	0.0000	0.0000	0.0000	0.0000	0.0000	0.0000	0.0000	0.0000	0.0000	0.0000	0.0000	0.0000	0.0001	0.0001	0.0000	0.0000	0.0000	0.0000	0.0001	0.0000	0.0000
30	43	0.0489	5	2	0	1	0	0	0	1	0	0	0	2	2	0	0	0	0	0	0	Y	N	N	N	Y	Y	N	N	N	N	N	N	N	N	N	N	N	N	0.0000	0.0000	0.0000	0.0000	0.0000	0.0000	0.0000	0.0000	0.0000	0.0000	0.0000	0.0000	0.0000	0.0000	0.0000	0.0000	0.0000	0.0000	0.0000	0.0000	0.0000	0.0000	0.0000	0.0000	0.0000	0.0000	0.0000			0.0000	0.0000	0.0000	3.9996	0.0010	6.0133	0.0000	0.0000	0.0000	0.0000	0.0000	0.0000	0.0000	0.0000	0.0000	0.0000	0.0000	0.0000	0.0000	0.0000	0.0000	0.0000	0.0000	0.0000	0.0000	0.0000	0.0000	0.0000	0.0000	0.0000	0.0000	0.0000	0.0000	0.0001	0.0000	0.0000	0.0000	0.0000	0.0000	0.0000	0.0000	0.0000
30	44	0.0489	4	2	0	1	0	0	0	1	0	1	1	2	2	0	0	0	0	0	0	Y	N	N	N	Y	Y	N	N	N	N	N	N	N	N	N	N	N	N	0.0000	0.0000	0.0000	0.0000	0.0000	0.0000	0.0000	0.0000	0.0000	0.0000	0.0000	0.0000	0.0000	0.0000	0.0000	0.0000	0.0000	0.0000	0.0000	0.0000	0.0000	0.0000	0.0000	0.0000	0.0000	0.0000	0.0000			0.0000	0.0000	0.0000	0.0009	0.0010	0.0333	0.0000	0.0000	0.0000	0.0000	0.0000	0.0000	0.0000	0.0000	0.0000	0.0000	0.0000	0.0000	0.0000	0.0000	0.0000	0.0000	0.0000	0.0000	0.0000	0.0000	0.0000	0.0000	0.0000	0.0000	0.0000	0.0000	0.0000	0.0000	0.0000	0.0000	0.0000	0.0000	0.0000	0.0000	0.0000	0.0000
30	49	0.0726	8	2	0	1	0	1	0	1	0	0	0	1	1	0	0	0	0	0	0	Y	N	N	N	N	N	N	N	N	N	N	N	N	N	N	N	N	N	0.0000	0.0000	0.0000	0.0000	0.0000	0.0000	0.0000	0.0000	0.0000	0.0000	0.0000	0.0000	0.0000	0.0000	0.0000	0.0000	0.0000	0.0000	0.0000	0.0000	0.0000	0.0000	0.0000	0.0000	0.0000	0.0000	0.0000			0.0000	0.0000	0.0000	2.4585	0.0010	2.2382	0.0000	0.0000	0.0000	0.0000	0.0000	0.0000	0.0000	0.0000	0.0000	0.0000	0.0000	0.0000	0.0000	0.0000	0.0000	0.0000	0.0000	0.0000	0.0000	0.0000	0.0000	0.0000	0.0000	0.0000	0.0000	0.0000	0.0000	0.0000	0.0000	0.0000	0.0000	0.0000	0.0000	0.0000	0.0000	0.0000
30	50	0.0027	2	2	0	1	1	0	0	1	1	0	0	2	2	0	0	0	0	0	0	Y	N	N	N	Y	Y	N	N	N	N	N	N	N	N	N	N	N	N	0.0000	0.0000	0.0000	0.0000	0.0000	0.0000	0.0000	0.0000	0.0000	0.0000	0.0000	0.0000	0.0000	0.0000	0.0000	0.0000	0.0000	0.0000	0.1986	0.3503	0.0000	0.4246	0.4248	0.0000	0.0000	0.0000	0.0000		0.0000	0.0000	-0.0000	0.0000	0.9995	0.0010	1.0067	0.0000	0.0000	0.0000	0.0000	0.0000	0.0000	0.0000	0.0000	0.0000	0.0000	0.0000	0.0000	0.0000	0.0000	0.0000	0.0000	0.0000	0.0000	0.0000	0.0000	0.0000	0.0000	0.0000	0.0000	0.0000	0.0000	0.0000	0.0000	0.0000	0.0000	0.0000	0.0000	0.0000	0.0000	0.0000	0.0000
30	57	0.0402	3	2	0	1	0	0	0	1	0	0	0	1	1	0	0	0	0	0	0	Y	N	N	N	N	N	N	N	N	N	N	N	N	N	N	N	N	N	0.0000	0.0000	0.0000	0.0000	0.0000	0.0000	0.0000	0.0000	0.0000	0.0000	0.0000	0.0000	0.0000	0.0000	0.0000	0.0000	0.0000	0.0000	0.0000	0.0000	0.0000	0.0000	0.0000	0.0000	0.0000	0.0000	0.0000			0.0000	0.0000	0.0000	0.9943	0.0010	1.9980	0.0000	0.0000	0.0000	0.0000	0.0000	0.0000	0.0000	0.0000	0.0000	0.0000	0.0000	0.0000	0.0000	0.0000	0.0000	0.0000	0.0000	0.0000	0.0000	0.0000	0.0000	0.0000	0.0000	0.0000	0.0000	0.0000	0.0000	0.0000	0.0000	0.0000	0.0000	0.0000	0.0000	0.0000	0.0000	0.0000
30	65	0.1342	11	1	0	1	0	0	0	1	0	0	1	1	2	0	0	0	0	0	0	N	N	N	N	N	Y	N	N	N	N	N	N	N	N	N	N	N	N	0.0000	0.0000	0.0000	0.0000	0.0000	0.0000	0.0000	0.0000	0.0000	0.0000	0.0000	0.0000	0.0000	0.0000	0.0000	0.0000	0.0000	0.0000	0.0000	0.0000	0.0000	0.0000	0.0000	0.0000	0.0000	0.0000	0.0000			0.0000	0.0000	0.0000	0.0006	0.0010	2.0029	0.0000	0.0000	0.0000	0.0000	0.0000	0.0000	0.0000	0.0000	0.0000	0.0000	0.0000	0.0000	0.0000	0.0000	0.0000	0.0000	0.0000	0.0000	0.0000	0.0000	0.0000	0.0000	0.0000	0.0000	0.0000	0.0000	0.0000	0.0000	0.0000	0.0000	0.0000	0.0000	0.0000	0.0000	0.0000	0.0000
30	66	0.1342	12	1	0	1	0	0	0	1	0	0	1	1	2	0	0	0	0	0	0	N	N	N	N	N	Y	N	N	N	N	N	N	N	N	N	N	N	N	0.0000	0.0000	0.0000	0.0000	0.0000	0.0000	0.0000	0.0000	0.0000	0.0000	0.0000	0.0000	0.0000	0.0000	0.0000	0.0000	0.0000	0.0000	0.0000	0.0000	0.0000	0.0000	0.0000	0.0000	0.0000	0.0000	0.0000			0.0000	0.0000	0.0000	5.0001	0.0010	8.0020	0.0000	0.0000	0.0000	0.0000	0.0000	0.0000	0.0000	0.0000	0.0000	0.0000	0.0000	0.0000	0.0000	0.0000	0.0000	0.0000	0.0000	0.0000	0.0000	0.0000	0.0000	0.0000	0.0000	0.0000	0.0000	0.0000	0.0000	0.0001	0.0001	0.0000	0.0000	0.0000	0.0000	0.0000	0.0000	0.0000
31	35	0.0597	7	2	0	1	0	0	0	0	0	0	1	1	2	0	0	0	0	0	0	Y	N	N	N	N	Y	N	N	N	N	N	N	N	N	N	N	N	N	0.0000	0.0000	0.0000	0.0000	0.0000	0.0000	0.0000	0.0000	0.0000	0.0000	0.0000	0.0000	0.0000	0.0000	0.0000	0.0000	0.0000	0.0000	0.0023	0.0050	0.0000	0.0245	0.0253	0.0000	0.0000	0.0000	0.0000		0.0000	-0.0000	-0.0000	0.0008	4.0048	0.9932	3.3550	0.0000	0.0000	0.0000	0.0000	0.0000	0.0000	0.0000	0.0000	0.0000	0.0000	0.0000	0.0000	0.0000	0.0000	0.0000	0.0000	0.0000	0.0000	0.0000	0.0000	0.0000	0.0000	0.0000	0.0000	0.0000	0.0000	0.0000	0.0127	0.0060	0.0067	0.0012	0.0012	0.0000	0.0115	0.0048	0.0067
31	36	0.0483	6	2	0	1	0	0	0	0	0	0	0	1	1	0	0	0	0	0	0	Y	N	N	N	N	N	N	N	N	N	N	N	N	N	N	N	N	N	0.0000	0.0000	0.0000	0.0000	0.0000	0.0000	0.0000	0.0000	0.0000	0.0000	0.0000	0.0000	0.0000	0.0000	0.0000	0.0000	0.0000	0.0000	0.0051	0.0109	0.0000	0.0000	0.0000	0.0000	0.0053	0.0118	0.0000		0.0000	-0.0000	-0.0000	0.0008	2.9973	0.9932	0.6905	0.0000	0.0000	0.0000	0.0000	0.0000	0.0000	0.0000	0.0000	0.0000	0.0000	0.0000	0.0000	0.0000	0.0000	0.0000	0.0000	0.0000	0.0000	0.0001	0.0001	0.0000	0.0000	0.0000	0.0000	0.0001	0.0000	0.0000	0.0058	0.0027	0.0031	0.0002	0.0002	0.0000	0.0056	0.0025	0.0031
31	37	0.0483	5	2	0	1	0	1	0	1	0	0	0	1	1	0	0	0	0	0	0	Y	N	N	N	N	N	N	N	N	N	N	N	N	N	N	N	N	N	0.0000	0.0000	0.0000	0.0000	0.0000	0.0000	0.0000	0.0000	0.0000	0.0000	0.0000	0.0000	0.0000	0.0000	0.0000	0.0000	0.0000	0.0000	0.0000	0.0000	0.0000	0.0000	0.0000	0.0000	0.0000	0.0000	0.0000			0.0000	0.0000	0.0008	0.0022	0.9932	0.0001	0.0000	0.0000	0.0000	0.0000	0.0000	0.0000	0.0000	0.0000	0.0000	0.0000	0.0000	0.0000	0.0000	0.0000	0.0000	0.0000	0.0000	0.0000	0.0000	0.0000	0.0000	0.0000	0.0000	0.0000	0.0000	0.0000	0.0000	0.0000	0.0000	0.0000	0.0000	0.0000	0.0000	0.0000	0.0000	0.0000
31	38	0.2389	7	2	0	0	0	0	0	0	0	0	0	2	2	0	0	0	0	0	0	Y	N	N	N	Y	Y	N	N	N	N	N	N	N	N	N	N	N	N	0.0000	0.0000	0.0000	0.0000	0.0000	0.0000	0.0000	0.0000	0.0000	0.0000	0.0000	0.0000	0.0000	0.0000	0.0000	0.0000	0.0000	0.0000	0.0000	0.0000	0.0000	0.0000	0.0000	0.0000	0.0000	0.0000	0.0000			-0.0000	0.0000	0.0008	0.0030	0.9932	2.0047	0.0000	0.0000	0.0000	0.0000	0.0000	0.0000	0.0000	0.0000	0.0000	0.0000	0.0000	0.0000	0.0000	0.0000	0.0000	0.0000	0.0000	0.0000	0.0000	0.0000	0.0000	0.0000	0.0000	0.0000	0.0000	0.0000	0.0000	0.0030	0.0015	0.0015	0.0003	0.0003	0.0000	0.0027	0.0012	0.0014
31	39	0.2241	6	2	0	0	0	1	0	0	0	1	1	2	2	0	0	0	0	0	0	Y	N	N	N	Y	Y	N	N	N	N	N	N	N	N	N	N	N	N	40.0092	184.7644	0.0000	34.4511	177.0715	0.0000	0.0000	0.0000	0.0000	0.0006	0.0006	0.0000	0.0009	0.0010	0.0000	0.0000	0.0000	0.0000	0.0000	0.0000	0.0000	0.0000	0.0000	0.0003	0.0000	0.0000	0.0000	0.0000	5.1644	-0.0000	0.0000	0.0008	2.0135	0.9932	0.9920	0.0000	0.0000	0.0000	0.0000	0.0000	0.0000	0.0000	0.0000	0.0000	0.0000	0.0000	0.0000	0.0000	0.0000	0.0000	0.0000	0.0000	0.0000	0.0001	0.0001	0.0000	0.0001	0.0001	0.0000	0.0001	0.0001	0.0000	0.0130	0.0088	0.0043	0.0053	0.0050	0.0003	0.0077	0.0038	0.0040
31	40	0.0706	8	2	0	1	0	1	0	1	0	1	0	2	1	0	0	0	0	0	0	Y	N	N	N	Y	N	N	N	N	N	N	N	N	N	N	N	N	N	inf	0.0000	inf	inf	0.0000	inf	0.0000	0.0000	0.0000	0.0001	0.0000	0.0012	0.0003	0.0000	0.0585	0.0000	0.0000	0.0000	0.0000	0.0000	0.0000	0.0000	0.0000	0.0000	0.0000	0.0000	0.0000	inf		0.0000	0.0000	0.0008	5.0282	0.9932	8.9849	0.0000	0.0000	0.0000	0.0000	0.0000	0.0000	0.0000	0.0000	0.0000	0.0000	0.0000	0.0000	0.0000	0.0000	0.0000	0.0000	0.0000	0.0000	0.0001	0.0001	0.0000	0.0000	0.0000	0.0000	0.0001	0.0001	0.0000	0.0211	0.0103	0.0108	0.0011	0.0010	0.0001	0.0200	0.0092	0.0108
31	41	0.2200	11	1	0	0	0	0	0	0	0	1	0	2	1	0	0	0	0	0	0	N	N	N	N	Y	N	N	N	N	N	N	N	N	N	N	N	N	N	0.1827	0.1262	0.0000	0.0064	0.0061	0.0000	182.9897	104.1802	0.0000	0.0069	0.0078	0.0000	0.0008	0.0008	0.0000	0.0118	0.0141	0.0000	0.0379	0.0615	0.0000	0.1220	0.1316	0.0000	0.0001	0.0001	0.0000	0.0000	0.0000	-0.0000	-0.0022	0.0008	13.0332	0.9932	41.9092	0.0000	0.0000	0.0000	0.0000	0.0000	0.0000	0.0000	0.0000	0.0000	0.0038	0.0038	0.0000	0.0038	0.0038	0.0000	0.0000	0.0000	0.0000	0.0004	0.0004	0.0000	0.0002	0.0002	0.0000	0.0002	0.0002	0.0000	0.1000	0.0617	0.0383	0.0310	0.0288	0.0022	0.0690	0.0329	0.0361
31	42	0.0682	7	2	0	1	0	1	0	1	0	0	0	1	1	0	0	0	0	0	0	Y	N	N	N	N	N	N	N	N	N	N	N	N	N	N	N	N	N	0.0000	0.0000	0.0000	0.0000	0.0000	0.0000	0.0000	0.0000	0.0000	0.0000	0.0000	0.0000	0.0000	0.0000	0.0000	0.0000	0.0000	0.0000	0.0000	0.0000	0.0000	0.0000	0.0000	0.0000	0.0000	0.0000	0.0000			0.0000	0.0000	0.0008	2.0001	0.9932	2.0031	0.0000	0.0000	0.0000	0.0000	0.0000	0.0000	0.0000	0.0000	0.0000	0.0000	0.0000	0.0000	0.0000	0.0000	0.0000	0.0000	0.0000	0.0000	0.0001	0.0000	0.0000	0.0000	0.0000	0.0000	0.0000	0.0000	0.0000	0.0063	0.0030	0.0032	0.0003	0.0003	0.0000	0.0060	0.0027	0.0032
31	43	0.0489	4	2	0	0	0	0	0	0	0	0	0	2	2	0	0	0	0	0	0	Y	N	N	N	Y	Y	N	N	N	N	N	N	N	N	N	N	N	N	0.0000	0.0000	0.0000	0.0000	0.0000	0.0000	0.0000	0.0000	0.0000	0.0000	0.0000	0.0000	0.0000	0.0000	0.0000	0.0000	0.0000	0.0000	0.0000	0.0000	0.0000	0.0000	0.0000	0.0000	0.0000	0.0000	0.0000			0.0000	0.0000	0.0008	3.9996	0.9932	6.0133	0.0000	0.0000	0.0000	0.0000	0.0000	0.0000	0.0000	0.0000	0.0000	0.0000	0.0000	0.0000	0.0000	0.0000	0.0000	0.0000	0.0000	0.0000	0.0001	0.0001	0.0000	0.0000	0.0000	0.0000	0.0001	0.0001	0.0000	0.0156	0.0074	0.0082	0.0008	0.0008	0.0001	0.0148	0.0066	0.0082
31	44	0.0489	3	2	0	0	0	0	0	0	0	1	1	2	2	0	0	0	0	0	0	Y	N	N	N	Y	Y	N	N	N	N	N	N	N	N	N	N	N	N	0.0000	0.0000	0.0000	0.0000	0.0000	0.0000	0.0000	0.0000	0.0000	0.0000	0.0000	0.0000	0.0000	0.0000	0.0000	0.0000	0.0000	0.0000	0.0000	0.0000	0.0000	0.0000	0.0000	0.0000	0.0000	0.0000	0.0000			0.0000	0.0000	0.0008	0.0009	0.9932	0.0333	0.0000	0.0000	0.0000	0.0000	0.0000	0.0000	0.0000	0.0000	0.0000	0.0000	0.0000	0.0000	0.0000	0.0000	0.0000	0.0000	0.0000	0.0000	0.0000	0.0000	0.0000	0.0000	0.0000	0.0000	0.0000	0.0000	0.0000	0.0002	0.0001	0.0000	0.0001	0.0001	0.0000	0.0001	0.0001	0.0000
31	45	0.0994	10	2	0	1	0	0	0	0	0	0	0	1	1	0	0	0	0	0	0	Y	N	N	N	N	N	N	N	N	N	N	N	N	N	N	N	N	N	156422.7148	85658.7752	0.0000	0.0000	0.0000	0.0000	inf	inf	0.0000	0.0153	0.0167	0.0000	0.0000	0.0000	0.0000	0.0241	0.0276	0.0000	0.0000	0.0000	0.0000	0.0000	0.0000	0.0000	0.0000	0.0000	0.0000	0.0000	0.0000	-0.0000	-0.0000	0.0008	28.1541	0.9932	22.5093	0.0000	0.0000	0.0000	0.0000	0.0000	0.0000	0.0000	0.0000	0.0000	0.0000	0.0000	0.0000	0.0000	0.0000	0.0000	0.0000	0.0000	0.0000	0.0007	0.0006	0.0001	0.0002	0.0002	0.0000	0.0004	0.0004	0.0001	0.0654	0.0329	0.0326	0.0053	0.0049	0.0004	0.0601	0.0280	0.0321
31	46	0.0970	9	2	0	1	0	1	0	1	0	0	0	1	1	0	0	0	0	0	0	Y	N	N	N	N	N	N	N	N	N	N	N	N	N	N	N	N	N	0.0134	0.0092	0.0000	0.0138	0.0225	0.0000	0.0000	0.0000	0.0000	0.0001	0.0001	0.0000	0.0001	0.0002	0.0000	0.0000	0.0000	0.0000	0.0073	0.0116	0.0000	0.0108	0.0109	0.0000	0.0059	0.0121	0.0000	0.0000	0.0001	-0.0000	-0.0000	0.0008	0.7642	0.9932	1.7872	0.0000	0.0000	0.0000	0.0000	0.0000	0.0000	0.0000	0.0000	0.0000	0.0001	0.0001	0.0000	0.0000	0.0000	0.0000	0.0000	0.0000	0.0000	0.0000	0.0000	0.0000	0.0000	0.0000	0.0000	0.0000	0.0000	0.0000	0.0082	0.0052	0.0030	0.0024	0.0024	0.0000	0.0058	0.0028	0.0030
31	47	0.1021	9	2	0	1	0	0	0	0	0	0	0	1	1	0	0	0	0	0	0	Y	N	N	N	N	N	N	N	N	N	N	N	N	N	N	N	N	N	0.0000	0.0000	0.0000	0.0000	0.0000	0.0000	0.0000	0.0000	0.0000	0.0000	0.0000	0.0000	0.0000	0.0000	0.0000	0.0000	0.0000	0.0000	0.0000	0.0000	0.0000	0.0000	0.0000	0.0000	0.0000	0.0000	0.0000		0.0000	0.0000	-0.0000	0.0008	9.7242	0.9932	5.3244	0.0000	0.0000	0.0000	0.0000	0.0000	0.0000	0.0000	0.0000	0.0000	0.0000	0.0000	0.0000	0.0000	0.0000	0.0000	0.0000	0.0000	0.0000	0.0001	0.0001	0.0000	0.0000	0.0000	0.0000	0.0001	0.0001	0.0000	0.0244	0.0123	0.0121	0.0027	0.0026	0.0001	0.0217	0.0097	0.0120
31	48	0.0832	8	2	0	1	0	0	0	1	0	0	0	1	1	0	0	0	0	0	0	Y	N	N	N	N	N	N	N	N	N	N	N	N	N	N	N	N	N	0.0000	0.0000	0.0000	0.0000	0.0000	0.0000	0.0000	0.0000	0.0000	0.0000	0.0000	0.0000	0.0000	0.0000	0.0000	0.0000	0.0000	0.0000	0.0000	0.0000	0.0000	0.0000	0.0000	0.0000	0.0000	0.0000	0.0000		8.0000	0.0000	0.0000	0.0008	1.4138	0.9932	4.9848	0.0000	0.0000	0.0000	0.0000	0.0000	0.0000	0.0000	0.0000	0.0000	0.0000	0.0000	0.0000	0.0000	0.0000	0.0000	0.0000	0.0000	0.0000	0.0000	0.0000	0.0000	0.0000	0.0000	0.0000	0.0000	0.0000	0.0000	0.0138	0.0081	0.0057	0.0025	0.0025	0.0001	0.0112	0.0056	0.0056
31	49	0.0726	7	2	0	0	0	1	0	0	0	0	0	1	1	0	0	0	0	0	0	Y	N	N	N	N	N	N	N	N	N	N	N	N	N	N	N	N	N	inf	inf	0.0000	inf	inf	0.0000	0.0000	0.0000	0.0000	0.0012	0.0013	0.0000	0.0032	0.0033	0.0000	0.0000	0.0000	0.0000	0.0000	0.0000	0.0000	0.0000	0.0000	0.0000	0.0000	0.0000	0.0000	0.0000		-0.0000	0.0000	0.0008	2.4585	0.9932	2.2382	0.0000	0.0000	0.0000	0.0000	0.0000	0.0000	0.0000	0.0000	0.0000	0.0000	0.0000	0.0000	0.0000	0.0000	0.0000	0.0000	0.0000	0.0000	0.0001	0.0001	0.0000	0.0000	0.0000	0.0000	0.0000	0.0000	0.0000	0.0093	0.0053	0.0040	0.0014	0.0014	0.0000	0.0080	0.0039	0.0040
31	52	0.2799	7	2	0	1	0	1	0	1	0	0	0	1	1	0	0	0	0	0	0	Y	N	N	N	N	N	N	N	N	N	N	N	N	N	N	N	N	N	78.5697	166.2058	11.3904	11.7338	40.3270	0.5391	1741.0603	inf	0.0000	0.1296	0.1408	0.0292	0.1306	0.1359	0.0732	0.1287	0.1453	0.0000	0.0016	0.0008	0.0026	0.0111	0.0034	0.1358	0.0001	0.0000	0.0001	0.0232	2.6486	-0.0000	0.0000	0.0008	6.1530	0.9932	9.3095	0.0000	0.0000	0.0000	0.0000	0.0000	0.0000	0.0000	0.0000	0.0000	0.0000	0.0000	0.0000	0.0000	0.0000	0.0000	0.0000	0.0000	0.0000	0.0002	0.0002	0.0000	0.0001	0.0001	0.0000	0.0001	0.0001	0.0000	0.0220	0.0117	0.0103	0.0031	0.0030	0.0002	0.0189	0.0088	0.0101
31	56	0.0489	3	2	0	1	0	0	0	1	0	0	0	1	1	0	0	0	0	0	0	Y	N	N	N	N	N	N	N	N	N	N	N	N	N	N	N	N	N	0.0000	0.0000	0.0000	0.0000	0.0000	0.0000	0.0000	0.0000	0.0000	0.0000	0.0000	0.0000	0.0000	0.0000	0.0000	0.0000	0.0000	0.0000	0.2986	0.6299	0.0000	5.5652	5.9389	0.0000	0.0000	0.0000	0.0000		0.0000	0.0000	-0.0022	0.0008	5.0004	0.9932	3.0004	0.0000	0.0000	0.0000	0.0000	0.0000	0.0000	0.0000	0.0000	0.0000	0.0038	0.0038	0.0000	0.0038	0.0038	0.0000	0.0000	0.0000	0.0000	0.0001	0.0001	0.0000	0.0000	0.0000	0.0000	0.0001	0.0001	0.0000	0.0126	0.0060	0.0066	0.0007	0.0006	0.0000	0.0119	0.0054	0.0066
31	57	0.0402	2	2	0	0	0	0	0	0	0	0	0	1	1	0	0	0	0	0	0	Y	N	N	N	N	N	N	N	N	N	N	N	N	N	N	N	N	N	8.5041	4.5385	0.0000	1.3662	1.3369	0.0000	0.0000	0.0000	0.0000	0.0005	0.0006	0.0000	0.0015	0.0015	0.0000	0.0000	0.0000	0.0000	0.0001	0.0001	0.0000	0.0011	0.0011	0.0000	0.0000	0.0000	0.0000	0.0000	0.0000	-0.0000	-0.0000	0.0008	0.9943	0.9932	1.9980	0.0000	0.0000	0.0000	0.0000	0.0000	0.0000	0.0000	0.0000	0.0000	0.0000	0.0000	0.0000	0.0000	0.0000	0.0000	0.0000	0.0000	0.0000	0.0000	0.0000	0.0000	0.0000	0.0000	0.0000	0.0000	0.0000	0.0000	0.0051	0.0025	0.0026	0.0003	0.0003	0.0000	0.0048	0.0022	0.0026
31	63	0.1329	10	1	0	1	0	0	0	0	0	0	0	2	1	0	0	0	0	0	0	N	N	N	N	Y	N	N	N	N	N	N	N	N	N	N	N	N	N	0.0000	0.0000	0.0000	0.0000	0.0000	0.0000	0.0000	0.0000	0.0000	0.0000	0.0000	0.0000	0.0000	0.0000	0.0000	0.0000	0.0000	0.0000	0.0000	0.0000	0.0000	0.0000	0.0000	0.0000	0.0000	0.0000	0.0000			0.0000	0.0000	0.0008	1.0003	0.9932	0.7584	0.0000	0.0000	0.0000	0.0000	0.0000	0.0000	0.0000	0.0000	0.0000	0.0000	0.0000	0.0000	0.0000	0.0000	0.0000	0.0000	0.0000	0.0000	0.0000	0.0000	0.0000	0.0000	0.0000	0.0000	0.0000	0.0000	0.0000	0.0051	0.0033	0.0018	0.0019	0.0016	0.0003	0.0033	0.0017	0.0016
31	65	0.1342	10	1	0	0	0	0	0	0	0	0	1	1	2	0	0	0	0	0	0	N	N	N	N	N	Y	N	N	N	N	N	N	N	N	N	N	N	N	inf	inf	0.0000	inf	inf	0.0000	0.0000	0.0000	0.0000	0.1791	0.2260	0.0000	0.2533	0.3417	0.0000	0.0000	0.0000	0.0000	0.0000	0.0000	0.0000	0.0000	0.0000	0.0000	0.0000	0.0000	0.0000	0.0000		-0.0000	0.0000	0.0008	0.0006	0.9932	2.0029	0.0000	0.0000	0.0000	0.0000	0.0000	0.0000	0.0000	0.0000	0.0000	0.0000	0.0000	0.0000	0.0000	0.0000	0.0000	0.0000	0.0000	0.0000	0.0000	0.0000	0.0000	0.0000	0.0000	0.0000	0.0000	0.0000	0.0000	0.0030	0.0015	0.0015	0.0003	0.0003	0.0000	0.0027	0.0012	0.0015
31	66	0.1342	11	1	0	0	0	0	0	0	0	0	1	1	2	0	0	0	0	0	0	N	N	N	N	N	Y	N	N	N	N	N	N	N	N	N	N	N	N	0.0000	0.0000	0.0000	0.0000	0.0000	0.0000	0.0000	0.0000	0.0000	0.0000	0.0000	0.0000	0.0000	0.0000	0.0000	0.0000	0.0000	0.0000	0.1998	0.4035	0.0000	1.7111	1.9383	0.0000	0.0000	0.0000	0.0000		0.0000	0.0000	-0.0022	0.0008	5.0001	0.9932	8.0020	0.0000	0.0000	0.0000	0.0000	0.0000	0.0000	0.0000	0.0000	0.0000	0.0038	0.0038	0.0000	0.0038	0.0038	0.0000	0.0000	0.0000	0.0000	0.0001	0.0000	0.0000	0.0000	0.0000	0.0000	0.0000	0.0000	0.0000	0.0189	0.0093	0.0095	0.0022	0.0019	0.0003	0.0167	0.0074	0.0093
31	69	0.1378	11	2	0	1	0	0	0	0	0	0	0	2	1	0	0	0	0	0	0	Y	N	N	N	Y	N	N	N	N	N	N	N	N	N	N	N	N	N	0.0000	0.0000	0.0000	0.0000	0.0000	0.0000	0.0000	0.0000	0.0000	0.0000	0.0000	0.0000	0.0000	0.0000	0.0000	0.0000	0.0000	0.0000	0.0000	0.0000	0.0000	0.0000	0.0000	0.0000	0.0000	0.0000	0.0000			0.0000	0.0000	0.0008	0.0000	0.9932	0.0000	0.0000	0.0000	0.0000	0.0000	0.0000	0.0000	0.0000	0.0000	0.0000	0.0000	0.0000	0.0000	0.0000	0.0000	0.0000	0.0000	0.0000	0.0000	0.0000	0.0000	0.0000	0.0000	0.0000	0.0000	0.0000	0.0000	0.0000	0.0000	0.0000	0.0000	0.0000	0.0000	0.0000	0.0000	0.0000	0.0000
31	70	0.1329	10	2	0	1	0	1	0	0	0	0	0	2	1	0	0	0	0	0	0	Y	N	N	N	Y	N	N	N	N	N	N	N	N	N	N	N	N	N	0.0000	0.0000	0.0000	0.0000	0.0000	0.0000	0.0000	0.0000	0.0000	0.0000	0.0000	0.0000	0.0000	0.0000	0.0000	0.0000	0.0000	0.0000	0.0000	0.0000	0.0000	0.0000	0.0000	0.0000	0.0000	0.0000	0.0000			0.0000	0.0000	0.0008	0.9999	0.9932	0.6468	0.0000	0.0000	0.0000	0.0000	0.0000	0.0000	0.0000	0.0000	0.0000	0.0000	0.0000	0.0000	0.0000	0.0000	0.0000	0.0000	0.0000	0.0000	0.0000	0.0000	0.0000	0.0000	0.0000	0.0000	0.0000	0.0000	0.0000	0.0050	0.0032	0.0018	0.0019	0.0016	0.0003	0.0031	0.0016	0.0015
31	71	0.1225	9	1	0	1	0	0	0	1	0	1	0	2	1	0	0	0	0	0	0	N	N	N	N	Y	N	N	N	N	N	N	N	N	N	N	N	N	N	inf	inf	inf	inf	inf	inf	0.0000	0.0000	0.0000	0.0015	0.0011	0.0058	0.0024	0.0018	0.0265	0.0000	0.0000	0.0000	0.0000	0.0000	0.0000	0.0000	0.0000	0.0000	0.0000	0.0000	0.0000	0.4285		-0.0000	0.0000	0.0008	1.5692	0.9932	1.6165	0.0000	0.0000	0.0000	0.0000	0.0000	0.0000	0.0000	0.0000	0.0000	0.0000	0.0000	0.0000	0.0000	0.0000	0.0000	0.0000	0.0000	0.0000	0.0000	0.0000	0.0000	0.0000	0.0000	0.0000	0.0000	0.0000	0.0000	0.0050	0.0026	0.0025	0.0006	0.0005	0.0001	0.0044	0.0020	0.0024
35	38	0.2252	5	2	0	1	0	0	0	0	0	0	1	1	2	0	0	0	0	0	0	Y	N	N	N	N	Y	N	N	N	N	N	N	N	N	N	N	N	N	0.0000	0.0000	0.0000	0.0000	0.0000	0.0000	0.0000	0.0000	0.0000	0.0000	0.0000	0.0000	0.0000	0.0000	0.0000	0.0000	0.0000	0.0000	0.0011	0.0019	0.0000	0.0057	0.0059	0.0000	0.0000	0.0000	0.0000		0.0072	0.0000	-0.0000	4.0048	0.0030	3.3550	2.0047	0.0000	0.0000	0.0000	0.0000	0.0000	0.0000	0.0000	0.0000	0.0000	0.0000	0.0000	0.0000	0.0000	0.0000	0.0000	0.0000	0.0000	0.0000	0.0015	0.0013	0.0002	0.0008	0.0008	0.0000	0.0008	0.0006	0.0002	0.0284	0.0156	0.0128	0.0053	0.0051	0.0002	0.0231	0.0105	0.0126
35	39	0.2104	4	2	0	1	0	1	0	0	0	1	2	1	2	0	0	0	0	0	0	Y	N	N	N	N	Y	N	N	N	N	N	N	N	N	N	N	N	N	1.5231	1.1525	0.9741	0.5204	0.5113	0.0458	29.2368	46.0036	1.2420	0.0156	0.0169	0.0008	0.0120	0.0126	0.0000	0.0194	0.0221	0.0010	0.0102	0.0147	0.0008	0.0231	0.0246	0.0001	0.0007	0.0005	0.0008	0.0041	0.0252	-0.0017	-0.0006	4.0048	2.0135	3.3550	0.9920	0.0049	0.0048	0.0000	0.0020	0.0020	0.0000	0.0029	0.0029	0.0000	0.0012	0.0011	0.0000	0.0011	0.0011	0.0000	0.0000	0.0000	0.0000	0.3128	0.2864	0.0264	0.1626	0.1555	0.0071	0.1502	0.1310	0.0193	0.1152	0.0782	0.0370	0.0491	0.0461	0.0030	0.0661	0.0321	0.0340
35	43	0.0514	8	2	0	1	0	0	0	0	0	0	1	1	2	0	0	0	0	0	0	Y	N	N	N	N	Y	N	N	N	N	N	N	N	N	N	N	N	N	0.0000	0.0000	0.0000	0.0000	0.0000	0.0000	0.0000	0.0000	0.0000	0.0000	0.0000	0.0000	0.0000	0.0000	0.0000	0.0000	0.0000	0.0000	0.0028	0.0054	0.0000	0.0229	0.0236	0.0000	0.0000	0.0000	0.0000		0.0000	0.0000	-0.0002	4.0048	3.9996	3.3550	6.0133	0.0000	0.0000	0.0000	0.0000	0.0000	0.0000	0.0000	0.0000	0.0000	0.0004	0.0004	0.0000	0.0004	0.0004	0.0000	0.0000	0.0000	0.0000	0.1492	0.1227	0.0265	0.0050	0.0047	0.0003	0.1441	0.1179	0.0262	0.1451	0.0743	0.0707	0.0175	0.0169	0.0005	0.1276	0.0574	0.0702
35	44	0.0514	7	2	0	1	0	0	0	0	0	1	2	1	2	0	0	0	0	0	0	Y	N	N	N	N	Y	N	N	N	N	N	N	N	N	N	N	N	N	0.0000	0.0000	0.0000	0.0000	0.0000	0.0000	0.0000	0.0000	0.0000	0.0000	0.0000	0.0000	0.0000	0.0000	0.0000	0.0000	0.0000	0.0000	0.0023	0.0018	0.0033	0.0067	0.0040	0.2688	0.0005	0.0000	0.0010		0.9591	0.0000	-0.0000	4.0048	0.0009	3.3550	0.0333	0.0000	0.0000	0.0000	0.0000	0.0000	0.0000	0.0000	0.0000	0.0000	0.0000	0.0000	0.0000	0.0000	0.0000	0.0000	0.0000	0.0000	0.0000	0.0001	0.0000	0.0000	0.0000	0.0000	0.0000	0.0000	0.0000	0.0000	0.0009	0.0006	0.0003	0.0003	0.0003	0.0000	0.0007	0.0003	0.0003
35	49	0.0644	7	2	0	1	0	1	0	0	0	0	1	0	1	0	0	0	0	0	0	Y	N	N	N	N	N	N	N	N	N	N	N	N	N	N	N	N	N	0.0000	0.0000	0.0000	0.0000	0.0000	0.0000	0.0000	0.0000	0.0000	0.0000	0.0000	0.0000	0.0000	0.0000	0.0000	0.0000	0.0000	0.0000	0.0348	0.0046	0.0717	0.0068	0.0048	0.2363	0.0400	0.0045	0.0712		12.7179	-0.0000	0.0009	4.0048	2.4585	3.3550	2.2382	0.0000	0.0000	0.0000	0.0000	0.0000	0.0000	0.0000	0.0000	0.0000	0.0027	0.0002	0.0025	0.0001	0.0001	0.0000	0.0026	0.0001	0.0025	0.0934	0.0767	0.0167	0.0039	0.0036	0.0002	0.0896	0.0731	0.0164	0.0777	0.0428	0.0349	0.0121	0.0120	0.0001	0.0656	0.0308	0.0348
35	50	0.0803	7	2	0	1	1	0	0	0	1	0	1	1	2	0	0	0	0	0	0	Y	N	N	N	N	Y	N	N	N	N	N	N	N	N	N	N	N	N	0.0000	0.0000	0.0000	0.0000	0.0000	0.0000	0.0000	0.0000	0.0000	0.0000	0.0000	0.0000	0.0000	0.0000	0.0000	0.0000	0.0000	0.0000	0.0000	0.0000	0.0000	0.0001	0.0000	0.0036	0.0000	0.0000	0.0000		inf	-0.0000	0.0000	4.0048	0.9995	3.3550	1.0067	0.0000	0.0000	0.0000	0.0000	0.0000	0.0000	0.0000	0.0000	0.0000	0.0000	0.0000	0.0000	0.0000	0.0000	0.0000	0.0000	0.0000	0.0000	0.0374	0.0309	0.0065	0.0029	0.0027	0.0002	0.0346	0.0283	0.0063	0.0251	0.0116	0.0135	0.0022	0.0021	0.0001	0.0229	0.0095	0.0134
35	51	0.0428	6	2	0	1	0	0	0	0	0	1	2	1	2	0	0	0	0	0	0	Y	N	N	N	N	Y	N	N	N	N	N	N	N	N	N	N	N	N	7.6308	29.3600	0.0000	41.2589	200.9802	0.0000	0.0000	0.0000	0.0000	0.0001	0.0001	0.0000	0.0027	0.0029	0.0000	0.0000	0.0000	0.0000	0.0000	0.0000	0.0000	0.0001	0.0000	0.0021	0.0000	0.0000	0.0000	0.0000	5.1606	-0.0000	0.0000	4.0048	11.0065	3.3550	2.0630	0.0000	0.0000	0.0000	0.0000	0.0000	0.0000	0.0000	0.0000	0.0000	0.0000	0.0000	0.0000	0.0000	0.0000	0.0000	0.0000	0.0000	0.0000	0.3989	0.3280	0.0709	0.0111	0.0104	0.0007	0.3878	0.3176	0.0702	0.1886	0.0968	0.0917	0.0216	0.0211	0.0005	0.1670	0.0758	0.0912
35	57	0.0428	6	2	0	1	0	0	0	0	0	0	1	0	1	0	0	0	0	0	0	Y	N	N	N	N	N	N	N	N	N	N	N	N	N	N	N	N	N	0.0000	0.0000	0.6295	0.0001	0.0000	0.5071	0.0000	0.0000	0.0000	0.0000	0.0000	0.0000	0.0000	0.0000	0.0000	0.0000	0.0000	0.0000	0.0033	0.0063	0.0000	0.0260	0.0266	0.0001	0.0000	0.0000	0.0000	inf	0.0001	0.0000	-0.0001	4.0048	0.9943	3.3550	1.9980	0.0000	0.0000	0.0000	0.0000	0.0000	0.0000	0.0000	0.0000	0.0000	0.0002	0.0002	0.0000	0.0002	0.0002	0.0000	0.0000	0.0000	0.0000	0.0382	0.0313	0.0069	0.0013	0.0012	0.0001	0.0370	0.0301	0.0069	0.0464	0.0242	0.0222	0.0058	0.0057	0.0001	0.0406	0.0185	0.0221
35	58	0.0374	5	2	0	1	0	0	0	0	0	0	1	0	1	0	0	0	0	0	0	Y	N	N	N	N	N	N	N	N	N	N	N	N	N	N	N	N	N	0.0201	0.0125	0.0000	0.6648	0.6985	0.0000	0.0000	0.0000	0.0000	0.0000	0.0000	0.0000	0.0004	0.0004	0.0000	0.0000	0.0000	0.0000	0.0005	0.0010	0.0000	0.0005	0.0005	0.0000	0.0005	0.0011	0.0000	0.0000	0.0000	-0.0000	-0.0000	4.0048	0.0070	3.3550	1.9921	0.0000	0.0000	0.0000	0.0000	0.0000	0.0000	0.0000	0.0000	0.0000	0.0000	0.0000	0.0000	0.0000	0.0000	0.0000	0.0000	0.0000	0.0000	0.0003	0.0002	0.0000	0.0000	0.0000	0.0000	0.0003	0.0002	0.0000	0.0300	0.0153	0.0147	0.0031	0.0031	0.0000	0.0269	0.0122	0.0147
35	59	0.0374	4	2	0	1	0	1	0	0	0	0	1	0	1	0	0	0	0	0	0	Y	N	N	N	N	N	N	N	N	N	N	N	N	N	N	N	N	N	0.0000	0.0000	0.0000	0.0000	0.0000	0.0000	0.0000	0.0000	0.0000	0.0000	0.0000	0.0000	0.0000	0.0000	0.0000	0.0000	0.0000	0.0000	0.0000	0.0000	0.0000	0.0000	0.0000	0.0000	0.0000	0.0000	0.0000			0.0000	0.0000	4.0048	0.0000	3.3550	0.0000	0.0000	0.0000	0.0000	0.0000	0.0000	0.0000	0.0000	0.0000	0.0000	0.0000	0.0000	0.0000	0.0000	0.0000	0.0000	0.0000	0.0000	0.0000	0.0000	0.0000	0.0000	0.0000	0.0000	0.0000	0.0000	0.0000	0.0000	0.0000	0.0000	0.0000	0.0000	0.0000	0.0000	0.0000	0.0000	0.0000
35	65	0.1260	10	1	0	1	0	0	0	0	0	0	2	0	2	0	0	0	0	0	0	N	N	N	N	N	Y	N	N	N	N	N	N	N	N	N	N	N	N	0.0000	0.0000	0.0000	0.0000	0.0000	0.0000	0.0000	0.0000	0.0000	0.0000	0.0000	0.0000	0.0000	0.0000	0.0000	0.0000	0.0000	0.0000	0.0000	0.0000	0.0000	0.0000	0.0000	0.0000	0.0000	0.0000	0.0000		0.0000	0.0000	-0.0000	4.0048	0.0006	3.3550	2.0029	0.0000	0.0000	0.0000	0.0000	0.0000	0.0000	0.0000	0.0000	0.0000	0.0000	0.0000	0.0000	0.0000	0.0000	0.0000	0.0000	0.0000	0.0000	0.0000	0.0000	0.0000	0.0000	0.0000	0.0000	0.0000	0.0000	0.0000	0.0290	0.0155	0.0135	0.0048	0.0046	0.0003	0.0241	0.0109	0.0132
35	66	0.1260	11	1	0	1	0	0	0	0	0	0	2	0	2	0	0	0	0	0	0	N	N	N	N	N	Y	N	N	N	N	N	N	N	N	N	N	N	N	5617.7254	inf	0.0000	0.0000	0.0000	0.0000	5033.7165	inf	0.0000	4.8452	5.8759	0.0000	0.0000	0.0000	0.0000	5.1984	6.3698	0.0000	0.0009	0.0000	0.0018	0.0000	0.0000	0.0000	0.0010	0.0000	0.0019	0.0000	inf	-0.3614	0.0001	4.0048	5.0001	3.3550	8.0020	0.9999	0.9999	0.0000	0.0000	0.0000	0.0000	0.9999	0.9999	0.0000	0.0002	0.0000	0.0002	0.0000	0.0000	0.0000	0.0002	0.0000	0.0002	0.2064	0.1702	0.0362	0.0140	0.0132	0.0008	0.1924	0.1570	0.0354	0.1968	0.1050	0.0918	0.0324	0.0307	0.0018	0.1644	0.0744	0.0900
36	38	0.2020	4	2	0	1	0	0	0	0	0	0	0	1	1	0	0	0	0	0	0	Y	N	N	N	N	N	N	N	N	N	N	N	N	N	N	N	N	N	0.0000	0.0000	0.0000	0.0000	0.0000	0.0000	0.0000	0.0000	0.0000	0.0000	0.0000	0.0000	0.0000	0.0000	0.0000	0.0000	0.0000	0.0000	0.0009	0.0018	0.0000	0.0136	0.0147	0.0000	0.0000	0.0000	0.0000		0.0000	-0.0000	-0.0000	2.9973	0.0030	0.6905	2.0047	0.0000	0.0000	0.0000	0.0000	0.0000	0.0000	0.0000	0.0000	0.0000	0.0000	0.0000	0.0000	0.0000	0.0000	0.0000	0.0000	0.0000	0.0000	0.0011	0.0009	0.0002	0.0005	0.0005	0.0000	0.0005	0.0004	0.0002	0.0117	0.0058	0.0059	0.0008	0.0007	0.0001	0.0109	0.0051	0.0058
36	39	0.1871	3	2	0	1	0	1	0	0	0	1	1	1	1	0	0	0	0	0	0	Y	N	N	N	N	N	N	N	N	N	N	N	N	N	N	N	N	N	0.0004	0.0003	0.0047	0.0002	0.0002	0.0000	0.0132	0.0112	0.0055	0.0000	0.0000	0.0000	0.0000	0.0000	0.0000	0.0000	0.0000	0.0000	0.0100	0.0149	0.0002	0.0249	0.0267	0.0000	0.0003	0.0004	0.0002	0.0212	0.0073	-0.0000	-0.0003	2.9973	2.0135	0.6905	0.9920	0.0000	0.0000	0.0000	0.0000	0.0000	0.0000	0.0000	0.0000	0.0000	0.0005	0.0005	0.0000	0.0005	0.0005	0.0000	0.0000	0.0000	0.0000	0.2082	0.1894	0.0188	0.0933	0.0892	0.0041	0.1148	0.1001	0.0147	0.0506	0.0337	0.0168	0.0199	0.0187	0.0013	0.0306	0.0151	0.0156
36	43	0.0282	7	2	0	1	0	0	0	0	0	0	0	1	1	0	0	0	0	0	0	Y	N	N	N	N	N	N	N	N	N	N	N	N	N	N	N	N	N	0.0000	0.0000	0.0000	0.0000	0.0000	0.0000	0.0000	0.0000	0.0000	0.0000	0.0000	0.0000	0.0000	0.0000	0.0000	0.0000	0.0000	0.0000	0.0066	0.0102	0.0034	0.0000	0.0000	0.0000	0.0068	0.0107	0.0034		0.3793	0.0000	-0.0001	2.9973	3.9996	0.6905	6.0133	0.0000	0.0000	0.0000	0.0000	0.0000	0.0000	0.0000	0.0000	0.0000	0.0004	0.0003	0.0001	0.0000	0.0000	0.0000	0.0004	0.0003	0.0001	0.1178	0.0973	0.0206	0.0014	0.0013	0.0001	0.1165	0.0960	0.0205	0.0609	0.0286	0.0323	0.0017	0.0015	0.0002	0.0592	0.0271	0.0321
36	44	0.0282	6	2	0	1	0	0	0	0	0	1	1	1	1	0	0	0	0	0	0	Y	N	N	N	N	N	N	N	N	N	N	N	N	N	N	N	N	N	0.0000	0.0000	0.0000	0.0000	0.0000	0.0000	0.0000	0.0000	0.0000	0.0000	0.0000	0.0000	0.0000	0.0000	0.0000	0.0000	0.0000	0.0000	0.0032	0.0038	0.0018	0.0046	0.0046	0.0000	0.0025	0.0030	0.0018		0.1726	0.0000	-0.0000	2.9973	0.0009	0.6905	0.0333	0.0000	0.0000	0.0000	0.0000	0.0000	0.0000	0.0000	0.0000	0.0000	0.0000	0.0000	0.0000	0.0000	0.0000	0.0000	0.0000	0.0000	0.0000	0.0000	0.0000	0.0000	0.0000	0.0000	0.0000	0.0000	0.0000	0.0000	0.0007	0.0005	0.0002	0.0002	0.0002	0.0000	0.0004	0.0003	0.0002
36	49	0.0412	6	2	0	1	0	1	0	0	0	0	0	0	0	0	0	0	0	0	0	Y	N	N	N	N	N	N	N	N	N	N	N	N	N	N	N	N	N	0.0000	0.0000	0.0000	0.0000	0.0000	0.0000	0.0000	0.0000	0.0000	0.0000	0.0000	0.0000	0.0000	0.0000	0.0000	0.0000	0.0000	0.0000	0.0378	0.0053	0.0789	0.0008	0.0009	0.0000	0.0425	0.0064	0.0790		11.7024	-0.0000	0.0005	2.9973	2.4585	0.6905	2.2382	0.0000	0.0000	0.0000	0.0000	0.0000	0.0000	0.0000	0.0000	0.0000	0.0014	0.0001	0.0013	0.0000	0.0000	0.0000	0.0014	0.0001	0.0013	0.0739	0.0609	0.0129	0.0017	0.0016	0.0001	0.0721	0.0593	0.0128	0.0360	0.0201	0.0159	0.0040	0.0040	0.0000	0.0320	0.0161	0.0159
36	50	0.0570	6	2	0	1	1	0	0	0	1	0	0	1	1	0	0	0	0	0	0	Y	N	N	N	N	N	N	N	N	N	N	N	N	N	N	N	N	N	0.0000	0.0000	0.0000	0.0000	0.0000	0.0000	0.0000	0.0000	0.0000	0.0000	0.0000	0.0000	0.0000	0.0000	0.0000	0.0000	0.0000	0.0000	0.0000	0.0001	0.0000	0.0008	0.0009	0.0000	0.0000	0.0000	0.0000		0.0000	-0.0000	-0.0000	2.9973	0.9995	0.6905	1.0067	0.0000	0.0000	0.0000	0.0000	0.0000	0.0000	0.0000	0.0000	0.0000	0.0000	0.0000	0.0000	0.0000	0.0000	0.0000	0.0000	0.0000	0.0000	0.0294	0.0244	0.0050	0.0017	0.0015	0.0001	0.0278	0.0228	0.0049	0.0115	0.0053	0.0062	0.0004	0.0003	0.0000	0.0111	0.0050	0.0062
36	51	0.0195	5	2	0	1	0	0	0	0	0	1	1	1	1	0	0	0	0	0	0	Y	N	N	N	N	N	N	N	N	N	N	N	N	N	N	N	N	N	0.3356	0.1932	0.0000	0.0000	0.0000	0.0000	0.3580	0.2039	0.0000	0.0001	0.0001	0.0000	0.0000	0.0000	0.0000	0.0001	0.0001	0.0000	0.0003	0.0006	0.0000	0.0014	0.0016	0.0000	0.0003	0.0006	0.0000	0.0000	0.0114	-0.0000	-0.0000	2.9973	11.0065	0.6905	2.0630	0.0000	0.0000	0.0000	0.0000	0.0000	0.0000	0.0000	0.0000	0.0000	0.0000	0.0000	0.0000	0.0000	0.0000	0.0000	0.0000	0.0000	0.0000	0.3147	0.2598	0.0548	0.0021	0.0019	0.0001	0.3126	0.2579	0.0547	0.0791	0.0372	0.0419	0.0011	0.0010	0.0001	0.0780	0.0362	0.0418
36	57	0.0195	5	2	0	1	0	0	0	0	0	0	0	0	0	0	0	0	0	0	0	Y	N	N	N	N	N	N	N	N	N	N	N	N	N	N	N	N	N	0.0000	0.0000	0.0000	0.0007	0.0007	0.0000	0.0000	0.0000	0.0000	0.0000	0.0000	0.0000	0.0000	0.0000	0.0000	0.0000	0.0000	0.0000	0.0074	0.0111	0.0039	0.0104	0.0109	0.0001	0.0073	0.0111	0.0039	0.0000	0.3756	-0.0000	-0.0000	2.9973	0.9943	0.6905	1.9980	0.0000	0.0000	0.0000	0.0000	0.0000	0.0000	0.0000	0.0000	0.0000	0.0001	0.0001	0.0000	0.0000	0.0000	0.0000	0.0001	0.0001	0.0000	0.0302	0.0248	0.0054	0.0004	0.0004	0.0000	0.0298	0.0244	0.0053	0.0197	0.0095	0.0102	0.0006	0.0006	0.0000	0.0190	0.0089	0.0101
36	58	0.0142	4	2	0	1	0	0	0	0	0	0	0	0	0	0	0	0	0	0	0	Y	N	N	N	N	N	N	N	N	N	N	N	N	N	N	N	N	N	0.0030	0.0023	0.0000	0.0000	0.0000	0.0000	0.0028	0.0022	0.0000	0.0000	0.0000	0.0000	0.0000	0.0000	0.0000	0.0000	0.0000	0.0000	0.0046	0.0064	0.0030	0.0000	0.0000	0.0000	0.0046	0.0064	0.0030	0.1154	0.5432	-0.0000	-0.0000	2.9973	0.0070	0.6905	1.9921	0.0000	0.0000	0.0000	0.0000	0.0000	0.0000	0.0000	0.0000	0.0000	0.0001	0.0000	0.0000	0.0000	0.0000	0.0000	0.0001	0.0000	0.0000	0.0002	0.0002	0.0000	0.0000	0.0000	0.0000	0.0002	0.0002	0.0000	0.0125	0.0058	0.0067	0.0000	0.0000	0.0000	0.0125	0.0058	0.0067
36	59	0.0142	3	2	0	1	0	1	0	0	0	0	0	0	0	0	0	0	0	0	0	Y	N	N	N	N	N	N	N	N	N	N	N	N	N	N	N	N	N	0.0000	0.0000	0.0000	0.0000	0.0000	0.0000	0.0000	0.0000	0.0000	0.0000	0.0000	0.0000	0.0000	0.0000	0.0000	0.0000	0.0000	0.0000	0.0000	0.0000	0.0000	0.0000	0.0000	0.0000	0.0000	0.0000	0.0000			0.0000	-0.0000	2.9973	0.0000	0.6905	0.0000	0.0000	0.0000	0.0000	0.0000	0.0000	0.0000	0.0000	0.0000	0.0000	0.0000	0.0000	0.0000	0.0000	0.0000	0.0000	0.0000	0.0000	0.0000	0.0000	0.0000	0.0000	0.0000	0.0000	0.0000	0.0000	0.0000	0.0000	0.0000	0.0000	0.0000	0.0000	0.0000	0.0000	0.0000	0.0000	0.0000
37	38	0.1906	3	2	0	1	0	1	0	1	0	0	0	1	1	0	0	0	0	0	0	Y	N	N	N	N	N	N	N	N	N	N	N	N	N	N	N	N	N	0.0000	0.0000	0.0000	0.0000	0.0000	0.0000	0.0000	0.0000	0.0000	0.0000	0.0000	0.0000	0.0000	0.0000	0.0000	0.0000	0.0000	0.0000	0.0002	0.0000	0.0000	0.0000	0.0000	0.0000	0.0000	0.0000	0.0000			0.0000	-0.0000	0.0022	0.0030	0.0001	2.0047	0.0000	0.0000	0.0000	0.0000	0.0000	0.0000	0.0000	0.0000	0.0000	0.0000	0.0000	0.0000	0.0000	0.0000	0.0000	0.0000	0.0000	0.0000	0.0000	0.0000	0.0000	0.0000	0.0000	0.0000	0.0000	0.0000	0.0000	0.0000	0.0000	0.0000	0.0000	0.0000	0.0000	0.0000	0.0000	0.0000
37	39	0.1758	2	2	0	1	0	2	0	1	0	1	1	1	1	0	0	0	0	0	0	Y	N	N	N	N	N	N	N	N	N	N	N	N	N	N	N	N	N	0.0000	0.0000	0.0000	0.0000	0.0000	0.0000	0.0000	0.0000	0.0000	0.0000	0.0000	0.0000	0.0000	0.0000	0.0000	0.0000	0.0000	0.0000	0.0040	0.0031	0.0058	0.0050	0.0053	0.0000	0.0033	0.0001	0.0062		0.9659	0.0000	-0.0000	0.0022	2.0135	0.0001	0.9920	0.0000	0.0000	0.0000	0.0000	0.0000	0.0000	0.0000	0.0000	0.0000	0.0000	0.0000	0.0000	0.0000	0.0000	0.0000	0.0000	0.0000	0.0000	0.0004	0.0003	0.0001	0.0002	0.0002	0.0001	0.0001	0.0001	0.0000	0.0000	0.0000	0.0000	0.0000	0.0000	0.0000	0.0000	0.0000	0.0000
37	43	0.0168	6	2	0	1	0	1	0	1	0	0	0	1	1	0	0	0	0	0	0	Y	N	N	N	N	N	N	N	N	N	N	N	N	N	N	N	N	N	0.0000	0.0000	0.0000	0.0000	0.0000	0.0000	0.0000	0.0000	0.0000	0.0000	0.0000	0.0000	0.0000	0.0000	0.0000	0.0000	0.0000	0.0000	0.0000	0.0000	0.0000	0.0000	0.0000	0.0000	0.0000	0.0000	0.0000			0.0000	0.0000	0.0022	3.9996	0.0001	6.0133	0.0000	0.0000	0.0000	0.0000	0.0000	0.0000	0.0000	0.0000	0.0000	0.0000	0.0000	0.0000	0.0000	0.0000	0.0000	0.0000	0.0000	0.0000	0.0001	0.0001	0.0000	0.0000	0.0000	0.0000	0.0001	0.0001	0.0000	0.0000	0.0000	0.0000	0.0000	0.0000	0.0000	0.0000	0.0000	0.0000
37	44	0.0168	5	2	0	1	0	1	0	1	0	1	1	1	1	0	0	0	0	0	0	Y	N	N	N	N	N	N	N	N	N	N	N	N	N	N	N	N	N	0.0000	0.0000	0.0000	0.0000	0.0000	0.0000	0.0000	0.0000	0.0000	0.0000	0.0000	0.0000	0.0000	0.0000	0.0000	0.0000	0.0000	0.0000	0.0000	0.0000	0.0000	0.0000	0.0000	0.0000	0.0000	0.0000	0.0000			0.0000	0.0000	0.0022	0.0009	0.0001	0.0333	0.0000	0.0000	0.0000	0.0000	0.0000	0.0000	0.0000	0.0000	0.0000	0.0000	0.0000	0.0000	0.0000	0.0000	0.0000	0.0000	0.0000	0.0000	0.0000	0.0000	0.0000	0.0000	0.0000	0.0000	0.0000	0.0000	0.0000	0.0000	0.0000	0.0000	0.0000	0.0000	0.0000	0.0000	0.0000	0.0000
37	49	0.0298	5	2	0	1	0	2	0	1	0	0	0	0	0	0	0	0	0	0	0	Y	N	N	N	N	N	N	N	N	N	N	N	N	N	N	N	N	N	0.2135	0.2683	0.0000	0.1571	0.1482	0.0000	0.2370	inf	0.0000	0.0002	0.0003	0.0000	0.0005	0.0005	0.0000	0.0001	0.0002	0.0000	0.0010	0.0010	0.0011	0.0034	0.0037	0.0000	0.0006	0.0000	0.0011	0.0000	0.8696	-0.0000	-0.0000	0.0022	2.4585	0.0001	2.2382	0.0000	0.0000	0.0000	0.0000	0.0000	0.0000	0.0000	0.0000	0.0000	0.0000	0.0000	0.0000	0.0000	0.0000	0.0000	0.0000	0.0000	0.0000	0.0001	0.0001	0.0000	0.0000	0.0000	0.0000	0.0001	0.0001	0.0000	0.0000	0.0000	0.0000	0.0000	0.0000	0.0000	0.0000	0.0000	0.0000
37	50	0.0456	5	2	0	1	1	1	0	1	1	0	0	1	1	0	0	0	0	0	0	Y	N	N	N	N	N	N	N	N	N	N	N	N	N	N	N	N	N	0.0000	0.0000	0.0000	0.0000	0.0000	0.0000	0.0000	0.0000	0.0000	0.0000	0.0000	0.0000	0.0000	0.0000	0.0000	0.0000	0.0000	0.0000	0.0000	0.0000	0.0000	0.0000	0.0000	0.0000	0.0000	0.0000	0.0000			0.0000	0.0000	0.0022	0.9995	0.0001	1.0067	0.0000	0.0000	0.0000	0.0000	0.0000	0.0000	0.0000	0.0000	0.0000	0.0000	0.0000	0.0000	0.0000	0.0000	0.0000	0.0000	0.0000	0.0000	0.0000	0.0000	0.0000	0.0000	0.0000	0.0000	0.0000	0.0000	0.0000	0.0000	0.0000	0.0000	0.0000	0.0000	0.0000	0.0000	0.0000	0.0000
37	51	0.0082	4	2	0	1	0	1	0	1	0	1	1	1	1	0	0	0	0	0	0	Y	N	N	N	N	N	N	N	N	N	N	N	N	N	N	N	N	N	0.0000	0.0000	0.0000	0.0000	0.0000	0.0000	0.0000	0.0000	0.0000	0.0000	0.0000	0.0000	0.0000	0.0000	0.0000	0.0000	0.0000	0.0000	0.0000	0.0000	0.0000	0.0000	0.0000	0.0000	0.0000	0.0000	0.0000			0.0000	-0.0000	0.0022	11.0065	0.0001	2.0630	0.0000	0.0000	0.0000	0.0000	0.0000	0.0000	0.0000	0.0000	0.0000	0.0000	0.0000	0.0000	0.0000	0.0000	0.0000	0.0000	0.0000	0.0000	0.0004	0.0003	0.0001	0.0001	0.0001	0.0000	0.0003	0.0002	0.0001	0.0001	0.0000	0.0000	0.0000	0.0000	0.0000	0.0001	0.0000	0.0000
37	57	0.0082	4	2	0	1	0	1	0	1	0	0	0	0	0	0	0	0	0	0	0	Y	N	N	N	N	N	N	N	N	N	N	N	N	N	N	N	N	N	0.0000	0.0000	0.0000	0.0000	0.0000	0.0000	0.0000	0.0000	0.0000	0.0000	0.0000	0.0000	0.0000	0.0000	0.0000	0.0000	0.0000	0.0000	0.0000	0.0000	0.0000	0.0000	0.0000	0.0000	0.0000	0.0000	0.0000			0.0000	-0.0000	0.0022	0.9943	0.0001	1.9980	0.0000	0.0000	0.0000	0.0000	0.0000	0.0000	0.0000	0.0000	0.0000	0.0000	0.0000	0.0000	0.0000	0.0000	0.0000	0.0000	0.0000	0.0000	0.0000	0.0000	0.0000	0.0000	0.0000	0.0000	0.0000	0.0000	0.0000	0.0000	0.0000	0.0000	0.0000	0.0000	0.0000	0.0000	0.0000	0.0000
37	58	0.0028	3	2	0	1	0	1	0	1	0	0	0	0	0	0	0	0	0	0	0	Y	N	N	N	N	N	N	N	N	N	N	N	N	N	N	N	N	N	inf	inf	0.0000	inf	inf	0.0000	0.0000	0.0000	0.0000	0.0138	0.0159	0.0000	0.0663	0.0670	0.0000	0.0000	0.0000	0.0000	0.0000	0.0000	0.0000	0.0000	0.0000	0.0000	0.0000	0.0000	0.0000	0.0606		-0.0000	-0.0000	0.0022	0.0070	0.0001	1.9921	0.0000	0.0000	0.0000	0.0000	0.0000	0.0000	0.0000	0.0000	0.0000	0.0000	0.0000	0.0000	0.0000	0.0000	0.0000	0.0000	0.0000	0.0000	0.0000	0.0000	0.0000	0.0000	0.0000	0.0000	0.0000	0.0000	0.0000	0.0000	0.0000	0.0000	0.0000	0.0000	0.0000	0.0000	0.0000	0.0000
37	59	0.0028	2	2	0	1	0	2	0	1	0	0	0	0	0	0	0	0	0	0	0	Y	N	N	N	N	N	N	N	N	N	N	N	N	N	N	N	N	N	inf	inf	inf	inf	inf	0.0000	inf	0.0000	inf	0.4948	0.4663	0.5269	0.5176	0.4663	0.0000	0.4727	0.0000	0.5198	0.0000	0.0000	0.0000	0.0000	0.0000	0.0000	0.0000	0.0000	0.0000	1.0000		0.0000	0.0000	0.0022	0.0000	0.0001	0.0000	0.0000	0.0000	0.0000	0.0000	0.0000	0.0000	0.0000	0.0000	0.0000	0.0000	0.0000	0.0000	0.0000	0.0000	0.0000	0.0000	0.0000	0.0000	0.0000	0.0000	0.0000	0.0000	0.0000	0.0000	0.0000	0.0000	0.0000	0.0000	0.0000	0.0000	0.0000	0.0000	0.0000	0.0000	0.0000	0.0000
38	40	0.2302	8	2	0	1	0	1	0	1	0	1	0	2	1	0	0	0	0	0	0	Y	N	N	N	Y	N	N	N	N	N	N	N	N	N	N	N	N	N	0.0000	0.0000	0.0000	0.0000	0.0000	0.0000	0.0000	0.0000	0.0000	0.0000	0.0000	0.0000	0.0000	0.0000	0.0000	0.0000	0.0000	0.0000	0.0105	0.0206	0.0000	0.1379	0.1475	0.0000	0.0000	0.0000	0.0000		0.0000	0.0000	-0.0003	0.0030	5.0282	2.0047	8.9849	0.0000	0.0000	0.0000	0.0000	0.0000	0.0000	0.0000	0.0000	0.0000	0.0004	0.0004	0.0000	0.0004	0.0004	0.0000	0.0000	0.0000	0.0000	0.0033	0.0026	0.0007	0.0016	0.0016	0.0000	0.0016	0.0010	0.0007	0.0416	0.0213	0.0203	0.0032	0.0030	0.0002	0.0385	0.0184	0.0201
38	41	0.3796	11	1	0	0	0	0	0	0	0	1	0	2	1	0	0	0	0	0	0	N	N	N	N	Y	N	N	N	N	N	N	N	N	N	N	N	N	N	0.0000	0.0000	0.0000	0.0000	0.0000	0.0000	0.0000	0.0000	0.0000	0.0000	0.0000	0.0000	0.0000	0.0000	0.0000	0.0000	0.0000	0.0000	4.2630	6.6397	0.0289	0.0167	0.0186	0.0000	6.7157	13.6145	0.0323		0.0024	0.0000	-0.5711	0.0030	13.0332	2.0047	41.9092	0.0000	0.0000	0.0000	0.0000	0.0000	0.0000	0.0000	0.0000	0.0000	0.9941	0.9917	0.0024	0.0014	0.0014	0.0000	0.9927	0.9903	0.0024	0.0108	0.0085	0.0023	0.0060	0.0056	0.0005	0.0048	0.0030	0.0018	0.2332	0.1494	0.0838	0.0854	0.0766	0.0088	0.1478	0.0727	0.0751
38	42	0.2278	7	2	0	1	0	1	0	1	0	0	0	1	1	0	0	0	0	0	0	Y	N	N	N	N	N	N	N	N	N	N	N	N	N	N	N	N	N	0.0000	0.0000	0.0000	0.0000	0.0000	0.0000	0.0000	0.0000	0.0000	0.0000	0.0000	0.0000	0.0000	0.0000	0.0000	0.0000	0.0000	0.0000	0.0000	0.0000	0.0000	0.0000	0.0000	0.0000	0.0000	0.0000	0.0000			0.0000	0.0000	0.0030	2.0001	2.0047	2.0031	0.0000	0.0000	0.0000	0.0000	0.0000	0.0000	0.0000	0.0000	0.0000	0.0000	0.0000	0.0000	0.0000	0.0000	0.0000	0.0000	0.0000	0.0000	0.0013	0.0010	0.0003	0.0007	0.0006	0.0000	0.0007	0.0004	0.0003	0.0124	0.0063	0.0061	0.0010	0.0009	0.0001	0.0114	0.0054	0.0060
38	43	0.2192	8	2	0	0	0	0	0	0	0	0	0	2	2	0	0	0	0	0	0	Y	N	N	N	Y	Y	N	N	N	N	N	N	N	N	N	N	N	N	0.0000	0.0000	0.0000	0.0000	0.0000	0.0000	0.0000	0.0000	0.0000	0.0000	0.0000	0.0000	0.0000	0.0000	0.0000	0.0000	0.0000	0.0000	0.1074	0.2136	0.0000	1.1761	1.2783	0.0000	0.0000	0.0000	0.0000		0.0000	0.0000	-0.0019	0.0030	3.9996	2.0047	6.0133	0.0000	0.0000	0.0000	0.0000	0.0000	0.0000	0.0000	0.0000	0.0000	0.0033	0.0033	0.0000	0.0033	0.0033	0.0000	0.0000	0.0000	0.0000	0.0014	0.0012	0.0002	0.0007	0.0007	0.0000	0.0007	0.0005	0.0002	0.0311	0.0156	0.0155	0.0028	0.0026	0.0002	0.0283	0.0130	0.0152
38	44	0.2192	7	2	0	0	0	0	0	0	0	1	1	2	2	0	0	0	0	0	0	Y	N	N	N	Y	Y	N	N	N	N	N	N	N	N	N	N	N	N	0.0000	0.0000	0.0000	0.0000	0.0000	0.0000	0.0000	0.0000	0.0000	0.0000	0.0000	0.0000	0.0000	0.0000	0.0000	0.0000	0.0000	0.0000	0.0002	0.0001	0.0004	0.0003	0.0003	0.0080	0.0001	0.0000	0.0003		1.0000	0.0000	-0.0000	0.0030	0.0009	2.0047	0.0333	0.0000	0.0000	0.0000	0.0000	0.0000	0.0000	0.0000	0.0000	0.0000	0.0000	0.0000	0.0000	0.0000	0.0000	0.0000	0.0000	0.0000	0.0000	0.0000	0.0000	0.0000	0.0000	0.0000	0.0000	0.0000	0.0000	0.0000	0.0004	0.0003	0.0001	0.0002	0.0002	0.0000	0.0003	0.0002	0.0001
38	45	0.2590	10	2	0	1	0	0	0	0	0	0	0	1	1	0	0	0	0	0	0	Y	N	N	N	N	N	N	N	N	N	N	N	N	N	N	N	N	N	0.0000	0.0000	0.0000	0.0000	0.0000	0.0000	0.0000	0.0000	0.0000	0.0000	0.0000	0.0000	0.0000	0.0000	0.0000	0.0000	0.0000	0.0000	0.0038	0.0018	0.0060	0.0085	0.0089	0.0054	0.0031	0.0000	0.0060		3.0138	0.0000	0.0001	0.0030	28.1541	2.0047	22.5093	0.0000	0.0000	0.0000	0.0000	0.0000	0.0000	0.0000	0.0000	0.0000	0.0005	0.0001	0.0004	0.0001	0.0001	0.0000	0.0004	0.0000	0.0004	0.0160	0.0127	0.0033	0.0079	0.0078	0.0001	0.0081	0.0049	0.0032	0.1381	0.0731	0.0651	0.0166	0.0147	0.0020	0.1215	0.0584	0.0631
38	46	0.2566	9	2	0	1	0	1	0	1	0	0	0	1	1	0	0	0	0	0	0	Y	N	N	N	N	N	N	N	N	N	N	N	N	N	N	N	N	N	0.0000	0.0000	0.0000	0.0000	0.0000	0.0000	0.0000	0.0000	0.0000	0.0000	0.0000	0.0000	0.0000	0.0000	0.0000	0.0000	0.0000	0.0000	0.0337	0.0280	0.0433	0.0396	0.0472	0.0060	0.0289	0.0009	0.0538		0.9296	0.0000	-0.0001	0.0030	0.7642	2.0047	1.7872	0.0000	0.0000	0.0000	0.0000	0.0000	0.0000	0.0000	0.0000	0.0000	0.0007	0.0004	0.0003	0.0004	0.0004	0.0000	0.0003	0.0000	0.0003	0.0005	0.0004	0.0001	0.0003	0.0003	0.0000	0.0003	0.0002	0.0001	0.0209	0.0131	0.0078	0.0093	0.0076	0.0017	0.0115	0.0054	0.0061
38	47	0.2617	9	2	0	1	0	0	0	0	0	0	0	1	1	0	0	0	0	0	0	Y	N	N	N	N	N	N	N	N	N	N	N	N	N	N	N	N	N	0.0000	0.0000	0.0000	0.0000	0.0000	0.0000	0.0000	0.0000	0.0000	0.0000	0.0000	0.0000	0.0000	0.0000	0.0000	0.0000	0.0000	0.0000	0.0287	0.0302	0.0271	0.0929	0.0978	0.0000	0.0155	0.0000	0.0276		0.8061	0.0000	-0.0002	0.0030	9.7242	2.0047	5.3244	0.0000	0.0000	0.0000	0.0000	0.0000	0.0000	0.0000	0.0000	0.0000	0.0014	0.0008	0.0006	0.0008	0.0008	0.0000	0.0006	0.0000	0.0006	0.0099	0.0077	0.0022	0.0058	0.0050	0.0009	0.0041	0.0027	0.0014	0.0482	0.0254	0.0228	0.0083	0.0078	0.0004	0.0399	0.0175	0.0224
38	48	0.2428	8	2	0	1	0	0	0	1	0	0	0	1	1	0	0	0	0	0	0	Y	N	N	N	N	N	N	N	N	N	N	N	N	N	N	N	N	N	0.0000	0.0000	0.0000	0.0000	0.0000	0.0000	0.0000	0.0000	0.0000	0.0000	0.0000	0.0000	0.0000	0.0000	0.0000	0.0000	0.0000	0.0000	0.2269	0.3813	0.0019	1.1099	1.1393	0.0009	0.0010	0.0000	0.0019		0.0035	0.0000	-0.0035	0.0030	1.4138	2.0047	4.9848	0.0000	0.0000	0.0000	0.0000	0.0000	0.0000	0.0000	0.0000	0.0000	0.0062	0.0061	0.0000	0.0061	0.0061	0.0000	0.0000	0.0000	0.0000	0.0010	0.0008	0.0002	0.0005	0.0005	0.0000	0.0005	0.0003	0.0002	0.0271	0.0161	0.0110	0.0055	0.0054	0.0001	0.0216	0.0107	0.0109
38	49	0.2322	7	2	0	0	0	1	0	0	0	0	0	1	1	0	0	0	0	0	0	Y	N	N	N	N	N	N	N	N	N	N	N	N	N	N	N	N	N	0.0000	0.0000	0.0000	0.0000	0.0000	0.0000	0.0000	0.0000	0.0000	0.0000	0.0000	0.0000	0.0000	0.0000	0.0000	0.0000	0.0000	0.0000	0.0043	0.0077	0.0001	0.0303	0.0313	0.0004	0.0001	0.0000	0.0001		0.0138	0.0000	-0.0000	0.0030	2.4585	2.0047	2.2382	0.0000	0.0000	0.0000	0.0000	0.0000	0.0000	0.0000	0.0000	0.0000	0.0001	0.0001	0.0000	0.0001	0.0001	0.0000	0.0000	0.0000	0.0000	0.0016	0.0013	0.0003	0.0008	0.0008	0.0000	0.0008	0.0005	0.0003	0.0171	0.0095	0.0076	0.0024	0.0023	0.0001	0.0147	0.0071	0.0075
38	50	0.2481	7	2	0	0	1	0	0	0	1	0	0	2	2	0	0	0	0	0	0	Y	N	N	N	Y	Y	N	N	N	N	N	N	N	N	N	N	N	N	0.0000	0.0000	0.0000	0.0000	0.0000	0.0000	0.0000	0.0000	0.0000	0.0000	0.0000	0.0000	0.0000	0.0000	0.0000	0.0000	0.0000	0.0000	0.0000	0.0000	0.0000	0.0000	0.0000	0.0000	0.0000	0.0000	0.0000			-0.0000	0.0000	0.0030	0.9995	2.0047	1.0067	0.0000	0.0000	0.0000	0.0000	0.0000	0.0000	0.0000	0.0000	0.0000	0.0000	0.0000	0.0000	0.0000	0.0000	0.0000	0.0000	0.0000	0.0000	0.0004	0.0003	0.0001	0.0002	0.0002	0.0000	0.0002	0.0001	0.0001	0.0059	0.0029	0.0029	0.0006	0.0005	0.0000	0.0053	0.0024	0.0029
38	51	0.2106	6	2	0	0	0	0	0	0	0	1	1	2	2	0	0	0	0	0	0	Y	N	N	N	Y	Y	N	N	N	N	N	N	N	N	N	N	N	N	inf	inf	0.0000	inf	inf	0.0000	0.0000	0.0000	0.0000	0.0027	0.0031	0.0000	0.0055	0.0055	0.0000	0.0000	0.0000	0.0000	0.0000	0.0000	0.0000	0.0000	0.0000	0.0000	0.0000	0.0000	0.0000	0.0000		-0.0000	0.0000	0.0030	11.0065	2.0047	2.0630	0.0000	0.0000	0.0000	0.0000	0.0000	0.0000	0.0000	0.0000	0.0000	0.0000	0.0000	0.0000	0.0000	0.0000	0.0000	0.0000	0.0000	0.0000	0.0038	0.0032	0.0006	0.0018	0.0018	0.0000	0.0019	0.0014	0.0005	0.0403	0.0202	0.0201	0.0028	0.0026	0.0002	0.0375	0.0176	0.0199
38	52	0.0825	3	2	0	1	0	1	0	1	0	0	0	1	1	0	0	0	0	0	0	Y	N	N	N	N	N	N	N	N	N	N	N	N	N	N	N	N	N	0.2049	0.1455	0.0000	0.0604	0.0591	0.0000	0.0000	0.0000	0.0000	0.0021	0.0027	0.0000	0.0043	0.0043	0.0000	0.0000	0.0000	0.0000	0.0101	0.0183	0.0001	0.0709	0.0727	0.0035	0.0001	0.0000	0.0001	0.0000	0.0067	-0.0000	-0.0004	0.0030	6.1530	2.0047	9.3095	0.0000	0.0000	0.0000	0.0000	0.0000	0.0000	0.0000	0.0000	0.0000	0.0007	0.0007	0.0000	0.0007	0.0007	0.0000	0.0000	0.0000	0.0000	0.0049	0.0038	0.0011	0.0024	0.0024	0.0000	0.0025	0.0014	0.0011	0.0685	0.0375	0.0311	0.0097	0.0094	0.0003	0.0589	0.0281	0.0308
38	56	0.2192	7	2	0	1	0	0	0	1	0	0	0	1	1	0	0	0	0	0	0	Y	N	N	N	N	N	N	N	N	N	N	N	N	N	N	N	N	N	988846.5205	0.0000	3282752.4019	0.0000	0.0000	0.0000	1757328.7785	0.0000	3426161.4299	1.3108	0.0000	8.7632	0.0000	0.0000	0.0000	2.5511	0.0000	9.2264	0.0000	0.0000	0.0000	0.0000	0.0000	0.0000	0.0000	0.0000	0.0000	inf	inf	0.0015	0.0000	0.0030	5.0004	2.0047	3.0004	0.0023	0.0000	0.0023	0.0000	0.0000	0.0000	0.0023	0.0000	0.0023	0.0000	0.0000	0.0000	0.0000	0.0000	0.0000	0.0000	0.0000	0.0000	0.0018	0.0015	0.0003	0.0009	0.0008	0.0000	0.0009	0.0007	0.0002	0.0251	0.0126	0.0125	0.0023	0.0021	0.0002	0.0228	0.0105	0.0123
38	57	0.2106	6	2	0	0	0	0	0	0	0	0	0	1	1	0	0	0	0	0	0	Y	N	N	N	N	N	N	N	N	N	N	N	N	N	N	N	N	N	0.0000	0.0000	0.0000	0.0000	0.0000	0.0000	0.0000	0.0000	0.0000	0.0000	0.0000	0.0000	0.0000	0.0000	0.0000	0.0000	0.0000	0.0000	0.0000	0.0000	0.0000	0.0001	0.0001	0.0000	0.0000	0.0000	0.0000		0.8257	0.0000	-0.0000	0.0030	0.9943	2.0047	1.9980	0.0000	0.0000	0.0000	0.0000	0.0000	0.0000	0.0000	0.0000	0.0000	0.0000	0.0000	0.0000	0.0000	0.0000	0.0000	0.0000	0.0000	0.0000	0.0004	0.0003	0.0001	0.0002	0.0002	0.0000	0.0002	0.0001	0.0001	0.0099	0.0051	0.0048	0.0008	0.0008	0.0000	0.0091	0.0043	0.0048
38	58	0.2052	5	2	0	0	0	0	0	0	0	0	0	1	1	0	0	0	0	0	0	Y	N	N	N	N	N	N	N	N	N	N	N	N	N	N	N	N	N	0.0000	0.0000	0.0000	0.0000	0.0000	0.0000	0.0000	0.0000	0.0000	0.0000	0.0000	0.0000	0.0000	0.0000	0.0000	0.0000	0.0000	0.0000	0.0000	0.0000	0.0000	0.0001	0.0001	0.0000	0.0000	0.0000	0.0000		0.0000	-0.0000	-0.0000	0.0030	0.0070	2.0047	1.9921	0.0000	0.0000	0.0000	0.0000	0.0000	0.0000	0.0000	0.0000	0.0000	0.0000	0.0000	0.0000	0.0000	0.0000	0.0000	0.0000	0.0000	0.0000	0.0000	0.0000	0.0000	0.0000	0.0000	0.0000	0.0000	0.0000	0.0000	0.0064	0.0032	0.0032	0.0004	0.0004	0.0000	0.0060	0.0028	0.0032
38	59	0.2052	4	2	0	0	0	1	0	0	0	0	0	1	1	0	0	0	0	0	0	Y	N	N	N	N	N	N	N	N	N	N	N	N	N	N	N	N	N	0.0000	0.0000	0.0000	0.0000	0.0000	0.0000	0.0000	0.0000	0.0000	0.0000	0.0000	0.0000	0.0000	0.0000	0.0000	0.0000	0.0000	0.0000	0.0000	0.0000	0.0000	0.0000	0.0000	0.0000	0.0000	0.0000	0.0000			0.0000	0.0000	0.0030	0.0000	2.0047	0.0000	0.0000	0.0000	0.0000	0.0000	0.0000	0.0000	0.0000	0.0000	0.0000	0.0000	0.0000	0.0000	0.0000	0.0000	0.0000	0.0000	0.0000	0.0000	0.0000	0.0000	0.0000	0.0000	0.0000	0.0000	0.0000	0.0000	0.0000	0.0000	0.0000	0.0000	0.0000	0.0000	0.0000	0.0000	0.0000	0.0000
38	63	0.2926	10	1	0	1	0	0	0	0	0	0	0	2	1	0	0	0	0	0	0	N	N	N	N	Y	N	N	N	N	N	N	N	N	N	N	N	N	N	0.0000	0.0000	0.0000	0.0000	0.0000	0.0000	0.0000	0.0000	0.0000	0.0000	0.0000	0.0000	0.0000	0.0000	0.0000	0.0000	0.0000	0.0000	0.0000	0.0000	0.0000	0.0000	0.0000	0.0000	0.0000	0.0000	0.0000			0.0000	0.0000	0.0030	1.0003	2.0047	0.7584	0.0000	0.0000	0.0000	0.0000	0.0000	0.0000	0.0000	0.0000	0.0000	0.0000	0.0000	0.0000	0.0000	0.0000	0.0000	0.0000	0.0000	0.0000	0.0007	0.0005	0.0001	0.0003	0.0003	0.0000	0.0003	0.0002	0.0001	0.0118	0.0078	0.0039	0.0047	0.0041	0.0007	0.0070	0.0038	0.0033
38	65	0.2938	10	1	0	0	0	0	0	0	0	0	1	1	2	0	0	0	0	0	0	N	N	N	N	N	Y	N	N	N	N	N	N	N	N	N	N	N	N	0.0000	0.0000	0.0000	0.0000	0.0000	0.0000	0.0000	0.0000	0.0000	0.0000	0.0000	0.0000	0.0000	0.0000	0.0000	0.0000	0.0000	0.0000	0.0113	0.0215	0.0001	0.0010	0.0011	0.0003	0.0130	0.0276	0.0000		0.0023	0.0000	-0.0000	0.0030	0.0006	2.0047	2.0029	0.0000	0.0000	0.0000	0.0000	0.0000	0.0000	0.0000	0.0000	0.0000	0.0001	0.0001	0.0000	0.0000	0.0000	0.0000	0.0001	0.0001	0.0000	0.0000	0.0000	0.0000	0.0000	0.0000	0.0000	0.0000	0.0000	0.0000	0.0062	0.0033	0.0030	0.0009	0.0008	0.0001	0.0054	0.0025	0.0028
38	66	0.2938	11	1	0	0	0	0	0	0	0	0	1	1	2	0	0	0	0	0	0	N	N	N	N	N	Y	N	N	N	N	N	N	N	N	N	N	N	N	0.0000	0.0000	0.0000	0.0000	0.0000	0.0000	0.0000	0.0000	0.0000	0.0000	0.0000	0.0000	0.0000	0.0000	0.0000	0.0000	0.0000	0.0000	27.2817	53.2722	0.0351	180.3716	208.1058	0.0000	0.0211	0.0021	0.0366		0.0006	0.0000	-0.5777	0.0030	5.0001	2.0047	8.0020	0.0000	0.0000	0.0000	0.0000	0.0000	0.0000	0.0000	0.0000	0.0000	1.0025	1.0019	0.0006	1.0019	1.0019	0.0000	0.0007	0.0000	0.0006	0.0037	0.0029	0.0008	0.0018	0.0018	0.0000	0.0018	0.0011	0.0008	0.0367	0.0188	0.0179	0.0056	0.0048	0.0007	0.0312	0.0140	0.0172
38	69	0.2974	11	2	0	1	0	0	0	0	0	0	0	2	1	0	0	0	0	0	0	Y	N	N	N	Y	N	N	N	N	N	N	N	N	N	N	N	N	N	0.0000	0.0000	0.0000	0.0000	0.0000	0.0000	0.0000	0.0000	0.0000	0.0000	0.0000	0.0000	0.0000	0.0000	0.0000	0.0000	0.0000	0.0000	0.0000	0.0000	0.0000	0.0000	0.0000	0.0000	0.0000	0.0000	0.0000			0.0000	0.0000	0.0030	0.0000	2.0047	0.0000	0.0000	0.0000	0.0000	0.0000	0.0000	0.0000	0.0000	0.0000	0.0000	0.0000	0.0000	0.0000	0.0000	0.0000	0.0000	0.0000	0.0000	0.0000	0.0000	0.0000	0.0000	0.0000	0.0000	0.0000	0.0000	0.0000	0.0000	0.0000	0.0000	0.0000	0.0000	0.0000	0.0000	0.0000	0.0000	0.0000
38	70	0.2926	10	2	0	1	0	1	0	0	0	0	0	2	1	0	0	0	0	0	0	Y	N	N	N	Y	N	N	N	N	N	N	N	N	N	N	N	N	N	0.0000	0.0000	0.0000	0.0000	0.0000	0.0000	0.0000	0.0000	0.0000	0.0000	0.0000	0.0000	0.0000	0.0000	0.0000	0.0000	0.0000	0.0000	0.0000	0.0000	0.0000	0.0000	0.0000	0.0000	0.0000	0.0000	0.0000		0.2931	0.0000	-0.0000	0.0030	0.9999	2.0047	0.6468	0.0000	0.0000	0.0000	0.0000	0.0000	0.0000	0.0000	0.0000	0.0000	0.0000	0.0000	0.0000	0.0000	0.0000	0.0000	0.0000	0.0000	0.0000	0.0007	0.0005	0.0001	0.0003	0.0003	0.0000	0.0003	0.0002	0.0001	0.0114	0.0077	0.0038	0.0047	0.0040	0.0007	0.0067	0.0036	0.0031
38	71	0.2821	9	1	0	1	0	0	0	1	0	1	0	2	1	0	0	0	0	0	0	N	N	N	N	Y	N	N	N	N	N	N	N	N	N	N	N	N	N	0.0000	0.0000	0.0000	0.0000	0.0000	0.0000	0.0000	0.0000	0.0000	0.0000	0.0000	0.0000	0.0000	0.0000	0.0000	0.0000	0.0000	0.0000	0.0515	0.0960	0.0000	0.0068	0.0076	0.0000	0.0591	0.1243	0.0000		0.0003	0.0000	-0.0003	0.0030	1.5692	2.0047	1.6165	0.0000	0.0000	0.0000	0.0000	0.0000	0.0000	0.0000	0.0000	0.0000	0.0005	0.0005	0.0000	0.0000	0.0000	0.0000	0.0005	0.0005	0.0000	0.0011	0.0008	0.0002	0.0005	0.0005	0.0000	0.0005	0.0003	0.0002	0.0102	0.0055	0.0048	0.0015	0.0013	0.0002	0.0088	0.0042	0.0046
39	40	0.2184	7	2	0	1	0	2	0	1	0	2	1	2	1	0	0	0	0	0	0	Y	N	N	N	Y	N	N	N	N	N	N	N	N	N	N	N	N	N	0.0417	0.0320	0.0030	0.0000	0.0000	0.0000	1.0881	1.7711	0.0040	0.0010	0.0012	0.0000	0.0000	0.0000	0.0000	0.0020	0.0023	0.0000	0.0250	0.0361	0.0022	0.0599	0.0640	0.0001	0.0018	0.0013	0.0024	0.0006	0.0295	-0.0001	-0.0025	2.0135	5.0282	0.9920	8.9849	0.0004	0.0004	0.0000	0.0000	0.0000	0.0000	0.0004	0.0004	0.0000	0.0046	0.0044	0.0001	0.0044	0.0044	0.0000	0.0002	0.0001	0.0001	0.3546	0.3211	0.0335	0.1687	0.1581	0.0106	0.1859	0.1630	0.0229	0.1822	0.1227	0.0595	0.0728	0.0681	0.0047	0.1093	0.0546	0.0548
39	41	0.3678	10	1	0	0	0	1	0	0	0	2	1	2	1	0	0	0	0	0	0	N	N	N	N	Y	N	N	N	N	N	N	N	N	N	N	N	N	N	0.0004	0.0002	0.0045	0.0004	0.0004	0.0001	0.0003	0.0000	0.0079	0.0000	0.0000	0.0000	0.0000	0.0000	0.0000	0.0000	0.0000	0.0000	0.0112	0.0149	0.0033	0.0101	0.0119	0.0013	0.0126	0.0216	0.0042	0.6569	0.1044	0.0000	-0.0070	2.0135	13.0332	0.9920	41.9092	0.0000	0.0000	0.0000	0.0000	0.0000	0.0000	0.0000	0.0000	0.0000	0.0145	0.0131	0.0014	0.0075	0.0073	0.0002	0.0070	0.0058	0.0012	1.3220	1.1741	0.1479	0.7825	0.7010	0.0815	0.5395	0.4731	0.0664	1.2940	0.8820	0.4120	0.7364	0.6131	0.1233	0.5576	0.2689	0.2887
39	42	0.2159	6	2	0	1	0	2	0	1	0	1	1	1	1	0	0	0	0	0	0	Y	N	N	N	N	N	N	N	N	N	N	N	N	N	N	N	N	N	0.0070	0.0031	12.4249	0.0036	0.0035	0.0000	3.4379	0.0427	17.0811	0.0000	0.0000	0.0001	0.0000	0.0000	0.0000	0.0000	0.0000	0.0002	0.0050	0.0074	0.0000	0.0124	0.0133	0.0000	0.0000	0.0000	0.0000	0.6509	0.0008	0.0000	-0.0002	2.0135	2.0001	0.9920	2.0031	0.0000	0.0000	0.0000	0.0000	0.0000	0.0000	0.0000	0.0000	0.0000	0.0003	0.0003	0.0000	0.0003	0.0003	0.0000	0.0000	0.0000	0.0000	0.1429	0.1293	0.0135	0.0679	0.0636	0.0043	0.0750	0.0657	0.0093	0.0544	0.0366	0.0179	0.0218	0.0204	0.0014	0.0326	0.0162	0.0165
39	43	0.2074	7	2	0	0	0	1	0	0	0	1	1	2	2	0	0	0	0	0	0	Y	N	N	N	Y	Y	N	N	N	N	N	N	N	N	N	N	N	N	0.2448	0.7099	0.0000	0.6152	0.6137	0.0000	0.0988	6.1265	0.0000	0.0081	0.0089	0.0000	0.0125	0.0134	0.0000	0.0041	0.0047	0.0000	0.0331	0.0126	0.0747	0.0204	0.0218	0.0000	0.0417	0.0008	0.0811	0.0000	2.9327	-0.0008	0.0007	2.0135	3.9996	0.9920	6.0133	0.0023	0.0023	0.0000	0.0017	0.0017	0.0000	0.0006	0.0006	0.0000	0.0044	0.0011	0.0033	0.0011	0.0011	0.0000	0.0033	0.0000	0.0033	0.2808	0.2548	0.0261	0.1330	0.1246	0.0084	0.1479	0.1302	0.0177	0.1338	0.0895	0.0443	0.0538	0.0503	0.0035	0.0800	0.0392	0.0408
39	44	0.2074	6	2	0	0	0	1	0	0	0	2	2	2	2	0	0	0	0	0	0	Y	N	N	N	Y	Y	N	N	N	N	N	N	N	N	N	N	N	N	1.2390	1.6366	1.2663	0.7822	1.1711	0.1477	3.4454	44.9153	3.2671	0.0023	0.0021	0.0047	0.0028	0.0026	0.0066	0.0016	0.0013	0.0036	0.0019	0.0013	0.0037	0.0036	0.0022	0.0444	0.0005	0.0000	0.0011	0.2306	0.9499	-0.0000	-0.0000	2.0135	0.0009	0.9920	0.0333	0.0000	0.0000	0.0000	0.0000	0.0000	0.0000	0.0000	0.0000	0.0000	0.0000	0.0000	0.0000	0.0000	0.0000	0.0000	0.0000	0.0000	0.0000	0.0001	0.0001	0.0000	0.0000	0.0000	0.0000	0.0000	0.0000	0.0000	0.0009	0.0007	0.0002	0.0004	0.0004	0.0000	0.0005	0.0003	0.0002
39	45	0.2471	9	2	0	1	0	1	0	0	0	1	1	1	1	0	0	0	0	0	0	Y	N	N	N	N	N	N	N	N	N	N	N	N	N	N	N	N	N	0.1060	0.0631	5.5407	0.0414	0.0332	1.1857	2.7678	1.7037	9.2951	0.0034	0.0029	0.0078	0.0031	0.0027	0.0096	0.0036	0.0032	0.0069	0.0319	0.0463	0.0014	0.0761	0.0814	0.0081	0.0013	0.0019	0.0007	0.2757	0.0144	-0.0009	-0.0103	2.0135	28.1541	0.9920	22.5093	0.0062	0.0049	0.0013	0.0029	0.0023	0.0006	0.0033	0.0025	0.0008	0.0183	0.0181	0.0003	0.0179	0.0178	0.0001	0.0004	0.0003	0.0001	1.8340	1.6631	0.1709	0.9261	0.8657	0.0604	0.9079	0.7974	0.1105	0.5755	0.3908	0.1847	0.2352	0.2182	0.0169	0.3403	0.1726	0.1677
39	46	0.2447	8	2	0	1	0	2	0	1	0	1	1	1	1	0	0	0	0	0	0	Y	N	N	N	N	N	N	N	N	N	N	N	N	N	N	N	N	N	0.0004	0.0003	0.0010	0.0004	0.0003	0.0025	0.0003	0.0004	0.0007	0.0000	0.0000	0.0001	0.0000	0.0000	0.0001	0.0000	0.0000	0.0001	0.0632	0.0614	0.0671	0.0720	0.0770	0.0379	0.0545	0.0344	0.0745	0.4078	0.5064	-0.0000	-0.0008	2.0135	0.7642	0.9920	1.7872	0.0000	0.0000	0.0000	0.0000	0.0000	0.0000	0.0000	0.0000	0.0000	0.0033	0.0022	0.0011	0.0019	0.0017	0.0001	0.0014	0.0005	0.0010	0.0588	0.0531	0.0057	0.0298	0.0278	0.0020	0.0290	0.0253	0.0037	0.0524	0.0359	0.0166	0.0260	0.0227	0.0034	0.0264	0.0132	0.0132
39	47	0.2499	8	2	0	1	0	1	0	0	0	1	1	1	1	0	0	0	0	0	0	Y	N	N	N	N	N	N	N	N	N	N	N	N	N	N	N	N	N	0.4444	11.1389	0.0014	5.1120	5.1166	6.3024	0.3132	58748.7807	0.0001	0.0735	0.0810	0.0007	0.0585	0.0624	0.0020	0.0886	0.1007	0.0000	0.1654	0.0073	0.5010	0.0114	0.0122	0.0003	0.2829	0.0000	0.5483	0.0009	32.4900	-0.0190	0.0140	2.0135	9.7242	0.9920	5.3244	0.0527	0.0527	0.0000	0.0210	0.0209	0.0000	0.0318	0.0318	0.0000	0.0356	0.0011	0.0345	0.0011	0.0011	0.0000	0.0345	0.0000	0.0345	0.7173	0.6508	0.0665	0.3588	0.3354	0.0234	0.3585	0.3154	0.0431	0.2153	0.1463	0.0690	0.0931	0.0872	0.0059	0.1221	0.0591	0.0630
39	48	0.2309	7	2	0	1	0	1	0	1	0	1	1	1	1	0	0	0	0	0	0	Y	N	N	N	N	N	N	N	N	N	N	N	N	N	N	N	N	N	0.2071	0.4552	0.0210	0.2301	0.2191	0.4228	0.1989	11.0075	0.0243	0.0206	0.0222	0.0045	0.0171	0.0181	0.0007	0.0239	0.0263	0.0061	0.0996	0.0488	0.2150	0.0744	0.0825	0.0016	0.1199	0.0024	0.2516	0.0199	1.9413	-0.0008	0.0009	2.0135	1.4138	0.9920	4.9848	0.0024	0.0023	0.0000	0.0010	0.0010	0.0000	0.0014	0.0014	0.0000	0.0107	0.0036	0.0070	0.0036	0.0035	0.0000	0.0071	0.0001	0.0070	0.1160	0.1057	0.0103	0.0557	0.0526	0.0031	0.0604	0.0531	0.0073	0.1070	0.0743	0.0327	0.0478	0.0430	0.0048	0.0592	0.0313	0.0279
39	49	0.2204	6	2	0	0	0	2	0	0	0	1	1	1	1	0	0	0	0	0	0	Y	N	N	N	N	N	N	N	N	N	N	N	N	N	N	N	N	N	0.6274	0.5604	0.0000	0.6934	0.6571	0.0000	0.0000	0.0021	0.0000	0.0072	0.0080	0.0000	0.0152	0.0162	0.0000	0.0000	0.0000	0.0000	0.0115	0.0142	0.0054	0.0219	0.0246	0.0013	0.0030	0.0000	0.0063	0.0000	0.1719	-0.0005	-0.0004	2.0135	2.4585	0.9920	2.2382	0.0013	0.0013	0.0000	0.0013	0.0013	0.0000	0.0000	0.0000	0.0000	0.0009	0.0008	0.0001	0.0008	0.0008	0.0000	0.0001	0.0000	0.0001	0.1757	0.1591	0.0166	0.0835	0.0782	0.0053	0.0922	0.0808	0.0114	0.0777	0.0536	0.0241	0.0350	0.0309	0.0041	0.0427	0.0227	0.0199
39	50	0.2362	6	2	0	0	1	1	0	0	1	1	1	2	2	0	0	0	0	0	0	Y	N	N	N	Y	Y	N	N	N	N	N	N	N	N	N	N	N	N	0.0007	0.0005	0.0000	0.0006	0.0006	0.0000	0.0000	0.0000	0.0000	0.0000	0.0000	0.0000	0.0000	0.0000	0.0000	0.0000	0.0000	0.0000	0.0015	0.0023	0.0000	0.0038	0.0040	0.0000	0.0000	0.0000	0.0000	0.0000	0.0000	-0.0000	-0.0000	2.0135	0.9995	0.9920	1.0067	0.0000	0.0000	0.0000	0.0000	0.0000	0.0000	0.0000	0.0000	0.0000	0.0000	0.0000	0.0000	0.0000	0.0000	0.0000	0.0000	0.0000	0.0000	0.0694	0.0630	0.0064	0.0353	0.0331	0.0022	0.0341	0.0299	0.0042	0.0260	0.0174	0.0086	0.0105	0.0099	0.0007	0.0155	0.0075	0.0079
39	51	0.1987	5	2	0	0	0	1	0	0	0	2	2	2	2	0	0	0	0	0	0	Y	N	N	N	Y	Y	N	N	N	N	N	N	N	N	N	N	N	N	5.3066	3.9359	1.8071	4.4298	4.4453	0.0000	14.6133	372.6618	9.7429	0.0034	0.0038	0.0000	0.0072	0.0077	0.0000	0.0000	0.0000	0.0000	0.0006	0.0010	0.0000	0.0016	0.0017	0.0001	0.0000	0.0000	0.0000	0.0007	0.0076	-0.0009	-0.0001	2.0135	11.0065	0.9920	2.0630	0.0026	0.0025	0.0000	0.0025	0.0025	0.0000	0.0000	0.0000	0.0000	0.0001	0.0001	0.0000	0.0001	0.0001	0.0000	0.0000	0.0000	0.0000	0.7491	0.6797	0.0695	0.3531	0.3310	0.0221	0.3960	0.3486	0.0474	0.1728	0.1155	0.0573	0.0682	0.0638	0.0044	0.1046	0.0517	0.0529
39	52	0.0707	2	2	0	1	0	2	0	1	0	1	1	1	1	0	0	0	0	0	0	Y	N	N	N	N	N	N	N	N	N	N	N	N	N	N	N	N	N	0.1364	0.0908	0.2262	0.2338	0.2480	0.0440	1.3949	10.8614	0.2293	0.0193	0.0229	0.0014	0.1299	0.1394	0.0033	0.0050	0.0058	0.0013	0.1416	0.2521	0.0061	0.5557	0.5620	0.0745	0.0036	0.0005	0.0056	0.0121	0.0198	-0.0011	-0.0108	2.0135	6.1530	0.9920	9.3095	0.0031	0.0031	0.0000	0.0024	0.0024	0.0000	0.0007	0.0007	0.0000	0.0193	0.0190	0.0004	0.0190	0.0189	0.0000	0.0004	0.0000	0.0003	0.1616	0.1347	0.0270	0.0186	0.0173	0.0013	0.1431	0.1174	0.0257	0.1366	0.0752	0.0614	0.0342	0.0337	0.0004	0.1024	0.0415	0.0609
39	56	0.2074	6	2	0	1	0	1	0	1	0	1	1	1	1	0	0	0	0	0	0	Y	N	N	N	N	N	N	N	N	N	N	N	N	N	N	N	N	N	4165.0360	0.3978	98427990.9274	0.7576	0.4574	inf	33528958.2717	0.0000	143025290.2935	2.7036	0.0004	29.1336	0.0012	0.0008	0.0077	5.1338	0.0000	42.9420	0.0006	0.0010	0.0000	0.0016	0.0017	0.0000	0.0000	0.0000	0.0000	7719.3205	0.0002	0.6032	-0.0000	2.0135	5.0004	0.9920	3.0004	0.9448	0.0001	0.9447	0.0002	0.0001	0.0001	0.9446	0.0000	0.9446	0.0001	0.0001	0.0000	0.0001	0.0001	0.0000	0.0000	0.0000	0.0000	0.3495	0.3170	0.0324	0.1655	0.1550	0.0104	0.1840	0.1620	0.0220	0.1079	0.0722	0.0357	0.0434	0.0406	0.0028	0.0645	0.0316	0.0329
39	57	0.1987	5	2	0	0	0	1	0	0	0	1	1	1	1	0	0	0	0	0	0	Y	N	N	N	N	N	N	N	N	N	N	N	N	N	N	N	N	N	2.0613	1.5260	2.9211	1.7315	1.7307	3.3106	0.1864	0.8841	0.2020	0.0039	0.0043	0.0000	0.0083	0.0088	0.0001	0.0000	0.0000	0.0000	0.0019	0.0028	0.0000	0.0048	0.0051	0.0000	0.0000	0.0000	0.0000	0.0008	0.0020	-0.0001	-0.0000	2.0135	0.9943	0.9920	1.9980	0.0003	0.0003	0.0000	0.0003	0.0003	0.0000	0.0000	0.0000	0.0000	0.0001	0.0001	0.0000	0.0001	0.0001	0.0000	0.0000	0.0000	0.0000	0.0712	0.0645	0.0067	0.0336	0.0315	0.0021	0.0376	0.0330	0.0046	0.0417	0.0279	0.0138	0.0165	0.0154	0.0011	0.0252	0.0125	0.0127
39	58	0.1933	4	2	0	0	0	1	0	0	0	1	1	1	1	0	0	0	0	0	0	Y	N	N	N	N	N	N	N	N	N	N	N	N	N	N	N	N	N	67.1803	52.4227	0.0000	72.6353	73.1823	0.0000	0.0000	0.0000	0.0000	0.0040	0.0045	0.0000	0.0085	0.0091	0.0000	0.0000	0.0000	0.0000	0.0001	0.0001	0.0000	0.0001	0.0001	0.0000	0.0000	0.0000	0.0000	0.0000	0.0579	-0.0000	-0.0000	2.0135	0.0070	0.9920	1.9921	0.0000	0.0000	0.0000	0.0000	0.0000	0.0000	0.0000	0.0000	0.0000	0.0000	0.0000	0.0000	0.0000	0.0000	0.0000	0.0000	0.0000	0.0000	0.0005	0.0005	0.0000	0.0002	0.0002	0.0000	0.0003	0.0002	0.0000	0.0276	0.0184	0.0092	0.0109	0.0102	0.0007	0.0167	0.0082	0.0085
39	59	0.1933	3	2	0	0	0	2	0	0	0	1	1	1	1	0	0	0	0	0	0	Y	N	N	N	N	N	N	N	N	N	N	N	N	N	N	N	N	N	0.0000	0.0000	0.0000	0.0000	0.0000	0.0000	0.0000	0.0000	0.0000	0.0000	0.0000	0.0000	0.0000	0.0000	0.0000	0.0000	0.0000	0.0000	0.0000	0.0000	0.0000	0.0000	0.0000	0.0000	0.0000	0.0000	0.0000			0.0000	-0.0000	2.0135	0.0000	0.9920	0.0000	0.0000	0.0000	0.0000	0.0000	0.0000	0.0000	0.0000	0.0000	0.0000	0.0000	0.0000	0.0000	0.0000	0.0000	0.0000	0.0000	0.0000	0.0000	0.0000	0.0000	0.0000	0.0000	0.0000	0.0000	0.0000	0.0000	0.0000	0.0000	0.0000	0.0000	0.0000	0.0000	0.0000	0.0000	0.0000	0.0000
39	63	0.2807	9	1	0	1	0	1	0	0	0	1	1	2	1	0	0	0	0	0	0	N	N	N	N	Y	N	N	N	N	N	N	N	N	N	N	N	N	N	6197.9000	6899.1446	0.0000	4725.7098	5120.3500	0.0000	11398.4773	inf	0.0000	0.0035	0.0039	0.0000	0.0044	0.0048	0.0000	0.0027	0.0031	0.0000	0.0000	0.0000	0.0000	0.0000	0.0000	0.0000	0.0000	0.0000	0.0000	0.0000	0.4554	-0.0001	-0.0000	2.0135	1.0003	0.9920	0.7584	0.0002	0.0002	0.0000	0.0001	0.0001	0.0000	0.0001	0.0001	0.0000	0.0000	0.0000	0.0000	0.0000	0.0000	0.0000	0.0000	0.0000	0.0000	0.0599	0.0537	0.0062	0.0271	0.0252	0.0019	0.0328	0.0286	0.0043	0.0288	0.0198	0.0091	0.0134	0.0120	0.0014	0.0154	0.0077	0.0076
39	65	0.2820	9	1	0	0	0	1	0	0	0	1	2	1	2	0	0	0	0	0	0	N	N	N	N	N	Y	N	N	N	N	N	N	N	N	N	N	N	N	0.0000	0.0000	0.0000	0.0000	0.0000	0.0000	0.0000	0.0000	0.0000	0.0000	0.0000	0.0000	0.0000	0.0000	0.0000	0.0000	0.0000	0.0000	0.0461	0.0320	0.0713	0.0474	0.0513	0.0000	0.0453	0.0063	0.0779		1.2457	-0.0000	-0.0000	2.0135	0.0006	0.9920	2.0029	0.0000	0.0000	0.0000	0.0000	0.0000	0.0000	0.0000	0.0000	0.0000	0.0011	0.0005	0.0006	0.0004	0.0004	0.0000	0.0006	0.0000	0.0006	0.0000	0.0000	0.0000	0.0000	0.0000	0.0000	0.0000	0.0000	0.0000	0.0231	0.0148	0.0083	0.0091	0.0084	0.0007	0.0139	0.0064	0.0076
39	66	0.2820	10	1	0	0	0	1	0	0	0	1	2	1	2	0	0	0	0	0	0	N	N	N	N	N	Y	N	N	N	N	N	N	N	N	N	N	N	N	0.0000	0.0000	0.0000	0.0000	0.0000	0.0000	0.0000	0.0000	0.0000	0.0000	0.0000	0.0000	0.0000	0.0000	0.0000	0.0000	0.0000	0.0000	0.3353	0.0854	0.7888	0.1386	0.1429	0.0870	0.4742	0.0018	0.8587		5.0899	-0.0000	0.0129	2.0135	5.0001	0.9920	8.0020	0.0000	0.0000	0.0000	0.0000	0.0000	0.0000	0.0000	0.0000	0.0000	0.0500	0.0082	0.0418	0.0086	0.0081	0.0004	0.0414	0.0001	0.0414	0.2837	0.2533	0.0304	0.1333	0.1230	0.0102	0.1504	0.1303	0.0202	0.1491	0.0961	0.0530	0.0617	0.0569	0.0048	0.0874	0.0392	0.0482
39	69	0.2856	10	2	0	1	0	1	0	0	0	1	1	2	1	0	0	0	0	0	0	Y	N	N	N	Y	N	N	N	N	N	N	N	N	N	N	N	N	N	0.0000	0.0000	0.0000	0.0000	0.0000	0.0000	0.0000	0.0000	0.0000	0.0000	0.0000	0.0000	0.0000	0.0000	0.0000	0.0000	0.0000	0.0000	0.0000	0.0000	0.0000	0.0000	0.0000	0.0000	0.0000	0.0000	0.0000			0.0000	0.0000	2.0135	0.0000	0.9920	0.0000	0.0000	0.0000	0.0000	0.0000	0.0000	0.0000	0.0000	0.0000	0.0000	0.0000	0.0000	0.0000	0.0000	0.0000	0.0000	0.0000	0.0000	0.0000	0.0000	0.0000	0.0000	0.0000	0.0000	0.0000	0.0000	0.0000	0.0000	0.0000	0.0000	0.0000	0.0000	0.0000	0.0000	0.0000	0.0000	0.0000
39	70	0.2807	9	2	0	1	0	2	0	0	0	1	1	2	1	0	0	0	0	0	0	Y	N	N	N	Y	N	N	N	N	N	N	N	N	N	N	N	N	N	0.0048	0.0028	0.0771	0.0051	0.0036	0.1110	0.0000	0.0000	0.0000	0.0000	0.0000	0.0000	0.0000	0.0000	0.0000	0.0000	0.0000	0.0000	0.0004	0.0005	0.0001	0.0008	0.0009	0.0001	0.0000	0.0000	0.0001	0.4000	0.0563	-0.0000	-0.0000	2.0135	0.9999	0.9920	0.6468	0.0000	0.0000	0.0000	0.0000	0.0000	0.0000	0.0000	0.0000	0.0000	0.0000	0.0000	0.0000	0.0000	0.0000	0.0000	0.0000	0.0000	0.0000	0.0599	0.0537	0.0062	0.0271	0.0251	0.0019	0.0328	0.0285	0.0043	0.0276	0.0190	0.0086	0.0129	0.0116	0.0014	0.0146	0.0074	0.0072
39	71	0.2703	8	1	0	1	0	1	0	1	0	2	1	2	1	0	0	0	0	0	0	N	N	N	N	Y	N	N	N	N	N	N	N	N	N	N	N	N	N	0.0004	0.0006	0.0000	0.0003	0.0004	0.0000	0.0006	0.0019	0.0000	0.0000	0.0000	0.0000	0.0000	0.0000	0.0000	0.0000	0.0000	0.0000	0.0009	0.0007	0.0011	0.0010	0.0010	0.0008	0.0007	0.0003	0.0012	0.0000	0.8670	-0.0000	-0.0000	2.0135	1.5692	0.9920	1.6165	0.0000	0.0000	0.0000	0.0000	0.0000	0.0000	0.0000	0.0000	0.0000	0.0000	0.0000	0.0000	0.0000	0.0000	0.0000	0.0000	0.0000	0.0000	0.3037	0.2503	0.0534	0.2060	0.1604	0.0456	0.0978	0.0900	0.0078	0.0387	0.0251	0.0136	0.0155	0.0144	0.0011	0.0232	0.0107	0.0125
40	41	0.1945	8	1	0	1	0	1	0	1	0	2	0	2	0	0	0	0	0	0	0	N	N	N	N	Y	N	N	N	N	N	N	N	N	N	N	N	N	N	0.5274	1.1432	0.0000	0.0315	0.0303	0.0028	0.5032	0.9590	0.0000	1.0181	1.1737	0.0000	0.0069	0.0072	0.0000	1.3607	1.6263	0.0000	1.9306	1.0267	3.4416	0.2193	0.2376	0.0021	2.7041	1.6958	3.6790	0.0000	2.0053	-0.3612	0.2636	5.0282	13.0332	8.9849	41.9092	0.9992	0.9992	0.0000	0.0017	0.0017	0.0000	0.9975	0.9975	0.0000	2.9166	0.9705	1.9461	0.1031	0.1031	0.0001	2.8135	0.8674	1.9461	0.9814	0.8513	0.1301	0.2483	0.2380	0.0103	0.7331	0.6134	0.1197	1.5107	0.9453	0.5655	0.4703	0.4337	0.0365	1.0405	0.5115	0.5290
40	43	0.0793	9	2	0	1	0	1	0	1	0	1	0	2	1	0	0	0	0	0	0	Y	N	N	N	Y	N	N	N	N	N	N	N	N	N	N	N	N	N	6.6498	3.9057	0.0000	9.7234	9.4559	0.0000	0.0000	0.0000	0.0000	0.0003	0.0004	0.0000	0.0115	0.0123	0.0000	0.0000	0.0000	0.0000	0.0000	0.0001	0.0000	0.0012	0.0013	0.0000	0.0000	0.0000	0.0000	0.0000	0.0000	-0.0000	-0.0000	5.0282	3.9996	8.9849	6.0133	0.0001	0.0001	0.0000	0.0001	0.0001	0.0000	0.0000	0.0000	0.0000	0.0000	0.0000	0.0000	0.0000	0.0000	0.0000	0.0000	0.0000	0.0000	0.1985	0.1642	0.0343	0.0052	0.0049	0.0003	0.1933	0.1594	0.0340	0.2199	0.1068	0.1130	0.0085	0.0077	0.0008	0.2114	0.0992	0.1123
40	44	0.0793	8	2	0	1	0	1	0	1	0	2	1	2	1	0	0	0	0	0	0	Y	N	N	N	Y	N	N	N	N	N	N	N	N	N	N	N	N	N	0.0000	0.0000	0.0000	0.0000	0.0000	0.0000	0.0000	0.0000	0.0000	0.0000	0.0000	0.0000	0.0000	0.0000	0.0000	0.0000	0.0000	0.0000	0.0000	0.0000	0.0000	0.0000	0.0000	0.0021	0.0000	0.0000	0.0000		0.9999	0.0000	-0.0000	5.0282	0.0009	8.9849	0.0333	0.0000	0.0000	0.0000	0.0000	0.0000	0.0000	0.0000	0.0000	0.0000	0.0000	0.0000	0.0000	0.0000	0.0000	0.0000	0.0000	0.0000	0.0000	0.0001	0.0001	0.0000	0.0000	0.0000	0.0000	0.0001	0.0000	0.0000	0.0024	0.0018	0.0006	0.0008	0.0008	0.0000	0.0016	0.0009	0.0006
40	49	0.0471	4	2	0	1	0	2	0	1	0	1	0	1	0	0	0	0	0	0	0	Y	N	N	N	N	N	N	N	N	N	N	N	N	N	N	N	N	N	0.0000	0.0029	0.0000	0.0304	0.0329	0.0045	0.0000	0.0488	0.0000	0.0002	0.0002	0.0000	0.0107	0.0117	0.0001	0.0002	0.0002	0.0000	7.3002	0.0804	16.6780	0.3509	0.3567	0.0320	8.2906	0.0039	16.7642	0.0003	159.6527	-0.0000	0.4193	5.0282	2.4585	8.9849	2.2382	0.0000	0.0000	0.0000	0.0000	0.0000	0.0000	0.0000	0.0000	0.0000	1.0057	0.0063	0.9994	0.0060	0.0060	0.0000	0.9997	0.0002	0.9994	0.1267	0.1043	0.0224	0.0004	0.0004	0.0000	0.1263	0.1039	0.0224	0.1378	0.0778	0.0599	0.0172	0.0169	0.0003	0.1206	0.0610	0.0596
40	50	0.1081	8	2	0	1	1	1	0	1	1	1	0	2	1	0	0	0	0	0	0	Y	N	N	N	Y	N	N	N	N	N	N	N	N	N	N	N	N	N	inf	inf	0.0000	inf	inf	0.0000	0.0000	0.0000	0.0000	0.0004	0.0005	0.0000	0.0057	0.0062	0.0000	0.0000	0.0000	0.0000	0.0000	0.0000	0.0000	0.0000	0.0000	0.0000	0.0000	0.0000	0.0000	0.0000		-0.0000	0.0000	5.0282	0.9995	8.9849	1.0067	0.0000	0.0000	0.0000	0.0000	0.0000	0.0000	0.0000	0.0000	0.0000	0.0000	0.0000	0.0000	0.0000	0.0000	0.0000	0.0000	0.0000	0.0000	0.0496	0.0412	0.0084	0.0035	0.0032	0.0002	0.0461	0.0379	0.0081	0.0416	0.0199	0.0217	0.0018	0.0017	0.0001	0.0398	0.0183	0.0215
40	51	0.0706	7	2	0	1	0	1	0	1	0	2	1	2	1	0	0	0	0	0	0	Y	N	N	N	Y	N	N	N	N	N	N	N	N	N	N	N	N	N	inf	inf	0.0000	inf	inf	0.0000	0.0000	0.0000	0.0000	0.0000	0.0000	0.0000	0.0017	0.0019	0.0000	0.0000	0.0000	0.0000	0.0000	0.0000	0.0000	0.0000	0.0000	0.0000	0.0000	0.0000	0.0000	0.0000		-0.0000	0.0000	5.0282	11.0065	8.9849	2.0630	0.0000	0.0000	0.0000	0.0000	0.0000	0.0000	0.0000	0.0000	0.0000	0.0000	0.0000	0.0000	0.0000	0.0000	0.0000	0.0000	0.0000	0.0000	0.5303	0.4389	0.0915	0.0115	0.0107	0.0008	0.5188	0.4282	0.0906	0.2858	0.1390	0.1468	0.0070	0.0065	0.0005	0.2789	0.1325	0.1463
40	57	0.0706	7	2	0	1	0	1	0	1	0	1	0	1	0	0	0	0	0	0	0	Y	N	N	N	N	N	N	N	N	N	N	N	N	N	N	N	N	N	0.0000	0.0000	0.0000	0.0000	0.0000	0.0000	0.0000	0.0000	0.0000	0.0000	0.0000	0.0000	0.0000	0.0000	0.0000	0.0000	0.0000	0.0000	0.0000	0.0000	0.0000	0.0000	0.0000	0.0000	0.0000	0.0000	0.0000		0.0375	0.0000	-0.0000	5.0282	0.9943	8.9849	1.9980	0.0000	0.0000	0.0000	0.0000	0.0000	0.0000	0.0000	0.0000	0.0000	0.0000	0.0000	0.0000	0.0000	0.0000	0.0000	0.0000	0.0000	0.0000	0.0508	0.0419	0.0089	0.0013	0.0013	0.0001	0.0494	0.0406	0.0089	0.0711	0.0355	0.0356	0.0031	0.0030	0.0001	0.0681	0.0325	0.0355
40	58	0.0653	6	2	0	1	0	1	0	1	0	1	0	1	0	0	0	0	0	0	0	Y	N	N	N	N	N	N	N	N	N	N	N	N	N	N	N	N	N	0.0000	0.0000	0.0000	0.0000	0.0000	0.0000	0.0000	0.0000	0.0000	0.0000	0.0000	0.0000	0.0000	0.0000	0.0000	0.0000	0.0000	0.0000	0.0000	0.0000	0.0000	0.0000	0.0000	0.0000	0.0000	0.0000	0.0000			-0.0000	-0.0000	5.0282	0.0070	8.9849	1.9921	0.0000	0.0000	0.0000	0.0000	0.0000	0.0000	0.0000	0.0000	0.0000	0.0000	0.0000	0.0000	0.0000	0.0000	0.0000	0.0000	0.0000	0.0000	0.0004	0.0003	0.0001	0.0000	0.0000	0.0000	0.0004	0.0003	0.0001	0.0453	0.0217	0.0235	0.0005	0.0005	0.0000	0.0448	0.0213	0.0235
40	59	0.0653	5	2	0	1	0	2	0	1	0	1	0	1	0	0	0	0	0	0	0	Y	N	N	N	N	N	N	N	N	N	N	N	N	N	N	N	N	N	0.0000	0.0000	0.0000	0.0000	0.0000	0.0000	0.0000	0.0000	0.0000	0.0000	0.0000	0.0000	0.0000	0.0000	0.0000	0.0000	0.0000	0.0000	0.0000	0.0000	0.0000	0.0000	0.0000	0.0000	0.0000	0.0000	0.0000			0.0000	0.0000	5.0282	0.0000	8.9849	0.0000	0.0000	0.0000	0.0000	0.0000	0.0000	0.0000	0.0000	0.0000	0.0000	0.0000	0.0000	0.0000	0.0000	0.0000	0.0000	0.0000	0.0000	0.0000	0.0000	0.0000	0.0000	0.0000	0.0000	0.0000	0.0000	0.0000	0.0000	0.0000	0.0000	0.0000	0.0000	0.0000	0.0000	0.0000	0.0000	0.0000
41	43	0.8291	12	1	0	0	0	0	0	0	0	1	0	2	1	0	0	0	0	0	0	N	N	N	N	Y	N	N	N	N	N	N	N	N	N	N	N	N	N	1781.0827	inf	0.0000	inf	inf	0.0000	0.0000	0.0000	0.0000	0.0006	0.0007	0.0000	0.0023	0.0024	0.0000	0.0000	0.0000	0.0000	0.0000	0.0000	0.0000	0.0000	0.0000	0.0000	0.0000	0.0000	0.0000	0.0000	inf	-0.0002	0.0000	13.0332	3.9996	41.9092	6.0133	0.0005	0.0005	0.0000	0.0005	0.0005	0.0000	0.0000	0.0000	0.0000	0.0000	0.0000	0.0000	0.0000	0.0000	0.0000	0.0000	0.0000	0.0000	0.7643	0.6648	0.0994	0.2110	0.2014	0.0096	0.5533	0.4635	0.0898	1.0631	0.6637	0.3993	0.3451	0.3155	0.0297	0.7179	0.3482	0.3697
41	44	0.8291	11	1	0	0	0	0	0	0	0	2	1	2	1	0	0	0	0	0	0	N	N	N	N	Y	N	N	N	N	N	N	N	N	N	N	N	N	N	8.2921	6.9133	17.9221	14.1227	11.9397	inf	5.3715	0.0000	12.1358	0.0004	0.0002	0.0018	0.0006	0.0006	0.0005	0.0003	0.0000	0.0019	0.0000	0.0000	0.0001	0.0000	0.0001	0.0000	0.0001	0.0000	0.0002	1.0000	0.9565	0.0000	-0.0000	13.0332	0.0009	41.9092	0.0333	0.0000	0.0000	0.0000	0.0000	0.0000	0.0000	0.0000	0.0000	0.0000	0.0000	0.0000	0.0000	0.0000	0.0000	0.0000	0.0000	0.0000	0.0000	0.0002	0.0002	0.0000	0.0001	0.0001	0.0000	0.0002	0.0001	0.0000	0.0148	0.0112	0.0037	0.0084	0.0070	0.0014	0.0064	0.0041	0.0023
41	50	0.8579	11	1	0	0	1	0	0	0	1	1	0	2	1	0	0	0	0	0	0	N	N	N	N	Y	N	N	N	N	N	N	N	N	N	N	N	N	N	0.0000	0.0000	0.0000	0.0001	0.0001	0.0000	0.0000	0.0000	0.0000	0.0000	0.0000	0.0000	0.0000	0.0000	0.0000	0.0000	0.0000	0.0000	4.9684	8.0560	0.0000	0.0200	0.0215	0.0000	7.1854	15.0423	0.0000	0.0000	0.0000	-0.0000	-0.5735	13.0332	0.9995	41.9092	1.0067	0.0000	0.0000	0.0000	0.0000	0.0000	0.0000	0.0000	0.0000	0.0000	0.9941	0.9941	0.0000	0.0012	0.0012	0.0000	0.9929	0.9929	0.0000	0.1932	0.1683	0.0249	0.0574	0.0547	0.0027	0.1358	0.1136	0.0222	0.2001	0.1234	0.0767	0.0619	0.0574	0.0045	0.1382	0.0660	0.0722
41	51	0.8204	10	1	0	0	0	0	0	0	0	2	1	2	1	0	0	0	0	0	0	N	N	N	N	Y	N	N	N	N	N	N	N	N	N	N	N	N	N	6.4343	0.7509	57470496.4829	0.0660	0.0595	inf	162.7971	14.8728	59207652.4930	0.4688	0.0871	3.0243	0.0147	0.0144	0.0210	0.6391	0.1181	3.3399	0.0729	0.1159	0.0000	0.2232	0.2425	0.0000	0.0039	0.0079	0.0000	5.1888	0.0000	0.4570	-0.0587	13.0332	11.0065	41.9092	2.0630	0.9581	0.1548	0.8033	0.0082	0.0077	0.0005	0.9499	0.1471	0.8028	0.1017	0.1017	0.0000	0.0979	0.0979	0.0000	0.0038	0.0038	0.0000	2.0438	1.7782	0.2656	0.5575	0.5323	0.0253	1.4862	1.2459	0.2404	1.3959	0.8772	0.5187	0.4388	0.4040	0.0348	0.9571	0.4732	0.4839
41	63	0.8572	10	0	0	1	0	0	0	0	0	1	0	2	0	0	0	0	0	0	0	N	N	N	N	Y	N	N	N	N	N	N	N	N	N	N	N	N	N	0.0193	0.0000	0.5122	0.0293	0.0000	2.9548	0.0000	0.0000	0.0000	0.0000	0.0000	0.0000	0.0000	0.0000	0.0000	0.0000	0.0000	0.0000	0.0000	0.0000	0.0000	0.0001	0.0001	0.0000	0.0000	0.0000	0.0000	inf	0.1047	0.0000	-0.0000	13.0332	1.0003	41.9092	0.7584	0.0000	0.0000	0.0000	0.0000	0.0000	0.0000	0.0000	0.0000	0.0000	0.0000	0.0000	0.0000	0.0000	0.0000	0.0000	0.0000	0.0000	0.0000	0.2309	0.2027	0.0282	0.0749	0.0708	0.0041	0.1560	0.1319	0.0241	0.3114	0.2159	0.0955	0.1417	0.1245	0.0172	0.1697	0.0914	0.0783
41	69	0.8621	11	1	0	1	0	0	0	0	0	1	0	2	0	0	0	0	0	0	0	N	N	N	N	Y	N	N	N	N	N	N	N	N	N	N	N	N	N	0.0000	0.0000	0.0000	0.0000	0.0000	0.0000	0.0000	0.0000	0.0000	0.0000	0.0000	0.0000	0.0000	0.0000	0.0000	0.0000	0.0000	0.0000	0.0000	0.0000	0.0000	0.0000	0.0000	0.0000	0.0000	0.0000	0.0000			0.0000	0.0000	13.0332	0.0000	41.9092	0.0000	0.0000	0.0000	0.0000	0.0000	0.0000	0.0000	0.0000	0.0000	0.0000	0.0000	0.0000	0.0000	0.0000	0.0000	0.0000	0.0000	0.0000	0.0000	0.0000	0.0000	0.0000	0.0000	0.0000	0.0000	0.0000	0.0000	0.0000	0.0000	0.0000	0.0000	0.0000	0.0000	0.0000	0.0000	0.0000	0.0000
41	70	0.8572	10	1	0	1	0	1	0	0	0	1	0	2	0	0	0	0	0	0	0	N	N	N	N	Y	N	N	N	N	N	N	N	N	N	N	N	N	N	2.1373	1.7216	0.0000	3.1990	2.9759	0.0000	0.0000	0.0000	0.0000	0.0009	0.0010	0.0000	0.0027	0.0028	0.0000	0.0000	0.0000	0.0000	0.0004	0.0006	0.0000	0.0008	0.0009	0.0000	0.0000	0.0001	0.0000	0.0000	0.0165	-0.0001	-0.0001	13.0332	0.9999	41.9092	0.6468	0.0002	0.0002	0.0000	0.0002	0.0002	0.0000	0.0000	0.0000	0.0000	0.0001	0.0001	0.0000	0.0001	0.0001	0.0000	0.0000	0.0000	0.0000	0.2308	0.2026	0.0282	0.0749	0.0708	0.0041	0.1559	0.1318	0.0241	0.2996	0.2085	0.0912	0.1378	0.1209	0.0169	0.1618	0.0876	0.0743
41	71	0.8468	9	0	0	1	0	0	0	1	0	2	0	2	0	0	0	0	0	0	0	N	N	N	N	Y	N	N	N	N	N	N	N	N	N	N	N	N	N	0.0052	0.0002	0.0231	0.0003	0.0003	0.0001	0.0078	0.0000	0.0276	0.0000	0.0000	0.0004	0.0000	0.0000	0.0000	0.0001	0.0000	0.0004	0.0079	0.0036	0.0155	0.0082	0.0070	0.0197	0.0078	0.0002	0.0151	59.6315	2.5038	0.0000	0.0004	13.0332	1.5692	41.9092	1.6165	0.0000	0.0000	0.0000	0.0000	0.0000	0.0000	0.0000	0.0000	0.0000	0.0028	0.0008	0.0020	0.0010	0.0008	0.0002	0.0018	0.0000	0.0018	0.4010	0.3559	0.0451	0.1375	0.1310	0.0065	0.2635	0.2249	0.0386	0.3581	0.2269	0.1313	0.1230	0.1119	0.0111	0.2351	0.1149	0.1202
42	43	0.0562	8	2	0	1	0	1	0	1	0	0	0	1	1	0	0	0	0	0	0	Y	N	N	N	N	N	N	N	N	N	N	N	N	N	N	N	N	N	0.0000	0.0000	0.0000	0.0000	0.0000	0.0000	0.0000	0.0000	0.0000	0.0000	0.0000	0.0000	0.0000	0.0000	0.0000	0.0000	0.0000	0.0000	0.0000	0.0000	0.0000	0.0000	0.0000	0.0000	0.0000	0.0000	0.0000			0.0000	0.0000	2.0001	3.9996	2.0031	6.0133	0.0000	0.0000	0.0000	0.0000	0.0000	0.0000	0.0000	0.0000	0.0000	0.0000	0.0000	0.0000	0.0000	0.0000	0.0000	0.0000	0.0000	0.0000	0.0798	0.0660	0.0139	0.0019	0.0018	0.0001	0.0780	0.0642	0.0138	0.0656	0.0318	0.0338	0.0025	0.0023	0.0002	0.0631	0.0295	0.0336
42	44	0.0562	7	2	0	1	0	1	0	1	0	1	1	1	1	0	0	0	0	0	0	Y	N	N	N	N	N	N	N	N	N	N	N	N	N	N	N	N	N	0.0000	0.0000	0.0000	0.0000	0.0000	0.0000	0.0000	0.0000	0.0000	0.0000	0.0000	0.0000	0.0000	0.0000	0.0000	0.0000	0.0000	0.0000	0.0000	0.0000	0.0000	0.0000	0.0000	0.0000	0.0000	0.0000	0.0000			0.0000	0.0000	2.0001	0.0009	2.0031	0.0333	0.0000	0.0000	0.0000	0.0000	0.0000	0.0000	0.0000	0.0000	0.0000	0.0000	0.0000	0.0000	0.0000	0.0000	0.0000	0.0000	0.0000	0.0000	0.0000	0.0000	0.0000	0.0000	0.0000	0.0000	0.0000	0.0000	0.0000	0.0007	0.0005	0.0002	0.0003	0.0002	0.0000	0.0005	0.0003	0.0002
42	49	0.0240	3	2	0	1	0	2	0	1	0	0	0	0	0	0	0	0	0	0	0	Y	N	N	N	N	N	N	N	N	N	N	N	N	N	N	N	N	N	0.0000	0.0000	0.0000	0.0000	0.0000	0.0000	0.0000	0.0000	0.0000	0.0000	0.0000	0.0000	0.0000	0.0000	0.0000	0.0000	0.0000	0.0000	0.0062	0.0097	0.0016	0.0190	0.0193	0.0001	0.0042	0.0069	0.0016		0.1241	0.0000	-0.0001	2.0001	2.4585	2.0031	2.2382	0.0000	0.0000	0.0000	0.0000	0.0000	0.0000	0.0000	0.0000	0.0000	0.0003	0.0002	0.0000	0.0001	0.0001	0.0000	0.0002	0.0001	0.0000	0.0510	0.0419	0.0091	0.0000	0.0000	0.0000	0.0510	0.0419	0.0091	0.0417	0.0235	0.0182	0.0054	0.0054	0.0001	0.0363	0.0181	0.0181
42	50	0.0850	7	2	0	1	1	1	0	1	1	0	0	1	1	0	0	0	0	0	0	Y	N	N	N	N	N	N	N	N	N	N	N	N	N	N	N	N	N	0.0000	0.0000	0.0000	0.0000	0.0000	0.0000	0.0000	0.0000	0.0000	0.0000	0.0000	0.0000	0.0000	0.0000	0.0000	0.0000	0.0000	0.0000	0.0000	0.0000	0.0000	0.0000	0.0000	0.0000	0.0000	0.0000	0.0000			0.0000	0.0000	2.0001	0.9995	2.0031	1.0067	0.0000	0.0000	0.0000	0.0000	0.0000	0.0000	0.0000	0.0000	0.0000	0.0000	0.0000	0.0000	0.0000	0.0000	0.0000	0.0000	0.0000	0.0000	0.0199	0.0165	0.0034	0.0013	0.0012	0.0001	0.0186	0.0153	0.0033	0.0124	0.0059	0.0065	0.0005	0.0005	0.0000	0.0119	0.0054	0.0064
42	51	0.0475	6	2	0	1	0	1	0	1	0	1	1	1	1	0	0	0	0	0	0	Y	N	N	N	N	N	N	N	N	N	N	N	N	N	N	N	N	N	0.0000	0.0000	0.0000	0.0000	0.0000	0.0000	0.0000	0.0000	0.0000	0.0000	0.0000	0.0000	0.0000	0.0000	0.0000	0.0000	0.0000	0.0000	0.0000	0.0000	0.0000	0.0000	0.0000	0.0000	0.0000	0.0000	0.0000			0.0000	0.0000	2.0001	11.0065	2.0031	2.0630	0.0000	0.0000	0.0000	0.0000	0.0000	0.0000	0.0000	0.0000	0.0000	0.0000	0.0000	0.0000	0.0000	0.0000	0.0000	0.0000	0.0000	0.0000	0.2133	0.1762	0.0370	0.0040	0.0037	0.0003	0.2093	0.1725	0.0367	0.0852	0.0413	0.0439	0.0021	0.0019	0.0001	0.0832	0.0394	0.0438
42	57	0.0475	6	2	0	1	0	1	0	1	0	0	0	0	0	0	0	0	0	0	0	Y	N	N	N	N	N	N	N	N	N	N	N	N	N	N	N	N	N	0.0000	0.0000	0.0000	0.0000	0.0000	0.0000	0.0000	0.0000	0.0000	0.0000	0.0000	0.0000	0.0000	0.0000	0.0000	0.0000	0.0000	0.0000	0.0000	0.0000	0.0000	0.0000	0.0000	0.0000	0.0000	0.0000	0.0000			0.0000	0.0000	2.0001	0.9943	2.0031	1.9980	0.0000	0.0000	0.0000	0.0000	0.0000	0.0000	0.0000	0.0000	0.0000	0.0000	0.0000	0.0000	0.0000	0.0000	0.0000	0.0000	0.0000	0.0000	0.0204	0.0168	0.0036	0.0005	0.0005	0.0000	0.0199	0.0164	0.0036	0.0212	0.0106	0.0107	0.0009	0.0009	0.0000	0.0203	0.0097	0.0106
42	58	0.0422	5	2	0	1	0	1	0	1	0	0	0	0	0	0	0	0	0	0	0	Y	N	N	N	N	N	N	N	N	N	N	N	N	N	N	N	N	N	0.0000	0.0000	0.0000	0.0000	0.0000	0.0000	0.0000	0.0000	0.0000	0.0000	0.0000	0.0000	0.0000	0.0000	0.0000	0.0000	0.0000	0.0000	0.0000	0.0000	0.0000	0.0000	0.0000	0.0000	0.0000	0.0000	0.0000			0.0000	0.0000	2.0001	0.0070	2.0031	1.9921	0.0000	0.0000	0.0000	0.0000	0.0000	0.0000	0.0000	0.0000	0.0000	0.0000	0.0000	0.0000	0.0000	0.0000	0.0000	0.0000	0.0000	0.0000	0.0001	0.0001	0.0000	0.0000	0.0000	0.0000	0.0001	0.0001	0.0000	0.0135	0.0065	0.0070	0.0001	0.0001	0.0000	0.0134	0.0063	0.0070
42	59	0.0422	4	2	0	1	0	2	0	1	0	0	0	0	0	0	0	0	0	0	0	Y	N	N	N	N	N	N	N	N	N	N	N	N	N	N	N	N	N	0.0000	0.0000	0.0000	0.0000	0.0000	0.0000	0.0000	0.0000	0.0000	0.0000	0.0000	0.0000	0.0000	0.0000	0.0000	0.0000	0.0000	0.0000	0.0000	0.0000	0.0000	0.0000	0.0000	0.0000	0.0000	0.0000	0.0000			0.0000	0.0000	2.0001	0.0000	2.0031	0.0000	0.0000	0.0000	0.0000	0.0000	0.0000	0.0000	0.0000	0.0000	0.0000	0.0000	0.0000	0.0000	0.0000	0.0000	0.0000	0.0000	0.0000	0.0000	0.0000	0.0000	0.0000	0.0000	0.0000	0.0000	0.0000	0.0000	0.0000	0.0000	0.0000	0.0000	0.0000	0.0000	0.0000	0.0000	0.0000	0.0000
43	45	0.0962	11	2	0	1	0	0	0	0	0	0	0	1	1	0	0	0	0	0	0	Y	N	N	N	N	N	N	N	N	N	N	N	N	N	N	N	N	N	0.0000	0.0000	0.0000	0.0000	0.0000	0.0000	0.0000	0.0000	0.0000	0.0000	0.0000	0.0000	0.0000	0.0000	0.0000	0.0000	0.0000	0.0000	0.1681	0.3278	0.0000	2.1445	2.3317	0.0000	0.0000	0.0000	0.0000		0.0000	0.0000	-0.0679	3.9996	28.1541	6.0133	22.5093	0.0000	0.0000	0.0000	0.0000	0.0000	0.0000	0.0000	0.0000	0.0000	0.1178	0.1178	0.0000	0.1178	0.1178	0.0000	0.0000	0.0000	0.0000	0.9951	0.8314	0.1637	0.0362	0.0337	0.0024	0.9589	0.7976	0.1613	0.7007	0.3593	0.3414	0.0549	0.0505	0.0044	0.6458	0.3088	0.3370
43	46	0.0938	10	2	0	1	0	1	0	1	0	0	0	1	1	0	0	0	0	0	0	Y	N	N	N	N	N	N	N	N	N	N	N	N	N	N	N	N	N	0.0000	0.0000	0.0000	0.0000	0.0000	0.0000	0.0000	0.0000	0.0000	0.0000	0.0000	0.0000	0.0000	0.0000	0.0000	0.0000	0.0000	0.0000	2.3098	1.8265	3.1480	3.8527	3.8845	1.0722	1.6666	0.0831	3.1671		0.9937	0.0000	-0.0161	3.9996	0.7642	6.0133	1.7872	0.0000	0.0000	0.0000	0.0000	0.0000	0.0000	0.0000	0.0000	0.0000	0.2052	0.1029	0.1023	0.1007	0.1004	0.0003	0.1045	0.0025	0.1020	0.0575	0.0507	0.0068	0.0154	0.0148	0.0006	0.0421	0.0359	0.0062	0.0889	0.0564	0.0325	0.0261	0.0258	0.0003	0.0627	0.0305	0.0322
43	47	0.0990	10	2	0	1	0	0	0	0	0	0	0	1	1	0	0	0	0	0	0	Y	N	N	N	N	N	N	N	N	N	N	N	N	N	N	N	N	N	0.0000	0.0000	0.0000	0.0000	0.0000	0.0000	0.0000	0.0000	0.0000	0.0000	0.0000	0.0000	0.0000	0.0000	0.0000	0.0000	0.0000	0.0000	0.0005	0.0010	0.0000	0.0060	0.0064	0.0000	0.0000	0.0000	0.0000		0.0003	0.0000	-0.0001	3.9996	9.7242	6.0133	5.3244	0.0000	0.0000	0.0000	0.0000	0.0000	0.0000	0.0000	0.0000	0.0000	0.0001	0.0001	0.0000	0.0001	0.0001	0.0000	0.0000	0.0000	0.0000	0.3632	0.2994	0.0638	0.0135	0.0127	0.0008	0.3497	0.2868	0.0629	0.2475	0.1229	0.1247	0.0212	0.0199	0.0014	0.2263	0.1030	0.1233
43	48	0.0800	9	2	0	1	0	0	0	1	0	0	0	1	1	0	0	0	0	0	0	Y	N	N	N	N	N	N	N	N	N	N	N	N	N	N	N	N	N	0.0000	0.0000	0.0000	0.0000	0.0000	0.0000	0.0000	0.0000	0.0000	0.0000	0.0000	0.0000	0.0000	0.0000	0.0000	0.0000	0.0000	0.0000	0.0018	0.0028	0.0005	0.0004	0.0004	0.0000	0.0021	0.0038	0.0005		0.1288	0.0000	-0.0001	3.9996	1.4138	6.0133	4.9848	0.0000	0.0000	0.0000	0.0000	0.0000	0.0000	0.0000	0.0000	0.0000	0.0003	0.0002	0.0000	0.0000	0.0000	0.0000	0.0003	0.0002	0.0000	0.0815	0.0704	0.0111	0.0140	0.0139	0.0001	0.0675	0.0565	0.0110	0.1450	0.0838	0.0612	0.0257	0.0250	0.0007	0.1193	0.0588	0.0606
43	49	0.0694	8	2	0	0	0	1	0	0	0	0	0	1	1	0	0	0	0	0	0	Y	N	N	N	N	N	N	N	N	N	N	N	N	N	N	N	N	N	0.0000	0.0000	0.0000	0.0000	0.0000	0.0000	0.0000	0.0000	0.0000	0.0000	0.0000	0.0000	0.0000	0.0000	0.0000	0.0000	0.0000	0.0000	0.0126	0.0033	0.0247	0.0106	0.0106	0.0105	0.0129	0.0011	0.0248		5.8636	0.0000	0.0003	3.9996	2.4585	6.0133	2.2382	0.0000	0.0000	0.0000	0.0000	0.0000	0.0000	0.0000	0.0000	0.0000	0.0012	0.0002	0.0010	0.0001	0.0001	0.0000	0.0011	0.0000	0.0010	0.0982	0.0811	0.0171	0.0023	0.0021	0.0001	0.0959	0.0790	0.0169	0.0962	0.0542	0.0420	0.0128	0.0124	0.0003	0.0835	0.0418	0.0417
43	50	0.0746	4	2	0	0	1	0	0	0	1	0	0	2	2	0	0	0	0	0	0	Y	N	N	N	Y	Y	N	N	N	N	N	N	N	N	N	N	N	N	0.0000	0.0000	0.0000	0.0000	0.0000	0.0000	0.0000	0.0000	0.0000	0.0000	0.0000	0.0000	0.0000	0.0000	0.0000	0.0000	0.0000	0.0000	0.0000	0.0000	0.0000	0.0000	0.0000	0.0000	0.0000	0.0000	0.0000			0.0000	0.0000	3.9996	0.9995	6.0133	1.0067	0.0000	0.0000	0.0000	0.0000	0.0000	0.0000	0.0000	0.0000	0.0000	0.0000	0.0000	0.0000	0.0000	0.0000	0.0000	0.0000	0.0000	0.0000	0.0391	0.0325	0.0066	0.0022	0.0020	0.0001	0.0369	0.0304	0.0065	0.0309	0.0144	0.0165	0.0014	0.0013	0.0001	0.0295	0.0131	0.0164
43	51	0.0371	3	2	0	0	0	0	0	0	0	1	1	2	2	0	0	0	0	0	0	Y	N	N	N	Y	Y	N	N	N	N	N	N	N	N	N	N	N	N	0.0012	0.0007	0.0000	0.0054	0.0053	0.0000	0.0000	0.0000	0.0000	0.0000	0.0000	0.0000	0.0002	0.0002	0.0000	0.0000	0.0000	0.0000	0.0008	0.0017	0.0000	0.0293	0.0315	0.0000	0.0000	0.0000	0.0000	0.0000	0.0000	-0.0000	-0.0001	3.9996	11.0065	6.0133	2.0630	0.0000	0.0000	0.0000	0.0000	0.0000	0.0000	0.0000	0.0000	0.0000	0.0002	0.0002	0.0000	0.0002	0.0002	0.0000	0.0000	0.0000	0.0000	0.4181	0.3458	0.0723	0.0025	0.0024	0.0001	0.4156	0.3434	0.0722	0.2124	0.1008	0.1116	0.0057	0.0053	0.0004	0.2067	0.0955	0.1112
43	52	0.2768	8	2	0	1	0	1	0	1	0	0	0	1	1	0	0	0	0	0	0	Y	N	N	N	N	N	N	N	N	N	N	N	N	N	N	N	N	N	0.0003	0.0002	0.0000	0.0003	0.0003	0.0000	0.0000	0.0000	0.0000	0.0000	0.0000	0.0000	0.0000	0.0001	0.0000	0.0000	0.0000	0.0000	0.0200	0.0377	0.0000	0.1546	0.1650	0.0000	0.0000	0.0000	0.0000	0.0000	0.0000	-0.0000	-0.0026	3.9996	6.1530	6.0133	9.3095	0.0000	0.0000	0.0000	0.0000	0.0000	0.0000	0.0000	0.0000	0.0000	0.0046	0.0046	0.0000	0.0046	0.0046	0.0000	0.0000	0.0000	0.0000	0.2428	0.2046	0.0381	0.0269	0.0246	0.0022	0.2159	0.1800	0.0359	0.2276	0.1208	0.1067	0.0294	0.0276	0.0019	0.1981	0.0933	0.1049
43	56	0.0284	2	2	0	1	0	0	0	1	0	0	0	1	1	0	0	0	0	0	0	Y	N	N	N	N	N	N	N	N	N	N	N	N	N	N	N	N	N	5.6348	3.2133	0.1103	524.9191	524.5070	0.0000	0.0362	0.0000	0.1103	0.0017	0.0021	0.0000	16.4940	16.5503	0.0000	0.0000	0.0000	0.0000	0.0003	0.0006	0.0000	0.0314	0.0316	0.0000	0.0000	0.0000	0.0000	0.0000	0.0017	-0.0001	-0.0000	3.9996	5.0004	6.0133	3.0004	0.0003	0.0003	0.0000	0.0003	0.0003	0.0000	0.0000	0.0000	0.0000	0.0000	0.0000	0.0000	0.0000	0.0000	0.0000	0.0000	0.0000	0.0000	0.1950	0.1608	0.0342	0.0000	0.0000	0.0000	0.1950	0.1607	0.0342	0.1335	0.0626	0.0708	0.0013	0.0013	0.0000	0.1322	0.0614	0.0708
43	63	0.1298	11	1	0	1	0	0	0	0	0	0	0	2	1	0	0	0	0	0	0	N	N	N	N	Y	N	N	N	N	N	N	N	N	N	N	N	N	N	inf	inf	0.0000	0.0000	0.0000	0.0000	inf	inf	0.0000	21.1396	24.7947	0.0000	0.0000	0.0000	0.0000	24.4058	29.2816	0.0000	0.0000	0.0000	0.0000	0.0000	0.0000	0.0000	0.0000	0.0000	0.0000	0.0000		-0.3611	0.0000	3.9996	1.0003	6.0133	0.7584	0.9990	0.9990	0.0000	0.0000	0.0000	0.0000	0.9990	0.9990	0.0000	0.0000	0.0000	0.0000	0.0000	0.0000	0.0000	0.0000	0.0000	0.0000	0.0473	0.0403	0.0070	0.0063	0.0062	0.0002	0.0409	0.0341	0.0068	0.0517	0.0329	0.0188	0.0179	0.0153	0.0026	0.0338	0.0175	0.0163
43	65	0.1311	11	1	0	0	0	0	0	0	0	0	1	1	2	0	0	0	0	0	0	N	N	N	N	N	Y	N	N	N	N	N	N	N	N	N	N	N	N	0.0000	0.0000	0.0000	0.0000	0.0000	0.0000	0.0000	0.0000	0.0000	0.0000	0.0000	0.0000	0.0000	0.0000	0.0000	0.0000	0.0000	0.0000	0.0650	0.1300	0.0000	0.0001	0.0001	0.0000	0.0716	0.1549	0.0000		0.0000	0.0000	-0.0012	3.9996	0.0006	6.0133	2.0029	0.0000	0.0000	0.0000	0.0000	0.0000	0.0000	0.0000	0.0000	0.0000	0.0020	0.0020	0.0000	0.0000	0.0000	0.0000	0.0020	0.0020	0.0000	0.0000	0.0000	0.0000	0.0000	0.0000	0.0000	0.0000	0.0000	0.0000	0.0311	0.0155	0.0156	0.0029	0.0025	0.0004	0.0282	0.0130	0.0152
43	66	0.1311	12	1	0	0	0	0	0	0	0	0	1	1	2	0	0	0	0	0	0	N	N	N	N	N	Y	N	N	N	N	N	N	N	N	N	N	N	N	0.0000	0.0000	0.0000	0.0000	0.0000	0.0000	0.0000	0.0000	0.0000	0.0000	0.0000	0.0000	0.0000	0.0000	0.0000	0.0000	0.0000	0.0000	0.0106	0.0219	0.0000	0.0000	0.0000	0.0000	0.0117	0.0259	0.0000		0.0000	0.0000	-0.0012	3.9996	5.0001	6.0133	8.0020	0.0000	0.0000	0.0000	0.0000	0.0000	0.0000	0.0000	0.0000	0.0000	0.0020	0.0020	0.0000	0.0000	0.0000	0.0000	0.0020	0.0020	0.0000	0.1848	0.1524	0.0324	0.0104	0.0098	0.0006	0.1744	0.1426	0.0318	0.1900	0.0922	0.0978	0.0166	0.0142	0.0024	0.1734	0.0780	0.0954
43	69	0.1347	12	2	0	1	0	0	0	0	0	0	0	2	1	0	0	0	0	0	0	Y	N	N	N	Y	N	N	N	N	N	N	N	N	N	N	N	N	N	0.0000	0.0000	0.0000	0.0000	0.0000	0.0000	0.0000	0.0000	0.0000	0.0000	0.0000	0.0000	0.0000	0.0000	0.0000	0.0000	0.0000	0.0000	0.0000	0.0000	0.0000	0.0000	0.0000	0.0000	0.0000	0.0000	0.0000			0.0000	0.0000	3.9996	0.0000	6.0133	0.0000	0.0000	0.0000	0.0000	0.0000	0.0000	0.0000	0.0000	0.0000	0.0000	0.0000	0.0000	0.0000	0.0000	0.0000	0.0000	0.0000	0.0000	0.0000	0.0000	0.0000	0.0000	0.0000	0.0000	0.0000	0.0000	0.0000	0.0000	0.0000	0.0000	0.0000	0.0000	0.0000	0.0000	0.0000	0.0000	0.0000
43	70	0.1298	11	2	0	1	0	1	0	0	0	0	0	2	1	0	0	0	0	0	0	Y	N	N	N	Y	N	N	N	N	N	N	N	N	N	N	N	N	N	0.2959	0.2222	0.0000	0.7849	0.6888	0.0000	0.0000	0.0000	0.0000	0.0110	0.0129	0.0000	0.0822	0.0842	0.0000	0.0000	0.0000	0.0000	0.0372	0.0581	0.0000	0.1047	0.1222	0.0000	0.0000	0.0000	0.0000	0.0000	0.0000	-0.0002	-0.0011	3.9996	0.9999	6.0133	0.6468	0.0005	0.0005	0.0000	0.0005	0.0005	0.0000	0.0000	0.0000	0.0000	0.0019	0.0019	0.0000	0.0019	0.0019	0.0000	0.0000	0.0000	0.0000	0.0472	0.0403	0.0070	0.0063	0.0062	0.0002	0.0409	0.0341	0.0068	0.0500	0.0320	0.0180	0.0178	0.0152	0.0025	0.0323	0.0168	0.0154
43	71	0.1193	10	1	0	1	0	0	0	1	0	1	0	2	1	0	0	0	0	0	0	N	N	N	N	Y	N	N	N	N	N	N	N	N	N	N	N	N	N	0.0404	0.0237	0.0000	0.0000	0.0000	0.0000	0.1760	0.0985	0.0000	0.0060	0.0069	0.0000	0.0000	0.0000	0.0000	0.0074	0.0087	0.0000	0.1484	0.2910	0.0016	1.0798	1.2027	0.0000	0.0419	0.0888	0.0016	0.0000	0.0052	-0.0002	-0.0044	3.9996	1.5692	6.0133	1.6165	0.0005	0.0005	0.0000	0.0000	0.0000	0.0000	0.0005	0.0005	0.0000	0.0077	0.0077	0.0000	0.0058	0.0058	0.0000	0.0020	0.0019	0.0000	0.0868	0.0755	0.0113	0.0164	0.0161	0.0003	0.0704	0.0594	0.0110	0.0521	0.0264	0.0256	0.0053	0.0048	0.0005	0.0467	0.0216	0.0251
44	45	0.0678	10	2	0	1	0	0	0	0	0	1	1	1	1	0	0	0	0	0	0	Y	N	N	N	N	N	N	N	N	N	N	N	N	N	N	N	N	N	0.0000	0.0000	0.0000	0.0000	0.0000	0.0000	0.0000	0.0000	0.0000	0.0000	0.0000	0.0000	0.0000	0.0000	0.0000	0.0000	0.0000	0.0000	0.0004	0.0003	0.0008	0.0007	0.0006	0.0166	0.0003	0.0000	0.0007		0.9959	0.0000	-0.0000	0.0009	28.1541	0.0333	22.5093	0.0000	0.0000	0.0000	0.0000	0.0000	0.0000	0.0000	0.0000	0.0000	0.0000	0.0000	0.0000	0.0000	0.0000	0.0000	0.0000	0.0000	0.0000	0.0003	0.0003	0.0000	0.0001	0.0001	0.0000	0.0003	0.0002	0.0000	0.0075	0.0056	0.0019	0.0027	0.0027	0.0000	0.0048	0.0029	0.0019
44	46	0.0654	9	2	0	1	0	1	0	1	0	1	1	1	1	0	0	0	0	0	0	Y	N	N	N	N	N	N	N	N	N	N	N	N	N	N	N	N	N	0.0000	0.0000	0.0000	0.0000	0.0000	0.0000	0.0000	0.0000	0.0000	0.0000	0.0000	0.0000	0.0000	0.0000	0.0000	0.0000	0.0000	0.0000	0.0096	0.0071	0.0168	0.0140	0.0121	0.2873	0.0067	0.0014	0.0139		0.8123	0.0000	-0.0000	0.0009	0.7642	0.0333	1.7872	0.0000	0.0000	0.0000	0.0000	0.0000	0.0000	0.0000	0.0000	0.0000	0.0000	0.0000	0.0000	0.0000	0.0000	0.0000	0.0000	0.0000	0.0000	0.0000	0.0000	0.0000	0.0000	0.0000	0.0000	0.0000	0.0000	0.0000	0.0006	0.0005	0.0002	0.0003	0.0003	0.0000	0.0004	0.0002	0.0002
44	47	0.0706	9	2	0	1	0	0	0	0	0	1	1	1	1	0	0	0	0	0	0	Y	N	N	N	N	N	N	N	N	N	N	N	N	N	N	N	N	N	0.0000	0.0000	0.0000	0.0000	0.0000	0.0000	0.0000	0.0000	0.0000	0.0000	0.0000	0.0000	0.0000	0.0000	0.0000	0.0000	0.0000	0.0000	0.0193	0.0149	0.0281	0.0630	0.0342	0.7756	0.0004	0.0000	0.0008		0.9426	0.0000	-0.0000	0.0009	9.7242	0.0333	5.3244	0.0000	0.0000	0.0000	0.0000	0.0000	0.0000	0.0000	0.0000	0.0000	0.0000	0.0000	0.0000	0.0000	0.0000	0.0000	0.0000	0.0000	0.0000	0.0001	0.0001	0.0000	0.0000	0.0000	0.0000	0.0001	0.0001	0.0000	0.0018	0.0012	0.0006	0.0005	0.0005	0.0000	0.0012	0.0007	0.0006
44	48	0.0516	8	2	0	1	0	0	0	1	0	1	1	1	1	0	0	0	0	0	0	Y	N	N	N	N	N	N	N	N	N	N	N	N	N	N	N	N	N	0.0000	0.0000	0.0000	0.0000	0.0000	0.0000	0.0000	0.0000	0.0000	0.0000	0.0000	0.0000	0.0000	0.0000	0.0000	0.0000	0.0000	0.0000	0.0069	0.0119	0.0002	0.0071	0.0072	0.0015	0.0067	0.0331	0.0002		0.0155	0.0000	-0.0000	0.0009	1.4138	0.0333	4.9848	0.0000	0.0000	0.0000	0.0000	0.0000	0.0000	0.0000	0.0000	0.0000	0.0000	0.0000	0.0000	0.0000	0.0000	0.0000	0.0000	0.0000	0.0000	0.0000	0.0000	0.0000	0.0000	0.0000	0.0000	0.0000	0.0000	0.0000	0.0050	0.0028	0.0022	0.0024	0.0023	0.0000	0.0026	0.0005	0.0021
44	49	0.0410	7	2	0	0	0	1	0	0	0	1	1	1	1	0	0	0	0	0	0	Y	N	N	N	N	N	N	N	N	N	N	N	N	N	N	N	N	N	0.0000	0.0000	0.0000	0.0000	0.0000	0.0000	0.0000	0.0000	0.0000	0.0000	0.0000	0.0000	0.0000	0.0000	0.0000	0.0000	0.0000	0.0000	2.3650	1.6144	4.5593	3.2141	3.2180	2.3249	1.8808	0.1028	4.5734		0.9660	0.0000	-0.0002	0.0009	2.4585	0.0333	2.2382	0.0000	0.0000	0.0000	0.0000	0.0000	0.0000	0.0000	0.0000	0.0000	0.0022	0.0011	0.0011	0.0011	0.0011	0.0000	0.0011	0.0000	0.0011	0.0000	0.0000	0.0000	0.0000	0.0000	0.0000	0.0000	0.0000	0.0000	0.0009	0.0007	0.0002	0.0003	0.0003	0.0000	0.0006	0.0004	0.0002
44	50	0.0462	3	2	0	0	1	0	0	0	1	1	1	2	2	0	0	0	0	0	0	Y	N	N	N	Y	Y	N	N	N	N	N	N	N	N	N	N	N	N	0.0000	0.0000	0.0000	0.0000	0.0000	0.0000	0.0000	0.0000	0.0000	0.0000	0.0000	0.0000	0.0000	0.0000	0.0000	0.0000	0.0000	0.0000	0.0000	0.0000	0.0000	0.0000	0.0000	0.0000	0.0000	0.0000	0.0000			0.0000	0.0000	0.0009	0.9995	0.0333	1.0067	0.0000	0.0000	0.0000	0.0000	0.0000	0.0000	0.0000	0.0000	0.0000	0.0000	0.0000	0.0000	0.0000	0.0000	0.0000	0.0000	0.0000	0.0000	0.0000	0.0000	0.0000	0.0000	0.0000	0.0000	0.0000	0.0000	0.0000	0.0004	0.0003	0.0001	0.0001	0.0001	0.0000	0.0002	0.0001	0.0001
44	51	0.0087	2	2	0	0	0	0	0	0	0	2	2	2	2	0	0	0	0	0	0	Y	N	N	N	Y	Y	N	N	N	N	N	N	N	N	N	N	N	N	0.0527	0.0413	0.1175	0.1155	0.1156	0.0000	0.0406	0.0000	0.1176	0.0056	0.0033	0.0193	0.0167	0.0167	0.0000	0.0033	0.0000	0.0193	0.1057	0.0788	0.1645	0.1447	0.1446	0.1596	0.0824	0.0003	0.1645	1.0000	0.9541	0.0000	-0.0000	0.0009	11.0065	0.0333	2.0630	0.0000	0.0000	0.0000	0.0000	0.0000	0.0000	0.0000	0.0000	0.0000	0.0003	0.0002	0.0001	0.0002	0.0002	0.0000	0.0001	0.0000	0.0001	0.0001	0.0001	0.0000	0.0000	0.0000	0.0000	0.0001	0.0001	0.0000	0.0028	0.0019	0.0009	0.0011	0.0011	0.0000	0.0018	0.0009	0.0009
44	52	0.2484	7	2	0	1	0	1	0	1	0	1	1	1	1	0	0	0	0	0	0	Y	N	N	N	N	N	N	N	N	N	N	N	N	N	N	N	N	N	21.5257	18.7652	38.3348	9.0957	15.9983	0.0028	97.2138	0.0000	163.9228	0.0200	0.0115	0.0761	0.0179	0.0190	0.0003	0.0226	0.0000	0.1004	0.0009	0.0006	0.0020	0.0020	0.0012	0.1087	0.0002	0.0000	0.0006	1.0000	0.9662	0.0000	-0.0000	0.0009	6.1530	0.0333	9.3095	0.0000	0.0000	0.0000	0.0000	0.0000	0.0000	0.0000	0.0000	0.0000	0.0000	0.0000	0.0000	0.0000	0.0000	0.0000	0.0000	0.0000	0.0000	0.0001	0.0001	0.0000	0.0001	0.0001	0.0000	0.0001	0.0000	0.0000	0.0030	0.0023	0.0007	0.0012	0.0012	0.0000	0.0018	0.0011	0.0007
44	63	0.1014	10	1	0	1	0	0	0	0	0	1	1	2	1	0	0	0	0	0	0	N	N	N	N	Y	N	N	N	N	N	N	N	N	N	N	N	N	N	inf	inf	0.0000	inf	inf	0.0000	inf	inf	0.0000	48.9317	56.3492	0.0000	80.2966	84.5024	0.0000	37.8457	45.0849	0.0000	0.0000	0.0000	0.0000	0.0000	0.0000	0.0000	0.0000	0.0000	0.0000	0.0000		-0.0003	0.0000	0.0009	1.0003	0.0333	0.7584	0.0008	0.0008	0.0000	0.0003	0.0003	0.0000	0.0004	0.0004	0.0000	0.0000	0.0000	0.0000	0.0000	0.0000	0.0000	0.0000	0.0000	0.0000	0.0000	0.0000	0.0000	0.0000	0.0000	0.0000	0.0000	0.0000	0.0000	0.0004	0.0003	0.0001	0.0002	0.0002	0.0000	0.0002	0.0001	0.0001
44	65	0.1027	10	1	0	0	0	0	0	0	0	1	2	1	2	0	0	0	0	0	0	N	N	N	N	N	Y	N	N	N	N	N	N	N	N	N	N	N	N	0.0000	0.0000	0.0000	0.0000	0.0000	0.0000	0.0000	0.0000	0.0000	0.0000	0.0000	0.0000	0.0000	0.0000	0.0000	0.0000	0.0000	0.0000	0.0015	0.0010	0.0030	0.0034	0.0021	0.1083	0.0004	0.0000	0.0010		0.9620	0.0000	-0.0000	0.0009	0.0006	0.0333	2.0029	0.0000	0.0000	0.0000	0.0000	0.0000	0.0000	0.0000	0.0000	0.0000	0.0000	0.0000	0.0000	0.0000	0.0000	0.0000	0.0000	0.0000	0.0000	0.0000	0.0000	0.0000	0.0000	0.0000	0.0000	0.0000	0.0000	0.0000	0.0004	0.0003	0.0001	0.0001	0.0001	0.0000	0.0002	0.0001	0.0001
44	66	0.1027	11	1	0	0	0	0	0	0	0	1	2	1	2	0	0	0	0	0	0	N	N	N	N	N	Y	N	N	N	N	N	N	N	N	N	N	N	N	0.0000	0.0000	0.0000	0.0000	0.0000	0.0000	0.0000	0.0000	0.0000	0.0000	0.0000	0.0000	0.0000	0.0000	0.0000	0.0000	0.0000	0.0000	0.0000	0.0000	0.0000	0.0000	0.0000	0.0000	0.0000	0.0000	0.0000			0.0000	0.0000	0.0009	5.0001	0.0333	8.0020	0.0000	0.0000	0.0000	0.0000	0.0000	0.0000	0.0000	0.0000	0.0000	0.0000	0.0000	0.0000	0.0000	0.0000	0.0000	0.0000	0.0000	0.0000	0.0001	0.0001	0.0000	0.0000	0.0000	0.0000	0.0001	0.0000	0.0000	0.0014	0.0010	0.0005	0.0004	0.0004	0.0000	0.0010	0.0005	0.0005
44	69	0.1063	11	2	0	1	0	0	0	0	0	1	1	2	1	0	0	0	0	0	0	Y	N	N	N	Y	N	N	N	N	N	N	N	N	N	N	N	N	N	0.0000	0.0000	0.0000	0.0000	0.0000	0.0000	0.0000	0.0000	0.0000	0.0000	0.0000	0.0000	0.0000	0.0000	0.0000	0.0000	0.0000	0.0000	0.0000	0.0000	0.0000	0.0000	0.0000	0.0000	0.0000	0.0000	0.0000			0.0000	0.0000	0.0009	0.0000	0.0333	0.0000	0.0000	0.0000	0.0000	0.0000	0.0000	0.0000	0.0000	0.0000	0.0000	0.0000	0.0000	0.0000	0.0000	0.0000	0.0000	0.0000	0.0000	0.0000	0.0000	0.0000	0.0000	0.0000	0.0000	0.0000	0.0000	0.0000	0.0000	0.0000	0.0000	0.0000	0.0000	0.0000	0.0000	0.0000	0.0000	0.0000
44	70	0.1014	10	2	0	1	0	1	0	0	0	1	1	2	1	0	0	0	0	0	0	Y	N	N	N	Y	N	N	N	N	N	N	N	N	N	N	N	N	N	39.1494	38.0225	63.5964	90.4627	72.0741	152.8000	0.0000	0.0000	0.0000	0.0255	0.0168	0.0829	0.0975	0.0586	0.8394	0.0000	0.0000	0.0000	0.0007	0.0004	0.0013	0.0011	0.0008	0.0055	0.0003	0.0000	0.0008	0.7499	0.9497	0.0000	-0.0000	0.0009	0.9999	0.0333	0.6468	0.0000	0.0000	0.0000	0.0000	0.0000	0.0000	0.0000	0.0000	0.0000	0.0000	0.0000	0.0000	0.0000	0.0000	0.0000	0.0000	0.0000	0.0000	0.0000	0.0000	0.0000	0.0000	0.0000	0.0000	0.0000	0.0000	0.0000	0.0004	0.0003	0.0001	0.0002	0.0002	0.0000	0.0002	0.0001	0.0001
44	71	0.0909	9	1	0	1	0	0	0	1	0	2	1	2	1	0	0	0	0	0	0	N	N	N	N	Y	N	N	N	N	N	N	N	N	N	N	N	N	N	8.7664	9.0874	0.0000	10.4583	10.6202	0.0000	8.5918	9.4945	0.0000	0.0152	0.0172	0.0000	0.0243	0.0245	0.0000	0.0118	0.0140	0.0000	0.0017	0.0019	0.0013	0.0023	0.0023	0.0038	0.0014	0.0015	0.0012	0.0000	0.2294	-0.0000	-0.0000	0.0009	1.5692	0.0333	1.6165	0.0000	0.0000	0.0000	0.0000	0.0000	0.0000	0.0000	0.0000	0.0000	0.0000	0.0000	0.0000	0.0000	0.0000	0.0000	0.0000	0.0000	0.0000	0.0000	0.0000	0.0000	0.0000	0.0000	0.0000	0.0000	0.0000	0.0000	0.0006	0.0004	0.0001	0.0002	0.0002	0.0000	0.0004	0.0002	0.0001
45	49	0.1868	4	2	0	1	0	1	0	0	0	0	0	0	0	0	0	0	0	0	0	Y	N	N	N	N	N	N	N	N	N	N	N	N	N	N	N	N	N	0.0763	0.7781	0.0003	0.0363	0.0389	0.0007	0.0663	4.1902	0.0003	0.1856	0.2230	0.0017	0.0266	0.0288	0.0001	0.1878	0.2259	0.0017	2.4333	0.2865	5.1147	0.7338	0.7397	0.1510	2.8327	0.0539	5.1360	0.0015	14.2911	-0.0424	0.4430	28.1541	2.4585	22.5093	2.2382	0.1178	0.1177	0.0002	0.0002	0.0002	0.0000	0.1176	0.1174	0.0002	1.2384	0.0810	1.1574	0.0711	0.0709	0.0001	1.1674	0.0101	1.1573	0.6348	0.5277	0.1070	0.0085	0.0078	0.0006	0.6263	0.5199	0.1064	0.5089	0.2827	0.2263	0.0969	0.0959	0.0010	0.4121	0.1868	0.2253
45	50	0.2567	10	2	0	1	1	0	0	0	1	0	0	1	1	0	0	0	0	0	0	Y	N	N	N	N	N	N	N	N	N	N	N	N	N	N	N	N	N	821.0807	490.9376	0.0000	0.0000	0.0000	0.0000	inf	inf	0.0000	0.0000	0.0000	0.0000	0.0000	0.0000	0.0000	0.0000	0.0001	0.0000	0.0000	0.0000	0.0000	0.0000	0.0000	0.0000	0.0000	0.0000	0.0000	0.0000	0.0000	-0.0000	-0.0000	28.1541	0.9995	22.5093	1.0067	0.0000	0.0000	0.0000	0.0000	0.0000	0.0000	0.0000	0.0000	0.0000	0.0000	0.0000	0.0000	0.0000	0.0000	0.0000	0.0000	0.0000	0.0000	0.2486	0.2085	0.0401	0.0200	0.0186	0.0014	0.2286	0.1899	0.0386	0.1306	0.0655	0.0651	0.0102	0.0094	0.0008	0.1204	0.0561	0.0643
45	51	0.2192	9	2	0	1	0	0	0	0	0	1	1	1	1	0	0	0	0	0	0	Y	N	N	N	N	N	N	N	N	N	N	N	N	N	N	N	N	N	27.3123	10536.9167	0.0000	4.8378	19.5607	0.0000	26.5436	inf	0.0000	0.3763	0.4503	0.0000	0.0066	0.0071	0.0000	0.3884	0.4665	0.0000	0.0138	0.0000	0.0283	0.0014	0.0004	0.0151	0.0146	0.0000	0.0284	0.0000	627.3021	-0.3616	0.0053	28.1541	11.0065	22.5093	2.0630	1.0005	1.0005	0.0000	0.0006	0.0006	0.0000	0.9999	0.9999	0.0000	0.0126	0.0000	0.0125	0.0001	0.0000	0.0001	0.0125	0.0000	0.0125	2.6589	2.2220	0.4369	0.0844	0.0784	0.0059	2.5746	2.1435	0.4310	0.9111	0.4675	0.4436	0.0588	0.0547	0.0040	0.8523	0.4128	0.4396
45	57	0.2192	9	2	0	1	0	0	0	0	0	0	0	0	0	0	0	0	0	0	0	Y	N	N	N	N	N	N	N	N	N	N	N	N	N	N	N	N	N	0.0021	0.5414	0.0000	0.6572	1.9521	0.0002	0.0000	0.0000	0.0000	0.0001	0.0001	0.0000	0.0033	0.0035	0.0000	0.0000	0.0000	0.0000	0.0554	0.0003	0.1164	0.0049	0.0018	0.0628	0.0599	0.0000	0.1168	0.0003	402.7268	-0.0000	0.0053	28.1541	0.9943	22.5093	1.9980	0.0000	0.0000	0.0000	0.0000	0.0000	0.0000	0.0000	0.0000	0.0000	0.0126	0.0000	0.0125	0.0001	0.0000	0.0001	0.0125	0.0000	0.0125	0.2545	0.2118	0.0426	0.0092	0.0087	0.0006	0.2453	0.2032	0.0421	0.2267	0.1190	0.1077	0.0185	0.0176	0.0010	0.2081	0.1014	0.1067
45	58	0.2139	8	2	0	1	0	0	0	0	0	0	0	0	0	0	0	0	0	0	0	Y	N	N	N	N	N	N	N	N	N	N	N	N	N	N	N	N	N	0.0025	20.6151	0.0000	0.0137	0.6340	0.0000	0.0024	19.7627	0.0000	0.0167	0.0201	0.0000	0.0001	0.0001	0.0000	0.0172	0.0208	0.0000	6.8110	0.0010	13.8331	0.0096	0.0002	0.1687	7.1785	0.0011	13.9124	0.0000	13789.4254	-0.0000	0.4155	28.1541	0.0070	22.5093	1.9921	0.0000	0.0000	0.0000	0.0000	0.0000	0.0000	0.0000	0.0000	0.0000	0.9821	0.0001	0.9820	0.0001	0.0000	0.0001	0.9820	0.0001	0.9819	0.0018	0.0015	0.0003	0.0001	0.0001	0.0000	0.0017	0.0014	0.0003	0.1442	0.0732	0.0710	0.0074	0.0070	0.0004	0.1368	0.0662	0.0706
45	59	0.2139	7	2	0	1	0	1	0	0	0	0	0	0	0	0	0	0	0	0	0	Y	N	N	N	N	N	N	N	N	N	N	N	N	N	N	N	N	N	0.0000	0.0000	0.0000	0.0000	0.0000	0.0000	0.0000	0.0000	0.0000	0.0000	0.0000	0.0000	0.0000	0.0000	0.0000	0.0000	0.0000	0.0000	2.2287	0.0000	4.5126	0.0000	0.0000	0.0000	2.5741	0.0000	4.5335		inf	0.0000	0.0000	28.1541	0.0000	22.5093	0.0000	0.0000	0.0000	0.0000	0.0000	0.0000	0.0000	0.0000	0.0000	0.0000	0.0000	0.0000	0.0000	0.0000	0.0000	0.0000	0.0000	0.0000	0.0000	0.0000	0.0000	0.0000	0.0000	0.0000	0.0000	0.0000	0.0000	0.0000	0.0000	0.0000	0.0000	0.0000	0.0000	0.0000	0.0000	0.0000	0.0000
46	49	0.0268	3	2	0	1	0	2	0	1	0	0	0	0	0	0	0	0	0	0	0	Y	N	N	N	N	N	N	N	N	N	N	N	N	N	N	N	N	N	0.0086	0.0072	0.0209	0.0141	0.0147	0.0001	0.0068	0.1913	0.0227	0.0063	0.0048	0.0164	0.0113	0.0118	0.0001	0.0045	0.0022	0.0178	0.7263	0.6738	0.7875	0.8033	0.8036	0.5863	0.6631	0.0115	0.7878	0.4713	1.0027	-0.0000	-0.0109	0.7642	2.4585	1.7872	2.2382	0.0002	0.0002	0.0001	0.0001	0.0001	0.0000	0.0001	0.0001	0.0001	0.1428	0.0713	0.0715	0.0712	0.0711	0.0001	0.0716	0.0002	0.0714	0.0362	0.0318	0.0044	0.0091	0.0088	0.0003	0.0271	0.0230	0.0041	0.1966	0.1058	0.0908	0.0886	0.0885	0.0002	0.1080	0.0173	0.0906
46	50	0.0967	9	2	0	1	1	1	0	1	1	0	0	1	1	0	0	0	0	0	0	Y	N	N	N	N	N	N	N	N	N	N	N	N	N	N	N	N	N	0.0047	0.0060	0.0000	0.0029	0.0086	0.0000	0.0000	0.0000	0.0000	0.0000	0.0000	0.0000	0.0000	0.0000	0.0000	0.0000	0.0000	0.0000	0.0000	0.0000	0.0000	0.0001	0.0001	0.0048	0.0000	0.0000	0.0000	0.0000	0.7670	-0.0000	-0.0000	0.7642	0.9995	1.7872	1.0067	0.0000	0.0000	0.0000	0.0000	0.0000	0.0000	0.0000	0.0000	0.0000	0.0000	0.0000	0.0000	0.0000	0.0000	0.0000	0.0000	0.0000	0.0000	0.0145	0.0128	0.0017	0.0043	0.0041	0.0002	0.0102	0.0087	0.0015	0.0164	0.0104	0.0060	0.0048	0.0047	0.0001	0.0116	0.0056	0.0060
46	51	0.0592	8	2	0	1	0	1	0	1	0	1	1	1	1	0	0	0	0	0	0	Y	N	N	N	N	N	N	N	N	N	N	N	N	N	N	N	N	N	4.4595	6.3978	0.0000	4.3819	4.5543	0.0000	4.7187	198.7575	0.0000	0.0069	0.0078	0.0000	0.0118	0.0122	0.0000	0.0051	0.0060	0.0000	0.0015	0.0012	0.0021	0.0027	0.0027	0.0024	0.0011	0.0000	0.0021	0.0000	0.9958	-0.0004	-0.0000	0.7642	11.0065	1.7872	2.0630	0.0011	0.0011	0.0000	0.0005	0.0005	0.0000	0.0006	0.0006	0.0000	0.0002	0.0001	0.0001	0.0001	0.0001	0.0000	0.0001	0.0000	0.0001	0.1535	0.1353	0.0182	0.0408	0.0392	0.0016	0.1127	0.0961	0.0166	0.1152	0.0730	0.0422	0.0331	0.0328	0.0003	0.0822	0.0402	0.0419
46	57	0.0592	8	2	0	1	0	1	0	1	0	0	0	0	0	0	0	0	0	0	0	Y	N	N	N	N	N	N	N	N	N	N	N	N	N	N	N	N	N	0.0002	0.0001	0.0006	0.0003	0.0002	0.0088	0.0000	0.0000	0.0001	0.0000	0.0000	0.0000	0.0000	0.0000	0.0000	0.0000	0.0000	0.0000	0.0071	0.0067	0.0078	0.0133	0.0134	0.0054	0.0046	0.0011	0.0078	1.0246	0.6683	0.0000	-0.0000	0.7642	0.9943	1.7872	1.9980	0.0000	0.0000	0.0000	0.0000	0.0000	0.0000	0.0000	0.0000	0.0000	0.0002	0.0001	0.0001	0.0001	0.0001	0.0000	0.0001	0.0000	0.0001	0.0146	0.0129	0.0018	0.0039	0.0037	0.0002	0.0107	0.0091	0.0016	0.0283	0.0180	0.0103	0.0083	0.0082	0.0001	0.0200	0.0098	0.0102
46	58	0.0538	7	2	0	1	0	1	0	1	0	0	0	0	0	0	0	0	0	0	0	Y	N	N	N	N	N	N	N	N	N	N	N	N	N	N	N	N	N	0.0003	0.0004	0.0000	0.0003	0.0003	0.0000	0.0003	0.0114	0.0000	0.0002	0.0002	0.0000	0.0003	0.0003	0.0000	0.0001	0.0001	0.0000	0.5866	0.4642	0.7966	1.0290	1.0350	0.0091	0.4134	0.0107	0.8002	0.0123	0.9999	-0.0000	-0.0008	0.7642	0.0070	1.7872	1.9921	0.0000	0.0000	0.0000	0.0000	0.0000	0.0000	0.0000	0.0000	0.0000	0.0107	0.0054	0.0054	0.0053	0.0053	0.0000	0.0054	0.0001	0.0054	0.0001	0.0001	0.0000	0.0000	0.0000	0.0000	0.0001	0.0001	0.0000	0.0183	0.0116	0.0067	0.0052	0.0051	0.0000	0.0132	0.0065	0.0067
46	59	0.0538	6	2	0	1	0	2	0	1	0	0	0	0	0	0	0	0	0	0	0	Y	N	N	N	N	N	N	N	N	N	N	N	N	N	N	N	N	N	0.0000	0.0000	0.0000	0.0000	0.0000	0.0000	0.0000	0.0000	0.0000	0.0000	0.0000	0.0000	0.0000	0.0000	0.0000	0.0000	0.0000	0.0000	0.2138	0.1725	0.2811	0.3501	0.3564	0.0000	0.1550	0.0000	0.2822		1.0001	0.0000	-0.0000	0.7642	0.0000	1.7872	0.0000	0.0000	0.0000	0.0000	0.0000	0.0000	0.0000	0.0000	0.0000	0.0000	0.0000	0.0000	0.0000	0.0000	0.0000	0.0000	0.0000	0.0000	0.0000	0.0000	0.0000	0.0000	0.0000	0.0000	0.0000	0.0000	0.0000	0.0000	0.0000	0.0000	0.0000	0.0000	0.0000	0.0000	0.0000	0.0000	0.0000
47	50	0.1484	9	2	0	1	1	0	0	0	1	0	0	1	1	0	0	0	0	0	0	Y	N	N	N	N	N	N	N	N	N	N	N	N	N	N	N	N	N	0.0000	0.0000	0.0000	0.0000	0.0000	0.0000	0.0000	0.0000	0.0000	0.0000	0.0000	0.0000	0.0000	0.0000	0.0000	0.0000	0.0000	0.0000	0.0000	0.0000	0.0000	0.0000	0.0000	0.0000	0.0000	0.0000	0.0000		0.0000	0.0000	-0.0000	9.7242	0.9995	5.3244	1.0067	0.0000	0.0000	0.0000	0.0000	0.0000	0.0000	0.0000	0.0000	0.0000	0.0000	0.0000	0.0000	0.0000	0.0000	0.0000	0.0000	0.0000	0.0000	0.0931	0.0774	0.0157	0.0097	0.0091	0.0006	0.0834	0.0683	0.0151	0.0480	0.0238	0.0242	0.0050	0.0047	0.0003	0.0431	0.0191	0.0239
47	51	0.1109	8	2	0	1	0	0	0	0	0	1	1	1	1	0	0	0	0	0	0	Y	N	N	N	N	N	N	N	N	N	N	N	N	N	N	N	N	N	3421.3927	3880.4063	0.0000	11.5520	21.6799	0.0000	274846.7183	inf	0.0000	0.7961	0.9654	0.0000	0.0335	0.0359	0.0000	0.8212	1.0003	0.0000	0.0002	0.0002	0.0002	0.0029	0.0017	0.0245	0.0000	0.0000	0.0000	0.0000	0.8770	-0.2795	-0.0000	9.7242	11.0065	5.3244	2.0630	0.7734	0.7734	0.0000	0.0010	0.0010	0.0000	0.7723	0.7723	0.0000	0.0001	0.0000	0.0000	0.0001	0.0000	0.0000	0.0000	0.0000	0.0000	0.9714	0.8011	0.1704	0.0310	0.0290	0.0020	0.9404	0.7721	0.1683	0.3223	0.1606	0.1617	0.0255	0.0241	0.0014	0.2968	0.1365	0.1603
47	57	0.1109	8	2	0	1	0	0	0	0	0	0	0	0	0	0	0	0	0	0	0	Y	N	N	N	N	N	N	N	N	N	N	N	N	N	N	N	N	N	0.0021	0.0013	0.0260	0.0053	0.0054	0.0240	0.0000	0.0000	0.0000	0.0001	0.0001	0.0000	0.0022	0.0024	0.0000	0.0000	0.0000	0.0000	0.0390	0.0769	0.0000	0.4203	0.4416	0.0006	0.0000	0.0000	0.0000	0.0003	0.0001	-0.0000	-0.0018	9.7242	0.9943	5.3244	1.9980	0.0000	0.0000	0.0000	0.0000	0.0000	0.0000	0.0000	0.0000	0.0000	0.0031	0.0031	0.0000	0.0031	0.0031	0.0000	0.0000	0.0000	0.0000	0.0931	0.0764	0.0167	0.0035	0.0033	0.0002	0.0896	0.0731	0.0165	0.0796	0.0404	0.0392	0.0074	0.0070	0.0004	0.0722	0.0334	0.0388
47	58	0.1055	7	2	0	1	0	0	0	0	0	0	0	0	0	0	0	0	0	0	0	Y	N	N	N	N	N	N	N	N	N	N	N	N	N	N	N	N	N	17.1930	10.3256	0.0000	0.0539	0.0554	0.0000	inf	inf	0.0000	0.0118	0.0144	0.0000	0.0006	0.0006	0.0000	0.0122	0.0149	0.0000	0.0007	0.0014	0.0000	0.0103	0.0107	0.0000	0.0000	0.0000	0.0000	0.0000	0.0000	-0.0000	-0.0000	9.7242	0.0070	5.3244	1.9921	0.0000	0.0000	0.0000	0.0000	0.0000	0.0000	0.0000	0.0000	0.0000	0.0000	0.0000	0.0000	0.0000	0.0000	0.0000	0.0000	0.0000	0.0000	0.0007	0.0005	0.0001	0.0000	0.0000	0.0000	0.0006	0.0005	0.0001	0.0512	0.0252	0.0259	0.0034	0.0033	0.0001	0.0478	0.0220	0.0258
47	59	0.1055	6	2	0	1	0	1	0	0	0	0	0	0	0	0	0	0	0	0	0	Y	N	N	N	N	N	N	N	N	N	N	N	N	N	N	N	N	N	0.0000	0.0000	0.0000	0.0000	0.0000	0.0000	0.0000	0.0000	0.0000	0.0000	0.0000	0.0000	0.0000	0.0000	0.0000	0.0000	0.0000	0.0000	0.0000	0.0000	0.0000	0.0000	0.0000	0.0000	0.0000	0.0000	0.0000			0.0000	0.0000	9.7242	0.0000	5.3244	0.0000	0.0000	0.0000	0.0000	0.0000	0.0000	0.0000	0.0000	0.0000	0.0000	0.0000	0.0000	0.0000	0.0000	0.0000	0.0000	0.0000	0.0000	0.0000	0.0000	0.0000	0.0000	0.0000	0.0000	0.0000	0.0000	0.0000	0.0000	0.0000	0.0000	0.0000	0.0000	0.0000	0.0000	0.0000	0.0000	0.0000
48	50	0.0994	8	2	0	1	1	0	0	1	1	0	0	1	1	0	0	0	0	0	0	Y	N	N	N	N	N	N	N	N	N	N	N	N	N	N	N	N	N	0.0000	0.0000	0.0000	0.0000	0.0000	0.0000	0.0000	0.0000	0.0000	0.0000	0.0000	0.0000	0.0000	0.0000	0.0000	0.0000	0.0000	0.0000	0.0000	0.0000	0.0000	0.0000	0.0000	0.0000	0.0000	0.0000	0.0000		8.0000	0.0000	0.0000	1.4138	0.9995	4.9848	1.0067	0.0000	0.0000	0.0000	0.0000	0.0000	0.0000	0.0000	0.0000	0.0000	0.0000	0.0000	0.0000	0.0000	0.0000	0.0000	0.0000	0.0000	0.0000	0.0224	0.0197	0.0028	0.0068	0.0067	0.0002	0.0156	0.0130	0.0026	0.0273	0.0159	0.0114	0.0049	0.0048	0.0001	0.0224	0.0111	0.0113
48	51	0.0619	7	2	0	1	0	0	0	1	0	1	1	1	1	0	0	0	0	0	0	Y	N	N	N	N	N	N	N	N	N	N	N	N	N	N	N	N	N	4034.5013	4526.8262	0.0000	4232.4327	4199.9157	0.0000	3804.2321	9117.2357	0.0000	1.6224	1.8770	0.0000	4.8421	4.8766	0.0000	0.9741	1.1617	0.0000	0.0004	0.0004	0.0004	0.0011	0.0012	0.0002	0.0003	0.0001	0.0004	0.0000	0.6677	-0.1273	-0.0000	1.4138	11.0065	4.9848	2.0630	0.3521	0.3521	0.0000	0.1762	0.1762	0.0000	0.1760	0.1760	0.0000	0.0001	0.0000	0.0000	0.0000	0.0000	0.0000	0.0000	0.0000	0.0000	0.2171	0.1876	0.0294	0.0364	0.0361	0.0003	0.1807	0.1515	0.0292	0.1868	0.1086	0.0782	0.0307	0.0302	0.0005	0.1561	0.0784	0.0776
48	57	0.0619	7	2	0	1	0	0	0	1	0	0	0	0	0	0	0	0	0	0	0	Y	N	N	N	N	N	N	N	N	N	N	N	N	N	N	N	N	N	0.0027	0.0009	0.1578	0.9150	0.4577	138.4527	0.0000	0.0000	0.0000	0.0002	0.0001	0.0006	0.0010	0.0005	0.0688	0.0000	0.0000	0.0000	0.0639	0.1069	0.0039	0.0011	0.0011	0.0005	0.0790	0.1582	0.0039	0.9950	0.0259	0.0000	-0.0017	1.4138	0.9943	4.9848	1.9980	0.0000	0.0000	0.0000	0.0000	0.0000	0.0000	0.0000	0.0000	0.0000	0.0031	0.0030	0.0001	0.0000	0.0000	0.0000	0.0031	0.0030	0.0001	0.0208	0.0179	0.0029	0.0035	0.0035	0.0000	0.0172	0.0144	0.0029	0.0488	0.0284	0.0204	0.0094	0.0093	0.0002	0.0393	0.0191	0.0202
48	58	0.0565	6	2	0	1	0	0	0	1	0	0	0	0	0	0	0	0	0	0	0	Y	N	N	N	N	N	N	N	N	N	N	N	N	N	N	N	N	N	19.7491	13.6049	0.0000	1615.8293	1609.6864	0.0000	10.1646	6.3315	0.0000	0.0240	0.0278	0.0000	0.0712	0.0717	0.0000	0.0144	0.0172	0.0000	0.0012	0.0020	0.0001	0.0000	0.0000	0.0000	0.0014	0.0027	0.0001	0.0000	0.0267	-0.0000	-0.0000	1.4138	0.0070	4.9848	1.9921	0.0000	0.0000	0.0000	0.0000	0.0000	0.0000	0.0000	0.0000	0.0000	0.0000	0.0000	0.0000	0.0000	0.0000	0.0000	0.0000	0.0000	0.0000	0.0001	0.0001	0.0000	0.0000	0.0000	0.0000	0.0001	0.0001	0.0000	0.0291	0.0168	0.0123	0.0043	0.0043	0.0000	0.0248	0.0125	0.0122
48	59	0.0565	5	2	0	1	0	1	0	1	0	0	0	0	0	0	0	0	0	0	0	Y	N	N	N	N	N	N	N	N	N	N	N	N	N	N	N	N	N	0.0000	0.0000	0.0000	0.0000	0.0000	0.0000	0.0000	0.0000	0.0000	0.0000	0.0000	0.0000	0.0000	0.0000	0.0000	0.0000	0.0000	0.0000	0.0000	0.0000	0.0000	0.0000	0.0000	0.0000	0.0000	0.0000	0.0000			0.0000	0.0000	1.4138	0.0000	4.9848	0.0000	0.0000	0.0000	0.0000	0.0000	0.0000	0.0000	0.0000	0.0000	0.0000	0.0000	0.0000	0.0000	0.0000	0.0000	0.0000	0.0000	0.0000	0.0000	0.0000	0.0000	0.0000	0.0000	0.0000	0.0000	0.0000	0.0000	0.0000	0.0000	0.0000	0.0000	0.0000	0.0000	0.0000	0.0000	0.0000	0.0000
49	50	0.0805	7	2	0	0	1	1	0	0	1	0	0	1	1	0	0	0	0	0	0	Y	N	N	N	N	N	N	N	N	N	N	N	N	N	N	N	N	N	inf	inf	inf	0.0000	0.0000	0.0000	inf	inf	inf	0.0049	0.0054	0.0024	0.0000	0.0000	0.0000	0.0052	0.0058	0.0025	0.0000	0.0000	0.0000	0.0000	0.0000	0.0000	0.0000	0.0000	0.0000	0.0909		-0.0000	0.0000	2.4585	0.9995	2.2382	1.0067	0.0001	0.0001	0.0000	0.0000	0.0000	0.0000	0.0001	0.0001	0.0000	0.0000	0.0000	0.0000	0.0000	0.0000	0.0000	0.0000	0.0000	0.0000	0.0245	0.0203	0.0042	0.0017	0.0015	0.0001	0.0229	0.0188	0.0041	0.0185	0.0104	0.0081	0.0026	0.0026	0.0001	0.0159	0.0078	0.0080
49	51	0.0430	6	2	0	0	0	1	0	0	0	1	1	1	1	0	0	0	0	0	0	Y	N	N	N	N	N	N	N	N	N	N	N	N	N	N	N	N	N	95.9903	65.5927	0.0043	0.7941	0.8378	0.0000	53975.2957	7672161.9948	0.0044	0.8682	1.0504	0.0000	0.0593	0.0636	0.0000	0.8834	1.0714	0.0000	0.0090	0.0160	0.0000	0.0747	0.0759	0.0000	0.0000	0.0000	0.0000	0.0000	0.0016	-0.0823	-0.0007	2.4585	11.0065	2.2382	2.0630	0.2277	0.2277	0.0000	0.0003	0.0003	0.0000	0.2274	0.2274	0.0000	0.0011	0.0011	0.0000	0.0011	0.0011	0.0000	0.0000	0.0000	0.0000	0.2622	0.2168	0.0455	0.0048	0.0045	0.0003	0.2574	0.2122	0.0452	0.1249	0.0704	0.0545	0.0151	0.0149	0.0002	0.1098	0.0556	0.0543
49	52	0.2720	7	2	0	1	0	2	0	1	0	0	0	0	0	0	0	0	0	0	0	Y	N	N	N	N	N	N	N	N	N	N	N	N	N	N	N	N	N	3.1472	0.0065	21.5138	7.1686	0.0213	1706.4772	2.3244	0.0000	7.2940	1.4416	0.0032	8.9064	11.0741	0.0338	117.8504	0.5128	0.0000	3.0504	0.4581	0.4922	0.4140	1.5448	1.5896	0.0691	0.2206	0.0018	0.4182	534.3203	0.6516	0.1429	-0.0118	2.4585	6.1530	2.2382	9.3095	0.2245	0.0004	0.2241	0.1517	0.0004	0.1513	0.0728	0.0000	0.0728	0.0648	0.0392	0.0256	0.0392	0.0391	0.0001	0.0256	0.0001	0.0255	0.1557	0.1306	0.0252	0.0137	0.0124	0.0013	0.1420	0.1182	0.0239	0.1414	0.0797	0.0617	0.0254	0.0246	0.0007	0.1161	0.0551	0.0610
49	56	0.0516	7	2	0	1	0	1	0	1	0	0	0	0	0	0	0	0	0	0	0	Y	N	N	N	N	N	N	N	N	N	N	N	N	N	N	N	N	N	0.0000	0.0000	0.0000	0.0000	0.0000	0.0000	0.0000	0.0000	0.0000	0.0000	0.0000	0.0000	0.0000	0.0000	0.0000	0.0000	0.0000	0.0000	0.0003	0.0002	0.0003	0.0000	0.0000	0.0000	0.0003	0.0003	0.0003		1.0001	0.0000	-0.0000	2.4585	5.0004	2.2382	3.0004	0.0000	0.0000	0.0000	0.0000	0.0000	0.0000	0.0000	0.0000	0.0000	0.0000	0.0000	0.0000	0.0000	0.0000	0.0000	0.0000	0.0000	0.0000	0.1222	0.1010	0.0212	0.0028	0.0027	0.0002	0.1193	0.0983	0.0210	0.0776	0.0438	0.0339	0.0103	0.0101	0.0003	0.0673	0.0337	0.0336
49	57	0.0430	6	2	0	0	0	1	0	0	0	0	0	0	0	0	0	0	0	0	0	Y	N	N	N	N	N	N	N	N	N	N	N	N	N	N	N	N	N	0.0000	0.0005	0.0000	0.0804	0.0849	0.0016	0.0000	0.0000	0.0000	0.0001	0.0001	0.0000	0.0039	0.0041	0.0001	0.0000	0.0000	0.0000	3.7211	0.2256	8.3670	0.0485	0.0483	0.0603	4.2800	0.2781	8.4020	0.0013	27.8974	-0.0000	0.0445	2.4585	0.9943	2.2382	1.9980	0.0000	0.0000	0.0000	0.0000	0.0000	0.0000	0.0000	0.0000	0.0000	0.1145	0.0040	0.1106	0.0002	0.0002	0.0000	0.1143	0.0038	0.1106	0.0251	0.0207	0.0044	0.0006	0.0006	0.0000	0.0245	0.0201	0.0044	0.0308	0.0176	0.0132	0.0041	0.0040	0.0001	0.0267	0.0136	0.0132
49	58	0.0376	5	2	0	0	0	1	0	0	0	0	0	0	0	0	0	0	0	0	0	Y	N	N	N	N	N	N	N	N	N	N	N	N	N	N	N	N	N	0.2248	4.0650	0.0000	1.0407	1.1058	0.0000	0.2040	3.4846	0.0000	0.0128	0.0156	0.0000	0.0009	0.0009	0.0000	0.0131	0.0159	0.0000	0.0571	0.0038	0.1246	0.0008	0.0008	0.0000	0.0641	0.0046	0.1247	0.0000	25.6516	-0.0000	0.0004	2.4585	0.0070	2.2382	1.9921	0.0000	0.0000	0.0000	0.0000	0.0000	0.0000	0.0000	0.0000	0.0000	0.0011	0.0000	0.0011	0.0000	0.0000	0.0000	0.0011	0.0000	0.0011	0.0002	0.0001	0.0000	0.0000	0.0000	0.0000	0.0002	0.0001	0.0000	0.0198	0.0111	0.0087	0.0022	0.0022	0.0000	0.0176	0.0089	0.0087
49	59	0.0376	4	2	0	0	0	2	0	0	0	0	0	0	0	0	0	0	0	0	0	Y	N	N	N	N	N	N	N	N	N	N	N	N	N	N	N	N	N	0.0000	0.0000	0.0000	0.0000	0.0000	0.0000	0.0000	0.0000	0.0000	0.0000	0.0000	0.0000	0.0000	0.0000	0.0000	0.0000	0.0000	0.0000	0.0000	0.0000	0.0000	0.0000	0.0000	0.0000	0.0000	0.0000	0.0000			0.0000	0.0000	2.4585	0.0000	2.2382	0.0000	0.0000	0.0000	0.0000	0.0000	0.0000	0.0000	0.0000	0.0000	0.0000	0.0000	0.0000	0.0000	0.0000	0.0000	0.0000	0.0000	0.0000	0.0000	0.0000	0.0000	0.0000	0.0000	0.0000	0.0000	0.0000	0.0000	0.0000	0.0000	0.0000	0.0000	0.0000	0.0000	0.0000	0.0000	0.0000	0.0000
49	69	0.0846	7	2	0	1	0	1	0	0	0	0	0	1	0	0	0	0	0	0	0	Y	N	N	N	N	N	N	N	N	N	N	N	N	N	N	N	N	N	0.0000	0.0000	0.0000	0.0000	0.0000	0.0000	0.0000	0.0000	0.0000	0.0000	0.0000	0.0000	0.0000	0.0000	0.0000	0.0000	0.0000	0.0000	0.0000	0.0000	0.0000	0.0000	0.0000	0.0000	0.0000	0.0000	0.0000			0.0000	0.0000	2.4585	0.0000	2.2382	0.0000	0.0000	0.0000	0.0000	0.0000	0.0000	0.0000	0.0000	0.0000	0.0000	0.0000	0.0000	0.0000	0.0000	0.0000	0.0000	0.0000	0.0000	0.0000	0.0000	0.0000	0.0000	0.0000	0.0000	0.0000	0.0000	0.0000	0.0000	0.0000	0.0000	0.0000	0.0000	0.0000	0.0000	0.0000	0.0000	0.0000
49	70	0.0798	6	2	0	1	0	2	0	0	0	0	0	1	0	0	0	0	0	0	0	Y	N	N	N	N	N	N	N	N	N	N	N	N	N	N	N	N	N	0.0000	0.0000	0.0000	0.0000	0.0000	0.0000	0.0000	0.0000	0.0000	0.0000	0.0000	0.0000	0.0000	0.0000	0.0000	0.0000	0.0000	0.0000	0.0003	0.0002	0.0004	0.0004	0.0004	0.0011	0.0002	0.0000	0.0003		1.2543	0.0000	-0.0000	2.4585	0.9999	2.2382	0.6468	0.0000	0.0000	0.0000	0.0000	0.0000	0.0000	0.0000	0.0000	0.0000	0.0000	0.0000	0.0000	0.0000	0.0000	0.0000	0.0000	0.0000	0.0000	0.0300	0.0255	0.0046	0.0033	0.0033	0.0001	0.0267	0.0222	0.0045	0.0280	0.0187	0.0093	0.0102	0.0090	0.0012	0.0178	0.0097	0.0081
50	52	0.2830	7	2	0	1	1	1	0	1	1	0	0	1	1	0	0	0	0	0	0	Y	N	N	N	N	N	N	N	N	N	N	N	N	N	N	N	N	N	0.0992	0.0614	0.0000	0.0670	0.0681	0.0000	inf	inf	0.0000	0.0160	0.0189	0.0000	0.0818	0.0886	0.0000	0.0003	0.0003	0.0000	0.1616	0.3076	0.0000	1.2215	1.3002	0.0003	0.0000	0.0000	0.0000	0.0000	0.0000	-0.0004	-0.0040	0.9995	6.1530	1.0067	9.3095	0.0010	0.0010	0.0000	0.0010	0.0010	0.0000	0.0000	0.0000	0.0000	0.0070	0.0070	0.0000	0.0070	0.0070	0.0000	0.0000	0.0000	0.0000	0.0622	0.0527	0.0094	0.0120	0.0111	0.0009	0.0502	0.0416	0.0085	0.0431	0.0226	0.0204	0.0057	0.0054	0.0003	0.0374	0.0173	0.0201
50	56	0.0519	3	2	0	1	1	0	0	1	1	0	0	1	1	0	0	0	0	0	0	Y	N	N	N	N	N	N	N	N	N	N	N	N	N	N	N	N	N	0.0000	0.0000	0.0000	0.0000	0.0000	0.0000	0.0000	0.0000	0.0000	0.0000	0.0000	0.0000	0.0000	0.0000	0.0000	0.0000	0.0000	0.0000	39.9818	85.5722	0.0000	0.0000	0.0000	0.0000	41.8873	94.0351	0.0000		0.0000	0.0000	-0.5747	0.9995	5.0004	1.0067	3.0004	0.0000	0.0000	0.0000	0.0000	0.0000	0.0000	0.0000	0.0000	0.0000	0.9962	0.9962	0.0000	0.0000	0.0000	0.0000	0.9962	0.9962	0.0000	0.0486	0.0404	0.0082	0.0027	0.0025	0.0002	0.0459	0.0379	0.0081	0.0249	0.0116	0.0133	0.0011	0.0010	0.0001	0.0238	0.0106	0.0132
50	57	0.0432	2	2	0	0	1	0	0	0	1	0	0	1	1	0	0	0	0	0	0	Y	N	N	N	N	N	N	N	N	N	N	N	N	N	N	N	N	N	0.0454	0.0264	0.0000	0.0412	0.0427	0.0000	0.0000	0.0000	0.0000	0.0000	0.0000	0.0000	0.0000	0.0000	0.0000	0.0000	0.0000	0.0000	0.0000	0.0001	0.0000	0.0006	0.0007	0.0000	0.0000	0.0000	0.0000	0.0000	0.0000	-0.0000	-0.0000	0.9995	0.9943	1.0067	1.9980	0.0000	0.0000	0.0000	0.0000	0.0000	0.0000	0.0000	0.0000	0.0000	0.0000	0.0000	0.0000	0.0000	0.0000	0.0000	0.0000	0.0000	0.0000	0.0100	0.0083	0.0017	0.0006	0.0005	0.0000	0.0094	0.0078	0.0017	0.0100	0.0048	0.0052	0.0005	0.0005	0.0000	0.0095	0.0043	0.0052
50	63	0.1360	10	1	0	1	1	0	0	0	1	0	0	2	1	0	0	0	0	0	0	N	N	N	N	Y	N	N	N	N	N	N	N	N	N	N	N	N	N	0.0000	0.0000	0.0000	0.0000	0.0000	0.0000	0.0000	0.0000	0.0000	0.0000	0.0000	0.0000	0.0000	0.0000	0.0000	0.0000	0.0000	0.0000	0.0000	0.0000	0.0000	0.0000	0.0000	0.0000	0.0000	0.0000	0.0000			0.0000	0.0000	0.9995	1.0003	1.0067	0.7584	0.0000	0.0000	0.0000	0.0000	0.0000	0.0000	0.0000	0.0000	0.0000	0.0000	0.0000	0.0000	0.0000	0.0000	0.0000	0.0000	0.0000	0.0000	0.0118	0.0101	0.0017	0.0020	0.0019	0.0001	0.0099	0.0082	0.0016	0.0102	0.0066	0.0037	0.0037	0.0032	0.0005	0.0065	0.0034	0.0032
50	65	0.1372	10	1	0	0	1	0	0	0	1	0	1	1	2	0	0	0	0	0	0	N	N	N	N	N	Y	N	N	N	N	N	N	N	N	N	N	N	N	inf	inf	0.0000	0.0000	0.0000	0.0000	inf	inf	0.0000	1.6196	1.9322	0.0000	0.0000	0.0000	0.0000	2.3196	2.9939	0.0000	0.0000	0.0000	0.0000	0.0000	0.0000	0.0000	0.0000	0.0000	0.0000	0.0000		-0.0000	0.0000	0.9995	0.0006	1.0067	2.0029	0.0000	0.0000	0.0000	0.0000	0.0000	0.0000	0.0000	0.0000	0.0000	0.0000	0.0000	0.0000	0.0000	0.0000	0.0000	0.0000	0.0000	0.0000	0.0000	0.0000	0.0000	0.0000	0.0000	0.0000	0.0000	0.0000	0.0000	0.0059	0.0029	0.0030	0.0006	0.0005	0.0001	0.0053	0.0024	0.0029
50	66	0.1372	11	1	0	0	1	0	0	0	1	0	1	1	2	0	0	0	0	0	0	N	N	N	N	N	Y	N	N	N	N	N	N	N	N	N	N	N	N	0.0000	0.0000	0.0000	0.0000	0.0000	0.0000	0.0000	0.0000	0.0000	0.0000	0.0000	0.0000	0.0000	0.0000	0.0000	0.0000	0.0000	0.0000	26.8677	55.1506	0.0000	0.0000	0.0000	0.0000	30.1250	68.3572	0.0000		0.0000	0.0000	-0.5747	0.9995	5.0001	1.0067	8.0020	0.0000	0.0000	0.0000	0.0000	0.0000	0.0000	0.0000	0.0000	0.0000	0.9962	0.9962	0.0000	0.0000	0.0000	0.0000	0.9962	0.9962	0.0000	0.0465	0.0385	0.0080	0.0041	0.0038	0.0003	0.0424	0.0347	0.0077	0.0371	0.0181	0.0190	0.0040	0.0035	0.0005	0.0331	0.0146	0.0185
50	69	0.1408	11	2	0	1	1	0	0	0	1	0	0	2	1	0	0	0	0	0	0	Y	N	N	N	Y	N	N	N	N	N	N	N	N	N	N	N	N	N	0.0000	0.0000	0.0000	0.0000	0.0000	0.0000	0.0000	0.0000	0.0000	0.0000	0.0000	0.0000	0.0000	0.0000	0.0000	0.0000	0.0000	0.0000	0.0000	0.0000	0.0000	0.0000	0.0000	0.0000	0.0000	0.0000	0.0000			0.0000	0.0000	0.9995	0.0000	1.0067	0.0000	0.0000	0.0000	0.0000	0.0000	0.0000	0.0000	0.0000	0.0000	0.0000	0.0000	0.0000	0.0000	0.0000	0.0000	0.0000	0.0000	0.0000	0.0000	0.0000	0.0000	0.0000	0.0000	0.0000	0.0000	0.0000	0.0000	0.0000	0.0000	0.0000	0.0000	0.0000	0.0000	0.0000	0.0000	0.0000	0.0000
50	70	0.1360	10	2	0	1	1	1	0	0	1	0	0	2	1	0	0	0	0	0	0	Y	N	N	N	Y	N	N	N	N	N	N	N	N	N	N	N	N	N	0.0000	0.0000	0.0000	0.0000	0.0000	0.0000	0.0000	0.0000	0.0000	0.0000	0.0000	0.0000	0.0000	0.0000	0.0000	0.0000	0.0000	0.0000	0.0000	0.0000	0.0000	0.0000	0.0000	0.0000	0.0000	0.0000	0.0000			0.0000	0.0000	0.9995	0.9999	1.0067	0.6468	0.0000	0.0000	0.0000	0.0000	0.0000	0.0000	0.0000	0.0000	0.0000	0.0000	0.0000	0.0000	0.0000	0.0000	0.0000	0.0000	0.0000	0.0000	0.0118	0.0101	0.0017	0.0020	0.0019	0.0001	0.0099	0.0082	0.0016	0.0099	0.0064	0.0035	0.0037	0.0032	0.0005	0.0062	0.0032	0.0030
50	71	0.1255	9	1	0	1	1	0	0	1	1	1	0	2	1	0	0	0	0	0	0	N	N	N	N	Y	N	N	N	N	N	N	N	N	N	N	N	N	N	inf	inf	0.0000	inf	inf	0.0000	inf	inf	0.0000	0.0046	0.0053	0.0000	0.0063	0.0065	0.0000	0.0041	0.0049	0.0000	0.0000	0.0000	0.0000	0.0000	0.0000	0.0000	0.0000	0.0000	0.0000	0.0000		-0.0000	0.0000	0.9995	1.5692	1.0067	1.6165	0.0001	0.0001	0.0000	0.0000	0.0000	0.0000	0.0001	0.0001	0.0000	0.0000	0.0000	0.0000	0.0000	0.0000	0.0000	0.0000	0.0000	0.0000	0.0218	0.0190	0.0028	0.0047	0.0046	0.0001	0.0171	0.0144	0.0027	0.0099	0.0050	0.0049	0.0011	0.0010	0.0001	0.0088	0.0040	0.0048
51	52	0.2773	6	2	0	1	0	1	0	1	0	1	1	1	1	0	0	0	0	0	0	Y	N	N	N	N	N	N	N	N	N	N	N	N	N	N	N	N	N	1593.6452	1007.3509	123.7856	755.2719	784.2496	0.0398	412450.9236	inf	360.6329	1.3930	1.6541	0.0013	6.1223	6.6892	0.0000	0.8325	0.9987	0.0014	0.0009	0.0016	0.0000	0.0081	0.0085	0.0006	0.0000	0.0000	0.0000	0.0001	0.0058	-0.3277	-0.0001	11.0065	6.1530	2.0630	9.3095	0.9069	0.9068	0.0001	0.4223	0.4223	0.0000	0.4846	0.4844	0.0001	0.0003	0.0003	0.0000	0.0003	0.0003	0.0000	0.0000	0.0000	0.0000	0.6510	0.5482	0.1028	0.0690	0.0631	0.0058	0.5821	0.4851	0.0970	0.2948	0.1560	0.1388	0.0317	0.0300	0.0017	0.2631	0.1260	0.1371
51	56	0.0462	2	2	0	1	0	0	0	1	0	1	1	1	1	0	0	0	0	0	0	Y	N	N	N	N	N	N	N	N	N	N	N	N	N	N	N	N	N	0.0000	0.0000	0.0000	inf	inf	0.0000	0.0000	0.0000	0.0000	0.0000	0.0000	0.0000	0.0001	0.0001	0.0000	0.0000	0.0000	0.0000	0.0220	0.0462	0.0000	0.0000	0.0000	0.0000	0.0226	0.0489	0.0000	0.0000	0.0000	-0.0000	-0.0022	11.0065	5.0004	2.0630	3.0004	0.0000	0.0000	0.0000	0.0000	0.0000	0.0000	0.0000	0.0000	0.0000	0.0038	0.0038	0.0000	0.0000	0.0000	0.0000	0.0038	0.0038	0.0000	0.5202	0.4304	0.0898	0.0030	0.0029	0.0001	0.5171	0.4274	0.0897	0.1716	0.0815	0.0901	0.0048	0.0045	0.0003	0.1668	0.0770	0.0898
51	63	0.1302	9	1	0	1	0	0	0	0	0	1	1	2	1	0	0	0	0	0	0	N	N	N	N	Y	N	N	N	N	N	N	N	N	N	N	N	N	N	0.0000	0.0000	0.0000	0.0000	0.0000	0.0000	0.0000	0.0000	0.0000	0.0000	0.0000	0.0000	0.0000	0.0000	0.0000	0.0000	0.0000	0.0000	0.0000	0.0000	0.0000	0.0000	0.0000	0.0000	0.0000	0.0000	0.0000			0.0000	0.0000	11.0065	1.0003	2.0630	0.7584	0.0000	0.0000	0.0000	0.0000	0.0000	0.0000	0.0000	0.0000	0.0000	0.0000	0.0000	0.0000	0.0000	0.0000	0.0000	0.0000	0.0000	0.0000	0.1265	0.1079	0.0186	0.0165	0.0161	0.0004	0.1100	0.0918	0.0182	0.0670	0.0426	0.0244	0.0225	0.0193	0.0032	0.0445	0.0233	0.0212
51	65	0.1315	9	1	0	0	0	0	0	0	0	1	2	1	2	0	0	0	0	0	0	N	N	N	N	N	Y	N	N	N	N	N	N	N	N	N	N	N	N	13.8288	inf	0.0000	0.0000	0.0000	0.0000	53.0295	inf	0.0000	0.0001	0.0001	0.0000	0.0000	0.0000	0.0000	0.0001	0.0002	0.0000	0.0000	0.0000	0.0000	0.0001	0.0000	0.0005	0.0000	0.0000	0.0000	0.0000	inf	-0.0000	0.0000	11.0065	0.0006	2.0630	2.0029	0.0000	0.0000	0.0000	0.0000	0.0000	0.0000	0.0000	0.0000	0.0000	0.0000	0.0000	0.0000	0.0000	0.0000	0.0000	0.0000	0.0000	0.0000	0.0001	0.0001	0.0000	0.0000	0.0000	0.0000	0.0001	0.0001	0.0000	0.0404	0.0202	0.0202	0.0031	0.0027	0.0004	0.0373	0.0175	0.0198
51	66	0.1315	10	1	0	0	0	0	0	0	0	1	2	1	2	0	0	0	0	0	0	N	N	N	N	N	Y	N	N	N	N	N	N	N	N	N	N	N	N	30.6102	78.5494	0.0000	13229.0057	inf	0.0000	0.0000	0.0000	0.0000	2.0221	2.4519	0.0000	39.9476	42.5699	0.0000	0.0000	0.0000	0.0000	0.0661	0.0312	0.0992	0.0030	0.0000	0.0211	0.0716	0.0363	0.1010	0.0000	3.3422	-0.3614	0.0032	11.0065	5.0001	2.0630	8.0020	1.0000	1.0000	0.0000	1.0000	1.0000	0.0000	0.0000	0.0000	0.0000	0.0164	0.0038	0.0126	0.0001	0.0000	0.0001	0.0163	0.0038	0.0125	0.4945	0.4078	0.0867	0.0250	0.0235	0.0015	0.4695	0.3844	0.0852	0.2478	0.1208	0.1270	0.0199	0.0170	0.0028	0.2279	0.1037	0.1242
51	69	0.1351	10	2	0	1	0	0	0	0	0	1	1	2	1	0	0	0	0	0	0	Y	N	N	N	Y	N	N	N	N	N	N	N	N	N	N	N	N	N	0.0000	0.0000	0.0000	0.0000	0.0000	0.0000	0.0000	0.0000	0.0000	0.0000	0.0000	0.0000	0.0000	0.0000	0.0000	0.0000	0.0000	0.0000	0.0000	0.0000	0.0000	0.0000	0.0000	0.0000	0.0000	0.0000	0.0000			0.0000	0.0000	11.0065	0.0000	2.0630	0.0000	0.0000	0.0000	0.0000	0.0000	0.0000	0.0000	0.0000	0.0000	0.0000	0.0000	0.0000	0.0000	0.0000	0.0000	0.0000	0.0000	0.0000	0.0000	0.0000	0.0000	0.0000	0.0000	0.0000	0.0000	0.0000	0.0000	0.0000	0.0000	0.0000	0.0000	0.0000	0.0000	0.0000	0.0000	0.0000	0.0000
51	70	0.1302	9	2	0	1	0	1	0	0	0	1	1	2	1	0	0	0	0	0	0	Y	N	N	N	Y	N	N	N	N	N	N	N	N	N	N	N	N	N	0.0000	0.0000	0.0000	0.0000	0.0000	0.0000	0.0000	0.0000	0.0000	0.0000	0.0000	0.0000	0.0000	0.0000	0.0000	0.0000	0.0000	0.0000	0.0000	0.0000	0.0000	0.0000	0.0000	0.0000	0.0000	0.0000	0.0000		inf	0.0000	0.0000	11.0065	0.9999	2.0630	0.6468	0.0000	0.0000	0.0000	0.0000	0.0000	0.0000	0.0000	0.0000	0.0000	0.0000	0.0000	0.0000	0.0000	0.0000	0.0000	0.0000	0.0000	0.0000	0.1265	0.1079	0.0186	0.0165	0.0161	0.0004	0.1100	0.0918	0.0182	0.0648	0.0415	0.0233	0.0224	0.0192	0.0032	0.0424	0.0223	0.0201
51	71	0.1198	8	1	0	1	0	0	0	1	0	2	1	2	1	0	0	0	0	0	0	N	N	N	N	Y	N	N	N	N	N	N	N	N	N	N	N	N	N	11.4383	0.0216	inf	0.0053	0.0049	0.0000	inf	inf	inf	0.0001	0.0000	0.0007	0.0000	0.0000	0.0000	0.0001	0.0000	0.0007	0.0000	0.0000	0.0000	0.0001	0.0001	0.0000	0.0000	0.0000	0.0000	307.7031	0.0002	0.0000	-0.0000	11.0065	1.5692	2.0630	1.6165	0.0000	0.0000	0.0000	0.0000	0.0000	0.0000	0.0000	0.0000	0.0000	0.0000	0.0000	0.0000	0.0000	0.0000	0.0000	0.0000	0.0000	0.0000	0.2312	0.2012	0.0300	0.0426	0.0419	0.0007	0.1886	0.1593	0.0293	0.0677	0.0344	0.0333	0.0059	0.0054	0.0006	0.0618	0.0290	0.0328
52	57	0.3264	6	2	0	1	0	1	0	1	0	0	0	0	0	0	0	0	0	0	0	Y	N	N	N	N	N	N	N	N	N	N	N	N	N	N	N	N	N	171.6875	111.4263	0.0263	181.1483	188.7559	0.0000	0.0656	2.0099	0.1231	0.3290	0.3935	0.0000	2.8926	3.1440	0.0000	0.0000	0.0000	0.0000	0.0019	0.0035	0.0000	0.0160	0.0167	0.0019	0.0000	0.0000	0.0000	0.0000	0.0073	-0.0075	-0.0001	6.1530	0.9943	9.3095	1.9980	0.0207	0.0207	0.0000	0.0207	0.0207	0.0000	0.0000	0.0000	0.0000	0.0001	0.0001	0.0000	0.0001	0.0001	0.0000	0.0000	0.0000	0.0000	0.0629	0.0526	0.0103	0.0072	0.0066	0.0006	0.0558	0.0460	0.0097	0.0725	0.0391	0.0334	0.0087	0.0083	0.0004	0.0638	0.0308	0.0330
52	58	0.3210	5	2	0	1	0	1	0	1	0	0	0	0	0	0	0	0	0	0	0	Y	N	N	N	N	N	N	N	N	N	N	N	N	N	N	N	N	N	9409.3541	5643.0840	inf	7532.1215	7595.8614	inf	inf	inf	inf	0.4960	0.5660	0.1292	3.8128	4.0705	1.0779	0.1112	0.1189	0.0731	0.0001	0.0001	0.0000	0.0005	0.0005	0.0000	0.0000	0.0000	0.0000	0.0436	0.0000	-0.0001	-0.0000	6.1530	0.0070	9.3095	1.9921	0.0002	0.0002	0.0000	0.0002	0.0002	0.0000	0.0000	0.0000	0.0000	0.0000	0.0000	0.0000	0.0000	0.0000	0.0000	0.0000	0.0000	0.0000	0.0004	0.0004	0.0001	0.0000	0.0000	0.0000	0.0004	0.0003	0.0001	0.0467	0.0246	0.0222	0.0049	0.0046	0.0003	0.0419	0.0200	0.0219
52	59	0.3210	4	2	0	1	0	2	0	1	0	0	0	0	0	0	0	0	0	0	0	Y	N	N	N	N	N	N	N	N	N	N	N	N	N	N	N	N	N	0.0000	0.0000	0.0000	0.0000	0.0000	0.0000	0.0000	0.0000	0.0000	0.0000	0.0000	0.0000	0.0000	0.0000	0.0000	0.0000	0.0000	0.0000	0.0000	0.0000	0.0000	0.0000	0.0000	0.0000	0.0000	0.0000	0.0000			0.0000	0.0000	6.1530	0.0000	9.3095	0.0000	0.0000	0.0000	0.0000	0.0000	0.0000	0.0000	0.0000	0.0000	0.0000	0.0000	0.0000	0.0000	0.0000	0.0000	0.0000	0.0000	0.0000	0.0000	0.0000	0.0000	0.0000	0.0000	0.0000	0.0000	0.0000	0.0000	0.0000	0.0000	0.0000	0.0000	0.0000	0.0000	0.0000	0.0000	0.0000	0.0000
57	69	0.1063	10	2	0	1	0	0	0	0	0	0	0	1	0	0	0	0	0	0	0	Y	N	N	N	N	N	N	N	N	N	N	N	N	N	N	N	N	N	0.0000	0.0000	0.0000	0.0000	0.0000	0.0000	0.0000	0.0000	0.0000	0.0000	0.0000	0.0000	0.0000	0.0000	0.0000	0.0000	0.0000	0.0000	0.0000	0.0000	0.0000	0.0000	0.0000	0.0000	0.0000	0.0000	0.0000			0.0000	0.0000	0.9943	0.0000	1.9980	0.0000	0.0000	0.0000	0.0000	0.0000	0.0000	0.0000	0.0000	0.0000	0.0000	0.0000	0.0000	0.0000	0.0000	0.0000	0.0000	0.0000	0.0000	0.0000	0.0000	0.0000	0.0000	0.0000	0.0000	0.0000	0.0000	0.0000	0.0000	0.0000	0.0000	0.0000	0.0000	0.0000	0.0000	0.0000	0.0000	0.0000
57	70	0.1014	9	2	0	1	0	1	0	0	0	0	0	1	0	0	0	0	0	0	0	Y	N	N	N	N	N	N	N	N	N	N	N	N	N	N	N	N	N	0.0114	0.0087	0.0000	0.0302	0.0266	0.0000	0.0000	0.0000	0.0000	0.0000	0.0000	0.0000	0.0001	0.0001	0.0000	0.0000	0.0000	0.0000	0.0012	0.0019	0.0000	0.0036	0.0041	0.0000	0.0000	0.0000	0.0000	0.0000	0.0001	-0.0000	-0.0000	0.9943	0.9999	1.9980	0.6468	0.0000	0.0000	0.0000	0.0000	0.0000	0.0000	0.0000	0.0000	0.0000	0.0000	0.0000	0.0000	0.0000	0.0000	0.0000	0.0000	0.0000	0.0000	0.0120	0.0102	0.0018	0.0016	0.0016	0.0000	0.0105	0.0087	0.0018	0.0158	0.0102	0.0056	0.0055	0.0047	0.0008	0.0103	0.0054	0.0049
58	69	0.0976	9	2	0	1	0	0	0	0	0	0	0	1	0	0	0	0	0	0	0	Y	N	N	N	N	N	N	N	N	N	N	N	N	N	N	N	N	N	0.0000	0.0000	0.0000	0.0000	0.0000	0.0000	0.0000	0.0000	0.0000	0.0000	0.0000	0.0000	0.0000	0.0000	0.0000	0.0000	0.0000	0.0000	0.0000	0.0000	0.0000	0.0000	0.0000	0.0000	0.0000	0.0000	0.0000			0.0000	0.0000	0.0070	0.0000	1.9921	0.0000	0.0000	0.0000	0.0000	0.0000	0.0000	0.0000	0.0000	0.0000	0.0000	0.0000	0.0000	0.0000	0.0000	0.0000	0.0000	0.0000	0.0000	0.0000	0.0000	0.0000	0.0000	0.0000	0.0000	0.0000	0.0000	0.0000	0.0000	0.0000	0.0000	0.0000	0.0000	0.0000	0.0000	0.0000	0.0000	0.0000
58	70	0.0927	8	2	0	1	0	1	0	0	0	0	0	1	0	0	0	0	0	0	0	Y	N	N	N	N	N	N	N	N	N	N	N	N	N	N	N	N	N	0.0000	0.0000	0.0000	0.0000	0.0000	0.0000	0.0000	0.0000	0.0000	0.0000	0.0000	0.0000	0.0000	0.0000	0.0000	0.0000	0.0000	0.0000	0.0000	0.0000	0.0000	0.0001	0.0001	0.0000	0.0000	0.0000	0.0000		0.0000	0.0000	-0.0000	0.0070	0.9999	1.9921	0.6468	0.0000	0.0000	0.0000	0.0000	0.0000	0.0000	0.0000	0.0000	0.0000	0.0000	0.0000	0.0000	0.0000	0.0000	0.0000	0.0000	0.0000	0.0000	0.0001	0.0001	0.0000	0.0000	0.0000	0.0000	0.0001	0.0001	0.0000	0.0103	0.0066	0.0037	0.0035	0.0030	0.0005	0.0068	0.0036	0.0032
59	69	0.0922	8	2	0	1	0	1	0	0	0	0	0	1	0	0	0	0	0	0	0	Y	N	N	N	N	N	N	N	N	N	N	N	N	N	N	N	N	N	0.0000	0.0000	0.0000	0.0000	0.0000	0.0000	0.0000	0.0000	0.0000	0.0000	0.0000	0.0000	0.0000	0.0000	0.0000	0.0000	0.0000	0.0000	0.0000	0.0000	0.0000	0.0000	0.0000	0.0000	0.0000	0.0000	0.0000			0.0000	0.0000	0.0000	0.0000	0.0000	0.0000	0.0000	0.0000	0.0000	0.0000	0.0000	0.0000	0.0000	0.0000	0.0000	0.0000	0.0000	0.0000	0.0000	0.0000	0.0000	0.0000	0.0000	0.0000	0.0000	0.0000	0.0000	0.0000	0.0000	0.0000	0.0000	0.0000	0.0000	0.0000	0.0000	0.0000	0.0000	0.0000	0.0000	0.0000	0.0000	0.0000
59	70	0.0874	7	2	0	1	0	2	0	0	0	0	0	1	0	0	0	0	0	0	0	Y	N	N	N	N	N	N	N	N	N	N	N	N	N	N	N	N	N	0.0000	0.0000	0.0000	0.0000	0.0000	0.0000	0.0000	0.0000	0.0000	0.0000	0.0000	0.0000	0.0000	0.0000	0.0000	0.0000	0.0000	0.0000	0.0000	0.0000	0.0000	0.0000	0.0000	0.0000	0.0000	0.0000	0.0000			0.0000	0.0000	0.0000	0.9999	0.0000	0.6468	0.0000	0.0000	0.0000	0.0000	0.0000	0.0000	0.0000	0.0000	0.0000	0.0000	0.0000	0.0000	0.0000	0.0000	0.0000	0.0000	0.0000	0.0000	0.0000	0.0000	0.0000	0.0000	0.0000	0.0000	0.0000	0.0000	0.0000	0.0000	0.0000	0.0000	0.0000	0.0000	0.0000	0.0000	0.0000	0.0000
65	66	0.0058	2	0	0	0	0	0	0	0	0	0	2	0	2	0	0	0	0	0	0	N	N	N	N	N	Y	N	N	N	N	N	N	N	N	N	N	N	N	10.1650	5.4838	6.6715	0.2638	0.2637	0.0000	2.1562	0.0000	6.6715	0.6215	0.7280	0.0012	3.7861	3.7861	0.0000	0.0002	0.0000	0.0012	0.0611	0.1328	0.0002	14.3503	14.3578	0.0000	0.0001	0.0000	0.0002	0.0003	0.0015	-0.0000	-0.0015	0.0006	5.0001	2.0029	8.0020	0.0000	0.0000	0.0000	0.0000	0.0000	0.0000	0.0000	0.0000	0.0000	0.0027	0.0027	0.0000	0.0027	0.0027	0.0000	0.0000	0.0000	0.0000	0.0000	0.0000	0.0000	0.0000	0.0000	0.0000	0.0000	0.0000	0.0000	0.0435	0.0200	0.0235	0.0002	0.0002	0.0000	0.0433	0.0198	0.0235
