branch_id_1	branch_id_2	dist_bl	dist_node_num	branch_num_fg_beak	branch_num_fg_fork	branch_num_fg_pink	branch_num_fg_red	branch_num_fg_stem_beak	branch_num_fg_stem_fork	branch_num_fg_stem_pink	branch_num_fg_stem_red	branch_num_fg_stem_tube	branch_num_fg_stem_yellow	branch_num_fg_tube	branch_num_fg_yellow	branch_num_mg_beak	branch_num_mg_fork	branch_num_mg_pink	branch_num_mg_red	branch_num_mg_tube	branch_num_mg_yellow	is_fg_beak	is_fg_fork	is_fg_pink	is_fg_red	is_fg_tube	is_fg_yellow	is_mf_beak	is_mf_fork	is_mf_pink	is_mf_red	is_mf_tube	is_mf_yellow	is_mg_beak	is_mg_fork	is_mg_pink	is_mg_red	is_mg_tube	is_mg_yellow	omegaCany2any	omegaCany2dif	omegaCany2spe	omegaCdif2any	omegaCdif2dif	omegaCdif2spe	omegaCspe2any	omegaCspe2dif	omegaCspe2spe	dNCany2any	dNCany2dif	dNCany2spe	dNCdif2any	dNCdif2dif	dNCdif2spe	dNCspe2any	dNCspe2dif	dNCspe2spe	dSCany2any	dSCany2dif	dSCany2spe	dSCdif2any	dSCdif2dif	dSCdif2spe	dSCspe2any	dSCspe2dif	dSCspe2spe	OCNCoD	OCSCoD	OCN_linreg_residual	OCS_linreg_residual	N_sub_1	N_sub_2	S_sub_1	S_sub_2	OCNany2any	OCNany2dif	OCNany2spe	OCNdif2any	OCNdif2dif	OCNdif2spe	OCNspe2any	OCNspe2dif	OCNspe2spe	OCSany2any	OCSany2dif	OCSany2spe	OCSdif2any	OCSdif2dif	OCSdif2spe	OCSspe2any	OCSspe2dif	OCSspe2spe	ECNany2any	ECNany2dif	ECNany2spe	ECNdif2any	ECNdif2dif	ECNdif2spe	ECNspe2any	ECNspe2dif	ECNspe2spe	ECSany2any	ECSany2dif	ECSany2spe	ECSdif2any	ECSdif2dif	ECSdif2spe	ECSspe2any	ECSspe2dif	ECSspe2spe
0	3	0.1468	20	2	1	1	0	0	1	0	0	1	0	2	1	0	0	0	0	0	0	Y	N	N	N	Y	N	N	N	N	N	N	N	N	N	N	N	N	N	0.0000	0.0000	0.0000	0.0000	0.0000	0.0000	0.0000	0.0000	0.0000	0.0000	0.0000	0.0000	0.0000	0.0000	0.0000	0.0000	0.0000	0.0000	0.0003	0.0006	0.0000	0.0016	0.0018	0.0000	0.0000	0.0000	0.0000		0.0000	0.0000	-0.0000	3.9980	0.0000	11.1344	2.0092	0.0000	0.0000	0.0000	0.0000	0.0000	0.0000	0.0000	0.0000	0.0000	0.0000	0.0000	0.0000	0.0000	0.0000	0.0000	0.0000	0.0000	0.0000	0.0000	0.0000	0.0000	0.0000	0.0000	0.0000	0.0000	0.0000	0.0000	0.0294	0.0155	0.0139	0.0063	0.0055	0.0008	0.0231	0.0100	0.0131
0	7	0.1468	20	2	0	1	0	0	0	0	0	1	0	2	1	0	0	0	0	0	0	Y	N	N	N	Y	N	N	N	N	N	N	N	N	N	N	N	N	N	0.0000	0.0000	0.0000	0.0000	0.0000	0.0000	0.0000	0.0000	0.0000	0.0000	0.0000	0.0000	0.0000	0.0000	0.0000	0.0000	0.0000	0.0000	0.0000	0.0000	0.0000	0.0000	0.0000	0.0001	0.0000	0.0000	0.0000		inf	0.0000	0.0000	3.9980	0.0000	11.1344	0.9946	0.0000	0.0000	0.0000	0.0000	0.0000	0.0000	0.0000	0.0000	0.0000	0.0000	0.0000	0.0000	0.0000	0.0000	0.0000	0.0000	0.0000	0.0000	0.0000	0.0000	0.0000	0.0000	0.0000	0.0000	0.0000	0.0000	0.0000	0.0149	0.0079	0.0070	0.0033	0.0029	0.0004	0.0116	0.0050	0.0067
0	8	0.1420	19	2	0	1	0	0	0	0	0	1	0	2	1	0	0	0	0	0	0	Y	N	N	N	Y	N	N	N	N	N	N	N	N	N	N	N	N	N	0.0000	0.0000	0.0000	0.0000	0.0000	0.0000	0.0000	0.0000	0.0000	0.0000	0.0000	0.0000	0.0000	0.0000	0.0000	0.0000	0.0000	0.0000	0.0000	0.0000	0.0000	0.0000	0.0000	0.0000	0.0000	0.0000	0.0000		0.0191	0.0000	-0.0000	3.9980	0.0000	11.1344	3.0112	0.0000	0.0000	0.0000	0.0000	0.0000	0.0000	0.0000	0.0000	0.0000	0.0000	0.0000	0.0000	0.0000	0.0000	0.0000	0.0000	0.0000	0.0000	0.0000	0.0000	0.0000	0.0000	0.0000	0.0000	0.0000	0.0000	0.0000	0.0430	0.0224	0.0206	0.0086	0.0075	0.0012	0.0344	0.0150	0.0194
0	10	0.1420	19	2	1	1	0	0	1	0	0	1	0	2	1	0	0	0	0	0	0	Y	N	N	N	Y	N	N	N	N	N	N	N	N	N	N	N	N	N	0.0000	0.0000	0.0000	0.0000	0.0000	0.0000	0.0000	0.0000	0.0000	0.0000	0.0000	0.0000	0.0000	0.0000	0.0000	0.0000	0.0000	0.0000	0.0000	0.0000	0.0000	0.0000	0.0000	0.0000	0.0000	0.0000	0.0000			0.0000	0.0000	3.9980	0.0000	11.1344	0.0003	0.0000	0.0000	0.0000	0.0000	0.0000	0.0000	0.0000	0.0000	0.0000	0.0000	0.0000	0.0000	0.0000	0.0000	0.0000	0.0000	0.0000	0.0000	0.0000	0.0000	0.0000	0.0000	0.0000	0.0000	0.0000	0.0000	0.0000	0.0000	0.0000	0.0000	0.0000	0.0000	0.0000	0.0000	0.0000	0.0000
0	11	0.1301	18	2	0	1	0	0	0	0	0	1	0	2	1	0	0	0	0	0	0	Y	N	N	N	Y	N	N	N	N	N	N	N	N	N	N	N	N	N	0.0000	0.0000	0.0000	0.0000	0.0000	0.0000	0.0000	0.0000	0.0000	0.0000	0.0000	0.0000	0.0000	0.0000	0.0000	0.0000	0.0000	0.0000	0.0009	0.0002	0.0017	0.0031	0.0005	0.0320	0.0001	0.0000	0.0002		6.1771	0.0000	0.0000	3.9980	1.9982	11.1344	5.4332	0.0000	0.0000	0.0000	0.0000	0.0000	0.0000	0.0000	0.0000	0.0000	0.0001	0.0000	0.0001	0.0001	0.0000	0.0001	0.0000	0.0000	0.0000	0.0547	0.0471	0.0076	0.0011	0.0010	0.0001	0.0536	0.0461	0.0075	0.1322	0.0727	0.0595	0.0328	0.0301	0.0027	0.0995	0.0426	0.0568
0	13	0.0838	9	2	0	1	0	0	0	0	0	1	1	1	1	0	0	0	0	0	0	Y	N	N	N	N	N	N	N	N	N	N	N	N	N	N	N	N	N	37.8415	333.0189	0.0000	10.9124	10.1281	0.0000	31.7267	24349.3463	0.0000	18.1929	21.1624	0.0000	1.6834	1.8197	0.0000	18.2808	21.2734	0.0000	0.4808	0.0635	0.9198	0.1543	0.1797	0.0559	0.5762	0.0009	1.0109	0.0000	13.7542	-0.5828	0.0441	3.9980	2.0000	11.1344	12.5972	0.9994	0.9994	0.0000	0.0005	0.0005	0.0000	0.9989	0.9989	0.0000	0.1148	0.0078	0.1070	0.0083	0.0077	0.0006	0.1065	0.0001	0.1064	0.0549	0.0472	0.0077	0.0003	0.0003	0.0000	0.0546	0.0470	0.0077	0.2388	0.1224	0.1163	0.0540	0.0429	0.0111	0.1848	0.0795	0.1053
0	25	0.1340	16	2	0	1	1	0	0	0	1	1	0	2	1	0	0	0	0	0	0	Y	N	N	N	Y	N	N	N	N	N	N	N	N	N	N	N	N	N	122307.5922	79793.7393	0.0000	42.7662	39.9178	0.0000	2435010.8838	inf	0.0000	36.1114	41.9956	0.0000	0.0499	0.0531	0.0000	36.3740	42.3301	0.0000	0.0003	0.0005	0.0000	0.0012	0.0013	0.0000	0.0000	0.0000	0.0000	0.0000	0.0398	-0.5831	-0.0000	3.9980	0.9999	11.1344	1.0788	0.9998	0.9998	0.0000	0.0000	0.0000	0.0000	0.9998	0.9998	0.0000	0.0000	0.0000	0.0000	0.0000	0.0000	0.0000	0.0000	0.0000	0.0000	0.0277	0.0238	0.0039	0.0002	0.0002	0.0000	0.0275	0.0236	0.0039	0.0350	0.0189	0.0161	0.0085	0.0075	0.0010	0.0265	0.0114	0.0151
0	42	0.0745	6	2	0	1	0	0	0	0	0	1	1	1	1	0	0	0	0	0	0	Y	N	N	N	N	N	N	N	N	N	N	N	N	N	N	N	N	N	0.0000	0.0000	0.0000	0.0000	0.0000	0.0000	0.0000	0.0000	0.0000	0.0000	0.0000	0.0000	0.0000	0.0000	0.0000	0.0000	0.0000	0.0000	17.5829	24.6545	0.0000	44.0894	44.6275	0.0000	0.0000	0.0000	0.0000		0.0000	0.0000	-0.0006	3.9980	0.0000	11.1344	0.0011	0.0000	0.0000	0.0000	0.0000	0.0000	0.0000	0.0000	0.0000	0.0000	0.0011	0.0011	0.0000	0.0011	0.0011	0.0000	0.0000	0.0000	0.0000	0.0000	0.0000	0.0000	0.0000	0.0000	0.0000	0.0000	0.0000	0.0000	0.0001	0.0000	0.0000	0.0000	0.0000	0.0000	0.0000	0.0000	0.0000
0	44	0.1181	17	2	0	1	1	0	0	0	0	1	0	2	1	0	0	0	0	0	0	Y	N	N	N	Y	N	N	N	N	N	N	N	N	N	N	N	N	N	1.2332	0.0000	8.4014	0.0097	0.0000	62.8043	2.0843	0.0000	8.1838	5.2070	0.0000	37.4673	0.1026	0.0000	0.9750	5.4177	0.0000	38.5971	4.2222	4.0163	4.4597	10.5811	12.0861	0.0155	2.5994	0.0001	4.7163	inf	0.9629	0.4250	-0.1175	3.9980	7.0030	11.1344	25.8862	1.0195	0.0000	1.0195	0.0008	0.0000	0.0008	1.0187	0.0000	1.0187	2.0363	1.0374	0.9989	1.0376	1.0374	0.0002	0.9987	0.0000	0.9987	0.1958	0.1686	0.0272	0.0078	0.0069	0.0008	0.1880	0.1616	0.0264	0.4823	0.2583	0.2240	0.0981	0.0858	0.0122	0.3842	0.1725	0.2118
0	48	0.1181	17	2	0	1	1	0	0	0	0	1	0	2	1	0	0	0	0	0	0	Y	N	N	N	Y	N	N	N	N	N	N	N	N	N	N	N	N	N	20.0410	1.6669	96.8727	0.5082	0.5505	0.0000	29.0084	7648.4419	105.7402	0.3473	0.0198	2.3786	0.0146	0.0165	0.0000	0.3935	0.0203	2.6407	0.0173	0.0119	0.0246	0.0287	0.0299	0.0169	0.0136	0.0000	0.0250	19.3914	1.5656	0.0071	0.0002	3.9980	1.7572	11.1344	7.6758	0.0193	0.0009	0.0183	0.0001	0.0001	0.0000	0.0192	0.0008	0.0183	0.0030	0.0012	0.0018	0.0012	0.0012	0.0001	0.0018	0.0000	0.0018	0.0554	0.0477	0.0077	0.0068	0.0060	0.0008	0.0487	0.0417	0.0069	0.1734	0.0987	0.0747	0.0430	0.0391	0.0039	0.1304	0.0595	0.0708
0	49	0.1092	16	2	0	1	1	0	0	0	1	1	0	2	1	0	0	0	0	0	0	Y	N	N	N	Y	N	N	N	N	N	N	N	N	N	N	N	N	N	788.0120	0.2387	10118.5564	0.9359	0.8917	20.4875	2359.3198	5.5690	9649.7741	28.0368	0.0114	200.1647	0.1074	0.1129	0.0027	28.2991	0.0103	200.8367	0.0356	0.0477	0.0198	0.1148	0.1267	0.0001	0.0120	0.0019	0.0208	2863.3592	0.3178	0.4074	-0.0013	3.9980	1.2605	11.1344	5.3560	0.9781	0.0003	0.9777	0.0000	0.0000	0.0000	0.9780	0.0003	0.9777	0.0043	0.0032	0.0010	0.0032	0.0032	0.0000	0.0011	0.0001	0.0010	0.0349	0.0300	0.0049	0.0003	0.0003	0.0000	0.0346	0.0297	0.0049	0.1200	0.0680	0.0521	0.0275	0.0250	0.0026	0.0925	0.0430	0.0495
0	50	0.1092	16	2	0	1	0	0	0	0	0	1	0	2	1	0	0	0	0	0	0	Y	N	N	N	Y	N	N	N	N	N	N	N	N	N	N	N	N	N	460.7702	644.8916	0.0000	19434.9072	20607.6783	0.0000	0.0000	0.0000	0.0000	0.0680	0.0791	0.0000	6.8181	7.1589	0.0000	0.0000	0.0000	0.0000	0.0001	0.0001	0.0002	0.0004	0.0003	0.0004	0.0001	0.0000	0.0002	0.0000	1.1667	-0.0011	-0.0000	3.9980	1.0001	11.1344	7.4568	0.0019	0.0019	0.0000	0.0019	0.0019	0.0000	0.0000	0.0000	0.0000	0.0000	0.0000	0.0000	0.0000	0.0000	0.0000	0.0000	0.0000	0.0000	0.0277	0.0239	0.0039	0.0003	0.0003	0.0000	0.0275	0.0236	0.0039	0.1466	0.0815	0.0652	0.0320	0.0287	0.0033	0.1146	0.0527	0.0619
0	51	0.1047	15	2	0	1	0	0	0	0	0	1	1	2	1	0	0	0	0	0	0	Y	N	N	N	Y	N	N	N	N	N	N	N	N	N	N	N	N	N	23942.6791	216.9750	147811.8028	275.7865	552.7375	0.0000	530675.5395	inf	2237031.0964	7.0154	0.0421	70.8805	0.1928	0.1932	0.0000	8.6302	0.0015	71.1860	0.0003	0.0002	0.0005	0.0007	0.0003	0.0036	0.0000	0.0000	0.0000	183.9533	1.3140	0.0008	0.0000	3.9980	0.0061	11.1344	2.7591	0.0019	0.0000	0.0019	0.0000	0.0000	0.0000	0.0019	0.0000	0.0019	0.0000	0.0000	0.0000	0.0000	0.0000	0.0000	0.0000	0.0000	0.0000	0.0003	0.0002	0.0000	0.0001	0.0001	0.0000	0.0002	0.0002	0.0000	0.0921	0.0602	0.0320	0.0374	0.0334	0.0040	0.0548	0.0268	0.0280
0	52	0.0594	7	2	0	1	0	0	0	0	0	1	1	1	1	0	0	0	0	0	0	Y	N	N	N	N	N	N	N	N	N	N	N	N	N	N	N	N	N	0.0737	0.0041	41211.5944	0.0605	0.0590	0.0000	11229.6337	0.0000	261066.1916	0.0039	0.0004	0.0256	0.0234	0.0245	0.0000	0.0036	0.0000	0.0257	0.0534	0.1042	0.0000	0.3876	0.4151	0.0000	0.0000	0.0000	0.0000	9.7544	0.0000	0.0000	-0.0041	3.9980	1.0020	11.1344	7.2599	0.0001	0.0000	0.0001	0.0000	0.0000	0.0000	0.0001	0.0000	0.0001	0.0075	0.0075	0.0000	0.0075	0.0075	0.0000	0.0000	0.0000	0.0000	0.0280	0.0241	0.0039	0.0004	0.0004	0.0000	0.0276	0.0237	0.0039	0.1402	0.0718	0.0683	0.0193	0.0180	0.0013	0.1209	0.0538	0.0671
0	53	0.0397	6	2	0	1	0	1	0	0	0	1	0	1	0	0	0	0	0	0	0	Y	N	N	N	N	N	N	N	N	N	N	N	N	N	N	N	N	N	790.2418	8.6986	805524.1348	72.2378	71.8358	4.4740	206544.1830	2083015.9008	801575.8498	12.0596	0.2590	85.2249	9.2895	9.7453	0.0000	12.1169	0.0412	85.8110	0.0153	0.0298	0.0001	0.1286	0.1357	0.0000	0.0001	0.0000	0.0001	53.0647	0.0034	0.4058	-0.0016	3.9980	3.0050	11.1344	8.3063	1.0187	0.0188	0.9999	0.0159	0.0159	0.0000	1.0028	0.0029	0.9999	0.0030	0.0030	0.0000	0.0030	0.0030	0.0000	0.0000	0.0000	0.0000	0.0845	0.0727	0.0117	0.0017	0.0016	0.0001	0.0828	0.0711	0.0117	0.1979	0.1011	0.0968	0.0234	0.0222	0.0012	0.1745	0.0789	0.0956
0	56	0.0499	5	2	0	1	0	0	0	0	0	1	0	1	0	0	0	0	0	0	0	Y	N	N	N	N	N	N	N	N	N	N	N	N	N	N	N	N	N	735.6634	252.9197	9137.4747	2463.9588	2369.9789	0.0000	2306.2246	1022668.7114	9036.0018	24.1403	13.9621	87.9751	555.7049	587.4507	0.0000	12.4161	0.0593	88.7276	0.0328	0.0552	0.0096	0.2255	0.2479	0.0015	0.0054	0.0000	0.0098	1.0047	0.1684	-0.1636	-0.0031	3.9980	2.9988	11.1344	11.1255	1.9951	0.9953	0.9999	0.9911	0.9911	0.0000	1.0040	0.0041	0.9999	0.0076	0.0065	0.0011	0.0065	0.0065	0.0000	0.0011	0.0000	0.0011	0.0826	0.0713	0.0114	0.0018	0.0017	0.0001	0.0809	0.0696	0.0113	0.2310	0.1175	0.1135	0.0288	0.0262	0.0026	0.2022	0.0913	0.1109
0	70	0.1119	16	2	0	1	0	0	0	0	0	1	1	2	1	0	0	0	0	0	0	Y	N	N	N	Y	N	N	N	N	N	N	N	N	N	N	N	N	N	0.3371	0.2114	0.0000	0.0000	0.0000	0.0000	1711.4607	890.9380	0.0000	0.0143	0.0162	0.0000	0.0000	0.0000	0.0000	0.0168	0.0193	0.0000	0.0425	0.0765	0.0000	0.1672	0.1850	0.0001	0.0000	0.0000	0.0000	0.0000	0.0000	-0.0007	-0.0042	3.9980	2.3581	11.1344	7.4584	0.0012	0.0012	0.0000	0.0000	0.0000	0.0000	0.0012	0.0012	0.0000	0.0077	0.0077	0.0000	0.0077	0.0077	0.0000	0.0000	0.0000	0.0000	0.0816	0.0723	0.0093	0.0119	0.0117	0.0002	0.0697	0.0605	0.0091	0.1813	0.1007	0.0806	0.0461	0.0416	0.0044	0.1352	0.0590	0.0762
0	71	0.1047	15	2	0	1	0	0	0	0	0	1	0	2	0	0	0	0	0	0	0	Y	N	N	N	Y	N	N	N	N	N	N	N	N	N	N	N	N	N	0.0070	0.0050	0.0000	0.2783	0.2632	0.0000	0.0532	0.0443	0.0000	0.0002	0.0003	0.0000	0.0267	0.0283	0.0000	0.0000	0.0000	0.0000	0.0322	0.0525	0.0004	0.0958	0.1075	0.0019	0.0004	0.0005	0.0002	0.0000	0.0048	-0.0000	-0.0023	3.9980	1.7590	11.1344	3.5356	0.0000	0.0000	0.0000	0.0000	0.0000	0.0000	0.0000	0.0000	0.0000	0.0042	0.0041	0.0000	0.0041	0.0041	0.0000	0.0000	0.0000	0.0000	0.0484	0.0417	0.0068	0.0004	0.0004	0.0000	0.0481	0.0413	0.0068	0.1291	0.0787	0.0503	0.0430	0.0383	0.0048	0.0860	0.0405	0.0456
0	72	0.1013	14	2	0	1	0	0	0	0	0	2	0	2	0	0	0	0	0	0	0	Y	N	N	N	Y	N	N	N	N	N	N	N	N	N	N	N	N	N	0.8523	0.1210	4.2605	0.0000	0.0000	0.0000	143.1390	inf	665.0314	0.0787	0.0001	0.8063	0.0000	0.0000	0.0000	0.0975	0.0001	0.8086	0.0924	0.0008	0.1893	0.5377	0.0029	4.3368	0.0007	0.0000	0.0012	852.8034	211.6547	0.0000	0.0015	3.9980	0.0029	11.1344	2.4186	0.0000	0.0000	0.0000	0.0000	0.0000	0.0000	0.0000	0.0000	0.0000	0.0034	0.0000	0.0034	0.0034	0.0000	0.0034	0.0000	0.0000	0.0000	0.0001	0.0001	0.0000	0.0000	0.0000	0.0000	0.0001	0.0001	0.0000	0.0373	0.0192	0.0181	0.0064	0.0056	0.0008	0.0310	0.0136	0.0173
0	78	0.0499	5	2	0	1	0	0	0	0	0	1	1	1	1	0	0	0	0	0	0	Y	N	N	N	N	N	N	N	N	N	N	N	N	N	N	N	N	N	2.1800	270.6971	0.0000	99.8808	96.0028	0.0000	0.9807	10878843.4034	0.0000	10.6792	11.6703	0.0000	17.0491	17.9448	0.0000	5.4898	6.1923	0.0000	4.8987	0.0431	9.9571	0.1707	0.1869	0.0001	5.5981	0.0000	10.1899	0.0000	221.6990	-0.0076	0.4452	3.9980	0.0166	11.1344	12.2009	0.0130	0.0130	0.0000	0.0093	0.0093	0.0000	0.0037	0.0037	0.0000	0.9953	0.0045	0.9909	0.0045	0.0045	0.0000	0.9909	0.0000	0.9909	0.0012	0.0011	0.0001	0.0005	0.0005	0.0000	0.0007	0.0006	0.0001	0.2032	0.1037	0.0995	0.0262	0.0239	0.0023	0.1770	0.0798	0.0972
0	79	0.0356	4	2	0	1	0	1	0	0	0	1	0	1	0	0	0	0	0	0	0	Y	N	N	N	N	N	N	N	N	N	N	N	N	N	N	N	N	N	23.0130	1546.2235	2.9252	6301.3162	5689.2095	inf	5.3057	1733.3600	0.2148	1.0740	1.2045	0.2609	30.9984	31.4021	23.8093	0.2620	0.3017	0.0194	0.0467	0.0008	0.0892	0.0049	0.0055	0.0000	0.0494	0.0002	0.0904	0.0348	123.5465	-0.0173	0.0029	3.9980	1.0285	11.1344	7.9781	0.0315	0.0304	0.0011	0.0240	0.0230	0.0010	0.0075	0.0074	0.0001	0.0065	0.0001	0.0065	0.0000	0.0000	0.0000	0.0065	0.0000	0.0065	0.0293	0.0252	0.0041	0.0008	0.0007	0.0000	0.0285	0.0245	0.0040	0.1396	0.0671	0.0725	0.0085	0.0076	0.0009	0.1311	0.0596	0.0715
0	84	0.0744	11	2	0	1	0	0	0	0	0	1	0	1	0	0	0	0	0	0	0	Y	N	N	N	N	N	N	N	N	N	N	N	N	N	N	N	N	N	0.0000	0.0000	0.0000	0.0000	0.0000	0.0000	0.0000	0.0000	0.0000	0.0000	0.0000	0.0000	0.0000	0.0000	0.0000	0.0000	0.0000	0.0000	3.4140	6.4934	0.0001	0.0598	0.0659	0.0001	4.0916	9.1142	0.0001		0.0000	0.0000	-0.5470	3.9980	2.9998	11.1344	15.4389	0.0000	0.0000	0.0000	0.0000	0.0000	0.0000	0.0000	0.0000	0.0000	0.9976	0.9976	0.0000	0.0029	0.0029	0.0000	0.9947	0.9947	0.0000	0.0821	0.0706	0.0115	0.0006	0.0005	0.0000	0.0815	0.0701	0.0114	0.2922	0.1536	0.1386	0.0491	0.0445	0.0046	0.2431	0.1091	0.1340
0	85	0.4474	14	1	0	1	0	0	0	0	0	2	0	2	0	0	0	0	0	0	0	N	N	N	N	Y	N	N	N	N	N	N	N	N	N	N	N	N	N	0.7899	0.8425	0.0000	0.1391	0.1510	0.0000	1.2648	1.3721	0.0000	1.2799	1.4712	0.0000	0.2932	0.3067	0.0000	1.4209	1.6566	0.0000	1.6203	1.7462	1.3787	2.1084	2.0311	2.5552	1.1234	1.2074	1.0521	0.0000	0.4115	-0.5858	-1.0907	3.9980	26.8363	11.1344	143.7566	1.0045	1.0045	0.0000	0.0288	0.0288	0.0000	0.9757	0.9757	0.0000	4.2485	3.0099	1.2385	2.7889	2.2902	0.4988	1.4595	0.7197	0.7398	0.7848	0.6828	0.1020	0.0981	0.0938	0.0043	0.6867	0.5890	0.0977	2.6220	1.7237	0.8983	1.3228	1.1276	0.1952	1.2992	0.5961	0.7031
0	88	0.1156	17	2	0	1	0	0	0	0	0	1	0	2	1	0	0	0	0	0	0	Y	N	N	N	Y	N	N	N	N	N	N	N	N	N	N	N	N	N	0.0013	0.0032	0.0000	0.0514	0.0506	0.0000	0.0000	0.0000	0.0000	0.0000	0.0000	0.0000	0.0011	0.0012	0.0000	0.0000	0.0000	0.0000	0.0220	0.0104	0.0374	0.0217	0.0228	0.0087	0.0221	0.0000	0.0389	0.0000	2.6836	-0.0000	0.0008	3.9980	1.0173	11.1344	8.6136	0.0000	0.0000	0.0000	0.0000	0.0000	0.0000	0.0000	0.0000	0.0000	0.0043	0.0012	0.0031	0.0012	0.0012	0.0000	0.0031	0.0000	0.0031	0.0287	0.0247	0.0040	0.0007	0.0007	0.0000	0.0280	0.0240	0.0040	0.1965	0.1125	0.0840	0.0557	0.0514	0.0043	0.1408	0.0611	0.0798
0	90	0.1156	17	2	0	1	0	0	0	0	0	1	0	2	1	0	0	0	0	0	0	Y	N	N	N	Y	N	N	N	N	N	N	N	N	N	N	N	N	N	2.2241	112.1295	0.0000	0.0000	0.0000	0.0000	529.5832	808608.5454	0.0000	0.0209	0.0243	0.0000	0.0000	0.0000	0.0000	0.0213	0.0248	0.0000	0.0094	0.0002	0.0210	0.0359	0.0005	0.4085	0.0000	0.0000	0.0001	0.0000	76.6016	-0.0007	0.0010	3.9980	2.0138	11.1344	11.8132	0.0012	0.0012	0.0000	0.0000	0.0000	0.0000	0.0012	0.0012	0.0000	0.0024	0.0000	0.0024	0.0024	0.0000	0.0023	0.0000	0.0000	0.0000	0.0560	0.0482	0.0078	0.0011	0.0011	0.0000	0.0549	0.0471	0.0078	0.2541	0.1420	0.1120	0.0663	0.0606	0.0057	0.1877	0.0815	0.1063
0	91	0.1071	16	2	0	1	0	0	0	0	0	2	1	2	1	0	0	0	0	0	0	Y	N	N	N	Y	N	N	N	N	N	N	N	N	N	N	N	N	N	0.0013	0.0017	0.0000	0.0000	0.0000	0.0000	0.0848	0.8490	0.0000	0.0000	0.0000	0.0000	0.0000	0.0000	0.0000	0.0000	0.0000	0.0000	0.0115	0.0099	0.0137	0.0406	0.0221	0.2495	0.0002	0.0000	0.0003	0.0000	1.0159	-0.0000	-0.0001	3.9980	1.9725	11.1344	4.2763	0.0000	0.0000	0.0000	0.0000	0.0000	0.0000	0.0000	0.0000	0.0000	0.0015	0.0007	0.0008	0.0015	0.0007	0.0007	0.0000	0.0000	0.0000	0.0549	0.0472	0.0077	0.0008	0.0007	0.0000	0.0542	0.0465	0.0077	0.1307	0.0752	0.0555	0.0367	0.0337	0.0030	0.0940	0.0414	0.0526
0	98	0.1371	17	2	0	1	1	0	0	0	1	1	0	2	1	0	0	0	0	0	0	Y	N	N	N	Y	N	N	N	N	N	N	N	N	N	N	N	N	N	13517637.3349	0.0000	inf	12972.2218	0.0000	inf	inf	0.0000	inf	12.1295	0.0000	86.7286	0.0508	0.0000	0.8586	12.2165	0.0000	86.9896	0.0000	0.0000	0.0000	0.0000	0.0000	0.0000	0.0000	0.0000	0.0000	inf	0.0000	0.4168	-0.0000	3.9980	2.9999	11.1344	3.9821	0.9999	0.0000	0.9999	0.0000	0.0000	0.0000	0.9999	0.0000	0.9999	0.0000	0.0000	0.0000	0.0000	0.0000	0.0000	0.0000	0.0000	0.0000	0.0824	0.0709	0.0115	0.0006	0.0006	0.0000	0.0818	0.0704	0.0115	0.1089	0.0578	0.0511	0.0249	0.0215	0.0034	0.0840	0.0363	0.0477
0	99	0.1340	16	2	0	1	0	0	0	0	0	1	0	2	1	0	0	0	0	0	0	Y	N	N	N	Y	N	N	N	N	N	N	N	N	N	N	N	N	N	25853.9220	14063.9074	2808565.5708	20333.3442	18599.4697	inf	1558213.3069	inf	2885182.8269	14.6088	14.6661	14.1120	47.0273	48.9672	0.0221	4.7634	3.2601	15.4919	0.0006	0.0010	0.0000	0.0023	0.0026	0.0000	0.0000	0.0000	0.0000	0.1111	0.0041	-0.0001	-0.0000	3.9980	0.0003	11.1344	2.0601	0.0002	0.0002	0.0000	0.0001	0.0001	0.0000	0.0001	0.0000	0.0000	0.0000	0.0000	0.0000	0.0000	0.0000	0.0000	0.0000	0.0000	0.0000	0.0000	0.0000	0.0000	0.0000	0.0000	0.0000	0.0000	0.0000	0.0000	0.0347	0.0187	0.0160	0.0084	0.0074	0.0010	0.0262	0.0113	0.0149
0	100	0.1141	15	2	0	1	0	0	0	0	0	2	1	2	1	0	0	0	0	0	0	Y	N	N	N	Y	N	N	N	N	N	N	N	N	N	N	N	N	N	0.8817	0.5475	0.6752	18.1173	16.8496	0.0000	20.7139	9492.1344	0.6380	0.0650	0.0754	0.0009	5.8389	6.1886	0.0000	0.0162	0.0187	0.0009	0.0737	0.1377	0.0013	0.3223	0.3673	0.0000	0.0008	0.0000	0.0014	0.0019	0.0083	-0.0031	-0.0078	3.9980	3.0014	11.1344	9.1620	0.0054	0.0053	0.0000	0.0040	0.0040	0.0000	0.0013	0.0013	0.0000	0.0144	0.0143	0.0001	0.0143	0.0143	0.0000	0.0001	0.0000	0.0001	0.0824	0.0708	0.0115	0.0007	0.0007	0.0000	0.0817	0.0702	0.0115	0.1956	0.1038	0.0918	0.0443	0.0389	0.0054	0.1512	0.0649	0.0864
0	101	0.1013	14	2	0	1	0	0	0	0	0	1	0	1	0	0	0	0	0	0	0	Y	N	N	N	N	N	N	N	N	N	N	N	N	N	N	N	N	N	29.7515	0.0039	566.0755	0.0000	0.0000	0.0000	127.0169	1.9447	543.3422	15.4935	0.0031	129.6752	0.0000	0.0000	0.0000	17.1659	0.0035	130.0684	0.5208	0.8011	0.2291	2.4803	2.8462	0.0004	0.1351	0.0018	0.2394	5648.0751	0.2748	0.0017	-0.0209	3.9980	0.0077	11.1344	8.0757	0.0040	0.0000	0.0040	0.0000	0.0000	0.0000	0.0040	0.0000	0.0040	0.0627	0.0492	0.0135	0.0491	0.0491	0.0000	0.0136	0.0001	0.0135	0.0003	0.0002	0.0000	0.0000	0.0000	0.0000	0.0002	0.0002	0.0000	0.1204	0.0614	0.0590	0.0198	0.0173	0.0025	0.1006	0.0441	0.0565
0	102	0.0997	13	2	0	1	0	0	0	0	0	1	0	1	0	0	0	0	0	0	0	Y	N	N	N	N	N	N	N	N	N	N	N	N	N	N	N	N	N	0.0000	0.0000	0.0000	0.0000	0.0000	0.0000	0.0000	0.0000	0.0000	0.0000	0.0000	0.0000	0.0000	0.0000	0.0000	0.0000	0.0000	0.0000	0.0025	0.0018	0.0033	0.0111	0.0064	0.0426	0.0009	0.0000	0.0016		1.8113	0.0000	0.0000	3.9980	0.0011	11.1344	1.0060	0.0000	0.0000	0.0000	0.0000	0.0000	0.0000	0.0000	0.0000	0.0000	0.0000	0.0000	0.0000	0.0000	0.0000	0.0000	0.0000	0.0000	0.0000	0.0000	0.0000	0.0000	0.0000	0.0000	0.0000	0.0000	0.0000	0.0000	0.0152	0.0077	0.0075	0.0025	0.0021	0.0003	0.0128	0.0056	0.0072
0	113	0.0997	15	2	0	1	0	0	0	0	0	1	0	1	0	0	0	0	0	0	0	Y	N	N	N	N	N	N	N	N	N	N	N	N	N	N	N	N	N	0.0000	0.0000	0.0000	0.0000	0.0000	0.0000	0.0000	0.0000	0.0000	0.0000	0.0000	0.0000	0.0000	0.0000	0.0000	0.0000	0.0000	0.0000	0.0156	0.0003	0.0314	0.0971	0.0011	0.7433	0.0001	0.0000	0.0001		98.3506	0.0000	0.0005	3.9980	0.0182	11.1344	4.6661	0.0000	0.0000	0.0000	0.0000	0.0000	0.0000	0.0000	0.0000	0.0000	0.0011	0.0000	0.0011	0.0011	0.0000	0.0011	0.0000	0.0000	0.0000	0.0005	0.0004	0.0001	0.0000	0.0000	0.0000	0.0005	0.0004	0.0001	0.0699	0.0355	0.0344	0.0112	0.0098	0.0015	0.0587	0.0257	0.0330
0	114	0.0997	14	2	0	1	0	0	0	0	0	1	0	1	0	0	0	0	0	0	0	Y	N	N	N	N	N	N	N	N	N	N	N	N	N	N	N	N	N	0.0000	0.0000	0.0000	0.0000	0.0000	0.0000	0.0000	0.0000	0.0000	0.0000	0.0000	0.0000	0.0000	0.0000	0.0000	0.0000	0.0000	0.0000	0.0134	0.0112	0.0167	0.0474	0.0255	0.3339	0.0000	0.0000	0.0000		0.9983	0.0000	-0.0000	3.9980	0.0004	11.1344	0.0007	0.0000	0.0000	0.0000	0.0000	0.0000	0.0000	0.0000	0.0000	0.0000	0.0000	0.0000	0.0000	0.0000	0.0000	0.0000	0.0000	0.0000	0.0000	0.0000	0.0000	0.0000	0.0000	0.0000	0.0000	0.0000	0.0000	0.0000	0.0000	0.0000	0.0000	0.0000	0.0000	0.0000	0.0000	0.0000	0.0000
0	115	0.0997	13	2	0	1	0	0	0	0	0	1	0	1	0	0	0	0	0	0	0	Y	N	N	N	N	N	N	N	N	N	N	N	N	N	N	N	N	N	0.0000	0.0000	0.0000	0.0000	0.0000	0.0000	0.0000	0.0000	0.0000	0.0000	0.0000	0.0000	0.0000	0.0000	0.0000	0.0000	0.0000	0.0000	0.0608	0.0102	0.1515	0.0355	0.0178	0.4921	0.0765	0.0000	0.1374		8.3107	0.0000	0.0000	3.9980	0.0004	11.1344	0.0002	0.0000	0.0000	0.0000	0.0000	0.0000	0.0000	0.0000	0.0000	0.0000	0.0000	0.0000	0.0000	0.0000	0.0000	0.0000	0.0000	0.0000	0.0000	0.0000	0.0000	0.0000	0.0000	0.0000	0.0000	0.0000	0.0000	0.0000	0.0000	0.0000	0.0000	0.0000	0.0000	0.0000	0.0000	0.0000	0.0000
0	116	0.0792	12	2	0	1	0	0	0	0	0	1	0	1	0	0	0	0	0	0	0	Y	N	N	N	N	N	N	N	N	N	N	N	N	N	N	N	N	N	0.6718	7169.5597	0.0000	857.7850	8347.3397	0.0000	0.0000	3785.6908	0.0000	3.0595	3.4146	0.0000	11.1870	11.3278	0.0000	0.0001	0.0001	0.0000	4.5540	0.0005	10.1667	0.0130	0.0014	0.1492	5.7638	0.0000	10.5528	0.0000	17318.4788	-0.0001	0.4667	3.9980	0.0012	11.1344	12.6705	0.0002	0.0002	0.0000	0.0002	0.0002	0.0000	0.0000	0.0000	0.0000	1.0332	0.0001	1.0331	0.0006	0.0001	0.0006	1.0326	0.0000	1.0326	0.0001	0.0001	0.0000	0.0000	0.0000	0.0000	0.0001	0.0000	0.0000	0.2269	0.1253	0.1016	0.0477	0.0440	0.0038	0.1791	0.0813	0.0978
0	117	0.0744	11	2	0	1	0	0	0	0	0	1	0	1	0	0	0	0	0	0	0	Y	N	N	N	N	N	N	N	N	N	N	N	N	N	N	N	N	N	50.6411	101.2542	0.0000	0.2351	0.2246	0.0000	61.2746	2383.1240	0.0000	5.5638	6.4235	0.0000	0.0332	0.0334	0.0000	6.0587	7.0897	0.0000	0.1099	0.0634	0.1776	0.1412	0.1485	0.0026	0.0989	0.0030	0.1833	0.0000	1.9191	-0.0001	0.0010	3.9980	0.0012	11.1344	3.6220	0.0002	0.0002	0.0000	0.0000	0.0000	0.0000	0.0002	0.0002	0.0000	0.0090	0.0031	0.0059	0.0030	0.0030	0.0000	0.0060	0.0001	0.0059	0.0000	0.0000	0.0000	0.0000	0.0000	0.0000	0.0000	0.0000	0.0000	0.0820	0.0486	0.0333	0.0213	0.0202	0.0011	0.0607	0.0284	0.0323
0	118	0.0710	10	2	0	1	0	1	0	0	0	1	0	1	0	0	0	0	0	0	0	Y	N	N	N	N	N	N	N	N	N	N	N	N	N	N	N	N	N	0.0238	0.0323	0.0000	0.0686	0.0656	0.0000	0.0000	0.0000	0.0000	0.0022	0.0026	0.0000	0.0106	0.0106	0.0000	0.0000	0.0000	0.0000	0.0944	0.0799	0.1170	0.1542	0.1616	0.0089	0.0697	0.0118	0.1211	0.0000	0.9364	-0.0000	-0.0004	3.9980	0.0004	11.1344	2.6029	0.0000	0.0000	0.0000	0.0000	0.0000	0.0000	0.0000	0.0000	0.0000	0.0065	0.0033	0.0031	0.0031	0.0031	0.0000	0.0034	0.0003	0.0031	0.0000	0.0000	0.0000	0.0000	0.0000	0.0000	0.0000	0.0000	0.0000	0.0685	0.0418	0.0267	0.0200	0.0190	0.0010	0.0485	0.0228	0.0257
0	121	0.0835	8	2	0	1	0	0	0	0	0	1	0	1	0	0	0	0	0	0	0	Y	N	N	N	N	N	N	N	N	N	N	N	N	N	N	N	N	N	0.0000	0.0000	0.0000	0.0000	0.0000	0.0000	0.0000	0.0000	0.0000	0.0000	0.0000	0.0000	0.0000	0.0000	0.0000	0.0000	0.0000	0.0000	7.0637	1.9317	12.6200	1.9014	2.5580	0.0001	12.7371	0.0662	17.5258		6.0343	0.0000	0.1178	3.9980	0.0000	11.1344	1.2022	0.0000	0.0000	0.0000	0.0000	0.0000	0.0000	0.0000	0.0000	0.0000	0.3807	0.0541	0.3265	0.0536	0.0536	0.0000	0.3270	0.0005	0.3265	0.0000	0.0000	0.0000	0.0000	0.0000	0.0000	0.0000	0.0000	0.0000	0.0539	0.0280	0.0259	0.0282	0.0210	0.0072	0.0257	0.0070	0.0186
0	122	0.0622	7	2	0	1	0	1	0	0	0	1	0	1	0	0	0	0	0	0	0	Y	N	N	N	N	N	N	N	N	N	N	N	N	N	N	N	N	N	0.0000	0.0000	0.0000	0.0000	0.0000	0.0000	0.0000	0.0000	0.0000	0.0000	0.0000	0.0000	0.0000	0.0000	0.0000	0.0000	0.0000	0.0000	6.8974	7.6001	6.0287	0.0042	0.0049	0.0000	8.9567	11.8176	6.5035		0.6416	0.0000	-0.2563	3.9980	0.0041	11.1344	12.5856	0.0000	0.0000	0.0000	0.0000	0.0000	0.0000	0.0000	0.0000	0.0000	1.6281	0.9918	0.6364	0.0002	0.0002	0.0000	1.6279	0.9915	0.6364	0.0002	0.0002	0.0000	0.0001	0.0001	0.0000	0.0002	0.0001	0.0000	0.2360	0.1305	0.1056	0.0543	0.0466	0.0077	0.1818	0.0839	0.0978
1	3	0.1576	19	1	1	0	0	0	1	0	0	0	1	1	2	0	0	0	0	0	0	N	N	N	N	N	Y	N	N	N	N	N	N	N	N	N	N	N	N	0.0000	0.0000	0.0000	0.0000	0.0000	0.0000	0.0000	0.0000	0.0000	0.0000	0.0000	0.0000	0.0000	0.0000	0.0000	0.0000	0.0000	0.0000	0.0000	0.0000	0.0000	0.0000	0.0000	0.0000	0.0000	0.0000	0.0000			0.0000	0.0000	12.1675	0.0000	14.0003	2.0092	0.0000	0.0000	0.0000	0.0000	0.0000	0.0000	0.0000	0.0000	0.0000	0.0000	0.0000	0.0000	0.0000	0.0000	0.0000	0.0000	0.0000	0.0000	0.0000	0.0000	0.0000	0.0000	0.0000	0.0000	0.0000	0.0000	0.0000	0.0474	0.0244	0.0231	0.0100	0.0085	0.0015	0.0375	0.0159	0.0216
1	5	0.0927	9	0	0	0	0	0	0	0	0	0	2	0	2	0	0	0	0	0	0	N	N	N	N	N	Y	N	N	N	N	N	N	N	N	N	N	N	N	0.9862	inf	0.1208	6140.9604	inf	0.0000	0.0304	0.0000	0.1193	7.8893	8.6704	1.8860	43.1291	43.4025	0.0000	0.2641	0.0000	1.9045	8.0000	0.0000	15.6121	0.0070	0.0000	0.0494	8.6959	0.0000	15.9660	0.0283	inf	-0.0006	0.4498	12.1675	0.0011	14.0003	5.0222	0.0011	0.0011	0.0000	0.0011	0.0011	0.0000	0.0000	0.0000	0.0000	0.9956	0.0000	0.9956	0.0001	0.0000	0.0001	0.9956	0.0000	0.9956	0.0001	0.0001	0.0000	0.0000	0.0000	0.0000	0.0001	0.0001	0.0000	0.1245	0.0607	0.0638	0.0100	0.0085	0.0014	0.1145	0.0521	0.0624
1	7	0.1576	19	1	0	0	0	0	0	0	0	0	1	1	2	0	0	0	0	0	0	N	N	N	N	N	Y	N	N	N	N	N	N	N	N	N	N	N	N	0.0000	0.0000	0.0000	0.0000	0.0000	0.0000	0.0000	0.0000	0.0000	0.0000	0.0000	0.0000	0.0000	0.0000	0.0000	0.0000	0.0000	0.0000	0.0000	0.0000	0.0000	0.0000	0.0000	0.0000	0.0000	0.0000	0.0000			0.0000	0.0000	12.1675	0.0000	14.0003	0.9946	0.0000	0.0000	0.0000	0.0000	0.0000	0.0000	0.0000	0.0000	0.0000	0.0000	0.0000	0.0000	0.0000	0.0000	0.0000	0.0000	0.0000	0.0000	0.0000	0.0000	0.0000	0.0000	0.0000	0.0000	0.0000	0.0000	0.0000	0.0241	0.0124	0.0117	0.0052	0.0045	0.0007	0.0189	0.0079	0.0110
1	8	0.1528	18	1	0	0	0	0	0	0	0	0	1	1	2	0	0	0	0	0	0	N	N	N	N	N	Y	N	N	N	N	N	N	N	N	N	N	N	N	0.0000	0.0000	0.0000	0.0000	0.0000	0.0000	0.0000	0.0000	0.0000	0.0000	0.0000	0.0000	0.0000	0.0000	0.0000	0.0000	0.0000	0.0000	0.0000	0.0000	0.0000	0.0000	0.0000	0.0000	0.0000	0.0000	0.0000			0.0000	0.0000	12.1675	0.0000	14.0003	3.0112	0.0000	0.0000	0.0000	0.0000	0.0000	0.0000	0.0000	0.0000	0.0000	0.0000	0.0000	0.0000	0.0000	0.0000	0.0000	0.0000	0.0000	0.0000	0.0000	0.0000	0.0000	0.0000	0.0000	0.0000	0.0000	0.0000	0.0000	0.0693	0.0352	0.0341	0.0136	0.0115	0.0021	0.0557	0.0237	0.0320
1	10	0.1528	18	1	1	0	0	0	1	0	0	0	1	1	2	0	0	0	0	0	0	N	N	N	N	N	Y	N	N	N	N	N	N	N	N	N	N	N	N	0.0000	0.0000	0.0000	0.0000	0.0000	0.0000	0.0000	0.0000	0.0000	0.0000	0.0000	0.0000	0.0000	0.0000	0.0000	0.0000	0.0000	0.0000	0.0000	0.0000	0.0000	0.0000	0.0000	0.0000	0.0000	0.0000	0.0000			0.0000	0.0000	12.1675	0.0000	14.0003	0.0003	0.0000	0.0000	0.0000	0.0000	0.0000	0.0000	0.0000	0.0000	0.0000	0.0000	0.0000	0.0000	0.0000	0.0000	0.0000	0.0000	0.0000	0.0000	0.0000	0.0000	0.0000	0.0000	0.0000	0.0000	0.0000	0.0000	0.0000	0.0000	0.0000	0.0000	0.0000	0.0000	0.0000	0.0000	0.0000	0.0000
1	11	0.1409	17	1	0	0	0	0	0	0	0	0	1	1	2	0	0	0	0	0	0	N	N	N	N	N	Y	N	N	N	N	N	N	N	N	N	N	N	N	0.0000	0.0000	0.0000	0.0000	0.0000	0.0000	0.0000	0.0000	0.0000	0.0000	0.0000	0.0000	0.0000	0.0000	0.0000	0.0000	0.0000	0.0000	0.0295	0.0000	0.0639	0.0000	0.0000	0.0000	0.0390	0.0000	0.0673		inf	0.0000	0.0028	12.1675	1.9982	14.0003	5.4332	0.0000	0.0000	0.0000	0.0000	0.0000	0.0000	0.0000	0.0000	0.0000	0.0063	0.0000	0.0063	0.0000	0.0000	0.0000	0.0063	0.0000	0.0063	0.1632	0.1407	0.0225	0.0037	0.0035	0.0001	0.1595	0.1372	0.0223	0.2136	0.1151	0.0985	0.0521	0.0472	0.0049	0.1615	0.0679	0.0937
1	12	0.1229	12	0	0	0	0	0	0	0	0	0	1	0	2	0	0	0	0	0	0	N	N	N	N	N	Y	N	N	N	N	N	N	N	N	N	N	N	N	0.0000	0.0000	0.0000	0.0000	0.0000	0.0000	0.0000	0.0000	0.0000	0.0000	0.0000	0.0000	0.0000	0.0000	0.0000	0.0000	0.0000	0.0000	0.0020	0.0003	0.0037	0.0010	0.0011	0.0000	0.0021	0.0000	0.0038		14.0839	0.0000	0.0001	12.1675	0.0000	14.0003	3.0444	0.0000	0.0000	0.0000	0.0000	0.0000	0.0000	0.0000	0.0000	0.0000	0.0001	0.0000	0.0001	0.0000	0.0000	0.0000	0.0001	0.0000	0.0001	0.0000	0.0000	0.0000	0.0000	0.0000	0.0000	0.0000	0.0000	0.0000	0.0764	0.0384	0.0380	0.0102	0.0090	0.0012	0.0662	0.0294	0.0368
1	13	0.0947	8	1	0	0	0	0	0	0	0	0	2	0	2	0	0	0	0	0	0	N	N	N	N	N	Y	N	N	N	N	N	N	N	N	N	N	N	N	0.0000	0.0000	0.0000	0.0000	0.0000	0.0000	0.0000	0.0000	0.0000	0.0000	0.0000	0.0000	0.0000	0.0000	0.0000	0.0000	0.0000	0.0000	2.6310	0.0001	5.1714	0.0002	0.0002	0.0000	3.1825	0.0000	5.6256		99991.0005	0.0000	0.4517	12.1675	2.0000	14.0003	12.5972	0.0000	0.0000	0.0000	0.0000	0.0000	0.0000	0.0000	0.0000	0.0000	1.0000	0.0000	1.0000	0.0000	0.0000	0.0000	1.0000	0.0000	1.0000	0.1639	0.1411	0.0228	0.0014	0.0013	0.0000	0.1625	0.1398	0.0228	0.3801	0.1867	0.1934	0.0659	0.0503	0.0156	0.3142	0.1365	0.1778
1	15	0.1297	11	0	0	0	0	0	0	0	0	0	2	0	2	0	0	0	0	0	0	N	N	N	N	N	Y	N	N	N	N	N	N	N	N	N	N	N	N	0.0000	0.0000	0.0000	0.0000	0.0000	0.0000	0.0000	0.0000	0.0000	0.0000	0.0000	0.0000	0.0000	0.0000	0.0000	0.0000	0.0000	0.0000	0.0000	0.0000	0.0000	0.0000	0.0000	0.0000	0.0000	0.0000	0.0000		0.0000	0.0000	-0.0000	12.1675	0.0012	14.0003	2.9951	0.0000	0.0000	0.0000	0.0000	0.0000	0.0000	0.0000	0.0000	0.0000	0.0000	0.0000	0.0000	0.0000	0.0000	0.0000	0.0000	0.0000	0.0000	0.0003	0.0002	0.0000	0.0001	0.0001	0.0000	0.0002	0.0001	0.0000	0.0723	0.0364	0.0359	0.0095	0.0083	0.0012	0.0628	0.0281	0.0347
1	25	0.1448	15	1	0	0	1	0	0	0	1	0	1	1	2	0	0	0	0	0	0	N	N	N	N	N	Y	N	N	N	N	N	N	N	N	N	N	N	N	67664.2851	inf	0.0011	inf	inf	0.0000	55044.9074	inf	0.0011	12.1249	14.0926	0.0000	0.0170	0.0175	0.0000	12.2558	14.2651	0.0000	0.0002	0.0000	0.0004	0.0000	0.0000	0.0000	0.0002	0.0000	0.0004	0.0000	inf	-0.5831	0.0000	12.1675	0.9999	14.0003	1.0788	0.9999	0.9999	0.0000	0.0000	0.0000	0.0000	0.9999	0.9999	0.0000	0.0000	0.0000	0.0000	0.0000	0.0000	0.0000	0.0000	0.0000	0.0000	0.0825	0.0709	0.0115	0.0009	0.0009	0.0000	0.0816	0.0701	0.0115	0.0558	0.0291	0.0268	0.0109	0.0095	0.0014	0.0449	0.0195	0.0254
1	35	0.0871	9	0	0	1	0	0	0	1	0	0	2	0	2	0	0	0	0	0	0	N	N	N	N	N	Y	N	N	N	N	N	N	N	N	N	N	N	N	1.1628	0.0000	inf	0.0000	0.0000	0.0000	1.9960	0.0000	inf	0.0239	0.0000	0.2441	0.0000	0.0000	0.0000	0.0473	0.0000	0.3373	0.0205	0.0412	0.0000	0.0000	0.0000	0.0000	0.0237	0.0545	0.0000	inf	0.0000	0.0000	-0.0006	12.1675	0.0023	14.0003	1.9232	0.0000	0.0000	0.0000	0.0000	0.0000	0.0000	0.0000	0.0000	0.0000	0.0011	0.0011	0.0000	0.0000	0.0000	0.0000	0.0011	0.0011	0.0000	0.0004	0.0004	0.0000	0.0002	0.0002	0.0000	0.0002	0.0002	0.0000	0.0546	0.0272	0.0274	0.0073	0.0066	0.0007	0.0473	0.0205	0.0267
1	42	0.0885	7	1	0	0	0	0	0	0	0	0	2	0	2	0	0	0	0	0	0	N	N	N	N	N	Y	N	N	N	N	N	N	N	N	N	N	N	N	0.0000	0.0000	0.0000	0.0000	0.0000	0.0000	0.0000	0.0000	0.0000	0.0000	0.0000	0.0000	0.0000	0.0000	0.0000	0.0000	0.0000	0.0000	0.0000	0.0000	0.0000	0.0000	0.0000	0.0000	0.0000	0.0000	0.0000			0.0000	0.0000	12.1675	0.0000	14.0003	0.0011	0.0000	0.0000	0.0000	0.0000	0.0000	0.0000	0.0000	0.0000	0.0000	0.0000	0.0000	0.0000	0.0000	0.0000	0.0000	0.0000	0.0000	0.0000	0.0000	0.0000	0.0000	0.0000	0.0000	0.0000	0.0000	0.0000	0.0000	0.0001	0.0001	0.0000	0.0000	0.0000	0.0000	0.0001	0.0000	0.0000
1	44	0.1289	16	1	0	0	1	0	0	0	0	0	1	1	2	0	0	0	0	0	0	N	N	N	N	N	Y	N	N	N	N	N	N	N	N	N	N	N	N	1.3060	2000.9293	2.8234	37.8173	3601.1982	0.0000	1.0726	inf	2.7334	1.6974	0.2965	7.6577	1.7236	1.7871	0.0000	1.6944	0.0891	7.8070	1.2997	0.0001	2.7123	0.0456	0.0005	0.3050	1.5798	0.0000	2.8562	6.0694	16836.5628	0.3207	0.4540	12.1675	7.0030	14.0003	25.8862	1.1647	0.1648	0.9999	0.1213	0.1213	0.0000	1.0434	0.0435	0.9999	1.0052	0.0001	1.0052	0.0064	0.0001	0.0064	0.9988	0.0000	0.9988	0.6862	0.5556	0.1306	0.0704	0.0679	0.0025	0.6158	0.4877	0.1281	0.7734	0.4028	0.3706	0.1412	0.1203	0.0209	0.6322	0.2825	0.3497
1	48	0.1289	16	1	0	0	1	0	0	0	0	0	1	1	2	0	0	0	0	0	0	N	N	N	N	N	Y	N	N	N	N	N	N	N	N	N	N	N	N	85.0260	65.3124	0.0000	79.1493	73.7559	0.0000	inf	inf	0.0000	0.4582	0.6310	0.0000	1.8445	1.9122	0.0000	0.0001	0.0001	0.0000	0.0054	0.0097	0.0000	0.0233	0.0259	0.0000	0.0000	0.0000	0.0000	0.0000	0.0000	-0.0721	-0.0008	12.1675	1.7572	14.0003	7.6758	0.1236	0.1236	0.0000	0.1236	0.1236	0.0000	0.0000	0.0000	0.0000	0.0015	0.0015	0.0000	0.0015	0.0015	0.0000	0.0000	0.0000	0.0000	0.2699	0.1959	0.0739	0.0670	0.0646	0.0024	0.2028	0.1313	0.0716	0.2790	0.1556	0.1234	0.0645	0.0580	0.0065	0.2145	0.0976	0.1169
1	49	0.1200	15	1	0	0	1	0	0	0	1	0	1	1	2	0	0	0	0	0	0	N	N	N	N	N	Y	N	N	N	N	N	N	N	N	N	N	N	N	21.6224	22.2272	0.3534	663.0315	620.3684	0.4720	0.0734	0.0014	0.3475	0.4463	0.5175	0.0061	35.3090	36.1716	0.0056	0.0009	0.0000	0.0061	0.0206	0.0233	0.0174	0.0533	0.0583	0.0118	0.0119	0.0051	0.0177	0.0019	0.6025	-0.0270	-0.0007	12.1675	1.2605	14.0003	5.3560	0.0465	0.0464	0.0001	0.0464	0.0464	0.0000	0.0001	0.0000	0.0001	0.0040	0.0025	0.0015	0.0022	0.0021	0.0001	0.0018	0.0004	0.0015	0.1042	0.0897	0.0145	0.0013	0.0013	0.0000	0.1028	0.0884	0.0145	0.1937	0.1072	0.0865	0.0411	0.0367	0.0045	0.1526	0.0705	0.0821
1	50	0.1200	15	1	0	0	0	0	0	0	0	0	1	1	2	0	0	0	0	0	0	N	N	N	N	N	Y	N	N	N	N	N	N	N	N	N	N	N	N	0.2286	0.0000	inf	0.0049	0.0000	inf	1.2904	0.0000	inf	0.0024	0.0000	0.0173	0.0002	0.0000	0.0097	0.0024	0.0000	0.0173	0.0106	0.0195	0.0000	0.0452	0.0513	0.0000	0.0019	0.0041	0.0000	inf	0.0000	0.0001	-0.0014	12.1675	1.0001	14.0003	7.4568	0.0002	0.0000	0.0002	0.0000	0.0000	0.0000	0.0002	0.0000	0.0002	0.0025	0.0025	0.0000	0.0021	0.0021	0.0000	0.0004	0.0004	0.0000	0.0828	0.0713	0.0115	0.0011	0.0011	0.0000	0.0817	0.0702	0.0115	0.2364	0.1281	0.1084	0.0473	0.0417	0.0057	0.1891	0.0864	0.1027
1	51	0.1155	14	1	0	0	0	0	0	0	0	0	2	1	2	0	0	0	0	0	0	N	N	N	N	N	Y	N	N	N	N	N	N	N	N	N	N	N	N	0.0146	0.0101	0.9668	0.0477	0.0420	0.5359	0.0013	0.0000	2.4467	0.0525	0.0557	0.0244	0.2585	0.2587	0.0626	0.0031	0.0000	0.0243	3.5895	5.5189	0.0252	5.4160	6.1540	0.1169	2.3180	4.7260	0.0099	0.0494	0.0025	-0.0000	-0.3079	12.1675	0.0061	14.0003	2.7591	0.0000	0.0000	0.0000	0.0000	0.0000	0.0000	0.0000	0.0000	0.0000	0.5641	0.5627	0.0014	0.3493	0.3484	0.0009	0.2148	0.2143	0.0005	0.0008	0.0007	0.0001	0.0002	0.0002	0.0000	0.0007	0.0006	0.0001	0.1572	0.1020	0.0552	0.0645	0.0566	0.0079	0.0927	0.0453	0.0473
1	52	0.0734	8	1	0	0	0	0	0	0	0	0	2	0	2	0	0	0	0	0	0	N	N	N	N	N	Y	N	N	N	N	N	N	N	N	N	N	N	N	0.0122	0.0000	0.1232	0.0238	0.0000	inf	0.0201	0.0000	0.0917	0.0016	0.0000	0.0118	0.0216	0.0000	0.4800	0.0012	0.0000	0.0088	0.1344	0.1747	0.0957	0.9079	0.9473	0.0000	0.0616	0.0186	0.0963	inf	0.5686	0.0001	-0.0056	12.1675	1.0020	14.0003	7.2599	0.0001	0.0000	0.0001	0.0000	0.0000	0.0000	0.0001	0.0000	0.0001	0.0301	0.0192	0.0109	0.0175	0.0175	0.0000	0.0126	0.0017	0.0109	0.0837	0.0721	0.0116	0.0016	0.0015	0.0001	0.0821	0.0705	0.0115	0.2239	0.1098	0.1140	0.0193	0.0185	0.0008	0.2046	0.0914	0.1132
1	57	0.1528	17	1	0	1	1	0	0	0	1	0	1	1	2	0	0	0	0	0	0	N	N	N	N	N	Y	N	N	N	N	N	N	N	N	N	N	N	N	0.0000	0.0000	0.0000	0.0000	0.0000	0.0000	0.0000	0.0000	0.0000	0.0000	0.0000	0.0000	0.0000	0.0000	0.0000	0.0000	0.0000	0.0000	0.0000	0.0000	0.0000	0.0000	0.0000	0.0000	0.0000	0.0000	0.0000			0.0000	0.0000	12.1675	0.0000	14.0003	0.0000	0.0000	0.0000	0.0000	0.0000	0.0000	0.0000	0.0000	0.0000	0.0000	0.0000	0.0000	0.0000	0.0000	0.0000	0.0000	0.0000	0.0000	0.0000	0.0000	0.0000	0.0000	0.0000	0.0000	0.0000	0.0000	0.0000	0.0000	0.0000	0.0000	0.0000	0.0000	0.0000	0.0000	0.0000	0.0000	0.0000
1	58	0.1528	17	1	0	1	0	0	0	0	0	0	1	1	2	0	0	0	0	0	0	N	N	N	N	N	Y	N	N	N	N	N	N	N	N	N	N	N	N	0.0000	0.0000	0.0000	0.0000	0.0000	0.0000	0.0000	0.0000	0.0000	0.0000	0.0000	0.0000	0.0000	0.0000	0.0000	0.0000	0.0000	0.0000	0.0000	0.0000	0.0000	0.0000	0.0000	0.0000	0.0000	0.0000	0.0000			0.0000	0.0000	12.1675	0.0000	14.0003	0.0000	0.0000	0.0000	0.0000	0.0000	0.0000	0.0000	0.0000	0.0000	0.0000	0.0000	0.0000	0.0000	0.0000	0.0000	0.0000	0.0000	0.0000	0.0000	0.0000	0.0000	0.0000	0.0000	0.0000	0.0000	0.0000	0.0000	0.0000	0.0000	0.0000	0.0000	0.0000	0.0000	0.0000	0.0000	0.0000	0.0000
1	59	0.1479	16	1	0	1	0	0	0	1	0	0	1	1	2	0	0	0	0	0	0	N	N	N	N	N	Y	N	N	N	N	N	N	N	N	N	N	N	N	6848.7756	3884.6218	0.0000	5132.2372	4434.8559	0.0000	0.0000	0.0000	0.0000	3.4579	3.8047	0.0000	13.9487	13.9569	0.0000	0.0000	0.0000	0.0000	0.0005	0.0010	0.0000	0.0027	0.0031	0.0000	0.0000	0.0000	0.0000	0.0000	0.0000	-0.0000	-0.0000	12.1675	0.0001	14.0003	3.0507	0.0001	0.0001	0.0000	0.0001	0.0001	0.0000	0.0000	0.0000	0.0000	0.0000	0.0000	0.0000	0.0000	0.0000	0.0000	0.0000	0.0000	0.0000	0.0000	0.0000	0.0000	0.0000	0.0000	0.0000	0.0000	0.0000	0.0000	0.0787	0.0406	0.0381	0.0146	0.0126	0.0020	0.0641	0.0279	0.0361
1	67	0.1327	19	1	0	1	0	0	0	0	0	0	2	0	2	0	0	0	0	0	0	N	N	N	N	N	Y	N	N	N	N	N	N	N	N	N	N	N	N	616.8353	347.1210	0.0000	376.4866	331.2806	0.0000	0.0000	0.0000	0.0000	0.0007	0.0007	0.0000	0.0020	0.0020	0.0000	0.0000	0.0000	0.0000	0.0000	0.0000	0.0000	0.0000	0.0000	0.0000	0.0000	0.0000	0.0000	0.0000	0.0000	-0.0000	-0.0000	12.1675	0.0010	14.0003	8.0699	0.0000	0.0000	0.0000	0.0000	0.0000	0.0000	0.0000	0.0000	0.0000	0.0000	0.0000	0.0000	0.0000	0.0000	0.0000	0.0000	0.0000	0.0000	0.0002	0.0002	0.0000	0.0001	0.0001	0.0000	0.0002	0.0001	0.0000	0.2032	0.1067	0.0965	0.0415	0.0365	0.0050	0.1617	0.0702	0.0915
1	70	0.1227	15	1	0	0	0	0	0	0	0	0	2	1	2	0	0	0	0	0	0	N	N	N	N	N	Y	N	N	N	N	N	N	N	N	N	N	N	N	3.5562	66.6914	0.0139	7.2953	177.4835	0.0000	0.0172	0.0000	0.0755	0.6885	0.7768	0.0057	4.6647	4.7359	0.0000	0.0008	0.0000	0.0058	0.1936	0.0116	0.4124	0.6394	0.0267	5.6545	0.0446	0.0012	0.0774	0.0010	29.4488	-0.0974	0.0238	12.1675	2.3581	14.0003	7.4584	0.1673	0.1672	0.0002	0.1672	0.1672	0.0000	0.0002	0.0000	0.0002	0.0569	0.0019	0.0550	0.0471	0.0018	0.0453	0.0098	0.0001	0.0097	0.2430	0.2152	0.0278	0.0358	0.0353	0.0005	0.2072	0.1799	0.0273	0.2938	0.1604	0.1334	0.0736	0.0656	0.0080	0.2202	0.0948	0.1254
1	78	0.0639	6	1	0	0	0	0	0	0	0	0	2	0	2	0	0	0	0	0	0	N	N	N	N	N	Y	N	N	N	N	N	N	N	N	N	N	N	N	0.2096	0.2527	0.0000	0.0827	0.0822	0.0000	0.0000	0.0000	0.0000	0.0203	0.0220	0.0000	0.0465	0.0485	0.0000	0.0000	0.0000	0.0000	0.0968	0.0872	0.1059	0.5623	0.5894	0.1981	0.0575	0.0000	0.1050	0.0000	1.2692	-0.0000	0.0003	12.1675	0.0166	14.0003	12.2009	0.0001	0.0001	0.0000	0.0001	0.0001	0.0000	0.0000	0.0000	0.0000	0.0308	0.0136	0.0172	0.0139	0.0136	0.0003	0.0169	0.0000	0.0169	0.0035	0.0032	0.0003	0.0015	0.0014	0.0001	0.0019	0.0017	0.0002	0.3179	0.1554	0.1625	0.0247	0.0230	0.0017	0.2932	0.1324	0.1607
1	87	0.1409	17	1	0	1	0	0	0	1	0	0	1	1	2	0	0	0	0	0	0	N	N	N	N	N	Y	N	N	N	N	N	N	N	N	N	N	N	N	0.0000	0.0000	0.0000	0.0000	0.0000	0.0000	0.0000	0.0000	0.0000	0.0000	0.0000	0.0000	0.0000	0.0000	0.0000	0.0000	0.0000	0.0000	0.0322	0.0000	0.0703	0.0000	0.0000	0.0000	0.0429	0.0000	0.0739		inf	0.0000	0.0028	12.1675	0.0022	14.0003	6.6376	0.0000	0.0000	0.0000	0.0000	0.0000	0.0000	0.0000	0.0000	0.0000	0.0063	0.0000	0.0063	0.0000	0.0000	0.0000	0.0063	0.0000	0.0063	0.0004	0.0004	0.0000	0.0001	0.0001	0.0000	0.0003	0.0003	0.0000	0.1959	0.1063	0.0897	0.0490	0.0446	0.0044	0.1470	0.0617	0.0853
1	88	0.1264	16	1	0	0	0	0	0	0	0	0	1	1	2	0	0	0	0	0	0	N	N	N	N	N	Y	N	N	N	N	N	N	N	N	N	N	N	N	0.0004	0.0000	0.0014	0.2473	0.0000	inf	0.0003	0.0000	0.0013	0.0014	0.0000	0.0097	0.0003	0.0000	0.0136	0.0014	0.0000	0.0097	3.1198	0.0005	7.0694	0.0011	0.0012	0.0000	4.2272	0.0000	7.3869	inf	10754.0352	0.0000	0.4425	12.1675	1.0173	14.0003	8.6136	0.0001	0.0000	0.0001	0.0000	0.0000	0.0000	0.0001	0.0000	0.0001	0.9798	0.0001	0.9797	0.0001	0.0001	0.0000	0.9797	0.0000	0.9797	0.0861	0.0740	0.0121	0.0026	0.0025	0.0001	0.0835	0.0715	0.0120	0.3140	0.1755	0.1386	0.0823	0.0763	0.0060	0.2318	0.0991	0.1326
1	90	0.1264	16	1	0	0	0	0	0	0	0	0	1	1	2	0	0	0	0	0	0	N	N	N	N	N	Y	N	N	N	N	N	N	N	N	N	N	N	N	27.4240	17.7525	0.0000	287.8201	269.8153	0.0000	0.0000	0.0000	0.0000	0.9990	1.1605	0.0000	42.8749	44.0223	0.0000	0.0000	0.0000	0.0000	0.0364	0.0654	0.0018	0.1490	0.1632	0.0000	0.0011	0.0000	0.0019	0.0000	0.0235	-0.0975	-0.0078	12.1675	2.0138	14.0003	11.8132	0.1672	0.1672	0.0000	0.1672	0.1672	0.0000	0.0000	0.0000	0.0000	0.0148	0.0145	0.0003	0.0145	0.0145	0.0000	0.0003	0.0000	0.0003	0.1674	0.1441	0.0233	0.0039	0.0038	0.0001	0.1635	0.1403	0.0232	0.4063	0.2212	0.1851	0.0971	0.0886	0.0084	0.3092	0.1326	0.1766
1	91	0.1179	15	1	0	0	0	0	0	0	0	1	2	1	2	0	0	0	0	0	0	N	N	N	N	N	Y	N	N	N	N	N	N	N	N	N	N	N	N	0.0049	0.1509	0.0000	3.3360	3.3506	0.0000	0.0000	0.0000	0.0000	0.0007	0.0008	0.0000	0.0427	0.0435	0.0000	0.0000	0.0000	0.0000	0.1450	0.0055	0.3229	0.0128	0.0130	0.0105	0.1905	0.0000	0.3365	0.0000	46.0011	-0.0001	0.0130	12.1675	1.9725	14.0003	4.2763	0.0001	0.0001	0.0000	0.0001	0.0001	0.0000	0.0000	0.0000	0.0000	0.0301	0.0006	0.0295	0.0007	0.0006	0.0000	0.0294	0.0000	0.0294	0.1639	0.1411	0.0228	0.0027	0.0027	0.0000	0.1612	0.1384	0.0228	0.2076	0.1164	0.0912	0.0532	0.0494	0.0038	0.1545	0.0670	0.0874
1	93	0.1229	12	0	0	0	0	0	0	0	0	0	1	0	2	0	0	0	0	0	0	N	N	N	N	N	Y	N	N	N	N	N	N	N	N	N	N	N	N	0.0000	0.0000	0.0000	0.0000	0.0000	0.0000	0.0000	0.0000	0.0000	0.0000	0.0000	0.0000	0.0000	0.0000	0.0000	0.0000	0.0000	0.0000	0.0058	0.0008	0.0111	0.0025	0.0027	0.0000	0.0064	0.0000	0.0115		14.0839	0.0000	0.0001	12.1675	0.0000	14.0003	0.9594	0.0000	0.0000	0.0000	0.0000	0.0000	0.0000	0.0000	0.0000	0.0000	0.0001	0.0000	0.0001	0.0000	0.0000	0.0000	0.0001	0.0000	0.0001	0.0000	0.0000	0.0000	0.0000	0.0000	0.0000	0.0000	0.0000	0.0000	0.0258	0.0132	0.0126	0.0040	0.0037	0.0004	0.0218	0.0096	0.0122
1	94	0.0915	11	0	0	0	0	0	0	0	0	0	2	0	2	0	0	0	0	0	0	N	N	N	N	N	Y	N	N	N	N	N	N	N	N	N	N	N	N	0.0000	0.0000	0.0000	0.0000	0.0000	0.0000	0.0000	0.0000	0.0000	0.0000	0.0000	0.0000	0.0000	0.0000	0.0000	0.0000	0.0000	0.0000	2.2108	0.5930	3.9335	2.1845	2.3494	0.0000	2.2151	0.0000	4.0149		6.2301	0.0000	0.3572	12.1675	0.0000	14.0003	18.8906	0.0000	0.0000	0.0000	0.0000	0.0000	0.0000	0.0000	0.0000	0.0000	1.1396	0.1576	0.9819	0.1576	0.1576	0.0000	0.9819	0.0000	0.9819	0.0000	0.0000	0.0000	0.0000	0.0000	0.0000	0.0000	0.0000	0.0000	0.5154	0.2658	0.2496	0.0722	0.0671	0.0051	0.4433	0.1987	0.2446
1	98	0.1479	16	1	0	0	1	0	0	0	1	0	1	1	2	0	0	0	0	0	0	N	N	N	N	N	Y	N	N	N	N	N	N	N	N	N	N	N	N	2758588.6775	0.0000	9701761.4150	inf	0.0000	inf	2294003.0176	0.0000	9205076.5509	4.0730	0.0000	29.2377	0.0116	0.0000	0.4297	4.1164	0.0000	29.2966	0.0000	0.0000	0.0000	0.0000	0.0000	0.0000	0.0000	0.0000	0.0000	inf	inf	0.4168	0.0000	12.1675	2.9999	14.0003	3.9821	1.0000	0.0000	1.0000	0.0000	0.0000	0.0000	0.9999	0.0000	0.9999	0.0000	0.0000	0.0000	0.0000	0.0000	0.0000	0.0000	0.0000	0.0000	0.2455	0.2113	0.0342	0.0026	0.0025	0.0001	0.2429	0.2088	0.0341	0.1734	0.0884	0.0849	0.0307	0.0262	0.0045	0.1427	0.0622	0.0804
1	99	0.1448	15	1	0	0	0	0	0	0	0	0	1	1	2	0	0	0	0	0	0	N	N	N	N	N	Y	N	N	N	N	N	N	N	N	N	N	N	N	19665.6371	472166.6117	4384.0543	409285.4692	359032.2726	inf	5531.9860	inf	4172.8949	3.6432	4.1884	1.6531	9.6786	9.7004	0.0770	1.2420	1.0640	1.6578	0.0002	0.0000	0.0004	0.0000	0.0000	0.0000	0.0002	0.0000	0.0004	0.1081	39.0887	-0.0001	0.0000	12.1675	0.0003	14.0003	2.0601	0.0002	0.0002	0.0000	0.0002	0.0002	0.0000	0.0000	0.0000	0.0000	0.0000	0.0000	0.0000	0.0000	0.0000	0.0000	0.0000	0.0000	0.0000	0.0001	0.0000	0.0000	0.0000	0.0000	0.0000	0.0000	0.0000	0.0000	0.0554	0.0289	0.0265	0.0108	0.0095	0.0014	0.0446	0.0194	0.0252
1	100	0.1250	14	1	0	0	0	0	0	0	0	1	2	1	2	0	0	0	0	0	0	N	N	N	N	N	Y	N	N	N	N	N	N	N	N	N	N	N	N	12.0515	4185.6795	0.0431	103081.9115	92024.8471	inf	0.0187	inf	0.0413	0.6809	0.7903	0.0050	57.7369	59.2659	0.0000	0.0013	0.0007	0.0050	0.0565	0.0002	0.1149	0.0006	0.0006	0.0000	0.0681	0.0000	0.1204	0.0010	586.9683	-0.0975	0.0079	12.1675	3.0014	14.0003	9.1620	0.1675	0.1673	0.0002	0.1672	0.1672	0.0000	0.0003	0.0001	0.0002	0.0175	0.0000	0.0174	0.0000	0.0000	0.0000	0.0174	0.0000	0.0174	0.2460	0.2117	0.0342	0.0029	0.0028	0.0001	0.2431	0.2089	0.0342	0.3092	0.1574	0.1518	0.0530	0.0461	0.0069	0.2561	0.1112	0.1449
1	132	0.1247	10	0	0	0	0	0	0	0	0	0	2	0	2	0	0	0	0	0	0	N	N	N	N	N	Y	N	N	N	N	N	N	N	N	N	N	N	N	0.0000	0.0000	0.0000	0.0000	0.0000	0.0000	0.0000	0.0000	0.0000	0.0000	0.0000	0.0000	0.0000	0.0000	0.0000	0.0000	0.0000	0.0000	0.0068	0.0136	0.0000	0.0489	0.0553	0.0000	0.0000	0.0000	0.0000		0.0000	0.0000	-0.0002	12.1675	0.0075	14.0003	1.9743	0.0000	0.0000	0.0000	0.0000	0.0000	0.0000	0.0000	0.0000	0.0000	0.0003	0.0003	0.0000	0.0003	0.0003	0.0000	0.0000	0.0000	0.0000	0.0018	0.0014	0.0003	0.0006	0.0006	0.0000	0.0012	0.0008	0.0003	0.0494	0.0249	0.0245	0.0069	0.0061	0.0008	0.0425	0.0188	0.0237
1	134	0.1195	8	0	0	0	0	0	0	0	0	0	2	0	2	0	0	0	0	0	0	N	N	N	N	N	Y	N	N	N	N	N	N	N	N	N	N	N	N	0.0000	0.0000	0.0000	0.0000	0.0000	0.0000	0.0000	0.0000	0.0000	0.0000	0.0000	0.0000	0.0000	0.0000	0.0000	0.0000	0.0000	0.0000	8.4158	0.0006	17.7744	0.0030	0.0021	0.0122	10.2096	0.0000	18.3725		25358.7420	-0.0000	0.8020	12.1675	2.0569	14.0003	5.7592	0.0000	0.0000	0.0000	0.0000	0.0000	0.0000	0.0000	0.0000	0.0000	1.7756	0.0001	1.7755	0.0001	0.0001	0.0000	1.7755	0.0000	1.7755	0.1788	0.1546	0.0242	0.0090	0.0088	0.0002	0.1698	0.1458	0.0240	0.2110	0.1111	0.0999	0.0371	0.0338	0.0033	0.1739	0.0773	0.0966
1	135	0.1211	9	0	0	0	0	0	0	0	0	0	2	0	2	0	0	0	0	0	0	N	N	N	N	N	Y	N	N	N	N	N	N	N	N	N	N	N	N	0.0000	0.0000	0.0000	0.0000	0.0000	0.0000	0.0000	0.0000	0.0000	0.0000	0.0000	0.0000	0.0000	0.0000	0.0000	0.0000	0.0000	0.0000	6.9970	0.0010	14.5501	0.0037	0.0035	0.0051	8.3343	0.0000	15.0263		13690.7091	0.0000	0.8039	12.1675	1.0111	14.0003	8.8059	0.0000	0.0000	0.0000	0.0000	0.0000	0.0000	0.0000	0.0000	0.0000	1.7799	0.0001	1.7798	0.0001	0.0001	0.0000	1.7798	0.0000	1.7798	0.0850	0.0733	0.0117	0.0035	0.0033	0.0002	0.0815	0.0700	0.0115	0.2544	0.1321	0.1223	0.0408	0.0370	0.0039	0.2135	0.0951	0.1184
3	4	0.1128	17	2	1	1	0	0	1	0	0	0	0	1	1	0	0	0	0	0	0	Y	N	N	N	N	N	N	N	N	N	N	N	N	N	N	N	N	N	0.0000	0.0000	0.0000	0.0000	0.0000	0.0000	0.0000	0.0000	0.0000	0.0000	0.0000	0.0000	0.0000	0.0000	0.0000	0.0000	0.0000	0.0000	23.3177	43.8019	0.0206	89.3371	100.9283	0.0000	0.0131	0.0000	0.0220		0.0004	0.0000	-0.5461	0.0000	3.9993	2.0092	16.2043	0.0000	0.0000	0.0000	0.0000	0.0000	0.0000	0.0000	0.0000	0.0000	0.9968	0.9964	0.0004	0.9964	0.9964	0.0000	0.0004	0.0000	0.0004	0.0000	0.0000	0.0000	0.0000	0.0000	0.0000	0.0000	0.0000	0.0000	0.0427	0.0227	0.0200	0.0112	0.0099	0.0013	0.0316	0.0129	0.0187
3	5	0.1629	25	1	1	0	0	0	1	0	0	0	1	1	2	0	0	0	0	0	0	N	N	N	N	N	Y	N	N	N	N	N	N	N	N	N	N	N	N	0.0000	0.0000	0.0000	0.0000	0.0000	0.0000	0.0000	0.0000	0.0000	0.0000	0.0000	0.0000	0.0000	0.0000	0.0000	0.0000	0.0000	0.0000	0.0000	0.0000	0.0000	0.0000	0.0000	0.0000	0.0000	0.0000	0.0000		0.0000	0.0000	-0.0000	0.0000	0.0011	2.0092	5.0222	0.0000	0.0000	0.0000	0.0000	0.0000	0.0000	0.0000	0.0000	0.0000	0.0000	0.0000	0.0000	0.0000	0.0000	0.0000	0.0000	0.0000	0.0000	0.0000	0.0000	0.0000	0.0000	0.0000	0.0000	0.0000	0.0000	0.0000	0.0098	0.0053	0.0044	0.0027	0.0023	0.0004	0.0071	0.0030	0.0041
3	6	0.0625	11	2	1	1	0	0	1	1	0	0	0	2	1	0	0	0	0	0	0	Y	N	N	N	Y	N	N	N	N	N	N	N	N	N	N	N	N	N	0.0000	0.0000	0.0000	0.0000	0.0000	0.0000	0.0000	0.0000	0.0000	0.0000	0.0000	0.0000	0.0000	0.0000	0.0000	0.0000	0.0000	0.0000	24.5129	0.0005	49.9850	0.0029	0.0016	0.0150	29.5596	0.0000	51.7092		99925.0186	0.0000	0.4505	0.0000	0.8938	2.0092	17.7817	0.0000	0.0000	0.0000	0.0000	0.0000	0.0000	0.0000	0.0000	0.0000	0.9972	0.0000	0.9972	0.0000	0.0000	0.0000	0.9972	0.0000	0.9972	0.0000	0.0000	0.0000	0.0000	0.0000	0.0000	0.0000	0.0000	0.0000	0.0407	0.0207	0.0199	0.0069	0.0063	0.0007	0.0337	0.0145	0.0193
3	9	0.1242	21	1	1	1	0	0	1	0	0	1	0	2	1	0	0	0	0	0	0	N	N	N	N	Y	N	N	N	N	N	N	N	N	N	N	N	N	N	0.0000	0.0000	0.0000	0.0000	0.0000	0.0000	0.0000	0.0000	0.0000	0.0000	0.0000	0.0000	0.0000	0.0000	0.0000	0.0000	0.0000	0.0000	0.0000	0.0000	0.0000	0.0000	0.0000	0.0000	0.0000	0.0000	0.0000			0.0000	0.0000	0.0000	0.0001	2.0092	1.0042	0.0000	0.0000	0.0000	0.0000	0.0000	0.0000	0.0000	0.0000	0.0000	0.0000	0.0000	0.0000	0.0000	0.0000	0.0000	0.0000	0.0000	0.0000	0.0000	0.0000	0.0000	0.0000	0.0000	0.0000	0.0000	0.0000	0.0000	0.0020	0.0011	0.0009	0.0005	0.0004	0.0001	0.0015	0.0006	0.0008
3	10	0.0080	2	2	2	0	0	0	2	0	0	0	0	2	2	0	0	0	0	0	0	Y	Y	N	N	Y	Y	N	N	N	N	N	N	N	N	N	N	N	N	0.0000	0.0000	0.0000	0.0000	0.0000	0.0000	0.0000	0.0000	0.0000	0.0000	0.0000	0.0000	0.0000	0.0000	0.0000	0.0000	0.0000	0.0000	10.4209	15.7835	0.0000	24.9563	24.9686	0.0000	0.0000	0.0000	0.0000		0.0000	0.0000	-0.0000	0.0000	0.0000	2.0092	0.0003	0.0000	0.0000	0.0000	0.0000	0.0000	0.0000	0.0000	0.0000	0.0000	0.0000	0.0000	0.0000	0.0000	0.0000	0.0000	0.0000	0.0000	0.0000	0.0000	0.0000	0.0000	0.0000	0.0000	0.0000	0.0000	0.0000	0.0000	0.0000	0.0000	0.0000	0.0000	0.0000	0.0000	0.0000	0.0000	0.0000
3	12	0.1246	16	1	1	0	0	0	1	0	0	0	0	1	2	0	0	0	0	0	0	N	N	N	N	N	Y	N	N	N	N	N	N	N	N	N	N	N	N	0.0000	0.0000	0.0000	0.0000	0.0000	0.0000	0.0000	0.0000	0.0000	0.0000	0.0000	0.0000	0.0000	0.0000	0.0000	0.0000	0.0000	0.0000	0.0000	0.0000	0.0000	0.0000	0.0000	0.0000	0.0000	0.0000	0.0000			0.0000	0.0000	0.0000	0.0000	2.0092	3.0444	0.0000	0.0000	0.0000	0.0000	0.0000	0.0000	0.0000	0.0000	0.0000	0.0000	0.0000	0.0000	0.0000	0.0000	0.0000	0.0000	0.0000	0.0000	0.0000	0.0000	0.0000	0.0000	0.0000	0.0000	0.0000	0.0000	0.0000	0.0062	0.0033	0.0029	0.0016	0.0014	0.0002	0.0046	0.0019	0.0027
3	13	0.1094	16	2	1	0	0	0	1	0	0	0	1	1	2	0	0	0	0	0	0	Y	N	N	N	N	Y	N	N	N	N	N	N	N	N	N	N	N	N	0.0000	0.0000	0.0000	0.0000	0.0000	0.0000	0.0000	0.0000	0.0000	0.0000	0.0000	0.0000	0.0000	0.0000	0.0000	0.0000	0.0000	0.0000	0.2630	0.5009	0.0012	0.9417	1.0442	0.0000	0.0008	0.0000	0.0013		0.0022	0.0000	-0.0049	0.0000	2.0000	2.0092	12.5972	0.0000	0.0000	0.0000	0.0000	0.0000	0.0000	0.0000	0.0000	0.0000	0.0090	0.0089	0.0000	0.0089	0.0089	0.0000	0.0000	0.0000	0.0000	0.0000	0.0000	0.0000	0.0000	0.0000	0.0000	0.0000	0.0000	0.0000	0.0340	0.0178	0.0162	0.0095	0.0086	0.0009	0.0246	0.0093	0.0153
3	14	0.0566	8	2	1	1	0	0	1	0	0	0	0	2	1	0	0	0	0	0	0	Y	N	N	N	Y	N	N	N	N	N	N	N	N	N	N	N	N	N	0.0000	0.0000	0.0000	0.0000	0.0000	0.0000	0.0000	0.0000	0.0000	0.0000	0.0000	0.0000	0.0000	0.0000	0.0000	0.0000	0.0000	0.0000	0.0000	0.0000	0.0000	0.0000	0.0000	0.0000	0.0000	0.0000	0.0000			0.0000	0.0000	0.0000	1.0076	2.0092	9.0109	0.0000	0.0000	0.0000	0.0000	0.0000	0.0000	0.0000	0.0000	0.0000	0.0000	0.0000	0.0000	0.0000	0.0000	0.0000	0.0000	0.0000	0.0000	0.0000	0.0000	0.0000	0.0000	0.0000	0.0000	0.0000	0.0000	0.0000	0.0207	0.0101	0.0106	0.0025	0.0022	0.0003	0.0182	0.0079	0.0103
3	15	0.1547	23	1	1	0	0	0	1	0	0	0	1	1	2	0	0	0	0	0	0	N	N	N	N	N	Y	N	N	N	N	N	N	N	N	N	N	N	N	0.0000	0.0000	0.0000	0.0000	0.0000	0.0000	0.0000	0.0000	0.0000	0.0000	0.0000	0.0000	0.0000	0.0000	0.0000	0.0000	0.0000	0.0000	1.7241	3.2077	0.0000	6.2051	7.2951	0.0000	0.0000	0.0000	0.0000		0.0000	0.0000	-0.0056	0.0000	0.0012	2.0092	2.9951	0.0000	0.0000	0.0000	0.0000	0.0000	0.0000	0.0000	0.0000	0.0000	0.0102	0.0102	0.0000	0.0102	0.0102	0.0000	0.0000	0.0000	0.0000	0.0000	0.0000	0.0000	0.0000	0.0000	0.0000	0.0000	0.0000	0.0000	0.0059	0.0032	0.0027	0.0017	0.0014	0.0002	0.0043	0.0018	0.0025
3	16	0.0628	10	2	1	1	0	0	1	0	0	0	0	1	1	0	0	0	0	0	0	Y	N	N	N	N	N	N	N	N	N	N	N	N	N	N	N	N	N	0.0000	0.0000	0.0000	0.0000	0.0000	0.0000	0.0000	0.0000	0.0000	0.0000	0.0000	0.0000	0.0000	0.0000	0.0000	0.0000	0.0000	0.0000	0.0000	0.0000	0.0000	0.0000	0.0000	0.0000	0.0000	0.0000	0.0000			0.0000	0.0000	0.0000	0.0000	2.0092	7.0598	0.0000	0.0000	0.0000	0.0000	0.0000	0.0000	0.0000	0.0000	0.0000	0.0000	0.0000	0.0000	0.0000	0.0000	0.0000	0.0000	0.0000	0.0000	0.0000	0.0000	0.0000	0.0000	0.0000	0.0000	0.0000	0.0000	0.0000	0.0143	0.0069	0.0074	0.0016	0.0015	0.0002	0.0126	0.0054	0.0072
3	19	0.0725	11	2	1	1	0	0	1	0	0	0	0	1	1	0	0	0	0	0	0	Y	N	N	N	N	N	N	N	N	N	N	N	N	N	N	N	N	N	0.0000	0.0000	0.0000	0.0000	0.0000	0.0000	0.0000	0.0000	0.0000	0.0000	0.0000	0.0000	0.0000	0.0000	0.0000	0.0000	0.0000	0.0000	0.0000	0.0000	0.0000	0.0000	0.0000	0.0000	0.0000	0.0000	0.0000			0.0000	0.0000	0.0000	0.9990	2.0092	7.0746	0.0000	0.0000	0.0000	0.0000	0.0000	0.0000	0.0000	0.0000	0.0000	0.0000	0.0000	0.0000	0.0000	0.0000	0.0000	0.0000	0.0000	0.0000	0.0000	0.0000	0.0000	0.0000	0.0000	0.0000	0.0000	0.0000	0.0000	0.0170	0.0086	0.0085	0.0026	0.0024	0.0002	0.0144	0.0062	0.0082
3	21	0.1151	13	2	1	1	0	0	1	0	0	0	0	2	1	0	0	0	0	0	0	Y	N	N	N	Y	N	N	N	N	N	N	N	N	N	N	N	N	N	0.0000	0.0000	0.0000	0.0000	0.0000	0.0000	0.0000	0.0000	0.0000	0.0000	0.0000	0.0000	0.0000	0.0000	0.0000	0.0000	0.0000	0.0000	0.0021	0.0035	0.0005	0.0068	0.0074	0.0000	0.0003	0.0000	0.0005		0.1096	0.0000	-0.0000	0.0000	0.4173	2.0092	8.0348	0.0000	0.0000	0.0000	0.0000	0.0000	0.0000	0.0000	0.0000	0.0000	0.0000	0.0000	0.0000	0.0000	0.0000	0.0000	0.0000	0.0000	0.0000	0.0000	0.0000	0.0000	0.0000	0.0000	0.0000	0.0000	0.0000	0.0000	0.0208	0.0115	0.0093	0.0059	0.0054	0.0005	0.0149	0.0061	0.0088
3	22	0.1195	19	2	1	1	0	0	1	0	0	0	0	1	1	0	0	0	0	0	0	Y	N	N	N	N	N	N	N	N	N	N	N	N	N	N	N	N	N	0.0000	0.0000	0.0000	0.0000	0.0000	0.0000	0.0000	0.0000	0.0000	0.0000	0.0000	0.0000	0.0000	0.0000	0.0000	0.0000	0.0000	0.0000	0.6157	0.0000	1.3352	0.0189	0.0000	0.1428	0.8263	0.0000	1.4317		inf	0.0000	0.0051	0.0000	1.0206	2.0092	8.2592	0.0000	0.0000	0.0000	0.0000	0.0000	0.0000	0.0000	0.0000	0.0000	0.0112	0.0000	0.0112	0.0001	0.0000	0.0001	0.0111	0.0000	0.0111	0.0000	0.0000	0.0000	0.0000	0.0000	0.0000	0.0000	0.0000	0.0000	0.0182	0.0098	0.0084	0.0048	0.0041	0.0006	0.0135	0.0057	0.0078
3	25	0.0846	11	2	1	0	1	0	1	0	1	0	0	2	2	0	0	0	0	0	0	Y	N	N	N	Y	Y	N	N	N	N	N	N	N	N	N	N	N	N	0.0000	0.0000	0.0000	0.0000	0.0000	0.0000	0.0000	0.0000	0.0000	0.0000	0.0000	0.0000	0.0000	0.0000	0.0000	0.0000	0.0000	0.0000	0.0000	0.0000	0.0000	0.0000	0.0000	0.0000	0.0000	0.0000	0.0000			0.0000	0.0000	0.0000	0.9999	2.0092	1.0788	0.0000	0.0000	0.0000	0.0000	0.0000	0.0000	0.0000	0.0000	0.0000	0.0000	0.0000	0.0000	0.0000	0.0000	0.0000	0.0000	0.0000	0.0000	0.0000	0.0000	0.0000	0.0000	0.0000	0.0000	0.0000	0.0000	0.0000	0.0045	0.0023	0.0022	0.0009	0.0008	0.0001	0.0036	0.0015	0.0021
3	26	0.0988	16	2	1	1	0	0	1	0	0	0	0	1	1	0	0	0	0	0	0	Y	N	N	N	N	N	N	N	N	N	N	N	N	N	N	N	N	N	0.0000	0.0000	0.0000	0.0000	0.0000	0.0000	0.0000	0.0000	0.0000	0.0000	0.0000	0.0000	0.0000	0.0000	0.0000	0.0000	0.0000	0.0000	0.0000	0.0000	0.0000	0.0000	0.0000	0.0000	0.0000	0.0000	0.0000			0.0000	0.0000	0.0000	2.9974	2.0092	7.2972	0.0000	0.0000	0.0000	0.0000	0.0000	0.0000	0.0000	0.0000	0.0000	0.0000	0.0000	0.0000	0.0000	0.0000	0.0000	0.0000	0.0000	0.0000	0.0000	0.0000	0.0000	0.0000	0.0000	0.0000	0.0000	0.0000	0.0000	0.0215	0.0112	0.0103	0.0051	0.0045	0.0007	0.0164	0.0068	0.0096
3	27	0.0928	14	2	1	1	0	1	1	0	0	0	0	1	1	0	0	0	0	0	0	Y	N	N	N	N	N	N	N	N	N	N	N	N	N	N	N	N	N	0.0000	0.0000	0.0000	0.0000	0.0000	0.0000	0.0000	0.0000	0.0000	0.0000	0.0000	0.0000	0.0000	0.0000	0.0000	0.0000	0.0000	0.0000	0.0182	0.0013	0.0464	0.0025	0.0027	0.0000	0.0254	0.0000	0.0491		21.6585	0.0000	0.0003	0.0000	0.0672	2.0092	11.7431	0.0000	0.0000	0.0000	0.0000	0.0000	0.0000	0.0000	0.0000	0.0000	0.0007	0.0000	0.0006	0.0000	0.0000	0.0000	0.0006	0.0000	0.0006	0.0000	0.0000	0.0000	0.0000	0.0000	0.0000	0.0000	0.0000	0.0000	0.0373	0.0233	0.0140	0.0118	0.0110	0.0007	0.0255	0.0123	0.0132
3	28	0.0566	8	2	1	1	0	0	1	0	0	0	0	2	1	0	0	0	0	0	0	Y	N	N	N	Y	N	N	N	N	N	N	N	N	N	N	N	N	N	0.0000	0.0000	0.0000	0.0000	0.0000	0.0000	0.0000	0.0000	0.0000	0.0000	0.0000	0.0000	0.0000	0.0000	0.0000	0.0000	0.0000	0.0000	0.0000	0.0000	0.0000	0.0000	0.0000	0.0000	0.0000	0.0000	0.0000			0.0000	0.0000	0.0000	2.0122	2.0092	16.0892	0.0000	0.0000	0.0000	0.0000	0.0000	0.0000	0.0000	0.0000	0.0000	0.0000	0.0000	0.0000	0.0000	0.0000	0.0000	0.0000	0.0000	0.0000	0.0000	0.0000	0.0000	0.0000	0.0000	0.0000	0.0000	0.0000	0.0000	0.0356	0.0171	0.0184	0.0039	0.0035	0.0004	0.0316	0.0136	0.0180
3	29	0.0503	7	2	1	1	0	0	1	1	0	1	0	2	1	0	0	0	0	0	0	Y	N	N	N	Y	N	N	N	N	N	N	N	N	N	N	N	N	N	0.0000	0.0000	0.0000	0.0000	0.0000	0.0000	0.0000	0.0000	0.0000	0.0000	0.0000	0.0000	0.0000	0.0000	0.0000	0.0000	0.0000	0.0000	0.0000	0.0000	0.0000	0.0000	0.0000	0.0000	0.0000	0.0000	0.0000			0.0000	0.0000	0.0000	1.9944	2.0092	2.0374	0.0000	0.0000	0.0000	0.0000	0.0000	0.0000	0.0000	0.0000	0.0000	0.0000	0.0000	0.0000	0.0000	0.0000	0.0000	0.0000	0.0000	0.0000	0.0000	0.0000	0.0000	0.0000	0.0000	0.0000	0.0000	0.0000	0.0000	0.0080	0.0037	0.0042	0.0007	0.0006	0.0001	0.0072	0.0031	0.0041
3	30	0.0988	16	2	1	1	0	0	1	0	0	0	0	1	1	0	0	0	0	0	0	Y	N	N	N	N	N	N	N	N	N	N	N	N	N	N	N	N	N	0.0000	0.0000	0.0000	0.0000	0.0000	0.0000	0.0000	0.0000	0.0000	0.0000	0.0000	0.0000	0.0000	0.0000	0.0000	0.0000	0.0000	0.0000	0.0000	0.0000	0.0000	0.0000	0.0000	0.0000	0.0000	0.0000	0.0000			0.0000	0.0000	0.0000	0.0026	2.0092	6.8389	0.0000	0.0000	0.0000	0.0000	0.0000	0.0000	0.0000	0.0000	0.0000	0.0000	0.0000	0.0000	0.0000	0.0000	0.0000	0.0000	0.0000	0.0000	0.0000	0.0000	0.0000	0.0000	0.0000	0.0000	0.0000	0.0000	0.0000	0.0150	0.0080	0.0071	0.0037	0.0033	0.0004	0.0113	0.0047	0.0066
3	31	0.0932	15	2	1	1	0	1	1	1	0	0	0	1	1	0	0	0	0	0	0	Y	N	N	N	N	N	N	N	N	N	N	N	N	N	N	N	N	N	0.0000	0.0000	0.0000	0.0000	0.0000	0.0000	0.0000	0.0000	0.0000	0.0000	0.0000	0.0000	0.0000	0.0000	0.0000	0.0000	0.0000	0.0000	0.0000	0.0000	0.0000	0.0000	0.0000	0.0000	0.0000	0.0000	0.0000		0.0000	0.0000	-0.0000	0.0000	0.0026	2.0092	4.4275	0.0000	0.0000	0.0000	0.0000	0.0000	0.0000	0.0000	0.0000	0.0000	0.0000	0.0000	0.0000	0.0000	0.0000	0.0000	0.0000	0.0000	0.0000	0.0000	0.0000	0.0000	0.0000	0.0000	0.0000	0.0000	0.0000	0.0000	0.0154	0.0094	0.0060	0.0052	0.0049	0.0003	0.0102	0.0045	0.0057
3	32	0.1094	17	2	1	1	0	1	1	1	0	1	0	2	1	0	0	0	0	0	0	Y	N	N	N	Y	N	N	N	N	N	N	N	N	N	N	N	N	N	0.0000	0.0000	0.0000	0.0000	0.0000	0.0000	0.0000	0.0000	0.0000	0.0000	0.0000	0.0000	0.0000	0.0000	0.0000	0.0000	0.0000	0.0000	0.0002	0.0004	0.0000	0.0010	0.0011	0.0000	0.0000	0.0000	0.0000		0.0000	0.0000	-0.0000	0.0000	2.8343	2.0092	20.2282	0.0000	0.0000	0.0000	0.0000	0.0000	0.0000	0.0000	0.0000	0.0000	0.0000	0.0000	0.0000	0.0000	0.0000	0.0000	0.0000	0.0000	0.0000	0.0000	0.0000	0.0000	0.0000	0.0000	0.0000	0.0000	0.0000	0.0000	0.0455	0.0242	0.0213	0.0103	0.0089	0.0014	0.0352	0.0153	0.0200
3	33	0.0591	8	2	1	1	0	0	1	0	0	0	0	1	1	0	0	0	0	0	0	Y	N	N	N	N	N	N	N	N	N	N	N	N	N	N	N	N	N	0.0000	0.0000	0.0000	0.0000	0.0000	0.0000	0.0000	0.0000	0.0000	0.0000	0.0000	0.0000	0.0000	0.0000	0.0000	0.0000	0.0000	0.0000	0.0000	0.0000	0.0000	0.0000	0.0000	0.0000	0.0000	0.0000	0.0000			0.0000	0.0000	0.0000	1.0032	2.0092	9.5192	0.0000	0.0000	0.0000	0.0000	0.0000	0.0000	0.0000	0.0000	0.0000	0.0000	0.0000	0.0000	0.0000	0.0000	0.0000	0.0000	0.0000	0.0000	0.0000	0.0000	0.0000	0.0000	0.0000	0.0000	0.0000	0.0000	0.0000	0.0210	0.0102	0.0108	0.0025	0.0023	0.0002	0.0186	0.0080	0.0106
3	34	0.0648	10	2	2	1	0	0	2	1	0	0	0	1	1	0	0	0	0	0	0	Y	Y	N	N	N	N	N	N	N	N	N	N	N	N	N	N	N	N	0.0000	0.0000	0.0000	0.0000	0.0000	0.0000	0.0000	0.0000	0.0000	0.0000	0.0000	0.0000	0.0000	0.0000	0.0000	0.0000	0.0000	0.0000	0.0004	0.0009	0.0000	0.0025	0.0029	0.0000	0.0000	0.0000	0.0000		0.0000	0.0000	-0.0000	0.0000	0.9987	2.0092	10.0476	0.0000	0.0000	0.0000	0.0000	0.0000	0.0000	0.0000	0.0000	0.0000	0.0000	0.0000	0.0000	0.0000	0.0000	0.0000	0.0000	0.0000	0.0000	0.0000	0.0000	0.0000	0.0000	0.0000	0.0000	0.0000	0.0000	0.0000	0.0233	0.0117	0.0117	0.0039	0.0035	0.0004	0.0194	0.0082	0.0112
3	35	0.1573	25	1	1	1	0	0	1	1	0	0	1	1	2	0	0	0	0	0	0	N	N	N	N	N	Y	N	N	N	N	N	N	N	N	N	N	N	N	0.0000	0.0000	0.0000	0.0000	0.0000	0.0000	0.0000	0.0000	0.0000	0.0000	0.0000	0.0000	0.0000	0.0000	0.0000	0.0000	0.0000	0.0000	0.0035	0.0063	0.0003	0.0128	0.0145	0.0000	0.0002	0.0000	0.0003		0.0421	0.0000	-0.0000	0.0000	0.0023	2.0092	1.9232	0.0000	0.0000	0.0000	0.0000	0.0000	0.0000	0.0000	0.0000	0.0000	0.0000	0.0000	0.0000	0.0000	0.0000	0.0000	0.0000	0.0000	0.0000	0.0000	0.0000	0.0000	0.0000	0.0000	0.0000	0.0000	0.0000	0.0000	0.0044	0.0023	0.0021	0.0011	0.0010	0.0001	0.0032	0.0013	0.0019
3	37	0.0845	13	2	1	1	0	1	1	1	0	0	0	1	1	0	0	0	0	0	0	Y	N	N	N	N	N	N	N	N	N	N	N	N	N	N	N	N	N	0.0000	0.0000	0.0000	0.0000	0.0000	0.0000	0.0000	0.0000	0.0000	0.0000	0.0000	0.0000	0.0000	0.0000	0.0000	0.0000	0.0000	0.0000	0.2346	0.4459	0.0000	1.0780	1.2344	0.0000	0.0000	0.0000	0.0000		0.0000	0.0000	-0.0056	0.0000	4.0110	2.0092	17.6512	0.0000	0.0000	0.0000	0.0000	0.0000	0.0000	0.0000	0.0000	0.0000	0.0102	0.0102	0.0000	0.0102	0.0102	0.0000	0.0000	0.0000	0.0000	0.0000	0.0000	0.0000	0.0000	0.0000	0.0000	0.0000	0.0000	0.0000	0.0437	0.0230	0.0207	0.0095	0.0083	0.0012	0.0342	0.0147	0.0195
3	38	0.1420	23	2	1	1	0	0	1	0	0	0	0	2	1	0	0	0	0	0	0	Y	N	N	N	Y	N	N	N	N	N	N	N	N	N	N	N	N	N	0.0000	0.0000	0.0000	0.0000	0.0000	0.0000	0.0000	0.0000	0.0000	0.0000	0.0000	0.0000	0.0000	0.0000	0.0000	0.0000	0.0000	0.0000	0.2812	0.5039	0.0000	0.0000	0.0001	0.0000	0.4092	0.9367	0.0000		0.0000	0.0000	-0.0003	0.0000	0.0000	2.0092	0.9989	0.0000	0.0000	0.0000	0.0000	0.0000	0.0000	0.0000	0.0000	0.0000	0.0006	0.0006	0.0000	0.0000	0.0000	0.0000	0.0006	0.0006	0.0000	0.0000	0.0000	0.0000	0.0000	0.0000	0.0000	0.0000	0.0000	0.0000	0.0020	0.0011	0.0009	0.0006	0.0005	0.0001	0.0014	0.0006	0.0008
3	41	0.0910	15	2	1	1	0	1	1	1	0	1	0	2	1	0	0	0	0	0	0	Y	N	N	N	Y	N	N	N	N	N	N	N	N	N	N	N	N	N	0.0000	0.0000	0.0000	0.0000	0.0000	0.0000	0.0000	0.0000	0.0000	0.0000	0.0000	0.0000	0.0000	0.0000	0.0000	0.0000	0.0000	0.0000	0.0000	0.0000	0.0000	0.0000	0.0000	0.0000	0.0000	0.0000	0.0000		inf	0.0000	0.0000	0.0000	2.0001	2.0092	33.1942	0.0000	0.0000	0.0000	0.0000	0.0000	0.0000	0.0000	0.0000	0.0000	0.0000	0.0000	0.0000	0.0000	0.0000	0.0000	0.0000	0.0000	0.0000	0.0000	0.0000	0.0000	0.0000	0.0000	0.0000	0.0000	0.0000	0.0000	0.0655	0.0340	0.0316	0.0142	0.0123	0.0019	0.0513	0.0217	0.0296
3	42	0.1587	23	2	1	0	0	0	1	0	0	0	1	1	2	0	0	0	0	0	0	Y	N	N	N	N	Y	N	N	N	N	N	N	N	N	N	N	N	N	0.0000	0.0000	0.0000	0.0000	0.0000	0.0000	0.0000	0.0000	0.0000	0.0000	0.0000	0.0000	0.0000	0.0000	0.0000	0.0000	0.0000	0.0000	0.0000	0.0000	0.0000	0.0000	0.0000	0.0000	0.0000	0.0000	0.0000			0.0000	0.0000	0.0000	0.0000	2.0092	0.0011	0.0000	0.0000	0.0000	0.0000	0.0000	0.0000	0.0000	0.0000	0.0000	0.0000	0.0000	0.0000	0.0000	0.0000	0.0000	0.0000	0.0000	0.0000	0.0000	0.0000	0.0000	0.0000	0.0000	0.0000	0.0000	0.0000	0.0000	0.0000	0.0000	0.0000	0.0000	0.0000	0.0000	0.0000	0.0000	0.0000
3	43	0.1436	24	2	1	1	0	0	1	1	0	0	0	1	1	0	0	0	0	0	0	Y	N	N	N	N	N	N	N	N	N	N	N	N	N	N	N	N	N	0.0000	0.0000	0.0000	0.0000	0.0000	0.0000	0.0000	0.0000	0.0000	0.0000	0.0000	0.0000	0.0000	0.0000	0.0000	0.0000	0.0000	0.0000	1.5517	2.8382	0.0004	5.8655	6.6166	0.0000	0.0003	0.0000	0.0005		0.0001	0.0000	-0.0127	0.0000	1.0006	2.0092	5.8160	0.0000	0.0000	0.0000	0.0000	0.0000	0.0000	0.0000	0.0000	0.0000	0.0232	0.0232	0.0000	0.0232	0.0232	0.0000	0.0000	0.0000	0.0000	0.0000	0.0000	0.0000	0.0000	0.0000	0.0000	0.0000	0.0000	0.0000	0.0150	0.0082	0.0068	0.0040	0.0035	0.0004	0.0110	0.0047	0.0063
3	44	0.0687	12	2	1	0	1	0	1	0	0	0	0	2	2	0	0	0	0	0	0	Y	N	N	N	Y	Y	N	N	N	N	N	N	N	N	N	N	N	N	0.0000	0.0000	0.0000	0.0000	0.0000	0.0000	0.0000	0.0000	0.0000	0.0000	0.0000	0.0000	0.0000	0.0000	0.0000	0.0000	0.0000	0.0000	0.9621	0.0006	1.9350	0.0172	0.0024	0.1285	1.1252	0.0000	1.9999		3045.0514	0.0000	0.0274	0.0000	7.0030	2.0092	25.8862	0.0000	0.0000	0.0000	0.0000	0.0000	0.0000	0.0000	0.0000	0.0000	0.0608	0.0000	0.0608	0.0002	0.0000	0.0001	0.0606	0.0000	0.0606	0.0000	0.0000	0.0000	0.0000	0.0000	0.0000	0.0000	0.0000	0.0000	0.0632	0.0318	0.0314	0.0093	0.0082	0.0011	0.0539	0.0236	0.0303
3	45	0.1352	24	2	1	1	0	1	1	1	0	0	0	1	1	0	0	0	0	0	0	Y	N	N	N	N	N	N	N	N	N	N	N	N	N	N	N	N	N	0.0000	0.0000	0.0000	0.0000	0.0000	0.0000	0.0000	0.0000	0.0000	0.0000	0.0000	0.0000	0.0000	0.0000	0.0000	0.0000	0.0000	0.0000	0.0052	0.0014	0.0097	0.0029	0.0033	0.0000	0.0060	0.0000	0.0104		5.8864	0.0000	0.0000	0.0000	1.9929	2.0092	12.8604	0.0000	0.0000	0.0000	0.0000	0.0000	0.0000	0.0000	0.0000	0.0000	0.0002	0.0000	0.0001	0.0000	0.0000	0.0000	0.0001	0.0000	0.0001	0.0000	0.0000	0.0000	0.0000	0.0000	0.0000	0.0000	0.0000	0.0000	0.0312	0.0170	0.0142	0.0080	0.0071	0.0010	0.0231	0.0099	0.0132
3	48	0.0687	12	2	1	0	1	0	1	0	0	0	0	2	2	0	0	0	0	0	0	Y	N	N	N	Y	Y	N	N	N	N	N	N	N	N	N	N	N	N	0.0000	0.0000	0.0000	0.0000	0.0000	0.0000	0.0000	0.0000	0.0000	0.0000	0.0000	0.0000	0.0000	0.0000	0.0000	0.0000	0.0000	0.0000	2.6820	0.0016	5.8110	0.0355	0.0048	0.4147	3.3373	0.0000	5.9909		3045.0514	0.0000	0.0274	0.0000	1.7572	2.0092	7.6758	0.0000	0.0000	0.0000	0.0000	0.0000	0.0000	0.0000	0.0000	0.0000	0.0608	0.0000	0.0608	0.0002	0.0000	0.0001	0.0606	0.0000	0.0606	0.0000	0.0000	0.0000	0.0000	0.0000	0.0000	0.0000	0.0000	0.0000	0.0227	0.0122	0.0105	0.0045	0.0042	0.0003	0.0182	0.0080	0.0101
3	49	0.0598	11	2	1	0	1	0	1	0	1	0	0	2	2	0	0	0	0	0	0	Y	N	N	N	Y	Y	N	N	N	N	N	N	N	N	N	N	N	N	0.0000	0.0000	0.0000	0.0000	0.0000	0.0000	0.0000	0.0000	0.0000	0.0000	0.0000	0.0000	0.0000	0.0000	0.0000	0.0000	0.0000	0.0000	61.3112	0.0407	130.5597	0.0698	0.0767	0.0000	73.7965	0.0260	134.8916		2835.9672	0.0000	0.4227	0.0000	1.2605	2.0092	5.3560	0.0000	0.0000	0.0000	0.0000	0.0000	0.0000	0.0000	0.0000	0.0000	0.9364	0.0003	0.9361	0.0002	0.0002	0.0000	0.9363	0.0001	0.9361	0.0000	0.0000	0.0000	0.0000	0.0000	0.0000	0.0000	0.0000	0.0000	0.0153	0.0081	0.0072	0.0026	0.0024	0.0002	0.0127	0.0057	0.0069
3	50	0.0598	11	2	1	0	0	0	1	0	0	0	0	2	2	0	0	0	0	0	0	Y	N	N	N	Y	Y	N	N	N	N	N	N	N	N	N	N	N	N	0.0000	0.0000	0.0000	0.0000	0.0000	0.0000	0.0000	0.0000	0.0000	0.0000	0.0000	0.0000	0.0000	0.0000	0.0000	0.0000	0.0000	0.0000	0.1580	0.3042	0.0000	0.9998	1.1084	0.0000	0.0000	0.0000	0.0000		0.0000	0.0000	-0.0016	0.0000	1.0001	2.0092	7.4568	0.0000	0.0000	0.0000	0.0000	0.0000	0.0000	0.0000	0.0000	0.0000	0.0030	0.0030	0.0000	0.0030	0.0030	0.0000	0.0000	0.0000	0.0000	0.0000	0.0000	0.0000	0.0000	0.0000	0.0000	0.0000	0.0000	0.0000	0.0188	0.0098	0.0090	0.0030	0.0027	0.0003	0.0158	0.0071	0.0087
3	51	0.0553	10	2	1	0	0	0	1	0	0	0	1	2	2	0	0	0	0	0	0	Y	N	N	N	Y	Y	N	N	N	N	N	N	N	N	N	N	N	N	0.0000	0.0000	0.0000	0.0000	0.0000	0.0000	0.0000	0.0000	0.0000	0.0000	0.0000	0.0000	0.0000	0.0000	0.0000	0.0000	0.0000	0.0000	0.2948	0.0722	0.6841	0.1206	0.1355	0.0000	0.4019	0.0000	0.7730		5.4163	0.0000	0.0010	0.0000	0.0061	2.0092	2.7591	0.0000	0.0000	0.0000	0.0000	0.0000	0.0000	0.0000	0.0000	0.0000	0.0035	0.0005	0.0030	0.0005	0.0005	0.0000	0.0030	0.0000	0.0030	0.0000	0.0000	0.0000	0.0000	0.0000	0.0000	0.0000	0.0000	0.0000	0.0119	0.0076	0.0043	0.0045	0.0040	0.0005	0.0074	0.0035	0.0038
3	52	0.1436	24	2	1	0	0	0	1	0	0	0	1	1	2	0	0	0	0	0	0	Y	N	N	N	N	Y	N	N	N	N	N	N	N	N	N	N	N	N	0.0000	0.0000	0.0000	0.0000	0.0000	0.0000	0.0000	0.0000	0.0000	0.0000	0.0000	0.0000	0.0000	0.0000	0.0000	0.0000	0.0000	0.0000	55.3978	101.9446	0.0004	0.0176	0.0199	0.0000	74.6359	175.3923	0.0004		0.0000	0.0000	-0.5344	0.0000	1.0020	2.0092	7.2599	0.0000	0.0000	0.0000	0.0000	0.0000	0.0000	0.0000	0.0000	0.0000	0.9748	0.9748	0.0000	0.0001	0.0001	0.0000	0.9747	0.9747	0.0000	0.0000	0.0000	0.0000	0.0000	0.0000	0.0000	0.0000	0.0000	0.0000	0.0176	0.0096	0.0080	0.0045	0.0040	0.0005	0.0131	0.0056	0.0075
3	53	0.1239	23	2	1	0	0	1	1	0	0	0	0	1	1	0	0	0	0	0	0	Y	N	N	N	N	N	N	N	N	N	N	N	N	N	N	N	N	N	0.0000	0.0000	0.0000	0.0000	0.0000	0.0000	0.0000	0.0000	0.0000	0.0000	0.0000	0.0000	0.0000	0.0000	0.0000	0.0000	0.0000	0.0000	1.0004	1.7945	0.0645	0.0148	0.0166	0.0000	1.3270	3.0295	0.0685		0.0305	0.0000	-0.0124	0.0000	3.0050	2.0092	8.3063	0.0000	0.0000	0.0000	0.0000	0.0000	0.0000	0.0000	0.0000	0.0000	0.0239	0.0232	0.0007	0.0001	0.0001	0.0000	0.0238	0.0231	0.0007	0.0000	0.0000	0.0000	0.0000	0.0000	0.0000	0.0000	0.0000	0.0000	0.0239	0.0129	0.0110	0.0060	0.0053	0.0006	0.0180	0.0076	0.0103
3	55	0.1587	23	2	1	1	0	0	1	1	0	0	0	1	1	0	0	0	0	0	0	Y	N	N	N	N	N	N	N	N	N	N	N	N	N	N	N	N	N	0.0000	0.0000	0.0000	0.0000	0.0000	0.0000	0.0000	0.0000	0.0000	0.0000	0.0000	0.0000	0.0000	0.0000	0.0000	0.0000	0.0000	0.0000	0.0000	0.0000	0.0000	0.0000	0.0000	0.0000	0.0000	0.0000	0.0000			0.0000	0.0000	0.0000	0.0000	2.0092	2.9989	0.0000	0.0000	0.0000	0.0000	0.0000	0.0000	0.0000	0.0000	0.0000	0.0000	0.0000	0.0000	0.0000	0.0000	0.0000	0.0000	0.0000	0.0000	0.0000	0.0000	0.0000	0.0000	0.0000	0.0000	0.0000	0.0000	0.0000	0.0057	0.0031	0.0026	0.0014	0.0013	0.0002	0.0043	0.0019	0.0024
3	56	0.1341	22	2	1	0	0	0	1	0	0	0	0	1	1	0	0	0	0	0	0	Y	N	N	N	N	N	N	N	N	N	N	N	N	N	N	N	N	N	0.0000	0.0000	0.0000	0.0000	0.0000	0.0000	0.0000	0.0000	0.0000	0.0000	0.0000	0.0000	0.0000	0.0000	0.0000	0.0000	0.0000	0.0000	0.0007	0.0013	0.0000	0.0030	0.0034	0.0000	0.0000	0.0000	0.0000		0.0052	0.0000	-0.0000	0.0000	2.9988	2.0092	11.1255	0.0000	0.0000	0.0000	0.0000	0.0000	0.0000	0.0000	0.0000	0.0000	0.0000	0.0000	0.0000	0.0000	0.0000	0.0000	0.0000	0.0000	0.0000	0.0000	0.0000	0.0000	0.0000	0.0000	0.0000	0.0000	0.0000	0.0000	0.0281	0.0151	0.0131	0.0067	0.0059	0.0008	0.0215	0.0092	0.0123
3	57	0.0926	13	2	1	1	1	0	1	0	1	0	0	2	2	0	0	0	0	0	0	Y	N	N	N	Y	Y	N	N	N	N	N	N	N	N	N	N	N	N	0.0000	0.0000	0.0000	0.0000	0.0000	0.0000	0.0000	0.0000	0.0000	0.0000	0.0000	0.0000	0.0000	0.0000	0.0000	0.0000	0.0000	0.0000	0.0000	0.0000	0.0000	0.0000	0.0000	0.0000	0.0000	0.0000	0.0000			0.0000	0.0000	0.0000	0.0000	2.0092	0.0000	0.0000	0.0000	0.0000	0.0000	0.0000	0.0000	0.0000	0.0000	0.0000	0.0000	0.0000	0.0000	0.0000	0.0000	0.0000	0.0000	0.0000	0.0000	0.0000	0.0000	0.0000	0.0000	0.0000	0.0000	0.0000	0.0000	0.0000	0.0000	0.0000	0.0000	0.0000	0.0000	0.0000	0.0000	0.0000	0.0000
3	58	0.0926	13	2	1	1	0	0	1	0	0	0	0	2	2	0	0	0	0	0	0	Y	N	N	N	Y	Y	N	N	N	N	N	N	N	N	N	N	N	N	0.0000	0.0000	0.0000	0.0000	0.0000	0.0000	0.0000	0.0000	0.0000	0.0000	0.0000	0.0000	0.0000	0.0000	0.0000	0.0000	0.0000	0.0000	0.0000	0.0000	0.0000	0.0000	0.0000	0.0000	0.0000	0.0000	0.0000			0.0000	0.0000	0.0000	0.0000	2.0092	0.0000	0.0000	0.0000	0.0000	0.0000	0.0000	0.0000	0.0000	0.0000	0.0000	0.0000	0.0000	0.0000	0.0000	0.0000	0.0000	0.0000	0.0000	0.0000	0.0000	0.0000	0.0000	0.0000	0.0000	0.0000	0.0000	0.0000	0.0000	0.0000	0.0000	0.0000	0.0000	0.0000	0.0000	0.0000	0.0000	0.0000
3	59	0.0877	12	2	1	1	0	0	1	1	0	0	0	2	2	0	0	0	0	0	0	Y	N	N	N	Y	Y	N	N	N	N	N	N	N	N	N	N	N	N	0.0000	0.0000	0.0000	0.0000	0.0000	0.0000	0.0000	0.0000	0.0000	0.0000	0.0000	0.0000	0.0000	0.0000	0.0000	0.0000	0.0000	0.0000	0.0000	0.0000	0.0000	0.0000	0.0000	0.0000	0.0000	0.0000	0.0000			0.0000	0.0000	0.0000	0.0001	2.0092	3.0507	0.0000	0.0000	0.0000	0.0000	0.0000	0.0000	0.0000	0.0000	0.0000	0.0000	0.0000	0.0000	0.0000	0.0000	0.0000	0.0000	0.0000	0.0000	0.0000	0.0000	0.0000	0.0000	0.0000	0.0000	0.0000	0.0000	0.0000	0.0063	0.0032	0.0031	0.0012	0.0010	0.0001	0.0052	0.0022	0.0030
3	60	0.1228	19	2	1	1	0	0	1	0	0	0	0	2	1	0	0	0	0	0	0	Y	N	N	N	Y	N	N	N	N	N	N	N	N	N	N	N	N	N	0.0000	0.0000	0.0000	0.0000	0.0000	0.0000	0.0000	0.0000	0.0000	0.0000	0.0000	0.0000	0.0000	0.0000	0.0000	0.0000	0.0000	0.0000	0.0001	0.0000	0.0002	0.0000	0.0000	0.0000	0.0001	0.0000	0.0002		inf	0.0000	0.0000	0.0000	0.0010	2.0092	5.0218	0.0000	0.0000	0.0000	0.0000	0.0000	0.0000	0.0000	0.0000	0.0000	0.0000	0.0000	0.0000	0.0000	0.0000	0.0000	0.0000	0.0000	0.0000	0.0000	0.0000	0.0000	0.0000	0.0000	0.0000	0.0000	0.0000	0.0000	0.0102	0.0057	0.0046	0.0030	0.0025	0.0005	0.0072	0.0031	0.0041
3	67	0.0725	11	2	1	1	0	0	1	0	0	0	1	1	2	0	0	0	0	0	0	Y	N	N	N	N	Y	N	N	N	N	N	N	N	N	N	N	N	N	0.0000	0.0000	0.0000	0.0000	0.0000	0.0000	0.0000	0.0000	0.0000	0.0000	0.0000	0.0000	0.0000	0.0000	0.0000	0.0000	0.0000	0.0000	0.0000	0.0000	0.0000	0.0000	0.0000	0.0000	0.0000	0.0000	0.0000			0.0000	0.0000	0.0000	0.0010	2.0092	8.0699	0.0000	0.0000	0.0000	0.0000	0.0000	0.0000	0.0000	0.0000	0.0000	0.0000	0.0000	0.0000	0.0000	0.0000	0.0000	0.0000	0.0000	0.0000	0.0000	0.0000	0.0000	0.0000	0.0000	0.0000	0.0000	0.0000	0.0000	0.0170	0.0086	0.0085	0.0026	0.0024	0.0002	0.0144	0.0062	0.0082
3	68	0.0628	10	2	1	1	0	0	1	0	0	0	0	1	1	0	0	0	0	0	0	Y	N	N	N	N	N	N	N	N	N	N	N	N	N	N	N	N	N	0.0000	0.0000	0.0000	0.0000	0.0000	0.0000	0.0000	0.0000	0.0000	0.0000	0.0000	0.0000	0.0000	0.0000	0.0000	0.0000	0.0000	0.0000	0.0000	0.0000	0.0000	0.0000	0.0000	0.0000	0.0000	0.0000	0.0000			0.0000	0.0000	0.0000	0.0010	2.0092	6.0584	0.0000	0.0000	0.0000	0.0000	0.0000	0.0000	0.0000	0.0000	0.0000	0.0000	0.0000	0.0000	0.0000	0.0000	0.0000	0.0000	0.0000	0.0000	0.0000	0.0000	0.0000	0.0000	0.0000	0.0000	0.0000	0.0000	0.0000	0.0123	0.0060	0.0064	0.0014	0.0013	0.0001	0.0109	0.0047	0.0062
3	69	0.0614	9	2	1	1	0	0	1	0	0	0	0	1	1	0	0	0	0	0	0	Y	N	N	N	N	N	N	N	N	N	N	N	N	N	N	N	N	N	0.0000	0.0000	0.0000	0.0000	0.0000	0.0000	0.0000	0.0000	0.0000	0.0000	0.0000	0.0000	0.0000	0.0000	0.0000	0.0000	0.0000	0.0000	0.0000	0.0000	0.0000	0.0000	0.0000	0.0000	0.0000	0.0000	0.0000			0.0000	0.0000	0.0000	0.0006	2.0092	0.9765	0.0000	0.0000	0.0000	0.0000	0.0000	0.0000	0.0000	0.0000	0.0000	0.0000	0.0000	0.0000	0.0000	0.0000	0.0000	0.0000	0.0000	0.0000	0.0000	0.0000	0.0000	0.0000	0.0000	0.0000	0.0000	0.0000	0.0000	0.0021	0.0010	0.0011	0.0003	0.0003	0.0000	0.0018	0.0008	0.0010
3	70	0.0625	11	2	1	0	0	0	1	0	0	0	1	2	2	0	0	0	0	0	0	Y	N	N	N	Y	Y	N	N	N	N	N	N	N	N	N	N	N	N	0.0000	0.0000	0.0000	0.0000	0.0000	0.0000	0.0000	0.0000	0.0000	0.0000	0.0000	0.0000	0.0000	0.0000	0.0000	0.0000	0.0000	0.0000	0.0790	0.1486	0.0000	0.3799	0.4138	0.0000	0.0000	0.0000	0.0000		0.0000	0.0000	-0.0011	0.0000	2.3581	2.0092	7.4584	0.0000	0.0000	0.0000	0.0000	0.0000	0.0000	0.0000	0.0000	0.0000	0.0019	0.0019	0.0000	0.0019	0.0019	0.0000	0.0000	0.0000	0.0000	0.0000	0.0000	0.0000	0.0000	0.0000	0.0000	0.0000	0.0000	0.0000	0.0244	0.0130	0.0114	0.0051	0.0047	0.0004	0.0193	0.0083	0.0110
3	71	0.0553	10	2	1	0	0	0	1	0	0	0	0	2	1	0	0	0	0	0	0	Y	N	N	N	Y	N	N	N	N	N	N	N	N	N	N	N	N	N	0.0000	0.0000	0.0000	0.0000	0.0000	0.0000	0.0000	0.0000	0.0000	0.0000	0.0000	0.0000	0.0000	0.0000	0.0000	0.0000	0.0000	0.0000	0.1475	0.0576	0.2754	0.1095	0.1234	0.0000	0.1636	0.0037	0.2998		3.3553	0.0000	0.0005	0.0000	1.7590	2.0092	3.5356	0.0000	0.0000	0.0000	0.0000	0.0000	0.0000	0.0000	0.0000	0.0000	0.0025	0.0006	0.0019	0.0005	0.0005	0.0000	0.0019	0.0000	0.0019	0.0000	0.0000	0.0000	0.0000	0.0000	0.0000	0.0000	0.0000	0.0000	0.0168	0.0099	0.0069	0.0050	0.0044	0.0006	0.0118	0.0054	0.0064
3	72	0.0519	9	2	1	0	0	0	1	0	0	1	0	2	1	0	0	0	0	0	0	Y	N	N	N	Y	N	N	N	N	N	N	N	N	N	N	N	N	N	0.0000	0.0000	0.0000	0.0000	0.0000	0.0000	0.0000	0.0000	0.0000	0.0000	0.0000	0.0000	0.0000	0.0000	0.0000	0.0000	0.0000	0.0000	0.1123	0.0000	0.2147	0.0000	0.0000	0.0000	0.1250	0.0000	0.2192		inf	0.0000	0.0002	0.0000	0.0029	2.0092	2.4186	0.0000	0.0000	0.0000	0.0000	0.0000	0.0000	0.0000	0.0000	0.0000	0.0005	0.0000	0.0005	0.0000	0.0000	0.0000	0.0005	0.0000	0.0005	0.0000	0.0000	0.0000	0.0000	0.0000	0.0000	0.0000	0.0000	0.0000	0.0049	0.0023	0.0026	0.0005	0.0004	0.0001	0.0044	0.0019	0.0025
3	73	0.1151	13	2	1	1	0	0	1	0	0	0	0	2	1	0	0	0	0	0	0	Y	N	N	N	Y	N	N	N	N	N	N	N	N	N	N	N	N	N	0.0000	0.0000	0.0000	0.0000	0.0000	0.0000	0.0000	0.0000	0.0000	0.0000	0.0000	0.0000	0.0000	0.0000	0.0000	0.0000	0.0000	0.0000	0.0015	0.0024	0.0003	0.0050	0.0056	0.0000	0.0002	0.0000	0.0003		0.1096	0.0000	-0.0000	0.0000	1.6760	2.0092	12.1347	0.0000	0.0000	0.0000	0.0000	0.0000	0.0000	0.0000	0.0000	0.0000	0.0000	0.0000	0.0000	0.0000	0.0000	0.0000	0.0000	0.0000	0.0000	0.0000	0.0000	0.0000	0.0000	0.0000	0.0000	0.0000	0.0000	0.0000	0.0303	0.0164	0.0139	0.0079	0.0071	0.0008	0.0223	0.0093	0.0131
3	74	0.0853	12	2	1	1	0	1	1	1	0	1	0	2	1	0	0	0	0	0	0	Y	N	N	N	Y	N	N	N	N	N	N	N	N	N	N	N	N	N	0.0000	0.0000	0.0000	0.0000	0.0000	0.0000	0.0000	0.0000	0.0000	0.0000	0.0000	0.0000	0.0000	0.0000	0.0000	0.0000	0.0000	0.0000	0.0431	0.0483	0.0367	0.1063	0.1160	0.0106	0.0222	0.0015	0.0381		0.6201	0.0000	-0.0003	0.0000	2.9965	2.0092	14.7438	0.0000	0.0000	0.0000	0.0000	0.0000	0.0000	0.0000	0.0000	0.0000	0.0018	0.0011	0.0007	0.0011	0.0011	0.0000	0.0007	0.0000	0.0007	0.0000	0.0000	0.0000	0.0000	0.0000	0.0000	0.0000	0.0000	0.0000	0.0417	0.0230	0.0187	0.0103	0.0094	0.0009	0.0314	0.0136	0.0178
3	75	0.0614	9	2	1	1	0	0	1	0	0	0	0	1	1	0	0	0	0	0	0	Y	N	N	N	N	N	N	N	N	N	N	N	N	N	N	N	N	N	0.0000	0.0000	0.0000	0.0000	0.0000	0.0000	0.0000	0.0000	0.0000	0.0000	0.0000	0.0000	0.0000	0.0000	0.0000	0.0000	0.0000	0.0000	0.0000	0.0000	0.0000	0.0000	0.0000	0.0000	0.0000	0.0000	0.0000			0.0000	0.0000	0.0000	1.0006	2.0092	8.0096	0.0000	0.0000	0.0000	0.0000	0.0000	0.0000	0.0000	0.0000	0.0000	0.0000	0.0000	0.0000	0.0000	0.0000	0.0000	0.0000	0.0000	0.0000	0.0000	0.0000	0.0000	0.0000	0.0000	0.0000	0.0000	0.0000	0.0000	0.0178	0.0085	0.0092	0.0019	0.0017	0.0002	0.0159	0.0069	0.0090
3	76	0.0591	8	2	1	1	0	0	1	0	0	0	0	1	1	0	0	0	0	0	0	Y	N	N	N	N	N	N	N	N	N	N	N	N	N	N	N	N	N	0.0000	0.0000	0.0000	0.0000	0.0000	0.0000	0.0000	0.0000	0.0000	0.0000	0.0000	0.0000	0.0000	0.0000	0.0000	0.0000	0.0000	0.0000	0.0000	0.0000	0.0000	0.0000	0.0000	0.0000	0.0000	0.0000	0.0000			0.0000	0.0000	0.0000	0.9962	2.0092	0.5464	0.0000	0.0000	0.0000	0.0000	0.0000	0.0000	0.0000	0.0000	0.0000	0.0000	0.0000	0.0000	0.0000	0.0000	0.0000	0.0000	0.0000	0.0000	0.0000	0.0000	0.0000	0.0000	0.0000	0.0000	0.0000	0.0000	0.0000	0.0038	0.0020	0.0019	0.0007	0.0007	0.0000	0.0031	0.0013	0.0018
3	77	0.0527	7	2	1	1	0	0	1	0	0	0	0	1	1	0	0	0	0	0	0	Y	N	N	N	N	N	N	N	N	N	N	N	N	N	N	N	N	N	0.0000	0.0000	0.0000	0.0000	0.0000	0.0000	0.0000	0.0000	0.0000	0.0000	0.0000	0.0000	0.0000	0.0000	0.0000	0.0000	0.0000	0.0000	0.0000	0.0000	0.0000	0.0000	0.0000	0.0000	0.0000	0.0000	0.0000			0.0000	0.0000	0.0000	0.0041	2.0092	4.4918	0.0000	0.0000	0.0000	0.0000	0.0000	0.0000	0.0000	0.0000	0.0000	0.0000	0.0000	0.0000	0.0000	0.0000	0.0000	0.0000	0.0000	0.0000	0.0000	0.0000	0.0000	0.0000	0.0000	0.0000	0.0000	0.0000	0.0000	0.0096	0.0047	0.0050	0.0012	0.0011	0.0001	0.0084	0.0036	0.0048
3	78	0.1341	22	2	1	0	0	0	1	0	0	0	1	1	2	0	0	0	0	0	0	Y	N	N	N	N	Y	N	N	N	N	N	N	N	N	N	N	N	N	0.0000	0.0000	0.0000	0.0000	0.0000	0.0000	0.0000	0.0000	0.0000	0.0000	0.0000	0.0000	0.0000	0.0000	0.0000	0.0000	0.0000	0.0000	0.0008	0.0015	0.0000	0.0034	0.0038	0.0000	0.0000	0.0000	0.0000		0.0052	0.0000	-0.0000	0.0000	0.0166	2.0092	12.2009	0.0000	0.0000	0.0000	0.0000	0.0000	0.0000	0.0000	0.0000	0.0000	0.0000	0.0000	0.0000	0.0000	0.0000	0.0000	0.0000	0.0000	0.0000	0.0000	0.0000	0.0000	0.0000	0.0000	0.0000	0.0000	0.0000	0.0000	0.0248	0.0133	0.0115	0.0059	0.0053	0.0007	0.0188	0.0080	0.0108
3	79	0.1199	21	2	1	0	0	1	1	0	0	0	0	1	1	0	0	0	0	0	0	Y	N	N	N	N	N	N	N	N	N	N	N	N	N	N	N	N	N	0.0000	0.0000	0.0000	0.0000	0.0000	0.0000	0.0000	0.0000	0.0000	0.0000	0.0000	0.0000	0.0000	0.0000	0.0000	0.0000	0.0000	0.0000	0.0012	0.0012	0.0012	0.0000	0.0000	0.0000	0.0015	0.0018	0.0013		0.9898	0.0000	-0.0000	0.0000	1.0285	2.0092	7.9781	0.0000	0.0000	0.0000	0.0000	0.0000	0.0000	0.0000	0.0000	0.0000	0.0000	0.0000	0.0000	0.0000	0.0000	0.0000	0.0000	0.0000	0.0000	0.0000	0.0000	0.0000	0.0000	0.0000	0.0000	0.0000	0.0000	0.0000	0.0169	0.0087	0.0082	0.0036	0.0031	0.0005	0.0133	0.0057	0.0077
3	82	0.0527	7	2	1	1	0	0	1	0	0	1	0	2	1	0	0	0	0	0	0	Y	N	N	N	Y	N	N	N	N	N	N	N	N	N	N	N	N	N	0.0000	0.0000	0.0000	0.0000	0.0000	0.0000	0.0000	0.0000	0.0000	0.0000	0.0000	0.0000	0.0000	0.0000	0.0000	0.0000	0.0000	0.0000	0.0000	0.0000	0.0000	0.0000	0.0000	0.0000	0.0000	0.0000	0.0000			0.0000	0.0000	0.0000	1.9997	2.0092	10.5319	0.0000	0.0000	0.0000	0.0000	0.0000	0.0000	0.0000	0.0000	0.0000	0.0000	0.0000	0.0000	0.0000	0.0000	0.0000	0.0000	0.0000	0.0000	0.0000	0.0000	0.0000	0.0000	0.0000	0.0000	0.0000	0.0000	0.0000	0.0249	0.0119	0.0130	0.0026	0.0023	0.0003	0.0222	0.0095	0.0127
3	83	0.0503	6	2	1	1	0	0	1	1	0	0	0	1	1	0	0	0	0	0	0	Y	N	N	N	N	N	N	N	N	N	N	N	N	N	N	N	N	N	0.0000	0.0000	0.0000	0.0000	0.0000	0.0000	0.0000	0.0000	0.0000	0.0000	0.0000	0.0000	0.0000	0.0000	0.0000	0.0000	0.0000	0.0000	0.0000	0.0000	0.0000	0.0000	0.0000	0.0000	0.0000	0.0000	0.0000			0.0000	0.0000	0.0000	0.0006	2.0092	1.5062	0.0000	0.0000	0.0000	0.0000	0.0000	0.0000	0.0000	0.0000	0.0000	0.0000	0.0000	0.0000	0.0000	0.0000	0.0000	0.0000	0.0000	0.0000	0.0000	0.0000	0.0000	0.0000	0.0000	0.0000	0.0000	0.0000	0.0000	0.0030	0.0014	0.0016	0.0003	0.0002	0.0000	0.0027	0.0012	0.0016
3	84	0.0755	10	2	1	0	0	0	1	0	0	0	0	1	1	0	0	0	0	0	0	Y	N	N	N	N	N	N	N	N	N	N	N	N	N	N	N	N	N	0.0000	0.0000	0.0000	0.0000	0.0000	0.0000	0.0000	0.0000	0.0000	0.0000	0.0000	0.0000	0.0000	0.0000	0.0000	0.0000	0.0000	0.0000	0.0024	0.0000	0.0050	0.0000	0.0000	0.0000	0.0029	0.0000	0.0052		inf	0.0000	0.0000	0.0000	2.9998	2.0092	15.4389	0.0000	0.0000	0.0000	0.0000	0.0000	0.0000	0.0000	0.0000	0.0000	0.0001	0.0000	0.0001	0.0000	0.0000	0.0000	0.0001	0.0000	0.0001	0.0000	0.0000	0.0000	0.0000	0.0000	0.0000	0.0000	0.0000	0.0000	0.0382	0.0202	0.0180	0.0070	0.0062	0.0008	0.0312	0.0140	0.0173
3	85	0.4554	15	1	1	0	0	0	1	0	0	1	0	2	1	0	0	0	0	0	0	N	N	N	N	Y	N	N	N	N	N	N	N	N	N	N	N	N	N	0.0000	0.0000	0.0000	0.0000	0.0000	0.0000	0.0000	0.0000	0.0000	0.0000	0.0000	0.0000	0.0000	0.0000	0.0000	0.0000	0.0000	0.0000	1.3988	2.1368	0.0019	1.8410	2.1288	0.0007	0.9609	2.1521	0.0022		0.0005	0.0000	-0.2586	0.0000	26.8363	2.0092	143.7566	0.0000	0.0000	0.0000	0.0000	0.0000	0.0000	0.0000	0.0000	0.0000	0.4721	0.4719	0.0002	0.3091	0.3091	0.0000	0.1630	0.1628	0.0002	0.0000	0.0000	0.0000	0.0000	0.0000	0.0000	0.0000	0.0000	0.0000	0.3375	0.2208	0.1167	0.1679	0.1452	0.0227	0.1696	0.0756	0.0940
3	87	0.0198	3	2	1	1	0	0	1	1	0	0	0	2	2	0	0	0	0	0	0	Y	N	N	N	Y	Y	N	N	N	N	N	N	N	N	N	N	N	N	0.0000	0.0000	0.0000	0.0000	0.0000	0.0000	0.0000	0.0000	0.0000	0.0000	0.0000	0.0000	0.0000	0.0000	0.0000	0.0000	0.0000	0.0000	37.0053	0.0000	74.6638	0.0531	0.0000	3.3402	44.5664	0.0000	75.0549		51708556.6540	0.0000	0.3083	0.0000	0.0022	2.0092	6.6376	0.0000	0.0000	0.0000	0.0000	0.0000	0.0000	0.0000	0.0000	0.0000	0.6826	0.0000	0.6826	0.0002	0.0000	0.0002	0.6824	0.0000	0.6824	0.0000	0.0000	0.0000	0.0000	0.0000	0.0000	0.0000	0.0000	0.0000	0.0184	0.0093	0.0091	0.0031	0.0031	0.0000	0.0153	0.0062	0.0091
3	89	0.0707	9	2	1	1	0	0	1	1	0	0	0	1	1	0	0	0	0	0	0	Y	N	N	N	N	N	N	N	N	N	N	N	N	N	N	N	N	N	0.0000	0.0000	0.0000	0.0000	0.0000	0.0000	0.0000	0.0000	0.0000	0.0000	0.0000	0.0000	0.0000	0.0000	0.0000	0.0000	0.0000	0.0000	0.1194	0.0004	0.2526	0.0038	0.0014	0.0238	0.1456	0.0000	0.2625		513.5963	0.0000	0.0023	0.0000	2.9990	2.0092	17.4729	0.0000	0.0000	0.0000	0.0000	0.0000	0.0000	0.0000	0.0000	0.0000	0.0051	0.0000	0.0051	0.0000	0.0000	0.0000	0.0051	0.0000	0.0051	0.0000	0.0000	0.0000	0.0000	0.0000	0.0000	0.0000	0.0000	0.0000	0.0430	0.0227	0.0203	0.0079	0.0071	0.0008	0.0351	0.0156	0.0194
3	90	0.0344	4	2	1	0	0	0	1	0	0	0	0	2	2	0	0	0	0	0	0	Y	N	N	N	Y	Y	N	N	N	N	N	N	N	N	N	N	N	N	0.0000	0.0000	0.0000	0.0000	0.0000	0.0000	0.0000	0.0000	0.0000	0.0000	0.0000	0.0000	0.0000	0.0000	0.0000	0.0000	0.0000	0.0000	20.0556	0.0000	41.0048	0.0307	0.0000	0.9583	23.8148	0.0000	41.4236		107598583.2822	0.0000	0.3111	0.0000	2.0138	2.0092	11.8132	0.0000	0.0000	0.0000	0.0000	0.0000	0.0000	0.0000	0.0000	0.0000	0.6886	0.0000	0.6886	0.0002	0.0000	0.0002	0.6885	0.0000	0.6885	0.0000	0.0000	0.0000	0.0000	0.0000	0.0000	0.0000	0.0000	0.0000	0.0343	0.0175	0.0168	0.0054	0.0053	0.0002	0.0289	0.0123	0.0166
3	92	0.0910	14	2	1	1	0	1	1	1	0	0	0	1	1	0	0	0	0	0	0	Y	N	N	N	N	N	N	N	N	N	N	N	N	N	N	N	N	N	0.0000	0.0000	0.0000	0.0000	0.0000	0.0000	0.0000	0.0000	0.0000	0.0000	0.0000	0.0000	0.0000	0.0000	0.0000	0.0000	0.0000	0.0000	0.0076	0.0000	0.0158	0.0000	0.0000	0.0000	0.0097	0.0000	0.0169		inf	0.0000	0.0003	0.0000	5.0000	2.0092	42.2706	0.0000	0.0000	0.0000	0.0000	0.0000	0.0000	0.0000	0.0000	0.0000	0.0007	0.0000	0.0007	0.0000	0.0000	0.0000	0.0007	0.0000	0.0007	0.0000	0.0000	0.0000	0.0000	0.0000	0.0000	0.0000	0.0000	0.0000	0.0874	0.0456	0.0418	0.0196	0.0169	0.0027	0.0677	0.0286	0.0391
3	93	0.1246	16	1	1	0	0	0	1	0	0	0	0	1	2	0	0	0	0	0	0	N	N	N	N	N	Y	N	N	N	N	N	N	N	N	N	N	N	N	0.0000	0.0000	0.0000	0.0000	0.0000	0.0000	0.0000	0.0000	0.0000	0.0000	0.0000	0.0000	0.0000	0.0000	0.0000	0.0000	0.0000	0.0000	0.0000	0.0000	0.0000	0.0000	0.0000	0.0000	0.0000	0.0000	0.0000			0.0000	0.0000	0.0000	0.0000	2.0092	0.9594	0.0000	0.0000	0.0000	0.0000	0.0000	0.0000	0.0000	0.0000	0.0000	0.0000	0.0000	0.0000	0.0000	0.0000	0.0000	0.0000	0.0000	0.0000	0.0000	0.0000	0.0000	0.0000	0.0000	0.0000	0.0000	0.0000	0.0000	0.0021	0.0011	0.0010	0.0006	0.0005	0.0001	0.0015	0.0006	0.0009
3	94	0.0932	15	1	1	0	0	0	1	0	0	0	1	1	2	0	0	0	0	0	0	N	N	N	N	N	Y	N	N	N	N	N	N	N	N	N	N	N	N	0.0000	0.0000	0.0000	0.0000	0.0000	0.0000	0.0000	0.0000	0.0000	0.0000	0.0000	0.0000	0.0000	0.0000	0.0000	0.0000	0.0000	0.0000	0.0000	0.0000	0.0000	0.0000	0.0000	0.0000	0.0000	0.0000	0.0000		0.0000	0.0000	-0.0000	0.0000	0.0000	2.0092	18.8906	0.0000	0.0000	0.0000	0.0000	0.0000	0.0000	0.0000	0.0000	0.0000	0.0000	0.0000	0.0000	0.0000	0.0000	0.0000	0.0000	0.0000	0.0000	0.0000	0.0000	0.0000	0.0000	0.0000	0.0000	0.0000	0.0000	0.0000	0.0417	0.0226	0.0191	0.0105	0.0094	0.0012	0.0312	0.0132	0.0180
3	97	0.1091	15	2	1	1	0	0	1	1	0	0	0	1	1	0	0	0	0	0	0	Y	N	N	N	N	N	N	N	N	N	N	N	N	N	N	N	N	N	0.0000	0.0000	0.0000	0.0000	0.0000	0.0000	0.0000	0.0000	0.0000	0.0000	0.0000	0.0000	0.0000	0.0000	0.0000	0.0000	0.0000	0.0000	0.1605	0.3080	0.0004	0.6218	0.7028	0.0000	0.0002	0.0000	0.0004		0.0012	0.0000	-0.0049	0.0000	2.0000	2.0092	24.9502	0.0000	0.0000	0.0000	0.0000	0.0000	0.0000	0.0000	0.0000	0.0000	0.0089	0.0089	0.0000	0.0089	0.0089	0.0000	0.0000	0.0000	0.0000	0.0000	0.0000	0.0000	0.0000	0.0000	0.0000	0.0000	0.0000	0.0000	0.0557	0.0290	0.0267	0.0144	0.0127	0.0017	0.0413	0.0163	0.0251
3	98	0.0877	12	2	1	0	1	0	1	0	1	0	0	2	2	0	0	0	0	0	0	Y	N	N	N	Y	Y	N	N	N	N	N	N	N	N	N	N	N	N	0.0000	0.0000	0.0000	0.0000	0.0000	0.0000	0.0000	0.0000	0.0000	0.0000	0.0000	0.0000	0.0000	0.0000	0.0000	0.0000	0.0000	0.0000	0.0000	0.0000	0.0000	0.0000	0.0000	0.0000	0.0000	0.0000	0.0000			0.0000	0.0000	0.0000	2.9999	2.0092	3.9821	0.0000	0.0000	0.0000	0.0000	0.0000	0.0000	0.0000	0.0000	0.0000	0.0000	0.0000	0.0000	0.0000	0.0000	0.0000	0.0000	0.0000	0.0000	0.0000	0.0000	0.0000	0.0000	0.0000	0.0000	0.0000	0.0000	0.0000	0.0140	0.0070	0.0070	0.0024	0.0021	0.0003	0.0115	0.0049	0.0066
3	99	0.0846	11	2	1	0	0	0	1	0	0	0	0	2	2	0	0	0	0	0	0	Y	N	N	N	Y	Y	N	N	N	N	N	N	N	N	N	N	N	N	0.0000	0.0000	0.0000	0.0000	0.0000	0.0000	0.0000	0.0000	0.0000	0.0000	0.0000	0.0000	0.0000	0.0000	0.0000	0.0000	0.0000	0.0000	0.0000	0.0000	0.0000	0.0000	0.0000	0.0000	0.0000	0.0000	0.0000			0.0000	0.0000	0.0000	0.0003	2.0092	2.0601	0.0000	0.0000	0.0000	0.0000	0.0000	0.0000	0.0000	0.0000	0.0000	0.0000	0.0000	0.0000	0.0000	0.0000	0.0000	0.0000	0.0000	0.0000	0.0000	0.0000	0.0000	0.0000	0.0000	0.0000	0.0000	0.0000	0.0000	0.0045	0.0023	0.0022	0.0009	0.0008	0.0001	0.0036	0.0015	0.0021
3	100	0.0648	10	2	1	0	0	0	1	0	0	1	1	2	2	0	0	0	0	0	0	Y	N	N	N	Y	Y	N	N	N	N	N	N	N	N	N	N	N	N	0.0000	0.0000	0.0000	0.0000	0.0000	0.0000	0.0000	0.0000	0.0000	0.0000	0.0000	0.0000	0.0000	0.0000	0.0000	0.0000	0.0000	0.0000	0.0004	0.0008	0.0000	0.0024	0.0027	0.0000	0.0000	0.0000	0.0000		0.0000	0.0000	-0.0000	0.0000	3.0014	2.0092	9.1620	0.0000	0.0000	0.0000	0.0000	0.0000	0.0000	0.0000	0.0000	0.0000	0.0000	0.0000	0.0000	0.0000	0.0000	0.0000	0.0000	0.0000	0.0000	0.0000	0.0000	0.0000	0.0000	0.0000	0.0000	0.0000	0.0000	0.0000	0.0254	0.0127	0.0128	0.0042	0.0037	0.0005	0.0212	0.0089	0.0123
3	101	0.0519	9	2	1	0	0	0	1	0	0	0	0	1	1	0	0	0	0	0	0	Y	N	N	N	N	N	N	N	N	N	N	N	N	N	N	N	N	N	0.0000	0.0000	0.0000	0.0000	0.0000	0.0000	0.0000	0.0000	0.0000	0.0000	0.0000	0.0000	0.0000	0.0000	0.0000	0.0000	0.0000	0.0000	0.0006	0.0013	0.0000	0.0000	0.0000	0.0000	0.0007	0.0016	0.0000		0.0000	0.0000	-0.0000	0.0000	0.0077	2.0092	8.0757	0.0000	0.0000	0.0000	0.0000	0.0000	0.0000	0.0000	0.0000	0.0000	0.0000	0.0000	0.0000	0.0000	0.0000	0.0000	0.0000	0.0000	0.0000	0.0000	0.0000	0.0000	0.0000	0.0000	0.0000	0.0000	0.0000	0.0000	0.0158	0.0075	0.0084	0.0015	0.0013	0.0002	0.0143	0.0061	0.0082
3	102	0.0503	8	2	1	0	0	0	1	0	0	0	0	1	1	0	0	0	0	0	0	Y	N	N	N	N	N	N	N	N	N	N	N	N	N	N	N	N	N	0.0000	0.0000	0.0000	0.0000	0.0000	0.0000	0.0000	0.0000	0.0000	0.0000	0.0000	0.0000	0.0000	0.0000	0.0000	0.0000	0.0000	0.0000	0.0000	0.0000	0.0000	0.0000	0.0000	0.0000	0.0000	0.0000	0.0000			0.0000	0.0000	0.0000	0.0011	2.0092	1.0060	0.0000	0.0000	0.0000	0.0000	0.0000	0.0000	0.0000	0.0000	0.0000	0.0000	0.0000	0.0000	0.0000	0.0000	0.0000	0.0000	0.0000	0.0000	0.0000	0.0000	0.0000	0.0000	0.0000	0.0000	0.0000	0.0000	0.0000	0.0020	0.0009	0.0011	0.0002	0.0002	0.0000	0.0018	0.0008	0.0010
3	106	0.0972	18	2	1	1	0	0	1	0	0	0	0	1	1	0	0	0	0	0	0	Y	N	N	N	N	N	N	N	N	N	N	N	N	N	N	N	N	N	0.0000	0.0000	0.0000	0.0000	0.0000	0.0000	0.0000	0.0000	0.0000	0.0000	0.0000	0.0000	0.0000	0.0000	0.0000	0.0000	0.0000	0.0000	0.0175	0.0000	0.0380	0.0000	0.0000	0.0000	0.0232	0.0000	0.0412		4295.2852	0.0000	0.0003	0.0000	4.0001	2.0092	15.3361	0.0000	0.0000	0.0000	0.0000	0.0000	0.0000	0.0000	0.0000	0.0000	0.0007	0.0000	0.0007	0.0000	0.0000	0.0000	0.0007	0.0000	0.0007	0.0000	0.0000	0.0000	0.0000	0.0000	0.0000	0.0000	0.0000	0.0000	0.0378	0.0204	0.0174	0.0093	0.0080	0.0013	0.0285	0.0125	0.0160
3	107	0.1249	20	2	1	1	0	0	1	0	0	0	0	1	1	0	0	0	0	0	0	Y	N	N	N	N	N	N	N	N	N	N	N	N	N	N	N	N	N	0.0000	0.0000	0.0000	0.0000	0.0000	0.0000	0.0000	0.0000	0.0000	0.0000	0.0000	0.0000	0.0000	0.0000	0.0000	0.0000	0.0000	0.0000	0.0003	0.0006	0.0000	0.0016	0.0018	0.0000	0.0000	0.0000	0.0000		0.0000	0.0000	-0.0000	0.0000	1.0040	2.0092	14.1141	0.0000	0.0000	0.0000	0.0000	0.0000	0.0000	0.0000	0.0000	0.0000	0.0000	0.0000	0.0000	0.0000	0.0000	0.0000	0.0000	0.0000	0.0000	0.0000	0.0000	0.0000	0.0000	0.0000	0.0000	0.0000	0.0000	0.0000	0.0294	0.0155	0.0139	0.0063	0.0055	0.0008	0.0231	0.0100	0.0131
3	108	0.1171	19	2	1	1	0	1	1	1	0	0	0	1	1	0	0	0	0	0	0	Y	N	N	N	N	N	N	N	N	N	N	N	N	N	N	N	N	N	0.0000	0.0000	0.0000	0.0000	0.0000	0.0000	0.0000	0.0000	0.0000	0.0000	0.0000	0.0000	0.0000	0.0000	0.0000	0.0000	0.0000	0.0000	0.0010	0.0020	0.0000	0.0000	0.0000	0.0000	0.0013	0.0031	0.0000		0.0000	0.0000	-0.0000	0.0000	1.0065	2.0092	3.9764	0.0000	0.0000	0.0000	0.0000	0.0000	0.0000	0.0000	0.0000	0.0000	0.0000	0.0000	0.0000	0.0000	0.0000	0.0000	0.0000	0.0000	0.0000	0.0000	0.0000	0.0000	0.0000	0.0000	0.0000	0.0000	0.0000	0.0000	0.0095	0.0049	0.0046	0.0020	0.0017	0.0003	0.0075	0.0032	0.0043
3	112	0.0429	5	2	1	1	0	0	1	1	0	0	0	1	1	0	0	0	0	0	0	Y	N	N	N	N	N	N	N	N	N	N	N	N	N	N	N	N	N	0.0000	0.0000	0.0000	0.0000	0.0000	0.0000	0.0000	0.0000	0.0000	0.0000	0.0000	0.0000	0.0000	0.0000	0.0000	0.0000	0.0000	0.0000	0.1740	0.3501	0.0000	1.4696	1.5520	0.0000	0.0000	0.0000	0.0000		0.0000	0.0000	-0.0030	0.0000	3.0154	2.0092	11.4025	0.0000	0.0000	0.0000	0.0000	0.0000	0.0000	0.0000	0.0000	0.0000	0.0054	0.0054	0.0000	0.0054	0.0054	0.0000	0.0000	0.0000	0.0000	0.0000	0.0000	0.0000	0.0000	0.0000	0.0000	0.0000	0.0000	0.0000	0.0313	0.0156	0.0158	0.0037	0.0035	0.0002	0.0276	0.0121	0.0156
3	119	0.1128	17	2	1	1	0	0	1	0	0	0	0	1	1	0	0	0	0	0	0	Y	N	N	N	N	N	N	N	N	N	N	N	N	N	N	N	N	N	0.0000	0.0000	0.0000	0.0000	0.0000	0.0000	0.0000	0.0000	0.0000	0.0000	0.0000	0.0000	0.0000	0.0000	0.0000	0.0000	0.0000	0.0000	0.0744	0.0004	0.1579	0.0023	0.0009	0.0128	0.0990	0.0000	0.1680		378.6783	0.0000	0.0017	0.0000	6.0007	2.0092	19.0307	0.0000	0.0000	0.0000	0.0000	0.0000	0.0000	0.0000	0.0000	0.0000	0.0038	0.0000	0.0038	0.0000	0.0000	0.0000	0.0038	0.0000	0.0038	0.0000	0.0000	0.0000	0.0000	0.0000	0.0000	0.0000	0.0000	0.0000	0.0509	0.0270	0.0239	0.0129	0.0114	0.0016	0.0380	0.0156	0.0224
3	120	0.1094	16	2	1	1	0	0	1	1	0	0	0	1	1	0	0	0	0	0	0	Y	N	N	N	N	N	N	N	N	N	N	N	N	N	N	N	N	N	0.0000	0.0000	0.0000	0.0000	0.0000	0.0000	0.0000	0.0000	0.0000	0.0000	0.0000	0.0000	0.0000	0.0000	0.0000	0.0000	0.0000	0.0000	0.3297	0.4311	0.2125	0.6208	0.6492	0.0000	0.1580	0.0041	0.2202		0.4270	0.0000	-0.0011	0.0000	0.0034	2.0092	3.2312	0.0000	0.0000	0.0000	0.0000	0.0000	0.0000	0.0000	0.0000	0.0000	0.0044	0.0031	0.0013	0.0031	0.0031	0.0000	0.0013	0.0000	0.0013	0.0000	0.0000	0.0000	0.0000	0.0000	0.0000	0.0000	0.0000	0.0000	0.0133	0.0071	0.0062	0.0049	0.0047	0.0002	0.0084	0.0024	0.0060
3	121	0.1091	15	2	1	0	0	0	1	0	0	0	0	1	1	0	0	0	0	0	0	Y	N	N	N	N	N	N	N	N	N	N	N	N	N	N	N	N	N	0.0000	0.0000	0.0000	0.0000	0.0000	0.0000	0.0000	0.0000	0.0000	0.0000	0.0000	0.0000	0.0000	0.0000	0.0000	0.0000	0.0000	0.0000	0.2329	0.2161	0.2527	0.2674	0.2724	0.0000	0.2061	0.0000	0.2572		0.9925	0.0000	-0.0001	0.0000	0.0000	2.0092	1.2022	0.0000	0.0000	0.0000	0.0000	0.0000	0.0000	0.0000	0.0000	0.0000	0.0024	0.0012	0.0012	0.0012	0.0012	0.0000	0.0012	0.0000	0.0012	0.0000	0.0000	0.0000	0.0000	0.0000	0.0000	0.0000	0.0000	0.0000	0.0102	0.0055	0.0047	0.0045	0.0044	0.0001	0.0057	0.0011	0.0046
3	122	0.0877	14	2	1	0	0	1	1	0	0	0	0	1	1	0	0	0	0	0	0	Y	N	N	N	N	N	N	N	N	N	N	N	N	N	N	N	N	N	0.0000	0.0000	0.0000	0.0000	0.0000	0.0000	0.0000	0.0000	0.0000	0.0000	0.0000	0.0000	0.0000	0.0000	0.0000	0.0000	0.0000	0.0000	0.0666	0.0799	0.0497	0.1688	0.1867	0.0000	0.0298	0.0000	0.0527		0.4910	0.0000	-0.0004	0.0000	0.0041	2.0092	12.5856	0.0000	0.0000	0.0000	0.0000	0.0000	0.0000	0.0000	0.0000	0.0000	0.0020	0.0014	0.0007	0.0014	0.0014	0.0000	0.0007	0.0000	0.0007	0.0000	0.0000	0.0000	0.0000	0.0000	0.0000	0.0000	0.0000	0.0000	0.0303	0.0169	0.0134	0.0080	0.0072	0.0008	0.0223	0.0097	0.0126
3	126	0.1227	20	1	1	1	0	0	1	0	0	1	0	2	1	0	0	0	0	0	0	N	N	N	N	Y	N	N	N	N	N	N	N	N	N	N	N	N	N	0.0000	0.0000	0.0000	0.0000	0.0000	0.0000	0.0000	0.0000	0.0000	0.0000	0.0000	0.0000	0.0000	0.0000	0.0000	0.0000	0.0000	0.0000	0.0000	0.0000	0.0000	0.0000	0.0000	0.0000	0.0000	0.0000	0.0000			0.0000	0.0000	0.0000	0.0003	2.0092	3.0192	0.0000	0.0000	0.0000	0.0000	0.0000	0.0000	0.0000	0.0000	0.0000	0.0000	0.0000	0.0000	0.0000	0.0000	0.0000	0.0000	0.0000	0.0000	0.0000	0.0000	0.0000	0.0000	0.0000	0.0000	0.0000	0.0000	0.0000	0.0060	0.0032	0.0028	0.0015	0.0013	0.0002	0.0045	0.0019	0.0026
3	131	0.1290	22	2	1	1	0	0	1	0	0	0	0	1	1	0	0	0	0	0	0	Y	N	N	N	N	N	N	N	N	N	N	N	N	N	N	N	N	N	0.0000	0.0000	0.0000	0.0000	0.0000	0.0000	0.0000	0.0000	0.0000	0.0000	0.0000	0.0000	0.0000	0.0000	0.0000	0.0000	0.0000	0.0000	0.0000	0.0000	0.0000	0.0000	0.0000	0.0000	0.0000	0.0000	0.0000		0.0000	0.0000	-0.0000	0.0000	1.0211	2.0092	9.0731	0.0000	0.0000	0.0000	0.0000	0.0000	0.0000	0.0000	0.0000	0.0000	0.0000	0.0000	0.0000	0.0000	0.0000	0.0000	0.0000	0.0000	0.0000	0.0000	0.0000	0.0000	0.0000	0.0000	0.0000	0.0000	0.0000	0.0000	0.0197	0.0107	0.0091	0.0055	0.0047	0.0008	0.0143	0.0060	0.0083
3	132	0.1497	22	1	1	0	0	0	1	0	0	0	1	1	2	0	0	0	0	0	0	N	N	N	N	N	Y	N	N	N	N	N	N	N	N	N	N	N	N	0.0000	0.0000	0.0000	0.0000	0.0000	0.0000	0.0000	0.0000	0.0000	0.0000	0.0000	0.0000	0.0000	0.0000	0.0000	0.0000	0.0000	0.0000	0.0000	0.0000	0.0001	0.0000	0.0000	0.0000	0.0000	0.0000	0.0001		inf	0.0000	0.0000	0.0000	0.0075	2.0092	1.9743	0.0000	0.0000	0.0000	0.0000	0.0000	0.0000	0.0000	0.0000	0.0000	0.0000	0.0000	0.0000	0.0000	0.0000	0.0000	0.0000	0.0000	0.0000	0.0000	0.0000	0.0000	0.0000	0.0000	0.0000	0.0000	0.0000	0.0000	0.0039	0.0021	0.0018	0.0011	0.0009	0.0002	0.0029	0.0012	0.0017
3	134	0.1445	20	1	1	0	0	0	1	0	0	0	1	1	2	0	0	0	0	0	0	N	N	N	N	N	Y	N	N	N	N	N	N	N	N	N	N	N	N	0.0000	0.0000	0.0000	0.0000	0.0000	0.0000	0.0000	0.0000	0.0000	0.0000	0.0000	0.0000	0.0000	0.0000	0.0000	0.0000	0.0000	0.0000	0.0000	0.0000	0.0000	0.0000	0.0000	0.0000	0.0000	0.0000	0.0000			0.0000	0.0000	0.0000	2.0569	2.0092	5.7592	0.0000	0.0000	0.0000	0.0000	0.0000	0.0000	0.0000	0.0000	0.0000	0.0000	0.0000	0.0000	0.0000	0.0000	0.0000	0.0000	0.0000	0.0000	0.0000	0.0000	0.0000	0.0000	0.0000	0.0000	0.0000	0.0000	0.0000	0.0167	0.0093	0.0074	0.0049	0.0042	0.0006	0.0118	0.0051	0.0067
3	135	0.1461	21	1	1	0	0	0	1	0	0	0	1	1	2	0	0	0	0	0	0	N	N	N	N	N	Y	N	N	N	N	N	N	N	N	N	N	N	N	0.0000	0.0000	0.0000	0.0000	0.0000	0.0000	0.0000	0.0000	0.0000	0.0000	0.0000	0.0000	0.0000	0.0000	0.0000	0.0000	0.0000	0.0000	0.0000	0.0000	0.0000	0.0000	0.0000	0.0000	0.0000	0.0000	0.0000			0.0000	0.0000	0.0000	1.0111	2.0092	8.8059	0.0000	0.0000	0.0000	0.0000	0.0000	0.0000	0.0000	0.0000	0.0000	0.0000	0.0000	0.0000	0.0000	0.0000	0.0000	0.0000	0.0000	0.0000	0.0000	0.0000	0.0000	0.0000	0.0000	0.0000	0.0000	0.0000	0.0000	0.0202	0.0112	0.0090	0.0058	0.0050	0.0008	0.0144	0.0061	0.0082
3	138	0.1228	19	2	1	1	0	0	1	0	0	0	0	2	1	0	0	0	0	0	0	Y	N	N	N	Y	N	N	N	N	N	N	N	N	N	N	N	N	N	0.0000	0.0000	0.0000	0.0000	0.0000	0.0000	0.0000	0.0000	0.0000	0.0000	0.0000	0.0000	0.0000	0.0000	0.0000	0.0000	0.0000	0.0000	0.0001	0.0000	0.0002	0.0000	0.0000	0.0000	0.0001	0.0000	0.0002		inf	0.0000	0.0000	0.0000	0.0010	2.0092	4.0030	0.0000	0.0000	0.0000	0.0000	0.0000	0.0000	0.0000	0.0000	0.0000	0.0000	0.0000	0.0000	0.0000	0.0000	0.0000	0.0000	0.0000	0.0000	0.0000	0.0000	0.0000	0.0000	0.0000	0.0000	0.0000	0.0000	0.0000	0.0083	0.0046	0.0037	0.0025	0.0021	0.0004	0.0058	0.0025	0.0033
3	139	0.0972	18	2	1	1	0	0	1	0	0	1	0	2	1	0	0	0	0	0	0	Y	N	N	N	Y	N	N	N	N	N	N	N	N	N	N	N	N	N	0.0000	0.0000	0.0000	0.0000	0.0000	0.0000	0.0000	0.0000	0.0000	0.0000	0.0000	0.0000	0.0000	0.0000	0.0000	0.0000	0.0000	0.0000	0.0208	0.0000	0.0456	0.0000	0.0000	0.0000	0.0277	0.0000	0.0494		2615.1147	0.0000	0.0003	0.0000	2.9989	2.0092	12.3267	0.0000	0.0000	0.0000	0.0000	0.0000	0.0000	0.0000	0.0000	0.0000	0.0006	0.0000	0.0006	0.0000	0.0000	0.0000	0.0006	0.0000	0.0006	0.0000	0.0000	0.0000	0.0000	0.0000	0.0000	0.0000	0.0000	0.0000	0.0308	0.0168	0.0140	0.0077	0.0067	0.0011	0.0231	0.0102	0.0129
3	140	0.0964	17	2	1	1	0	1	1	1	0	0	0	1	1	0	0	0	0	0	0	Y	N	N	N	N	N	N	N	N	N	N	N	N	N	N	N	N	N	0.0000	0.0000	0.0000	0.0000	0.0000	0.0000	0.0000	0.0000	0.0000	0.0000	0.0000	0.0000	0.0000	0.0000	0.0000	0.0000	0.0000	0.0000	0.0002	0.0000	0.0004	0.0000	0.0000	0.0000	0.0003	0.0000	0.0005		30.1471	0.0000	0.0000	0.0000	0.0011	2.0092	0.8290	0.0000	0.0000	0.0000	0.0000	0.0000	0.0000	0.0000	0.0000	0.0000	0.0000	0.0000	0.0000	0.0000	0.0000	0.0000	0.0000	0.0000	0.0000	0.0000	0.0000	0.0000	0.0000	0.0000	0.0000	0.0000	0.0000	0.0000	0.0022	0.0012	0.0009	0.0006	0.0006	0.0001	0.0015	0.0006	0.0009
3	141	0.1195	19	2	1	1	0	0	1	0	0	0	0	1	1	0	0	0	0	0	0	Y	N	N	N	N	N	N	N	N	N	N	N	N	N	N	N	N	N	0.0000	0.0000	0.0000	0.0000	0.0000	0.0000	0.0000	0.0000	0.0000	0.0000	0.0000	0.0000	0.0000	0.0000	0.0000	0.0000	0.0000	0.0000	0.5745	0.0011	1.2458	0.0220	0.0027	0.1498	0.7705	0.0000	1.3343		948.3564	0.0000	0.0045	0.0000	0.0243	2.0092	8.8037	0.0000	0.0000	0.0000	0.0000	0.0000	0.0000	0.0000	0.0000	0.0000	0.0100	0.0000	0.0100	0.0001	0.0000	0.0001	0.0099	0.0000	0.0099	0.0000	0.0000	0.0000	0.0000	0.0000	0.0000	0.0000	0.0000	0.0000	0.0174	0.0094	0.0080	0.0046	0.0040	0.0006	0.0129	0.0054	0.0074
3	142	0.1029	18	2	1	1	0	1	1	1	0	0	0	1	1	0	0	0	0	0	0	Y	N	N	N	N	N	N	N	N	N	N	N	N	N	N	N	N	N	0.0000	0.0000	0.0000	0.0000	0.0000	0.0000	0.0000	0.0000	0.0000	0.0000	0.0000	0.0000	0.0000	0.0000	0.0000	0.0000	0.0000	0.0000	48.3317	0.0124	103.3194	0.0233	0.0098	0.1057	65.3893	0.0143	112.1163		7334.7516	0.0000	0.4442	0.0000	4.9785	2.0092	5.0554	0.0000	0.0000	0.0000	0.0000	0.0000	0.0000	0.0000	0.0000	0.0000	0.9837	0.0001	0.9836	0.0001	0.0000	0.0001	0.9836	0.0001	0.9835	0.0000	0.0000	0.0000	0.0000	0.0000	0.0000	0.0000	0.0000	0.0000	0.0204	0.0108	0.0095	0.0053	0.0046	0.0007	0.0150	0.0063	0.0088
3	143	0.1420	23	2	1	1	0	0	1	0	0	0	0	2	1	0	0	0	0	0	0	Y	N	N	N	Y	N	N	N	N	N	N	N	N	N	N	N	N	N	0.0000	0.0000	0.0000	0.0000	0.0000	0.0000	0.0000	0.0000	0.0000	0.0000	0.0000	0.0000	0.0000	0.0000	0.0000	0.0000	0.0000	0.0000	0.0008	0.0014	0.0000	0.0026	0.0031	0.0000	0.0000	0.0000	0.0000		0.0000	0.0000	-0.0000	0.0000	0.0000	2.0092	3.0055	0.0000	0.0000	0.0000	0.0000	0.0000	0.0000	0.0000	0.0000	0.0000	0.0000	0.0000	0.0000	0.0000	0.0000	0.0000	0.0000	0.0000	0.0000	0.0000	0.0000	0.0000	0.0000	0.0000	0.0000	0.0000	0.0000	0.0000	0.0058	0.0032	0.0026	0.0017	0.0014	0.0003	0.0041	0.0018	0.0023
3	144	0.1290	22	2	1	1	0	0	1	0	0	1	0	2	1	0	0	0	0	0	0	Y	N	N	N	Y	N	N	N	N	N	N	N	N	N	N	N	N	N	0.0000	0.0000	0.0000	0.0000	0.0000	0.0000	0.0000	0.0000	0.0000	0.0000	0.0000	0.0000	0.0000	0.0000	0.0000	0.0000	0.0000	0.0000	0.0003	0.0005	0.0000	0.0000	0.0000	0.0000	0.0004	0.0009	0.0000		0.0063	0.0000	-0.0000	0.0000	2.0192	2.0092	6.0784	0.0000	0.0000	0.0000	0.0000	0.0000	0.0000	0.0000	0.0000	0.0000	0.0000	0.0000	0.0000	0.0000	0.0000	0.0000	0.0000	0.0000	0.0000	0.0000	0.0000	0.0000	0.0000	0.0000	0.0000	0.0000	0.0000	0.0000	0.0161	0.0087	0.0074	0.0045	0.0039	0.0006	0.0116	0.0048	0.0068
3	145	0.1242	21	2	1	1	0	1	1	0	0	0	0	1	1	0	0	0	0	0	0	Y	N	N	N	N	N	N	N	N	N	N	N	N	N	N	N	N	N	0.0000	0.0000	0.0000	0.0000	0.0000	0.0000	0.0000	0.0000	0.0000	0.0000	0.0000	0.0000	0.0000	0.0000	0.0000	0.0000	0.0000	0.0000	0.0000	0.0000	0.0000	0.0000	0.0000	0.0000	0.0000	0.0000	0.0000		0.0000	0.0000	-0.0000	0.0000	1.9811	2.0092	0.9869	0.0000	0.0000	0.0000	0.0000	0.0000	0.0000	0.0000	0.0000	0.0000	0.0000	0.0000	0.0000	0.0000	0.0000	0.0000	0.0000	0.0000	0.0000	0.0000	0.0000	0.0000	0.0000	0.0000	0.0000	0.0000	0.0000	0.0000	0.0057	0.0030	0.0027	0.0015	0.0012	0.0002	0.0042	0.0018	0.0025
4	7	0.1437	17	2	0	1	0	0	0	0	0	0	0	1	1	0	0	0	0	0	0	Y	N	N	N	N	N	N	N	N	N	N	N	N	N	N	N	N	N	0.0000	0.0000	0.0000	0.0000	0.0000	0.0000	0.0000	0.0000	0.0000	0.0000	0.0000	0.0000	0.0000	0.0000	0.0000	0.0000	0.0000	0.0000	1.8150	3.3345	0.0867	6.4930	7.2467	0.0001	0.0558	0.0000	0.0923		0.0229	0.0000	-0.0214	3.9993	0.0000	16.2043	0.9946	0.0000	0.0000	0.0000	0.0000	0.0000	0.0000	0.0000	0.0000	0.0000	0.0406	0.0397	0.0009	0.0397	0.0397	0.0000	0.0009	0.0000	0.0009	0.0000	0.0000	0.0000	0.0000	0.0000	0.0000	0.0000	0.0000	0.0000	0.0224	0.0119	0.0105	0.0061	0.0055	0.0006	0.0163	0.0064	0.0098
4	8	0.1389	16	2	0	1	0	0	0	0	0	0	0	1	1	0	0	0	0	0	0	Y	N	N	N	N	N	N	N	N	N	N	N	N	N	N	N	N	N	0.0000	0.0000	0.0000	0.0000	0.0000	0.0000	0.0000	0.0000	0.0000	0.0000	0.0000	0.0000	0.0000	0.0000	0.0000	0.0000	0.0000	0.0000	0.0479	0.0897	0.0007	0.1932	0.2219	0.0000	0.0004	0.0000	0.0008		0.0069	0.0000	-0.0016	3.9993	0.0000	16.2043	3.0112	0.0000	0.0000	0.0000	0.0000	0.0000	0.0000	0.0000	0.0000	0.0000	0.0029	0.0029	0.0000	0.0029	0.0029	0.0000	0.0000	0.0000	0.0000	0.0000	0.0000	0.0000	0.0000	0.0000	0.0000	0.0000	0.0000	0.0000	0.0605	0.0321	0.0284	0.0149	0.0130	0.0019	0.0456	0.0191	0.0265
4	10	0.1389	16	2	1	1	0	0	1	0	0	0	0	1	1	0	0	0	0	0	0	Y	N	N	N	N	N	N	N	N	N	N	N	N	N	N	N	N	N	0.0000	0.0000	0.0000	0.0000	0.0000	0.0000	0.0000	0.0000	0.0000	0.0000	0.0000	0.0000	0.0000	0.0000	0.0000	0.0000	0.0000	0.0000	0.0002	0.0003	0.0000	0.0005	0.0005	0.0000	0.0000	0.0000	0.0000		0.0714	0.0000	-0.0000	3.9993	0.0000	16.2043	0.0003	0.0000	0.0000	0.0000	0.0000	0.0000	0.0000	0.0000	0.0000	0.0000	0.0000	0.0000	0.0000	0.0000	0.0000	0.0000	0.0000	0.0000	0.0000	0.0000	0.0000	0.0000	0.0000	0.0000	0.0000	0.0000	0.0000	0.0000	0.0000	0.0000	0.0000	0.0000	0.0000	0.0000	0.0000	0.0000	0.0000
4	11	0.1271	15	2	0	1	0	0	0	0	0	0	0	1	1	0	0	0	0	0	0	Y	N	N	N	N	N	N	N	N	N	N	N	N	N	N	N	N	N	0.0588	0.0000	417.8660	0.0000	0.0000	0.0000	198.8379	0.0000	1311.9800	0.0035	0.0000	0.0251	0.0000	0.0000	0.0000	0.0035	0.0000	0.0252	0.0592	0.1067	0.0001	0.2111	0.2310	0.0008	0.0000	0.0000	0.0000	inf	0.0005	0.0001	-0.0059	3.9993	1.9982	16.2043	5.4332	0.0002	0.0000	0.0002	0.0000	0.0000	0.0000	0.0002	0.0000	0.0002	0.0108	0.0108	0.0000	0.0108	0.0108	0.0000	0.0000	0.0000	0.0000	0.0546	0.0470	0.0076	0.0008	0.0008	0.0000	0.0538	0.0462	0.0076	0.1827	0.1014	0.0814	0.0512	0.0468	0.0044	0.1315	0.0546	0.0769
4	13	0.0375	2	2	0	1	0	0	0	0	0	0	1	0	1	0	0	0	0	0	0	Y	N	N	N	N	N	N	N	N	N	N	N	N	N	N	N	N	N	0.0000	0.0000	0.0000	2.0487	2.0882	0.0000	0.0000	0.0000	0.0000	0.0002	0.0002	0.0000	0.6267	0.6273	0.0000	0.0000	0.0000	0.0000	4.1851	7.1844	1.2231	0.3059	0.3004	1.8131	5.6067	15.1947	1.2220	0.0000	0.1724	-0.0000	-0.9609	3.9993	2.0000	16.2043	12.5972	0.0000	0.0000	0.0000	0.0000	0.0000	0.0000	0.0000	0.0000	0.0000	2.3950	2.0428	0.3522	0.0470	0.0459	0.0010	2.3480	1.9969	0.3512	0.0548	0.0471	0.0077	0.0000	0.0000	0.0000	0.0548	0.0471	0.0077	0.5723	0.2843	0.2879	0.1535	0.1529	0.0006	0.4188	0.1314	0.2874
4	25	0.1310	13	2	0	1	1	0	0	0	1	0	0	1	1	0	0	0	0	0	0	Y	N	N	N	N	N	N	N	N	N	N	N	N	N	N	N	N	N	0.0000	0.0002	0.0000	0.0360	0.0342	0.0000	0.0000	0.0000	0.0000	0.0000	0.0000	0.0000	0.0000	0.0000	0.0000	0.0000	0.0000	0.0000	20.5952	0.0016	44.1579	0.0009	0.0010	0.0000	26.6214	0.0019	46.5984	0.0000	24759.9114	-0.0000	0.4472	3.9993	0.9999	16.2043	1.0788	0.0000	0.0000	0.0000	0.0000	0.0000	0.0000	0.0000	0.0000	0.0000	0.9900	0.0000	0.9899	0.0000	0.0000	0.0000	0.9899	0.0000	0.9899	0.0275	0.0237	0.0039	0.0002	0.0002	0.0000	0.0273	0.0235	0.0038	0.0481	0.0256	0.0224	0.0109	0.0097	0.0012	0.0372	0.0159	0.0212
4	42	0.1301	13	2	0	1	0	0	0	0	0	0	1	0	1	0	0	0	0	0	0	Y	N	N	N	N	N	N	N	N	N	N	N	N	N	N	N	N	N	0.0000	0.0000	0.0000	0.0000	0.0000	0.0000	0.0000	0.0000	0.0000	0.0000	0.0000	0.0000	0.0000	0.0000	0.0000	0.0000	0.0000	0.0000	0.0000	0.0000	0.0000	0.0000	0.0000	0.0000	0.0000	0.0000	0.0000			0.0000	0.0000	3.9993	0.0000	16.2043	0.0011	0.0000	0.0000	0.0000	0.0000	0.0000	0.0000	0.0000	0.0000	0.0000	0.0000	0.0000	0.0000	0.0000	0.0000	0.0000	0.0000	0.0000	0.0000	0.0000	0.0000	0.0000	0.0000	0.0000	0.0000	0.0000	0.0000	0.0000	0.0001	0.0001	0.0000	0.0000	0.0000	0.0000	0.0000	0.0000	0.0000
4	44	0.1150	14	2	0	1	1	0	0	0	0	0	0	1	1	0	0	0	0	0	0	Y	N	N	N	N	N	N	N	N	N	N	N	N	N	N	N	N	N	0.0076	0.0048	0.0021	0.0864	0.0761	0.0000	0.0004	0.0000	0.0025	0.0007	0.0008	0.0000	0.0365	0.0369	0.0000	0.0000	0.0000	0.0000	0.0942	0.1747	0.0001	0.4227	0.4850	0.0003	0.0001	0.0000	0.0001	0.0000	0.0004	-0.0001	-0.0345	3.9993	7.0030	16.2043	25.8862	0.0001	0.0001	0.0000	0.0001	0.0001	0.0000	0.0000	0.0000	0.0000	0.0629	0.0629	0.0000	0.0629	0.0629	0.0000	0.0000	0.0000	0.0000	0.1946	0.1675	0.0270	0.0038	0.0038	0.0000	0.1907	0.1637	0.0270	0.6679	0.3602	0.3077	0.1488	0.1297	0.0192	0.5190	0.2305	0.2885
4	48	0.1150	14	2	0	1	1	0	0	0	0	0	0	1	1	0	0	0	0	0	0	Y	N	N	N	N	N	N	N	N	N	N	N	N	N	N	N	N	N	0.0000	0.0000	0.0595	0.0000	0.0000	2.3049	0.0052	0.0000	0.0198	0.0000	0.0000	0.0000	0.0000	0.0000	0.0008	0.0000	0.0000	0.0000	0.2590	0.4538	0.0001	0.9853	1.0895	0.0003	0.0000	0.0000	0.0000	inf	0.0001	0.0000	-0.0338	3.9993	1.7572	16.2043	7.6758	0.0000	0.0000	0.0000	0.0000	0.0000	0.0000	0.0000	0.0000	0.0000	0.0617	0.0617	0.0000	0.0617	0.0617	0.0000	0.0000	0.0000	0.0000	0.0545	0.0470	0.0075	0.0034	0.0034	0.0000	0.0511	0.0436	0.0075	0.2383	0.1360	0.1023	0.0626	0.0566	0.0060	0.1756	0.0793	0.0963
4	49	0.1061	13	2	0	1	1	0	0	0	1	0	0	1	1	0	0	0	0	0	0	Y	N	N	N	N	N	N	N	N	N	N	N	N	N	N	N	N	N	0.0000	0.0000	0.0298	0.0000	0.0000	0.0000	0.0030	0.0000	0.0346	0.0000	0.0000	0.0001	0.0002	0.0002	0.0000	0.0000	0.0000	0.0001	5.6671	10.0028	0.0037	23.0929	25.6954	0.0121	0.0051	0.0074	0.0031	22.6765	0.0003	0.0000	-0.5141	3.9993	1.2605	16.2043	5.3560	0.0000	0.0000	0.0000	0.0000	0.0000	0.0000	0.0000	0.0000	0.0000	0.9382	0.9379	0.0003	0.9376	0.9375	0.0000	0.0006	0.0004	0.0002	0.0347	0.0298	0.0049	0.0001	0.0001	0.0000	0.0346	0.0297	0.0049	0.1655	0.0938	0.0718	0.0406	0.0365	0.0041	0.1250	0.0573	0.0677
4	50	0.1061	13	2	0	1	0	0	0	0	0	0	0	1	1	0	0	0	0	0	0	Y	N	N	N	N	N	N	N	N	N	N	N	N	N	N	N	N	N	0.0019	0.0012	0.0000	23.3783	21.1203	0.0000	0.0000	0.0000	0.0000	0.0094	0.0109	0.0000	2.8375	2.8779	0.0000	0.0000	0.0000	0.0000	4.9648	8.8997	0.0329	0.1214	0.1363	0.0000	6.4548	14.1969	0.0350	0.0000	0.0030	-0.0002	-0.5487	3.9993	1.0001	16.2043	7.4568	0.0003	0.0003	0.0000	0.0003	0.0003	0.0000	0.0000	0.0000	0.0000	1.0063	1.0033	0.0030	0.0058	0.0058	0.0000	1.0005	0.9975	0.0030	0.0276	0.0237	0.0039	0.0001	0.0001	0.0000	0.0275	0.0236	0.0039	0.2027	0.1127	0.0899	0.0477	0.0425	0.0052	0.1550	0.0703	0.0847
4	51	0.1016	12	2	0	1	0	0	0	0	0	0	1	1	1	0	0	0	0	0	0	Y	N	N	N	N	N	N	N	N	N	N	N	N	N	N	N	N	N	0.0221	0.0162	0.3873	0.1483	0.1320	0.0000	0.0008	0.0000	0.6424	0.1003	0.1123	0.0171	1.0079	1.0083	0.0000	0.0024	0.0000	0.0171	4.5346	6.9406	0.0441	6.7956	7.6362	0.1582	2.9421	6.0433	0.0266	0.0220	0.0034	-0.0000	-0.3113	3.9993	0.0061	16.2043	2.7591	0.0000	0.0000	0.0000	0.0000	0.0000	0.0000	0.0000	0.0000	0.0000	0.5714	0.5694	0.0019	0.3538	0.3529	0.0009	0.2175	0.2165	0.0010	0.0002	0.0002	0.0000	0.0000	0.0000	0.0000	0.0002	0.0002	0.0000	0.1260	0.0820	0.0440	0.0521	0.0462	0.0059	0.0739	0.0358	0.0381
4	52	0.1150	14	2	0	1	0	0	0	0	0	0	1	0	1	0	0	0	0	0	0	Y	N	N	N	N	N	N	N	N	N	N	N	N	N	N	N	N	N	0.0000	0.0000	0.0000	0.0000	0.0000	0.0000	0.0000	0.0000	0.0000	0.0000	0.0000	0.0000	0.0000	0.0000	0.0000	0.0000	0.0000	0.0000	0.0920	0.1753	0.0001	0.4036	0.4711	0.0016	0.0000	0.0000	0.0000		0.0006	0.0000	-0.0096	3.9993	1.0020	16.2043	7.2599	0.0000	0.0000	0.0000	0.0000	0.0000	0.0000	0.0000	0.0000	0.0000	0.0176	0.0176	0.0000	0.0176	0.0176	0.0000	0.0000	0.0000	0.0000	0.0279	0.0240	0.0039	0.0004	0.0004	0.0000	0.0275	0.0236	0.0039	0.1911	0.1002	0.0909	0.0435	0.0373	0.0063	0.1476	0.0629	0.0846
4	53	0.0953	13	2	0	1	0	1	0	0	0	0	0	0	0	0	0	0	0	0	0	Y	N	N	N	N	N	N	N	N	N	N	N	N	N	N	N	N	N	0.0000	0.0000	0.0000	0.0000	0.0000	0.0000	0.0000	0.0000	0.0000	0.0000	0.0000	0.0000	0.0000	0.0000	0.0000	0.0000	0.0000	0.0000	0.0710	0.1353	0.0004	0.0178	0.0208	0.0000	0.0852	0.1953	0.0004		0.0024	0.0000	-0.0101	3.9993	3.0050	16.2043	8.3063	0.0000	0.0000	0.0000	0.0000	0.0000	0.0000	0.0000	0.0000	0.0000	0.0186	0.0185	0.0000	0.0010	0.0010	0.0000	0.0176	0.0175	0.0000	0.0838	0.0722	0.0116	0.0020	0.0018	0.0001	0.0819	0.0704	0.0115	0.2612	0.1368	0.1244	0.0549	0.0470	0.0079	0.2063	0.0898	0.1165
4	56	0.1056	12	2	0	1	0	0	0	0	0	0	0	0	0	0	0	0	0	0	0	Y	N	N	N	N	N	N	N	N	N	N	N	N	N	N	N	N	N	0.0003	0.0006	0.0000	0.0090	0.0081	0.0000	0.0000	0.0000	0.0000	0.0017	0.0020	0.0000	0.0711	0.0756	0.0000	0.0000	0.0000	0.0000	5.0200	3.5216	6.7319	7.8698	9.2814	0.0114	4.1281	0.0075	7.2985	0.0000	1.6732	-0.0001	0.1221	3.9993	2.9988	16.2043	11.1255	0.0001	0.0001	0.0000	0.0001	0.0001	0.0000	0.0000	0.0000	0.0000	1.5726	0.5883	0.9843	0.5876	0.5875	0.0001	0.9850	0.0008	0.9842	0.0821	0.0708	0.0113	0.0020	0.0019	0.0001	0.0802	0.0690	0.0112	0.3133	0.1671	0.1462	0.0747	0.0633	0.0114	0.2386	0.1038	0.1348
4	70	0.1088	13	2	0	1	0	0	0	0	0	0	1	1	1	0	0	0	0	0	0	Y	N	N	N	N	N	N	N	N	N	N	N	N	N	N	N	N	N	16.7504	0.0601	73.5602	12.8047	0.1694	98.8044	53.6927	0.0000	233.5959	4.3933	0.0036	38.2158	9.9970	0.0227	675.1962	3.4635	0.0000	26.3417	0.2623	0.0599	0.5195	0.7807	0.1341	6.8337	0.0645	0.0001	0.1128	1378.7250	6.8304	0.1488	0.0212	3.9993	2.3581	16.2043	7.4584	0.3576	0.0003	0.3573	0.1158	0.0003	0.1155	0.2418	0.0000	0.2418	0.0655	0.0084	0.0572	0.0539	0.0084	0.0455	0.0117	0.0000	0.0117	0.0814	0.0720	0.0094	0.0116	0.0114	0.0002	0.0698	0.0606	0.0092	0.2499	0.1399	0.1101	0.0690	0.0623	0.0067	0.1809	0.0775	0.1034
4	71	0.1016	12	2	0	1	0	0	0	0	0	0	0	1	0	0	0	0	0	0	0	Y	N	N	N	N	N	N	N	N	N	N	N	N	N	N	N	N	N	4.2438	8.0255	10.6209	0.0110	0.1622	0.0000	8.2588	13.7471	28.0181	15.7037	2.7838	94.8710	0.0779	0.0797	0.0000	15.7369	2.7903	94.9024	3.7004	0.3469	8.9325	7.1128	0.4910	57.2328	1.9055	0.2030	3.3872	5.5618	16.5058	0.2005	0.2591	3.9993	1.7590	16.2043	3.5356	0.7581	0.1155	0.6426	0.0000	0.0000	0.0000	0.7581	0.1155	0.6426	0.6566	0.0375	0.6191	0.4351	0.0265	0.4085	0.2216	0.0110	0.2106	0.0483	0.0415	0.0068	0.0001	0.0001	0.0000	0.0482	0.0414	0.0068	0.1775	0.1081	0.0693	0.0612	0.0540	0.0071	0.1163	0.0541	0.0622
4	72	0.0982	11	2	0	1	0	0	0	0	0	1	0	1	0	0	0	0	0	0	0	Y	N	N	N	N	N	N	N	N	N	N	N	N	N	N	N	N	N	0.0142	0.0003	0.1181	0.2553	0.2633	0.0000	0.0126	0.0000	0.1130	0.2145	0.0054	1.6435	0.0508	0.0508	0.0000	0.2312	0.0000	1.6440	15.1289	16.2723	13.9174	0.1990	0.1930	0.2425	18.3509	23.2722	14.5502	44.7436	0.8073	0.0000	-0.0796	3.9993	0.0029	16.2043	2.4186	0.0000	0.0000	0.0000	0.0000	0.0000	0.0000	0.0000	0.0000	0.0000	0.7832	0.4333	0.3498	0.0018	0.0016	0.0003	0.7813	0.4318	0.3496	0.0001	0.0001	0.0000	0.0000	0.0000	0.0000	0.0001	0.0001	0.0000	0.0518	0.0266	0.0251	0.0092	0.0081	0.0011	0.0426	0.0186	0.0240
4	78	0.1056	12	2	0	1	0	0	0	0	0	0	1	0	1	0	0	0	0	0	0	Y	N	N	N	N	N	N	N	N	N	N	N	N	N	N	N	N	N	0.0007	0.0000	57.4861	0.0000	0.0000	0.0000	0.5438	0.0000	90.7145	0.0000	0.0000	0.0005	0.0000	0.0000	0.0000	0.0001	0.0000	0.0006	0.0530	0.0991	0.0000	0.2180	0.2558	0.0000	0.0001	0.0003	0.0000	inf	0.0001	0.0000	-0.0080	3.9993	0.0166	16.2043	12.2009	0.0000	0.0000	0.0000	0.0000	0.0000	0.0000	0.0000	0.0000	0.0000	0.0146	0.0146	0.0000	0.0146	0.0146	0.0000	0.0000	0.0000	0.0000	0.0012	0.0011	0.0001	0.0005	0.0005	0.0000	0.0007	0.0006	0.0001	0.2760	0.1478	0.1283	0.0670	0.0571	0.0099	0.2090	0.0906	0.1184
4	79	0.0913	11	2	0	1	0	1	0	0	0	0	0	0	0	0	0	0	0	0	0	Y	N	N	N	N	N	N	N	N	N	N	N	N	N	N	N	N	N	0.0000	0.0000	0.0000	0.0004	0.0004	0.0000	0.0000	0.0000	0.0000	0.0000	0.0000	0.0000	0.0001	0.0001	0.0000	0.0000	0.0000	0.0000	0.0856	0.0454	0.1263	0.1300	0.1591	0.0085	0.0763	0.0014	0.1348	0.0000	2.7604	-0.0000	0.0030	3.9993	1.0285	16.2043	7.9781	0.0000	0.0000	0.0000	0.0000	0.0000	0.0000	0.0000	0.0000	0.0000	0.0160	0.0043	0.0118	0.0042	0.0042	0.0001	0.0118	0.0001	0.0117	0.0290	0.0250	0.0040	0.0008	0.0008	0.0000	0.0283	0.0243	0.0040	0.1872	0.0940	0.0932	0.0325	0.0262	0.0063	0.1547	0.0678	0.0869
4	84	0.0714	8	2	0	1	0	0	0	0	0	0	0	0	0	0	0	0	0	0	0	Y	N	N	N	N	N	N	N	N	N	N	N	N	N	N	N	N	N	0.0006	0.8780	0.0000	105.9972	119.3635	0.0000	0.0000	0.0000	0.0000	0.0017	0.0020	0.0000	0.9786	1.0055	0.0000	0.0000	0.0000	0.0000	2.9911	0.0023	6.2343	0.0092	0.0084	0.0191	3.5228	0.0000	6.3863	0.0000	2537.1207	-0.0001	0.5469	3.9993	2.9998	16.2043	15.4389	0.0001	0.0001	0.0000	0.0001	0.0001	0.0000	0.0000	0.0000	0.0000	1.2117	0.0005	1.2112	0.0006	0.0005	0.0001	1.2111	0.0000	1.2111	0.0819	0.0704	0.0115	0.0001	0.0001	0.0000	0.0817	0.0703	0.0115	0.4051	0.2108	0.1943	0.0613	0.0567	0.0046	0.3438	0.1541	0.1896
4	88	0.1125	14	2	0	1	0	0	0	0	0	0	0	1	1	0	0	0	0	0	0	Y	N	N	N	N	N	N	N	N	N	N	N	N	N	N	N	N	N	734.0930	0.0000	322196.3775	0.0029	0.0027	0.0000	615.8886	0.0000	315849.4114	34.8649	0.0000	249.1171	0.0001	0.0001	0.0000	35.5897	0.0000	249.7524	0.0475	0.0836	0.0008	0.0212	0.0229	0.0004	0.0578	0.1359	0.0008	27690028.8304	0.0071	0.4167	-0.0067	3.9993	1.0173	16.2043	8.6136	0.9995	0.0000	0.9995	0.0000	0.0000	0.0000	0.9995	0.0000	0.9995	0.0124	0.0123	0.0001	0.0016	0.0016	0.0000	0.0108	0.0107	0.0001	0.0287	0.0247	0.0040	0.0006	0.0006	0.0000	0.0281	0.0241	0.0040	0.2605	0.1470	0.1135	0.0734	0.0680	0.0053	0.1871	0.0789	0.1082
4	90	0.1125	14	2	0	1	0	0	0	0	0	0	0	1	1	0	0	0	0	0	0	Y	N	N	N	N	N	N	N	N	N	N	N	N	N	N	N	N	N	0.0050	0.1620	0.0000	4.6100	4.3303	0.0000	0.0000	0.0000	0.0000	0.0034	0.0040	0.0000	0.2355	0.2415	0.0000	0.0000	0.0000	0.0000	0.6832	0.0244	1.4997	0.0511	0.0558	0.0000	0.9091	0.0002	1.5779	0.0000	49.5803	-0.0001	0.1006	3.9993	2.0138	16.2043	11.8132	0.0002	0.0002	0.0000	0.0002	0.0002	0.0000	0.0000	0.0000	0.0000	0.2330	0.0046	0.2284	0.0046	0.0046	0.0000	0.2284	0.0000	0.2284	0.0559	0.0480	0.0078	0.0008	0.0008	0.0000	0.0550	0.0473	0.0078	0.3411	0.1888	0.1523	0.0898	0.0822	0.0076	0.2513	0.1065	0.1447
4	91	0.1040	13	2	0	1	0	0	0	0	0	1	1	1	1	0	0	0	0	0	0	Y	N	N	N	N	N	N	N	N	N	N	N	N	N	N	N	N	N	0.3105	0.0000	1.3236	0.0000	0.0000	0.0000	0.2920	0.0000	1.2598	0.0035	0.0000	0.0247	0.0000	0.0000	0.0000	0.0035	0.0000	0.0247	0.0112	0.0054	0.0186	0.0089	0.0097	0.0002	0.0120	0.0020	0.0196	inf	2.6944	0.0001	0.0003	3.9993	1.9725	16.2043	4.2763	0.0002	0.0000	0.0002	0.0000	0.0000	0.0000	0.0002	0.0000	0.0002	0.0019	0.0005	0.0014	0.0004	0.0004	0.0000	0.0015	0.0001	0.0014	0.0548	0.0471	0.0077	0.0005	0.0005	0.0000	0.0543	0.0466	0.0077	0.1676	0.0944	0.0732	0.0446	0.0410	0.0036	0.1230	0.0534	0.0696
4	98	0.1340	14	2	0	1	1	0	0	0	1	0	0	1	1	0	0	0	0	0	0	Y	N	N	N	N	N	N	N	N	N	N	N	N	N	N	N	N	N	0.0000	0.0000	0.0000	0.0000	0.0000	0.0000	0.0000	0.0000	0.0000	0.0000	0.0000	0.0000	0.0000	0.0000	0.0000	0.0000	0.0000	0.0000	0.0010	0.0019	0.0000	0.0048	0.0055	0.0000	0.0000	0.0000	0.0000		0.0000	0.0000	-0.0001	3.9993	2.9999	16.2043	3.9821	0.0000	0.0000	0.0000	0.0000	0.0000	0.0000	0.0000	0.0000	0.0000	0.0001	0.0001	0.0000	0.0001	0.0001	0.0000	0.0000	0.0000	0.0000	0.0820	0.0706	0.0114	0.0007	0.0007	0.0000	0.0813	0.0699	0.0114	0.1492	0.0783	0.0709	0.0313	0.0274	0.0039	0.1178	0.0509	0.0670
4	99	0.1310	13	2	0	1	0	0	0	0	0	0	0	1	1	0	0	0	0	0	0	Y	N	N	N	N	N	N	N	N	N	N	N	N	N	N	N	N	N	0.0035	0.0021	0.0000	0.0047	0.0042	0.0000	0.0000	0.0000	0.0000	0.0006	0.0007	0.0000	0.0036	0.0036	0.0000	0.0000	0.0000	0.0000	0.1778	0.3275	0.0065	0.7686	0.8614	0.0000	0.0047	0.0019	0.0069	0.0000	0.0173	-0.0000	-0.0045	3.9993	0.0003	16.2043	2.0601	0.0000	0.0000	0.0000	0.0000	0.0000	0.0000	0.0000	0.0000	0.0000	0.0085	0.0083	0.0001	0.0083	0.0083	0.0000	0.0002	0.0000	0.0001	0.0000	0.0000	0.0000	0.0000	0.0000	0.0000	0.0000	0.0000	0.0000	0.0477	0.0255	0.0222	0.0108	0.0096	0.0012	0.0369	0.0158	0.0211
4	100	0.1111	12	2	0	1	0	0	0	0	0	1	1	1	1	0	0	0	0	0	0	Y	N	N	N	N	N	N	N	N	N	N	N	N	N	N	N	N	N	0.0007	0.0006	0.0000	5.6058	5.0730	0.0000	0.0000	0.0000	0.0000	0.0034	0.0040	0.0000	1.2931	1.3166	0.0000	0.0000	0.0000	0.0000	4.5498	7.0567	1.7923	0.2307	0.2595	0.0000	5.7149	10.8886	1.8858	0.0000	0.2309	-0.0002	-0.4521	3.9993	3.0014	16.2043	9.1620	0.0003	0.0003	0.0000	0.0003	0.0003	0.0000	0.0000	0.0000	0.0000	1.2535	1.0184	0.2351	0.0135	0.0135	0.0000	1.2400	1.0049	0.2351	0.0821	0.0706	0.0115	0.0002	0.0002	0.0000	0.0819	0.0704	0.0115	0.2755	0.1443	0.1312	0.0585	0.0520	0.0065	0.2170	0.0923	0.1247
4	101	0.0982	11	2	0	1	0	0	0	0	0	0	0	0	0	0	0	0	0	0	0	Y	N	N	N	N	N	N	N	N	N	N	N	N	N	N	N	N	N	0.0005	0.0002	0.0371	0.3342	0.2926	0.0000	0.0001	0.0000	0.0355	0.0033	0.0027	0.0073	0.0577	0.0578	0.0000	0.0010	0.0000	0.0073	6.0409	11.6339	0.1960	0.1727	0.1975	0.0002	7.2692	16.4474	0.2052	0.4286	0.0161	-0.0000	-0.5395	3.9993	0.0077	16.2043	8.0757	0.0000	0.0000	0.0000	0.0000	0.0000	0.0000	0.0000	0.0000	0.0000	1.0133	0.9973	0.0161	0.0050	0.0050	0.0000	1.0083	0.9922	0.0161	0.0002	0.0002	0.0000	0.0000	0.0000	0.0000	0.0002	0.0002	0.0000	0.1677	0.0857	0.0820	0.0290	0.0254	0.0036	0.1387	0.0603	0.0784
4	102	0.0966	10	2	0	1	0	0	0	0	0	0	0	0	0	0	0	0	0	0	0	Y	N	N	N	N	N	N	N	N	N	N	N	N	N	N	N	N	N	0.0897	0.0811	0.1151	54.8562	48.2756	0.0000	0.0124	0.0000	0.1101	0.0078	0.0075	0.0092	0.1057	0.1058	0.0000	0.0013	0.0000	0.0092	0.0865	0.0930	0.0797	0.0019	0.0022	0.0001	0.1038	0.1305	0.0833	0.1838	0.8267	-0.0000	-0.0002	3.9993	0.0011	16.2043	1.0060	0.0000	0.0000	0.0000	0.0000	0.0000	0.0000	0.0000	0.0000	0.0000	0.0018	0.0010	0.0008	0.0000	0.0000	0.0000	0.0018	0.0010	0.0008	0.0000	0.0000	0.0000	0.0000	0.0000	0.0000	0.0000	0.0000	0.0000	0.0212	0.0108	0.0104	0.0036	0.0032	0.0005	0.0176	0.0076	0.0100
4	113	0.0966	12	2	0	1	0	0	0	0	0	0	0	0	0	0	0	0	0	0	0	Y	N	N	N	N	N	N	N	N	N	N	N	N	N	N	N	N	N	0.0112	0.0052	0.8134	0.2829	0.2492	0.0000	0.0218	0.0000	0.7783	0.0004	0.0003	0.0006	0.0488	0.0492	0.0000	0.0001	0.0000	0.0006	0.0325	0.0631	0.0007	0.1727	0.1976	0.0000	0.0038	0.0077	0.0008	0.2892	0.0110	-0.0000	-0.0017	3.9993	0.0182	16.2043	4.6661	0.0000	0.0000	0.0000	0.0000	0.0000	0.0000	0.0000	0.0000	0.0000	0.0032	0.0031	0.0000	0.0029	0.0029	0.0000	0.0003	0.0003	0.0000	0.0005	0.0004	0.0001	0.0000	0.0000	0.0000	0.0005	0.0004	0.0001	0.0976	0.0497	0.0479	0.0166	0.0145	0.0021	0.0810	0.0352	0.0458
4	114	0.0966	11	2	0	1	0	0	0	0	0	0	0	0	0	0	0	0	0	0	0	Y	N	N	N	N	N	N	N	N	N	N	N	N	N	N	N	N	N	0.3150	0.1064	28.1902	0.2980	0.2800	0.0000	7.2856	0.0000	28.4329	0.0055	0.0031	0.0229	0.0197	0.0198	0.0000	0.0032	0.0000	0.0229	0.0174	0.0292	0.0008	0.0663	0.0705	0.0000	0.0004	0.0000	0.0008	1.0000	0.0199	-0.0000	-0.0000	3.9993	0.0004	16.2043	0.0007	0.0000	0.0000	0.0000	0.0000	0.0000	0.0000	0.0000	0.0000	0.0000	0.0000	0.0000	0.0000	0.0000	0.0000	0.0000	0.0000	0.0000	0.0000	0.0000	0.0000	0.0000	0.0000	0.0000	0.0000	0.0000	0.0000	0.0000	0.0000	0.0000	0.0000	0.0000	0.0000	0.0000	0.0000	0.0000	0.0000
4	115	0.0966	10	2	0	1	0	0	0	0	0	0	0	0	0	0	0	0	0	0	0	Y	N	N	N	N	N	N	N	N	N	N	N	N	N	N	N	N	N	6.8414	5.1804	19.1203	15.8989	16.1060	0.0000	5.5221	0.0000	19.4043	0.0055	0.0031	0.0229	0.0197	0.0198	0.0000	0.0032	0.0000	0.0229	0.0008	0.0006	0.0012	0.0012	0.0012	0.0000	0.0006	0.0000	0.0012	1.0000	1.0000	-0.0000	-0.0000	3.9993	0.0004	16.2043	0.0002	0.0000	0.0000	0.0000	0.0000	0.0000	0.0000	0.0000	0.0000	0.0000	0.0000	0.0000	0.0000	0.0000	0.0000	0.0000	0.0000	0.0000	0.0000	0.0000	0.0000	0.0000	0.0000	0.0000	0.0000	0.0000	0.0000	0.0000	0.0000	0.0000	0.0000	0.0000	0.0000	0.0000	0.0000	0.0000	0.0000
4	116	0.0762	9	2	0	1	0	0	0	0	0	0	0	0	0	0	0	0	0	0	0	Y	N	N	N	N	N	N	N	N	N	N	N	N	N	N	N	N	N	0.0004	0.0001	0.0023	0.0002	0.0002	0.0000	0.0007	0.0000	0.0022	0.0028	0.0009	0.0159	0.0037	0.0037	0.0000	0.0026	0.0000	0.0159	6.4332	5.9546	7.0087	16.8656	18.0920	0.0109	3.9422	0.0005	7.2162	2.7508	0.9789	0.0000	-0.1075	3.9993	0.0012	16.2043	12.6705	0.0000	0.0000	0.0000	0.0000	0.0000	0.0000	0.0000	0.0000	0.0000	2.0058	1.0136	0.9922	1.0136	1.0136	0.0000	0.9922	0.0001	0.9922	0.0001	0.0000	0.0000	0.0000	0.0000	0.0000	0.0000	0.0000	0.0000	0.3118	0.1702	0.1416	0.0601	0.0560	0.0041	0.2517	0.1142	0.1375
4	117	0.0714	8	2	0	1	0	0	0	0	0	0	0	0	0	0	0	0	0	0	0	Y	N	N	N	N	N	N	N	N	N	N	N	N	N	N	N	N	N	0.0080	0.0114	0.0016	0.0522	0.0505	0.0000	0.0004	0.0000	0.0016	0.0030	0.0033	0.0008	0.0370	0.0371	0.0000	0.0001	0.0000	0.0008	0.3742	0.2929	0.4898	0.7096	0.7332	0.0640	0.2667	0.0008	0.4989	0.0367	1.1764	-0.0000	-0.0003	3.9993	0.0012	16.2043	3.6220	0.0000	0.0000	0.0000	0.0000	0.0000	0.0000	0.0000	0.0000	0.0000	0.0421	0.0194	0.0228	0.0194	0.0193	0.0001	0.0227	0.0000	0.0227	0.0000	0.0000	0.0000	0.0000	0.0000	0.0000	0.0000	0.0000	0.0000	0.1126	0.0661	0.0465	0.0273	0.0264	0.0010	0.0853	0.0397	0.0455
4	118	0.0679	7	2	0	1	0	1	0	0	0	0	0	0	0	0	0	0	0	0	0	Y	N	N	N	N	N	N	N	N	N	N	N	N	N	N	N	N	N	0.0009	0.0029	0.0000	0.0057	0.0056	0.0000	0.0000	0.0000	0.0000	0.0002	0.0002	0.0000	0.0010	0.0010	0.0000	0.0000	0.0000	0.0000	0.2310	0.0802	0.4540	0.1722	0.1747	0.0040	0.2536	0.0003	0.4587	0.0000	3.8265	-0.0000	0.0055	3.9993	0.0004	16.2043	2.6029	0.0000	0.0000	0.0000	0.0000	0.0000	0.0000	0.0000	0.0000	0.0000	0.0226	0.0047	0.0179	0.0047	0.0047	0.0000	0.0179	0.0000	0.0179	0.0000	0.0000	0.0000	0.0000	0.0000	0.0000	0.0000	0.0000	0.0000	0.0977	0.0583	0.0394	0.0271	0.0267	0.0004	0.0706	0.0316	0.0390
5	7	0.1677	25	1	0	0	0	0	0	0	0	0	1	1	2	0	0	0	0	0	0	N	N	N	N	N	Y	N	N	N	N	N	N	N	N	N	N	N	N	0.0000	0.0000	0.0000	0.0000	0.0000	0.0000	0.0000	0.0000	0.0000	0.0000	0.0000	0.0000	0.0000	0.0000	0.0000	0.0000	0.0000	0.0000	0.0020	0.0000	0.0044	0.0000	0.0000	0.0000	0.0028	0.0000	0.0048		inf	0.0000	0.0000	0.0011	0.0000	5.0222	0.9946	0.0000	0.0000	0.0000	0.0000	0.0000	0.0000	0.0000	0.0000	0.0000	0.0000	0.0000	0.0000	0.0000	0.0000	0.0000	0.0000	0.0000	0.0000	0.0000	0.0000	0.0000	0.0000	0.0000	0.0000	0.0000	0.0000	0.0000	0.0050	0.0027	0.0023	0.0014	0.0012	0.0002	0.0036	0.0015	0.0021
5	8	0.1629	24	1	0	0	0	0	0	0	0	0	1	1	2	0	0	0	0	0	0	N	N	N	N	N	Y	N	N	N	N	N	N	N	N	N	N	N	N	0.0000	0.0000	0.0000	0.0000	0.0000	0.0000	0.0000	0.0000	0.0000	0.0000	0.0000	0.0000	0.0000	0.0000	0.0000	0.0000	0.0000	0.0000	0.0000	0.0000	0.0000	0.0000	0.0000	0.0000	0.0000	0.0000	0.0000		inf	0.0000	0.0000	0.0011	0.0000	5.0222	3.0112	0.0000	0.0000	0.0000	0.0000	0.0000	0.0000	0.0000	0.0000	0.0000	0.0000	0.0000	0.0000	0.0000	0.0000	0.0000	0.0000	0.0000	0.0000	0.0000	0.0000	0.0000	0.0000	0.0000	0.0000	0.0000	0.0000	0.0000	0.0142	0.0077	0.0065	0.0037	0.0031	0.0006	0.0105	0.0045	0.0059
5	10	0.1629	24	1	1	0	0	0	1	0	0	0	1	1	2	0	0	0	0	0	0	N	N	N	N	N	Y	N	N	N	N	N	N	N	N	N	N	N	N	0.0000	0.0000	0.0000	0.0000	0.0000	0.0000	0.0000	0.0000	0.0000	0.0000	0.0000	0.0000	0.0000	0.0000	0.0000	0.0000	0.0000	0.0000	0.0000	0.0000	0.0000	0.0000	0.0000	0.0000	0.0000	0.0000	0.0000			0.0000	0.0000	0.0011	0.0000	5.0222	0.0003	0.0000	0.0000	0.0000	0.0000	0.0000	0.0000	0.0000	0.0000	0.0000	0.0000	0.0000	0.0000	0.0000	0.0000	0.0000	0.0000	0.0000	0.0000	0.0000	0.0000	0.0000	0.0000	0.0000	0.0000	0.0000	0.0000	0.0000	0.0000	0.0000	0.0000	0.0000	0.0000	0.0000	0.0000	0.0000	0.0000
5	11	0.1511	23	1	0	0	0	0	0	0	0	0	1	1	2	0	0	0	0	0	0	N	N	N	N	N	Y	N	N	N	N	N	N	N	N	N	N	N	N	0.0000	0.0000	0.0000	0.0000	0.0000	0.0000	0.0000	0.0000	0.0000	0.0000	0.0000	0.0000	0.0000	0.0000	0.0000	0.0000	0.0000	0.0000	0.0006	0.0009	0.0002	0.0017	0.0018	0.0002	0.0002	0.0000	0.0002		0.2026	0.0000	-0.0000	0.0011	1.9982	5.0222	5.4332	0.0000	0.0000	0.0000	0.0000	0.0000	0.0000	0.0000	0.0000	0.0000	0.0000	0.0000	0.0000	0.0000	0.0000	0.0000	0.0000	0.0000	0.0000	0.0000	0.0000	0.0000	0.0000	0.0000	0.0000	0.0000	0.0000	0.0000	0.0440	0.0249	0.0191	0.0135	0.0120	0.0014	0.0305	0.0128	0.0177
5	12	0.1330	18	0	0	0	0	0	0	0	0	0	1	0	2	0	0	0	0	0	0	N	N	N	N	N	Y	N	N	N	N	N	N	N	N	N	N	N	N	0.0000	0.0000	0.0000	0.0000	0.0000	0.0000	0.0000	0.0000	0.0000	0.0000	0.0000	0.0000	0.0000	0.0000	0.0000	0.0000	0.0000	0.0000	0.0006	0.0000	0.0014	0.0000	0.0000	0.0000	0.0008	0.0000	0.0015		inf	0.0000	0.0000	0.0011	0.0000	5.0222	3.0444	0.0000	0.0000	0.0000	0.0000	0.0000	0.0000	0.0000	0.0000	0.0000	0.0000	0.0000	0.0000	0.0000	0.0000	0.0000	0.0000	0.0000	0.0000	0.0000	0.0000	0.0000	0.0000	0.0000	0.0000	0.0000	0.0000	0.0000	0.0157	0.0084	0.0073	0.0034	0.0029	0.0004	0.0123	0.0055	0.0068
5	13	0.1048	14	1	0	0	0	0	0	0	0	0	2	0	2	0	0	0	0	0	0	N	N	N	N	N	Y	N	N	N	N	N	N	N	N	N	N	N	N	0.1812	0.1083	0.0000	0.0000	0.0000	0.0000	70.5428	52.8567	0.0000	1.2947	1.4646	0.0000	0.0000	0.0000	0.0000	1.5629	1.8161	0.0000	7.1448	13.5210	0.0113	26.4381	33.5613	0.0000	0.0222	0.0344	0.0129	0.0000	0.0007	-0.0000	-0.3237	0.0011	2.0000	5.0222	12.5972	0.0000	0.0000	0.0000	0.0000	0.0000	0.0000	0.0000	0.0000	0.0000	0.5911	0.5907	0.0004	0.5898	0.5898	0.0000	0.0013	0.0009	0.0004	0.0000	0.0000	0.0000	0.0000	0.0000	0.0000	0.0000	0.0000	0.0000	0.0827	0.0437	0.0390	0.0223	0.0176	0.0047	0.0604	0.0261	0.0343
5	15	0.1398	17	0	0	0	0	0	0	0	0	0	2	0	2	0	0	0	0	0	0	N	N	N	N	N	Y	N	N	N	N	N	N	N	N	N	N	N	N	0.0000	0.0000	0.0000	0.0000	0.0000	0.0000	0.0000	0.0000	0.0000	0.0000	0.0000	0.0000	0.0000	0.0000	0.0000	0.0000	0.0000	0.0000	0.0007	0.0000	0.0014	0.0000	0.0000	0.0000	0.0008	0.0000	0.0015		inf	0.0000	0.0000	0.0011	0.0012	5.0222	2.9951	0.0000	0.0000	0.0000	0.0000	0.0000	0.0000	0.0000	0.0000	0.0000	0.0000	0.0000	0.0000	0.0000	0.0000	0.0000	0.0000	0.0000	0.0000	0.0000	0.0000	0.0000	0.0000	0.0000	0.0000	0.0000	0.0000	0.0000	0.0148	0.0080	0.0069	0.0031	0.0026	0.0004	0.0118	0.0053	0.0065
5	25	0.1550	21	1	0	0	1	0	0	0	1	0	1	1	2	0	0	0	0	0	0	N	N	N	N	N	Y	N	N	N	N	N	N	N	N	N	N	N	N	5884013.2537	3778881.0885	0.0000	0.0000	0.0000	0.0000	5355585.4306	2830009.7735	0.0000	2.5688	2.9063	0.0000	0.0000	0.0000	0.0000	3.1071	3.6104	0.0000	0.0000	0.0000	0.0000	0.0000	0.0000	0.0000	0.0000	0.0000	0.0000	0.0000	0.0417	-0.0000	-0.0000	0.0011	0.9999	5.0222	1.0788	0.0000	0.0000	0.0000	0.0000	0.0000	0.0000	0.0000	0.0000	0.0000	0.0000	0.0000	0.0000	0.0000	0.0000	0.0000	0.0000	0.0000	0.0000	0.0000	0.0000	0.0000	0.0000	0.0000	0.0000	0.0000	0.0000	0.0000	0.0115	0.0062	0.0052	0.0028	0.0025	0.0004	0.0086	0.0038	0.0049
5	35	0.0885	7	0	0	1	0	0	0	1	0	0	2	0	2	0	0	0	0	0	0	N	N	N	N	N	Y	N	N	N	N	N	N	N	N	N	N	N	N	1299.8202	169617.4130	0.0000	0.0000	0.0000	0.0000	2183.0173	inf	0.0000	0.0834	0.0987	0.0000	0.0000	0.0000	0.0000	0.1613	0.1845	0.0000	0.0001	0.0000	0.0001	0.0000	0.0000	0.0002	0.0001	0.0000	0.0001	0.0000	209.9143	-0.0000	0.0000	0.0011	0.0023	5.0222	1.9232	0.0000	0.0000	0.0000	0.0000	0.0000	0.0000	0.0000	0.0000	0.0000	0.0000	0.0000	0.0000	0.0000	0.0000	0.0000	0.0000	0.0000	0.0000	0.0000	0.0000	0.0000	0.0000	0.0000	0.0000	0.0000	0.0000	0.0000	0.0115	0.0060	0.0055	0.0023	0.0020	0.0002	0.0092	0.0040	0.0053
5	42	0.0899	7	1	0	0	0	0	0	0	0	0	2	0	2	0	0	0	0	0	0	N	N	N	N	N	Y	N	N	N	N	N	N	N	N	N	N	N	N	0.0000	0.0000	0.0000	0.0000	0.0000	0.0000	0.0000	0.0000	0.0000	0.0000	0.0000	0.0000	0.0000	0.0000	0.0000	0.0000	0.0000	0.0000	0.0000	0.0000	0.0000	0.0000	0.0000	0.0000	0.0000	0.0000	0.0000			0.0000	0.0000	0.0011	0.0000	5.0222	0.0011	0.0000	0.0000	0.0000	0.0000	0.0000	0.0000	0.0000	0.0000	0.0000	0.0000	0.0000	0.0000	0.0000	0.0000	0.0000	0.0000	0.0000	0.0000	0.0000	0.0000	0.0000	0.0000	0.0000	0.0000	0.0000	0.0000	0.0000	0.0000	0.0000	0.0000	0.0000	0.0000	0.0000	0.0000	0.0000	0.0000
5	44	0.1390	22	1	0	0	1	0	0	0	0	0	1	1	2	0	0	0	0	0	0	N	N	N	N	N	Y	N	N	N	N	N	N	N	N	N	N	N	N	15.0707	3624.3523	0.0000	0.0000	0.0000	0.0000	14.1718	inf	0.0000	0.3676	0.4153	0.0000	0.0000	0.0000	0.0000	0.4540	0.5273	0.0000	0.0244	0.0001	0.0541	0.0010	0.0003	0.0055	0.0320	0.0000	0.0581	0.0000	385.4908	-0.0000	0.0017	0.0011	7.0030	5.0222	25.8862	0.0000	0.0000	0.0000	0.0000	0.0000	0.0000	0.0000	0.0000	0.0000	0.0039	0.0000	0.0039	0.0000	0.0000	0.0000	0.0038	0.0000	0.0038	0.0001	0.0001	0.0000	0.0000	0.0000	0.0000	0.0001	0.0001	0.0000	0.1584	0.0872	0.0712	0.0390	0.0336	0.0054	0.1194	0.0536	0.0658
5	48	0.1390	22	1	0	0	1	0	0	0	0	0	1	1	2	0	0	0	0	0	0	N	N	N	N	N	Y	N	N	N	N	N	N	N	N	N	N	N	N	0.4335	0.7530	0.0000	0.5332	1.2993	0.0000	0.0000	0.0000	0.0000	0.0001	0.0001	0.0000	0.0005	0.0005	0.0000	0.0000	0.0000	0.0000	0.0003	0.0002	0.0004	0.0010	0.0004	0.0059	0.0000	0.0000	0.0000	0.0000	1.6342	-0.0000	0.0000	0.0011	1.7572	5.0222	7.6758	0.0000	0.0000	0.0000	0.0000	0.0000	0.0000	0.0000	0.0000	0.0000	0.0000	0.0000	0.0000	0.0000	0.0000	0.0000	0.0000	0.0000	0.0000	0.0000	0.0000	0.0000	0.0000	0.0000	0.0000	0.0000	0.0000	0.0000	0.0572	0.0334	0.0238	0.0164	0.0147	0.0017	0.0408	0.0187	0.0221
5	49	0.1301	21	1	0	0	1	0	0	0	1	0	1	1	2	0	0	0	0	0	0	N	N	N	N	N	Y	N	N	N	N	N	N	N	N	N	N	N	N	0.4518	0.4739	0.0000	0.0000	0.0000	0.0000	1.0568	42.6988	0.0000	0.0002	0.0002	0.0000	0.0000	0.0000	0.0000	0.0002	0.0003	0.0000	0.0004	0.0004	0.0004	0.0009	0.0011	0.0000	0.0002	0.0000	0.0004	0.0000	0.5964	-0.0000	-0.0000	0.0011	1.2605	5.0222	5.3560	0.0000	0.0000	0.0000	0.0000	0.0000	0.0000	0.0000	0.0000	0.0000	0.0000	0.0000	0.0000	0.0000	0.0000	0.0000	0.0000	0.0000	0.0000	0.0000	0.0000	0.0000	0.0000	0.0000	0.0000	0.0000	0.0000	0.0000	0.0397	0.0230	0.0166	0.0107	0.0095	0.0012	0.0289	0.0135	0.0154
5	50	0.1301	21	1	0	0	0	0	0	0	0	0	1	1	2	0	0	0	0	0	0	N	N	N	N	N	Y	N	N	N	N	N	N	N	N	N	N	N	N	0.0000	0.0000	0.0000	0.0000	0.0000	0.0000	0.0000	0.0000	0.0000	0.0000	0.0000	0.0000	0.0000	0.0000	0.0000	0.0000	0.0000	0.0000	0.0000	0.0000	0.0000	0.0000	0.0000	0.0000	0.0000	0.0000	0.0000		0.0084	0.0000	-0.0000	0.0011	1.0001	5.0222	7.4568	0.0000	0.0000	0.0000	0.0000	0.0000	0.0000	0.0000	0.0000	0.0000	0.0000	0.0000	0.0000	0.0000	0.0000	0.0000	0.0000	0.0000	0.0000	0.0000	0.0000	0.0000	0.0000	0.0000	0.0000	0.0000	0.0000	0.0000	0.0484	0.0276	0.0208	0.0126	0.0111	0.0015	0.0358	0.0165	0.0193
5	51	0.1256	20	1	0	0	0	0	0	0	0	0	2	1	2	0	0	0	0	0	0	N	N	N	N	N	Y	N	N	N	N	N	N	N	N	N	N	N	N	0.0000	0.0000	0.0000	0.0000	0.0000	0.0000	0.0000	0.0000	0.0000	0.0000	0.0000	0.0000	0.0000	0.0000	0.0000	0.0000	0.0000	0.0000	0.0000	0.0000	0.0000	0.0000	0.0000	0.0000	0.0000	0.0000	0.0000		3.6330	0.0000	0.0000	0.0011	0.0061	5.0222	2.7591	0.0000	0.0000	0.0000	0.0000	0.0000	0.0000	0.0000	0.0000	0.0000	0.0000	0.0000	0.0000	0.0000	0.0000	0.0000	0.0000	0.0000	0.0000	0.0000	0.0000	0.0000	0.0000	0.0000	0.0000	0.0000	0.0000	0.0000	0.0299	0.0196	0.0104	0.0143	0.0114	0.0030	0.0156	0.0082	0.0074
5	52	0.0748	6	1	0	0	0	0	0	0	0	0	2	0	2	0	0	0	0	0	0	N	N	N	N	N	Y	N	N	N	N	N	N	N	N	N	N	N	N	5.2361	0.0000	26819.7706	0.0000	0.0000	0.0000	5.5811	0.0000	inf	0.0002	0.0000	0.0021	0.0000	0.0000	0.0000	0.0003	0.0000	0.0022	0.0000	0.0001	0.0000	0.0000	0.0000	0.0000	0.0001	0.0001	0.0000	inf	0.0008	0.0000	-0.0000	0.0011	1.0020	5.0222	7.2599	0.0000	0.0000	0.0000	0.0000	0.0000	0.0000	0.0000	0.0000	0.0000	0.0000	0.0000	0.0000	0.0000	0.0000	0.0000	0.0000	0.0000	0.0000	0.0000	0.0000	0.0000	0.0000	0.0000	0.0000	0.0000	0.0000	0.0000	0.0467	0.0242	0.0225	0.0071	0.0065	0.0006	0.0396	0.0177	0.0219
5	57	0.1629	23	1	0	1	1	0	0	0	1	0	1	1	2	0	0	0	0	0	0	N	N	N	N	N	Y	N	N	N	N	N	N	N	N	N	N	N	N	0.0000	0.0000	0.0000	0.0000	0.0000	0.0000	0.0000	0.0000	0.0000	0.0000	0.0000	0.0000	0.0000	0.0000	0.0000	0.0000	0.0000	0.0000	0.0000	0.0000	0.0000	0.0000	0.0000	0.0000	0.0000	0.0000	0.0000			0.0000	0.0000	0.0011	0.0000	5.0222	0.0000	0.0000	0.0000	0.0000	0.0000	0.0000	0.0000	0.0000	0.0000	0.0000	0.0000	0.0000	0.0000	0.0000	0.0000	0.0000	0.0000	0.0000	0.0000	0.0000	0.0000	0.0000	0.0000	0.0000	0.0000	0.0000	0.0000	0.0000	0.0000	0.0000	0.0000	0.0000	0.0000	0.0000	0.0000	0.0000	0.0000
5	58	0.1629	23	1	0	1	0	0	0	0	0	0	1	1	2	0	0	0	0	0	0	N	N	N	N	N	Y	N	N	N	N	N	N	N	N	N	N	N	N	0.0000	0.0000	0.0000	0.0000	0.0000	0.0000	0.0000	0.0000	0.0000	0.0000	0.0000	0.0000	0.0000	0.0000	0.0000	0.0000	0.0000	0.0000	0.0000	0.0000	0.0000	0.0000	0.0000	0.0000	0.0000	0.0000	0.0000			0.0000	0.0000	0.0011	0.0000	5.0222	0.0000	0.0000	0.0000	0.0000	0.0000	0.0000	0.0000	0.0000	0.0000	0.0000	0.0000	0.0000	0.0000	0.0000	0.0000	0.0000	0.0000	0.0000	0.0000	0.0000	0.0000	0.0000	0.0000	0.0000	0.0000	0.0000	0.0000	0.0000	0.0000	0.0000	0.0000	0.0000	0.0000	0.0000	0.0000	0.0000	0.0000
5	59	0.1580	22	1	0	1	0	0	0	1	0	0	1	1	2	0	0	0	0	0	0	N	N	N	N	N	Y	N	N	N	N	N	N	N	N	N	N	N	N	inf	inf	0.0000	inf	inf	0.0000	0.0000	0.0000	0.0000	0.1712	0.2303	0.0000	0.2817	0.3394	0.0000	0.0000	0.0000	0.0000	0.0000	0.0000	0.0000	0.0000	0.0000	0.0000	0.0000	0.0000	0.0000	0.0000		-0.0000	-0.0000	0.0011	0.0001	5.0222	3.0507	0.0000	0.0000	0.0000	0.0000	0.0000	0.0000	0.0000	0.0000	0.0000	0.0000	0.0000	0.0000	0.0000	0.0000	0.0000	0.0000	0.0000	0.0000	0.0000	0.0000	0.0000	0.0000	0.0000	0.0000	0.0000	0.0000	0.0000	0.0162	0.0087	0.0074	0.0039	0.0034	0.0005	0.0123	0.0054	0.0069
5	67	0.1428	25	1	0	1	0	0	0	0	0	0	2	0	2	0	0	0	0	0	0	N	N	N	N	N	Y	N	N	N	N	N	N	N	N	N	N	N	N	0.0000	0.0000	0.0000	0.0000	0.0000	0.0000	0.0000	0.0000	0.0000	0.0000	0.0000	0.0000	0.0000	0.0000	0.0000	0.0000	0.0000	0.0000	0.0002	0.0004	0.0000	0.0007	0.0009	0.0000	0.0000	0.0000	0.0000		0.0192	0.0000	-0.0000	0.0011	0.0010	5.0222	8.0699	0.0000	0.0000	0.0000	0.0000	0.0000	0.0000	0.0000	0.0000	0.0000	0.0000	0.0000	0.0000	0.0000	0.0000	0.0000	0.0000	0.0000	0.0000	0.0000	0.0000	0.0000	0.0000	0.0000	0.0000	0.0000	0.0000	0.0000	0.0416	0.0228	0.0188	0.0109	0.0095	0.0014	0.0307	0.0134	0.0173
5	70	0.1328	21	1	0	0	0	0	0	0	0	0	2	1	2	0	0	0	0	0	0	N	N	N	N	N	Y	N	N	N	N	N	N	N	N	N	N	N	N	0.0000	0.0000	0.0000	0.0000	0.0000	0.0000	0.0000	0.0000	0.0000	0.0000	0.0000	0.0000	0.0000	0.0000	0.0000	0.0000	0.0000	0.0000	0.0008	0.0000	0.0019	0.0000	0.0000	0.0000	0.0012	0.0000	0.0022		3123.4295	0.0000	0.0000	0.0011	2.3581	5.0222	7.4584	0.0000	0.0000	0.0000	0.0000	0.0000	0.0000	0.0000	0.0000	0.0000	0.0000	0.0000	0.0000	0.0000	0.0000	0.0000	0.0000	0.0000	0.0000	0.0000	0.0000	0.0000	0.0000	0.0000	0.0000	0.0000	0.0000	0.0000	0.0590	0.0333	0.0257	0.0189	0.0155	0.0034	0.0401	0.0178	0.0223
5	78	0.0653	6	1	0	0	0	0	0	0	0	0	2	0	2	0	0	0	0	0	0	N	N	N	N	N	Y	N	N	N	N	N	N	N	N	N	N	N	N	0.4454	1.3065	0.0000	0.0108	0.0136	0.0000	1.2808	72105.9522	0.0000	0.1444	0.1778	0.0000	0.0055	0.0072	0.0000	0.3740	0.4168	0.0000	0.3242	0.1361	0.5261	0.5091	0.5314	0.3209	0.2920	0.0000	0.5330	0.0000	3.6027	-0.0000	0.0051	0.0011	0.0166	5.0222	12.2009	0.0000	0.0000	0.0000	0.0000	0.0000	0.0000	0.0000	0.0000	0.0000	0.0219	0.0048	0.0171	0.0051	0.0048	0.0003	0.0168	0.0000	0.0168	0.0000	0.0000	0.0000	0.0000	0.0000	0.0000	0.0000	0.0000	0.0000	0.0675	0.0350	0.0326	0.0100	0.0089	0.0011	0.0575	0.0260	0.0315
5	87	0.1511	23	1	0	1	0	0	0	1	0	0	1	1	2	0	0	0	0	0	0	N	N	N	N	N	Y	N	N	N	N	N	N	N	N	N	N	N	N	0.0000	0.0000	0.0000	0.0000	0.0000	0.0000	0.0000	0.0000	0.0000	0.0000	0.0000	0.0000	0.0000	0.0000	0.0000	0.0000	0.0000	0.0000	0.0289	0.0487	0.0028	0.0172	0.0192	0.0000	0.0341	0.0771	0.0030		0.0436	0.0000	-0.0006	0.0011	0.0022	5.0222	6.6376	0.0000	0.0000	0.0000	0.0000	0.0000	0.0000	0.0000	0.0000	0.0000	0.0012	0.0011	0.0000	0.0002	0.0002	0.0000	0.0009	0.0009	0.0000	0.0000	0.0000	0.0000	0.0000	0.0000	0.0000	0.0000	0.0000	0.0000	0.0404	0.0229	0.0174	0.0126	0.0113	0.0013	0.0278	0.0117	0.0161
5	88	0.1365	22	1	0	0	0	0	0	0	0	0	1	1	2	0	0	0	0	0	0	N	N	N	N	N	Y	N	N	N	N	N	N	N	N	N	N	N	N	0.0000	0.0000	0.0000	0.0000	0.0000	0.0000	0.0000	0.0000	0.0000	0.0000	0.0000	0.0000	0.0000	0.0000	0.0000	0.0000	0.0000	0.0000	0.0421	0.0602	0.0167	0.1113	0.1208	0.0059	0.0102	0.0005	0.0175		0.1984	0.0000	-0.0010	0.0011	1.0173	5.0222	8.6136	0.0000	0.0000	0.0000	0.0000	0.0000	0.0000	0.0000	0.0000	0.0000	0.0027	0.0023	0.0005	0.0023	0.0023	0.0000	0.0004	0.0000	0.0004	0.0000	0.0000	0.0000	0.0000	0.0000	0.0000	0.0000	0.0000	0.0000	0.0646	0.0377	0.0269	0.0204	0.0187	0.0017	0.0442	0.0190	0.0252
5	90	0.1365	22	1	0	0	0	0	0	0	0	0	1	1	2	0	0	0	0	0	0	N	N	N	N	N	Y	N	N	N	N	N	N	N	N	N	N	N	N	0.0000	0.0000	0.0000	0.0000	0.0000	0.0000	0.0000	0.0000	0.0000	0.0000	0.0000	0.0000	0.0000	0.0000	0.0000	0.0000	0.0000	0.0000	11.8793	0.0001	27.7132	0.0066	0.0002	0.0662	16.9127	0.0000	29.7089		288439.2837	0.0000	0.4476	0.0011	2.0138	5.0222	11.8132	0.0000	0.0000	0.0000	0.0000	0.0000	0.0000	0.0000	0.0000	0.0000	0.9909	0.0000	0.9908	0.0002	0.0000	0.0002	0.9907	0.0000	0.9907	0.0000	0.0000	0.0000	0.0000	0.0000	0.0000	0.0000	0.0000	0.0000	0.0834	0.0477	0.0358	0.0248	0.0224	0.0024	0.0586	0.0252	0.0333
5	91	0.1280	21	1	0	0	0	0	0	0	0	1	2	1	2	0	0	0	0	0	0	N	N	N	N	N	Y	N	N	N	N	N	N	N	N	N	N	N	N	0.0000	0.0000	0.0000	0.0000	0.0000	0.0000	0.0000	0.0000	0.0000	0.0000	0.0000	0.0000	0.0000	0.0000	0.0000	0.0000	0.0000	0.0000	0.0536	0.0045	0.1227	0.0017	0.0019	0.0003	0.0768	0.0070	0.1308		19.3536	0.0000	0.0009	0.0011	1.9725	5.0222	4.2763	0.0000	0.0000	0.0000	0.0000	0.0000	0.0000	0.0000	0.0000	0.0000	0.0023	0.0001	0.0022	0.0000	0.0000	0.0000	0.0023	0.0001	0.0022	0.0000	0.0000	0.0000	0.0000	0.0000	0.0000	0.0000	0.0000	0.0000	0.0426	0.0249	0.0177	0.0132	0.0121	0.0011	0.0294	0.0128	0.0166
5	93	0.1330	18	0	0	0	0	0	0	0	0	0	1	0	2	0	0	0	0	0	0	N	N	N	N	N	Y	N	N	N	N	N	N	N	N	N	N	N	N	0.0000	0.0000	0.0000	0.0000	0.0000	0.0000	0.0000	0.0000	0.0000	0.0000	0.0000	0.0000	0.0000	0.0000	0.0000	0.0000	0.0000	0.0000	0.0019	0.0000	0.0041	0.0000	0.0000	0.0000	0.0024	0.0000	0.0044		inf	0.0000	0.0000	0.0011	0.0000	5.0222	0.9594	0.0000	0.0000	0.0000	0.0000	0.0000	0.0000	0.0000	0.0000	0.0000	0.0000	0.0000	0.0000	0.0000	0.0000	0.0000	0.0000	0.0000	0.0000	0.0000	0.0000	0.0000	0.0000	0.0000	0.0000	0.0000	0.0000	0.0000	0.0053	0.0029	0.0024	0.0012	0.0011	0.0001	0.0041	0.0018	0.0023
5	94	0.1016	17	0	0	0	0	0	0	0	0	0	2	0	2	0	0	0	0	0	0	N	N	N	N	N	Y	N	N	N	N	N	N	N	N	N	N	N	N	0.0000	0.0000	0.0000	0.0000	0.0000	0.0000	0.0000	0.0000	0.0000	0.0000	0.0000	0.0000	0.0000	0.0000	0.0000	0.0000	0.0000	0.0000	2.3941	0.0001	5.2413	0.0020	0.0003	0.0186	3.0767	0.0000	5.4815		35762.7289	0.0000	0.1192	0.0011	0.0000	5.0222	18.8906	0.0000	0.0000	0.0000	0.0000	0.0000	0.0000	0.0000	0.0000	0.0000	0.2639	0.0000	0.2639	0.0000	0.0000	0.0000	0.2638	0.0000	0.2638	0.0000	0.0000	0.0000	0.0000	0.0000	0.0000	0.0000	0.0000	0.0000	0.1102	0.0599	0.0503	0.0245	0.0223	0.0022	0.0857	0.0376	0.0481
5	98	0.1580	22	1	0	0	1	0	0	0	1	0	1	1	2	0	0	0	0	0	0	N	N	N	N	N	Y	N	N	N	N	N	N	N	N	N	N	N	N	inf	0.0000	inf	0.0000	0.0000	0.0000	inf	0.0000	inf	0.8631	0.0000	7.4554	0.0000	0.0000	0.0000	1.0431	0.0000	7.4898	0.0000	0.0000	0.0000	0.0000	0.0000	0.0000	0.0000	0.0000	0.0000	inf		0.0000	-0.0000	0.0011	2.9999	5.0222	3.9821	0.0000	0.0000	0.0000	0.0000	0.0000	0.0000	0.0000	0.0000	0.0000	0.0000	0.0000	0.0000	0.0000	0.0000	0.0000	0.0000	0.0000	0.0000	0.0000	0.0000	0.0000	0.0000	0.0000	0.0000	0.0000	0.0000	0.0000	0.0356	0.0191	0.0165	0.0083	0.0071	0.0012	0.0273	0.0120	0.0153
5	99	0.1550	21	1	0	0	0	0	0	0	0	0	1	1	2	0	0	0	0	0	0	N	N	N	N	N	Y	N	N	N	N	N	N	N	N	N	N	N	N	511910.8357	327359.0275	0.0000	inf	inf	0.0000	317739.4876	0.0000	0.0000	0.2298	0.2590	0.0000	0.2494	0.3914	0.0000	0.1859	0.0000	0.0000	0.0000	0.0000	0.0000	0.0000	0.0000	0.0000	0.0000	0.0000	0.0000	0.1111	0.0408	-0.0000	-0.0000	0.0011	0.0003	5.0222	2.0601	0.0000	0.0000	0.0000	0.0000	0.0000	0.0000	0.0000	0.0000	0.0000	0.0000	0.0000	0.0000	0.0000	0.0000	0.0000	0.0000	0.0000	0.0000	0.0000	0.0000	0.0000	0.0000	0.0000	0.0000	0.0000	0.0000	0.0000	0.0114	0.0062	0.0052	0.0028	0.0025	0.0004	0.0085	0.0037	0.0048
5	100	0.1351	20	1	0	0	0	0	0	0	0	1	2	1	2	0	0	0	0	0	0	N	N	N	N	N	Y	N	N	N	N	N	N	N	N	N	N	N	N	0.0006	0.2622	0.0000	0.0000	0.0000	0.0000	0.0005	0.2075	0.0000	0.0001	0.0001	0.0000	0.0000	0.0000	0.0000	0.0002	0.0002	0.0000	0.2265	0.0005	0.4895	0.0060	0.0000	0.0430	0.2956	0.0008	0.5238	0.0714	806.4972	-0.0000	0.0065	0.0011	3.0014	5.0222	9.1620	0.0000	0.0000	0.0000	0.0000	0.0000	0.0000	0.0000	0.0000	0.0000	0.0144	0.0000	0.0144	0.0001	0.0000	0.0001	0.0143	0.0000	0.0143	0.0000	0.0000	0.0000	0.0000	0.0000	0.0000	0.0000	0.0000	0.0000	0.0634	0.0341	0.0293	0.0151	0.0130	0.0021	0.0483	0.0211	0.0272
5	132	0.1349	16	0	0	0	0	0	0	0	0	0	2	0	2	0	0	0	0	0	0	N	N	N	N	N	Y	N	N	N	N	N	N	N	N	N	N	N	N	0.0000	0.0000	0.0000	0.0000	0.0000	0.0000	0.0000	0.0000	0.0000	0.0000	0.0000	0.0000	0.0000	0.0000	0.0000	0.0000	0.0000	0.0000	0.0000	0.0000	0.0000	0.0000	0.0000	0.0000	0.0000	0.0000	0.0000			0.0000	-0.0000	0.0011	0.0075	5.0222	1.9743	0.0000	0.0000	0.0000	0.0000	0.0000	0.0000	0.0000	0.0000	0.0000	0.0000	0.0000	0.0000	0.0000	0.0000	0.0000	0.0000	0.0000	0.0000	0.0000	0.0000	0.0000	0.0000	0.0000	0.0000	0.0000	0.0000	0.0000	0.0101	0.0054	0.0047	0.0021	0.0019	0.0003	0.0080	0.0036	0.0044
5	134	0.1297	14	0	0	0	0	0	0	0	0	0	2	0	2	0	0	0	0	0	0	N	N	N	N	N	Y	N	N	N	N	N	N	N	N	N	N	N	N	0.0000	0.0000	0.0000	0.0000	0.0000	0.0000	0.0000	0.0000	0.0000	0.0000	0.0000	0.0000	0.0000	0.0000	0.0000	0.0000	0.0000	0.0000	0.0000	0.0000	0.0000	0.0000	0.0000	0.0000	0.0000	0.0000	0.0000		0.0321	0.0000	-0.0000	0.0011	2.0569	5.0222	5.7592	0.0000	0.0000	0.0000	0.0000	0.0000	0.0000	0.0000	0.0000	0.0000	0.0000	0.0000	0.0000	0.0000	0.0000	0.0000	0.0000	0.0000	0.0000	0.0000	0.0000	0.0000	0.0000	0.0000	0.0000	0.0000	0.0000	0.0000	0.0426	0.0237	0.0189	0.0101	0.0090	0.0011	0.0325	0.0147	0.0178
5	135	0.1312	15	0	0	0	0	0	0	0	0	0	2	0	2	0	0	0	0	0	0	N	N	N	N	N	Y	N	N	N	N	N	N	N	N	N	N	N	N	0.0000	0.0000	0.0000	0.0000	0.0000	0.0000	0.0000	0.0000	0.0000	0.0000	0.0000	0.0000	0.0000	0.0000	0.0000	0.0000	0.0000	0.0000	0.1674	0.2053	0.1211	0.4237	0.4784	0.0000	0.0931	0.0503	0.1285		0.4827	0.0000	-0.0019	0.0011	1.0111	5.0222	8.8059	0.0000	0.0000	0.0000	0.0000	0.0000	0.0000	0.0000	0.0000	0.0000	0.0086	0.0058	0.0028	0.0049	0.0049	0.0000	0.0037	0.0009	0.0028	0.0000	0.0000	0.0000	0.0000	0.0000	0.0000	0.0000	0.0000	0.0000	0.0515	0.0283	0.0232	0.0116	0.0103	0.0013	0.0399	0.0181	0.0219
6	7	0.0903	11	2	0	1	0	0	0	1	0	0	0	2	1	0	0	0	0	0	0	Y	N	N	N	Y	N	N	N	N	N	N	N	N	N	N	N	N	N	0.0000	0.0000	0.0000	0.0000	0.0000	0.0000	0.0000	0.0000	0.0000	0.0000	0.0000	0.0000	0.0000	0.0000	0.0000	0.0000	0.0000	0.0000	0.0441	0.0863	0.0000	0.2486	0.2733	0.0001	0.0000	0.0000	0.0000		0.0000	0.0000	-0.0005	0.8938	0.0000	17.7817	0.9946	0.0000	0.0000	0.0000	0.0000	0.0000	0.0000	0.0000	0.0000	0.0000	0.0009	0.0009	0.0000	0.0009	0.0009	0.0000	0.0000	0.0000	0.0000	0.0000	0.0000	0.0000	0.0000	0.0000	0.0000	0.0000	0.0000	0.0000	0.0206	0.0105	0.0101	0.0037	0.0033	0.0003	0.0170	0.0072	0.0097
6	8	0.0855	10	2	0	1	0	0	0	1	0	0	0	2	1	0	0	0	0	0	0	Y	N	N	N	Y	N	N	N	N	N	N	N	N	N	N	N	N	N	0.0000	0.0000	0.0000	0.0000	0.0000	0.0000	0.0000	0.0000	0.0000	0.0000	0.0000	0.0000	0.0000	0.0000	0.0000	0.0000	0.0000	0.0000	0.0152	0.0000	0.0308	0.0000	0.0000	0.0000	0.0181	0.0000	0.0318		43459.2563	0.0000	0.0004	0.8938	0.0000	17.7817	3.0112	0.0000	0.0000	0.0000	0.0000	0.0000	0.0000	0.0000	0.0000	0.0000	0.0009	0.0000	0.0009	0.0000	0.0000	0.0000	0.0009	0.0000	0.0009	0.0000	0.0000	0.0000	0.0000	0.0000	0.0000	0.0000	0.0000	0.0000	0.0596	0.0301	0.0295	0.0094	0.0085	0.0010	0.0502	0.0216	0.0286
6	10	0.0855	10	2	1	1	0	0	1	1	0	0	0	2	1	0	0	0	0	0	0	Y	N	N	N	Y	N	N	N	N	N	N	N	N	N	N	N	N	N	0.0000	0.0000	0.0000	0.0000	0.0000	0.0000	0.0000	0.0000	0.0000	0.0000	0.0000	0.0000	0.0000	0.0000	0.0000	0.0000	0.0000	0.0000	0.0000	0.0000	0.0000	0.0000	0.0000	0.0000	0.0000	0.0000	0.0000			0.0000	0.0000	0.8938	0.0000	17.7817	0.0003	0.0000	0.0000	0.0000	0.0000	0.0000	0.0000	0.0000	0.0000	0.0000	0.0000	0.0000	0.0000	0.0000	0.0000	0.0000	0.0000	0.0000	0.0000	0.0000	0.0000	0.0000	0.0000	0.0000	0.0000	0.0000	0.0000	0.0000	0.0000	0.0000	0.0000	0.0000	0.0000	0.0000	0.0000	0.0000	0.0000
6	11	0.0736	9	2	0	1	0	0	0	1	0	0	0	2	1	0	0	0	0	0	0	Y	N	N	N	Y	N	N	N	N	N	N	N	N	N	N	N	N	N	7.0521	0.1692	192.0247	0.4118	0.2534	719.4639	43.3668	48794.9664	190.9460	0.2820	0.0109	2.4192	0.0639	0.0415	1.1682	0.3274	0.0037	2.4585	0.0400	0.0642	0.0126	0.1552	0.1637	0.0016	0.0075	0.0000	0.0129	28.2646	0.1734	0.0019	-0.0029	0.8938	1.9982	17.7817	5.4332	0.0049	0.0002	0.0048	0.0002	0.0001	0.0001	0.0047	0.0000	0.0047	0.0073	0.0062	0.0011	0.0062	0.0062	0.0000	0.0011	0.0000	0.0011	0.0175	0.0155	0.0020	0.0030	0.0029	0.0001	0.0144	0.0125	0.0019	0.1816	0.0964	0.0852	0.0399	0.0378	0.0021	0.1417	0.0586	0.0831
6	13	0.1023	12	2	0	1	0	0	0	1	0	0	1	1	1	0	0	0	0	0	0	Y	N	N	N	N	N	N	N	N	N	N	N	N	N	N	N	N	N	0.0000	0.0000	0.0000	0.0000	0.0000	0.0000	0.0000	0.0000	0.0000	0.0000	0.0000	0.0000	0.0000	0.0000	0.0000	0.0000	0.0000	0.0000	3.3814	6.3299	0.0007	0.2139	0.2412	0.0000	4.3805	10.3587	0.0008		0.0001	0.0000	-0.5560	0.8938	2.0000	17.7817	12.5972	0.0000	0.0000	0.0000	0.0000	0.0000	0.0000	0.0000	0.0000	0.0000	1.0142	1.0141	0.0001	0.0154	0.0154	0.0000	0.9988	0.9988	0.0001	0.0209	0.0190	0.0019	0.0056	0.0056	0.0001	0.0153	0.0135	0.0018	0.2999	0.1602	0.1397	0.0719	0.0638	0.0081	0.2280	0.0964	0.1316
6	25	0.0743	5	2	0	1	1	0	0	1	1	0	0	2	1	0	0	0	0	0	0	Y	N	N	N	Y	N	N	N	N	N	N	N	N	N	N	N	N	N	0.0000	0.0006	0.0000	5.9170	5.2707	0.0000	0.0000	0.0000	0.0000	0.0000	0.0000	0.0000	0.0000	0.0000	0.0000	0.0000	0.0000	0.0000	21.7926	0.0213	44.9699	0.0000	0.0000	0.0000	26.8150	0.0314	47.1725	0.0000	1979.3848	-0.0000	0.4470	0.8938	0.9999	17.7817	1.0788	0.0000	0.0000	0.0000	0.0000	0.0000	0.0000	0.0000	0.0000	0.0000	0.9906	0.0005	0.9901	0.0000	0.0000	0.0000	0.9906	0.0005	0.9901	0.0105	0.0096	0.0010	0.0029	0.0028	0.0000	0.0077	0.0068	0.0009	0.0455	0.0234	0.0220	0.0085	0.0075	0.0010	0.0369	0.0160	0.0210
6	42	0.1516	19	2	0	1	0	0	0	1	0	0	1	1	1	0	0	0	0	0	0	Y	N	N	N	N	N	N	N	N	N	N	N	N	N	N	N	N	N	0.0000	0.0000	0.0000	0.0000	0.0000	0.0000	0.0000	0.0000	0.0000	0.0000	0.0000	0.0000	0.0000	0.0000	0.0000	0.0000	0.0000	0.0000	0.0000	0.0000	0.0000	0.0000	0.0000	0.0000	0.0000	0.0000	0.0000			0.0000	0.0000	0.8938	0.0000	17.7817	0.0011	0.0000	0.0000	0.0000	0.0000	0.0000	0.0000	0.0000	0.0000	0.0000	0.0000	0.0000	0.0000	0.0000	0.0000	0.0000	0.0000	0.0000	0.0000	0.0000	0.0000	0.0000	0.0000	0.0000	0.0000	0.0000	0.0000	0.0000	0.0001	0.0000	0.0000	0.0000	0.0000	0.0000	0.0000	0.0000	0.0000
6	44	0.0516	4	2	0	1	1	0	0	1	0	0	0	2	1	0	0	0	0	0	0	Y	N	N	N	Y	N	N	N	N	N	N	N	N	N	N	N	N	N	0.0036	0.0022	0.0000	0.0794	0.0785	0.0000	0.0011	0.0005	0.0000	0.0104	0.0115	0.0000	0.0278	0.0281	0.0000	0.0038	0.0044	0.0000	2.8867	5.1100	0.5481	0.3497	0.3581	0.0599	3.5144	7.9746	0.5537	0.0001	0.1020	-0.0004	-1.0291	0.8938	7.0030	17.7817	25.8862	0.0008	0.0008	0.0000	0.0006	0.0006	0.0000	0.0002	0.0002	0.0000	2.2581	2.0492	0.2089	0.0543	0.0540	0.0003	2.2039	1.9952	0.2087	0.0738	0.0669	0.0070	0.0203	0.0201	0.0003	0.0535	0.0468	0.0067	0.7823	0.4010	0.3812	0.1552	0.1508	0.0043	0.6271	0.2502	0.3769
6	48	0.0516	4	2	0	1	1	0	0	1	0	0	0	2	1	0	0	0	0	0	0	Y	N	N	N	Y	N	N	N	N	N	N	N	N	N	N	N	N	N	0.0095	0.0559	0.0000	0.1015	0.1018	0.0000	0.0000	0.0000	0.0000	0.0282	0.0315	0.0000	0.0959	0.0971	0.0000	0.0000	0.0000	0.0000	2.9683	0.5628	5.6610	0.9445	0.9541	0.1219	3.8998	0.0000	5.7039	0.0001	8.9864	-0.0003	0.4084	0.8938	1.7572	17.7817	7.6758	0.0006	0.0006	0.0000	0.0006	0.0006	0.0000	0.0000	0.0000	0.0000	1.1615	0.1163	1.0452	0.1165	0.1163	0.0002	1.0451	0.0000	1.0451	0.0205	0.0183	0.0021	0.0060	0.0059	0.0001	0.0144	0.0124	0.0021	0.3913	0.2067	0.1846	0.1233	0.1219	0.0014	0.2680	0.0848	0.1832
6	49	0.0427	3	2	0	1	1	0	0	1	1	0	0	2	1	0	0	0	0	0	0	Y	N	N	N	Y	N	N	N	N	N	N	N	N	N	N	N	N	N	0.0051	0.0431	0.0009	0.0984	0.0989	0.0090	0.0001	0.0000	0.0009	0.0168	0.0179	0.0055	0.0606	0.0613	0.0005	0.0007	0.0000	0.0057	3.2680	0.4166	6.3597	0.6156	0.6200	0.0528	4.6262	0.0455	6.3945	0.0307	14.0796	-0.0001	0.4181	0.8938	1.2605	17.7817	5.3560	0.0002	0.0002	0.0000	0.0002	0.0002	0.0000	0.0000	0.0000	0.0000	1.0848	0.0719	1.0128	0.0692	0.0692	0.0000	1.0156	0.0028	1.0128	0.0133	0.0121	0.0012	0.0036	0.0035	0.0000	0.0097	0.0085	0.0012	0.3319	0.1727	0.1593	0.1124	0.1115	0.0009	0.2195	0.0611	0.1584
6	50	0.0427	3	2	0	1	0	0	0	1	0	0	0	2	1	0	0	0	0	0	0	Y	N	N	N	Y	N	N	N	N	N	N	N	N	N	N	N	N	N	0.8926	0.5081	8.2913	1.0398	1.0425	0.0000	0.8278	0.0000	9.1692	0.3017	0.3322	0.0002	1.1200	1.1337	0.0000	0.0000	0.0000	0.0002	0.3380	0.6538	0.0000	1.0772	1.0875	0.0003	0.0000	0.0000	0.0000	0.0001	0.0000	-0.0019	-0.0678	0.8938	1.0001	17.7817	7.4568	0.0032	0.0032	0.0000	0.0032	0.0032	0.0000	0.0000	0.0000	0.0000	0.1236	0.1236	0.0000	0.1236	0.1236	0.0000	0.0000	0.0000	0.0000	0.0106	0.0096	0.0010	0.0028	0.0028	0.0000	0.0077	0.0068	0.0009	0.3658	0.1891	0.1767	0.1148	0.1137	0.0011	0.2510	0.0754	0.1756
6	51	0.0382	2	2	0	1	0	0	0	1	0	0	1	2	1	0	0	0	0	0	0	Y	N	N	N	Y	N	N	N	N	N	N	N	N	N	N	N	N	N	0.3077	0.1924	1.3503	0.1644	0.1644	1.7795	1.7814	5.3927	1.4010	0.2532	0.2674	0.2042	0.2589	0.2714	0.0076	0.2496	0.2635	0.2222	0.8231	1.3898	0.1512	1.5753	1.6507	0.0043	0.1401	0.0489	0.1586	0.2198	0.0918	-0.0000	-0.1885	0.8938	0.0061	17.7817	2.7591	0.0000	0.0000	0.0000	0.0000	0.0000	0.0000	0.0000	0.0000	0.0000	0.4061	0.3719	0.0341	0.3699	0.3698	0.0000	0.0362	0.0021	0.0341	0.0001	0.0001	0.0000	0.0000	0.0000	0.0000	0.0001	0.0000	0.0000	0.4933	0.2676	0.2257	0.2348	0.2240	0.0108	0.2586	0.0436	0.2150
6	52	0.1365	20	2	0	1	0	0	0	1	0	0	1	1	1	0	0	0	0	0	0	Y	N	N	N	N	N	N	N	N	N	N	N	N	N	N	N	N	N	0.0000	0.0000	0.0000	0.0026	0.0000	0.4848	0.0000	0.0000	0.0000	0.0000	0.0000	0.0002	0.0001	0.0000	0.0042	0.0000	0.0000	0.0000	5.5231	0.0102	12.2987	0.0217	0.0232	0.0086	7.5450	0.0000	13.0715	inf	981.9421	0.0000	0.4487	0.8938	1.0020	17.7817	7.2599	0.0000	0.0000	0.0000	0.0000	0.0000	0.0000	0.0000	0.0000	0.0000	0.9956	0.0010	0.9946	0.0011	0.0010	0.0000	0.9945	0.0000	0.9945	0.0106	0.0097	0.0010	0.0029	0.0029	0.0000	0.0077	0.0068	0.0009	0.1803	0.0994	0.0809	0.0484	0.0437	0.0048	0.1318	0.0557	0.0761
6	53	0.1168	19	2	0	1	0	1	0	1	0	0	0	1	0	0	0	0	0	0	0	Y	N	N	N	N	N	N	N	N	N	N	N	N	N	N	N	N	N	0.0950	0.0001	0.4903	4.3226	0.0001	64.9670	0.0011	0.0000	0.0055	0.0241	0.0000	0.2674	0.0848	0.0000	4.9656	0.0004	0.0000	0.0031	0.2539	0.0082	0.5454	0.0196	0.0148	0.0764	0.3406	0.0026	0.5683	64802.2570	56.3375	0.0003	0.0296	0.8938	3.0050	17.7817	8.3063	0.0008	0.0000	0.0008	0.0008	0.0000	0.0008	0.0000	0.0000	0.0000	0.0682	0.0012	0.0670	0.0014	0.0010	0.0004	0.0668	0.0002	0.0666	0.0319	0.0290	0.0029	0.0090	0.0088	0.0002	0.0229	0.0202	0.0027	0.2687	0.1458	0.1229	0.0726	0.0669	0.0057	0.1961	0.0789	0.1172
6	56	0.1270	18	2	0	1	0	0	0	1	0	0	0	1	0	0	0	0	0	0	0	Y	N	N	N	N	N	N	N	N	N	N	N	N	N	N	N	N	N	0.0000	0.0000	0.0000	0.0000	0.0000	0.0000	0.0000	0.0000	0.0000	0.0000	0.0000	0.0000	0.0000	0.0000	0.0000	0.0000	0.0000	0.0000	0.0002	0.0004	0.0000	0.0008	0.0009	0.0000	0.0000	0.0000	0.0000		0.0192	0.0000	-0.0000	0.8938	2.9988	17.7817	11.1255	0.0000	0.0000	0.0000	0.0000	0.0000	0.0000	0.0000	0.0000	0.0000	0.0001	0.0001	0.0000	0.0001	0.0001	0.0000	0.0000	0.0000	0.0000	0.0314	0.0286	0.0028	0.0089	0.0088	0.0001	0.0225	0.0198	0.0026	0.2850	0.1558	0.1292	0.0727	0.0651	0.0076	0.2123	0.0907	0.1216
6	78	0.1270	18	2	0	1	0	0	0	1	0	0	1	1	1	0	0	0	0	0	0	Y	N	N	N	N	N	N	N	N	N	N	N	N	N	N	N	N	N	0.0000	0.0000	0.0000	0.0000	0.0000	0.0000	0.0000	0.0000	0.0000	0.0000	0.0000	0.0000	0.0000	0.0000	0.0000	0.0000	0.0000	0.0000	0.0002	0.0004	0.0000	0.0008	0.0009	0.0000	0.0000	0.0000	0.0000		0.0262	0.0000	-0.0000	0.8938	0.0166	17.7817	12.2009	0.0000	0.0000	0.0000	0.0000	0.0000	0.0000	0.0000	0.0000	0.0000	0.0001	0.0001	0.0000	0.0001	0.0001	0.0000	0.0000	0.0000	0.0000	0.0003	0.0003	0.0000	0.0002	0.0002	0.0000	0.0002	0.0002	0.0000	0.2506	0.1373	0.1134	0.0647	0.0580	0.0066	0.1860	0.0793	0.1067
6	79	0.1128	17	2	0	1	0	1	0	1	0	0	0	1	0	0	0	0	0	0	0	Y	N	N	N	N	N	N	N	N	N	N	N	N	N	N	N	N	N	0.0028	0.0054	0.0000	0.0030	0.0079	0.0000	0.0000	0.0000	0.0000	0.0000	0.0000	0.0000	0.0000	0.0000	0.0000	0.0000	0.0000	0.0000	0.0010	0.0006	0.0015	0.0033	0.0013	0.0181	0.0004	0.0002	0.0005	0.0000	2.3279	-0.0000	0.0000	0.8938	1.0285	17.7817	7.9781	0.0000	0.0000	0.0000	0.0000	0.0000	0.0000	0.0000	0.0000	0.0000	0.0002	0.0001	0.0001	0.0001	0.0000	0.0001	0.0001	0.0000	0.0000	0.0110	0.0100	0.0010	0.0031	0.0031	0.0000	0.0079	0.0070	0.0009	0.1731	0.0909	0.0822	0.0368	0.0324	0.0045	0.1363	0.0585	0.0777
6	84	0.0684	6	2	0	1	0	0	0	1	0	0	0	1	0	0	0	0	0	0	0	Y	N	N	N	N	N	N	N	N	N	N	N	N	N	N	N	N	N	0.0000	0.0000	0.0000	0.0000	0.0000	0.0000	0.0000	0.0000	0.0000	0.0000	0.0000	0.0000	0.0000	0.0000	0.0000	0.0000	0.0000	0.0000	2.6778	5.0946	0.0011	0.6614	0.7283	0.0000	3.1446	7.1957	0.0011		0.0002	0.0000	-0.5642	0.8938	2.9998	17.7817	15.4389	0.0000	0.0000	0.0000	0.0000	0.0000	0.0000	0.0000	0.0000	0.0000	1.0294	1.0292	0.0002	0.0478	0.0478	0.0000	0.9816	0.9814	0.0002	0.0313	0.0284	0.0028	0.0084	0.0083	0.0001	0.0229	0.0201	0.0027	0.3844	0.2020	0.1824	0.0723	0.0656	0.0066	0.3121	0.1364	0.1758
6	85	0.4483	11	1	0	1	0	0	0	1	0	1	0	2	0	0	0	0	0	0	0	N	N	N	N	Y	N	N	N	N	N	N	N	N	N	N	N	N	N	1.7172	1.7377	0.0000	3.1580	2.8474	0.0000	0.8894	1.5895	0.0000	3.1302	3.4491	0.0000	7.0216	7.2256	0.0000	1.2653	1.4432	0.0000	1.8229	1.9848	1.5153	2.2234	2.5377	0.1885	1.4227	0.9079	1.8343	0.0000	0.4019	-0.5158	-1.5604	0.8938	26.8363	17.7817	143.7566	0.8844	0.8844	0.0000	0.6428	0.6428	0.0000	0.2417	0.2417	0.0000	5.9648	4.2549	1.7099	3.6359	3.5946	0.0412	2.3289	0.6603	1.6686	0.2826	0.2564	0.0261	0.0915	0.0890	0.0026	0.1910	0.1675	0.0235	3.2722	2.1438	1.1284	1.6352	1.4165	0.2187	1.6369	0.7272	0.9097
6	88	0.0591	8	2	0	1	0	0	0	1	0	0	0	2	1	0	0	0	0	0	0	Y	N	N	N	Y	N	N	N	N	N	N	N	N	N	N	N	N	N	78.6681	47.8951	2.1184	47.3018	46.1845	1.9799	15481.5110	35178827.6506	2.1709	80.0343	88.6204	0.0071	206.4828	210.2708	0.0019	30.4436	34.9045	0.0074	1.0174	1.8503	0.0034	4.3652	4.5528	0.0009	0.0020	0.0000	0.0034	0.0000	0.0015	-0.5159	-0.1428	0.8938	1.0173	17.7817	8.6136	0.8847	0.8847	0.0000	0.6430	0.6430	0.0000	0.2417	0.2417	0.0000	0.2612	0.2608	0.0004	0.2608	0.2608	0.0000	0.0004	0.0000	0.0004	0.0111	0.0100	0.0011	0.0031	0.0031	0.0001	0.0079	0.0069	0.0010	0.2567	0.1410	0.1158	0.0597	0.0573	0.0025	0.1970	0.0837	0.1133
6	90	0.0591	8	2	0	1	0	0	0	1	0	0	0	2	1	0	0	0	0	0	0	Y	N	N	N	Y	N	N	N	N	N	N	N	N	N	N	N	N	N	10.7694	236.3903	0.0000	152.5031	253.0048	0.0000	1.5890	247303.0738	0.0000	0.0443	0.0489	0.0000	0.1395	0.1417	0.0000	0.0079	0.0090	0.0000	0.0041	0.0002	0.0086	0.0009	0.0006	0.0077	0.0050	0.0000	0.0087	0.0000	36.1372	-0.0006	0.0006	0.8938	2.0138	17.7817	11.8132	0.0010	0.0010	0.0000	0.0008	0.0008	0.0000	0.0001	0.0001	0.0000	0.0014	0.0000	0.0013	0.0001	0.0000	0.0000	0.0013	0.0000	0.0013	0.0214	0.0194	0.0020	0.0059	0.0058	0.0001	0.0155	0.0136	0.0019	0.3338	0.1789	0.1550	0.0696	0.0661	0.0035	0.2643	0.1128	0.1515
6	91	0.0506	7	2	0	1	0	0	0	1	0	1	1	2	1	0	0	0	0	0	0	Y	N	N	N	Y	N	N	N	N	N	N	N	N	N	N	N	N	N	0.7796	0.6397	0.3004	0.6415	0.6239	5.8476	0.8250	19.1076	0.3023	0.0084	0.0091	0.0020	0.0224	0.0227	0.0006	0.0033	0.0034	0.0021	0.0108	0.0142	0.0067	0.0349	0.0363	0.0001	0.0040	0.0002	0.0068	0.0223	0.3877	-0.0001	-0.0005	0.8938	1.9725	17.7817	4.2763	0.0002	0.0002	0.0000	0.0001	0.0001	0.0000	0.0000	0.0000	0.0000	0.0018	0.0013	0.0005	0.0013	0.0013	0.0000	0.0005	0.0000	0.0005	0.0208	0.0189	0.0019	0.0056	0.0056	0.0001	0.0152	0.0134	0.0018	0.1690	0.0928	0.0762	0.0375	0.0361	0.0015	0.1315	0.0568	0.0747
6	98	0.0774	6	2	0	1	1	0	0	1	1	0	0	2	1	0	0	0	0	0	0	Y	N	N	N	Y	N	N	N	N	N	N	N	N	N	N	N	N	N	0.0000	0.0000	0.0000	0.0000	0.0000	0.0000	0.0000	0.0000	0.0000	0.0000	0.0000	0.0000	0.0000	0.0000	0.0000	0.0000	0.0000	0.0000	0.0005	0.0010	0.0000	0.0025	0.0029	0.0000	0.0001	0.0002	0.0000		0.0000	0.0000	-0.0000	0.8938	2.9999	17.7817	3.9821	0.0000	0.0000	0.0000	0.0000	0.0000	0.0000	0.0000	0.0000	0.0000	0.0001	0.0001	0.0000	0.0001	0.0001	0.0000	0.0000	0.0000	0.0000	0.0314	0.0285	0.0028	0.0085	0.0084	0.0001	0.0228	0.0201	0.0027	0.1418	0.0717	0.0701	0.0240	0.0207	0.0033	0.1178	0.0510	0.0668
6	99	0.0743	5	2	0	1	0	0	0	1	0	0	0	2	1	0	0	0	0	0	0	Y	N	N	N	Y	N	N	N	N	N	N	N	N	N	N	N	N	N	0.1322	0.0784	0.0000	0.0772	0.0684	0.0000	0.0000	0.0000	0.0000	0.0260	0.0297	0.0000	0.0758	0.0764	0.0000	0.0000	0.0000	0.0000	0.1966	0.3786	0.0027	0.9823	1.1170	0.0000	0.0153	0.0316	0.0029	0.0000	0.0068	-0.0000	-0.0048	0.8938	0.0003	17.7817	2.0601	0.0000	0.0000	0.0000	0.0000	0.0000	0.0000	0.0000	0.0000	0.0000	0.0089	0.0088	0.0001	0.0083	0.0083	0.0000	0.0006	0.0005	0.0001	0.0000	0.0000	0.0000	0.0000	0.0000	0.0000	0.0000	0.0000	0.0000	0.0451	0.0233	0.0218	0.0085	0.0074	0.0010	0.0366	0.0158	0.0208
6	100	0.0544	4	2	0	1	0	0	0	1	0	1	1	2	1	0	0	0	0	0	0	Y	N	N	N	Y	N	N	N	N	N	N	N	N	N	N	N	N	N	0.0308	0.0174	0.0000	60.4435	54.7911	0.0000	0.0000	0.0000	0.0000	0.1265	0.1391	0.0000	0.4708	0.4766	0.0000	0.0000	0.0000	0.0000	4.1020	8.0185	0.0668	0.0078	0.0087	0.0000	4.9310	11.4047	0.0693	0.0000	0.0081	-0.0023	-0.5717	0.8938	3.0014	17.7817	9.1620	0.0040	0.0040	0.0000	0.0040	0.0040	0.0000	0.0000	0.0000	0.0000	1.0582	1.0497	0.0085	0.0003	0.0003	0.0000	1.0579	1.0494	0.0085	0.0313	0.0285	0.0028	0.0084	0.0083	0.0001	0.0229	0.0202	0.0027	0.2580	0.1309	0.1271	0.0434	0.0389	0.0045	0.2145	0.0920	0.1225
6	101	0.0416	3	2	0	1	0	0	0	1	0	0	0	1	0	0	0	0	0	0	0	Y	N	N	N	N	N	N	N	N	N	N	N	N	N	N	N	N	N	0.0167	0.0068	39.2444	9.2065	8.5720	79.6583	0.0061	0.0000	39.3647	0.1016	0.0846	0.2083	0.2385	0.2405	0.0316	0.0412	0.0000	0.2120	6.0834	12.5127	0.0053	0.0259	0.0281	0.0004	6.7883	15.5920	0.0054	0.3925	0.0004	-0.0000	-0.5404	0.8938	0.0077	17.7817	8.0757	0.0000	0.0000	0.0000	0.0000	0.0000	0.0000	0.0000	0.0000	0.0000	0.9865	0.9860	0.0004	0.0004	0.0004	0.0000	0.9861	0.9856	0.0004	0.0001	0.0001	0.0000	0.0000	0.0000	0.0000	0.0001	0.0001	0.0000	0.1622	0.0788	0.0834	0.0169	0.0156	0.0013	0.1453	0.0632	0.0820
6	113	0.0432	6	2	0	1	0	0	0	1	0	0	0	1	0	0	0	0	0	0	0	Y	N	N	N	N	N	N	N	N	N	N	N	N	N	N	N	N	N	5.1406	0.7995	638.9773	0.5684	0.5117	inf	145.1722	0.0000	642.1359	0.0282	0.0088	0.2111	0.0300	0.0294	0.0835	0.0275	0.0000	0.2155	0.0055	0.0110	0.0003	0.0528	0.0574	0.0000	0.0002	0.0000	0.0003	2.5515	0.0321	0.0000	-0.0003	0.8938	0.0182	17.7817	4.6661	0.0000	0.0000	0.0000	0.0000	0.0000	0.0000	0.0000	0.0000	0.0000	0.0005	0.0005	0.0000	0.0005	0.0005	0.0000	0.0000	0.0000	0.0000	0.0002	0.0002	0.0000	0.0001	0.0001	0.0000	0.0001	0.0001	0.0000	0.0937	0.0453	0.0484	0.0094	0.0087	0.0008	0.0843	0.0367	0.0476
6	114	0.0432	5	2	0	1	0	0	0	1	0	0	0	1	0	0	0	0	0	0	0	Y	N	N	N	N	N	N	N	N	N	N	N	N	N	N	N	N	N	20.7149	7.6305	1861.8353	6.0714	5.9224	inf	1359.8207	0.0000	2139.2384	0.1656	0.1054	0.3868	0.2164	0.2162	0.2429	0.1338	0.0000	0.3882	0.0080	0.0138	0.0002	0.0356	0.0365	0.0000	0.0001	0.0000	0.0002	1.0000	0.0112	-0.0000	-0.0000	0.8938	0.0004	17.7817	0.0007	0.0000	0.0000	0.0000	0.0000	0.0000	0.0000	0.0000	0.0000	0.0000	0.0000	0.0000	0.0000	0.0000	0.0000	0.0000	0.0000	0.0000	0.0000	0.0000	0.0000	0.0000	0.0000	0.0000	0.0000	0.0000	0.0000	0.0000	0.0000	0.0000	0.0000	0.0000	0.0000	0.0000	0.0000	0.0000	0.0000
6	115	0.0432	4	2	0	1	0	0	0	1	0	0	0	1	0	0	0	0	0	0	0	Y	N	N	N	N	N	N	N	N	N	N	N	N	N	N	N	N	N	782.6560	646.1748	1283.6379	558.6580	627.4187	inf	1011.1315	0.0000	1478.2442	0.1656	0.1054	0.3868	0.2164	0.2162	0.2429	0.1338	0.0000	0.3882	0.0002	0.0002	0.0003	0.0004	0.0003	0.0000	0.0001	0.0000	0.0003	1.0000	1.0000	-0.0000	-0.0000	0.8938	0.0004	17.7817	0.0002	0.0000	0.0000	0.0000	0.0000	0.0000	0.0000	0.0000	0.0000	0.0000	0.0000	0.0000	0.0000	0.0000	0.0000	0.0000	0.0000	0.0000	0.0000	0.0000	0.0000	0.0000	0.0000	0.0000	0.0000	0.0000	0.0000	0.0000	0.0000	0.0000	0.0000	0.0000	0.0000	0.0000	0.0000	0.0000	0.0000
6	121	0.1020	11	2	0	1	0	0	0	1	0	0	0	1	0	0	0	0	0	0	0	Y	N	N	N	N	N	N	N	N	N	N	N	N	N	N	N	N	N	0.0000	0.0000	0.0000	0.0000	0.0000	0.0000	0.0000	0.0000	0.0000	0.0000	0.0000	0.0000	0.0000	0.0000	0.0000	0.0000	0.0000	0.0000	0.0598	0.0857	0.0250	0.1120	0.1163	0.0000	0.0285	0.0337	0.0258		0.2164	0.0000	-0.0012	0.8938	0.0000	17.7817	1.2022	0.0000	0.0000	0.0000	0.0000	0.0000	0.0000	0.0000	0.0000	0.0000	0.0032	0.0026	0.0006	0.0022	0.0022	0.0000	0.0009	0.0004	0.0006	0.0000	0.0000	0.0000	0.0000	0.0000	0.0000	0.0000	0.0000	0.0000	0.0530	0.0304	0.0226	0.0199	0.0192	0.0007	0.0331	0.0113	0.0219
6	122	0.0806	10	2	0	1	0	1	0	1	0	0	0	1	0	0	0	0	0	0	0	Y	N	N	N	N	N	N	N	N	N	N	N	N	N	N	N	N	N	0.0000	0.0000	0.0000	0.0000	0.0000	0.0000	0.0000	0.0000	0.0000	0.0000	0.0000	0.0000	0.0000	0.0000	0.0000	0.0000	0.0000	0.0000	8.0464	8.4158	7.5763	13.6164	14.9185	0.0000	6.1641	3.8652	7.9758		0.7075	0.0000	-0.3225	0.8938	0.0041	17.7817	12.5856	0.0000	0.0000	0.0000	0.0000	0.0000	0.0000	0.0000	0.0000	0.0000	2.4077	1.4101	0.9976	1.0291	1.0291	0.0000	1.3786	0.3810	0.9976	0.0001	0.0001	0.0000	0.0000	0.0000	0.0000	0.0000	0.0000	0.0000	0.2992	0.1676	0.1317	0.0756	0.0690	0.0066	0.2237	0.0986	0.1251
7	9	0.1226	21	1	0	1	0	0	0	0	0	1	0	2	1	0	0	0	0	0	0	N	N	N	N	Y	N	N	N	N	N	N	N	N	N	N	N	N	N	0.0000	0.0000	0.0000	0.0000	0.0000	0.0000	0.0000	0.0000	0.0000	0.0000	0.0000	0.0000	0.0000	0.0000	0.0000	0.0000	0.0000	0.0000	0.0000	0.0000	0.0000	0.0000	0.0000	0.0000	0.0000	0.0000	0.0000			0.0000	0.0000	0.0000	0.0001	0.9946	1.0042	0.0000	0.0000	0.0000	0.0000	0.0000	0.0000	0.0000	0.0000	0.0000	0.0000	0.0000	0.0000	0.0000	0.0000	0.0000	0.0000	0.0000	0.0000	0.0000	0.0000	0.0000	0.0000	0.0000	0.0000	0.0000	0.0000	0.0000	0.0010	0.0005	0.0005	0.0003	0.0002	0.0000	0.0007	0.0003	0.0004
7	10	0.0064	2	2	1	0	0	0	1	0	0	0	0	2	2	0	0	0	0	0	0	Y	N	N	N	Y	Y	N	N	N	N	N	N	N	N	N	N	N	N	0.0000	0.0000	0.0000	0.0000	0.0000	0.0000	0.0000	0.0000	0.0000	0.0000	0.0000	0.0000	0.0000	0.0000	0.0000	0.0000	0.0000	0.0000	0.1074	0.1171	0.0912	0.1684	0.1681	0.0000	0.0603	0.0000	0.0908		0.4665	0.0000	-0.0000	0.0000	0.0000	0.9946	0.0003	0.0000	0.0000	0.0000	0.0000	0.0000	0.0000	0.0000	0.0000	0.0000	0.0000	0.0000	0.0000	0.0000	0.0000	0.0000	0.0000	0.0000	0.0000	0.0000	0.0000	0.0000	0.0000	0.0000	0.0000	0.0000	0.0000	0.0000	0.0000	0.0000	0.0000	0.0000	0.0000	0.0000	0.0000	0.0000	0.0000
7	12	0.1230	16	1	0	0	0	0	0	0	0	0	0	1	2	0	0	0	0	0	0	N	N	N	N	N	Y	N	N	N	N	N	N	N	N	N	N	N	N	0.0000	0.0000	0.0000	0.0000	0.0000	0.0000	0.0000	0.0000	0.0000	0.0000	0.0000	0.0000	0.0000	0.0000	0.0000	0.0000	0.0000	0.0000	0.0000	0.0000	0.0000	0.0000	0.0000	0.0000	0.0000	0.0000	0.0000			0.0000	0.0000	0.0000	0.0000	0.9946	3.0444	0.0000	0.0000	0.0000	0.0000	0.0000	0.0000	0.0000	0.0000	0.0000	0.0000	0.0000	0.0000	0.0000	0.0000	0.0000	0.0000	0.0000	0.0000	0.0000	0.0000	0.0000	0.0000	0.0000	0.0000	0.0000	0.0000	0.0000	0.0031	0.0017	0.0015	0.0008	0.0007	0.0001	0.0023	0.0010	0.0014
7	13	0.1078	16	2	0	0	0	0	0	0	0	0	1	1	2	0	0	0	0	0	0	Y	N	N	N	N	Y	N	N	N	N	N	N	N	N	N	N	N	N	0.0000	0.0000	0.0000	0.0000	0.0000	0.0000	0.0000	0.0000	0.0000	0.0000	0.0000	0.0000	0.0000	0.0000	0.0000	0.0000	0.0000	0.0000	44.3295	0.0000	92.7799	0.0000	0.0000	0.0000	63.9832	0.0000	97.6528		34681707.0481	0.0000	0.3885	0.0000	2.0000	0.9946	12.5972	0.0000	0.0000	0.0000	0.0000	0.0000	0.0000	0.0000	0.0000	0.0000	0.8601	0.0000	0.8601	0.0000	0.0000	0.0000	0.8601	0.0000	0.8601	0.0000	0.0000	0.0000	0.0000	0.0000	0.0000	0.0000	0.0000	0.0000	0.0194	0.0101	0.0093	0.0060	0.0055	0.0005	0.0134	0.0046	0.0088
7	14	0.0550	8	2	0	1	0	0	0	0	0	0	0	2	1	0	0	0	0	0	0	Y	N	N	N	Y	N	N	N	N	N	N	N	N	N	N	N	N	N	0.0000	0.0000	0.0000	0.0000	0.0000	0.0000	0.0000	0.0000	0.0000	0.0000	0.0000	0.0000	0.0000	0.0000	0.0000	0.0000	0.0000	0.0000	0.0000	0.0000	0.0000	0.0000	0.0000	0.0000	0.0000	0.0000	0.0000			0.0000	0.0000	0.0000	1.0076	0.9946	9.0109	0.0000	0.0000	0.0000	0.0000	0.0000	0.0000	0.0000	0.0000	0.0000	0.0000	0.0000	0.0000	0.0000	0.0000	0.0000	0.0000	0.0000	0.0000	0.0000	0.0000	0.0000	0.0000	0.0000	0.0000	0.0000	0.0000	0.0000	0.0105	0.0051	0.0053	0.0013	0.0012	0.0001	0.0091	0.0039	0.0052
7	15	0.1531	23	1	0	0	0	0	0	0	0	0	1	1	2	0	0	0	0	0	0	N	N	N	N	N	Y	N	N	N	N	N	N	N	N	N	N	N	N	0.0000	0.0000	0.0000	0.0000	0.0000	0.0000	0.0000	0.0000	0.0000	0.0000	0.0000	0.0000	0.0000	0.0000	0.0000	0.0000	0.0000	0.0000	319.2659	0.0000	690.3919	0.0000	0.0000	0.0000	448.3690	0.0000	755.1424		inf	0.0000	0.4455	0.0000	0.0012	0.9946	2.9951	0.0000	0.0000	0.0000	0.0000	0.0000	0.0000	0.0000	0.0000	0.0000	0.9862	0.0000	0.9862	0.0000	0.0000	0.0000	0.9862	0.0000	0.9862	0.0000	0.0000	0.0000	0.0000	0.0000	0.0000	0.0000	0.0000	0.0000	0.0031	0.0017	0.0014	0.0009	0.0008	0.0001	0.0022	0.0009	0.0013
7	16	0.0612	10	2	0	1	0	0	0	0	0	0	0	1	1	0	0	0	0	0	0	Y	N	N	N	N	N	N	N	N	N	N	N	N	N	N	N	N	N	0.0000	0.0000	0.0000	0.0000	0.0000	0.0000	0.0000	0.0000	0.0000	0.0000	0.0000	0.0000	0.0000	0.0000	0.0000	0.0000	0.0000	0.0000	0.0000	0.0000	0.0000	0.0000	0.0000	0.0000	0.0000	0.0000	0.0000			0.0000	0.0000	0.0000	0.0000	0.9946	7.0598	0.0000	0.0000	0.0000	0.0000	0.0000	0.0000	0.0000	0.0000	0.0000	0.0000	0.0000	0.0000	0.0000	0.0000	0.0000	0.0000	0.0000	0.0000	0.0000	0.0000	0.0000	0.0000	0.0000	0.0000	0.0000	0.0000	0.0000	0.0072	0.0035	0.0037	0.0009	0.0008	0.0001	0.0064	0.0027	0.0036
7	19	0.0709	11	2	0	1	0	0	0	0	0	0	0	1	1	0	0	0	0	0	0	Y	N	N	N	N	N	N	N	N	N	N	N	N	N	N	N	N	N	0.0000	0.0000	0.0000	0.0000	0.0000	0.0000	0.0000	0.0000	0.0000	0.0000	0.0000	0.0000	0.0000	0.0000	0.0000	0.0000	0.0000	0.0000	0.0000	0.0000	0.0000	0.0000	0.0000	0.0000	0.0000	0.0000	0.0000			0.0000	0.0000	0.0000	0.9990	0.9946	7.0746	0.0000	0.0000	0.0000	0.0000	0.0000	0.0000	0.0000	0.0000	0.0000	0.0000	0.0000	0.0000	0.0000	0.0000	0.0000	0.0000	0.0000	0.0000	0.0000	0.0000	0.0000	0.0000	0.0000	0.0000	0.0000	0.0000	0.0000	0.0086	0.0044	0.0043	0.0014	0.0013	0.0001	0.0072	0.0031	0.0042
7	21	0.1135	13	2	0	1	0	0	0	0	0	0	0	2	1	0	0	0	0	0	0	Y	N	N	N	Y	N	N	N	N	N	N	N	N	N	N	N	N	N	0.0000	0.0000	0.0000	0.0000	0.0000	0.0000	0.0000	0.0000	0.0000	0.0000	0.0000	0.0000	0.0000	0.0000	0.0000	0.0000	0.0000	0.0000	0.0014	0.0017	0.0009	0.0033	0.0036	0.0002	0.0006	0.0000	0.0010		0.4399	0.0000	-0.0000	0.0000	0.4173	0.9946	8.0348	0.0000	0.0000	0.0000	0.0000	0.0000	0.0000	0.0000	0.0000	0.0000	0.0000	0.0000	0.0000	0.0000	0.0000	0.0000	0.0000	0.0000	0.0000	0.0000	0.0000	0.0000	0.0000	0.0000	0.0000	0.0000	0.0000	0.0000	0.0105	0.0058	0.0047	0.0030	0.0028	0.0003	0.0075	0.0030	0.0044
7	22	0.1179	19	2	0	1	0	0	0	0	0	0	0	1	1	0	0	0	0	0	0	Y	N	N	N	N	N	N	N	N	N	N	N	N	N	N	N	N	N	0.0000	0.0000	0.0000	0.0000	0.0000	0.0000	0.0000	0.0000	0.0000	0.0000	0.0000	0.0000	0.0000	0.0000	0.0000	0.0000	0.0000	0.0000	0.1332	0.0042	0.2841	0.0084	0.0096	0.0000	0.1788	0.0000	0.3064		58.1728	0.0000	0.0005	0.0000	1.0206	0.9946	8.2592	0.0000	0.0000	0.0000	0.0000	0.0000	0.0000	0.0000	0.0000	0.0000	0.0012	0.0000	0.0012	0.0000	0.0000	0.0000	0.0012	0.0000	0.0012	0.0000	0.0000	0.0000	0.0000	0.0000	0.0000	0.0000	0.0000	0.0000	0.0093	0.0050	0.0043	0.0025	0.0022	0.0003	0.0068	0.0028	0.0040
7	25	0.0830	11	2	0	0	1	0	0	0	1	0	0	2	2	0	0	0	0	0	0	Y	N	N	N	Y	Y	N	N	N	N	N	N	N	N	N	N	N	N	0.0000	0.0000	0.0000	0.0000	0.0000	0.0000	0.0000	0.0000	0.0000	0.0000	0.0000	0.0000	0.0000	0.0000	0.0000	0.0000	0.0000	0.0000	0.0000	0.0000	0.0000	0.0000	0.0000	0.0000	0.0000	0.0000	0.0000			0.0000	0.0000	0.0000	0.9999	0.9946	1.0788	0.0000	0.0000	0.0000	0.0000	0.0000	0.0000	0.0000	0.0000	0.0000	0.0000	0.0000	0.0000	0.0000	0.0000	0.0000	0.0000	0.0000	0.0000	0.0000	0.0000	0.0000	0.0000	0.0000	0.0000	0.0000	0.0000	0.0000	0.0023	0.0012	0.0011	0.0005	0.0004	0.0000	0.0018	0.0008	0.0011
7	26	0.0972	16	2	0	1	0	0	0	0	0	0	0	1	1	0	0	0	0	0	0	Y	N	N	N	N	N	N	N	N	N	N	N	N	N	N	N	N	N	0.0000	0.0000	0.0000	0.0000	0.0000	0.0000	0.0000	0.0000	0.0000	0.0000	0.0000	0.0000	0.0000	0.0000	0.0000	0.0000	0.0000	0.0000	0.0000	0.0000	0.0000	0.0000	0.0000	0.0000	0.0000	0.0000	0.0000			0.0000	0.0000	0.0000	2.9974	0.9946	7.2972	0.0000	0.0000	0.0000	0.0000	0.0000	0.0000	0.0000	0.0000	0.0000	0.0000	0.0000	0.0000	0.0000	0.0000	0.0000	0.0000	0.0000	0.0000	0.0000	0.0000	0.0000	0.0000	0.0000	0.0000	0.0000	0.0000	0.0000	0.0109	0.0057	0.0052	0.0027	0.0023	0.0003	0.0082	0.0034	0.0049
7	27	0.0912	14	2	0	1	0	1	0	0	0	0	0	1	1	0	0	0	0	0	0	Y	N	N	N	N	N	N	N	N	N	N	N	N	N	N	N	N	N	0.0000	0.0000	0.0000	0.0000	0.0000	0.0000	0.0000	0.0000	0.0000	0.0000	0.0000	0.0000	0.0000	0.0000	0.0000	0.0000	0.0000	0.0000	0.0397	0.0084	0.0918	0.0165	0.0176	0.0001	0.0505	0.0000	0.0969		6.5417	0.0000	0.0002	0.0000	0.0672	0.9946	11.7431	0.0000	0.0000	0.0000	0.0000	0.0000	0.0000	0.0000	0.0000	0.0000	0.0007	0.0001	0.0006	0.0001	0.0001	0.0000	0.0006	0.0000	0.0006	0.0000	0.0000	0.0000	0.0000	0.0000	0.0000	0.0000	0.0000	0.0000	0.0188	0.0118	0.0071	0.0060	0.0056	0.0004	0.0128	0.0061	0.0067
7	28	0.0550	8	2	0	1	0	0	0	0	0	0	0	2	1	0	0	0	0	0	0	Y	N	N	N	Y	N	N	N	N	N	N	N	N	N	N	N	N	N	0.0000	0.0000	0.0000	0.0000	0.0000	0.0000	0.0000	0.0000	0.0000	0.0000	0.0000	0.0000	0.0000	0.0000	0.0000	0.0000	0.0000	0.0000	0.0000	0.0000	0.0000	0.0000	0.0000	0.0000	0.0000	0.0000	0.0000			0.0000	0.0000	0.0000	2.0122	0.9946	16.0892	0.0000	0.0000	0.0000	0.0000	0.0000	0.0000	0.0000	0.0000	0.0000	0.0000	0.0000	0.0000	0.0000	0.0000	0.0000	0.0000	0.0000	0.0000	0.0000	0.0000	0.0000	0.0000	0.0000	0.0000	0.0000	0.0000	0.0000	0.0181	0.0087	0.0093	0.0022	0.0019	0.0002	0.0159	0.0068	0.0091
7	29	0.0487	7	2	0	1	0	0	0	1	0	1	0	2	1	0	0	0	0	0	0	Y	N	N	N	Y	N	N	N	N	N	N	N	N	N	N	N	N	N	0.0000	0.0000	0.0000	0.0000	0.0000	0.0000	0.0000	0.0000	0.0000	0.0000	0.0000	0.0000	0.0000	0.0000	0.0000	0.0000	0.0000	0.0000	0.0000	0.0000	0.0000	0.0000	0.0000	0.0000	0.0000	0.0000	0.0000			0.0000	0.0000	0.0000	1.9944	0.9946	2.0374	0.0000	0.0000	0.0000	0.0000	0.0000	0.0000	0.0000	0.0000	0.0000	0.0000	0.0000	0.0000	0.0000	0.0000	0.0000	0.0000	0.0000	0.0000	0.0000	0.0000	0.0000	0.0000	0.0000	0.0000	0.0000	0.0000	0.0000	0.0040	0.0019	0.0021	0.0004	0.0004	0.0000	0.0036	0.0015	0.0021
7	30	0.0972	16	2	0	1	0	0	0	0	0	0	0	1	1	0	0	0	0	0	0	Y	N	N	N	N	N	N	N	N	N	N	N	N	N	N	N	N	N	0.0000	0.0000	0.0000	0.0000	0.0000	0.0000	0.0000	0.0000	0.0000	0.0000	0.0000	0.0000	0.0000	0.0000	0.0000	0.0000	0.0000	0.0000	0.0000	0.0000	0.0000	0.0000	0.0000	0.0000	0.0000	0.0000	0.0000			0.0000	0.0000	0.0000	0.0026	0.9946	6.8389	0.0000	0.0000	0.0000	0.0000	0.0000	0.0000	0.0000	0.0000	0.0000	0.0000	0.0000	0.0000	0.0000	0.0000	0.0000	0.0000	0.0000	0.0000	0.0000	0.0000	0.0000	0.0000	0.0000	0.0000	0.0000	0.0000	0.0000	0.0076	0.0040	0.0036	0.0019	0.0017	0.0002	0.0057	0.0023	0.0034
7	31	0.0916	15	2	0	1	0	1	0	1	0	0	0	1	1	0	0	0	0	0	0	Y	N	N	N	N	N	N	N	N	N	N	N	N	N	N	N	N	N	0.0000	0.0000	0.0000	0.0000	0.0000	0.0000	0.0000	0.0000	0.0000	0.0000	0.0000	0.0000	0.0000	0.0000	0.0000	0.0000	0.0000	0.0000	0.0000	0.0000	0.0000	0.0000	0.0000	0.0000	0.0000	0.0000	0.0000		0.0000	0.0000	-0.0000	0.0000	0.0026	0.9946	4.4275	0.0000	0.0000	0.0000	0.0000	0.0000	0.0000	0.0000	0.0000	0.0000	0.0000	0.0000	0.0000	0.0000	0.0000	0.0000	0.0000	0.0000	0.0000	0.0000	0.0000	0.0000	0.0000	0.0000	0.0000	0.0000	0.0000	0.0000	0.0077	0.0047	0.0030	0.0026	0.0025	0.0001	0.0051	0.0023	0.0029
7	32	0.1078	17	2	0	1	0	1	0	1	0	1	0	2	1	0	0	0	0	0	0	Y	N	N	N	Y	N	N	N	N	N	N	N	N	N	N	N	N	N	0.0000	0.0000	0.0000	0.0000	0.0000	0.0000	0.0000	0.0000	0.0000	0.0000	0.0000	0.0000	0.0000	0.0000	0.0000	0.0000	0.0000	0.0000	0.0000	0.0000	0.0000	0.0000	0.0000	0.0000	0.0000	0.0000	0.0000		inf	0.0000	0.0000	0.0000	2.8343	0.9946	20.2282	0.0000	0.0000	0.0000	0.0000	0.0000	0.0000	0.0000	0.0000	0.0000	0.0000	0.0000	0.0000	0.0000	0.0000	0.0000	0.0000	0.0000	0.0000	0.0000	0.0000	0.0000	0.0000	0.0000	0.0000	0.0000	0.0000	0.0000	0.0231	0.0123	0.0108	0.0054	0.0047	0.0007	0.0177	0.0076	0.0101
7	33	0.0575	8	2	0	1	0	0	0	0	0	0	0	1	1	0	0	0	0	0	0	Y	N	N	N	N	N	N	N	N	N	N	N	N	N	N	N	N	N	0.0000	0.0000	0.0000	0.0000	0.0000	0.0000	0.0000	0.0000	0.0000	0.0000	0.0000	0.0000	0.0000	0.0000	0.0000	0.0000	0.0000	0.0000	0.0000	0.0000	0.0000	0.0000	0.0000	0.0000	0.0000	0.0000	0.0000			0.0000	0.0000	0.0000	1.0032	0.9946	9.5192	0.0000	0.0000	0.0000	0.0000	0.0000	0.0000	0.0000	0.0000	0.0000	0.0000	0.0000	0.0000	0.0000	0.0000	0.0000	0.0000	0.0000	0.0000	0.0000	0.0000	0.0000	0.0000	0.0000	0.0000	0.0000	0.0000	0.0000	0.0107	0.0052	0.0055	0.0014	0.0012	0.0001	0.0093	0.0040	0.0054
7	34	0.0632	10	2	1	1	0	0	1	1	0	0	0	1	1	0	0	0	0	0	0	Y	N	N	N	N	N	N	N	N	N	N	N	N	N	N	N	N	N	0.0000	0.0000	0.0000	0.0000	0.0000	0.0000	0.0000	0.0000	0.0000	0.0000	0.0000	0.0000	0.0000	0.0000	0.0000	0.0000	0.0000	0.0000	0.0000	0.0000	0.0000	0.0000	0.0000	0.0001	0.0000	0.0000	0.0000		inf	0.0000	0.0000	0.0000	0.9987	0.9946	10.0476	0.0000	0.0000	0.0000	0.0000	0.0000	0.0000	0.0000	0.0000	0.0000	0.0000	0.0000	0.0000	0.0000	0.0000	0.0000	0.0000	0.0000	0.0000	0.0000	0.0000	0.0000	0.0000	0.0000	0.0000	0.0000	0.0000	0.0000	0.0118	0.0059	0.0059	0.0021	0.0019	0.0002	0.0098	0.0041	0.0057
7	35	0.1557	25	1	0	1	0	0	0	1	0	0	1	1	2	0	0	0	0	0	0	N	N	N	N	N	Y	N	N	N	N	N	N	N	N	N	N	N	N	0.0000	0.0000	0.0000	0.0000	0.0000	0.0000	0.0000	0.0000	0.0000	0.0000	0.0000	0.0000	0.0000	0.0000	0.0000	0.0000	0.0000	0.0000	0.6199	0.0000	1.3176	0.0000	0.0000	0.0000	0.8470	0.0000	1.4041		inf	0.0000	0.0006	0.0000	0.0023	0.9946	1.9232	0.0000	0.0000	0.0000	0.0000	0.0000	0.0000	0.0000	0.0000	0.0000	0.0014	0.0000	0.0014	0.0000	0.0000	0.0000	0.0014	0.0000	0.0014	0.0000	0.0000	0.0000	0.0000	0.0000	0.0000	0.0000	0.0000	0.0000	0.0023	0.0012	0.0011	0.0006	0.0005	0.0001	0.0016	0.0007	0.0010
7	37	0.0829	13	2	0	1	0	1	0	1	0	0	0	1	1	0	0	0	0	0	0	Y	N	N	N	N	N	N	N	N	N	N	N	N	N	N	N	N	N	0.0000	0.0000	0.0000	0.0000	0.0000	0.0000	0.0000	0.0000	0.0000	0.0000	0.0000	0.0000	0.0000	0.0000	0.0000	0.0000	0.0000	0.0000	44.4384	0.0000	93.9911	0.0000	0.0000	0.0000	57.2849	0.0000	99.6692		inf	0.0000	0.4457	0.0000	4.0110	0.9946	17.6512	0.0000	0.0000	0.0000	0.0000	0.0000	0.0000	0.0000	0.0000	0.0000	0.9867	0.0000	0.9867	0.0000	0.0000	0.0000	0.9867	0.0000	0.9867	0.0000	0.0000	0.0000	0.0000	0.0000	0.0000	0.0000	0.0000	0.0000	0.0222	0.0117	0.0105	0.0050	0.0044	0.0006	0.0172	0.0073	0.0099
7	38	0.1404	23	2	0	1	0	0	0	0	0	0	0	2	1	0	0	0	0	0	0	Y	N	N	N	Y	N	N	N	N	N	N	N	N	N	N	N	N	N	0.0000	0.0000	0.0000	0.0000	0.0000	0.0000	0.0000	0.0000	0.0000	0.0000	0.0000	0.0000	0.0000	0.0000	0.0000	0.0000	0.0000	0.0000	0.5488	0.9799	0.0000	0.0001	0.0001	0.0000	0.8082	1.8620	0.0000		0.0000	0.0000	-0.0003	0.0000	0.0000	0.9946	0.9989	0.0000	0.0000	0.0000	0.0000	0.0000	0.0000	0.0000	0.0000	0.0000	0.0006	0.0006	0.0000	0.0000	0.0000	0.0000	0.0006	0.0006	0.0000	0.0000	0.0000	0.0000	0.0000	0.0000	0.0000	0.0000	0.0000	0.0000	0.0010	0.0006	0.0005	0.0003	0.0003	0.0001	0.0007	0.0003	0.0004
7	41	0.0894	15	2	0	1	0	1	0	1	0	1	0	2	1	0	0	0	0	0	0	Y	N	N	N	Y	N	N	N	N	N	N	N	N	N	N	N	N	N	0.0000	0.0000	0.0000	0.0000	0.0000	0.0000	0.0000	0.0000	0.0000	0.0000	0.0000	0.0000	0.0000	0.0000	0.0000	0.0000	0.0000	0.0000	0.0030	0.0057	0.0000	0.0133	0.0153	0.0000	0.0000	0.0000	0.0000		0.0000	0.0000	-0.0001	0.0000	2.0001	0.9946	33.1942	0.0000	0.0000	0.0000	0.0000	0.0000	0.0000	0.0000	0.0000	0.0000	0.0001	0.0001	0.0000	0.0001	0.0001	0.0000	0.0000	0.0000	0.0000	0.0000	0.0000	0.0000	0.0000	0.0000	0.0000	0.0000	0.0000	0.0000	0.0333	0.0173	0.0160	0.0074	0.0065	0.0010	0.0258	0.0108	0.0150
7	42	0.1571	23	2	0	0	0	0	0	0	0	0	1	1	2	0	0	0	0	0	0	Y	N	N	N	N	Y	N	N	N	N	N	N	N	N	N	N	N	N	0.0000	0.0000	0.0000	0.0000	0.0000	0.0000	0.0000	0.0000	0.0000	0.0000	0.0000	0.0000	0.0000	0.0000	0.0000	0.0000	0.0000	0.0000	0.0000	0.0000	0.0000	0.0000	0.0000	0.0000	0.0000	0.0000	0.0000			0.0000	0.0000	0.0000	0.0000	0.9946	0.0011	0.0000	0.0000	0.0000	0.0000	0.0000	0.0000	0.0000	0.0000	0.0000	0.0000	0.0000	0.0000	0.0000	0.0000	0.0000	0.0000	0.0000	0.0000	0.0000	0.0000	0.0000	0.0000	0.0000	0.0000	0.0000	0.0000	0.0000	0.0000	0.0000	0.0000	0.0000	0.0000	0.0000	0.0000	0.0000	0.0000
7	43	0.1420	24	2	0	1	0	0	0	1	0	0	0	1	1	0	0	0	0	0	0	Y	N	N	N	N	N	N	N	N	N	N	N	N	N	N	N	N	N	0.0000	0.0000	0.0000	0.0000	0.0000	0.0000	0.0000	0.0000	0.0000	0.0000	0.0000	0.0000	0.0000	0.0000	0.0000	0.0000	0.0000	0.0000	0.0067	0.0000	0.0149	0.0228	0.0000	0.1959	0.0006	0.0000	0.0010		inf	0.0000	0.0000	0.0000	1.0006	0.9946	5.8160	0.0000	0.0000	0.0000	0.0000	0.0000	0.0000	0.0000	0.0000	0.0000	0.0001	0.0000	0.0001	0.0000	0.0000	0.0000	0.0000	0.0000	0.0000	0.0000	0.0000	0.0000	0.0000	0.0000	0.0000	0.0000	0.0000	0.0000	0.0077	0.0042	0.0035	0.0021	0.0019	0.0002	0.0056	0.0024	0.0032
7	44	0.0671	12	2	0	0	1	0	0	0	0	0	0	2	2	0	0	0	0	0	0	Y	N	N	N	Y	Y	N	N	N	N	N	N	N	N	N	N	N	N	0.0000	0.0000	0.0000	0.0000	0.0000	0.0000	0.0000	0.0000	0.0000	0.0000	0.0000	0.0000	0.0000	0.0000	0.0000	0.0000	0.0000	0.0000	0.0030	0.0040	0.0019	0.0130	0.0145	0.0001	0.0011	0.0000	0.0020		0.4635	0.0000	-0.0000	0.0000	7.0030	0.9946	25.8862	0.0000	0.0000	0.0000	0.0000	0.0000	0.0000	0.0000	0.0000	0.0000	0.0001	0.0001	0.0000	0.0001	0.0001	0.0000	0.0000	0.0000	0.0000	0.0000	0.0000	0.0000	0.0000	0.0000	0.0000	0.0000	0.0000	0.0000	0.0322	0.0162	0.0159	0.0050	0.0045	0.0005	0.0272	0.0118	0.0154
7	45	0.1336	24	2	0	1	0	1	0	1	0	0	0	1	1	0	0	0	0	0	0	Y	N	N	N	N	N	N	N	N	N	N	N	N	N	N	N	N	N	0.0000	0.0000	0.0000	0.0000	0.0000	0.0000	0.0000	0.0000	0.0000	0.0000	0.0000	0.0000	0.0000	0.0000	0.0000	0.0000	0.0000	0.0000	0.8270	1.5187	0.0000	3.1105	3.4991	0.0001	0.0000	0.0000	0.0000		0.0000	0.0000	-0.0073	0.0000	1.9929	0.9946	12.8604	0.0000	0.0000	0.0000	0.0000	0.0000	0.0000	0.0000	0.0000	0.0000	0.0133	0.0133	0.0000	0.0133	0.0133	0.0000	0.0000	0.0000	0.0000	0.0000	0.0000	0.0000	0.0000	0.0000	0.0000	0.0000	0.0000	0.0000	0.0161	0.0087	0.0073	0.0043	0.0038	0.0005	0.0118	0.0049	0.0068
7	48	0.0671	12	2	0	0	1	0	0	0	0	0	0	2	2	0	0	0	0	0	0	Y	N	N	N	Y	Y	N	N	N	N	N	N	N	N	N	N	N	N	0.0000	0.0000	0.0000	0.0000	0.0000	0.0000	0.0000	0.0000	0.0000	0.0000	0.0000	0.0000	0.0000	0.0000	0.0000	0.0000	0.0000	0.0000	0.0082	0.0104	0.0056	0.0270	0.0290	0.0004	0.0033	0.0000	0.0058		0.4635	0.0000	-0.0000	0.0000	1.7572	0.9946	7.6758	0.0000	0.0000	0.0000	0.0000	0.0000	0.0000	0.0000	0.0000	0.0000	0.0001	0.0001	0.0000	0.0001	0.0001	0.0000	0.0000	0.0000	0.0000	0.0000	0.0000	0.0000	0.0000	0.0000	0.0000	0.0000	0.0000	0.0000	0.0116	0.0063	0.0054	0.0024	0.0023	0.0002	0.0092	0.0040	0.0052
7	49	0.0582	11	2	0	0	1	0	0	0	1	0	0	2	2	0	0	0	0	0	0	Y	N	N	N	Y	Y	N	N	N	N	N	N	N	N	N	N	N	N	0.0000	0.0000	0.0000	0.0000	0.0000	0.0000	0.0000	0.0000	0.0000	0.0000	0.0000	0.0000	0.0000	0.0000	0.0000	0.0000	0.0000	0.0000	0.1809	0.2072	0.1511	0.6250	0.6822	0.0000	0.0860	0.0000	0.1560		0.6431	0.0000	-0.0002	0.0000	1.2605	0.9946	5.3560	0.0000	0.0000	0.0000	0.0000	0.0000	0.0000	0.0000	0.0000	0.0000	0.0014	0.0009	0.0005	0.0009	0.0009	0.0000	0.0005	0.0000	0.0005	0.0000	0.0000	0.0000	0.0000	0.0000	0.0000	0.0000	0.0000	0.0000	0.0077	0.0041	0.0036	0.0014	0.0012	0.0001	0.0064	0.0029	0.0035
7	50	0.0582	11	2	0	0	0	0	0	0	0	0	0	2	2	0	0	0	0	0	0	Y	N	N	N	Y	Y	N	N	N	N	N	N	N	N	N	N	N	N	0.0000	0.0000	0.0000	0.0000	0.0000	0.0000	0.0000	0.0000	0.0000	0.0000	0.0000	0.0000	0.0000	0.0000	0.0000	0.0000	0.0000	0.0000	0.0005	0.0004	0.0006	0.0011	0.0012	0.0000	0.0003	0.0000	0.0006		1.5395	0.0000	0.0000	0.0000	1.0001	0.9946	7.4568	0.0000	0.0000	0.0000	0.0000	0.0000	0.0000	0.0000	0.0000	0.0000	0.0000	0.0000	0.0000	0.0000	0.0000	0.0000	0.0000	0.0000	0.0000	0.0000	0.0000	0.0000	0.0000	0.0000	0.0000	0.0000	0.0000	0.0000	0.0095	0.0050	0.0046	0.0016	0.0014	0.0001	0.0080	0.0035	0.0044
7	51	0.0537	10	2	0	0	0	0	0	0	0	0	1	2	2	0	0	0	0	0	0	Y	N	N	N	Y	Y	N	N	N	N	N	N	N	N	N	N	N	N	0.0000	0.0000	0.0000	0.0000	0.0000	0.0000	0.0000	0.0000	0.0000	0.0000	0.0000	0.0000	0.0000	0.0000	0.0000	0.0000	0.0000	0.0000	0.0008	0.0007	0.0010	0.0012	0.0013	0.0000	0.0006	0.0000	0.0012		0.8329	0.0000	-0.0000	0.0000	0.0061	0.9946	2.7591	0.0000	0.0000	0.0000	0.0000	0.0000	0.0000	0.0000	0.0000	0.0000	0.0000	0.0000	0.0000	0.0000	0.0000	0.0000	0.0000	0.0000	0.0000	0.0000	0.0000	0.0000	0.0000	0.0000	0.0000	0.0000	0.0000	0.0000	0.0060	0.0038	0.0022	0.0023	0.0020	0.0002	0.0037	0.0018	0.0019
7	52	0.1420	24	2	0	0	0	0	0	0	0	0	1	1	2	0	0	0	0	0	0	Y	N	N	N	N	Y	N	N	N	N	N	N	N	N	N	N	N	N	0.0000	0.0000	0.0000	0.0000	0.0000	0.0000	0.0000	0.0000	0.0000	0.0000	0.0000	0.0000	0.0000	0.0000	0.0000	0.0000	0.0000	0.0000	0.2268	0.4145	0.0007	0.8452	0.9593	0.0000	0.0005	0.0001	0.0008		0.0014	0.0000	-0.0011	0.0000	1.0020	0.9946	7.2599	0.0000	0.0000	0.0000	0.0000	0.0000	0.0000	0.0000	0.0000	0.0000	0.0020	0.0020	0.0000	0.0020	0.0020	0.0000	0.0000	0.0000	0.0000	0.0000	0.0000	0.0000	0.0000	0.0000	0.0000	0.0000	0.0000	0.0000	0.0090	0.0049	0.0041	0.0024	0.0021	0.0003	0.0066	0.0028	0.0038
7	53	0.1223	23	2	0	0	0	1	0	0	0	0	0	1	1	0	0	0	0	0	0	Y	N	N	N	N	N	N	N	N	N	N	N	N	N	N	N	N	N	0.0000	0.0000	0.0000	0.0000	0.0000	0.0000	0.0000	0.0000	0.0000	0.0000	0.0000	0.0000	0.0000	0.0000	0.0000	0.0000	0.0000	0.0000	0.0647	0.0225	0.1146	0.0479	0.0535	0.0006	0.0704	0.0000	0.1217		4.3157	0.0000	0.0002	0.0000	3.0050	0.9946	8.3063	0.0000	0.0000	0.0000	0.0000	0.0000	0.0000	0.0000	0.0000	0.0000	0.0008	0.0001	0.0006	0.0001	0.0001	0.0000	0.0006	0.0000	0.0006	0.0000	0.0000	0.0000	0.0000	0.0000	0.0000	0.0000	0.0000	0.0000	0.0121	0.0066	0.0056	0.0031	0.0028	0.0003	0.0090	0.0038	0.0052
7	55	0.1571	23	2	0	1	0	0	0	1	0	0	0	1	1	0	0	0	0	0	0	Y	N	N	N	N	N	N	N	N	N	N	N	N	N	N	N	N	N	0.0000	0.0000	0.0000	0.0000	0.0000	0.0000	0.0000	0.0000	0.0000	0.0000	0.0000	0.0000	0.0000	0.0000	0.0000	0.0000	0.0000	0.0000	0.0000	0.0000	0.0000	0.0000	0.0000	0.0000	0.0000	0.0000	0.0000			0.0000	0.0000	0.0000	0.0000	0.9946	2.9989	0.0000	0.0000	0.0000	0.0000	0.0000	0.0000	0.0000	0.0000	0.0000	0.0000	0.0000	0.0000	0.0000	0.0000	0.0000	0.0000	0.0000	0.0000	0.0000	0.0000	0.0000	0.0000	0.0000	0.0000	0.0000	0.0000	0.0000	0.0029	0.0016	0.0013	0.0007	0.0007	0.0001	0.0022	0.0009	0.0012
7	56	0.1325	22	2	0	0	0	0	0	0	0	0	0	1	1	0	0	0	0	0	0	Y	N	N	N	N	N	N	N	N	N	N	N	N	N	N	N	N	N	0.0000	0.0000	0.0000	0.0000	0.0000	0.0000	0.0000	0.0000	0.0000	0.0000	0.0000	0.0000	0.0000	0.0000	0.0000	0.0000	0.0000	0.0000	0.0007	0.0013	0.0000	0.0029	0.0032	0.0001	0.0000	0.0000	0.0000		0.0042	0.0000	-0.0000	0.0000	2.9988	0.9946	11.1255	0.0000	0.0000	0.0000	0.0000	0.0000	0.0000	0.0000	0.0000	0.0000	0.0000	0.0000	0.0000	0.0000	0.0000	0.0000	0.0000	0.0000	0.0000	0.0000	0.0000	0.0000	0.0000	0.0000	0.0000	0.0000	0.0000	0.0000	0.0143	0.0077	0.0066	0.0035	0.0031	0.0004	0.0108	0.0046	0.0062
7	57	0.0909	13	2	0	1	1	0	0	0	1	0	0	2	2	0	0	0	0	0	0	Y	N	N	N	Y	Y	N	N	N	N	N	N	N	N	N	N	N	N	0.0000	0.0000	0.0000	0.0000	0.0000	0.0000	0.0000	0.0000	0.0000	0.0000	0.0000	0.0000	0.0000	0.0000	0.0000	0.0000	0.0000	0.0000	0.0000	0.0000	0.0000	0.0000	0.0000	0.0000	0.0000	0.0000	0.0000			0.0000	0.0000	0.0000	0.0000	0.9946	0.0000	0.0000	0.0000	0.0000	0.0000	0.0000	0.0000	0.0000	0.0000	0.0000	0.0000	0.0000	0.0000	0.0000	0.0000	0.0000	0.0000	0.0000	0.0000	0.0000	0.0000	0.0000	0.0000	0.0000	0.0000	0.0000	0.0000	0.0000	0.0000	0.0000	0.0000	0.0000	0.0000	0.0000	0.0000	0.0000	0.0000
7	58	0.0909	13	2	0	1	0	0	0	0	0	0	0	2	2	0	0	0	0	0	0	Y	N	N	N	Y	Y	N	N	N	N	N	N	N	N	N	N	N	N	0.0000	0.0000	0.0000	0.0000	0.0000	0.0000	0.0000	0.0000	0.0000	0.0000	0.0000	0.0000	0.0000	0.0000	0.0000	0.0000	0.0000	0.0000	0.0000	0.0000	0.0000	0.0000	0.0000	0.0000	0.0000	0.0000	0.0000			0.0000	0.0000	0.0000	0.0000	0.9946	0.0000	0.0000	0.0000	0.0000	0.0000	0.0000	0.0000	0.0000	0.0000	0.0000	0.0000	0.0000	0.0000	0.0000	0.0000	0.0000	0.0000	0.0000	0.0000	0.0000	0.0000	0.0000	0.0000	0.0000	0.0000	0.0000	0.0000	0.0000	0.0000	0.0000	0.0000	0.0000	0.0000	0.0000	0.0000	0.0000	0.0000
7	59	0.0861	12	2	0	1	0	0	0	1	0	0	0	2	2	0	0	0	0	0	0	Y	N	N	N	Y	Y	N	N	N	N	N	N	N	N	N	N	N	N	0.0000	0.0000	0.0000	0.0000	0.0000	0.0000	0.0000	0.0000	0.0000	0.0000	0.0000	0.0000	0.0000	0.0000	0.0000	0.0000	0.0000	0.0000	0.0000	0.0000	0.0000	0.0000	0.0000	0.0000	0.0000	0.0000	0.0000			0.0000	0.0000	0.0000	0.0001	0.9946	3.0507	0.0000	0.0000	0.0000	0.0000	0.0000	0.0000	0.0000	0.0000	0.0000	0.0000	0.0000	0.0000	0.0000	0.0000	0.0000	0.0000	0.0000	0.0000	0.0000	0.0000	0.0000	0.0000	0.0000	0.0000	0.0000	0.0000	0.0000	0.0032	0.0016	0.0016	0.0006	0.0005	0.0001	0.0026	0.0011	0.0015
7	60	0.1212	19	2	0	1	0	0	0	0	0	0	0	2	1	0	0	0	0	0	0	Y	N	N	N	Y	N	N	N	N	N	N	N	N	N	N	N	N	N	0.0000	0.0000	0.0000	0.0000	0.0000	0.0000	0.0000	0.0000	0.0000	0.0000	0.0000	0.0000	0.0000	0.0000	0.0000	0.0000	0.0000	0.0000	0.0001	0.0000	0.0003	0.0000	0.0000	0.0000	0.0002	0.0000	0.0004		inf	0.0000	0.0000	0.0000	0.0010	0.9946	5.0218	0.0000	0.0000	0.0000	0.0000	0.0000	0.0000	0.0000	0.0000	0.0000	0.0000	0.0000	0.0000	0.0000	0.0000	0.0000	0.0000	0.0000	0.0000	0.0000	0.0000	0.0000	0.0000	0.0000	0.0000	0.0000	0.0000	0.0000	0.0052	0.0029	0.0023	0.0016	0.0013	0.0002	0.0036	0.0016	0.0021
7	67	0.0709	11	2	0	1	0	0	0	0	0	0	1	1	2	0	0	0	0	0	0	Y	N	N	N	N	Y	N	N	N	N	N	N	N	N	N	N	N	N	0.0000	0.0000	0.0000	0.0000	0.0000	0.0000	0.0000	0.0000	0.0000	0.0000	0.0000	0.0000	0.0000	0.0000	0.0000	0.0000	0.0000	0.0000	0.0000	0.0000	0.0000	0.0000	0.0000	0.0000	0.0000	0.0000	0.0000			0.0000	0.0000	0.0000	0.0010	0.9946	8.0699	0.0000	0.0000	0.0000	0.0000	0.0000	0.0000	0.0000	0.0000	0.0000	0.0000	0.0000	0.0000	0.0000	0.0000	0.0000	0.0000	0.0000	0.0000	0.0000	0.0000	0.0000	0.0000	0.0000	0.0000	0.0000	0.0000	0.0000	0.0086	0.0044	0.0043	0.0014	0.0013	0.0001	0.0072	0.0031	0.0041
7	68	0.0612	10	2	0	1	0	0	0	0	0	0	0	1	1	0	0	0	0	0	0	Y	N	N	N	N	N	N	N	N	N	N	N	N	N	N	N	N	N	0.0000	0.0000	0.0000	0.0000	0.0000	0.0000	0.0000	0.0000	0.0000	0.0000	0.0000	0.0000	0.0000	0.0000	0.0000	0.0000	0.0000	0.0000	0.0000	0.0000	0.0000	0.0000	0.0000	0.0000	0.0000	0.0000	0.0000			0.0000	0.0000	0.0000	0.0010	0.9946	6.0584	0.0000	0.0000	0.0000	0.0000	0.0000	0.0000	0.0000	0.0000	0.0000	0.0000	0.0000	0.0000	0.0000	0.0000	0.0000	0.0000	0.0000	0.0000	0.0000	0.0000	0.0000	0.0000	0.0000	0.0000	0.0000	0.0000	0.0000	0.0063	0.0030	0.0032	0.0008	0.0007	0.0001	0.0055	0.0023	0.0032
7	69	0.0598	9	2	0	1	0	0	0	0	0	0	0	1	1	0	0	0	0	0	0	Y	N	N	N	N	N	N	N	N	N	N	N	N	N	N	N	N	N	0.0000	0.0000	0.0000	0.0000	0.0000	0.0000	0.0000	0.0000	0.0000	0.0000	0.0000	0.0000	0.0000	0.0000	0.0000	0.0000	0.0000	0.0000	0.0000	0.0000	0.0000	0.0000	0.0000	0.0000	0.0000	0.0000	0.0000			0.0000	0.0000	0.0000	0.0006	0.9946	0.9765	0.0000	0.0000	0.0000	0.0000	0.0000	0.0000	0.0000	0.0000	0.0000	0.0000	0.0000	0.0000	0.0000	0.0000	0.0000	0.0000	0.0000	0.0000	0.0000	0.0000	0.0000	0.0000	0.0000	0.0000	0.0000	0.0000	0.0000	0.0011	0.0005	0.0005	0.0002	0.0001	0.0000	0.0009	0.0004	0.0005
7	70	0.0609	11	2	0	0	0	0	0	0	0	0	1	2	2	0	0	0	0	0	0	Y	N	N	N	Y	Y	N	N	N	N	N	N	N	N	N	N	N	N	0.0000	0.0000	0.0000	0.0000	0.0000	0.0000	0.0000	0.0000	0.0000	0.0000	0.0000	0.0000	0.0000	0.0000	0.0000	0.0000	0.0000	0.0000	0.0001	0.0000	0.0003	0.0000	0.0000	0.0001	0.0002	0.0000	0.0003		inf	0.0000	0.0000	0.0000	2.3581	0.9946	7.4584	0.0000	0.0000	0.0000	0.0000	0.0000	0.0000	0.0000	0.0000	0.0000	0.0000	0.0000	0.0000	0.0000	0.0000	0.0000	0.0000	0.0000	0.0000	0.0000	0.0000	0.0000	0.0000	0.0000	0.0000	0.0000	0.0000	0.0000	0.0123	0.0066	0.0058	0.0026	0.0024	0.0002	0.0097	0.0041	0.0056
7	71	0.0537	10	2	0	0	0	0	0	0	0	0	0	2	1	0	0	0	0	0	0	Y	N	N	N	Y	N	N	N	N	N	N	N	N	N	N	N	N	N	0.0000	0.0000	0.0000	0.0000	0.0000	0.0000	0.0000	0.0000	0.0000	0.0000	0.0000	0.0000	0.0000	0.0000	0.0000	0.0000	0.0000	0.0000	0.0003	0.0004	0.0001	0.0007	0.0008	0.0000	0.0001	0.0000	0.0002		0.2818	0.0000	-0.0000	0.0000	1.7590	0.9946	3.5356	0.0000	0.0000	0.0000	0.0000	0.0000	0.0000	0.0000	0.0000	0.0000	0.0000	0.0000	0.0000	0.0000	0.0000	0.0000	0.0000	0.0000	0.0000	0.0000	0.0000	0.0000	0.0000	0.0000	0.0000	0.0000	0.0000	0.0000	0.0085	0.0050	0.0035	0.0025	0.0023	0.0003	0.0059	0.0027	0.0032
7	72	0.0503	9	2	0	0	0	0	0	0	0	1	0	2	1	0	0	0	0	0	0	Y	N	N	N	Y	N	N	N	N	N	N	N	N	N	N	N	N	N	0.0000	0.0000	0.0000	0.0000	0.0000	0.0000	0.0000	0.0000	0.0000	0.0000	0.0000	0.0000	0.0000	0.0000	0.0000	0.0000	0.0000	0.0000	0.0002	0.0004	0.0000	0.0018	0.0020	0.0000	0.0000	0.0000	0.0000		0.0114	0.0000	-0.0000	0.0000	0.0029	0.9946	2.4186	0.0000	0.0000	0.0000	0.0000	0.0000	0.0000	0.0000	0.0000	0.0000	0.0000	0.0000	0.0000	0.0000	0.0000	0.0000	0.0000	0.0000	0.0000	0.0000	0.0000	0.0000	0.0000	0.0000	0.0000	0.0000	0.0000	0.0000	0.0025	0.0012	0.0013	0.0003	0.0002	0.0000	0.0022	0.0009	0.0013
7	73	0.1135	13	2	0	1	0	0	0	0	0	0	0	2	1	0	0	0	0	0	0	Y	N	N	N	Y	N	N	N	N	N	N	N	N	N	N	N	N	N	0.0000	0.0000	0.0000	0.0000	0.0000	0.0000	0.0000	0.0000	0.0000	0.0000	0.0000	0.0000	0.0000	0.0000	0.0000	0.0000	0.0000	0.0000	0.0009	0.0012	0.0006	0.0024	0.0027	0.0001	0.0004	0.0000	0.0006		0.4399	0.0000	-0.0000	0.0000	1.6760	0.9946	12.1347	0.0000	0.0000	0.0000	0.0000	0.0000	0.0000	0.0000	0.0000	0.0000	0.0000	0.0000	0.0000	0.0000	0.0000	0.0000	0.0000	0.0000	0.0000	0.0000	0.0000	0.0000	0.0000	0.0000	0.0000	0.0000	0.0000	0.0000	0.0153	0.0083	0.0070	0.0041	0.0037	0.0004	0.0113	0.0046	0.0066
7	74	0.0837	12	2	0	1	0	1	0	1	0	1	0	2	1	0	0	0	0	0	0	Y	N	N	N	Y	N	N	N	N	N	N	N	N	N	N	N	N	N	0.0000	0.0000	0.0000	0.0000	0.0000	0.0000	0.0000	0.0000	0.0000	0.0000	0.0000	0.0000	0.0000	0.0000	0.0000	0.0000	0.0000	0.0000	0.0331	0.0034	0.0696	0.0076	0.0082	0.0007	0.0418	0.0000	0.0732		16.4662	0.0000	0.0003	0.0000	2.9965	0.9946	14.7438	0.0000	0.0000	0.0000	0.0000	0.0000	0.0000	0.0000	0.0000	0.0000	0.0007	0.0000	0.0007	0.0000	0.0000	0.0000	0.0007	0.0000	0.0007	0.0000	0.0000	0.0000	0.0000	0.0000	0.0000	0.0000	0.0000	0.0000	0.0211	0.0116	0.0095	0.0053	0.0049	0.0005	0.0158	0.0068	0.0090
7	75	0.0598	9	2	0	1	0	0	0	0	0	0	0	1	1	0	0	0	0	0	0	Y	N	N	N	N	N	N	N	N	N	N	N	N	N	N	N	N	N	0.0000	0.0000	0.0000	0.0000	0.0000	0.0000	0.0000	0.0000	0.0000	0.0000	0.0000	0.0000	0.0000	0.0000	0.0000	0.0000	0.0000	0.0000	0.0000	0.0000	0.0000	0.0000	0.0000	0.0000	0.0000	0.0000	0.0000			0.0000	0.0000	0.0000	1.0006	0.9946	8.0096	0.0000	0.0000	0.0000	0.0000	0.0000	0.0000	0.0000	0.0000	0.0000	0.0000	0.0000	0.0000	0.0000	0.0000	0.0000	0.0000	0.0000	0.0000	0.0000	0.0000	0.0000	0.0000	0.0000	0.0000	0.0000	0.0000	0.0000	0.0090	0.0044	0.0047	0.0010	0.0009	0.0001	0.0080	0.0034	0.0046
7	76	0.0575	8	2	0	1	0	0	0	0	0	0	0	1	1	0	0	0	0	0	0	Y	N	N	N	N	N	N	N	N	N	N	N	N	N	N	N	N	N	0.0000	0.0000	0.0000	0.0000	0.0000	0.0000	0.0000	0.0000	0.0000	0.0000	0.0000	0.0000	0.0000	0.0000	0.0000	0.0000	0.0000	0.0000	0.0000	0.0000	0.0000	0.0000	0.0000	0.0000	0.0000	0.0000	0.0000			0.0000	0.0000	0.0000	0.9962	0.9946	0.5464	0.0000	0.0000	0.0000	0.0000	0.0000	0.0000	0.0000	0.0000	0.0000	0.0000	0.0000	0.0000	0.0000	0.0000	0.0000	0.0000	0.0000	0.0000	0.0000	0.0000	0.0000	0.0000	0.0000	0.0000	0.0000	0.0000	0.0000	0.0019	0.0010	0.0009	0.0004	0.0004	0.0000	0.0016	0.0007	0.0009
7	77	0.0511	7	2	0	1	0	0	0	0	0	0	0	1	1	0	0	0	0	0	0	Y	N	N	N	N	N	N	N	N	N	N	N	N	N	N	N	N	N	0.0000	0.0000	0.0000	0.0000	0.0000	0.0000	0.0000	0.0000	0.0000	0.0000	0.0000	0.0000	0.0000	0.0000	0.0000	0.0000	0.0000	0.0000	0.0000	0.0000	0.0000	0.0000	0.0000	0.0000	0.0000	0.0000	0.0000			0.0000	0.0000	0.0000	0.0041	0.9946	4.4918	0.0000	0.0000	0.0000	0.0000	0.0000	0.0000	0.0000	0.0000	0.0000	0.0000	0.0000	0.0000	0.0000	0.0000	0.0000	0.0000	0.0000	0.0000	0.0000	0.0000	0.0000	0.0000	0.0000	0.0000	0.0000	0.0000	0.0000	0.0049	0.0024	0.0025	0.0007	0.0006	0.0001	0.0042	0.0018	0.0025
7	78	0.1325	22	2	0	0	0	0	0	0	0	0	1	1	2	0	0	0	0	0	0	Y	N	N	N	N	Y	N	N	N	N	N	N	N	N	N	N	N	N	0.0000	0.0000	0.0000	0.0000	0.0000	0.0000	0.0000	0.0000	0.0000	0.0000	0.0000	0.0000	0.0000	0.0000	0.0000	0.0000	0.0000	0.0000	0.0008	0.0015	0.0000	0.0032	0.0036	0.0001	0.0000	0.0000	0.0000		0.0042	0.0000	-0.0000	0.0000	0.0166	0.9946	12.2009	0.0000	0.0000	0.0000	0.0000	0.0000	0.0000	0.0000	0.0000	0.0000	0.0000	0.0000	0.0000	0.0000	0.0000	0.0000	0.0000	0.0000	0.0000	0.0000	0.0000	0.0000	0.0000	0.0000	0.0000	0.0000	0.0000	0.0000	0.0126	0.0068	0.0058	0.0031	0.0027	0.0003	0.0095	0.0040	0.0055
7	79	0.1183	21	2	0	0	0	1	0	0	0	0	0	1	1	0	0	0	0	0	0	Y	N	N	N	N	N	N	N	N	N	N	N	N	N	N	N	N	N	0.0000	0.0000	0.0000	0.0000	0.0000	0.0000	0.0000	0.0000	0.0000	0.0000	0.0000	0.0000	0.0000	0.0000	0.0000	0.0000	0.0000	0.0000	0.0012	0.0000	0.0024	0.0000	0.0000	0.0000	0.0015	0.0000	0.0025		236.7751	0.0000	0.0000	0.0000	1.0285	0.9946	7.9781	0.0000	0.0000	0.0000	0.0000	0.0000	0.0000	0.0000	0.0000	0.0000	0.0000	0.0000	0.0000	0.0000	0.0000	0.0000	0.0000	0.0000	0.0000	0.0000	0.0000	0.0000	0.0000	0.0000	0.0000	0.0000	0.0000	0.0000	0.0086	0.0045	0.0041	0.0019	0.0016	0.0003	0.0067	0.0028	0.0039
7	82	0.0511	7	2	0	1	0	0	0	0	0	1	0	2	1	0	0	0	0	0	0	Y	N	N	N	Y	N	N	N	N	N	N	N	N	N	N	N	N	N	0.0000	0.0000	0.0000	0.0000	0.0000	0.0000	0.0000	0.0000	0.0000	0.0000	0.0000	0.0000	0.0000	0.0000	0.0000	0.0000	0.0000	0.0000	0.0000	0.0000	0.0000	0.0000	0.0000	0.0000	0.0000	0.0000	0.0000			0.0000	0.0000	0.0000	1.9997	0.9946	10.5319	0.0000	0.0000	0.0000	0.0000	0.0000	0.0000	0.0000	0.0000	0.0000	0.0000	0.0000	0.0000	0.0000	0.0000	0.0000	0.0000	0.0000	0.0000	0.0000	0.0000	0.0000	0.0000	0.0000	0.0000	0.0000	0.0000	0.0000	0.0126	0.0060	0.0066	0.0014	0.0013	0.0001	0.0112	0.0047	0.0064
7	83	0.0487	6	2	0	1	0	0	0	1	0	0	0	1	1	0	0	0	0	0	0	Y	N	N	N	N	N	N	N	N	N	N	N	N	N	N	N	N	N	0.0000	0.0000	0.0000	0.0000	0.0000	0.0000	0.0000	0.0000	0.0000	0.0000	0.0000	0.0000	0.0000	0.0000	0.0000	0.0000	0.0000	0.0000	0.0000	0.0000	0.0000	0.0000	0.0000	0.0000	0.0000	0.0000	0.0000			0.0000	0.0000	0.0000	0.0006	0.9946	1.5062	0.0000	0.0000	0.0000	0.0000	0.0000	0.0000	0.0000	0.0000	0.0000	0.0000	0.0000	0.0000	0.0000	0.0000	0.0000	0.0000	0.0000	0.0000	0.0000	0.0000	0.0000	0.0000	0.0000	0.0000	0.0000	0.0000	0.0000	0.0015	0.0007	0.0008	0.0002	0.0001	0.0000	0.0014	0.0006	0.0008
7	84	0.0739	10	2	0	0	0	0	0	0	0	0	0	1	1	0	0	0	0	0	0	Y	N	N	N	N	N	N	N	N	N	N	N	N	N	N	N	N	N	0.0000	0.0000	0.0000	0.0000	0.0000	0.0000	0.0000	0.0000	0.0000	0.0000	0.0000	0.0000	0.0000	0.0000	0.0000	0.0000	0.0000	0.0000	0.0000	0.0000	0.0000	0.0000	0.0000	0.0000	0.0000	0.0000	0.0000		0.0000	0.0000	-0.0000	0.0000	2.9998	0.9946	15.4389	0.0000	0.0000	0.0000	0.0000	0.0000	0.0000	0.0000	0.0000	0.0000	0.0000	0.0000	0.0000	0.0000	0.0000	0.0000	0.0000	0.0000	0.0000	0.0000	0.0000	0.0000	0.0000	0.0000	0.0000	0.0000	0.0000	0.0000	0.0194	0.0102	0.0091	0.0037	0.0033	0.0004	0.0157	0.0070	0.0087
7	85	0.4538	15	1	0	0	0	0	0	0	0	1	0	2	1	0	0	0	0	0	0	N	N	N	N	Y	N	N	N	N	N	N	N	N	N	N	N	N	N	0.0000	0.0000	0.0000	0.0000	0.0000	0.0000	0.0000	0.0000	0.0000	0.0000	0.0000	0.0000	0.0000	0.0000	0.0000	0.0000	0.0000	0.0000	5.1439	0.0056	14.7686	0.0048	0.0051	0.0027	10.2769	0.0067	18.3373		1398.8184	0.0000	0.3978	0.0000	26.8363	0.9946	143.7566	0.0000	0.0000	0.0000	0.0000	0.0000	0.0000	0.0000	0.0000	0.0000	0.8820	0.0006	0.8813	0.0004	0.0004	0.0000	0.8816	0.0003	0.8813	0.0000	0.0000	0.0000	0.0000	0.0000	0.0000	0.0000	0.0000	0.0000	0.1715	0.1118	0.0597	0.0857	0.0741	0.0116	0.0858	0.0377	0.0481
7	87	0.0182	3	2	0	1	0	0	0	1	0	0	0	2	2	0	0	0	0	0	0	Y	N	N	N	Y	Y	N	N	N	N	N	N	N	N	N	N	N	N	0.0000	0.0000	0.0000	0.0000	0.0000	0.0000	0.0000	0.0000	0.0000	0.0000	0.0000	0.0000	0.0000	0.0000	0.0000	0.0000	0.0000	0.0000	0.2028	0.2775	0.1265	0.6895	0.6983	0.0000	0.0785	0.0000	0.1271		0.4463	0.0000	-0.0005	0.0000	0.0022	0.9946	6.6376	0.0000	0.0000	0.0000	0.0000	0.0000	0.0000	0.0000	0.0000	0.0000	0.0021	0.0014	0.0006	0.0014	0.0014	0.0000	0.0006	0.0000	0.0006	0.0000	0.0000	0.0000	0.0000	0.0000	0.0000	0.0000	0.0000	0.0000	0.0102	0.0051	0.0050	0.0021	0.0020	0.0000	0.0081	0.0031	0.0050
7	89	0.0691	9	2	0	1	0	0	0	1	0	0	0	1	1	0	0	0	0	0	0	Y	N	N	N	N	N	N	N	N	N	N	N	N	N	N	N	N	N	0.0000	0.0000	0.0000	0.0000	0.0000	0.0000	0.0000	0.0000	0.0000	0.0000	0.0000	0.0000	0.0000	0.0000	0.0000	0.0000	0.0000	0.0000	0.0002	0.0004	0.0000	0.0011	0.0012	0.0000	0.0000	0.0000	0.0000		0.0045	0.0000	-0.0000	0.0000	2.9990	0.9946	17.4729	0.0000	0.0000	0.0000	0.0000	0.0000	0.0000	0.0000	0.0000	0.0000	0.0000	0.0000	0.0000	0.0000	0.0000	0.0000	0.0000	0.0000	0.0000	0.0000	0.0000	0.0000	0.0000	0.0000	0.0000	0.0000	0.0000	0.0000	0.0218	0.0115	0.0103	0.0042	0.0037	0.0004	0.0176	0.0078	0.0098
7	90	0.0328	4	2	0	0	0	0	0	0	0	0	0	2	2	0	0	0	0	0	0	Y	N	N	N	Y	Y	N	N	N	N	N	N	N	N	N	N	N	N	0.0000	0.0000	0.0000	0.0000	0.0000	0.0000	0.0000	0.0000	0.0000	0.0000	0.0000	0.0000	0.0000	0.0000	0.0000	0.0000	0.0000	0.0000	0.1154	0.1549	0.0741	0.4416	0.4537	0.0000	0.0441	0.0000	0.0748		0.4567	0.0000	-0.0005	0.0000	2.0138	0.9946	11.8132	0.0000	0.0000	0.0000	0.0000	0.0000	0.0000	0.0000	0.0000	0.0000	0.0021	0.0014	0.0007	0.0014	0.0014	0.0000	0.0007	0.0000	0.0007	0.0000	0.0000	0.0000	0.0000	0.0000	0.0000	0.0000	0.0000	0.0000	0.0182	0.0093	0.0089	0.0033	0.0032	0.0001	0.0149	0.0061	0.0088
7	92	0.0894	14	2	0	1	0	1	0	1	0	0	0	1	1	0	0	0	0	0	0	Y	N	N	N	N	N	N	N	N	N	N	N	N	N	N	N	N	N	0.0000	0.0000	0.0000	0.0000	0.0000	0.0000	0.0000	0.0000	0.0000	0.0000	0.0000	0.0000	0.0000	0.0000	0.0000	0.0000	0.0000	0.0000	0.0149	0.0000	0.0312	0.0000	0.0000	0.0000	0.0194	0.0000	0.0333		inf	0.0000	0.0003	0.0000	5.0000	0.9946	42.2706	0.0000	0.0000	0.0000	0.0000	0.0000	0.0000	0.0000	0.0000	0.0000	0.0007	0.0000	0.0007	0.0000	0.0000	0.0000	0.0007	0.0000	0.0007	0.0000	0.0000	0.0000	0.0000	0.0000	0.0000	0.0000	0.0000	0.0000	0.0443	0.0232	0.0211	0.0102	0.0089	0.0013	0.0341	0.0143	0.0198
7	93	0.1230	16	1	0	0	0	0	0	0	0	0	0	1	2	0	0	0	0	0	0	N	N	N	N	N	Y	N	N	N	N	N	N	N	N	N	N	N	N	0.0000	0.0000	0.0000	0.0000	0.0000	0.0000	0.0000	0.0000	0.0000	0.0000	0.0000	0.0000	0.0000	0.0000	0.0000	0.0000	0.0000	0.0000	0.0000	0.0000	0.0000	0.0000	0.0000	0.0000	0.0000	0.0000	0.0000			0.0000	0.0000	0.0000	0.0000	0.9946	0.9594	0.0000	0.0000	0.0000	0.0000	0.0000	0.0000	0.0000	0.0000	0.0000	0.0000	0.0000	0.0000	0.0000	0.0000	0.0000	0.0000	0.0000	0.0000	0.0000	0.0000	0.0000	0.0000	0.0000	0.0000	0.0000	0.0000	0.0000	0.0011	0.0006	0.0005	0.0003	0.0003	0.0000	0.0008	0.0003	0.0005
7	94	0.0916	15	1	0	0	0	0	0	0	0	0	1	1	2	0	0	0	0	0	0	N	N	N	N	N	Y	N	N	N	N	N	N	N	N	N	N	N	N	0.0000	0.0000	0.0000	0.0000	0.0000	0.0000	0.0000	0.0000	0.0000	0.0000	0.0000	0.0000	0.0000	0.0000	0.0000	0.0000	0.0000	0.0000	0.0000	0.0000	0.0000	0.0000	0.0000	0.0000	0.0000	0.0000	0.0000		0.0000	0.0000	-0.0000	0.0000	0.0000	0.9946	18.8906	0.0000	0.0000	0.0000	0.0000	0.0000	0.0000	0.0000	0.0000	0.0000	0.0000	0.0000	0.0000	0.0000	0.0000	0.0000	0.0000	0.0000	0.0000	0.0000	0.0000	0.0000	0.0000	0.0000	0.0000	0.0000	0.0000	0.0000	0.0211	0.0115	0.0097	0.0054	0.0049	0.0006	0.0157	0.0066	0.0091
7	97	0.1075	15	2	0	1	0	0	0	1	0	0	0	1	1	0	0	0	0	0	0	Y	N	N	N	N	N	N	N	N	N	N	N	N	N	N	N	N	N	0.0000	0.0000	0.0000	0.0000	0.0000	0.0000	0.0000	0.0000	0.0000	0.0000	0.0000	0.0000	0.0000	0.0000	0.0000	0.0000	0.0000	0.0000	28.3994	0.0000	59.2158	0.0000	0.0000	0.0000	39.3815	0.0000	62.7669		94508506.2735	0.0000	0.3885	0.0000	2.0000	0.9946	24.9502	0.0000	0.0000	0.0000	0.0000	0.0000	0.0000	0.0000	0.0000	0.0000	0.8600	0.0000	0.8600	0.0000	0.0000	0.0000	0.8600	0.0000	0.8600	0.0000	0.0000	0.0000	0.0000	0.0000	0.0000	0.0000	0.0000	0.0000	0.0303	0.0158	0.0145	0.0084	0.0076	0.0008	0.0218	0.0081	0.0137
7	98	0.0861	12	2	0	0	1	0	0	0	1	0	0	2	2	0	0	0	0	0	0	Y	N	N	N	Y	Y	N	N	N	N	N	N	N	N	N	N	N	N	0.0000	0.0000	0.0000	0.0000	0.0000	0.0000	0.0000	0.0000	0.0000	0.0000	0.0000	0.0000	0.0000	0.0000	0.0000	0.0000	0.0000	0.0000	0.0000	0.0000	0.0000	0.0000	0.0000	0.0000	0.0000	0.0000	0.0000			0.0000	0.0000	0.0000	2.9999	0.9946	3.9821	0.0000	0.0000	0.0000	0.0000	0.0000	0.0000	0.0000	0.0000	0.0000	0.0000	0.0000	0.0000	0.0000	0.0000	0.0000	0.0000	0.0000	0.0000	0.0000	0.0000	0.0000	0.0000	0.0000	0.0000	0.0000	0.0000	0.0000	0.0071	0.0036	0.0035	0.0013	0.0011	0.0002	0.0058	0.0024	0.0034
7	99	0.0830	11	2	0	0	0	0	0	0	0	0	0	2	2	0	0	0	0	0	0	Y	N	N	N	Y	Y	N	N	N	N	N	N	N	N	N	N	N	N	0.0000	0.0000	0.0000	0.0000	0.0000	0.0000	0.0000	0.0000	0.0000	0.0000	0.0000	0.0000	0.0000	0.0000	0.0000	0.0000	0.0000	0.0000	0.0000	0.0000	0.0000	0.0000	0.0000	0.0000	0.0000	0.0000	0.0000			0.0000	0.0000	0.0000	0.0003	0.9946	2.0601	0.0000	0.0000	0.0000	0.0000	0.0000	0.0000	0.0000	0.0000	0.0000	0.0000	0.0000	0.0000	0.0000	0.0000	0.0000	0.0000	0.0000	0.0000	0.0000	0.0000	0.0000	0.0000	0.0000	0.0000	0.0000	0.0000	0.0000	0.0023	0.0012	0.0011	0.0005	0.0004	0.0000	0.0018	0.0008	0.0011
7	100	0.0632	10	2	0	0	0	0	0	0	0	1	1	2	2	0	0	0	0	0	0	Y	N	N	N	Y	Y	N	N	N	N	N	N	N	N	N	N	N	N	0.0000	0.0000	0.0000	0.0000	0.0000	0.0000	0.0000	0.0000	0.0000	0.0000	0.0000	0.0000	0.0000	0.0000	0.0000	0.0000	0.0000	0.0000	0.0000	0.0000	0.0000	0.0000	0.0000	0.0001	0.0000	0.0000	0.0000		inf	0.0000	0.0000	0.0000	3.0014	0.9946	9.1620	0.0000	0.0000	0.0000	0.0000	0.0000	0.0000	0.0000	0.0000	0.0000	0.0000	0.0000	0.0000	0.0000	0.0000	0.0000	0.0000	0.0000	0.0000	0.0000	0.0000	0.0000	0.0000	0.0000	0.0000	0.0000	0.0000	0.0000	0.0129	0.0064	0.0065	0.0022	0.0020	0.0002	0.0107	0.0045	0.0062
7	101	0.0503	9	2	0	0	0	0	0	0	0	0	0	1	1	0	0	0	0	0	0	Y	N	N	N	N	N	N	N	N	N	N	N	N	N	N	N	N	N	0.0000	0.0000	0.0000	0.0000	0.0000	0.0000	0.0000	0.0000	0.0000	0.0000	0.0000	0.0000	0.0000	0.0000	0.0000	0.0000	0.0000	0.0000	0.0000	0.0000	0.0000	0.0000	0.0000	0.0000	0.0000	0.0000	0.0000		0.0000	0.0000	-0.0000	0.0000	0.0077	0.9946	8.0757	0.0000	0.0000	0.0000	0.0000	0.0000	0.0000	0.0000	0.0000	0.0000	0.0000	0.0000	0.0000	0.0000	0.0000	0.0000	0.0000	0.0000	0.0000	0.0000	0.0000	0.0000	0.0000	0.0000	0.0000	0.0000	0.0000	0.0000	0.0081	0.0038	0.0042	0.0008	0.0008	0.0001	0.0072	0.0031	0.0041
7	102	0.0487	8	2	0	0	0	0	0	0	0	0	0	1	1	0	0	0	0	0	0	Y	N	N	N	N	N	N	N	N	N	N	N	N	N	N	N	N	N	0.0000	0.0000	0.0000	0.0000	0.0000	0.0000	0.0000	0.0000	0.0000	0.0000	0.0000	0.0000	0.0000	0.0000	0.0000	0.0000	0.0000	0.0000	0.0000	0.0000	0.0000	0.0000	0.0000	0.0000	0.0000	0.0000	0.0000			0.0000	0.0000	0.0000	0.0011	0.9946	1.0060	0.0000	0.0000	0.0000	0.0000	0.0000	0.0000	0.0000	0.0000	0.0000	0.0000	0.0000	0.0000	0.0000	0.0000	0.0000	0.0000	0.0000	0.0000	0.0000	0.0000	0.0000	0.0000	0.0000	0.0000	0.0000	0.0000	0.0000	0.0010	0.0005	0.0005	0.0001	0.0001	0.0000	0.0009	0.0004	0.0005
7	106	0.0956	18	2	0	1	0	0	0	0	0	0	0	1	1	0	0	0	0	0	0	Y	N	N	N	N	N	N	N	N	N	N	N	N	N	N	N	N	N	0.0000	0.0000	0.0000	0.0000	0.0000	0.0000	0.0000	0.0000	0.0000	0.0000	0.0000	0.0000	0.0000	0.0000	0.0000	0.0000	0.0000	0.0000	0.0344	0.0000	0.0751	0.0000	0.0000	0.0000	0.0460	0.0000	0.0811		4295.2852	0.0000	0.0003	0.0000	4.0001	0.9946	15.3361	0.0000	0.0000	0.0000	0.0000	0.0000	0.0000	0.0000	0.0000	0.0000	0.0007	0.0000	0.0007	0.0000	0.0000	0.0000	0.0007	0.0000	0.0007	0.0000	0.0000	0.0000	0.0000	0.0000	0.0000	0.0000	0.0000	0.0000	0.0192	0.0104	0.0088	0.0048	0.0042	0.0007	0.0143	0.0062	0.0081
7	107	0.1233	20	2	0	1	0	0	0	0	0	0	0	1	1	0	0	0	0	0	0	Y	N	N	N	N	N	N	N	N	N	N	N	N	N	N	N	N	N	0.0000	0.0000	0.0000	0.0000	0.0000	0.0000	0.0000	0.0000	0.0000	0.0000	0.0000	0.0000	0.0000	0.0000	0.0000	0.0000	0.0000	0.0000	0.0000	0.0000	0.0000	0.0000	0.0000	0.0001	0.0000	0.0000	0.0000		inf	0.0000	0.0000	0.0000	1.0040	0.9946	14.1141	0.0000	0.0000	0.0000	0.0000	0.0000	0.0000	0.0000	0.0000	0.0000	0.0000	0.0000	0.0000	0.0000	0.0000	0.0000	0.0000	0.0000	0.0000	0.0000	0.0000	0.0000	0.0000	0.0000	0.0000	0.0000	0.0000	0.0000	0.0149	0.0079	0.0070	0.0033	0.0029	0.0004	0.0116	0.0050	0.0066
7	108	0.1155	19	2	0	1	0	1	0	1	0	0	0	1	1	0	0	0	0	0	0	Y	N	N	N	N	N	N	N	N	N	N	N	N	N	N	N	N	N	0.0000	0.0000	0.0000	0.0000	0.0000	0.0000	0.0000	0.0000	0.0000	0.0000	0.0000	0.0000	0.0000	0.0000	0.0000	0.0000	0.0000	0.0000	0.0000	0.0000	0.0000	0.0000	0.0000	0.0000	0.0000	0.0000	0.0000		0.0000	0.0000	-0.0000	0.0000	1.0065	0.9946	3.9764	0.0000	0.0000	0.0000	0.0000	0.0000	0.0000	0.0000	0.0000	0.0000	0.0000	0.0000	0.0000	0.0000	0.0000	0.0000	0.0000	0.0000	0.0000	0.0000	0.0000	0.0000	0.0000	0.0000	0.0000	0.0000	0.0000	0.0000	0.0048	0.0025	0.0023	0.0011	0.0009	0.0001	0.0038	0.0016	0.0022
7	112	0.0413	5	2	0	1	0	0	0	1	0	0	0	1	1	0	0	0	0	0	0	Y	N	N	N	N	N	N	N	N	N	N	N	N	N	N	N	N	N	0.0000	0.0000	0.0000	0.0000	0.0000	0.0000	0.0000	0.0000	0.0000	0.0000	0.0000	0.0000	0.0000	0.0000	0.0000	0.0000	0.0000	0.0000	0.0007	0.0000	0.0014	0.0001	0.0000	0.0016	0.0008	0.0000	0.0014		576.3333	0.0000	0.0000	0.0000	3.0154	0.9946	11.4025	0.0000	0.0000	0.0000	0.0000	0.0000	0.0000	0.0000	0.0000	0.0000	0.0000	0.0000	0.0000	0.0000	0.0000	0.0000	0.0000	0.0000	0.0000	0.0000	0.0000	0.0000	0.0000	0.0000	0.0000	0.0000	0.0000	0.0000	0.0159	0.0079	0.0080	0.0020	0.0019	0.0001	0.0139	0.0060	0.0079
7	119	0.1112	17	2	0	1	0	0	0	0	0	0	0	1	1	0	0	0	0	0	0	Y	N	N	N	N	N	N	N	N	N	N	N	N	N	N	N	N	N	0.0000	0.0000	0.0000	0.0000	0.0000	0.0000	0.0000	0.0000	0.0000	0.0000	0.0000	0.0000	0.0000	0.0000	0.0000	0.0000	0.0000	0.0000	1.5234	2.8268	0.0529	5.6388	6.3368	0.0000	0.0339	0.0000	0.0564		0.0166	0.0000	-0.0215	0.0000	6.0007	0.9946	19.0307	0.0000	0.0000	0.0000	0.0000	0.0000	0.0000	0.0000	0.0000	0.0000	0.0404	0.0397	0.0007	0.0397	0.0397	0.0000	0.0007	0.0000	0.0007	0.0000	0.0000	0.0000	0.0000	0.0000	0.0000	0.0000	0.0000	0.0000	0.0265	0.0140	0.0125	0.0070	0.0063	0.0008	0.0195	0.0078	0.0117
7	120	0.1078	16	2	0	1	0	0	0	1	0	0	0	1	1	0	0	0	0	0	0	Y	N	N	N	N	N	N	N	N	N	N	N	N	N	N	N	N	N	0.0000	0.0000	0.0000	0.0000	0.0000	0.0000	0.0000	0.0000	0.0000	0.0000	0.0000	0.0000	0.0000	0.0000	0.0000	0.0000	0.0000	0.0000	17.6949	26.2775	8.1264	34.2032	35.2404	0.0000	6.4580	0.0000	8.3365		0.2774	0.0000	-0.0526	0.0000	0.0034	0.9946	3.2312	0.0000	0.0000	0.0000	0.0000	0.0000	0.0000	0.0000	0.0000	0.0000	0.1589	0.1244	0.0345	0.1244	0.1244	0.0000	0.0345	0.0000	0.0345	0.0000	0.0000	0.0000	0.0000	0.0000	0.0000	0.0000	0.0000	0.0000	0.0090	0.0047	0.0042	0.0036	0.0035	0.0001	0.0053	0.0012	0.0041
7	121	0.1075	15	2	0	0	0	0	0	0	0	0	0	1	1	0	0	0	0	0	0	Y	N	N	N	N	N	N	N	N	N	N	N	N	N	N	N	N	N	0.0000	0.0000	0.0000	0.0000	0.0000	0.0000	0.0000	0.0000	0.0000	0.0000	0.0000	0.0000	0.0000	0.0000	0.0000	0.0000	0.0000	0.0000	30.4410	28.8251	32.2501	33.3096	33.7191	0.0000	28.0257	0.0000	32.6341		0.9993	0.0000	-0.0109	0.0000	0.0000	0.9946	1.2022	0.0000	0.0000	0.0000	0.0000	0.0000	0.0000	0.0000	0.0000	0.0000	0.2253	0.1127	0.1126	0.1127	0.1127	0.0000	0.1126	0.0000	0.1126	0.0000	0.0000	0.0000	0.0000	0.0000	0.0000	0.0000	0.0000	0.0000	0.0074	0.0039	0.0035	0.0034	0.0033	0.0000	0.0040	0.0006	0.0035
7	122	0.0861	14	2	0	0	0	1	0	0	0	0	0	1	1	0	0	0	0	0	0	Y	N	N	N	N	N	N	N	N	N	N	N	N	N	N	N	N	N	0.0000	0.0000	0.0000	0.0000	0.0000	0.0000	0.0000	0.0000	0.0000	0.0000	0.0000	0.0000	0.0000	0.0000	0.0000	0.0000	0.0000	0.0000	8.6079	0.2782	19.1644	0.5765	0.6350	0.0000	11.5737	0.0000	20.3072		54.3617	0.0000	0.0574	0.0000	0.0041	0.9946	12.5856	0.0000	0.0000	0.0000	0.0000	0.0000	0.0000	0.0000	0.0000	0.0000	0.1324	0.0024	0.1300	0.0024	0.0024	0.0000	0.1300	0.0000	0.1300	0.0000	0.0000	0.0000	0.0000	0.0000	0.0000	0.0000	0.0000	0.0000	0.0154	0.0086	0.0068	0.0041	0.0038	0.0004	0.0112	0.0048	0.0064
7	126	0.1211	20	1	0	1	0	0	0	0	0	1	0	2	1	0	0	0	0	0	0	N	N	N	N	Y	N	N	N	N	N	N	N	N	N	N	N	N	N	0.0000	0.0000	0.0000	0.0000	0.0000	0.0000	0.0000	0.0000	0.0000	0.0000	0.0000	0.0000	0.0000	0.0000	0.0000	0.0000	0.0000	0.0000	0.0000	0.0000	0.0000	0.0000	0.0000	0.0000	0.0000	0.0000	0.0000			0.0000	0.0000	0.0000	0.0003	0.9946	3.0192	0.0000	0.0000	0.0000	0.0000	0.0000	0.0000	0.0000	0.0000	0.0000	0.0000	0.0000	0.0000	0.0000	0.0000	0.0000	0.0000	0.0000	0.0000	0.0000	0.0000	0.0000	0.0000	0.0000	0.0000	0.0000	0.0000	0.0000	0.0031	0.0016	0.0014	0.0008	0.0007	0.0001	0.0022	0.0009	0.0013
7	131	0.1274	22	2	0	1	0	0	0	0	0	0	0	1	1	0	0	0	0	0	0	Y	N	N	N	N	N	N	N	N	N	N	N	N	N	N	N	N	N	0.0000	0.0000	0.0000	0.0000	0.0000	0.0000	0.0000	0.0000	0.0000	0.0000	0.0000	0.0000	0.0000	0.0000	0.0000	0.0000	0.0000	0.0000	0.0000	0.0000	0.0000	0.0000	0.0000	0.0000	0.0000	0.0000	0.0000		0.0000	0.0000	-0.0000	0.0000	1.0211	0.9946	9.0731	0.0000	0.0000	0.0000	0.0000	0.0000	0.0000	0.0000	0.0000	0.0000	0.0000	0.0000	0.0000	0.0000	0.0000	0.0000	0.0000	0.0000	0.0000	0.0000	0.0000	0.0000	0.0000	0.0000	0.0000	0.0000	0.0000	0.0000	0.0100	0.0054	0.0046	0.0028	0.0024	0.0004	0.0072	0.0030	0.0042
7	132	0.1481	22	1	0	0	0	0	0	0	0	0	1	1	2	0	0	0	0	0	0	N	N	N	N	N	Y	N	N	N	N	N	N	N	N	N	N	N	N	0.0000	0.0000	0.0000	0.0000	0.0000	0.0000	0.0000	0.0000	0.0000	0.0000	0.0000	0.0000	0.0000	0.0000	0.0000	0.0000	0.0000	0.0000	0.0049	0.0092	0.0000	0.0176	0.0205	0.0000	0.0000	0.0000	0.0000		0.0000	0.0000	-0.0000	0.0000	0.0075	0.9946	1.9743	0.0000	0.0000	0.0000	0.0000	0.0000	0.0000	0.0000	0.0000	0.0000	0.0000	0.0000	0.0000	0.0000	0.0000	0.0000	0.0000	0.0000	0.0000	0.0000	0.0000	0.0000	0.0000	0.0000	0.0000	0.0000	0.0000	0.0000	0.0020	0.0011	0.0009	0.0006	0.0005	0.0001	0.0014	0.0006	0.0008
7	134	0.1429	20	1	0	0	0	0	0	0	0	0	1	1	2	0	0	0	0	0	0	N	N	N	N	N	Y	N	N	N	N	N	N	N	N	N	N	N	N	0.0000	0.0000	0.0000	0.0000	0.0000	0.0000	0.0000	0.0000	0.0000	0.0000	0.0000	0.0000	0.0000	0.0000	0.0000	0.0000	0.0000	0.0000	0.0000	0.0000	0.0000	0.0000	0.0000	0.0000	0.0000	0.0000	0.0000			0.0000	0.0000	0.0000	2.0569	0.9946	5.7592	0.0000	0.0000	0.0000	0.0000	0.0000	0.0000	0.0000	0.0000	0.0000	0.0000	0.0000	0.0000	0.0000	0.0000	0.0000	0.0000	0.0000	0.0000	0.0000	0.0000	0.0000	0.0000	0.0000	0.0000	0.0000	0.0000	0.0000	0.0085	0.0047	0.0037	0.0025	0.0022	0.0003	0.0060	0.0025	0.0034
7	135	0.1445	21	1	0	0	0	0	0	0	0	0	1	1	2	0	0	0	0	0	0	N	N	N	N	N	Y	N	N	N	N	N	N	N	N	N	N	N	N	0.0000	0.0000	0.0000	0.0000	0.0000	0.0000	0.0000	0.0000	0.0000	0.0000	0.0000	0.0000	0.0000	0.0000	0.0000	0.0000	0.0000	0.0000	0.0000	0.0000	0.0000	0.0000	0.0000	0.0000	0.0000	0.0000	0.0000			0.0000	0.0000	0.0000	1.0111	0.9946	8.8059	0.0000	0.0000	0.0000	0.0000	0.0000	0.0000	0.0000	0.0000	0.0000	0.0000	0.0000	0.0000	0.0000	0.0000	0.0000	0.0000	0.0000	0.0000	0.0000	0.0000	0.0000	0.0000	0.0000	0.0000	0.0000	0.0000	0.0000	0.0102	0.0057	0.0046	0.0030	0.0026	0.0004	0.0072	0.0031	0.0042
7	138	0.1212	19	2	0	1	0	0	0	0	0	0	0	2	1	0	0	0	0	0	0	Y	N	N	N	Y	N	N	N	N	N	N	N	N	N	N	N	N	N	0.0000	0.0000	0.0000	0.0000	0.0000	0.0000	0.0000	0.0000	0.0000	0.0000	0.0000	0.0000	0.0000	0.0000	0.0000	0.0000	0.0000	0.0000	0.0002	0.0000	0.0004	0.0000	0.0000	0.0000	0.0003	0.0000	0.0005		inf	0.0000	0.0000	0.0000	0.0010	0.9946	4.0030	0.0000	0.0000	0.0000	0.0000	0.0000	0.0000	0.0000	0.0000	0.0000	0.0000	0.0000	0.0000	0.0000	0.0000	0.0000	0.0000	0.0000	0.0000	0.0000	0.0000	0.0000	0.0000	0.0000	0.0000	0.0000	0.0000	0.0000	0.0042	0.0024	0.0019	0.0013	0.0011	0.0002	0.0029	0.0013	0.0017
7	139	0.0956	18	2	0	1	0	0	0	0	0	1	0	2	1	0	0	0	0	0	0	Y	N	N	N	Y	N	N	N	N	N	N	N	N	N	N	N	N	N	0.0000	0.0000	0.0000	0.0000	0.0000	0.0000	0.0000	0.0000	0.0000	0.0000	0.0000	0.0000	0.0000	0.0000	0.0000	0.0000	0.0000	0.0000	0.0409	0.0000	0.0901	0.0001	0.0001	0.0000	0.0549	0.0000	0.0973		2615.1147	0.0000	0.0003	0.0000	2.9989	0.9946	12.3267	0.0000	0.0000	0.0000	0.0000	0.0000	0.0000	0.0000	0.0000	0.0000	0.0006	0.0000	0.0006	0.0000	0.0000	0.0000	0.0006	0.0000	0.0006	0.0000	0.0000	0.0000	0.0000	0.0000	0.0000	0.0000	0.0000	0.0000	0.0156	0.0085	0.0071	0.0040	0.0035	0.0005	0.0116	0.0051	0.0066
7	140	0.0948	17	2	0	1	0	1	0	1	0	0	0	1	1	0	0	0	0	0	0	Y	N	N	N	N	N	N	N	N	N	N	N	N	N	N	N	N	N	0.0000	0.0000	0.0000	0.0000	0.0000	0.0000	0.0000	0.0000	0.0000	0.0000	0.0000	0.0000	0.0000	0.0000	0.0000	0.0000	0.0000	0.0000	0.0004	0.0000	0.0008	0.0000	0.0000	0.0000	0.0005	0.0000	0.0009		30.1471	0.0000	0.0000	0.0000	0.0011	0.9946	0.8290	0.0000	0.0000	0.0000	0.0000	0.0000	0.0000	0.0000	0.0000	0.0000	0.0000	0.0000	0.0000	0.0000	0.0000	0.0000	0.0000	0.0000	0.0000	0.0000	0.0000	0.0000	0.0000	0.0000	0.0000	0.0000	0.0000	0.0000	0.0011	0.0006	0.0005	0.0003	0.0003	0.0000	0.0008	0.0003	0.0004
7	141	0.1179	19	2	0	1	0	0	0	0	0	0	0	1	1	0	0	0	0	0	0	Y	N	N	N	N	N	N	N	N	N	N	N	N	N	N	N	N	N	0.0000	0.0000	0.0000	0.0000	0.0000	0.0000	0.0000	0.0000	0.0000	0.0000	0.0000	0.0000	0.0000	0.0000	0.0000	0.0000	0.0000	0.0000	0.0035	0.0066	0.0000	0.0132	0.0150	0.0000	0.0000	0.0000	0.0000		0.0000	0.0000	-0.0000	0.0000	0.0243	0.9946	8.8037	0.0000	0.0000	0.0000	0.0000	0.0000	0.0000	0.0000	0.0000	0.0000	0.0000	0.0000	0.0000	0.0000	0.0000	0.0000	0.0000	0.0000	0.0000	0.0000	0.0000	0.0000	0.0000	0.0000	0.0000	0.0000	0.0000	0.0000	0.0089	0.0048	0.0041	0.0024	0.0021	0.0003	0.0065	0.0027	0.0038
7	142	0.1013	18	2	0	1	0	1	0	1	0	0	0	1	1	0	0	0	0	0	0	Y	N	N	N	N	N	N	N	N	N	N	N	N	N	N	N	N	N	0.0000	0.0000	0.0000	0.0000	0.0000	0.0000	0.0000	0.0000	0.0000	0.0000	0.0000	0.0000	0.0000	0.0000	0.0000	0.0000	0.0000	0.0000	0.2002	0.3735	0.0022	0.7471	0.8634	0.0000	0.0014	0.0000	0.0024		0.0052	0.0000	-0.0011	0.0000	4.9785	0.9946	5.0554	0.0000	0.0000	0.0000	0.0000	0.0000	0.0000	0.0000	0.0000	0.0000	0.0021	0.0021	0.0000	0.0021	0.0021	0.0000	0.0000	0.0000	0.0000	0.0000	0.0000	0.0000	0.0000	0.0000	0.0000	0.0000	0.0000	0.0000	0.0103	0.0055	0.0048	0.0028	0.0024	0.0004	0.0076	0.0031	0.0045
7	143	0.1404	23	2	0	1	0	0	0	0	0	0	0	2	1	0	0	0	0	0	0	Y	N	N	N	Y	N	N	N	N	N	N	N	N	N	N	N	N	N	0.0000	0.0000	0.0000	0.0000	0.0000	0.0000	0.0000	0.0000	0.0000	0.0000	0.0000	0.0000	0.0000	0.0000	0.0000	0.0000	0.0000	0.0000	0.0015	0.0028	0.0000	0.0051	0.0060	0.0000	0.0000	0.0000	0.0000		0.0000	0.0000	-0.0000	0.0000	0.0000	0.9946	3.0055	0.0000	0.0000	0.0000	0.0000	0.0000	0.0000	0.0000	0.0000	0.0000	0.0000	0.0000	0.0000	0.0000	0.0000	0.0000	0.0000	0.0000	0.0000	0.0000	0.0000	0.0000	0.0000	0.0000	0.0000	0.0000	0.0000	0.0000	0.0030	0.0016	0.0013	0.0009	0.0008	0.0001	0.0021	0.0009	0.0012
7	144	0.1274	22	2	0	1	0	0	0	0	0	1	0	2	1	0	0	0	0	0	0	Y	N	N	N	Y	N	N	N	N	N	N	N	N	N	N	N	N	N	0.0000	0.0000	0.0000	0.0000	0.0000	0.0000	0.0000	0.0000	0.0000	0.0000	0.0000	0.0000	0.0000	0.0000	0.0000	0.0000	0.0000	0.0000	0.0006	0.0010	0.0000	0.0000	0.0000	0.0000	0.0008	0.0019	0.0000		0.0063	0.0000	-0.0000	0.0000	2.0192	0.9946	6.0784	0.0000	0.0000	0.0000	0.0000	0.0000	0.0000	0.0000	0.0000	0.0000	0.0000	0.0000	0.0000	0.0000	0.0000	0.0000	0.0000	0.0000	0.0000	0.0000	0.0000	0.0000	0.0000	0.0000	0.0000	0.0000	0.0000	0.0000	0.0082	0.0044	0.0038	0.0023	0.0020	0.0003	0.0059	0.0024	0.0035
7	145	0.1226	21	2	0	1	0	1	0	0	0	0	0	1	1	0	0	0	0	0	0	Y	N	N	N	N	N	N	N	N	N	N	N	N	N	N	N	N	N	0.0000	0.0000	0.0000	0.0000	0.0000	0.0000	0.0000	0.0000	0.0000	0.0000	0.0000	0.0000	0.0000	0.0000	0.0000	0.0000	0.0000	0.0000	0.0000	0.0000	0.0000	0.0000	0.0000	0.0000	0.0000	0.0000	0.0000		0.0000	0.0000	-0.0000	0.0000	1.9811	0.9946	0.9869	0.0000	0.0000	0.0000	0.0000	0.0000	0.0000	0.0000	0.0000	0.0000	0.0000	0.0000	0.0000	0.0000	0.0000	0.0000	0.0000	0.0000	0.0000	0.0000	0.0000	0.0000	0.0000	0.0000	0.0000	0.0000	0.0000	0.0000	0.0029	0.0015	0.0014	0.0008	0.0006	0.0001	0.0021	0.0009	0.0012
8	9	0.1210	20	1	0	1	0	0	0	0	0	1	0	2	1	0	0	0	0	0	0	N	N	N	N	Y	N	N	N	N	N	N	N	N	N	N	N	N	N	0.0000	0.0000	0.0000	0.0000	0.0000	0.0000	0.0000	0.0000	0.0000	0.0000	0.0000	0.0000	0.0000	0.0000	0.0000	0.0000	0.0000	0.0000	0.0000	0.0000	0.0000	0.0000	0.0000	0.0000	0.0000	0.0000	0.0000			0.0000	0.0000	0.0000	0.0001	3.0112	1.0042	0.0000	0.0000	0.0000	0.0000	0.0000	0.0000	0.0000	0.0000	0.0000	0.0000	0.0000	0.0000	0.0000	0.0000	0.0000	0.0000	0.0000	0.0000	0.0000	0.0000	0.0000	0.0000	0.0000	0.0000	0.0000	0.0000	0.0000	0.0029	0.0015	0.0014	0.0007	0.0006	0.0001	0.0022	0.0009	0.0013
8	12	0.1214	15	1	0	0	0	0	0	0	0	0	0	1	2	0	0	0	0	0	0	N	N	N	N	N	Y	N	N	N	N	N	N	N	N	N	N	N	N	0.0000	0.0000	0.0000	0.0000	0.0000	0.0000	0.0000	0.0000	0.0000	0.0000	0.0000	0.0000	0.0000	0.0000	0.0000	0.0000	0.0000	0.0000	0.0000	0.0000	0.0000	0.0000	0.0000	0.0000	0.0000	0.0000	0.0000			0.0000	0.0000	0.0000	0.0000	3.0112	3.0444	0.0000	0.0000	0.0000	0.0000	0.0000	0.0000	0.0000	0.0000	0.0000	0.0000	0.0000	0.0000	0.0000	0.0000	0.0000	0.0000	0.0000	0.0000	0.0000	0.0000	0.0000	0.0000	0.0000	0.0000	0.0000	0.0000	0.0000	0.0091	0.0047	0.0043	0.0022	0.0019	0.0003	0.0069	0.0029	0.0040
8	13	0.1062	15	2	0	0	0	0	0	0	0	0	1	1	2	0	0	0	0	0	0	Y	N	N	N	N	Y	N	N	N	N	N	N	N	N	N	N	N	N	0.0000	0.0000	0.0000	0.0000	0.0000	0.0000	0.0000	0.0000	0.0000	0.0000	0.0000	0.0000	0.0000	0.0000	0.0000	0.0000	0.0000	0.0000	0.2077	0.0004	0.4363	0.0010	0.0011	0.0000	0.2730	0.0000	0.4680		903.9607	0.0000	0.0041	0.0000	2.0000	3.0112	12.5972	0.0000	0.0000	0.0000	0.0000	0.0000	0.0000	0.0000	0.0000	0.0000	0.0090	0.0000	0.0090	0.0000	0.0000	0.0000	0.0090	0.0000	0.0090	0.0000	0.0000	0.0000	0.0000	0.0000	0.0000	0.0000	0.0000	0.0000	0.0435	0.0228	0.0207	0.0105	0.0091	0.0014	0.0331	0.0138	0.0193
8	14	0.0534	7	2	0	1	0	0	0	0	0	0	0	2	1	0	0	0	0	0	0	Y	N	N	N	Y	N	N	N	N	N	N	N	N	N	N	N	N	N	0.0000	0.0000	0.0000	0.0000	0.0000	0.0000	0.0000	0.0000	0.0000	0.0000	0.0000	0.0000	0.0000	0.0000	0.0000	0.0000	0.0000	0.0000	0.0000	0.0000	0.0000	0.0000	0.0000	0.0000	0.0000	0.0000	0.0000			0.0000	0.0000	0.0000	1.0076	3.0112	9.0109	0.0000	0.0000	0.0000	0.0000	0.0000	0.0000	0.0000	0.0000	0.0000	0.0000	0.0000	0.0000	0.0000	0.0000	0.0000	0.0000	0.0000	0.0000	0.0000	0.0000	0.0000	0.0000	0.0000	0.0000	0.0000	0.0000	0.0000	0.0302	0.0146	0.0156	0.0032	0.0028	0.0004	0.0270	0.0117	0.0153
8	15	0.1515	22	1	0	0	0	0	0	0	0	0	1	1	2	0	0	0	0	0	0	N	N	N	N	N	Y	N	N	N	N	N	N	N	N	N	N	N	N	0.0000	0.0000	0.0000	0.0000	0.0000	0.0000	0.0000	0.0000	0.0000	0.0000	0.0000	0.0000	0.0000	0.0000	0.0000	0.0000	0.0000	0.0000	1.2090	0.0000	2.5900	0.0000	0.0000	0.0000	1.6341	0.0000	2.8518		inf	0.0000	0.0046	0.0000	0.0012	3.0112	2.9951	0.0000	0.0000	0.0000	0.0000	0.0000	0.0000	0.0000	0.0000	0.0000	0.0102	0.0000	0.0102	0.0000	0.0000	0.0000	0.0102	0.0000	0.0102	0.0000	0.0000	0.0000	0.0000	0.0000	0.0000	0.0000	0.0000	0.0000	0.0085	0.0045	0.0040	0.0022	0.0018	0.0004	0.0063	0.0027	0.0036
8	16	0.0596	9	2	0	1	0	0	0	0	0	0	0	1	1	0	0	0	0	0	0	Y	N	N	N	N	N	N	N	N	N	N	N	N	N	N	N	N	N	0.0000	0.0000	0.0000	0.0000	0.0000	0.0000	0.0000	0.0000	0.0000	0.0000	0.0000	0.0000	0.0000	0.0000	0.0000	0.0000	0.0000	0.0000	0.0000	0.0000	0.0000	0.0000	0.0000	0.0000	0.0000	0.0000	0.0000			0.0000	0.0000	0.0000	0.0000	3.0112	7.0598	0.0000	0.0000	0.0000	0.0000	0.0000	0.0000	0.0000	0.0000	0.0000	0.0000	0.0000	0.0000	0.0000	0.0000	0.0000	0.0000	0.0000	0.0000	0.0000	0.0000	0.0000	0.0000	0.0000	0.0000	0.0000	0.0000	0.0000	0.0209	0.0099	0.0109	0.0021	0.0018	0.0002	0.0188	0.0081	0.0107
8	19	0.0693	10	2	0	1	0	0	0	0	0	0	0	1	1	0	0	0	0	0	0	Y	N	N	N	N	N	N	N	N	N	N	N	N	N	N	N	N	N	0.0000	0.0000	0.0000	0.0000	0.0000	0.0000	0.0000	0.0000	0.0000	0.0000	0.0000	0.0000	0.0000	0.0000	0.0000	0.0000	0.0000	0.0000	0.0000	0.0000	0.0000	0.0000	0.0000	0.0000	0.0000	0.0000	0.0000			0.0000	0.0000	0.0000	0.9990	3.0112	7.0746	0.0000	0.0000	0.0000	0.0000	0.0000	0.0000	0.0000	0.0000	0.0000	0.0000	0.0000	0.0000	0.0000	0.0000	0.0000	0.0000	0.0000	0.0000	0.0000	0.0000	0.0000	0.0000	0.0000	0.0000	0.0000	0.0000	0.0000	0.0249	0.0124	0.0125	0.0035	0.0032	0.0004	0.0214	0.0092	0.0121
8	21	0.1119	12	2	0	1	0	0	0	0	0	0	0	2	1	0	0	0	0	0	0	Y	N	N	N	Y	N	N	N	N	N	N	N	N	N	N	N	N	N	0.0000	0.0000	0.0000	0.0000	0.0000	0.0000	0.0000	0.0000	0.0000	0.0000	0.0000	0.0000	0.0000	0.0000	0.0000	0.0000	0.0000	0.0000	0.2125	0.0000	0.4725	0.0036	0.0000	0.0391	0.2929	0.0000	0.4982		34688.0195	0.0000	0.0029	0.0000	0.4173	3.0112	8.0348	0.0000	0.0000	0.0000	0.0000	0.0000	0.0000	0.0000	0.0000	0.0000	0.0065	0.0000	0.0065	0.0000	0.0000	0.0000	0.0064	0.0000	0.0064	0.0000	0.0000	0.0000	0.0000	0.0000	0.0000	0.0000	0.0000	0.0000	0.0304	0.0168	0.0137	0.0085	0.0077	0.0008	0.0220	0.0091	0.0129
8	22	0.1163	18	2	0	1	0	0	0	0	0	0	0	1	1	0	0	0	0	0	0	Y	N	N	N	N	N	N	N	N	N	N	N	N	N	N	N	N	N	0.0000	0.0000	0.0000	0.0000	0.0000	0.0000	0.0000	0.0000	0.0000	0.0000	0.0000	0.0000	0.0000	0.0000	0.0000	0.0000	0.0000	0.0000	74.8383	0.0000	160.5954	0.0031	0.0001	0.0218	99.3967	0.0000	173.5834		3958234.3660	0.0000	0.8952	0.0000	1.0206	3.0112	8.2592	0.0000	0.0000	0.0000	0.0000	0.0000	0.0000	0.0000	0.0000	0.0000	1.9818	0.0000	1.9818	0.0000	0.0000	0.0000	1.9817	0.0000	1.9817	0.0000	0.0000	0.0000	0.0000	0.0000	0.0000	0.0000	0.0000	0.0000	0.0265	0.0141	0.0123	0.0065	0.0056	0.0009	0.0199	0.0085	0.0114
8	25	0.0814	10	2	0	0	1	0	0	0	1	0	0	2	2	0	0	0	0	0	0	Y	N	N	N	Y	Y	N	N	N	N	N	N	N	N	N	N	N	N	0.0000	0.0000	0.0000	0.0000	0.0000	0.0000	0.0000	0.0000	0.0000	0.0000	0.0000	0.0000	0.0000	0.0000	0.0000	0.0000	0.0000	0.0000	0.0000	0.0000	0.0000	0.0000	0.0000	0.0000	0.0000	0.0000	0.0000			0.0000	0.0000	0.0000	0.9999	3.0112	1.0788	0.0000	0.0000	0.0000	0.0000	0.0000	0.0000	0.0000	0.0000	0.0000	0.0000	0.0000	0.0000	0.0000	0.0000	0.0000	0.0000	0.0000	0.0000	0.0000	0.0000	0.0000	0.0000	0.0000	0.0000	0.0000	0.0000	0.0000	0.0066	0.0033	0.0032	0.0012	0.0010	0.0001	0.0054	0.0023	0.0031
8	26	0.0956	15	2	0	1	0	0	0	0	0	0	0	1	1	0	0	0	0	0	0	Y	N	N	N	N	N	N	N	N	N	N	N	N	N	N	N	N	N	0.0000	0.0000	0.0000	0.0000	0.0000	0.0000	0.0000	0.0000	0.0000	0.0000	0.0000	0.0000	0.0000	0.0000	0.0000	0.0000	0.0000	0.0000	0.0000	0.0000	0.0000	0.0000	0.0000	0.0000	0.0000	0.0000	0.0000			0.0000	0.0000	0.0000	2.9974	3.0112	7.2972	0.0000	0.0000	0.0000	0.0000	0.0000	0.0000	0.0000	0.0000	0.0000	0.0000	0.0000	0.0000	0.0000	0.0000	0.0000	0.0000	0.0000	0.0000	0.0000	0.0000	0.0000	0.0000	0.0000	0.0000	0.0000	0.0000	0.0000	0.0314	0.0163	0.0152	0.0071	0.0062	0.0010	0.0243	0.0101	0.0142
8	27	0.0896	13	2	0	1	0	1	0	0	0	0	0	1	1	0	0	0	0	0	0	Y	N	N	N	N	N	N	N	N	N	N	N	N	N	N	N	N	N	0.0000	0.0000	0.0000	0.0000	0.0000	0.0000	0.0000	0.0000	0.0000	0.0000	0.0000	0.0000	0.0000	0.0000	0.0000	0.0000	0.0000	0.0000	17.8533	0.0000	47.4601	0.0012	0.0001	0.0183	25.8238	0.0000	50.1125		898720.8798	0.0000	0.4428	0.0000	0.0672	3.0112	11.7431	0.0000	0.0000	0.0000	0.0000	0.0000	0.0000	0.0000	0.0000	0.0000	0.9802	0.0000	0.9802	0.0000	0.0000	0.0000	0.9802	0.0000	0.9802	0.0000	0.0000	0.0000	0.0000	0.0000	0.0000	0.0000	0.0000	0.0000	0.0549	0.0343	0.0207	0.0169	0.0159	0.0011	0.0380	0.0184	0.0196
8	28	0.0534	7	2	0	1	0	0	0	0	0	0	0	2	1	0	0	0	0	0	0	Y	N	N	N	Y	N	N	N	N	N	N	N	N	N	N	N	N	N	0.0000	0.0000	0.0000	0.0000	0.0000	0.0000	0.0000	0.0000	0.0000	0.0000	0.0000	0.0000	0.0000	0.0000	0.0000	0.0000	0.0000	0.0000	0.0000	0.0000	0.0000	0.0000	0.0000	0.0000	0.0000	0.0000	0.0000			0.0000	0.0000	0.0000	2.0122	3.0112	16.0892	0.0000	0.0000	0.0000	0.0000	0.0000	0.0000	0.0000	0.0000	0.0000	0.0000	0.0000	0.0000	0.0000	0.0000	0.0000	0.0000	0.0000	0.0000	0.0000	0.0000	0.0000	0.0000	0.0000	0.0000	0.0000	0.0000	0.0000	0.0520	0.0247	0.0273	0.0050	0.0043	0.0006	0.0470	0.0204	0.0266
8	29	0.0471	6	2	0	1	0	0	0	1	0	1	0	2	1	0	0	0	0	0	0	Y	N	N	N	Y	N	N	N	N	N	N	N	N	N	N	N	N	N	0.0000	0.0000	0.0000	0.0000	0.0000	0.0000	0.0000	0.0000	0.0000	0.0000	0.0000	0.0000	0.0000	0.0000	0.0000	0.0000	0.0000	0.0000	0.0000	0.0000	0.0000	0.0000	0.0000	0.0000	0.0000	0.0000	0.0000			0.0000	0.0000	0.0000	1.9944	3.0112	2.0374	0.0000	0.0000	0.0000	0.0000	0.0000	0.0000	0.0000	0.0000	0.0000	0.0000	0.0000	0.0000	0.0000	0.0000	0.0000	0.0000	0.0000	0.0000	0.0000	0.0000	0.0000	0.0000	0.0000	0.0000	0.0000	0.0000	0.0000	0.0116	0.0054	0.0062	0.0009	0.0008	0.0001	0.0107	0.0046	0.0061
8	30	0.0956	15	2	0	1	0	0	0	0	0	0	0	1	1	0	0	0	0	0	0	Y	N	N	N	N	N	N	N	N	N	N	N	N	N	N	N	N	N	0.0000	0.0000	0.0000	0.0000	0.0000	0.0000	0.0000	0.0000	0.0000	0.0000	0.0000	0.0000	0.0000	0.0000	0.0000	0.0000	0.0000	0.0000	0.0000	0.0000	0.0000	0.0000	0.0000	0.0000	0.0000	0.0000	0.0000			0.0000	0.0000	0.0000	0.0026	3.0112	6.8389	0.0000	0.0000	0.0000	0.0000	0.0000	0.0000	0.0000	0.0000	0.0000	0.0000	0.0000	0.0000	0.0000	0.0000	0.0000	0.0000	0.0000	0.0000	0.0000	0.0000	0.0000	0.0000	0.0000	0.0000	0.0000	0.0000	0.0000	0.0220	0.0115	0.0104	0.0052	0.0046	0.0006	0.0168	0.0070	0.0098
8	31	0.0900	14	2	0	1	0	1	0	1	0	0	0	1	1	0	0	0	0	0	0	Y	N	N	N	N	N	N	N	N	N	N	N	N	N	N	N	N	N	0.0000	0.0000	0.0000	0.0000	0.0000	0.0000	0.0000	0.0000	0.0000	0.0000	0.0000	0.0000	0.0000	0.0000	0.0000	0.0000	0.0000	0.0000	0.0009	0.0014	0.0000	0.0027	0.0028	0.0000	0.0000	0.0000	0.0000		0.0000	0.0000	-0.0000	0.0000	0.0026	3.0112	4.4275	0.0000	0.0000	0.0000	0.0000	0.0000	0.0000	0.0000	0.0000	0.0000	0.0000	0.0000	0.0000	0.0000	0.0000	0.0000	0.0000	0.0000	0.0000	0.0000	0.0000	0.0000	0.0000	0.0000	0.0000	0.0000	0.0000	0.0000	0.0227	0.0138	0.0088	0.0075	0.0071	0.0004	0.0152	0.0068	0.0084
8	32	0.1062	16	2	0	1	0	1	0	1	0	1	0	2	1	0	0	0	0	0	0	Y	N	N	N	Y	N	N	N	N	N	N	N	N	N	N	N	N	N	0.0000	0.0000	0.0000	0.0000	0.0000	0.0000	0.0000	0.0000	0.0000	0.0000	0.0000	0.0000	0.0000	0.0000	0.0000	0.0000	0.0000	0.0000	0.0000	0.0000	0.0000	0.0000	0.0000	0.0000	0.0000	0.0000	0.0000		0.0191	0.0000	-0.0000	0.0000	2.8343	3.0112	20.2282	0.0000	0.0000	0.0000	0.0000	0.0000	0.0000	0.0000	0.0000	0.0000	0.0000	0.0000	0.0000	0.0000	0.0000	0.0000	0.0000	0.0000	0.0000	0.0000	0.0000	0.0000	0.0000	0.0000	0.0000	0.0000	0.0000	0.0000	0.0667	0.0351	0.0315	0.0143	0.0123	0.0020	0.0524	0.0229	0.0295
8	33	0.0559	7	2	0	1	0	0	0	0	0	0	0	1	1	0	0	0	0	0	0	Y	N	N	N	N	N	N	N	N	N	N	N	N	N	N	N	N	N	0.0000	0.0000	0.0000	0.0000	0.0000	0.0000	0.0000	0.0000	0.0000	0.0000	0.0000	0.0000	0.0000	0.0000	0.0000	0.0000	0.0000	0.0000	0.0000	0.0000	0.0000	0.0000	0.0000	0.0000	0.0000	0.0000	0.0000			0.0000	0.0000	0.0000	1.0032	3.0112	9.5192	0.0000	0.0000	0.0000	0.0000	0.0000	0.0000	0.0000	0.0000	0.0000	0.0000	0.0000	0.0000	0.0000	0.0000	0.0000	0.0000	0.0000	0.0000	0.0000	0.0000	0.0000	0.0000	0.0000	0.0000	0.0000	0.0000	0.0000	0.0308	0.0148	0.0160	0.0032	0.0028	0.0003	0.0276	0.0119	0.0157
8	34	0.0616	9	2	1	1	0	0	1	1	0	0	0	1	1	0	0	0	0	0	0	Y	N	N	N	N	N	N	N	N	N	N	N	N	N	N	N	N	N	0.0000	0.0000	0.0000	0.0000	0.0000	0.0000	0.0000	0.0000	0.0000	0.0000	0.0000	0.0000	0.0000	0.0000	0.0000	0.0000	0.0000	0.0000	0.0000	0.0000	0.0000	0.0000	0.0000	0.0000	0.0000	0.0000	0.0000		0.0191	0.0000	-0.0000	0.0000	0.9987	3.0112	10.0476	0.0000	0.0000	0.0000	0.0000	0.0000	0.0000	0.0000	0.0000	0.0000	0.0000	0.0000	0.0000	0.0000	0.0000	0.0000	0.0000	0.0000	0.0000	0.0000	0.0000	0.0000	0.0000	0.0000	0.0000	0.0000	0.0000	0.0000	0.0342	0.0169	0.0173	0.0053	0.0047	0.0006	0.0289	0.0122	0.0167
8	35	0.1541	24	1	0	1	0	0	0	1	0	0	1	1	2	0	0	0	0	0	0	N	N	N	N	N	Y	N	N	N	N	N	N	N	N	N	N	N	N	0.0000	0.0000	0.0000	0.0000	0.0000	0.0000	0.0000	0.0000	0.0000	0.0000	0.0000	0.0000	0.0000	0.0000	0.0000	0.0000	0.0000	0.0000	0.1730	0.0000	0.3656	0.0000	0.0000	0.0000	0.2297	0.0000	0.3912		inf	0.0000	0.0005	0.0000	0.0023	3.0112	1.9232	0.0000	0.0000	0.0000	0.0000	0.0000	0.0000	0.0000	0.0000	0.0000	0.0011	0.0000	0.0011	0.0000	0.0000	0.0000	0.0011	0.0000	0.0011	0.0000	0.0000	0.0000	0.0000	0.0000	0.0000	0.0000	0.0000	0.0000	0.0063	0.0033	0.0030	0.0015	0.0014	0.0002	0.0047	0.0019	0.0028
8	37	0.0813	12	2	0	1	0	1	0	1	0	0	0	1	1	0	0	0	0	0	0	Y	N	N	N	N	N	N	N	N	N	N	N	N	N	N	N	N	N	0.0000	0.0000	0.0000	0.0000	0.0000	0.0000	0.0000	0.0000	0.0000	0.0000	0.0000	0.0000	0.0000	0.0000	0.0000	0.0000	0.0000	0.0000	0.1607	0.0000	0.3357	0.0000	0.0000	0.0000	0.2020	0.0000	0.3563		inf	0.0000	0.0046	0.0000	4.0110	3.0112	17.6512	0.0000	0.0000	0.0000	0.0000	0.0000	0.0000	0.0000	0.0000	0.0000	0.0102	0.0000	0.0102	0.0000	0.0000	0.0000	0.0102	0.0000	0.0102	0.0000	0.0000	0.0000	0.0000	0.0000	0.0000	0.0000	0.0000	0.0000	0.0638	0.0333	0.0305	0.0131	0.0113	0.0018	0.0507	0.0220	0.0288
8	38	0.1388	22	2	0	1	0	0	0	0	0	0	0	2	1	0	0	0	0	0	0	Y	N	N	N	Y	N	N	N	N	N	N	N	N	N	N	N	N	N	0.0000	0.0000	0.0000	0.0000	0.0000	0.0000	0.0000	0.0000	0.0000	0.0000	0.0000	0.0000	0.0000	0.0000	0.0000	0.0000	0.0000	0.0000	341.4867	609.0395	0.0000	0.0604	0.0708	0.0000	477.5408	1074.6977	0.0000		0.0000	0.0000	-0.5436	0.0000	0.0000	3.0112	0.9989	0.0000	0.0000	0.0000	0.0000	0.0000	0.0000	0.0000	0.0000	0.0000	0.9915	0.9915	0.0000	0.0000	0.0000	0.0000	0.9915	0.9915	0.0000	0.0000	0.0000	0.0000	0.0000	0.0000	0.0000	0.0000	0.0000	0.0000	0.0029	0.0016	0.0013	0.0008	0.0007	0.0001	0.0021	0.0009	0.0012
8	41	0.0878	14	2	0	1	0	1	0	1	0	1	0	2	1	0	0	0	0	0	0	Y	N	N	N	Y	N	N	N	N	N	N	N	N	N	N	N	N	N	0.0000	0.0000	0.0000	0.0000	0.0000	0.0000	0.0000	0.0000	0.0000	0.0000	0.0000	0.0000	0.0000	0.0000	0.0000	0.0000	0.0000	0.0000	0.0000	0.0000	0.0000	0.0001	0.0001	0.0000	0.0000	0.0000	0.0000		0.0000	0.0000	-0.0000	0.0000	2.0001	3.0112	33.1942	0.0000	0.0000	0.0000	0.0000	0.0000	0.0000	0.0000	0.0000	0.0000	0.0000	0.0000	0.0000	0.0000	0.0000	0.0000	0.0000	0.0000	0.0000	0.0000	0.0000	0.0000	0.0000	0.0000	0.0000	0.0000	0.0000	0.0000	0.0959	0.0492	0.0467	0.0196	0.0167	0.0028	0.0763	0.0325	0.0438
8	42	0.1555	22	2	0	0	0	0	0	0	0	0	1	1	2	0	0	0	0	0	0	Y	N	N	N	N	Y	N	N	N	N	N	N	N	N	N	N	N	N	0.0000	0.0000	0.0000	0.0000	0.0000	0.0000	0.0000	0.0000	0.0000	0.0000	0.0000	0.0000	0.0000	0.0000	0.0000	0.0000	0.0000	0.0000	0.0000	0.0000	0.0000	0.0000	0.0000	0.0000	0.0000	0.0000	0.0000			0.0000	0.0000	0.0000	0.0000	3.0112	0.0011	0.0000	0.0000	0.0000	0.0000	0.0000	0.0000	0.0000	0.0000	0.0000	0.0000	0.0000	0.0000	0.0000	0.0000	0.0000	0.0000	0.0000	0.0000	0.0000	0.0000	0.0000	0.0000	0.0000	0.0000	0.0000	0.0000	0.0000	0.0000	0.0000	0.0000	0.0000	0.0000	0.0000	0.0000	0.0000	0.0000
8	43	0.1404	23	2	0	1	0	0	0	1	0	0	0	1	1	0	0	0	0	0	0	Y	N	N	N	N	N	N	N	N	N	N	N	N	N	N	N	N	N	0.0000	0.0000	0.0000	0.0000	0.0000	0.0000	0.0000	0.0000	0.0000	0.0000	0.0000	0.0000	0.0000	0.0000	0.0000	0.0000	0.0000	0.0000	0.2128	0.0041	0.4594	0.0109	0.0100	0.0180	0.2810	0.0000	0.4882		93.7766	0.0000	0.0020	0.0000	1.0006	3.0112	5.8160	0.0000	0.0000	0.0000	0.0000	0.0000	0.0000	0.0000	0.0000	0.0000	0.0046	0.0000	0.0046	0.0001	0.0000	0.0000	0.0045	0.0000	0.0045	0.0000	0.0000	0.0000	0.0000	0.0000	0.0000	0.0000	0.0000	0.0000	0.0216	0.0117	0.0099	0.0055	0.0049	0.0006	0.0162	0.0069	0.0093
8	44	0.0655	11	2	0	0	1	0	0	0	0	0	0	2	2	0	0	0	0	0	0	Y	N	N	N	Y	Y	N	N	N	N	N	N	N	N	N	N	N	N	0.0000	0.0000	0.0000	0.0000	0.0000	0.0000	0.0000	0.0000	0.0000	0.0000	0.0000	0.0000	0.0000	0.0000	0.0000	0.0000	0.0000	0.0000	0.5760	0.0000	1.1499	0.0057	0.0000	0.0442	0.6650	0.0000	1.1894		366429.8156	0.0000	0.0239	0.0000	7.0030	3.0112	25.8862	0.0000	0.0000	0.0000	0.0000	0.0000	0.0000	0.0000	0.0000	0.0000	0.0530	0.0000	0.0530	0.0001	0.0000	0.0001	0.0529	0.0000	0.0529	0.0000	0.0000	0.0000	0.0000	0.0000	0.0000	0.0000	0.0000	0.0000	0.0920	0.0459	0.0461	0.0124	0.0108	0.0016	0.0796	0.0351	0.0445
8	45	0.1320	23	2	0	1	0	1	0	1	0	0	0	1	1	0	0	0	0	0	0	Y	N	N	N	N	N	N	N	N	N	N	N	N	N	N	N	N	N	0.0000	0.0000	0.0000	0.0000	0.0000	0.0000	0.0000	0.0000	0.0000	0.0000	0.0000	0.0000	0.0000	0.0000	0.0000	0.0000	0.0000	0.0000	0.1383	0.2558	0.0000	0.5729	0.6580	0.0000	0.0000	0.0000	0.0000		0.0000	0.0000	-0.0034	0.0000	1.9929	3.0112	12.8604	0.0000	0.0000	0.0000	0.0000	0.0000	0.0000	0.0000	0.0000	0.0000	0.0062	0.0062	0.0000	0.0062	0.0062	0.0000	0.0000	0.0000	0.0000	0.0000	0.0000	0.0000	0.0000	0.0000	0.0000	0.0000	0.0000	0.0000	0.0449	0.0243	0.0206	0.0108	0.0094	0.0014	0.0340	0.0148	0.0192
8	48	0.0655	11	2	0	0	1	0	0	0	0	0	0	2	2	0	0	0	0	0	0	Y	N	N	N	Y	Y	N	N	N	N	N	N	N	N	N	N	N	N	0.0000	0.0000	0.0000	0.0000	0.0000	0.0000	0.0000	0.0000	0.0000	0.0000	0.0000	0.0000	0.0000	0.0000	0.0000	0.0000	0.0000	0.0000	1.6184	0.0000	3.4833	0.0116	0.0000	0.1425	1.9845	0.0000	3.5949		366429.8156	0.0000	0.0239	0.0000	1.7572	3.0112	7.6758	0.0000	0.0000	0.0000	0.0000	0.0000	0.0000	0.0000	0.0000	0.0000	0.0530	0.0000	0.0530	0.0001	0.0000	0.0001	0.0529	0.0000	0.0529	0.0000	0.0000	0.0000	0.0000	0.0000	0.0000	0.0000	0.0000	0.0000	0.0327	0.0175	0.0152	0.0061	0.0056	0.0005	0.0267	0.0119	0.0147
8	49	0.0566	10	2	0	0	1	0	0	0	1	0	0	2	2	0	0	0	0	0	0	Y	N	N	N	Y	Y	N	N	N	N	N	N	N	N	N	N	N	N	0.0000	0.0000	0.0000	0.0000	0.0000	0.0000	0.0000	0.0000	0.0000	0.0000	0.0000	0.0000	0.0000	0.0000	0.0000	0.0000	0.0000	0.0000	42.2514	0.0198	89.1239	0.0466	0.0515	0.0000	50.0935	0.0081	92.0072		4051.9615	0.0000	0.4265	0.0000	1.2605	3.0112	5.3560	0.0000	0.0000	0.0000	0.0000	0.0000	0.0000	0.0000	0.0000	0.0000	0.9447	0.0002	0.9444	0.0002	0.0002	0.0000	0.9445	0.0001	0.9444	0.0000	0.0000	0.0000	0.0000	0.0000	0.0000	0.0000	0.0000	0.0000	0.0224	0.0118	0.0106	0.0035	0.0032	0.0003	0.0189	0.0086	0.0103
8	50	0.0566	10	2	0	0	0	0	0	0	0	0	0	2	2	0	0	0	0	0	0	Y	N	N	N	Y	Y	N	N	N	N	N	N	N	N	N	N	N	N	0.0000	0.0000	0.0000	0.0000	0.0000	0.0000	0.0000	0.0000	0.0000	0.0000	0.0000	0.0000	0.0000	0.0000	0.0000	0.0000	0.0000	0.0000	0.1121	0.2177	0.0000	0.7736	0.8647	0.0000	0.0000	0.0000	0.0000		0.0000	0.0000	-0.0017	0.0000	1.0001	3.0112	7.4568	0.0000	0.0000	0.0000	0.0000	0.0000	0.0000	0.0000	0.0000	0.0000	0.0031	0.0031	0.0000	0.0031	0.0031	0.0000	0.0000	0.0000	0.0000	0.0000	0.0000	0.0000	0.0000	0.0000	0.0000	0.0000	0.0000	0.0000	0.0275	0.0142	0.0133	0.0040	0.0036	0.0004	0.0235	0.0106	0.0129
8	51	0.0521	9	2	0	0	0	0	0	0	0	0	1	2	2	0	0	0	0	0	0	Y	N	N	N	Y	Y	N	N	N	N	N	N	N	N	N	N	N	N	0.0000	0.0000	0.0000	0.0000	0.0000	0.0000	0.0000	0.0000	0.0000	0.0000	0.0000	0.0000	0.0000	0.0000	0.0000	0.0000	0.0000	0.0000	0.1754	0.0009	0.4788	0.0016	0.0018	0.0000	0.2803	0.0000	0.5410		294.4713	0.0000	0.0014	0.0000	0.0061	3.0112	2.7591	0.0000	0.0000	0.0000	0.0000	0.0000	0.0000	0.0000	0.0000	0.0000	0.0031	0.0000	0.0031	0.0000	0.0000	0.0000	0.0031	0.0000	0.0031	0.0000	0.0000	0.0000	0.0000	0.0000	0.0000	0.0000	0.0000	0.0000	0.0176	0.0112	0.0064	0.0066	0.0059	0.0007	0.0110	0.0053	0.0057
8	52	0.1404	23	2	0	0	0	0	0	0	0	0	1	1	2	0	0	0	0	0	0	Y	N	N	N	N	Y	N	N	N	N	N	N	N	N	N	N	N	N	0.0000	0.0000	0.0000	0.0000	0.0000	0.0000	0.0000	0.0000	0.0000	0.0000	0.0000	0.0000	0.0000	0.0000	0.0000	0.0000	0.0000	0.0000	0.2603	0.1508	0.3881	0.0078	0.0071	0.0136	0.3428	0.2482	0.4130		2.2049	0.0000	0.0009	0.0000	1.0020	3.0112	7.2599	0.0000	0.0000	0.0000	0.0000	0.0000	0.0000	0.0000	0.0000	0.0000	0.0066	0.0021	0.0046	0.0000	0.0000	0.0000	0.0066	0.0020	0.0046	0.0000	0.0000	0.0000	0.0000	0.0000	0.0000	0.0000	0.0000	0.0000	0.0255	0.0137	0.0118	0.0063	0.0055	0.0007	0.0192	0.0082	0.0110
8	53	0.1207	22	2	0	0	0	1	0	0	0	0	0	1	1	0	0	0	0	0	0	Y	N	N	N	N	N	N	N	N	N	N	N	N	N	N	N	N	N	0.0000	0.0000	0.0000	0.0000	0.0000	0.0000	0.0000	0.0000	0.0000	0.0000	0.0000	0.0000	0.0000	0.0000	0.0000	0.0000	0.0000	0.0000	28.3941	0.0044	61.2477	0.0030	0.0034	0.0000	37.2327	0.0051	65.0531		11974.5899	0.0000	0.4490	0.0000	3.0050	3.0112	8.3063	0.0000	0.0000	0.0000	0.0000	0.0000	0.0000	0.0000	0.0000	0.0000	0.9941	0.0001	0.9940	0.0000	0.0000	0.0000	0.9940	0.0001	0.9940	0.0000	0.0000	0.0000	0.0000	0.0000	0.0000	0.0000	0.0000	0.0000	0.0350	0.0188	0.0162	0.0083	0.0074	0.0009	0.0267	0.0114	0.0153
8	55	0.1555	22	2	0	1	0	0	0	1	0	0	0	1	1	0	0	0	0	0	0	Y	N	N	N	N	N	N	N	N	N	N	N	N	N	N	N	N	N	0.0000	0.0000	0.0000	0.0000	0.0000	0.0000	0.0000	0.0000	0.0000	0.0000	0.0000	0.0000	0.0000	0.0000	0.0000	0.0000	0.0000	0.0000	0.0000	0.0000	0.0000	0.0000	0.0000	0.0000	0.0000	0.0000	0.0000			0.0000	0.0000	0.0000	0.0000	3.0112	2.9989	0.0000	0.0000	0.0000	0.0000	0.0000	0.0000	0.0000	0.0000	0.0000	0.0000	0.0000	0.0000	0.0000	0.0000	0.0000	0.0000	0.0000	0.0000	0.0000	0.0000	0.0000	0.0000	0.0000	0.0000	0.0000	0.0000	0.0000	0.0084	0.0045	0.0039	0.0020	0.0017	0.0003	0.0064	0.0028	0.0036
8	56	0.1310	21	2	0	0	0	0	0	0	0	0	0	1	1	0	0	0	0	0	0	Y	N	N	N	N	N	N	N	N	N	N	N	N	N	N	N	N	N	0.0000	0.0000	0.0000	0.0000	0.0000	0.0000	0.0000	0.0000	0.0000	0.0000	0.0000	0.0000	0.0000	0.0000	0.0000	0.0000	0.0000	0.0000	0.0000	0.0000	0.0000	0.0000	0.0000	0.0000	0.0000	0.0000	0.0000		0.0055	0.0000	-0.0000	0.0000	2.9988	3.0112	11.1255	0.0000	0.0000	0.0000	0.0000	0.0000	0.0000	0.0000	0.0000	0.0000	0.0000	0.0000	0.0000	0.0000	0.0000	0.0000	0.0000	0.0000	0.0000	0.0000	0.0000	0.0000	0.0000	0.0000	0.0000	0.0000	0.0000	0.0000	0.0412	0.0218	0.0193	0.0092	0.0081	0.0011	0.0319	0.0137	0.0182
8	57	0.0894	12	2	0	1	1	0	0	0	1	0	0	2	2	0	0	0	0	0	0	Y	N	N	N	Y	Y	N	N	N	N	N	N	N	N	N	N	N	N	0.0000	0.0000	0.0000	0.0000	0.0000	0.0000	0.0000	0.0000	0.0000	0.0000	0.0000	0.0000	0.0000	0.0000	0.0000	0.0000	0.0000	0.0000	0.0000	0.0000	0.0000	0.0000	0.0000	0.0000	0.0000	0.0000	0.0000			0.0000	0.0000	0.0000	0.0000	3.0112	0.0000	0.0000	0.0000	0.0000	0.0000	0.0000	0.0000	0.0000	0.0000	0.0000	0.0000	0.0000	0.0000	0.0000	0.0000	0.0000	0.0000	0.0000	0.0000	0.0000	0.0000	0.0000	0.0000	0.0000	0.0000	0.0000	0.0000	0.0000	0.0000	0.0000	0.0000	0.0000	0.0000	0.0000	0.0000	0.0000	0.0000
8	58	0.0894	12	2	0	1	0	0	0	0	0	0	0	2	2	0	0	0	0	0	0	Y	N	N	N	Y	Y	N	N	N	N	N	N	N	N	N	N	N	N	0.0000	0.0000	0.0000	0.0000	0.0000	0.0000	0.0000	0.0000	0.0000	0.0000	0.0000	0.0000	0.0000	0.0000	0.0000	0.0000	0.0000	0.0000	0.0000	0.0000	0.0000	0.0000	0.0000	0.0000	0.0000	0.0000	0.0000			0.0000	0.0000	0.0000	0.0000	3.0112	0.0000	0.0000	0.0000	0.0000	0.0000	0.0000	0.0000	0.0000	0.0000	0.0000	0.0000	0.0000	0.0000	0.0000	0.0000	0.0000	0.0000	0.0000	0.0000	0.0000	0.0000	0.0000	0.0000	0.0000	0.0000	0.0000	0.0000	0.0000	0.0000	0.0000	0.0000	0.0000	0.0000	0.0000	0.0000	0.0000	0.0000
8	59	0.0845	11	2	0	1	0	0	0	1	0	0	0	2	2	0	0	0	0	0	0	Y	N	N	N	Y	Y	N	N	N	N	N	N	N	N	N	N	N	N	0.0000	0.0000	0.0000	0.0000	0.0000	0.0000	0.0000	0.0000	0.0000	0.0000	0.0000	0.0000	0.0000	0.0000	0.0000	0.0000	0.0000	0.0000	0.0000	0.0000	0.0000	0.0000	0.0000	0.0000	0.0000	0.0000	0.0000			0.0000	0.0000	0.0000	0.0001	3.0112	3.0507	0.0000	0.0000	0.0000	0.0000	0.0000	0.0000	0.0000	0.0000	0.0000	0.0000	0.0000	0.0000	0.0000	0.0000	0.0000	0.0000	0.0000	0.0000	0.0000	0.0000	0.0000	0.0000	0.0000	0.0000	0.0000	0.0000	0.0000	0.0093	0.0047	0.0046	0.0016	0.0014	0.0002	0.0077	0.0033	0.0044
8	60	0.1196	18	2	0	1	0	0	0	0	0	0	0	2	1	0	0	0	0	0	0	Y	N	N	N	Y	N	N	N	N	N	N	N	N	N	N	N	N	N	0.0000	0.0000	0.0000	0.0000	0.0000	0.0000	0.0000	0.0000	0.0000	0.0000	0.0000	0.0000	0.0000	0.0000	0.0000	0.0000	0.0000	0.0000	0.0790	0.0000	0.1761	0.0000	0.0000	0.0000	0.1111	0.0000	0.1968		inf	0.0000	0.0005	0.0000	0.0010	3.0112	5.0218	0.0000	0.0000	0.0000	0.0000	0.0000	0.0000	0.0000	0.0000	0.0000	0.0012	0.0000	0.0012	0.0000	0.0000	0.0000	0.0012	0.0000	0.0012	0.0000	0.0000	0.0000	0.0000	0.0000	0.0000	0.0000	0.0000	0.0000	0.0149	0.0082	0.0067	0.0043	0.0036	0.0007	0.0106	0.0046	0.0060
8	67	0.0693	10	2	0	1	0	0	0	0	0	0	1	1	2	0	0	0	0	0	0	Y	N	N	N	N	Y	N	N	N	N	N	N	N	N	N	N	N	N	0.0000	0.0000	0.0000	0.0000	0.0000	0.0000	0.0000	0.0000	0.0000	0.0000	0.0000	0.0000	0.0000	0.0000	0.0000	0.0000	0.0000	0.0000	0.0000	0.0000	0.0000	0.0000	0.0000	0.0000	0.0000	0.0000	0.0000			0.0000	0.0000	0.0000	0.0010	3.0112	8.0699	0.0000	0.0000	0.0000	0.0000	0.0000	0.0000	0.0000	0.0000	0.0000	0.0000	0.0000	0.0000	0.0000	0.0000	0.0000	0.0000	0.0000	0.0000	0.0000	0.0000	0.0000	0.0000	0.0000	0.0000	0.0000	0.0000	0.0000	0.0249	0.0124	0.0125	0.0035	0.0032	0.0004	0.0214	0.0092	0.0121
8	68	0.0596	9	2	0	1	0	0	0	0	0	0	0	1	1	0	0	0	0	0	0	Y	N	N	N	N	N	N	N	N	N	N	N	N	N	N	N	N	N	0.0000	0.0000	0.0000	0.0000	0.0000	0.0000	0.0000	0.0000	0.0000	0.0000	0.0000	0.0000	0.0000	0.0000	0.0000	0.0000	0.0000	0.0000	0.0000	0.0000	0.0000	0.0000	0.0000	0.0000	0.0000	0.0000	0.0000			0.0000	0.0000	0.0000	0.0010	3.0112	6.0584	0.0000	0.0000	0.0000	0.0000	0.0000	0.0000	0.0000	0.0000	0.0000	0.0000	0.0000	0.0000	0.0000	0.0000	0.0000	0.0000	0.0000	0.0000	0.0000	0.0000	0.0000	0.0000	0.0000	0.0000	0.0000	0.0000	0.0000	0.0180	0.0086	0.0094	0.0018	0.0016	0.0002	0.0162	0.0070	0.0092
8	69	0.0582	8	2	0	1	0	0	0	0	0	0	0	1	1	0	0	0	0	0	0	Y	N	N	N	N	N	N	N	N	N	N	N	N	N	N	N	N	N	0.0000	0.0000	0.0000	0.0000	0.0000	0.0000	0.0000	0.0000	0.0000	0.0000	0.0000	0.0000	0.0000	0.0000	0.0000	0.0000	0.0000	0.0000	0.0000	0.0000	0.0000	0.0000	0.0000	0.0000	0.0000	0.0000	0.0000			0.0000	0.0000	0.0000	0.0006	3.0112	0.9765	0.0000	0.0000	0.0000	0.0000	0.0000	0.0000	0.0000	0.0000	0.0000	0.0000	0.0000	0.0000	0.0000	0.0000	0.0000	0.0000	0.0000	0.0000	0.0000	0.0000	0.0000	0.0000	0.0000	0.0000	0.0000	0.0000	0.0000	0.0031	0.0015	0.0016	0.0004	0.0003	0.0000	0.0027	0.0012	0.0016
8	70	0.0593	10	2	0	0	0	0	0	0	0	0	1	2	2	0	0	0	0	0	0	Y	N	N	N	Y	Y	N	N	N	N	N	N	N	N	N	N	N	N	0.0000	0.0000	0.0000	0.0000	0.0000	0.0000	0.0000	0.0000	0.0000	0.0000	0.0000	0.0000	0.0000	0.0000	0.0000	0.0000	0.0000	0.0000	0.0000	0.0001	0.0000	0.0003	0.0003	0.0000	0.0000	0.0000	0.0000		0.0002	0.0000	-0.0000	0.0000	2.3581	3.0112	7.4584	0.0000	0.0000	0.0000	0.0000	0.0000	0.0000	0.0000	0.0000	0.0000	0.0000	0.0000	0.0000	0.0000	0.0000	0.0000	0.0000	0.0000	0.0000	0.0000	0.0000	0.0000	0.0000	0.0000	0.0000	0.0000	0.0000	0.0000	0.0358	0.0189	0.0169	0.0071	0.0065	0.0006	0.0287	0.0124	0.0163
8	71	0.0521	9	2	0	0	0	0	0	0	0	0	0	2	1	0	0	0	0	0	0	Y	N	N	N	Y	N	N	N	N	N	N	N	N	N	N	N	N	N	0.0000	0.0000	0.0000	0.0000	0.0000	0.0000	0.0000	0.0000	0.0000	0.0000	0.0000	0.0000	0.0000	0.0000	0.0000	0.0000	0.0000	0.0000	0.0005	0.0007	0.0002	0.0015	0.0016	0.0000	0.0001	0.0000	0.0002		0.1651	0.0000	-0.0000	0.0000	1.7590	3.0112	3.5356	0.0000	0.0000	0.0000	0.0000	0.0000	0.0000	0.0000	0.0000	0.0000	0.0000	0.0000	0.0000	0.0000	0.0000	0.0000	0.0000	0.0000	0.0000	0.0000	0.0000	0.0000	0.0000	0.0000	0.0000	0.0000	0.0000	0.0000	0.0247	0.0145	0.0103	0.0072	0.0064	0.0008	0.0175	0.0081	0.0094
8	72	0.0487	8	2	0	0	0	0	0	0	0	1	0	2	1	0	0	0	0	0	0	Y	N	N	N	Y	N	N	N	N	N	N	N	N	N	N	N	N	N	0.0000	0.0000	0.0000	0.0000	0.0000	0.0000	0.0000	0.0000	0.0000	0.0000	0.0000	0.0000	0.0000	0.0000	0.0000	0.0000	0.0000	0.0000	0.0015	0.0000	0.0028	0.0000	0.0000	0.0000	0.0016	0.0000	0.0028		inf	0.0000	0.0000	0.0000	0.0029	3.0112	2.4186	0.0000	0.0000	0.0000	0.0000	0.0000	0.0000	0.0000	0.0000	0.0000	0.0000	0.0000	0.0000	0.0000	0.0000	0.0000	0.0000	0.0000	0.0000	0.0000	0.0000	0.0000	0.0000	0.0000	0.0000	0.0000	0.0000	0.0000	0.0072	0.0034	0.0038	0.0006	0.0005	0.0001	0.0065	0.0028	0.0037
8	73	0.1119	12	2	0	1	0	0	0	0	0	0	0	2	1	0	0	0	0	0	0	Y	N	N	N	Y	N	N	N	N	N	N	N	N	N	N	N	N	N	0.0000	0.0000	0.0000	0.0000	0.0000	0.0000	0.0000	0.0000	0.0000	0.0000	0.0000	0.0000	0.0000	0.0000	0.0000	0.0000	0.0000	0.0000	0.1459	0.0000	0.3159	0.0027	0.0000	0.0244	0.1947	0.0000	0.3345		34688.0195	0.0000	0.0029	0.0000	1.6760	3.0112	12.1347	0.0000	0.0000	0.0000	0.0000	0.0000	0.0000	0.0000	0.0000	0.0000	0.0065	0.0000	0.0065	0.0000	0.0000	0.0000	0.0064	0.0000	0.0064	0.0000	0.0000	0.0000	0.0000	0.0000	0.0000	0.0000	0.0000	0.0000	0.0443	0.0238	0.0205	0.0113	0.0100	0.0012	0.0330	0.0138	0.0192
8	74	0.0821	11	2	0	1	0	1	0	1	0	1	0	2	1	0	0	0	0	0	0	Y	N	N	N	Y	N	N	N	N	N	N	N	N	N	N	N	N	N	0.0000	0.0000	0.0000	0.0000	0.0000	0.0000	0.0000	0.0000	0.0000	0.0000	0.0000	0.0000	0.0000	0.0000	0.0000	0.0000	0.0000	0.0000	16.0306	0.0153	35.3515	0.0345	0.0366	0.0143	21.0095	0.0015	37.2111		1918.7169	0.0000	0.4421	0.0000	2.9965	3.0112	14.7438	0.0000	0.0000	0.0000	0.0000	0.0000	0.0000	0.0000	0.0000	0.0000	0.9798	0.0005	0.9793	0.0005	0.0005	0.0000	0.9793	0.0000	0.9793	0.0000	0.0000	0.0000	0.0000	0.0000	0.0000	0.0000	0.0000	0.0000	0.0611	0.0334	0.0277	0.0145	0.0131	0.0014	0.0466	0.0203	0.0263
8	75	0.0582	8	2	0	1	0	0	0	0	0	0	0	1	1	0	0	0	0	0	0	Y	N	N	N	N	N	N	N	N	N	N	N	N	N	N	N	N	N	0.0000	0.0000	0.0000	0.0000	0.0000	0.0000	0.0000	0.0000	0.0000	0.0000	0.0000	0.0000	0.0000	0.0000	0.0000	0.0000	0.0000	0.0000	0.0000	0.0000	0.0000	0.0000	0.0000	0.0000	0.0000	0.0000	0.0000			0.0000	0.0000	0.0000	1.0006	3.0112	8.0096	0.0000	0.0000	0.0000	0.0000	0.0000	0.0000	0.0000	0.0000	0.0000	0.0000	0.0000	0.0000	0.0000	0.0000	0.0000	0.0000	0.0000	0.0000	0.0000	0.0000	0.0000	0.0000	0.0000	0.0000	0.0000	0.0000	0.0000	0.0260	0.0123	0.0136	0.0024	0.0021	0.0003	0.0236	0.0103	0.0134
8	76	0.0559	7	2	0	1	0	0	0	0	0	0	0	1	1	0	0	0	0	0	0	Y	N	N	N	N	N	N	N	N	N	N	N	N	N	N	N	N	N	0.0000	0.0000	0.0000	0.0000	0.0000	0.0000	0.0000	0.0000	0.0000	0.0000	0.0000	0.0000	0.0000	0.0000	0.0000	0.0000	0.0000	0.0000	0.0000	0.0000	0.0000	0.0000	0.0000	0.0000	0.0000	0.0000	0.0000			0.0000	0.0000	0.0000	0.9962	3.0112	0.5464	0.0000	0.0000	0.0000	0.0000	0.0000	0.0000	0.0000	0.0000	0.0000	0.0000	0.0000	0.0000	0.0000	0.0000	0.0000	0.0000	0.0000	0.0000	0.0000	0.0000	0.0000	0.0000	0.0000	0.0000	0.0000	0.0000	0.0000	0.0056	0.0029	0.0027	0.0010	0.0009	0.0001	0.0047	0.0020	0.0027
8	77	0.0495	6	2	0	1	0	0	0	0	0	0	0	1	1	0	0	0	0	0	0	Y	N	N	N	N	N	N	N	N	N	N	N	N	N	N	N	N	N	0.0000	0.0000	0.0000	0.0000	0.0000	0.0000	0.0000	0.0000	0.0000	0.0000	0.0000	0.0000	0.0000	0.0000	0.0000	0.0000	0.0000	0.0000	0.0000	0.0000	0.0000	0.0000	0.0000	0.0000	0.0000	0.0000	0.0000			0.0000	0.0000	0.0000	0.0041	3.0112	4.4918	0.0000	0.0000	0.0000	0.0000	0.0000	0.0000	0.0000	0.0000	0.0000	0.0000	0.0000	0.0000	0.0000	0.0000	0.0000	0.0000	0.0000	0.0000	0.0000	0.0000	0.0000	0.0000	0.0000	0.0000	0.0000	0.0000	0.0000	0.0141	0.0068	0.0074	0.0016	0.0014	0.0002	0.0125	0.0053	0.0072
8	78	0.1310	21	2	0	0	0	0	0	0	0	0	1	1	2	0	0	0	0	0	0	Y	N	N	N	N	Y	N	N	N	N	N	N	N	N	N	N	N	N	0.0000	0.0000	0.0000	0.0000	0.0000	0.0000	0.0000	0.0000	0.0000	0.0000	0.0000	0.0000	0.0000	0.0000	0.0000	0.0000	0.0000	0.0000	0.0000	0.0000	0.0000	0.0000	0.0000	0.0000	0.0000	0.0000	0.0000		0.0055	0.0000	-0.0000	0.0000	0.0166	3.0112	12.2009	0.0000	0.0000	0.0000	0.0000	0.0000	0.0000	0.0000	0.0000	0.0000	0.0000	0.0000	0.0000	0.0000	0.0000	0.0000	0.0000	0.0000	0.0000	0.0000	0.0000	0.0000	0.0000	0.0000	0.0000	0.0000	0.0000	0.0000	0.0362	0.0193	0.0170	0.0082	0.0073	0.0010	0.0280	0.0120	0.0160
8	79	0.1167	20	2	0	0	0	1	0	0	0	0	0	1	1	0	0	0	0	0	0	Y	N	N	N	N	N	N	N	N	N	N	N	N	N	N	N	N	N	0.0000	0.0000	0.0000	0.0000	0.0000	0.0000	0.0000	0.0000	0.0000	0.0000	0.0000	0.0000	0.0000	0.0000	0.0000	0.0000	0.0000	0.0000	0.0000	0.0000	0.0000	0.0000	0.0000	0.0000	0.0000	0.0000	0.0000		5.7011	0.0000	0.0000	0.0000	1.0285	3.0112	7.9781	0.0000	0.0000	0.0000	0.0000	0.0000	0.0000	0.0000	0.0000	0.0000	0.0000	0.0000	0.0000	0.0000	0.0000	0.0000	0.0000	0.0000	0.0000	0.0000	0.0000	0.0000	0.0000	0.0000	0.0000	0.0000	0.0000	0.0000	0.0247	0.0126	0.0121	0.0049	0.0041	0.0008	0.0198	0.0085	0.0113
8	82	0.0495	6	2	0	1	0	0	0	0	0	1	0	2	1	0	0	0	0	0	0	Y	N	N	N	Y	N	N	N	N	N	N	N	N	N	N	N	N	N	0.0000	0.0000	0.0000	0.0000	0.0000	0.0000	0.0000	0.0000	0.0000	0.0000	0.0000	0.0000	0.0000	0.0000	0.0000	0.0000	0.0000	0.0000	0.0000	0.0000	0.0000	0.0000	0.0000	0.0000	0.0000	0.0000	0.0000			0.0000	0.0000	0.0000	1.9997	3.0112	10.5319	0.0000	0.0000	0.0000	0.0000	0.0000	0.0000	0.0000	0.0000	0.0000	0.0000	0.0000	0.0000	0.0000	0.0000	0.0000	0.0000	0.0000	0.0000	0.0000	0.0000	0.0000	0.0000	0.0000	0.0000	0.0000	0.0000	0.0000	0.0364	0.0171	0.0193	0.0033	0.0029	0.0004	0.0331	0.0142	0.0189
8	83	0.0471	5	2	0	1	0	0	0	1	0	0	0	1	1	0	0	0	0	0	0	Y	N	N	N	N	N	N	N	N	N	N	N	N	N	N	N	N	N	0.0000	0.0000	0.0000	0.0000	0.0000	0.0000	0.0000	0.0000	0.0000	0.0000	0.0000	0.0000	0.0000	0.0000	0.0000	0.0000	0.0000	0.0000	0.0000	0.0000	0.0000	0.0000	0.0000	0.0000	0.0000	0.0000	0.0000			0.0000	0.0000	0.0000	0.0006	3.0112	1.5062	0.0000	0.0000	0.0000	0.0000	0.0000	0.0000	0.0000	0.0000	0.0000	0.0000	0.0000	0.0000	0.0000	0.0000	0.0000	0.0000	0.0000	0.0000	0.0000	0.0000	0.0000	0.0000	0.0000	0.0000	0.0000	0.0000	0.0000	0.0044	0.0020	0.0023	0.0003	0.0003	0.0000	0.0040	0.0017	0.0023
8	84	0.0723	9	2	0	0	0	0	0	0	0	0	0	1	1	0	0	0	0	0	0	Y	N	N	N	N	N	N	N	N	N	N	N	N	N	N	N	N	N	0.0000	0.0000	0.0000	0.0000	0.0000	0.0000	0.0000	0.0000	0.0000	0.0000	0.0000	0.0000	0.0000	0.0000	0.0000	0.0000	0.0000	0.0000	0.0000	0.0000	0.0000	0.0000	0.0000	0.0000	0.0000	0.0000	0.0000		inf	0.0000	0.0000	0.0000	2.9998	3.0112	15.4389	0.0000	0.0000	0.0000	0.0000	0.0000	0.0000	0.0000	0.0000	0.0000	0.0000	0.0000	0.0000	0.0000	0.0000	0.0000	0.0000	0.0000	0.0000	0.0000	0.0000	0.0000	0.0000	0.0000	0.0000	0.0000	0.0000	0.0000	0.0559	0.0293	0.0267	0.0095	0.0084	0.0011	0.0464	0.0209	0.0256
8	85	0.4523	14	1	0	0	0	0	0	0	0	1	0	2	1	0	0	0	0	0	0	N	N	N	N	Y	N	N	N	N	N	N	N	N	N	N	N	N	N	0.0000	0.0000	0.0000	0.0000	0.0000	0.0000	0.0000	0.0000	0.0000	0.0000	0.0000	0.0000	0.0000	0.0000	0.0000	0.0000	0.0000	0.0000	0.7726	0.1201	2.0196	0.2574	0.1823	0.7380	1.2793	0.0031	2.3303		8.7973	0.0000	0.1332	0.0000	26.8363	3.0112	143.7566	0.0000	0.0000	0.0000	0.0000	0.0000	0.0000	0.0000	0.0000	0.0000	0.3808	0.0389	0.3420	0.0629	0.0385	0.0244	0.3179	0.0003	0.3176	0.0000	0.0000	0.0000	0.0000	0.0000	0.0000	0.0000	0.0000	0.0000	0.4929	0.3236	0.1693	0.2444	0.2114	0.0330	0.2485	0.1122	0.1363
8	87	0.0166	2	2	0	1	0	0	0	1	0	0	0	2	2	0	0	0	0	0	0	Y	N	N	N	Y	Y	N	N	N	N	N	N	N	N	N	N	N	N	0.0000	0.0000	0.0000	0.0000	0.0000	0.0000	0.0000	0.0000	0.0000	0.0000	0.0000	0.0000	0.0000	0.0000	0.0000	0.0000	0.0000	0.0000	40.5190	0.0044	81.0387	0.0156	0.0158	0.0057	46.2867	0.0007	81.4284		18360.3208	0.0000	0.4501	0.0000	0.0022	3.0112	6.6376	0.0000	0.0000	0.0000	0.0000	0.0000	0.0000	0.0000	0.0000	0.0000	0.9966	0.0001	0.9965	0.0000	0.0000	0.0000	0.9965	0.0000	0.9965	0.0000	0.0000	0.0000	0.0000	0.0000	0.0000	0.0000	0.0000	0.0000	0.0246	0.0123	0.0123	0.0031	0.0030	0.0001	0.0215	0.0093	0.0122
8	89	0.0675	8	2	0	1	0	0	0	1	0	0	0	1	1	0	0	0	0	0	0	Y	N	N	N	N	N	N	N	N	N	N	N	N	N	N	N	N	N	0.0000	0.0000	0.0000	0.0000	0.0000	0.0000	0.0000	0.0000	0.0000	0.0000	0.0000	0.0000	0.0000	0.0000	0.0000	0.0000	0.0000	0.0000	0.0001	0.0000	0.0002	0.0000	0.0000	0.0000	0.0001	0.0000	0.0002		223.3916	0.0000	0.0000	0.0000	2.9990	3.0112	17.4729	0.0000	0.0000	0.0000	0.0000	0.0000	0.0000	0.0000	0.0000	0.0000	0.0000	0.0000	0.0000	0.0000	0.0000	0.0000	0.0000	0.0000	0.0000	0.0000	0.0000	0.0000	0.0000	0.0000	0.0000	0.0000	0.0000	0.0000	0.0630	0.0330	0.0300	0.0108	0.0096	0.0012	0.0521	0.0234	0.0288
8	90	0.0312	3	2	0	0	0	0	0	0	0	0	0	2	2	0	0	0	0	0	0	Y	N	N	N	Y	Y	N	N	N	N	N	N	N	N	N	N	N	N	0.0000	0.0000	0.0000	0.0000	0.0000	0.0000	0.0000	0.0000	0.0000	0.0000	0.0000	0.0000	0.0000	0.0000	0.0000	0.0000	0.0000	0.0000	20.7778	0.0018	42.1330	0.0061	0.0063	0.0014	23.8572	0.0004	42.5490		22470.0116	0.0000	0.4507	0.0000	2.0138	3.0112	11.8132	0.0000	0.0000	0.0000	0.0000	0.0000	0.0000	0.0000	0.0000	0.0000	0.9978	0.0000	0.9977	0.0000	0.0000	0.0000	0.9978	0.0000	0.9977	0.0000	0.0000	0.0000	0.0000	0.0000	0.0000	0.0000	0.0000	0.0000	0.0480	0.0243	0.0237	0.0062	0.0060	0.0002	0.0418	0.0184	0.0234
8	92	0.0878	13	2	0	1	0	1	0	1	0	0	0	1	1	0	0	0	0	0	0	Y	N	N	N	N	N	N	N	N	N	N	N	N	N	N	N	N	N	0.0000	0.0000	0.0000	0.0000	0.0000	0.0000	0.0000	0.0000	0.0000	0.0000	0.0000	0.0000	0.0000	0.0000	0.0000	0.0000	0.0000	0.0000	7.8123	0.0000	16.1679	0.0000	0.0000	0.0000	9.9178	0.0000	17.2587		inf	0.0000	0.4513	0.0000	5.0000	3.0112	42.2706	0.0000	0.0000	0.0000	0.0000	0.0000	0.0000	0.0000	0.0000	0.0000	0.9989	0.0000	0.9989	0.0000	0.0000	0.0000	0.9989	0.0000	0.9989	0.0000	0.0000	0.0000	0.0000	0.0000	0.0000	0.0000	0.0000	0.0000	0.1279	0.0661	0.0618	0.0271	0.0232	0.0039	0.1007	0.0428	0.0579
8	93	0.1214	15	1	0	0	0	0	0	0	0	0	0	1	2	0	0	0	0	0	0	N	N	N	N	N	Y	N	N	N	N	N	N	N	N	N	N	N	N	0.0000	0.0000	0.0000	0.0000	0.0000	0.0000	0.0000	0.0000	0.0000	0.0000	0.0000	0.0000	0.0000	0.0000	0.0000	0.0000	0.0000	0.0000	0.0000	0.0000	0.0000	0.0000	0.0000	0.0000	0.0000	0.0000	0.0000			0.0000	0.0000	0.0000	0.0000	3.0112	0.9594	0.0000	0.0000	0.0000	0.0000	0.0000	0.0000	0.0000	0.0000	0.0000	0.0000	0.0000	0.0000	0.0000	0.0000	0.0000	0.0000	0.0000	0.0000	0.0000	0.0000	0.0000	0.0000	0.0000	0.0000	0.0000	0.0000	0.0000	0.0031	0.0016	0.0014	0.0008	0.0007	0.0001	0.0023	0.0009	0.0013
8	94	0.0900	14	1	0	0	0	0	0	0	0	0	1	1	2	0	0	0	0	0	0	N	N	N	N	N	Y	N	N	N	N	N	N	N	N	N	N	N	N	0.0000	0.0000	0.0000	0.0000	0.0000	0.0000	0.0000	0.0000	0.0000	0.0000	0.0000	0.0000	0.0000	0.0000	0.0000	0.0000	0.0000	0.0000	0.0003	0.0006	0.0000	0.0013	0.0015	0.0000	0.0000	0.0000	0.0000		0.0000	0.0000	-0.0000	0.0000	0.0000	3.0112	18.8906	0.0000	0.0000	0.0000	0.0000	0.0000	0.0000	0.0000	0.0000	0.0000	0.0000	0.0000	0.0000	0.0000	0.0000	0.0000	0.0000	0.0000	0.0000	0.0000	0.0000	0.0000	0.0000	0.0000	0.0000	0.0000	0.0000	0.0000	0.0612	0.0329	0.0283	0.0148	0.0131	0.0017	0.0464	0.0198	0.0266
8	97	0.1059	14	2	0	1	0	0	0	1	0	0	0	1	1	0	0	0	0	0	0	Y	N	N	N	N	N	N	N	N	N	N	N	N	N	N	N	N	N	0.0000	0.0000	0.0000	0.0000	0.0000	0.0000	0.0000	0.0000	0.0000	0.0000	0.0000	0.0000	0.0000	0.0000	0.0000	0.0000	0.0000	0.0000	0.1247	0.0000	0.2594	0.0000	0.0000	0.0000	0.1624	0.0000	0.2785		inf	0.0000	0.0043	0.0000	2.0000	3.0112	24.9502	0.0000	0.0000	0.0000	0.0000	0.0000	0.0000	0.0000	0.0000	0.0000	0.0094	0.0000	0.0094	0.0000	0.0000	0.0000	0.0094	0.0000	0.0094	0.0000	0.0000	0.0000	0.0000	0.0000	0.0000	0.0000	0.0000	0.0000	0.0756	0.0392	0.0363	0.0175	0.0150	0.0025	0.0580	0.0242	0.0338
8	98	0.0845	11	2	0	0	1	0	0	0	1	0	0	2	2	0	0	0	0	0	0	Y	N	N	N	Y	Y	N	N	N	N	N	N	N	N	N	N	N	N	0.0000	0.0000	0.0000	0.0000	0.0000	0.0000	0.0000	0.0000	0.0000	0.0000	0.0000	0.0000	0.0000	0.0000	0.0000	0.0000	0.0000	0.0000	0.0000	0.0000	0.0000	0.0000	0.0000	0.0000	0.0000	0.0000	0.0000			0.0000	0.0000	0.0000	2.9999	3.0112	3.9821	0.0000	0.0000	0.0000	0.0000	0.0000	0.0000	0.0000	0.0000	0.0000	0.0000	0.0000	0.0000	0.0000	0.0000	0.0000	0.0000	0.0000	0.0000	0.0000	0.0000	0.0000	0.0000	0.0000	0.0000	0.0000	0.0000	0.0000	0.0204	0.0101	0.0103	0.0033	0.0028	0.0005	0.0171	0.0073	0.0098
8	99	0.0814	10	2	0	0	0	0	0	0	0	0	0	2	2	0	0	0	0	0	0	Y	N	N	N	Y	Y	N	N	N	N	N	N	N	N	N	N	N	N	0.0000	0.0000	0.0000	0.0000	0.0000	0.0000	0.0000	0.0000	0.0000	0.0000	0.0000	0.0000	0.0000	0.0000	0.0000	0.0000	0.0000	0.0000	0.0000	0.0000	0.0000	0.0000	0.0000	0.0000	0.0000	0.0000	0.0000			0.0000	0.0000	0.0000	0.0003	3.0112	2.0601	0.0000	0.0000	0.0000	0.0000	0.0000	0.0000	0.0000	0.0000	0.0000	0.0000	0.0000	0.0000	0.0000	0.0000	0.0000	0.0000	0.0000	0.0000	0.0000	0.0000	0.0000	0.0000	0.0000	0.0000	0.0000	0.0000	0.0000	0.0065	0.0033	0.0032	0.0012	0.0010	0.0001	0.0054	0.0023	0.0031
8	100	0.0616	9	2	0	0	0	0	0	0	0	1	1	2	2	0	0	0	0	0	0	Y	N	N	N	Y	Y	N	N	N	N	N	N	N	N	N	N	N	N	0.0000	0.0000	0.0000	0.0000	0.0000	0.0000	0.0000	0.0000	0.0000	0.0000	0.0000	0.0000	0.0000	0.0000	0.0000	0.0000	0.0000	0.0000	0.0000	0.0000	0.0000	0.0000	0.0000	0.0000	0.0000	0.0000	0.0000		0.0191	0.0000	-0.0000	0.0000	3.0014	3.0112	9.1620	0.0000	0.0000	0.0000	0.0000	0.0000	0.0000	0.0000	0.0000	0.0000	0.0000	0.0000	0.0000	0.0000	0.0000	0.0000	0.0000	0.0000	0.0000	0.0000	0.0000	0.0000	0.0000	0.0000	0.0000	0.0000	0.0000	0.0000	0.0372	0.0183	0.0189	0.0057	0.0050	0.0007	0.0315	0.0134	0.0182
8	101	0.0487	8	2	0	0	0	0	0	0	0	0	0	1	1	0	0	0	0	0	0	Y	N	N	N	N	N	N	N	N	N	N	N	N	N	N	N	N	N	0.0000	0.0000	0.0000	0.0000	0.0000	0.0000	0.0000	0.0000	0.0000	0.0000	0.0000	0.0000	0.0000	0.0000	0.0000	0.0000	0.0000	0.0000	0.0000	0.0000	0.0000	0.0000	0.0000	0.0000	0.0000	0.0000	0.0000		0.0047	0.0000	-0.0000	0.0000	0.0077	3.0112	8.0757	0.0000	0.0000	0.0000	0.0000	0.0000	0.0000	0.0000	0.0000	0.0000	0.0000	0.0000	0.0000	0.0000	0.0000	0.0000	0.0000	0.0000	0.0000	0.0000	0.0000	0.0000	0.0000	0.0000	0.0000	0.0000	0.0000	0.0000	0.0232	0.0108	0.0124	0.0019	0.0016	0.0002	0.0213	0.0092	0.0121
8	102	0.0471	7	2	0	0	0	0	0	0	0	0	0	1	1	0	0	0	0	0	0	Y	N	N	N	N	N	N	N	N	N	N	N	N	N	N	N	N	N	0.0000	0.0000	0.0000	0.0000	0.0000	0.0000	0.0000	0.0000	0.0000	0.0000	0.0000	0.0000	0.0000	0.0000	0.0000	0.0000	0.0000	0.0000	0.0000	0.0000	0.0000	0.0000	0.0000	0.0000	0.0000	0.0000	0.0000			0.0000	0.0000	0.0000	0.0011	3.0112	1.0060	0.0000	0.0000	0.0000	0.0000	0.0000	0.0000	0.0000	0.0000	0.0000	0.0000	0.0000	0.0000	0.0000	0.0000	0.0000	0.0000	0.0000	0.0000	0.0000	0.0000	0.0000	0.0000	0.0000	0.0000	0.0000	0.0000	0.0000	0.0029	0.0014	0.0016	0.0002	0.0002	0.0000	0.0027	0.0012	0.0015
8	106	0.0940	17	2	0	1	0	0	0	0	0	0	0	1	1	0	0	0	0	0	0	Y	N	N	N	N	N	N	N	N	N	N	N	N	N	N	N	N	N	0.0000	0.0000	0.0000	0.0000	0.0000	0.0000	0.0000	0.0000	0.0000	0.0000	0.0000	0.0000	0.0000	0.0000	0.0000	0.0000	0.0000	0.0000	18.0957	0.0081	38.9591	0.0186	0.0219	0.0000	23.5997	0.0000	42.1416		4166.2082	0.0000	0.4511	0.0000	4.0001	3.0112	15.3361	0.0000	0.0000	0.0000	0.0000	0.0000	0.0000	0.0000	0.0000	0.0000	0.9992	0.0002	0.9990	0.0002	0.0002	0.0000	0.9990	0.0000	0.9990	0.0000	0.0000	0.0000	0.0000	0.0000	0.0000	0.0000	0.0000	0.0000	0.0552	0.0296	0.0256	0.0129	0.0110	0.0019	0.0423	0.0186	0.0237
8	107	0.1217	19	2	0	1	0	0	0	0	0	0	0	1	1	0	0	0	0	0	0	Y	N	N	N	N	N	N	N	N	N	N	N	N	N	N	N	N	N	0.0000	0.0000	0.0000	0.0000	0.0000	0.0000	0.0000	0.0000	0.0000	0.0000	0.0000	0.0000	0.0000	0.0000	0.0000	0.0000	0.0000	0.0000	0.0000	0.0000	0.0000	0.0000	0.0000	0.0000	0.0000	0.0000	0.0000		0.0191	0.0000	-0.0000	0.0000	1.0040	3.0112	14.1141	0.0000	0.0000	0.0000	0.0000	0.0000	0.0000	0.0000	0.0000	0.0000	0.0000	0.0000	0.0000	0.0000	0.0000	0.0000	0.0000	0.0000	0.0000	0.0000	0.0000	0.0000	0.0000	0.0000	0.0000	0.0000	0.0000	0.0000	0.0430	0.0224	0.0206	0.0086	0.0075	0.0012	0.0343	0.0149	0.0194
8	108	0.1139	18	2	0	1	0	1	0	1	0	0	0	1	1	0	0	0	0	0	0	Y	N	N	N	N	N	N	N	N	N	N	N	N	N	N	N	N	N	0.0000	0.0000	0.0000	0.0000	0.0000	0.0000	0.0000	0.0000	0.0000	0.0000	0.0000	0.0000	0.0000	0.0000	0.0000	0.0000	0.0000	0.0000	0.0000	0.0000	0.0000	0.0000	0.0000	0.0000	0.0000	0.0000	0.0000		0.0047	0.0000	-0.0000	0.0000	1.0065	3.0112	3.9764	0.0000	0.0000	0.0000	0.0000	0.0000	0.0000	0.0000	0.0000	0.0000	0.0000	0.0000	0.0000	0.0000	0.0000	0.0000	0.0000	0.0000	0.0000	0.0000	0.0000	0.0000	0.0000	0.0000	0.0000	0.0000	0.0000	0.0000	0.0139	0.0071	0.0068	0.0027	0.0023	0.0004	0.0112	0.0048	0.0064
8	112	0.0397	4	2	0	1	0	0	0	1	0	0	0	1	1	0	0	0	0	0	0	Y	N	N	N	N	N	N	N	N	N	N	N	N	N	N	N	N	N	0.0000	0.0000	0.0000	0.0000	0.0000	0.0000	0.0000	0.0000	0.0000	0.0000	0.0000	0.0000	0.0000	0.0000	0.0000	0.0000	0.0000	0.0000	0.0009	0.0018	0.0000	0.0087	0.0092	0.0000	0.0000	0.0000	0.0000		0.0053	0.0000	-0.0000	0.0000	3.0154	3.0112	11.4025	0.0000	0.0000	0.0000	0.0000	0.0000	0.0000	0.0000	0.0000	0.0000	0.0000	0.0000	0.0000	0.0000	0.0000	0.0000	0.0000	0.0000	0.0000	0.0000	0.0000	0.0000	0.0000	0.0000	0.0000	0.0000	0.0000	0.0000	0.0458	0.0225	0.0233	0.0048	0.0045	0.0003	0.0410	0.0180	0.0230
8	119	0.1097	16	2	0	1	0	0	0	0	0	0	0	1	1	0	0	0	0	0	0	Y	N	N	N	N	N	N	N	N	N	N	N	N	N	N	N	N	N	0.0000	0.0000	0.0000	0.0000	0.0000	0.0000	0.0000	0.0000	0.0000	0.0000	0.0000	0.0000	0.0000	0.0000	0.0000	0.0000	0.0000	0.0000	13.7787	0.0108	29.1770	0.0236	0.0273	0.0000	18.1417	0.0000	31.3283		2419.1601	0.0000	0.4505	0.0000	6.0007	3.0112	19.0307	0.0000	0.0000	0.0000	0.0000	0.0000	0.0000	0.0000	0.0000	0.0000	0.9982	0.0004	0.9978	0.0004	0.0004	0.0000	0.9978	0.0000	0.9978	0.0000	0.0000	0.0000	0.0000	0.0000	0.0000	0.0000	0.0000	0.0000	0.0724	0.0382	0.0342	0.0174	0.0151	0.0023	0.0550	0.0232	0.0318
8	120	0.1062	15	2	0	1	0	0	0	1	0	0	0	1	1	0	0	0	0	0	0	Y	N	N	N	N	N	N	N	N	N	N	N	N	N	N	N	N	N	0.0000	0.0000	0.0000	0.0000	0.0000	0.0000	0.0000	0.0000	0.0000	0.0000	0.0000	0.0000	0.0000	0.0000	0.0000	0.0000	0.0000	0.0000	0.2585	0.1854	0.3489	0.3412	0.3723	0.0000	0.2231	0.0000	0.3696		1.5228	0.0000	0.0002	0.0000	0.0034	3.0112	3.2312	0.0000	0.0000	0.0000	0.0000	0.0000	0.0000	0.0000	0.0000	0.0000	0.0033	0.0013	0.0020	0.0013	0.0013	0.0000	0.0020	0.0000	0.0020	0.0000	0.0000	0.0000	0.0000	0.0000	0.0000	0.0000	0.0000	0.0000	0.0129	0.0071	0.0058	0.0039	0.0036	0.0003	0.0090	0.0036	0.0055
8	121	0.1059	14	2	0	0	0	0	0	0	0	0	0	1	1	0	0	0	0	0	0	Y	N	N	N	N	N	N	N	N	N	N	N	N	N	N	N	N	N	0.0000	0.0000	0.0000	0.0000	0.0000	0.0000	0.0000	0.0000	0.0000	0.0000	0.0000	0.0000	0.0000	0.0000	0.0000	0.0000	0.0000	0.0000	0.3538	0.2668	0.4706	0.3978	0.4139	0.0000	0.3263	0.0000	0.4877		1.3139	0.0000	0.0001	0.0000	0.0000	3.0112	1.2022	0.0000	0.0000	0.0000	0.0000	0.0000	0.0000	0.0000	0.0000	0.0000	0.0029	0.0013	0.0017	0.0013	0.0013	0.0000	0.0017	0.0000	0.0017	0.0000	0.0000	0.0000	0.0000	0.0000	0.0000	0.0000	0.0000	0.0000	0.0083	0.0048	0.0035	0.0032	0.0031	0.0001	0.0051	0.0017	0.0034
8	122	0.0846	13	2	0	0	0	1	0	0	0	0	0	1	1	0	0	0	0	0	0	Y	N	N	N	N	N	N	N	N	N	N	N	N	N	N	N	N	N	0.0000	0.0000	0.0000	0.0000	0.0000	0.0000	0.0000	0.0000	0.0000	0.0000	0.0000	0.0000	0.0000	0.0000	0.0000	0.0000	0.0000	0.0000	22.5570	0.0010	50.7257	0.0022	0.0025	0.0000	30.2369	0.0000	53.7989		39864.3253	0.0000	0.4516	0.0000	0.0041	3.0112	12.5856	0.0000	0.0000	0.0000	0.0000	0.0000	0.0000	0.0000	0.0000	0.0000	0.9998	0.0000	0.9998	0.0000	0.0000	0.0000	0.9998	0.0000	0.9998	0.0000	0.0000	0.0000	0.0000	0.0000	0.0000	0.0000	0.0000	0.0000	0.0443	0.0246	0.0197	0.0113	0.0101	0.0011	0.0331	0.0145	0.0186
8	126	0.1195	19	1	0	1	0	0	0	0	0	1	0	2	1	0	0	0	0	0	0	N	N	N	N	Y	N	N	N	N	N	N	N	N	N	N	N	N	N	0.0000	0.0000	0.0000	0.0000	0.0000	0.0000	0.0000	0.0000	0.0000	0.0000	0.0000	0.0000	0.0000	0.0000	0.0000	0.0000	0.0000	0.0000	0.0000	0.0000	0.0000	0.0000	0.0000	0.0000	0.0000	0.0000	0.0000			0.0000	0.0000	0.0000	0.0003	3.0112	3.0192	0.0000	0.0000	0.0000	0.0000	0.0000	0.0000	0.0000	0.0000	0.0000	0.0000	0.0000	0.0000	0.0000	0.0000	0.0000	0.0000	0.0000	0.0000	0.0000	0.0000	0.0000	0.0000	0.0000	0.0000	0.0000	0.0000	0.0000	0.0088	0.0046	0.0041	0.0022	0.0018	0.0003	0.0066	0.0028	0.0038
8	131	0.1258	21	2	0	1	0	0	0	0	0	0	0	1	1	0	0	0	0	0	0	Y	N	N	N	N	N	N	N	N	N	N	N	N	N	N	N	N	N	0.0000	0.0000	0.0000	0.0000	0.0000	0.0000	0.0000	0.0000	0.0000	0.0000	0.0000	0.0000	0.0000	0.0000	0.0000	0.0000	0.0000	0.0000	0.0003	0.0006	0.0000	0.0013	0.0015	0.0000	0.0000	0.0000	0.0000		0.0000	0.0000	-0.0000	0.0000	1.0211	3.0112	9.0731	0.0000	0.0000	0.0000	0.0000	0.0000	0.0000	0.0000	0.0000	0.0000	0.0000	0.0000	0.0000	0.0000	0.0000	0.0000	0.0000	0.0000	0.0000	0.0000	0.0000	0.0000	0.0000	0.0000	0.0000	0.0000	0.0000	0.0000	0.0288	0.0154	0.0134	0.0077	0.0065	0.0011	0.0212	0.0089	0.0123
8	132	0.1465	21	1	0	0	0	0	0	0	0	0	1	1	2	0	0	0	0	0	0	N	N	N	N	N	Y	N	N	N	N	N	N	N	N	N	N	N	N	0.0000	0.0000	0.0000	0.0000	0.0000	0.0000	0.0000	0.0000	0.0000	0.0000	0.0000	0.0000	0.0000	0.0000	0.0000	0.0000	0.0000	0.0000	0.0000	0.0000	0.0000	0.0001	0.0001	0.0000	0.0000	0.0000	0.0000		0.0000	0.0000	-0.0000	0.0000	0.0075	3.0112	1.9743	0.0000	0.0000	0.0000	0.0000	0.0000	0.0000	0.0000	0.0000	0.0000	0.0000	0.0000	0.0000	0.0000	0.0000	0.0000	0.0000	0.0000	0.0000	0.0000	0.0000	0.0000	0.0000	0.0000	0.0000	0.0000	0.0000	0.0000	0.0058	0.0031	0.0027	0.0015	0.0013	0.0002	0.0042	0.0018	0.0024
8	134	0.1413	19	1	0	0	0	0	0	0	0	0	1	1	2	0	0	0	0	0	0	N	N	N	N	N	Y	N	N	N	N	N	N	N	N	N	N	N	N	0.0000	0.0000	0.0000	0.0000	0.0000	0.0000	0.0000	0.0000	0.0000	0.0000	0.0000	0.0000	0.0000	0.0000	0.0000	0.0000	0.0000	0.0000	0.0000	0.0000	0.0000	0.0000	0.0000	0.0000	0.0000	0.0000	0.0000			0.0000	0.0000	0.0000	2.0569	3.0112	5.7592	0.0000	0.0000	0.0000	0.0000	0.0000	0.0000	0.0000	0.0000	0.0000	0.0000	0.0000	0.0000	0.0000	0.0000	0.0000	0.0000	0.0000	0.0000	0.0000	0.0000	0.0000	0.0000	0.0000	0.0000	0.0000	0.0000	0.0000	0.0244	0.0135	0.0109	0.0069	0.0060	0.0009	0.0176	0.0076	0.0100
8	135	0.1429	20	1	0	0	0	0	0	0	0	0	1	1	2	0	0	0	0	0	0	N	N	N	N	N	Y	N	N	N	N	N	N	N	N	N	N	N	N	0.0000	0.0000	0.0000	0.0000	0.0000	0.0000	0.0000	0.0000	0.0000	0.0000	0.0000	0.0000	0.0000	0.0000	0.0000	0.0000	0.0000	0.0000	0.0000	0.0000	0.0000	0.0000	0.0000	0.0000	0.0000	0.0000	0.0000			0.0000	0.0000	0.0000	1.0111	3.0112	8.8059	0.0000	0.0000	0.0000	0.0000	0.0000	0.0000	0.0000	0.0000	0.0000	0.0000	0.0000	0.0000	0.0000	0.0000	0.0000	0.0000	0.0000	0.0000	0.0000	0.0000	0.0000	0.0000	0.0000	0.0000	0.0000	0.0000	0.0000	0.0295	0.0162	0.0133	0.0082	0.0070	0.0012	0.0213	0.0092	0.0122
8	138	0.1196	18	2	0	1	0	0	0	0	0	0	0	2	1	0	0	0	0	0	0	Y	N	N	N	Y	N	N	N	N	N	N	N	N	N	N	N	N	N	0.0000	0.0000	0.0000	0.0000	0.0000	0.0000	0.0000	0.0000	0.0000	0.0000	0.0000	0.0000	0.0000	0.0000	0.0000	0.0000	0.0000	0.0000	0.0971	0.0000	0.2184	0.0000	0.0000	0.0000	0.1373	0.0000	0.2439		inf	0.0000	0.0005	0.0000	0.0010	3.0112	4.0030	0.0000	0.0000	0.0000	0.0000	0.0000	0.0000	0.0000	0.0000	0.0000	0.0012	0.0000	0.0012	0.0000	0.0000	0.0000	0.0012	0.0000	0.0012	0.0000	0.0000	0.0000	0.0000	0.0000	0.0000	0.0000	0.0000	0.0000	0.0121	0.0067	0.0054	0.0036	0.0030	0.0006	0.0086	0.0038	0.0048
8	139	0.0940	17	2	0	1	0	0	0	0	0	1	0	2	1	0	0	0	0	0	0	Y	N	N	N	Y	N	N	N	N	N	N	N	N	N	N	N	N	N	0.0000	0.0000	0.0000	0.0000	0.0000	0.0000	0.0000	0.0000	0.0000	0.0000	0.0000	0.0000	0.0000	0.0000	0.0000	0.0000	0.0000	0.0000	22.1406	0.0152	48.2068	0.0344	0.0403	0.0000	29.0646	0.0000	52.1261		2694.7707	0.0000	0.4505	0.0000	2.9989	3.0112	12.3267	0.0000	0.0000	0.0000	0.0000	0.0000	0.0000	0.0000	0.0000	0.0000	0.9980	0.0004	0.9977	0.0004	0.0004	0.0000	0.9977	0.0000	0.9977	0.0000	0.0000	0.0000	0.0000	0.0000	0.0000	0.0000	0.0000	0.0000	0.0451	0.0244	0.0207	0.0108	0.0092	0.0016	0.0343	0.0152	0.0191
8	140	0.0932	16	2	0	1	0	1	0	1	0	0	0	1	1	0	0	0	0	0	0	Y	N	N	N	N	N	N	N	N	N	N	N	N	N	N	N	N	N	0.0000	0.0000	0.0000	0.0000	0.0000	0.0000	0.0000	0.0000	0.0000	0.0000	0.0000	0.0000	0.0000	0.0000	0.0000	0.0000	0.0000	0.0000	0.1988	0.0112	0.4411	0.0219	0.0243	0.0000	0.2702	0.0000	0.4706		30.5077	0.0000	0.0003	0.0000	0.0011	3.0112	0.8290	0.0000	0.0000	0.0000	0.0000	0.0000	0.0000	0.0000	0.0000	0.0000	0.0006	0.0000	0.0006	0.0000	0.0000	0.0000	0.0006	0.0000	0.0006	0.0000	0.0000	0.0000	0.0000	0.0000	0.0000	0.0000	0.0000	0.0000	0.0032	0.0018	0.0014	0.0009	0.0008	0.0001	0.0023	0.0010	0.0013
8	141	0.1163	18	2	0	1	0	0	0	0	0	0	0	1	1	0	0	0	0	0	0	Y	N	N	N	N	N	N	N	N	N	N	N	N	N	N	N	N	N	0.0000	0.0000	0.0000	0.0000	0.0000	0.0000	0.0000	0.0000	0.0000	0.0000	0.0000	0.0000	0.0000	0.0000	0.0000	0.0000	0.0000	0.0000	0.6747	1.2608	0.0018	2.7167	3.1593	0.0002	0.0011	0.0000	0.0019		0.0012	0.0000	-0.0093	0.0000	0.0243	3.0112	8.8037	0.0000	0.0000	0.0000	0.0000	0.0000	0.0000	0.0000	0.0000	0.0000	0.0171	0.0171	0.0000	0.0171	0.0171	0.0000	0.0000	0.0000	0.0000	0.0000	0.0000	0.0000	0.0000	0.0000	0.0000	0.0000	0.0000	0.0000	0.0253	0.0135	0.0118	0.0063	0.0054	0.0009	0.0190	0.0081	0.0109
8	142	0.0998	17	2	0	1	0	1	0	1	0	0	0	1	1	0	0	0	0	0	0	Y	N	N	N	N	N	N	N	N	N	N	N	N	N	N	N	N	N	0.0000	0.0000	0.0000	0.0000	0.0000	0.0000	0.0000	0.0000	0.0000	0.0000	0.0000	0.0000	0.0000	0.0000	0.0000	0.0000	0.0000	0.0000	0.6466	0.0082	1.3589	0.0134	0.0157	0.0001	0.8563	0.0032	1.4741		148.0819	0.0000	0.0086	0.0000	4.9785	3.0112	5.0554	0.0000	0.0000	0.0000	0.0000	0.0000	0.0000	0.0000	0.0000	0.0000	0.0192	0.0001	0.0191	0.0001	0.0001	0.0000	0.0191	0.0000	0.0191	0.0000	0.0000	0.0000	0.0000	0.0000	0.0000	0.0000	0.0000	0.0000	0.0297	0.0157	0.0140	0.0074	0.0063	0.0011	0.0223	0.0094	0.0129
8	143	0.1388	22	2	0	1	0	0	0	0	0	0	0	2	1	0	0	0	0	0	0	Y	N	N	N	Y	N	N	N	N	N	N	N	N	N	N	N	N	N	0.0000	0.0000	0.0000	0.0000	0.0000	0.0000	0.0000	0.0000	0.0000	0.0000	0.0000	0.0000	0.0000	0.0000	0.0000	0.0000	0.0000	0.0000	0.9424	1.7089	0.0000	3.3904	4.0155	0.0000	0.0000	0.0000	0.0000		0.0000	0.0000	-0.0044	0.0000	0.0000	3.0112	3.0055	0.0000	0.0000	0.0000	0.0000	0.0000	0.0000	0.0000	0.0000	0.0000	0.0079	0.0079	0.0000	0.0079	0.0079	0.0000	0.0000	0.0000	0.0000	0.0000	0.0000	0.0000	0.0000	0.0000	0.0000	0.0000	0.0000	0.0000	0.0084	0.0046	0.0038	0.0023	0.0020	0.0004	0.0061	0.0027	0.0034
8	144	0.1258	21	2	0	1	0	0	0	0	0	1	0	2	1	0	0	0	0	0	0	Y	N	N	N	Y	N	N	N	N	N	N	N	N	N	N	N	N	N	0.0000	0.0000	0.0000	0.0000	0.0000	0.0000	0.0000	0.0000	0.0000	0.0000	0.0000	0.0000	0.0000	0.0000	0.0000	0.0000	0.0000	0.0000	0.3367	0.6258	0.0046	0.0016	0.0018	0.0000	0.4599	1.0954	0.0050		0.0063	0.0000	-0.0043	0.0000	2.0192	3.0112	6.0784	0.0000	0.0000	0.0000	0.0000	0.0000	0.0000	0.0000	0.0000	0.0000	0.0079	0.0079	0.0000	0.0000	0.0000	0.0000	0.0079	0.0079	0.0000	0.0000	0.0000	0.0000	0.0000	0.0000	0.0000	0.0000	0.0000	0.0000	0.0236	0.0126	0.0110	0.0063	0.0054	0.0009	0.0173	0.0072	0.0101
8	145	0.1210	20	2	0	1	0	1	0	0	0	0	0	1	1	0	0	0	0	0	0	Y	N	N	N	N	N	N	N	N	N	N	N	N	N	N	N	N	N	0.0000	0.0000	0.0000	0.0000	0.0000	0.0000	0.0000	0.0000	0.0000	0.0000	0.0000	0.0000	0.0000	0.0000	0.0000	0.0000	0.0000	0.0000	0.0012	0.0023	0.0000	0.0000	0.0000	0.0000	0.0016	0.0037	0.0000		0.0000	0.0000	-0.0000	0.0000	1.9811	3.0112	0.9869	0.0000	0.0000	0.0000	0.0000	0.0000	0.0000	0.0000	0.0000	0.0000	0.0000	0.0000	0.0000	0.0000	0.0000	0.0000	0.0000	0.0000	0.0000	0.0000	0.0000	0.0000	0.0000	0.0000	0.0000	0.0000	0.0000	0.0000	0.0084	0.0044	0.0040	0.0020	0.0017	0.0003	0.0063	0.0027	0.0036
9	10	0.1178	20	1	1	1	0	0	1	0	0	1	0	2	1	0	0	0	0	0	0	N	N	N	N	Y	N	N	N	N	N	N	N	N	N	N	N	N	N	0.0000	0.0000	0.0000	0.0000	0.0000	0.0000	0.0000	0.0000	0.0000	0.0000	0.0000	0.0000	0.0000	0.0000	0.0000	0.0000	0.0000	0.0000	0.0000	0.0000	0.0000	0.0000	0.0000	0.0000	0.0000	0.0000	0.0000			0.0000	0.0000	0.0001	0.0000	1.0042	0.0003	0.0000	0.0000	0.0000	0.0000	0.0000	0.0000	0.0000	0.0000	0.0000	0.0000	0.0000	0.0000	0.0000	0.0000	0.0000	0.0000	0.0000	0.0000	0.0000	0.0000	0.0000	0.0000	0.0000	0.0000	0.0000	0.0000	0.0000	0.0000	0.0000	0.0000	0.0000	0.0000	0.0000	0.0000	0.0000	0.0000
9	11	0.1060	19	1	0	1	0	0	0	0	0	1	0	2	1	0	0	0	0	0	0	N	N	N	N	Y	N	N	N	N	N	N	N	N	N	N	N	N	N	0.0000	0.0000	0.0000	0.0000	0.0000	0.0000	0.0000	0.0000	0.0000	0.0000	0.0000	0.0000	0.0000	0.0000	0.0000	0.0000	0.0000	0.0000	0.0041	0.0000	0.0093	0.0000	0.0000	0.0000	0.0058	0.0000	0.0100		922.8267	0.0000	0.0000	0.0001	1.9982	1.0042	5.4332	0.0000	0.0000	0.0000	0.0000	0.0000	0.0000	0.0000	0.0000	0.0000	0.0000	0.0000	0.0000	0.0000	0.0000	0.0000	0.0000	0.0000	0.0000	0.0000	0.0000	0.0000	0.0000	0.0000	0.0000	0.0000	0.0000	0.0000	0.0091	0.0051	0.0040	0.0027	0.0024	0.0003	0.0064	0.0027	0.0037
9	25	0.1099	17	1	0	1	1	0	0	0	1	1	0	2	1	0	0	0	0	0	0	N	N	N	N	Y	N	N	N	N	N	N	N	N	N	N	N	N	N	0.0000	0.0000	0.0000	0.0000	0.0000	0.0000	0.0000	0.0000	0.0000	0.0000	0.0000	0.0000	0.0000	0.0000	0.0000	0.0000	0.0000	0.0000	0.0000	0.0000	0.0000	0.0000	0.0000	0.0000	0.0000	0.0000	0.0000			0.0000	0.0000	0.0001	0.9999	1.0042	1.0788	0.0000	0.0000	0.0000	0.0000	0.0000	0.0000	0.0000	0.0000	0.0000	0.0000	0.0000	0.0000	0.0000	0.0000	0.0000	0.0000	0.0000	0.0000	0.0000	0.0000	0.0000	0.0000	0.0000	0.0000	0.0000	0.0000	0.0000	0.0023	0.0012	0.0011	0.0006	0.0005	0.0001	0.0017	0.0008	0.0010
9	44	0.0940	18	1	0	1	1	0	0	0	0	1	0	2	1	0	0	0	0	0	0	N	N	N	N	Y	N	N	N	N	N	N	N	N	N	N	N	N	N	0.0000	0.0000	0.0000	0.0000	0.0000	0.0000	0.0000	0.0000	0.0000	0.0000	0.0000	0.0000	0.0000	0.0000	0.0000	0.0000	0.0000	0.0000	0.0271	0.0506	0.0000	0.1210	0.1436	0.0001	0.0000	0.0000	0.0000		0.0001	0.0000	-0.0005	0.0001	7.0030	1.0042	25.8862	0.0000	0.0000	0.0000	0.0000	0.0000	0.0000	0.0000	0.0000	0.0000	0.0009	0.0009	0.0000	0.0009	0.0009	0.0000	0.0000	0.0000	0.0000	0.0000	0.0000	0.0000	0.0000	0.0000	0.0000	0.0000	0.0000	0.0000	0.0327	0.0175	0.0152	0.0073	0.0062	0.0012	0.0254	0.0113	0.0140
9	48	0.0940	18	1	0	1	1	0	0	0	0	1	0	2	1	0	0	0	0	0	0	N	N	N	N	Y	N	N	N	N	N	N	N	N	N	N	N	N	N	0.0000	0.0000	0.0000	0.0000	0.0000	0.0000	0.0000	0.0000	0.0000	0.0000	0.0000	0.0000	0.0000	0.0000	0.0000	0.0000	0.0000	0.0000	0.0012	0.0015	0.0008	0.0032	0.0036	0.0000	0.0005	0.0000	0.0009		0.4039	0.0000	-0.0000	0.0001	1.7572	1.0042	7.6758	0.0000	0.0000	0.0000	0.0000	0.0000	0.0000	0.0000	0.0000	0.0000	0.0000	0.0000	0.0000	0.0000	0.0000	0.0000	0.0000	0.0000	0.0000	0.0000	0.0000	0.0000	0.0000	0.0000	0.0000	0.0000	0.0000	0.0000	0.0118	0.0067	0.0051	0.0032	0.0028	0.0004	0.0086	0.0039	0.0047
9	49	0.0850	17	1	0	1	1	0	0	0	1	1	0	2	1	0	0	0	0	0	0	N	N	N	N	Y	N	N	N	N	N	N	N	N	N	N	N	N	N	0.0000	0.0000	0.0000	0.0000	0.0000	0.0000	0.0000	0.0000	0.0000	0.0000	0.0000	0.0000	0.0000	0.0000	0.0000	0.0000	0.0000	0.0000	0.0005	0.0009	0.0001	0.0020	0.0023	0.0000	0.0000	0.0000	0.0001		0.0423	0.0000	-0.0000	0.0001	1.2605	1.0042	5.3560	0.0000	0.0000	0.0000	0.0000	0.0000	0.0000	0.0000	0.0000	0.0000	0.0000	0.0000	0.0000	0.0000	0.0000	0.0000	0.0000	0.0000	0.0000	0.0000	0.0000	0.0000	0.0000	0.0000	0.0000	0.0000	0.0000	0.0000	0.0081	0.0046	0.0035	0.0020	0.0018	0.0002	0.0061	0.0029	0.0032
9	50	0.0850	17	1	0	1	0	0	0	0	0	1	0	2	1	0	0	0	0	0	0	N	N	N	N	Y	N	N	N	N	N	N	N	N	N	N	N	N	N	0.0000	0.0000	0.0000	0.0000	0.0000	0.0000	0.0000	0.0000	0.0000	0.0000	0.0000	0.0000	0.0000	0.0000	0.0000	0.0000	0.0000	0.0000	0.0000	0.0000	0.0000	0.0000	0.0000	0.0000	0.0000	0.0000	0.0000		inf	0.0000	0.0000	0.0001	1.0001	1.0042	7.4568	0.0000	0.0000	0.0000	0.0000	0.0000	0.0000	0.0000	0.0000	0.0000	0.0000	0.0000	0.0000	0.0000	0.0000	0.0000	0.0000	0.0000	0.0000	0.0000	0.0000	0.0000	0.0000	0.0000	0.0000	0.0000	0.0000	0.0000	0.0099	0.0056	0.0044	0.0024	0.0021	0.0003	0.0075	0.0035	0.0040
9	51	0.0805	16	1	0	1	0	0	0	0	0	1	1	2	1	0	0	0	0	0	0	N	N	N	N	Y	N	N	N	N	N	N	N	N	N	N	N	N	N	0.0000	0.0000	0.0000	0.0000	0.0000	0.0000	0.0000	0.0000	0.0000	0.0000	0.0000	0.0000	0.0000	0.0000	0.0000	0.0000	0.0000	0.0000	0.0001	0.0000	0.0001	0.0001	0.0001	0.0000	0.0000	0.0000	0.0001		0.9543	0.0000	-0.0000	0.0001	0.0061	1.0042	2.7591	0.0000	0.0000	0.0000	0.0000	0.0000	0.0000	0.0000	0.0000	0.0000	0.0000	0.0000	0.0000	0.0000	0.0000	0.0000	0.0000	0.0000	0.0000	0.0000	0.0000	0.0000	0.0000	0.0000	0.0000	0.0000	0.0000	0.0000	0.0063	0.0041	0.0022	0.0026	0.0023	0.0003	0.0037	0.0018	0.0019
9	70	0.0877	17	1	0	1	0	0	0	0	0	1	1	2	1	0	0	0	0	0	0	N	N	N	N	Y	N	N	N	N	N	N	N	N	N	N	N	N	N	0.0000	0.0000	0.0000	0.0000	0.0000	0.0000	0.0000	0.0000	0.0000	0.0000	0.0000	0.0000	0.0000	0.0000	0.0000	0.0000	0.0000	0.0000	0.0717	0.1294	0.0000	0.2725	0.3068	0.0000	0.0000	0.0000	0.0000		0.0000	0.0000	-0.0005	0.0001	2.3581	1.0042	7.4584	0.0000	0.0000	0.0000	0.0000	0.0000	0.0000	0.0000	0.0000	0.0000	0.0009	0.0009	0.0000	0.0009	0.0009	0.0000	0.0000	0.0000	0.0000	0.0000	0.0000	0.0000	0.0000	0.0000	0.0000	0.0000	0.0000	0.0000	0.0123	0.0068	0.0055	0.0032	0.0029	0.0004	0.0091	0.0039	0.0051
9	71	0.0805	16	1	0	1	0	0	0	0	0	1	0	2	0	0	0	0	0	0	0	N	N	N	N	Y	N	N	N	N	N	N	N	N	N	N	N	N	N	0.0000	0.0000	0.0000	0.0000	0.0000	0.0000	0.0000	0.0000	0.0000	0.0000	0.0000	0.0000	0.0000	0.0000	0.0000	0.0000	0.0000	0.0000	0.0043	0.0043	0.0044	0.0074	0.0084	0.0000	0.0027	0.0002	0.0050		0.6410	0.0000	-0.0000	0.0001	1.7590	1.0042	3.5356	0.0000	0.0000	0.0000	0.0000	0.0000	0.0000	0.0000	0.0000	0.0000	0.0000	0.0000	0.0000	0.0000	0.0000	0.0000	0.0000	0.0000	0.0000	0.0000	0.0000	0.0000	0.0000	0.0000	0.0000	0.0000	0.0000	0.0000	0.0088	0.0054	0.0034	0.0031	0.0027	0.0004	0.0057	0.0027	0.0030
9	72	0.0772	15	1	0	1	0	0	0	0	0	2	0	2	0	0	0	0	0	0	0	N	N	N	N	Y	N	N	N	N	N	N	N	N	N	N	N	N	N	0.0000	0.0000	0.0000	0.0000	0.0000	0.0000	0.0000	0.0000	0.0000	0.0000	0.0000	0.0000	0.0000	0.0000	0.0000	0.0000	0.0000	0.0000	0.0001	0.0001	0.0000	0.0004	0.0005	0.0000	0.0000	0.0000	0.0000		0.2584	0.0000	-0.0000	0.0001	0.0029	1.0042	2.4186	0.0000	0.0000	0.0000	0.0000	0.0000	0.0000	0.0000	0.0000	0.0000	0.0000	0.0000	0.0000	0.0000	0.0000	0.0000	0.0000	0.0000	0.0000	0.0000	0.0000	0.0000	0.0000	0.0000	0.0000	0.0000	0.0000	0.0000	0.0025	0.0013	0.0012	0.0004	0.0004	0.0001	0.0021	0.0009	0.0011
9	85	0.4233	15	0	0	1	0	0	0	0	0	2	0	2	0	0	0	0	0	0	0	N	N	N	N	Y	N	N	N	N	N	N	N	N	N	N	N	N	N	0.1934	0.0000	21.7248	0.0029	0.0000	56.6006	19.5385	0.0000	19.0826	0.1808	0.0000	0.5516	0.0054	0.0000	0.7477	0.3104	0.0000	0.5498	0.9346	1.4183	0.0254	1.8256	2.1452	0.0132	0.0159	0.0000	0.0288	inf	0.0095	0.0000	-0.0868	0.0001	26.8363	1.0042	143.7566	0.0000	0.0000	0.0000	0.0000	0.0000	0.0000	0.0000	0.0000	0.0000	0.1611	0.1595	0.0015	0.1597	0.1595	0.0002	0.0013	0.0000	0.0013	0.0001	0.0001	0.0000	0.0001	0.0001	0.0000	0.0001	0.0000	0.0000	0.1723	0.1125	0.0598	0.0875	0.0744	0.0131	0.0848	0.0381	0.0467
9	88	0.0915	18	1	0	1	0	0	0	0	0	1	0	2	1	0	0	0	0	0	0	N	N	N	N	Y	N	N	N	N	N	N	N	N	N	N	N	N	N	0.0000	0.0000	0.0000	0.0000	0.0000	0.0000	0.0000	0.0000	0.0000	0.0000	0.0000	0.0000	0.0000	0.0000	0.0000	0.0000	0.0000	0.0000	0.0044	0.0060	0.0024	0.0119	0.0131	0.0000	0.0014	0.0000	0.0025		0.2995	0.0000	-0.0000	0.0001	1.0173	1.0042	8.6136	0.0000	0.0000	0.0000	0.0000	0.0000	0.0000	0.0000	0.0000	0.0000	0.0001	0.0000	0.0000	0.0000	0.0000	0.0000	0.0000	0.0000	0.0000	0.0000	0.0000	0.0000	0.0000	0.0000	0.0000	0.0000	0.0000	0.0000	0.0127	0.0072	0.0055	0.0037	0.0033	0.0003	0.0091	0.0039	0.0051
9	90	0.0915	18	1	0	1	0	0	0	0	0	1	0	2	1	0	0	0	0	0	0	N	N	N	N	Y	N	N	N	N	N	N	N	N	N	N	N	N	N	0.0000	0.0000	0.0000	0.0000	0.0000	0.0000	0.0000	0.0000	0.0000	0.0000	0.0000	0.0000	0.0000	0.0000	0.0000	0.0000	0.0000	0.0000	0.0010	0.0000	0.0023	0.0000	0.0000	0.0000	0.0014	0.0000	0.0024		386.1333	0.0000	0.0000	0.0001	2.0138	1.0042	11.8132	0.0000	0.0000	0.0000	0.0000	0.0000	0.0000	0.0000	0.0000	0.0000	0.0000	0.0000	0.0000	0.0000	0.0000	0.0000	0.0000	0.0000	0.0000	0.0000	0.0000	0.0000	0.0000	0.0000	0.0000	0.0000	0.0000	0.0000	0.0166	0.0093	0.0073	0.0045	0.0040	0.0005	0.0121	0.0053	0.0069
9	91	0.0829	17	1	0	1	0	0	0	0	0	2	1	2	1	0	0	0	0	0	0	N	N	N	N	Y	N	N	N	N	N	N	N	N	N	N	N	N	N	0.0000	0.0000	0.0000	0.0000	0.0000	0.0000	0.0000	0.0000	0.0000	0.0000	0.0000	0.0000	0.0000	0.0000	0.0000	0.0000	0.0000	0.0000	0.0042	0.0033	0.0053	0.0069	0.0076	0.0000	0.0032	0.0000	0.0056		1.2253	0.0000	0.0000	0.0001	1.9725	1.0042	4.2763	0.0000	0.0000	0.0000	0.0000	0.0000	0.0000	0.0000	0.0000	0.0000	0.0000	0.0000	0.0000	0.0000	0.0000	0.0000	0.0000	0.0000	0.0000	0.0000	0.0000	0.0000	0.0000	0.0000	0.0000	0.0000	0.0000	0.0000	0.0083	0.0047	0.0036	0.0022	0.0020	0.0002	0.0060	0.0026	0.0034
9	98	0.1130	18	1	0	1	1	0	0	0	1	1	0	2	1	0	0	0	0	0	0	N	N	N	N	Y	N	N	N	N	N	N	N	N	N	N	N	N	N	0.0000	0.0000	0.0000	0.0000	0.0000	0.0000	0.0000	0.0000	0.0000	0.0000	0.0000	0.0000	0.0000	0.0000	0.0000	0.0000	0.0000	0.0000	0.0000	0.0000	0.0000	0.0000	0.0000	0.0000	0.0000	0.0000	0.0000			0.0000	0.0000	0.0001	2.9999	1.0042	3.9821	0.0000	0.0000	0.0000	0.0000	0.0000	0.0000	0.0000	0.0000	0.0000	0.0000	0.0000	0.0000	0.0000	0.0000	0.0000	0.0000	0.0000	0.0000	0.0000	0.0000	0.0000	0.0000	0.0000	0.0000	0.0000	0.0000	0.0000	0.0071	0.0038	0.0033	0.0017	0.0014	0.0003	0.0054	0.0024	0.0030
9	99	0.1099	17	1	0	1	0	0	0	0	0	1	0	2	1	0	0	0	0	0	0	N	N	N	N	Y	N	N	N	N	N	N	N	N	N	N	N	N	N	0.0000	0.0000	0.0000	0.0000	0.0000	0.0000	0.0000	0.0000	0.0000	0.0000	0.0000	0.0000	0.0000	0.0000	0.0000	0.0000	0.0000	0.0000	0.0000	0.0000	0.0000	0.0000	0.0000	0.0000	0.0000	0.0000	0.0000			0.0000	0.0000	0.0001	0.0003	1.0042	2.0601	0.0000	0.0000	0.0000	0.0000	0.0000	0.0000	0.0000	0.0000	0.0000	0.0000	0.0000	0.0000	0.0000	0.0000	0.0000	0.0000	0.0000	0.0000	0.0000	0.0000	0.0000	0.0000	0.0000	0.0000	0.0000	0.0000	0.0000	0.0023	0.0012	0.0010	0.0006	0.0005	0.0001	0.0017	0.0007	0.0010
9	100	0.0900	16	1	0	1	0	0	0	0	0	2	1	2	1	0	0	0	0	0	0	N	N	N	N	Y	N	N	N	N	N	N	N	N	N	N	N	N	N	0.0000	0.0000	0.0000	0.0000	0.0000	0.0000	0.0000	0.0000	0.0000	0.0000	0.0000	0.0000	0.0000	0.0000	0.0000	0.0000	0.0000	0.0000	0.0000	0.0000	0.0000	0.0000	0.0000	0.0000	0.0000	0.0000	0.0000		5.7511	0.0000	0.0000	0.0001	3.0014	1.0042	9.1620	0.0000	0.0000	0.0000	0.0000	0.0000	0.0000	0.0000	0.0000	0.0000	0.0000	0.0000	0.0000	0.0000	0.0000	0.0000	0.0000	0.0000	0.0000	0.0000	0.0000	0.0000	0.0000	0.0000	0.0000	0.0000	0.0000	0.0000	0.0130	0.0069	0.0061	0.0030	0.0026	0.0005	0.0099	0.0043	0.0056
10	12	0.1166	15	1	1	0	0	0	1	0	0	0	0	1	2	0	0	0	0	0	0	N	N	N	N	N	Y	N	N	N	N	N	N	N	N	N	N	N	N	0.0000	0.0000	0.0000	0.0000	0.0000	0.0000	0.0000	0.0000	0.0000	0.0000	0.0000	0.0000	0.0000	0.0000	0.0000	0.0000	0.0000	0.0000	0.0000	0.0000	0.0000	0.0000	0.0000	0.0000	0.0000	0.0000	0.0000			0.0000	0.0000	0.0000	0.0000	0.0003	3.0444	0.0000	0.0000	0.0000	0.0000	0.0000	0.0000	0.0000	0.0000	0.0000	0.0000	0.0000	0.0000	0.0000	0.0000	0.0000	0.0000	0.0000	0.0000	0.0000	0.0000	0.0000	0.0000	0.0000	0.0000	0.0000	0.0000	0.0000	0.0000	0.0000	0.0000	0.0000	0.0000	0.0000	0.0000	0.0000	0.0000
10	13	0.1014	15	2	1	0	0	0	1	0	0	0	1	1	2	0	0	0	0	0	0	Y	N	N	N	N	Y	N	N	N	N	N	N	N	N	N	N	N	N	0.0000	0.0000	0.0000	0.0000	0.0000	0.0000	0.0000	0.0000	0.0000	0.0000	0.0000	0.0000	0.0000	0.0000	0.0000	0.0000	0.0000	0.0000	0.0014	0.0019	0.0000	0.0032	0.0033	0.0000	0.0000	0.0000	0.0000		0.0000	0.0000	-0.0000	0.0000	2.0000	0.0003	12.5972	0.0000	0.0000	0.0000	0.0000	0.0000	0.0000	0.0000	0.0000	0.0000	0.0000	0.0000	0.0000	0.0000	0.0000	0.0000	0.0000	0.0000	0.0000	0.0000	0.0000	0.0000	0.0000	0.0000	0.0000	0.0000	0.0000	0.0000	0.0000	0.0000	0.0000	0.0000	0.0000	0.0000	0.0000	0.0000	0.0000
10	14	0.0486	7	2	1	1	0	0	1	0	0	0	0	2	1	0	0	0	0	0	0	Y	N	N	N	Y	N	N	N	N	N	N	N	N	N	N	N	N	N	0.0000	0.0000	0.0000	0.0000	0.0000	0.0000	0.0000	0.0000	0.0000	0.0000	0.0000	0.0000	0.0000	0.0000	0.0000	0.0000	0.0000	0.0000	0.0000	0.0000	0.0000	0.0000	0.0000	0.0000	0.0000	0.0000	0.0000			0.0000	0.0000	0.0000	1.0076	0.0003	9.0109	0.0000	0.0000	0.0000	0.0000	0.0000	0.0000	0.0000	0.0000	0.0000	0.0000	0.0000	0.0000	0.0000	0.0000	0.0000	0.0000	0.0000	0.0000	0.0000	0.0000	0.0000	0.0000	0.0000	0.0000	0.0000	0.0000	0.0000	0.0000	0.0000	0.0000	0.0000	0.0000	0.0000	0.0000	0.0000	0.0000
10	15	0.1467	22	1	1	0	0	0	1	0	0	0	1	1	2	0	0	0	0	0	0	N	N	N	N	N	Y	N	N	N	N	N	N	N	N	N	N	N	N	0.0000	0.0000	0.0000	0.0000	0.0000	0.0000	0.0000	0.0000	0.0000	0.0000	0.0000	0.0000	0.0000	0.0000	0.0000	0.0000	0.0000	0.0000	0.0000	0.0000	0.0000	0.0000	0.0000	0.0000	0.0000	0.0000	0.0000			0.0000	0.0000	0.0000	0.0012	0.0003	2.9951	0.0000	0.0000	0.0000	0.0000	0.0000	0.0000	0.0000	0.0000	0.0000	0.0000	0.0000	0.0000	0.0000	0.0000	0.0000	0.0000	0.0000	0.0000	0.0000	0.0000	0.0000	0.0000	0.0000	0.0000	0.0000	0.0000	0.0000	0.0000	0.0000	0.0000	0.0000	0.0000	0.0000	0.0000	0.0000	0.0000
10	16	0.0548	9	2	1	1	0	0	1	0	0	0	0	1	1	0	0	0	0	0	0	Y	N	N	N	N	N	N	N	N	N	N	N	N	N	N	N	N	N	0.0000	0.0000	0.0000	0.0000	0.0000	0.0000	0.0000	0.0000	0.0000	0.0000	0.0000	0.0000	0.0000	0.0000	0.0000	0.0000	0.0000	0.0000	0.0000	0.0000	0.0000	0.0000	0.0000	0.0000	0.0000	0.0000	0.0000			0.0000	0.0000	0.0000	0.0000	0.0003	7.0598	0.0000	0.0000	0.0000	0.0000	0.0000	0.0000	0.0000	0.0000	0.0000	0.0000	0.0000	0.0000	0.0000	0.0000	0.0000	0.0000	0.0000	0.0000	0.0000	0.0000	0.0000	0.0000	0.0000	0.0000	0.0000	0.0000	0.0000	0.0000	0.0000	0.0000	0.0000	0.0000	0.0000	0.0000	0.0000	0.0000
10	19	0.0645	10	2	1	1	0	0	1	0	0	0	0	1	1	0	0	0	0	0	0	Y	N	N	N	N	N	N	N	N	N	N	N	N	N	N	N	N	N	0.0000	0.0000	0.0000	0.0000	0.0000	0.0000	0.0000	0.0000	0.0000	0.0000	0.0000	0.0000	0.0000	0.0000	0.0000	0.0000	0.0000	0.0000	0.0000	0.0000	0.0000	0.0000	0.0000	0.0000	0.0000	0.0000	0.0000			0.0000	0.0000	0.0000	0.9990	0.0003	7.0746	0.0000	0.0000	0.0000	0.0000	0.0000	0.0000	0.0000	0.0000	0.0000	0.0000	0.0000	0.0000	0.0000	0.0000	0.0000	0.0000	0.0000	0.0000	0.0000	0.0000	0.0000	0.0000	0.0000	0.0000	0.0000	0.0000	0.0000	0.0000	0.0000	0.0000	0.0000	0.0000	0.0000	0.0000	0.0000	0.0000
10	21	0.1071	12	2	1	1	0	0	1	0	0	0	0	2	1	0	0	0	0	0	0	Y	N	N	N	Y	N	N	N	N	N	N	N	N	N	N	N	N	N	0.0000	0.0000	0.0000	0.0000	0.0000	0.0000	0.0000	0.0000	0.0000	0.0000	0.0000	0.0000	0.0000	0.0000	0.0000	0.0000	0.0000	0.0000	0.0001	0.0000	0.0003	0.0000	0.0000	0.0000	0.0000	0.0000	0.0000		inf	0.0000	0.0000	0.0000	0.4173	0.0003	8.0348	0.0000	0.0000	0.0000	0.0000	0.0000	0.0000	0.0000	0.0000	0.0000	0.0000	0.0000	0.0000	0.0000	0.0000	0.0000	0.0000	0.0000	0.0000	0.0000	0.0000	0.0000	0.0000	0.0000	0.0000	0.0000	0.0000	0.0000	0.0000	0.0000	0.0000	0.0000	0.0000	0.0000	0.0000	0.0000	0.0000
10	22	0.1116	18	2	1	1	0	0	1	0	0	0	0	1	1	0	0	0	0	0	0	Y	N	N	N	N	N	N	N	N	N	N	N	N	N	N	N	N	N	0.0000	0.0000	0.0000	0.0000	0.0000	0.0000	0.0000	0.0000	0.0000	0.0000	0.0000	0.0000	0.0000	0.0000	0.0000	0.0000	0.0000	0.0000	0.0265	0.0444	0.0000	0.0585	0.0594	0.0000	0.0000	0.0000	0.0000		0.0000	0.0000	-0.0000	0.0000	1.0206	0.0003	8.2592	0.0000	0.0000	0.0000	0.0000	0.0000	0.0000	0.0000	0.0000	0.0000	0.0000	0.0000	0.0000	0.0000	0.0000	0.0000	0.0000	0.0000	0.0000	0.0000	0.0000	0.0000	0.0000	0.0000	0.0000	0.0000	0.0000	0.0000	0.0000	0.0000	0.0000	0.0000	0.0000	0.0000	0.0000	0.0000	0.0000
10	25	0.0766	10	2	1	0	1	0	1	0	1	0	0	2	2	0	0	0	0	0	0	Y	N	N	N	Y	Y	N	N	N	N	N	N	N	N	N	N	N	N	0.0000	0.0000	0.0000	0.0000	0.0000	0.0000	0.0000	0.0000	0.0000	0.0000	0.0000	0.0000	0.0000	0.0000	0.0000	0.0000	0.0000	0.0000	0.0000	0.0000	0.0000	0.0000	0.0000	0.0000	0.0000	0.0000	0.0000			0.0000	0.0000	0.0000	0.9999	0.0003	1.0788	0.0000	0.0000	0.0000	0.0000	0.0000	0.0000	0.0000	0.0000	0.0000	0.0000	0.0000	0.0000	0.0000	0.0000	0.0000	0.0000	0.0000	0.0000	0.0000	0.0000	0.0000	0.0000	0.0000	0.0000	0.0000	0.0000	0.0000	0.0000	0.0000	0.0000	0.0000	0.0000	0.0000	0.0000	0.0000	0.0000
10	26	0.0908	15	2	1	1	0	0	1	0	0	0	0	1	1	0	0	0	0	0	0	Y	N	N	N	N	N	N	N	N	N	N	N	N	N	N	N	N	N	0.0000	0.0000	0.0000	0.0000	0.0000	0.0000	0.0000	0.0000	0.0000	0.0000	0.0000	0.0000	0.0000	0.0000	0.0000	0.0000	0.0000	0.0000	0.0000	0.0000	0.0000	0.0000	0.0000	0.0000	0.0000	0.0000	0.0000			0.0000	0.0000	0.0000	2.9974	0.0003	7.2972	0.0000	0.0000	0.0000	0.0000	0.0000	0.0000	0.0000	0.0000	0.0000	0.0000	0.0000	0.0000	0.0000	0.0000	0.0000	0.0000	0.0000	0.0000	0.0000	0.0000	0.0000	0.0000	0.0000	0.0000	0.0000	0.0000	0.0000	0.0000	0.0000	0.0000	0.0000	0.0000	0.0000	0.0000	0.0000	0.0000
10	27	0.0848	13	2	1	1	0	1	1	0	0	0	0	1	1	0	0	0	0	0	0	Y	N	N	N	N	N	N	N	N	N	N	N	N	N	N	N	N	N	0.0000	0.0000	0.0000	0.0000	0.0000	0.0000	0.0000	0.0000	0.0000	0.0000	0.0000	0.0000	0.0000	0.0000	0.0000	0.0000	0.0000	0.0000	0.0001	0.0000	0.0002	0.0000	0.0000	0.0000	0.0000	0.0000	0.0000		inf	0.0000	0.0000	0.0000	0.0672	0.0003	11.7431	0.0000	0.0000	0.0000	0.0000	0.0000	0.0000	0.0000	0.0000	0.0000	0.0000	0.0000	0.0000	0.0000	0.0000	0.0000	0.0000	0.0000	0.0000	0.0000	0.0000	0.0000	0.0000	0.0000	0.0000	0.0000	0.0000	0.0000	0.0000	0.0000	0.0000	0.0000	0.0000	0.0000	0.0000	0.0000	0.0000
10	28	0.0486	7	2	1	1	0	0	1	0	0	0	0	2	1	0	0	0	0	0	0	Y	N	N	N	Y	N	N	N	N	N	N	N	N	N	N	N	N	N	0.0000	0.0000	0.0000	0.0000	0.0000	0.0000	0.0000	0.0000	0.0000	0.0000	0.0000	0.0000	0.0000	0.0000	0.0000	0.0000	0.0000	0.0000	0.0000	0.0000	0.0000	0.0000	0.0000	0.0000	0.0000	0.0000	0.0000			0.0000	0.0000	0.0000	2.0122	0.0003	16.0892	0.0000	0.0000	0.0000	0.0000	0.0000	0.0000	0.0000	0.0000	0.0000	0.0000	0.0000	0.0000	0.0000	0.0000	0.0000	0.0000	0.0000	0.0000	0.0000	0.0000	0.0000	0.0000	0.0000	0.0000	0.0000	0.0000	0.0000	0.0000	0.0000	0.0000	0.0000	0.0000	0.0000	0.0000	0.0000	0.0000
10	29	0.0423	6	2	1	1	0	0	1	1	0	1	0	2	1	0	0	0	0	0	0	Y	N	N	N	Y	N	N	N	N	N	N	N	N	N	N	N	N	N	0.0000	0.0000	0.0000	0.0000	0.0000	0.0000	0.0000	0.0000	0.0000	0.0000	0.0000	0.0000	0.0000	0.0000	0.0000	0.0000	0.0000	0.0000	0.0000	0.0000	0.0000	0.0000	0.0000	0.0000	0.0000	0.0000	0.0000			0.0000	0.0000	0.0000	1.9944	0.0003	2.0374	0.0000	0.0000	0.0000	0.0000	0.0000	0.0000	0.0000	0.0000	0.0000	0.0000	0.0000	0.0000	0.0000	0.0000	0.0000	0.0000	0.0000	0.0000	0.0000	0.0000	0.0000	0.0000	0.0000	0.0000	0.0000	0.0000	0.0000	0.0000	0.0000	0.0000	0.0000	0.0000	0.0000	0.0000	0.0000	0.0000
10	30	0.0908	15	2	1	1	0	0	1	0	0	0	0	1	1	0	0	0	0	0	0	Y	N	N	N	N	N	N	N	N	N	N	N	N	N	N	N	N	N	0.0000	0.0000	0.0000	0.0000	0.0000	0.0000	0.0000	0.0000	0.0000	0.0000	0.0000	0.0000	0.0000	0.0000	0.0000	0.0000	0.0000	0.0000	0.0000	0.0000	0.0000	0.0000	0.0000	0.0000	0.0000	0.0000	0.0000			0.0000	0.0000	0.0000	0.0026	0.0003	6.8389	0.0000	0.0000	0.0000	0.0000	0.0000	0.0000	0.0000	0.0000	0.0000	0.0000	0.0000	0.0000	0.0000	0.0000	0.0000	0.0000	0.0000	0.0000	0.0000	0.0000	0.0000	0.0000	0.0000	0.0000	0.0000	0.0000	0.0000	0.0000	0.0000	0.0000	0.0000	0.0000	0.0000	0.0000	0.0000	0.0000
10	31	0.0852	14	2	1	1	0	1	1	1	0	0	0	1	1	0	0	0	0	0	0	Y	N	N	N	N	N	N	N	N	N	N	N	N	N	N	N	N	N	0.0000	0.0000	0.0000	0.0000	0.0000	0.0000	0.0000	0.0000	0.0000	0.0000	0.0000	0.0000	0.0000	0.0000	0.0000	0.0000	0.0000	0.0000	0.0000	0.0000	0.0000	0.0000	0.0000	0.0000	0.0000	0.0000	0.0000			0.0000	0.0000	0.0000	0.0026	0.0003	4.4275	0.0000	0.0000	0.0000	0.0000	0.0000	0.0000	0.0000	0.0000	0.0000	0.0000	0.0000	0.0000	0.0000	0.0000	0.0000	0.0000	0.0000	0.0000	0.0000	0.0000	0.0000	0.0000	0.0000	0.0000	0.0000	0.0000	0.0000	0.0000	0.0000	0.0000	0.0000	0.0000	0.0000	0.0000	0.0000	0.0000
10	32	0.1014	16	2	1	1	0	1	1	1	0	1	0	2	1	0	0	0	0	0	0	Y	N	N	N	Y	N	N	N	N	N	N	N	N	N	N	N	N	N	0.0000	0.0000	0.0000	0.0000	0.0000	0.0000	0.0000	0.0000	0.0000	0.0000	0.0000	0.0000	0.0000	0.0000	0.0000	0.0000	0.0000	0.0000	0.0000	0.0000	0.0000	0.0000	0.0000	0.0000	0.0000	0.0000	0.0000			0.0000	0.0000	0.0000	2.8343	0.0003	20.2282	0.0000	0.0000	0.0000	0.0000	0.0000	0.0000	0.0000	0.0000	0.0000	0.0000	0.0000	0.0000	0.0000	0.0000	0.0000	0.0000	0.0000	0.0000	0.0000	0.0000	0.0000	0.0000	0.0000	0.0000	0.0000	0.0000	0.0000	0.0000	0.0000	0.0000	0.0000	0.0000	0.0000	0.0000	0.0000	0.0000
10	33	0.0511	7	2	1	1	0	0	1	0	0	0	0	1	1	0	0	0	0	0	0	Y	N	N	N	N	N	N	N	N	N	N	N	N	N	N	N	N	N	0.0000	0.0000	0.0000	0.0000	0.0000	0.0000	0.0000	0.0000	0.0000	0.0000	0.0000	0.0000	0.0000	0.0000	0.0000	0.0000	0.0000	0.0000	0.0000	0.0000	0.0000	0.0000	0.0000	0.0000	0.0000	0.0000	0.0000			0.0000	0.0000	0.0000	1.0032	0.0003	9.5192	0.0000	0.0000	0.0000	0.0000	0.0000	0.0000	0.0000	0.0000	0.0000	0.0000	0.0000	0.0000	0.0000	0.0000	0.0000	0.0000	0.0000	0.0000	0.0000	0.0000	0.0000	0.0000	0.0000	0.0000	0.0000	0.0000	0.0000	0.0000	0.0000	0.0000	0.0000	0.0000	0.0000	0.0000	0.0000	0.0000
10	34	0.0568	9	2	2	1	0	0	2	1	0	0	0	1	1	0	0	0	0	0	0	Y	Y	N	N	N	N	N	N	N	N	N	N	N	N	N	N	N	N	0.0000	0.0000	0.0000	0.0000	0.0000	0.0000	0.0000	0.0000	0.0000	0.0000	0.0000	0.0000	0.0000	0.0000	0.0000	0.0000	0.0000	0.0000	0.0000	0.0000	0.0000	0.0000	0.0000	0.0000	0.0000	0.0000	0.0000			0.0000	0.0000	0.0000	0.9987	0.0003	10.0476	0.0000	0.0000	0.0000	0.0000	0.0000	0.0000	0.0000	0.0000	0.0000	0.0000	0.0000	0.0000	0.0000	0.0000	0.0000	0.0000	0.0000	0.0000	0.0000	0.0000	0.0000	0.0000	0.0000	0.0000	0.0000	0.0000	0.0000	0.0000	0.0000	0.0000	0.0000	0.0000	0.0000	0.0000	0.0000	0.0000
10	35	0.1493	24	1	1	1	0	0	1	1	0	0	1	1	2	0	0	0	0	0	0	N	N	N	N	N	Y	N	N	N	N	N	N	N	N	N	N	N	N	0.0000	0.0000	0.0000	0.0000	0.0000	0.0000	0.0000	0.0000	0.0000	0.0000	0.0000	0.0000	0.0000	0.0000	0.0000	0.0000	0.0000	0.0000	0.0000	0.0000	0.0000	0.0000	0.0000	0.0000	0.0000	0.0000	0.0000			0.0000	0.0000	0.0000	0.0023	0.0003	1.9232	0.0000	0.0000	0.0000	0.0000	0.0000	0.0000	0.0000	0.0000	0.0000	0.0000	0.0000	0.0000	0.0000	0.0000	0.0000	0.0000	0.0000	0.0000	0.0000	0.0000	0.0000	0.0000	0.0000	0.0000	0.0000	0.0000	0.0000	0.0000	0.0000	0.0000	0.0000	0.0000	0.0000	0.0000	0.0000	0.0000
10	37	0.0765	12	2	1	1	0	1	1	1	0	0	0	1	1	0	0	0	0	0	0	Y	N	N	N	N	N	N	N	N	N	N	N	N	N	N	N	N	N	0.0000	0.0000	0.0000	0.0000	0.0000	0.0000	0.0000	0.0000	0.0000	0.0000	0.0000	0.0000	0.0000	0.0000	0.0000	0.0000	0.0000	0.0000	0.0000	0.0000	0.0000	0.0000	0.0000	0.0000	0.0000	0.0000	0.0000			0.0000	0.0000	0.0000	4.0110	0.0003	17.6512	0.0000	0.0000	0.0000	0.0000	0.0000	0.0000	0.0000	0.0000	0.0000	0.0000	0.0000	0.0000	0.0000	0.0000	0.0000	0.0000	0.0000	0.0000	0.0000	0.0000	0.0000	0.0000	0.0000	0.0000	0.0000	0.0000	0.0000	0.0000	0.0000	0.0000	0.0000	0.0000	0.0000	0.0000	0.0000	0.0000
10	38	0.1340	22	2	1	1	0	0	1	0	0	0	0	2	1	0	0	0	0	0	0	Y	N	N	N	Y	N	N	N	N	N	N	N	N	N	N	N	N	N	0.0000	0.0000	0.0000	0.0000	0.0000	0.0000	0.0000	0.0000	0.0000	0.0000	0.0000	0.0000	0.0000	0.0000	0.0000	0.0000	0.0000	0.0000	0.0000	0.0000	0.0000	0.0000	0.0000	0.0000	0.0000	0.0000	0.0000			0.0000	0.0000	0.0000	0.0000	0.0003	0.9989	0.0000	0.0000	0.0000	0.0000	0.0000	0.0000	0.0000	0.0000	0.0000	0.0000	0.0000	0.0000	0.0000	0.0000	0.0000	0.0000	0.0000	0.0000	0.0000	0.0000	0.0000	0.0000	0.0000	0.0000	0.0000	0.0000	0.0000	0.0000	0.0000	0.0000	0.0000	0.0000	0.0000	0.0000	0.0000	0.0000
10	41	0.0830	14	2	1	1	0	1	1	1	0	1	0	2	1	0	0	0	0	0	0	Y	N	N	N	Y	N	N	N	N	N	N	N	N	N	N	N	N	N	0.0000	0.0000	0.0000	0.0000	0.0000	0.0000	0.0000	0.0000	0.0000	0.0000	0.0000	0.0000	0.0000	0.0000	0.0000	0.0000	0.0000	0.0000	0.0000	0.0000	0.0000	0.0000	0.0000	0.0000	0.0000	0.0000	0.0000			0.0000	0.0000	0.0000	2.0001	0.0003	33.1942	0.0000	0.0000	0.0000	0.0000	0.0000	0.0000	0.0000	0.0000	0.0000	0.0000	0.0000	0.0000	0.0000	0.0000	0.0000	0.0000	0.0000	0.0000	0.0000	0.0000	0.0000	0.0000	0.0000	0.0000	0.0000	0.0000	0.0000	0.0000	0.0000	0.0000	0.0000	0.0000	0.0000	0.0000	0.0000	0.0000
10	42	0.1507	22	2	1	0	0	0	1	0	0	0	1	1	2	0	0	0	0	0	0	Y	N	N	N	N	Y	N	N	N	N	N	N	N	N	N	N	N	N	0.0000	0.0000	0.0000	0.0000	0.0000	0.0000	0.0000	0.0000	0.0000	0.0000	0.0000	0.0000	0.0000	0.0000	0.0000	0.0000	0.0000	0.0000	0.0000	0.0000	0.0000	0.0000	0.0000	0.0000	0.0000	0.0000	0.0000			0.0000	0.0000	0.0000	0.0000	0.0003	0.0011	0.0000	0.0000	0.0000	0.0000	0.0000	0.0000	0.0000	0.0000	0.0000	0.0000	0.0000	0.0000	0.0000	0.0000	0.0000	0.0000	0.0000	0.0000	0.0000	0.0000	0.0000	0.0000	0.0000	0.0000	0.0000	0.0000	0.0000	0.0000	0.0000	0.0000	0.0000	0.0000	0.0000	0.0000	0.0000	0.0000
10	43	0.1357	23	2	1	1	0	0	1	1	0	0	0	1	1	0	0	0	0	0	0	Y	N	N	N	N	N	N	N	N	N	N	N	N	N	N	N	N	N	0.0000	0.0000	0.0000	0.0000	0.0000	0.0000	0.0000	0.0000	0.0000	0.0000	0.0000	0.0000	0.0000	0.0000	0.0000	0.0000	0.0000	0.0000	0.1234	0.1058	0.1597	0.2380	0.1537	0.9707	0.0003	0.0000	0.0006		0.7284	0.0000	-0.0000	0.0000	1.0006	0.0003	5.8160	0.0000	0.0000	0.0000	0.0000	0.0000	0.0000	0.0000	0.0000	0.0000	0.0000	0.0000	0.0000	0.0000	0.0000	0.0000	0.0000	0.0000	0.0000	0.0000	0.0000	0.0000	0.0000	0.0000	0.0000	0.0000	0.0000	0.0000	0.0000	0.0000	0.0000	0.0000	0.0000	0.0000	0.0000	0.0000	0.0000
10	44	0.0607	11	2	1	0	1	0	1	0	0	0	0	2	2	0	0	0	0	0	0	Y	N	N	N	Y	Y	N	N	N	N	N	N	N	N	N	N	N	N	0.0000	0.0000	0.0000	0.0000	0.0000	0.0000	0.0000	0.0000	0.0000	0.0000	0.0000	0.0000	0.0000	0.0000	0.0000	0.0000	0.0000	0.0000	0.0000	0.0000	0.0000	0.0000	0.0000	0.0000	0.0000	0.0000	0.0000			0.0000	0.0000	0.0000	7.0030	0.0003	25.8862	0.0000	0.0000	0.0000	0.0000	0.0000	0.0000	0.0000	0.0000	0.0000	0.0000	0.0000	0.0000	0.0000	0.0000	0.0000	0.0000	0.0000	0.0000	0.0000	0.0000	0.0000	0.0000	0.0000	0.0000	0.0000	0.0000	0.0000	0.0000	0.0000	0.0000	0.0000	0.0000	0.0000	0.0000	0.0000	0.0000
10	45	0.1272	23	2	1	1	0	1	1	1	0	0	0	1	1	0	0	0	0	0	0	Y	N	N	N	N	N	N	N	N	N	N	N	N	N	N	N	N	N	0.0000	0.0000	0.0000	0.0000	0.0000	0.0000	0.0000	0.0000	0.0000	0.0000	0.0000	0.0000	0.0000	0.0000	0.0000	0.0000	0.0000	0.0000	0.0002	0.0000	0.0004	0.0000	0.0000	0.0000	0.0002	0.0000	0.0003		inf	0.0000	0.0000	0.0000	1.9929	0.0003	12.8604	0.0000	0.0000	0.0000	0.0000	0.0000	0.0000	0.0000	0.0000	0.0000	0.0000	0.0000	0.0000	0.0000	0.0000	0.0000	0.0000	0.0000	0.0000	0.0000	0.0000	0.0000	0.0000	0.0000	0.0000	0.0000	0.0000	0.0000	0.0000	0.0000	0.0000	0.0000	0.0000	0.0000	0.0000	0.0000	0.0000
10	48	0.0607	11	2	1	0	1	0	1	0	0	0	0	2	2	0	0	0	0	0	0	Y	N	N	N	Y	Y	N	N	N	N	N	N	N	N	N	N	N	N	0.0000	0.0000	0.0000	0.0000	0.0000	0.0000	0.0000	0.0000	0.0000	0.0000	0.0000	0.0000	0.0000	0.0000	0.0000	0.0000	0.0000	0.0000	0.0000	0.0000	0.0000	0.0000	0.0000	0.0000	0.0000	0.0000	0.0000			0.0000	0.0000	0.0000	1.7572	0.0003	7.6758	0.0000	0.0000	0.0000	0.0000	0.0000	0.0000	0.0000	0.0000	0.0000	0.0000	0.0000	0.0000	0.0000	0.0000	0.0000	0.0000	0.0000	0.0000	0.0000	0.0000	0.0000	0.0000	0.0000	0.0000	0.0000	0.0000	0.0000	0.0000	0.0000	0.0000	0.0000	0.0000	0.0000	0.0000	0.0000	0.0000
10	49	0.0518	10	2	1	0	1	0	1	0	1	0	0	2	2	0	0	0	0	0	0	Y	N	N	N	Y	Y	N	N	N	N	N	N	N	N	N	N	N	N	0.0000	0.0000	0.0000	0.0000	0.0000	0.0000	0.0000	0.0000	0.0000	0.0000	0.0000	0.0000	0.0000	0.0000	0.0000	0.0000	0.0000	0.0000	0.0000	0.0000	0.0000	0.0000	0.0000	0.0000	0.0000	0.0000	0.0000			0.0000	-0.0000	0.0000	1.2605	0.0003	5.3560	0.0000	0.0000	0.0000	0.0000	0.0000	0.0000	0.0000	0.0000	0.0000	0.0000	0.0000	0.0000	0.0000	0.0000	0.0000	0.0000	0.0000	0.0000	0.0000	0.0000	0.0000	0.0000	0.0000	0.0000	0.0000	0.0000	0.0000	0.0000	0.0000	0.0000	0.0000	0.0000	0.0000	0.0000	0.0000	0.0000
10	50	0.0518	10	2	1	0	0	0	1	0	0	0	0	2	2	0	0	0	0	0	0	Y	N	N	N	Y	Y	N	N	N	N	N	N	N	N	N	N	N	N	0.0000	0.0000	0.0000	0.0000	0.0000	0.0000	0.0000	0.0000	0.0000	0.0000	0.0000	0.0000	0.0000	0.0000	0.0000	0.0000	0.0000	0.0000	0.0000	0.0000	0.0000	0.0000	0.0000	0.0000	0.0000	0.0000	0.0000			0.0000	0.0000	0.0000	1.0001	0.0003	7.4568	0.0000	0.0000	0.0000	0.0000	0.0000	0.0000	0.0000	0.0000	0.0000	0.0000	0.0000	0.0000	0.0000	0.0000	0.0000	0.0000	0.0000	0.0000	0.0000	0.0000	0.0000	0.0000	0.0000	0.0000	0.0000	0.0000	0.0000	0.0000	0.0000	0.0000	0.0000	0.0000	0.0000	0.0000	0.0000	0.0000
10	51	0.0473	9	2	1	0	0	0	1	0	0	0	1	2	2	0	0	0	0	0	0	Y	N	N	N	Y	Y	N	N	N	N	N	N	N	N	N	N	N	N	0.0000	0.0000	0.0000	0.0000	0.0000	0.0000	0.0000	0.0000	0.0000	0.0000	0.0000	0.0000	0.0000	0.0000	0.0000	0.0000	0.0000	0.0000	0.0000	0.0000	0.0000	0.0000	0.0000	0.0000	0.0000	0.0000	0.0000			0.0000	0.0000	0.0000	0.0061	0.0003	2.7591	0.0000	0.0000	0.0000	0.0000	0.0000	0.0000	0.0000	0.0000	0.0000	0.0000	0.0000	0.0000	0.0000	0.0000	0.0000	0.0000	0.0000	0.0000	0.0000	0.0000	0.0000	0.0000	0.0000	0.0000	0.0000	0.0000	0.0000	0.0000	0.0000	0.0000	0.0000	0.0000	0.0000	0.0000	0.0000	0.0000
10	52	0.1357	23	2	1	0	0	0	1	0	0	0	1	1	2	0	0	0	0	0	0	Y	N	N	N	N	Y	N	N	N	N	N	N	N	N	N	N	N	N	0.0000	0.0000	0.0000	0.0000	0.0000	0.0000	0.0000	0.0000	0.0000	0.0000	0.0000	0.0000	0.0000	0.0000	0.0000	0.0000	0.0000	0.0000	2.0468	3.0061	0.0000	4.0144	4.4407	0.0000	0.0003	0.0006	0.0000		0.0000	0.0000	-0.0000	0.0000	1.0020	0.0003	7.2599	0.0000	0.0000	0.0000	0.0000	0.0000	0.0000	0.0000	0.0000	0.0000	0.0000	0.0000	0.0000	0.0000	0.0000	0.0000	0.0000	0.0000	0.0000	0.0000	0.0000	0.0000	0.0000	0.0000	0.0000	0.0000	0.0000	0.0000	0.0000	0.0000	0.0000	0.0000	0.0000	0.0000	0.0000	0.0000	0.0000
10	53	0.1159	22	2	1	0	0	1	1	0	0	0	0	1	1	0	0	0	0	0	0	Y	N	N	N	N	N	N	N	N	N	N	N	N	N	N	N	N	N	0.0000	0.0000	0.0000	0.0000	0.0000	0.0000	0.0000	0.0000	0.0000	0.0000	0.0000	0.0000	0.0000	0.0000	0.0000	0.0000	0.0000	0.0000	15.8018	25.8220	0.0006	35.5494	36.0311	0.0334	0.0000	0.0000	0.0000		0.0000	0.0000	-0.0002	0.0000	3.0050	0.0003	8.3063	0.0000	0.0000	0.0000	0.0000	0.0000	0.0000	0.0000	0.0000	0.0000	0.0003	0.0003	0.0000	0.0003	0.0003	0.0000	0.0000	0.0000	0.0000	0.0000	0.0000	0.0000	0.0000	0.0000	0.0000	0.0000	0.0000	0.0000	0.0000	0.0000	0.0000	0.0000	0.0000	0.0000	0.0000	0.0000	0.0000
10	55	0.1507	22	2	1	1	0	0	1	1	0	0	0	1	1	0	0	0	0	0	0	Y	N	N	N	N	N	N	N	N	N	N	N	N	N	N	N	N	N	0.0000	0.0000	0.0000	0.0000	0.0000	0.0000	0.0000	0.0000	0.0000	0.0000	0.0000	0.0000	0.0000	0.0000	0.0000	0.0000	0.0000	0.0000	0.0000	0.0000	0.0000	0.0000	0.0000	0.0000	0.0000	0.0000	0.0000			0.0000	0.0000	0.0000	0.0000	0.0003	2.9989	0.0000	0.0000	0.0000	0.0000	0.0000	0.0000	0.0000	0.0000	0.0000	0.0000	0.0000	0.0000	0.0000	0.0000	0.0000	0.0000	0.0000	0.0000	0.0000	0.0000	0.0000	0.0000	0.0000	0.0000	0.0000	0.0000	0.0000	0.0000	0.0000	0.0000	0.0000	0.0000	0.0000	0.0000	0.0000	0.0000
10	56	0.1262	21	2	1	0	0	0	1	0	0	0	0	1	1	0	0	0	0	0	0	Y	N	N	N	N	N	N	N	N	N	N	N	N	N	N	N	N	N	0.0000	0.0000	0.0000	0.0000	0.0000	0.0000	0.0000	0.0000	0.0000	0.0000	0.0000	0.0000	0.0000	0.0000	0.0000	0.0000	0.0000	0.0000	0.0000	0.0000	0.0000	0.0000	0.0000	0.0000	0.0000	0.0000	0.0000			0.0000	0.0000	0.0000	2.9988	0.0003	11.1255	0.0000	0.0000	0.0000	0.0000	0.0000	0.0000	0.0000	0.0000	0.0000	0.0000	0.0000	0.0000	0.0000	0.0000	0.0000	0.0000	0.0000	0.0000	0.0000	0.0000	0.0000	0.0000	0.0000	0.0000	0.0000	0.0000	0.0000	0.0000	0.0000	0.0000	0.0000	0.0000	0.0000	0.0000	0.0000	0.0000
10	57	0.0846	12	2	1	1	1	0	1	0	1	0	0	2	2	0	0	0	0	0	0	Y	N	N	N	Y	Y	N	N	N	N	N	N	N	N	N	N	N	N	0.0000	0.0000	0.0000	0.0000	0.0000	0.0000	0.0000	0.0000	0.0000	0.0000	0.0000	0.0000	0.0000	0.0000	0.0000	0.0000	0.0000	0.0000	0.0000	0.0000	0.0000	0.0000	0.0000	0.0000	0.0000	0.0000	0.0000			0.0000	0.0000	0.0000	0.0000	0.0003	0.0000	0.0000	0.0000	0.0000	0.0000	0.0000	0.0000	0.0000	0.0000	0.0000	0.0000	0.0000	0.0000	0.0000	0.0000	0.0000	0.0000	0.0000	0.0000	0.0000	0.0000	0.0000	0.0000	0.0000	0.0000	0.0000	0.0000	0.0000	0.0000	0.0000	0.0000	0.0000	0.0000	0.0000	0.0000	0.0000	0.0000
10	58	0.0846	12	2	1	1	0	0	1	0	0	0	0	2	2	0	0	0	0	0	0	Y	N	N	N	Y	Y	N	N	N	N	N	N	N	N	N	N	N	N	0.0000	0.0000	0.0000	0.0000	0.0000	0.0000	0.0000	0.0000	0.0000	0.0000	0.0000	0.0000	0.0000	0.0000	0.0000	0.0000	0.0000	0.0000	0.0000	0.0000	0.0000	0.0000	0.0000	0.0000	0.0000	0.0000	0.0000			0.0000	0.0000	0.0000	0.0000	0.0003	0.0000	0.0000	0.0000	0.0000	0.0000	0.0000	0.0000	0.0000	0.0000	0.0000	0.0000	0.0000	0.0000	0.0000	0.0000	0.0000	0.0000	0.0000	0.0000	0.0000	0.0000	0.0000	0.0000	0.0000	0.0000	0.0000	0.0000	0.0000	0.0000	0.0000	0.0000	0.0000	0.0000	0.0000	0.0000	0.0000	0.0000
10	59	0.0797	11	2	1	1	0	0	1	1	0	0	0	2	2	0	0	0	0	0	0	Y	N	N	N	Y	Y	N	N	N	N	N	N	N	N	N	N	N	N	0.0000	0.0000	0.0000	0.0000	0.0000	0.0000	0.0000	0.0000	0.0000	0.0000	0.0000	0.0000	0.0000	0.0000	0.0000	0.0000	0.0000	0.0000	0.0000	0.0000	0.0000	0.0000	0.0000	0.0000	0.0000	0.0000	0.0000			0.0000	0.0000	0.0000	0.0001	0.0003	3.0507	0.0000	0.0000	0.0000	0.0000	0.0000	0.0000	0.0000	0.0000	0.0000	0.0000	0.0000	0.0000	0.0000	0.0000	0.0000	0.0000	0.0000	0.0000	0.0000	0.0000	0.0000	0.0000	0.0000	0.0000	0.0000	0.0000	0.0000	0.0000	0.0000	0.0000	0.0000	0.0000	0.0000	0.0000	0.0000	0.0000
10	60	0.1148	18	2	1	1	0	0	1	0	0	0	0	2	1	0	0	0	0	0	0	Y	N	N	N	Y	N	N	N	N	N	N	N	N	N	N	N	N	N	0.0000	0.0000	0.0000	0.0000	0.0000	0.0000	0.0000	0.0000	0.0000	0.0000	0.0000	0.0000	0.0000	0.0000	0.0000	0.0000	0.0000	0.0000	0.0403	0.0570	0.0000	0.0877	0.0895	0.0000	0.0000	0.0000	0.0000		0.0000	0.0000	-0.0000	0.0000	0.0010	0.0003	5.0218	0.0000	0.0000	0.0000	0.0000	0.0000	0.0000	0.0000	0.0000	0.0000	0.0000	0.0000	0.0000	0.0000	0.0000	0.0000	0.0000	0.0000	0.0000	0.0000	0.0000	0.0000	0.0000	0.0000	0.0000	0.0000	0.0000	0.0000	0.0000	0.0000	0.0000	0.0000	0.0000	0.0000	0.0000	0.0000	0.0000
10	67	0.0645	10	2	1	1	0	0	1	0	0	0	1	1	2	0	0	0	0	0	0	Y	N	N	N	N	Y	N	N	N	N	N	N	N	N	N	N	N	N	0.0000	0.0000	0.0000	0.0000	0.0000	0.0000	0.0000	0.0000	0.0000	0.0000	0.0000	0.0000	0.0000	0.0000	0.0000	0.0000	0.0000	0.0000	0.0000	0.0000	0.0000	0.0000	0.0000	0.0000	0.0000	0.0000	0.0000			0.0000	0.0000	0.0000	0.0010	0.0003	8.0699	0.0000	0.0000	0.0000	0.0000	0.0000	0.0000	0.0000	0.0000	0.0000	0.0000	0.0000	0.0000	0.0000	0.0000	0.0000	0.0000	0.0000	0.0000	0.0000	0.0000	0.0000	0.0000	0.0000	0.0000	0.0000	0.0000	0.0000	0.0000	0.0000	0.0000	0.0000	0.0000	0.0000	0.0000	0.0000	0.0000
10	68	0.0548	9	2	1	1	0	0	1	0	0	0	0	1	1	0	0	0	0	0	0	Y	N	N	N	N	N	N	N	N	N	N	N	N	N	N	N	N	N	0.0000	0.0000	0.0000	0.0000	0.0000	0.0000	0.0000	0.0000	0.0000	0.0000	0.0000	0.0000	0.0000	0.0000	0.0000	0.0000	0.0000	0.0000	0.0000	0.0000	0.0000	0.0000	0.0000	0.0000	0.0000	0.0000	0.0000			0.0000	0.0000	0.0000	0.0010	0.0003	6.0584	0.0000	0.0000	0.0000	0.0000	0.0000	0.0000	0.0000	0.0000	0.0000	0.0000	0.0000	0.0000	0.0000	0.0000	0.0000	0.0000	0.0000	0.0000	0.0000	0.0000	0.0000	0.0000	0.0000	0.0000	0.0000	0.0000	0.0000	0.0000	0.0000	0.0000	0.0000	0.0000	0.0000	0.0000	0.0000	0.0000
10	69	0.0535	8	2	1	1	0	0	1	0	0	0	0	1	1	0	0	0	0	0	0	Y	N	N	N	N	N	N	N	N	N	N	N	N	N	N	N	N	N	0.0000	0.0000	0.0000	0.0000	0.0000	0.0000	0.0000	0.0000	0.0000	0.0000	0.0000	0.0000	0.0000	0.0000	0.0000	0.0000	0.0000	0.0000	0.0000	0.0000	0.0000	0.0000	0.0000	0.0000	0.0000	0.0000	0.0000			0.0000	0.0000	0.0000	0.0006	0.0003	0.9765	0.0000	0.0000	0.0000	0.0000	0.0000	0.0000	0.0000	0.0000	0.0000	0.0000	0.0000	0.0000	0.0000	0.0000	0.0000	0.0000	0.0000	0.0000	0.0000	0.0000	0.0000	0.0000	0.0000	0.0000	0.0000	0.0000	0.0000	0.0000	0.0000	0.0000	0.0000	0.0000	0.0000	0.0000	0.0000	0.0000
10	70	0.0545	10	2	1	0	0	0	1	0	0	0	1	2	2	0	0	0	0	0	0	Y	N	N	N	Y	Y	N	N	N	N	N	N	N	N	N	N	N	N	0.0000	0.0000	0.0000	0.0000	0.0000	0.0000	0.0000	0.0000	0.0000	0.0000	0.0000	0.0000	0.0000	0.0000	0.0000	0.0000	0.0000	0.0000	0.0000	0.0000	0.0000	0.0000	0.0000	0.0000	0.0000	0.0000	0.0000			0.0000	0.0000	0.0000	2.3581	0.0003	7.4584	0.0000	0.0000	0.0000	0.0000	0.0000	0.0000	0.0000	0.0000	0.0000	0.0000	0.0000	0.0000	0.0000	0.0000	0.0000	0.0000	0.0000	0.0000	0.0000	0.0000	0.0000	0.0000	0.0000	0.0000	0.0000	0.0000	0.0000	0.0000	0.0000	0.0000	0.0000	0.0000	0.0000	0.0000	0.0000	0.0000
10	71	0.0473	9	2	1	0	0	0	1	0	0	0	0	2	1	0	0	0	0	0	0	Y	N	N	N	Y	N	N	N	N	N	N	N	N	N	N	N	N	N	0.0000	0.0000	0.0000	0.0000	0.0000	0.0000	0.0000	0.0000	0.0000	0.0000	0.0000	0.0000	0.0000	0.0000	0.0000	0.0000	0.0000	0.0000	0.0000	0.0000	0.0000	0.0000	0.0000	0.0000	0.0000	0.0000	0.0000			0.0000	-0.0000	0.0000	1.7590	0.0003	3.5356	0.0000	0.0000	0.0000	0.0000	0.0000	0.0000	0.0000	0.0000	0.0000	0.0000	0.0000	0.0000	0.0000	0.0000	0.0000	0.0000	0.0000	0.0000	0.0000	0.0000	0.0000	0.0000	0.0000	0.0000	0.0000	0.0000	0.0000	0.0000	0.0000	0.0000	0.0000	0.0000	0.0000	0.0000	0.0000	0.0000
10	72	0.0439	8	2	1	0	0	0	1	0	0	1	0	2	1	0	0	0	0	0	0	Y	N	N	N	Y	N	N	N	N	N	N	N	N	N	N	N	N	N	0.0000	0.0000	0.0000	0.0000	0.0000	0.0000	0.0000	0.0000	0.0000	0.0000	0.0000	0.0000	0.0000	0.0000	0.0000	0.0000	0.0000	0.0000	0.0000	0.0000	0.0000	0.0000	0.0000	0.0000	0.0000	0.0000	0.0000			0.0000	0.0000	0.0000	0.0029	0.0003	2.4186	0.0000	0.0000	0.0000	0.0000	0.0000	0.0000	0.0000	0.0000	0.0000	0.0000	0.0000	0.0000	0.0000	0.0000	0.0000	0.0000	0.0000	0.0000	0.0000	0.0000	0.0000	0.0000	0.0000	0.0000	0.0000	0.0000	0.0000	0.0000	0.0000	0.0000	0.0000	0.0000	0.0000	0.0000	0.0000	0.0000
10	73	0.1071	12	2	1	1	0	0	1	0	0	0	0	2	1	0	0	0	0	0	0	Y	N	N	N	Y	N	N	N	N	N	N	N	N	N	N	N	N	N	0.0000	0.0000	0.0000	0.0000	0.0000	0.0000	0.0000	0.0000	0.0000	0.0000	0.0000	0.0000	0.0000	0.0000	0.0000	0.0000	0.0000	0.0000	0.0001	0.0000	0.0002	0.0000	0.0000	0.0000	0.0000	0.0000	0.0000		inf	0.0000	0.0000	0.0000	1.6760	0.0003	12.1347	0.0000	0.0000	0.0000	0.0000	0.0000	0.0000	0.0000	0.0000	0.0000	0.0000	0.0000	0.0000	0.0000	0.0000	0.0000	0.0000	0.0000	0.0000	0.0000	0.0000	0.0000	0.0000	0.0000	0.0000	0.0000	0.0000	0.0000	0.0000	0.0000	0.0000	0.0000	0.0000	0.0000	0.0000	0.0000	0.0000
10	74	0.0774	11	2	1	1	0	1	1	1	0	1	0	2	1	0	0	0	0	0	0	Y	N	N	N	Y	N	N	N	N	N	N	N	N	N	N	N	N	N	0.0000	0.0000	0.0000	0.0000	0.0000	0.0000	0.0000	0.0000	0.0000	0.0000	0.0000	0.0000	0.0000	0.0000	0.0000	0.0000	0.0000	0.0000	0.0056	0.0001	0.0143	0.0006	0.0001	0.0364	0.0095	0.0000	0.0140		95.5522	0.0000	0.0000	0.0000	2.9965	0.0003	14.7438	0.0000	0.0000	0.0000	0.0000	0.0000	0.0000	0.0000	0.0000	0.0000	0.0000	0.0000	0.0000	0.0000	0.0000	0.0000	0.0000	0.0000	0.0000	0.0000	0.0000	0.0000	0.0000	0.0000	0.0000	0.0000	0.0000	0.0000	0.0000	0.0000	0.0000	0.0000	0.0000	0.0000	0.0000	0.0000	0.0000
10	75	0.0535	8	2	1	1	0	0	1	0	0	0	0	1	1	0	0	0	0	0	0	Y	N	N	N	N	N	N	N	N	N	N	N	N	N	N	N	N	N	0.0000	0.0000	0.0000	0.0000	0.0000	0.0000	0.0000	0.0000	0.0000	0.0000	0.0000	0.0000	0.0000	0.0000	0.0000	0.0000	0.0000	0.0000	0.0000	0.0000	0.0000	0.0000	0.0000	0.0000	0.0000	0.0000	0.0000			0.0000	0.0000	0.0000	1.0006	0.0003	8.0096	0.0000	0.0000	0.0000	0.0000	0.0000	0.0000	0.0000	0.0000	0.0000	0.0000	0.0000	0.0000	0.0000	0.0000	0.0000	0.0000	0.0000	0.0000	0.0000	0.0000	0.0000	0.0000	0.0000	0.0000	0.0000	0.0000	0.0000	0.0000	0.0000	0.0000	0.0000	0.0000	0.0000	0.0000	0.0000	0.0000
10	76	0.0511	7	2	1	1	0	0	1	0	0	0	0	1	1	0	0	0	0	0	0	Y	N	N	N	N	N	N	N	N	N	N	N	N	N	N	N	N	N	0.0000	0.0000	0.0000	0.0000	0.0000	0.0000	0.0000	0.0000	0.0000	0.0000	0.0000	0.0000	0.0000	0.0000	0.0000	0.0000	0.0000	0.0000	0.0000	0.0000	0.0000	0.0000	0.0000	0.0000	0.0000	0.0000	0.0000			0.0000	0.0000	0.0000	0.9962	0.0003	0.5464	0.0000	0.0000	0.0000	0.0000	0.0000	0.0000	0.0000	0.0000	0.0000	0.0000	0.0000	0.0000	0.0000	0.0000	0.0000	0.0000	0.0000	0.0000	0.0000	0.0000	0.0000	0.0000	0.0000	0.0000	0.0000	0.0000	0.0000	0.0000	0.0000	0.0000	0.0000	0.0000	0.0000	0.0000	0.0000	0.0000
10	77	0.0447	6	2	1	1	0	0	1	0	0	0	0	1	1	0	0	0	0	0	0	Y	N	N	N	N	N	N	N	N	N	N	N	N	N	N	N	N	N	0.0000	0.0000	0.0000	0.0000	0.0000	0.0000	0.0000	0.0000	0.0000	0.0000	0.0000	0.0000	0.0000	0.0000	0.0000	0.0000	0.0000	0.0000	0.0000	0.0000	0.0000	0.0000	0.0000	0.0000	0.0000	0.0000	0.0000			0.0000	0.0000	0.0000	0.0041	0.0003	4.4918	0.0000	0.0000	0.0000	0.0000	0.0000	0.0000	0.0000	0.0000	0.0000	0.0000	0.0000	0.0000	0.0000	0.0000	0.0000	0.0000	0.0000	0.0000	0.0000	0.0000	0.0000	0.0000	0.0000	0.0000	0.0000	0.0000	0.0000	0.0000	0.0000	0.0000	0.0000	0.0000	0.0000	0.0000	0.0000	0.0000
10	78	0.1262	21	2	1	0	0	0	1	0	0	0	1	1	2	0	0	0	0	0	0	Y	N	N	N	N	Y	N	N	N	N	N	N	N	N	N	N	N	N	0.0000	0.0000	0.0000	0.0000	0.0000	0.0000	0.0000	0.0000	0.0000	0.0000	0.0000	0.0000	0.0000	0.0000	0.0000	0.0000	0.0000	0.0000	0.0000	0.0000	0.0000	0.0000	0.0000	0.0000	0.0000	0.0000	0.0000			0.0000	0.0000	0.0000	0.0166	0.0003	12.2009	0.0000	0.0000	0.0000	0.0000	0.0000	0.0000	0.0000	0.0000	0.0000	0.0000	0.0000	0.0000	0.0000	0.0000	0.0000	0.0000	0.0000	0.0000	0.0000	0.0000	0.0000	0.0000	0.0000	0.0000	0.0000	0.0000	0.0000	0.0000	0.0000	0.0000	0.0000	0.0000	0.0000	0.0000	0.0000	0.0000
10	79	0.1119	20	2	1	0	0	1	1	0	0	0	0	1	1	0	0	0	0	0	0	Y	N	N	N	N	N	N	N	N	N	N	N	N	N	N	N	N	N	0.0000	0.0000	0.0000	0.0000	0.0000	0.0000	0.0000	0.0000	0.0000	0.0000	0.0000	0.0000	0.0000	0.0000	0.0000	0.0000	0.0000	0.0000	0.0000	0.0000	0.0000	0.0000	0.0000	0.0000	0.0000	0.0000	0.0000			0.0000	-0.0000	0.0000	1.0285	0.0003	7.9781	0.0000	0.0000	0.0000	0.0000	0.0000	0.0000	0.0000	0.0000	0.0000	0.0000	0.0000	0.0000	0.0000	0.0000	0.0000	0.0000	0.0000	0.0000	0.0000	0.0000	0.0000	0.0000	0.0000	0.0000	0.0000	0.0000	0.0000	0.0000	0.0000	0.0000	0.0000	0.0000	0.0000	0.0000	0.0000	0.0000
10	82	0.0447	6	2	1	1	0	0	1	0	0	1	0	2	1	0	0	0	0	0	0	Y	N	N	N	Y	N	N	N	N	N	N	N	N	N	N	N	N	N	0.0000	0.0000	0.0000	0.0000	0.0000	0.0000	0.0000	0.0000	0.0000	0.0000	0.0000	0.0000	0.0000	0.0000	0.0000	0.0000	0.0000	0.0000	0.0000	0.0000	0.0000	0.0000	0.0000	0.0000	0.0000	0.0000	0.0000			0.0000	0.0000	0.0000	1.9997	0.0003	10.5319	0.0000	0.0000	0.0000	0.0000	0.0000	0.0000	0.0000	0.0000	0.0000	0.0000	0.0000	0.0000	0.0000	0.0000	0.0000	0.0000	0.0000	0.0000	0.0000	0.0000	0.0000	0.0000	0.0000	0.0000	0.0000	0.0000	0.0000	0.0000	0.0000	0.0000	0.0000	0.0000	0.0000	0.0000	0.0000	0.0000
10	83	0.0423	5	2	1	1	0	0	1	1	0	0	0	1	1	0	0	0	0	0	0	Y	N	N	N	N	N	N	N	N	N	N	N	N	N	N	N	N	N	0.0000	0.0000	0.0000	0.0000	0.0000	0.0000	0.0000	0.0000	0.0000	0.0000	0.0000	0.0000	0.0000	0.0000	0.0000	0.0000	0.0000	0.0000	0.0000	0.0000	0.0000	0.0000	0.0000	0.0000	0.0000	0.0000	0.0000			0.0000	0.0000	0.0000	0.0006	0.0003	1.5062	0.0000	0.0000	0.0000	0.0000	0.0000	0.0000	0.0000	0.0000	0.0000	0.0000	0.0000	0.0000	0.0000	0.0000	0.0000	0.0000	0.0000	0.0000	0.0000	0.0000	0.0000	0.0000	0.0000	0.0000	0.0000	0.0000	0.0000	0.0000	0.0000	0.0000	0.0000	0.0000	0.0000	0.0000	0.0000	0.0000
10	84	0.0675	9	2	1	0	0	0	1	0	0	0	0	1	1	0	0	0	0	0	0	Y	N	N	N	N	N	N	N	N	N	N	N	N	N	N	N	N	N	0.0000	0.0000	0.0000	0.0000	0.0000	0.0000	0.0000	0.0000	0.0000	0.0000	0.0000	0.0000	0.0000	0.0000	0.0000	0.0000	0.0000	0.0000	0.0000	0.0000	0.0000	0.0000	0.0000	0.0000	0.0000	0.0000	0.0000			0.0000	0.0000	0.0000	2.9998	0.0003	15.4389	0.0000	0.0000	0.0000	0.0000	0.0000	0.0000	0.0000	0.0000	0.0000	0.0000	0.0000	0.0000	0.0000	0.0000	0.0000	0.0000	0.0000	0.0000	0.0000	0.0000	0.0000	0.0000	0.0000	0.0000	0.0000	0.0000	0.0000	0.0000	0.0000	0.0000	0.0000	0.0000	0.0000	0.0000	0.0000	0.0000
10	85	0.4475	14	1	1	0	0	0	1	0	0	1	0	2	1	0	0	0	0	0	0	N	N	N	N	Y	N	N	N	N	N	N	N	N	N	N	N	N	N	0.0000	0.0000	0.0000	0.0000	0.0000	0.0000	0.0000	0.0000	0.0000	0.0000	0.0000	0.0000	0.0000	0.0000	0.0000	0.0000	0.0000	0.0000	0.0782	0.1089	0.0000	0.0874	0.1047	0.0000	0.0657	0.1173	0.0000		0.0000	0.0000	-0.0000	0.0000	26.8363	0.0003	143.7566	0.0000	0.0000	0.0000	0.0000	0.0000	0.0000	0.0000	0.0000	0.0000	0.0000	0.0000	0.0000	0.0000	0.0000	0.0000	0.0000	0.0000	0.0000	0.0000	0.0000	0.0000	0.0000	0.0000	0.0000	0.0000	0.0000	0.0000	0.0002	0.0001	0.0000	0.0001	0.0001	0.0000	0.0001	0.0000	0.0000
10	87	0.0119	2	2	1	1	0	0	1	1	0	0	0	2	2	0	0	0	0	0	0	Y	N	N	N	Y	Y	N	N	N	N	N	N	N	N	N	N	N	N	0.0000	0.0000	0.0000	0.0000	0.0000	0.0000	0.0000	0.0000	0.0000	0.0000	0.0000	0.0000	0.0000	0.0000	0.0000	0.0000	0.0000	0.0000	6.3658	12.1904	0.0000	13.2744	13.2817	0.0000	0.0000	0.0000	0.0000		0.0000	0.0000	-0.0002	0.0000	0.0022	0.0003	6.6376	0.0000	0.0000	0.0000	0.0000	0.0000	0.0000	0.0000	0.0000	0.0000	0.0003	0.0003	0.0000	0.0003	0.0003	0.0000	0.0000	0.0000	0.0000	0.0000	0.0000	0.0000	0.0000	0.0000	0.0000	0.0000	0.0000	0.0000	0.0000	0.0000	0.0000	0.0000	0.0000	0.0000	0.0000	0.0000	0.0000
10	89	0.0627	8	2	1	1	0	0	1	1	0	0	0	1	1	0	0	0	0	0	0	Y	N	N	N	N	N	N	N	N	N	N	N	N	N	N	N	N	N	0.0000	0.0000	0.0000	0.0000	0.0000	0.0000	0.0000	0.0000	0.0000	0.0000	0.0000	0.0000	0.0000	0.0000	0.0000	0.0000	0.0000	0.0000	0.0000	0.0000	0.0000	0.0000	0.0000	0.0000	0.0000	0.0000	0.0000			0.0000	0.0000	0.0000	2.9990	0.0003	17.4729	0.0000	0.0000	0.0000	0.0000	0.0000	0.0000	0.0000	0.0000	0.0000	0.0000	0.0000	0.0000	0.0000	0.0000	0.0000	0.0000	0.0000	0.0000	0.0000	0.0000	0.0000	0.0000	0.0000	0.0000	0.0000	0.0000	0.0000	0.0000	0.0000	0.0000	0.0000	0.0000	0.0000	0.0000	0.0000	0.0000
10	90	0.0264	3	2	1	0	0	0	1	0	0	0	0	2	2	0	0	0	0	0	0	Y	N	N	N	Y	Y	N	N	N	N	N	N	N	N	N	N	N	N	0.0000	0.0000	0.0000	0.0000	0.0000	0.0000	0.0000	0.0000	0.0000	0.0000	0.0000	0.0000	0.0000	0.0000	0.0000	0.0000	0.0000	0.0000	0.5233	0.9658	0.0001	1.1280	1.1294	0.0000	0.0001	0.0000	0.0001		0.0001	0.0000	-0.0000	0.0000	2.0138	0.0003	11.8132	0.0000	0.0000	0.0000	0.0000	0.0000	0.0000	0.0000	0.0000	0.0000	0.0000	0.0000	0.0000	0.0000	0.0000	0.0000	0.0000	0.0000	0.0000	0.0000	0.0000	0.0000	0.0000	0.0000	0.0000	0.0000	0.0000	0.0000	0.0001	0.0000	0.0000	0.0000	0.0000	0.0000	0.0000	0.0000	0.0000
10	92	0.0830	13	2	1	1	0	1	1	1	0	0	0	1	1	0	0	0	0	0	0	Y	N	N	N	N	N	N	N	N	N	N	N	N	N	N	N	N	N	0.0000	0.0000	0.0000	0.0000	0.0000	0.0000	0.0000	0.0000	0.0000	0.0000	0.0000	0.0000	0.0000	0.0000	0.0000	0.0000	0.0000	0.0000	0.0000	0.0000	0.0000	0.0000	0.0000	0.0000	0.0000	0.0000	0.0000			0.0000	0.0000	0.0000	5.0000	0.0003	42.2706	0.0000	0.0000	0.0000	0.0000	0.0000	0.0000	0.0000	0.0000	0.0000	0.0000	0.0000	0.0000	0.0000	0.0000	0.0000	0.0000	0.0000	0.0000	0.0000	0.0000	0.0000	0.0000	0.0000	0.0000	0.0000	0.0000	0.0000	0.0001	0.0000	0.0000	0.0000	0.0000	0.0000	0.0000	0.0000	0.0000
10	93	0.1166	15	1	1	0	0	0	1	0	0	0	0	1	2	0	0	0	0	0	0	N	N	N	N	N	Y	N	N	N	N	N	N	N	N	N	N	N	N	0.0000	0.0000	0.0000	0.0000	0.0000	0.0000	0.0000	0.0000	0.0000	0.0000	0.0000	0.0000	0.0000	0.0000	0.0000	0.0000	0.0000	0.0000	0.0000	0.0000	0.0000	0.0000	0.0000	0.0000	0.0000	0.0000	0.0000			0.0000	0.0000	0.0000	0.0000	0.0003	0.9594	0.0000	0.0000	0.0000	0.0000	0.0000	0.0000	0.0000	0.0000	0.0000	0.0000	0.0000	0.0000	0.0000	0.0000	0.0000	0.0000	0.0000	0.0000	0.0000	0.0000	0.0000	0.0000	0.0000	0.0000	0.0000	0.0000	0.0000	0.0000	0.0000	0.0000	0.0000	0.0000	0.0000	0.0000	0.0000	0.0000
10	94	0.0852	14	1	1	0	0	0	1	0	0	0	1	1	2	0	0	0	0	0	0	N	N	N	N	N	Y	N	N	N	N	N	N	N	N	N	N	N	N	0.0000	0.0000	0.0000	0.0000	0.0000	0.0000	0.0000	0.0000	0.0000	0.0000	0.0000	0.0000	0.0000	0.0000	0.0000	0.0000	0.0000	0.0000	0.0000	0.0000	0.0000	0.0000	0.0000	0.0000	0.0000	0.0000	0.0000			0.0000	0.0000	0.0000	0.0000	0.0003	18.8906	0.0000	0.0000	0.0000	0.0000	0.0000	0.0000	0.0000	0.0000	0.0000	0.0000	0.0000	0.0000	0.0000	0.0000	0.0000	0.0000	0.0000	0.0000	0.0000	0.0000	0.0000	0.0000	0.0000	0.0000	0.0000	0.0000	0.0000	0.0000	0.0000	0.0000	0.0000	0.0000	0.0000	0.0000	0.0000	0.0000
10	97	0.1011	14	2	1	1	0	0	1	1	0	0	0	1	1	0	0	0	0	0	0	Y	N	N	N	N	N	N	N	N	N	N	N	N	N	N	N	N	N	0.0000	0.0000	0.0000	0.0000	0.0000	0.0000	0.0000	0.0000	0.0000	0.0000	0.0000	0.0000	0.0000	0.0000	0.0000	0.0000	0.0000	0.0000	0.0039	0.0054	0.0000	0.0090	0.0091	0.0000	0.0000	0.0000	0.0000		0.0000	0.0000	-0.0000	0.0000	2.0000	0.0003	24.9502	0.0000	0.0000	0.0000	0.0000	0.0000	0.0000	0.0000	0.0000	0.0000	0.0000	0.0000	0.0000	0.0000	0.0000	0.0000	0.0000	0.0000	0.0000	0.0000	0.0000	0.0000	0.0000	0.0000	0.0000	0.0000	0.0000	0.0000	0.0000	0.0000	0.0000	0.0000	0.0000	0.0000	0.0000	0.0000	0.0000
10	98	0.0797	11	2	1	0	1	0	1	0	1	0	0	2	2	0	0	0	0	0	0	Y	N	N	N	Y	Y	N	N	N	N	N	N	N	N	N	N	N	N	0.0000	0.0000	0.0000	0.0000	0.0000	0.0000	0.0000	0.0000	0.0000	0.0000	0.0000	0.0000	0.0000	0.0000	0.0000	0.0000	0.0000	0.0000	0.0000	0.0000	0.0000	0.0000	0.0000	0.0000	0.0000	0.0000	0.0000			0.0000	0.0000	0.0000	2.9999	0.0003	3.9821	0.0000	0.0000	0.0000	0.0000	0.0000	0.0000	0.0000	0.0000	0.0000	0.0000	0.0000	0.0000	0.0000	0.0000	0.0000	0.0000	0.0000	0.0000	0.0000	0.0000	0.0000	0.0000	0.0000	0.0000	0.0000	0.0000	0.0000	0.0000	0.0000	0.0000	0.0000	0.0000	0.0000	0.0000	0.0000	0.0000
10	99	0.0766	10	2	1	0	0	0	1	0	0	0	0	2	2	0	0	0	0	0	0	Y	N	N	N	Y	Y	N	N	N	N	N	N	N	N	N	N	N	N	0.0000	0.0000	0.0000	0.0000	0.0000	0.0000	0.0000	0.0000	0.0000	0.0000	0.0000	0.0000	0.0000	0.0000	0.0000	0.0000	0.0000	0.0000	0.0000	0.0000	0.0000	0.0000	0.0000	0.0000	0.0000	0.0000	0.0000			0.0000	0.0000	0.0000	0.0003	0.0003	2.0601	0.0000	0.0000	0.0000	0.0000	0.0000	0.0000	0.0000	0.0000	0.0000	0.0000	0.0000	0.0000	0.0000	0.0000	0.0000	0.0000	0.0000	0.0000	0.0000	0.0000	0.0000	0.0000	0.0000	0.0000	0.0000	0.0000	0.0000	0.0000	0.0000	0.0000	0.0000	0.0000	0.0000	0.0000	0.0000	0.0000
10	100	0.0568	9	2	1	0	0	0	1	0	0	1	1	2	2	0	0	0	0	0	0	Y	N	N	N	Y	Y	N	N	N	N	N	N	N	N	N	N	N	N	0.0000	0.0000	0.0000	0.0000	0.0000	0.0000	0.0000	0.0000	0.0000	0.0000	0.0000	0.0000	0.0000	0.0000	0.0000	0.0000	0.0000	0.0000	0.0000	0.0000	0.0000	0.0000	0.0000	0.0000	0.0000	0.0000	0.0000			0.0000	0.0000	0.0000	3.0014	0.0003	9.1620	0.0000	0.0000	0.0000	0.0000	0.0000	0.0000	0.0000	0.0000	0.0000	0.0000	0.0000	0.0000	0.0000	0.0000	0.0000	0.0000	0.0000	0.0000	0.0000	0.0000	0.0000	0.0000	0.0000	0.0000	0.0000	0.0000	0.0000	0.0000	0.0000	0.0000	0.0000	0.0000	0.0000	0.0000	0.0000	0.0000
10	101	0.0439	8	2	1	0	0	0	1	0	0	0	0	1	1	0	0	0	0	0	0	Y	N	N	N	N	N	N	N	N	N	N	N	N	N	N	N	N	N	0.0000	0.0000	0.0000	0.0000	0.0000	0.0000	0.0000	0.0000	0.0000	0.0000	0.0000	0.0000	0.0000	0.0000	0.0000	0.0000	0.0000	0.0000	0.0000	0.0000	0.0000	0.0000	0.0000	0.0000	0.0000	0.0000	0.0000			0.0000	-0.0000	0.0000	0.0077	0.0003	8.0757	0.0000	0.0000	0.0000	0.0000	0.0000	0.0000	0.0000	0.0000	0.0000	0.0000	0.0000	0.0000	0.0000	0.0000	0.0000	0.0000	0.0000	0.0000	0.0000	0.0000	0.0000	0.0000	0.0000	0.0000	0.0000	0.0000	0.0000	0.0000	0.0000	0.0000	0.0000	0.0000	0.0000	0.0000	0.0000	0.0000
10	102	0.0423	7	2	1	0	0	0	1	0	0	0	0	1	1	0	0	0	0	0	0	Y	N	N	N	N	N	N	N	N	N	N	N	N	N	N	N	N	N	0.0000	0.0000	0.0000	0.0000	0.0000	0.0000	0.0000	0.0000	0.0000	0.0000	0.0000	0.0000	0.0000	0.0000	0.0000	0.0000	0.0000	0.0000	0.0000	0.0000	0.0000	0.0000	0.0000	0.0000	0.0000	0.0000	0.0000			0.0000	0.0000	0.0000	0.0011	0.0003	1.0060	0.0000	0.0000	0.0000	0.0000	0.0000	0.0000	0.0000	0.0000	0.0000	0.0000	0.0000	0.0000	0.0000	0.0000	0.0000	0.0000	0.0000	0.0000	0.0000	0.0000	0.0000	0.0000	0.0000	0.0000	0.0000	0.0000	0.0000	0.0000	0.0000	0.0000	0.0000	0.0000	0.0000	0.0000	0.0000	0.0000
10	106	0.0892	17	2	1	1	0	0	1	0	0	0	0	1	1	0	0	0	0	0	0	Y	N	N	N	N	N	N	N	N	N	N	N	N	N	N	N	N	N	0.0000	0.0000	0.0000	0.0000	0.0000	0.0000	0.0000	0.0000	0.0000	0.0000	0.0000	0.0000	0.0000	0.0000	0.0000	0.0000	0.0000	0.0000	0.0024	0.0000	0.0062	0.0000	0.0000	0.0000	0.0043	0.0000	0.0063		inf	0.0000	0.0000	0.0000	4.0001	0.0003	15.3361	0.0000	0.0000	0.0000	0.0000	0.0000	0.0000	0.0000	0.0000	0.0000	0.0000	0.0000	0.0000	0.0000	0.0000	0.0000	0.0000	0.0000	0.0000	0.0000	0.0000	0.0000	0.0000	0.0000	0.0000	0.0000	0.0000	0.0000	0.0000	0.0000	0.0000	0.0000	0.0000	0.0000	0.0000	0.0000	0.0000
10	107	0.1169	19	2	1	1	0	0	1	0	0	0	0	1	1	0	0	0	0	0	0	Y	N	N	N	N	N	N	N	N	N	N	N	N	N	N	N	N	N	0.0000	0.0000	0.0000	0.0000	0.0000	0.0000	0.0000	0.0000	0.0000	0.0000	0.0000	0.0000	0.0000	0.0000	0.0000	0.0000	0.0000	0.0000	0.0000	0.0000	0.0000	0.0000	0.0000	0.0000	0.0000	0.0000	0.0000			0.0000	0.0000	0.0000	1.0040	0.0003	14.1141	0.0000	0.0000	0.0000	0.0000	0.0000	0.0000	0.0000	0.0000	0.0000	0.0000	0.0000	0.0000	0.0000	0.0000	0.0000	0.0000	0.0000	0.0000	0.0000	0.0000	0.0000	0.0000	0.0000	0.0000	0.0000	0.0000	0.0000	0.0000	0.0000	0.0000	0.0000	0.0000	0.0000	0.0000	0.0000	0.0000
10	108	0.1091	18	2	1	1	0	1	1	1	0	0	0	1	1	0	0	0	0	0	0	Y	N	N	N	N	N	N	N	N	N	N	N	N	N	N	N	N	N	0.0000	0.0000	0.0000	0.0000	0.0000	0.0000	0.0000	0.0000	0.0000	0.0000	0.0000	0.0000	0.0000	0.0000	0.0000	0.0000	0.0000	0.0000	0.0000	0.0000	0.0000	0.0000	0.0000	0.0000	0.0000	0.0000	0.0000			0.0000	-0.0000	0.0000	1.0065	0.0003	3.9764	0.0000	0.0000	0.0000	0.0000	0.0000	0.0000	0.0000	0.0000	0.0000	0.0000	0.0000	0.0000	0.0000	0.0000	0.0000	0.0000	0.0000	0.0000	0.0000	0.0000	0.0000	0.0000	0.0000	0.0000	0.0000	0.0000	0.0000	0.0000	0.0000	0.0000	0.0000	0.0000	0.0000	0.0000	0.0000	0.0000
10	112	0.0349	4	2	1	1	0	0	1	1	0	0	0	1	1	0	0	0	0	0	0	Y	N	N	N	N	N	N	N	N	N	N	N	N	N	N	N	N	N	0.0000	0.0000	0.0000	0.0000	0.0000	0.0000	0.0000	0.0000	0.0000	0.0000	0.0000	0.0000	0.0000	0.0000	0.0000	0.0000	0.0000	0.0000	0.0097	0.0000	0.0243	0.0002	0.0000	0.0652	0.0164	0.0000	0.0242		inf	0.0000	0.0000	0.0000	3.0154	0.0003	11.4025	0.0000	0.0000	0.0000	0.0000	0.0000	0.0000	0.0000	0.0000	0.0000	0.0000	0.0000	0.0000	0.0000	0.0000	0.0000	0.0000	0.0000	0.0000	0.0000	0.0000	0.0000	0.0000	0.0000	0.0000	0.0000	0.0000	0.0000	0.0000	0.0000	0.0000	0.0000	0.0000	0.0000	0.0000	0.0000	0.0000
10	119	0.1049	16	2	1	1	0	0	1	0	0	0	0	1	1	0	0	0	0	0	0	Y	N	N	N	N	N	N	N	N	N	N	N	N	N	N	N	N	N	0.0000	0.0000	0.0000	0.0000	0.0000	0.0000	0.0000	0.0000	0.0000	0.0000	0.0000	0.0000	0.0000	0.0000	0.0000	0.0000	0.0000	0.0000	0.0002	0.0002	0.0000	0.0004	0.0004	0.0000	0.0000	0.0000	0.0000		0.0714	0.0000	-0.0000	0.0000	6.0007	0.0003	19.0307	0.0000	0.0000	0.0000	0.0000	0.0000	0.0000	0.0000	0.0000	0.0000	0.0000	0.0000	0.0000	0.0000	0.0000	0.0000	0.0000	0.0000	0.0000	0.0000	0.0000	0.0000	0.0000	0.0000	0.0000	0.0000	0.0000	0.0000	0.0000	0.0000	0.0000	0.0000	0.0000	0.0000	0.0000	0.0000	0.0000
10	120	0.1014	15	2	1	1	0	0	1	1	0	0	0	1	1	0	0	0	0	0	0	Y	N	N	N	N	N	N	N	N	N	N	N	N	N	N	N	N	N	0.0000	0.0000	0.0000	0.0000	0.0000	0.0000	0.0000	0.0000	0.0000	0.0000	0.0000	0.0000	0.0000	0.0000	0.0000	0.0000	0.0000	0.0000	0.0069	0.0079	0.0041	0.0129	0.0131	0.0000	0.0020	0.0000	0.0042		0.1972	0.0000	-0.0000	0.0000	0.0034	0.0003	3.2312	0.0000	0.0000	0.0000	0.0000	0.0000	0.0000	0.0000	0.0000	0.0000	0.0000	0.0000	0.0000	0.0000	0.0000	0.0000	0.0000	0.0000	0.0000	0.0000	0.0000	0.0000	0.0000	0.0000	0.0000	0.0000	0.0000	0.0000	0.0000	0.0000	0.0000	0.0000	0.0000	0.0000	0.0000	0.0000	0.0000
10	121	0.1011	14	2	1	0	0	0	1	0	0	0	0	1	1	0	0	0	0	0	0	Y	N	N	N	N	N	N	N	N	N	N	N	N	N	N	N	N	N	0.0000	0.0000	0.0000	0.0000	0.0000	0.0000	0.0000	0.0000	0.0000	0.0000	0.0000	0.0000	0.0000	0.0000	0.0000	0.0000	0.0000	0.0000	0.0606	0.0754	0.0309	0.1089	0.1100	0.0000	0.0191	0.0000	0.0313		0.2040	0.0000	-0.0000	0.0000	0.0000	0.0003	1.2022	0.0000	0.0000	0.0000	0.0000	0.0000	0.0000	0.0000	0.0000	0.0000	0.0000	0.0000	0.0000	0.0000	0.0000	0.0000	0.0000	0.0000	0.0000	0.0000	0.0000	0.0000	0.0000	0.0000	0.0000	0.0000	0.0000	0.0000	0.0000	0.0000	0.0000	0.0000	0.0000	0.0000	0.0000	0.0000	0.0000
10	122	0.0798	13	2	1	0	0	1	1	0	0	0	0	1	1	0	0	0	0	0	0	Y	N	N	N	N	N	N	N	N	N	N	N	N	N	N	N	N	N	0.0000	0.0000	0.0000	0.0000	0.0000	0.0000	0.0000	0.0000	0.0000	0.0000	0.0000	0.0000	0.0000	0.0000	0.0000	0.0000	0.0000	0.0000	14.2308	23.0605	0.0000	32.3001	32.7566	0.0000	0.0000	0.0000	0.0000		0.0000	0.0000	-0.0002	0.0000	0.0041	0.0003	12.5856	0.0000	0.0000	0.0000	0.0000	0.0000	0.0000	0.0000	0.0000	0.0000	0.0003	0.0003	0.0000	0.0003	0.0003	0.0000	0.0000	0.0000	0.0000	0.0000	0.0000	0.0000	0.0000	0.0000	0.0000	0.0000	0.0000	0.0000	0.0000	0.0000	0.0000	0.0000	0.0000	0.0000	0.0000	0.0000	0.0000
10	126	0.1147	19	1	1	1	0	0	1	0	0	1	0	2	1	0	0	0	0	0	0	N	N	N	N	Y	N	N	N	N	N	N	N	N	N	N	N	N	N	0.0000	0.0000	0.0000	0.0000	0.0000	0.0000	0.0000	0.0000	0.0000	0.0000	0.0000	0.0000	0.0000	0.0000	0.0000	0.0000	0.0000	0.0000	0.0000	0.0000	0.0000	0.0000	0.0000	0.0000	0.0000	0.0000	0.0000			0.0000	0.0000	0.0000	0.0003	0.0003	3.0192	0.0000	0.0000	0.0000	0.0000	0.0000	0.0000	0.0000	0.0000	0.0000	0.0000	0.0000	0.0000	0.0000	0.0000	0.0000	0.0000	0.0000	0.0000	0.0000	0.0000	0.0000	0.0000	0.0000	0.0000	0.0000	0.0000	0.0000	0.0000	0.0000	0.0000	0.0000	0.0000	0.0000	0.0000	0.0000	0.0000
10	131	0.1210	21	2	1	1	0	0	1	0	0	0	0	1	1	0	0	0	0	0	0	Y	N	N	N	N	N	N	N	N	N	N	N	N	N	N	N	N	N	0.0000	0.0000	0.0000	0.0000	0.0000	0.0000	0.0000	0.0000	0.0000	0.0000	0.0000	0.0000	0.0000	0.0000	0.0000	0.0000	0.0000	0.0000	0.0000	0.0000	0.0000	0.0000	0.0000	0.0000	0.0000	0.0000	0.0000			0.0000	0.0000	0.0000	1.0211	0.0003	9.0731	0.0000	0.0000	0.0000	0.0000	0.0000	0.0000	0.0000	0.0000	0.0000	0.0000	0.0000	0.0000	0.0000	0.0000	0.0000	0.0000	0.0000	0.0000	0.0000	0.0000	0.0000	0.0000	0.0000	0.0000	0.0000	0.0000	0.0000	0.0000	0.0000	0.0000	0.0000	0.0000	0.0000	0.0000	0.0000	0.0000
10	132	0.1417	21	1	1	0	0	0	1	0	0	0	1	1	2	0	0	0	0	0	0	N	N	N	N	N	Y	N	N	N	N	N	N	N	N	N	N	N	N	0.0000	0.0000	0.0000	0.0000	0.0000	0.0000	0.0000	0.0000	0.0000	0.0000	0.0000	0.0000	0.0000	0.0000	0.0000	0.0000	0.0000	0.0000	0.0000	0.0000	0.0000	0.0000	0.0000	0.0000	0.0000	0.0000	0.0000			0.0000	0.0000	0.0000	0.0075	0.0003	1.9743	0.0000	0.0000	0.0000	0.0000	0.0000	0.0000	0.0000	0.0000	0.0000	0.0000	0.0000	0.0000	0.0000	0.0000	0.0000	0.0000	0.0000	0.0000	0.0000	0.0000	0.0000	0.0000	0.0000	0.0000	0.0000	0.0000	0.0000	0.0000	0.0000	0.0000	0.0000	0.0000	0.0000	0.0000	0.0000	0.0000
10	134	0.1365	19	1	1	0	0	0	1	0	0	0	1	1	2	0	0	0	0	0	0	N	N	N	N	N	Y	N	N	N	N	N	N	N	N	N	N	N	N	0.0000	0.0000	0.0000	0.0000	0.0000	0.0000	0.0000	0.0000	0.0000	0.0000	0.0000	0.0000	0.0000	0.0000	0.0000	0.0000	0.0000	0.0000	0.0000	0.0000	0.0000	0.0000	0.0000	0.0000	0.0000	0.0000	0.0000			0.0000	0.0000	0.0000	2.0569	0.0003	5.7592	0.0000	0.0000	0.0000	0.0000	0.0000	0.0000	0.0000	0.0000	0.0000	0.0000	0.0000	0.0000	0.0000	0.0000	0.0000	0.0000	0.0000	0.0000	0.0000	0.0000	0.0000	0.0000	0.0000	0.0000	0.0000	0.0000	0.0000	0.0000	0.0000	0.0000	0.0000	0.0000	0.0000	0.0000	0.0000	0.0000
10	135	0.1381	20	1	1	0	0	0	1	0	0	0	1	1	2	0	0	0	0	0	0	N	N	N	N	N	Y	N	N	N	N	N	N	N	N	N	N	N	N	0.0000	0.0000	0.0000	0.0000	0.0000	0.0000	0.0000	0.0000	0.0000	0.0000	0.0000	0.0000	0.0000	0.0000	0.0000	0.0000	0.0000	0.0000	0.0000	0.0000	0.0000	0.0000	0.0000	0.0000	0.0000	0.0000	0.0000			0.0000	0.0000	0.0000	1.0111	0.0003	8.8059	0.0000	0.0000	0.0000	0.0000	0.0000	0.0000	0.0000	0.0000	0.0000	0.0000	0.0000	0.0000	0.0000	0.0000	0.0000	0.0000	0.0000	0.0000	0.0000	0.0000	0.0000	0.0000	0.0000	0.0000	0.0000	0.0000	0.0000	0.0000	0.0000	0.0000	0.0000	0.0000	0.0000	0.0000	0.0000	0.0000
10	138	0.1148	18	2	1	1	0	0	1	0	0	0	0	2	1	0	0	0	0	0	0	Y	N	N	N	Y	N	N	N	N	N	N	N	N	N	N	N	N	N	0.0000	0.0000	0.0000	0.0000	0.0000	0.0000	0.0000	0.0000	0.0000	0.0000	0.0000	0.0000	0.0000	0.0000	0.0000	0.0000	0.0000	0.0000	0.0482	0.0690	0.0000	0.1047	0.1067	0.0000	0.0000	0.0000	0.0000		0.0000	0.0000	-0.0000	0.0000	0.0010	0.0003	4.0030	0.0000	0.0000	0.0000	0.0000	0.0000	0.0000	0.0000	0.0000	0.0000	0.0000	0.0000	0.0000	0.0000	0.0000	0.0000	0.0000	0.0000	0.0000	0.0000	0.0000	0.0000	0.0000	0.0000	0.0000	0.0000	0.0000	0.0000	0.0000	0.0000	0.0000	0.0000	0.0000	0.0000	0.0000	0.0000	0.0000
10	139	0.0892	17	2	1	1	0	0	1	0	0	1	0	2	1	0	0	0	0	0	0	Y	N	N	N	Y	N	N	N	N	N	N	N	N	N	N	N	N	N	0.0000	0.0000	0.0000	0.0000	0.0000	0.0000	0.0000	0.0000	0.0000	0.0000	0.0000	0.0000	0.0000	0.0000	0.0000	0.0000	0.0000	0.0000	12.1982	19.7983	0.0000	27.4170	27.8732	0.0000	0.0000	0.0000	0.0000		0.0000	0.0000	-0.0002	0.0000	2.9989	0.0003	12.3267	0.0000	0.0000	0.0000	0.0000	0.0000	0.0000	0.0000	0.0000	0.0000	0.0003	0.0003	0.0000	0.0003	0.0003	0.0000	0.0000	0.0000	0.0000	0.0000	0.0000	0.0000	0.0000	0.0000	0.0000	0.0000	0.0000	0.0000	0.0000	0.0000	0.0000	0.0000	0.0000	0.0000	0.0000	0.0000	0.0000
10	140	0.0884	16	2	1	1	0	1	1	1	0	0	0	1	1	0	0	0	0	0	0	Y	N	N	N	N	N	N	N	N	N	N	N	N	N	N	N	N	N	0.0000	0.0000	0.0000	0.0000	0.0000	0.0000	0.0000	0.0000	0.0000	0.0000	0.0000	0.0000	0.0000	0.0000	0.0000	0.0000	0.0000	0.0000	0.0497	0.0803	0.0000	0.1113	0.1130	0.0000	0.0000	0.0000	0.0000		0.0000	0.0000	-0.0000	0.0000	0.0011	0.0003	0.8290	0.0000	0.0000	0.0000	0.0000	0.0000	0.0000	0.0000	0.0000	0.0000	0.0000	0.0000	0.0000	0.0000	0.0000	0.0000	0.0000	0.0000	0.0000	0.0000	0.0000	0.0000	0.0000	0.0000	0.0000	0.0000	0.0000	0.0000	0.0000	0.0000	0.0000	0.0000	0.0000	0.0000	0.0000	0.0000	0.0000
10	141	0.1116	18	2	1	1	0	0	1	0	0	0	0	1	1	0	0	0	0	0	0	Y	N	N	N	N	N	N	N	N	N	N	N	N	N	N	N	N	N	0.0000	0.0000	0.0000	0.0000	0.0000	0.0000	0.0000	0.0000	0.0000	0.0000	0.0000	0.0000	0.0000	0.0000	0.0000	0.0000	0.0000	0.0000	0.0276	0.0464	0.0000	0.0610	0.0619	0.0000	0.0000	0.0000	0.0000		0.0000	0.0000	-0.0000	0.0000	0.0243	0.0003	8.8037	0.0000	0.0000	0.0000	0.0000	0.0000	0.0000	0.0000	0.0000	0.0000	0.0000	0.0000	0.0000	0.0000	0.0000	0.0000	0.0000	0.0000	0.0000	0.0000	0.0000	0.0000	0.0000	0.0000	0.0000	0.0000	0.0000	0.0000	0.0000	0.0000	0.0000	0.0000	0.0000	0.0000	0.0000	0.0000	0.0000
10	142	0.0950	17	2	1	1	0	1	1	1	0	0	0	1	1	0	0	0	0	0	0	Y	N	N	N	N	N	N	N	N	N	N	N	N	N	N	N	N	N	0.0000	0.0000	0.0000	0.0000	0.0000	0.0000	0.0000	0.0000	0.0000	0.0000	0.0000	0.0000	0.0000	0.0000	0.0000	0.0000	0.0000	0.0000	2.5062	4.1102	0.0003	5.5774	5.6741	0.0000	0.0002	0.0000	0.0003		0.0000	0.0000	-0.0000	0.0000	4.9785	0.0003	5.0554	0.0000	0.0000	0.0000	0.0000	0.0000	0.0000	0.0000	0.0000	0.0000	0.0000	0.0000	0.0000	0.0000	0.0000	0.0000	0.0000	0.0000	0.0000	0.0000	0.0000	0.0000	0.0000	0.0000	0.0000	0.0000	0.0000	0.0000	0.0000	0.0000	0.0000	0.0000	0.0000	0.0000	0.0000	0.0000	0.0000
10	143	0.1340	22	2	1	1	0	0	1	0	0	0	0	2	1	0	0	0	0	0	0	Y	N	N	N	Y	N	N	N	N	N	N	N	N	N	N	N	N	N	0.0000	0.0000	0.0000	0.0000	0.0000	0.0000	0.0000	0.0000	0.0000	0.0000	0.0000	0.0000	0.0000	0.0000	0.0000	0.0000	0.0000	0.0000	0.0000	0.0000	0.0000	0.0000	0.0000	0.0000	0.0000	0.0000	0.0000			0.0000	0.0000	0.0000	0.0000	0.0003	3.0055	0.0000	0.0000	0.0000	0.0000	0.0000	0.0000	0.0000	0.0000	0.0000	0.0000	0.0000	0.0000	0.0000	0.0000	0.0000	0.0000	0.0000	0.0000	0.0000	0.0000	0.0000	0.0000	0.0000	0.0000	0.0000	0.0000	0.0000	0.0000	0.0000	0.0000	0.0000	0.0000	0.0000	0.0000	0.0000	0.0000
10	144	0.1210	21	2	1	1	0	0	1	0	0	1	0	2	1	0	0	0	0	0	0	Y	N	N	N	Y	N	N	N	N	N	N	N	N	N	N	N	N	N	0.0000	0.0000	0.0000	0.0000	0.0000	0.0000	0.0000	0.0000	0.0000	0.0000	0.0000	0.0000	0.0000	0.0000	0.0000	0.0000	0.0000	0.0000	0.0000	0.0000	0.0000	0.0000	0.0000	0.0000	0.0000	0.0000	0.0000			0.0000	0.0000	0.0000	2.0192	0.0003	6.0784	0.0000	0.0000	0.0000	0.0000	0.0000	0.0000	0.0000	0.0000	0.0000	0.0000	0.0000	0.0000	0.0000	0.0000	0.0000	0.0000	0.0000	0.0000	0.0000	0.0000	0.0000	0.0000	0.0000	0.0000	0.0000	0.0000	0.0000	0.0000	0.0000	0.0000	0.0000	0.0000	0.0000	0.0000	0.0000	0.0000
10	145	0.1162	20	2	1	1	0	1	1	0	0	0	0	1	1	0	0	0	0	0	0	Y	N	N	N	N	N	N	N	N	N	N	N	N	N	N	N	N	N	0.0000	0.0000	0.0000	0.0000	0.0000	0.0000	0.0000	0.0000	0.0000	0.0000	0.0000	0.0000	0.0000	0.0000	0.0000	0.0000	0.0000	0.0000	0.0000	0.0000	0.0000	0.0000	0.0000	0.0000	0.0000	0.0000	0.0000			0.0000	0.0000	0.0000	1.9811	0.0003	0.9869	0.0000	0.0000	0.0000	0.0000	0.0000	0.0000	0.0000	0.0000	0.0000	0.0000	0.0000	0.0000	0.0000	0.0000	0.0000	0.0000	0.0000	0.0000	0.0000	0.0000	0.0000	0.0000	0.0000	0.0000	0.0000	0.0000	0.0000	0.0000	0.0000	0.0000	0.0000	0.0000	0.0000	0.0000	0.0000	0.0000
11	12	0.1166	14	1	0	0	0	0	0	0	0	0	0	1	2	0	0	0	0	0	0	N	N	N	N	N	Y	N	N	N	N	N	N	N	N	N	N	N	N	0.0000	0.0000	0.0000	0.0000	0.0000	0.0000	0.0000	0.0000	0.0000	0.0000	0.0000	0.0000	0.0000	0.0000	0.0000	0.0000	0.0000	0.0000	0.0000	0.0000	0.0001	0.0000	0.0000	0.0000	0.0000	0.0000	0.0001		203.9375	0.0000	0.0000	1.9982	0.0000	5.4332	3.0444	0.0000	0.0000	0.0000	0.0000	0.0000	0.0000	0.0000	0.0000	0.0000	0.0000	0.0000	0.0000	0.0000	0.0000	0.0000	0.0000	0.0000	0.0000	0.0000	0.0000	0.0000	0.0000	0.0000	0.0000	0.0000	0.0000	0.0000	0.0278	0.0153	0.0125	0.0078	0.0071	0.0008	0.0200	0.0082	0.0117
11	13	0.1014	14	2	0	0	0	0	0	0	0	0	1	1	2	0	0	0	0	0	0	Y	N	N	N	N	Y	N	N	N	N	N	N	N	N	N	N	N	N	0.0000	0.0000	0.0000	0.0000	0.0000	0.0000	0.0000	0.0000	0.0000	0.0000	0.0000	0.0000	0.0000	0.0000	0.0000	0.0000	0.0000	0.0000	7.5681	0.0000	16.8343	0.0000	0.0000	0.0000	10.4529	0.0000	17.7944		2499073.9972	0.0000	0.4517	1.9982	2.0000	5.4332	12.5972	0.0000	0.0000	0.0000	0.0000	0.0000	0.0000	0.0000	0.0000	0.0000	0.9998	0.0000	0.9998	0.0000	0.0000	0.0000	0.9998	0.0000	0.9998	0.0275	0.0237	0.0038	0.0004	0.0004	0.0000	0.0271	0.0233	0.0038	0.1321	0.0727	0.0594	0.0365	0.0333	0.0032	0.0957	0.0395	0.0562
11	14	0.0486	6	2	0	1	0	0	0	0	0	0	0	2	1	0	0	0	0	0	0	Y	N	N	N	Y	N	N	N	N	N	N	N	N	N	N	N	N	N	1.5052	0.0000	147295.6345	0.1179	0.0000	inf	34341.5223	0.0000	144115.8037	0.3884	0.0000	2.7936	0.1739	0.0000	4.4526	0.3946	0.0000	2.7803	0.2580	0.5002	0.0000	1.4751	1.5475	0.0000	0.0000	0.0000	0.0000	inf	0.0000	0.0023	-0.0129	1.9982	1.0076	5.4332	9.0109	0.0055	0.0000	0.0055	0.0001	0.0000	0.0001	0.0054	0.0000	0.0054	0.0236	0.0236	0.0000	0.0236	0.0236	0.0000	0.0000	0.0000	0.0000	0.0142	0.0122	0.0020	0.0004	0.0004	0.0000	0.0138	0.0118	0.0020	0.0914	0.0471	0.0442	0.0160	0.0152	0.0007	0.0754	0.0319	0.0435
11	15	0.1467	21	1	0	0	0	0	0	0	0	0	1	1	2	0	0	0	0	0	0	N	N	N	N	N	Y	N	N	N	N	N	N	N	N	N	N	N	N	0.0000	0.0000	0.0000	0.0000	0.0000	0.0000	0.0000	0.0000	0.0000	0.0000	0.0000	0.0000	0.0000	0.0000	0.0000	0.0000	0.0000	0.0000	0.0000	0.0000	0.0000	0.0000	0.0000	0.0000	0.0000	0.0000	0.0000		0.0000	0.0000	-0.0000	1.9982	0.0012	5.4332	2.9951	0.0000	0.0000	0.0000	0.0000	0.0000	0.0000	0.0000	0.0000	0.0000	0.0000	0.0000	0.0000	0.0000	0.0000	0.0000	0.0000	0.0000	0.0000	0.0000	0.0000	0.0000	0.0000	0.0000	0.0000	0.0000	0.0000	0.0000	0.0261	0.0147	0.0114	0.0078	0.0070	0.0008	0.0183	0.0078	0.0106
11	16	0.0548	8	2	0	1	0	0	0	0	0	0	0	1	1	0	0	0	0	0	0	Y	N	N	N	N	N	N	N	N	N	N	N	N	N	N	N	N	N	0.0000	0.0000	0.0000	0.0000	0.0000	0.0000	0.0000	0.0000	0.0000	0.0000	0.0000	0.0000	0.0000	0.0000	0.0000	0.0000	0.0000	0.0000	0.0002	0.0003	0.0000	0.0010	0.0011	0.0000	0.0000	0.0000	0.0000		0.0295	0.0000	-0.0000	1.9982	0.0000	5.4332	7.0598	0.0000	0.0000	0.0000	0.0000	0.0000	0.0000	0.0000	0.0000	0.0000	0.0000	0.0000	0.0000	0.0000	0.0000	0.0000	0.0000	0.0000	0.0000	0.0000	0.0000	0.0000	0.0000	0.0000	0.0000	0.0000	0.0000	0.0000	0.0628	0.0322	0.0306	0.0106	0.0101	0.0004	0.0522	0.0221	0.0301
11	19	0.0645	9	2	0	1	0	0	0	0	0	0	0	1	1	0	0	0	0	0	0	Y	N	N	N	N	N	N	N	N	N	N	N	N	N	N	N	N	N	0.0000	0.0000	0.0000	0.0000	0.0000	0.0000	0.0000	0.0000	0.0000	0.0000	0.0000	0.0000	0.0000	0.0000	0.0000	0.0000	0.0000	0.0000	0.2556	0.3571	0.1416	0.9390	0.9849	0.0000	0.0835	0.0000	0.1444		0.3531	0.0000	-0.0055	1.9982	0.9990	5.4332	7.0746	0.0000	0.0000	0.0000	0.0000	0.0000	0.0000	0.0000	0.0000	0.0000	0.0191	0.0141	0.0050	0.0141	0.0141	0.0000	0.0050	0.0000	0.0050	0.0139	0.0119	0.0019	0.0003	0.0003	0.0000	0.0136	0.0117	0.0019	0.0748	0.0396	0.0352	0.0150	0.0143	0.0007	0.0597	0.0252	0.0345
11	21	0.1071	11	2	0	1	0	0	0	0	0	0	0	2	1	0	0	0	0	0	0	Y	N	N	N	Y	N	N	N	N	N	N	N	N	N	N	N	N	N	0.0000	0.0000	0.0000	0.0000	0.0000	0.0000	0.0000	72.7226	0.0000	0.0000	0.0000	0.0000	0.0000	0.0000	0.0000	0.0000	0.0000	0.0000	0.2143	0.1378	0.3151	0.2538	0.2699	0.0127	0.1965	0.0000	0.3293	0.0000	1.7346	-0.0000	0.0017	1.9982	0.4173	5.4332	8.0348	0.0000	0.0000	0.0000	0.0000	0.0000	0.0000	0.0000	0.0000	0.0000	0.0196	0.0072	0.0124	0.0072	0.0072	0.0000	0.0124	0.0000	0.0124	0.0077	0.0068	0.0009	0.0017	0.0017	0.0001	0.0059	0.0051	0.0008	0.0913	0.0519	0.0394	0.0283	0.0265	0.0018	0.0630	0.0254	0.0376
11	22	0.1115	17	2	0	1	0	0	0	0	0	0	0	1	1	0	0	0	0	0	0	Y	N	N	N	N	N	N	N	N	N	N	N	N	N	N	N	N	N	0.0000	0.0000	0.0000	0.0000	0.0000	0.0000	0.0000	0.0000	0.0000	0.0000	0.0000	0.0000	0.0000	0.0000	0.0000	0.0000	0.0000	0.0000	0.0366	0.0670	0.0003	0.1233	0.1336	0.0056	0.0000	0.0000	0.0000		0.0041	0.0000	-0.0018	1.9982	1.0206	5.4332	8.2592	0.0000	0.0000	0.0000	0.0000	0.0000	0.0000	0.0000	0.0000	0.0000	0.0032	0.0032	0.0000	0.0032	0.0032	0.0000	0.0000	0.0000	0.0000	0.0144	0.0125	0.0020	0.0006	0.0006	0.0000	0.0138	0.0119	0.0019	0.0882	0.0480	0.0402	0.0262	0.0241	0.0021	0.0620	0.0239	0.0381
11	25	0.0766	9	2	0	0	1	0	0	0	1	0	0	2	2	0	0	0	0	0	0	Y	N	N	N	Y	Y	N	N	N	N	N	N	N	N	N	N	N	N	0.0000	0.0000	0.0000	0.0000	0.0000	0.0000	0.0000	0.0000	0.0000	0.0000	0.0000	0.0000	0.0000	0.0000	0.0000	0.0000	0.0000	0.0000	0.0000	0.0000	0.0000	0.0000	0.0000	0.0000	0.0000	0.0000	0.0000		0.0090	0.0000	-0.0000	1.9982	0.9999	5.4332	1.0788	0.0000	0.0000	0.0000	0.0000	0.0000	0.0000	0.0000	0.0000	0.0000	0.0000	0.0000	0.0000	0.0000	0.0000	0.0000	0.0000	0.0000	0.0000	0.0138	0.0119	0.0019	0.0003	0.0003	0.0000	0.0135	0.0116	0.0019	0.0200	0.0107	0.0093	0.0046	0.0043	0.0003	0.0154	0.0065	0.0089
11	26	0.0908	14	2	0	1	0	0	0	0	0	0	0	1	1	0	0	0	0	0	0	Y	N	N	N	N	N	N	N	N	N	N	N	N	N	N	N	N	N	0.0000	0.0000	0.0000	0.0000	0.0000	0.0000	0.0000	0.0000	0.0000	0.0000	0.0000	0.0000	0.0000	0.0000	0.0000	0.0000	0.0000	0.0000	0.0000	0.0000	0.0000	0.0000	0.0000	0.0000	0.0000	0.0000	0.0000		5.1534	0.0000	0.0000	1.9982	2.9974	5.4332	7.2972	0.0000	0.0000	0.0000	0.0000	0.0000	0.0000	0.0000	0.0000	0.0000	0.0000	0.0000	0.0000	0.0000	0.0000	0.0000	0.0000	0.0000	0.0000	0.0410	0.0353	0.0057	0.0006	0.0005	0.0000	0.0405	0.0348	0.0057	0.0953	0.0519	0.0434	0.0253	0.0231	0.0022	0.0700	0.0288	0.0412
11	27	0.0848	12	2	0	1	0	1	0	0	0	0	0	1	1	0	0	0	0	0	0	Y	N	N	N	N	N	N	N	N	N	N	N	N	N	N	N	N	N	0.7431	0.0000	5.3787	0.0000	0.0000	0.0000	3.8709	0.0000	6.7986	0.0008	0.0000	0.0038	0.0000	0.0000	0.0000	0.0011	0.0000	0.0038	0.0010	0.0012	0.0007	0.0026	0.0025	0.0040	0.0003	0.0000	0.0006	inf	0.3372	0.0000	-0.0000	1.9982	0.0672	5.4332	11.7431	0.0000	0.0000	0.0000	0.0000	0.0000	0.0000	0.0000	0.0000	0.0000	0.0002	0.0001	0.0000	0.0001	0.0001	0.0000	0.0000	0.0000	0.0000	0.0026	0.0020	0.0005	0.0008	0.0008	0.0000	0.0017	0.0012	0.0005	0.1552	0.0974	0.0577	0.0504	0.0478	0.0025	0.1048	0.0496	0.0552
11	28	0.0486	6	2	0	1	0	0	0	0	0	0	0	2	1	0	0	0	0	0	0	Y	N	N	N	Y	N	N	N	N	N	N	N	N	N	N	N	N	N	108.5056	0.0000	382.3191	422.9708	0.0000	477.7937	93.6502	0.0000	382.3234	0.1966	0.0000	1.4162	0.1003	0.0000	2.2571	0.1991	0.0000	1.4095	0.0018	0.0000	0.0037	0.0002	0.0000	0.0047	0.0021	0.0000	0.0037	inf	inf	0.0023	0.0001	1.9982	2.0122	5.4332	16.0892	0.0055	0.0000	0.0055	0.0001	0.0000	0.0001	0.0054	0.0000	0.0054	0.0003	0.0000	0.0003	0.0000	0.0000	0.0000	0.0003	0.0000	0.0003	0.0280	0.0241	0.0039	0.0007	0.0007	0.0000	0.0273	0.0235	0.0039	0.1571	0.0802	0.0768	0.0261	0.0248	0.0013	0.1310	0.0555	0.0755
11	29	0.0423	5	2	0	1	0	0	0	1	0	1	0	2	1	0	0	0	0	0	0	Y	N	N	N	Y	N	N	N	N	N	N	N	N	N	N	N	N	N	4707.9192	0.1955	4401269.3095	0.0121	0.0120	0.0000	1074614.6917	inf	4390896.8843	36.2464	0.0030	260.0402	0.0006	0.0006	0.0000	36.7222	0.0030	260.9517	0.0077	0.0152	0.0001	0.0515	0.0538	0.0000	0.0000	0.0000	0.0001	14161.8990	0.0038	0.4139	-0.0002	1.9982	1.9944	5.4332	2.0374	0.9930	0.0001	0.9929	0.0000	0.0000	0.0000	0.9930	0.0001	0.9929	0.0003	0.0003	0.0000	0.0003	0.0003	0.0000	0.0000	0.0000	0.0000	0.0274	0.0236	0.0038	0.0004	0.0003	0.0000	0.0270	0.0232	0.0038	0.0358	0.0181	0.0178	0.0053	0.0051	0.0002	0.0305	0.0130	0.0175
11	30	0.0908	14	2	0	1	0	0	0	0	0	0	0	1	1	0	0	0	0	0	0	Y	N	N	N	N	N	N	N	N	N	N	N	N	N	N	N	N	N	0.0000	0.0000	0.0000	0.0000	0.0000	0.0000	0.0000	0.0000	0.0000	0.0000	0.0000	0.0000	0.0000	0.0000	0.0000	0.0000	0.0000	0.0000	0.0000	0.0000	0.0000	0.0000	0.0000	0.0000	0.0000	0.0000	0.0000		6.6892	0.0000	0.0000	1.9982	0.0026	5.4332	6.8389	0.0000	0.0000	0.0000	0.0000	0.0000	0.0000	0.0000	0.0000	0.0000	0.0000	0.0000	0.0000	0.0000	0.0000	0.0000	0.0000	0.0000	0.0000	0.0001	0.0000	0.0000	0.0000	0.0000	0.0000	0.0000	0.0000	0.0000	0.0662	0.0364	0.0298	0.0181	0.0166	0.0015	0.0481	0.0198	0.0283
11	31	0.0852	13	2	0	1	0	1	0	1	0	0	0	1	1	0	0	0	0	0	0	Y	N	N	N	N	N	N	N	N	N	N	N	N	N	N	N	N	N	0.0000	0.0000	0.0000	0.0000	0.0000	0.0000	0.0000	0.0000	0.0000	0.0000	0.0000	0.0000	0.0000	0.0000	0.0000	0.0000	0.0000	0.0000	0.0002	0.0001	0.0004	0.0001	0.0001	0.0000	0.0002	0.0000	0.0004		3.2088	0.0000	0.0000	1.9982	0.0026	5.4332	4.4275	0.0000	0.0000	0.0000	0.0000	0.0000	0.0000	0.0000	0.0000	0.0000	0.0000	0.0000	0.0000	0.0000	0.0000	0.0000	0.0000	0.0000	0.0000	0.0000	0.0000	0.0000	0.0000	0.0000	0.0000	0.0000	0.0000	0.0000	0.0634	0.0391	0.0244	0.0217	0.0207	0.0010	0.0417	0.0183	0.0234
11	32	0.1014	15	2	0	1	0	1	0	1	0	1	0	2	1	0	0	0	0	0	0	Y	N	N	N	Y	N	N	N	N	N	N	N	N	N	N	N	N	N	0.0000	0.0000	0.0000	0.0000	0.0000	0.0000	0.0000	0.0000	0.0000	0.0000	0.0000	0.0000	0.0000	0.0000	0.0000	0.0000	0.0000	0.0000	0.0623	0.0963	0.0203	0.2086	0.2284	0.0051	0.0121	0.0000	0.0211		0.1710	0.0000	-0.0051	1.9982	2.8343	5.4332	20.2282	0.0000	0.0000	0.0000	0.0000	0.0000	0.0000	0.0000	0.0000	0.0000	0.0126	0.0108	0.0018	0.0108	0.0108	0.0000	0.0018	0.0000	0.0018	0.0409	0.0352	0.0057	0.0017	0.0016	0.0000	0.0392	0.0336	0.0056	0.2026	0.1119	0.0907	0.0518	0.0472	0.0046	0.1508	0.0647	0.0861
11	33	0.0511	6	2	0	1	0	0	0	0	0	0	0	1	1	0	0	0	0	0	0	Y	N	N	N	N	N	N	N	N	N	N	N	N	N	N	N	N	N	0.0233	221126.8387	0.0000	3174.3520	3992402.9750	0.0000	0.0000	0.0000	0.0000	0.2471	0.2872	0.0000	16.0564	16.5789	0.0000	0.0000	0.0000	0.0000	10.6130	0.0000	21.9153	0.0051	0.0000	0.1209	12.7605	0.0000	22.2368	0.0000	15842734.0807	-0.0020	0.4509	1.9982	1.0032	5.4332	9.5192	0.0034	0.0034	0.0000	0.0034	0.0034	0.0000	0.0000	0.0000	0.0000	0.9981	0.0000	0.9981	0.0001	0.0000	0.0001	0.9980	0.0000	0.9980	0.0139	0.0120	0.0019	0.0002	0.0002	0.0000	0.0137	0.0118	0.0019	0.0940	0.0485	0.0455	0.0158	0.0152	0.0007	0.0782	0.0333	0.0449
11	34	0.0568	8	2	1	1	0	0	1	1	0	0	0	1	1	0	0	0	0	0	0	Y	N	N	N	N	N	N	N	N	N	N	N	N	N	N	N	N	N	0.0000	0.0000	0.0000	0.0000	0.0000	0.0000	0.0000	0.0000	0.0000	0.0000	0.0000	0.0000	0.0000	0.0000	0.0000	0.0000	0.0000	0.0000	0.0010	0.0018	0.0001	0.0047	0.0048	0.0024	0.0000	0.0000	0.0000		0.0520	0.0000	-0.0001	1.9982	0.9987	5.4332	10.0476	0.0000	0.0000	0.0000	0.0000	0.0000	0.0000	0.0000	0.0000	0.0000	0.0001	0.0001	0.0000	0.0001	0.0001	0.0000	0.0000	0.0000	0.0000	0.0138	0.0119	0.0019	0.0002	0.0002	0.0000	0.0136	0.0117	0.0019	0.1038	0.0546	0.0492	0.0217	0.0203	0.0014	0.0821	0.0343	0.0478
11	35	0.1493	23	1	0	1	0	0	0	1	0	0	1	1	2	0	0	0	0	0	0	N	N	N	N	N	Y	N	N	N	N	N	N	N	N	N	N	N	N	0.0000	0.0000	0.0000	0.0000	0.0000	0.0000	0.0000	0.0000	0.0000	0.0000	0.0000	0.0000	0.0000	0.0000	0.0000	0.0000	0.0000	0.0000	0.0350	0.0000	0.0784	0.0055	0.0000	0.0633	0.0477	0.0000	0.0794		inf	0.0000	0.0003	1.9982	0.0023	5.4332	1.9232	0.0000	0.0000	0.0000	0.0000	0.0000	0.0000	0.0000	0.0000	0.0000	0.0007	0.0000	0.0007	0.0000	0.0000	0.0000	0.0006	0.0000	0.0006	0.0001	0.0001	0.0000	0.0000	0.0000	0.0000	0.0000	0.0000	0.0000	0.0193	0.0107	0.0086	0.0058	0.0053	0.0005	0.0135	0.0054	0.0081
11	37	0.0765	11	2	0	1	0	1	0	1	0	0	0	1	1	0	0	0	0	0	0	Y	N	N	N	N	N	N	N	N	N	N	N	N	N	N	N	N	N	0.0000	0.0000	0.0000	0.0000	0.0000	0.0000	0.0000	0.0000	0.0000	0.0000	0.0000	0.0000	0.0000	0.0000	0.0000	0.0000	0.0000	0.0000	5.1563	0.0001	11.3880	0.0003	0.0003	0.0000	6.8469	0.0000	11.9327		78370.1841	0.0000	0.4494	1.9982	4.0110	5.4332	17.6512	0.0000	0.0000	0.0000	0.0000	0.0000	0.0000	0.0000	0.0000	0.0000	0.9948	0.0000	0.9948	0.0000	0.0000	0.0000	0.9948	0.0000	0.9948	0.0548	0.0472	0.0076	0.0008	0.0007	0.0000	0.0540	0.0464	0.0076	0.1929	0.1056	0.0874	0.0476	0.0436	0.0040	0.1453	0.0619	0.0834
11	38	0.1340	21	2	0	1	0	0	0	0	0	0	0	2	1	0	0	0	0	0	0	Y	N	N	N	Y	N	N	N	N	N	N	N	N	N	N	N	N	N	0.0000	0.0000	0.0000	0.0000	0.0000	0.0000	0.0000	0.0000	0.0000	0.0000	0.0000	0.0000	0.0000	0.0000	0.0000	0.0000	0.0000	0.0000	0.0003	0.0006	0.0000	0.0010	0.0011	0.0000	0.0000	0.0000	0.0000		0.0000	0.0000	-0.0000	1.9982	0.0000	5.4332	0.9989	0.0000	0.0000	0.0000	0.0000	0.0000	0.0000	0.0000	0.0000	0.0000	0.0000	0.0000	0.0000	0.0000	0.0000	0.0000	0.0000	0.0000	0.0000	0.0000	0.0000	0.0000	0.0000	0.0000	0.0000	0.0000	0.0000	0.0000	0.0090	0.0052	0.0037	0.0028	0.0026	0.0003	0.0061	0.0027	0.0034
11	41	0.0830	13	2	0	1	0	1	0	1	0	1	0	2	1	0	0	0	0	0	0	Y	N	N	N	Y	N	N	N	N	N	N	N	N	N	N	N	N	N	0.0000	0.0000	0.0000	0.0000	0.0000	0.0000	0.0000	0.0000	0.0000	0.0000	0.0000	0.0000	0.0000	0.0000	0.0000	0.0000	0.0000	0.0000	3.4464	0.0004	7.5070	0.0010	0.0009	0.0016	4.5764	0.0000	7.8862		16739.3364	0.0000	0.4536	1.9982	2.0001	5.4332	33.1942	0.0000	0.0000	0.0000	0.0000	0.0000	0.0000	0.0000	0.0000	0.0000	1.0043	0.0001	1.0042	0.0001	0.0001	0.0000	1.0042	0.0000	1.0042	0.0275	0.0237	0.0038	0.0004	0.0004	0.0000	0.0271	0.0233	0.0038	0.2914	0.1576	0.1338	0.0720	0.0655	0.0064	0.2194	0.0921	0.1273
11	42	0.1507	21	2	0	0	0	0	0	0	0	0	1	1	2	0	0	0	0	0	0	Y	N	N	N	N	Y	N	N	N	N	N	N	N	N	N	N	N	N	0.0000	0.0000	0.0000	0.0000	0.0000	0.0000	0.0000	0.0000	0.0000	0.0000	0.0000	0.0000	0.0000	0.0000	0.0000	0.0000	0.0000	0.0000	0.0000	0.0000	0.0000	0.0000	0.0000	0.0000	0.0000	0.0000	0.0000			0.0000	0.0000	1.9982	0.0000	5.4332	0.0011	0.0000	0.0000	0.0000	0.0000	0.0000	0.0000	0.0000	0.0000	0.0000	0.0000	0.0000	0.0000	0.0000	0.0000	0.0000	0.0000	0.0000	0.0000	0.0000	0.0000	0.0000	0.0000	0.0000	0.0000	0.0000	0.0000	0.0000	0.0000	0.0000	0.0000	0.0000	0.0000	0.0000	0.0000	0.0000	0.0000
11	43	0.1357	22	2	0	1	0	0	0	1	0	0	0	1	1	0	0	0	0	0	0	Y	N	N	N	N	N	N	N	N	N	N	N	N	N	N	N	N	N	0.0000	0.0000	0.0000	0.0000	0.0000	0.0000	0.0000	0.0000	0.0000	0.0000	0.0000	0.0000	0.0000	0.0000	0.0000	0.0000	0.0000	0.0000	0.1299	0.0004	0.3227	0.2149	0.0007	1.2046	0.0749	0.0000	0.1369		598.7789	0.0000	0.0051	1.9982	1.0006	5.4332	5.8160	0.0000	0.0000	0.0000	0.0000	0.0000	0.0000	0.0000	0.0000	0.0000	0.0113	0.0000	0.0113	0.0074	0.0000	0.0073	0.0040	0.0000	0.0040	0.0140	0.0120	0.0019	0.0004	0.0004	0.0000	0.0136	0.0116	0.0019	0.0871	0.0521	0.0350	0.0343	0.0282	0.0061	0.0528	0.0239	0.0289
11	44	0.0607	10	2	0	0	1	0	0	0	0	0	0	2	2	0	0	0	0	0	0	Y	N	N	N	Y	Y	N	N	N	N	N	N	N	N	N	N	N	N	0.0292	0.0193	0.0000	0.2015	0.1930	0.0000	0.0000	0.0000	0.0000	0.0049	0.0057	0.0000	0.1611	0.1646	0.0000	0.0000	0.0000	0.0000	0.1687	0.2950	0.0269	0.7997	0.8525	0.0040	0.0157	0.0000	0.0275	0.0000	0.0811	-0.0003	-0.0226	1.9982	7.0030	5.4332	25.8862	0.0005	0.0005	0.0000	0.0005	0.0005	0.0000	0.0000	0.0000	0.0000	0.0477	0.0441	0.0036	0.0441	0.0441	0.0000	0.0036	0.0000	0.0036	0.0975	0.0841	0.0135	0.0030	0.0029	0.0001	0.0946	0.0812	0.0134	0.2824	0.1494	0.1330	0.0551	0.0517	0.0034	0.2273	0.0977	0.1296
11	45	0.1272	22	2	0	1	0	1	0	1	0	0	0	1	1	0	0	0	0	0	0	Y	N	N	N	N	N	N	N	N	N	N	N	N	N	N	N	N	N	0.0000	0.0000	0.0000	0.0000	0.0000	0.0000	0.0000	0.0000	0.0000	0.0000	0.0000	0.0000	0.0000	0.0000	0.0000	0.0000	0.0000	0.0000	0.3424	0.6078	0.0020	1.2128	1.3210	0.0021	0.0011	0.0000	0.0020		0.0025	0.0000	-0.0259	1.9982	1.9929	5.4332	12.8604	0.0000	0.0000	0.0000	0.0000	0.0000	0.0000	0.0000	0.0000	0.0000	0.0475	0.0474	0.0001	0.0474	0.0474	0.0000	0.0001	0.0000	0.0001	0.0283	0.0244	0.0039	0.0013	0.0012	0.0001	0.0269	0.0231	0.0038	0.1387	0.0780	0.0608	0.0391	0.0359	0.0032	0.0996	0.0421	0.0576
11	48	0.0607	10	2	0	0	1	0	0	0	0	0	0	2	2	0	0	0	0	0	0	Y	N	N	N	Y	Y	N	N	N	N	N	N	N	N	N	N	N	N	1894.9135	0.0000	6177.5802	0.0000	0.0000	0.0000	1595.7709	0.0000	6190.6375	36.5480	0.0000	265.7203	0.0000	0.0000	0.0000	39.3950	0.0000	267.3349	0.0193	0.0002	0.0430	0.0021	0.0006	0.0361	0.0247	0.0000	0.0432	inf	150.7701	0.4164	0.0009	1.9982	1.7572	5.4332	7.6758	0.9990	0.0000	0.9990	0.0000	0.0000	0.0000	0.9990	0.0000	0.9990	0.0020	0.0000	0.0019	0.0001	0.0000	0.0000	0.0019	0.0000	0.0019	0.0273	0.0236	0.0038	0.0020	0.0020	0.0000	0.0254	0.0216	0.0037	0.1012	0.0561	0.0451	0.0243	0.0232	0.0011	0.0770	0.0330	0.0440
11	49	0.0518	9	2	0	0	1	0	0	0	1	0	0	2	2	0	0	0	0	0	0	Y	N	N	N	Y	Y	N	N	N	N	N	N	N	N	N	N	N	N	0.8839	0.0000	6.2740	0.0000	0.0000	0.0000	1.5416	0.0000	6.2761	0.0276	0.0000	0.1977	0.0000	0.0000	0.0000	0.0280	0.0000	0.1984	0.0312	0.0309	0.0315	0.0771	0.0796	0.0273	0.0181	0.0004	0.0316	inf	0.8425	0.0002	-0.0002	1.9982	1.2605	5.4332	5.3560	0.0005	0.0000	0.0005	0.0000	0.0000	0.0000	0.0005	0.0000	0.0005	0.0022	0.0012	0.0010	0.0012	0.0012	0.0000	0.0010	0.0000	0.0010	0.0174	0.0150	0.0024	0.0002	0.0002	0.0000	0.0172	0.0147	0.0024	0.0703	0.0385	0.0318	0.0156	0.0148	0.0007	0.0548	0.0237	0.0311
11	50	0.0518	9	2	0	0	0	0	0	0	0	0	0	2	2	0	0	0	0	0	0	Y	N	N	N	Y	Y	N	N	N	N	N	N	N	N	N	N	N	N	0.0000	0.0000	0.0000	0.0000	0.0000	0.0000	0.0000	0.0000	0.0000	0.0000	0.0000	0.0000	0.0000	0.0000	0.0000	0.0000	0.0000	0.0000	0.0257	0.0000	0.0558	0.0019	0.0000	0.0383	0.0320	0.0000	0.0562		63141.3314	0.0000	0.0010	1.9982	1.0001	5.4332	7.4568	0.0000	0.0000	0.0000	0.0000	0.0000	0.0000	0.0000	0.0000	0.0000	0.0022	0.0000	0.0022	0.0000	0.0000	0.0000	0.0022	0.0000	0.0022	0.0138	0.0119	0.0019	0.0002	0.0002	0.0000	0.0136	0.0117	0.0019	0.0861	0.0465	0.0396	0.0181	0.0172	0.0009	0.0680	0.0293	0.0387
11	51	0.0473	8	2	0	0	0	0	0	0	0	0	1	2	2	0	0	0	0	0	0	Y	N	N	N	Y	Y	N	N	N	N	N	N	N	N	N	N	N	N	40.6776	135.4312	0.0000	642.7815	629.6066	0.0000	0.0000	0.0000	0.0000	1.7159	1.9643	0.0000	16.1808	16.2412	0.0000	0.0000	0.0000	0.0000	0.0422	0.0145	0.0892	0.0252	0.0258	0.0188	0.0530	0.0000	0.0965	0.0000	3.6207	-0.0001	0.0005	1.9982	0.0061	5.4332	2.7591	0.0002	0.0002	0.0000	0.0002	0.0002	0.0000	0.0000	0.0000	0.0000	0.0022	0.0005	0.0017	0.0005	0.0005	0.0000	0.0017	0.0000	0.0017	0.0001	0.0001	0.0000	0.0000	0.0000	0.0000	0.0001	0.0001	0.0000	0.0510	0.0321	0.0189	0.0198	0.0181	0.0018	0.0312	0.0141	0.0171
11	52	0.1357	22	2	0	0	0	0	0	0	0	0	1	1	2	0	0	0	0	0	0	Y	N	N	N	N	Y	N	N	N	N	N	N	N	N	N	N	N	N	0.0000	0.0000	0.0000	0.0000	0.0000	0.0000	0.0000	0.0000	0.0000	0.0000	0.0000	0.0000	0.0000	0.0000	0.0000	0.0000	0.0000	0.0000	3.1439	5.3104	0.0001	8.3508	10.0709	0.0000	0.0008	0.0018	0.0001		0.0000	0.0000	-0.1704	1.9982	1.0020	5.4332	7.2599	0.0000	0.0000	0.0000	0.0000	0.0000	0.0000	0.0000	0.0000	0.0000	0.3109	0.3109	0.0000	0.3108	0.3108	0.0000	0.0001	0.0000	0.0000	0.0140	0.0120	0.0019	0.0004	0.0004	0.0000	0.0136	0.0117	0.0019	0.0989	0.0585	0.0403	0.0372	0.0309	0.0064	0.0617	0.0277	0.0340
11	53	0.1159	21	2	0	0	0	1	0	0	0	0	0	1	1	0	0	0	0	0	0	Y	N	N	N	N	N	N	N	N	N	N	N	N	N	N	N	N	N	0.0000	0.0000	0.0000	0.0000	0.0000	0.0000	0.0000	0.0000	0.0000	0.0000	0.0000	0.0000	0.0000	0.0000	0.0000	0.0000	0.0000	0.0000	0.1268	0.2025	0.0313	0.4022	0.4317	0.0128	0.0189	0.0000	0.0322		0.1226	0.0000	-0.0061	1.9982	3.0050	5.4332	8.3063	0.0000	0.0000	0.0000	0.0000	0.0000	0.0000	0.0000	0.0000	0.0000	0.0139	0.0124	0.0015	0.0124	0.0124	0.0000	0.0015	0.0000	0.0015	0.0420	0.0363	0.0058	0.0016	0.0015	0.0001	0.0405	0.0348	0.0057	0.1096	0.0612	0.0485	0.0309	0.0287	0.0022	0.0788	0.0325	0.0463
11	55	0.1507	21	2	0	1	0	0	0	1	0	0	0	1	1	0	0	0	0	0	0	Y	N	N	N	N	N	N	N	N	N	N	N	N	N	N	N	N	N	0.0000	0.0000	0.0000	0.0000	0.0000	0.0000	0.0000	0.0000	0.0000	0.0000	0.0000	0.0000	0.0000	0.0000	0.0000	0.0000	0.0000	0.0000	0.0000	0.0000	0.0000	0.0000	0.0000	0.0000	0.0000	0.0000	0.0000			0.0000	0.0000	1.9982	0.0000	5.4332	2.9989	0.0000	0.0000	0.0000	0.0000	0.0000	0.0000	0.0000	0.0000	0.0000	0.0000	0.0000	0.0000	0.0000	0.0000	0.0000	0.0000	0.0000	0.0000	0.0000	0.0000	0.0000	0.0000	0.0000	0.0000	0.0000	0.0000	0.0000	0.0260	0.0149	0.0111	0.0078	0.0071	0.0007	0.0182	0.0078	0.0104
11	56	0.1262	20	2	0	0	0	0	0	0	0	0	0	1	1	0	0	0	0	0	0	Y	N	N	N	N	N	N	N	N	N	N	N	N	N	N	N	N	N	0.0000	0.0000	0.0000	0.0000	0.0000	0.0000	0.0000	0.0000	0.0000	0.0000	0.0000	0.0000	0.0000	0.0000	0.0000	0.0000	0.0000	0.0000	0.5051	0.0718	1.0587	0.1506	0.1526	0.1284	0.6480	0.0000	1.1109		11.5317	0.0000	0.0240	1.9982	2.9988	5.4332	11.1255	0.0000	0.0000	0.0000	0.0000	0.0000	0.0000	0.0000	0.0000	0.0000	0.0645	0.0051	0.0594	0.0055	0.0051	0.0004	0.0590	0.0000	0.0590	0.0412	0.0356	0.0056	0.0016	0.0015	0.0001	0.0396	0.0341	0.0055	0.1277	0.0717	0.0561	0.0367	0.0337	0.0030	0.0910	0.0379	0.0531
11	57	0.0846	11	2	0	1	1	0	0	0	1	0	0	2	2	0	0	0	0	0	0	Y	N	N	N	Y	Y	N	N	N	N	N	N	N	N	N	N	N	N	0.0000	0.0000	0.0000	0.0000	0.0000	0.0000	0.0000	0.0000	0.0000	0.0000	0.0000	0.0000	0.0000	0.0000	0.0000	0.0000	0.0000	0.0000	0.0000	0.0000	0.0000	0.0000	0.0000	0.0000	0.0000	0.0000	0.0000			0.0000	0.0000	1.9982	0.0000	5.4332	0.0000	0.0000	0.0000	0.0000	0.0000	0.0000	0.0000	0.0000	0.0000	0.0000	0.0000	0.0000	0.0000	0.0000	0.0000	0.0000	0.0000	0.0000	0.0000	0.0000	0.0000	0.0000	0.0000	0.0000	0.0000	0.0000	0.0000	0.0000	0.0000	0.0000	0.0000	0.0000	0.0000	0.0000	0.0000	0.0000	0.0000
11	58	0.0846	11	2	0	1	0	0	0	0	0	0	0	2	2	0	0	0	0	0	0	Y	N	N	N	Y	Y	N	N	N	N	N	N	N	N	N	N	N	N	0.0000	0.0000	0.0000	0.0000	0.0000	0.0000	0.0000	0.0000	0.0000	0.0000	0.0000	0.0000	0.0000	0.0000	0.0000	0.0000	0.0000	0.0000	0.0000	0.0000	0.0000	0.0000	0.0000	0.0000	0.0000	0.0000	0.0000			0.0000	0.0000	1.9982	0.0000	5.4332	0.0000	0.0000	0.0000	0.0000	0.0000	0.0000	0.0000	0.0000	0.0000	0.0000	0.0000	0.0000	0.0000	0.0000	0.0000	0.0000	0.0000	0.0000	0.0000	0.0000	0.0000	0.0000	0.0000	0.0000	0.0000	0.0000	0.0000	0.0000	0.0000	0.0000	0.0000	0.0000	0.0000	0.0000	0.0000	0.0000	0.0000
11	59	0.0797	10	2	0	1	0	0	0	1	0	0	0	2	2	0	0	0	0	0	0	Y	N	N	N	Y	Y	N	N	N	N	N	N	N	N	N	N	N	N	0.0000	0.0000	0.0000	0.0000	0.0000	0.0000	0.0000	0.0000	0.0000	0.0000	0.0000	0.0000	0.0000	0.0000	0.0000	0.0000	0.0000	0.0000	0.0000	0.0000	0.0000	0.0000	0.0000	0.0000	0.0000	0.0000	0.0000			0.0000	0.0000	1.9982	0.0001	5.4332	3.0507	0.0000	0.0000	0.0000	0.0000	0.0000	0.0000	0.0000	0.0000	0.0000	0.0000	0.0000	0.0000	0.0000	0.0000	0.0000	0.0000	0.0000	0.0000	0.0000	0.0000	0.0000	0.0000	0.0000	0.0000	0.0000	0.0000	0.0000	0.0284	0.0151	0.0132	0.0063	0.0058	0.0005	0.0221	0.0093	0.0128
11	60	0.1148	17	2	0	1	0	0	0	0	0	0	0	2	1	0	0	0	0	0	0	Y	N	N	N	Y	N	N	N	N	N	N	N	N	N	N	N	N	N	0.0000	0.0000	0.0000	0.0000	0.0000	0.0000	0.0000	0.0000	0.0000	0.0000	0.0000	0.0000	0.0000	0.0000	0.0000	0.0000	0.0000	0.0000	0.0010	0.0018	0.0000	0.0032	0.0036	0.0000	0.0000	0.0000	0.0000		0.0161	0.0000	-0.0000	1.9982	0.0010	5.4332	5.0218	0.0000	0.0000	0.0000	0.0000	0.0000	0.0000	0.0000	0.0000	0.0000	0.0000	0.0000	0.0000	0.0000	0.0000	0.0000	0.0000	0.0000	0.0000	0.0000	0.0000	0.0000	0.0000	0.0000	0.0000	0.0000	0.0000	0.0000	0.0458	0.0262	0.0196	0.0145	0.0128	0.0016	0.0313	0.0133	0.0180
11	67	0.0645	9	2	0	1	0	0	0	0	0	0	1	1	2	0	0	0	0	0	0	Y	N	N	N	N	Y	N	N	N	N	N	N	N	N	N	N	N	N	0.0000	0.0000	0.0000	0.0000	0.0000	0.0000	0.0000	0.0000	0.0000	0.0000	0.0000	0.0000	0.0000	0.0000	0.0000	0.0000	0.0000	0.0000	13.2513	25.0529	0.0023	0.0373	0.0390	0.0019	16.5788	39.2843	0.0023		0.0001	0.0000	-0.5431	1.9982	0.0010	5.4332	8.0699	0.0000	0.0000	0.0000	0.0000	0.0000	0.0000	0.0000	0.0000	0.0000	0.9907	0.9907	0.0001	0.0006	0.0006	0.0000	0.9902	0.9901	0.0001	0.0000	0.0000	0.0000	0.0000	0.0000	0.0000	0.0000	0.0000	0.0000	0.0748	0.0395	0.0352	0.0150	0.0143	0.0007	0.0597	0.0252	0.0345
11	68	0.0548	8	2	0	1	0	0	0	0	0	0	0	1	1	0	0	0	0	0	0	Y	N	N	N	N	N	N	N	N	N	N	N	N	N	N	N	N	N	0.0000	0.0000	0.0000	0.0000	0.0000	0.0000	0.0000	0.0000	0.0000	0.0000	0.0000	0.0000	0.0000	0.0000	0.0000	0.0000	0.0000	0.0000	0.0729	0.1219	0.0213	0.0092	0.0096	0.0000	0.0859	0.1738	0.0216		0.1658	0.0000	-0.0016	1.9982	0.0010	5.4332	6.0584	0.0000	0.0000	0.0000	0.0000	0.0000	0.0000	0.0000	0.0000	0.0000	0.0040	0.0034	0.0006	0.0001	0.0001	0.0000	0.0039	0.0033	0.0006	0.0000	0.0000	0.0000	0.0000	0.0000	0.0000	0.0000	0.0000	0.0000	0.0543	0.0278	0.0264	0.0092	0.0088	0.0004	0.0451	0.0190	0.0260
11	69	0.0535	7	2	0	1	0	0	0	0	0	0	0	1	1	0	0	0	0	0	0	Y	N	N	N	N	N	N	N	N	N	N	N	N	N	N	N	N	N	95049.0013	0.0000	972320.7149	0.0000	0.0000	0.0000	375445.2548	0.0000	960602.5167	28.8151	0.0000	181.9220	0.0000	0.0000	0.0000	41.1762	0.0000	182.3326	0.0003	0.0004	0.0002	0.0012	0.0012	0.0000	0.0001	0.0000	0.0002	inf	0.4205	0.0002	-0.0000	1.9982	0.0006	5.4332	0.9765	0.0006	0.0000	0.0006	0.0000	0.0000	0.0000	0.0006	0.0000	0.0006	0.0000	0.0000	0.0000	0.0000	0.0000	0.0000	0.0000	0.0000	0.0000	0.0000	0.0000	0.0000	0.0000	0.0000	0.0000	0.0000	0.0000	0.0000	0.0092	0.0048	0.0044	0.0017	0.0016	0.0001	0.0076	0.0032	0.0044
11	70	0.0545	9	2	0	0	0	0	0	0	0	0	1	2	2	0	0	0	0	0	0	Y	N	N	N	Y	Y	N	N	N	N	N	N	N	N	N	N	N	N	0.0137	0.0000	0.0509	0.0191	0.0000	22.5074	0.0114	0.0000	0.0494	0.1286	0.0000	1.0136	0.0279	0.0000	1.2188	0.1382	0.0000	1.0103	9.3881	0.6779	19.8970	1.4602	1.5311	0.0542	12.0917	0.0000	20.4467	inf	24.3281	0.0020	0.4262	1.9982	2.3581	5.4332	7.4584	0.0048	0.0000	0.0048	0.0001	0.0000	0.0001	0.0047	0.0000	0.0047	1.0339	0.0408	0.9931	0.0409	0.0408	0.0001	0.9930	0.0000	0.9930	0.0375	0.0327	0.0048	0.0033	0.0032	0.0001	0.0342	0.0295	0.0047	0.1101	0.0602	0.0499	0.0280	0.0267	0.0013	0.0821	0.0336	0.0486
11	71	0.0473	8	2	0	0	0	0	0	0	0	0	0	2	1	0	0	0	0	0	0	Y	N	N	N	Y	N	N	N	N	N	N	N	N	N	N	N	N	N	385.9992	0.1033	1488.1047	0.0330	0.0317	0.0000	351.3153	9.5545	1398.6001	41.0617	0.0045	294.6244	0.0027	0.0028	0.0000	41.6161	0.0045	295.6569	0.1064	0.0431	0.1980	0.0804	0.0871	0.0079	0.1185	0.0005	0.2114	10720.1681	3.1780	0.4141	0.0016	1.9982	1.7590	5.4332	3.5356	0.9938	0.0001	0.9937	0.0000	0.0000	0.0000	0.9938	0.0001	0.9937	0.0078	0.0019	0.0059	0.0019	0.0018	0.0000	0.0059	0.0000	0.0059	0.0242	0.0208	0.0034	0.0003	0.0003	0.0000	0.0239	0.0205	0.0034	0.0729	0.0431	0.0298	0.0232	0.0212	0.0020	0.0498	0.0219	0.0278
11	72	0.0439	7	2	0	0	0	0	0	0	0	1	0	2	1	0	0	0	0	0	0	Y	N	N	N	Y	N	N	N	N	N	N	N	N	N	N	N	N	N	34.3892	4.5647	310.0173	12.2274	11.8855	0.0000	75.2834	0.0000	312.9472	4.3640	0.7122	29.9786	6.2811	6.3066	0.0000	4.1528	0.0000	30.0752	0.1269	0.1560	0.0967	0.5137	0.5306	0.1394	0.0552	0.0000	0.0961	6.0011	0.5976	0.0001	-0.0005	1.9982	0.0029	5.4332	2.4186	0.0002	0.0000	0.0002	0.0000	0.0000	0.0000	0.0002	0.0000	0.0002	0.0028	0.0017	0.0010	0.0018	0.0017	0.0000	0.0010	0.0000	0.0010	0.0000	0.0000	0.0000	0.0000	0.0000	0.0000	0.0000	0.0000	0.0000	0.0220	0.0112	0.0108	0.0034	0.0033	0.0001	0.0186	0.0079	0.0107
11	73	0.1071	11	2	0	1	0	0	0	0	0	0	0	2	1	0	0	0	0	0	0	Y	N	N	N	Y	N	N	N	N	N	N	N	N	N	N	N	N	N	0.0000	0.0000	0.0000	0.0000	0.0000	0.0000	0.0000	0.4554	0.0000	0.0000	0.0000	0.0000	0.0000	0.0000	0.0000	0.0000	0.0000	0.0000	7.6404	0.3120	16.9997	0.6021	0.6485	0.0058	10.5260	0.0000	17.8524	0.0000	42.6687	-0.0000	0.4389	1.9982	1.6760	5.4332	12.1347	0.0000	0.0000	0.0000	0.0000	0.0000	0.0000	0.0000	0.0000	0.0000	1.0236	0.0234	1.0001	0.0235	0.0234	0.0000	1.0001	0.0000	1.0001	0.0248	0.0216	0.0033	0.0021	0.0020	0.0001	0.0228	0.0196	0.0032	0.1340	0.0751	0.0588	0.0390	0.0361	0.0028	0.0950	0.0390	0.0560
11	74	0.0773	10	2	0	1	0	1	0	1	0	1	0	2	1	0	0	0	0	0	0	Y	N	N	N	Y	N	N	N	N	N	N	N	N	N	N	N	N	N	0.0008	0.6695	0.0000	0.0001	0.0001	0.0000	0.0006	15.1072	0.0000	0.0044	0.0051	0.0000	0.0000	0.0000	0.0000	0.0046	0.0053	0.0000	5.4230	0.0076	12.4279	0.0165	0.0164	0.0182	7.4283	0.0004	12.9464	0.0000	1270.3940	-0.0001	0.4422	1.9982	2.9965	5.4332	14.7438	0.0002	0.0002	0.0000	0.0000	0.0000	0.0000	0.0002	0.0002	0.0000	0.9806	0.0008	0.9798	0.0008	0.0008	0.0001	0.9798	0.0000	0.9798	0.0433	0.0375	0.0058	0.0020	0.0020	0.0000	0.0413	0.0355	0.0058	0.1808	0.1020	0.0788	0.0489	0.0458	0.0032	0.1319	0.0562	0.0757
11	75	0.0535	7	2	0	1	0	0	0	0	0	0	0	1	1	0	0	0	0	0	0	Y	N	N	N	N	N	N	N	N	N	N	N	N	N	N	N	N	N	0.5059	0.0000	1.7960	0.0000	0.0000	0.0000	0.4365	0.0000	1.7803	0.0410	0.0000	0.2950	0.0000	0.0000	0.0000	0.0418	0.0000	0.2968	0.0810	0.0015	0.1642	0.0047	0.0049	0.0000	0.0958	0.0000	0.1667	inf	105.3055	0.0002	0.0028	1.9982	1.0006	5.4332	8.0096	0.0006	0.0000	0.0006	0.0000	0.0000	0.0000	0.0006	0.0000	0.0006	0.0064	0.0001	0.0063	0.0001	0.0001	0.0000	0.0063	0.0000	0.0063	0.0139	0.0120	0.0019	0.0003	0.0003	0.0000	0.0136	0.0117	0.0019	0.0785	0.0401	0.0383	0.0127	0.0121	0.0006	0.0657	0.0280	0.0378
11	76	0.0511	6	2	0	1	0	0	0	0	0	0	0	1	1	0	0	0	0	0	0	Y	N	N	N	N	N	N	N	N	N	N	N	N	N	N	N	N	N	3313.9677	0.0041	1451946.2664	0.0931	0.0934	0.0000	348654.8266	0.0000	1438909.6335	72.0390	0.0002	515.6829	0.0092	0.0095	0.0000	73.1662	0.0000	517.4798	0.0217	0.0401	0.0004	0.0989	0.1017	0.0000	0.0002	0.0000	0.0004	507941.6570	0.0076	0.4145	-0.0002	1.9982	0.9962	5.4332	0.5464	0.9945	0.0000	0.9945	0.0000	0.0000	0.0000	0.9945	0.0000	0.9945	0.0004	0.0004	0.0000	0.0004	0.0004	0.0000	0.0000	0.0000	0.0000	0.0138	0.0119	0.0019	0.0002	0.0002	0.0000	0.0136	0.0117	0.0019	0.0166	0.0090	0.0077	0.0036	0.0035	0.0001	0.0130	0.0054	0.0076
11	77	0.0447	5	2	0	1	0	0	0	0	0	0	0	1	1	0	0	0	0	0	0	Y	N	N	N	N	N	N	N	N	N	N	N	N	N	N	N	N	N	5441.1793	18086.9761	18650.0246	64624.2476	84452.1919	0.0000	4727.6651	0.0000	18414.3516	55.3606	0.9193	389.5277	12.5185	12.6057	0.0000	58.2482	0.0000	390.7467	0.0102	0.0001	0.0209	0.0002	0.0001	0.0011	0.0123	0.0000	0.0212	69.0347	388.3824	0.0014	0.0002	1.9982	0.0041	5.4332	4.4918	0.0035	0.0000	0.0034	0.0000	0.0000	0.0000	0.0034	0.0000	0.0034	0.0004	0.0000	0.0004	0.0000	0.0000	0.0000	0.0004	0.0000	0.0004	0.0001	0.0001	0.0000	0.0000	0.0000	0.0000	0.0001	0.0001	0.0000	0.0431	0.0221	0.0209	0.0076	0.0073	0.0003	0.0354	0.0149	0.0206
11	78	0.1262	20	2	0	0	0	0	0	0	0	0	1	1	2	0	0	0	0	0	0	Y	N	N	N	N	Y	N	N	N	N	N	N	N	N	N	N	N	N	0.0000	0.0000	0.0000	0.0000	0.0000	0.0000	0.0000	0.0000	0.0000	0.0000	0.0000	0.0000	0.0000	0.0000	0.0000	0.0000	0.0000	0.0000	9.3543	0.1391	21.1632	0.2820	0.2924	0.1625	13.0657	0.0000	22.3323		118.7407	0.0000	0.4666	1.9982	0.0166	5.4332	12.2009	0.0000	0.0000	0.0000	0.0000	0.0000	0.0000	0.0000	0.0000	0.0000	1.0524	0.0088	1.0436	0.0092	0.0088	0.0004	1.0432	0.0000	1.0432	0.0006	0.0005	0.0000	0.0003	0.0002	0.0000	0.0003	0.0003	0.0000	0.1125	0.0632	0.0493	0.0327	0.0301	0.0026	0.0798	0.0331	0.0467
11	79	0.1119	19	2	0	0	0	1	0	0	0	0	0	1	1	0	0	0	0	0	0	Y	N	N	N	N	N	N	N	N	N	N	N	N	N	N	N	N	N	0.0000	0.0000	0.0000	0.0000	0.0000	0.0000	0.0000	0.0000	0.0000	0.0000	0.0000	0.0000	0.0000	0.0000	0.0000	0.0000	0.0000	0.0000	25.2872	0.0121	55.2421	0.0134	0.0056	0.0926	33.5490	0.0167	58.0633		3856.7088	0.0000	0.8762	1.9982	1.0285	5.4332	7.9781	0.0000	0.0000	0.0000	0.0000	0.0000	0.0000	0.0000	0.0000	0.0000	1.9407	0.0005	1.9402	0.0003	0.0001	0.0002	1.9404	0.0004	1.9400	0.0146	0.0126	0.0020	0.0006	0.0006	0.0000	0.0140	0.0120	0.0020	0.0767	0.0416	0.0351	0.0189	0.0172	0.0017	0.0578	0.0244	0.0334
11	82	0.0447	5	2	0	1	0	0	0	0	0	1	0	2	1	0	0	0	0	0	0	Y	N	N	N	Y	N	N	N	N	N	N	N	N	N	N	N	N	N	0.0031	0.0018	0.0000	0.0376	0.0373	0.0000	0.0000	0.0000	0.0000	0.0018	0.0021	0.0000	0.1394	0.1448	0.0000	0.0000	0.0000	0.0000	0.5894	1.1604	0.0000	3.7111	3.8874	0.0000	0.0000	0.0000	0.0000	0.0000	0.0000	-0.0000	-0.0360	1.9982	1.9997	5.4332	10.5319	0.0000	0.0000	0.0000	0.0000	0.0000	0.0000	0.0000	0.0000	0.0000	0.0657	0.0657	0.0000	0.0657	0.0657	0.0000	0.0000	0.0000	0.0000	0.0275	0.0236	0.0038	0.0004	0.0003	0.0000	0.0271	0.0233	0.0038	0.1114	0.0566	0.0548	0.0177	0.0169	0.0008	0.0937	0.0397	0.0540
11	83	0.0423	4	2	0	1	0	0	0	1	0	0	0	1	1	0	0	0	0	0	0	Y	N	N	N	N	N	N	N	N	N	N	N	N	N	N	N	N	N	1467.4415	384.8196	170040.5467	842.3776	807.6375	0.0000	43015.5483	0.0000	169159.6970	8.6317	4.4064	37.0650	32.5018	32.6074	0.0000	5.4372	0.0000	37.1747	0.0059	0.0115	0.0002	0.0386	0.0404	0.0001	0.0001	0.0000	0.0002	1.2500	0.0187	-0.0000	-0.0000	1.9982	0.0006	5.4332	1.5062	0.0001	0.0000	0.0000	0.0000	0.0000	0.0000	0.0000	0.0000	0.0000	0.0001	0.0001	0.0000	0.0001	0.0001	0.0000	0.0000	0.0000	0.0000	0.0000	0.0000	0.0000	0.0000	0.0000	0.0000	0.0000	0.0000	0.0000	0.0135	0.0068	0.0067	0.0020	0.0019	0.0001	0.0115	0.0049	0.0066
11	84	0.0675	8	2	0	0	0	0	0	0	0	0	0	1	1	0	0	0	0	0	0	Y	N	N	N	N	N	N	N	N	N	N	N	N	N	N	N	N	N	0.0000	0.0000	0.0000	0.0000	0.0000	0.0000	0.0000	0.0000	0.0000	0.0000	0.0000	0.0000	0.0000	0.0000	0.0000	0.0000	0.0000	0.0000	0.0008	0.0007	0.0010	0.0016	0.0018	0.0000	0.0006	0.0000	0.0011		1.3090	0.0000	0.0000	1.9982	2.9998	5.4332	15.4389	0.0000	0.0000	0.0000	0.0000	0.0000	0.0000	0.0000	0.0000	0.0000	0.0001	0.0001	0.0001	0.0001	0.0001	0.0000	0.0001	0.0000	0.0001	0.0411	0.0353	0.0057	0.0005	0.0005	0.0000	0.0405	0.0348	0.0057	0.1688	0.0926	0.0762	0.0369	0.0345	0.0024	0.1319	0.0581	0.0738
11	85	0.4475	13	1	0	0	0	0	0	0	0	1	0	2	1	0	0	0	0	0	0	N	N	N	N	Y	N	N	N	N	N	N	N	N	N	N	N	N	N	1.7857	0.0001	466.3543	0.0166	0.0013	37.9577	1.5263	0.0000	374.6717	2.5595	0.0002	19.4955	0.0169	0.0016	0.2895	2.9250	0.0000	20.5239	1.4333	2.2083	0.0418	1.0147	1.2413	0.0076	1.9164	4.2718	0.0548	12223.8209	0.0105	0.4140	-1.1554	1.9982	26.8363	5.4332	143.7566	0.9935	0.0001	0.9934	0.0008	0.0001	0.0007	0.9927	0.0000	0.9927	2.1483	2.1259	0.0224	0.8148	0.8137	0.0011	1.3335	1.3122	0.0213	0.3882	0.3372	0.0510	0.0488	0.0462	0.0026	0.3394	0.2910	0.0484	1.4989	0.9627	0.5362	0.8030	0.6555	0.1475	0.6959	0.3072	0.3887
11	89	0.0627	7	2	0	1	0	0	0	1	0	0	0	1	1	0	0	0	0	0	0	Y	N	N	N	N	N	N	N	N	N	N	N	N	N	N	N	N	N	0.0000	0.0000	0.0000	0.0000	0.0000	0.0000	0.0000	0.0000	0.0000	0.0000	0.0000	0.0000	0.0000	0.0000	0.0000	0.0000	0.0000	0.0000	0.2740	0.4002	0.1209	0.9961	1.0621	0.0311	0.0696	0.0000	0.1238		0.2491	0.0000	-0.0182	1.9982	2.9990	5.4332	17.4729	0.0000	0.0000	0.0000	0.0000	0.0000	0.0000	0.0000	0.0000	0.0000	0.0521	0.0417	0.0104	0.0418	0.0417	0.0001	0.0103	0.0000	0.0103	0.0410	0.0353	0.0057	0.0005	0.0005	0.0000	0.0405	0.0348	0.0057	0.1900	0.1041	0.0859	0.0419	0.0392	0.0027	0.1481	0.0649	0.0832
11	90	0.0264	2	2	0	0	0	0	0	0	0	0	0	2	2	0	0	0	0	0	0	Y	N	N	N	Y	Y	N	N	N	N	N	N	N	N	N	N	N	N	0.0260	0.0156	0.0147	0.7552	0.7628	0.0000	0.0028	0.0000	0.0147	0.0186	0.0216	0.0001	1.5163	1.5373	0.0000	0.0000	0.0000	0.0001	0.7148	1.3874	0.0059	2.0079	2.0153	0.0049	0.0044	0.0000	0.0059	0.0007	0.0040	-0.0003	-0.1213	1.9982	2.0138	5.4332	11.8132	0.0005	0.0005	0.0000	0.0005	0.0005	0.0000	0.0000	0.0000	0.0000	0.2229	0.2220	0.0009	0.2221	0.2220	0.0000	0.0009	0.0000	0.0009	0.0280	0.0240	0.0040	0.0003	0.0003	0.0000	0.0276	0.0237	0.0040	0.3119	0.1600	0.1519	0.1106	0.1102	0.0004	0.2013	0.0499	0.1515
11	92	0.0830	12	2	0	1	0	1	0	1	0	0	0	1	1	0	0	0	0	0	0	Y	N	N	N	N	N	N	N	N	N	N	N	N	N	N	N	N	N	0.0000	0.0000	0.0000	0.0000	0.0000	0.0000	0.0000	0.0000	0.0000	0.0000	0.0000	0.0000	0.0000	0.0000	0.0000	0.0000	0.0000	0.0000	0.1250	0.2003	0.0357	0.4313	0.4747	0.0000	0.0218	0.0000	0.0376	0.0000	0.1503	-0.0000	-0.0201	1.9982	5.0000	5.4332	42.2706	0.0000	0.0000	0.0000	0.0000	0.0000	0.0000	0.0000	0.0000	0.0000	0.0482	0.0419	0.0063	0.0419	0.0419	0.0000	0.0063	0.0000	0.0063	0.0679	0.0585	0.0094	0.0009	0.0009	0.0000	0.0670	0.0576	0.0094	0.3856	0.2093	0.1763	0.0972	0.0883	0.0089	0.2884	0.1210	0.1674
11	93	0.1166	14	1	0	0	0	0	0	0	0	0	0	1	2	0	0	0	0	0	0	N	N	N	N	N	Y	N	N	N	N	N	N	N	N	N	N	N	N	0.0000	0.0000	0.0000	0.0000	0.0000	0.0000	0.0000	0.0000	0.0000	0.0000	0.0000	0.0000	0.0000	0.0000	0.0000	0.0000	0.0000	0.0000	0.0001	0.0000	0.0002	0.0000	0.0000	0.0000	0.0001	0.0000	0.0002		203.9375	0.0000	0.0000	1.9982	0.0000	5.4332	0.9594	0.0000	0.0000	0.0000	0.0000	0.0000	0.0000	0.0000	0.0000	0.0000	0.0000	0.0000	0.0000	0.0000	0.0000	0.0000	0.0000	0.0000	0.0000	0.0000	0.0000	0.0000	0.0000	0.0000	0.0000	0.0000	0.0000	0.0000	0.0093	0.0052	0.0041	0.0027	0.0025	0.0002	0.0066	0.0027	0.0039
11	94	0.0852	13	1	0	0	0	0	0	0	0	0	1	1	2	0	0	0	0	0	0	N	N	N	N	N	Y	N	N	N	N	N	N	N	N	N	N	N	N	0.0000	0.0000	0.0000	0.0000	0.0000	0.0000	0.0000	0.0000	0.0000	0.0000	0.0000	0.0000	0.0000	0.0000	0.0000	0.0000	0.0000	0.0000	0.0276	0.0001	0.0624	0.0003	0.0003	0.0000	0.0380	0.0000	0.0656		394.8518	0.0000	0.0023	1.9982	0.0000	5.4332	18.8906	0.0000	0.0000	0.0000	0.0000	0.0000	0.0000	0.0000	0.0000	0.0000	0.0050	0.0000	0.0050	0.0000	0.0000	0.0000	0.0050	0.0000	0.0050	0.0000	0.0000	0.0000	0.0000	0.0000	0.0000	0.0000	0.0000	0.0000	0.1822	0.1017	0.0804	0.0501	0.0461	0.0039	0.1321	0.0556	0.0765
11	97	0.1011	13	2	0	1	0	0	0	1	0	0	0	1	1	0	0	0	0	0	0	Y	N	N	N	N	N	N	N	N	N	N	N	N	N	N	N	N	N	0.0000	0.0000	0.0000	0.0000	0.0000	0.0000	0.0000	0.0000	0.0000	0.0000	0.0000	0.0000	0.0000	0.0000	0.0000	0.0000	0.0000	0.0000	0.0181	0.0010	0.0387	0.0033	0.0022	0.0141	0.0236	0.0000	0.0402		32.9134	0.0000	0.0018	1.9982	2.0000	5.4332	24.9502	0.0000	0.0000	0.0000	0.0000	0.0000	0.0000	0.0000	0.0000	0.0000	0.0042	0.0001	0.0040	0.0002	0.0001	0.0001	0.0040	0.0000	0.0040	0.0275	0.0237	0.0038	0.0004	0.0004	0.0000	0.0271	0.0233	0.0038	0.2298	0.1255	0.1043	0.0619	0.0563	0.0057	0.1679	0.0693	0.0986
11	98	0.0797	10	2	0	0	1	0	0	0	1	0	0	2	2	0	0	0	0	0	0	Y	N	N	N	Y	Y	N	N	N	N	N	N	N	N	N	N	N	N	0.0000	0.0000	0.0000	0.0000	0.0000	0.0000	0.0000	0.0000	0.0000	0.0000	0.0000	0.0000	0.0000	0.0000	0.0000	0.0000	0.0000	0.0000	0.0000	0.0000	0.0000	0.0000	0.0000	0.0000	0.0000	0.0000	0.0000			0.0000	0.0000	1.9982	2.9999	5.4332	3.9821	0.0000	0.0000	0.0000	0.0000	0.0000	0.0000	0.0000	0.0000	0.0000	0.0000	0.0000	0.0000	0.0000	0.0000	0.0000	0.0000	0.0000	0.0000	0.0411	0.0354	0.0057	0.0008	0.0008	0.0000	0.0403	0.0346	0.0057	0.0627	0.0332	0.0295	0.0135	0.0125	0.0011	0.0492	0.0207	0.0285
11	99	0.0766	9	2	0	0	0	0	0	0	0	0	0	2	2	0	0	0	0	0	0	Y	N	N	N	Y	Y	N	N	N	N	N	N	N	N	N	N	N	N	0.0000	0.0000	0.0000	0.0000	0.0000	0.0000	0.0000	0.0000	0.0000	0.0000	0.0000	0.0000	0.0000	0.0000	0.0000	0.0000	0.0000	0.0000	0.0000	0.0000	0.0000	0.0000	0.0000	0.0000	0.0000	0.0000	0.0000		0.0090	0.0000	-0.0000	1.9982	0.0003	5.4332	2.0601	0.0000	0.0000	0.0000	0.0000	0.0000	0.0000	0.0000	0.0000	0.0000	0.0000	0.0000	0.0000	0.0000	0.0000	0.0000	0.0000	0.0000	0.0000	0.0000	0.0000	0.0000	0.0000	0.0000	0.0000	0.0000	0.0000	0.0000	0.0198	0.0107	0.0092	0.0045	0.0042	0.0003	0.0153	0.0064	0.0089
11	100	0.0568	8	2	0	0	0	0	0	0	0	1	1	2	2	0	0	0	0	0	0	Y	N	N	N	Y	Y	N	N	N	N	N	N	N	N	N	N	N	N	0.0000	0.0000	0.0000	0.0000	0.0000	0.0000	0.0000	0.0000	0.0000	0.0000	0.0000	0.0000	0.0000	0.0000	0.0000	0.0000	0.0000	0.0000	0.0013	0.0025	0.0001	0.0065	0.0068	0.0022	0.0000	0.0000	0.0000		0.0312	0.0000	-0.0001	1.9982	3.0014	5.4332	9.1620	0.0000	0.0000	0.0000	0.0000	0.0000	0.0000	0.0000	0.0000	0.0000	0.0002	0.0001	0.0000	0.0002	0.0001	0.0000	0.0000	0.0000	0.0000	0.0411	0.0354	0.0057	0.0006	0.0005	0.0000	0.0406	0.0349	0.0057	0.1132	0.0594	0.0538	0.0234	0.0219	0.0016	0.0898	0.0375	0.0522
11	101	0.0439	7	2	0	0	0	0	0	0	0	0	0	1	1	0	0	0	0	0	0	Y	N	N	N	N	N	N	N	N	N	N	N	N	N	N	N	N	N	1.7348	1.0133	0.0000	5.3651	5.1704	0.0000	0.0000	0.0000	0.0000	0.2611	0.3013	0.0000	5.3201	5.3694	0.0000	0.0000	0.0000	0.0000	0.1505	0.2973	0.0002	0.9916	1.0385	0.0002	0.0001	0.0000	0.0002	0.0000	0.0006	-0.0000	-0.0059	1.9982	0.0077	5.4332	8.0757	0.0000	0.0000	0.0000	0.0000	0.0000	0.0000	0.0000	0.0000	0.0000	0.0107	0.0107	0.0000	0.0107	0.0107	0.0000	0.0000	0.0000	0.0000	0.0001	0.0001	0.0000	0.0000	0.0000	0.0000	0.0001	0.0001	0.0000	0.0713	0.0360	0.0352	0.0108	0.0103	0.0005	0.0604	0.0257	0.0347
11	102	0.0423	6	2	0	0	0	0	0	0	0	0	0	1	1	0	0	0	0	0	0	Y	N	N	N	N	N	N	N	N	N	N	N	N	N	N	N	N	N	2882.1492	1215.1242	21722.7907	4114.4548	3973.1242	0.0000	5465.8324	0.0000	21833.2210	4.0021	2.6394	12.8452	30.2567	30.4276	0.0000	1.8554	0.0000	12.8862	0.0014	0.0022	0.0006	0.0074	0.0077	0.0007	0.0003	0.0000	0.0006	0.7500	0.2675	-0.0000	-0.0000	1.9982	0.0011	5.4332	1.0060	0.0001	0.0000	0.0000	0.0000	0.0000	0.0000	0.0000	0.0000	0.0000	0.0000	0.0000	0.0000	0.0000	0.0000	0.0000	0.0000	0.0000	0.0000	0.0000	0.0000	0.0000	0.0000	0.0000	0.0000	0.0000	0.0000	0.0000	0.0090	0.0046	0.0045	0.0014	0.0013	0.0001	0.0077	0.0033	0.0044
11	106	0.0892	16	2	0	1	0	0	0	0	0	0	0	1	1	0	0	0	0	0	0	Y	N	N	N	N	N	N	N	N	N	N	N	N	N	N	N	N	N	0.0000	0.0000	0.0000	0.0000	0.0000	0.0000	0.0000	0.0000	0.0000	0.0000	0.0000	0.0000	0.0000	0.0000	0.0000	0.0000	0.0000	0.0000	0.0003	0.0003	0.0003	0.0007	0.0007	0.0001	0.0002	0.0000	0.0004		0.8415	0.0000	-0.0000	1.9982	4.0001	5.4332	15.3361	0.0000	0.0000	0.0000	0.0000	0.0000	0.0000	0.0000	0.0000	0.0000	0.0001	0.0000	0.0000	0.0000	0.0000	0.0000	0.0000	0.0000	0.0000	0.0546	0.0470	0.0076	0.0009	0.0008	0.0000	0.0537	0.0462	0.0075	0.1685	0.0942	0.0742	0.0457	0.0413	0.0044	0.1227	0.0530	0.0698
11	107	0.1169	18	2	0	1	0	0	0	0	0	0	0	1	1	0	0	0	0	0	0	Y	N	N	N	N	N	N	N	N	N	N	N	N	N	N	N	N	N	0.0000	0.0000	0.0000	0.0000	0.0000	0.0000	0.0000	0.0000	0.0000	0.0000	0.0000	0.0000	0.0000	0.0000	0.0000	0.0000	0.0000	0.0000	0.1214	0.2207	0.0001	0.4371	0.4759	0.0013	0.0174	0.0405	0.0000		0.0003	0.0000	-0.0088	1.9982	1.0040	5.4332	14.1141	0.0000	0.0000	0.0000	0.0000	0.0000	0.0000	0.0000	0.0000	0.0000	0.0160	0.0160	0.0000	0.0143	0.0143	0.0000	0.0017	0.0017	0.0000	0.0139	0.0120	0.0019	0.0003	0.0003	0.0000	0.0136	0.0117	0.0019	0.1321	0.0726	0.0595	0.0327	0.0301	0.0027	0.0994	0.0426	0.0568
11	108	0.1091	17	2	0	1	0	1	0	1	0	0	0	1	1	0	0	0	0	0	0	Y	N	N	N	N	N	N	N	N	N	N	N	N	N	N	N	N	N	0.0000	0.0000	0.0000	0.0000	0.0000	0.0000	0.0000	0.0000	0.0000	0.0000	0.0000	0.0000	0.0000	0.0000	0.0000	0.0000	0.0000	0.0000	0.0027	0.0049	0.0000	0.0093	0.0102	0.0000	0.0005	0.0012	0.0000		0.0002	0.0000	-0.0001	1.9982	1.0065	5.4332	3.9764	0.0000	0.0000	0.0000	0.0000	0.0000	0.0000	0.0000	0.0000	0.0000	0.0001	0.0001	0.0000	0.0001	0.0001	0.0000	0.0000	0.0000	0.0000	0.0139	0.0120	0.0019	0.0003	0.0003	0.0000	0.0137	0.0117	0.0019	0.0432	0.0234	0.0198	0.0106	0.0097	0.0010	0.0326	0.0137	0.0189
11	112	0.0349	3	2	0	1	0	0	0	1	0	0	0	1	1	0	0	0	0	0	0	Y	N	N	N	N	N	N	N	N	N	N	N	N	N	N	N	N	N	3.3604	0.0000	12.2556	0.0002	0.0002	0.0000	2.9458	0.0000	12.2184	23.9689	0.0000	171.0878	0.0006	0.0006	0.0000	24.3863	0.0000	171.6752	7.1328	0.8460	13.9600	2.3002	2.3365	0.1002	8.2784	0.0000	14.0506	2517741.8115	15.1945	0.4159	0.4161	1.9982	3.0154	5.4332	11.4025	0.9978	0.0000	0.9978	0.0000	0.0000	0.0000	0.9978	0.0000	0.9978	1.0670	0.0659	1.0011	0.0659	0.0659	0.0000	1.0011	0.0000	1.0011	0.0416	0.0358	0.0058	0.0007	0.0007	0.0000	0.0409	0.0351	0.0058	0.1496	0.0779	0.0717	0.0287	0.0282	0.0005	0.1209	0.0497	0.0712
11	119	0.1049	15	2	0	1	0	0	0	0	0	0	0	1	1	0	0	0	0	0	0	Y	N	N	N	N	N	N	N	N	N	N	N	N	N	N	N	N	N	0.0002	0.0002	0.0000	0.0042	0.0049	0.0000	0.0000	0.0000	0.0000	0.0000	0.0000	0.0000	0.0000	0.0000	0.0000	0.0000	0.0000	0.0000	0.0006	0.0009	0.0003	0.0023	0.0021	0.0045	0.0000	0.0000	0.0000	0.0000	0.2315	-0.0000	-0.0001	1.9982	6.0007	5.4332	19.0307	0.0000	0.0000	0.0000	0.0000	0.0000	0.0000	0.0000	0.0000	0.0000	0.0001	0.0001	0.0000	0.0001	0.0001	0.0000	0.0000	0.0000	0.0000	0.0813	0.0700	0.0113	0.0012	0.0011	0.0000	0.0801	0.0689	0.0112	0.2194	0.1213	0.0981	0.0606	0.0552	0.0054	0.1588	0.0661	0.0927
11	120	0.1014	14	2	0	1	0	0	0	1	0	0	0	1	1	0	0	0	0	0	0	Y	N	N	N	N	N	N	N	N	N	N	N	N	N	N	N	N	N	0.0627	0.0000	2.6400	0.0000	0.0000	0.0000	0.3046	0.0000	2.5283	0.0002	0.0000	0.0017	0.0000	0.0000	0.0000	0.0002	0.0000	0.0017	0.0038	0.0063	0.0007	0.0103	0.0110	0.0000	0.0008	0.0010	0.0007	inf	0.0791	0.0000	-0.0001	1.9982	0.0034	5.4332	3.2312	0.0000	0.0000	0.0000	0.0000	0.0000	0.0000	0.0000	0.0000	0.0000	0.0001	0.0001	0.0000	0.0001	0.0001	0.0000	0.0000	0.0000	0.0000	0.0000	0.0000	0.0000	0.0000	0.0000	0.0000	0.0000	0.0000	0.0000	0.0375	0.0214	0.0162	0.0120	0.0113	0.0007	0.0255	0.0101	0.0154
11	121	0.1011	13	2	0	0	0	0	0	0	0	0	0	1	1	0	0	0	0	0	0	Y	N	N	N	N	N	N	N	N	N	N	N	N	N	N	N	N	N	0.0000	0.0000	0.0000	0.0000	0.0000	0.0000	0.0000	0.0000	0.0000	0.0000	0.0000	0.0000	0.0000	0.0000	0.0000	0.0000	0.0000	0.0000	0.0038	0.0026	0.0055	0.0038	0.0039	0.0000	0.0038	0.0000	0.0057		1.5519	0.0000	0.0000	1.9982	0.0000	5.4332	1.2022	0.0000	0.0000	0.0000	0.0000	0.0000	0.0000	0.0000	0.0000	0.0000	0.0001	0.0000	0.0001	0.0000	0.0000	0.0000	0.0001	0.0000	0.0001	0.0000	0.0000	0.0000	0.0000	0.0000	0.0000	0.0000	0.0000	0.0000	0.0225	0.0131	0.0094	0.0088	0.0085	0.0003	0.0138	0.0046	0.0091
11	122	0.0798	12	2	0	0	0	1	0	0	0	0	0	1	1	0	0	0	0	0	0	Y	N	N	N	N	N	N	N	N	N	N	N	N	N	N	N	N	N	0.0000	0.0000	0.0000	0.0000	0.0000	0.0000	0.0000	0.0000	0.0000	0.0000	0.0000	0.0000	0.0000	0.0000	0.0000	0.0000	0.0000	0.0000	0.0330	0.0535	0.0055	0.1081	0.1162	0.0000	0.0033	0.0000	0.0058		0.0774	0.0000	-0.0021	1.9982	0.0041	5.4332	12.5856	0.0000	0.0000	0.0000	0.0000	0.0000	0.0000	0.0000	0.0000	0.0000	0.0043	0.0040	0.0003	0.0040	0.0040	0.0000	0.0003	0.0000	0.0003	0.0001	0.0001	0.0000	0.0000	0.0000	0.0000	0.0001	0.0001	0.0000	0.1306	0.0748	0.0558	0.0370	0.0344	0.0026	0.0936	0.0404	0.0533
11	126	0.1147	18	1	0	1	0	0	0	0	0	1	0	2	1	0	0	0	0	0	0	N	N	N	N	Y	N	N	N	N	N	N	N	N	N	N	N	N	N	0.0000	0.0000	0.0000	0.0000	0.0000	0.0000	0.0000	0.0000	0.0000	0.0000	0.0000	0.0000	0.0000	0.0000	0.0000	0.0000	0.0000	0.0000	0.1503	0.0000	0.3406	0.0000	0.0000	0.0000	0.2103	0.0000	0.3648		inf	0.0000	0.0018	1.9982	0.0003	5.4332	3.0192	0.0000	0.0000	0.0000	0.0000	0.0000	0.0000	0.0000	0.0000	0.0000	0.0041	0.0000	0.0041	0.0000	0.0000	0.0000	0.0041	0.0000	0.0041	0.0000	0.0000	0.0000	0.0000	0.0000	0.0000	0.0000	0.0000	0.0000	0.0270	0.0151	0.0119	0.0077	0.0069	0.0008	0.0193	0.0082	0.0111
11	131	0.1210	20	2	0	1	0	0	0	0	0	0	0	1	1	0	0	0	0	0	0	Y	N	N	N	N	N	N	N	N	N	N	N	N	N	N	N	N	N	0.0000	0.0000	0.0000	0.0000	0.0000	0.0000	0.0000	0.0000	0.0000	0.0000	0.0000	0.0000	0.0000	0.0000	0.0000	0.0000	0.0000	0.0000	0.0309	0.0551	0.0005	0.0962	0.1051	0.0000	0.0003	0.0000	0.0005		0.0067	0.0000	-0.0016	1.9982	1.0211	5.4332	9.0731	0.0000	0.0000	0.0000	0.0000	0.0000	0.0000	0.0000	0.0000	0.0000	0.0030	0.0030	0.0000	0.0030	0.0030	0.0000	0.0000	0.0000	0.0000	0.0146	0.0126	0.0021	0.0007	0.0007	0.0000	0.0140	0.0119	0.0020	0.0976	0.0543	0.0433	0.0311	0.0285	0.0026	0.0665	0.0258	0.0406
11	132	0.1417	20	1	0	0	0	0	0	0	0	0	1	1	2	0	0	0	0	0	0	N	N	N	N	N	Y	N	N	N	N	N	N	N	N	N	N	N	N	0.0000	0.0000	0.0000	0.0000	0.0000	0.0000	0.0000	0.0000	0.0000	0.0000	0.0000	0.0000	0.0000	0.0000	0.0000	0.0000	0.0000	0.0000	0.3660	0.0000	0.8348	0.0000	0.0000	0.0001	0.5284	0.0000	0.8978		inf	0.0000	0.0030	1.9982	0.0075	5.4332	1.9743	0.0000	0.0000	0.0000	0.0000	0.0000	0.0000	0.0000	0.0000	0.0000	0.0067	0.0000	0.0067	0.0000	0.0000	0.0000	0.0067	0.0000	0.0067	0.0003	0.0002	0.0001	0.0001	0.0001	0.0000	0.0002	0.0001	0.0001	0.0182	0.0102	0.0080	0.0056	0.0050	0.0006	0.0126	0.0052	0.0074
11	134	0.1365	18	1	0	0	0	0	0	0	0	0	1	1	2	0	0	0	0	0	0	N	N	N	N	N	Y	N	N	N	N	N	N	N	N	N	N	N	N	0.0000	0.0000	0.0000	0.0000	0.0000	0.0000	0.0000	0.0000	0.0000	0.0000	0.0000	0.0000	0.0000	0.0000	0.0000	0.0000	0.0000	0.0000	0.1016	0.0012	0.2382	0.0022	0.0024	0.0000	0.1469	0.0000	0.2559		149.9436	0.0000	0.0034	1.9982	2.0569	5.4332	5.7592	0.0000	0.0000	0.0000	0.0000	0.0000	0.0000	0.0000	0.0000	0.0000	0.0075	0.0000	0.0075	0.0000	0.0000	0.0000	0.0075	0.0000	0.0075	0.0300	0.0260	0.0041	0.0017	0.0017	0.0000	0.0283	0.0243	0.0040	0.0741	0.0427	0.0314	0.0232	0.0210	0.0022	0.0509	0.0217	0.0292
11	135	0.1381	19	1	0	0	0	0	0	0	0	0	1	1	2	0	0	0	0	0	0	N	N	N	N	N	Y	N	N	N	N	N	N	N	N	N	N	N	N	0.0000	0.0000	0.0000	0.0000	0.0000	0.0000	0.0000	0.0000	0.0000	0.0000	0.0000	0.0000	0.0000	0.0000	0.0000	0.0000	0.0000	0.0000	0.1336	0.2333	0.0000	0.4312	0.4774	0.0000	0.0000	0.0000	0.0000		0.0000	0.0000	-0.0066	1.9982	1.0111	5.4332	8.8059	0.0000	0.0000	0.0000	0.0000	0.0000	0.0000	0.0000	0.0000	0.0000	0.0120	0.0120	0.0000	0.0120	0.0120	0.0000	0.0000	0.0000	0.0000	0.0143	0.0123	0.0020	0.0007	0.0006	0.0000	0.0136	0.0116	0.0019	0.0900	0.0515	0.0385	0.0279	0.0252	0.0027	0.0621	0.0264	0.0358
11	138	0.1148	17	2	0	1	0	0	0	0	0	0	0	2	1	0	0	0	0	0	0	Y	N	N	N	Y	N	N	N	N	N	N	N	N	N	N	N	N	N	0.0000	0.0000	0.0000	0.0000	0.0000	0.0000	0.0000	0.0000	0.0000	0.0000	0.0000	0.0000	0.0000	0.0000	0.0000	0.0000	0.0000	0.0000	0.0013	0.0022	0.0000	0.0039	0.0044	0.0000	0.0000	0.0000	0.0001		0.0161	0.0000	-0.0000	1.9982	0.0010	5.4332	4.0030	0.0000	0.0000	0.0000	0.0000	0.0000	0.0000	0.0000	0.0000	0.0000	0.0000	0.0000	0.0000	0.0000	0.0000	0.0000	0.0000	0.0000	0.0000	0.0000	0.0000	0.0000	0.0000	0.0000	0.0000	0.0000	0.0000	0.0000	0.0372	0.0214	0.0158	0.0119	0.0106	0.0013	0.0253	0.0108	0.0145
11	139	0.0892	16	2	0	1	0	0	0	0	0	1	0	2	1	0	0	0	0	0	0	Y	N	N	N	Y	N	N	N	N	N	N	N	N	N	N	N	N	N	0.0000	0.0000	0.0000	0.0000	0.0000	0.0000	0.0000	0.0000	0.0000	0.0000	0.0000	0.0000	0.0000	0.0000	0.0000	0.0000	0.0000	0.0000	0.2046	0.3594	0.0047	0.7361	0.8130	0.0000	0.0028	0.0000	0.0049		0.0100	0.0000	-0.0151	1.9982	2.9989	5.4332	12.3267	0.0000	0.0000	0.0000	0.0000	0.0000	0.0000	0.0000	0.0000	0.0000	0.0281	0.0278	0.0003	0.0278	0.0278	0.0000	0.0003	0.0000	0.0003	0.0411	0.0354	0.0057	0.0007	0.0006	0.0000	0.0404	0.0347	0.0057	0.1372	0.0773	0.0599	0.0377	0.0342	0.0036	0.0994	0.0431	0.0563
11	140	0.0884	15	2	0	1	0	1	0	1	0	0	0	1	1	0	0	0	0	0	0	Y	N	N	N	N	N	N	N	N	N	N	N	N	N	N	N	N	N	0.0000	0.0000	0.0000	0.0000	0.0000	0.0000	0.0000	0.0000	0.0000	0.0000	0.0000	0.0000	0.0000	0.0000	0.0000	0.0000	0.0000	0.0000	0.0028	0.0047	0.0002	0.0088	0.0094	0.0000	0.0001	0.0000	0.0002		0.0309	0.0000	-0.0000	1.9982	0.0011	5.4332	0.8290	0.0000	0.0000	0.0000	0.0000	0.0000	0.0000	0.0000	0.0000	0.0000	0.0000	0.0000	0.0000	0.0000	0.0000	0.0000	0.0000	0.0000	0.0000	0.0000	0.0000	0.0000	0.0000	0.0000	0.0000	0.0000	0.0000	0.0000	0.0093	0.0054	0.0039	0.0029	0.0027	0.0002	0.0064	0.0027	0.0037
11	141	0.1115	17	2	0	1	0	0	0	0	0	0	0	1	1	0	0	0	0	0	0	Y	N	N	N	N	N	N	N	N	N	N	N	N	N	N	N	N	N	0.0000	0.0000	0.0000	0.0000	0.0000	0.0000	0.0000	0.0000	0.0000	0.0000	0.0000	0.0000	0.0000	0.0000	0.0000	0.0000	0.0000	0.0000	0.0585	0.1073	0.0000	0.1958	0.2127	0.0001	0.0000	0.0000	0.0000		0.0003	0.0000	-0.0027	1.9982	0.0243	5.4332	8.8037	0.0000	0.0000	0.0000	0.0000	0.0000	0.0000	0.0000	0.0000	0.0000	0.0049	0.0049	0.0000	0.0049	0.0049	0.0000	0.0000	0.0000	0.0000	0.0006	0.0006	0.0001	0.0002	0.0002	0.0000	0.0005	0.0004	0.0001	0.0846	0.0461	0.0385	0.0253	0.0233	0.0020	0.0594	0.0228	0.0365
11	142	0.0950	16	2	0	1	0	1	0	1	0	0	0	1	1	0	0	0	0	0	0	Y	N	N	N	N	N	N	N	N	N	N	N	N	N	N	N	N	N	0.0000	0.0000	0.0000	0.0000	0.0000	0.0000	0.0000	0.0000	0.0000	0.0000	0.0000	0.0000	0.0000	0.0000	0.0000	0.0000	0.0000	0.0000	3.3512	6.0794	0.0014	11.4714	12.6410	0.0001	0.0009	0.0000	0.0015		0.0002	0.0000	-0.1731	1.9982	4.9785	5.4332	5.0554	0.0000	0.0000	0.0000	0.0000	0.0000	0.0000	0.0000	0.0000	0.0000	0.3158	0.3157	0.0001	0.3157	0.3157	0.0000	0.0001	0.0000	0.0001	0.0677	0.0583	0.0094	0.0011	0.0011	0.0000	0.0666	0.0573	0.0093	0.0942	0.0519	0.0423	0.0275	0.0250	0.0025	0.0667	0.0270	0.0397
11	143	0.1340	21	2	0	1	0	0	0	0	0	0	0	2	1	0	0	0	0	0	0	Y	N	N	N	Y	N	N	N	N	N	N	N	N	N	N	N	N	N	0.0000	0.0000	0.0000	0.0000	0.0000	0.0000	0.0000	0.0000	0.0000	0.0000	0.0000	0.0000	0.0000	0.0000	0.0000	0.0000	0.0000	0.0000	0.0001	0.0002	0.0000	0.0004	0.0004	0.0000	0.0000	0.0000	0.0000		0.0000	0.0000	-0.0000	1.9982	0.0000	5.4332	3.0055	0.0000	0.0000	0.0000	0.0000	0.0000	0.0000	0.0000	0.0000	0.0000	0.0000	0.0000	0.0000	0.0000	0.0000	0.0000	0.0000	0.0000	0.0000	0.0000	0.0000	0.0000	0.0000	0.0000	0.0000	0.0000	0.0000	0.0000	0.0261	0.0151	0.0110	0.0081	0.0073	0.0008	0.0180	0.0078	0.0102
11	144	0.1210	20	2	0	1	0	0	0	0	0	1	0	2	1	0	0	0	0	0	0	Y	N	N	N	Y	N	N	N	N	N	N	N	N	N	N	N	N	N	0.0000	0.0000	0.0000	0.0000	0.0000	0.0000	0.0000	0.0000	0.0000	0.0000	0.0000	0.0000	0.0000	0.0000	0.0000	0.0000	0.0000	0.0000	0.0359	0.0647	0.0001	0.1104	0.1201	0.0000	0.0001	0.0000	0.0001		0.0010	0.0000	-0.0016	1.9982	2.0192	5.4332	6.0784	0.0000	0.0000	0.0000	0.0000	0.0000	0.0000	0.0000	0.0000	0.0000	0.0029	0.0029	0.0000	0.0029	0.0029	0.0000	0.0000	0.0000	0.0000	0.0283	0.0244	0.0039	0.0011	0.0010	0.0000	0.0272	0.0234	0.0039	0.0814	0.0452	0.0362	0.0265	0.0243	0.0021	0.0550	0.0209	0.0341
11	145	0.1162	19	2	0	1	0	1	0	0	0	0	0	1	1	0	0	0	0	0	0	Y	N	N	N	N	N	N	N	N	N	N	N	N	N	N	N	N	N	0.0000	0.0000	0.0000	0.0000	0.0000	0.0000	0.0000	0.0000	0.0000	0.0000	0.0000	0.0000	0.0000	0.0000	0.0000	0.0000	0.0000	0.0000	1.5009	2.6981	0.0002	5.2376	5.8611	0.0000	0.0001	0.0000	0.0002		0.0001	0.0000	-0.0213	1.9982	1.9811	5.4332	0.9869	0.0000	0.0000	0.0000	0.0000	0.0000	0.0000	0.0000	0.0000	0.0000	0.0389	0.0389	0.0000	0.0389	0.0389	0.0000	0.0000	0.0000	0.0000	0.0273	0.0235	0.0038	0.0006	0.0006	0.0000	0.0267	0.0229	0.0038	0.0259	0.0144	0.0115	0.0074	0.0066	0.0008	0.0185	0.0078	0.0107
12	13	0.0762	9	1	0	0	0	0	0	0	0	0	1	0	2	0	0	0	0	0	0	N	N	N	N	N	Y	N	N	N	N	N	N	N	N	N	N	N	N	0.0000	0.0000	0.0000	0.0000	0.0000	0.0000	0.0000	0.0000	0.0000	0.0000	0.0000	0.0000	0.0000	0.0000	0.0000	0.0000	0.0000	0.0000	20.1094	38.5188	0.0055	0.0036	0.0039	0.0000	24.1407	54.6784	0.0057		0.0001	0.0000	-0.5433	0.0000	2.0000	3.0444	12.5972	0.0000	0.0000	0.0000	0.0000	0.0000	0.0000	0.0000	0.0000	0.0000	0.9912	0.9911	0.0001	0.0000	0.0000	0.0000	0.9912	0.9910	0.0001	0.0000	0.0000	0.0000	0.0000	0.0000	0.0000	0.0000	0.0000	0.0000	0.0493	0.0257	0.0236	0.0082	0.0076	0.0006	0.0411	0.0181	0.0229
12	15	0.1215	16	0	0	0	0	0	0	0	0	0	1	0	2	0	0	0	0	0	0	N	N	N	N	N	Y	N	N	N	N	N	N	N	N	N	N	N	N	0.0000	0.0000	0.0000	0.0000	0.0000	0.0000	0.0000	0.0000	0.0000	0.0000	0.0000	0.0000	0.0000	0.0000	0.0000	0.0000	0.0000	0.0000	0.0000	0.0000	0.0000	0.0000	0.0000	0.0000	0.0000	0.0000	0.0000			0.0000	0.0000	0.0000	0.0012	3.0444	2.9951	0.0000	0.0000	0.0000	0.0000	0.0000	0.0000	0.0000	0.0000	0.0000	0.0000	0.0000	0.0000	0.0000	0.0000	0.0000	0.0000	0.0000	0.0000	0.0000	0.0000	0.0000	0.0000	0.0000	0.0000	0.0000	0.0000	0.0000	0.0092	0.0049	0.0044	0.0016	0.0014	0.0002	0.0076	0.0034	0.0042
12	25	0.1134	12	1	0	0	1	0	0	0	1	0	0	1	2	0	0	0	0	0	0	N	N	N	N	N	Y	N	N	N	N	N	N	N	N	N	N	N	N	0.0000	0.0000	0.0000	0.0000	0.0000	0.0000	0.0000	0.0000	0.0000	0.0000	0.0000	0.0000	0.0000	0.0000	0.0000	0.0000	0.0000	0.0000	0.0001	0.0002	0.0000	0.0004	0.0004	0.0000	0.0000	0.0000	0.0000		0.0000	0.0000	-0.0000	0.0000	0.9999	3.0444	1.0788	0.0000	0.0000	0.0000	0.0000	0.0000	0.0000	0.0000	0.0000	0.0000	0.0000	0.0000	0.0000	0.0000	0.0000	0.0000	0.0000	0.0000	0.0000	0.0000	0.0000	0.0000	0.0000	0.0000	0.0000	0.0000	0.0000	0.0000	0.0071	0.0038	0.0033	0.0016	0.0014	0.0002	0.0055	0.0024	0.0031
12	35	0.1241	18	0	0	1	0	0	0	1	0	0	1	0	2	0	0	0	0	0	0	N	N	N	N	N	Y	N	N	N	N	N	N	N	N	N	N	N	N	0.0000	0.0000	0.0000	0.0000	0.0000	0.0000	0.0000	0.0000	0.0000	0.0000	0.0000	0.0000	0.0000	0.0000	0.0000	0.0000	0.0000	0.0000	0.0000	0.0000	0.0000	0.0000	0.0000	0.0000	0.0000	0.0000	0.0000			0.0000	0.0000	0.0000	0.0023	3.0444	1.9232	0.0000	0.0000	0.0000	0.0000	0.0000	0.0000	0.0000	0.0000	0.0000	0.0000	0.0000	0.0000	0.0000	0.0000	0.0000	0.0000	0.0000	0.0000	0.0000	0.0000	0.0000	0.0000	0.0000	0.0000	0.0000	0.0000	0.0000	0.0069	0.0037	0.0032	0.0016	0.0014	0.0001	0.0053	0.0023	0.0030
12	42	0.1255	16	1	0	0	0	0	0	0	0	0	1	0	2	0	0	0	0	0	0	N	N	N	N	N	Y	N	N	N	N	N	N	N	N	N	N	N	N	0.0000	0.0000	0.0000	0.0000	0.0000	0.0000	0.0000	0.0000	0.0000	0.0000	0.0000	0.0000	0.0000	0.0000	0.0000	0.0000	0.0000	0.0000	0.0000	0.0000	0.0000	0.0000	0.0000	0.0000	0.0000	0.0000	0.0000			0.0000	0.0000	0.0000	0.0000	3.0444	0.0011	0.0000	0.0000	0.0000	0.0000	0.0000	0.0000	0.0000	0.0000	0.0000	0.0000	0.0000	0.0000	0.0000	0.0000	0.0000	0.0000	0.0000	0.0000	0.0000	0.0000	0.0000	0.0000	0.0000	0.0000	0.0000	0.0000	0.0000	0.0000	0.0000	0.0000	0.0000	0.0000	0.0000	0.0000	0.0000	0.0000
12	44	0.0975	13	1	0	0	1	0	0	0	0	0	0	1	2	0	0	0	0	0	0	N	N	N	N	N	Y	N	N	N	N	N	N	N	N	N	N	N	N	0.0000	0.0000	0.0000	0.0000	0.0000	0.0000	0.0000	0.0000	0.0000	0.0000	0.0000	0.0000	0.0000	0.0000	0.0000	0.0000	0.0000	0.0000	0.0002	0.0004	0.0000	0.0009	0.0011	0.0000	0.0000	0.0000	0.0000		0.0000	0.0000	-0.0000	0.0000	7.0030	3.0444	25.8862	0.0000	0.0000	0.0000	0.0000	0.0000	0.0000	0.0000	0.0000	0.0000	0.0000	0.0000	0.0000	0.0000	0.0000	0.0000	0.0000	0.0000	0.0000	0.0000	0.0000	0.0000	0.0000	0.0000	0.0000	0.0000	0.0000	0.0000	0.1005	0.0537	0.0468	0.0221	0.0189	0.0032	0.0784	0.0348	0.0436
12	48	0.0975	13	1	0	0	1	0	0	0	0	0	0	1	2	0	0	0	0	0	0	N	N	N	N	N	Y	N	N	N	N	N	N	N	N	N	N	N	N	0.0000	0.0000	0.0000	0.0000	0.0000	0.0000	0.0000	0.0000	0.0000	0.0000	0.0000	0.0000	0.0000	0.0000	0.0000	0.0000	0.0000	0.0000	0.0005	0.0010	0.0000	0.0021	0.0023	0.0000	0.0000	0.0000	0.0000		0.0000	0.0000	-0.0000	0.0000	1.7572	3.0444	7.6758	0.0000	0.0000	0.0000	0.0000	0.0000	0.0000	0.0000	0.0000	0.0000	0.0000	0.0000	0.0000	0.0000	0.0000	0.0000	0.0000	0.0000	0.0000	0.0000	0.0000	0.0000	0.0000	0.0000	0.0000	0.0000	0.0000	0.0000	0.0361	0.0205	0.0156	0.0095	0.0085	0.0010	0.0267	0.0121	0.0146
12	49	0.0886	12	1	0	0	1	0	0	0	1	0	0	1	2	0	0	0	0	0	0	N	N	N	N	N	Y	N	N	N	N	N	N	N	N	N	N	N	N	0.0000	0.0000	0.0000	0.0000	0.0000	0.0000	0.0000	0.0000	0.0000	0.0000	0.0000	0.0000	0.0000	0.0000	0.0000	0.0000	0.0000	0.0000	0.0008	0.0007	0.0009	0.0000	0.0000	0.0000	0.0010	0.0011	0.0010		0.9982	0.0000	-0.0000	0.0000	1.2605	3.0444	5.3560	0.0000	0.0000	0.0000	0.0000	0.0000	0.0000	0.0000	0.0000	0.0000	0.0000	0.0000	0.0000	0.0000	0.0000	0.0000	0.0000	0.0000	0.0000	0.0000	0.0000	0.0000	0.0000	0.0000	0.0000	0.0000	0.0000	0.0000	0.0251	0.0142	0.0110	0.0061	0.0054	0.0007	0.0190	0.0087	0.0103
12	50	0.0886	12	1	0	0	0	0	0	0	0	0	0	1	2	0	0	0	0	0	0	N	N	N	N	N	Y	N	N	N	N	N	N	N	N	N	N	N	N	0.0000	0.0000	0.0000	0.0000	0.0000	0.0000	0.0000	0.0000	0.0000	0.0000	0.0000	0.0000	0.0000	0.0000	0.0000	0.0000	0.0000	0.0000	0.0000	0.0000	0.0000	0.0000	0.0000	0.0000	0.0000	0.0000	0.0000		0.0000	0.0000	-0.0000	0.0000	1.0001	3.0444	7.4568	0.0000	0.0000	0.0000	0.0000	0.0000	0.0000	0.0000	0.0000	0.0000	0.0000	0.0000	0.0000	0.0000	0.0000	0.0000	0.0000	0.0000	0.0000	0.0000	0.0000	0.0000	0.0000	0.0000	0.0000	0.0000	0.0000	0.0000	0.0307	0.0170	0.0137	0.0072	0.0063	0.0009	0.0235	0.0107	0.0129
12	51	0.0840	11	1	0	0	0	0	0	0	0	0	1	1	2	0	0	0	0	0	0	N	N	N	N	N	Y	N	N	N	N	N	N	N	N	N	N	N	N	0.0000	0.0000	0.0000	0.0000	0.0000	0.0000	0.0000	0.0000	0.0000	0.0000	0.0000	0.0000	0.0000	0.0000	0.0000	0.0000	0.0000	0.0000	0.0003	0.0005	0.0000	0.0003	0.0003	0.0000	0.0003	0.0006	0.0000		0.0005	0.0000	-0.0000	0.0000	0.0061	3.0444	2.7591	0.0000	0.0000	0.0000	0.0000	0.0000	0.0000	0.0000	0.0000	0.0000	0.0000	0.0000	0.0000	0.0000	0.0000	0.0000	0.0000	0.0000	0.0000	0.0000	0.0000	0.0000	0.0000	0.0000	0.0000	0.0000	0.0000	0.0000	0.0193	0.0126	0.0067	0.0080	0.0071	0.0009	0.0113	0.0055	0.0058
12	52	0.1104	17	1	0	0	0	0	0	0	0	0	1	0	2	0	0	0	0	0	0	N	N	N	N	N	Y	N	N	N	N	N	N	N	N	N	N	N	N	0.0000	0.0000	0.0000	0.0000	0.0000	0.0000	0.0000	0.0000	0.0000	0.0000	0.0000	0.0000	0.0000	0.0000	0.0000	0.0000	0.0000	0.0000	0.0011	0.0000	0.0023	0.0000	0.0000	0.0004	0.0013	0.0000	0.0024		5889.1176	0.0000	0.0000	0.0000	1.0020	3.0444	7.2599	0.0000	0.0000	0.0000	0.0000	0.0000	0.0000	0.0000	0.0000	0.0000	0.0000	0.0000	0.0000	0.0000	0.0000	0.0000	0.0000	0.0000	0.0000	0.0000	0.0000	0.0000	0.0000	0.0000	0.0000	0.0000	0.0000	0.0000	0.0282	0.0150	0.0131	0.0058	0.0053	0.0005	0.0224	0.0098	0.0127
12	57	0.1213	14	1	0	1	1	0	0	0	1	0	0	1	2	0	0	0	0	0	0	N	N	N	N	N	Y	N	N	N	N	N	N	N	N	N	N	N	N	0.0000	0.0000	0.0000	0.0000	0.0000	0.0000	0.0000	0.0000	0.0000	0.0000	0.0000	0.0000	0.0000	0.0000	0.0000	0.0000	0.0000	0.0000	0.0000	0.0000	0.0000	0.0000	0.0000	0.0000	0.0000	0.0000	0.0000			0.0000	0.0000	0.0000	0.0000	3.0444	0.0000	0.0000	0.0000	0.0000	0.0000	0.0000	0.0000	0.0000	0.0000	0.0000	0.0000	0.0000	0.0000	0.0000	0.0000	0.0000	0.0000	0.0000	0.0000	0.0000	0.0000	0.0000	0.0000	0.0000	0.0000	0.0000	0.0000	0.0000	0.0000	0.0000	0.0000	0.0000	0.0000	0.0000	0.0000	0.0000	0.0000
12	58	0.1213	14	1	0	1	0	0	0	0	0	0	0	1	2	0	0	0	0	0	0	N	N	N	N	N	Y	N	N	N	N	N	N	N	N	N	N	N	N	0.0000	0.0000	0.0000	0.0000	0.0000	0.0000	0.0000	0.0000	0.0000	0.0000	0.0000	0.0000	0.0000	0.0000	0.0000	0.0000	0.0000	0.0000	0.0000	0.0000	0.0000	0.0000	0.0000	0.0000	0.0000	0.0000	0.0000			0.0000	0.0000	0.0000	0.0000	3.0444	0.0000	0.0000	0.0000	0.0000	0.0000	0.0000	0.0000	0.0000	0.0000	0.0000	0.0000	0.0000	0.0000	0.0000	0.0000	0.0000	0.0000	0.0000	0.0000	0.0000	0.0000	0.0000	0.0000	0.0000	0.0000	0.0000	0.0000	0.0000	0.0000	0.0000	0.0000	0.0000	0.0000	0.0000	0.0000	0.0000	0.0000
12	59	0.1165	13	1	0	1	0	0	0	1	0	0	0	1	2	0	0	0	0	0	0	N	N	N	N	N	Y	N	N	N	N	N	N	N	N	N	N	N	N	0.0000	0.0000	0.0000	0.0000	0.0000	0.0000	0.0000	0.0000	0.0000	0.0000	0.0000	0.0000	0.0000	0.0000	0.0000	0.0000	0.0000	0.0000	0.0001	0.0000	0.0001	0.0000	0.0000	0.0000	0.0001	0.0000	0.0001		inf	0.0000	0.0000	0.0000	0.0001	3.0444	3.0507	0.0000	0.0000	0.0000	0.0000	0.0000	0.0000	0.0000	0.0000	0.0000	0.0000	0.0000	0.0000	0.0000	0.0000	0.0000	0.0000	0.0000	0.0000	0.0000	0.0000	0.0000	0.0000	0.0000	0.0000	0.0000	0.0000	0.0000	0.0101	0.0053	0.0047	0.0022	0.0019	0.0003	0.0079	0.0034	0.0044
12	67	0.1013	16	1	0	1	0	0	0	0	0	0	1	0	2	0	0	0	0	0	0	N	N	N	N	N	Y	N	N	N	N	N	N	N	N	N	N	N	N	0.0000	0.0000	0.0000	0.0000	0.0000	0.0000	0.0000	0.0000	0.0000	0.0000	0.0000	0.0000	0.0000	0.0000	0.0000	0.0000	0.0000	0.0000	0.0022	0.0001	0.0044	0.0002	0.0002	0.0000	0.0027	0.0000	0.0047		51.8145	0.0000	0.0000	0.0000	0.0010	3.0444	8.0699	0.0000	0.0000	0.0000	0.0000	0.0000	0.0000	0.0000	0.0000	0.0000	0.0001	0.0000	0.0001	0.0000	0.0000	0.0000	0.0001	0.0000	0.0001	0.0000	0.0000	0.0000	0.0000	0.0000	0.0000	0.0000	0.0000	0.0000	0.0265	0.0137	0.0128	0.0056	0.0049	0.0007	0.0209	0.0088	0.0121
12	70	0.0913	12	1	0	0	0	0	0	0	0	0	1	1	2	0	0	0	0	0	0	N	N	N	N	N	Y	N	N	N	N	N	N	N	N	N	N	N	N	0.0000	0.0000	0.0000	0.0000	0.0000	0.0000	0.0000	0.0000	0.0000	0.0000	0.0000	0.0000	0.0000	0.0000	0.0000	0.0000	0.0000	0.0000	0.0000	0.0001	0.0000	0.0001	0.0001	0.0000	0.0000	0.0000	0.0000		0.0000	0.0000	-0.0000	0.0000	2.3581	3.0444	7.4584	0.0000	0.0000	0.0000	0.0000	0.0000	0.0000	0.0000	0.0000	0.0000	0.0000	0.0000	0.0000	0.0000	0.0000	0.0000	0.0000	0.0000	0.0000	0.0000	0.0000	0.0000	0.0000	0.0000	0.0000	0.0000	0.0000	0.0000	0.0380	0.0211	0.0169	0.0105	0.0094	0.0011	0.0275	0.0117	0.0157
12	78	0.1010	15	1	0	0	0	0	0	0	0	0	1	0	2	0	0	0	0	0	0	N	N	N	N	N	Y	N	N	N	N	N	N	N	N	N	N	N	N	0.0000	0.0000	0.0000	0.0000	0.0000	0.0000	0.0000	0.0000	0.0000	0.0000	0.0000	0.0000	0.0000	0.0000	0.0000	0.0000	0.0000	0.0000	0.0006	0.0005	0.0008	0.0013	0.0015	0.0000	0.0005	0.0000	0.0008		1.4378	0.0000	0.0000	0.0000	0.0166	3.0444	12.2009	0.0000	0.0000	0.0000	0.0000	0.0000	0.0000	0.0000	0.0000	0.0000	0.0000	0.0000	0.0000	0.0000	0.0000	0.0000	0.0000	0.0000	0.0000	0.0000	0.0000	0.0000	0.0000	0.0000	0.0000	0.0000	0.0000	0.0000	0.0400	0.0207	0.0193	0.0074	0.0066	0.0008	0.0326	0.0141	0.0184
12	87	0.1095	14	1	0	1	0	0	0	1	0	0	0	1	2	0	0	0	0	0	0	N	N	N	N	N	Y	N	N	N	N	N	N	N	N	N	N	N	N	0.0000	0.0000	0.0000	0.0000	0.0000	0.0000	0.0000	0.0000	0.0000	0.0000	0.0000	0.0000	0.0000	0.0000	0.0000	0.0000	0.0000	0.0000	0.0000	0.0000	0.0001	0.0000	0.0000	0.0000	0.0000	0.0000	0.0001		203.9375	0.0000	0.0000	0.0000	0.0022	3.0444	6.6376	0.0000	0.0000	0.0000	0.0000	0.0000	0.0000	0.0000	0.0000	0.0000	0.0000	0.0000	0.0000	0.0000	0.0000	0.0000	0.0000	0.0000	0.0000	0.0000	0.0000	0.0000	0.0000	0.0000	0.0000	0.0000	0.0000	0.0000	0.0255	0.0141	0.0114	0.0073	0.0066	0.0007	0.0182	0.0075	0.0107
12	88	0.0950	13	1	0	0	0	0	0	0	0	0	0	1	2	0	0	0	0	0	0	N	N	N	N	N	Y	N	N	N	N	N	N	N	N	N	N	N	N	0.0000	0.0000	0.0000	0.0000	0.0000	0.0000	0.0000	0.0000	0.0000	0.0000	0.0000	0.0000	0.0000	0.0000	0.0000	0.0000	0.0000	0.0000	0.0033	0.0000	0.0075	0.0000	0.0000	0.0000	0.0045	0.0000	0.0079		1357.8787	0.0000	0.0001	0.0000	1.0173	3.0444	8.6136	0.0000	0.0000	0.0000	0.0000	0.0000	0.0000	0.0000	0.0000	0.0000	0.0001	0.0000	0.0001	0.0000	0.0000	0.0000	0.0001	0.0000	0.0001	0.0000	0.0000	0.0000	0.0000	0.0000	0.0000	0.0000	0.0000	0.0000	0.0392	0.0220	0.0171	0.0109	0.0100	0.0009	0.0282	0.0120	0.0162
12	90	0.0950	13	1	0	0	0	0	0	0	0	0	0	1	2	0	0	0	0	0	0	N	N	N	N	N	Y	N	N	N	N	N	N	N	N	N	N	N	N	0.0000	0.0000	0.0000	0.0000	0.0000	0.0000	0.0000	0.0000	0.0000	0.0000	0.0000	0.0000	0.0000	0.0000	0.0000	0.0000	0.0000	0.0000	0.0002	0.0001	0.0004	0.0001	0.0001	0.0000	0.0003	0.0000	0.0005		6.3580	0.0000	0.0000	0.0000	2.0138	3.0444	11.8132	0.0000	0.0000	0.0000	0.0000	0.0000	0.0000	0.0000	0.0000	0.0000	0.0000	0.0000	0.0000	0.0000	0.0000	0.0000	0.0000	0.0000	0.0000	0.0000	0.0000	0.0000	0.0000	0.0000	0.0000	0.0000	0.0000	0.0000	0.0513	0.0282	0.0230	0.0134	0.0121	0.0013	0.0379	0.0162	0.0217
12	91	0.0865	12	1	0	0	0	0	0	0	0	1	1	1	2	0	0	0	0	0	0	N	N	N	N	N	Y	N	N	N	N	N	N	N	N	N	N	N	N	0.0000	0.0000	0.0000	0.0000	0.0000	0.0000	0.0000	0.0000	0.0000	0.0000	0.0000	0.0000	0.0000	0.0000	0.0000	0.0000	0.0000	0.0000	0.0001	0.0001	0.0001	0.0002	0.0002	0.0000	0.0001	0.0000	0.0002		1.4304	0.0000	0.0000	0.0000	1.9725	3.0444	4.2763	0.0000	0.0000	0.0000	0.0000	0.0000	0.0000	0.0000	0.0000	0.0000	0.0000	0.0000	0.0000	0.0000	0.0000	0.0000	0.0000	0.0000	0.0000	0.0000	0.0000	0.0000	0.0000	0.0000	0.0000	0.0000	0.0000	0.0000	0.0253	0.0142	0.0112	0.0067	0.0061	0.0006	0.0187	0.0081	0.0106
12	98	0.1165	13	1	0	0	1	0	0	0	1	0	0	1	2	0	0	0	0	0	0	N	N	N	N	N	Y	N	N	N	N	N	N	N	N	N	N	N	N	0.0000	0.0000	0.0000	0.0000	0.0000	0.0000	0.0000	0.0000	0.0000	0.0000	0.0000	0.0000	0.0000	0.0000	0.0000	0.0000	0.0000	0.0000	0.0000	0.0000	0.0001	0.0000	0.0000	0.0000	0.0000	0.0000	0.0001		inf	0.0000	0.0000	0.0000	2.9999	3.0444	3.9821	0.0000	0.0000	0.0000	0.0000	0.0000	0.0000	0.0000	0.0000	0.0000	0.0000	0.0000	0.0000	0.0000	0.0000	0.0000	0.0000	0.0000	0.0000	0.0000	0.0000	0.0000	0.0000	0.0000	0.0000	0.0000	0.0000	0.0000	0.0222	0.0116	0.0106	0.0047	0.0040	0.0007	0.0175	0.0076	0.0099
12	99	0.1134	12	1	0	0	0	0	0	0	0	0	0	1	2	0	0	0	0	0	0	N	N	N	N	N	Y	N	N	N	N	N	N	N	N	N	N	N	N	0.0000	0.0000	0.0000	0.0000	0.0000	0.0000	0.0000	0.0000	0.0000	0.0000	0.0000	0.0000	0.0000	0.0000	0.0000	0.0000	0.0000	0.0000	0.0125	0.0000	0.0268	0.0000	0.0000	0.0000	0.0162	0.0000	0.0286		21322.9114	0.0000	0.0000	0.0000	0.0003	3.0444	2.0601	0.0000	0.0000	0.0000	0.0000	0.0000	0.0000	0.0000	0.0000	0.0000	0.0001	0.0000	0.0001	0.0000	0.0000	0.0000	0.0001	0.0000	0.0001	0.0000	0.0000	0.0000	0.0000	0.0000	0.0000	0.0000	0.0000	0.0000	0.0071	0.0038	0.0033	0.0016	0.0014	0.0002	0.0055	0.0024	0.0031
12	100	0.0935	11	1	0	0	0	0	0	0	0	1	1	1	2	0	0	0	0	0	0	N	N	N	N	N	Y	N	N	N	N	N	N	N	N	N	N	N	N	0.0000	0.0000	0.0000	0.0000	0.0000	0.0000	0.0000	0.0000	0.0000	0.0000	0.0000	0.0000	0.0000	0.0000	0.0000	0.0000	0.0000	0.0000	0.0003	0.0005	0.0000	0.0012	0.0014	0.0000	0.0000	0.0000	0.0000		0.0637	0.0000	-0.0000	0.0000	3.0014	3.0444	9.1620	0.0000	0.0000	0.0000	0.0000	0.0000	0.0000	0.0000	0.0000	0.0000	0.0000	0.0000	0.0000	0.0000	0.0000	0.0000	0.0000	0.0000	0.0000	0.0000	0.0000	0.0000	0.0000	0.0000	0.0000	0.0000	0.0000	0.0000	0.0403	0.0210	0.0194	0.0081	0.0071	0.0011	0.0322	0.0139	0.0183
12	132	0.1165	15	0	0	0	0	0	0	0	0	0	1	0	2	0	0	0	0	0	0	N	N	N	N	N	Y	N	N	N	N	N	N	N	N	N	N	N	N	0.0000	0.0000	0.0000	0.0000	0.0000	0.0000	0.0000	0.0000	0.0000	0.0000	0.0000	0.0000	0.0000	0.0000	0.0000	0.0000	0.0000	0.0000	0.0000	0.0000	0.0000	0.0000	0.0000	0.0000	0.0000	0.0000	0.0000		inf	0.0000	0.0000	0.0000	0.0075	3.0444	1.9743	0.0000	0.0000	0.0000	0.0000	0.0000	0.0000	0.0000	0.0000	0.0000	0.0000	0.0000	0.0000	0.0000	0.0000	0.0000	0.0000	0.0000	0.0000	0.0000	0.0000	0.0000	0.0000	0.0000	0.0000	0.0000	0.0000	0.0000	0.0063	0.0033	0.0030	0.0012	0.0010	0.0001	0.0051	0.0023	0.0029
12	134	0.1113	13	0	0	0	0	0	0	0	0	0	1	0	2	0	0	0	0	0	0	N	N	N	N	N	Y	N	N	N	N	N	N	N	N	N	N	N	N	0.0000	0.0000	0.0000	0.0000	0.0000	0.0000	0.0000	0.0000	0.0000	0.0000	0.0000	0.0000	0.0000	0.0000	0.0000	0.0000	0.0000	0.0000	0.0056	0.0005	0.0116	0.0014	0.0016	0.0000	0.0066	0.0000	0.0121		17.7912	0.0000	0.0001	0.0000	2.0569	3.0444	5.7592	0.0000	0.0000	0.0000	0.0000	0.0000	0.0000	0.0000	0.0000	0.0000	0.0001	0.0000	0.0001	0.0000	0.0000	0.0000	0.0001	0.0000	0.0001	0.0000	0.0000	0.0000	0.0000	0.0000	0.0000	0.0000	0.0000	0.0000	0.0265	0.0145	0.0120	0.0054	0.0049	0.0005	0.0211	0.0095	0.0115
12	135	0.1129	14	0	0	0	0	0	0	0	0	0	1	0	2	0	0	0	0	0	0	N	N	N	N	N	Y	N	N	N	N	N	N	N	N	N	N	N	N	0.0000	0.0000	0.0000	0.0000	0.0000	0.0000	0.0000	0.0000	0.0000	0.0000	0.0000	0.0000	0.0000	0.0000	0.0000	0.0000	0.0000	0.0000	0.0002	0.0005	0.0000	0.0012	0.0014	0.0000	0.0000	0.0000	0.0000		0.0000	0.0000	-0.0000	0.0000	1.0111	3.0444	8.8059	0.0000	0.0000	0.0000	0.0000	0.0000	0.0000	0.0000	0.0000	0.0000	0.0000	0.0000	0.0000	0.0000	0.0000	0.0000	0.0000	0.0000	0.0000	0.0000	0.0000	0.0000	0.0000	0.0000	0.0000	0.0000	0.0000	0.0000	0.0321	0.0173	0.0147	0.0063	0.0057	0.0006	0.0257	0.0116	0.0141
13	14	0.0893	11	2	0	1	0	0	0	0	0	0	1	1	1	0	0	0	0	0	0	Y	N	N	N	N	N	N	N	N	N	N	N	N	N	N	N	N	N	0.0000	0.0000	0.0000	0.0000	0.0000	0.0000	0.0000	0.0000	0.0000	0.0000	0.0000	0.0000	0.0000	0.0000	0.0000	0.0000	0.0000	0.0000	0.0008	0.0009	0.0007	0.0024	0.0027	0.0000	0.0004	0.0000	0.0007		0.7168	0.0000	-0.0000	2.0000	1.0076	12.5972	9.0109	0.0000	0.0000	0.0000	0.0000	0.0000	0.0000	0.0000	0.0000	0.0000	0.0001	0.0001	0.0000	0.0001	0.0001	0.0000	0.0000	0.0000	0.0000	0.0142	0.0122	0.0020	0.0002	0.0002	0.0000	0.0140	0.0120	0.0020	0.1540	0.0795	0.0745	0.0289	0.0253	0.0035	0.1252	0.0542	0.0710
13	15	0.1125	12	1	0	0	0	0	0	0	0	0	2	0	2	0	0	0	0	0	0	N	N	N	N	N	Y	N	N	N	N	N	N	N	N	N	N	N	N	0.0000	0.0000	0.0000	0.0000	0.0000	0.0000	0.0000	0.0000	0.0000	0.0000	0.0000	0.0000	0.0000	0.0000	0.0000	0.0000	0.0000	0.0000	18.0756	0.0000	36.6672	0.0000	0.0000	0.0000	23.2044	0.0000	40.4978		inf	0.0000	0.3912	2.0000	0.0012	12.5972	2.9951	0.0000	0.0000	0.0000	0.0000	0.0000	0.0000	0.0000	0.0000	0.0000	0.8660	0.0000	0.8660	0.0000	0.0000	0.0000	0.8660	0.0000	0.8660	0.0000	0.0000	0.0000	0.0000	0.0000	0.0000	0.0000	0.0000	0.0000	0.0479	0.0243	0.0236	0.0106	0.0084	0.0022	0.0373	0.0159	0.0214
13	16	0.0955	15	2	0	1	0	0	0	0	0	0	1	0	1	0	0	0	0	0	0	Y	N	N	N	N	N	N	N	N	N	N	N	N	N	N	N	N	N	0.0000	0.0000	0.0000	0.0000	0.0000	0.0000	0.0000	0.0000	0.0000	0.0000	0.0000	0.0000	0.0000	0.0000	0.0000	0.0000	0.0000	0.0000	0.0099	0.0189	0.0005	0.0530	0.0606	0.0000	0.0003	0.0000	0.0006		0.0277	0.0000	-0.0005	2.0000	0.0000	12.5972	7.0598	0.0000	0.0000	0.0000	0.0000	0.0000	0.0000	0.0000	0.0000	0.0000	0.0010	0.0010	0.0000	0.0010	0.0010	0.0000	0.0000	0.0000	0.0000	0.0000	0.0000	0.0000	0.0000	0.0000	0.0000	0.0000	0.0000	0.0000	0.1064	0.0541	0.0523	0.0193	0.0168	0.0024	0.0871	0.0373	0.0499
13	19	0.1053	16	2	0	1	0	0	0	0	0	0	1	0	1	0	0	0	0	0	0	Y	N	N	N	N	N	N	N	N	N	N	N	N	N	N	N	N	N	0.0000	0.0000	0.0000	0.0000	0.0000	0.0000	0.0000	0.0000	0.0000	0.0000	0.0000	0.0000	0.0000	0.0000	0.0000	0.0000	0.0000	0.0000	7.9428	0.0000	16.9000	0.0000	0.0000	0.0000	10.2593	0.0000	17.9354		981495.3465	0.0000	0.4569	2.0000	0.9990	12.5972	7.0746	0.0000	0.0000	0.0000	0.0000	0.0000	0.0000	0.0000	0.0000	0.0000	1.0114	0.0000	1.0114	0.0000	0.0000	0.0000	1.0114	0.0000	1.0114	0.0139	0.0119	0.0020	0.0001	0.0001	0.0000	0.0138	0.0119	0.0019	0.1273	0.0675	0.0598	0.0288	0.0253	0.0035	0.0986	0.0422	0.0564
13	21	0.0905	8	2	0	1	0	0	0	0	0	0	1	1	1	0	0	0	0	0	0	Y	N	N	N	N	N	N	N	N	N	N	N	N	N	N	N	N	N	0.0000	0.0000	0.0000	0.0000	0.0000	0.0000	0.0000	0.0000	0.0000	0.0000	0.0000	0.0000	0.0000	0.0000	0.0000	0.0000	0.0000	0.0000	0.0788	0.0028	0.1682	0.0064	0.0068	0.0000	0.1006	0.0000	0.1725		51.9625	0.0000	0.0054	2.0000	0.4173	12.5972	8.0348	0.0000	0.0000	0.0000	0.0000	0.0000	0.0000	0.0000	0.0000	0.0000	0.0124	0.0002	0.0121	0.0002	0.0002	0.0000	0.0121	0.0000	0.0121	0.0077	0.0068	0.0009	0.0017	0.0017	0.0001	0.0060	0.0052	0.0008	0.1569	0.0848	0.0721	0.0362	0.0344	0.0018	0.1207	0.0503	0.0703
13	22	0.0774	8	2	0	1	0	0	0	0	0	0	1	0	1	0	0	0	0	0	0	Y	N	N	N	N	N	N	N	N	N	N	N	N	N	N	N	N	N	0.0000	0.0000	0.0000	0.0000	0.0000	0.0000	0.0000	0.0000	0.0000	0.0000	0.0000	0.0000	0.0000	0.0000	0.0000	0.0000	0.0000	0.0000	0.0088	0.0037	0.0139	0.0010	0.0012	0.0000	0.0108	0.0050	0.0152		3.6483	0.0000	0.0003	2.0000	1.0206	12.5972	8.2592	0.0000	0.0000	0.0000	0.0000	0.0000	0.0000	0.0000	0.0000	0.0000	0.0013	0.0003	0.0010	0.0000	0.0000	0.0000	0.0013	0.0002	0.0010	0.0145	0.0125	0.0020	0.0004	0.0004	0.0000	0.0141	0.0121	0.0020	0.1482	0.0748	0.0735	0.0309	0.0246	0.0064	0.1173	0.0502	0.0671
13	25	0.1174	12	2	0	0	1	0	0	0	1	0	1	1	2	0	0	0	0	0	0	Y	N	N	N	N	Y	N	N	N	N	N	N	N	N	N	N	N	N	0.0000	0.0000	0.0000	0.0000	0.0000	0.0000	0.0000	0.0000	0.0000	0.0000	0.0000	0.0000	0.0000	0.0000	0.0000	0.0000	0.0000	0.0000	0.0466	0.0877	0.0000	0.2129	0.2400	0.0000	0.0000	0.0000	0.0000		0.0000	0.0000	-0.0009	2.0000	0.9999	12.5972	1.0788	0.0000	0.0000	0.0000	0.0000	0.0000	0.0000	0.0000	0.0000	0.0000	0.0016	0.0016	0.0000	0.0016	0.0016	0.0000	0.0000	0.0000	0.0000	0.0139	0.0119	0.0019	0.0001	0.0001	0.0000	0.0138	0.0118	0.0019	0.0342	0.0182	0.0160	0.0075	0.0066	0.0008	0.0267	0.0115	0.0151
13	26	0.0696	9	2	0	1	0	0	0	0	0	0	1	0	1	0	0	0	0	0	0	Y	N	N	N	N	N	N	N	N	N	N	N	N	N	N	N	N	N	0.0000	0.0000	0.0000	0.0000	0.0000	0.0000	0.0000	0.0000	0.0000	0.0000	0.0000	0.0000	0.0000	0.0000	0.0000	0.0000	0.0000	0.0000	0.0005	0.0003	0.0007	0.0011	0.0011	0.0003	0.0004	0.0000	0.0007		2.0855	0.0000	0.0000	2.0000	2.9974	12.5972	7.2972	0.0000	0.0000	0.0000	0.0000	0.0000	0.0000	0.0000	0.0000	0.0000	0.0001	0.0000	0.0001	0.0000	0.0000	0.0000	0.0001	0.0000	0.0001	0.0412	0.0354	0.0058	0.0001	0.0001	0.0000	0.0411	0.0354	0.0058	0.1698	0.0882	0.0816	0.0271	0.0254	0.0017	0.1427	0.0628	0.0800
13	27	0.0636	7	2	0	1	0	1	0	0	0	0	1	0	1	0	0	0	0	0	0	Y	N	N	N	N	N	N	N	N	N	N	N	N	N	N	N	N	N	0.0000	0.0000	0.0000	0.0000	0.0000	0.0000	0.0000	0.0000	0.0000	0.0000	0.0000	0.0000	0.0000	0.0000	0.0000	0.0000	0.0000	0.0000	6.9666	11.4990	0.0018	0.0317	0.0324	0.0062	9.3939	19.6874	0.0018		0.0001	0.0000	-1.0767	2.0000	0.0672	12.5972	11.7431	0.0000	0.0000	0.0000	0.0000	0.0000	0.0000	0.0000	0.0000	0.0000	1.9643	1.9641	0.0002	0.0023	0.0023	0.0000	1.9619	1.9617	0.0002	0.0026	0.0022	0.0004	0.0009	0.0009	0.0000	0.0018	0.0014	0.0004	0.2820	0.1708	0.1112	0.0731	0.0712	0.0019	0.2089	0.0996	0.1092
13	28	0.0893	11	2	0	1	0	0	0	0	0	0	1	1	1	0	0	0	0	0	0	Y	N	N	N	N	N	N	N	N	N	N	N	N	N	N	N	N	N	0.0000	0.0000	0.0000	0.0000	0.0000	0.0000	0.0000	0.0000	0.0000	0.0000	0.0000	0.0000	0.0000	0.0000	0.0000	0.0000	0.0000	0.0000	0.0004	0.0001	0.0006	0.0004	0.0005	0.0000	0.0004	0.0000	0.0006		3.9946	0.0000	0.0000	2.0000	2.0122	12.5972	16.0892	0.0000	0.0000	0.0000	0.0000	0.0000	0.0000	0.0000	0.0000	0.0000	0.0001	0.0000	0.0001	0.0000	0.0000	0.0000	0.0001	0.0000	0.0001	0.0281	0.0241	0.0039	0.0003	0.0003	0.0000	0.0277	0.0238	0.0039	0.2658	0.1357	0.1301	0.0479	0.0417	0.0062	0.2179	0.0941	0.1239
13	29	0.0830	10	2	0	1	0	0	0	1	0	1	1	1	1	0	0	0	0	0	0	Y	N	N	N	N	N	N	N	N	N	N	N	N	N	N	N	N	N	0.0000	0.0000	0.0000	0.0000	0.0000	0.0000	0.0000	0.0000	0.0000	0.0000	0.0000	0.0000	0.0000	0.0000	0.0000	0.0000	0.0000	0.0000	0.0000	0.0000	0.0000	0.0001	0.0001	0.0000	0.0000	0.0000	0.0000		0.4241	0.0000	-0.0000	2.0000	1.9944	12.5972	2.0374	0.0000	0.0000	0.0000	0.0000	0.0000	0.0000	0.0000	0.0000	0.0000	0.0000	0.0000	0.0000	0.0000	0.0000	0.0000	0.0000	0.0000	0.0000	0.0275	0.0236	0.0039	0.0000	0.0000	0.0000	0.0275	0.0236	0.0039	0.0606	0.0305	0.0302	0.0098	0.0085	0.0013	0.0508	0.0219	0.0289
13	30	0.0696	9	2	0	1	0	0	0	0	0	0	1	0	1	0	0	0	0	0	0	Y	N	N	N	N	N	N	N	N	N	N	N	N	N	N	N	N	N	0.0000	0.0000	0.0000	0.0000	0.0000	0.0000	0.0000	0.0000	0.0000	0.0000	0.0000	0.0000	0.0000	0.0000	0.0000	0.0000	0.0000	0.0000	0.0009	0.0010	0.0006	0.0032	0.0034	0.0000	0.0004	0.0000	0.0007		0.5576	0.0000	-0.0000	2.0000	0.0026	12.5972	6.8389	0.0000	0.0000	0.0000	0.0000	0.0000	0.0000	0.0000	0.0000	0.0000	0.0001	0.0001	0.0000	0.0001	0.0001	0.0000	0.0000	0.0000	0.0000	0.0001	0.0000	0.0000	0.0000	0.0000	0.0000	0.0000	0.0000	0.0000	0.1181	0.0621	0.0560	0.0203	0.0191	0.0011	0.0979	0.0430	0.0549
13	31	0.0640	8	2	0	1	0	1	0	1	0	0	1	0	1	0	0	0	0	0	0	Y	N	N	N	N	N	N	N	N	N	N	N	N	N	N	N	N	N	0.0000	0.0000	0.0000	0.0000	0.0000	0.0000	0.0000	0.0000	0.0000	0.0000	0.0000	0.0000	0.0000	0.0000	0.0000	0.0000	0.0000	0.0000	0.0060	0.0097	0.0006	0.0214	0.0219	0.0000	0.0003	0.0000	0.0006		0.0407	0.0000	-0.0004	2.0000	0.0026	12.5972	4.4275	0.0000	0.0000	0.0000	0.0000	0.0000	0.0000	0.0000	0.0000	0.0000	0.0007	0.0007	0.0000	0.0007	0.0007	0.0000	0.0000	0.0000	0.0000	0.0000	0.0000	0.0000	0.0000	0.0000	0.0000	0.0000	0.0000	0.0000	0.1141	0.0680	0.0460	0.0308	0.0302	0.0006	0.0832	0.0379	0.0454
13	32	0.0672	6	2	0	1	0	1	0	1	0	1	1	1	1	0	0	0	0	0	0	Y	N	N	N	N	N	N	N	N	N	N	N	N	N	N	N	N	N	0.0000	0.0000	0.0000	0.0000	0.0000	0.0000	0.0000	0.0000	0.0000	0.0000	0.0000	0.0000	0.0000	0.0000	0.0000	0.0000	0.0000	0.0000	0.0000	0.0001	0.0000	0.0003	0.0003	0.0000	0.0000	0.0000	0.0000		0.0121	0.0000	-0.0000	2.0000	2.8343	12.5972	20.2282	0.0000	0.0000	0.0000	0.0000	0.0000	0.0000	0.0000	0.0000	0.0000	0.0000	0.0000	0.0000	0.0000	0.0000	0.0000	0.0000	0.0000	0.0000	0.0411	0.0353	0.0057	0.0011	0.0011	0.0000	0.0400	0.0342	0.0057	0.3618	0.1842	0.1776	0.0681	0.0542	0.0139	0.2937	0.1300	0.1637
13	33	0.0919	13	2	0	1	0	0	0	0	0	0	1	0	1	0	0	0	0	0	0	Y	N	N	N	N	N	N	N	N	N	N	N	N	N	N	N	N	N	0.0000	0.0000	0.0000	0.0000	0.0000	0.0000	0.0000	0.0000	0.0000	0.0000	0.0000	0.0000	0.0000	0.0000	0.0000	0.0000	0.0000	0.0000	6.2699	0.1683	12.7188	0.3143	0.3554	0.0000	7.6281	0.0804	13.3056		71.4952	0.0000	0.4441	2.0000	1.0032	12.5972	9.5192	0.0000	0.0000	0.0000	0.0000	0.0000	0.0000	0.0000	0.0000	0.0000	1.0141	0.0140	1.0001	0.0094	0.0094	0.0000	1.0046	0.0045	1.0001	0.0139	0.0120	0.0020	0.0000	0.0000	0.0000	0.0139	0.0119	0.0020	0.1617	0.0831	0.0786	0.0300	0.0266	0.0035	0.1317	0.0565	0.0752
13	34	0.0975	11	2	1	1	0	0	1	1	0	0	1	0	1	0	0	0	0	0	0	Y	N	N	N	N	N	N	N	N	N	N	N	N	N	N	N	N	N	0.0000	0.0000	0.0000	0.0000	0.0000	0.0000	0.0000	0.0000	0.0000	0.0000	0.0000	0.0000	0.0000	0.0000	0.0000	0.0000	0.0000	0.0000	11.1019	0.0013	23.1295	0.0014	0.0016	0.0000	13.8794	0.0011	24.3591		16388.8689	0.0000	0.8896	2.0000	0.9987	12.5972	10.0476	0.0000	0.0000	0.0000	0.0000	0.0000	0.0000	0.0000	0.0000	0.0000	1.9697	0.0001	1.9696	0.0001	0.0001	0.0000	1.9696	0.0001	1.9696	0.0139	0.0119	0.0020	0.0001	0.0001	0.0000	0.0138	0.0119	0.0020	0.1774	0.0923	0.0852	0.0355	0.0312	0.0043	0.1419	0.0611	0.0809
13	35	0.1152	14	1	0	1	0	0	0	1	0	0	2	0	2	0	0	0	0	0	0	N	N	N	N	N	Y	N	N	N	N	N	N	N	N	N	N	N	N	280.6524	0.0000	1360.5792	25690.2500	0.0000	11097138.9245	33.7203	0.0000	142.3025	28.4590	0.0000	289.2114	53.0045	0.0000	976.2652	4.7336	0.0000	33.5627	0.1014	0.0011	0.2126	0.0021	0.0025	0.0001	0.1404	0.0000	0.2359	inf	174.6632	0.0008	0.0016	2.0000	0.0023	12.5972	1.9232	0.0020	0.0000	0.0020	0.0018	0.0000	0.0018	0.0002	0.0000	0.0002	0.0035	0.0000	0.0035	0.0000	0.0000	0.0000	0.0035	0.0000	0.0035	0.0001	0.0001	0.0000	0.0000	0.0000	0.0000	0.0000	0.0000	0.0000	0.0347	0.0182	0.0164	0.0098	0.0081	0.0016	0.0249	0.0101	0.0148
13	37	0.0488	4	2	0	1	0	1	0	1	0	0	1	0	1	0	0	0	0	0	0	Y	N	N	N	N	N	N	N	N	N	N	N	N	N	N	N	N	N	0.0000	0.0000	0.0000	0.0000	0.0000	0.0000	0.0000	0.0000	0.0000	0.0000	0.0000	0.0000	0.0000	0.0000	0.0000	0.0000	0.0000	0.0000	10.0025	4.5361	15.5967	1.2496	1.2807	0.0000	12.7816	7.3645	15.7836		3.3598	0.0000	1.1159	2.0000	4.0110	12.5972	17.6512	0.0000	0.0000	0.0000	0.0000	0.0000	0.0000	0.0000	0.0000	0.0000	5.0183	1.1510	3.8673	0.1511	0.1511	0.0000	4.8672	0.9999	3.8673	0.0551	0.0473	0.0077	0.0002	0.0001	0.0000	0.0549	0.0472	0.0077	0.5017	0.2537	0.2480	0.1209	0.1180	0.0029	0.3808	0.1358	0.2450
13	38	0.0998	12	2	0	1	0	0	0	0	0	0	1	1	1	0	0	0	0	0	0	Y	N	N	N	N	N	N	N	N	N	N	N	N	N	N	N	N	N	inf	inf	0.0000	0.0000	0.0000	0.0000	inf	inf	0.0000	8.6295	10.0334	0.0000	0.0000	0.0000	0.0000	11.8003	14.5778	0.0000	0.0000	0.0000	0.0000	0.0000	0.0000	0.0000	0.0000	0.0000	0.0000	0.0000		-0.0000	0.0000	2.0000	0.0000	12.5972	0.9989	0.0000	0.0000	0.0000	0.0000	0.0000	0.0000	0.0000	0.0000	0.0000	0.0000	0.0000	0.0000	0.0000	0.0000	0.0000	0.0000	0.0000	0.0000	0.0000	0.0000	0.0000	0.0000	0.0000	0.0000	0.0000	0.0000	0.0000	0.0159	0.0085	0.0074	0.0038	0.0030	0.0008	0.0121	0.0055	0.0066
13	41	0.0488	4	2	0	1	0	1	0	1	0	1	1	1	1	0	0	0	0	0	0	Y	N	N	N	N	N	N	N	N	N	N	N	N	N	N	N	N	N	18.3744	0.0000	661728.0024	0.0000	0.0000	0.0000	16.2540	0.0000	614396.0496	36.2300	0.0000	257.2071	0.0000	0.0000	0.0000	36.2309	0.0000	257.2071	1.9718	4.0134	0.0004	0.5444	0.7148	0.0000	2.2291	5.0369	0.0004	inf	0.0001	0.4168	-0.5737	2.0000	2.0001	12.5972	33.1942	1.0000	0.0000	1.0000	0.0000	0.0000	0.0000	1.0000	0.0000	1.0000	1.0465	1.0464	0.0001	0.0441	0.0441	0.0000	1.0024	1.0023	0.0001	0.0276	0.0237	0.0039	0.0000	0.0000	0.0000	0.0276	0.0237	0.0039	0.5308	0.2607	0.2700	0.0811	0.0617	0.0193	0.4497	0.1990	0.2507
13	42	0.1166	12	2	0	0	0	0	0	0	0	0	2	0	2	0	0	0	0	0	0	Y	N	N	N	N	Y	N	N	N	N	N	N	N	N	N	N	N	N	0.0000	0.0000	0.0000	0.0000	0.0000	0.0000	0.0000	0.0000	0.0000	0.0000	0.0000	0.0000	0.0000	0.0000	0.0000	0.0000	0.0000	0.0000	0.0000	0.0000	0.0000	0.0000	0.0000	0.0000	0.0000	0.0000	0.0000			0.0000	0.0000	2.0000	0.0000	12.5972	0.0011	0.0000	0.0000	0.0000	0.0000	0.0000	0.0000	0.0000	0.0000	0.0000	0.0000	0.0000	0.0000	0.0000	0.0000	0.0000	0.0000	0.0000	0.0000	0.0000	0.0000	0.0000	0.0000	0.0000	0.0000	0.0000	0.0000	0.0000	0.0000	0.0000	0.0000	0.0000	0.0000	0.0000	0.0000	0.0000	0.0000
13	43	0.1015	13	2	0	1	0	0	0	1	0	0	1	0	1	0	0	0	0	0	0	Y	N	N	N	N	N	N	N	N	N	N	N	N	N	N	N	N	N	178.8865	inf	0.0000	980773.7625	inf	0.0000	0.0000	0.0000	0.0000	0.0007	0.0008	0.0000	0.0495	0.0522	0.0000	0.0000	0.0000	0.0000	0.0000	0.0000	0.0000	0.0000	0.0000	0.0000	0.0000	0.0000	0.0000	0.0000	inf	-0.0000	0.0000	2.0000	1.0006	12.5972	5.8160	0.0000	0.0000	0.0000	0.0000	0.0000	0.0000	0.0000	0.0000	0.0000	0.0000	0.0000	0.0000	0.0000	0.0000	0.0000	0.0000	0.0000	0.0000	0.0140	0.0121	0.0020	0.0002	0.0002	0.0000	0.0138	0.0119	0.0019	0.1177	0.0612	0.0566	0.0277	0.0231	0.0046	0.0900	0.0380	0.0520
13	44	0.1015	13	2	0	0	1	0	0	0	0	0	1	1	2	0	0	0	0	0	0	Y	N	N	N	N	Y	N	N	N	N	N	N	N	N	N	N	N	N	186.0661	7711.3374	313.7761	0.0000	0.0000	0.0000	149.8467	inf	294.8930	20.4145	11.8585	73.3033	0.0000	0.0000	0.0000	20.8179	12.1285	73.4157	0.1097	0.0015	0.2336	0.0038	0.0044	0.0000	0.1389	0.0000	0.2490	1.0000	132.6401	-0.1663	0.0235	2.0000	7.0030	12.5972	25.8862	1.9998	0.9999	0.9999	0.0000	0.0000	0.0000	1.9998	0.9999	0.9999	0.0528	0.0004	0.0524	0.0004	0.0004	0.0000	0.0524	0.0000	0.0524	0.0980	0.0843	0.0136	0.0019	0.0019	0.0000	0.0961	0.0824	0.0136	0.4812	0.2569	0.2243	0.1040	0.0902	0.0138	0.3772	0.1667	0.2105
13	45	0.0930	13	2	0	1	0	1	0	1	0	0	1	0	1	0	0	0	0	0	0	Y	N	N	N	N	N	N	N	N	N	N	N	N	N	N	N	N	N	0.0653	0.1190	0.2150	21.7656	1.1748	2820786.3278	0.0001	0.0000	0.0003	0.2655	0.0184	1.7878	7.9678	0.5236	82.6271	0.0004	0.0000	0.0026	4.0634	0.1548	8.3155	0.3661	0.4457	0.0000	5.1080	0.0000	9.0603	15.7554	49.3890	0.0027	0.4360	2.0000	1.9929	12.5972	12.8604	0.0075	0.0004	0.0071	0.0075	0.0004	0.0071	0.0000	0.0000	0.0000	1.0095	0.0200	0.9894	0.0200	0.0200	0.0000	0.9894	0.0000	0.9894	0.0284	0.0244	0.0040	0.0009	0.0009	0.0001	0.0275	0.0236	0.0039	0.2484	0.1294	0.1190	0.0547	0.0449	0.0098	0.1937	0.0845	0.1092
13	48	0.1015	13	2	0	0	1	0	0	0	0	0	1	1	2	0	0	0	0	0	0	Y	N	N	N	N	Y	N	N	N	N	N	N	N	N	N	N	N	N	0.0202	2.5438	0.0000	16.0734	14.6075	0.0000	0.0000	0.0000	0.0000	0.0062	0.0072	0.0000	0.1001	0.1008	0.0000	0.0000	0.0000	0.0000	0.3062	0.0028	0.7031	0.0062	0.0069	0.0000	0.4102	0.0000	0.7465	0.0000	190.0681	-0.0001	0.0235	2.0000	1.7572	12.5972	7.6758	0.0002	0.0002	0.0000	0.0002	0.0002	0.0000	0.0000	0.0000	0.0000	0.0526	0.0003	0.0524	0.0003	0.0003	0.0000	0.0524	0.0000	0.0524	0.0274	0.0236	0.0038	0.0017	0.0017	0.0000	0.0257	0.0220	0.0038	0.1719	0.0974	0.0745	0.0442	0.0399	0.0043	0.1276	0.0575	0.0701
13	49	0.0925	12	2	0	0	1	0	0	0	1	0	1	1	2	0	0	0	0	0	0	Y	N	N	N	N	Y	N	N	N	N	N	N	N	N	N	N	N	N	0.0012	0.0975	0.0020	0.0000	0.0000	0.0000	0.0009	13.9484	0.0019	0.0097	0.0053	0.0366	0.0000	0.0000	0.0000	0.0098	0.0053	0.0366	7.9108	0.0546	18.0060	0.1274	0.1421	0.0000	10.3672	0.0004	19.0873	1.1250	256.6371	-0.0000	0.4239	2.0000	1.2605	12.5972	5.3560	0.0002	0.0001	0.0001	0.0000	0.0000	0.0000	0.0002	0.0001	0.0001	0.9465	0.0037	0.9429	0.0037	0.0037	0.0000	0.9429	0.0000	0.9429	0.0175	0.0150	0.0025	0.0000	0.0000	0.0000	0.0174	0.0150	0.0025	0.1197	0.0673	0.0524	0.0287	0.0257	0.0030	0.0909	0.0416	0.0494
13	50	0.0925	12	2	0	0	0	0	0	0	0	0	1	1	2	0	0	0	0	0	0	Y	N	N	N	N	Y	N	N	N	N	N	N	N	N	N	N	N	N	0.0000	0.0000	0.0000	0.0000	0.0000	0.0000	0.0000	0.0000	0.0000	0.0000	0.0000	0.0000	0.0000	0.0000	0.0000	0.0000	0.0000	0.0000	13.6714	0.0645	30.4225	0.1571	0.1745	0.0186	17.6973	0.0000	32.2691		383.2317	0.0000	0.8989	2.0000	1.0001	12.5972	7.4568	0.0000	0.0000	0.0000	0.0000	0.0000	0.0000	0.0000	0.0000	0.0000	2.0014	0.0052	1.9962	0.0053	0.0052	0.0001	1.9961	0.0000	1.9961	0.0139	0.0119	0.0020	0.0000	0.0000	0.0000	0.0139	0.0119	0.0020	0.1464	0.0808	0.0656	0.0336	0.0298	0.0038	0.1128	0.0509	0.0619
13	51	0.0880	11	2	0	0	0	0	0	0	0	0	2	1	2	0	0	0	0	0	0	Y	N	N	N	N	Y	N	N	N	N	N	N	N	N	N	N	N	N	0.0000	0.0000	0.0000	0.0000	0.0000	0.0000	0.0000	0.0000	0.0000	0.0000	0.0000	0.0000	0.0000	0.0000	0.0000	0.0000	0.0000	0.0000	0.0954	0.0019	0.2685	0.0030	0.0033	0.0000	0.1590	0.0000	0.3074		77.3712	0.0000	0.0038	2.0000	0.0061	12.5972	2.7591	0.0000	0.0000	0.0000	0.0000	0.0000	0.0000	0.0000	0.0000	0.0000	0.0086	0.0001	0.0085	0.0001	0.0001	0.0000	0.0085	0.0000	0.0085	0.0001	0.0001	0.0000	0.0000	0.0000	0.0000	0.0001	0.0001	0.0000	0.0905	0.0587	0.0317	0.0369	0.0329	0.0040	0.0536	0.0259	0.0277
13	52	0.1015	13	2	0	0	0	0	0	0	0	0	2	0	2	0	0	0	0	0	0	Y	N	N	N	N	Y	N	N	N	N	N	N	N	N	N	N	N	N	210.9070	inf	0.0000	1127200.1907	inf	0.0000	0.0000	0.0000	0.0000	0.0007	0.0008	0.0000	0.0494	0.0521	0.0000	0.0000	0.0000	0.0000	0.0000	0.0000	0.0000	0.0000	0.0000	0.0000	0.0000	0.0000	0.0000	0.0000	inf	-0.0000	0.0000	2.0000	1.0020	12.5972	7.2599	0.0000	0.0000	0.0000	0.0000	0.0000	0.0000	0.0000	0.0000	0.0000	0.0000	0.0000	0.0000	0.0000	0.0000	0.0000	0.0000	0.0000	0.0000	0.0140	0.0121	0.0020	0.0002	0.0002	0.0000	0.0138	0.0119	0.0020	0.1390	0.0718	0.0672	0.0319	0.0264	0.0055	0.1071	0.0455	0.0616
13	53	0.0818	12	2	0	0	0	1	0	0	0	0	1	0	1	0	0	0	0	0	0	Y	N	N	N	N	N	N	N	N	N	N	N	N	N	N	N	N	N	258.0689	230.8504	1.5172	2946.5143	2599.6322	443513.7135	104.2398	inf	0.0042	0.4193	0.4866	0.0017	15.0987	16.1786	0.1493	0.0711	0.0827	0.0000	0.0016	0.0021	0.0011	0.0051	0.0062	0.0000	0.0007	0.0000	0.0012	0.0006	0.4936	-0.0103	-0.0001	2.0000	3.0050	12.5972	8.3063	0.0177	0.0177	0.0000	0.0148	0.0148	0.0000	0.0029	0.0029	0.0000	0.0003	0.0002	0.0001	0.0002	0.0002	0.0000	0.0001	0.0000	0.0001	0.0422	0.0364	0.0059	0.0010	0.0009	0.0001	0.0412	0.0354	0.0058	0.1902	0.0981	0.0921	0.0404	0.0332	0.0071	0.1498	0.0649	0.0849
13	55	0.1166	12	2	0	1	0	0	0	1	0	0	1	0	1	0	0	0	0	0	0	Y	N	N	N	N	N	N	N	N	N	N	N	N	N	N	N	N	N	0.0000	0.0000	0.0000	0.0000	0.0000	0.0000	0.0000	0.0000	0.0000	0.0000	0.0000	0.0000	0.0000	0.0000	0.0000	0.0000	0.0000	0.0000	0.0000	0.0000	0.0000	0.0000	0.0000	0.0000	0.0000	0.0000	0.0000			0.0000	0.0000	2.0000	0.0000	12.5972	2.9989	0.0000	0.0000	0.0000	0.0000	0.0000	0.0000	0.0000	0.0000	0.0000	0.0000	0.0000	0.0000	0.0000	0.0000	0.0000	0.0000	0.0000	0.0000	0.0000	0.0000	0.0000	0.0000	0.0000	0.0000	0.0000	0.0000	0.0000	0.0489	0.0261	0.0228	0.0144	0.0108	0.0035	0.0346	0.0153	0.0193
13	56	0.0920	11	2	0	0	0	0	0	0	0	0	1	0	1	0	0	0	0	0	0	Y	N	N	N	N	N	N	N	N	N	N	N	N	N	N	N	N	N	8.7525	5.7235	1.4837	96.4438	84.2791	995826.0329	0.6918	8.6583	1.3563	24.1674	27.9304	0.5819	1015.2786	1080.6825	0.1691	0.1732	0.1062	0.5862	2.7612	4.8800	0.3922	10.5272	12.8227	0.0000	0.2503	0.0123	0.4322	0.0033	0.0719	-0.5794	-0.3042	2.0000	2.9988	12.5972	11.1255	0.9992	0.9958	0.0033	0.9922	0.9922	0.0000	0.0070	0.0037	0.0033	0.6322	0.5898	0.0424	0.5889	0.5889	0.0000	0.0433	0.0009	0.0424	0.0413	0.0357	0.0057	0.0010	0.0009	0.0001	0.0404	0.0347	0.0056	0.2289	0.1209	0.1081	0.0559	0.0459	0.0100	0.1730	0.0749	0.0981
13	57	0.1253	14	2	0	1	1	0	0	0	1	0	1	1	2	0	0	0	0	0	0	Y	N	N	N	N	Y	N	N	N	N	N	N	N	N	N	N	N	N	0.0000	0.0000	0.0000	0.0000	0.0000	0.0000	0.0000	0.0000	0.0000	0.0000	0.0000	0.0000	0.0000	0.0000	0.0000	0.0000	0.0000	0.0000	0.0000	0.0000	0.0000	0.0000	0.0000	0.0000	0.0000	0.0000	0.0000			0.0000	0.0000	2.0000	0.0000	12.5972	0.0000	0.0000	0.0000	0.0000	0.0000	0.0000	0.0000	0.0000	0.0000	0.0000	0.0000	0.0000	0.0000	0.0000	0.0000	0.0000	0.0000	0.0000	0.0000	0.0000	0.0000	0.0000	0.0000	0.0000	0.0000	0.0000	0.0000	0.0000	0.0000	0.0000	0.0000	0.0000	0.0000	0.0000	0.0000	0.0000	0.0000
13	58	0.1253	14	2	0	1	0	0	0	0	0	0	1	1	2	0	0	0	0	0	0	Y	N	N	N	N	Y	N	N	N	N	N	N	N	N	N	N	N	N	0.0000	0.0000	0.0000	0.0000	0.0000	0.0000	0.0000	0.0000	0.0000	0.0000	0.0000	0.0000	0.0000	0.0000	0.0000	0.0000	0.0000	0.0000	0.0000	0.0000	0.0000	0.0000	0.0000	0.0000	0.0000	0.0000	0.0000			0.0000	0.0000	2.0000	0.0000	12.5972	0.0000	0.0000	0.0000	0.0000	0.0000	0.0000	0.0000	0.0000	0.0000	0.0000	0.0000	0.0000	0.0000	0.0000	0.0000	0.0000	0.0000	0.0000	0.0000	0.0000	0.0000	0.0000	0.0000	0.0000	0.0000	0.0000	0.0000	0.0000	0.0000	0.0000	0.0000	0.0000	0.0000	0.0000	0.0000	0.0000	0.0000
13	59	0.1205	13	2	0	1	0	0	0	1	0	0	1	1	2	0	0	0	0	0	0	Y	N	N	N	N	Y	N	N	N	N	N	N	N	N	N	N	N	N	0.0000	0.0000	0.0000	0.0000	0.0000	0.0000	0.0000	0.0000	0.0000	0.0000	0.0000	0.0000	0.0000	0.0000	0.0000	0.0000	0.0000	0.0000	0.0611	0.1159	0.0000	0.2899	0.3300	0.0000	0.0000	0.0000	0.0000		0.0000	0.0000	-0.0016	2.0000	0.0001	12.5972	3.0507	0.0000	0.0000	0.0000	0.0000	0.0000	0.0000	0.0000	0.0000	0.0000	0.0029	0.0029	0.0000	0.0029	0.0029	0.0000	0.0000	0.0000	0.0000	0.0000	0.0000	0.0000	0.0000	0.0000	0.0000	0.0000	0.0000	0.0000	0.0482	0.0254	0.0228	0.0102	0.0089	0.0012	0.0381	0.0165	0.0216
13	60	0.0806	8	2	0	1	0	0	0	0	0	0	1	1	1	0	0	0	0	0	0	Y	N	N	N	N	N	N	N	N	N	N	N	N	N	N	N	N	N	0.0000	0.0000	0.0000	0.0000	0.0000	0.0000	0.0000	0.0000	0.0000	0.0000	0.0000	0.0000	0.0000	0.0000	0.0000	0.0000	0.0000	0.0000	0.0001	0.0002	0.0000	0.0005	0.0007	0.0000	0.0000	0.0000	0.0000		0.0118	0.0000	-0.0000	2.0000	0.0010	12.5972	5.0218	0.0000	0.0000	0.0000	0.0000	0.0000	0.0000	0.0000	0.0000	0.0000	0.0000	0.0000	0.0000	0.0000	0.0000	0.0000	0.0000	0.0000	0.0000	0.0000	0.0000	0.0000	0.0000	0.0000	0.0000	0.0000	0.0000	0.0000	0.0814	0.0425	0.0389	0.0188	0.0148	0.0040	0.0625	0.0276	0.0349
13	67	0.1053	16	2	0	1	0	0	0	0	0	0	2	0	2	0	0	0	0	0	0	Y	N	N	N	N	Y	N	N	N	N	N	N	N	N	N	N	N	N	0.0000	0.0000	0.0000	0.0000	0.0000	0.0000	0.0000	0.0000	0.0000	0.0000	0.0000	0.0000	0.0000	0.0000	0.0000	0.0000	0.0000	0.0000	0.2816	0.2369	0.3321	0.5537	0.6293	0.0000	0.2023	0.0016	0.3524		1.2428	0.0000	0.0002	2.0000	0.0010	12.5972	8.0699	0.0000	0.0000	0.0000	0.0000	0.0000	0.0000	0.0000	0.0000	0.0000	0.0359	0.0160	0.0199	0.0159	0.0159	0.0000	0.0199	0.0001	0.0199	0.0000	0.0000	0.0000	0.0000	0.0000	0.0000	0.0000	0.0000	0.0000	0.1273	0.0675	0.0598	0.0287	0.0253	0.0035	0.0986	0.0422	0.0564
13	68	0.0955	15	2	0	1	0	0	0	0	0	0	1	0	1	0	0	0	0	0	0	Y	N	N	N	N	N	N	N	N	N	N	N	N	N	N	N	N	N	0.0000	0.0000	0.0000	0.0000	0.0000	0.0000	0.0000	0.0000	0.0000	0.0000	0.0000	0.0000	0.0000	0.0000	0.0000	0.0000	0.0000	0.0000	10.7420	0.0035	21.8626	0.0096	0.0110	0.0000	13.1384	0.0000	22.9314		6095.0595	0.0000	0.4460	2.0000	0.0010	12.5972	6.0584	0.0000	0.0000	0.0000	0.0000	0.0000	0.0000	0.0000	0.0000	0.0000	0.9876	0.0002	0.9874	0.0002	0.0002	0.0000	0.9874	0.0000	0.9874	0.0000	0.0000	0.0000	0.0000	0.0000	0.0000	0.0000	0.0000	0.0000	0.0919	0.0468	0.0452	0.0168	0.0147	0.0021	0.0752	0.0321	0.0431
13	69	0.0942	14	2	0	1	0	0	0	0	0	0	1	0	1	0	0	0	0	0	0	Y	N	N	N	N	N	N	N	N	N	N	N	N	N	N	N	N	N	16.0439	146.2972	0.0000	351.9913	306.9915	0.0000	0.0000	0.0000	0.0000	1.2182	1.3385	0.0000	4.8192	4.8231	0.0000	0.0000	0.0000	0.0000	0.0759	0.0091	0.1475	0.0137	0.0157	0.0001	0.0921	0.0057	0.1561	0.0000	15.0489	-0.0000	0.0005	2.0000	0.0006	12.5972	0.9765	0.0000	0.0000	0.0000	0.0000	0.0000	0.0000	0.0000	0.0000	0.0000	0.0012	0.0001	0.0011	0.0000	0.0000	0.0000	0.0012	0.0000	0.0011	0.0000	0.0000	0.0000	0.0000	0.0000	0.0000	0.0000	0.0000	0.0000	0.0158	0.0082	0.0076	0.0033	0.0028	0.0004	0.0126	0.0053	0.0072
13	70	0.0952	12	2	0	0	0	0	0	0	0	0	2	1	2	0	0	0	0	0	0	Y	N	N	N	N	Y	N	N	N	N	N	N	N	N	N	N	N	N	0.0000	0.0000	0.0000	0.0000	0.0000	0.0000	0.0000	0.0000	0.0000	0.0000	0.0000	0.0000	0.0000	0.0000	0.0000	0.0000	0.0000	0.0000	5.4634	0.0116	12.2697	0.0237	0.0263	0.0000	7.4892	0.0000	13.0505		847.0687	0.0000	0.4445	2.0000	2.3581	12.5972	7.4584	0.0000	0.0000	0.0000	0.0000	0.0000	0.0000	0.0000	0.0000	0.0000	0.9866	0.0012	0.9854	0.0012	0.0012	0.0000	0.9854	0.0000	0.9854	0.0410	0.0363	0.0047	0.0058	0.0057	0.0001	0.0352	0.0305	0.0046	0.1806	0.1003	0.0803	0.0490	0.0442	0.0048	0.1316	0.0561	0.0755
13	71	0.0880	11	2	0	0	0	0	0	0	0	0	1	1	1	0	0	0	0	0	0	Y	N	N	N	N	N	N	N	N	N	N	N	N	N	N	N	N	N	0.0000	0.0000	0.0000	0.0000	0.0000	0.0000	0.0000	0.0000	0.0000	0.0000	0.0000	0.0000	0.0000	0.0000	0.0000	0.0000	0.0000	0.0000	0.1294	0.0286	0.2846	0.0039	0.0044	0.0000	0.1936	0.0522	0.3157		6.4736	0.0000	0.0052	2.0000	1.7590	12.5972	3.5356	0.0000	0.0000	0.0000	0.0000	0.0000	0.0000	0.0000	0.0000	0.0000	0.0165	0.0022	0.0143	0.0002	0.0002	0.0000	0.0163	0.0020	0.0143	0.0243	0.0209	0.0034	0.0000	0.0000	0.0000	0.0243	0.0208	0.0034	0.1275	0.0773	0.0502	0.0432	0.0382	0.0050	0.0844	0.0391	0.0453
13	72	0.0847	10	2	0	0	0	0	0	0	0	1	1	1	1	0	0	0	0	0	0	Y	N	N	N	N	N	N	N	N	N	N	N	N	N	N	N	N	N	0.0000	0.0000	0.0000	0.0000	0.0000	0.0000	0.0000	0.0000	0.0000	0.0000	0.0000	0.0000	0.0000	0.0000	0.0000	0.0000	0.0000	0.0000	0.0043	0.0026	0.0060	0.0079	0.0091	0.0000	0.0036	0.0000	0.0063		2.1968	0.0000	0.0000	2.0000	0.0029	12.5972	2.4186	0.0000	0.0000	0.0000	0.0000	0.0000	0.0000	0.0000	0.0000	0.0000	0.0002	0.0001	0.0001	0.0001	0.0001	0.0000	0.0001	0.0000	0.0001	0.0000	0.0000	0.0000	0.0000	0.0000	0.0000	0.0000	0.0000	0.0000	0.0373	0.0189	0.0183	0.0063	0.0055	0.0008	0.0309	0.0134	0.0175
13	73	0.0905	8	2	0	1	0	0	0	0	0	0	1	1	1	0	0	0	0	0	0	Y	N	N	N	N	N	N	N	N	N	N	N	N	N	N	N	N	N	0.0000	0.0000	0.0000	0.0000	0.0000	0.0000	0.0000	0.0000	0.0000	0.0000	0.0000	0.0000	0.0000	0.0000	0.0000	0.0000	0.0000	0.0000	0.0854	0.0630	0.1105	0.1628	0.1734	0.0000	0.0655	0.0000	0.1135		1.5683	0.0000	0.0012	2.0000	1.6760	12.5972	12.1347	0.0000	0.0000	0.0000	0.0000	0.0000	0.0000	0.0000	0.0000	0.0000	0.0196	0.0076	0.0120	0.0076	0.0076	0.0000	0.0120	0.0000	0.0120	0.0249	0.0216	0.0033	0.0020	0.0019	0.0001	0.0230	0.0198	0.0032	0.2298	0.1214	0.1084	0.0469	0.0441	0.0029	0.1829	0.0773	0.1056
13	74	0.0607	7	2	0	1	0	1	0	1	0	1	1	1	1	0	0	0	0	0	0	Y	N	N	N	N	N	N	N	N	N	N	N	N	N	N	N	N	N	0.0000	0.0000	0.0000	0.0000	0.0000	0.0000	0.0000	0.0000	0.0000	0.0000	0.0000	0.0000	0.0000	0.0000	0.0000	0.0000	0.0000	0.0000	3.0141	0.0351	6.5201	0.0970	0.1006	0.0001	3.7226	0.0001	6.6219		157.6699	0.0000	0.4384	2.0000	2.9965	12.5972	14.7438	0.0000	0.0000	0.0000	0.0000	0.0000	0.0000	0.0000	0.0000	0.0000	0.9841	0.0062	0.9779	0.0062	0.0062	0.0000	0.9779	0.0000	0.9779	0.0435	0.0376	0.0059	0.0016	0.0016	0.0000	0.0420	0.0361	0.0059	0.3265	0.1765	0.1500	0.0638	0.0615	0.0023	0.2627	0.1150	0.1477
13	75	0.0942	14	2	0	1	0	0	0	0	0	0	1	0	1	0	0	0	0	0	0	Y	N	N	N	N	N	N	N	N	N	N	N	N	N	N	N	N	N	1232.3005	0.0000	5556575.9393	0.0000	0.0000	0.0000	74935.4574	0.0000	5346976.0050	71.8512	0.0000	511.9933	0.0000	0.0000	0.0000	72.3810	0.0000	513.5066	0.0583	0.1146	0.0001	0.3257	0.3747	0.0000	0.0010	0.0021	0.0001	inf	0.0008	0.4168	-0.0042	2.0000	1.0006	12.5972	8.0096	1.0000	0.0000	1.0000	0.0000	0.0000	0.0000	1.0000	0.0000	1.0000	0.0078	0.0077	0.0000	0.0076	0.0076	0.0000	0.0001	0.0001	0.0000	0.0139	0.0120	0.0020	0.0001	0.0001	0.0000	0.0138	0.0119	0.0019	0.1329	0.0676	0.0653	0.0235	0.0204	0.0031	0.1095	0.0472	0.0623
13	76	0.0919	13	2	0	1	0	0	0	0	0	0	1	0	1	0	0	0	0	0	0	Y	N	N	N	N	N	N	N	N	N	N	N	N	N	N	N	N	N	0.0080	0.0000	0.2750	0.0000	0.0000	0.0000	0.0065	0.0000	0.2649	0.0014	0.0000	0.0103	0.0000	0.0000	0.0000	0.0014	0.0000	0.0103	0.1799	0.3031	0.0374	0.0562	0.0604	0.0001	0.2213	0.4898	0.0389	inf	0.1066	0.0000	-0.0025	2.0000	0.9962	12.5972	0.5464	0.0000	0.0000	0.0000	0.0000	0.0000	0.0000	0.0000	0.0000	0.0000	0.0055	0.0050	0.0005	0.0004	0.0004	0.0000	0.0051	0.0045	0.0005	0.0138	0.0119	0.0019	0.0000	0.0000	0.0000	0.0138	0.0119	0.0019	0.0306	0.0164	0.0142	0.0077	0.0071	0.0005	0.0229	0.0093	0.0137
13	77	0.0855	12	2	0	1	0	0	0	0	0	0	1	0	1	0	0	0	0	0	0	Y	N	N	N	N	N	N	N	N	N	N	N	N	N	N	N	N	N	0.0000	0.0000	0.0000	0.0000	0.0000	0.0000	0.0000	0.0000	0.0000	0.0000	0.0000	0.0000	0.0000	0.0000	0.0000	0.0000	0.0000	0.0000	14.2749	25.5838	2.2875	0.0049	0.0054	0.0000	17.7763	39.0466	2.3837		0.0844	0.0000	-0.5044	2.0000	0.0041	12.5972	4.4918	0.0000	0.0000	0.0000	0.0000	0.0000	0.0000	0.0000	0.0000	0.0000	1.0722	0.9888	0.0834	0.0001	0.0001	0.0000	1.0721	0.9887	0.0834	0.0001	0.0001	0.0000	0.0000	0.0000	0.0000	0.0001	0.0001	0.0000	0.0751	0.0386	0.0365	0.0148	0.0133	0.0015	0.0603	0.0253	0.0350
13	78	0.0920	11	2	0	0	0	0	0	0	0	0	2	0	2	0	0	0	0	0	0	Y	N	N	N	N	Y	N	N	N	N	N	N	N	N	N	N	N	N	123.9640	896.1211	157.9210	644.9380	555.1441	888218.3649	75.3919	34503.9850	183.4321	27.7935	24.0639	70.6050	36.5325	38.0445	0.9664	21.0998	12.5190	90.3296	0.2242	0.0269	0.4471	0.0566	0.0685	0.0000	0.2799	0.0004	0.4924	0.2556	14.7420	-0.0062	0.0176	2.0000	0.0166	12.5972	12.2009	0.0163	0.0129	0.0033	0.0093	0.0093	0.0000	0.0070	0.0037	0.0033	0.0453	0.0029	0.0424	0.0029	0.0029	0.0000	0.0424	0.0000	0.0424	0.0006	0.0005	0.0000	0.0003	0.0002	0.0000	0.0003	0.0003	0.0000	0.2019	0.1071	0.0948	0.0503	0.0416	0.0087	0.1515	0.0655	0.0861
13	79	0.0777	10	2	0	0	0	1	0	0	0	0	1	0	1	0	0	0	0	0	0	Y	N	N	N	N	N	N	N	N	N	N	N	N	N	N	N	N	N	9.9648	52.5261	35.6516	516.7194	351.5223	21517.9722	8.2712	7018.0872	32.9074	70.3110	2.1694	495.0354	61.0913	53.5339	201.3652	70.5655	0.6037	497.9817	7.0560	0.0413	13.8854	0.1182	0.1523	0.0094	8.5314	0.0001	15.1328	36.6098	345.3138	0.4012	0.4311	2.0000	1.0285	12.5972	7.9781	1.0281	0.0273	1.0008	0.0240	0.0200	0.0040	1.0041	0.0074	0.9967	0.9604	0.0028	0.9577	0.0028	0.0028	0.0001	0.9576	0.0000	0.9576	0.0146	0.0126	0.0020	0.0004	0.0004	0.0000	0.0142	0.0122	0.0020	0.1361	0.0671	0.0690	0.0239	0.0182	0.0057	0.1122	0.0490	0.0633
13	82	0.0855	12	2	0	1	0	0	0	0	0	1	1	1	1	0	0	0	0	0	0	Y	N	N	N	N	N	N	N	N	N	N	N	N	N	N	N	N	N	0.0000	0.0000	0.0000	0.0000	0.0000	0.0000	0.0000	0.0000	0.0000	0.0000	0.0000	0.0000	0.0000	0.0000	0.0000	0.0000	0.0000	0.0000	0.0356	0.0700	0.0000	0.2024	0.2296	0.0000	0.0000	0.0000	0.0000		0.0000	0.0000	-0.0037	2.0000	1.9997	12.5972	10.5319	0.0000	0.0000	0.0000	0.0000	0.0000	0.0000	0.0000	0.0000	0.0000	0.0068	0.0068	0.0000	0.0068	0.0068	0.0000	0.0000	0.0000	0.0000	0.0276	0.0237	0.0039	0.0000	0.0000	0.0000	0.0276	0.0237	0.0039	0.1912	0.0971	0.0941	0.0336	0.0296	0.0040	0.1576	0.0675	0.0901
13	83	0.0830	11	2	0	1	0	0	0	1	0	0	1	0	1	0	0	0	0	0	0	Y	N	N	N	N	N	N	N	N	N	N	N	N	N	N	N	N	N	0.0000	0.0000	0.0000	0.0000	0.0000	0.0000	0.0000	0.0000	0.0000	0.0000	0.0000	0.0000	0.0000	0.0000	0.0000	0.0000	0.0000	0.0000	0.2961	0.5369	0.0528	0.0000	0.0000	0.0000	0.3537	0.7465	0.0552		0.0973	0.0000	-0.0031	2.0000	0.0006	12.5972	1.5062	0.0000	0.0000	0.0000	0.0000	0.0000	0.0000	0.0000	0.0000	0.0000	0.0068	0.0062	0.0006	0.0000	0.0000	0.0000	0.0068	0.0062	0.0006	0.0000	0.0000	0.0000	0.0000	0.0000	0.0000	0.0000	0.0000	0.0000	0.0229	0.0115	0.0114	0.0037	0.0032	0.0005	0.0191	0.0083	0.0109
13	84	0.0578	7	2	0	0	0	0	0	0	0	0	1	0	1	0	0	0	0	0	0	Y	N	N	N	N	N	N	N	N	N	N	N	N	N	N	N	N	N	0.0000	0.0000	0.0000	0.0000	0.0000	0.0000	0.0000	0.0000	0.0000	0.0000	0.0000	0.0000	0.0000	0.0000	0.0000	0.0000	0.0000	0.0000	6.8096	13.2313	0.0004	0.1882	0.2045	0.0000	7.9206	17.7387	0.0004		0.0000	0.0000	-1.0906	2.0000	2.9998	12.5972	15.4389	0.0000	0.0000	0.0000	0.0000	0.0000	0.0000	0.0000	0.0000	0.0000	1.9893	1.9892	0.0001	0.0079	0.0079	0.0000	1.9814	1.9813	0.0001	0.0412	0.0354	0.0058	0.0001	0.0001	0.0000	0.0412	0.0354	0.0058	0.2921	0.1503	0.1418	0.0420	0.0386	0.0033	0.2502	0.1117	0.1385
13	87	0.1135	14	2	0	1	0	0	0	1	0	0	1	1	2	0	0	0	0	0	0	Y	N	N	N	N	Y	N	N	N	N	N	N	N	N	N	N	N	N	0.0000	0.0000	0.0000	0.0000	0.0000	0.0000	0.0000	0.0000	0.0000	0.0000	0.0000	0.0000	0.0000	0.0000	0.0000	0.0000	0.0000	0.0000	0.0921	0.0832	0.1031	0.1638	0.1789	0.0000	0.0640	0.0000	0.1089		0.9998	0.0000	-0.0005	2.0000	0.0022	12.5972	6.6376	0.0000	0.0000	0.0000	0.0000	0.0000	0.0000	0.0000	0.0000	0.0000	0.0111	0.0056	0.0056	0.0056	0.0056	0.0000	0.0056	0.0000	0.0056	0.0001	0.0001	0.0000	0.0000	0.0000	0.0000	0.0000	0.0000	0.0000	0.1210	0.0670	0.0540	0.0340	0.0311	0.0029	0.0870	0.0358	0.0512
13	88	0.0990	13	2	0	0	0	0	0	0	0	0	1	1	2	0	0	0	0	0	0	Y	N	N	N	N	Y	N	N	N	N	N	N	N	N	N	N	N	N	0.0000	0.0000	0.0000	0.0000	0.0000	0.0000	0.0000	0.0000	0.0000	0.0000	0.0000	0.0000	0.0000	0.0000	0.0000	0.0000	0.0000	0.0000	5.5484	0.0050	12.6401	0.0102	0.0110	0.0001	7.6459	0.0000	13.2699		1987.5797	0.0000	0.4658	2.0000	1.0173	12.5972	8.6136	0.0000	0.0000	0.0000	0.0000	0.0000	0.0000	0.0000	0.0000	0.0000	1.0324	0.0005	1.0318	0.0005	0.0005	0.0000	1.0318	0.0000	1.0318	0.0144	0.0124	0.0020	0.0003	0.0003	0.0000	0.0141	0.0121	0.0020	0.1861	0.1044	0.0816	0.0511	0.0472	0.0039	0.1350	0.0572	0.0778
13	89	0.0626	8	2	0	1	0	0	0	1	0	0	1	0	1	0	0	0	0	0	0	Y	N	N	N	N	N	N	N	N	N	N	N	N	N	N	N	N	N	8.1902	0.0000	535613.1044	0.0000	0.0000	0.0000	6.8636	0.0000	520438.8410	24.2480	0.0000	172.6307	0.0000	0.0000	0.0000	24.2856	0.0000	172.6875	2.9606	5.6456	0.0003	0.0036	0.0039	0.0000	3.5383	7.9016	0.0003	inf	0.0001	0.4167	-0.5384	2.0000	2.9990	12.5972	17.4729	0.9998	0.0000	0.9998	0.0000	0.0000	0.0000	0.9998	0.0000	0.9998	0.9822	0.9821	0.0001	0.0002	0.0002	0.0000	0.9820	0.9819	0.0001	0.0412	0.0354	0.0058	0.0001	0.0001	0.0000	0.0412	0.0354	0.0058	0.3317	0.1740	0.1578	0.0542	0.0497	0.0045	0.2775	0.1243	0.1533
13	90	0.0990	13	2	0	0	0	0	0	0	0	0	1	1	2	0	0	0	0	0	0	Y	N	N	N	N	Y	N	N	N	N	N	N	N	N	N	N	N	N	0.0000	0.0000	0.0000	0.0000	0.0000	0.0000	0.0000	0.0000	0.0000	0.0000	0.0000	0.0000	0.0000	0.0000	0.0000	0.0000	0.0000	0.0000	0.2559	0.1450	0.3914	0.3097	0.3395	0.0001	0.2374	0.0010	0.4119		2.2120	0.0000	0.0088	2.0000	2.0138	12.5972	11.8132	0.0000	0.0000	0.0000	0.0000	0.0000	0.0000	0.0000	0.0000	0.0000	0.0625	0.0195	0.0430	0.0194	0.0194	0.0000	0.0431	0.0001	0.0430	0.0281	0.0242	0.0039	0.0004	0.0004	0.0000	0.0277	0.0238	0.0039	0.2441	0.1342	0.1099	0.0625	0.0571	0.0055	0.1816	0.0771	0.1044
13	91	0.0904	12	2	0	0	0	0	0	0	0	1	2	1	2	0	0	0	0	0	0	Y	N	N	N	N	Y	N	N	N	N	N	N	N	N	N	N	N	N	0.0000	0.0000	0.0000	0.0000	0.0000	0.0000	0.0000	0.0000	0.0000	0.0000	0.0000	0.0000	0.0000	0.0000	0.0000	0.0000	0.0000	0.0000	7.9401	0.0129	17.9695	0.0274	0.0292	0.0068	10.7054	0.0008	18.8291		1099.9256	0.0000	0.4315	2.0000	1.9725	12.5972	4.2763	0.0000	0.0000	0.0000	0.0000	0.0000	0.0000	0.0000	0.0000	0.0000	0.9572	0.0009	0.9564	0.0009	0.0008	0.0000	0.9564	0.0000	0.9563	0.0276	0.0237	0.0039	0.0002	0.0002	0.0000	0.0274	0.0235	0.0039	0.1206	0.0673	0.0532	0.0312	0.0288	0.0024	0.0893	0.0385	0.0508
13	92	0.0618	7	2	0	1	0	1	0	1	0	0	1	0	1	0	0	0	0	0	0	Y	N	N	N	N	N	N	N	N	N	N	N	N	N	N	N	N	N	0.0000	0.0000	0.0000	0.0000	0.0000	0.0000	0.0000	0.0000	0.0000	0.0000	0.0000	0.0000	0.0000	0.0000	0.0000	0.0000	0.0000	0.0000	2.9025	2.8137	2.9971	0.0042	0.0044	0.0000	3.3737	3.7732	3.0507		0.9998	0.0000	-0.0966	2.0000	5.0000	12.5972	42.2706	0.0000	0.0000	0.0000	0.0000	0.0000	0.0000	0.0000	0.0000	0.0000	2.0002	1.0002	1.0000	0.0004	0.0004	0.0000	1.9998	0.9998	1.0000	0.0682	0.0587	0.0096	0.0001	0.0001	0.0000	0.0681	0.0585	0.0096	0.6891	0.3555	0.3337	0.0964	0.0905	0.0059	0.5928	0.2650	0.3278
13	93	0.0954	9	1	0	0	0	0	0	0	0	0	1	0	2	0	0	0	0	0	0	N	N	N	N	N	Y	N	N	N	N	N	N	N	N	N	N	N	N	0.0000	0.0000	0.0000	0.0000	0.0000	0.0000	0.0000	0.0000	0.0000	0.0000	0.0000	0.0000	0.0000	0.0000	0.0000	0.0000	0.0000	0.0000	0.5143	0.9548	0.0167	2.7244	2.9158	0.0000	0.0097	0.0000	0.0172		0.0155	0.0000	-0.0045	2.0000	0.0000	12.5972	0.9594	0.0000	0.0000	0.0000	0.0000	0.0000	0.0000	0.0000	0.0000	0.0000	0.0085	0.0084	0.0001	0.0084	0.0084	0.0000	0.0001	0.0000	0.0001	0.0000	0.0000	0.0000	0.0000	0.0000	0.0000	0.0000	0.0000	0.0000	0.0166	0.0088	0.0078	0.0031	0.0029	0.0002	0.0135	0.0059	0.0076
13	94	0.0640	8	1	0	0	0	0	0	0	0	0	2	0	2	0	0	0	0	0	0	N	N	N	N	N	Y	N	N	N	N	N	N	N	N	N	N	N	N	0.0000	0.0000	0.0000	0.0000	0.0000	0.0000	0.0000	0.0000	0.0000	0.0000	0.0000	0.0000	0.0000	0.0000	0.0000	0.0000	0.0000	0.0000	3.1015	0.0483	6.5808	0.0002	0.0002	0.0000	3.7382	0.0694	6.6967		119.5118	0.0000	0.4470	2.0000	0.0000	12.5972	18.8906	0.0000	0.0000	0.0000	0.0000	0.0000	0.0000	0.0000	0.0000	0.0000	1.0081	0.0084	0.9997	0.0000	0.0000	0.0000	1.0081	0.0084	0.9997	0.0000	0.0000	0.0000	0.0000	0.0000	0.0000	0.0000	0.0000	0.0000	0.3250	0.1731	0.1519	0.0554	0.0527	0.0026	0.2697	0.1204	0.1493
13	97	0.0242	2	2	0	1	0	0	0	1	0	0	1	0	1	0	0	0	0	0	0	Y	N	N	N	N	N	N	N	N	N	N	N	N	N	N	N	N	N	0.0000	0.0000	0.0000	0.0000	0.0000	0.0000	0.0000	0.0000	0.0000	0.0000	0.0000	0.0000	0.0000	0.0000	0.0000	0.0000	0.0000	0.0000	1.4722	0.8286	2.0910	1.6010	1.6066	0.0005	1.4284	0.0000	2.0946		2.6247	0.0000	0.1837	2.0000	2.0000	12.5972	24.9502	0.0000	0.0000	0.0000	0.0000	0.0000	0.0000	0.0000	0.0000	0.0000	1.0446	0.2882	0.7564	0.2882	0.2882	0.0000	0.7564	0.0000	0.7564	0.0276	0.0237	0.0039	0.0000	0.0000	0.0000	0.0276	0.0237	0.0039	0.7096	0.3478	0.3618	0.1800	0.1794	0.0006	0.5296	0.1684	0.3611
13	98	0.1205	13	2	0	0	1	0	0	0	1	0	1	1	2	0	0	0	0	0	0	Y	N	N	N	N	Y	N	N	N	N	N	N	N	N	N	N	N	N	0.0000	0.0000	0.0000	0.0000	0.0000	0.0000	0.0000	0.0000	0.0000	0.0000	0.0000	0.0000	0.0000	0.0000	0.0000	0.0000	0.0000	0.0000	9.3639	0.0000	19.6218	0.0000	0.0000	0.0000	11.7567	0.0000	20.7632		inf	0.0000	0.4503	2.0000	2.9999	12.5972	3.9821	0.0000	0.0000	0.0000	0.0000	0.0000	0.0000	0.0000	0.0000	0.0000	0.9968	0.0000	0.9968	0.0000	0.0000	0.0000	0.9968	0.0000	0.9968	0.0413	0.0355	0.0058	0.0003	0.0003	0.0000	0.0410	0.0352	0.0058	0.1064	0.0556	0.0508	0.0217	0.0189	0.0028	0.0848	0.0368	0.0480
13	99	0.1174	12	2	0	0	0	0	0	0	0	0	1	1	2	0	0	0	0	0	0	Y	N	N	N	N	Y	N	N	N	N	N	N	N	N	N	N	N	N	0.0000	0.0000	0.0000	0.0000	0.0000	0.0000	0.0000	0.0000	0.0000	0.0000	0.0000	0.0000	0.0000	0.0000	0.0000	0.0000	0.0000	0.0000	0.1338	0.0881	0.1857	0.2138	0.2410	0.0000	0.1113	0.0000	0.1961		1.8546	0.0000	0.0005	2.0000	0.0003	12.5972	2.0601	0.0000	0.0000	0.0000	0.0000	0.0000	0.0000	0.0000	0.0000	0.0000	0.0045	0.0016	0.0029	0.0016	0.0016	0.0000	0.0029	0.0000	0.0029	0.0000	0.0000	0.0000	0.0000	0.0000	0.0000	0.0000	0.0000	0.0000	0.0339	0.0180	0.0159	0.0074	0.0066	0.0008	0.0265	0.0114	0.0150
13	100	0.0975	11	2	0	0	0	0	0	0	0	1	2	1	2	0	0	0	0	0	0	Y	N	N	N	N	Y	N	N	N	N	N	N	N	N	N	N	N	N	0.0000	0.0000	0.0000	0.0000	0.0000	0.0000	0.0000	0.0000	0.0000	0.0000	0.0000	0.0000	0.0000	0.0000	0.0000	0.0000	0.0000	0.0000	0.2019	0.3735	0.0168	0.9810	1.1179	0.0000	0.0101	0.0000	0.0177		0.0418	0.0000	-0.0198	2.0000	3.0014	12.5972	9.1620	0.0000	0.0000	0.0000	0.0000	0.0000	0.0000	0.0000	0.0000	0.0000	0.0390	0.0375	0.0016	0.0375	0.0375	0.0000	0.0016	0.0000	0.0016	0.0413	0.0355	0.0058	0.0001	0.0001	0.0000	0.0412	0.0354	0.0058	0.1933	0.1003	0.0930	0.0382	0.0335	0.0047	0.1551	0.0668	0.0883
13	101	0.0847	10	2	0	0	0	0	0	0	0	0	1	0	1	0	0	0	0	0	0	Y	N	N	N	N	N	N	N	N	N	N	N	N	N	N	N	N	N	0.0000	0.0000	0.0000	0.0000	0.0000	0.0000	0.0000	0.0000	0.0000	0.0000	0.0000	0.0000	0.0000	0.0000	0.0000	0.0000	0.0000	0.0000	0.2498	0.0030	0.5012	0.0091	0.0105	0.0000	0.2975	0.0000	0.5244		163.3787	0.0000	0.0135	2.0000	0.0077	12.5972	8.0757	0.0000	0.0000	0.0000	0.0000	0.0000	0.0000	0.0000	0.0000	0.0000	0.0302	0.0002	0.0300	0.0002	0.0002	0.0000	0.0300	0.0000	0.0300	0.0001	0.0001	0.0000	0.0000	0.0000	0.0000	0.0001	0.0001	0.0000	0.1208	0.0610	0.0599	0.0200	0.0174	0.0026	0.1008	0.0436	0.0572
13	102	0.0830	9	2	0	0	0	0	0	0	0	0	1	0	1	0	0	0	0	0	0	Y	N	N	N	N	N	N	N	N	N	N	N	N	N	N	N	N	N	0.0000	0.0000	0.0000	0.0000	0.0000	0.0000	0.0000	0.0000	0.0000	0.0000	0.0000	0.0000	0.0000	0.0000	0.0000	0.0000	0.0000	0.0000	0.0033	0.0000	0.0066	0.0001	0.0001	0.0000	0.0039	0.0000	0.0069		313.4251	0.0000	0.0000	2.0000	0.0011	12.5972	1.0060	0.0000	0.0000	0.0000	0.0000	0.0000	0.0000	0.0000	0.0000	0.0000	0.0001	0.0000	0.0000	0.0000	0.0000	0.0000	0.0000	0.0000	0.0000	0.0000	0.0000	0.0000	0.0000	0.0000	0.0000	0.0000	0.0000	0.0000	0.0153	0.0077	0.0076	0.0025	0.0022	0.0003	0.0128	0.0055	0.0073
13	106	0.0550	7	2	0	1	0	0	0	0	0	0	1	0	1	0	0	0	0	0	0	Y	N	N	N	N	N	N	N	N	N	N	N	N	N	N	N	N	N	15248.9799	0.0000	8022237.1965	0.0000	0.0000	0.0000	1910003.2534	0.0000	7471883.7017	18.2426	0.0000	129.9148	0.0000	0.0000	0.0000	18.2705	0.0000	129.9577	0.0012	0.0024	0.0000	0.0071	0.0093	0.0000	0.0000	0.0000	0.0000	inf	0.0068	0.4168	-0.0002	2.0000	4.0001	12.5972	15.3361	1.0000	0.0000	1.0000	0.0000	0.0000	0.0000	1.0000	0.0000	1.0000	0.0004	0.0004	0.0000	0.0004	0.0004	0.0000	0.0000	0.0000	0.0000	0.0548	0.0471	0.0077	0.0001	0.0001	0.0000	0.0547	0.0470	0.0077	0.3004	0.1515	0.1490	0.0500	0.0385	0.0115	0.2505	0.1130	0.1375
13	107	0.0828	9	2	0	1	0	0	0	0	0	0	1	0	1	0	0	0	0	0	0	Y	N	N	N	N	N	N	N	N	N	N	N	N	N	N	N	N	N	0.0181	16.7587	0.0000	438.5276	716.6115	0.0000	0.0000	0.0000	0.0000	0.0771	0.0897	0.0000	10.3597	10.9412	0.0000	0.0000	0.0000	0.0000	4.2620	0.0054	8.7420	0.0236	0.0153	0.0560	5.5010	0.0000	9.6572	0.0000	1551.8456	-0.0006	0.4587	2.0000	1.0040	12.5972	14.1141	0.0011	0.0011	0.0000	0.0011	0.0011	0.0000	0.0000	0.0000	0.0000	1.0168	0.0007	1.0162	0.0013	0.0007	0.0006	1.0155	0.0000	1.0155	0.0140	0.0120	0.0020	0.0001	0.0001	0.0000	0.0139	0.0119	0.0020	0.2386	0.1223	0.1162	0.0540	0.0429	0.0111	0.1846	0.0795	0.1052
13	108	0.0749	8	2	0	1	0	1	0	1	0	0	1	0	1	0	0	0	0	0	0	Y	N	N	N	N	N	N	N	N	N	N	N	N	N	N	N	N	N	0.0109	9.7841	0.0004	407093.6027	334072.9819	inf	0.0050	3.9238	0.0004	0.1400	0.1612	0.0102	12.1193	13.0585	0.0033	0.0775	0.0886	0.0102	12.8690	0.0165	25.3238	0.0000	0.0000	0.0000	15.5945	0.0226	27.5870	0.0103	1585.9520	-0.0011	0.4445	2.0000	1.0065	12.5972	3.9764	0.0020	0.0019	0.0000	0.0009	0.0009	0.0000	0.0011	0.0011	0.0000	0.9854	0.0006	0.9847	0.0000	0.0000	0.0000	0.9854	0.0006	0.9847	0.0140	0.0120	0.0020	0.0001	0.0001	0.0000	0.0139	0.0120	0.0020	0.0766	0.0377	0.0389	0.0134	0.0102	0.0032	0.0632	0.0275	0.0357
13	112	0.0904	12	2	0	1	0	0	0	1	0	0	1	0	1	0	0	0	0	0	0	Y	N	N	N	N	N	N	N	N	N	N	N	N	N	N	N	N	N	0.0000	0.0000	0.0000	0.0000	0.0000	0.0000	0.0000	0.0000	0.0000	0.0000	0.0000	0.0000	0.0000	0.0000	0.0000	0.0000	0.0000	0.0000	0.0945	0.1771	0.0000	0.4244	0.4734	0.0000	0.0000	0.0000	0.0000		0.0000	0.0000	-0.0122	2.0000	3.0154	12.5972	11.4025	0.0000	0.0000	0.0000	0.0000	0.0000	0.0000	0.0000	0.0000	0.0000	0.0223	0.0223	0.0000	0.0223	0.0223	0.0000	0.0000	0.0000	0.0000	0.0418	0.0359	0.0059	0.0003	0.0003	0.0000	0.0416	0.0357	0.0059	0.2364	0.1262	0.1103	0.0526	0.0472	0.0054	0.1838	0.0790	0.1048
13	113	0.0830	11	2	0	0	0	0	0	0	0	0	1	0	1	0	0	0	0	0	0	Y	N	N	N	N	N	N	N	N	N	N	N	N	N	N	N	N	N	0.0000	0.0000	0.0000	0.0000	0.0000	0.0000	0.0000	0.0000	0.0000	0.0000	0.0000	0.0000	0.0000	0.0000	0.0000	0.0000	0.0000	0.0000	0.1842	0.0008	0.3696	0.0024	0.0028	0.0000	0.2195	0.0000	0.3864		465.5082	0.0000	0.0058	2.0000	0.0182	12.5972	4.6661	0.0000	0.0000	0.0000	0.0000	0.0000	0.0000	0.0000	0.0000	0.0000	0.0130	0.0000	0.0129	0.0000	0.0000	0.0000	0.0129	0.0000	0.0129	0.0003	0.0002	0.0000	0.0000	0.0000	0.0000	0.0003	0.0002	0.0000	0.0703	0.0354	0.0350	0.0114	0.0099	0.0015	0.0589	0.0254	0.0335
13	114	0.0830	10	2	0	0	0	0	0	0	0	0	1	0	1	0	0	0	0	0	0	Y	N	N	N	N	N	N	N	N	N	N	N	N	N	N	N	N	N	0.0000	0.0000	0.0000	0.0000	0.0000	0.0000	0.0000	0.0000	0.0000	0.0000	0.0000	0.0000	0.0000	0.0000	0.0000	0.0000	0.0000	0.0000	0.0000	0.0000	0.0000	0.0000	0.0000	0.0000	0.0000	0.0000	0.0000			0.0000	0.0000	2.0000	0.0004	12.5972	0.0007	0.0000	0.0000	0.0000	0.0000	0.0000	0.0000	0.0000	0.0000	0.0000	0.0000	0.0000	0.0000	0.0000	0.0000	0.0000	0.0000	0.0000	0.0000	0.0000	0.0000	0.0000	0.0000	0.0000	0.0000	0.0000	0.0000	0.0000	0.0000	0.0000	0.0000	0.0000	0.0000	0.0000	0.0000	0.0000	0.0000
13	115	0.0830	9	2	0	0	0	0	0	0	0	0	1	0	1	0	0	0	0	0	0	Y	N	N	N	N	N	N	N	N	N	N	N	N	N	N	N	N	N	0.0000	0.0000	0.0000	0.0000	0.0000	0.0000	0.0000	0.0000	0.0000	0.0000	0.0000	0.0000	0.0000	0.0000	0.0000	0.0000	0.0000	0.0000	0.0000	0.0000	0.0000	0.0000	0.0000	0.0000	0.0000	0.0000	0.0000			0.0000	0.0000	2.0000	0.0004	12.5972	0.0002	0.0000	0.0000	0.0000	0.0000	0.0000	0.0000	0.0000	0.0000	0.0000	0.0000	0.0000	0.0000	0.0000	0.0000	0.0000	0.0000	0.0000	0.0000	0.0000	0.0000	0.0000	0.0000	0.0000	0.0000	0.0000	0.0000	0.0000	0.0000	0.0000	0.0000	0.0000	0.0000	0.0000	0.0000	0.0000	0.0000
13	116	0.0626	8	2	0	0	0	0	0	0	0	0	1	0	1	0	0	0	0	0	0	Y	N	N	N	N	N	N	N	N	N	N	N	N	N	N	N	N	N	94.1978	58.5160	0.0000	89.6801	83.4245	0.0000	0.0000	0.0000	0.0000	7.9464	9.1016	0.0000	40.3030	40.3087	0.0000	0.0000	0.0000	0.0000	0.0844	0.1555	0.0004	0.4494	0.4832	0.0000	0.0006	0.0007	0.0004	0.0000	0.0021	-0.0001	-0.0104	2.0000	0.0012	12.5972	12.6705	0.0002	0.0002	0.0000	0.0002	0.0002	0.0000	0.0000	0.0000	0.0000	0.0190	0.0190	0.0000	0.0189	0.0189	0.0000	0.0001	0.0001	0.0000	0.0000	0.0000	0.0000	0.0000	0.0000	0.0000	0.0000	0.0000	0.0000	0.2254	0.1220	0.1034	0.0421	0.0391	0.0029	0.1833	0.0828	0.1005
13	117	0.0578	7	2	0	0	0	0	0	0	0	0	1	0	1	0	0	0	0	0	0	Y	N	N	N	N	N	N	N	N	N	N	N	N	N	N	N	N	N	25.3746	0.0000	97656.5553	0.0000	0.0000	0.0000	42.1050	0.0000	95827.5947	11.0770	0.0000	82.4544	0.0000	0.0000	0.0000	12.0116	0.0000	82.4783	0.4365	0.7471	0.0008	0.9221	0.9564	0.0001	0.2853	0.6120	0.0009	inf	0.0008	0.0001	-0.0194	2.0000	0.0012	12.5972	3.6220	0.0002	0.0000	0.0002	0.0000	0.0000	0.0000	0.0002	0.0000	0.0002	0.0355	0.0355	0.0000	0.0178	0.0178	0.0000	0.0177	0.0177	0.0000	0.0000	0.0000	0.0000	0.0000	0.0000	0.0000	0.0000	0.0000	0.0000	0.0813	0.0475	0.0339	0.0193	0.0186	0.0007	0.0620	0.0289	0.0332
13	118	0.0543	6	2	0	0	0	1	0	0	0	0	1	0	1	0	0	0	0	0	0	Y	N	N	N	N	N	N	N	N	N	N	N	N	N	N	N	N	N	0.0000	0.0000	0.0000	0.0000	0.0000	0.0000	0.0000	0.0000	0.0000	0.0000	0.0000	0.0000	0.0000	0.0000	0.0000	0.0000	0.0000	0.0000	0.3128	0.5253	0.0053	0.2291	0.2324	0.0008	0.3454	0.7823	0.0053		0.0070	0.0000	-0.0123	2.0000	0.0004	12.5972	2.6029	0.0000	0.0000	0.0000	0.0000	0.0000	0.0000	0.0000	0.0000	0.0000	0.0228	0.0226	0.0002	0.0047	0.0047	0.0000	0.0181	0.0180	0.0002	0.0000	0.0000	0.0000	0.0000	0.0000	0.0000	0.0000	0.0000	0.0000	0.0729	0.0431	0.0298	0.0204	0.0201	0.0003	0.0525	0.0230	0.0295
13	119	0.0274	2	2	0	1	0	0	0	0	0	0	1	0	1	0	0	0	0	0	0	Y	N	N	N	N	N	N	N	N	N	N	N	N	N	N	N	N	N	0.0000	0.0000	0.0002	0.0000	0.0000	0.0000	0.0000	0.0000	0.0002	0.0000	0.0000	0.0000	0.0000	0.0000	0.0000	0.0000	0.0000	0.0000	0.4622	0.9277	0.0065	1.8849	1.8922	0.0004	0.0044	0.0000	0.0065	inf	0.0072	0.0000	-0.1580	2.0000	6.0007	12.5972	19.0307	0.0000	0.0000	0.0000	0.0000	0.0000	0.0000	0.0000	0.0000	0.0000	0.2921	0.2900	0.0021	0.2900	0.2900	0.0000	0.0021	0.0000	0.0021	0.0816	0.0702	0.0115	0.0000	0.0000	0.0000	0.0816	0.0702	0.0115	0.6319	0.3126	0.3193	0.1538	0.1532	0.0006	0.4781	0.1593	0.3187
13	131	0.0868	11	2	0	1	0	0	0	0	0	0	1	0	1	0	0	0	0	0	0	Y	N	N	N	N	N	N	N	N	N	N	N	N	N	N	N	N	N	0.0034	0.0021	0.0000	0.0244	0.0198	0.0000	0.0000	0.0000	0.0000	0.0129	0.0151	0.0000	0.3981	0.4083	0.0000	0.0000	0.0000	0.0000	3.7685	7.3287	0.0000	16.3421	20.6710	0.0000	0.0080	0.0184	0.0000	0.0000	0.0000	-0.0001	-0.3286	2.0000	1.0211	12.5972	9.0731	0.0002	0.0002	0.0000	0.0002	0.0002	0.0000	0.0000	0.0000	0.0000	0.5993	0.5993	0.0000	0.5983	0.5983	0.0000	0.0010	0.0010	0.0000	0.0147	0.0126	0.0021	0.0005	0.0005	0.0000	0.0142	0.0121	0.0021	0.1590	0.0818	0.0773	0.0366	0.0289	0.0077	0.1224	0.0528	0.0696
13	132	0.1075	11	1	0	0	0	0	0	0	0	0	2	0	2	0	0	0	0	0	0	N	N	N	N	N	Y	N	N	N	N	N	N	N	N	N	N	N	N	0.0000	0.0000	0.0000	0.0000	0.0000	0.0000	0.0000	0.0000	0.0000	0.0000	0.0000	0.0000	0.0000	0.0000	0.0000	0.0000	0.0000	0.0000	0.0003	0.0005	0.0000	0.0013	0.0016	0.0000	0.0000	0.0000	0.0000		0.0000	0.0000	-0.0000	2.0000	0.0075	12.5972	1.9743	0.0000	0.0000	0.0000	0.0000	0.0000	0.0000	0.0000	0.0000	0.0000	0.0000	0.0000	0.0000	0.0000	0.0000	0.0000	0.0000	0.0000	0.0000	0.0003	0.0002	0.0001	0.0001	0.0001	0.0000	0.0002	0.0001	0.0001	0.0316	0.0161	0.0155	0.0068	0.0054	0.0014	0.0248	0.0107	0.0141
13	134	0.1023	9	1	0	0	0	0	0	0	0	0	2	0	2	0	0	0	0	0	0	N	N	N	N	N	Y	N	N	N	N	N	N	N	N	N	N	N	N	0.0000	0.0000	0.0000	0.0000	0.0000	0.0000	0.0000	0.0000	0.0000	0.0000	0.0000	0.0000	0.0000	0.0000	0.0000	0.0000	0.0000	0.0000	0.0001	0.0000	0.0002	0.0000	0.0000	0.0000	0.0001	0.0000	0.0002		1075.9462	0.0000	0.0000	2.0000	2.0569	12.5972	5.7592	0.0000	0.0000	0.0000	0.0000	0.0000	0.0000	0.0000	0.0000	0.0000	0.0000	0.0000	0.0000	0.0000	0.0000	0.0000	0.0000	0.0000	0.0000	0.0301	0.0260	0.0041	0.0013	0.0013	0.0000	0.0288	0.0247	0.0041	0.1318	0.0695	0.0623	0.0306	0.0251	0.0055	0.1012	0.0444	0.0568
13	135	0.1039	10	1	0	0	0	0	0	0	0	0	2	0	2	0	0	0	0	0	0	N	N	N	N	N	Y	N	N	N	N	N	N	N	N	N	N	N	N	0.0000	0.0000	0.0000	0.0000	0.0000	0.0000	0.0000	0.0000	0.0000	0.0000	0.0000	0.0000	0.0000	0.0000	0.0000	0.0000	0.0000	0.0000	0.0002	0.0005	0.0000	0.0011	0.0014	0.0000	0.0000	0.0000	0.0000		0.0000	0.0000	-0.0000	2.0000	1.0111	12.5972	8.8059	0.0000	0.0000	0.0000	0.0000	0.0000	0.0000	0.0000	0.0000	0.0000	0.0000	0.0000	0.0000	0.0000	0.0000	0.0000	0.0000	0.0000	0.0000	0.0143	0.0123	0.0020	0.0005	0.0005	0.0000	0.0138	0.0119	0.0020	0.1600	0.0835	0.0765	0.0363	0.0294	0.0069	0.1236	0.0540	0.0696
13	138	0.0806	8	2	0	1	0	0	0	0	0	0	1	1	1	0	0	0	0	0	0	Y	N	N	N	N	N	N	N	N	N	N	N	N	N	N	N	N	N	0.0000	0.0000	0.0000	0.0000	0.0000	0.0000	0.0000	0.0000	0.0000	0.0000	0.0000	0.0000	0.0000	0.0000	0.0000	0.0000	0.0000	0.0000	0.0000	0.0000	0.0000	0.0000	0.0000	0.0000	0.0000	0.0000	0.0000		2.9205	0.0000	0.0000	2.0000	0.0010	12.5972	4.0030	0.0000	0.0000	0.0000	0.0000	0.0000	0.0000	0.0000	0.0000	0.0000	0.0000	0.0000	0.0000	0.0000	0.0000	0.0000	0.0000	0.0000	0.0000	0.0000	0.0000	0.0000	0.0000	0.0000	0.0000	0.0000	0.0000	0.0000	0.0661	0.0348	0.0313	0.0156	0.0124	0.0032	0.0505	0.0224	0.0281
13	139	0.0550	7	2	0	1	0	0	0	0	0	1	1	1	1	0	0	0	0	0	0	Y	N	N	N	N	N	N	N	N	N	N	N	N	N	N	N	N	N	0.2261	0.1655	0.0000	30.6906	24.6796	0.0000	0.0000	0.0000	0.0000	0.0005	0.0006	0.0000	0.3106	0.3201	0.0000	0.0000	0.0000	0.0000	0.0021	0.0034	0.0008	0.0101	0.0130	0.0000	0.0005	0.0000	0.0009	0.0000	0.2353	-0.0000	-0.0002	2.0000	2.9989	12.5972	12.3267	0.0000	0.0000	0.0000	0.0000	0.0000	0.0000	0.0000	0.0000	0.0000	0.0005	0.0004	0.0001	0.0004	0.0004	0.0000	0.0001	0.0000	0.0001	0.0413	0.0355	0.0058	0.0001	0.0001	0.0000	0.0412	0.0354	0.0058	0.2446	0.1246	0.1200	0.0420	0.0327	0.0092	0.2027	0.0919	0.1108
13	140	0.0543	6	2	0	1	0	1	0	1	0	0	1	0	1	0	0	0	0	0	0	Y	N	N	N	N	N	N	N	N	N	N	N	N	N	N	N	N	N	14.9314	0.0000	18575.3661	0.0000	0.0000	0.0000	42.7271	0.0000	18048.7192	0.9609	0.0000	6.6086	0.0000	0.0000	0.0000	1.1091	0.0000	6.6102	0.0644	0.1157	0.0004	0.1995	0.2326	0.0002	0.0260	0.0549	0.0004	inf	0.0025	0.0000	-0.0006	2.0000	0.0011	12.5972	0.8290	0.0000	0.0000	0.0000	0.0000	0.0000	0.0000	0.0000	0.0000	0.0000	0.0011	0.0011	0.0000	0.0007	0.0007	0.0000	0.0003	0.0003	0.0000	0.0000	0.0000	0.0000	0.0000	0.0000	0.0000	0.0000	0.0000	0.0000	0.0164	0.0091	0.0073	0.0036	0.0031	0.0005	0.0128	0.0060	0.0068
13	141	0.0774	8	2	0	1	0	0	0	0	0	0	1	0	1	0	0	0	0	0	0	Y	N	N	N	N	N	N	N	N	N	N	N	N	N	N	N	N	N	0.0000	0.0000	0.0000	0.0000	0.0000	0.0000	0.0000	0.0000	0.0000	0.0000	0.0000	0.0000	0.0000	0.0000	0.0000	0.0000	0.0000	0.0000	0.0091	0.0038	0.0145	0.0007	0.0008	0.0000	0.0113	0.0052	0.0159		3.7826	0.0000	0.0003	2.0000	0.0243	12.5972	8.8037	0.0000	0.0000	0.0000	0.0000	0.0000	0.0000	0.0000	0.0000	0.0000	0.0013	0.0003	0.0010	0.0000	0.0000	0.0000	0.0013	0.0002	0.0010	0.0006	0.0006	0.0001	0.0002	0.0002	0.0000	0.0005	0.0004	0.0001	0.1418	0.0716	0.0702	0.0298	0.0237	0.0061	0.1120	0.0479	0.0641
13	142	0.0608	7	2	0	1	0	1	0	1	0	0	1	0	1	0	0	0	0	0	0	Y	N	N	N	N	N	N	N	N	N	N	N	N	N	N	N	N	N	0.0000	0.0000	0.0000	0.0000	0.0000	0.0000	0.0000	0.0000	0.0000	0.0000	0.0000	0.0000	0.0000	0.0000	0.0000	0.0000	0.0000	0.0000	0.6769	0.3429	1.0059	0.1253	0.1599	0.0000	0.8006	0.4174	1.0918		2.9779	0.0000	0.0221	2.0000	4.9785	12.5972	5.0554	0.0000	0.0000	0.0000	0.0000	0.0000	0.0000	0.0000	0.0000	0.0000	0.1105	0.0278	0.0827	0.0037	0.0037	0.0000	0.1068	0.0240	0.0827	0.0680	0.0585	0.0095	0.0001	0.0001	0.0000	0.0679	0.0584	0.0095	0.1633	0.0810	0.0822	0.0299	0.0234	0.0065	0.1333	0.0576	0.0758
13	143	0.0998	12	2	0	1	0	0	0	0	0	0	1	1	1	0	0	0	0	0	0	Y	N	N	N	N	N	N	N	N	N	N	N	N	N	N	N	N	N	inf	inf	0.0000	0.0000	0.0000	0.0000	inf	inf	0.0000	8.6295	10.0334	0.0000	0.0000	0.0000	0.0000	11.8003	14.5778	0.0000	0.0000	0.0000	0.0000	0.0000	0.0000	0.0000	0.0000	0.0000	0.0000	0.0000		-0.0000	0.0000	2.0000	0.0000	12.5972	3.0055	0.0000	0.0000	0.0000	0.0000	0.0000	0.0000	0.0000	0.0000	0.0000	0.0000	0.0000	0.0000	0.0000	0.0000	0.0000	0.0000	0.0000	0.0000	0.0000	0.0000	0.0000	0.0000	0.0000	0.0000	0.0000	0.0000	0.0000	0.0463	0.0242	0.0220	0.0107	0.0083	0.0024	0.0355	0.0159	0.0197
13	144	0.0868	11	2	0	1	0	0	0	0	0	1	1	1	1	0	0	0	0	0	0	Y	N	N	N	N	N	N	N	N	N	N	N	N	N	N	N	N	N	5275.5244	3279.4001	0.0000	0.0001	0.0001	0.0000	96803.8340	301445.3968	0.0000	35.1285	40.8549	0.0000	0.0000	0.0000	0.0000	36.0019	41.9997	0.0000	0.0067	0.0125	0.0005	0.0271	0.0340	0.0000	0.0004	0.0001	0.0005	0.0000	0.0372	-0.5830	-0.0004	2.0000	2.0192	12.5972	6.0784	0.9998	0.9998	0.0000	0.0000	0.0000	0.0000	0.9998	0.9998	0.0000	0.0009	0.0008	0.0000	0.0008	0.0008	0.0000	0.0000	0.0000	0.0000	0.0285	0.0245	0.0040	0.0007	0.0007	0.0000	0.0278	0.0238	0.0040	0.1301	0.0671	0.0631	0.0306	0.0244	0.0062	0.0995	0.0427	0.0569
13	145	0.0820	10	2	0	1	0	1	0	0	0	0	1	0	1	0	0	0	0	0	0	Y	N	N	N	N	N	N	N	N	N	N	N	N	N	N	N	N	N	0.3666	0.2166	0.0000	0.0000	0.0000	0.0000	167.2611	85.8540	0.0000	0.0069	0.0081	0.0000	0.0000	0.0000	0.0000	0.0070	0.0081	0.0000	0.0189	0.0372	0.0005	0.0927	0.1207	0.0052	0.0000	0.0001	0.0000	0.0000	0.0139	-0.0001	-0.0005	2.0000	1.9811	12.5972	0.9869	0.0002	0.0002	0.0000	0.0000	0.0000	0.0000	0.0002	0.0002	0.0000	0.0009	0.0009	0.0000	0.0009	0.0009	0.0000	0.0000	0.0000	0.0000	0.0274	0.0236	0.0038	0.0002	0.0002	0.0000	0.0272	0.0234	0.0038	0.0458	0.0230	0.0229	0.0093	0.0071	0.0023	0.0365	0.0159	0.0206
14	25	0.0569	6	2	0	1	1	0	0	0	1	0	0	2	1	0	0	0	0	0	0	Y	N	N	N	Y	N	N	N	N	N	N	N	N	N	N	N	N	N	0.0236	0.0276	0.0000	0.0221	0.0217	0.0000	0.0377	inf	0.0000	0.0000	0.0000	0.0000	0.0001	0.0001	0.0000	0.0000	0.0000	0.0000	0.0009	0.0008	0.0009	0.0032	0.0035	0.0000	0.0005	0.0000	0.0009	0.0000	1.0073	-0.0000	-0.0000	1.0076	0.9999	9.0109	1.0788	0.0000	0.0000	0.0000	0.0000	0.0000	0.0000	0.0000	0.0000	0.0000	0.0000	0.0000	0.0000	0.0000	0.0000	0.0000	0.0000	0.0000	0.0000	0.0072	0.0062	0.0010	0.0002	0.0002	0.0000	0.0070	0.0060	0.0010	0.0233	0.0117	0.0116	0.0031	0.0028	0.0003	0.0202	0.0089	0.0113
14	42	0.1310	18	2	0	1	0	0	0	0	0	0	1	1	1	0	0	0	0	0	0	Y	N	N	N	N	N	N	N	N	N	N	N	N	N	N	N	N	N	0.0000	0.0000	0.0000	0.0000	0.0000	0.0000	0.0000	0.0000	0.0000	0.0000	0.0000	0.0000	0.0000	0.0000	0.0000	0.0000	0.0000	0.0000	0.0000	0.0000	0.0000	0.0000	0.0000	0.0000	0.0000	0.0000	0.0000			0.0000	0.0000	1.0076	0.0000	9.0109	0.0011	0.0000	0.0000	0.0000	0.0000	0.0000	0.0000	0.0000	0.0000	0.0000	0.0000	0.0000	0.0000	0.0000	0.0000	0.0000	0.0000	0.0000	0.0000	0.0000	0.0000	0.0000	0.0000	0.0000	0.0000	0.0000	0.0000	0.0000	0.0000	0.0000	0.0000	0.0000	0.0000	0.0000	0.0000	0.0000	0.0000
14	44	0.0410	7	2	0	1	1	0	0	0	0	0	0	2	1	0	0	0	0	0	0	Y	N	N	N	Y	N	N	N	N	N	N	N	N	N	N	N	N	N	0.1213	6.8675	0.4186	23.9735	21.8652	0.0000	0.1113	597.3255	0.4119	0.3675	0.0101	2.5169	0.1736	0.1780	0.0000	0.3749	0.0028	2.5329	3.0299	0.0015	6.0126	0.0072	0.0081	0.0000	3.3692	0.0000	6.1486	41.2649	4134.6723	0.0074	0.4497	1.0076	7.0030	9.0109	25.8862	0.0187	0.0004	0.0183	0.0003	0.0003	0.0000	0.0184	0.0001	0.0183	0.9961	0.0002	0.9958	0.0002	0.0002	0.0000	0.9958	0.0000	0.9958	0.0510	0.0437	0.0073	0.0019	0.0018	0.0000	0.0491	0.0419	0.0072	0.3287	0.1631	0.1656	0.0332	0.0295	0.0037	0.2956	0.1336	0.1620
14	48	0.0410	7	2	0	1	1	0	0	0	0	0	0	2	1	0	0	0	0	0	0	Y	N	N	N	Y	N	N	N	N	N	N	N	N	N	N	N	N	N	26.2076	0.2951	1959679.1328	4.8946	4.6524	0.0000	28.6295	0.0000	2586903.2723	1.2676	0.0267	8.1778	0.2518	0.2558	0.0000	1.3679	0.0000	8.2533	0.0484	0.0905	0.0000	0.0515	0.0550	0.0000	0.0478	0.1043	0.0000	55.0110	0.0000	0.0074	-0.0031	1.0076	1.7572	9.0109	7.6758	0.0186	0.0003	0.0183	0.0003	0.0003	0.0000	0.0183	0.0000	0.0183	0.0057	0.0057	0.0000	0.0010	0.0010	0.0000	0.0047	0.0047	0.0000	0.0147	0.0125	0.0022	0.0013	0.0013	0.0000	0.0134	0.0112	0.0022	0.1184	0.0633	0.0551	0.0190	0.0177	0.0012	0.0994	0.0455	0.0538
14	49	0.0320	6	2	0	1	1	0	0	0	1	0	0	2	1	0	0	0	0	0	0	Y	N	N	N	Y	N	N	N	N	N	N	N	N	N	N	N	N	N	3598.8528	0.5733	35885.7540	6.3197	6.6506	0.0000	8395.6856	0.0058	35813.7000	107.6870	0.0216	759.3403	0.8631	0.9726	0.0000	110.0331	0.0000	772.5300	0.0299	0.0377	0.0212	0.1366	0.1462	0.0001	0.0131	0.0034	0.0216	5799.6496	0.4997	0.4070	-0.0005	1.0076	1.2605	9.0109	5.3560	0.9767	0.0002	0.9766	0.0002	0.0002	0.0000	0.9766	0.0000	0.9766	0.0025	0.0016	0.0008	0.0015	0.0015	0.0000	0.0009	0.0001	0.0008	0.0091	0.0078	0.0013	0.0002	0.0002	0.0000	0.0089	0.0076	0.0013	0.0819	0.0433	0.0386	0.0112	0.0104	0.0007	0.0708	0.0329	0.0379
14	50	0.0320	6	2	0	1	0	0	0	0	0	0	0	2	1	0	0	0	0	0	0	Y	N	N	N	Y	N	N	N	N	N	N	N	N	N	N	N	N	N	0.0873	535262.2381	0.0000	120.3011	1510898.2080	0.0000	0.0544	20723940.9118	0.0000	0.8659	1.0095	0.0001	11.3429	12.9312	0.0000	0.6140	0.7162	0.0001	9.9240	0.0000	20.5350	0.0943	0.0000	1.2341	11.2837	0.0000	20.9131	0.0000	10182749.3442	-0.0036	0.4489	1.0076	1.0001	9.0109	7.4568	0.0063	0.0063	0.0000	0.0019	0.0019	0.0000	0.0043	0.0043	0.0000	0.9938	0.0000	0.9938	0.0011	0.0000	0.0011	0.9927	0.0000	0.9927	0.0072	0.0062	0.0010	0.0002	0.0001	0.0000	0.0071	0.0060	0.0010	0.1001	0.0517	0.0484	0.0122	0.0112	0.0009	0.0880	0.0405	0.0475
14	51	0.0275	5	2	0	1	0	0	0	0	0	0	1	2	1	0	0	0	0	0	0	Y	N	N	N	Y	N	N	N	N	N	N	N	N	N	N	N	N	N	743.6457	57.1908	1498.3698	5710.8248	46666.2013	0.0000	914.6948	16.3554	3675.6582	18.1367	0.3321	84.2856	0.3711	0.5156	0.0000	34.3925	0.1900	228.8055	0.0244	0.0058	0.0563	0.0001	0.0000	0.0005	0.0376	0.0116	0.0622	68.3145	5.6497	0.0008	0.0005	1.0076	0.0061	9.0109	2.7591	0.0019	0.0000	0.0019	0.0000	0.0000	0.0000	0.0019	0.0000	0.0019	0.0015	0.0002	0.0013	0.0000	0.0000	0.0000	0.0015	0.0002	0.0013	0.0001	0.0001	0.0000	0.0001	0.0000	0.0000	0.0001	0.0000	0.0000	0.0624	0.0394	0.0230	0.0220	0.0197	0.0022	0.0405	0.0197	0.0208
14	52	0.1159	19	2	0	1	0	0	0	0	0	0	1	1	1	0	0	0	0	0	0	Y	N	N	N	N	N	N	N	N	N	N	N	N	N	N	N	N	N	0.0625	0.0000	233.3818	0.3651	0.0000	inf	2.1375	0.0000	10.4611	0.0000	0.0000	0.0001	0.0003	0.0000	0.0048	0.0000	0.0000	0.0000	0.0002	0.0004	0.0000	0.0009	0.0011	0.0000	0.0000	0.0000	0.0000	inf	0.0009	0.0000	-0.0000	1.0076	1.0020	9.0109	7.2599	0.0000	0.0000	0.0000	0.0000	0.0000	0.0000	0.0000	0.0000	0.0000	0.0000	0.0000	0.0000	0.0000	0.0000	0.0000	0.0000	0.0000	0.0000	0.0073	0.0063	0.0010	0.0003	0.0003	0.0000	0.0070	0.0060	0.0010	0.0907	0.0486	0.0421	0.0209	0.0188	0.0021	0.0699	0.0298	0.0400
14	53	0.0962	18	2	0	1	0	1	0	0	0	0	0	1	0	0	0	0	0	0	0	Y	N	N	N	N	N	N	N	N	N	N	N	N	N	N	N	N	N	164.8537	0.0024	1644.9257	35628.5257	0.8086	95880.9650	1.5550	0.0002	18.4602	0.0202	0.0000	0.1465	0.4209	0.0000	4.9677	0.0002	0.0000	0.0017	0.0001	0.0002	0.0001	0.0000	0.0000	0.0001	0.0002	0.0002	0.0001	64802.2570	0.5145	0.0002	-0.0000	1.0076	3.0050	9.0109	8.3063	0.0004	0.0000	0.0004	0.0004	0.0000	0.0004	0.0000	0.0000	0.0000	0.0000	0.0000	0.0000	0.0000	0.0000	0.0000	0.0000	0.0000	0.0000	0.0219	0.0189	0.0030	0.0010	0.0010	0.0001	0.0209	0.0179	0.0029	0.1242	0.0661	0.0581	0.0257	0.0232	0.0025	0.0985	0.0429	0.0556
14	56	0.1064	17	2	0	1	0	0	0	0	0	0	0	1	0	0	0	0	0	0	0	Y	N	N	N	N	N	N	N	N	N	N	N	N	N	N	N	N	N	0.0000	0.0000	0.0000	0.0000	0.0000	0.0000	0.0000	0.0000	0.0000	0.0000	0.0000	0.0000	0.0000	0.0000	0.0000	0.0000	0.0000	0.0000	6.6387	0.0040	14.1907	0.0142	0.0110	0.0402	8.4689	0.0000	14.9462		3131.4123	0.0000	0.4415	1.0076	2.9988	9.0109	11.1255	0.0000	0.0000	0.0000	0.0000	0.0000	0.0000	0.0000	0.0000	0.0000	0.9780	0.0003	0.9777	0.0005	0.0003	0.0001	0.9776	0.0000	0.9776	0.0214	0.0185	0.0029	0.0010	0.0009	0.0001	0.0204	0.0176	0.0029	0.1473	0.0784	0.0689	0.0319	0.0284	0.0035	0.1154	0.0500	0.0654
14	70	0.0347	6	2	0	1	0	0	0	0	0	0	1	2	1	0	0	0	0	0	0	Y	N	N	N	Y	N	N	N	N	N	N	N	N	N	N	N	N	N	61.3501	36.1797	7250.0230	6.9817	6.6576	390.4496	479929.1579	3673995.7140	12582.2021	0.2241	0.2525	0.0104	0.1518	0.1547	0.0107	0.2368	0.2719	0.0104	0.0037	0.0070	0.0000	0.0217	0.0232	0.0000	0.0000	0.0000	0.0000	0.0055	0.0002	-0.0028	-0.0003	1.0076	2.3581	9.0109	7.4584	0.0048	0.0048	0.0000	0.0005	0.0005	0.0000	0.0044	0.0043	0.0000	0.0005	0.0005	0.0000	0.0005	0.0005	0.0000	0.0000	0.0000	0.0000	0.0216	0.0191	0.0025	0.0032	0.0032	0.0001	0.0184	0.0159	0.0025	0.1255	0.0656	0.0598	0.0211	0.0197	0.0014	0.1044	0.0459	0.0584
14	71	0.0275	5	2	0	1	0	0	0	0	0	0	0	2	0	0	0	0	0	0	0	Y	N	N	N	Y	N	N	N	N	N	N	N	N	N	N	N	N	N	85.9695	0.3918	1910.9864	879.2240	179.4923	inf	65.0630	0.1081	1786.3890	0.4400	0.0030	3.1146	0.3964	0.0903	3.2061	0.4408	0.0013	3.1134	0.0051	0.0076	0.0016	0.0005	0.0005	0.0000	0.0068	0.0125	0.0017	170.2911	0.1537	0.0023	-0.0002	1.0076	1.7590	9.0109	3.5356	0.0055	0.0000	0.0055	0.0001	0.0000	0.0001	0.0054	0.0000	0.0054	0.0004	0.0004	0.0001	0.0000	0.0000	0.0000	0.0004	0.0004	0.0001	0.0126	0.0108	0.0018	0.0002	0.0002	0.0000	0.0123	0.0106	0.0017	0.0877	0.0510	0.0367	0.0230	0.0206	0.0024	0.0647	0.0304	0.0343
14	72	0.0241	4	2	0	1	0	0	0	0	0	1	0	2	0	0	0	0	0	0	0	Y	N	N	N	Y	N	N	N	N	N	N	N	N	N	N	N	N	N	85.1113	25.9101	inf	1.3607	1.8152	inf	inf	inf	inf	0.4671	0.3048	1.0688	0.1702	0.2417	0.0018	0.7530	0.3538	3.4264	0.0055	0.0118	0.0000	0.1250	0.1331	0.0000	0.0000	0.0000	0.0000	0.9458	0.0000	-0.0000	-0.0001	1.0076	0.0029	9.0109	2.4186	0.0000	0.0000	0.0000	0.0000	0.0000	0.0000	0.0000	0.0000	0.0000	0.0001	0.0001	0.0000	0.0001	0.0001	0.0000	0.0000	0.0000	0.0000	0.0000	0.0000	0.0000	0.0000	0.0000	0.0000	0.0000	0.0000	0.0000	0.0254	0.0119	0.0136	0.0011	0.0010	0.0001	0.0243	0.0108	0.0135
14	78	0.1064	17	2	0	1	0	0	0	0	0	0	1	1	1	0	0	0	0	0	0	Y	N	N	N	N	N	N	N	N	N	N	N	N	N	N	N	N	N	0.0000	0.0000	0.0000	0.0000	0.0000	0.0000	0.0000	0.0000	0.0000	0.0000	0.0000	0.0000	0.0000	0.0000	0.0000	0.0000	0.0000	0.0000	0.4322	0.1850	0.7148	0.4590	0.5015	0.1034	0.4246	0.0000	0.7472		3.3785	0.0000	0.0125	1.0076	0.0166	9.0109	12.2009	0.0000	0.0000	0.0000	0.0000	0.0000	0.0000	0.0000	0.0000	0.0000	0.0561	0.0128	0.0433	0.0131	0.0128	0.0003	0.0430	0.0000	0.0430	0.0003	0.0003	0.0000	0.0001	0.0001	0.0000	0.0002	0.0001	0.0000	0.1298	0.0692	0.0606	0.0286	0.0255	0.0030	0.1012	0.0437	0.0575
14	79	0.0921	16	2	0	1	0	1	0	0	0	0	0	1	0	0	0	0	0	0	0	Y	N	N	N	N	N	N	N	N	N	N	N	N	N	N	N	N	N	0.0000	0.0010	0.0000	0.0493	0.0554	0.0000	0.0000	0.0000	0.0000	0.0000	0.0000	0.0000	0.0000	0.0001	0.0000	0.0000	0.0000	0.0000	0.1367	0.0029	0.2747	0.0010	0.0009	0.0013	0.1633	0.0036	0.2877	0.0000	93.1926	-0.0000	0.0053	1.0076	1.0285	9.0109	7.9781	0.0000	0.0000	0.0000	0.0000	0.0000	0.0000	0.0000	0.0000	0.0000	0.0120	0.0001	0.0119	0.0000	0.0000	0.0000	0.0120	0.0001	0.0119	0.0076	0.0065	0.0010	0.0004	0.0004	0.0000	0.0072	0.0062	0.0010	0.0881	0.0447	0.0433	0.0145	0.0125	0.0020	0.0736	0.0322	0.0414
14	84	0.0478	5	2	0	1	0	0	0	0	0	0	0	1	0	0	0	0	0	0	0	Y	N	N	N	N	N	N	N	N	N	N	N	N	N	N	N	N	N	473.9203	281.0046	0.0000	4591.8451	4368.9913	0.0000	0.0000	0.0000	0.0000	0.0240	0.0279	0.0000	1.7420	1.8240	0.0000	0.0000	0.0000	0.0000	0.0001	0.0001	0.0000	0.0004	0.0004	0.0000	0.0000	0.0000	0.0000	0.0000	0.0062	-0.0003	-0.0000	1.0076	2.9998	9.0109	15.4389	0.0005	0.0005	0.0000	0.0005	0.0005	0.0000	0.0000	0.0000	0.0000	0.0000	0.0000	0.0000	0.0000	0.0000	0.0000	0.0000	0.0000	0.0000	0.0212	0.0183	0.0030	0.0003	0.0003	0.0000	0.0209	0.0180	0.0029	0.1977	0.1002	0.0975	0.0263	0.0239	0.0025	0.1714	0.0764	0.0950
14	85	0.4277	10	1	0	1	0	0	0	0	0	1	0	2	0	0	0	0	0	0	0	N	N	N	N	Y	N	N	N	N	N	N	N	N	N	N	N	N	N	0.0034	0.0014	0.0147	0.0203	0.0099	0.4169	0.0011	0.0000	0.0064	0.0096	0.0038	0.0468	0.0479	0.0253	0.4500	0.0035	0.0000	0.0236	2.8235	2.6314	3.1834	2.3630	2.5600	1.0794	3.2544	2.7598	3.6605	1.9074	0.6456	0.0001	-0.7548	1.0076	26.8363	9.0109	143.7566	0.0020	0.0007	0.0013	0.0014	0.0007	0.0007	0.0006	0.0000	0.0006	4.8405	2.9415	1.8991	1.9586	1.8396	0.1190	2.8819	1.1019	1.7801	0.2064	0.1787	0.0276	0.0283	0.0268	0.0015	0.1780	0.1519	0.0261	1.7144	1.1179	0.5966	0.8289	0.7186	0.1103	0.8855	0.3993	0.4863
14	88	0.0384	5	2	0	1	0	0	0	0	0	0	0	2	1	0	0	0	0	0	0	Y	N	N	N	Y	N	N	N	N	N	N	N	N	N	N	N	N	N	0.0062	0.0035	0.0212	0.0330	0.0316	2.0405	0.0053	0.0000	0.0208	0.0015	0.0004	0.0082	0.0121	0.0120	0.0153	0.0012	0.0000	0.0081	0.2487	0.1263	0.3869	0.3657	0.3781	0.0075	0.2230	0.0037	0.3919	2.9781	2.7126	0.0000	0.0058	1.0076	1.0173	9.0109	8.6136	0.0000	0.0000	0.0000	0.0000	0.0000	0.0000	0.0000	0.0000	0.0000	0.0318	0.0086	0.0232	0.0084	0.0084	0.0000	0.0234	0.0002	0.0232	0.0074	0.0064	0.0010	0.0002	0.0002	0.0000	0.0072	0.0062	0.0010	0.1278	0.0678	0.0600	0.0230	0.0222	0.0008	0.1048	0.0456	0.0592
14	90	0.0384	5	2	0	1	0	0	0	0	0	0	0	2	1	0	0	0	0	0	0	Y	N	N	N	Y	N	N	N	N	N	N	N	N	N	N	N	N	N	0.5442	0.3264	0.0000	3.1078	3.0815	0.0000	0.0000	0.0000	0.0000	0.0312	0.0363	0.0000	1.1655	1.2071	0.0000	0.0000	0.0000	0.0000	0.0574	0.1112	0.0000	0.3750	0.3917	0.0000	0.0000	0.0000	0.0000	0.0000	0.0000	-0.0003	-0.0053	1.0076	2.0138	9.0109	11.8132	0.0005	0.0005	0.0000	0.0005	0.0005	0.0000	0.0000	0.0000	0.0000	0.0096	0.0096	0.0000	0.0096	0.0096	0.0000	0.0000	0.0000	0.0000	0.0145	0.0125	0.0020	0.0004	0.0004	0.0000	0.0141	0.0121	0.0020	0.1673	0.0863	0.0809	0.0256	0.0245	0.0011	0.1417	0.0618	0.0798
14	91	0.0299	4	2	0	1	0	0	0	0	0	1	1	2	1	0	0	0	0	0	0	Y	N	N	N	Y	N	N	N	N	N	N	N	N	N	N	N	N	N	0.0025	0.0017	0.0067	0.0212	0.0213	0.5890	0.0017	0.0017	0.0065	0.0006	0.0005	0.0014	0.0199	0.0206	0.0030	0.0002	0.0000	0.0014	0.2553	0.2910	0.2155	0.9357	0.9660	0.0050	0.1222	0.0006	0.2178	0.4607	0.6652	-0.0000	-0.0032	1.0076	1.9725	9.0109	4.2763	0.0000	0.0000	0.0000	0.0000	0.0000	0.0000	0.0000	0.0000	0.0000	0.0212	0.0127	0.0085	0.0127	0.0127	0.0000	0.0085	0.0000	0.0085	0.0142	0.0122	0.0020	0.0003	0.0003	0.0000	0.0139	0.0119	0.0020	0.0830	0.0437	0.0393	0.0136	0.0132	0.0004	0.0695	0.0306	0.0389
14	98	0.0600	7	2	0	1	1	0	0	0	1	0	0	2	1	0	0	0	0	0	0	Y	N	N	N	Y	N	N	N	N	N	N	N	N	N	N	N	N	N	0.0000	0.0000	0.0000	0.0000	0.0000	0.0000	0.0000	0.0000	0.0000	0.0000	0.0000	0.0000	0.0000	0.0000	0.0000	0.0000	0.0000	0.0000	0.0000	0.0000	0.0000	0.0000	0.0000	0.0000	0.0000	0.0000	0.0000			0.0000	0.0000	1.0076	2.9999	9.0109	3.9821	0.0000	0.0000	0.0000	0.0000	0.0000	0.0000	0.0000	0.0000	0.0000	0.0000	0.0000	0.0000	0.0000	0.0000	0.0000	0.0000	0.0000	0.0000	0.0214	0.0184	0.0030	0.0006	0.0006	0.0001	0.0208	0.0179	0.0029	0.0725	0.0355	0.0370	0.0082	0.0072	0.0010	0.0643	0.0284	0.0359
14	99	0.0569	6	2	0	1	0	0	0	0	0	0	0	2	1	0	0	0	0	0	0	Y	N	N	N	Y	N	N	N	N	N	N	N	N	N	N	N	N	N	41.6037	49.4551	0.0000	3.4543	3.8227	0.0000	96.1093	inf	0.0000	0.0358	0.0423	0.0000	0.0110	0.0136	0.0000	0.0479	0.0555	0.0000	0.0009	0.0009	0.0009	0.0032	0.0036	0.0000	0.0005	0.0000	0.0009	0.0000	1.0073	-0.0000	-0.0000	1.0076	0.0003	9.0109	2.0601	0.0000	0.0000	0.0000	0.0000	0.0000	0.0000	0.0000	0.0000	0.0000	0.0000	0.0000	0.0000	0.0000	0.0000	0.0000	0.0000	0.0000	0.0000	0.0000	0.0000	0.0000	0.0000	0.0000	0.0000	0.0000	0.0000	0.0000	0.0231	0.0116	0.0115	0.0031	0.0028	0.0003	0.0200	0.0088	0.0112
14	100	0.0370	5	2	0	1	0	0	0	0	0	1	1	2	1	0	0	0	0	0	0	Y	N	N	N	Y	N	N	N	N	N	N	N	N	N	N	N	N	N	1.6207	2.3708	0.0000	12.9803	12.7046	0.0000	1.1765	1762517.6738	0.0000	0.4141	0.4820	0.0000	11.7247	12.6893	0.0000	0.2064	0.2406	0.0000	0.2555	0.2033	0.3051	0.9033	0.9988	0.0279	0.1755	0.0000	0.3110	0.0000	1.5798	-0.0052	0.0022	1.0076	3.0014	9.0109	9.1620	0.0088	0.0088	0.0000	0.0045	0.0045	0.0000	0.0043	0.0043	0.0000	0.0338	0.0131	0.0207	0.0131	0.0131	0.0000	0.0206	0.0000	0.0206	0.0214	0.0184	0.0030	0.0004	0.0004	0.0000	0.0210	0.0180	0.0030	0.1322	0.0644	0.0678	0.0145	0.0131	0.0014	0.1176	0.0513	0.0664
14	101	0.0241	4	2	0	1	0	0	0	0	0	0	0	1	0	0	0	0	0	0	0	Y	N	N	N	N	N	N	N	N	N	N	N	N	N	N	N	N	N	4.0657	51.9851	11.9499	41.5446	57.4086	0.0000	5.5182	47.3924	22.4120	48.8278	0.1934	266.9943	0.1779	0.2517	0.0000	68.8889	0.1737	503.2757	12.0096	0.0037	22.3428	0.0043	0.0044	0.0030	12.4840	0.0037	22.4556	307.7862	6978.5970	0.0017	0.4466	1.0076	0.0077	9.0109	8.0757	0.0040	0.0000	0.0040	0.0000	0.0000	0.0000	0.0040	0.0000	0.0040	0.9889	0.0001	0.9887	0.0000	0.0000	0.0000	0.9889	0.0001	0.9887	0.0001	0.0001	0.0000	0.0000	0.0000	0.0000	0.0001	0.0001	0.0000	0.0823	0.0381	0.0443	0.0031	0.0029	0.0002	0.0792	0.0352	0.0440
14	102	0.0225	3	2	0	1	0	0	0	0	0	0	0	1	0	0	0	0	0	0	0	Y	N	N	N	N	N	N	N	N	N	N	N	N	N	N	N	N	N	19.6370	49.1475	2.3466	1.6607	2.0658	inf	30.4891	inf	4.2553	0.3371	0.4052	0.0581	0.1838	0.2450	0.0016	0.4223	0.4850	0.1059	0.0172	0.0082	0.0248	0.1107	0.1186	0.0000	0.0138	0.0000	0.0249	0.0350	3.5259	-0.0000	0.0000	1.0076	0.0011	9.0109	1.0060	0.0000	0.0000	0.0000	0.0000	0.0000	0.0000	0.0000	0.0000	0.0000	0.0002	0.0000	0.0001	0.0000	0.0000	0.0000	0.0001	0.0000	0.0001	0.0000	0.0000	0.0000	0.0000	0.0000	0.0000	0.0000	0.0000	0.0000	0.0104	0.0048	0.0056	0.0004	0.0003	0.0000	0.0101	0.0045	0.0056
14	113	0.0225	3	2	0	1	0	0	0	0	0	0	0	1	0	0	0	0	0	0	0	Y	N	N	N	N	N	N	N	N	N	N	N	N	N	N	N	N	N	0.2160	4.1170	0.4764	3.8244	4.3745	2.0458	0.1890	4.9766	0.5031	0.0499	0.0240	0.2013	0.1435	0.1703	0.0370	0.0449	0.0168	0.2135	0.2308	0.0058	0.4226	0.0375	0.0389	0.0181	0.2376	0.0034	0.4244	1.4369	85.1933	0.0000	0.0049	1.0076	0.0182	9.0109	4.6661	0.0000	0.0000	0.0000	0.0000	0.0000	0.0000	0.0000	0.0000	0.0000	0.0111	0.0001	0.0109	0.0001	0.0001	0.0000	0.0110	0.0001	0.0109	0.0001	0.0001	0.0000	0.0000	0.0000	0.0000	0.0001	0.0001	0.0000	0.0479	0.0221	0.0259	0.0016	0.0015	0.0001	0.0463	0.0205	0.0258
14	114	0.0225	2	2	0	1	0	0	0	0	0	0	0	1	0	0	0	0	0	0	0	Y	N	N	N	N	N	N	N	N	N	N	N	N	N	N	N	N	N	0.0433	0.0537	0.0209	0.0157	0.0208	0.0101	0.0750	inf	0.0520	0.1936	0.2200	0.1028	0.1810	0.2419	0.0022	0.2082	0.1965	0.2575	4.4757	4.0980	4.9301	11.5417	11.6541	0.2139	2.7757	0.0000	4.9500	0.1361	1.0000	-0.0000	-0.0000	1.0076	0.0004	9.0109	0.0007	0.0000	0.0000	0.0000	0.0000	0.0000	0.0000	0.0000	0.0000	0.0000	0.0001	0.0000	0.0000	0.0000	0.0000	0.0000	0.0000	0.0000	0.0000	0.0000	0.0000	0.0000	0.0000	0.0000	0.0000	0.0000	0.0000	0.0000	0.0000	0.0000	0.0000	0.0000	0.0000	0.0000	0.0000	0.0000	0.0000
14	121	0.0813	10	2	0	1	0	0	0	0	0	0	0	1	0	0	0	0	0	0	0	Y	N	N	N	N	N	N	N	N	N	N	N	N	N	N	N	N	N	0.0000	0.0000	0.0000	0.0000	0.0000	0.0000	0.0000	0.0000	0.0000	0.0000	0.0000	0.0000	0.0000	0.0000	0.0000	0.0000	0.0000	0.0000	0.0198	0.0181	0.0221	0.0250	0.0258	0.0001	0.0170	0.0063	0.0227		0.9310	0.0000	-0.0000	1.0076	0.0000	9.0109	1.2022	0.0000	0.0000	0.0000	0.0000	0.0000	0.0000	0.0000	0.0000	0.0000	0.0006	0.0003	0.0003	0.0002	0.0002	0.0000	0.0003	0.0000	0.0003	0.0000	0.0000	0.0000	0.0000	0.0000	0.0000	0.0000	0.0000	0.0000	0.0282	0.0160	0.0122	0.0100	0.0097	0.0003	0.0182	0.0063	0.0119
14	122	0.0600	9	2	0	1	0	1	0	0	0	0	0	1	0	0	0	0	0	0	0	Y	N	N	N	N	N	N	N	N	N	N	N	N	N	N	N	N	N	0.0000	0.0000	0.0000	0.0000	0.0000	0.0000	0.0000	0.0000	0.0000	0.0000	0.0000	0.0000	0.0000	0.0000	0.0000	0.0000	0.0000	0.0000	2.4150	0.0153	5.2913	0.0344	0.0371	0.0036	3.0591	0.0031	5.5033		289.0268	0.0000	0.1709	1.0076	0.0041	9.0109	12.5856	0.0000	0.0000	0.0000	0.0000	0.0000	0.0000	0.0000	0.0000	0.0000	0.3812	0.0013	0.3798	0.0012	0.0011	0.0000	0.3800	0.0002	0.3798	0.0001	0.0000	0.0000	0.0000	0.0000	0.0000	0.0000	0.0000	0.0000	0.1578	0.0860	0.0718	0.0336	0.0308	0.0028	0.1242	0.0552	0.0690
15	25	0.1435	19	1	0	0	1	0	0	0	1	0	1	1	2	0	0	0	0	0	0	N	N	N	N	N	Y	N	N	N	N	N	N	N	N	N	N	N	N	0.0000	0.0000	0.0000	0.0000	0.0000	0.0000	0.0000	0.0000	0.0000	0.0000	0.0000	0.0000	0.0000	0.0000	0.0000	0.0000	0.0000	0.0000	0.0000	0.0000	0.0000	0.0000	0.0000	0.0000	0.0000	0.0000	0.0000			0.0000	0.0000	0.0012	0.9999	2.9951	1.0788	0.0000	0.0000	0.0000	0.0000	0.0000	0.0000	0.0000	0.0000	0.0000	0.0000	0.0000	0.0000	0.0000	0.0000	0.0000	0.0000	0.0000	0.0000	0.0000	0.0000	0.0000	0.0000	0.0000	0.0000	0.0000	0.0000	0.0000	0.0065	0.0035	0.0030	0.0016	0.0013	0.0003	0.0049	0.0022	0.0027
15	35	0.1310	17	0	0	1	0	0	0	1	0	0	2	0	2	0	0	0	0	0	0	N	N	N	N	N	Y	N	N	N	N	N	N	N	N	N	N	N	N	0.0000	0.0000	0.0000	0.0000	0.0000	0.0000	0.0000	0.0000	0.0000	0.0000	0.0000	0.0000	0.0000	0.0000	0.0000	0.0000	0.0000	0.0000	0.2138	0.0000	0.4638	0.0000	0.0000	0.0000	0.2853	0.0000	0.4929		1170840.5000	0.0000	0.0006	0.0012	0.0023	2.9951	1.9232	0.0000	0.0000	0.0000	0.0000	0.0000	0.0000	0.0000	0.0000	0.0000	0.0014	0.0000	0.0014	0.0000	0.0000	0.0000	0.0014	0.0000	0.0014	0.0000	0.0000	0.0000	0.0000	0.0000	0.0000	0.0000	0.0000	0.0000	0.0066	0.0035	0.0030	0.0016	0.0015	0.0002	0.0049	0.0021	0.0029
15	42	0.1324	15	1	0	0	0	0	0	0	0	0	2	0	2	0	0	0	0	0	0	N	N	N	N	N	Y	N	N	N	N	N	N	N	N	N	N	N	N	0.0000	0.0000	0.0000	0.0000	0.0000	0.0000	0.0000	0.0000	0.0000	0.0000	0.0000	0.0000	0.0000	0.0000	0.0000	0.0000	0.0000	0.0000	0.0000	0.0000	0.0000	0.0000	0.0000	0.0000	0.0000	0.0000	0.0000			0.0000	0.0000	0.0012	0.0000	2.9951	0.0011	0.0000	0.0000	0.0000	0.0000	0.0000	0.0000	0.0000	0.0000	0.0000	0.0000	0.0000	0.0000	0.0000	0.0000	0.0000	0.0000	0.0000	0.0000	0.0000	0.0000	0.0000	0.0000	0.0000	0.0000	0.0000	0.0000	0.0000	0.0000	0.0000	0.0000	0.0000	0.0000	0.0000	0.0000	0.0000	0.0000
15	44	0.1276	20	1	0	0	1	0	0	0	0	0	1	1	2	0	0	0	0	0	0	N	N	N	N	N	Y	N	N	N	N	N	N	N	N	N	N	N	N	0.0000	0.0000	0.0000	0.0000	0.0000	0.0000	0.0000	0.0000	0.0000	0.0000	0.0000	0.0000	0.0000	0.0000	0.0000	0.0000	0.0000	0.0000	0.0002	0.0004	0.0000	0.0008	0.0010	0.0000	0.0000	0.0000	0.0000		0.0000	0.0000	-0.0000	0.0012	7.0030	2.9951	25.8862	0.0000	0.0000	0.0000	0.0000	0.0000	0.0000	0.0000	0.0000	0.0000	0.0000	0.0000	0.0000	0.0000	0.0000	0.0000	0.0000	0.0000	0.0000	0.0002	0.0001	0.0000	0.0001	0.0001	0.0000	0.0001	0.0001	0.0000	0.0942	0.0517	0.0425	0.0239	0.0200	0.0038	0.0704	0.0317	0.0387
15	48	0.1276	20	1	0	0	1	0	0	0	0	0	1	1	2	0	0	0	0	0	0	N	N	N	N	N	Y	N	N	N	N	N	N	N	N	N	N	N	N	0.0000	0.0000	0.0000	0.0000	0.0000	0.0000	0.0000	0.0000	0.0000	0.0000	0.0000	0.0000	0.0000	0.0000	0.0000	0.0000	0.0000	0.0000	0.0006	0.0010	0.0000	0.0020	0.0023	0.0000	0.0000	0.0000	0.0000		0.0000	0.0000	-0.0000	0.0012	1.7572	2.9951	7.6758	0.0000	0.0000	0.0000	0.0000	0.0000	0.0000	0.0000	0.0000	0.0000	0.0000	0.0000	0.0000	0.0000	0.0000	0.0000	0.0000	0.0000	0.0000	0.0000	0.0000	0.0000	0.0000	0.0000	0.0000	0.0000	0.0000	0.0000	0.0340	0.0198	0.0142	0.0100	0.0088	0.0012	0.0241	0.0111	0.0130
15	49	0.1187	19	1	0	0	1	0	0	0	1	0	1	1	2	0	0	0	0	0	0	N	N	N	N	N	Y	N	N	N	N	N	N	N	N	N	N	N	N	0.0000	0.0000	0.0000	0.0000	0.0000	0.0000	0.0000	0.0000	0.0000	0.0000	0.0000	0.0000	0.0000	0.0000	0.0000	0.0000	0.0000	0.0000	0.0008	0.0007	0.0010	0.0000	0.0000	0.0000	0.0012	0.0012	0.0011		0.9984	0.0000	-0.0000	0.0012	1.2605	2.9951	5.3560	0.0000	0.0000	0.0000	0.0000	0.0000	0.0000	0.0000	0.0000	0.0000	0.0000	0.0000	0.0000	0.0000	0.0000	0.0000	0.0000	0.0000	0.0000	0.0000	0.0000	0.0000	0.0000	0.0000	0.0000	0.0000	0.0000	0.0000	0.0237	0.0137	0.0100	0.0065	0.0057	0.0008	0.0172	0.0080	0.0092
15	50	0.1187	19	1	0	0	0	0	0	0	0	0	1	1	2	0	0	0	0	0	0	N	N	N	N	N	Y	N	N	N	N	N	N	N	N	N	N	N	N	0.0000	0.0000	0.0000	0.0000	0.0000	0.0000	0.0000	0.0000	0.0000	0.0000	0.0000	0.0000	0.0000	0.0000	0.0000	0.0000	0.0000	0.0000	0.0000	0.0000	0.0000	0.0000	0.0000	0.0000	0.0000	0.0000	0.0000			0.0000	0.0000	0.0012	1.0001	2.9951	7.4568	0.0000	0.0000	0.0000	0.0000	0.0000	0.0000	0.0000	0.0000	0.0000	0.0000	0.0000	0.0000	0.0000	0.0000	0.0000	0.0000	0.0000	0.0000	0.0000	0.0000	0.0000	0.0000	0.0000	0.0000	0.0000	0.0000	0.0000	0.0289	0.0164	0.0125	0.0077	0.0066	0.0010	0.0213	0.0098	0.0115
15	51	0.1142	18	1	0	0	0	0	0	0	0	0	2	1	2	0	0	0	0	0	0	N	N	N	N	N	Y	N	N	N	N	N	N	N	N	N	N	N	N	0.0000	0.0000	0.0000	0.0000	0.0000	0.0000	0.0000	0.0000	0.0000	0.0000	0.0000	0.0000	0.0000	0.0000	0.0000	0.0000	0.0000	0.0000	0.0000	0.0000	0.0000	0.0000	0.0000	0.0000	0.0000	0.0000	0.0000			0.0000	0.0000	0.0012	0.0061	2.9951	2.7591	0.0000	0.0000	0.0000	0.0000	0.0000	0.0000	0.0000	0.0000	0.0000	0.0000	0.0000	0.0000	0.0000	0.0000	0.0000	0.0000	0.0000	0.0000	0.0000	0.0000	0.0000	0.0000	0.0000	0.0000	0.0000	0.0000	0.0000	0.0186	0.0123	0.0063	0.0081	0.0071	0.0009	0.0105	0.0052	0.0053
15	52	0.1173	16	1	0	0	0	0	0	0	0	0	2	0	2	0	0	0	0	0	0	N	N	N	N	N	Y	N	N	N	N	N	N	N	N	N	N	N	N	0.0000	0.0000	0.0000	0.0000	0.0000	0.0000	0.0000	0.0000	0.0000	0.0000	0.0000	0.0000	0.0000	0.0000	0.0000	0.0000	0.0000	0.0000	0.0004	0.0000	0.0008	0.0000	0.0000	0.0000	0.0005	0.0000	0.0008		inf	0.0000	0.0000	0.0012	1.0020	2.9951	7.2599	0.0000	0.0000	0.0000	0.0000	0.0000	0.0000	0.0000	0.0000	0.0000	0.0000	0.0000	0.0000	0.0000	0.0000	0.0000	0.0000	0.0000	0.0000	0.0000	0.0000	0.0000	0.0000	0.0000	0.0000	0.0000	0.0000	0.0000	0.0268	0.0141	0.0126	0.0046	0.0042	0.0004	0.0222	0.0100	0.0122
15	57	0.1515	21	1	0	1	1	0	0	0	1	0	1	1	2	0	0	0	0	0	0	N	N	N	N	N	Y	N	N	N	N	N	N	N	N	N	N	N	N	0.0000	0.0000	0.0000	0.0000	0.0000	0.0000	0.0000	0.0000	0.0000	0.0000	0.0000	0.0000	0.0000	0.0000	0.0000	0.0000	0.0000	0.0000	0.0000	0.0000	0.0000	0.0000	0.0000	0.0000	0.0000	0.0000	0.0000			0.0000	0.0000	0.0012	0.0000	2.9951	0.0000	0.0000	0.0000	0.0000	0.0000	0.0000	0.0000	0.0000	0.0000	0.0000	0.0000	0.0000	0.0000	0.0000	0.0000	0.0000	0.0000	0.0000	0.0000	0.0000	0.0000	0.0000	0.0000	0.0000	0.0000	0.0000	0.0000	0.0000	0.0000	0.0000	0.0000	0.0000	0.0000	0.0000	0.0000	0.0000	0.0000
15	58	0.1515	21	1	0	1	0	0	0	0	0	0	1	1	2	0	0	0	0	0	0	N	N	N	N	N	Y	N	N	N	N	N	N	N	N	N	N	N	N	0.0000	0.0000	0.0000	0.0000	0.0000	0.0000	0.0000	0.0000	0.0000	0.0000	0.0000	0.0000	0.0000	0.0000	0.0000	0.0000	0.0000	0.0000	0.0000	0.0000	0.0000	0.0000	0.0000	0.0000	0.0000	0.0000	0.0000			0.0000	0.0000	0.0012	0.0000	2.9951	0.0000	0.0000	0.0000	0.0000	0.0000	0.0000	0.0000	0.0000	0.0000	0.0000	0.0000	0.0000	0.0000	0.0000	0.0000	0.0000	0.0000	0.0000	0.0000	0.0000	0.0000	0.0000	0.0000	0.0000	0.0000	0.0000	0.0000	0.0000	0.0000	0.0000	0.0000	0.0000	0.0000	0.0000	0.0000	0.0000	0.0000
15	59	0.1466	20	1	0	1	0	0	0	1	0	0	1	1	2	0	0	0	0	0	0	N	N	N	N	N	Y	N	N	N	N	N	N	N	N	N	N	N	N	0.0000	0.0000	0.0000	0.0000	0.0000	0.0000	0.0000	0.0000	0.0000	0.0000	0.0000	0.0000	0.0000	0.0000	0.0000	0.0000	0.0000	0.0000	0.0000	0.0000	0.0000	0.0000	0.0000	0.0000	0.0000	0.0000	0.0000			0.0000	0.0000	0.0012	0.0001	2.9951	3.0507	0.0000	0.0000	0.0000	0.0000	0.0000	0.0000	0.0000	0.0000	0.0000	0.0000	0.0000	0.0000	0.0000	0.0000	0.0000	0.0000	0.0000	0.0000	0.0000	0.0000	0.0000	0.0000	0.0000	0.0000	0.0000	0.0000	0.0000	0.0094	0.0050	0.0044	0.0022	0.0019	0.0004	0.0072	0.0032	0.0040
15	67	0.1314	23	1	0	1	0	0	0	0	0	0	2	0	2	0	0	0	0	0	0	N	N	N	N	N	Y	N	N	N	N	N	N	N	N	N	N	N	N	0.0000	0.0000	0.0000	0.0000	0.0000	0.0000	0.0000	0.0000	0.0000	0.0000	0.0000	0.0000	0.0000	0.0000	0.0000	0.0000	0.0000	0.0000	0.0000	0.0000	0.0000	0.0000	0.0000	0.0000	0.0000	0.0000	0.0000			0.0000	0.0000	0.0012	0.0010	2.9951	8.0699	0.0000	0.0000	0.0000	0.0000	0.0000	0.0000	0.0000	0.0000	0.0000	0.0000	0.0000	0.0000	0.0000	0.0000	0.0000	0.0000	0.0000	0.0000	0.0000	0.0000	0.0000	0.0000	0.0000	0.0000	0.0000	0.0000	0.0000	0.0250	0.0135	0.0115	0.0061	0.0053	0.0009	0.0188	0.0082	0.0106
15	70	0.1214	19	1	0	0	0	0	0	0	0	0	2	1	2	0	0	0	0	0	0	N	N	N	N	N	Y	N	N	N	N	N	N	N	N	N	N	N	N	0.0000	0.0000	0.0000	0.0000	0.0000	0.0000	0.0000	0.0000	0.0000	0.0000	0.0000	0.0000	0.0000	0.0000	0.0000	0.0000	0.0000	0.0000	0.0003	0.0005	0.0000	0.0010	0.0011	0.0000	0.0000	0.0000	0.0000		0.0000	0.0000	-0.0000	0.0012	2.3581	2.9951	7.4584	0.0000	0.0000	0.0000	0.0000	0.0000	0.0000	0.0000	0.0000	0.0000	0.0000	0.0000	0.0000	0.0000	0.0000	0.0000	0.0000	0.0000	0.0000	0.0001	0.0001	0.0000	0.0000	0.0000	0.0000	0.0000	0.0000	0.0000	0.0358	0.0202	0.0156	0.0105	0.0092	0.0013	0.0254	0.0110	0.0143
15	78	0.1078	14	1	0	0	0	0	0	0	0	0	2	0	2	0	0	0	0	0	0	N	N	N	N	N	Y	N	N	N	N	N	N	N	N	N	N	N	N	0.0000	0.0000	0.0000	0.0000	0.0000	0.0000	0.0000	0.0000	0.0000	0.0000	0.0000	0.0000	0.0000	0.0000	0.0000	0.0000	0.0000	0.0000	0.4338	0.8210	0.0000	2.1992	2.5075	0.0000	0.0000	0.0000	0.0000		0.0000	0.0000	-0.0090	0.0012	0.0166	2.9951	12.2009	0.0000	0.0000	0.0000	0.0000	0.0000	0.0000	0.0000	0.0000	0.0000	0.0165	0.0165	0.0000	0.0165	0.0165	0.0000	0.0000	0.0000	0.0000	0.0000	0.0000	0.0000	0.0000	0.0000	0.0000	0.0000	0.0000	0.0000	0.0380	0.0201	0.0179	0.0075	0.0066	0.0009	0.0305	0.0135	0.0170
15	87	0.1396	21	1	0	1	0	0	0	1	0	0	1	1	2	0	0	0	0	0	0	N	N	N	N	N	Y	N	N	N	N	N	N	N	N	N	N	N	N	0.0000	0.0000	0.0000	0.0000	0.0000	0.0000	0.0000	0.0000	0.0000	0.0000	0.0000	0.0000	0.0000	0.0000	0.0000	0.0000	0.0000	0.0000	0.0000	0.0000	0.0000	0.0000	0.0000	0.0000	0.0000	0.0000	0.0000		0.0000	0.0000	-0.0000	0.0012	0.0022	2.9951	6.6376	0.0000	0.0000	0.0000	0.0000	0.0000	0.0000	0.0000	0.0000	0.0000	0.0000	0.0000	0.0000	0.0000	0.0000	0.0000	0.0000	0.0000	0.0000	0.0000	0.0000	0.0000	0.0000	0.0000	0.0000	0.0000	0.0000	0.0000	0.0240	0.0136	0.0104	0.0073	0.0065	0.0008	0.0167	0.0071	0.0096
15	88	0.1251	20	1	0	0	0	0	0	0	0	0	1	1	2	0	0	0	0	0	0	N	N	N	N	N	Y	N	N	N	N	N	N	N	N	N	N	N	N	0.0000	0.0000	0.0000	0.0000	0.0000	0.0000	0.0000	0.0000	0.0000	0.0000	0.0000	0.0000	0.0000	0.0000	0.0000	0.0000	0.0000	0.0000	0.0011	0.0019	0.0000	0.0036	0.0040	0.0000	0.0000	0.0000	0.0000		0.0000	0.0000	-0.0000	0.0012	1.0173	2.9951	8.6136	0.0000	0.0000	0.0000	0.0000	0.0000	0.0000	0.0000	0.0000	0.0000	0.0000	0.0000	0.0000	0.0000	0.0000	0.0000	0.0000	0.0000	0.0000	0.0000	0.0000	0.0000	0.0000	0.0000	0.0000	0.0000	0.0000	0.0000	0.0370	0.0213	0.0157	0.0110	0.0099	0.0010	0.0261	0.0114	0.0147
15	90	0.1251	20	1	0	0	0	0	0	0	0	0	1	1	2	0	0	0	0	0	0	N	N	N	N	N	Y	N	N	N	N	N	N	N	N	N	N	N	N	0.0000	0.0000	0.0000	0.0000	0.0000	0.0000	0.0000	0.0000	0.0000	0.0000	0.0000	0.0000	0.0000	0.0000	0.0000	0.0000	0.0000	0.0000	0.0000	0.0000	0.0000	0.0000	0.0000	0.0000	0.0000	0.0000	0.0000		inf	0.0000	0.0000	0.0012	2.0138	2.9951	11.8132	0.0000	0.0000	0.0000	0.0000	0.0000	0.0000	0.0000	0.0000	0.0000	0.0000	0.0000	0.0000	0.0000	0.0000	0.0000	0.0000	0.0000	0.0000	0.0000	0.0000	0.0000	0.0000	0.0000	0.0000	0.0000	0.0000	0.0000	0.0483	0.0273	0.0211	0.0134	0.0120	0.0015	0.0349	0.0153	0.0196
15	91	0.1166	19	1	0	0	0	0	0	0	0	1	2	1	2	0	0	0	0	0	0	N	N	N	N	N	Y	N	N	N	N	N	N	N	N	N	N	N	N	0.0000	0.0000	0.0000	0.0000	0.0000	0.0000	0.0000	0.0000	0.0000	0.0000	0.0000	0.0000	0.0000	0.0000	0.0000	0.0000	0.0000	0.0000	0.0000	0.0000	0.0000	0.0000	0.0000	0.0000	0.0000	0.0000	0.0000		0.0107	0.0000	-0.0000	0.0012	1.9725	2.9951	4.2763	0.0000	0.0000	0.0000	0.0000	0.0000	0.0000	0.0000	0.0000	0.0000	0.0000	0.0000	0.0000	0.0000	0.0000	0.0000	0.0000	0.0000	0.0000	0.0000	0.0000	0.0000	0.0000	0.0000	0.0000	0.0000	0.0000	0.0000	0.0240	0.0137	0.0102	0.0070	0.0063	0.0007	0.0170	0.0074	0.0095
15	93	0.1216	16	0	0	0	0	0	0	0	0	0	1	0	2	0	0	0	0	0	0	N	N	N	N	N	Y	N	N	N	N	N	N	N	N	N	N	N	N	0.0000	0.0000	0.0000	0.0000	0.0000	0.0000	0.0000	0.0000	0.0000	0.0000	0.0000	0.0000	0.0000	0.0000	0.0000	0.0000	0.0000	0.0000	0.0000	0.0000	0.0000	0.0000	0.0000	0.0000	0.0000	0.0000	0.0000			0.0000	0.0000	0.0012	0.0000	2.9951	0.9594	0.0000	0.0000	0.0000	0.0000	0.0000	0.0000	0.0000	0.0000	0.0000	0.0000	0.0000	0.0000	0.0000	0.0000	0.0000	0.0000	0.0000	0.0000	0.0000	0.0000	0.0000	0.0000	0.0000	0.0000	0.0000	0.0000	0.0000	0.0031	0.0016	0.0014	0.0006	0.0005	0.0001	0.0025	0.0011	0.0014
15	94	0.0902	15	0	0	0	0	0	0	0	0	0	2	0	2	0	0	0	0	0	0	N	N	N	N	N	Y	N	N	N	N	N	N	N	N	N	N	N	N	0.0000	0.0000	0.0000	0.0000	0.0000	0.0000	0.0000	0.0000	0.0000	0.0000	0.0000	0.0000	0.0000	0.0000	0.0000	0.0000	0.0000	0.0000	0.0000	0.0000	0.0000	0.0000	0.0000	0.0000	0.0000	0.0000	0.0000			0.0000	0.0000	0.0012	0.0000	2.9951	18.8906	0.0000	0.0000	0.0000	0.0000	0.0000	0.0000	0.0000	0.0000	0.0000	0.0000	0.0000	0.0000	0.0000	0.0000	0.0000	0.0000	0.0000	0.0000	0.0000	0.0000	0.0000	0.0000	0.0000	0.0000	0.0000	0.0000	0.0000	0.0624	0.0337	0.0287	0.0115	0.0105	0.0011	0.0508	0.0232	0.0276
15	98	0.1466	20	1	0	0	1	0	0	0	1	0	1	1	2	0	0	0	0	0	0	N	N	N	N	N	Y	N	N	N	N	N	N	N	N	N	N	N	N	0.0000	0.0000	0.0000	0.0000	0.0000	0.0000	0.0000	0.0000	0.0000	0.0000	0.0000	0.0000	0.0000	0.0000	0.0000	0.0000	0.0000	0.0000	0.0000	0.0000	0.0000	0.0000	0.0000	0.0000	0.0000	0.0000	0.0000			0.0000	0.0000	0.0012	2.9999	2.9951	3.9821	0.0000	0.0000	0.0000	0.0000	0.0000	0.0000	0.0000	0.0000	0.0000	0.0000	0.0000	0.0000	0.0000	0.0000	0.0000	0.0000	0.0000	0.0000	0.0001	0.0001	0.0000	0.0000	0.0000	0.0000	0.0000	0.0000	0.0000	0.0207	0.0110	0.0097	0.0048	0.0039	0.0008	0.0159	0.0071	0.0089
15	99	0.1435	19	1	0	0	0	0	0	0	0	0	1	1	2	0	0	0	0	0	0	N	N	N	N	N	Y	N	N	N	N	N	N	N	N	N	N	N	N	0.0000	0.0000	0.0000	0.0000	0.0000	0.0000	0.0000	0.0000	0.0000	0.0000	0.0000	0.0000	0.0000	0.0000	0.0000	0.0000	0.0000	0.0000	0.0000	0.0000	0.0000	0.0000	0.0000	0.0000	0.0000	0.0000	0.0000			0.0000	0.0000	0.0012	0.0003	2.9951	2.0601	0.0000	0.0000	0.0000	0.0000	0.0000	0.0000	0.0000	0.0000	0.0000	0.0000	0.0000	0.0000	0.0000	0.0000	0.0000	0.0000	0.0000	0.0000	0.0000	0.0000	0.0000	0.0000	0.0000	0.0000	0.0000	0.0000	0.0000	0.0064	0.0035	0.0029	0.0016	0.0013	0.0003	0.0049	0.0022	0.0027
15	100	0.1237	18	1	0	0	0	0	0	0	0	1	2	1	2	0	0	0	0	0	0	N	N	N	N	N	Y	N	N	N	N	N	N	N	N	N	N	N	N	0.0000	0.0000	0.0000	0.0000	0.0000	0.0000	0.0000	0.0000	0.0000	0.0000	0.0000	0.0000	0.0000	0.0000	0.0000	0.0000	0.0000	0.0000	0.0003	0.0005	0.0000	0.0011	0.0013	0.0000	0.0000	0.0000	0.0000		0.0000	0.0000	-0.0000	0.0012	3.0014	2.9951	9.1620	0.0000	0.0000	0.0000	0.0000	0.0000	0.0000	0.0000	0.0000	0.0000	0.0000	0.0000	0.0000	0.0000	0.0000	0.0000	0.0000	0.0000	0.0000	0.0001	0.0001	0.0000	0.0000	0.0000	0.0000	0.0000	0.0000	0.0000	0.0379	0.0202	0.0177	0.0088	0.0075	0.0013	0.0291	0.0127	0.0164
15	132	0.0097	2	0	0	0	0	0	0	0	0	0	2	0	2	0	0	0	0	0	0	N	N	N	N	N	Y	N	N	N	N	N	N	N	N	N	N	N	N	22.4394	20.2484	0.0000	1.0978	1.0847	0.0000	0.0000	0.0000	0.0000	0.2488	0.4935	0.0000	0.4988	0.4988	0.0000	0.0000	0.0000	0.0000	0.0111	0.0244	0.0000	0.4544	0.4599	0.0000	0.0000	0.0000	0.0000	0.0000	0.0000	-0.0000	-0.0000	0.0012	0.0075	2.9951	1.9743	0.0000	0.0000	0.0000	0.0000	0.0000	0.0000	0.0000	0.0000	0.0000	0.0001	0.0001	0.0000	0.0001	0.0001	0.0000	0.0000	0.0000	0.0000	0.0000	0.0000	0.0000	0.0000	0.0000	0.0000	0.0000	0.0000	0.0000	0.0062	0.0028	0.0034	0.0002	0.0002	0.0000	0.0061	0.0027	0.0034
15	134	0.0149	4	0	0	0	0	0	0	0	0	0	2	0	2	0	0	0	0	0	0	N	N	N	N	N	Y	N	N	N	N	N	N	N	N	N	N	N	N	9.7654	6.1703	0.0000	1.5176	1.5026	0.0000	0.0000	0.0000	0.0000	0.0711	0.0937	0.0000	0.1852	0.1854	0.0000	0.0000	0.0000	0.0000	0.0073	0.0152	0.0000	0.1220	0.1234	0.0000	0.0000	0.0000	0.0000	0.0000	0.0000	-0.0000	-0.0001	0.0012	2.0569	2.9951	5.7592	0.0000	0.0000	0.0000	0.0000	0.0000	0.0000	0.0000	0.0000	0.0000	0.0002	0.0002	0.0000	0.0002	0.0002	0.0000	0.0000	0.0000	0.0000	0.0001	0.0001	0.0000	0.0000	0.0000	0.0000	0.0000	0.0000	0.0000	0.0259	0.0124	0.0135	0.0015	0.0015	0.0000	0.0244	0.0109	0.0135
15	135	0.0134	3	0	0	0	0	0	0	0	0	0	2	0	2	0	0	0	0	0	0	N	N	N	N	N	Y	N	N	N	N	N	N	N	N	N	N	N	N	0.0034	0.0023	0.0000	20.4130	20.1280	0.0000	0.0000	0.0000	0.0000	0.1081	0.1533	0.0000	0.2665	0.2666	0.0000	0.0000	0.0000	0.0000	31.5424	66.7235	0.0001	0.0131	0.0132	0.0000	33.1468	74.2129	0.0001	0.0000	0.0000	-0.0000	-0.5468	0.0012	1.0111	2.9951	8.8059	0.0000	0.0000	0.0000	0.0000	0.0000	0.0000	0.0000	0.0000	0.0000	0.9974	0.9974	0.0000	0.0000	0.0000	0.0000	0.9974	0.9974	0.0000	0.0000	0.0000	0.0000	0.0000	0.0000	0.0000	0.0000	0.0000	0.0000	0.0316	0.0149	0.0167	0.0015	0.0015	0.0000	0.0301	0.0134	0.0167
16	25	0.0582	10	2	0	1	1	0	0	0	1	0	0	1	1	0	0	0	0	0	0	Y	N	N	N	N	N	N	N	N	N	N	N	N	N	N	N	N	N	0.0000	0.0000	0.0000	0.0000	0.0000	0.0000	0.0000	0.0000	0.0000	0.0000	0.0000	0.0000	0.0000	0.0000	0.0000	0.0000	0.0000	0.0000	0.0001	0.0001	0.0000	0.0005	0.0006	0.0000	0.0000	0.0000	0.0000		0.2085	0.0000	-0.0000	0.0000	0.9999	7.0598	1.0788	0.0000	0.0000	0.0000	0.0000	0.0000	0.0000	0.0000	0.0000	0.0000	0.0000	0.0000	0.0000	0.0000	0.0000	0.0000	0.0000	0.0000	0.0000	0.0000	0.0000	0.0000	0.0000	0.0000	0.0000	0.0000	0.0000	0.0000	0.0161	0.0080	0.0081	0.0021	0.0019	0.0002	0.0140	0.0061	0.0079
16	42	0.1324	22	2	0	1	0	0	0	0	0	0	1	0	1	0	0	0	0	0	0	Y	N	N	N	N	N	N	N	N	N	N	N	N	N	N	N	N	N	0.0000	0.0000	0.0000	0.0000	0.0000	0.0000	0.0000	0.0000	0.0000	0.0000	0.0000	0.0000	0.0000	0.0000	0.0000	0.0000	0.0000	0.0000	0.0000	0.0000	0.0000	0.0000	0.0000	0.0000	0.0000	0.0000	0.0000			0.0000	0.0000	0.0000	0.0000	7.0598	0.0011	0.0000	0.0000	0.0000	0.0000	0.0000	0.0000	0.0000	0.0000	0.0000	0.0000	0.0000	0.0000	0.0000	0.0000	0.0000	0.0000	0.0000	0.0000	0.0000	0.0000	0.0000	0.0000	0.0000	0.0000	0.0000	0.0000	0.0000	0.0000	0.0000	0.0000	0.0000	0.0000	0.0000	0.0000	0.0000	0.0000
16	44	0.0423	11	2	0	1	1	0	0	0	0	0	0	1	1	0	0	0	0	0	0	Y	N	N	N	N	N	N	N	N	N	N	N	N	N	N	N	N	N	0.0000	0.0000	0.0000	0.0000	0.0000	0.0000	0.0000	0.0000	0.0000	0.0000	0.0000	0.0000	0.0000	0.0000	0.0000	0.0000	0.0000	0.0000	0.0214	0.0435	0.0001	0.2183	0.2435	0.0000	0.0008	0.0016	0.0001		0.0021	0.0000	-0.0027	0.0000	7.0030	7.0598	25.8862	0.0000	0.0000	0.0000	0.0000	0.0000	0.0000	0.0000	0.0000	0.0000	0.0049	0.0049	0.0000	0.0047	0.0047	0.0000	0.0002	0.0001	0.0000	0.0000	0.0000	0.0000	0.0000	0.0000	0.0000	0.0000	0.0000	0.0000	0.2273	0.1119	0.1154	0.0216	0.0194	0.0022	0.2057	0.0925	0.1132
16	48	0.0423	11	2	0	1	1	0	0	0	0	0	0	1	1	0	0	0	0	0	0	Y	N	N	N	N	N	N	N	N	N	N	N	N	N	N	N	N	N	0.0000	0.0000	0.0000	0.0000	0.0000	0.0000	0.0000	0.0000	0.0000	0.0000	0.0000	0.0000	0.0000	0.0000	0.0000	0.0000	0.0000	0.0000	0.0030	0.0055	0.0001	0.0071	0.0075	0.0003	0.0022	0.0047	0.0001		0.0223	0.0000	-0.0001	0.0000	1.7572	7.0598	7.6758	0.0000	0.0000	0.0000	0.0000	0.0000	0.0000	0.0000	0.0000	0.0000	0.0002	0.0002	0.0000	0.0001	0.0001	0.0000	0.0002	0.0001	0.0000	0.0000	0.0000	0.0000	0.0000	0.0000	0.0000	0.0000	0.0000	0.0000	0.0821	0.0437	0.0384	0.0128	0.0121	0.0007	0.0693	0.0316	0.0377
16	49	0.0334	10	2	0	1	1	0	0	0	1	0	0	1	1	0	0	0	0	0	0	Y	N	N	N	N	N	N	N	N	N	N	N	N	N	N	N	N	N	0.0000	0.0000	0.0000	0.0000	0.0000	0.0000	0.0000	0.0000	0.0000	0.0000	0.0000	0.0000	0.0000	0.0000	0.0000	0.0000	0.0000	0.0000	0.1502	0.2828	0.0030	0.3102	0.3234	0.1075	0.1258	0.2702	0.0012		0.0097	0.0000	-0.0046	0.0000	1.2605	7.0598	5.3560	0.0000	0.0000	0.0000	0.0000	0.0000	0.0000	0.0000	0.0000	0.0000	0.0086	0.0085	0.0001	0.0023	0.0023	0.0000	0.0062	0.0062	0.0000	0.0000	0.0000	0.0000	0.0000	0.0000	0.0000	0.0000	0.0000	0.0000	0.0569	0.0299	0.0270	0.0076	0.0071	0.0005	0.0494	0.0229	0.0265
16	50	0.0334	10	2	0	1	0	0	0	0	0	0	0	1	1	0	0	0	0	0	0	Y	N	N	N	N	N	N	N	N	N	N	N	N	N	N	N	N	N	0.0000	0.0000	0.0000	0.0000	0.0000	0.0000	0.0000	0.0000	0.0000	0.0000	0.0000	0.0000	0.0000	0.0000	0.0000	0.0000	0.0000	0.0000	0.1340	0.2609	0.0000	0.3854	0.4150	0.0000	0.1005	0.2193	0.0000		0.0000	0.0000	-0.0051	0.0000	1.0001	7.0598	7.4568	0.0000	0.0000	0.0000	0.0000	0.0000	0.0000	0.0000	0.0000	0.0000	0.0093	0.0093	0.0000	0.0031	0.0031	0.0000	0.0062	0.0062	0.0000	0.0000	0.0000	0.0000	0.0000	0.0000	0.0000	0.0000	0.0000	0.0000	0.0695	0.0357	0.0338	0.0082	0.0076	0.0006	0.0613	0.0281	0.0332
16	51	0.0289	9	2	0	1	0	0	0	0	0	0	1	1	1	0	0	0	0	0	0	Y	N	N	N	N	N	N	N	N	N	N	N	N	N	N	N	N	N	0.0000	0.0000	0.0000	0.0000	0.0000	0.0000	0.0000	0.0000	0.0000	0.0000	0.0000	0.0000	0.0000	0.0000	0.0000	0.0000	0.0000	0.0000	35.1291	55.4991	0.0851	22.1779	24.7098	0.5580	42.3181	86.9434	0.0316		0.0009	0.0000	-0.8533	0.0000	0.0061	7.0598	2.7591	0.0000	0.0000	0.0000	0.0000	0.0000	0.0000	0.0000	0.0000	0.0000	1.5589	1.5575	0.0014	0.3513	0.3504	0.0009	1.2076	1.2072	0.0005	0.0000	0.0000	0.0000	0.0000	0.0000	0.0000	0.0000	0.0000	0.0000	0.0444	0.0281	0.0163	0.0158	0.0142	0.0017	0.0285	0.0139	0.0147
16	52	0.1173	23	2	0	1	0	0	0	0	0	0	1	0	1	0	0	0	0	0	0	Y	N	N	N	N	N	N	N	N	N	N	N	N	N	N	N	N	N	0.0000	0.0000	0.0000	0.0000	0.0000	0.0000	0.0000	0.0000	0.0000	0.0000	0.0000	0.0000	0.0000	0.0000	0.0000	0.0000	0.0000	0.0000	0.2806	0.5282	0.0002	1.2399	1.3755	0.0000	0.0001	0.0000	0.0003		0.0004	0.0000	-0.0096	0.0000	1.0020	7.0598	7.2599	0.0000	0.0000	0.0000	0.0000	0.0000	0.0000	0.0000	0.0000	0.0000	0.0176	0.0176	0.0000	0.0176	0.0176	0.0000	0.0000	0.0000	0.0000	0.0000	0.0000	0.0000	0.0000	0.0000	0.0000	0.0000	0.0000	0.0000	0.0627	0.0333	0.0294	0.0142	0.0128	0.0014	0.0485	0.0205	0.0280
16	53	0.0976	22	2	0	1	0	1	0	0	0	0	0	0	0	0	0	0	0	0	0	Y	N	N	N	N	N	N	N	N	N	N	N	N	N	N	N	N	N	0.0000	0.0000	0.0000	0.0000	0.0000	0.0000	0.0000	0.0000	0.0000	0.0000	0.0000	0.0000	0.0000	0.0000	0.0000	0.0000	0.0000	0.0000	0.2108	0.3674	0.0371	0.0018	0.0020	0.0000	0.2695	0.5943	0.0386		0.0912	0.0000	-0.0089	0.0000	3.0050	7.0598	8.3063	0.0000	0.0000	0.0000	0.0000	0.0000	0.0000	0.0000	0.0000	0.0000	0.0192	0.0176	0.0016	0.0000	0.0000	0.0000	0.0192	0.0176	0.0016	0.0000	0.0000	0.0000	0.0000	0.0000	0.0000	0.0000	0.0000	0.0000	0.0911	0.0479	0.0432	0.0200	0.0183	0.0016	0.0711	0.0295	0.0416
16	56	0.1078	21	2	0	1	0	0	0	0	0	0	0	0	0	0	0	0	0	0	0	Y	N	N	N	N	N	N	N	N	N	N	N	N	N	N	N	N	N	0.0000	0.0000	0.0000	0.0000	0.0000	0.0000	0.0000	0.0000	0.0000	0.0000	0.0000	0.0000	0.0000	0.0000	0.0000	0.0000	0.0000	0.0000	0.0015	0.0028	0.0000	0.0070	0.0078	0.0000	0.0000	0.0000	0.0000		0.0004	0.0000	-0.0001	0.0000	2.9988	7.0598	11.1255	0.0000	0.0000	0.0000	0.0000	0.0000	0.0000	0.0000	0.0000	0.0000	0.0002	0.0002	0.0000	0.0002	0.0002	0.0000	0.0000	0.0000	0.0000	0.0000	0.0000	0.0000	0.0000	0.0000	0.0000	0.0000	0.0000	0.0000	0.1012	0.0536	0.0477	0.0215	0.0192	0.0023	0.0797	0.0344	0.0453
16	70	0.0361	10	2	0	1	0	0	0	0	0	0	1	1	1	0	0	0	0	0	0	Y	N	N	N	N	N	N	N	N	N	N	N	N	N	N	N	N	N	0.0000	0.0000	0.0000	0.0000	0.0000	0.0000	0.0000	0.0000	0.0000	0.0000	0.0000	0.0000	0.0000	0.0000	0.0000	0.0000	0.0000	0.0000	0.7202	0.1702	1.3175	3.6522	0.5655	52.1588	0.1338	0.0000	0.2375		7.1275	0.0000	0.0207	0.0000	2.3581	7.0598	7.4584	0.0000	0.0000	0.0000	0.0000	0.0000	0.0000	0.0000	0.0000	0.0000	0.0631	0.0078	0.0553	0.0533	0.0078	0.0456	0.0098	0.0000	0.0098	0.0000	0.0000	0.0000	0.0000	0.0000	0.0000	0.0000	0.0000	0.0000	0.0876	0.0456	0.0420	0.0146	0.0137	0.0009	0.0730	0.0319	0.0411
16	71	0.0289	9	2	0	1	0	0	0	0	0	0	0	1	0	0	0	0	0	0	0	Y	N	N	N	N	N	N	N	N	N	N	N	N	N	N	N	N	N	0.0000	0.0000	0.0000	0.0000	0.0000	0.0000	0.0000	0.0000	0.0000	0.0000	0.0000	0.0000	0.0000	0.0000	0.0000	0.0000	0.0000	0.0000	10.6207	0.9918	24.0042	26.5268	1.7507	235.8584	4.8814	0.4696	8.7748		17.4119	0.0000	0.2609	0.0000	1.7590	7.0598	3.5356	0.0000	0.0000	0.0000	0.0000	0.0000	0.0000	0.0000	0.0000	0.0000	0.6564	0.0356	0.6207	0.4347	0.0257	0.4090	0.2217	0.0100	0.2117	0.0000	0.0000	0.0000	0.0000	0.0000	0.0000	0.0000	0.0000	0.0000	0.0618	0.0359	0.0259	0.0164	0.0147	0.0017	0.0454	0.0213	0.0241
16	72	0.0255	8	2	0	1	0	0	0	0	0	1	0	1	0	0	0	0	0	0	0	Y	N	N	N	N	N	N	N	N	N	N	N	N	N	N	N	N	N	0.0000	0.0000	0.0000	0.0000	0.0000	0.0000	0.0000	0.0000	0.0000	0.0000	0.0000	0.0000	0.0000	0.0000	0.0000	0.0000	0.0000	0.0000	44.7162	53.6832	37.0335	1.4919	1.1329	12.6344	46.3509	58.0370	37.0852		0.8052	0.0000	-0.0803	0.0000	0.0029	7.0598	2.4186	0.0000	0.0000	0.0000	0.0000	0.0000	0.0000	0.0000	0.0000	0.0000	0.7853	0.4350	0.3503	0.0010	0.0007	0.0003	0.7843	0.4343	0.3500	0.0000	0.0000	0.0000	0.0000	0.0000	0.0000	0.0000	0.0000	0.0000	0.0176	0.0081	0.0095	0.0006	0.0006	0.0000	0.0169	0.0075	0.0094
16	78	0.1078	21	2	0	1	0	0	0	0	0	0	1	0	1	0	0	0	0	0	0	Y	N	N	N	N	N	N	N	N	N	N	N	N	N	N	N	N	N	0.0000	0.0000	0.0000	0.0000	0.0000	0.0000	0.0000	0.0000	0.0000	0.0000	0.0000	0.0000	0.0000	0.0000	0.0000	0.0000	0.0000	0.0000	0.0015	0.0028	0.0000	0.0068	0.0076	0.0000	0.0000	0.0000	0.0000		0.0025	0.0000	-0.0001	0.0000	0.0166	7.0598	12.2009	0.0000	0.0000	0.0000	0.0000	0.0000	0.0000	0.0000	0.0000	0.0000	0.0001	0.0001	0.0000	0.0001	0.0001	0.0000	0.0000	0.0000	0.0000	0.0000	0.0000	0.0000	0.0000	0.0000	0.0000	0.0000	0.0000	0.0000	0.0891	0.0473	0.0419	0.0193	0.0172	0.0020	0.0699	0.0300	0.0398
16	79	0.0935	20	2	0	1	0	1	0	0	0	0	0	0	0	0	0	0	0	0	0	Y	N	N	N	N	N	N	N	N	N	N	N	N	N	N	N	N	N	0.0000	0.0000	0.0000	0.0000	0.0000	0.0000	0.0000	0.0000	0.0000	0.0000	0.0000	0.0000	0.0000	0.0000	0.0000	0.0000	0.0000	0.0000	0.0309	0.0605	0.0010	0.1892	0.2183	0.0000	0.0008	0.0005	0.0010		0.0162	0.0000	-0.0010	0.0000	1.0285	7.0598	7.9781	0.0000	0.0000	0.0000	0.0000	0.0000	0.0000	0.0000	0.0000	0.0000	0.0019	0.0019	0.0000	0.0018	0.0018	0.0000	0.0000	0.0000	0.0000	0.0000	0.0000	0.0000	0.0000	0.0000	0.0000	0.0000	0.0000	0.0000	0.0608	0.0306	0.0302	0.0097	0.0084	0.0013	0.0510	0.0222	0.0289
16	84	0.0491	9	2	0	1	0	0	0	0	0	0	0	0	0	0	0	0	0	0	0	Y	N	N	N	N	N	N	N	N	N	N	N	N	N	N	N	N	N	0.0000	0.0000	0.0000	0.0000	0.0000	0.0000	0.0000	0.0000	0.0000	0.0000	0.0000	0.0000	0.0000	0.0000	0.0000	0.0000	0.0000	0.0000	0.0261	0.0519	0.0000	0.2033	0.2228	0.0000	0.0000	0.0000	0.0000		0.0000	0.0000	-0.0020	0.0000	2.9998	7.0598	15.4389	0.0000	0.0000	0.0000	0.0000	0.0000	0.0000	0.0000	0.0000	0.0000	0.0036	0.0036	0.0000	0.0036	0.0036	0.0000	0.0000	0.0000	0.0000	0.0000	0.0000	0.0000	0.0000	0.0000	0.0000	0.0000	0.0000	0.0000	0.1369	0.0689	0.0680	0.0176	0.0161	0.0015	0.1193	0.0528	0.0664
16	88	0.0398	7	2	0	1	0	0	0	0	0	0	0	1	1	0	0	0	0	0	0	Y	N	N	N	N	N	N	N	N	N	N	N	N	N	N	N	N	N	0.0000	0.0000	0.0000	0.0000	0.0000	0.0000	0.0000	0.0000	0.0000	0.0000	0.0000	0.0000	0.0000	0.0000	0.0000	0.0000	0.0000	0.0000	0.0178	0.0331	0.0007	0.0990	0.1019	0.0000	0.0004	0.0000	0.0007		0.0188	0.0000	-0.0008	0.0000	1.0173	7.0598	8.6136	0.0000	0.0000	0.0000	0.0000	0.0000	0.0000	0.0000	0.0000	0.0000	0.0016	0.0016	0.0000	0.0016	0.0016	0.0000	0.0000	0.0000	0.0000	0.0000	0.0000	0.0000	0.0000	0.0000	0.0000	0.0000	0.0000	0.0000	0.0888	0.0469	0.0419	0.0157	0.0152	0.0004	0.0731	0.0316	0.0415
16	90	0.0398	7	2	0	1	0	0	0	0	0	0	0	1	1	0	0	0	0	0	0	Y	N	N	N	N	N	N	N	N	N	N	N	N	N	N	N	N	N	0.0000	0.0000	0.0000	0.0000	0.0000	0.0000	0.0000	0.0000	0.0000	0.0000	0.0000	0.0000	0.0000	0.0000	0.0000	0.0000	0.0000	0.0000	8.6290	0.0527	17.6613	0.1813	0.1882	0.0000	10.1079	0.0000	17.8606		318.4079	0.0000	0.4492	0.0000	2.0138	7.0598	11.8132	0.0000	0.0000	0.0000	0.0000	0.0000	0.0000	0.0000	0.0000	0.0000	1.0014	0.0031	0.9982	0.0031	0.0031	0.0000	0.9982	0.0000	0.9982	0.0000	0.0000	0.0000	0.0000	0.0000	0.0000	0.0000	0.0000	0.0000	0.1160	0.0595	0.0565	0.0173	0.0167	0.0006	0.0988	0.0429	0.0559
16	91	0.0313	6	2	0	1	0	0	0	0	0	1	1	1	1	0	0	0	0	0	0	Y	N	N	N	N	N	N	N	N	N	N	N	N	N	N	N	N	N	0.0000	0.0000	0.0000	0.0000	0.0000	0.0000	0.0000	0.0000	0.0000	0.0000	0.0000	0.0000	0.0000	0.0000	0.0000	0.0000	0.0000	0.0000	0.0430	0.0330	0.0540	0.1078	0.1109	0.0000	0.0308	0.0005	0.0545		1.4870	0.0000	0.0001	0.0000	1.9725	7.0598	4.2763	0.0000	0.0000	0.0000	0.0000	0.0000	0.0000	0.0000	0.0000	0.0000	0.0025	0.0010	0.0015	0.0010	0.0010	0.0000	0.0015	0.0000	0.0015	0.0000	0.0000	0.0000	0.0000	0.0000	0.0000	0.0000	0.0000	0.0000	0.0574	0.0301	0.0273	0.0091	0.0089	0.0003	0.0483	0.0212	0.0271
16	98	0.0613	11	2	0	1	1	0	0	0	1	0	0	1	1	0	0	0	0	0	0	Y	N	N	N	N	N	N	N	N	N	N	N	N	N	N	N	N	N	0.0000	0.0000	0.0000	0.0000	0.0000	0.0000	0.0000	0.0000	0.0000	0.0000	0.0000	0.0000	0.0000	0.0000	0.0000	0.0000	0.0000	0.0000	0.0002	0.0000	0.0004	0.0000	0.0000	0.0000	0.0002	0.0000	0.0004		inf	0.0000	0.0000	0.0000	2.9999	7.0598	3.9821	0.0000	0.0000	0.0000	0.0000	0.0000	0.0000	0.0000	0.0000	0.0000	0.0000	0.0000	0.0000	0.0000	0.0000	0.0000	0.0000	0.0000	0.0000	0.0000	0.0000	0.0000	0.0000	0.0000	0.0000	0.0000	0.0000	0.0000	0.0502	0.0244	0.0258	0.0054	0.0048	0.0007	0.0447	0.0196	0.0252
16	99	0.0582	10	2	0	1	0	0	0	0	0	0	0	1	1	0	0	0	0	0	0	Y	N	N	N	N	N	N	N	N	N	N	N	N	N	N	N	N	N	0.0000	0.0000	0.0000	0.0000	0.0000	0.0000	0.0000	0.0000	0.0000	0.0000	0.0000	0.0000	0.0000	0.0000	0.0000	0.0000	0.0000	0.0000	0.0007	0.0014	0.0000	0.0053	0.0059	0.0000	0.0000	0.0000	0.0000		0.0214	0.0000	-0.0000	0.0000	0.0003	7.0598	2.0601	0.0000	0.0000	0.0000	0.0000	0.0000	0.0000	0.0000	0.0000	0.0000	0.0000	0.0000	0.0000	0.0000	0.0000	0.0000	0.0000	0.0000	0.0000	0.0000	0.0000	0.0000	0.0000	0.0000	0.0000	0.0000	0.0000	0.0000	0.0160	0.0080	0.0080	0.0021	0.0019	0.0002	0.0139	0.0061	0.0078
16	100	0.0384	9	2	0	1	0	0	0	0	0	1	1	1	1	0	0	0	0	0	0	Y	N	N	N	N	N	N	N	N	N	N	N	N	N	N	N	N	N	0.0000	0.0000	0.0000	0.0000	0.0000	0.0000	0.0000	0.0000	0.0000	0.0000	0.0000	0.0000	0.0000	0.0000	0.0000	0.0000	0.0000	0.0000	0.0343	0.0702	0.0009	0.3263	0.3595	0.0003	0.0005	0.0000	0.0009		0.0138	0.0000	-0.0017	0.0000	3.0014	7.0598	9.1620	0.0000	0.0000	0.0000	0.0000	0.0000	0.0000	0.0000	0.0000	0.0000	0.0031	0.0031	0.0000	0.0031	0.0031	0.0000	0.0000	0.0000	0.0000	0.0000	0.0000	0.0000	0.0000	0.0000	0.0000	0.0000	0.0000	0.0000	0.0913	0.0441	0.0472	0.0095	0.0086	0.0009	0.0818	0.0355	0.0463
16	101	0.0255	8	2	0	1	0	0	0	0	0	0	0	0	0	0	0	0	0	0	0	Y	N	N	N	N	N	N	N	N	N	N	N	N	N	N	N	N	N	0.0000	0.0000	0.0000	0.0000	0.0000	0.0000	0.0000	0.0000	0.0000	0.0000	0.0000	0.0000	0.0000	0.0000	0.0000	0.0000	0.0000	0.0000	0.0295	0.0638	0.0006	0.9539	0.9912	0.0001	0.0007	0.0008	0.0007		0.0121	0.0000	-0.0009	0.0000	0.0077	7.0598	8.0757	0.0000	0.0000	0.0000	0.0000	0.0000	0.0000	0.0000	0.0000	0.0000	0.0017	0.0017	0.0000	0.0016	0.0016	0.0000	0.0000	0.0000	0.0000	0.0000	0.0000	0.0000	0.0000	0.0000	0.0000	0.0000	0.0000	0.0000	0.0569	0.0260	0.0309	0.0017	0.0017	0.0001	0.0552	0.0244	0.0308
16	102	0.0239	7	2	0	1	0	0	0	0	0	0	0	0	0	0	0	0	0	0	0	Y	N	N	N	N	N	N	N	N	N	N	N	N	N	N	N	N	N	0.0000	0.0000	0.0000	0.0000	0.0000	0.0000	0.0000	0.0000	0.0000	0.0000	0.0000	0.0000	0.0000	0.0000	0.0000	0.0000	0.0000	0.0000	0.2152	0.2230	0.2088	0.0003	0.0004	0.0000	0.2210	0.2362	0.2091		1.1232	0.0000	-0.0000	0.0000	0.0011	7.0598	1.0060	0.0000	0.0000	0.0000	0.0000	0.0000	0.0000	0.0000	0.0000	0.0000	0.0015	0.0007	0.0008	0.0000	0.0000	0.0000	0.0015	0.0007	0.0008	0.0000	0.0000	0.0000	0.0000	0.0000	0.0000	0.0000	0.0000	0.0000	0.0072	0.0033	0.0039	0.0002	0.0002	0.0000	0.0070	0.0031	0.0039
16	113	0.0239	5	2	0	1	0	0	0	0	0	0	0	0	0	0	0	0	0	0	0	Y	N	N	N	N	N	N	N	N	N	N	N	N	N	N	N	N	N	0.0000	0.0000	0.0000	0.0000	0.0000	0.0000	0.0000	0.0000	0.0000	0.0000	0.0000	0.0000	0.0000	0.0000	0.0000	0.0000	0.0000	0.0000	0.0009	0.0013	0.0006	0.0231	0.0238	0.0000	0.0003	0.0000	0.0006		0.5021	0.0000	-0.0000	0.0000	0.0182	7.0598	4.6661	0.0000	0.0000	0.0000	0.0000	0.0000	0.0000	0.0000	0.0000	0.0000	0.0000	0.0000	0.0000	0.0000	0.0000	0.0000	0.0000	0.0000	0.0000	0.0000	0.0000	0.0000	0.0000	0.0000	0.0000	0.0000	0.0000	0.0000	0.0331	0.0151	0.0180	0.0009	0.0008	0.0000	0.0322	0.0142	0.0180
16	121	0.0827	14	2	0	1	0	0	0	0	0	0	0	0	0	0	0	0	0	0	0	Y	N	N	N	N	N	N	N	N	N	N	N	N	N	N	N	N	N	0.0000	0.0000	0.0000	0.0000	0.0000	0.0000	0.0000	0.0000	0.0000	0.0000	0.0000	0.0000	0.0000	0.0000	0.0000	0.0000	0.0000	0.0000	0.0037	0.0026	0.0052	0.0043	0.0044	0.0012	0.0035	0.0000	0.0053		1.5066	0.0000	0.0000	0.0000	0.0000	7.0598	1.2022	0.0000	0.0000	0.0000	0.0000	0.0000	0.0000	0.0000	0.0000	0.0000	0.0001	0.0000	0.0000	0.0000	0.0000	0.0000	0.0000	0.0000	0.0000	0.0000	0.0000	0.0000	0.0000	0.0000	0.0000	0.0000	0.0000	0.0000	0.0197	0.0111	0.0086	0.0070	0.0067	0.0002	0.0127	0.0044	0.0083
16	122	0.0614	13	2	0	1	0	1	0	0	0	0	0	0	0	0	0	0	0	0	0	Y	N	N	N	N	N	N	N	N	N	N	N	N	N	N	N	N	N	0.0000	0.0000	0.0000	0.0000	0.0000	0.0000	0.0000	0.0000	0.0000	0.0000	0.0000	0.0000	0.0000	0.0000	0.0000	0.0000	0.0000	0.0000	0.4717	0.0520	0.9718	0.1377	0.1500	0.0000	0.5581	0.0000	1.0093		15.6729	0.0000	0.0199	0.0000	0.0041	7.0598	12.5856	0.0000	0.0000	0.0000	0.0000	0.0000	0.0000	0.0000	0.0000	0.0000	0.0508	0.0030	0.0477	0.0030	0.0030	0.0000	0.0477	0.0000	0.0477	0.0000	0.0000	0.0000	0.0000	0.0000	0.0000	0.0000	0.0000	0.0000	0.1076	0.0585	0.0491	0.0221	0.0203	0.0018	0.0855	0.0382	0.0473
19	25	0.0696	11	2	0	1	1	0	0	0	1	0	0	1	1	0	0	0	0	0	0	Y	N	N	N	N	N	N	N	N	N	N	N	N	N	N	N	N	N	3.1483	0.0000	2319.9894	0.0000	0.0000	0.0000	569.7513	0.0000	2272.5351	0.0043	0.0000	0.0306	0.0000	0.0000	0.0000	0.0043	0.0000	0.0308	0.0014	0.0026	0.0000	0.0079	0.0086	0.0000	0.0000	0.0000	0.0000	inf	0.0047	0.0000	-0.0000	0.9990	0.9999	7.0746	1.0788	0.0000	0.0000	0.0000	0.0000	0.0000	0.0000	0.0000	0.0000	0.0000	0.0000	0.0000	0.0000	0.0000	0.0000	0.0000	0.0000	0.0000	0.0000	0.0070	0.0060	0.0010	0.0001	0.0001	0.0000	0.0069	0.0059	0.0010	0.0193	0.0100	0.0092	0.0033	0.0030	0.0003	0.0160	0.0070	0.0090
19	42	0.1437	23	2	0	1	0	0	0	0	0	0	1	0	1	0	0	0	0	0	0	Y	N	N	N	N	N	N	N	N	N	N	N	N	N	N	N	N	N	0.0000	0.0000	0.0000	0.0000	0.0000	0.0000	0.0000	0.0000	0.0000	0.0000	0.0000	0.0000	0.0000	0.0000	0.0000	0.0000	0.0000	0.0000	0.0000	0.0000	0.0000	0.0000	0.0000	0.0000	0.0000	0.0000	0.0000			0.0000	0.0000	0.9990	0.0000	7.0746	0.0011	0.0000	0.0000	0.0000	0.0000	0.0000	0.0000	0.0000	0.0000	0.0000	0.0000	0.0000	0.0000	0.0000	0.0000	0.0000	0.0000	0.0000	0.0000	0.0000	0.0000	0.0000	0.0000	0.0000	0.0000	0.0000	0.0000	0.0000	0.0000	0.0000	0.0000	0.0000	0.0000	0.0000	0.0000	0.0000	0.0000
19	44	0.0536	12	2	0	1	1	0	0	0	0	0	0	1	1	0	0	0	0	0	0	Y	N	N	N	N	N	N	N	N	N	N	N	N	N	N	N	N	N	0.0124	0.0171	0.0000	0.1644	0.1546	0.0000	0.0000	0.0000	0.0000	0.0004	0.0005	0.0000	0.0171	0.0175	0.0000	0.0000	0.0000	0.0000	0.0327	0.0275	0.0383	0.1040	0.1131	0.0064	0.0214	0.0000	0.0390	0.0000	1.3062	-0.0000	0.0002	0.9990	7.0030	7.0746	25.8862	0.0000	0.0000	0.0000	0.0000	0.0000	0.0000	0.0000	0.0000	0.0000	0.0089	0.0038	0.0050	0.0039	0.0038	0.0000	0.0050	0.0000	0.0050	0.0493	0.0425	0.0069	0.0012	0.0011	0.0000	0.0482	0.0413	0.0068	0.2706	0.1395	0.1311	0.0371	0.0339	0.0032	0.2335	0.1055	0.1279
19	48	0.0536	12	2	0	1	1	0	0	0	0	0	0	1	1	0	0	0	0	0	0	Y	N	N	N	N	N	N	N	N	N	N	N	N	N	N	N	N	N	2.2429	1.5396	0.0000	6.8925	6.6793	0.0000	0.0000	0.0000	0.0000	0.0014	0.0017	0.0000	0.0221	0.0223	0.0000	0.0000	0.0000	0.0000	0.0006	0.0011	0.0001	0.0032	0.0033	0.0008	0.0000	0.0000	0.0001	0.0000	0.0733	-0.0000	-0.0000	0.9990	1.7572	7.0746	7.6758	0.0000	0.0000	0.0000	0.0000	0.0000	0.0000	0.0000	0.0000	0.0000	0.0001	0.0001	0.0000	0.0001	0.0001	0.0000	0.0000	0.0000	0.0000	0.0138	0.0119	0.0019	0.0009	0.0009	0.0000	0.0129	0.0110	0.0019	0.0972	0.0535	0.0436	0.0185	0.0175	0.0010	0.0787	0.0360	0.0426
19	49	0.0447	11	2	0	1	1	0	0	0	1	0	0	1	1	0	0	0	0	0	0	Y	N	N	N	N	N	N	N	N	N	N	N	N	N	N	N	N	N	150.6822	212.9302	8.4867	7501.3361	7429.5271	0.0000	2.1916	0.0000	8.3291	0.2336	0.2692	0.0161	30.3944	31.9321	0.0000	0.0023	0.0000	0.0161	0.0016	0.0013	0.0019	0.0041	0.0043	0.0000	0.0010	0.0000	0.0019	0.0098	1.2469	-0.0012	0.0000	0.9990	1.2605	7.0746	5.3560	0.0021	0.0020	0.0000	0.0020	0.0020	0.0000	0.0000	0.0000	0.0000	0.0001	0.0000	0.0001	0.0000	0.0000	0.0000	0.0001	0.0000	0.0001	0.0088	0.0076	0.0012	0.0001	0.0001	0.0000	0.0087	0.0075	0.0012	0.0675	0.0368	0.0307	0.0114	0.0108	0.0007	0.0561	0.0261	0.0300
19	50	0.0447	11	2	0	1	0	0	0	0	0	0	0	1	1	0	0	0	0	0	0	Y	N	N	N	N	N	N	N	N	N	N	N	N	N	N	N	N	N	592.5864	0.0000	1957.5632	0.0000	0.0000	0.0000	504.2724	0.0000	1920.2422	142.3623	0.0000	1009.9105	0.0000	0.0000	0.0000	143.5161	0.0000	1012.5384	0.2402	0.0000	0.5159	0.0000	0.0000	0.0000	0.2846	0.0000	0.5273	inf	341274.9794	0.4156	0.0090	0.9990	1.0001	7.0746	7.4568	0.9970	0.0000	0.9970	0.0000	0.0000	0.0000	0.9970	0.0000	0.9970	0.0198	0.0000	0.0198	0.0000	0.0000	0.0000	0.0198	0.0000	0.0198	0.0070	0.0060	0.0010	0.0001	0.0001	0.0000	0.0069	0.0060	0.0010	0.0825	0.0441	0.0384	0.0129	0.0120	0.0008	0.0697	0.0321	0.0376
19	51	0.0402	10	2	0	1	0	0	0	0	0	0	1	1	1	0	0	0	0	0	0	Y	N	N	N	N	N	N	N	N	N	N	N	N	N	N	N	N	N	59541.2530	107300.5131	90187.8687	326516.0185	295082.8316	0.0000	29957.6639	0.0000	81287.0309	60.6994	33.2223	205.9138	175.6480	175.9278	0.0000	38.9595	0.0000	206.2417	0.0010	0.0003	0.0023	0.0005	0.0006	0.0000	0.0013	0.0000	0.0025	1.1728	4.1421	-0.0002	0.0000	0.9990	0.0061	7.0746	2.7591	0.0038	0.0017	0.0020	0.0017	0.0017	0.0000	0.0020	0.0000	0.0020	0.0001	0.0000	0.0000	0.0000	0.0000	0.0000	0.0000	0.0000	0.0000	0.0001	0.0001	0.0000	0.0000	0.0000	0.0000	0.0001	0.0000	0.0000	0.0511	0.0327	0.0184	0.0188	0.0170	0.0018	0.0322	0.0157	0.0165
19	52	0.1286	24	2	0	1	0	0	0	0	0	0	1	0	1	0	0	0	0	0	0	Y	N	N	N	N	N	N	N	N	N	N	N	N	N	N	N	N	N	0.0000	0.0000	0.0000	0.0000	0.0000	0.0000	0.0000	0.0000	0.0000	0.0000	0.0000	0.0000	0.0000	0.0000	0.0000	0.0000	0.0000	0.0000	0.0001	0.0002	0.0000	0.0005	0.0006	0.0000	0.0000	0.0000	0.0000		0.0077	0.0000	-0.0000	0.9990	1.0020	7.0746	7.2599	0.0000	0.0000	0.0000	0.0000	0.0000	0.0000	0.0000	0.0000	0.0000	0.0000	0.0000	0.0000	0.0000	0.0000	0.0000	0.0000	0.0000	0.0000	0.0071	0.0061	0.0010	0.0002	0.0001	0.0000	0.0069	0.0059	0.0010	0.0748	0.0413	0.0335	0.0198	0.0179	0.0018	0.0550	0.0233	0.0317
19	53	0.1089	23	2	0	1	0	1	0	0	0	0	0	0	0	0	0	0	0	0	0	Y	N	N	N	N	N	N	N	N	N	N	N	N	N	N	N	N	N	0.0000	0.0000	0.0000	0.0000	0.0000	0.0000	0.0000	0.0000	0.0000	0.0000	0.0000	0.0000	0.0000	0.0000	0.0000	0.0000	0.0000	0.0000	0.0003	0.0000	0.0006	0.0000	0.0000	0.0001	0.0003	0.0000	0.0006		27.5179	0.0000	0.0000	0.9990	3.0050	7.0746	8.3063	0.0000	0.0000	0.0000	0.0000	0.0000	0.0000	0.0000	0.0000	0.0000	0.0000	0.0000	0.0000	0.0000	0.0000	0.0000	0.0000	0.0000	0.0000	0.0213	0.0183	0.0029	0.0007	0.0006	0.0000	0.0206	0.0177	0.0029	0.1023	0.0561	0.0462	0.0247	0.0225	0.0022	0.0776	0.0336	0.0440
19	56	0.1191	22	2	0	1	0	0	0	0	0	0	0	0	0	0	0	0	0	0	0	Y	N	N	N	N	N	N	N	N	N	N	N	N	N	N	N	N	N	0.0000	0.0000	0.0000	0.0000	0.0000	0.0000	0.0000	0.0000	0.0000	0.0000	0.0000	0.0000	0.0000	0.0000	0.0000	0.0000	0.0000	0.0000	0.0092	0.0013	0.0183	0.0028	0.0032	0.0000	0.0113	0.0000	0.0194		12.1133	0.0000	0.0004	0.9990	2.9988	7.0746	11.1255	0.0000	0.0000	0.0000	0.0000	0.0000	0.0000	0.0000	0.0000	0.0000	0.0011	0.0001	0.0011	0.0001	0.0001	0.0000	0.0011	0.0000	0.0011	0.0208	0.0180	0.0029	0.0007	0.0006	0.0000	0.0202	0.0174	0.0028	0.1237	0.0662	0.0575	0.0303	0.0271	0.0032	0.0934	0.0391	0.0543
19	70	0.0474	11	2	0	1	0	0	0	0	0	0	1	1	1	0	0	0	0	0	0	Y	N	N	N	N	N	N	N	N	N	N	N	N	N	N	N	N	N	159883.9919	0.0000	82052679.9084	2.3466	0.0000	120976.1052	19426858.2889	0.0000	82134638.2360	47.7751	0.0000	410.7267	0.0035	0.0000	0.2834	55.3487	0.0000	416.7825	0.0003	0.0005	0.0000	0.0015	0.0016	0.0000	0.0000	0.0000	0.0000	inf	0.0078	0.4151	-0.0000	0.9990	2.3581	7.0746	7.4584	0.9958	0.0000	0.9958	0.0000	0.0000	0.0000	0.9958	0.0000	0.9958	0.0000	0.0000	0.0000	0.0000	0.0000	0.0000	0.0000	0.0000	0.0000	0.0208	0.0184	0.0024	0.0029	0.0028	0.0000	0.0180	0.0156	0.0024	0.1032	0.0556	0.0475	0.0205	0.0193	0.0012	0.0827	0.0363	0.0463
19	71	0.0402	10	2	0	1	0	0	0	0	0	0	0	1	0	0	0	0	0	0	0	Y	N	N	N	N	N	N	N	N	N	N	N	N	N	N	N	N	N	1338.2284	9377.6117	2585.1822	606319.4116	596039.0880	0.0000	644.7521	376.8361	2418.5880	0.4012	0.1655	1.8409	21.0560	22.2769	0.0000	0.2615	0.0010	1.8458	0.0003	0.0000	0.0007	0.0000	0.0000	0.0000	0.0004	0.0000	0.0008	1.8198	27.5985	0.0003	0.0000	0.9990	1.7590	7.0746	3.5356	0.0049	0.0017	0.0032	0.0017	0.0017	0.0000	0.0032	0.0000	0.0032	0.0000	0.0000	0.0000	0.0000	0.0000	0.0000	0.0000	0.0000	0.0000	0.0122	0.0105	0.0017	0.0001	0.0001	0.0000	0.0122	0.0104	0.0017	0.0719	0.0427	0.0292	0.0205	0.0185	0.0020	0.0514	0.0242	0.0272
19	72	0.0368	9	2	0	1	0	0	0	0	0	1	0	1	0	0	0	0	0	0	0	Y	N	N	N	N	N	N	N	N	N	N	N	N	N	N	N	N	N	6532.3161	1277.2443	8739189.8659	1247.4474	1194.7134	0.0000	3078219.3275	0.0000	8698909.9568	92.8956	37.1884	369.1202	209.6269	209.9982	0.0000	72.6778	0.0000	369.6953	0.0142	0.0291	0.0000	0.1680	0.1758	0.0000	0.0000	0.0000	0.0000	2.0017	0.0015	0.0002	-0.0002	0.9990	0.0029	7.0746	2.4186	0.0026	0.0009	0.0017	0.0009	0.0009	0.0000	0.0017	0.0000	0.0017	0.0003	0.0003	0.0000	0.0003	0.0003	0.0000	0.0000	0.0000	0.0000	0.0000	0.0000	0.0000	0.0000	0.0000	0.0000	0.0000	0.0000	0.0000	0.0210	0.0102	0.0107	0.0018	0.0017	0.0001	0.0192	0.0085	0.0107
19	78	0.1191	22	2	0	1	0	0	0	0	0	0	1	0	1	0	0	0	0	0	0	Y	N	N	N	N	N	N	N	N	N	N	N	N	N	N	N	N	N	0.0000	0.0000	0.0000	0.0000	0.0000	0.0000	0.0000	0.0000	0.0000	0.0000	0.0000	0.0000	0.0000	0.0000	0.0000	0.0000	0.0000	0.0000	0.0104	0.0015	0.0208	0.0032	0.0035	0.0000	0.0128	0.0000	0.0220		12.1133	0.0000	0.0004	0.9990	0.0166	7.0746	12.2009	0.0000	0.0000	0.0000	0.0000	0.0000	0.0000	0.0000	0.0000	0.0000	0.0011	0.0001	0.0011	0.0001	0.0001	0.0000	0.0011	0.0000	0.0011	0.0003	0.0003	0.0000	0.0001	0.0001	0.0000	0.0002	0.0001	0.0000	0.1093	0.0586	0.0507	0.0273	0.0244	0.0028	0.0820	0.0341	0.0479
19	79	0.1048	21	2	0	1	0	1	0	0	0	0	0	0	0	0	0	0	0	0	0	Y	N	N	N	N	N	N	N	N	N	N	N	N	N	N	N	N	N	0.0000	0.0000	0.0000	0.0000	0.0000	0.0000	0.0000	0.0000	0.0000	0.0000	0.0000	0.0000	0.0000	0.0000	0.0000	0.0000	0.0000	0.0000	0.3404	0.0878	0.6233	0.2255	0.2554	0.0000	0.3701	0.0000	0.6569		6.3355	0.0000	0.0078	0.9990	1.0285	7.0746	7.9781	0.0000	0.0000	0.0000	0.0000	0.0000	0.0000	0.0000	0.0000	0.0000	0.0248	0.0034	0.0214	0.0034	0.0034	0.0000	0.0214	0.0000	0.0214	0.0074	0.0064	0.0010	0.0003	0.0002	0.0000	0.0071	0.0061	0.0010	0.0727	0.0384	0.0343	0.0150	0.0132	0.0018	0.0578	0.0252	0.0325
19	84	0.0605	10	2	0	1	0	0	0	0	0	0	0	0	0	0	0	0	0	0	0	Y	N	N	N	N	N	N	N	N	N	N	N	N	N	N	N	N	N	0.0000	0.0000	0.0000	0.0000	0.0000	0.0000	0.0000	0.0000	0.0000	0.0000	0.0000	0.0000	0.0000	0.0000	0.0000	0.0000	0.0000	0.0000	0.1233	0.1554	0.0878	0.4791	0.5227	0.0000	0.0503	0.0000	0.0905		0.5109	0.0000	-0.0042	0.9990	2.9998	7.0746	15.4389	0.0000	0.0000	0.0000	0.0000	0.0000	0.0000	0.0000	0.0000	0.0000	0.0201	0.0133	0.0068	0.0133	0.0133	0.0000	0.0068	0.0000	0.0068	0.0208	0.0178	0.0029	0.0001	0.0001	0.0000	0.0206	0.0177	0.0029	0.1629	0.0855	0.0773	0.0277	0.0254	0.0023	0.1351	0.0601	0.0750
19	88	0.0511	8	2	0	1	0	0	0	0	0	0	0	1	1	0	0	0	0	0	0	Y	N	N	N	N	N	N	N	N	N	N	N	N	N	N	N	N	N	0.0000	0.0000	0.0000	0.0000	0.0000	0.0000	0.0000	0.0000	0.0000	0.0000	0.0000	0.0000	0.0000	0.0000	0.0000	0.0000	0.0000	0.0000	9.1895	0.0050	20.0196	0.0089	0.0092	0.0013	11.6579	0.0025	20.3180		3383.7967	0.0000	0.4456	0.9990	1.0173	7.0746	8.6136	0.0000	0.0000	0.0000	0.0000	0.0000	0.0000	0.0000	0.0000	0.0000	0.9871	0.0003	0.9868	0.0002	0.0002	0.0000	0.9869	0.0001	0.9868	0.0073	0.0063	0.0010	0.0002	0.0002	0.0000	0.0071	0.0061	0.0010	0.1074	0.0581	0.0493	0.0228	0.0220	0.0007	0.0847	0.0361	0.0486
19	90	0.0511	8	2	0	1	0	0	0	0	0	0	0	1	1	0	0	0	0	0	0	Y	N	N	N	N	N	N	N	N	N	N	N	N	N	N	N	N	N	0.0000	0.0000	0.0000	0.0000	0.0000	0.0000	0.0000	0.0000	0.0000	0.0000	0.0000	0.0000	0.0000	0.0000	0.0000	0.0000	0.0000	0.0000	0.1836	0.3359	0.0130	0.9538	0.9928	0.0002	0.0075	0.0000	0.0132		0.0345	0.0000	-0.0132	0.9990	2.0138	7.0746	11.8132	0.0000	0.0000	0.0000	0.0000	0.0000	0.0000	0.0000	0.0000	0.0000	0.0257	0.0248	0.0009	0.0248	0.0248	0.0000	0.0009	0.0000	0.0009	0.0142	0.0122	0.0020	0.0003	0.0003	0.0000	0.0139	0.0119	0.0020	0.1398	0.0739	0.0660	0.0260	0.0250	0.0010	0.1138	0.0489	0.0649
19	91	0.0426	7	2	0	1	0	0	0	0	0	1	1	1	1	0	0	0	0	0	0	Y	N	N	N	N	N	N	N	N	N	N	N	N	N	N	N	N	N	0.0690	3.1698	0.0000	73.9046	73.6018	0.0000	0.0000	0.0000	0.0000	0.0309	0.0359	0.0000	2.3149	2.3810	0.0000	0.0000	0.0000	0.0000	0.4475	0.0113	0.9628	0.0313	0.0323	0.0000	0.5490	0.0000	0.9761	0.0000	71.8695	-0.0003	0.0135	0.9990	1.9725	7.0746	4.2763	0.0004	0.0004	0.0000	0.0004	0.0004	0.0000	0.0000	0.0000	0.0000	0.0308	0.0004	0.0304	0.0004	0.0004	0.0000	0.0304	0.0000	0.0304	0.0139	0.0120	0.0020	0.0002	0.0002	0.0000	0.0137	0.0118	0.0020	0.0688	0.0373	0.0315	0.0135	0.0131	0.0004	0.0553	0.0242	0.0311
19	98	0.0726	12	2	0	1	1	0	0	0	1	0	0	1	1	0	0	0	0	0	0	Y	N	N	N	N	N	N	N	N	N	N	N	N	N	N	N	N	N	0.0000	0.0000	0.0000	0.0000	0.0000	0.0000	0.0000	0.0000	0.0000	0.0000	0.0000	0.0000	0.0000	0.0000	0.0000	0.0000	0.0000	0.0000	0.0012	0.0024	0.0000	0.0078	0.0086	0.0000	0.0000	0.0000	0.0000		0.0000	0.0000	-0.0000	0.9990	2.9999	7.0746	3.9821	0.0000	0.0000	0.0000	0.0000	0.0000	0.0000	0.0000	0.0000	0.0000	0.0001	0.0001	0.0000	0.0001	0.0001	0.0000	0.0000	0.0000	0.0000	0.0208	0.0179	0.0029	0.0003	0.0003	0.0000	0.0205	0.0177	0.0029	0.0603	0.0308	0.0295	0.0094	0.0085	0.0009	0.0510	0.0224	0.0286
19	99	0.0696	11	2	0	1	0	0	0	0	0	0	0	1	1	0	0	0	0	0	0	Y	N	N	N	N	N	N	N	N	N	N	N	N	N	N	N	N	N	1767.5762	0.0000	9210.2175	0.0000	0.0000	0.0000	2439.9684	0.0000	8977.4147	9.1765	0.0000	73.5027	0.0000	0.0000	0.0000	11.2762	0.0000	73.8203	0.0052	0.0026	0.0080	0.0079	0.0086	0.0000	0.0046	0.0000	0.0082	inf	2.8020	0.0000	0.0000	0.9990	0.0003	7.0746	2.0601	0.0000	0.0000	0.0000	0.0000	0.0000	0.0000	0.0000	0.0000	0.0000	0.0001	0.0000	0.0001	0.0000	0.0000	0.0000	0.0001	0.0000	0.0001	0.0000	0.0000	0.0000	0.0000	0.0000	0.0000	0.0000	0.0000	0.0000	0.0191	0.0100	0.0092	0.0033	0.0030	0.0003	0.0158	0.0069	0.0089
19	100	0.0497	10	2	0	1	0	0	0	0	0	1	1	1	1	0	0	0	0	0	0	Y	N	N	N	N	N	N	N	N	N	N	N	N	N	N	N	N	N	119.7752	0.0000	2245.1187	0.0644	0.0002	27.2263	552.8967	0.0000	2231.2248	47.8892	0.0000	340.8835	0.1368	0.0004	2.5922	48.2277	0.0000	341.7774	0.3998	0.6414	0.1518	2.1231	2.2866	0.0952	0.0872	0.0000	0.1532	16467987.7915	0.2306	0.4156	-0.0160	0.9990	3.0014	7.0746	9.1620	0.9970	0.0000	0.9970	0.0000	0.0000	0.0000	0.9970	0.0000	0.9970	0.0444	0.0361	0.0083	0.0362	0.0361	0.0001	0.0082	0.0000	0.0082	0.0208	0.0179	0.0029	0.0001	0.0001	0.0000	0.0207	0.0178	0.0029	0.1111	0.0563	0.0548	0.0171	0.0158	0.0013	0.0940	0.0405	0.0535
19	101	0.0368	9	2	0	1	0	0	0	0	0	0	0	0	0	0	0	0	0	0	0	Y	N	N	N	N	N	N	N	N	N	N	N	N	N	N	N	N	N	3.1458	1183.5861	7.3464	2542.8618	2912.4305	0.0000	2.1800	96.9099	7.3086	46.6873	16.9629	211.1700	199.9169	200.8271	0.0000	35.1103	0.4160	211.6102	14.8409	0.0143	28.7446	0.0786	0.0690	0.2719	16.1053	0.0043	28.9535	2.2497	2138.7859	0.0003	0.4550	0.9990	0.0077	7.0746	8.0757	0.0029	0.0009	0.0020	0.0009	0.0009	0.0000	0.0020	0.0000	0.0020	1.0084	0.0005	1.0079	0.0004	0.0004	0.0001	1.0080	0.0001	1.0078	0.0001	0.0001	0.0000	0.0000	0.0000	0.0000	0.0001	0.0000	0.0000	0.0679	0.0329	0.0351	0.0054	0.0051	0.0003	0.0626	0.0278	0.0348
19	102	0.0352	8	2	0	1	0	0	0	0	0	0	0	0	0	0	0	0	0	0	0	Y	N	N	N	N	N	N	N	N	N	N	N	N	N	N	N	N	N	2982.2393	304716.5571	9007.3724	321636.6990	331674.4359	0.0000	2642.9652	0.0000	8966.7787	103.3172	18.7615	601.6033	135.8391	136.1653	0.0000	98.9630	0.0000	602.7788	0.0346	0.0001	0.0668	0.0004	0.0004	0.0007	0.0374	0.0000	0.0672	5.4414	1167.0063	0.0003	0.0001	0.9990	0.0011	7.0746	1.0060	0.0010	0.0002	0.0009	0.0002	0.0002	0.0000	0.0009	0.0000	0.0009	0.0003	0.0000	0.0003	0.0000	0.0000	0.0000	0.0003	0.0000	0.0003	0.0000	0.0000	0.0000	0.0000	0.0000	0.0000	0.0000	0.0000	0.0000	0.0086	0.0041	0.0045	0.0007	0.0006	0.0000	0.0080	0.0035	0.0044
19	113	0.0352	6	2	0	1	0	0	0	0	0	0	0	0	0	0	0	0	0	0	0	Y	N	N	N	N	N	N	N	N	N	N	N	N	N	N	N	N	N	304.4789	14195.2355	817.7030	131200.1193	128481.1638	0.0000	208.9222	0.0000	814.4358	4.5362	1.4320	23.4311	84.6941	86.8449	0.0000	3.3550	0.0000	23.4909	0.0149	0.0001	0.0287	0.0006	0.0007	0.0000	0.0161	0.0000	0.0288	2.6882	305.5463	0.0001	0.0003	0.9990	0.0182	7.0746	4.6661	0.0006	0.0002	0.0004	0.0002	0.0002	0.0000	0.0004	0.0000	0.0004	0.0006	0.0000	0.0006	0.0000	0.0000	0.0000	0.0006	0.0000	0.0006	0.0001	0.0001	0.0000	0.0000	0.0000	0.0000	0.0001	0.0001	0.0000	0.0396	0.0191	0.0205	0.0030	0.0028	0.0001	0.0366	0.0162	0.0204
19	121	0.0940	15	2	0	1	0	0	0	0	0	0	0	0	0	0	0	0	0	0	0	Y	N	N	N	N	N	N	N	N	N	N	N	N	N	N	N	N	N	0.0000	0.0000	0.0000	0.0000	0.0000	0.0000	0.0000	0.0000	0.0000	0.0000	0.0000	0.0000	0.0000	0.0000	0.0000	0.0000	0.0000	0.0000	0.0509	0.0292	0.0802	0.0452	0.0468	0.0027	0.0544	0.0000	0.0828		2.0368	0.0000	0.0001	0.9990	0.0000	7.0746	1.2022	0.0000	0.0000	0.0000	0.0000	0.0000	0.0000	0.0000	0.0000	0.0000	0.0012	0.0004	0.0008	0.0004	0.0004	0.0000	0.0008	0.0000	0.0008	0.0000	0.0000	0.0000	0.0000	0.0000	0.0000	0.0000	0.0000	0.0000	0.0231	0.0132	0.0098	0.0086	0.0083	0.0003	0.0145	0.0050	0.0095
19	122	0.0727	14	2	0	1	0	1	0	0	0	0	0	0	0	0	0	0	0	0	0	Y	N	N	N	N	N	N	N	N	N	N	N	N	N	N	N	N	N	0.0000	0.0000	0.0000	0.0000	0.0000	0.0000	0.0000	0.0000	0.0000	0.0000	0.0000	0.0000	0.0000	0.0000	0.0000	0.0000	0.0000	0.0000	7.9286	0.1718	17.8703	0.4024	0.4379	0.0000	10.3026	0.0000	18.6984		81.1586	0.0000	0.4441	0.9990	0.0041	7.0746	12.5856	0.0000	0.0000	0.0000	0.0000	0.0000	0.0000	0.0000	0.0000	0.0000	1.0103	0.0123	0.9980	0.0123	0.0123	0.0000	0.9980	0.0000	0.9980	0.0001	0.0000	0.0000	0.0000	0.0000	0.0000	0.0000	0.0000	0.0000	0.1274	0.0716	0.0558	0.0306	0.0281	0.0025	0.0969	0.0435	0.0534
21	25	0.1136	9	2	0	1	1	0	0	0	1	0	0	2	1	0	0	0	0	0	0	Y	N	N	N	Y	N	N	N	N	N	N	N	N	N	N	N	N	N	0.0000	0.0000	0.0000	0.0000	0.0000	0.0000	0.0000	0.0000	0.0000	0.0000	0.0000	0.0000	0.0000	0.0000	0.0000	0.0000	0.0000	0.0000	0.0004	0.0006	0.0000	0.0013	0.0014	0.0000	0.0000	0.0000	0.0000		0.0567	0.0000	-0.0000	0.4173	0.9999	8.0348	1.0788	0.0000	0.0000	0.0000	0.0000	0.0000	0.0000	0.0000	0.0000	0.0000	0.0000	0.0000	0.0000	0.0000	0.0000	0.0000	0.0000	0.0000	0.0000	0.0039	0.0034	0.0004	0.0009	0.0008	0.0000	0.0030	0.0026	0.0004	0.0233	0.0128	0.0105	0.0063	0.0058	0.0005	0.0171	0.0070	0.0101
21	42	0.1304	15	2	0	1	0	0	0	0	0	0	1	1	1	0	0	0	0	0	0	Y	N	N	N	N	N	N	N	N	N	N	N	N	N	N	N	N	N	0.0000	0.0000	0.0000	0.0000	0.0000	0.0000	0.0000	0.0000	0.0000	0.0000	0.0000	0.0000	0.0000	0.0000	0.0000	0.0000	0.0000	0.0000	0.0000	0.0000	0.0000	0.0000	0.0000	0.0000	0.0000	0.0000	0.0000			0.0000	0.0000	0.4173	0.0000	8.0348	0.0011	0.0000	0.0000	0.0000	0.0000	0.0000	0.0000	0.0000	0.0000	0.0000	0.0000	0.0000	0.0000	0.0000	0.0000	0.0000	0.0000	0.0000	0.0000	0.0000	0.0000	0.0000	0.0000	0.0000	0.0000	0.0000	0.0000	0.0000	0.0000	0.0000	0.0000	0.0000	0.0000	0.0000	0.0000	0.0000	0.0000
21	44	0.0977	10	2	0	1	1	0	0	0	0	0	0	2	1	0	0	0	0	0	0	Y	N	N	N	Y	N	N	N	N	N	N	N	N	N	N	N	N	N	0.0128	0.0000	0.1064	0.0000	0.0000	0.0000	0.0262	0.0000	0.1102	0.0730	0.0000	0.6460	0.0000	0.0000	0.0000	0.0964	0.0000	0.7061	5.7024	5.4057	6.0732	11.3899	12.5037	0.0003	3.6833	0.0590	6.4096	inf	0.8991	0.0008	-0.1397	0.4173	7.0030	8.0348	25.8862	0.0020	0.0000	0.0020	0.0000	0.0000	0.0000	0.0020	0.0000	0.0020	1.8667	0.9829	0.8837	0.9768	0.9768	0.0000	0.8898	0.0061	0.8837	0.0271	0.0241	0.0031	0.0066	0.0063	0.0003	0.0205	0.0177	0.0028	0.3273	0.1818	0.1455	0.0858	0.0781	0.0076	0.2416	0.1037	0.1379
21	48	0.0977	10	2	0	1	1	0	0	0	0	0	0	2	1	0	0	0	0	0	0	Y	N	N	N	Y	N	N	N	N	N	N	N	N	N	N	N	N	N	0.0017	0.0018	0.0000	0.0027	0.0027	0.0000	0.0000	0.0000	0.0000	0.0001	0.0001	0.0000	0.0002	0.0002	0.0000	0.0000	0.0000	0.0000	0.0353	0.0394	0.0296	0.0809	0.0836	0.0455	0.0162	0.0000	0.0288	0.0000	0.5371	-0.0000	-0.0008	0.4173	1.7572	8.0348	7.6758	0.0000	0.0000	0.0000	0.0000	0.0000	0.0000	0.0000	0.0000	0.0000	0.0041	0.0027	0.0014	0.0028	0.0027	0.0001	0.0013	0.0000	0.0013	0.0074	0.0066	0.0008	0.0021	0.0020	0.0001	0.0053	0.0046	0.0007	0.1161	0.0678	0.0484	0.0344	0.0319	0.0024	0.0818	0.0358	0.0459
21	49	0.0888	9	2	0	1	1	0	0	0	1	0	0	2	1	0	0	0	0	0	0	Y	N	N	N	Y	N	N	N	N	N	N	N	N	N	N	N	N	N	0.0014	0.0000	0.0069	0.0000	0.0000	0.0000	0.0017	0.0000	0.0071	0.0001	0.0000	0.0008	0.0000	0.0000	0.0000	0.0001	0.0000	0.0009	0.0677	0.0310	0.1185	0.0622	0.0663	0.0110	0.0699	0.0006	0.1244	inf	2.7654	0.0000	0.0010	0.4173	1.2605	8.0348	5.3560	0.0000	0.0000	0.0000	0.0000	0.0000	0.0000	0.0000	0.0000	0.0000	0.0054	0.0014	0.0040	0.0014	0.0014	0.0000	0.0040	0.0000	0.0040	0.0049	0.0043	0.0006	0.0011	0.0011	0.0000	0.0038	0.0033	0.0005	0.0801	0.0465	0.0336	0.0232	0.0215	0.0017	0.0569	0.0250	0.0319
21	50	0.0888	9	2	0	1	0	0	0	0	0	0	0	2	1	0	0	0	0	0	0	Y	N	N	N	Y	N	N	N	N	N	N	N	N	N	N	N	N	N	0.0000	0.0000	0.0000	0.0000	0.0000	0.0000	0.0000	0.0000	0.0000	0.0000	0.0000	0.0000	0.0000	0.0000	0.0000	0.0000	0.0000	0.0000	0.0488	0.0010	0.1126	0.0021	0.0023	0.0000	0.0672	0.0000	0.1188		82.1153	0.0000	0.0021	0.4173	1.0001	8.0348	7.4568	0.0000	0.0000	0.0000	0.0000	0.0000	0.0000	0.0000	0.0000	0.0000	0.0048	0.0001	0.0047	0.0001	0.0001	0.0000	0.0047	0.0000	0.0047	0.0039	0.0034	0.0004	0.0009	0.0008	0.0000	0.0030	0.0026	0.0004	0.0983	0.0562	0.0421	0.0278	0.0256	0.0022	0.0706	0.0307	0.0399
21	51	0.0843	8	2	0	1	0	0	0	0	0	0	1	2	1	0	0	0	0	0	0	Y	N	N	N	Y	N	N	N	N	N	N	N	N	N	N	N	N	N	0.0560	0.1233	0.0000	0.2708	0.2520	0.0000	0.0000	0.0000	0.0000	0.0001	0.0001	0.0000	0.0003	0.0003	0.0000	0.0000	0.0000	0.0000	0.0014	0.0007	0.0027	0.0011	0.0012	0.0000	0.0017	0.0000	0.0031	0.0000	2.0098	-0.0000	0.0000	0.4173	0.0061	8.0348	2.7591	0.0000	0.0000	0.0000	0.0000	0.0000	0.0000	0.0000	0.0000	0.0000	0.0001	0.0000	0.0001	0.0000	0.0000	0.0000	0.0001	0.0000	0.0001	0.0000	0.0000	0.0000	0.0000	0.0000	0.0000	0.0000	0.0000	0.0000	0.0574	0.0376	0.0199	0.0245	0.0221	0.0024	0.0330	0.0155	0.0175
21	52	0.1153	16	2	0	1	0	0	0	0	0	0	1	1	1	0	0	0	0	0	0	Y	N	N	N	N	N	N	N	N	N	N	N	N	N	N	N	N	N	0.0000	0.0000	0.0000	0.0000	0.0000	0.0000	0.0000	0.0000	0.0000	0.0000	0.0000	0.0000	0.0000	0.0000	0.0000	0.0000	0.0000	0.0000	0.0889	0.0011	0.1980	0.0085	0.0025	0.0954	0.1179	0.0000	0.2021		141.5269	0.0000	0.0037	0.4173	1.0020	8.0348	7.2599	0.0000	0.0000	0.0000	0.0000	0.0000	0.0000	0.0000	0.0000	0.0000	0.0082	0.0001	0.0082	0.0002	0.0001	0.0001	0.0080	0.0000	0.0080	0.0039	0.0035	0.0004	0.0009	0.0009	0.0000	0.0030	0.0026	0.0004	0.0924	0.0512	0.0412	0.0245	0.0229	0.0016	0.0679	0.0283	0.0396
21	53	0.0956	15	2	0	1	0	1	0	0	0	0	0	1	0	0	0	0	0	0	0	Y	N	N	N	N	N	N	N	N	N	N	N	N	N	N	N	N	N	0.0000	0.0000	0.0000	0.0000	0.0000	0.0000	0.0000	0.0000	0.0000	0.0000	0.0000	0.0000	0.0000	0.0000	0.0000	0.0000	0.0000	0.0000	0.0117	0.0009	0.0250	0.0027	0.0021	0.0121	0.0148	0.0000	0.0254		21.2457	0.0000	0.0006	0.4173	3.0050	8.0348	8.3063	0.0000	0.0000	0.0000	0.0000	0.0000	0.0000	0.0000	0.0000	0.0000	0.0015	0.0001	0.0015	0.0001	0.0001	0.0000	0.0014	0.0000	0.0014	0.0117	0.0104	0.0013	0.0027	0.0026	0.0001	0.0090	0.0077	0.0012	0.1305	0.0722	0.0584	0.0335	0.0315	0.0020	0.0970	0.0406	0.0563
21	56	0.1058	14	2	0	1	0	0	0	0	0	0	0	1	0	0	0	0	0	0	0	Y	N	N	N	N	N	N	N	N	N	N	N	N	N	N	N	N	N	0.0000	0.0000	0.0000	0.0000	0.0000	0.0000	0.0000	0.0000	0.0000	0.0000	0.0000	0.0000	0.0000	0.0000	0.0000	0.0000	0.0000	0.0000	0.0452	0.0020	0.0976	0.0068	0.0047	0.0343	0.0586	0.0000	0.1003		39.3139	0.0000	0.0030	0.4173	2.9988	8.0348	11.1255	0.0000	0.0000	0.0000	0.0000	0.0000	0.0000	0.0000	0.0000	0.0000	0.0069	0.0002	0.0067	0.0003	0.0002	0.0001	0.0067	0.0000	0.0067	0.0115	0.0102	0.0013	0.0027	0.0026	0.0001	0.0088	0.0076	0.0012	0.1531	0.0840	0.0691	0.0395	0.0367	0.0028	0.1136	0.0473	0.0663
21	70	0.0915	9	2	0	1	0	0	0	0	0	0	1	2	1	0	0	0	0	0	0	Y	N	N	N	Y	N	N	N	N	N	N	N	N	N	N	N	N	N	0.0264	0.0264	0.0000	0.0145	0.0143	0.0000	0.0481	29024.3752	0.0000	0.0037	0.0041	0.0000	0.0042	0.0044	0.0000	0.0034	0.0040	0.0000	0.1398	0.1566	0.1168	0.2891	0.3097	0.0251	0.0714	0.0000	0.1220	0.0000	0.5500	-0.0000	-0.0033	0.4173	2.3581	8.0348	7.4584	0.0000	0.0000	0.0000	0.0000	0.0000	0.0000	0.0000	0.0000	0.0000	0.0172	0.0111	0.0061	0.0112	0.0111	0.0001	0.0060	0.0000	0.0060	0.0106	0.0095	0.0011	0.0036	0.0034	0.0002	0.0070	0.0061	0.0010	0.1230	0.0708	0.0522	0.0386	0.0358	0.0028	0.0844	0.0350	0.0494
21	71	0.0843	8	2	0	1	0	0	0	0	0	0	0	2	0	0	0	0	0	0	0	Y	N	N	N	Y	N	N	N	N	N	N	N	N	N	N	N	N	N	0.2455	6.3276	0.0000	1.3548	1.2808	0.0000	0.1867	771.5445	0.0000	0.0123	0.0139	0.0000	0.0050	0.0052	0.0000	0.0144	0.0167	0.0000	0.0502	0.0022	0.1274	0.0037	0.0041	0.0003	0.0773	0.0000	0.1402	0.0000	36.0350	-0.0000	0.0018	0.4173	1.7590	8.0348	3.5356	0.0001	0.0001	0.0000	0.0000	0.0000	0.0000	0.0001	0.0001	0.0000	0.0042	0.0001	0.0040	0.0001	0.0001	0.0000	0.0040	0.0000	0.0040	0.0068	0.0060	0.0008	0.0015	0.0015	0.0001	0.0053	0.0045	0.0007	0.0828	0.0511	0.0318	0.0305	0.0276	0.0029	0.0523	0.0235	0.0289
21	72	0.0809	7	2	0	1	0	0	0	0	0	1	0	2	0	0	0	0	0	0	0	Y	N	N	N	Y	N	N	N	N	N	N	N	N	N	N	N	N	N	0.0156	0.2413	0.0000	0.0000	0.0000	0.0000	0.0152	inf	0.0000	0.0002	0.0002	0.0000	0.0000	0.0000	0.0000	0.0002	0.0002	0.0000	0.0110	0.0008	0.0229	0.0018	0.0019	0.0003	0.0139	0.0000	0.0238	0.0000	24.8421	-0.0000	0.0001	0.4173	0.0029	8.0348	2.4186	0.0000	0.0000	0.0000	0.0000	0.0000	0.0000	0.0000	0.0000	0.0000	0.0003	0.0000	0.0003	0.0000	0.0000	0.0000	0.0003	0.0000	0.0003	0.0000	0.0000	0.0000	0.0000	0.0000	0.0000	0.0000	0.0000	0.0000	0.0255	0.0137	0.0118	0.0061	0.0056	0.0005	0.0195	0.0081	0.0114
21	78	0.1058	14	2	0	1	0	0	0	0	0	0	1	1	1	0	0	0	0	0	0	Y	N	N	N	N	N	N	N	N	N	N	N	N	N	N	N	N	N	0.0000	0.0000	0.0000	0.0000	0.0000	0.0000	0.0000	0.0000	0.0000	0.0000	0.0000	0.0000	0.0000	0.0000	0.0000	0.0000	0.0000	0.0000	0.0155	0.0014	0.0326	0.0037	0.0032	0.0106	0.0196	0.0000	0.0335		19.0609	0.0000	0.0008	0.4173	0.0166	8.0348	12.2009	0.0000	0.0000	0.0000	0.0000	0.0000	0.0000	0.0000	0.0000	0.0000	0.0021	0.0001	0.0020	0.0001	0.0001	0.0000	0.0020	0.0000	0.0020	0.0001	0.0001	0.0000	0.0001	0.0001	0.0000	0.0001	0.0001	0.0000	0.1347	0.0740	0.0607	0.0351	0.0327	0.0024	0.0995	0.0413	0.0582
21	79	0.0915	13	2	0	1	0	1	0	0	0	0	0	1	0	0	0	0	0	0	0	Y	N	N	N	N	N	N	N	N	N	N	N	N	N	N	N	N	N	0.0000	0.0000	0.0000	0.0000	0.0000	0.0000	0.0000	0.0000	0.0000	0.0000	0.0000	0.0000	0.0000	0.0000	0.0000	0.0000	0.0000	0.0000	0.1758	0.0019	0.3741	0.0129	0.0042	0.1184	0.2223	0.0004	0.3838		176.9235	0.0000	0.0073	0.4173	1.0285	8.0348	7.9781	0.0000	0.0000	0.0000	0.0000	0.0000	0.0000	0.0000	0.0000	0.0000	0.0163	0.0001	0.0163	0.0003	0.0001	0.0002	0.0161	0.0000	0.0161	0.0040	0.0036	0.0005	0.0010	0.0009	0.0000	0.0031	0.0027	0.0004	0.0930	0.0495	0.0434	0.0207	0.0191	0.0016	0.0723	0.0305	0.0419
21	84	0.0541	4	2	0	1	0	0	0	0	0	0	0	1	0	0	0	0	0	0	0	Y	N	N	N	N	N	N	N	N	N	N	N	N	N	N	N	N	N	0.0000	0.0000	0.0000	0.0000	0.0000	0.0000	0.0000	0.0000	0.0000	0.0000	0.0000	0.0000	0.0000	0.0000	0.0000	0.0000	0.0000	0.0000	0.1757	0.2594	0.0735	0.5221	0.5487	0.0353	0.0816	0.0906	0.0745		0.2322	0.0000	-0.0125	0.4173	2.9998	8.0348	15.4389	0.0000	0.0000	0.0000	0.0000	0.0000	0.0000	0.0000	0.0000	0.0000	0.0348	0.0282	0.0066	0.0221	0.0220	0.0001	0.0127	0.0062	0.0065	0.0115	0.0102	0.0013	0.0026	0.0025	0.0001	0.0089	0.0077	0.0012	0.1981	0.1089	0.0892	0.0423	0.0401	0.0022	0.1558	0.0688	0.0870
21	85	0.4144	5	1	0	1	0	0	0	0	0	1	0	2	0	0	0	0	0	0	0	N	N	N	N	Y	N	N	N	N	N	N	N	N	N	N	N	N	N	0.0057	0.0236	0.0002	0.0264	0.0565	0.0002	0.0006	0.0055	0.0002	0.0093	0.0103	0.0006	0.0284	0.0294	0.0008	0.0014	0.0015	0.0006	1.6390	0.4391	3.8480	1.0761	0.5205	4.8126	2.1915	0.2772	3.6331	0.0071	4.7604	-0.0006	0.8082	0.4173	26.8363	8.0348	143.7566	0.0010	0.0010	0.0000	0.0009	0.0009	0.0000	0.0001	0.0001	0.0000	2.9058	0.5044	2.4014	0.9451	0.3979	0.5472	1.9608	0.1066	1.8542	0.1072	0.0956	0.0116	0.0314	0.0303	0.0011	0.0758	0.0653	0.0104	1.7729	1.1489	0.6241	0.8782	0.7645	0.1137	0.8947	0.3844	0.5104
21	88	0.0952	10	2	0	1	0	0	0	0	0	0	0	2	1	0	0	0	0	0	0	Y	N	N	N	Y	N	N	N	N	N	N	N	N	N	N	N	N	N	0.4995	0.3502	0.0000	0.0651	0.0639	0.0000	5.8404	41194.4073	0.0000	0.0275	0.0311	0.0000	0.0107	0.0111	0.0000	0.0327	0.0380	0.0000	0.0551	0.0888	0.0093	0.1644	0.1734	0.0047	0.0056	0.0000	0.0095	0.0000	0.0767	-0.0001	-0.0033	0.4173	1.0173	8.0348	8.6136	0.0001	0.0001	0.0000	0.0000	0.0000	0.0000	0.0001	0.0001	0.0000	0.0070	0.0065	0.0005	0.0065	0.0065	0.0000	0.0005	0.0000	0.0005	0.0040	0.0035	0.0005	0.0009	0.0009	0.0000	0.0031	0.0026	0.0004	0.1266	0.0730	0.0536	0.0395	0.0374	0.0021	0.0871	0.0356	0.0515
21	90	0.0952	10	2	0	1	0	0	0	0	0	0	0	2	1	0	0	0	0	0	0	Y	N	N	N	Y	N	N	N	N	N	N	N	N	N	N	N	N	N	0.0000	0.0000	0.0000	0.0000	0.0000	0.0000	0.0000	0.0000	0.0000	0.0000	0.0000	0.0000	0.0000	0.0000	0.0000	0.0000	0.0000	0.0000	5.4658	0.2287	12.3456	0.4385	0.4659	0.0120	7.5865	0.0000	12.8784	0.0000	41.0849	-0.0000	0.3889	0.4173	2.0138	8.0348	11.8132	0.0000	0.0000	0.0000	0.0000	0.0000	0.0000	0.0000	0.0000	0.0000	0.9086	0.0216	0.8870	0.0216	0.0216	0.0000	0.8870	0.0000	0.8870	0.0078	0.0069	0.0009	0.0018	0.0017	0.0001	0.0060	0.0052	0.0008	0.1662	0.0944	0.0718	0.0493	0.0463	0.0030	0.1169	0.0480	0.0689
21	91	0.0867	9	2	0	1	0	0	0	0	0	1	1	2	1	0	0	0	0	0	0	Y	N	N	N	Y	N	N	N	N	N	N	N	N	N	N	N	N	N	0.0000	0.0003	0.0000	0.0001	0.0001	0.0000	0.0000	0.4353	0.0000	0.0000	0.0000	0.0000	0.0000	0.0000	0.0000	0.0000	0.0000	0.0000	0.0949	0.0107	0.2093	0.0212	0.0213	0.0190	0.1274	0.0000	0.2174	0.0000	14.4431	-0.0000	0.0030	0.4173	1.9725	8.0348	4.2763	0.0000	0.0000	0.0000	0.0000	0.0000	0.0000	0.0000	0.0000	0.0000	0.0077	0.0005	0.0072	0.0005	0.0005	0.0000	0.0071	0.0000	0.0071	0.0077	0.0068	0.0009	0.0017	0.0017	0.0001	0.0059	0.0051	0.0008	0.0807	0.0465	0.0343	0.0247	0.0233	0.0014	0.0561	0.0232	0.0328
21	98	0.1167	10	2	0	1	1	0	0	0	1	0	0	2	1	0	0	0	0	0	0	Y	N	N	N	Y	N	N	N	N	N	N	N	N	N	N	N	N	N	0.0000	0.0000	0.0000	0.0000	0.0000	0.0000	0.0000	0.0000	0.0000	0.0000	0.0000	0.0000	0.0000	0.0000	0.0000	0.0000	0.0000	0.0000	0.0001	0.0003	0.0000	0.0005	0.0006	0.0000	0.0000	0.0000	0.0000		0.0127	0.0000	-0.0000	0.4173	2.9999	8.0348	3.9821	0.0000	0.0000	0.0000	0.0000	0.0000	0.0000	0.0000	0.0000	0.0000	0.0000	0.0000	0.0000	0.0000	0.0000	0.0000	0.0000	0.0000	0.0000	0.0115	0.0102	0.0013	0.0026	0.0025	0.0001	0.0089	0.0077	0.0012	0.0732	0.0397	0.0336	0.0188	0.0172	0.0016	0.0544	0.0224	0.0320
21	99	0.1136	9	2	0	1	0	0	0	0	0	0	0	2	1	0	0	0	0	0	0	Y	N	N	N	Y	N	N	N	N	N	N	N	N	N	N	N	N	N	0.0000	0.0000	0.0000	0.0000	0.0000	0.0000	0.0000	0.0000	0.0000	0.0000	0.0000	0.0000	0.0000	0.0000	0.0000	0.0000	0.0000	0.0000	0.0008	0.0014	0.0000	0.0029	0.0031	0.0000	0.0000	0.0000	0.0000		0.0078	0.0000	-0.0000	0.4173	0.0003	8.0348	2.0601	0.0000	0.0000	0.0000	0.0000	0.0000	0.0000	0.0000	0.0000	0.0000	0.0000	0.0000	0.0000	0.0000	0.0000	0.0000	0.0000	0.0000	0.0000	0.0000	0.0000	0.0000	0.0000	0.0000	0.0000	0.0000	0.0000	0.0000	0.0232	0.0127	0.0105	0.0062	0.0057	0.0005	0.0169	0.0070	0.0100
21	100	0.0938	8	2	0	1	0	0	0	0	0	1	1	2	1	0	0	0	0	0	0	Y	N	N	N	Y	N	N	N	N	N	N	N	N	N	N	N	N	N	0.0000	0.0000	0.0000	0.0000	0.0000	0.0000	0.0000	0.0000	0.0000	0.0000	0.0000	0.0000	0.0000	0.0000	0.0000	0.0000	0.0000	0.0000	0.2710	0.5002	0.0034	1.0659	1.1494	0.0004	0.0021	0.0000	0.0035		0.0058	0.0000	-0.0196	0.4173	3.0014	8.0348	9.1620	0.0000	0.0000	0.0000	0.0000	0.0000	0.0000	0.0000	0.0000	0.0000	0.0362	0.0360	0.0002	0.0360	0.0360	0.0000	0.0002	0.0000	0.0002	0.0115	0.0102	0.0013	0.0026	0.0025	0.0001	0.0089	0.0077	0.0012	0.1334	0.0719	0.0615	0.0337	0.0313	0.0025	0.0997	0.0406	0.0591
21	101	0.0809	7	2	0	1	0	0	0	0	0	0	0	1	0	0	0	0	0	0	0	Y	N	N	N	N	N	N	N	N	N	N	N	N	N	N	N	N	N	0.0000	0.0000	0.0000	0.0000	0.0000	0.0000	0.0000	0.0000	0.0000	0.0000	0.0000	0.0000	0.0000	0.0000	0.0000	0.0000	0.0000	0.0000	11.7764	21.8117	0.2917	49.7826	54.0672	0.0000	0.1776	0.0000	0.3038		0.0117	0.0000	-0.5221	0.4173	0.0077	8.0348	8.0757	0.0000	0.0000	0.0000	0.0000	0.0000	0.0000	0.0000	0.0000	0.0000	0.9727	0.9614	0.0112	0.9614	0.9614	0.0000	0.0112	0.0000	0.0112	0.0000	0.0000	0.0000	0.0000	0.0000	0.0000	0.0000	0.0000	0.0000	0.0826	0.0441	0.0385	0.0193	0.0178	0.0015	0.0633	0.0263	0.0370
21	102	0.0793	6	2	0	1	0	0	0	0	0	0	0	1	0	0	0	0	0	0	0	Y	N	N	N	N	N	N	N	N	N	N	N	N	N	N	N	N	N	0.0000	0.0000	0.0000	0.0000	0.0000	0.0000	0.0000	0.0000	0.0000	0.0000	0.0000	0.0000	0.0000	0.0000	0.0000	0.0000	0.0000	0.0000	0.0282	0.0456	0.0084	0.1046	0.1135	0.0002	0.0051	0.0000	0.0087		0.1612	0.0000	-0.0001	0.4173	0.0011	8.0348	1.0060	0.0000	0.0000	0.0000	0.0000	0.0000	0.0000	0.0000	0.0000	0.0000	0.0003	0.0003	0.0000	0.0003	0.0003	0.0000	0.0000	0.0000	0.0000	0.0000	0.0000	0.0000	0.0000	0.0000	0.0000	0.0000	0.0000	0.0000	0.0105	0.0056	0.0049	0.0024	0.0022	0.0002	0.0080	0.0033	0.0047
21	113	0.0793	8	2	0	1	0	0	0	0	0	0	0	1	0	0	0	0	0	0	0	Y	N	N	N	N	N	N	N	N	N	N	N	N	N	N	N	N	N	0.0000	0.0000	0.0000	0.0000	0.0000	0.0000	0.0000	0.0000	0.0000	0.0000	0.0000	0.0000	0.0000	0.0000	0.0000	0.0000	0.0000	0.0000	0.0089	0.0099	0.0077	0.0228	0.0248	0.0001	0.0047	0.0000	0.0080		0.6816	0.0000	-0.0001	0.4173	0.0182	8.0348	4.6661	0.0000	0.0000	0.0000	0.0000	0.0000	0.0000	0.0000	0.0000	0.0000	0.0004	0.0003	0.0002	0.0003	0.0003	0.0000	0.0002	0.0000	0.0002	0.0001	0.0001	0.0000	0.0000	0.0000	0.0000	0.0001	0.0000	0.0000	0.0481	0.0256	0.0225	0.0111	0.0102	0.0009	0.0370	0.0153	0.0216
21	114	0.0793	7	2	0	1	0	0	0	0	0	0	0	1	0	0	0	0	0	0	0	Y	N	N	N	N	N	N	N	N	N	N	N	N	N	N	N	N	N	0.0000	0.0000	0.0000	0.0000	0.0000	0.0000	0.0000	0.0000	0.0000	0.0000	0.0000	0.0000	0.0000	0.0000	0.0000	0.0000	0.0000	0.0000	0.0897	0.0773	0.1067	0.1388	0.1408	0.0907	0.0653	0.0000	0.1072		0.9994	0.0000	-0.0000	0.4173	0.0004	8.0348	0.0007	0.0000	0.0000	0.0000	0.0000	0.0000	0.0000	0.0000	0.0000	0.0000	0.0000	0.0000	0.0000	0.0000	0.0000	0.0000	0.0000	0.0000	0.0000	0.0000	0.0000	0.0000	0.0000	0.0000	0.0000	0.0000	0.0000	0.0000	0.0000	0.0000	0.0000	0.0000	0.0000	0.0000	0.0000	0.0000	0.0000
21	115	0.0793	6	2	0	1	0	0	0	0	0	0	0	1	0	0	0	0	0	0	0	Y	N	N	N	N	N	N	N	N	N	N	N	N	N	N	N	N	N	0.0000	0.0000	0.0000	0.0000	0.0000	0.0000	0.0000	0.0000	0.0000	0.0000	0.0000	0.0000	0.0000	0.0000	0.0000	0.0000	0.0000	0.0000	1.6751	0.0723	4.2701	0.1151	0.1128	0.2232	2.7368	0.0000	4.3613		36.4600	0.0000	0.0000	0.4173	0.0004	8.0348	0.0002	0.0000	0.0000	0.0000	0.0000	0.0000	0.0000	0.0000	0.0000	0.0000	0.0000	0.0000	0.0000	0.0000	0.0000	0.0000	0.0000	0.0000	0.0000	0.0000	0.0000	0.0000	0.0000	0.0000	0.0000	0.0000	0.0000	0.0000	0.0000	0.0000	0.0000	0.0000	0.0000	0.0000	0.0000	0.0000	0.0000
21	116	0.0589	5	2	0	1	0	0	0	0	0	0	0	1	0	0	0	0	0	0	0	Y	N	N	N	N	N	N	N	N	N	N	N	N	N	N	N	N	N	0.0000	0.0000	0.0000	0.0000	0.0000	0.0000	0.0000	0.0000	0.0000	0.0000	0.0000	0.0000	0.0000	0.0000	0.0000	0.0000	0.0000	0.0000	6.4183	0.0083	14.9584	0.0371	0.0208	0.3901	8.4348	0.0000	15.3285		1344.7271	0.0000	0.4395	0.4173	0.0012	8.0348	12.6705	0.0000	0.0000	0.0000	0.0000	0.0000	0.0000	0.0000	0.0000	0.0000	0.9746	0.0007	0.9738	0.0014	0.0007	0.0006	0.9732	0.0000	0.9732	0.0000	0.0000	0.0000	0.0000	0.0000	0.0000	0.0000	0.0000	0.0000	0.1518	0.0867	0.0651	0.0365	0.0348	0.0016	0.1154	0.0519	0.0635
21	117	0.0541	4	2	0	1	0	0	0	0	0	0	0	1	0	0	0	0	0	0	0	Y	N	N	N	N	N	N	N	N	N	N	N	N	N	N	N	N	N	0.0000	0.0000	0.0000	0.0000	0.0000	0.0000	0.0000	0.0000	0.0000	0.0000	0.0000	0.0000	0.0000	0.0000	0.0000	0.0000	0.0000	0.0000	0.1762	0.0144	0.4498	0.0359	0.0247	0.3898	0.2321	0.0063	0.4512		18.4993	0.0000	0.0038	0.4173	0.0012	8.0348	3.6220	0.0000	0.0000	0.0000	0.0000	0.0000	0.0000	0.0000	0.0000	0.0000	0.0095	0.0005	0.0090	0.0006	0.0004	0.0002	0.0090	0.0001	0.0088	0.0000	0.0000	0.0000	0.0000	0.0000	0.0000	0.0000	0.0000	0.0000	0.0540	0.0339	0.0201	0.0154	0.0149	0.0005	0.0386	0.0190	0.0196
21	118	0.0506	3	2	0	1	0	1	0	0	0	0	0	1	0	0	0	0	0	0	0	Y	N	N	N	N	N	N	N	N	N	N	N	N	N	N	N	N	N	2.8799	3.7617	0.0000	3.6427	3.6611	0.0000	0.0000	0.0000	0.0000	0.0794	0.1040	0.0000	0.2154	0.2177	0.0000	0.0000	0.0000	0.0000	0.0276	0.0276	0.0274	0.0591	0.0595	0.0391	0.0137	0.0001	0.0272	0.0000	0.5399	-0.0000	-0.0002	0.4173	0.0004	8.0348	2.6029	0.0000	0.0000	0.0000	0.0000	0.0000	0.0000	0.0000	0.0000	0.0000	0.0012	0.0008	0.0004	0.0008	0.0008	0.0000	0.0004	0.0000	0.0004	0.0000	0.0000	0.0000	0.0000	0.0000	0.0000	0.0000	0.0000	0.0000	0.0448	0.0290	0.0158	0.0137	0.0134	0.0002	0.0311	0.0156	0.0156
21	121	0.0807	7	2	0	1	0	0	0	0	0	0	0	1	0	0	0	0	0	0	0	Y	N	N	N	N	N	N	N	N	N	N	N	N	N	N	N	N	N	0.0000	0.0000	0.0000	0.0000	0.0000	0.0000	0.0000	0.0000	0.0000	0.0000	0.0000	0.0000	0.0000	0.0000	0.0000	0.0000	0.0000	0.0000	0.0258	0.0289	0.0216	0.0457	0.0462	0.0180	0.0144	0.0000	0.0217		0.5556	0.0000	-0.0001	0.4173	0.0000	8.0348	1.2022	0.0000	0.0000	0.0000	0.0000	0.0000	0.0000	0.0000	0.0000	0.0000	0.0007	0.0004	0.0002	0.0004	0.0004	0.0000	0.0002	0.0000	0.0002	0.0000	0.0000	0.0000	0.0000	0.0000	0.0000	0.0000	0.0000	0.0000	0.0268	0.0153	0.0114	0.0098	0.0096	0.0002	0.0170	0.0057	0.0112
21	122	0.0594	6	2	0	1	0	1	0	0	0	0	0	1	0	0	0	0	0	0	0	Y	N	N	N	N	N	N	N	N	N	N	N	N	N	N	N	N	N	39.5204	0.0000	92.7843	0.0000	0.0000	0.0000	95.2568	0.0000	93.4421	0.1359	0.0000	0.4048	0.0000	0.0000	0.0000	0.2366	0.0000	0.4072	0.0034	0.0027	0.0044	0.0065	0.0065	0.0046	0.0025	0.0000	0.0044	inf	1.2755	0.0000	0.0000	0.4173	0.0041	8.0348	12.5856	0.0000	0.0000	0.0000	0.0000	0.0000	0.0000	0.0000	0.0000	0.0000	0.0005	0.0002	0.0003	0.0002	0.0002	0.0000	0.0003	0.0000	0.0003	0.0001	0.0000	0.0000	0.0000	0.0000	0.0000	0.0000	0.0000	0.0000	0.1530	0.0854	0.0676	0.0365	0.0353	0.0012	0.1165	0.0502	0.0664
22	25	0.1183	15	2	0	1	1	0	0	0	1	0	0	1	1	0	0	0	0	0	0	Y	N	N	N	N	N	N	N	N	N	N	N	N	N	N	N	N	N	0.0000	0.0000	0.0000	0.0000	0.0000	0.0000	0.0000	0.0000	0.0000	0.0000	0.0000	0.0000	0.0000	0.0000	0.0000	0.0000	0.0000	0.0000	0.0000	0.0000	0.0000	0.0000	0.0000	0.0000	0.0000	0.0000	0.0000		11.4690	0.0000	0.0000	1.0206	0.9999	8.2592	1.0788	0.0000	0.0000	0.0000	0.0000	0.0000	0.0000	0.0000	0.0000	0.0000	0.0000	0.0000	0.0000	0.0000	0.0000	0.0000	0.0000	0.0000	0.0000	0.0073	0.0063	0.0010	0.0003	0.0002	0.0000	0.0070	0.0060	0.0010	0.0208	0.0114	0.0095	0.0052	0.0045	0.0007	0.0156	0.0068	0.0088
22	42	0.1072	11	2	0	1	0	0	0	0	0	0	1	0	1	0	0	0	0	0	0	Y	N	N	N	N	N	N	N	N	N	N	N	N	N	N	N	N	N	0.0000	0.0000	0.0000	0.0000	0.0000	0.0000	0.0000	0.0000	0.0000	0.0000	0.0000	0.0000	0.0000	0.0000	0.0000	0.0000	0.0000	0.0000	0.0000	0.0000	0.0000	0.0000	0.0000	0.0000	0.0000	0.0000	0.0000			0.0000	0.0000	1.0206	0.0000	8.2592	0.0011	0.0000	0.0000	0.0000	0.0000	0.0000	0.0000	0.0000	0.0000	0.0000	0.0000	0.0000	0.0000	0.0000	0.0000	0.0000	0.0000	0.0000	0.0000	0.0000	0.0000	0.0000	0.0000	0.0000	0.0000	0.0000	0.0000	0.0000	0.0000	0.0000	0.0000	0.0000	0.0000	0.0000	0.0000	0.0000	0.0000
22	44	0.1023	16	2	0	1	1	0	0	0	0	0	0	1	1	0	0	0	0	0	0	Y	N	N	N	N	N	N	N	N	N	N	N	N	N	N	N	N	N	0.0030	47.9336	0.0000	0.0000	0.0000	0.0000	0.0023	525704.5290	0.0000	0.0105	0.0122	0.0000	0.0000	0.0000	0.0000	0.0110	0.0128	0.0000	3.5097	0.0003	7.6557	0.0029	0.0006	0.0151	4.6770	0.0000	8.3502	0.0000	25527.4244	-0.0003	0.4745	1.0206	7.0030	8.2592	25.8862	0.0005	0.0005	0.0000	0.0000	0.0000	0.0000	0.0005	0.0005	0.0000	1.0505	0.0000	1.0504	0.0002	0.0000	0.0002	1.0503	0.0000	1.0503	0.0514	0.0444	0.0070	0.0022	0.0021	0.0001	0.0492	0.0423	0.0070	0.2993	0.1621	0.1372	0.0747	0.0633	0.0114	0.2246	0.0988	0.1258
22	48	0.1023	16	2	0	1	1	0	0	0	0	0	0	1	1	0	0	0	0	0	0	Y	N	N	N	N	N	N	N	N	N	N	N	N	N	N	N	N	N	0.0000	0.0001	0.0000	0.0005	0.0004	0.0000	0.0000	0.0000	0.0000	0.0000	0.0000	0.0000	0.0001	0.0001	0.0000	0.0000	0.0000	0.0000	0.5280	0.0660	1.1501	0.1277	0.1417	0.0193	0.6923	0.0043	1.2460	0.0000	12.9329	-0.0000	0.0218	1.0206	1.7572	8.2592	7.6758	0.0000	0.0000	0.0000	0.0000	0.0000	0.0000	0.0000	0.0000	0.0000	0.0574	0.0041	0.0532	0.0040	0.0040	0.0001	0.0533	0.0001	0.0532	0.0144	0.0124	0.0020	0.0012	0.0012	0.0000	0.0132	0.0113	0.0019	0.1087	0.0624	0.0463	0.0316	0.0280	0.0036	0.0770	0.0344	0.0427
22	49	0.0934	15	2	0	1	1	0	0	0	1	0	0	1	1	0	0	0	0	0	0	Y	N	N	N	N	N	N	N	N	N	N	N	N	N	N	N	N	N	0.0000	0.0004	0.0000	0.0000	0.0000	0.0000	0.0000	0.0028	0.0000	0.0000	0.0000	0.0000	0.0000	0.0000	0.0000	0.0000	0.0000	0.0000	12.8536	0.0227	30.3302	0.0450	0.0501	0.0079	17.6649	0.0032	32.9214	0.0000	979.7209	-0.0000	0.4279	1.0206	1.2605	8.2592	5.3560	0.0000	0.0000	0.0000	0.0000	0.0000	0.0000	0.0000	0.0000	0.0000	0.9494	0.0010	0.9484	0.0009	0.0009	0.0000	0.9485	0.0001	0.9484	0.0092	0.0079	0.0013	0.0003	0.0003	0.0000	0.0089	0.0077	0.0012	0.0739	0.0426	0.0313	0.0202	0.0177	0.0025	0.0537	0.0249	0.0288
22	50	0.0934	15	2	0	1	0	0	0	0	0	0	0	1	1	0	0	0	0	0	0	Y	N	N	N	N	N	N	N	N	N	N	N	N	N	N	N	N	N	0.0000	0.0000	0.0000	0.0000	0.0000	0.0000	0.0000	0.0000	0.0000	0.0000	0.0000	0.0000	0.0000	0.0000	0.0000	0.0000	0.0000	0.0000	0.1511	0.0601	0.2699	0.1295	0.1487	0.0032	0.1588	0.0000	0.2930		3.4441	0.0000	0.0031	1.0206	1.0001	8.2592	7.4568	0.0000	0.0000	0.0000	0.0000	0.0000	0.0000	0.0000	0.0000	0.0000	0.0136	0.0031	0.0106	0.0031	0.0031	0.0000	0.0105	0.0000	0.0105	0.0073	0.0063	0.0010	0.0002	0.0002	0.0000	0.0071	0.0061	0.0010	0.0902	0.0510	0.0391	0.0237	0.0206	0.0031	0.0664	0.0304	0.0360
22	51	0.0889	14	2	0	1	0	0	0	0	0	0	1	1	1	0	0	0	0	0	0	Y	N	N	N	N	N	N	N	N	N	N	N	N	N	N	N	N	N	0.0000	0.0000	0.0000	0.0000	0.0000	0.0000	0.0000	0.0000	0.0000	0.0000	0.0000	0.0000	0.0000	0.0000	0.0000	0.0000	0.0000	0.0000	10.4491	0.0993	29.7560	0.1484	0.1664	0.0001	18.3738	0.0004	34.3955		160.6929	0.0000	0.2813	1.0206	0.0061	8.2592	2.7591	0.0000	0.0000	0.0000	0.0000	0.0000	0.0000	0.0000	0.0000	0.0000	0.6313	0.0039	0.6274	0.0039	0.0039	0.0000	0.6274	0.0000	0.6274	0.0001	0.0000	0.0000	0.0000	0.0000	0.0000	0.0000	0.0000	0.0000	0.0604	0.0393	0.0211	0.0263	0.0234	0.0028	0.0341	0.0159	0.0182
22	52	0.0921	12	2	0	1	0	0	0	0	0	0	1	0	1	0	0	0	0	0	0	Y	N	N	N	N	N	N	N	N	N	N	N	N	N	N	N	N	N	1.0952	0.0000	190366.2999	18.8859	0.0000	inf	0.8743	0.0000	176922.9897	0.1273	0.0000	0.9294	0.1000	0.0000	2.0255	0.1285	0.0000	0.9131	0.1163	0.2182	0.0000	0.0053	0.0060	0.0000	0.1470	0.3373	0.0000	inf	0.0000	0.0004	-0.0054	1.0206	1.0020	8.2592	7.2599	0.0009	0.0000	0.0009	0.0000	0.0000	0.0000	0.0009	0.0000	0.0009	0.0098	0.0098	0.0000	0.0001	0.0001	0.0000	0.0097	0.0097	0.0000	0.0074	0.0064	0.0010	0.0003	0.0003	0.0000	0.0071	0.0061	0.0010	0.0843	0.0449	0.0394	0.0183	0.0162	0.0021	0.0661	0.0288	0.0373
22	53	0.0724	11	2	0	1	0	1	0	0	0	0	0	0	0	0	0	0	0	0	0	Y	N	N	N	N	N	N	N	N	N	N	N	N	N	N	N	N	N	1268.6559	0.0236	22615263.0952	0.0522	0.0012	39759.3901	19163.2889	0.2978	22562537.8149	45.0255	0.0016	331.5219	0.0095	0.0002	0.1619	47.3231	0.0017	338.4612	0.0355	0.0668	0.0000	0.1822	0.1980	0.0000	0.0025	0.0055	0.0000	33033.1506	0.0002	0.4155	-0.0022	1.0206	3.0050	8.2592	8.3063	0.9970	0.0000	0.9969	0.0000	0.0000	0.0000	0.9969	0.0000	0.9969	0.0041	0.0041	0.0000	0.0038	0.0038	0.0000	0.0002	0.0002	0.0000	0.0221	0.0191	0.0030	0.0011	0.0010	0.0001	0.0211	0.0181	0.0029	0.1147	0.0609	0.0538	0.0211	0.0194	0.0017	0.0936	0.0415	0.0521
22	56	0.0826	10	2	0	1	0	0	0	0	0	0	0	0	0	0	0	0	0	0	0	Y	N	N	N	N	N	N	N	N	N	N	N	N	N	N	N	N	N	10.1425	0.0000	55.6914	0.0000	0.0000	0.0000	8.8754	0.0000	54.2604	0.0249	0.0000	0.1850	0.0000	0.0000	0.0000	0.0262	0.0000	0.1888	0.0025	0.0017	0.0033	0.0005	0.0005	0.0000	0.0029	0.0023	0.0035	inf	1.7546	0.0002	0.0000	1.0206	2.9988	8.2592	11.1255	0.0005	0.0000	0.0005	0.0000	0.0000	0.0000	0.0005	0.0000	0.0005	0.0003	0.0001	0.0002	0.0000	0.0000	0.0000	0.0003	0.0001	0.0002	0.0217	0.0188	0.0029	0.0011	0.0010	0.0001	0.0206	0.0178	0.0029	0.1362	0.0721	0.0641	0.0271	0.0242	0.0029	0.1091	0.0480	0.0612
22	70	0.0961	15	2	0	1	0	0	0	0	0	0	1	1	1	0	0	0	0	0	0	Y	N	N	N	N	N	N	N	N	N	N	N	N	N	N	N	N	N	0.0000	0.0000	0.0000	0.0000	0.0000	0.0000	0.0000	0.0000	0.0000	0.0000	0.0000	0.0000	0.0000	0.0000	0.0000	0.0000	0.0000	0.0000	5.4755	0.0004	12.6293	0.0010	0.0008	0.0026	7.9439	0.0000	13.7015		26152.3151	0.0000	0.2845	1.0206	2.3581	8.2592	7.4584	0.0000	0.0000	0.0000	0.0000	0.0000	0.0000	0.0000	0.0000	0.0000	0.6298	0.0000	0.6297	0.0000	0.0000	0.0000	0.6297	0.0000	0.6297	0.0214	0.0190	0.0024	0.0034	0.0034	0.0001	0.0180	0.0156	0.0023	0.1150	0.0652	0.0499	0.0357	0.0318	0.0039	0.0793	0.0333	0.0460
22	71	0.0889	14	2	0	1	0	0	0	0	0	0	0	1	0	0	0	0	0	0	0	Y	N	N	N	N	N	N	N	N	N	N	N	N	N	N	N	N	N	0.0000	0.0000	0.0000	0.0000	0.0000	0.0000	0.0000	0.0000	0.0000	0.0000	0.0000	0.0000	0.0000	0.0000	0.0000	0.0000	0.0000	0.0000	5.5834	4.5363	7.2486	7.4782	8.4815	0.0001	4.4592	0.0003	8.1821		1.0049	0.0000	-0.0218	1.0206	1.7590	8.2592	3.5356	0.0000	0.0000	0.0000	0.0000	0.0000	0.0000	0.0000	0.0000	0.0000	0.4632	0.2310	0.2322	0.2310	0.2310	0.0000	0.2322	0.0000	0.2322	0.0128	0.0110	0.0018	0.0004	0.0003	0.0000	0.0124	0.0107	0.0017	0.0830	0.0509	0.0320	0.0309	0.0272	0.0037	0.0521	0.0237	0.0284
22	72	0.0855	13	2	0	1	0	0	0	0	0	1	0	1	0	0	0	0	0	0	0	Y	N	N	N	N	N	N	N	N	N	N	N	N	N	N	N	N	N	0.0000	0.0000	0.0000	0.0000	0.0000	0.0000	0.0000	0.0000	0.0000	0.0000	0.0000	0.0000	0.0000	0.0000	0.0000	0.0000	0.0000	0.0000	16.3300	0.5853	33.6410	1.4994	1.7655	0.0001	20.1408	0.0000	35.9678		52.2751	0.0000	0.1610	1.0206	0.0029	8.2592	2.4186	0.0000	0.0000	0.0000	0.0000	0.0000	0.0000	0.0000	0.0000	0.0000	0.3719	0.0070	0.3649	0.0070	0.0070	0.0000	0.3649	0.0000	0.3649	0.0000	0.0000	0.0000	0.0000	0.0000	0.0000	0.0000	0.0000	0.0000	0.0228	0.0119	0.0108	0.0047	0.0040	0.0007	0.0181	0.0080	0.0101
22	78	0.0826	10	2	0	1	0	0	0	0	0	0	1	0	1	0	0	0	0	0	0	Y	N	N	N	N	N	N	N	N	N	N	N	N	N	N	N	N	N	0.1970	13.8249	0.0000	0.2893	10.3221	0.0000	0.0000	0.0000	0.0000	0.0005	0.0006	0.0000	0.0012	0.0013	0.0000	0.0000	0.0000	0.0000	0.0027	0.0000	0.0057	0.0042	0.0001	0.0392	0.0023	0.0000	0.0041	0.0000	120.5842	-0.0000	0.0001	1.0206	0.0166	8.2592	12.2009	0.0000	0.0000	0.0000	0.0000	0.0000	0.0000	0.0000	0.0000	0.0000	0.0003	0.0000	0.0003	0.0001	0.0000	0.0001	0.0002	0.0000	0.0002	0.0003	0.0003	0.0000	0.0001	0.0001	0.0000	0.0002	0.0002	0.0000	0.1200	0.0637	0.0563	0.0244	0.0218	0.0025	0.0957	0.0419	0.0538
22	79	0.0683	9	2	0	1	0	1	0	0	0	0	0	0	0	0	0	0	0	0	0	Y	N	N	N	N	N	N	N	N	N	N	N	N	N	N	N	N	N	0.0002	0.0000	0.0008	0.0000	0.0000	0.0000	0.0002	0.0000	0.0008	0.0000	0.0000	0.0002	0.0000	0.0000	0.0000	0.0000	0.0000	0.0002	0.0993	0.0061	0.1951	0.0223	0.0252	0.0005	0.1116	0.0000	0.2018	inf	31.3290	0.0000	0.0034	1.0206	1.0285	8.2592	7.9781	0.0000	0.0000	0.0000	0.0000	0.0000	0.0000	0.0000	0.0000	0.0000	0.0081	0.0002	0.0078	0.0002	0.0002	0.0000	0.0078	0.0000	0.0078	0.0077	0.0066	0.0010	0.0004	0.0004	0.0000	0.0073	0.0063	0.0010	0.0812	0.0412	0.0401	0.0112	0.0098	0.0013	0.0701	0.0313	0.0387
22	84	0.0587	10	2	0	1	0	0	0	0	0	0	0	0	0	0	0	0	0	0	0	Y	N	N	N	N	N	N	N	N	N	N	N	N	N	N	N	N	N	64.0223	0.0000	229.2026	0.0000	0.0000	0.0000	56.9360	0.0000	223.0041	0.0993	0.0000	0.7236	0.0000	0.0000	0.0000	0.1022	0.0000	0.7307	0.0016	0.0001	0.0032	0.0003	0.0004	0.0001	0.0018	0.0000	0.0033	inf	26.7521	0.0009	0.0001	1.0206	2.9998	8.2592	15.4389	0.0021	0.0000	0.0021	0.0000	0.0000	0.0000	0.0021	0.0000	0.0021	0.0003	0.0000	0.0003	0.0000	0.0000	0.0000	0.0003	0.0000	0.0003	0.0216	0.0187	0.0030	0.0006	0.0006	0.0000	0.0210	0.0181	0.0029	0.1790	0.0942	0.0848	0.0299	0.0268	0.0032	0.1490	0.0674	0.0816
22	88	0.0998	16	2	0	1	0	0	0	0	0	0	0	1	1	0	0	0	0	0	0	Y	N	N	N	N	N	N	N	N	N	N	N	N	N	N	N	N	N	0.0000	0.0000	0.0000	0.0000	0.0000	0.0000	0.0000	0.0000	0.0000	0.0000	0.0000	0.0000	0.0000	0.0000	0.0000	0.0000	0.0000	0.0000	0.0771	0.0714	0.0846	0.1841	0.1449	0.5451	0.0293	0.0000	0.0501		0.9075	0.0000	-0.0007	1.0206	1.0173	8.2592	8.6136	0.0000	0.0000	0.0000	0.0000	0.0000	0.0000	0.0000	0.0000	0.0000	0.0098	0.0051	0.0047	0.0072	0.0051	0.0021	0.0026	0.0000	0.0026	0.0076	0.0065	0.0010	0.0003	0.0003	0.0000	0.0072	0.0062	0.0010	0.1269	0.0719	0.0551	0.0393	0.0354	0.0038	0.0877	0.0364	0.0512
22	90	0.0998	16	2	0	1	0	0	0	0	0	0	0	1	1	0	0	0	0	0	0	Y	N	N	N	N	N	N	N	N	N	N	N	N	N	N	N	N	N	0.0000	0.0000	0.0000	0.0000	0.0000	0.0000	0.0000	0.0000	0.0000	0.0000	0.0000	0.0000	0.0000	0.0000	0.0000	0.0000	0.0000	0.0000	6.1717	0.0509	13.8349	0.1012	0.1114	0.0152	8.5821	0.0000	14.8376		216.9222	0.0000	0.4470	1.0206	2.0138	8.2592	11.8132	0.0000	0.0000	0.0000	0.0000	0.0000	0.0000	0.0000	0.0000	0.0000	0.9997	0.0046	0.9951	0.0047	0.0046	0.0001	0.9950	0.0000	0.9950	0.0148	0.0127	0.0020	0.0006	0.0006	0.0000	0.0142	0.0122	0.0020	0.1620	0.0901	0.0719	0.0460	0.0412	0.0049	0.1159	0.0489	0.0671
22	91	0.0913	15	2	0	1	0	0	0	0	0	1	1	1	1	0	0	0	0	0	0	Y	N	N	N	N	N	N	N	N	N	N	N	N	N	N	N	N	N	0.0000	0.0000	0.0000	0.0000	0.0000	0.0000	0.0000	0.0000	0.0000	0.0000	0.0000	0.0000	0.0000	0.0000	0.0000	0.0000	0.0000	0.0000	0.2999	0.0396	0.6538	0.1370	0.0863	0.5062	0.3700	0.0001	0.6676		12.1277	0.0000	0.0091	1.0206	1.9725	8.2592	4.2763	0.0000	0.0000	0.0000	0.0000	0.0000	0.0000	0.0000	0.0000	0.0000	0.0243	0.0019	0.0225	0.0033	0.0018	0.0015	0.0210	0.0000	0.0210	0.0145	0.0125	0.0020	0.0005	0.0005	0.0000	0.0140	0.0120	0.0020	0.0810	0.0467	0.0343	0.0244	0.0214	0.0029	0.0567	0.0253	0.0314
22	98	0.1213	16	2	0	1	1	0	0	0	1	0	0	1	1	0	0	0	0	0	0	Y	N	N	N	N	N	N	N	N	N	N	N	N	N	N	N	N	N	0.0000	0.0000	0.0000	0.0000	0.0000	0.0000	0.0000	0.0000	0.0000	0.0000	0.0000	0.0000	0.0000	0.0000	0.0000	0.0000	0.0000	0.0000	0.0000	0.0000	0.0000	0.0000	0.0000	0.0000	0.0000	0.0000	0.0000		6.8782	0.0000	0.0000	1.0206	2.9999	8.2592	3.9821	0.0000	0.0000	0.0000	0.0000	0.0000	0.0000	0.0000	0.0000	0.0000	0.0000	0.0000	0.0000	0.0000	0.0000	0.0000	0.0000	0.0000	0.0000	0.0217	0.0187	0.0030	0.0007	0.0007	0.0000	0.0209	0.0180	0.0029	0.0648	0.0347	0.0300	0.0152	0.0130	0.0022	0.0495	0.0217	0.0278
22	99	0.1183	15	2	0	1	0	0	0	0	0	0	0	1	1	0	0	0	0	0	0	Y	N	N	N	N	N	N	N	N	N	N	N	N	N	N	N	N	N	0.0000	0.0000	0.0000	0.0000	0.0000	0.0000	0.0000	0.0000	0.0000	0.0000	0.0000	0.0000	0.0000	0.0000	0.0000	0.0000	0.0000	0.0000	0.0005	0.0009	0.0000	0.0020	0.0023	0.0000	0.0000	0.0000	0.0000		0.0017	0.0000	-0.0000	1.0206	0.0003	8.2592	2.0601	0.0000	0.0000	0.0000	0.0000	0.0000	0.0000	0.0000	0.0000	0.0000	0.0000	0.0000	0.0000	0.0000	0.0000	0.0000	0.0000	0.0000	0.0000	0.0000	0.0000	0.0000	0.0000	0.0000	0.0000	0.0000	0.0000	0.0000	0.0207	0.0113	0.0094	0.0052	0.0045	0.0007	0.0155	0.0068	0.0087
22	100	0.0984	14	2	0	1	0	0	0	0	0	1	1	1	1	0	0	0	0	0	0	Y	N	N	N	N	N	N	N	N	N	N	N	N	N	N	N	N	N	0.0000	0.0000	0.0000	0.0000	0.0000	0.0000	0.0000	0.0000	0.0000	0.0000	0.0000	0.0000	0.0000	0.0000	0.0000	0.0000	0.0000	0.0000	0.0009	0.0016	0.0000	0.0038	0.0044	0.0001	0.0000	0.0000	0.0000		0.0135	0.0000	-0.0001	1.0206	3.0014	8.2592	9.1620	0.0000	0.0000	0.0000	0.0000	0.0000	0.0000	0.0000	0.0000	0.0000	0.0001	0.0001	0.0000	0.0001	0.0001	0.0000	0.0000	0.0000	0.0000	0.0217	0.0187	0.0030	0.0006	0.0006	0.0000	0.0211	0.0181	0.0029	0.1174	0.0624	0.0550	0.0262	0.0226	0.0036	0.0912	0.0398	0.0514
22	101	0.0855	13	2	0	1	0	0	0	0	0	0	0	0	0	0	0	0	0	0	0	Y	N	N	N	N	N	N	N	N	N	N	N	N	N	N	N	N	N	0.0000	0.0000	0.0000	0.0000	0.0000	0.0000	0.0000	0.0000	0.0000	0.0000	0.0000	0.0000	0.0000	0.0000	0.0000	0.0000	0.0000	0.0000	0.0077	0.0139	0.0010	0.0380	0.0428	0.0115	0.0002	0.0000	0.0003		0.0683	0.0000	-0.0003	1.0206	0.0077	8.2592	8.0757	0.0000	0.0000	0.0000	0.0000	0.0000	0.0000	0.0000	0.0000	0.0000	0.0006	0.0005	0.0000	0.0006	0.0005	0.0000	0.0000	0.0000	0.0000	0.0001	0.0001	0.0000	0.0000	0.0000	0.0000	0.0001	0.0000	0.0000	0.0736	0.0382	0.0354	0.0146	0.0124	0.0022	0.0590	0.0259	0.0332
22	102	0.0839	12	2	0	1	0	0	0	0	0	0	0	0	0	0	0	0	0	0	0	Y	N	N	N	N	N	N	N	N	N	N	N	N	N	N	N	N	N	0.0000	0.0000	0.0000	0.0000	0.0000	0.0000	0.0000	0.0000	0.0000	0.0000	0.0000	0.0000	0.0000	0.0000	0.0000	0.0000	0.0000	0.0000	0.0596	0.0055	0.1175	0.0146	0.0170	0.0012	0.0705	0.0000	0.1252		20.0915	0.0000	0.0002	1.0206	0.0011	8.2592	1.0060	0.0000	0.0000	0.0000	0.0000	0.0000	0.0000	0.0000	0.0000	0.0000	0.0006	0.0000	0.0005	0.0000	0.0000	0.0000	0.0005	0.0000	0.0005	0.0000	0.0000	0.0000	0.0000	0.0000	0.0000	0.0000	0.0000	0.0000	0.0093	0.0048	0.0045	0.0018	0.0015	0.0003	0.0075	0.0033	0.0042
22	113	0.0839	14	2	0	1	0	0	0	0	0	0	0	0	0	0	0	0	0	0	0	Y	N	N	N	N	N	N	N	N	N	N	N	N	N	N	N	N	N	0.0000	0.0000	0.0000	0.0000	0.0000	0.0000	0.0000	0.0000	0.0000	0.0000	0.0000	0.0000	0.0000	0.0000	0.0000	0.0000	0.0000	0.0000	22.9105	0.0970	47.3313	0.2839	0.2978	0.2076	28.3971	0.0027	50.4475		455.7194	0.0000	0.4409	1.0206	0.0182	8.2592	4.6661	0.0000	0.0000	0.0000	0.0000	0.0000	0.0000	0.0000	0.0000	0.0000	0.9807	0.0021	0.9786	0.0024	0.0021	0.0003	0.9784	0.0000	0.9783	0.0001	0.0001	0.0000	0.0000	0.0000	0.0000	0.0001	0.0001	0.0000	0.0428	0.0221	0.0207	0.0084	0.0071	0.0013	0.0345	0.0151	0.0194
22	114	0.0839	13	2	0	1	0	0	0	0	0	0	0	0	0	0	0	0	0	0	0	Y	N	N	N	N	N	N	N	N	N	N	N	N	N	N	N	N	N	0.0000	0.0000	0.0000	0.0000	0.0000	0.0000	0.0000	0.0000	0.0000	0.0000	0.0000	0.0000	0.0000	0.0000	0.0000	0.0000	0.0000	0.0000	0.0427	0.0352	0.0543	0.1329	0.0766	0.5255	0.0005	0.0000	0.0010		0.9994	0.0000	-0.0000	1.0206	0.0004	8.2592	0.0007	0.0000	0.0000	0.0000	0.0000	0.0000	0.0000	0.0000	0.0000	0.0000	0.0000	0.0000	0.0000	0.0000	0.0000	0.0000	0.0000	0.0000	0.0000	0.0000	0.0000	0.0000	0.0000	0.0000	0.0000	0.0000	0.0000	0.0000	0.0000	0.0000	0.0000	0.0000	0.0000	0.0000	0.0000	0.0000	0.0000
22	115	0.0839	12	2	0	1	0	0	0	0	0	0	0	0	0	0	0	0	0	0	0	Y	N	N	N	N	N	N	N	N	N	N	N	N	N	N	N	N	N	0.0000	0.0000	0.0000	0.0000	0.0000	0.0000	0.0000	0.0000	0.0000	0.0000	0.0000	0.0000	0.0000	0.0000	0.0000	0.0000	0.0000	0.0000	0.0486	0.0356	0.0770	0.1231	0.0683	0.6677	0.0007	0.0000	0.0014		1.0000	0.0000	-0.0000	1.0206	0.0004	8.2592	0.0002	0.0000	0.0000	0.0000	0.0000	0.0000	0.0000	0.0000	0.0000	0.0000	0.0000	0.0000	0.0000	0.0000	0.0000	0.0000	0.0000	0.0000	0.0000	0.0000	0.0000	0.0000	0.0000	0.0000	0.0000	0.0000	0.0000	0.0000	0.0000	0.0000	0.0000	0.0000	0.0000	0.0000	0.0000	0.0000	0.0000
22	116	0.0635	11	2	0	1	0	0	0	0	0	0	0	0	0	0	0	0	0	0	0	Y	N	N	N	N	N	N	N	N	N	N	N	N	N	N	N	N	N	0.0000	0.0000	0.0000	0.0000	0.0000	0.0000	0.0000	0.0000	0.0000	0.0000	0.0000	0.0000	0.0000	0.0000	0.0000	0.0000	0.0000	0.0000	0.0478	0.0864	0.0000	0.2269	0.2490	0.0000	0.0000	0.0000	0.0000		0.0000	0.0000	-0.0036	1.0206	0.0012	8.2592	12.6705	0.0000	0.0000	0.0000	0.0000	0.0000	0.0000	0.0000	0.0000	0.0000	0.0066	0.0066	0.0000	0.0066	0.0066	0.0000	0.0000	0.0000	0.0000	0.0000	0.0000	0.0000	0.0000	0.0000	0.0000	0.0000	0.0000	0.0000	0.1390	0.0769	0.0621	0.0293	0.0267	0.0026	0.1097	0.0502	0.0595
22	117	0.0587	10	2	0	1	0	0	0	0	0	0	0	0	0	0	0	0	0	0	0	Y	N	N	N	N	N	N	N	N	N	N	N	N	N	N	N	N	N	11.3897	11.6006	0.0000	32.8173	31.5574	0.0000	0.0000	0.0000	0.0000	0.0129	0.0151	0.0000	0.0984	0.0992	0.0000	0.0000	0.0000	0.0000	0.0011	0.0013	0.0009	0.0030	0.0031	0.0003	0.0005	0.0000	0.0009	0.0000	0.4595	-0.0000	-0.0000	1.0206	0.0012	8.2592	3.6220	0.0000	0.0000	0.0000	0.0000	0.0000	0.0000	0.0000	0.0000	0.0000	0.0001	0.0000	0.0000	0.0000	0.0000	0.0000	0.0000	0.0000	0.0000	0.0000	0.0000	0.0000	0.0000	0.0000	0.0000	0.0000	0.0000	0.0000	0.0504	0.0300	0.0204	0.0130	0.0124	0.0007	0.0374	0.0176	0.0198
22	118	0.0552	9	2	0	1	0	1	0	0	0	0	0	0	0	0	0	0	0	0	0	Y	N	N	N	N	N	N	N	N	N	N	N	N	N	N	N	N	N	23.1320	0.0000	172.5332	0.0000	0.0000	0.0000	51.4866	0.0000	170.2954	0.0268	0.0000	0.2156	0.0000	0.0000	0.0000	0.0344	0.0000	0.2170	0.0012	0.0011	0.0012	0.0024	0.0025	0.0004	0.0007	0.0000	0.0013	inf	0.7208	0.0000	-0.0000	1.0206	0.0004	8.2592	2.6029	0.0000	0.0000	0.0000	0.0000	0.0000	0.0000	0.0000	0.0000	0.0000	0.0000	0.0000	0.0000	0.0000	0.0000	0.0000	0.0000	0.0000	0.0000	0.0000	0.0000	0.0000	0.0000	0.0000	0.0000	0.0000	0.0000	0.0000	0.0411	0.0252	0.0160	0.0115	0.0111	0.0005	0.0296	0.0141	0.0155
22	121	0.0678	7	2	0	1	0	0	0	0	0	0	0	0	0	0	0	0	0	0	0	Y	N	N	N	N	N	N	N	N	N	N	N	N	N	N	N	N	N	0.0000	0.0000	0.0000	0.0000	0.0000	0.0000	0.0000	0.0000	0.0000	0.0000	0.0000	0.0000	0.0000	0.0000	0.0000	0.0000	0.0000	0.0000	0.1166	0.0319	0.2063	0.0318	0.0407	0.0000	0.2069	0.0000	0.2684		6.1120	0.0000	0.0014	1.0206	0.0000	8.2592	1.2022	0.0000	0.0000	0.0000	0.0000	0.0000	0.0000	0.0000	0.0000	0.0000	0.0047	0.0007	0.0040	0.0007	0.0007	0.0000	0.0040	0.0000	0.0040	0.0000	0.0000	0.0000	0.0000	0.0000	0.0000	0.0000	0.0000	0.0000	0.0399	0.0205	0.0194	0.0206	0.0161	0.0045	0.0193	0.0044	0.0149
22	122	0.0465	6	2	0	1	0	1	0	0	0	0	0	0	0	0	0	0	0	0	0	Y	N	N	N	N	N	N	N	N	N	N	N	N	N	N	N	N	N	0.0000	0.0000	0.0000	0.0000	0.0000	0.0000	0.0000	0.0000	0.0000	0.0000	0.0000	0.0000	0.0000	0.0000	0.0000	0.0000	0.0000	0.0000	0.0542	0.0002	0.1181	0.0006	0.0007	0.0000	0.0685	0.0000	0.1266		443.6009	0.0000	0.0035	1.0206	0.0041	8.2592	12.5856	0.0000	0.0000	0.0000	0.0000	0.0000	0.0000	0.0000	0.0000	0.0000	0.0078	0.0000	0.0078	0.0000	0.0000	0.0000	0.0078	0.0000	0.0078	0.0001	0.0000	0.0000	0.0000	0.0000	0.0000	0.0000	0.0000	0.0000	0.1439	0.0781	0.0659	0.0303	0.0259	0.0044	0.1137	0.0522	0.0615
25	26	0.0862	12	2	0	1	1	0	0	0	1	0	0	1	1	0	0	0	0	0	0	Y	N	N	N	N	N	N	N	N	N	N	N	N	N	N	N	N	N	0.0000	0.0000	0.0000	0.0000	0.0000	0.0000	0.0000	0.0000	0.0000	0.0000	0.0000	0.0000	0.0000	0.0000	0.0000	0.0000	0.0000	0.0000	0.0010	0.0000	0.0020	0.0028	0.0000	0.0242	0.0005	0.0000	0.0008		inf	0.0000	0.0000	0.9999	2.9974	1.0788	7.2972	0.0000	0.0000	0.0000	0.0000	0.0000	0.0000	0.0000	0.0000	0.0000	0.0000	0.0000	0.0000	0.0000	0.0000	0.0000	0.0000	0.0000	0.0000	0.0207	0.0178	0.0029	0.0002	0.0001	0.0000	0.0206	0.0177	0.0029	0.0247	0.0130	0.0117	0.0053	0.0047	0.0006	0.0195	0.0084	0.0111
25	27	0.0801	10	2	0	1	1	1	0	0	1	0	0	1	1	0	0	0	0	0	0	Y	N	N	N	N	N	N	N	N	N	N	N	N	N	N	N	N	N	0.0000	0.2047	0.0000	0.2555	0.2421	0.0000	0.0000	0.0000	0.0000	0.0000	0.0000	0.0000	0.0000	0.0000	0.0000	0.0000	0.0000	0.0000	0.8443	0.0000	2.2166	0.0000	0.0000	0.0000	1.2043	0.0000	2.3144	0.0000	86848.0198	-0.0000	0.0161	0.9999	0.0672	1.0788	11.7431	0.0000	0.0000	0.0000	0.0000	0.0000	0.0000	0.0000	0.0000	0.0000	0.0356	0.0000	0.0356	0.0000	0.0000	0.0000	0.0356	0.0000	0.0356	0.0013	0.0011	0.0002	0.0004	0.0004	0.0000	0.0009	0.0007	0.0002	0.0421	0.0261	0.0160	0.0126	0.0119	0.0007	0.0295	0.0142	0.0154
25	28	0.0439	6	2	0	1	1	0	0	0	1	0	0	2	1	0	0	0	0	0	0	Y	N	N	N	Y	N	N	N	N	N	N	N	N	N	N	N	N	N	602.8644	6.2325	2868.2227	0.5367	0.5242	0.0000	715.8420	inf	2837.9734	0.0021	0.0000	0.0152	0.0000	0.0000	0.0000	0.0022	0.0000	0.0153	0.0000	0.0000	0.0000	0.0000	0.0000	0.0000	0.0000	0.0000	0.0000	228.2078	3.1134	0.0000	0.0000	0.9999	2.0122	1.0788	16.0892	0.0000	0.0000	0.0000	0.0000	0.0000	0.0000	0.0000	0.0000	0.0000	0.0000	0.0000	0.0000	0.0000	0.0000	0.0000	0.0000	0.0000	0.0000	0.0142	0.0122	0.0020	0.0003	0.0003	0.0000	0.0139	0.0119	0.0020	0.0402	0.0199	0.0203	0.0051	0.0045	0.0006	0.0351	0.0154	0.0197
25	29	0.0376	5	2	0	1	1	0	0	1	1	1	0	2	1	0	0	0	0	0	0	Y	N	N	N	Y	N	N	N	N	N	N	N	N	N	N	N	N	N	140.0012	104.6901	1.0153	0.4598	0.4394	0.0000	517.8952	inf	0.9954	0.0022	0.0025	0.0000	0.0001	0.0001	0.0000	0.0022	0.0025	0.0000	0.0000	0.0000	0.0000	0.0001	0.0001	0.0000	0.0000	0.0000	0.0000	0.0005	0.3212	-0.0000	-0.0000	0.9999	1.9944	1.0788	2.0374	0.0000	0.0000	0.0000	0.0000	0.0000	0.0000	0.0000	0.0000	0.0000	0.0000	0.0000	0.0000	0.0000	0.0000	0.0000	0.0000	0.0000	0.0000	0.0138	0.0119	0.0019	0.0001	0.0001	0.0000	0.0137	0.0118	0.0019	0.0092	0.0045	0.0047	0.0010	0.0009	0.0001	0.0082	0.0036	0.0046
25	30	0.0862	12	2	0	1	1	0	0	0	1	0	0	1	1	0	0	0	0	0	0	Y	N	N	N	N	N	N	N	N	N	N	N	N	N	N	N	N	N	0.0000	0.0000	0.0000	0.0000	0.0000	0.0000	0.0000	0.0000	0.0000	0.0000	0.0000	0.0000	0.0000	0.0000	0.0000	0.0000	0.0000	0.0000	0.4063	0.7614	0.0009	1.8057	2.0199	0.0000	0.0012	0.0016	0.0010		0.0010	0.0000	-0.0038	0.9999	0.0026	1.0788	6.8389	0.0000	0.0000	0.0000	0.0000	0.0000	0.0000	0.0000	0.0000	0.0000	0.0070	0.0070	0.0000	0.0070	0.0070	0.0000	0.0000	0.0000	0.0000	0.0000	0.0000	0.0000	0.0000	0.0000	0.0000	0.0000	0.0000	0.0000	0.0173	0.0092	0.0081	0.0039	0.0035	0.0004	0.0134	0.0057	0.0076
25	31	0.0806	11	2	0	1	1	1	0	1	1	0	0	1	1	0	0	0	0	0	0	Y	N	N	N	N	N	N	N	N	N	N	N	N	N	N	N	N	N	0.0000	0.0000	0.0000	0.0000	0.0000	0.0000	0.0000	0.0000	0.0000	0.0000	0.0000	0.0000	0.0000	0.0000	0.0000	0.0000	0.0000	0.0000	0.0325	0.0030	0.0783	0.0066	0.0061	0.0162	0.0443	0.0000	0.0808		16.9009	0.0000	0.0002	0.9999	0.0026	1.0788	4.4275	0.0000	0.0000	0.0000	0.0000	0.0000	0.0000	0.0000	0.0000	0.0000	0.0006	0.0000	0.0005	0.0000	0.0000	0.0000	0.0005	0.0000	0.0005	0.0000	0.0000	0.0000	0.0000	0.0000	0.0000	0.0000	0.0000	0.0000	0.0170	0.0104	0.0067	0.0053	0.0051	0.0003	0.0117	0.0053	0.0064
25	32	0.0967	13	2	0	1	1	1	0	1	1	1	0	2	1	0	0	0	0	0	0	Y	N	N	N	Y	N	N	N	N	N	N	N	N	N	N	N	N	N	0.2242	0.0000	649.1636	12.4171	0.0000	inf	0.1815	0.0000	615.8508	0.0012	0.0000	0.0085	0.0000	0.0000	0.0013	0.0013	0.0000	0.0085	0.0054	0.0101	0.0000	0.0000	0.0000	0.0000	0.0069	0.0155	0.0000	inf	0.0011	0.0000	-0.0002	0.9999	2.8343	1.0788	20.2282	0.0000	0.0000	0.0000	0.0000	0.0000	0.0000	0.0000	0.0000	0.0000	0.0003	0.0003	0.0000	0.0000	0.0000	0.0000	0.0003	0.0003	0.0000	0.0205	0.0176	0.0029	0.0005	0.0005	0.0000	0.0200	0.0171	0.0029	0.0533	0.0286	0.0247	0.0113	0.0100	0.0013	0.0420	0.0186	0.0234
25	33	0.0464	8	2	0	1	1	0	0	0	1	0	0	1	1	0	0	0	0	0	0	Y	N	N	N	N	N	N	N	N	N	N	N	N	N	N	N	N	N	0.0000	0.0000	0.0000	0.0000	0.0000	0.0000	0.0000	0.0000	0.0000	0.0000	0.0000	0.0000	0.0000	0.0000	0.0000	0.0000	0.0000	0.0000	0.0000	0.0000	0.0000	0.0000	0.0000	0.0000	0.0000	0.0000	0.0000		0.0236	0.0000	-0.0000	0.9999	1.0032	1.0788	9.5192	0.0000	0.0000	0.0000	0.0000	0.0000	0.0000	0.0000	0.0000	0.0000	0.0000	0.0000	0.0000	0.0000	0.0000	0.0000	0.0000	0.0000	0.0000	0.0070	0.0060	0.0010	0.0001	0.0001	0.0000	0.0069	0.0060	0.0010	0.0242	0.0121	0.0121	0.0032	0.0029	0.0003	0.0210	0.0092	0.0118
25	34	0.0231	2	2	1	1	1	0	1	1	1	0	0	1	1	0	0	0	0	0	0	Y	N	N	N	N	N	N	N	N	N	N	N	N	N	N	N	N	N	0.0002	0.0001	0.0000	0.0018	0.0018	0.0000	0.0000	0.0000	0.0000	0.0000	0.0000	0.0000	0.0010	0.0011	0.0000	0.0000	0.0000	0.0000	0.0656	0.1315	0.0014	0.5987	0.6141	0.0000	0.0008	0.0000	0.0014	0.0000	0.0107	-0.0000	-0.0010	0.9999	0.9987	1.0788	10.0476	0.0000	0.0000	0.0000	0.0000	0.0000	0.0000	0.0000	0.0000	0.0000	0.0018	0.0018	0.0000	0.0018	0.0018	0.0000	0.0000	0.0000	0.0000	0.0070	0.0060	0.0010	0.0001	0.0001	0.0000	0.0069	0.0060	0.0010	0.0277	0.0137	0.0140	0.0030	0.0029	0.0001	0.0247	0.0107	0.0140
25	35	0.1447	21	1	0	1	1	0	0	1	1	0	1	1	2	0	0	0	0	0	0	N	N	N	N	N	Y	N	N	N	N	N	N	N	N	N	N	N	N	0.0000	0.0000	0.0000	0.0000	0.0000	0.0000	0.0000	0.0000	0.0000	0.0000	0.0000	0.0000	0.0000	0.0000	0.0000	0.0000	0.0000	0.0000	0.0000	0.0000	0.0000	0.0001	0.0001	0.0000	0.0000	0.0000	0.0000		0.2421	0.0000	-0.0000	0.9999	0.0023	1.0788	1.9232	0.0000	0.0000	0.0000	0.0000	0.0000	0.0000	0.0000	0.0000	0.0000	0.0000	0.0000	0.0000	0.0000	0.0000	0.0000	0.0000	0.0000	0.0000	0.0000	0.0000	0.0000	0.0000	0.0000	0.0000	0.0000	0.0000	0.0000	0.0050	0.0027	0.0023	0.0014	0.0013	0.0002	0.0036	0.0015	0.0021
25	37	0.0718	9	2	0	1	1	1	0	1	1	0	0	1	1	0	0	0	0	0	0	Y	N	N	N	N	N	N	N	N	N	N	N	N	N	N	N	N	N	1.8063	0.0000	inf	0.0000	0.0000	0.0000	inf	0.0000	inf	0.0011	0.0000	0.0077	0.0000	0.0000	0.0000	0.0011	0.0000	0.0078	0.0006	0.0011	0.0000	0.0031	0.0035	0.0000	0.0000	0.0000	0.0000	inf	0.0000	0.0000	-0.0000	0.9999	4.0110	1.0788	17.6512	0.0000	0.0000	0.0000	0.0000	0.0000	0.0000	0.0000	0.0000	0.0000	0.0000	0.0000	0.0000	0.0000	0.0000	0.0000	0.0000	0.0000	0.0000	0.0277	0.0238	0.0039	0.0002	0.0002	0.0000	0.0274	0.0236	0.0039	0.0499	0.0265	0.0234	0.0096	0.0085	0.0011	0.0403	0.0180	0.0223
25	38	0.1293	19	2	0	1	1	0	0	0	1	0	0	2	1	0	0	0	0	0	0	Y	N	N	N	Y	N	N	N	N	N	N	N	N	N	N	N	N	N	0.0000	0.0000	0.0000	0.0000	0.0000	0.0000	0.0000	0.0000	0.0000	0.0000	0.0000	0.0000	0.0000	0.0000	0.0000	0.0000	0.0000	0.0000	0.0000	0.0000	0.0000	0.0000	0.0000	0.0000	0.0000	0.0000	0.0000			-0.0000	0.0000	0.9999	0.0000	1.0788	0.9989	0.0000	0.0000	0.0000	0.0000	0.0000	0.0000	0.0000	0.0000	0.0000	0.0000	0.0000	0.0000	0.0000	0.0000	0.0000	0.0000	0.0000	0.0000	0.0000	0.0000	0.0000	0.0000	0.0000	0.0000	0.0000	0.0000	0.0000	0.0023	0.0013	0.0010	0.0006	0.0006	0.0001	0.0016	0.0008	0.0009
25	41	0.0783	11	2	0	1	1	1	0	1	1	1	0	2	1	0	0	0	0	0	0	Y	N	N	N	Y	N	N	N	N	N	N	N	N	N	N	N	N	N	0.0000	0.0000	0.0000	0.0000	0.0000	0.0000	0.0000	0.0000	0.0000	0.0000	0.0000	0.0000	0.0000	0.0000	0.0000	0.0000	0.0000	0.0000	0.0094	0.0004	0.0194	0.0011	0.0013	0.0000	0.0113	0.0000	0.0204		42.3600	0.0000	0.0003	0.9999	2.0001	1.0788	33.1942	0.0000	0.0000	0.0000	0.0000	0.0000	0.0000	0.0000	0.0000	0.0000	0.0007	0.0000	0.0007	0.0000	0.0000	0.0000	0.0007	0.0000	0.0007	0.0139	0.0119	0.0019	0.0001	0.0001	0.0000	0.0138	0.0118	0.0019	0.0752	0.0396	0.0356	0.0142	0.0125	0.0017	0.0610	0.0272	0.0339
25	42	0.1461	19	2	0	0	1	0	0	0	1	0	1	1	2	0	0	0	0	0	0	Y	N	N	N	N	Y	N	N	N	N	N	N	N	N	N	N	N	N	0.0000	0.0000	0.0000	0.0000	0.0000	0.0000	0.0000	0.0000	0.0000	0.0000	0.0000	0.0000	0.0000	0.0000	0.0000	0.0000	0.0000	0.0000	0.0000	0.0000	0.0000	0.0000	0.0000	0.0000	0.0000	0.0000	0.0000			0.0000	0.0000	0.9999	0.0000	1.0788	0.0011	0.0000	0.0000	0.0000	0.0000	0.0000	0.0000	0.0000	0.0000	0.0000	0.0000	0.0000	0.0000	0.0000	0.0000	0.0000	0.0000	0.0000	0.0000	0.0000	0.0000	0.0000	0.0000	0.0000	0.0000	0.0000	0.0000	0.0000	0.0000	0.0000	0.0000	0.0000	0.0000	0.0000	0.0000	0.0000	0.0000
25	43	0.1310	20	2	0	1	1	0	0	1	1	0	0	1	1	0	0	0	0	0	0	Y	N	N	N	N	N	N	N	N	N	N	N	N	N	N	N	N	N	0.8427	100.2395	0.0000	0.4635	0.4345	0.0000	0.6395	92.5998	0.0000	0.0142	0.0164	0.0000	0.0001	0.0001	0.0000	0.0144	0.0168	0.0000	0.0168	0.0002	0.0369	0.0001	0.0001	0.0000	0.0225	0.0002	0.0392	0.0000	186.1873	-0.0001	0.0001	0.9999	1.0006	1.0788	5.8160	0.0001	0.0001	0.0000	0.0000	0.0000	0.0000	0.0001	0.0001	0.0000	0.0003	0.0000	0.0003	0.0000	0.0000	0.0000	0.0003	0.0000	0.0003	0.0071	0.0061	0.0010	0.0001	0.0001	0.0000	0.0069	0.0060	0.0010	0.0173	0.0095	0.0078	0.0044	0.0040	0.0005	0.0129	0.0055	0.0074
25	44	0.0528	6	2	0	0	2	0	0	0	1	0	0	2	2	0	0	0	0	0	0	Y	N	N	Y	Y	Y	N	N	N	N	N	N	N	N	N	N	N	N	4.2582	2078.1058	0.0000	6821.4793	6279.1651	0.0000	2.6755	inf	0.0000	0.0006	0.0007	0.0000	0.0073	0.0076	0.0000	0.0005	0.0005	0.0000	0.0001	0.0000	0.0003	0.0000	0.0000	0.0000	0.0002	0.0000	0.0003	0.0000	807.0469	-0.0000	0.0000	0.9999	7.0030	1.0788	25.8862	0.0000	0.0000	0.0000	0.0000	0.0000	0.0000	0.0000	0.0000	0.0000	0.0000	0.0000	0.0000	0.0000	0.0000	0.0000	0.0000	0.0000	0.0000	0.0490	0.0421	0.0069	0.0011	0.0010	0.0000	0.0479	0.0411	0.0069	0.0731	0.0379	0.0352	0.0120	0.0106	0.0014	0.0611	0.0273	0.0338
25	45	0.1225	20	2	0	1	1	1	0	1	1	0	0	1	1	0	0	0	0	0	0	Y	N	N	N	N	N	N	N	N	N	N	N	N	N	N	N	N	N	0.0328	0.0000	742.0920	0.4629	0.0000	inf	0.0003	0.0000	2.3723	0.0020	0.0000	0.0147	0.0739	0.0000	1.5463	0.0000	0.0000	0.0001	0.0622	0.1148	0.0000	0.1596	0.1925	0.0000	0.0263	0.0604	0.0000	inf	0.0001	0.0000	-0.0012	0.9999	1.9929	1.0788	12.8604	0.0000	0.0000	0.0000	0.0000	0.0000	0.0000	0.0000	0.0000	0.0000	0.0023	0.0023	0.0000	0.0016	0.0016	0.0000	0.0007	0.0007	0.0000	0.0143	0.0123	0.0020	0.0004	0.0004	0.0000	0.0139	0.0119	0.0020	0.0364	0.0197	0.0167	0.0098	0.0081	0.0017	0.0266	0.0116	0.0150
25	48	0.0528	6	2	0	0	2	0	0	0	1	0	0	2	2	0	0	0	0	0	0	Y	N	N	Y	Y	Y	N	N	N	N	N	N	N	N	N	N	N	N	117.5895	0.0000	386.2241	130.6133	0.0000	inf	103.7018	0.0000	368.4178	0.0016	0.0000	0.0112	0.0006	0.0000	0.0210	0.0017	0.0000	0.0110	0.0000	0.0000	0.0000	0.0000	0.0000	0.0000	0.0000	0.0000	0.0000	inf	13.5542	0.0000	0.0000	0.9999	1.7572	1.0788	7.6758	0.0000	0.0000	0.0000	0.0000	0.0000	0.0000	0.0000	0.0000	0.0000	0.0000	0.0000	0.0000	0.0000	0.0000	0.0000	0.0000	0.0000	0.0000	0.0136	0.0116	0.0020	0.0008	0.0008	0.0000	0.0128	0.0108	0.0020	0.0261	0.0144	0.0117	0.0055	0.0051	0.0004	0.0206	0.0093	0.0113
25	49	0.0439	5	2	0	0	2	0	0	0	2	0	0	2	2	0	0	0	0	0	0	Y	N	N	Y	Y	Y	N	N	N	N	N	N	N	N	N	N	N	N	39.9584	1.7332	3022.7073	7.0095	6.7774	0.0000	695.1830	149.4351	2926.0370	0.0010	0.0001	0.0064	0.0008	0.0009	0.0000	0.0010	0.0001	0.0064	0.0000	0.0000	0.0000	0.0001	0.0001	0.0000	0.0000	0.0000	0.0000	14.3155	0.0415	0.0000	-0.0000	0.9999	1.2605	1.0788	5.3560	0.0000	0.0000	0.0000	0.0000	0.0000	0.0000	0.0000	0.0000	0.0000	0.0000	0.0000	0.0000	0.0000	0.0000	0.0000	0.0000	0.0000	0.0000	0.0088	0.0076	0.0012	0.0001	0.0001	0.0000	0.0087	0.0075	0.0012	0.0181	0.0099	0.0082	0.0035	0.0032	0.0003	0.0146	0.0068	0.0079
25	50	0.0439	5	2	0	0	1	0	0	0	1	0	0	2	2	0	0	0	0	0	0	Y	N	N	N	Y	Y	N	N	N	N	N	N	N	N	N	N	N	N	9.5016	0.8175	31.4233	24.2682	23.1659	0.0000	7.8901	0.0000	30.4084	0.0043	0.0000	0.0305	0.0001	0.0001	0.0000	0.0043	0.0000	0.0306	0.0005	0.0000	0.0010	0.0000	0.0000	0.0000	0.0005	0.0000	0.0010	4158.1250	571.4885	0.0000	0.0000	0.9999	1.0001	1.0788	7.4568	0.0000	0.0000	0.0000	0.0000	0.0000	0.0000	0.0000	0.0000	0.0000	0.0000	0.0000	0.0000	0.0000	0.0000	0.0000	0.0000	0.0000	0.0000	0.0070	0.0060	0.0010	0.0001	0.0001	0.0000	0.0069	0.0060	0.0010	0.0221	0.0119	0.0102	0.0040	0.0036	0.0004	0.0182	0.0083	0.0099
25	51	0.0394	4	2	0	0	1	0	0	0	1	0	1	2	2	0	0	0	0	0	0	Y	N	N	N	Y	Y	N	N	N	N	N	N	N	N	N	N	N	N	35.1313	11.8394	861.6318	33.8669	30.3696	0.0000	140.2790	0.0000	768.5343	0.0018	0.0008	0.0100	0.0040	0.0040	0.0000	0.0012	0.0000	0.0100	0.0001	0.0001	0.0000	0.0001	0.0001	0.0000	0.0000	0.0000	0.0000	1.3035	0.0908	-0.0000	-0.0000	0.9999	0.0061	1.0788	2.7591	0.0000	0.0000	0.0000	0.0000	0.0000	0.0000	0.0000	0.0000	0.0000	0.0000	0.0000	0.0000	0.0000	0.0000	0.0000	0.0000	0.0000	0.0000	0.0001	0.0001	0.0000	0.0000	0.0000	0.0000	0.0001	0.0000	0.0000	0.0136	0.0087	0.0049	0.0052	0.0046	0.0005	0.0084	0.0041	0.0043
25	52	0.1310	20	2	0	0	1	0	0	0	1	0	1	1	2	0	0	0	0	0	0	Y	N	N	N	N	Y	N	N	N	N	N	N	N	N	N	N	N	N	109.0440	69.0256	0.0000	0.1802	0.1681	0.0000	221.3119	110.5174	0.0000	0.0141	0.0164	0.0000	0.0001	0.0001	0.0000	0.0144	0.0168	0.0000	0.0001	0.0002	0.0000	0.0003	0.0004	0.0000	0.0001	0.0002	0.0000	0.0000	0.0001	-0.0001	-0.0000	0.9999	1.0020	1.0788	7.2599	0.0001	0.0001	0.0000	0.0000	0.0000	0.0000	0.0001	0.0001	0.0000	0.0000	0.0000	0.0000	0.0000	0.0000	0.0000	0.0000	0.0000	0.0000	0.0071	0.0061	0.0010	0.0001	0.0001	0.0000	0.0069	0.0060	0.0010	0.0204	0.0111	0.0093	0.0051	0.0046	0.0006	0.0153	0.0066	0.0087
25	53	0.1112	19	2	0	0	1	1	0	0	1	0	0	1	1	0	0	0	0	0	0	Y	N	N	N	N	N	N	N	N	N	N	N	N	N	N	N	N	N	3798.7200	2369.7193	0.0000	4.5958	4.1248	0.0000	4461.4821	2220.9456	0.0000	47.0531	54.6612	0.0000	0.0761	0.0827	0.0000	48.2306	56.1269	0.0000	0.0124	0.0231	0.0001	0.0166	0.0201	0.0000	0.0108	0.0253	0.0001	0.0000	0.0035	-0.5830	-0.0002	0.9999	3.0050	1.0788	8.3063	0.9998	0.9998	0.0000	0.0000	0.0000	0.0000	0.9997	0.9997	0.0000	0.0004	0.0004	0.0000	0.0001	0.0001	0.0000	0.0002	0.0002	0.0000	0.0212	0.0183	0.0030	0.0005	0.0005	0.0000	0.0207	0.0178	0.0029	0.0285	0.0153	0.0133	0.0078	0.0065	0.0014	0.0207	0.0088	0.0119
25	55	0.1461	19	2	0	1	1	0	0	1	1	0	0	1	1	0	0	0	0	0	0	Y	N	N	N	N	N	N	N	N	N	N	N	N	N	N	N	N	N	0.0000	0.0000	0.0000	0.0000	0.0000	0.0000	0.0000	0.0000	0.0000	0.0000	0.0000	0.0000	0.0000	0.0000	0.0000	0.0000	0.0000	0.0000	0.0000	0.0000	0.0000	0.0000	0.0000	0.0000	0.0000	0.0000	0.0000			0.0000	0.0000	0.9999	0.0000	1.0788	2.9989	0.0000	0.0000	0.0000	0.0000	0.0000	0.0000	0.0000	0.0000	0.0000	0.0000	0.0000	0.0000	0.0000	0.0000	0.0000	0.0000	0.0000	0.0000	0.0000	0.0000	0.0000	0.0000	0.0000	0.0000	0.0000	0.0000	0.0000	0.0068	0.0038	0.0030	0.0017	0.0015	0.0002	0.0050	0.0022	0.0028
25	56	0.1215	18	2	0	0	1	0	0	0	1	0	0	1	1	0	0	0	0	0	0	Y	N	N	N	N	N	N	N	N	N	N	N	N	N	N	N	N	N	155347.0524	101122.0237	0.0000	15.1576	14.3594	0.0000	3673366.7678	inf	0.0000	47.9793	55.6176	0.0000	0.0189	0.0200	0.0000	49.2282	57.2075	0.0000	0.0003	0.0006	0.0000	0.0012	0.0014	0.0000	0.0000	0.0000	0.0000	0.0000	0.0341	-0.5830	-0.0000	0.9999	2.9988	1.0788	11.1255	0.9998	0.9998	0.0000	0.0000	0.0000	0.0000	0.9998	0.9998	0.0000	0.0000	0.0000	0.0000	0.0000	0.0000	0.0000	0.0000	0.0000	0.0000	0.0208	0.0180	0.0029	0.0005	0.0005	0.0000	0.0203	0.0175	0.0028	0.0331	0.0180	0.0151	0.0079	0.0071	0.0008	0.0252	0.0109	0.0143
25	57	0.0112	3	2	0	1	2	0	0	0	2	0	0	2	2	0	0	0	0	0	0	Y	N	N	Y	Y	Y	N	N	N	N	N	N	N	N	N	N	N	N	0.0000	0.0000	0.0000	0.0000	0.0000	0.0000	0.0000	0.0000	0.0000	0.0000	0.0000	0.0000	0.0000	0.0000	0.0000	0.0000	0.0000	0.0000	0.0000	0.0000	0.0000	0.0000	0.0000	0.0000	0.0000	0.0000	0.0000			0.0000	0.0000	0.9999	0.0000	1.0788	0.0000	0.0000	0.0000	0.0000	0.0000	0.0000	0.0000	0.0000	0.0000	0.0000	0.0000	0.0000	0.0000	0.0000	0.0000	0.0000	0.0000	0.0000	0.0000	0.0000	0.0000	0.0000	0.0000	0.0000	0.0000	0.0000	0.0000	0.0000	0.0000	0.0000	0.0000	0.0000	0.0000	0.0000	0.0000	0.0000	0.0000
25	58	0.0112	3	2	0	1	1	0	0	0	1	0	0	2	2	0	0	0	0	0	0	Y	N	N	N	Y	Y	N	N	N	N	N	N	N	N	N	N	N	N	0.0000	0.0000	0.0000	0.0000	0.0000	0.0000	0.0000	0.0000	0.0000	0.0000	0.0000	0.0000	0.0000	0.0000	0.0000	0.0000	0.0000	0.0000	0.0000	0.0000	0.0000	0.0000	0.0000	0.0000	0.0000	0.0000	0.0000			0.0000	0.0000	0.9999	0.0000	1.0788	0.0000	0.0000	0.0000	0.0000	0.0000	0.0000	0.0000	0.0000	0.0000	0.0000	0.0000	0.0000	0.0000	0.0000	0.0000	0.0000	0.0000	0.0000	0.0000	0.0000	0.0000	0.0000	0.0000	0.0000	0.0000	0.0000	0.0000	0.0000	0.0000	0.0000	0.0000	0.0000	0.0000	0.0000	0.0000	0.0000	0.0000
25	59	0.0064	2	2	0	1	1	0	0	1	1	0	0	2	2	0	0	0	0	0	0	Y	N	N	N	Y	Y	N	N	N	N	N	N	N	N	N	N	N	N	246.5398	522.0929	0.0000	1149.4127	1160.8336	0.0000	0.0000	0.0000	0.0000	39.9905	44.4078	0.0000	160.0039	161.6042	0.0000	0.0000	0.0000	0.0000	0.1622	0.0851	0.2361	0.1392	0.1392	0.0000	0.1720	0.0000	0.2361	0.0000	2.8978	-0.0000	0.0005	0.9999	0.0001	1.0788	3.0507	0.0000	0.0000	0.0000	0.0000	0.0000	0.0000	0.0000	0.0000	0.0000	0.0027	0.0007	0.0020	0.0007	0.0007	0.0000	0.0020	0.0000	0.0020	0.0000	0.0000	0.0000	0.0000	0.0000	0.0000	0.0000	0.0000	0.0000	0.0165	0.0081	0.0084	0.0049	0.0049	0.0000	0.0115	0.0031	0.0084
25	60	0.1101	15	2	0	1	1	0	0	0	1	0	0	2	1	0	0	0	0	0	0	Y	N	N	N	Y	N	N	N	N	N	N	N	N	N	N	N	N	N	0.0000	0.0000	0.0000	0.0000	0.0000	0.0000	0.0000	0.0000	0.0000	0.0000	0.0000	0.0000	0.0000	0.0000	0.0000	0.0000	0.0000	0.0000	81.1043	0.0000	181.5225	0.0000	0.0000	0.0000	110.1818	0.0000	196.7211		175476001.7537	-0.0000	0.4439	0.9999	0.0010	1.0788	5.0218	0.0000	0.0000	0.0000	0.0000	0.0000	0.0000	0.0000	0.0000	0.0000	0.9827	0.0000	0.9827	0.0000	0.0000	0.0000	0.9827	0.0000	0.9827	0.0000	0.0000	0.0000	0.0000	0.0000	0.0000	0.0000	0.0000	0.0000	0.0121	0.0067	0.0054	0.0032	0.0028	0.0004	0.0089	0.0039	0.0050
25	67	0.0598	11	2	0	1	1	0	0	0	1	0	1	1	2	0	0	0	0	0	0	Y	N	N	N	N	Y	N	N	N	N	N	N	N	N	N	N	N	N	0.0737	1.3588	0.0000	1.2464	1.1448	0.0000	0.0000	0.0000	0.0000	0.0014	0.0015	0.0000	0.0043	0.0043	0.0000	0.0000	0.0000	0.0000	0.0196	0.0011	0.0395	0.0034	0.0038	0.0000	0.0229	0.0000	0.0407	0.0000	32.0526	-0.0000	0.0002	0.9999	0.0010	1.0788	8.0699	0.0000	0.0000	0.0000	0.0000	0.0000	0.0000	0.0000	0.0000	0.0000	0.0004	0.0000	0.0004	0.0000	0.0000	0.0000	0.0004	0.0000	0.0004	0.0000	0.0000	0.0000	0.0000	0.0000	0.0000	0.0000	0.0000	0.0000	0.0193	0.0100	0.0092	0.0033	0.0030	0.0003	0.0160	0.0070	0.0090
25	68	0.0501	10	2	0	1	1	0	0	0	1	0	0	1	1	0	0	0	0	0	0	Y	N	N	N	N	N	N	N	N	N	N	N	N	N	N	N	N	N	0.4118	0.0000	43.2802	0.0000	0.0000	0.0000	10.6222	0.0000	42.4860	0.0043	0.0000	0.0305	0.0000	0.0000	0.0000	0.0043	0.0000	0.0307	0.0104	0.0202	0.0007	0.0765	0.0844	0.0000	0.0004	0.0000	0.0007	inf	0.0353	0.0000	-0.0001	0.9999	0.0010	1.0788	6.0584	0.0000	0.0000	0.0000	0.0000	0.0000	0.0000	0.0000	0.0000	0.0000	0.0001	0.0001	0.0000	0.0001	0.0001	0.0000	0.0000	0.0000	0.0000	0.0000	0.0000	0.0000	0.0000	0.0000	0.0000	0.0000	0.0000	0.0000	0.0139	0.0069	0.0070	0.0018	0.0017	0.0002	0.0121	0.0053	0.0068
25	69	0.0488	9	2	0	1	1	0	0	0	1	0	0	1	1	0	0	0	0	0	0	Y	N	N	N	N	N	N	N	N	N	N	N	N	N	N	N	N	N	0.0000	0.0000	0.0000	0.0000	0.0000	0.0000	0.0000	0.0000	0.0000	0.0000	0.0000	0.0000	0.0000	0.0000	0.0000	0.0000	0.0000	0.0000	0.0011	0.0012	0.0010	0.0042	0.0045	0.0000	0.0006	0.0000	0.0010		0.8059	0.0000	-0.0000	0.9999	0.0006	1.0788	0.9765	0.0000	0.0000	0.0000	0.0000	0.0000	0.0000	0.0000	0.0000	0.0000	0.0000	0.0000	0.0000	0.0000	0.0000	0.0000	0.0000	0.0000	0.0000	0.0000	0.0000	0.0000	0.0000	0.0000	0.0000	0.0000	0.0000	0.0000	0.0024	0.0012	0.0012	0.0004	0.0003	0.0000	0.0020	0.0009	0.0012
25	70	0.0466	5	2	0	0	1	0	0	0	1	0	1	2	2	0	0	0	0	0	0	Y	N	N	N	Y	Y	N	N	N	N	N	N	N	N	N	N	N	N	0.0504	0.0000	1002.5936	0.0000	0.0000	0.0000	6.3994	0.0000	967.7236	0.0029	0.0000	0.0254	0.0000	0.0000	0.0000	0.0034	0.0000	0.0259	0.0577	0.1073	0.0000	0.2509	0.2822	0.0000	0.0005	0.0012	0.0000	inf	0.0002	0.0000	-0.0009	0.9999	2.3581	1.0788	7.4584	0.0001	0.0000	0.0001	0.0000	0.0000	0.0000	0.0001	0.0000	0.0001	0.0016	0.0016	0.0000	0.0016	0.0016	0.0000	0.0000	0.0000	0.0000	0.0206	0.0183	0.0024	0.0030	0.0030	0.0000	0.0176	0.0153	0.0023	0.0274	0.0147	0.0127	0.0062	0.0056	0.0007	0.0211	0.0092	0.0120
25	71	0.0394	4	2	0	0	1	0	0	0	1	0	0	2	1	0	0	0	0	0	0	Y	N	N	N	Y	N	N	N	N	N	N	N	N	N	N	N	N	N	0.0001	0.0002	0.0003	6.3149	6.0320	0.0000	0.0001	0.0000	0.0003	0.0000	0.0000	0.0001	0.0005	0.0006	0.0000	0.0000	0.0000	0.0001	0.0957	0.0245	0.2005	0.0001	0.0001	0.0000	0.1369	0.0446	0.2179	2.2540	5.5663	0.0000	0.0005	0.9999	1.7590	1.0788	3.5356	0.0000	0.0000	0.0000	0.0000	0.0000	0.0000	0.0000	0.0000	0.0000	0.0018	0.0003	0.0016	0.0000	0.0000	0.0000	0.0018	0.0003	0.0016	0.0122	0.0105	0.0017	0.0001	0.0001	0.0000	0.0121	0.0104	0.0017	0.0192	0.0114	0.0078	0.0058	0.0052	0.0006	0.0134	0.0063	0.0071
25	72	0.0360	3	2	0	0	1	0	0	0	1	1	0	2	1	0	0	0	0	0	0	Y	N	N	N	Y	N	N	N	N	N	N	N	N	N	N	N	N	N	20.8853	3.9827	1463.4865	73.2781	66.1967	0.0000	16.2512	0.0000	1435.7079	0.0024	0.0009	0.0165	0.0042	0.0042	0.0000	0.0020	0.0000	0.0166	0.0001	0.0002	0.0000	0.0001	0.0001	0.0000	0.0001	0.0003	0.0000	2.0133	0.0515	0.0000	-0.0000	0.9999	0.0029	1.0788	2.4186	0.0000	0.0000	0.0000	0.0000	0.0000	0.0000	0.0000	0.0000	0.0000	0.0000	0.0000	0.0000	0.0000	0.0000	0.0000	0.0000	0.0000	0.0000	0.0000	0.0000	0.0000	0.0000	0.0000	0.0000	0.0000	0.0000	0.0000	0.0057	0.0028	0.0029	0.0006	0.0006	0.0001	0.0050	0.0022	0.0028
25	73	0.1024	9	2	0	1	1	0	0	0	1	0	0	2	1	0	0	0	0	0	0	Y	N	N	N	Y	N	N	N	N	N	N	N	N	N	N	N	N	N	0.0000	0.0000	0.0000	0.0000	0.0000	0.0000	0.0000	0.0000	0.0000	0.0000	0.0000	0.0000	0.0000	0.0000	0.0000	0.0000	0.0000	0.0000	0.0106	0.0000	0.0229	0.0000	0.0000	0.0000	0.0140	0.0000	0.0241		55766.0000	0.0000	0.0002	0.9999	1.6760	1.0788	12.1347	0.0000	0.0000	0.0000	0.0000	0.0000	0.0000	0.0000	0.0000	0.0000	0.0004	0.0000	0.0004	0.0000	0.0000	0.0000	0.0004	0.0000	0.0004	0.0125	0.0109	0.0017	0.0011	0.0010	0.0000	0.0115	0.0099	0.0016	0.0342	0.0184	0.0158	0.0084	0.0076	0.0008	0.0258	0.0107	0.0151
25	74	0.0727	8	2	0	1	1	1	0	1	1	1	0	2	1	0	0	0	0	0	0	Y	N	N	N	Y	N	N	N	N	N	N	N	N	N	N	N	N	N	0.0182	0.4534	0.0000	0.0000	0.0000	0.0000	0.0150	67.2067	0.0000	0.0000	0.0000	0.0000	0.0000	0.0000	0.0000	0.0000	0.0000	0.0000	0.0006	0.0000	0.0012	0.0001	0.0001	0.0000	0.0007	0.0000	0.0012	0.0000	38.4953	-0.0000	0.0000	0.9999	2.9965	1.0788	14.7438	0.0000	0.0000	0.0000	0.0000	0.0000	0.0000	0.0000	0.0000	0.0000	0.0000	0.0000	0.0000	0.0000	0.0000	0.0000	0.0000	0.0000	0.0000	0.0219	0.0189	0.0030	0.0009	0.0009	0.0000	0.0210	0.0180	0.0029	0.0482	0.0262	0.0220	0.0112	0.0103	0.0008	0.0370	0.0159	0.0211
25	75	0.0488	9	2	0	1	1	0	0	0	1	0	0	1	1	0	0	0	0	0	0	Y	N	N	N	N	N	N	N	N	N	N	N	N	N	N	N	N	N	0.0000	0.0000	0.0000	0.0000	0.0000	0.0000	0.0000	0.0000	0.0000	0.0000	0.0000	0.0000	0.0000	0.0000	0.0000	0.0000	0.0000	0.0000	0.0203	0.0010	0.0393	0.0041	0.0045	0.0000	0.0226	0.0000	0.0403		40.0068	0.0000	0.0002	0.9999	1.0006	1.0788	8.0096	0.0000	0.0000	0.0000	0.0000	0.0000	0.0000	0.0000	0.0000	0.0000	0.0004	0.0000	0.0004	0.0000	0.0000	0.0000	0.0004	0.0000	0.0004	0.0070	0.0060	0.0010	0.0001	0.0001	0.0000	0.0069	0.0059	0.0010	0.0201	0.0100	0.0102	0.0025	0.0022	0.0003	0.0177	0.0078	0.0099
25	76	0.0464	8	2	0	1	1	0	0	0	1	0	0	1	1	0	0	0	0	0	0	Y	N	N	N	N	N	N	N	N	N	N	N	N	N	N	N	N	N	0.0000	0.0000	0.0000	0.0000	0.0000	0.0000	0.0000	0.0000	0.0000	0.0000	0.0000	0.0000	0.0000	0.0000	0.0000	0.0000	0.0000	0.0000	0.0003	0.0000	0.0006	0.0001	0.0001	0.0000	0.0003	0.0000	0.0006		12.6798	0.0000	0.0000	0.9999	0.9962	1.0788	0.5464	0.0000	0.0000	0.0000	0.0000	0.0000	0.0000	0.0000	0.0000	0.0000	0.0000	0.0000	0.0000	0.0000	0.0000	0.0000	0.0000	0.0000	0.0000	0.0070	0.0060	0.0010	0.0001	0.0001	0.0000	0.0069	0.0059	0.0010	0.0043	0.0023	0.0021	0.0008	0.0008	0.0000	0.0035	0.0015	0.0020
25	77	0.0401	7	2	0	1	1	0	0	0	1	0	0	1	1	0	0	0	0	0	0	Y	N	N	N	N	N	N	N	N	N	N	N	N	N	N	N	N	N	0.0000	0.0000	0.0000	0.0000	0.0000	0.0000	0.0000	0.0000	0.0000	0.0000	0.0000	0.0000	0.0000	0.0000	0.0000	0.0000	0.0000	0.0000	0.0000	0.0000	0.0000	0.0000	0.0000	0.0000	0.0000	0.0000	0.0000		2.3136	0.0000	0.0000	0.9999	0.0041	1.0788	4.4918	0.0000	0.0000	0.0000	0.0000	0.0000	0.0000	0.0000	0.0000	0.0000	0.0000	0.0000	0.0000	0.0000	0.0000	0.0000	0.0000	0.0000	0.0000	0.0000	0.0000	0.0000	0.0000	0.0000	0.0000	0.0000	0.0000	0.0000	0.0110	0.0055	0.0055	0.0015	0.0014	0.0001	0.0095	0.0041	0.0054
25	78	0.1215	18	2	0	0	1	0	0	0	1	0	1	1	2	0	0	0	0	0	0	Y	N	N	N	N	Y	N	N	N	N	N	N	N	N	N	N	N	N	14975.1957	611417.6605	0.0000	509574.8345	540731.2874	0.0000	0.0000	0.0000	0.0000	0.2379	0.2587	0.0000	0.5488	0.5722	0.0000	0.0000	0.0000	0.0000	0.0000	0.0000	0.0000	0.0000	0.0000	0.0000	0.0000	0.0000	0.0000	0.0000	68.0448	-0.0000	0.0000	0.9999	0.0166	1.0788	12.2009	0.0001	0.0001	0.0000	0.0001	0.0001	0.0000	0.0000	0.0000	0.0000	0.0000	0.0000	0.0000	0.0000	0.0000	0.0000	0.0000	0.0000	0.0000	0.0003	0.0003	0.0000	0.0001	0.0001	0.0000	0.0002	0.0001	0.0000	0.0291	0.0158	0.0133	0.0071	0.0063	0.0007	0.0221	0.0095	0.0126
25	79	0.1072	17	2	0	0	1	1	0	0	1	0	0	1	1	0	0	0	0	0	0	Y	N	N	N	N	N	N	N	N	N	N	N	N	N	N	N	N	N	404.2591	246.0174	0.0000	0.0000	0.0000	0.0000	23581.5818	27522.2993	0.0000	0.0095	0.0110	0.0000	0.0000	0.0000	0.0000	0.0098	0.0114	0.0000	0.0000	0.0000	0.0000	0.0001	0.0001	0.0000	0.0000	0.0000	0.0000	0.0000	0.0081	-0.0000	-0.0000	0.9999	1.0285	1.0788	7.9781	0.0001	0.0001	0.0000	0.0000	0.0000	0.0000	0.0001	0.0001	0.0000	0.0000	0.0000	0.0000	0.0000	0.0000	0.0000	0.0000	0.0000	0.0000	0.0074	0.0064	0.0010	0.0002	0.0002	0.0000	0.0072	0.0062	0.0010	0.0201	0.0104	0.0096	0.0039	0.0034	0.0005	0.0162	0.0070	0.0091
25	82	0.0401	7	2	0	1	1	0	0	0	1	1	0	2	1	0	0	0	0	0	0	Y	N	N	N	Y	N	N	N	N	N	N	N	N	N	N	N	N	N	0.0000	0.0000	0.0000	0.0000	0.0000	0.0000	0.0000	0.0000	0.0000	0.0000	0.0000	0.0000	0.0000	0.0000	0.0000	0.0000	0.0000	0.0000	0.0028	0.0007	0.0048	0.0030	0.0033	0.0000	0.0028	0.0000	0.0049		7.0024	0.0000	0.0000	0.9999	1.9997	1.0788	10.5319	0.0000	0.0000	0.0000	0.0000	0.0000	0.0000	0.0000	0.0000	0.0000	0.0001	0.0000	0.0001	0.0000	0.0000	0.0000	0.0001	0.0000	0.0001	0.0139	0.0119	0.0019	0.0001	0.0001	0.0000	0.0138	0.0118	0.0019	0.0286	0.0141	0.0145	0.0034	0.0031	0.0003	0.0252	0.0110	0.0142
25	83	0.0376	6	2	0	1	1	0	0	1	1	0	0	1	1	0	0	0	0	0	0	Y	N	N	N	N	N	N	N	N	N	N	N	N	N	N	N	N	N	72.7057	188.2858	0.0000	193.5183	172.6254	0.0000	0.0000	0.0000	0.0000	0.0007	0.0008	0.0000	0.0038	0.0038	0.0000	0.0000	0.0000	0.0000	0.0000	0.0000	0.0000	0.0000	0.0000	0.0000	0.0000	0.0000	0.0000	0.0000	3.7917	-0.0000	0.0000	0.9999	0.0006	1.0788	1.5062	0.0000	0.0000	0.0000	0.0000	0.0000	0.0000	0.0000	0.0000	0.0000	0.0000	0.0000	0.0000	0.0000	0.0000	0.0000	0.0000	0.0000	0.0000	0.0000	0.0000	0.0000	0.0000	0.0000	0.0000	0.0000	0.0000	0.0000	0.0035	0.0017	0.0018	0.0004	0.0003	0.0000	0.0031	0.0014	0.0017
25	84	0.0628	6	2	0	0	1	0	0	0	1	0	0	1	1	0	0	0	0	0	0	Y	N	N	N	N	N	N	N	N	N	N	N	N	N	N	N	N	N	0.0000	0.0000	0.0000	0.0000	0.0000	0.0000	0.0000	0.0000	0.0000	0.0000	0.0000	0.0000	0.0000	0.0000	0.0000	0.0000	0.0000	0.0000	0.0117	0.0000	0.0245	0.0000	0.0000	0.0000	0.0140	0.0000	0.0253		inf	0.0000	0.0002	0.9999	2.9998	1.0788	15.4389	0.0000	0.0000	0.0000	0.0000	0.0000	0.0000	0.0000	0.0000	0.0000	0.0005	0.0000	0.0005	0.0000	0.0000	0.0000	0.0005	0.0000	0.0005	0.0207	0.0178	0.0029	0.0001	0.0001	0.0000	0.0206	0.0177	0.0029	0.0437	0.0230	0.0208	0.0074	0.0068	0.0007	0.0363	0.0162	0.0201
25	85	0.4428	11	1	0	0	1	0	0	0	1	1	0	2	1	0	0	0	0	0	0	N	N	N	N	Y	N	N	N	N	N	N	N	N	N	N	N	N	N	0.0332	3.3936	0.0000	6.3079	6.1765	0.0000	0.0121	90.2644	0.0000	0.0390	0.0448	0.0000	0.1205	0.1262	0.0000	0.0271	0.0316	0.0000	1.1733	0.0132	3.3605	0.0191	0.0204	0.0101	2.2396	0.0004	4.0917	0.0000	135.0287	-0.0045	0.1974	0.9999	26.8363	1.0788	143.7566	0.0077	0.0077	0.0000	0.0030	0.0030	0.0000	0.0047	0.0047	0.0000	0.4442	0.0033	0.4410	0.0035	0.0032	0.0002	0.4408	0.0000	0.4407	0.1981	0.1723	0.0258	0.0251	0.0240	0.0011	0.1730	0.1483	0.0247	0.3786	0.2474	0.1312	0.1818	0.1583	0.0235	0.1968	0.0891	0.1077
25	87	0.0681	9	2	0	1	1	0	0	1	1	0	0	2	2	0	0	0	0	0	0	Y	N	N	N	Y	Y	N	N	N	N	N	N	N	N	N	N	N	N	0.0000	0.0000	0.0000	0.0000	0.0000	0.0000	0.0000	0.0000	0.0000	0.0000	0.0000	0.0000	0.0000	0.0000	0.0000	0.0000	0.0000	0.0000	0.0000	0.0000	0.0000	0.0000	0.0000	0.0000	0.0000	0.0000	0.0000		0.0090	0.0000	-0.0000	0.9999	0.0022	1.0788	6.6376	0.0000	0.0000	0.0000	0.0000	0.0000	0.0000	0.0000	0.0000	0.0000	0.0000	0.0000	0.0000	0.0000	0.0000	0.0000	0.0000	0.0000	0.0000	0.0000	0.0000	0.0000	0.0000	0.0000	0.0000	0.0000	0.0000	0.0000	0.0183	0.0099	0.0084	0.0043	0.0040	0.0003	0.0140	0.0059	0.0081
25	88	0.0535	8	2	0	0	1	0	0	0	1	0	0	2	2	0	0	0	0	0	0	Y	N	N	N	Y	Y	N	N	N	N	N	N	N	N	N	N	N	N	0.0366	0.0236	0.0000	0.3374	0.3281	0.0000	0.0000	0.0000	0.0000	0.0000	0.0000	0.0000	0.0001	0.0001	0.0000	0.0000	0.0000	0.0000	0.0001	0.0001	0.0000	0.0003	0.0004	0.0000	0.0000	0.0000	0.0000	0.0000	0.0101	-0.0000	-0.0000	0.9999	1.0173	1.0788	8.6136	0.0000	0.0000	0.0000	0.0000	0.0000	0.0000	0.0000	0.0000	0.0000	0.0000	0.0000	0.0000	0.0000	0.0000	0.0000	0.0000	0.0000	0.0000	0.0073	0.0062	0.0010	0.0002	0.0002	0.0000	0.0071	0.0061	0.0010	0.0280	0.0154	0.0126	0.0065	0.0061	0.0004	0.0216	0.0093	0.0123
25	89	0.0580	5	2	0	1	1	0	0	1	1	0	0	1	1	0	0	0	0	0	0	Y	N	N	N	N	N	N	N	N	N	N	N	N	N	N	N	N	N	6.8685	0.0000	23.3225	0.0000	0.0000	0.0000	5.7472	0.0000	22.6512	0.0014	0.0000	0.0103	0.0000	0.0000	0.0000	0.0015	0.0000	0.0104	0.0002	0.0000	0.0004	0.0000	0.0000	0.0000	0.0003	0.0000	0.0005	inf	258.3935	0.0000	0.0000	0.9999	2.9990	1.0788	17.4729	0.0000	0.0000	0.0000	0.0000	0.0000	0.0000	0.0000	0.0000	0.0000	0.0000	0.0000	0.0000	0.0000	0.0000	0.0000	0.0000	0.0000	0.0000	0.0207	0.0178	0.0029	0.0001	0.0001	0.0000	0.0206	0.0177	0.0029	0.0491	0.0258	0.0233	0.0085	0.0077	0.0007	0.0407	0.0181	0.0225
25	90	0.0535	8	2	0	0	1	0	0	0	1	0	0	2	2	0	0	0	0	0	0	Y	N	N	N	Y	Y	N	N	N	N	N	N	N	N	N	N	N	N	0.2123	0.0000	0.7039	0.0000	0.0000	0.0000	0.1712	0.0000	0.6861	0.0021	0.0000	0.0152	0.0000	0.0000	0.0000	0.0022	0.0000	0.0153	0.0100	0.0000	0.0216	0.0000	0.0000	0.0000	0.0126	0.0000	0.0223	inf	inf	0.0000	0.0002	0.9999	2.0138	1.0788	11.8132	0.0000	0.0000	0.0000	0.0000	0.0000	0.0000	0.0000	0.0000	0.0000	0.0004	0.0000	0.0004	0.0000	0.0000	0.0000	0.0004	0.0000	0.0004	0.0141	0.0122	0.0020	0.0003	0.0003	0.0000	0.0139	0.0119	0.0020	0.0368	0.0198	0.0170	0.0077	0.0072	0.0005	0.0291	0.0126	0.0165
25	91	0.0450	7	2	0	0	1	0	0	0	1	1	1	2	2	0	0	0	0	0	0	Y	N	N	N	Y	Y	N	N	N	N	N	N	N	N	N	N	N	N	0.0198	0.2231	0.0405	5.4144	5.2797	0.0000	0.0100	0.0000	0.0395	0.0000	0.0000	0.0000	0.0001	0.0001	0.0000	0.0000	0.0000	0.0000	0.0001	0.0000	0.0003	0.0000	0.0000	0.0000	0.0002	0.0000	0.0003	1.6279	45.6950	0.0000	0.0000	0.9999	1.9725	1.0788	4.2763	0.0000	0.0000	0.0000	0.0000	0.0000	0.0000	0.0000	0.0000	0.0000	0.0000	0.0000	0.0000	0.0000	0.0000	0.0000	0.0000	0.0000	0.0000	0.0139	0.0119	0.0019	0.0002	0.0002	0.0000	0.0137	0.0117	0.0019	0.0181	0.0099	0.0082	0.0039	0.0037	0.0002	0.0143	0.0062	0.0080
25	92	0.0783	10	2	0	1	1	1	0	1	1	0	0	1	1	0	0	0	0	0	0	Y	N	N	N	N	N	N	N	N	N	N	N	N	N	N	N	N	N	0.0000	0.0000	0.0000	0.0000	0.0000	0.0000	0.0000	0.0000	0.0000	0.0000	0.0000	0.0000	0.0000	0.0000	0.0000	0.0000	0.0000	0.0000	9.3239	17.7035	0.0002	45.7217	51.7636	0.0001	0.0019	0.0040	0.0002		0.0000	0.0000	-0.5190	0.9999	5.0000	1.0788	42.2706	0.0000	0.0000	0.0000	0.0000	0.0000	0.0000	0.0000	0.0000	0.0000	0.9466	0.9466	0.0000	0.9465	0.9465	0.0000	0.0002	0.0001	0.0000	0.0343	0.0295	0.0048	0.0003	0.0002	0.0000	0.0340	0.0293	0.0048	0.1015	0.0535	0.0481	0.0207	0.0183	0.0024	0.0808	0.0352	0.0456
25	93	0.1120	12	1	0	0	1	0	0	0	1	0	0	1	2	0	0	0	0	0	0	N	N	N	N	N	Y	N	N	N	N	N	N	N	N	N	N	N	N	0.0000	0.0000	0.0000	0.0000	0.0000	0.0000	0.0000	0.0000	0.0000	0.0000	0.0000	0.0000	0.0000	0.0000	0.0000	0.0000	0.0000	0.0000	0.0003	0.0005	0.0000	0.0011	0.0012	0.0000	0.0000	0.0000	0.0000		0.0000	0.0000	-0.0000	0.9999	0.0000	1.0788	0.9594	0.0000	0.0000	0.0000	0.0000	0.0000	0.0000	0.0000	0.0000	0.0000	0.0000	0.0000	0.0000	0.0000	0.0000	0.0000	0.0000	0.0000	0.0000	0.0000	0.0000	0.0000	0.0000	0.0000	0.0000	0.0000	0.0000	0.0000	0.0024	0.0013	0.0011	0.0006	0.0005	0.0001	0.0018	0.0008	0.0010
25	94	0.0806	11	1	0	0	1	0	0	0	1	0	1	1	2	0	0	0	0	0	0	N	N	N	N	N	Y	N	N	N	N	N	N	N	N	N	N	N	N	0.0000	0.0000	0.0000	0.0000	0.0000	0.0000	0.0000	0.0000	0.0000	0.0000	0.0000	0.0000	0.0000	0.0000	0.0000	0.0000	0.0000	0.0000	0.1580	0.2712	0.0233	0.6483	0.7192	0.0000	0.0138	0.0000	0.0245		0.0722	0.0000	-0.0036	0.9999	0.0000	1.0788	18.8906	0.0000	0.0000	0.0000	0.0000	0.0000	0.0000	0.0000	0.0000	0.0000	0.0075	0.0070	0.0005	0.0070	0.0070	0.0000	0.0005	0.0000	0.0005	0.0000	0.0000	0.0000	0.0000	0.0000	0.0000	0.0000	0.0000	0.0000	0.0476	0.0258	0.0217	0.0108	0.0097	0.0011	0.0367	0.0161	0.0206
25	97	0.0964	11	2	0	1	1	0	0	1	1	0	0	1	1	0	0	0	0	0	0	Y	N	N	N	N	N	N	N	N	N	N	N	N	N	N	N	N	N	0.0000	0.0000	0.0000	0.0000	0.0000	0.0000	0.0000	0.0000	0.0000	0.0000	0.0000	0.0000	0.0000	0.0000	0.0000	0.0000	0.0000	0.0000	0.0000	0.0001	0.0000	0.0002	0.0002	0.0000	0.0000	0.0000	0.0000		0.1618	0.0000	-0.0000	0.9999	2.0000	1.0788	24.9502	0.0000	0.0000	0.0000	0.0000	0.0000	0.0000	0.0000	0.0000	0.0000	0.0000	0.0000	0.0000	0.0000	0.0000	0.0000	0.0000	0.0000	0.0000	0.0139	0.0119	0.0019	0.0001	0.0001	0.0000	0.0138	0.0118	0.0019	0.0594	0.0314	0.0281	0.0126	0.0111	0.0015	0.0468	0.0203	0.0266
25	98	0.0064	2	2	0	0	2	0	0	0	2	0	0	2	2	0	0	0	0	0	0	Y	N	N	Y	Y	Y	N	N	N	N	N	N	N	N	N	N	N	N	28.0644	15.7357	0.0000	2.2239	2.2280	0.0000	566188.1936	inf	0.0000	48.0286	55.8917	0.0000	17.9655	18.0013	0.0000	48.0319	55.8964	0.0000	1.7114	3.5519	0.0001	8.0784	8.0795	0.0000	0.0001	0.0000	0.0001	0.0000	0.0000	-0.5831	-0.0244	0.9999	2.9999	1.0788	3.9821	0.9998	0.9998	0.0000	0.0000	0.0000	0.0000	0.9998	0.9998	0.0000	0.0444	0.0444	0.0000	0.0444	0.0444	0.0000	0.0000	0.0000	0.0000	0.0208	0.0179	0.0029	0.0000	0.0000	0.0000	0.0208	0.0179	0.0029	0.0260	0.0125	0.0135	0.0055	0.0055	0.0000	0.0205	0.0070	0.0135
25	106	0.0845	14	2	0	1	1	0	0	0	1	0	0	1	1	0	0	0	0	0	0	Y	N	N	N	N	N	N	N	N	N	N	N	N	N	N	N	N	N	0.0000	0.0000	0.0000	0.0000	0.0000	0.0000	0.0000	0.0000	0.0000	0.0000	0.0000	0.0000	0.0000	0.0000	0.0000	0.0000	0.0000	0.0000	0.0000	0.0000	0.0000	0.0000	0.0000	0.0000	0.0000	0.0000	0.0000		inf	-0.0000	0.0000	0.9999	4.0001	1.0788	15.3361	0.0000	0.0000	0.0000	0.0000	0.0000	0.0000	0.0000	0.0000	0.0000	0.0000	0.0000	0.0000	0.0000	0.0000	0.0000	0.0000	0.0000	0.0000	0.0275	0.0237	0.0038	0.0003	0.0003	0.0000	0.0273	0.0234	0.0038	0.0434	0.0236	0.0198	0.0092	0.0080	0.0012	0.0342	0.0155	0.0186
25	107	0.1123	16	2	0	1	1	0	0	0	1	0	0	1	1	0	0	0	0	0	0	Y	N	N	N	N	N	N	N	N	N	N	N	N	N	N	N	N	N	33.5433	21.8939	0.0000	879.1554	823.6375	0.0000	0.0000	0.0000	0.0000	0.0099	0.0115	0.0000	1.0274	1.0958	0.0000	0.0000	0.0000	0.0000	0.0003	0.0005	0.0000	0.0012	0.0013	0.0000	0.0000	0.0000	0.0000	0.0000	0.0397	-0.0000	-0.0000	0.9999	1.0040	1.0788	14.1141	0.0001	0.0001	0.0000	0.0001	0.0001	0.0000	0.0000	0.0000	0.0000	0.0000	0.0000	0.0000	0.0000	0.0000	0.0000	0.0000	0.0000	0.0000	0.0071	0.0061	0.0010	0.0001	0.0001	0.0000	0.0070	0.0060	0.0010	0.0349	0.0188	0.0161	0.0085	0.0075	0.0010	0.0264	0.0114	0.0150
25	108	0.1044	15	2	0	1	1	1	0	1	1	0	0	1	1	0	0	0	0	0	0	Y	N	N	N	N	N	N	N	N	N	N	N	N	N	N	N	N	N	136.1802	82.2359	0.0000	3.1633	3.0045	0.0000	inf	inf	0.0000	0.0057	0.0066	0.0000	0.0007	0.0007	0.0000	0.0057	0.0067	0.0000	0.0000	0.0001	0.0000	0.0002	0.0002	0.0000	0.0000	0.0000	0.0000	0.0000	0.0002	-0.0000	-0.0000	0.9999	1.0065	1.0788	3.9764	0.0000	0.0000	0.0000	0.0000	0.0000	0.0000	0.0000	0.0000	0.0000	0.0000	0.0000	0.0000	0.0000	0.0000	0.0000	0.0000	0.0000	0.0000	0.0071	0.0061	0.0010	0.0001	0.0000	0.0000	0.0070	0.0060	0.0010	0.0113	0.0059	0.0054	0.0022	0.0019	0.0003	0.0091	0.0039	0.0052
25	112	0.0450	7	2	0	1	1	0	0	1	1	0	0	1	1	0	0	0	0	0	0	Y	N	N	N	N	N	N	N	N	N	N	N	N	N	N	N	N	N	1053.2715	0.0000	inf	0.0000	0.0000	0.0000	inf	0.0000	inf	0.0014	0.0000	0.0102	0.0000	0.0000	0.0000	0.0014	0.0000	0.0102	0.0000	0.0000	0.0000	0.0000	0.0000	0.0000	0.0000	0.0000	0.0000	inf	0.0042	0.0000	-0.0000	0.9999	3.0154	1.0788	11.4025	0.0000	0.0000	0.0000	0.0000	0.0000	0.0000	0.0000	0.0000	0.0000	0.0000	0.0000	0.0000	0.0000	0.0000	0.0000	0.0000	0.0000	0.0000	0.0210	0.0181	0.0029	0.0002	0.0002	0.0000	0.0208	0.0178	0.0029	0.0357	0.0185	0.0171	0.0062	0.0056	0.0005	0.0295	0.0129	0.0166
25	113	0.0376	6	2	0	0	1	0	0	0	1	0	0	1	1	0	0	0	0	0	0	Y	N	N	N	N	N	N	N	N	N	N	N	N	N	N	N	N	N	29.9922	inf	81.3422	inf	inf	0.0000	19.9305	0.0000	79.7518	0.0001	0.0000	0.0007	0.0023	0.0023	0.0000	0.0001	0.0000	0.0007	0.0000	0.0000	0.0000	0.0000	0.0000	0.0000	0.0000	0.0000	0.0000	2.6882	inf	0.0000	0.0000	0.9999	0.0182	1.0788	4.6661	0.0000	0.0000	0.0000	0.0000	0.0000	0.0000	0.0000	0.0000	0.0000	0.0000	0.0000	0.0000	0.0000	0.0000	0.0000	0.0000	0.0000	0.0000	0.0001	0.0001	0.0000	0.0000	0.0000	0.0000	0.0001	0.0001	0.0000	0.0106	0.0052	0.0055	0.0011	0.0010	0.0001	0.0095	0.0042	0.0053
25	114	0.0376	5	2	0	0	1	0	0	0	1	0	0	1	1	0	0	0	0	0	0	Y	N	N	N	N	N	N	N	N	N	N	N	N	N	N	N	N	N	inf	inf	inf	inf	inf	0.0000	inf	0.0000	inf	0.0018	0.0010	0.0102	0.0038	0.0038	0.0000	0.0012	0.0000	0.0102	0.0000	0.0000	0.0000	0.0000	0.0000	0.0000	0.0000	0.0000	0.0000	1.0000		-0.0000	0.0000	0.9999	0.0004	1.0788	0.0007	0.0000	0.0000	0.0000	0.0000	0.0000	0.0000	0.0000	0.0000	0.0000	0.0000	0.0000	0.0000	0.0000	0.0000	0.0000	0.0000	0.0000	0.0000	0.0000	0.0000	0.0000	0.0000	0.0000	0.0000	0.0000	0.0000	0.0000	0.0000	0.0000	0.0000	0.0000	0.0000	0.0000	0.0000	0.0000	0.0000
25	115	0.0376	4	2	0	0	1	0	0	0	1	0	0	1	1	0	0	0	0	0	0	Y	N	N	N	N	N	N	N	N	N	N	N	N	N	N	N	N	N	inf	inf	inf	inf	inf	0.0000	inf	0.0000	inf	0.0018	0.0010	0.0102	0.0038	0.0038	0.0000	0.0012	0.0000	0.0102	0.0000	0.0000	0.0000	0.0000	0.0000	0.0000	0.0000	0.0000	0.0000	1.0000		-0.0000	0.0000	0.9999	0.0004	1.0788	0.0002	0.0000	0.0000	0.0000	0.0000	0.0000	0.0000	0.0000	0.0000	0.0000	0.0000	0.0000	0.0000	0.0000	0.0000	0.0000	0.0000	0.0000	0.0000	0.0000	0.0000	0.0000	0.0000	0.0000	0.0000	0.0000	0.0000	0.0000	0.0000	0.0000	0.0000	0.0000	0.0000	0.0000	0.0000	0.0000	0.0000
25	119	0.1002	13	2	0	1	1	0	0	0	1	0	0	1	1	0	0	0	0	0	0	Y	N	N	N	N	N	N	N	N	N	N	N	N	N	N	N	N	N	0.0214	0.0000	1.4787	0.0000	0.0000	0.0000	0.3463	0.0000	1.4055	0.0007	0.0000	0.0052	0.0000	0.0000	0.0000	0.0007	0.0000	0.0053	0.0342	0.0613	0.0035	0.1477	0.1665	0.0000	0.0021	0.0000	0.0037	inf	0.0509	0.0000	-0.0010	0.9999	6.0007	1.0788	19.0307	0.0000	0.0000	0.0000	0.0000	0.0000	0.0000	0.0000	0.0000	0.0000	0.0020	0.0019	0.0001	0.0019	0.0019	0.0000	0.0001	0.0000	0.0001	0.0410	0.0353	0.0057	0.0003	0.0003	0.0000	0.0407	0.0350	0.0057	0.0575	0.0306	0.0269	0.0127	0.0113	0.0014	0.0448	0.0193	0.0255
25	120	0.0967	12	2	0	1	1	0	0	1	1	0	0	1	1	0	0	0	0	0	0	Y	N	N	N	N	N	N	N	N	N	N	N	N	N	N	N	N	N	0.0015	0.0000	0.0047	0.0000	0.0000	0.0000	0.0011	0.0000	0.0046	0.0003	0.0000	0.0023	0.0000	0.0000	0.0000	0.0003	0.0000	0.0023	0.2182	0.0002	0.4907	0.0004	0.0005	0.0000	0.3022	0.0000	0.5135	inf	1848.7028	0.0000	0.0010	0.9999	0.0034	1.0788	3.2312	0.0000	0.0000	0.0000	0.0000	0.0000	0.0000	0.0000	0.0000	0.0000	0.0022	0.0000	0.0022	0.0000	0.0000	0.0000	0.0022	0.0000	0.0022	0.0000	0.0000	0.0000	0.0000	0.0000	0.0000	0.0000	0.0000	0.0000	0.0099	0.0055	0.0044	0.0028	0.0026	0.0002	0.0071	0.0029	0.0042
25	121	0.0964	11	2	0	0	1	0	0	0	1	0	0	1	1	0	0	0	0	0	0	Y	N	N	N	N	N	N	N	N	N	N	N	N	N	N	N	N	N	0.0000	0.0000	0.0000	0.0000	0.0000	0.0000	0.0000	0.0000	0.0000	0.0000	0.0000	0.0000	0.0000	0.0000	0.0000	0.0000	0.0000	0.0000	0.0009	0.0007	0.0012	0.0012	0.0012	0.0000	0.0008	0.0000	0.0012		1.2108	0.0000	-0.0000	0.9999	0.0000	1.0788	1.2022	0.0000	0.0000	0.0000	0.0000	0.0000	0.0000	0.0000	0.0000	0.0000	0.0000	0.0000	0.0000	0.0000	0.0000	0.0000	0.0000	0.0000	0.0000	0.0000	0.0000	0.0000	0.0000	0.0000	0.0000	0.0000	0.0000	0.0000	0.0061	0.0035	0.0026	0.0022	0.0022	0.0001	0.0039	0.0013	0.0025
25	122	0.0751	10	2	0	0	1	1	0	0	1	0	0	1	1	0	0	0	0	0	0	Y	N	N	N	N	N	N	N	N	N	N	N	N	N	N	N	N	N	0.0000	0.0000	0.0000	0.0000	0.0000	0.0000	0.0000	0.0000	0.0000	0.0000	0.0000	0.0000	0.0000	0.0000	0.0000	0.0000	0.0000	0.0000	0.0005	0.0005	0.0004	0.0013	0.0014	0.0000	0.0002	0.0000	0.0004		0.5779	0.0000	-0.0000	0.9999	0.0041	1.0788	12.5856	0.0000	0.0000	0.0000	0.0000	0.0000	0.0000	0.0000	0.0000	0.0000	0.0000	0.0000	0.0000	0.0000	0.0000	0.0000	0.0000	0.0000	0.0000	0.0001	0.0000	0.0000	0.0000	0.0000	0.0000	0.0000	0.0000	0.0000	0.0339	0.0192	0.0147	0.0079	0.0072	0.0007	0.0260	0.0120	0.0140
25	126	0.1100	16	1	0	1	1	0	0	0	1	1	0	2	1	0	0	0	0	0	0	N	N	N	N	Y	N	N	N	N	N	N	N	N	N	N	N	N	N	0.0000	0.0000	0.0000	0.0000	0.0000	0.0000	0.0000	0.0000	0.0000	0.0000	0.0000	0.0000	0.0000	0.0000	0.0000	0.0000	0.0000	0.0000	0.0000	0.0000	0.0000	0.0000	0.0000	0.0000	0.0000	0.0000	0.0000		0.0930	0.0000	-0.0000	0.9999	0.0003	1.0788	3.0192	0.0000	0.0000	0.0000	0.0000	0.0000	0.0000	0.0000	0.0000	0.0000	0.0000	0.0000	0.0000	0.0000	0.0000	0.0000	0.0000	0.0000	0.0000	0.0000	0.0000	0.0000	0.0000	0.0000	0.0000	0.0000	0.0000	0.0000	0.0069	0.0037	0.0032	0.0017	0.0015	0.0003	0.0052	0.0023	0.0029
25	131	0.1163	18	2	0	1	1	0	0	0	1	0	0	1	1	0	0	0	0	0	0	Y	N	N	N	N	N	N	N	N	N	N	N	N	N	N	N	N	N	6.8787	58.5030	0.0000	6.5810	5.8499	0.0000	5.6303	inf	0.0000	0.1203	0.1401	0.0000	0.0324	0.0337	0.0000	0.1242	0.1453	0.0000	0.0175	0.0024	0.0357	0.0049	0.0058	0.0000	0.0221	0.0000	0.0391	0.0000	12.3501	-0.0005	0.0002	0.9999	1.0211	1.0788	9.0731	0.0009	0.0009	0.0000	0.0000	0.0000	0.0000	0.0009	0.0009	0.0000	0.0004	0.0000	0.0004	0.0000	0.0000	0.0000	0.0004	0.0000	0.0004	0.0074	0.0064	0.0010	0.0003	0.0003	0.0000	0.0071	0.0061	0.0010	0.0228	0.0125	0.0103	0.0061	0.0052	0.0009	0.0167	0.0073	0.0094
25	132	0.1370	18	1	0	0	1	0	0	0	1	0	1	1	2	0	0	0	0	0	0	N	N	N	N	N	Y	N	N	N	N	N	N	N	N	N	N	N	N	0.0000	0.0000	0.0000	0.0000	0.0000	0.0000	0.0000	0.0000	0.0000	0.0000	0.0000	0.0000	0.0000	0.0000	0.0000	0.0000	0.0000	0.0000	0.0000	0.0000	0.0000	0.0000	0.0000	0.0000	0.0000	0.0000	0.0000			0.0000	0.0000	0.9999	0.0075	1.0788	1.9743	0.0000	0.0000	0.0000	0.0000	0.0000	0.0000	0.0000	0.0000	0.0000	0.0000	0.0000	0.0000	0.0000	0.0000	0.0000	0.0000	0.0000	0.0000	0.0001	0.0001	0.0000	0.0001	0.0001	0.0000	0.0001	0.0001	0.0000	0.0044	0.0024	0.0020	0.0011	0.0009	0.0002	0.0033	0.0015	0.0019
25	134	0.1318	16	1	0	0	1	0	0	0	1	0	1	1	2	0	0	0	0	0	0	N	N	N	N	N	Y	N	N	N	N	N	N	N	N	N	N	N	N	0.0000	0.0000	0.0000	0.0000	0.0000	0.0000	0.0000	0.0000	0.0000	0.0000	0.0000	0.0000	0.0000	0.0000	0.0000	0.0000	0.0000	0.0000	0.0000	0.0000	0.0000	0.0000	0.0000	0.0000	0.0000	0.0000	0.0000		0.0000	0.0000	-0.0000	0.9999	2.0569	1.0788	5.7592	0.0000	0.0000	0.0000	0.0000	0.0000	0.0000	0.0000	0.0000	0.0000	0.0000	0.0000	0.0000	0.0000	0.0000	0.0000	0.0000	0.0000	0.0000	0.0151	0.0131	0.0021	0.0008	0.0008	0.0000	0.0144	0.0123	0.0020	0.0186	0.0104	0.0082	0.0049	0.0042	0.0007	0.0137	0.0062	0.0075
25	135	0.1334	17	1	0	0	1	0	0	0	1	0	1	1	2	0	0	0	0	0	0	N	N	N	N	N	Y	N	N	N	N	N	N	N	N	N	N	N	N	0.0000	0.0000	0.0000	0.0000	0.0000	0.0000	0.0000	0.0000	0.0000	0.0000	0.0000	0.0000	0.0000	0.0000	0.0000	0.0000	0.0000	0.0000	0.0000	0.0000	0.0000	0.0000	0.0000	0.0000	0.0000	0.0000	0.0000		0.0000	0.0000	-0.0000	0.9999	1.0111	1.0788	8.8059	0.0000	0.0000	0.0000	0.0000	0.0000	0.0000	0.0000	0.0000	0.0000	0.0000	0.0000	0.0000	0.0000	0.0000	0.0000	0.0000	0.0000	0.0000	0.0072	0.0062	0.0010	0.0003	0.0003	0.0000	0.0069	0.0059	0.0010	0.0225	0.0125	0.0100	0.0058	0.0050	0.0008	0.0167	0.0076	0.0092
25	138	0.1101	15	2	0	1	1	0	0	0	1	0	0	2	1	0	0	0	0	0	0	Y	N	N	N	Y	N	N	N	N	N	N	N	N	N	N	N	N	N	0.0000	0.0000	0.0000	0.0000	0.0000	0.0000	0.0000	0.0000	0.0000	0.0000	0.0000	0.0000	0.0000	0.0000	0.0000	0.0000	0.0000	0.0000	0.9130	1.6412	0.0000	3.3907	3.8812	0.0000	0.0000	0.0000	0.0000		0.0000	-0.0000	-0.0050	0.9999	0.0010	1.0788	4.0030	0.0000	0.0000	0.0000	0.0000	0.0000	0.0000	0.0000	0.0000	0.0000	0.0090	0.0090	0.0000	0.0090	0.0090	0.0000	0.0000	0.0000	0.0000	0.0000	0.0000	0.0000	0.0000	0.0000	0.0000	0.0000	0.0000	0.0000	0.0099	0.0055	0.0044	0.0027	0.0023	0.0003	0.0072	0.0032	0.0041
25	139	0.0845	14	2	0	1	1	0	0	0	1	1	0	2	1	0	0	0	0	0	0	Y	N	N	N	Y	N	N	N	N	N	N	N	N	N	N	N	N	N	0.0057	3.4211	0.0000	0.0000	0.0000	0.0000	0.0045	inf	0.0000	0.0014	0.0017	0.0000	0.0000	0.0000	0.0000	0.0015	0.0017	0.0000	0.2560	0.0005	0.5658	0.0012	0.0014	0.0000	0.3267	0.0000	0.6017	0.0000	948.8243	-0.0000	0.0041	0.9999	2.9989	1.0788	12.3267	0.0000	0.0000	0.0000	0.0000	0.0000	0.0000	0.0000	0.0000	0.0000	0.0090	0.0000	0.0090	0.0000	0.0000	0.0000	0.0090	0.0000	0.0090	0.0207	0.0178	0.0029	0.0002	0.0002	0.0000	0.0205	0.0176	0.0029	0.0353	0.0194	0.0160	0.0077	0.0067	0.0010	0.0277	0.0126	0.0150
25	140	0.0838	13	2	0	1	1	1	0	1	1	0	0	1	1	0	0	0	0	0	0	Y	N	N	N	N	N	N	N	N	N	N	N	N	N	N	N	N	N	0.0000	0.0000	0.0000	0.0000	0.0000	0.0000	0.0000	0.0000	0.0000	0.0000	0.0000	0.0000	0.0000	0.0000	0.0000	0.0000	0.0000	0.0000	0.0004	0.0003	0.0005	0.0007	0.0008	0.0000	0.0003	0.0000	0.0005		0.9810	-0.0000	-0.0000	0.9999	0.0011	1.0788	0.8290	0.0000	0.0000	0.0000	0.0000	0.0000	0.0000	0.0000	0.0000	0.0000	0.0000	0.0000	0.0000	0.0000	0.0000	0.0000	0.0000	0.0000	0.0000	0.0000	0.0000	0.0000	0.0000	0.0000	0.0000	0.0000	0.0000	0.0000	0.0024	0.0014	0.0010	0.0006	0.0006	0.0001	0.0018	0.0008	0.0009
25	141	0.1069	15	2	0	1	1	0	0	0	1	0	0	1	1	0	0	0	0	0	0	Y	N	N	N	N	N	N	N	N	N	N	N	N	N	N	N	N	N	0.0000	0.0000	0.0000	0.0000	0.0000	0.0000	0.0000	0.0000	0.0000	0.0000	0.0000	0.0000	0.0000	0.0000	0.0000	0.0000	0.0000	0.0000	0.0000	0.0000	0.0000	0.0000	0.0000	0.0000	0.0000	0.0000	0.0000		11.4690	0.0000	0.0000	0.9999	0.0243	1.0788	8.8037	0.0000	0.0000	0.0000	0.0000	0.0000	0.0000	0.0000	0.0000	0.0000	0.0000	0.0000	0.0000	0.0000	0.0000	0.0000	0.0000	0.0000	0.0000	0.0003	0.0003	0.0000	0.0001	0.0001	0.0000	0.0002	0.0002	0.0000	0.0199	0.0109	0.0091	0.0050	0.0043	0.0006	0.0149	0.0065	0.0084
25	142	0.0903	14	2	0	1	1	1	0	1	1	0	0	1	1	0	0	0	0	0	0	Y	N	N	N	N	N	N	N	N	N	N	N	N	N	N	N	N	N	0.0000	0.0000	0.0000	0.0000	0.0000	0.0000	0.0000	0.0000	0.0000	0.0000	0.0000	0.0000	0.0000	0.0000	0.0000	0.0000	0.0000	0.0000	0.0002	0.0002	0.0001	0.0005	0.0006	0.0000	0.0001	0.0000	0.0001		0.5252	0.0000	-0.0000	0.9999	4.9785	1.0788	5.0554	0.0000	0.0000	0.0000	0.0000	0.0000	0.0000	0.0000	0.0000	0.0000	0.0000	0.0000	0.0000	0.0000	0.0000	0.0000	0.0000	0.0000	0.0000	0.0342	0.0294	0.0048	0.0003	0.0003	0.0000	0.0338	0.0291	0.0047	0.0234	0.0125	0.0109	0.0053	0.0046	0.0007	0.0180	0.0079	0.0102
25	143	0.1293	19	2	0	1	1	0	0	0	1	0	0	2	1	0	0	0	0	0	0	Y	N	N	N	Y	N	N	N	N	N	N	N	N	N	N	N	N	N	0.0000	0.0000	0.0000	0.0000	0.0000	0.0000	0.0000	0.0000	0.0000	0.0000	0.0000	0.0000	0.0000	0.0000	0.0000	0.0000	0.0000	0.0000	0.0000	0.0000	0.0000	0.0000	0.0000	0.0000	0.0000	0.0000	0.0000			-0.0000	0.0000	0.9999	0.0000	1.0788	3.0055	0.0000	0.0000	0.0000	0.0000	0.0000	0.0000	0.0000	0.0000	0.0000	0.0000	0.0000	0.0000	0.0000	0.0000	0.0000	0.0000	0.0000	0.0000	0.0000	0.0000	0.0000	0.0000	0.0000	0.0000	0.0000	0.0000	0.0000	0.0067	0.0037	0.0029	0.0018	0.0016	0.0003	0.0048	0.0022	0.0026
25	144	0.1163	18	2	0	1	1	0	0	0	1	1	0	2	1	0	0	0	0	0	0	Y	N	N	N	Y	N	N	N	N	N	N	N	N	N	N	N	N	N	716.6840	504.7109	0.0000	70.2295	63.0726	0.0000	5498.2704	inf	0.0000	0.0643	0.0747	0.0000	0.0211	0.0221	0.0000	0.0658	0.0767	0.0000	0.0001	0.0001	0.0000	0.0003	0.0004	0.0000	0.0000	0.0000	0.0000	0.0000	0.1081	-0.0005	-0.0000	0.9999	2.0192	1.0788	6.0784	0.0009	0.0009	0.0000	0.0000	0.0000	0.0000	0.0009	0.0009	0.0000	0.0000	0.0000	0.0000	0.0000	0.0000	0.0000	0.0000	0.0000	0.0000	0.0143	0.0123	0.0020	0.0005	0.0005	0.0000	0.0138	0.0119	0.0020	0.0186	0.0102	0.0084	0.0050	0.0043	0.0007	0.0136	0.0059	0.0077
25	145	0.1115	17	2	0	1	1	1	0	0	1	0	0	1	1	0	0	0	0	0	0	Y	N	N	N	N	N	N	N	N	N	N	N	N	N	N	N	N	N	286997.2873	1839751.1670	0.0000	442.1508	393.2138	0.0000	243406.8939	inf	0.0000	72.5112	84.2506	0.0000	0.0441	0.0468	0.0000	73.7233	85.7930	0.0000	0.0003	0.0000	0.0005	0.0001	0.0001	0.0000	0.0003	0.0000	0.0005	0.0000	9.2513	-0.5826	0.0000	0.9999	1.9811	1.0788	0.9869	0.9990	0.9990	0.0000	0.0000	0.0000	0.0000	0.9990	0.9990	0.0000	0.0000	0.0000	0.0000	0.0000	0.0000	0.0000	0.0000	0.0000	0.0000	0.0138	0.0119	0.0019	0.0002	0.0002	0.0000	0.0136	0.0116	0.0019	0.0066	0.0036	0.0031	0.0016	0.0014	0.0003	0.0050	0.0022	0.0028
26	42	0.1117	16	2	0	1	0	0	0	0	0	0	1	0	1	0	0	0	0	0	0	Y	N	N	N	N	N	N	N	N	N	N	N	N	N	N	N	N	N	0.0000	0.0000	0.0000	0.0000	0.0000	0.0000	0.0000	0.0000	0.0000	0.0000	0.0000	0.0000	0.0000	0.0000	0.0000	0.0000	0.0000	0.0000	0.0000	0.0000	0.0000	0.0000	0.0000	0.0000	0.0000	0.0000	0.0000			0.0000	0.0000	2.9974	0.0000	7.2972	0.0011	0.0000	0.0000	0.0000	0.0000	0.0000	0.0000	0.0000	0.0000	0.0000	0.0000	0.0000	0.0000	0.0000	0.0000	0.0000	0.0000	0.0000	0.0000	0.0000	0.0000	0.0000	0.0000	0.0000	0.0000	0.0000	0.0000	0.0000	0.0000	0.0000	0.0000	0.0000	0.0000	0.0000	0.0000	0.0000	0.0000
26	44	0.0836	13	2	0	1	1	0	0	0	0	0	0	1	1	0	0	0	0	0	0	Y	N	N	N	N	N	N	N	N	N	N	N	N	N	N	N	N	N	0.0000	0.0000	0.0000	0.0000	0.0000	0.0000	0.0000	0.0000	0.0000	0.0000	0.0000	0.0000	0.0000	0.0000	0.0000	0.0000	0.0000	0.0000	5.7163	0.0001	12.0934	0.0002	0.0002	0.0001	7.2000	0.0000	12.8844		178288.2480	0.0000	0.8996	2.9974	7.0030	7.2972	25.8862	0.0000	0.0000	0.0000	0.0000	0.0000	0.0000	0.0000	0.0000	0.0000	1.9914	0.0000	1.9914	0.0000	0.0000	0.0000	1.9914	0.0000	1.9914	0.1464	0.1260	0.0204	0.0027	0.0027	0.0000	0.1436	0.1233	0.0203	0.3484	0.1837	0.1647	0.0718	0.0617	0.0101	0.2766	0.1220	0.1546
26	48	0.0836	13	2	0	1	1	0	0	0	0	0	0	1	1	0	0	0	0	0	0	Y	N	N	N	N	N	N	N	N	N	N	N	N	N	N	N	N	N	0.0000	0.0000	0.0000	0.0000	0.0000	0.0000	0.0000	0.0000	0.0000	0.0000	0.0000	0.0000	0.0000	0.0000	0.0000	0.0000	0.0000	0.0000	0.0274	0.0489	0.0000	0.1103	0.1229	0.0003	0.0000	0.0000	0.0000		0.0005	0.0000	-0.0019	2.9974	1.7572	7.2972	7.6758	0.0000	0.0000	0.0000	0.0000	0.0000	0.0000	0.0000	0.0000	0.0000	0.0034	0.0034	0.0000	0.0034	0.0034	0.0000	0.0000	0.0000	0.0000	0.0410	0.0353	0.0057	0.0025	0.0025	0.0000	0.0385	0.0328	0.0057	0.1244	0.0698	0.0547	0.0309	0.0278	0.0032	0.0935	0.0420	0.0515
26	49	0.0747	12	2	0	1	1	0	0	0	1	0	0	1	1	0	0	0	0	0	0	Y	N	N	N	N	N	N	N	N	N	N	N	N	N	N	N	N	N	0.0000	0.0000	0.0000	0.0000	0.0000	0.0000	0.0000	0.0000	0.0000	0.0000	0.0000	0.0000	0.0000	0.0000	0.0000	0.0000	0.0000	0.0000	0.0404	0.0015	0.0892	0.0041	0.0036	0.0080	0.0513	0.0002	0.0941		48.0392	0.0000	0.0015	2.9974	1.2605	7.2972	5.3560	0.0000	0.0000	0.0000	0.0000	0.0000	0.0000	0.0000	0.0000	0.0000	0.0035	0.0001	0.0034	0.0001	0.0001	0.0000	0.0034	0.0000	0.0034	0.0261	0.0224	0.0037	0.0001	0.0000	0.0000	0.0261	0.0224	0.0037	0.0868	0.0483	0.0385	0.0201	0.0179	0.0022	0.0667	0.0304	0.0363
26	50	0.0747	12	2	0	1	0	0	0	0	0	0	0	1	1	0	0	0	0	0	0	Y	N	N	N	N	N	N	N	N	N	N	N	N	N	N	N	N	N	0.0000	0.0000	0.0000	0.0000	0.0000	0.0000	0.0000	0.0000	0.0000	0.0000	0.0000	0.0000	0.0000	0.0000	0.0000	0.0000	0.0000	0.0000	0.1099	0.2013	0.0000	0.4972	0.5642	0.0000	0.0001	0.0002	0.0000		0.0000	0.0000	-0.0064	2.9974	1.0001	7.2972	7.4568	0.0000	0.0000	0.0000	0.0000	0.0000	0.0000	0.0000	0.0000	0.0000	0.0117	0.0117	0.0000	0.0117	0.0117	0.0000	0.0000	0.0000	0.0000	0.0208	0.0178	0.0029	0.0000	0.0000	0.0000	0.0207	0.0178	0.0029	0.1061	0.0579	0.0482	0.0234	0.0207	0.0028	0.0827	0.0373	0.0454
26	51	0.0702	11	2	0	1	0	0	0	0	0	0	1	1	1	0	0	0	0	0	0	Y	N	N	N	N	N	N	N	N	N	N	N	N	N	N	N	N	N	0.0000	0.0000	0.0000	0.0000	0.0000	0.0000	0.0000	0.0000	0.0000	0.0000	0.0000	0.0000	0.0000	0.0000	0.0000	0.0000	0.0000	0.0000	0.1386	0.2153	0.0016	0.1929	0.2322	0.0030	0.0950	0.1924	0.0013		0.0042	0.0000	-0.0061	2.9974	0.0061	7.2972	2.7591	0.0000	0.0000	0.0000	0.0000	0.0000	0.0000	0.0000	0.0000	0.0000	0.0113	0.0112	0.0000	0.0070	0.0070	0.0000	0.0043	0.0043	0.0000	0.0002	0.0001	0.0000	0.0000	0.0000	0.0000	0.0001	0.0001	0.0000	0.0813	0.0521	0.0292	0.0362	0.0300	0.0062	0.0451	0.0221	0.0230
26	52	0.0966	17	2	0	1	0	0	0	0	0	0	1	0	1	0	0	0	0	0	0	Y	N	N	N	N	N	N	N	N	N	N	N	N	N	N	N	N	N	0.0000	0.0000	0.0000	0.0000	0.0000	0.0000	0.0000	0.0000	0.0000	0.0000	0.0000	0.0000	0.0000	0.0000	0.0000	0.0000	0.0000	0.0000	0.0036	0.0068	0.0000	0.0185	0.0203	0.0000	0.0000	0.0000	0.0000		0.0000	0.0000	-0.0002	2.9974	1.0020	7.2972	7.2599	0.0000	0.0000	0.0000	0.0000	0.0000	0.0000	0.0000	0.0000	0.0000	0.0003	0.0003	0.0000	0.0003	0.0003	0.0000	0.0000	0.0000	0.0000	0.0210	0.0180	0.0029	0.0003	0.0003	0.0000	0.0206	0.0177	0.0029	0.0980	0.0516	0.0464	0.0188	0.0171	0.0017	0.0792	0.0345	0.0447
26	53	0.0769	16	2	0	1	0	1	0	0	0	0	0	0	0	0	0	0	0	0	0	Y	N	N	N	N	N	N	N	N	N	N	N	N	N	N	N	N	N	0.0000	0.0000	0.0000	0.0000	0.0000	0.0000	0.0000	0.0000	0.0000	0.0000	0.0000	0.0000	0.0000	0.0000	0.0000	0.0000	0.0000	0.0000	0.0026	0.0050	0.0000	0.0001	0.0001	0.0000	0.0031	0.0071	0.0000		0.0058	0.0000	-0.0002	2.9974	3.0050	7.2972	8.3063	0.0000	0.0000	0.0000	0.0000	0.0000	0.0000	0.0000	0.0000	0.0000	0.0004	0.0003	0.0000	0.0000	0.0000	0.0000	0.0003	0.0003	0.0000	0.0631	0.0543	0.0087	0.0016	0.0015	0.0001	0.0615	0.0528	0.0086	0.1329	0.0693	0.0635	0.0215	0.0202	0.0013	0.1114	0.0491	0.0622
26	56	0.0871	15	2	0	1	0	0	0	0	0	0	0	0	0	0	0	0	0	0	0	Y	N	N	N	N	N	N	N	N	N	N	N	N	N	N	N	N	N	0.0000	0.0000	0.0000	0.0000	0.0000	0.0000	0.0000	0.0000	0.0000	0.0000	0.0000	0.0000	0.0000	0.0000	0.0000	0.0000	0.0000	0.0000	0.0410	0.0783	0.0000	0.2295	0.2510	0.0000	0.0000	0.0000	0.0000		0.0001	0.0000	-0.0036	2.9974	2.9988	7.2972	11.1255	0.0000	0.0000	0.0000	0.0000	0.0000	0.0000	0.0000	0.0000	0.0000	0.0065	0.0065	0.0000	0.0065	0.0065	0.0000	0.0000	0.0000	0.0000	0.0618	0.0533	0.0085	0.0016	0.0015	0.0001	0.0602	0.0518	0.0084	0.1579	0.0827	0.0751	0.0282	0.0258	0.0024	0.1296	0.0569	0.0727
26	70	0.0774	12	2	0	1	0	0	0	0	0	0	1	1	1	0	0	0	0	0	0	Y	N	N	N	N	N	N	N	N	N	N	N	N	N	N	N	N	N	0.0000	0.0000	0.0000	0.0000	0.0000	0.0000	0.0000	0.0000	0.0000	0.0000	0.0000	0.0000	0.0000	0.0000	0.0000	0.0000	0.0000	0.0000	0.0084	0.0001	0.0185	0.0266	0.0003	0.2616	0.0020	0.0000	0.0035		111.5885	0.0000	0.0005	2.9974	2.3581	7.2972	7.4584	0.0000	0.0000	0.0000	0.0000	0.0000	0.0000	0.0000	0.0000	0.0000	0.0011	0.0000	0.0011	0.0009	0.0000	0.0009	0.0002	0.0000	0.0002	0.0612	0.0542	0.0070	0.0086	0.0085	0.0001	0.0525	0.0456	0.0069	0.1324	0.0730	0.0594	0.0342	0.0307	0.0034	0.0982	0.0423	0.0559
26	71	0.0702	11	2	0	1	0	0	0	0	0	0	0	1	0	0	0	0	0	0	0	Y	N	N	N	N	N	N	N	N	N	N	N	N	N	N	N	N	N	0.0000	0.0000	0.0000	0.0000	0.0000	0.0000	0.0000	0.0000	0.0000	0.0000	0.0000	0.0000	0.0000	0.0000	0.0000	0.0000	0.0000	0.0000	0.1187	0.0102	0.2844	0.2129	0.0140	1.1891	0.0627	0.0061	0.1127		18.2870	0.0000	0.0051	2.9974	1.7590	7.2972	3.5356	0.0000	0.0000	0.0000	0.0000	0.0000	0.0000	0.0000	0.0000	0.0000	0.0128	0.0007	0.0121	0.0086	0.0005	0.0081	0.0042	0.0002	0.0040	0.0363	0.0312	0.0051	0.0000	0.0000	0.0000	0.0363	0.0312	0.0051	0.1079	0.0652	0.0427	0.0402	0.0334	0.0068	0.0677	0.0318	0.0359
26	72	0.0668	10	2	0	1	0	0	0	0	0	1	0	1	0	0	0	0	0	0	0	Y	N	N	N	N	N	N	N	N	N	N	N	N	N	N	N	N	N	0.0000	0.0000	0.0000	0.0000	0.0000	0.0000	0.0000	0.0000	0.0000	0.0000	0.0000	0.0000	0.0000	0.0000	0.0000	0.0000	0.0000	0.0000	0.5749	0.6339	0.5156	0.0153	0.0106	0.0463	0.6811	0.8722	0.5361		0.8088	0.0000	-0.0016	2.9974	0.0029	7.2972	2.4186	0.0000	0.0000	0.0000	0.0000	0.0000	0.0000	0.0000	0.0000	0.0000	0.0155	0.0086	0.0069	0.0001	0.0000	0.0000	0.0154	0.0085	0.0069	0.0001	0.0001	0.0000	0.0000	0.0000	0.0000	0.0001	0.0001	0.0000	0.0270	0.0135	0.0135	0.0043	0.0037	0.0006	0.0227	0.0098	0.0129
26	78	0.0871	15	2	0	1	0	0	0	0	0	0	1	0	1	0	0	0	0	0	0	Y	N	N	N	N	N	N	N	N	N	N	N	N	N	N	N	N	N	0.0000	0.0000	0.0000	0.0000	0.0000	0.0000	0.0000	0.0000	0.0000	0.0000	0.0000	0.0000	0.0000	0.0000	0.0000	0.0000	0.0000	0.0000	7.1414	0.0033	15.0441	0.0172	0.0102	0.0941	8.7367	0.0000	15.5407		4157.6473	0.0000	0.4482	2.9974	0.0166	7.2972	12.2009	0.0000	0.0000	0.0000	0.0000	0.0000	0.0000	0.0000	0.0000	0.0000	0.9927	0.0002	0.9925	0.0004	0.0002	0.0002	0.9923	0.0000	0.9923	0.0009	0.0008	0.0001	0.0004	0.0004	0.0000	0.0005	0.0004	0.0001	0.1390	0.0730	0.0660	0.0254	0.0233	0.0021	0.1136	0.0497	0.0639
26	79	0.0728	14	2	0	1	0	1	0	0	0	0	0	0	0	0	0	0	0	0	0	Y	N	N	N	N	N	N	N	N	N	N	N	N	N	N	N	N	N	0.0029	0.0028	0.0000	0.0197	0.0189	0.0000	0.0000	0.0000	0.0000	0.0005	0.0005	0.0000	0.0158	0.0166	0.0000	0.0000	0.0000	0.0000	0.1582	0.1893	0.1275	0.8002	0.8817	0.0002	0.0745	0.0046	0.1303	0.0000	0.6806	-0.0000	-0.0021	2.9974	1.0285	7.2972	7.9781	0.0000	0.0000	0.0000	0.0000	0.0000	0.0000	0.0000	0.0000	0.0000	0.0150	0.0089	0.0061	0.0088	0.0088	0.0000	0.0062	0.0002	0.0061	0.0218	0.0188	0.0030	0.0006	0.0006	0.0000	0.0212	0.0182	0.0030	0.0947	0.0471	0.0476	0.0109	0.0099	0.0010	0.0838	0.0372	0.0466
26	84	0.0400	7	2	0	1	0	0	0	0	0	0	0	0	0	0	0	0	0	0	0	Y	N	N	N	N	N	N	N	N	N	N	N	N	N	N	N	N	N	0.0000	0.0000	0.0000	0.0000	0.0000	0.0000	0.0000	0.0000	0.0000	0.0000	0.0000	0.0000	0.0000	0.0000	0.0000	0.0000	0.0000	0.0000	4.7477	0.0000	9.5830	0.0004	0.0000	0.0050	5.4381	0.0000	9.7699		191572230.0868	0.0000	0.4500	2.9974	2.9998	7.2972	15.4389	0.0000	0.0000	0.0000	0.0000	0.0000	0.0000	0.0000	0.0000	0.0000	0.9962	0.0000	0.9962	0.0000	0.0000	0.0000	0.9962	0.0000	0.9962	0.0616	0.0529	0.0087	0.0000	0.0000	0.0000	0.0616	0.0529	0.0087	0.2098	0.1059	0.1040	0.0266	0.0246	0.0020	0.1832	0.0812	0.1020
26	88	0.0811	13	2	0	1	0	0	0	0	0	0	0	1	1	0	0	0	0	0	0	Y	N	N	N	N	N	N	N	N	N	N	N	N	N	N	N	N	N	0.0000	0.0000	0.0000	0.0000	0.0000	0.0000	0.0000	0.0000	0.0000	0.0000	0.0000	0.0000	0.0000	0.0000	0.0000	0.0000	0.0000	0.0000	0.0004	0.0004	0.0004	0.0009	0.0009	0.0004	0.0002	0.0000	0.0004		0.7396	0.0000	-0.0000	2.9974	1.0173	7.2972	8.6136	0.0000	0.0000	0.0000	0.0000	0.0000	0.0000	0.0000	0.0000	0.0000	0.0001	0.0000	0.0000	0.0000	0.0000	0.0000	0.0000	0.0000	0.0000	0.0216	0.0185	0.0030	0.0004	0.0004	0.0000	0.0211	0.0181	0.0030	0.1340	0.0745	0.0595	0.0354	0.0328	0.0026	0.0986	0.0417	0.0568
26	90	0.0811	13	2	0	1	0	0	0	0	0	0	0	1	1	0	0	0	0	0	0	Y	N	N	N	N	N	N	N	N	N	N	N	N	N	N	N	N	N	0.0000	0.0000	0.0000	0.0000	0.0000	0.0000	0.0000	0.0000	0.0000	0.0000	0.0000	0.0000	0.0000	0.0000	0.0000	0.0000	0.0000	0.0000	0.0557	0.1023	0.0000	0.2270	0.2484	0.0000	0.0000	0.0000	0.0000		0.0000	0.0000	-0.0054	2.9974	2.0138	7.2972	11.8132	0.0000	0.0000	0.0000	0.0000	0.0000	0.0000	0.0000	0.0000	0.0000	0.0098	0.0098	0.0000	0.0098	0.0098	0.0000	0.0000	0.0000	0.0000	0.0420	0.0361	0.0059	0.0006	0.0005	0.0000	0.0414	0.0356	0.0059	0.1759	0.0957	0.0802	0.0431	0.0394	0.0037	0.1328	0.0563	0.0764
26	91	0.0726	12	2	0	1	0	0	0	0	0	1	1	1	1	0	0	0	0	0	0	Y	N	N	N	N	N	N	N	N	N	N	N	N	N	N	N	N	N	0.0000	0.0000	0.0000	0.0000	0.0000	0.0000	0.0000	0.0000	0.0000	0.0000	0.0000	0.0000	0.0000	0.0000	0.0000	0.0000	0.0000	0.0000	0.0021	0.0036	0.0003	0.0080	0.0086	0.0000	0.0002	0.0000	0.0003		0.0608	0.0000	-0.0001	2.9974	1.9725	7.2972	4.2763	0.0000	0.0000	0.0000	0.0000	0.0000	0.0000	0.0000	0.0000	0.0000	0.0002	0.0002	0.0000	0.0002	0.0002	0.0000	0.0000	0.0000	0.0000	0.0412	0.0354	0.0058	0.0003	0.0003	0.0000	0.0409	0.0351	0.0058	0.0868	0.0480	0.0388	0.0216	0.0199	0.0016	0.0652	0.0281	0.0372
26	98	0.1026	13	2	0	1	1	0	0	0	1	0	0	1	1	0	0	0	0	0	0	Y	N	N	N	N	N	N	N	N	N	N	N	N	N	N	N	N	N	0.0000	0.0000	0.0000	0.0000	0.0000	0.0000	0.0000	0.0000	0.0000	0.0000	0.0000	0.0000	0.0000	0.0000	0.0000	0.0000	0.0000	0.0000	12.9983	25.0764	0.0000	0.0015	0.0017	0.0000	16.1721	37.3755	0.0000		0.0000	0.0000	-0.5478	2.9974	2.9999	7.2972	3.9821	0.0000	0.0000	0.0000	0.0000	0.0000	0.0000	0.0000	0.0000	0.0000	0.9991	0.9991	0.0000	0.0000	0.0000	0.0000	0.9991	0.9991	0.0000	0.0617	0.0531	0.0086	0.0005	0.0004	0.0000	0.0612	0.0526	0.0086	0.0769	0.0398	0.0370	0.0151	0.0131	0.0020	0.0618	0.0267	0.0350
26	99	0.0996	12	2	0	1	0	0	0	0	0	0	0	1	1	0	0	0	0	0	0	Y	N	N	N	N	N	N	N	N	N	N	N	N	N	N	N	N	N	0.0000	0.0000	0.0000	0.0000	0.0000	0.0000	0.0000	0.0000	0.0000	0.0000	0.0000	0.0000	0.0000	0.0000	0.0000	0.0000	0.0000	0.0000	0.1419	0.2695	0.0000	0.6320	0.7136	0.0002	0.0088	0.0205	0.0000		0.0000	0.0000	-0.0019	2.9974	0.0003	7.2972	2.0601	0.0000	0.0000	0.0000	0.0000	0.0000	0.0000	0.0000	0.0000	0.0000	0.0035	0.0035	0.0000	0.0033	0.0033	0.0000	0.0002	0.0002	0.0000	0.0000	0.0000	0.0000	0.0000	0.0000	0.0000	0.0000	0.0000	0.0000	0.0245	0.0129	0.0116	0.0052	0.0046	0.0006	0.0193	0.0083	0.0110
26	100	0.0797	11	2	0	1	0	0	0	0	0	1	1	1	1	0	0	0	0	0	0	Y	N	N	N	N	N	N	N	N	N	N	N	N	N	N	N	N	N	0.0000	0.0000	0.0000	0.0000	0.0000	0.0000	0.0000	0.0000	0.0000	0.0000	0.0000	0.0000	0.0000	0.0000	0.0000	0.0000	0.0000	0.0000	0.0002	0.0003	0.0000	0.0009	0.0011	0.0000	0.0000	0.0000	0.0000		0.0272	0.0000	-0.0000	2.9974	3.0014	7.2972	9.1620	0.0000	0.0000	0.0000	0.0000	0.0000	0.0000	0.0000	0.0000	0.0000	0.0000	0.0000	0.0000	0.0000	0.0000	0.0000	0.0000	0.0000	0.0000	0.0617	0.0531	0.0087	0.0001	0.0001	0.0000	0.0616	0.0530	0.0087	0.1391	0.0716	0.0676	0.0260	0.0230	0.0030	0.1131	0.0486	0.0645
26	101	0.0668	10	2	0	1	0	0	0	0	0	0	0	0	0	0	0	0	0	0	0	Y	N	N	N	N	N	N	N	N	N	N	N	N	N	N	N	N	N	0.0000	0.0000	0.0000	0.0000	0.0000	0.0000	0.0000	0.0000	0.0000	0.0000	0.0000	0.0000	0.0000	0.0000	0.0000	0.0000	0.0000	0.0000	0.0004	0.0007	0.0000	0.0023	0.0027	0.0000	0.0000	0.0000	0.0000		0.0063	0.0000	-0.0000	2.9974	0.0077	7.2972	8.0757	0.0000	0.0000	0.0000	0.0000	0.0000	0.0000	0.0000	0.0000	0.0000	0.0000	0.0000	0.0000	0.0000	0.0000	0.0000	0.0000	0.0000	0.0000	0.0002	0.0001	0.0000	0.0000	0.0000	0.0000	0.0002	0.0001	0.0000	0.0873	0.0435	0.0438	0.0134	0.0116	0.0018	0.0739	0.0318	0.0420
26	102	0.0652	9	2	0	1	0	0	0	0	0	0	0	0	0	0	0	0	0	0	0	Y	N	N	N	N	N	N	N	N	N	N	N	N	N	N	N	N	N	0.0000	0.0000	0.0000	0.0000	0.0000	0.0000	0.0000	0.0000	0.0000	0.0000	0.0000	0.0000	0.0000	0.0000	0.0000	0.0000	0.0000	0.0000	0.0028	0.0026	0.0029	0.0001	0.0000	0.0002	0.0032	0.0035	0.0030		1.1389	0.0000	-0.0000	2.9974	0.0011	7.2972	1.0060	0.0000	0.0000	0.0000	0.0000	0.0000	0.0000	0.0000	0.0000	0.0000	0.0000	0.0000	0.0000	0.0000	0.0000	0.0000	0.0000	0.0000	0.0000	0.0000	0.0000	0.0000	0.0000	0.0000	0.0000	0.0000	0.0000	0.0000	0.0110	0.0055	0.0056	0.0017	0.0014	0.0002	0.0094	0.0040	0.0053
26	113	0.0652	11	2	0	1	0	0	0	0	0	0	0	0	0	0	0	0	0	0	0	Y	N	N	N	N	N	N	N	N	N	N	N	N	N	N	N	N	N	0.0000	0.0000	0.0000	0.0000	0.0000	0.0000	0.0000	0.0000	0.0000	0.0000	0.0000	0.0000	0.0000	0.0000	0.0000	0.0000	0.0000	0.0000	0.0030	0.0000	0.0058	0.0001	0.0001	0.0000	0.0035	0.0000	0.0061		300.1940	0.0000	0.0001	2.9974	0.0182	7.2972	4.6661	0.0000	0.0000	0.0000	0.0000	0.0000	0.0000	0.0000	0.0000	0.0000	0.0002	0.0000	0.0001	0.0000	0.0000	0.0000	0.0001	0.0000	0.0001	0.0004	0.0003	0.0001	0.0000	0.0000	0.0000	0.0004	0.0003	0.0001	0.0508	0.0252	0.0256	0.0076	0.0066	0.0010	0.0432	0.0186	0.0246
26	114	0.0652	10	2	0	1	0	0	0	0	0	0	0	0	0	0	0	0	0	0	0	Y	N	N	N	N	N	N	N	N	N	N	N	N	N	N	N	N	N	0.0000	0.0000	0.0000	0.0000	0.0000	0.0000	0.0000	0.0000	0.0000	0.0000	0.0000	0.0000	0.0000	0.0000	0.0000	0.0000	0.0000	0.0000	0.0000	0.0000	0.0000	0.0000	0.0000	0.0000	0.0000	0.0000	0.0000			0.0000	-0.0000	2.9974	0.0004	7.2972	0.0007	0.0000	0.0000	0.0000	0.0000	0.0000	0.0000	0.0000	0.0000	0.0000	0.0000	0.0000	0.0000	0.0000	0.0000	0.0000	0.0000	0.0000	0.0000	0.0000	0.0000	0.0000	0.0000	0.0000	0.0000	0.0000	0.0000	0.0000	0.0000	0.0000	0.0000	0.0000	0.0000	0.0000	0.0000	0.0000	0.0000
26	115	0.0652	9	2	0	1	0	0	0	0	0	0	0	0	0	0	0	0	0	0	0	Y	N	N	N	N	N	N	N	N	N	N	N	N	N	N	N	N	N	0.0000	0.0000	0.0000	0.0000	0.0000	0.0000	0.0000	0.0000	0.0000	0.0000	0.0000	0.0000	0.0000	0.0000	0.0000	0.0000	0.0000	0.0000	0.0000	0.0000	0.0000	0.0000	0.0000	0.0000	0.0000	0.0000	0.0000			0.0000	0.0000	2.9974	0.0004	7.2972	0.0002	0.0000	0.0000	0.0000	0.0000	0.0000	0.0000	0.0000	0.0000	0.0000	0.0000	0.0000	0.0000	0.0000	0.0000	0.0000	0.0000	0.0000	0.0000	0.0000	0.0000	0.0000	0.0000	0.0000	0.0000	0.0000	0.0000	0.0000	0.0000	0.0000	0.0000	0.0000	0.0000	0.0000	0.0000	0.0000	0.0000
26	116	0.0448	8	2	0	1	0	0	0	0	0	0	0	0	0	0	0	0	0	0	0	Y	N	N	N	N	N	N	N	N	N	N	N	N	N	N	N	N	N	0.0000	0.0000	0.0000	0.0000	0.0000	0.0000	0.0000	0.0000	0.0000	0.0000	0.0000	0.0000	0.0000	0.0000	0.0000	0.0000	0.0000	0.0000	0.6256	1.1773	0.0001	3.5815	3.8361	0.0001	0.0000	0.0000	0.0001		0.0000	0.0000	-0.0560	2.9974	0.0012	7.2972	12.6705	0.0000	0.0000	0.0000	0.0000	0.0000	0.0000	0.0000	0.0000	0.0000	0.1022	0.1022	0.0000	0.1022	0.1022	0.0000	0.0000	0.0000	0.0000	0.0000	0.0000	0.0000	0.0000	0.0000	0.0000	0.0000	0.0000	0.0000	0.1633	0.0868	0.0765	0.0285	0.0266	0.0019	0.1348	0.0601	0.0747
26	117	0.0400	7	2	0	1	0	0	0	0	0	0	0	0	0	0	0	0	0	0	0	Y	N	N	N	N	N	N	N	N	N	N	N	N	N	N	N	N	N	0.0000	0.0000	0.0000	0.0000	0.0000	0.0000	0.0000	0.0000	0.0000	0.0000	0.0000	0.0000	0.0000	0.0000	0.0000	0.0000	0.0000	0.0000	0.0204	0.0327	0.0038	0.0839	0.0866	0.0001	0.0021	0.0000	0.0038		0.0851	0.0000	-0.0006	2.9974	0.0012	7.2972	3.6220	0.0000	0.0000	0.0000	0.0000	0.0000	0.0000	0.0000	0.0000	0.0000	0.0012	0.0011	0.0001	0.0011	0.0011	0.0000	0.0001	0.0000	0.0001	0.0000	0.0000	0.0000	0.0000	0.0000	0.0000	0.0000	0.0000	0.0000	0.0583	0.0336	0.0247	0.0131	0.0127	0.0004	0.0452	0.0209	0.0243
26	118	0.0365	6	2	0	1	0	1	0	0	0	0	0	0	0	0	0	0	0	0	0	Y	N	N	N	N	N	N	N	N	N	N	N	N	N	N	N	N	N	0.0000	0.0000	0.0000	0.0000	0.0000	0.0000	0.0000	0.0000	0.0000	0.0000	0.0000	0.0000	0.0000	0.0000	0.0000	0.0000	0.0000	0.0000	0.0238	0.0056	0.0507	0.0133	0.0133	0.0165	0.0273	0.0000	0.0509		6.1269	0.0000	0.0004	2.9974	0.0004	7.2972	2.6029	0.0000	0.0000	0.0000	0.0000	0.0000	0.0000	0.0000	0.0000	0.0000	0.0012	0.0002	0.0010	0.0002	0.0002	0.0000	0.0010	0.0000	0.0010	0.0000	0.0000	0.0000	0.0000	0.0000	0.0000	0.0000	0.0000	0.0000	0.0488	0.0291	0.0197	0.0124	0.0122	0.0001	0.0364	0.0169	0.0195
26	121	0.0621	8	2	0	1	0	0	0	0	0	0	0	0	0	0	0	0	0	0	0	Y	N	N	N	N	N	N	N	N	N	N	N	N	N	N	N	N	N	0.0000	0.0000	0.0000	0.0000	0.0000	0.0000	0.0000	0.0000	0.0000	0.0000	0.0000	0.0000	0.0000	0.0000	0.0000	0.0000	0.0000	0.0000	0.0146	0.0049	0.0284	0.0081	0.0081	0.0107	0.0182	0.0000	0.0286		4.0729	0.0000	0.0001	2.9974	0.0000	7.2972	1.2022	0.0000	0.0000	0.0000	0.0000	0.0000	0.0000	0.0000	0.0000	0.0000	0.0005	0.0001	0.0004	0.0001	0.0001	0.0000	0.0004	0.0000	0.0004	0.0000	0.0000	0.0000	0.0000	0.0000	0.0000	0.0000	0.0000	0.0000	0.0351	0.0206	0.0144	0.0126	0.0124	0.0002	0.0224	0.0082	0.0142
26	122	0.0407	7	2	0	1	0	1	0	0	0	0	0	0	0	0	0	0	0	0	0	Y	N	N	N	N	N	N	N	N	N	N	N	N	N	N	N	N	N	0.0000	0.0000	0.0000	0.0000	0.0000	0.0000	0.0000	0.0000	0.0000	0.0000	0.0000	0.0000	0.0000	0.0000	0.0000	0.0000	0.0000	0.0000	4.1276	0.4098	8.2372	0.7383	0.7603	0.0046	5.5219	0.0000	8.3867		18.1847	0.0000	0.4199	2.9974	0.0041	7.2972	12.5856	0.0000	0.0000	0.0000	0.0000	0.0000	0.0000	0.0000	0.0000	0.0000	1.0508	0.0548	0.9960	0.0548	0.0548	0.0000	0.9960	0.0000	0.9960	0.0002	0.0001	0.0000	0.0000	0.0000	0.0000	0.0001	0.0001	0.0000	0.2546	0.1337	0.1209	0.0742	0.0720	0.0022	0.1804	0.0616	0.1188
27	42	0.1071	14	2	0	1	0	1	0	0	0	0	1	0	1	0	0	0	0	0	0	Y	N	N	N	N	N	N	N	N	N	N	N	N	N	N	N	N	N	0.0000	0.0000	0.0000	0.0000	0.0000	0.0000	0.0000	0.0000	0.0000	0.0000	0.0000	0.0000	0.0000	0.0000	0.0000	0.0000	0.0000	0.0000	0.0000	0.0000	0.0000	0.0000	0.0000	0.0000	0.0000	0.0000	0.0000			0.0000	0.0000	0.0672	0.0000	11.7431	0.0011	0.0000	0.0000	0.0000	0.0000	0.0000	0.0000	0.0000	0.0000	0.0000	0.0000	0.0000	0.0000	0.0000	0.0000	0.0000	0.0000	0.0000	0.0000	0.0000	0.0000	0.0000	0.0000	0.0000	0.0000	0.0000	0.0000	0.0000	0.0000	0.0000	0.0000	0.0000	0.0000	0.0000	0.0000	0.0000	0.0000
27	44	0.0790	11	2	0	1	1	1	0	0	0	0	0	1	1	0	0	0	0	0	0	Y	N	N	N	N	N	N	N	N	N	N	N	N	N	N	N	N	N	0.1987	0.1466	0.0008	0.1767	0.1655	0.0000	0.0008	0.0000	0.0019	0.0525	0.0619	0.0000	0.1604	0.1605	0.0000	0.0000	0.0000	0.0000	0.2643	0.4223	0.0021	0.9074	0.9694	0.0248	0.0005	0.0000	0.0009	0.0000	0.0030	-0.0003	-0.0841	0.0672	7.0030	11.7431	25.8862	0.0005	0.0005	0.0000	0.0005	0.0005	0.0000	0.0000	0.0000	0.0000	0.1542	0.1537	0.0005	0.1540	0.1537	0.0003	0.0002	0.0000	0.0002	0.0091	0.0078	0.0014	0.0030	0.0030	0.0000	0.0061	0.0048	0.0014	0.5834	0.3641	0.2193	0.1697	0.1586	0.0111	0.4137	0.2055	0.2081
27	48	0.0790	11	2	0	1	1	1	0	0	0	0	0	1	1	0	0	0	0	0	0	Y	N	N	N	N	N	N	N	N	N	N	N	N	N	N	N	N	N	0.0204	0.0000	0.0741	0.0000	0.0000	0.0000	0.0332	0.0000	0.0730	0.0000	0.0000	0.0003	0.0000	0.0000	0.0000	0.0001	0.0000	0.0003	0.0022	0.0012	0.0040	0.0026	0.0026	0.0031	0.0020	0.0000	0.0040	inf	1.8933	0.0000	0.0000	0.0672	1.7572	11.7431	7.6758	0.0000	0.0000	0.0000	0.0000	0.0000	0.0000	0.0000	0.0000	0.0000	0.0004	0.0002	0.0003	0.0002	0.0002	0.0000	0.0003	0.0000	0.0003	0.0024	0.0021	0.0004	0.0008	0.0008	0.0000	0.0016	0.0012	0.0004	0.1998	0.1275	0.0723	0.0626	0.0591	0.0035	0.1372	0.0684	0.0688
27	49	0.0701	10	2	0	1	1	1	0	0	1	0	0	1	1	0	0	0	0	0	0	Y	N	N	N	N	N	N	N	N	N	N	N	N	N	N	N	N	N	0.0171	0.0041	1.0488	0.0053	0.0050	0.0000	0.1604	0.0000	1.4839	0.0002	0.0001	0.0010	0.0002	0.0002	0.0000	0.0002	0.0000	0.0010	0.0124	0.0190	0.0009	0.0382	0.0401	0.0062	0.0014	0.0021	0.0006	2.2418	0.0273	0.0000	-0.0009	0.0672	1.2605	11.7431	5.3560	0.0000	0.0000	0.0000	0.0000	0.0000	0.0000	0.0000	0.0000	0.0000	0.0017	0.0017	0.0000	0.0016	0.0016	0.0000	0.0001	0.0001	0.0000	0.0017	0.0014	0.0003	0.0005	0.0005	0.0000	0.0011	0.0009	0.0003	0.1393	0.0887	0.0506	0.0420	0.0396	0.0024	0.0974	0.0492	0.0482
27	50	0.0701	10	2	0	1	0	1	0	0	0	0	0	1	1	0	0	0	0	0	0	Y	N	N	N	N	N	N	N	N	N	N	N	N	N	N	N	N	N	0.0158	0.0118	0.0000	106.3715	100.0552	0.0000	0.0000	0.0000	0.0000	0.0905	0.1069	0.0000	0.2780	0.2782	0.0000	0.0000	0.0000	0.0000	5.7389	9.0909	0.0000	0.0026	0.0028	0.0000	8.1460	16.2367	0.0000	0.0000	0.0000	-0.0001	-0.5424	0.0672	1.0001	11.7431	7.4568	0.0001	0.0001	0.0000	0.0001	0.0001	0.0000	0.0000	0.0000	0.0000	0.9893	0.9893	0.0000	0.0001	0.0001	0.0000	0.9892	0.9892	0.0000	0.0013	0.0011	0.0002	0.0004	0.0004	0.0000	0.0009	0.0007	0.0002	0.1724	0.1088	0.0636	0.0510	0.0479	0.0031	0.1214	0.0609	0.0605
27	51	0.0656	9	2	0	1	0	1	0	0	0	0	1	1	1	0	0	0	0	0	0	Y	N	N	N	N	N	N	N	N	N	N	N	N	N	N	N	N	N	1.3025	0.5834	313.2791	2.6991	2.4469	0.0000	0.7745	0.0000	721.6461	0.0471	0.0309	0.1229	0.0723	0.0723	0.0000	0.0335	0.0000	0.1230	0.0362	0.0530	0.0004	0.0268	0.0295	0.0018	0.0432	0.0834	0.0002	0.8527	0.0035	-0.0000	-0.0019	0.0672	0.0061	11.7431	2.7591	0.0000	0.0000	0.0000	0.0000	0.0000	0.0000	0.0000	0.0000	0.0000	0.0035	0.0035	0.0000	0.0011	0.0011	0.0000	0.0024	0.0024	0.0000	0.0000	0.0000	0.0000	0.0000	0.0000	0.0000	0.0000	0.0000	0.0000	0.0960	0.0654	0.0306	0.0411	0.0370	0.0041	0.0549	0.0284	0.0265
27	52	0.0920	15	2	0	1	0	1	0	0	0	0	1	0	1	0	0	0	0	0	0	Y	N	N	N	N	N	N	N	N	N	N	N	N	N	N	N	N	N	0.0000	0.0000	0.0000	0.0000	0.0000	0.0000	0.0000	0.0000	0.0000	0.0000	0.0000	0.0000	0.0000	0.0000	0.0000	0.0000	0.0000	0.0000	0.0729	0.1187	0.0011	0.2606	0.2690	0.0403	0.0000	0.0000	0.0000		0.0059	0.0000	-0.0062	0.0672	1.0020	11.7431	7.2599	0.0000	0.0000	0.0000	0.0000	0.0000	0.0000	0.0000	0.0000	0.0000	0.0114	0.0113	0.0001	0.0114	0.0113	0.0001	0.0000	0.0000	0.0000	0.0013	0.0011	0.0002	0.0004	0.0004	0.0000	0.0009	0.0007	0.0002	0.1567	0.0956	0.0611	0.0438	0.0422	0.0016	0.1129	0.0534	0.0595
27	53	0.0723	14	2	0	1	0	2	0	0	0	0	0	0	0	0	0	0	0	0	0	Y	N	N	N	N	N	N	N	N	N	N	N	N	N	N	N	N	N	0.0000	0.0000	0.0000	0.0000	0.0000	0.0000	0.0000	0.0000	0.0000	0.0000	0.0000	0.0000	0.0000	0.0000	0.0000	0.0000	0.0000	0.0000	0.0064	0.0104	0.0001	0.0241	0.0249	0.0003	0.0000	0.0000	0.0000		0.0033	0.0000	-0.0007	0.0672	3.0050	11.7431	8.3063	0.0000	0.0000	0.0000	0.0000	0.0000	0.0000	0.0000	0.0000	0.0000	0.0014	0.0014	0.0000	0.0014	0.0014	0.0000	0.0000	0.0000	0.0000	0.0040	0.0034	0.0006	0.0013	0.0013	0.0000	0.0027	0.0021	0.0006	0.2135	0.1296	0.0839	0.0561	0.0544	0.0017	0.1574	0.0752	0.0822
27	56	0.0825	13	2	0	1	0	1	0	0	0	0	0	0	0	0	0	0	0	0	0	Y	N	N	N	N	N	N	N	N	N	N	N	N	N	N	N	N	N	0.0000	0.0000	0.0000	0.0000	0.0000	0.0000	0.0000	0.0000	0.0000	0.0000	0.0000	0.0000	0.0000	0.0000	0.0000	0.0000	0.0000	0.0000	3.7768	0.0086	9.7158	0.0278	0.0198	0.2061	5.2106	0.0001	10.0183		715.0452	0.0000	0.4345	0.0672	2.9988	11.7431	11.1255	0.0000	0.0000	0.0000	0.0000	0.0000	0.0000	0.0000	0.0000	0.0000	0.9649	0.0013	0.9635	0.0020	0.0013	0.0006	0.9629	0.0000	0.9629	0.0039	0.0033	0.0006	0.0013	0.0013	0.0000	0.0026	0.0020	0.0006	0.2555	0.1563	0.0992	0.0707	0.0676	0.0031	0.1848	0.0887	0.0961
27	70	0.0728	10	2	0	1	0	1	0	0	0	0	1	1	1	0	0	0	0	0	0	Y	N	N	N	N	N	N	N	N	N	N	N	N	N	N	N	N	N	1.5839	1.3783	0.0000	1.6170	1.6343	0.0000	0.0000	0.0000	0.0000	0.0353	0.0411	0.0000	0.0994	0.0997	0.0000	0.0000	0.0000	0.0000	0.0223	0.0299	0.0094	0.0615	0.0610	0.0691	0.0034	0.0004	0.0061	0.0000	0.1860	-0.0001	-0.0018	0.0672	2.3581	11.7431	7.4584	0.0001	0.0001	0.0000	0.0001	0.0001	0.0000	0.0000	0.0000	0.0000	0.0047	0.0040	0.0007	0.0042	0.0040	0.0003	0.0005	0.0000	0.0005	0.0034	0.0029	0.0005	0.0012	0.0012	0.0000	0.0022	0.0017	0.0005	0.2117	0.1333	0.0784	0.0690	0.0648	0.0041	0.1427	0.0685	0.0743
27	71	0.0656	9	2	0	1	0	1	0	0	0	0	0	1	0	0	0	0	0	0	0	Y	N	N	N	N	N	N	N	N	N	N	N	N	N	N	N	N	N	0.0057	0.0040	0.0156	0.0063	0.0058	0.0000	0.0057	0.0000	0.0143	0.0003	0.0002	0.0006	0.0005	0.0005	0.0000	0.0001	0.0000	0.0006	0.0448	0.0487	0.0374	0.0807	0.0882	0.0057	0.0233	0.0062	0.0409	0.5447	0.4010	-0.0000	-0.0017	0.0672	1.7590	11.7431	3.5356	0.0000	0.0000	0.0000	0.0000	0.0000	0.0000	0.0000	0.0000	0.0000	0.0064	0.0045	0.0018	0.0043	0.0043	0.0000	0.0021	0.0003	0.0018	0.0023	0.0020	0.0004	0.0008	0.0008	0.0000	0.0016	0.0012	0.0004	0.1420	0.0933	0.0487	0.0531	0.0483	0.0048	0.0888	0.0450	0.0439
27	72	0.0622	8	2	0	1	0	1	0	0	0	1	0	1	0	0	0	0	0	0	0	Y	N	N	N	N	N	N	N	N	N	N	N	N	N	N	N	N	N	0.8186	0.4058	1568.4104	0.4049	0.3842	0.0000	585.1986	0.0000	2747.3399	0.0697	0.0566	0.1296	0.1319	0.1320	0.0000	0.0359	0.0000	0.1297	0.0852	0.1395	0.0001	0.3258	0.3435	0.0011	0.0001	0.0001	0.0000	0.4996	0.0004	-0.0000	-0.0021	0.0672	0.0029	11.7431	2.4186	0.0000	0.0000	0.0000	0.0000	0.0000	0.0000	0.0000	0.0000	0.0000	0.0039	0.0039	0.0000	0.0039	0.0039	0.0000	0.0000	0.0000	0.0000	0.0000	0.0000	0.0000	0.0000	0.0000	0.0000	0.0000	0.0000	0.0000	0.0458	0.0279	0.0179	0.0120	0.0113	0.0006	0.0338	0.0166	0.0172
27	78	0.0825	13	2	0	1	0	1	0	0	0	0	1	0	1	0	0	0	0	0	0	Y	N	N	N	N	N	N	N	N	N	N	N	N	N	N	N	N	N	0.0000	0.0000	0.0000	0.0000	0.0000	0.0000	0.0000	0.0000	0.0000	0.0000	0.0000	0.0000	0.0000	0.0000	0.0000	0.0000	0.0000	0.0000	0.0453	0.0739	0.0002	0.1624	0.1694	0.0052	0.0000	0.0000	0.0001		0.0018	0.0000	-0.0055	0.0672	0.0166	11.7431	12.2009	0.0000	0.0000	0.0000	0.0000	0.0000	0.0000	0.0000	0.0000	0.0000	0.0102	0.0101	0.0000	0.0101	0.0101	0.0000	0.0000	0.0000	0.0000	0.0000	0.0000	0.0000	0.0000	0.0000	0.0000	0.0000	0.0000	0.0000	0.2242	0.1372	0.0870	0.0625	0.0598	0.0027	0.1617	0.0774	0.0843
27	79	0.0682	12	2	0	1	0	2	0	0	0	0	0	0	0	0	0	0	0	0	0	Y	N	N	N	N	N	N	N	N	N	N	N	N	N	N	N	N	N	0.0000	0.0000	0.0000	0.0000	0.0000	0.0000	0.0000	0.0000	0.0000	0.0000	0.0000	0.0000	0.0000	0.0000	0.0000	0.0000	0.0000	0.0000	0.0651	0.0047	0.1550	0.0058	0.0059	0.0032	0.0836	0.0039	0.1583		22.3509	0.0000	0.0042	0.0672	1.0285	11.7431	7.9781	0.0000	0.0000	0.0000	0.0000	0.0000	0.0000	0.0000	0.0000	0.0000	0.0102	0.0004	0.0098	0.0002	0.0002	0.0000	0.0100	0.0002	0.0098	0.0014	0.0012	0.0002	0.0005	0.0005	0.0000	0.0009	0.0007	0.0002	0.1570	0.0939	0.0631	0.0374	0.0361	0.0013	0.1196	0.0578	0.0618
27	84	0.0354	5	2	0	1	0	1	0	0	0	0	0	0	0	0	0	0	0	0	0	Y	N	N	N	N	N	N	N	N	N	N	N	N	N	N	N	N	N	0.0000	0.0000	0.0000	0.0000	0.0000	0.0000	0.0000	0.0000	0.0000	0.0000	0.0000	0.0000	0.0000	0.0000	0.0000	0.0000	0.0000	0.0000	2.6857	0.0070	6.7724	0.0224	0.0176	0.2030	3.5582	0.0000	6.8784		632.2088	0.0000	0.4408	0.0672	2.9998	11.7431	15.4389	0.0000	0.0000	0.0000	0.0000	0.0000	0.0000	0.0000	0.0000	0.0000	0.9793	0.0015	0.9777	0.0020	0.0015	0.0005	0.9773	0.0000	0.9773	0.0039	0.0033	0.0006	0.0013	0.0013	0.0000	0.0027	0.0021	0.0006	0.3646	0.2203	0.1444	0.0900	0.0877	0.0023	0.2747	0.1326	0.1421
27	88	0.0765	11	2	0	1	0	1	0	0	0	0	0	1	1	0	0	0	0	0	0	Y	N	N	N	N	N	N	N	N	N	N	N	N	N	N	N	N	N	7.5788	0.0327	18.7321	0.0246	0.0216	31.9131	25.9292	0.0000	18.8144	0.1859	0.0008	0.4586	0.0012	0.0011	0.8706	0.3321	0.0000	0.4586	0.0245	0.0246	0.0245	0.0491	0.0501	0.0273	0.0128	0.0000	0.0244	387.4402	0.5858	0.0003	-0.0009	0.0672	1.0173	11.7431	8.6136	0.0008	0.0000	0.0008	0.0000	0.0000	0.0000	0.0008	0.0000	0.0008	0.0053	0.0033	0.0019	0.0034	0.0033	0.0001	0.0019	0.0000	0.0019	0.0041	0.0024	0.0017	0.0018	0.0018	0.0000	0.0023	0.0006	0.0017	0.2151	0.1355	0.0796	0.0694	0.0664	0.0030	0.1457	0.0691	0.0766
27	90	0.0765	11	2	0	1	0	1	0	0	0	0	0	1	1	0	0	0	0	0	0	Y	N	N	N	N	N	N	N	N	N	N	N	N	N	N	N	N	N	0.0241	0.0000	0.0440	0.0000	0.0000	151.3154	0.0490	0.0000	0.0422	0.1422	0.0000	0.3997	0.0001	0.0000	0.7665	0.2418	0.0000	0.3997	5.9038	4.0006	9.0909	8.0340	8.4356	0.0051	4.9387	0.0000	9.4667	inf	1.3570	0.0003	0.0466	0.0672	2.0138	11.7431	11.8132	0.0008	0.0000	0.0008	0.0000	0.0000	0.0000	0.0008	0.0000	0.0008	1.6986	0.7207	0.9779	0.7207	0.7207	0.0000	0.9779	0.0000	0.9779	0.0053	0.0034	0.0019	0.0022	0.0022	0.0000	0.0031	0.0012	0.0019	0.2877	0.1801	0.1076	0.0897	0.0854	0.0043	0.1980	0.0947	0.1033
27	91	0.0680	10	2	0	1	0	1	0	0	0	1	1	1	1	0	0	0	0	0	0	Y	N	N	N	N	N	N	N	N	N	N	N	N	N	N	N	N	N	302.3657	0.1203	521.4099	0.2719	0.0889	3476.8074	577.5743	0.0000	504.7141	11.1737	0.0026	32.5319	0.0122	0.0041	28.9486	19.2947	0.0000	32.5332	0.0370	0.0220	0.0624	0.0448	0.0464	0.0083	0.0334	0.0000	0.0645	6426.5650	1.6660	0.0268	0.0004	0.0672	1.9725	11.7431	4.2763	0.0643	0.0000	0.0643	0.0000	0.0000	0.0000	0.0643	0.0000	0.0643	0.0051	0.0019	0.0032	0.0019	0.0019	0.0000	0.0032	0.0000	0.0032	0.0058	0.0038	0.0020	0.0024	0.0024	0.0000	0.0033	0.0014	0.0020	0.1384	0.0872	0.0512	0.0432	0.0413	0.0019	0.0952	0.0459	0.0493
27	98	0.0980	11	2	0	1	1	1	0	0	1	0	0	1	1	0	0	0	0	0	0	Y	N	N	N	N	N	N	N	N	N	N	N	N	N	N	N	N	N	0.0000	0.0000	0.0000	0.0000	0.0000	0.0000	0.0000	0.0000	0.0000	0.0000	0.0000	0.0000	0.0000	0.0000	0.0000	0.0000	0.0000	0.0000	0.0001	0.0002	0.0000	0.0003	0.0004	0.0000	0.0000	0.0000	0.0000		0.0104	0.0000	-0.0000	0.0672	2.9999	11.7431	3.9821	0.0000	0.0000	0.0000	0.0000	0.0000	0.0000	0.0000	0.0000	0.0000	0.0000	0.0000	0.0000	0.0000	0.0000	0.0000	0.0000	0.0000	0.0000	0.0039	0.0033	0.0006	0.0013	0.0013	0.0000	0.0026	0.0020	0.0006	0.1305	0.0810	0.0495	0.0374	0.0351	0.0022	0.0931	0.0459	0.0472
27	99	0.0949	10	2	0	1	0	1	0	0	0	0	0	1	1	0	0	0	0	0	0	Y	N	N	N	N	N	N	N	N	N	N	N	N	N	N	N	N	N	0.9744	0.7138	0.0000	0.8203	0.7768	0.0000	0.0000	0.0000	0.0000	0.0075	0.0088	0.0000	0.0208	0.0208	0.0000	0.0000	0.0000	0.0000	0.0076	0.0123	0.0001	0.0254	0.0268	0.0000	0.0001	0.0000	0.0001	0.0000	0.0068	-0.0000	-0.0002	0.0672	0.0003	11.7431	2.0601	0.0000	0.0000	0.0000	0.0000	0.0000	0.0000	0.0000	0.0000	0.0000	0.0003	0.0003	0.0000	0.0003	0.0003	0.0000	0.0000	0.0000	0.0000	0.0000	0.0000	0.0000	0.0000	0.0000	0.0000	0.0000	0.0000	0.0000	0.0418	0.0259	0.0159	0.0125	0.0118	0.0007	0.0293	0.0140	0.0152
27	100	0.0751	9	2	0	1	0	1	0	0	0	1	1	1	1	0	0	0	0	0	0	Y	N	N	N	N	N	N	N	N	N	N	N	N	N	N	N	N	N	4.0384	3.5992	0.0000	4.2227	4.0064	0.0000	0.0000	0.0000	0.0000	0.0304	0.0359	0.0000	0.0936	0.0936	0.0000	0.0000	0.0000	0.0000	0.0075	0.0100	0.0036	0.0222	0.0234	0.0008	0.0019	0.0000	0.0037	0.0000	0.2285	-0.0001	-0.0006	0.0672	3.0014	11.7431	9.1620	0.0001	0.0001	0.0000	0.0001	0.0001	0.0000	0.0000	0.0000	0.0000	0.0018	0.0014	0.0003	0.0014	0.0014	0.0000	0.0003	0.0000	0.0003	0.0039	0.0033	0.0006	0.0013	0.0013	0.0000	0.0027	0.0021	0.0006	0.2324	0.1428	0.0896	0.0644	0.0610	0.0034	0.1680	0.0818	0.0862
27	101	0.0622	8	2	0	1	0	1	0	0	0	0	0	0	0	0	0	0	0	0	0	Y	N	N	N	N	N	N	N	N	N	N	N	N	N	N	N	N	N	6.5993	4.6371	17.1704	3.9145	4.8277	0.0000	23.9063	0.0000	69.6353	0.0318	0.0266	0.0583	0.0662	0.0662	0.0000	0.0144	0.0000	0.0583	0.0048	0.0057	0.0034	0.0169	0.0137	0.0745	0.0006	0.0004	0.0008	0.4302	0.3804	-0.0000	-0.0002	0.0672	0.0077	11.7431	8.0757	0.0000	0.0000	0.0000	0.0000	0.0000	0.0000	0.0000	0.0000	0.0000	0.0007	0.0005	0.0002	0.0007	0.0005	0.0002	0.0001	0.0000	0.0000	0.0000	0.0000	0.0000	0.0000	0.0000	0.0000	0.0000	0.0000	0.0000	0.1490	0.0907	0.0583	0.0386	0.0365	0.0020	0.1104	0.0541	0.0563
27	102	0.0606	7	2	0	1	0	1	0	0	0	0	0	0	0	0	0	0	0	0	0	Y	N	N	N	N	N	N	N	N	N	N	N	N	N	N	N	N	N	149.7330	93.1760	4839.4785	96.0296	91.5950	0.0000	4490.6214	0.0000	9123.0294	0.0771	0.0780	0.0722	0.1910	0.1911	0.0000	0.0182	0.0000	0.0723	0.0005	0.0008	0.0000	0.0020	0.0021	0.0002	0.0000	0.0000	0.0000	0.1838	0.0115	-0.0000	-0.0000	0.0672	0.0011	11.7431	1.0060	0.0000	0.0000	0.0000	0.0000	0.0000	0.0000	0.0000	0.0000	0.0000	0.0000	0.0000	0.0000	0.0000	0.0000	0.0000	0.0000	0.0000	0.0000	0.0000	0.0000	0.0000	0.0000	0.0000	0.0000	0.0000	0.0000	0.0000	0.0189	0.0115	0.0074	0.0049	0.0046	0.0003	0.0140	0.0069	0.0072
27	113	0.0606	9	2	0	1	0	1	0	0	0	0	0	0	0	0	0	0	0	0	0	Y	N	N	N	N	N	N	N	N	N	N	N	N	N	N	N	N	N	1580.2756	0.0683	267481.8747	0.4584	0.0710	1923773.0945	116254.4179	0.0000	258923.5738	35.7995	0.0025	231.5863	0.0398	0.0065	67.1407	53.1100	0.0000	231.7585	0.0227	0.0367	0.0009	0.0868	0.0915	0.0000	0.0005	0.0000	0.0009	16886.7851	0.0152	0.0004	-0.0010	0.0672	0.0182	11.7431	4.6661	0.0009	0.0000	0.0009	0.0000	0.0000	0.0000	0.0009	0.0000	0.0009	0.0020	0.0019	0.0000	0.0019	0.0019	0.0000	0.0000	0.0000	0.0000	0.0000	0.0000	0.0000	0.0000	0.0000	0.0000	0.0000	0.0000	0.0000	0.0869	0.0528	0.0341	0.0223	0.0212	0.0012	0.0645	0.0316	0.0329
27	114	0.0606	8	2	0	1	0	1	0	0	0	0	0	0	0	0	0	0	0	0	0	Y	N	N	N	N	N	N	N	N	N	N	N	N	N	N	N	N	N	3.3132	1.5066	23.9573	1.5617	1.5624	0.0000	17.5535	0.0000	30.6603	0.0569	0.0348	0.1561	0.0784	0.0785	0.0000	0.0446	0.0000	0.1562	0.0172	0.0231	0.0065	0.0502	0.0502	0.0503	0.0025	0.0000	0.0051	1.0000	0.1568	-0.0000	-0.0000	0.0672	0.0004	11.7431	0.0007	0.0000	0.0000	0.0000	0.0000	0.0000	0.0000	0.0000	0.0000	0.0000	0.0000	0.0000	0.0000	0.0000	0.0000	0.0000	0.0000	0.0000	0.0000	0.0000	0.0000	0.0000	0.0000	0.0000	0.0000	0.0000	0.0000	0.0000	0.0000	0.0000	0.0000	0.0000	0.0000	0.0000	0.0000	0.0000	0.0000
27	115	0.0606	7	2	0	1	0	1	0	0	0	0	0	0	0	0	0	0	0	0	0	Y	N	N	N	N	N	N	N	N	N	N	N	N	N	N	N	N	N	9.1047	7.3983	16.0023	7.0600	8.4208	0.0000	12.6544	0.0000	20.5414	0.0569	0.0348	0.1561	0.0784	0.0785	0.0000	0.0446	0.0000	0.1562	0.0062	0.0047	0.0098	0.0111	0.0093	0.0829	0.0035	0.0000	0.0076	1.0000	0.9150	-0.0000	-0.0000	0.0672	0.0004	11.7431	0.0002	0.0000	0.0000	0.0000	0.0000	0.0000	0.0000	0.0000	0.0000	0.0000	0.0000	0.0000	0.0000	0.0000	0.0000	0.0000	0.0000	0.0000	0.0000	0.0000	0.0000	0.0000	0.0000	0.0000	0.0000	0.0000	0.0000	0.0000	0.0000	0.0000	0.0000	0.0000	0.0000	0.0000	0.0000	0.0000	0.0000
27	116	0.0402	6	2	0	1	0	1	0	0	0	0	0	0	0	0	0	0	0	0	0	Y	N	N	N	N	N	N	N	N	N	N	N	N	N	N	N	N	N	2.9825	0.7480	23.4967	0.6897	0.6790	0.0000	13.8057	0.0000	24.5610	0.0330	0.0107	0.1350	0.0237	0.0237	0.0000	0.0385	0.0000	0.1351	0.0111	0.0143	0.0057	0.0343	0.0349	0.0170	0.0028	0.0000	0.0055	2.7508	0.2465	0.0000	-0.0010	0.0672	0.0012	11.7431	12.6705	0.0000	0.0000	0.0000	0.0000	0.0000	0.0000	0.0000	0.0000	0.0000	0.0029	0.0023	0.0006	0.0024	0.0023	0.0000	0.0005	0.0000	0.0005	0.0000	0.0000	0.0000	0.0000	0.0000	0.0000	0.0000	0.0000	0.0000	0.2643	0.1638	0.1006	0.0693	0.0672	0.0021	0.1950	0.0966	0.0984
27	117	0.0354	5	2	0	1	0	1	0	0	0	0	0	0	0	0	0	0	0	0	0	Y	N	N	N	N	N	N	N	N	N	N	N	N	N	N	N	N	N	0.3893	1.6490	0.0000	2.2000	2.2105	0.0000	0.0000	0.0000	0.0000	0.0309	0.0364	0.0000	0.0921	0.0921	0.0000	0.0000	0.0000	0.0000	0.0794	0.0221	0.1740	0.0419	0.0417	0.0540	0.0971	0.0019	0.1755	0.0000	4.7810	-0.0000	0.0023	0.0672	0.0012	11.7431	3.6220	0.0000	0.0000	0.0000	0.0000	0.0000	0.0000	0.0000	0.0000	0.0000	0.0084	0.0014	0.0069	0.0014	0.0014	0.0000	0.0070	0.0001	0.0069	0.0000	0.0000	0.0000	0.0000	0.0000	0.0000	0.0000	0.0000	0.0000	0.1054	0.0656	0.0398	0.0338	0.0333	0.0005	0.0716	0.0323	0.0393
27	118	0.0319	4	2	0	1	0	2	0	0	0	0	0	0	0	0	0	0	0	0	0	Y	N	N	N	N	N	N	N	N	N	N	N	N	N	N	N	N	N	0.0374	0.0000	0.0623	0.0000	0.0000	0.0000	0.0402	0.0000	0.0622	0.0659	0.0000	0.2785	0.0000	0.0000	0.0000	0.1091	0.0000	0.2786	1.7623	0.0255	4.4690	0.0576	0.0432	2.2384	2.7123	0.0007	4.4824	inf	112.3069	0.0000	0.0755	0.0672	0.0004	11.7431	2.6029	0.0000	0.0000	0.0000	0.0000	0.0000	0.0000	0.0000	0.0000	0.0000	0.1704	0.0015	0.1689	0.0020	0.0015	0.0005	0.1684	0.0000	0.1684	0.0000	0.0000	0.0000	0.0000	0.0000	0.0000	0.0000	0.0000	0.0000	0.0967	0.0589	0.0378	0.0346	0.0344	0.0002	0.0621	0.0245	0.0376
27	121	0.0574	6	2	0	1	0	1	0	0	0	0	0	0	0	0	0	0	0	0	0	Y	N	N	N	N	N	N	N	N	N	N	N	N	N	N	N	N	N	0.0000	0.0000	0.0000	0.0000	0.0000	0.0000	0.0000	0.0000	0.0000	0.0000	0.0000	0.0000	0.0000	0.0000	0.0000	0.0000	0.0000	0.0000	0.0452	0.0594	0.0221	0.0492	0.0494	0.0335	0.0427	0.0748	0.0220		0.2287	0.0000	-0.0008	0.0672	0.0000	11.7431	1.2022	0.0000	0.0000	0.0000	0.0000	0.0000	0.0000	0.0000	0.0000	0.0000	0.0022	0.0018	0.0004	0.0009	0.0009	0.0000	0.0013	0.0009	0.0004	0.0000	0.0000	0.0000	0.0000	0.0000	0.0000	0.0000	0.0000	0.0000	0.0486	0.0301	0.0185	0.0185	0.0183	0.0002	0.0301	0.0118	0.0183
27	122	0.0361	5	2	0	1	0	2	0	0	0	0	0	0	0	0	0	0	0	0	0	Y	N	N	N	N	N	N	N	N	N	N	N	N	N	N	N	N	N	0.2725	0.2403	0.0000	0.2304	0.2266	0.0000	0.0000	0.0000	0.0000	0.1296	0.1946	0.0000	0.2982	0.2982	0.0000	0.0000	0.0000	0.0000	0.4755	0.8100	0.0325	1.2941	1.3159	0.0081	0.0240	0.0071	0.0329	0.0000	0.0303	-0.0000	-0.1057	0.0672	0.0041	11.7431	12.5856	0.0000	0.0000	0.0000	0.0000	0.0000	0.0000	0.0000	0.0000	0.0000	0.2038	0.1978	0.0060	0.1972	0.1971	0.0000	0.0066	0.0007	0.0060	0.0000	0.0000	0.0000	0.0000	0.0000	0.0000	0.0000	0.0000	0.0000	0.4286	0.2442	0.1844	0.1524	0.1498	0.0025	0.2763	0.0944	0.1819
28	42	0.1445	18	2	0	1	0	0	0	0	0	0	1	1	1	0	0	0	0	0	0	Y	N	N	N	N	N	N	N	N	N	N	N	N	N	N	N	N	N	0.0000	0.0000	0.0000	0.0000	0.0000	0.0000	0.0000	0.0000	0.0000	0.0000	0.0000	0.0000	0.0000	0.0000	0.0000	0.0000	0.0000	0.0000	0.0000	0.0000	0.0000	0.0000	0.0000	0.0000	0.0000	0.0000	0.0000			0.0000	0.0000	2.0122	0.0000	16.0892	0.0011	0.0000	0.0000	0.0000	0.0000	0.0000	0.0000	0.0000	0.0000	0.0000	0.0000	0.0000	0.0000	0.0000	0.0000	0.0000	0.0000	0.0000	0.0000	0.0000	0.0000	0.0000	0.0000	0.0000	0.0000	0.0000	0.0000	0.0000	0.0001	0.0000	0.0000	0.0000	0.0000	0.0000	0.0000	0.0000	0.0000
28	44	0.0545	7	2	0	1	1	0	0	0	0	0	0	2	1	0	0	0	0	0	0	Y	N	N	N	Y	N	N	N	N	N	N	N	N	N	N	N	N	N	1378.6414	786.9098	0.0000	1079.8690	973.0062	0.0000	3098404.1399	3341523.7980	0.0000	9.8204	11.4290	0.0000	83.8443	86.1596	0.0000	7.4375	8.6929	0.0000	0.0071	0.0145	0.0000	0.0776	0.0885	0.0001	0.0000	0.0000	0.0000	0.0000	0.0003	-0.5740	-0.0022	2.0122	7.0030	16.0892	25.8862	0.9844	0.9844	0.0000	0.2621	0.2621	0.0000	0.7223	0.7223	0.0000	0.0040	0.0040	0.0000	0.0040	0.0040	0.0000	0.0000	0.0000	0.0000	0.1002	0.0861	0.0141	0.0031	0.0030	0.0001	0.0971	0.0831	0.0140	0.5672	0.2781	0.2891	0.0520	0.0456	0.0064	0.5152	0.2325	0.2827
28	48	0.0545	7	2	0	1	1	0	0	0	0	0	0	2	1	0	0	0	0	0	0	Y	N	N	N	Y	N	N	N	N	N	N	N	N	N	N	N	N	N	1090.9679	0.0553	4398102.5418	2040.9438	7.2751	1734416.0566	1003.8792	0.0000	4989820.5670	25.9223	0.0025	178.1901	7.1637	0.0272	478.8749	27.5284	0.0000	175.7406	0.0238	0.0448	0.0000	0.0035	0.0037	0.0003	0.0274	0.0599	0.0000	12248.8638	0.0008	0.3077	-0.0027	2.0122	1.7572	16.0892	7.6758	0.7384	0.0001	0.7383	0.0161	0.0001	0.0160	0.7223	0.0000	0.7223	0.0049	0.0049	0.0000	0.0001	0.0001	0.0000	0.0048	0.0047	0.0000	0.0285	0.0243	0.0041	0.0022	0.0022	0.0000	0.0262	0.0221	0.0041	0.2046	0.1085	0.0961	0.0313	0.0292	0.0021	0.1733	0.0793	0.0940
28	49	0.0456	6	2	0	1	1	0	0	0	1	0	0	2	1	0	0	0	0	0	0	Y	N	N	N	Y	N	N	N	N	N	N	N	N	N	N	N	N	N	3867.6284	1422.9715	13697.5940	29216.4572	46390.6835	0.0000	3428.3706	994.0211	13686.9566	15.6948	1.2656	103.3743	11.5470	13.0955	0.0000	15.7643	1.0621	104.8188	0.0041	0.0009	0.0075	0.0004	0.0003	0.0019	0.0046	0.0011	0.0077	13.4423	7.7066	0.0975	0.0002	2.0122	1.2605	16.0892	5.3560	0.2806	0.0194	0.2612	0.0034	0.0034	0.0000	0.2772	0.0160	0.2612	0.0006	0.0001	0.0005	0.0000	0.0000	0.0000	0.0006	0.0001	0.0005	0.0179	0.0154	0.0025	0.0003	0.0003	0.0000	0.0176	0.0151	0.0025	0.1416	0.0742	0.0674	0.0182	0.0169	0.0013	0.1234	0.0573	0.0661
28	50	0.0456	6	2	0	1	0	0	0	0	0	0	0	2	1	0	0	0	0	0	0	Y	N	N	N	Y	N	N	N	N	N	N	N	N	N	N	N	N	N	9.7059	5.7773	45581.6120	3.7147	3.9040	0.0000	414298.0003	232409.1144	48865.5355	0.3245	0.3776	0.0031	1.0960	1.2564	0.0000	0.3104	0.3613	0.0031	0.0334	0.0654	0.0000	0.2950	0.3218	0.0000	0.0000	0.0000	0.0000	0.0013	0.0000	-0.0027	-0.0032	2.0122	1.0001	16.0892	7.4568	0.0046	0.0046	0.0000	0.0003	0.0003	0.0000	0.0043	0.0043	0.0000	0.0058	0.0058	0.0000	0.0058	0.0058	0.0000	0.0000	0.0000	0.0000	0.0142	0.0122	0.0020	0.0003	0.0002	0.0000	0.0140	0.0120	0.0020	0.1729	0.0885	0.0845	0.0196	0.0180	0.0016	0.1533	0.0705	0.0828
28	51	0.0411	5	2	0	1	0	0	0	0	0	0	1	2	1	0	0	0	0	0	0	Y	N	N	N	Y	N	N	N	N	N	N	N	N	N	N	N	N	N	18914.2363	1836.2501	15544434.7390	1409.5299	1740.7823	0.0000	1765050.6288	37345.5129	148360906.0568	1.5629	0.2405	6.8757	0.3294	0.4531	0.0000	2.4950	0.1041	16.7525	0.0001	0.0001	0.0000	0.0002	0.0003	0.0000	0.0000	0.0000	0.0000	7.1170	0.0020	0.0001	-0.0000	2.0122	0.0061	16.0892	2.7591	0.0003	0.0000	0.0002	0.0000	0.0000	0.0000	0.0002	0.0000	0.0002	0.0000	0.0000	0.0000	0.0000	0.0000	0.0000	0.0000	0.0000	0.0000	0.0002	0.0001	0.0000	0.0001	0.0001	0.0000	0.0001	0.0001	0.0000	0.1087	0.0684	0.0402	0.0380	0.0341	0.0039	0.0707	0.0344	0.0363
28	52	0.1294	19	2	0	1	0	0	0	0	0	0	1	1	1	0	0	0	0	0	0	Y	N	N	N	N	N	N	N	N	N	N	N	N	N	N	N	N	N	120.2654	74.4911	0.0000	853.9479	819.8062	0.0000	0.0000	0.0000	0.0000	0.0153	0.0178	0.0000	0.4863	0.5189	0.0000	0.0000	0.0000	0.0000	0.0001	0.0002	0.0000	0.0006	0.0006	0.0000	0.0000	0.0000	0.0000	0.0000	0.0059	-0.0001	-0.0000	2.0122	1.0020	16.0892	7.2599	0.0002	0.0002	0.0000	0.0002	0.0002	0.0000	0.0000	0.0000	0.0000	0.0000	0.0000	0.0000	0.0000	0.0000	0.0000	0.0000	0.0000	0.0000	0.0144	0.0124	0.0020	0.0005	0.0004	0.0000	0.0139	0.0119	0.0020	0.1566	0.0830	0.0735	0.0350	0.0313	0.0037	0.1216	0.0517	0.0698
28	53	0.1097	18	2	0	1	0	1	0	0	0	0	0	1	0	0	0	0	0	0	0	Y	N	N	N	N	N	N	N	N	N	N	N	N	N	N	N	N	N	1505.9556	923.0610	16.9057	7408.2273	7187.0450	inf	1.3040	inf	0.2387	22.7969	26.4419	0.0017	559.1358	604.0947	0.0743	0.0001	0.0001	0.0000	0.0151	0.0286	0.0001	0.0755	0.0841	0.0000	0.0001	0.0000	0.0001	0.0000	0.0031	-0.5744	-0.0018	2.0122	3.0050	16.0892	8.3063	0.9851	0.9851	0.0000	0.9851	0.9851	0.0000	0.0000	0.0000	0.0000	0.0032	0.0032	0.0000	0.0032	0.0032	0.0000	0.0000	0.0000	0.0000	0.0432	0.0373	0.0060	0.0018	0.0016	0.0001	0.0414	0.0356	0.0058	0.2144	0.1129	0.1014	0.0429	0.0385	0.0044	0.1715	0.0744	0.0971
28	56	0.1199	17	2	0	1	0	0	0	0	0	0	0	1	0	0	0	0	0	0	0	Y	N	N	N	N	N	N	N	N	N	N	N	N	N	N	N	N	N	0.0000	0.0000	0.0000	0.0000	0.0000	0.0000	0.0000	0.0000	0.0000	0.0000	0.0000	0.0000	0.0000	0.0000	0.0000	0.0000	0.0000	0.0000	0.0502	0.0952	0.0000	0.2410	0.2728	0.0000	0.0000	0.0000	0.0000		0.0000	0.0000	-0.0070	2.0122	2.9988	16.0892	11.1255	0.0000	0.0000	0.0000	0.0000	0.0000	0.0000	0.0000	0.0000	0.0000	0.0127	0.0127	0.0000	0.0127	0.0127	0.0000	0.0000	0.0000	0.0000	0.0423	0.0365	0.0058	0.0017	0.0016	0.0001	0.0406	0.0349	0.0057	0.2530	0.1333	0.1197	0.0527	0.0465	0.0061	0.2003	0.0868	0.1135
28	70	0.0483	6	2	0	1	0	0	0	0	0	0	1	2	1	0	0	0	0	0	0	Y	N	N	N	Y	N	N	N	N	N	N	N	N	N	N	N	N	N	239476.1193	664.3676	12518023.5353	10.9593	10.9636	10.1761	19396592.6180	6469309.0033	81745250.8002	23.6460	0.1165	201.5282	0.0066	0.0066	0.0060	27.6375	0.1375	206.4202	0.0001	0.0002	0.0000	0.0006	0.0006	0.0006	0.0000	0.0000	0.0000	228.7632	0.0851	0.4138	-0.0000	2.0122	2.3581	16.0892	7.4584	1.0032	0.0044	0.9988	0.0000	0.0000	0.0000	1.0031	0.0043	0.9988	0.0000	0.0000	0.0000	0.0000	0.0000	0.0000	0.0000	0.0000	0.0000	0.0424	0.0375	0.0050	0.0061	0.0060	0.0001	0.0363	0.0315	0.0048	0.2170	0.1126	0.1044	0.0350	0.0326	0.0024	0.1820	0.0800	0.1020
28	71	0.0411	5	2	0	1	0	0	0	0	0	0	0	2	0	0	0	0	0	0	0	Y	N	N	N	Y	N	N	N	N	N	N	N	N	N	N	N	N	N	3243.5204	11.0599	27198176.6649	847.2555	171.0988	inf	7171725.2407	inf	28318100.6350	0.2542	0.0015	1.8005	0.2575	0.0582	1.9568	0.2542	0.0007	1.7989	0.0001	0.0001	0.0000	0.0003	0.0003	0.0000	0.0000	0.0000	0.0000	196.4775	0.0004	0.0026	-0.0000	2.0122	1.7590	16.0892	3.5356	0.0063	0.0000	0.0063	0.0001	0.0000	0.0001	0.0062	0.0000	0.0062	0.0000	0.0000	0.0000	0.0000	0.0000	0.0000	0.0000	0.0000	0.0000	0.0248	0.0213	0.0035	0.0003	0.0003	0.0000	0.0245	0.0210	0.0034	0.1522	0.0880	0.0641	0.0392	0.0350	0.0042	0.1129	0.0530	0.0599
28	72	0.0377	4	2	0	1	0	0	0	0	0	1	0	2	0	0	0	0	0	0	0	Y	N	N	N	Y	N	N	N	N	N	N	N	N	N	N	N	N	N	21588.5621	205895.6122	28763.5596	9049.1398	12074.5159	inf	31694.8195	inf	77615.8333	0.2821	0.1820	0.6742	0.1146	0.1611	0.0012	0.4146	0.1955	1.8265	0.0000	0.0000	0.0000	0.0000	0.0000	0.0000	0.0000	0.0000	0.0000	0.9460	31.1463	-0.0000	0.0000	2.0122	0.0029	16.0892	2.4186	0.0000	0.0000	0.0000	0.0000	0.0000	0.0000	0.0000	0.0000	0.0000	0.0000	0.0000	0.0000	0.0000	0.0000	0.0000	0.0000	0.0000	0.0000	0.0001	0.0001	0.0000	0.0000	0.0000	0.0000	0.0000	0.0000	0.0000	0.0438	0.0201	0.0237	0.0015	0.0013	0.0001	0.0423	0.0188	0.0235
28	78	0.1199	17	2	0	1	0	0	0	0	0	0	1	1	1	0	0	0	0	0	0	Y	N	N	N	N	N	N	N	N	N	N	N	N	N	N	N	N	N	0.0000	0.0000	0.0000	0.0000	0.0000	0.0000	0.0000	0.0000	0.0000	0.0000	0.0000	0.0000	0.0000	0.0000	0.0000	0.0000	0.0000	0.0000	4.6701	8.4731	0.4129	0.0097	0.0034	0.0591	5.9243	13.1520	0.4319		0.0435	0.0000	-0.5271	2.0122	0.0166	16.0892	12.2009	0.0000	0.0000	0.0000	0.0000	0.0000	0.0000	0.0000	0.0000	0.0000	1.0407	0.9972	0.0434	0.0005	0.0001	0.0003	1.0402	0.9971	0.0431	0.0006	0.0005	0.0000	0.0003	0.0002	0.0000	0.0003	0.0003	0.0000	0.2228	0.1177	0.1051	0.0472	0.0419	0.0054	0.1756	0.0758	0.0998
28	79	0.1057	16	2	0	1	0	1	0	0	0	0	0	1	0	0	0	0	0	0	0	Y	N	N	N	N	N	N	N	N	N	N	N	N	N	N	N	N	N	0.1789	0.1213	0.0000	0.0000	0.0000	0.0000	0.1683	0.1008	0.0000	0.0027	0.0031	0.0000	0.0000	0.0000	0.0000	0.0028	0.0033	0.0000	0.0149	0.0255	0.0043	0.0059	0.0068	0.0005	0.0166	0.0323	0.0045	0.0000	0.1672	-0.0000	-0.0009	2.0122	1.0285	16.0892	7.9781	0.0000	0.0000	0.0000	0.0000	0.0000	0.0000	0.0000	0.0000	0.0000	0.0023	0.0019	0.0003	0.0001	0.0001	0.0000	0.0021	0.0018	0.0003	0.0150	0.0129	0.0021	0.0007	0.0006	0.0000	0.0143	0.0123	0.0020	0.1516	0.0760	0.0756	0.0236	0.0201	0.0035	0.1281	0.0559	0.0721
28	84	0.0613	5	2	0	1	0	0	0	0	0	0	0	1	0	0	0	0	0	0	0	Y	N	N	N	N	N	N	N	N	N	N	N	N	N	N	N	N	N	406044.7345	0.0000	487560214.7652	47.1875	0.0000	80989.4005	185332803.2546	0.0000	730641260.1337	23.8232	0.0000	170.2992	0.0221	0.0000	0.3854	24.0828	0.0000	171.0537	0.0001	0.0001	0.0000	0.0005	0.0005	0.0000	0.0000	0.0000	0.0000	inf	0.0030	0.4166	-0.0000	2.0122	2.9998	16.0892	15.4389	0.9994	0.0000	0.9994	0.0000	0.0000	0.0000	0.9994	0.0000	0.9994	0.0000	0.0000	0.0000	0.0000	0.0000	0.0000	0.0000	0.0000	0.0000	0.0420	0.0361	0.0059	0.0005	0.0004	0.0000	0.0415	0.0357	0.0058	0.3413	0.1712	0.1701	0.0427	0.0383	0.0043	0.2986	0.1329	0.1657
28	85	0.4412	10	1	0	1	0	0	0	0	0	1	0	2	0	0	0	0	0	0	0	N	N	N	N	Y	N	N	N	N	N	N	N	N	N	N	N	N	N	0.0042	0.0028	0.0140	0.0260	0.0171	30.5378	0.0010	0.0000	0.0057	0.0075	0.0050	0.0242	0.0461	0.0349	0.2724	0.0018	0.0000	0.0121	1.7723	1.7943	1.7312	1.7718	2.0439	0.0089	1.7727	1.3502	2.1199	0.7401	0.5178	-0.0005	-1.0889	2.0122	26.8363	16.0892	143.7566	0.0030	0.0017	0.0013	0.0024	0.0017	0.0007	0.0006	0.0000	0.0006	5.2575	3.4639	1.7936	2.5280	2.5263	0.0017	2.7295	0.9375	1.7919	0.4044	0.3509	0.0535	0.0526	0.0501	0.0025	0.3517	0.3007	0.0510	2.9665	1.9304	1.0361	1.4268	1.2361	0.1908	1.5397	0.6944	0.8453
28	88	0.0520	5	2	0	1	0	0	0	0	0	0	0	2	1	0	0	0	0	0	0	Y	N	N	N	Y	N	N	N	N	N	N	N	N	N	N	N	N	N	1.4597	4.3839	0.0716	41.4333	41.2645	6.0396	0.0178	0.0000	0.0703	0.0483	0.0555	0.0040	1.5981	1.6481	0.0078	0.0006	0.0000	0.0040	0.0331	0.0127	0.0558	0.0386	0.0399	0.0013	0.0320	0.0000	0.0565	0.0117	3.9680	-0.0004	0.0018	2.0122	1.0173	16.0892	8.6136	0.0007	0.0007	0.0000	0.0007	0.0007	0.0000	0.0000	0.0000	0.0000	0.0073	0.0015	0.0058	0.0015	0.0015	0.0000	0.0058	0.0000	0.0058	0.0147	0.0127	0.0021	0.0004	0.0004	0.0000	0.0143	0.0122	0.0020	0.2208	0.1162	0.1046	0.0382	0.0368	0.0014	0.1826	0.0793	0.1033
28	90	0.0520	5	2	0	1	0	0	0	0	0	0	0	2	1	0	0	0	0	0	0	Y	N	N	N	Y	N	N	N	N	N	N	N	N	N	N	N	N	N	10.0372	0.0000	6066.8487	1.0353	1.0389	0.0000	8.7873	0.0000	6026.3021	34.8816	0.0001	250.0530	0.0042	0.0044	0.0000	35.7285	0.0000	251.7184	3.4752	6.7591	0.0412	0.0041	0.0042	0.0009	4.0659	9.2767	0.0418	347982.9693	0.0058	0.4164	-0.5445	2.0122	2.0138	16.0892	11.8132	0.9989	0.0000	0.9989	0.0000	0.0000	0.0000	0.9989	0.0000	0.9989	1.0038	0.9980	0.0058	0.0002	0.0002	0.0000	1.0036	0.9978	0.0058	0.0286	0.0246	0.0040	0.0007	0.0007	0.0000	0.0280	0.0240	0.0040	0.2888	0.1476	0.1412	0.0420	0.0401	0.0019	0.2468	0.1076	0.1393
28	91	0.0435	4	2	0	1	0	0	0	0	0	1	1	2	1	0	0	0	0	0	0	Y	N	N	N	Y	N	N	N	N	N	N	N	N	N	N	N	N	N	0.0037	0.0143	0.0124	1.4586	1.4872	0.4401	0.0031	0.0000	0.0123	0.0252	0.0002	0.1779	0.0113	0.0117	0.0016	0.0255	0.0000	0.1789	6.8592	0.0171	14.3421	0.0077	0.0079	0.0037	8.1271	0.0208	14.5002	118.8580	767.7780	0.0003	0.4429	2.0122	1.9725	16.0892	4.2763	0.0007	0.0000	0.0007	0.0000	0.0000	0.0000	0.0007	0.0000	0.0007	0.9833	0.0013	0.9820	0.0002	0.0002	0.0000	0.9831	0.0011	0.9820	0.0281	0.0242	0.0039	0.0005	0.0005	0.0000	0.0276	0.0237	0.0039	0.1434	0.0749	0.0685	0.0224	0.0216	0.0007	0.1210	0.0532	0.0677
28	98	0.0735	7	2	0	1	1	0	0	0	1	0	0	2	1	0	0	0	0	0	0	Y	N	N	N	Y	N	N	N	N	N	N	N	N	N	N	N	N	N	0.0000	0.0000	0.0000	0.0000	0.0000	0.0000	0.0000	0.0000	0.0000	0.0000	0.0000	0.0000	0.0000	0.0000	0.0000	0.0000	0.0000	0.0000	0.0000	0.0000	0.0000	0.0000	0.0000	0.0000	0.0000	0.0000	0.0000			0.0000	0.0000	2.0122	2.9999	16.0892	3.9821	0.0000	0.0000	0.0000	0.0000	0.0000	0.0000	0.0000	0.0000	0.0000	0.0000	0.0000	0.0000	0.0000	0.0000	0.0000	0.0000	0.0000	0.0000	0.0422	0.0364	0.0059	0.0010	0.0009	0.0001	0.0413	0.0355	0.0058	0.1250	0.0605	0.0645	0.0130	0.0112	0.0018	0.1120	0.0493	0.0627
28	99	0.0704	6	2	0	1	0	0	0	0	0	0	0	2	1	0	0	0	0	0	0	Y	N	N	N	Y	N	N	N	N	N	N	N	N	N	N	N	N	N	1138784.4380	11842.8323	5235602.4481	78.3146	84.6986	0.0000	1877021.7114	inf	7709638.1964	4.0422	0.0206	27.9040	0.0005	0.0006	0.0000	5.7438	0.0287	42.0389	0.0000	0.0000	0.0000	0.0000	0.0000	0.0000	0.0000	0.0000	0.0000	228.2078	3.1134	0.0000	0.0000	2.0122	0.0003	16.0892	2.0601	0.0000	0.0000	0.0000	0.0000	0.0000	0.0000	0.0000	0.0000	0.0000	0.0000	0.0000	0.0000	0.0000	0.0000	0.0000	0.0000	0.0000	0.0000	0.0000	0.0000	0.0000	0.0000	0.0000	0.0000	0.0000	0.0000	0.0000	0.0399	0.0198	0.0201	0.0050	0.0045	0.0005	0.0348	0.0153	0.0195
28	100	0.0506	5	2	0	1	0	0	0	0	0	1	1	2	1	0	0	0	0	0	0	Y	N	N	N	Y	N	N	N	N	N	N	N	N	N	N	N	N	N	24269.4147	162.1337	140418.6568	18.8143	18.6335	0.0000	35268.8020	5693860.9265	140130.7154	23.7936	0.1206	168.4483	0.0685	0.0748	0.0000	24.1270	0.1213	169.8624	0.0010	0.0007	0.0012	0.0036	0.0040	0.0006	0.0007	0.0000	0.0012	228.5300	1.7387	0.4138	0.0000	2.0122	3.0014	16.0892	9.1620	1.0033	0.0044	0.9989	0.0000	0.0000	0.0000	1.0033	0.0043	0.9989	0.0002	0.0001	0.0001	0.0001	0.0001	0.0000	0.0001	0.0000	0.0001	0.0422	0.0362	0.0059	0.0006	0.0005	0.0000	0.0416	0.0357	0.0059	0.2275	0.1095	0.1180	0.0228	0.0203	0.0025	0.2047	0.0892	0.1155
28	101	0.0377	4	2	0	1	0	0	0	0	0	0	0	1	0	0	0	0	0	0	0	Y	N	N	N	N	N	N	N	N	N	N	N	N	N	N	N	N	N	172.8047	3.9102	15824118.0994	0.5226	0.6577	0.0000	75388.7126	557.4966	26355035.5774	4.2876	0.2129	23.5784	0.4781	0.6696	0.0000	5.5147	0.0909	39.2649	0.0248	0.0544	0.0000	0.9150	1.0181	0.0000	0.0001	0.0002	0.0000	23.3973	0.0000	0.0002	-0.0019	2.0122	0.0077	16.0892	8.0757	0.0006	0.0000	0.0006	0.0000	0.0000	0.0000	0.0006	0.0000	0.0006	0.0035	0.0035	0.0000	0.0035	0.0035	0.0000	0.0000	0.0000	0.0000	0.0001	0.0001	0.0000	0.0000	0.0000	0.0000	0.0001	0.0001	0.0000	0.1419	0.0647	0.0772	0.0038	0.0034	0.0004	0.1380	0.0612	0.0768
28	102	0.0361	3	2	0	1	0	0	0	0	0	0	0	1	0	0	0	0	0	0	0	Y	N	N	N	N	N	N	N	N	N	N	N	N	N	N	N	N	N	3447.0967	3366.1287	780.8409	90.7210	109.2687	6.3906	8790.5892	inf	1342.8324	0.1946	0.2293	0.0365	0.1229	0.1625	0.0011	0.2265	0.2558	0.0621	0.0001	0.0001	0.0000	0.0014	0.0015	0.0002	0.0000	0.0000	0.0000	0.0350	0.8283	-0.0000	-0.0000	2.0122	0.0011	16.0892	1.0060	0.0000	0.0000	0.0000	0.0000	0.0000	0.0000	0.0000	0.0000	0.0000	0.0000	0.0000	0.0000	0.0000	0.0000	0.0000	0.0000	0.0000	0.0000	0.0000	0.0000	0.0000	0.0000	0.0000	0.0000	0.0000	0.0000	0.0000	0.0180	0.0081	0.0098	0.0004	0.0004	0.0000	0.0175	0.0078	0.0098
28	113	0.0361	3	2	0	1	0	0	0	0	0	0	0	1	0	0	0	0	0	0	0	Y	N	N	N	N	N	N	N	N	N	N	N	N	N	N	N	N	N	0.1948	3.3172	0.4415	1.4001	1.4874	670.4982	0.1715	30.3214	0.4584	0.0255	0.0122	0.1046	0.0952	0.1125	0.0249	0.0227	0.0085	0.1090	0.1312	0.0037	0.2369	0.0680	0.0757	0.0000	0.1326	0.0003	0.2379	1.4369	77.3677	0.0000	0.0048	2.0122	0.0182	16.0892	4.6661	0.0000	0.0000	0.0000	0.0000	0.0000	0.0000	0.0000	0.0000	0.0000	0.0108	0.0001	0.0107	0.0001	0.0001	0.0000	0.0107	0.0000	0.0107	0.0003	0.0002	0.0000	0.0000	0.0000	0.0000	0.0003	0.0002	0.0000	0.0826	0.0374	0.0451	0.0019	0.0017	0.0002	0.0807	0.0357	0.0449
28	114	0.0361	2	2	0	1	0	0	0	0	0	0	0	1	0	0	0	0	0	0	0	Y	N	N	N	N	N	N	N	N	N	N	N	N	N	N	N	N	N	3.8418	4.6344	2.0369	1.3167	1.7538	0.0109	6.4332	inf	5.1162	0.1207	0.1338	0.0702	0.1210	0.1604	0.0015	0.1203	0.1097	0.1742	0.0314	0.0289	0.0344	0.0919	0.0915	0.1352	0.0187	0.0000	0.0340	0.1361	0.9996	-0.0000	-0.0000	2.0122	0.0004	16.0892	0.0007	0.0000	0.0000	0.0000	0.0000	0.0000	0.0000	0.0000	0.0000	0.0000	0.0000	0.0000	0.0000	0.0000	0.0000	0.0000	0.0000	0.0000	0.0000	0.0000	0.0000	0.0000	0.0000	0.0000	0.0000	0.0000	0.0000	0.0000	0.0000	0.0000	0.0000	0.0000	0.0000	0.0000	0.0000	0.0000	0.0000
28	121	0.0949	10	2	0	1	0	0	0	0	0	0	0	1	0	0	0	0	0	0	0	Y	N	N	N	N	N	N	N	N	N	N	N	N	N	N	N	N	N	0.0000	0.0000	0.0000	0.0000	0.0000	0.0000	0.0000	0.0000	0.0000	0.0000	0.0000	0.0000	0.0000	0.0000	0.0000	0.0000	0.0000	0.0000	0.0116	0.0054	0.0197	0.0076	0.0078	0.0016	0.0138	0.0018	0.0201		2.7848	0.0000	0.0001	2.0122	0.0000	16.0892	1.2022	0.0000	0.0000	0.0000	0.0000	0.0000	0.0000	0.0000	0.0000	0.0000	0.0006	0.0002	0.0004	0.0001	0.0001	0.0000	0.0004	0.0000	0.0004	0.0000	0.0000	0.0000	0.0000	0.0000	0.0000	0.0000	0.0000	0.0000	0.0492	0.0278	0.0214	0.0174	0.0168	0.0006	0.0319	0.0110	0.0209
28	122	0.0735	9	2	0	1	0	1	0	0	0	0	0	1	0	0	0	0	0	0	0	Y	N	N	N	N	N	N	N	N	N	N	N	N	N	N	N	N	N	0.0000	0.0000	0.0000	0.0000	0.0000	0.0000	0.0000	0.0000	0.0000	0.0000	0.0000	0.0000	0.0000	0.0000	0.0000	0.0000	0.0000	0.0000	3.6837	0.0090	8.0199	0.0241	0.0260	0.0041	4.6247	0.0001	8.3470		752.5714	0.0000	0.4492	2.0122	0.0041	16.0892	12.5856	0.0000	0.0000	0.0000	0.0000	0.0000	0.0000	0.0000	0.0000	0.0000	0.9973	0.0013	0.9960	0.0013	0.0013	0.0000	0.9960	0.0000	0.9960	0.0001	0.0001	0.0000	0.0000	0.0000	0.0000	0.0001	0.0001	0.0000	0.2707	0.1466	0.1242	0.0554	0.0505	0.0049	0.2154	0.0960	0.1193
29	42	0.1148	17	2	0	1	0	0	0	1	0	1	1	1	1	0	0	0	0	0	0	Y	N	N	N	N	N	N	N	N	N	N	N	N	N	N	N	N	N	0.0000	0.0000	0.0000	0.0000	0.0000	0.0000	0.0000	0.0000	0.0000	0.0000	0.0000	0.0000	0.0000	0.0000	0.0000	0.0000	0.0000	0.0000	0.0000	0.0000	0.0000	0.0000	0.0000	0.0000	0.0000	0.0000	0.0000			0.0000	0.0000	1.9944	0.0000	2.0374	0.0011	0.0000	0.0000	0.0000	0.0000	0.0000	0.0000	0.0000	0.0000	0.0000	0.0000	0.0000	0.0000	0.0000	0.0000	0.0000	0.0000	0.0000	0.0000	0.0000	0.0000	0.0000	0.0000	0.0000	0.0000	0.0000	0.0000	0.0000	0.0000	0.0000	0.0000	0.0000	0.0000	0.0000	0.0000	0.0000	0.0000
29	44	0.0247	6	2	0	1	1	0	0	1	0	1	0	2	1	0	0	0	0	0	0	Y	N	N	N	Y	N	N	N	N	N	N	N	N	N	N	N	N	N	0.0575	0.0400	0.0854	0.0844	0.0744	0.0000	0.1387	21.4804	0.0840	0.0054	0.0055	0.0044	0.0783	0.0790	0.0000	0.0040	0.0040	0.0044	0.0932	0.1378	0.0517	0.9275	1.0620	0.0000	0.0290	0.0002	0.0527	0.1300	0.4036	-0.0002	-0.0031	1.9944	7.0030	2.0374	25.8862	0.0005	0.0005	0.0001	0.0001	0.0001	0.0000	0.0004	0.0003	0.0001	0.0121	0.0086	0.0035	0.0086	0.0086	0.0000	0.0035	0.0000	0.0035	0.0977	0.0841	0.0136	0.0018	0.0017	0.0000	0.0959	0.0823	0.0136	0.1293	0.0623	0.0670	0.0093	0.0081	0.0012	0.1201	0.0542	0.0658
29	48	0.0247	6	2	0	1	1	0	0	1	0	1	0	2	1	0	0	0	0	0	0	Y	N	N	N	Y	N	N	N	N	N	N	N	N	N	N	N	N	N	0.0007	0.0000	33.1941	2.3807	1.6574	67753.6458	0.0006	0.0000	32.1395	0.0151	0.0008	0.1034	0.0163	0.0121	0.6607	0.0150	0.0000	0.1018	21.0866	40.2540	0.0031	0.0069	0.0073	0.0000	24.4112	53.3177	0.0032	19.7146	0.0001	0.0002	-0.5409	1.9944	1.7572	2.0374	7.6758	0.0004	0.0000	0.0004	0.0000	0.0000	0.0000	0.0004	0.0000	0.0004	0.9867	0.9866	0.0001	0.0000	0.0000	0.0000	0.9866	0.9866	0.0001	0.0274	0.0236	0.0038	0.0017	0.0016	0.0000	0.0257	0.0219	0.0038	0.0468	0.0245	0.0223	0.0064	0.0060	0.0004	0.0404	0.0185	0.0219
29	49	0.0158	5	2	0	1	1	0	0	1	1	1	0	2	1	0	0	0	0	0	0	Y	N	N	N	Y	N	N	N	N	N	N	N	N	N	N	N	N	N	1.1645	0.2684	1478.9559	11230.6804	10497.6597	0.0000	0.6471	0.0029	1456.3989	0.3092	0.1374	1.3570	88.0506	88.0725	0.0000	0.1929	0.0018	1.3570	0.2655	0.5120	0.0009	0.0078	0.0084	0.0000	0.2982	0.6403	0.0009	1.6184	0.0017	0.0002	-0.0047	1.9944	1.2605	2.0374	5.3560	0.0054	0.0021	0.0033	0.0020	0.0020	0.0000	0.0034	0.0000	0.0033	0.0086	0.0086	0.0000	0.0000	0.0000	0.0000	0.0086	0.0086	0.0000	0.0174	0.0150	0.0025	0.0000	0.0000	0.0000	0.0174	0.0150	0.0025	0.0324	0.0168	0.0156	0.0036	0.0034	0.0002	0.0288	0.0134	0.0154
29	50	0.0158	5	2	0	1	0	0	0	1	0	1	0	2	1	0	0	0	0	0	0	Y	N	N	N	Y	N	N	N	N	N	N	N	N	N	N	N	N	N	489.3544	1776.5036	0.0619	1297.5174	1262.1153	0.0000	444.5490	1499.1019	0.0609	71.7285	83.4862	0.0153	7.2354	7.2368	0.0000	71.8355	83.6334	0.0153	0.1466	0.0470	0.2480	0.0056	0.0057	0.0037	0.1616	0.0558	0.2518	0.0000	5.1812	-0.5794	0.0017	1.9944	1.0001	2.0374	7.4568	0.9936	0.9936	0.0000	0.0002	0.0002	0.0000	0.9934	0.9934	0.0000	0.0058	0.0009	0.0049	0.0000	0.0000	0.0000	0.0058	0.0009	0.0049	0.0139	0.0119	0.0020	0.0000	0.0000	0.0000	0.0138	0.0119	0.0020	0.0396	0.0200	0.0196	0.0038	0.0035	0.0003	0.0358	0.0165	0.0193
29	51	0.0113	4	2	0	1	0	0	0	1	0	1	1	2	1	0	0	0	0	0	0	Y	N	N	N	Y	N	N	N	N	N	N	N	N	N	N	N	N	N	32580.2729	30123.1076	688.9991	10785178.5265	9674058.4489	0.0000	12278.8056	8944.8078	623.4624	37.4769	42.8869	0.4747	187.6343	187.6347	0.0000	21.4063	24.8481	0.4747	0.0012	0.0014	0.0007	0.0000	0.0000	0.0000	0.0017	0.0028	0.0008	0.0016	0.2869	-0.0023	-0.0000	1.9944	0.0061	2.0374	2.7591	0.0039	0.0039	0.0000	0.0019	0.0019	0.0000	0.0020	0.0020	0.0000	0.0000	0.0000	0.0000	0.0000	0.0000	0.0000	0.0000	0.0000	0.0000	0.0001	0.0001	0.0000	0.0000	0.0000	0.0000	0.0001	0.0001	0.0000	0.0251	0.0158	0.0094	0.0086	0.0077	0.0009	0.0165	0.0080	0.0085
29	52	0.0997	18	2	0	1	0	0	0	1	0	1	1	1	1	0	0	0	0	0	0	Y	N	N	N	N	N	N	N	N	N	N	N	N	N	N	N	N	N	0.0254	0.0154	0.0000	24.3257	22.9741	0.0000	0.0000	0.0000	0.0000	0.0000	0.0000	0.0000	0.0004	0.0005	0.0000	0.0000	0.0000	0.0000	0.0003	0.0005	0.0000	0.0000	0.0000	0.0000	0.0003	0.0008	0.0000	0.0000	0.0000	-0.0000	-0.0000	1.9944	1.0020	2.0374	7.2599	0.0000	0.0000	0.0000	0.0000	0.0000	0.0000	0.0000	0.0000	0.0000	0.0000	0.0000	0.0000	0.0000	0.0000	0.0000	0.0000	0.0000	0.0000	0.0140	0.0120	0.0020	0.0002	0.0002	0.0000	0.0138	0.0118	0.0019	0.0358	0.0187	0.0171	0.0074	0.0066	0.0008	0.0283	0.0121	0.0163
29	53	0.0799	17	2	0	1	0	1	0	1	0	1	0	1	0	0	0	0	0	0	0	Y	N	N	N	N	N	N	N	N	N	N	N	N	N	N	N	N	N	94.3746	57.1199	0.8605	740.6436	711.9198	inf	0.0048	0.0025	0.0000	0.0105	0.0122	0.0000	0.4275	0.4573	0.0001	0.0000	0.0000	0.0000	0.0001	0.0002	0.0000	0.0006	0.0006	0.0000	0.0000	0.0000	0.0000	0.0000	0.0038	-0.0003	-0.0000	1.9944	3.0050	2.0374	8.3063	0.0004	0.0004	0.0000	0.0004	0.0004	0.0000	0.0000	0.0000	0.0000	0.0000	0.0000	0.0000	0.0000	0.0000	0.0000	0.0000	0.0000	0.0000	0.0421	0.0363	0.0058	0.0010	0.0010	0.0001	0.0411	0.0353	0.0058	0.0490	0.0254	0.0235	0.0090	0.0081	0.0009	0.0400	0.0174	0.0226
29	56	0.0902	16	2	0	1	0	0	0	1	0	1	0	1	0	0	0	0	0	0	0	Y	N	N	N	N	N	N	N	N	N	N	N	N	N	N	N	N	N	0.0000	0.0000	0.0000	0.0000	0.0000	0.0000	0.0000	0.0000	0.0000	0.0000	0.0000	0.0000	0.0000	0.0000	0.0000	0.0000	0.0000	0.0000	0.2881	0.2022	0.3809	0.5500	0.6241	0.0007	0.2269	0.0024	0.3996		1.7434	0.0000	0.0014	1.9944	2.9988	2.0374	11.1255	0.0000	0.0000	0.0000	0.0000	0.0000	0.0000	0.0000	0.0000	0.0000	0.0165	0.0060	0.0105	0.0060	0.0060	0.0000	0.0106	0.0000	0.0105	0.0412	0.0356	0.0057	0.0010	0.0010	0.0001	0.0402	0.0346	0.0056	0.0574	0.0298	0.0276	0.0109	0.0096	0.0013	0.0466	0.0202	0.0263
29	70	0.0185	5	2	0	1	0	0	0	1	0	1	1	2	1	0	0	0	0	0	0	Y	N	N	N	Y	N	N	N	N	N	N	N	N	N	N	N	N	N	55860.4504	356538.6684	1363.1732	179.9652	121.1502	inf	60054.8123	2389114.7843	1342.1107	24.4193	27.4474	1.1098	0.0415	0.0299	0.8546	28.4177	32.5520	1.1143	0.0004	0.0001	0.0008	0.0002	0.0002	0.0000	0.0005	0.0000	0.0008	0.0053	10.1036	-0.5766	0.0000	1.9944	2.3581	2.0374	7.4584	0.9977	0.9924	0.0052	0.0002	0.0002	0.0001	0.9974	0.9923	0.0051	0.0000	0.0000	0.0000	0.0000	0.0000	0.0000	0.0000	0.0000	0.0000	0.0409	0.0362	0.0047	0.0058	0.0057	0.0001	0.0351	0.0305	0.0046	0.0490	0.0251	0.0239	0.0073	0.0068	0.0005	0.0417	0.0182	0.0235
29	71	0.0113	4	2	0	1	0	0	0	1	0	1	0	2	0	0	0	0	0	0	0	Y	N	N	N	Y	N	N	N	N	N	N	N	N	N	N	N	N	N	118954.1235	431.5453	5426121.2045	9897490.9628	8848639.0163	0.0000	90366.4745	176.4514	5089221.8227	41.0321	0.2419	290.0541	156.4894	156.5709	0.0000	40.9794	0.1590	290.0546	0.0003	0.0006	0.0001	0.0000	0.0000	0.0000	0.0005	0.0009	0.0001	196.4124	0.0705	0.4095	-0.0000	1.9944	1.7590	2.0374	3.5356	0.9945	0.0050	0.9895	0.0017	0.0017	0.0000	0.9928	0.0033	0.9895	0.0000	0.0000	0.0000	0.0000	0.0000	0.0000	0.0000	0.0000	0.0000	0.0242	0.0208	0.0034	0.0000	0.0000	0.0000	0.0242	0.0208	0.0034	0.0351	0.0201	0.0149	0.0087	0.0078	0.0009	0.0264	0.0124	0.0140
29	72	0.0079	3	2	0	1	0	0	0	1	0	2	0	2	0	0	0	0	0	0	0	Y	N	N	N	Y	N	N	N	N	N	N	N	N	N	N	N	N	N	11499.6419	5561.9575	34083603.5335	445.3203	428.3518	0.0000	23382488.6318	14667661.1442	34067123.6888	57.8596	62.1800	28.6624	201.4620	201.4622	0.0000	43.3756	45.8087	28.6624	0.0050	0.0112	0.0000	0.4524	0.4703	0.0000	0.0000	0.0000	0.0000	0.0682	0.0001	-0.0015	-0.0000	1.9944	0.0029	2.0374	2.4186	0.0028	0.0026	0.0002	0.0009	0.0009	0.0000	0.0019	0.0017	0.0002	0.0001	0.0001	0.0000	0.0001	0.0001	0.0000	0.0000	0.0000	0.0000	0.0000	0.0000	0.0000	0.0000	0.0000	0.0000	0.0000	0.0000	0.0000	0.0100	0.0045	0.0055	0.0001	0.0001	0.0000	0.0099	0.0044	0.0055
29	78	0.0902	16	2	0	1	0	0	0	1	0	1	1	1	1	0	0	0	0	0	0	Y	N	N	N	N	N	N	N	N	N	N	N	N	N	N	N	N	N	0.0000	0.0000	0.0000	0.0000	0.0000	0.0000	0.0000	0.0000	0.0000	0.0000	0.0000	0.0000	0.0000	0.0000	0.0000	0.0000	0.0000	0.0000	18.8334	0.0567	39.2322	0.0297	0.0147	0.1440	23.3401	0.0773	41.1425		636.5928	0.0000	0.4286	1.9944	0.0166	2.0374	12.2009	0.0000	0.0000	0.0000	0.0000	0.0000	0.0000	0.0000	0.0000	0.0000	0.9521	0.0015	0.9506	0.0003	0.0001	0.0002	0.9518	0.0014	0.9505	0.0006	0.0005	0.0000	0.0003	0.0002	0.0000	0.0003	0.0003	0.0000	0.0506	0.0263	0.0242	0.0098	0.0086	0.0011	0.0408	0.0177	0.0231
29	79	0.0759	15	2	0	1	0	1	0	1	0	1	0	1	0	0	0	0	0	0	0	Y	N	N	N	N	N	N	N	N	N	N	N	N	N	N	N	N	N	0.0000	0.0001	0.0000	0.0000	0.0000	0.0000	0.0000	0.0001	0.0000	0.0000	0.0000	0.0000	0.0000	0.0000	0.0000	0.0000	0.0000	0.0000	0.1772	0.0099	0.3394	0.0000	0.0000	0.0000	0.2049	0.0129	0.3539	0.0000	35.3914	-0.0000	0.0026	1.9944	1.0285	2.0374	7.9781	0.0000	0.0000	0.0000	0.0000	0.0000	0.0000	0.0000	0.0000	0.0000	0.0061	0.0002	0.0060	0.0000	0.0000	0.0000	0.0061	0.0002	0.0060	0.0146	0.0126	0.0020	0.0004	0.0004	0.0000	0.0142	0.0122	0.0020	0.0345	0.0170	0.0175	0.0047	0.0040	0.0007	0.0299	0.0130	0.0168
29	84	0.0315	4	2	0	1	0	0	0	1	0	1	0	1	0	0	0	0	0	0	0	Y	N	N	N	N	N	N	N	N	N	N	N	N	N	N	N	N	N	10066.0692	113.3032	inf	0.0000	0.0000	0.0000	inf	inf	inf	0.0124	0.0003	0.0865	0.0000	0.0000	0.0000	0.0124	0.0003	0.0865	0.0000	0.0000	0.0000	0.0000	0.0000	0.0000	0.0000	0.0000	0.0000	50.0000	0.0000	0.0002	-0.0000	1.9944	2.9998	2.0374	15.4389	0.0005	0.0000	0.0005	0.0000	0.0000	0.0000	0.0005	0.0000	0.0005	0.0000	0.0000	0.0000	0.0000	0.0000	0.0000	0.0000	0.0000	0.0000	0.0411	0.0353	0.0058	0.0000	0.0000	0.0000	0.0411	0.0353	0.0058	0.0779	0.0384	0.0395	0.0083	0.0075	0.0008	0.0696	0.0310	0.0386
29	85	0.4115	9	1	0	1	0	0	0	1	0	2	0	2	0	0	0	0	0	0	0	N	N	N	N	Y	N	N	N	N	N	N	N	N	N	N	N	N	N	0.5235	0.0035	1.4607	25.5941	0.0293	145.1225	0.1560	0.0002	0.6098	0.7557	0.0003	5.8059	3.3962	0.0018	85.8450	0.4082	0.0000	2.8739	1.4435	0.0725	3.9748	0.1327	0.0622	0.5915	2.6171	0.0902	4.7129	3464.8822	29.6949	0.1224	0.4070	1.9944	26.8363	2.0374	143.7566	0.2939	0.0001	0.2938	0.1536	0.0001	0.1535	0.1403	0.0000	0.1403	0.9711	0.0316	0.9395	0.0422	0.0171	0.0250	0.9289	0.0145	0.9144	0.3889	0.3383	0.0506	0.0452	0.0434	0.0018	0.3437	0.2949	0.0488	0.6727	0.4364	0.2364	0.3178	0.2755	0.0423	0.3549	0.1609	0.1940
29	88	0.0222	4	2	0	1	0	0	0	1	0	1	0	2	1	0	0	0	0	0	0	Y	N	N	N	Y	N	N	N	N	N	N	N	N	N	N	N	N	N	17.6129	10.3746	60.7631	153.7174	151.9594	0.0000	14.9385	0.0260	60.3376	0.1388	0.0418	0.7328	1.9131	1.9454	0.0000	0.1049	0.0000	0.7344	0.0079	0.0040	0.0121	0.0124	0.0128	0.0001	0.0070	0.0003	0.0122	2.8656	2.7619	0.0003	0.0001	1.9944	1.0173	2.0374	8.6136	0.0020	0.0005	0.0015	0.0005	0.0005	0.0000	0.0015	0.0000	0.0015	0.0004	0.0001	0.0003	0.0001	0.0001	0.0000	0.0003	0.0000	0.0003	0.0144	0.0124	0.0020	0.0003	0.0003	0.0000	0.0141	0.0121	0.0020	0.0506	0.0263	0.0243	0.0080	0.0078	0.0002	0.0426	0.0185	0.0240
29	90	0.0222	4	2	0	1	0	0	0	1	0	1	0	2	1	0	0	0	0	0	0	Y	N	N	N	Y	N	N	N	N	N	N	N	N	N	N	N	N	N	1.9748	0.6311	180.4970	91.6023	90.4233	0.0000	0.9168	0.0000	179.1558	0.0345	0.0214	0.1144	1.4394	1.4757	0.0000	0.0162	0.0000	0.1147	0.0175	0.0340	0.0006	0.0157	0.0163	0.0000	0.0177	0.0398	0.0006	0.8696	0.0183	-0.0001	-0.0006	1.9944	2.0138	2.0374	11.8132	0.0010	0.0005	0.0004	0.0005	0.0005	0.0000	0.0004	0.0000	0.0004	0.0012	0.0011	0.0000	0.0001	0.0001	0.0000	0.0010	0.0010	0.0000	0.0280	0.0241	0.0039	0.0004	0.0004	0.0000	0.0277	0.0238	0.0039	0.0661	0.0333	0.0327	0.0085	0.0082	0.0003	0.0575	0.0251	0.0324
29	91	0.0137	3	2	0	1	0	0	0	1	0	2	1	2	1	0	0	0	0	0	0	Y	N	N	N	Y	N	N	N	N	N	N	N	N	N	N	N	N	N	0.9708	5.8454	1.1072	196.5654	191.8382	0.0000	0.2789	0.0193	1.0992	0.0607	0.0488	0.1333	5.9075	5.9121	0.0000	0.0189	0.0000	0.1333	0.0625	0.0083	0.1204	0.0301	0.0308	0.0001	0.0679	0.0002	0.1213	0.4481	13.5074	-0.0005	0.0008	1.9944	1.9725	2.0374	4.2763	0.0017	0.0012	0.0005	0.0012	0.0012	0.0000	0.0005	0.0000	0.0005	0.0020	0.0001	0.0019	0.0001	0.0001	0.0000	0.0019	0.0000	0.0019	0.0275	0.0236	0.0039	0.0002	0.0002	0.0000	0.0273	0.0234	0.0039	0.0328	0.0169	0.0159	0.0046	0.0045	0.0001	0.0282	0.0124	0.0157
29	98	0.0437	6	2	0	1	1	0	0	1	1	1	0	2	1	0	0	0	0	0	0	Y	N	N	N	Y	N	N	N	N	N	N	N	N	N	N	N	N	N	0.0000	0.0000	0.0000	0.0000	0.0000	0.0000	0.0000	0.0000	0.0000	0.0000	0.0000	0.0000	0.0000	0.0000	0.0000	0.0000	0.0000	0.0000	0.0000	0.0000	0.0000	0.0000	0.0000	0.0000	0.0000	0.0000	0.0000			0.0000	0.0000	1.9944	2.9999	2.0374	3.9821	0.0000	0.0000	0.0000	0.0000	0.0000	0.0000	0.0000	0.0000	0.0000	0.0000	0.0000	0.0000	0.0000	0.0000	0.0000	0.0000	0.0000	0.0000	0.0412	0.0354	0.0058	0.0003	0.0003	0.0000	0.0409	0.0352	0.0057	0.0285	0.0135	0.0150	0.0024	0.0020	0.0004	0.0261	0.0115	0.0146
29	99	0.0406	5	2	0	1	0	0	0	1	0	1	0	2	1	0	0	0	0	0	0	Y	N	N	N	Y	N	N	N	N	N	N	N	N	N	N	N	N	N	306663.2213	222147.3516	2778.6741	40.4674	36.1104	0.0000	1360375.7666	inf	2722.9199	4.7712	5.3717	0.0205	0.0045	0.0045	0.0000	5.7622	6.6596	0.0205	0.0000	0.0000	0.0000	0.0001	0.0001	0.0000	0.0000	0.0000	0.0000	0.0005	0.3212	-0.0000	-0.0000	1.9944	0.0003	2.0374	2.0601	0.0000	0.0000	0.0000	0.0000	0.0000	0.0000	0.0000	0.0000	0.0000	0.0000	0.0000	0.0000	0.0000	0.0000	0.0000	0.0000	0.0000	0.0000	0.0000	0.0000	0.0000	0.0000	0.0000	0.0000	0.0000	0.0000	0.0000	0.0091	0.0044	0.0047	0.0010	0.0009	0.0001	0.0081	0.0036	0.0046
29	100	0.0208	4	2	0	1	0	0	0	1	0	2	1	2	1	0	0	0	0	0	0	Y	N	N	N	Y	N	N	N	N	N	N	N	N	N	N	N	N	N	5863.0566	4845.3040	31.6566	141.7008	125.7607	0.0000	16132.0519	inf	31.1719	24.1235	28.0576	0.0828	4.8630	4.8661	0.0000	24.1420	28.0836	0.0828	0.0041	0.0058	0.0026	0.0343	0.0387	0.0003	0.0015	0.0000	0.0027	0.0005	0.5046	-0.5792	-0.0000	1.9944	3.0014	2.0374	9.1620	0.9941	0.9936	0.0005	0.0002	0.0002	0.0000	0.9939	0.9934	0.0005	0.0002	0.0001	0.0001	0.0001	0.0001	0.0000	0.0001	0.0000	0.0001	0.0412	0.0354	0.0058	0.0000	0.0000	0.0000	0.0412	0.0354	0.0058	0.0518	0.0245	0.0273	0.0041	0.0037	0.0005	0.0477	0.0208	0.0269
29	101	0.0079	3	2	0	1	0	0	0	1	0	1	0	1	0	0	0	0	0	0	0	Y	N	N	N	N	N	N	N	N	N	N	N	N	N	N	N	N	N	233.1798	228129.8841	4.4307	248907.9437	226261.5294	0.0000	167.4036	174993.5504	4.4272	25.3110	29.1566	0.8671	201.3108	201.3113	0.0000	18.2539	21.1170	0.8672	0.1085	0.0001	0.1957	0.0008	0.0009	0.0000	0.1090	0.0001	0.1959	0.0047	1904.6578	-0.0017	0.0016	1.9944	0.0077	2.0374	8.0757	0.0029	0.0029	0.0000	0.0009	0.0009	0.0000	0.0020	0.0020	0.0000	0.0035	0.0000	0.0035	0.0000	0.0000	0.0000	0.0035	0.0000	0.0035	0.0001	0.0001	0.0000	0.0000	0.0000	0.0000	0.0001	0.0001	0.0000	0.0323	0.0144	0.0179	0.0001	0.0001	0.0000	0.0322	0.0143	0.0179
29	102	0.0063	2	2	0	1	0	0	0	1	0	1	0	1	0	0	0	0	0	0	0	Y	N	N	N	N	N	N	N	N	N	N	N	N	N	N	N	N	N	212654.4094	195339.4990	53210.8393	461.5865	460.7422	0.0000	402621.3828	inf	53210.8198	63.0872	70.7084	13.0222	188.1738	188.1739	0.0000	54.9677	61.8352	13.0223	0.0003	0.0004	0.0002	0.4077	0.4084	0.0000	0.0001	0.0000	0.0002	0.0280	0.8502	-0.0006	-0.0000	1.9944	0.0011	2.0374	1.0060	0.0011	0.0011	0.0000	0.0002	0.0002	0.0000	0.0009	0.0009	0.0000	0.0000	0.0000	0.0000	0.0000	0.0000	0.0000	0.0000	0.0000	0.0000	0.0000	0.0000	0.0000	0.0000	0.0000	0.0000	0.0000	0.0000	0.0000	0.0041	0.0018	0.0023	0.0000	0.0000	0.0000	0.0041	0.0018	0.0023
29	113	0.0063	2	2	0	1	0	0	0	1	0	1	0	1	0	0	0	0	0	0	0	Y	N	N	N	N	N	N	N	N	N	N	N	N	N	N	N	N	N	572.8870	812.5771	1465.7840	22.4301	22.3827	0.0000	578.7959	5853.1475	1465.7836	5.3086	2.8624	20.2810	186.6237	186.6256	0.0000	4.5467	1.9635	20.2810	0.0093	0.0035	0.0138	8.3202	8.3379	0.0000	0.0079	0.0003	0.0138	1.1576	4.9368	-0.0001	0.0000	1.9944	0.0182	2.0374	4.6661	0.0014	0.0006	0.0007	0.0002	0.0002	0.0000	0.0012	0.0004	0.0007	0.0002	0.0000	0.0001	0.0000	0.0000	0.0000	0.0001	0.0000	0.0001	0.0003	0.0002	0.0000	0.0000	0.0000	0.0000	0.0003	0.0002	0.0000	0.0188	0.0083	0.0105	0.0000	0.0000	0.0000	0.0188	0.0083	0.0105
29	121	0.0651	9	2	0	1	0	0	0	1	0	1	0	1	0	0	0	0	0	0	0	Y	N	N	N	N	N	N	N	N	N	N	N	N	N	N	N	N	N	0.0000	0.0000	0.0000	0.0000	0.0000	0.0000	0.0000	0.0000	0.0000	0.0000	0.0000	0.0000	0.0000	0.0000	0.0000	0.0000	0.0000	0.0000	0.0003	0.0003	0.0003	0.0004	0.0004	0.0000	0.0002	0.0001	0.0003		0.8494	0.0000	-0.0000	1.9944	0.0000	2.0374	1.2022	0.0000	0.0000	0.0000	0.0000	0.0000	0.0000	0.0000	0.0000	0.0000	0.0000	0.0000	0.0000	0.0000	0.0000	0.0000	0.0000	0.0000	0.0000	0.0000	0.0000	0.0000	0.0000	0.0000	0.0000	0.0000	0.0000	0.0000	0.0113	0.0064	0.0050	0.0039	0.0038	0.0001	0.0074	0.0026	0.0048
29	122	0.0438	8	2	0	1	0	1	0	1	0	1	0	1	0	0	0	0	0	0	0	Y	N	N	N	N	N	N	N	N	N	N	N	N	N	N	N	N	N	0.0000	0.0000	0.0000	0.0000	0.0000	0.0000	0.0000	0.0000	0.0000	0.0000	0.0000	0.0000	0.0000	0.0000	0.0000	0.0000	0.0000	0.0000	0.0377	0.0007	0.0803	0.0000	0.0000	0.0000	0.0463	0.0009	0.0833		106.9984	0.0000	0.0010	1.9944	0.0041	2.0374	12.5856	0.0000	0.0000	0.0000	0.0000	0.0000	0.0000	0.0000	0.0000	0.0000	0.0023	0.0000	0.0023	0.0000	0.0000	0.0000	0.0023	0.0000	0.0023	0.0001	0.0001	0.0000	0.0000	0.0000	0.0000	0.0001	0.0001	0.0000	0.0613	0.0328	0.0285	0.0115	0.0104	0.0010	0.0499	0.0224	0.0275
30	42	0.1062	16	2	0	1	0	0	0	0	0	0	1	0	1	0	0	0	0	0	0	Y	N	N	N	N	N	N	N	N	N	N	N	N	N	N	N	N	N	0.0000	0.0000	0.0000	0.0000	0.0000	0.0000	0.0000	0.0000	0.0000	0.0000	0.0000	0.0000	0.0000	0.0000	0.0000	0.0000	0.0000	0.0000	0.0000	0.0000	0.0000	0.0000	0.0000	0.0000	0.0000	0.0000	0.0000			0.0000	0.0000	0.0026	0.0000	6.8389	0.0011	0.0000	0.0000	0.0000	0.0000	0.0000	0.0000	0.0000	0.0000	0.0000	0.0000	0.0000	0.0000	0.0000	0.0000	0.0000	0.0000	0.0000	0.0000	0.0000	0.0000	0.0000	0.0000	0.0000	0.0000	0.0000	0.0000	0.0000	0.0000	0.0000	0.0000	0.0000	0.0000	0.0000	0.0000	0.0000	0.0000
30	44	0.0781	13	2	0	1	1	0	0	0	0	0	0	1	1	0	0	0	0	0	0	Y	N	N	N	N	N	N	N	N	N	N	N	N	N	N	N	N	N	0.0000	0.0000	0.0000	0.0000	0.0000	0.0000	0.0000	0.0000	0.0000	0.0000	0.0000	0.0000	0.0000	0.0000	0.0000	0.0000	0.0000	0.0000	0.0220	0.0412	0.0000	0.0993	0.1154	0.0000	0.0000	0.0000	0.0000		0.0000	0.0000	-0.0029	0.0026	7.0030	6.8389	25.8862	0.0000	0.0000	0.0000	0.0000	0.0000	0.0000	0.0000	0.0000	0.0000	0.0053	0.0053	0.0000	0.0053	0.0053	0.0000	0.0000	0.0000	0.0000	0.0002	0.0002	0.0000	0.0000	0.0000	0.0000	0.0002	0.0001	0.0000	0.2433	0.1298	0.1135	0.0538	0.0463	0.0075	0.1895	0.0835	0.1060
30	48	0.0781	13	2	0	1	1	0	0	0	0	0	0	1	1	0	0	0	0	0	0	Y	N	N	N	N	N	N	N	N	N	N	N	N	N	N	N	N	N	0.0000	0.0000	0.0000	0.0000	0.0000	0.0000	0.0000	0.0000	0.0000	0.0000	0.0000	0.0000	0.0000	0.0000	0.0000	0.0000	0.0000	0.0000	0.0017	0.0029	0.0002	0.0062	0.0069	0.0000	0.0001	0.0000	0.0003		0.0643	0.0000	-0.0001	0.0026	1.7572	6.8389	7.6758	0.0000	0.0000	0.0000	0.0000	0.0000	0.0000	0.0000	0.0000	0.0000	0.0001	0.0001	0.0000	0.0001	0.0001	0.0000	0.0000	0.0000	0.0000	0.0001	0.0000	0.0000	0.0000	0.0000	0.0000	0.0000	0.0000	0.0000	0.0865	0.0489	0.0376	0.0225	0.0202	0.0023	0.0640	0.0287	0.0353
30	49	0.0692	12	2	0	1	1	0	0	0	1	0	0	1	1	0	0	0	0	0	0	Y	N	N	N	N	N	N	N	N	N	N	N	N	N	N	N	N	N	0.0000	0.0000	0.0000	0.0000	0.0000	0.0000	0.0000	0.0000	0.0000	0.0000	0.0000	0.0000	0.0000	0.0000	0.0000	0.0000	0.0000	0.0000	0.0283	0.0489	0.0019	0.1058	0.1191	0.0006	0.0032	0.0046	0.0020		0.0304	0.0000	-0.0009	0.0026	1.2605	6.8389	5.3560	0.0000	0.0000	0.0000	0.0000	0.0000	0.0000	0.0000	0.0000	0.0000	0.0017	0.0017	0.0001	0.0016	0.0016	0.0000	0.0001	0.0001	0.0000	0.0000	0.0000	0.0000	0.0000	0.0000	0.0000	0.0000	0.0000	0.0000	0.0604	0.0339	0.0265	0.0148	0.0131	0.0017	0.0456	0.0208	0.0248
30	50	0.0692	12	2	0	1	0	0	0	0	0	0	0	1	1	0	0	0	0	0	0	Y	N	N	N	N	N	N	N	N	N	N	N	N	N	N	N	N	N	0.0000	0.0000	0.0000	0.0000	0.0000	0.0000	0.0000	0.0000	0.0000	0.0000	0.0000	0.0000	0.0000	0.0000	0.0000	0.0000	0.0000	0.0000	13.3415	24.2104	0.0000	0.0173	0.0196	0.0000	17.4264	38.7035	0.0000		0.0000	0.0000	-0.5412	0.0026	1.0001	6.8389	7.4568	0.0000	0.0000	0.0000	0.0000	0.0000	0.0000	0.0000	0.0000	0.0000	0.9872	0.9872	0.0000	0.0003	0.0003	0.0000	0.9869	0.9869	0.0000	0.0000	0.0000	0.0000	0.0000	0.0000	0.0000	0.0000	0.0000	0.0000	0.0740	0.0408	0.0332	0.0174	0.0153	0.0021	0.0566	0.0255	0.0311
30	51	0.0647	11	2	0	1	0	0	0	0	0	0	1	1	1	0	0	0	0	0	0	Y	N	N	N	N	N	N	N	N	N	N	N	N	N	N	N	N	N	0.0000	0.0000	0.0000	0.0000	0.0000	0.0000	0.0000	0.0000	0.0000	0.0000	0.0000	0.0000	0.0000	0.0000	0.0000	0.0000	0.0000	0.0000	0.2006	0.3065	0.0057	0.2295	0.2823	0.0032	0.1742	0.3426	0.0065		0.0100	0.0000	-0.0069	0.0026	0.0061	6.8389	2.7591	0.0000	0.0000	0.0000	0.0000	0.0000	0.0000	0.0000	0.0000	0.0000	0.0127	0.0126	0.0001	0.0070	0.0070	0.0000	0.0058	0.0057	0.0001	0.0000	0.0000	0.0000	0.0000	0.0000	0.0000	0.0000	0.0000	0.0000	0.0635	0.0412	0.0224	0.0304	0.0246	0.0057	0.0332	0.0165	0.0166
30	52	0.0911	17	2	0	1	0	0	0	0	0	0	1	0	1	0	0	0	0	0	0	Y	N	N	N	N	N	N	N	N	N	N	N	N	N	N	N	N	N	0.0000	0.0000	0.0000	0.0000	0.0000	0.0000	0.0000	0.0000	0.0000	0.0000	0.0000	0.0000	0.0000	0.0000	0.0000	0.0000	0.0000	0.0000	0.0051	0.0095	0.0000	0.0246	0.0270	0.0000	0.0000	0.0000	0.0000		0.0000	0.0000	-0.0002	0.0026	1.0020	6.8389	7.2599	0.0000	0.0000	0.0000	0.0000	0.0000	0.0000	0.0000	0.0000	0.0000	0.0003	0.0003	0.0000	0.0003	0.0003	0.0000	0.0000	0.0000	0.0000	0.0000	0.0000	0.0000	0.0000	0.0000	0.0000	0.0000	0.0000	0.0000	0.0686	0.0366	0.0320	0.0141	0.0129	0.0012	0.0544	0.0237	0.0307
30	53	0.0714	16	2	0	1	0	1	0	0	0	0	0	0	0	0	0	0	0	0	0	Y	N	N	N	N	N	N	N	N	N	N	N	N	N	N	N	N	N	0.0000	0.0000	0.0000	0.0000	0.0000	0.0000	0.0000	0.0000	0.0000	0.0000	0.0000	0.0000	0.0000	0.0000	0.0000	0.0000	0.0000	0.0000	0.0057	0.0108	0.0000	0.0112	0.0119	0.0000	0.0045	0.0103	0.0000		0.0008	0.0000	-0.0003	0.0026	3.0050	6.8389	8.3063	0.0000	0.0000	0.0000	0.0000	0.0000	0.0000	0.0000	0.0000	0.0000	0.0005	0.0005	0.0000	0.0002	0.0002	0.0000	0.0003	0.0003	0.0000	0.0001	0.0001	0.0000	0.0000	0.0000	0.0000	0.0001	0.0001	0.0000	0.0924	0.0488	0.0436	0.0160	0.0152	0.0009	0.0764	0.0337	0.0427
30	56	0.0816	15	2	0	1	0	0	0	0	0	0	0	0	0	0	0	0	0	0	0	Y	N	N	N	N	N	N	N	N	N	N	N	N	N	N	N	N	N	0.0000	0.0000	0.0000	0.0000	0.0000	0.0000	0.0000	0.0000	0.0000	0.0000	0.0000	0.0000	0.0000	0.0000	0.0000	0.0000	0.0000	0.0000	0.2380	0.0004	0.5068	0.0010	0.0011	0.0003	0.2942	0.0000	0.5233		1230.9736	0.0000	0.0118	0.0026	2.9988	6.8389	11.1255	0.0000	0.0000	0.0000	0.0000	0.0000	0.0000	0.0000	0.0000	0.0000	0.0263	0.0000	0.0262	0.0000	0.0000	0.0000	0.0262	0.0000	0.0262	0.0001	0.0001	0.0000	0.0000	0.0000	0.0000	0.0001	0.0001	0.0000	0.1103	0.0585	0.0518	0.0211	0.0195	0.0016	0.0892	0.0390	0.0501
30	70	0.0719	12	2	0	1	0	0	0	0	0	0	1	1	1	0	0	0	0	0	0	Y	N	N	N	N	N	N	N	N	N	N	N	N	N	N	N	N	N	0.0000	0.0000	0.0000	0.0000	0.0000	0.0000	0.0000	0.0000	0.0000	0.0000	0.0000	0.0000	0.0000	0.0000	0.0000	0.0000	0.0000	0.0000	0.0119	0.0002	0.0267	0.0361	0.0004	0.3485	0.0029	0.0000	0.0051		111.5888	0.0000	0.0005	0.0026	2.3581	6.8389	7.4584	0.0000	0.0000	0.0000	0.0000	0.0000	0.0000	0.0000	0.0000	0.0000	0.0011	0.0000	0.0011	0.0009	0.0000	0.0009	0.0002	0.0000	0.0002	0.0001	0.0001	0.0000	0.0000	0.0000	0.0000	0.0001	0.0000	0.0000	0.0929	0.0518	0.0410	0.0252	0.0226	0.0026	0.0677	0.0292	0.0385
30	71	0.0647	11	2	0	1	0	0	0	0	0	0	0	1	0	0	0	0	0	0	0	Y	N	N	N	N	N	N	N	N	N	N	N	N	N	N	N	N	N	0.0000	0.0000	0.0000	0.0000	0.0000	0.0000	0.0000	0.0000	0.0000	0.0000	0.0000	0.0000	0.0000	0.0000	0.0000	0.0000	0.0000	0.0000	0.1562	0.0132	0.3841	0.2566	0.0172	1.3186	0.0872	0.0084	0.1589		18.2869	0.0000	0.0051	0.0026	1.7590	6.8389	3.5356	0.0000	0.0000	0.0000	0.0000	0.0000	0.0000	0.0000	0.0000	0.0000	0.0128	0.0007	0.0121	0.0086	0.0005	0.0081	0.0042	0.0002	0.0040	0.0000	0.0000	0.0000	0.0000	0.0000	0.0000	0.0000	0.0000	0.0000	0.0820	0.0504	0.0316	0.0334	0.0272	0.0061	0.0486	0.0231	0.0255
30	72	0.0613	10	2	0	1	0	0	0	0	0	1	0	1	0	0	0	0	0	0	0	Y	N	N	N	N	N	N	N	N	N	N	N	N	N	N	N	N	N	0.0000	0.0000	0.0000	0.0000	0.0000	0.0000	0.0000	0.0000	0.0000	0.0000	0.0000	0.0000	0.0000	0.0000	0.0000	0.0000	0.0000	0.0000	0.8224	0.8926	0.7495	0.0201	0.0137	0.0681	0.9906	1.2701	0.7789		0.8088	0.0000	-0.0016	0.0026	0.0029	6.8389	2.4186	0.0000	0.0000	0.0000	0.0000	0.0000	0.0000	0.0000	0.0000	0.0000	0.0155	0.0086	0.0069	0.0001	0.0000	0.0000	0.0154	0.0085	0.0069	0.0000	0.0000	0.0000	0.0000	0.0000	0.0000	0.0000	0.0000	0.0000	0.0189	0.0096	0.0093	0.0033	0.0029	0.0004	0.0156	0.0067	0.0089
30	78	0.0816	15	2	0	1	0	0	0	0	0	0	1	0	1	0	0	0	0	0	0	Y	N	N	N	N	N	N	N	N	N	N	N	N	N	N	N	N	N	0.0000	0.0000	0.0000	0.0000	0.0000	0.0000	0.0000	0.0000	0.0000	0.0000	0.0000	0.0000	0.0000	0.0000	0.0000	0.0000	0.0000	0.0000	0.2851	0.0285	0.5768	0.0775	0.0838	0.0000	0.3356	0.0000	0.5954		17.8092	0.0000	0.0110	0.0026	0.0166	6.8389	12.2009	0.0000	0.0000	0.0000	0.0000	0.0000	0.0000	0.0000	0.0000	0.0000	0.0277	0.0015	0.0262	0.0015	0.0015	0.0000	0.0262	0.0000	0.0262	0.0000	0.0000	0.0000	0.0000	0.0000	0.0000	0.0000	0.0000	0.0000	0.0971	0.0517	0.0455	0.0190	0.0176	0.0014	0.0781	0.0341	0.0440
30	79	0.0673	14	2	0	1	0	1	0	0	0	0	0	0	0	0	0	0	0	0	0	Y	N	N	N	N	N	N	N	N	N	N	N	N	N	N	N	N	N	0.0000	0.0000	0.0002	0.0000	0.0000	0.0000	0.0001	0.0000	0.0002	0.0007	0.0000	0.0052	0.0000	0.0000	0.0000	0.0009	0.0000	0.0052	14.5789	0.0012	29.4875	0.0046	0.0050	0.0000	16.7653	0.0000	30.1130	inf	23938.3185	0.0000	0.4358	0.0026	1.0285	6.8389	7.9781	0.0000	0.0000	0.0000	0.0000	0.0000	0.0000	0.0000	0.0000	0.0000	0.9648	0.0000	0.9647	0.0000	0.0000	0.0000	0.9648	0.0000	0.9647	0.0000	0.0000	0.0000	0.0000	0.0000	0.0000	0.0000	0.0000	0.0000	0.0662	0.0335	0.0327	0.0086	0.0080	0.0007	0.0575	0.0255	0.0320
30	84	0.0345	7	2	0	1	0	0	0	0	0	0	0	0	0	0	0	0	0	0	0	Y	N	N	N	N	N	N	N	N	N	N	N	N	N	N	N	N	N	0.0000	0.0000	0.0000	0.0000	0.0000	0.0000	0.0000	0.0000	0.0000	0.0000	0.0000	0.0000	0.0000	0.0000	0.0000	0.0000	0.0000	0.0000	0.0226	0.0441	0.0001	0.1614	0.1727	0.0000	0.0001	0.0000	0.0001		0.0022	0.0000	-0.0018	0.0026	2.9998	6.8389	15.4389	0.0000	0.0000	0.0000	0.0000	0.0000	0.0000	0.0000	0.0000	0.0000	0.0033	0.0033	0.0000	0.0033	0.0033	0.0000	0.0000	0.0000	0.0000	0.0001	0.0001	0.0000	0.0000	0.0000	0.0000	0.0001	0.0001	0.0000	0.1458	0.0744	0.0714	0.0203	0.0190	0.0013	0.1254	0.0554	0.0700
30	88	0.0756	13	2	0	1	0	0	0	0	0	0	0	1	1	0	0	0	0	0	0	Y	N	N	N	N	N	N	N	N	N	N	N	N	N	N	N	N	N	0.0000	0.0000	0.0000	0.0000	0.0000	0.0000	0.0000	0.0000	0.0000	0.0000	0.0000	0.0000	0.0000	0.0000	0.0000	0.0000	0.0000	0.0000	0.0005	0.0004	0.0005	0.0008	0.0009	0.0005	0.0003	0.0000	0.0005		1.0981	0.0000	-0.0000	0.0026	1.0173	6.8389	8.6136	0.0000	0.0000	0.0000	0.0000	0.0000	0.0000	0.0000	0.0000	0.0000	0.0000	0.0000	0.0000	0.0000	0.0000	0.0000	0.0000	0.0000	0.0000	0.0000	0.0000	0.0000	0.0000	0.0000	0.0000	0.0000	0.0000	0.0000	0.0928	0.0520	0.0407	0.0252	0.0234	0.0018	0.0676	0.0286	0.0390
30	90	0.0756	13	2	0	1	0	0	0	0	0	0	0	1	1	0	0	0	0	0	0	Y	N	N	N	N	N	N	N	N	N	N	N	N	N	N	N	N	N	0.0000	0.0000	0.0000	0.0000	0.0000	0.0000	0.0000	0.0000	0.0000	0.0000	0.0000	0.0000	0.0000	0.0000	0.0000	0.0000	0.0000	0.0000	0.0801	0.1458	0.0000	0.3159	0.3437	0.0000	0.0000	0.0000	0.0000		0.0000	0.0000	-0.0054	0.0026	2.0138	6.8389	11.8132	0.0000	0.0000	0.0000	0.0000	0.0000	0.0000	0.0000	0.0000	0.0000	0.0098	0.0098	0.0000	0.0098	0.0098	0.0000	0.0000	0.0000	0.0000	0.0001	0.0000	0.0000	0.0000	0.0000	0.0000	0.0000	0.0000	0.0000	0.1220	0.0671	0.0550	0.0310	0.0285	0.0025	0.0911	0.0386	0.0525
30	91	0.0671	12	2	0	1	0	0	0	0	0	1	1	1	1	0	0	0	0	0	0	Y	N	N	N	N	N	N	N	N	N	N	N	N	N	N	N	N	N	0.0000	0.0000	0.0000	0.0000	0.0000	0.0000	0.0000	0.0000	0.0000	0.0000	0.0000	0.0000	0.0000	0.0000	0.0000	0.0000	0.0000	0.0000	0.0004	0.0007	0.0000	0.0015	0.0016	0.0000	0.0000	0.0000	0.0000		0.0390	0.0000	-0.0000	0.0026	1.9725	6.8389	4.2763	0.0000	0.0000	0.0000	0.0000	0.0000	0.0000	0.0000	0.0000	0.0000	0.0000	0.0000	0.0000	0.0000	0.0000	0.0000	0.0000	0.0000	0.0000	0.0001	0.0000	0.0000	0.0000	0.0000	0.0000	0.0000	0.0000	0.0000	0.0601	0.0335	0.0266	0.0154	0.0143	0.0011	0.0447	0.0192	0.0255
30	98	0.0971	13	2	0	1	1	0	0	0	1	0	0	1	1	0	0	0	0	0	0	Y	N	N	N	N	N	N	N	N	N	N	N	N	N	N	N	N	N	0.0000	0.0000	0.0000	0.0000	0.0000	0.0000	0.0000	0.0000	0.0000	0.0000	0.0000	0.0000	0.0000	0.0000	0.0000	0.0000	0.0000	0.0000	0.1360	0.2589	0.0000	0.0655	0.0743	0.0000	0.1546	0.3577	0.0000		0.0000	0.0000	-0.0040	0.0026	2.9999	6.8389	3.9821	0.0000	0.0000	0.0000	0.0000	0.0000	0.0000	0.0000	0.0000	0.0000	0.0073	0.0073	0.0000	0.0007	0.0007	0.0000	0.0066	0.0066	0.0000	0.0001	0.0001	0.0000	0.0000	0.0000	0.0000	0.0001	0.0001	0.0000	0.0536	0.0282	0.0255	0.0112	0.0098	0.0013	0.0425	0.0184	0.0241
30	99	0.0940	12	2	0	1	0	0	0	0	0	0	0	1	1	0	0	0	0	0	0	Y	N	N	N	N	N	N	N	N	N	N	N	N	N	N	N	N	N	0.0000	0.0000	0.0000	0.0000	0.0000	0.0000	0.0000	0.0000	0.0000	0.0000	0.0000	0.0000	0.0000	0.0000	0.0000	0.0000	0.0000	0.0000	57.5065	107.8672	0.0000	0.3975	0.4446	0.0000	74.0560	172.8209	0.0000		0.0000	0.0000	-0.5399	0.0026	0.0003	6.8389	2.0601	0.0000	0.0000	0.0000	0.0000	0.0000	0.0000	0.0000	0.0000	0.0000	0.9847	0.9847	0.0000	0.0015	0.0015	0.0000	0.9831	0.9831	0.0000	0.0000	0.0000	0.0000	0.0000	0.0000	0.0000	0.0000	0.0000	0.0000	0.0171	0.0091	0.0080	0.0038	0.0034	0.0004	0.0133	0.0057	0.0076
30	100	0.0742	11	2	0	1	0	0	0	0	0	1	1	1	1	0	0	0	0	0	0	Y	N	N	N	N	N	N	N	N	N	N	N	N	N	N	N	N	N	0.0000	0.0000	0.0000	0.0000	0.0000	0.0000	0.0000	0.0000	0.0000	0.0000	0.0000	0.0000	0.0000	0.0000	0.0000	0.0000	0.0000	0.0000	0.0729	0.1398	0.0000	0.0035	0.0039	0.0000	0.0901	0.2099	0.0000		0.0001	0.0000	-0.0039	0.0026	3.0014	6.8389	9.1620	0.0000	0.0000	0.0000	0.0000	0.0000	0.0000	0.0000	0.0000	0.0000	0.0071	0.0071	0.0000	0.0001	0.0001	0.0000	0.0070	0.0070	0.0000	0.0001	0.0001	0.0000	0.0000	0.0000	0.0000	0.0001	0.0001	0.0000	0.0969	0.0505	0.0464	0.0192	0.0172	0.0020	0.0777	0.0333	0.0443
30	101	0.0613	10	2	0	1	0	0	0	0	0	0	0	0	0	0	0	0	0	0	0	Y	N	N	N	N	N	N	N	N	N	N	N	N	N	N	N	N	N	0.0000	0.0000	0.0000	0.0000	0.0000	0.0000	0.0000	0.0000	0.0000	0.0000	0.0000	0.0000	0.0000	0.0000	0.0000	0.0000	0.0000	0.0000	0.0013	0.0020	0.0007	0.0030	0.0034	0.0000	0.0010	0.0014	0.0007		0.3246	0.0000	-0.0000	0.0026	0.0077	6.8389	8.0757	0.0000	0.0000	0.0000	0.0000	0.0000	0.0000	0.0000	0.0000	0.0000	0.0001	0.0001	0.0000	0.0000	0.0000	0.0000	0.0001	0.0000	0.0000	0.0000	0.0000	0.0000	0.0000	0.0000	0.0000	0.0000	0.0000	0.0000	0.0610	0.0308	0.0301	0.0102	0.0090	0.0012	0.0508	0.0219	0.0289
30	102	0.0597	9	2	0	1	0	0	0	0	0	0	0	0	0	0	0	0	0	0	0	Y	N	N	N	N	N	N	N	N	N	N	N	N	N	N	N	N	N	0.0000	0.0000	0.0000	0.0000	0.0000	0.0000	0.0000	0.0000	0.0000	0.0000	0.0000	0.0000	0.0000	0.0000	0.0000	0.0000	0.0000	0.0000	0.0040	0.0037	0.0042	0.0001	0.0000	0.0003	0.0047	0.0051	0.0044		1.1389	0.0000	-0.0000	0.0026	0.0011	6.8389	1.0060	0.0000	0.0000	0.0000	0.0000	0.0000	0.0000	0.0000	0.0000	0.0000	0.0000	0.0000	0.0000	0.0000	0.0000	0.0000	0.0000	0.0000	0.0000	0.0000	0.0000	0.0000	0.0000	0.0000	0.0000	0.0000	0.0000	0.0000	0.0077	0.0039	0.0038	0.0013	0.0011	0.0001	0.0064	0.0028	0.0037
30	113	0.0597	11	2	0	1	0	0	0	0	0	0	0	0	0	0	0	0	0	0	0	Y	N	N	N	N	N	N	N	N	N	N	N	N	N	N	N	N	N	0.0000	0.0000	0.0000	0.0000	0.0000	0.0000	0.0000	0.0000	0.0000	0.0000	0.0000	0.0000	0.0000	0.0000	0.0000	0.0000	0.0000	0.0000	0.0000	0.0000	0.0000	0.0002	0.0002	0.0000	0.0000	0.0000	0.0000		0.0001	0.0000	-0.0000	0.0026	0.0182	6.8389	4.6661	0.0000	0.0000	0.0000	0.0000	0.0000	0.0000	0.0000	0.0000	0.0000	0.0000	0.0000	0.0000	0.0000	0.0000	0.0000	0.0000	0.0000	0.0000	0.0000	0.0000	0.0000	0.0000	0.0000	0.0000	0.0000	0.0000	0.0000	0.0354	0.0179	0.0176	0.0058	0.0051	0.0007	0.0297	0.0128	0.0169
30	114	0.0597	10	2	0	1	0	0	0	0	0	0	0	0	0	0	0	0	0	0	0	Y	N	N	N	N	N	N	N	N	N	N	N	N	N	N	N	N	N	0.0000	0.0000	0.0000	0.0000	0.0000	0.0000	0.0000	0.0000	0.0000	0.0000	0.0000	0.0000	0.0000	0.0000	0.0000	0.0000	0.0000	0.0000	0.0000	0.0000	0.0000	0.0000	0.0000	0.0000	0.0000	0.0000	0.0000			0.0000	-0.0000	0.0026	0.0004	6.8389	0.0007	0.0000	0.0000	0.0000	0.0000	0.0000	0.0000	0.0000	0.0000	0.0000	0.0000	0.0000	0.0000	0.0000	0.0000	0.0000	0.0000	0.0000	0.0000	0.0000	0.0000	0.0000	0.0000	0.0000	0.0000	0.0000	0.0000	0.0000	0.0000	0.0000	0.0000	0.0000	0.0000	0.0000	0.0000	0.0000	0.0000
30	115	0.0597	9	2	0	1	0	0	0	0	0	0	0	0	0	0	0	0	0	0	0	Y	N	N	N	N	N	N	N	N	N	N	N	N	N	N	N	N	N	0.0000	0.0000	0.0000	0.0000	0.0000	0.0000	0.0000	0.0000	0.0000	0.0000	0.0000	0.0000	0.0000	0.0000	0.0000	0.0000	0.0000	0.0000	0.0000	0.0000	0.0000	0.0000	0.0000	0.0000	0.0000	0.0000	0.0000			0.0000	0.0000	0.0026	0.0004	6.8389	0.0002	0.0000	0.0000	0.0000	0.0000	0.0000	0.0000	0.0000	0.0000	0.0000	0.0000	0.0000	0.0000	0.0000	0.0000	0.0000	0.0000	0.0000	0.0000	0.0000	0.0000	0.0000	0.0000	0.0000	0.0000	0.0000	0.0000	0.0000	0.0000	0.0000	0.0000	0.0000	0.0000	0.0000	0.0000	0.0000	0.0000
30	116	0.0393	8	2	0	1	0	0	0	0	0	0	0	0	0	0	0	0	0	0	0	Y	N	N	N	N	N	N	N	N	N	N	N	N	N	N	N	N	N	0.0000	0.0000	0.0000	0.0000	0.0000	0.0000	0.0000	0.0000	0.0000	0.0000	0.0000	0.0000	0.0000	0.0000	0.0000	0.0000	0.0000	0.0000	16.6370	0.0000	35.8336	0.0000	0.0000	0.0001	20.4365	0.0000	36.7204		9035909.9090	0.0000	0.8535	0.0026	0.0012	6.8389	12.6705	0.0000	0.0000	0.0000	0.0000	0.0000	0.0000	0.0000	0.0000	0.0000	1.8894	0.0000	1.8894	0.0000	0.0000	0.0000	1.8894	0.0000	1.8894	0.0000	0.0000	0.0000	0.0000	0.0000	0.0000	0.0000	0.0000	0.0000	0.1136	0.0608	0.0527	0.0211	0.0198	0.0013	0.0925	0.0410	0.0515
30	117	0.0345	7	2	0	1	0	0	0	0	0	0	0	0	0	0	0	0	0	0	0	Y	N	N	N	N	N	N	N	N	N	N	N	N	N	N	N	N	N	0.0000	0.0000	0.0000	0.0000	0.0000	0.0000	0.0000	0.0000	0.0000	0.0000	0.0000	0.0000	0.0000	0.0000	0.0000	0.0000	0.0000	0.0000	0.2045	0.0051	0.4783	0.0127	0.0130	0.0002	0.2623	0.0000	0.4863		68.8074	0.0000	0.0036	0.0026	0.0012	6.8389	3.6220	0.0000	0.0000	0.0000	0.0000	0.0000	0.0000	0.0000	0.0000	0.0000	0.0082	0.0001	0.0081	0.0001	0.0001	0.0000	0.0081	0.0000	0.0081	0.0000	0.0000	0.0000	0.0000	0.0000	0.0000	0.0000	0.0000	0.0000	0.0402	0.0232	0.0169	0.0093	0.0090	0.0003	0.0309	0.0142	0.0166
30	118	0.0310	6	2	0	1	0	1	0	0	0	0	0	0	0	0	0	0	0	0	0	Y	N	N	N	N	N	N	N	N	N	N	N	N	N	N	N	N	N	0.0000	0.0000	0.0000	0.0000	0.0000	0.0000	0.0000	0.0000	0.0000	0.0000	0.0000	0.0000	0.0000	0.0000	0.0000	0.0000	0.0000	0.0000	0.0136	0.0009	0.0324	0.0023	0.0021	0.0242	0.0176	0.0000	0.0325		24.1566	0.0000	0.0002	0.0026	0.0004	6.8389	2.6029	0.0000	0.0000	0.0000	0.0000	0.0000	0.0000	0.0000	0.0000	0.0000	0.0005	0.0000	0.0004	0.0000	0.0000	0.0000	0.0004	0.0000	0.0004	0.0000	0.0000	0.0000	0.0000	0.0000	0.0000	0.0000	0.0000	0.0000	0.0339	0.0203	0.0137	0.0089	0.0088	0.0001	0.0250	0.0115	0.0136
30	121	0.0565	8	2	0	1	0	0	0	0	0	0	0	0	0	0	0	0	0	0	0	Y	N	N	N	N	N	N	N	N	N	N	N	N	N	N	N	N	N	0.0000	0.0000	0.0000	0.0000	0.0000	0.0000	0.0000	0.0000	0.0000	0.0000	0.0000	0.0000	0.0000	0.0000	0.0000	0.0000	0.0000	0.0000	0.0205	0.0184	0.0235	0.0255	0.0259	0.0000	0.0177	0.0071	0.0238		0.8848	0.0000	-0.0000	0.0026	0.0000	6.8389	1.2022	0.0000	0.0000	0.0000	0.0000	0.0000	0.0000	0.0000	0.0000	0.0000	0.0005	0.0003	0.0002	0.0002	0.0002	0.0000	0.0003	0.0000	0.0002	0.0000	0.0000	0.0000	0.0000	0.0000	0.0000	0.0000	0.0000	0.0000	0.0239	0.0141	0.0098	0.0087	0.0086	0.0001	0.0153	0.0056	0.0097
30	122	0.0352	7	2	0	1	0	1	0	0	0	0	0	0	0	0	0	0	0	0	0	Y	N	N	N	N	N	N	N	N	N	N	N	N	N	N	N	N	N	0.0000	0.0000	0.0000	0.0000	0.0000	0.0000	0.0000	0.0000	0.0000	0.0000	0.0000	0.0000	0.0000	0.0000	0.0000	0.0000	0.0000	0.0000	2.3807	0.0573	4.9415	0.0899	0.0919	0.0000	3.4856	0.0038	5.0169		78.2889	0.0000	0.2133	0.0026	0.0041	6.8389	12.5856	0.0000	0.0000	0.0000	0.0000	0.0000	0.0000	0.0000	0.0000	0.0000	0.4857	0.0061	0.4796	0.0060	0.0060	0.0000	0.4798	0.0002	0.4796	0.0000	0.0000	0.0000	0.0000	0.0000	0.0000	0.0000	0.0000	0.0000	0.2040	0.1070	0.0971	0.0664	0.0649	0.0015	0.1376	0.0420	0.0956
31	42	0.0950	15	2	0	1	0	1	0	1	0	0	1	0	1	0	0	0	0	0	0	Y	N	N	N	N	N	N	N	N	N	N	N	N	N	N	N	N	N	0.0000	0.0000	0.0000	0.0000	0.0000	0.0000	0.0000	0.0000	0.0000	0.0000	0.0000	0.0000	0.0000	0.0000	0.0000	0.0000	0.0000	0.0000	0.0000	0.0000	0.0000	0.0000	0.0000	0.0000	0.0000	0.0000	0.0000			0.0000	0.0000	0.0026	0.0000	4.4275	0.0011	0.0000	0.0000	0.0000	0.0000	0.0000	0.0000	0.0000	0.0000	0.0000	0.0000	0.0000	0.0000	0.0000	0.0000	0.0000	0.0000	0.0000	0.0000	0.0000	0.0000	0.0000	0.0000	0.0000	0.0000	0.0000	0.0000	0.0000	0.0000	0.0000	0.0000	0.0000	0.0000	0.0000	0.0000	0.0000	0.0000
31	44	0.0670	12	2	0	1	1	1	0	1	0	0	0	1	1	0	0	0	0	0	0	Y	N	N	N	N	N	N	N	N	N	N	N	N	N	N	N	N	N	0.0000	0.0000	0.0000	0.0000	0.0000	0.0000	0.0000	0.0000	0.0000	0.0000	0.0000	0.0000	0.0000	0.0000	0.0000	0.0000	0.0000	0.0000	0.0211	0.0011	0.0507	0.0017	0.0020	0.0000	0.0333	0.0000	0.0616		32.0332	0.0000	0.0023	0.0026	7.0030	4.4275	25.8862	0.0000	0.0000	0.0000	0.0000	0.0000	0.0000	0.0000	0.0000	0.0000	0.0054	0.0002	0.0052	0.0002	0.0002	0.0000	0.0052	0.0000	0.0052	0.0001	0.0001	0.0000	0.0000	0.0000	0.0000	0.0001	0.0001	0.0000	0.2539	0.1513	0.1027	0.0977	0.0794	0.0182	0.1563	0.0718	0.0844
31	48	0.0670	12	2	0	1	1	1	0	1	0	0	0	1	1	0	0	0	0	0	0	Y	N	N	N	N	N	N	N	N	N	N	N	N	N	N	N	N	N	0.0000	0.0000	0.0000	0.0000	0.0000	0.0000	0.0000	0.0000	0.0000	0.0000	0.0000	0.0000	0.0000	0.0000	0.0000	0.0000	0.0000	0.0000	0.0008	0.0014	0.0000	0.0021	0.0025	0.0000	0.0000	0.0000	0.0000		0.0066	0.0000	-0.0000	0.0026	1.7572	4.4275	7.6758	0.0000	0.0000	0.0000	0.0000	0.0000	0.0000	0.0000	0.0000	0.0000	0.0001	0.0001	0.0000	0.0001	0.0001	0.0000	0.0000	0.0000	0.0000	0.0000	0.0000	0.0000	0.0000	0.0000	0.0000	0.0000	0.0000	0.0000	0.0861	0.0526	0.0335	0.0342	0.0285	0.0057	0.0519	0.0241	0.0277
31	49	0.0581	11	2	0	1	1	1	0	1	1	0	0	1	1	0	0	0	0	0	0	Y	N	N	N	N	N	N	N	N	N	N	N	N	N	N	N	N	N	0.0000	0.0000	0.0000	0.0000	0.0000	0.0000	0.0000	0.0000	0.0000	0.0000	0.0000	0.0000	0.0000	0.0000	0.0000	0.0000	0.0000	0.0000	0.0350	0.0558	0.0022	0.0753	0.0894	0.0096	0.0087	0.0178	0.0005		0.0244	0.0000	-0.0011	0.0026	1.2605	4.4275	5.3560	0.0000	0.0000	0.0000	0.0000	0.0000	0.0000	0.0000	0.0000	0.0000	0.0022	0.0021	0.0001	0.0018	0.0018	0.0000	0.0003	0.0003	0.0000	0.0000	0.0000	0.0000	0.0000	0.0000	0.0000	0.0000	0.0000	0.0000	0.0615	0.0377	0.0239	0.0243	0.0200	0.0043	0.0372	0.0177	0.0196
31	50	0.0581	11	2	0	1	0	1	0	1	0	0	0	1	1	0	0	0	0	0	0	Y	N	N	N	N	N	N	N	N	N	N	N	N	N	N	N	N	N	0.0000	0.0000	0.0000	0.0000	0.0000	0.0000	0.0000	0.0000	0.0000	0.0000	0.0000	0.0000	0.0000	0.0000	0.0000	0.0000	0.0000	0.0000	0.1835	0.3028	0.0000	0.0693	0.0847	0.0000	0.2567	0.5463	0.0000		0.0000	0.0000	-0.0076	0.0026	1.0001	4.4275	7.4568	0.0000	0.0000	0.0000	0.0000	0.0000	0.0000	0.0000	0.0000	0.0000	0.0140	0.0140	0.0000	0.0021	0.0021	0.0000	0.0119	0.0119	0.0000	0.0000	0.0000	0.0000	0.0000	0.0000	0.0000	0.0000	0.0000	0.0000	0.0760	0.0461	0.0300	0.0297	0.0243	0.0054	0.0463	0.0218	0.0246
31	51	0.0535	10	2	0	1	0	1	0	1	0	0	1	1	1	0	0	0	0	0	0	Y	N	N	N	N	N	N	N	N	N	N	N	N	N	N	N	N	N	0.0000	0.0000	0.0000	0.0000	0.0000	0.0000	0.0000	0.0000	0.0000	0.0000	0.0000	0.0000	0.0000	0.0000	0.0000	0.0000	0.0000	0.0000	2.3411	3.4055	0.0186	2.2472	3.0107	0.0235	2.5111	4.3240	0.0131		0.0025	0.0000	-0.2568	0.0026	0.0061	4.4275	2.7591	0.0000	0.0000	0.0000	0.0000	0.0000	0.0000	0.0000	0.0000	0.0000	0.4705	0.4694	0.0012	0.2910	0.2902	0.0008	0.1796	0.1792	0.0004	0.0000	0.0000	0.0000	0.0000	0.0000	0.0000	0.0000	0.0000	0.0000	0.2010	0.1378	0.0632	0.1295	0.0964	0.0331	0.0715	0.0414	0.0301
31	52	0.0799	16	2	0	1	0	1	0	1	0	0	1	0	1	0	0	0	0	0	0	Y	N	N	N	N	N	N	N	N	N	N	N	N	N	N	N	N	N	0.0000	0.0000	0.0000	0.0000	0.0000	0.0000	0.0000	0.0000	0.0000	0.0000	0.0000	0.0000	0.0000	0.0000	0.0000	0.0000	0.0000	0.0000	0.1965	0.3141	0.0019	0.5664	0.6305	0.0200	0.0000	0.0000	0.0000		0.0037	0.0000	-0.0080	0.0026	1.0020	4.4275	7.2599	0.0000	0.0000	0.0000	0.0000	0.0000	0.0000	0.0000	0.0000	0.0000	0.0147	0.0147	0.0001	0.0147	0.0147	0.0001	0.0000	0.0000	0.0000	0.0000	0.0000	0.0000	0.0000	0.0000	0.0000	0.0000	0.0000	0.0000	0.0750	0.0468	0.0283	0.0260	0.0233	0.0027	0.0490	0.0235	0.0255
31	53	0.0602	15	2	0	1	0	2	0	1	0	0	0	0	0	0	0	0	0	0	0	Y	N	N	N	N	N	N	N	N	N	N	N	N	N	N	N	N	N	0.0000	0.0000	0.0000	0.0000	0.0000	0.0000	0.0000	0.0000	0.0000	0.0000	0.0000	0.0000	0.0000	0.0000	0.0000	0.0000	0.0000	0.0000	0.1610	0.2660	0.0005	0.0033	0.0034	0.0003	0.2222	0.4825	0.0005		0.0012	0.0000	-0.0080	0.0026	3.0050	4.4275	8.3063	0.0000	0.0000	0.0000	0.0000	0.0000	0.0000	0.0000	0.0000	0.0000	0.0146	0.0146	0.0000	0.0001	0.0001	0.0000	0.0145	0.0145	0.0000	0.0001	0.0000	0.0000	0.0000	0.0000	0.0000	0.0001	0.0000	0.0000	0.0907	0.0548	0.0359	0.0254	0.0248	0.0006	0.0653	0.0301	0.0353
31	56	0.0704	14	2	0	1	0	1	0	1	0	0	0	0	0	0	0	0	0	0	0	Y	N	N	N	N	N	N	N	N	N	N	N	N	N	N	N	N	N	0.0000	0.0000	0.0000	0.0000	0.0000	0.0000	0.0000	0.0000	0.0000	0.0000	0.0000	0.0000	0.0000	0.0000	0.0000	0.0000	0.0000	0.0000	0.0028	0.0010	0.0056	0.0020	0.0021	0.0000	0.0031	0.0000	0.0057		3.6883	0.0000	0.0001	0.0026	2.9988	4.4275	11.1255	0.0000	0.0000	0.0000	0.0000	0.0000	0.0000	0.0000	0.0000	0.0000	0.0003	0.0001	0.0002	0.0001	0.0001	0.0000	0.0002	0.0000	0.0002	0.0001	0.0000	0.0000	0.0000	0.0000	0.0000	0.0001	0.0000	0.0000	0.1090	0.0663	0.0427	0.0319	0.0309	0.0011	0.0771	0.0355	0.0416
31	70	0.0607	11	2	0	1	0	1	0	1	0	0	1	1	1	0	0	0	0	0	0	Y	N	N	N	N	N	N	N	N	N	N	N	N	N	N	N	N	N	0.0000	0.0000	0.0000	0.0000	0.0000	0.0000	0.0000	0.0000	0.0000	0.0000	0.0000	0.0000	0.0000	0.0000	0.0000	0.0000	0.0000	0.0000	0.4227	0.0032	1.1525	0.8254	0.0056	5.4145	0.1287	0.0000	0.2470		209.6403	0.0000	0.0205	0.0026	2.3581	4.4275	7.4584	0.0000	0.0000	0.0000	0.0000	0.0000	0.0000	0.0000	0.0000	0.0000	0.0459	0.0002	0.0457	0.0379	0.0002	0.0376	0.0081	0.0000	0.0081	0.0001	0.0000	0.0000	0.0000	0.0000	0.0000	0.0000	0.0000	0.0000	0.1087	0.0690	0.0397	0.0459	0.0389	0.0070	0.0628	0.0301	0.0327
31	71	0.0535	10	2	0	1	0	1	0	1	0	0	0	1	0	0	0	0	0	0	0	Y	N	N	N	N	N	N	N	N	N	N	N	N	N	N	N	N	N	0.0000	0.0000	0.0000	0.0000	0.0000	0.0000	0.0000	0.0000	0.0000	0.0000	0.0000	0.0000	0.0000	0.0000	0.0000	0.0000	0.0000	0.0000	2.4601	0.2014	7.1875	2.6830	0.2139	10.1249	2.1046	0.1747	4.5449		17.0489	0.0000	0.2126	0.0026	1.7590	4.4275	3.5356	0.0000	0.0000	0.0000	0.0000	0.0000	0.0000	0.0000	0.0000	0.0000	0.5364	0.0297	0.5067	0.3595	0.0215	0.3380	0.1768	0.0082	0.1686	0.0000	0.0000	0.0000	0.0000	0.0000	0.0000	0.0000	0.0000	0.0000	0.2180	0.1475	0.0705	0.1340	0.1006	0.0334	0.0840	0.0469	0.0371
31	72	0.0502	9	2	0	1	0	1	0	1	0	1	0	1	0	0	0	0	0	0	0	Y	N	N	N	N	N	N	N	N	N	N	N	N	N	N	N	N	N	0.0000	0.0000	0.0000	0.0000	0.0000	0.0000	0.0000	0.0000	0.0000	0.0000	0.0000	0.0000	0.0000	0.0000	0.0000	0.0000	0.0000	0.0000	32.9124	30.5461	36.4249	0.5577	0.5491	0.7011	46.5663	56.9981	37.9796		0.8033	0.0000	-0.0668	0.0026	0.0029	4.4275	2.4186	0.0000	0.0000	0.0000	0.0000	0.0000	0.0000	0.0000	0.0000	0.0000	0.6497	0.3603	0.2894	0.0033	0.0030	0.0002	0.6464	0.3572	0.2892	0.0000	0.0000	0.0000	0.0000	0.0000	0.0000	0.0000	0.0000	0.0000	0.0197	0.0118	0.0079	0.0059	0.0055	0.0003	0.0139	0.0063	0.0076
31	78	0.0704	14	2	0	1	0	1	0	1	0	0	1	0	1	0	0	0	0	0	0	Y	N	N	N	N	N	N	N	N	N	N	N	N	N	N	N	N	N	0.0000	0.0000	0.0000	0.0000	0.0000	0.0000	0.0000	0.0000	0.0000	0.0000	0.0000	0.0000	0.0000	0.0000	0.0000	0.0000	0.0000	0.0000	0.0183	0.0015	0.0444	0.0020	0.0020	0.0003	0.0251	0.0010	0.0455		19.4246	0.0000	0.0007	0.0026	0.0166	4.4275	12.2009	0.0000	0.0000	0.0000	0.0000	0.0000	0.0000	0.0000	0.0000	0.0000	0.0017	0.0001	0.0017	0.0001	0.0001	0.0000	0.0017	0.0000	0.0017	0.0000	0.0000	0.0000	0.0000	0.0000	0.0000	0.0000	0.0000	0.0000	0.0956	0.0582	0.0374	0.0282	0.0272	0.0009	0.0674	0.0310	0.0364
31	79	0.0562	13	2	0	1	0	2	0	1	0	0	0	0	0	0	0	0	0	0	0	Y	N	N	N	N	N	N	N	N	N	N	N	N	N	N	N	N	N	0.0077	0.0574	0.0000	0.7249	0.7418	0.0000	0.0000	0.0000	0.0000	0.0011	0.0013	0.0000	0.0360	0.0378	0.0000	0.0000	0.0000	0.0000	0.1427	0.0219	0.3208	0.0497	0.0510	0.0000	0.1754	0.0004	0.3262	0.0096	9.9148	-0.0000	0.0035	0.0026	1.0285	4.4275	7.9781	0.0000	0.0000	0.0000	0.0000	0.0000	0.0000	0.0000	0.0000	0.0000	0.0096	0.0009	0.0088	0.0009	0.0009	0.0000	0.0088	0.0000	0.0088	0.0000	0.0000	0.0000	0.0000	0.0000	0.0000	0.0000	0.0000	0.0000	0.0676	0.0403	0.0273	0.0176	0.0171	0.0004	0.0500	0.0231	0.0269
31	84	0.0233	6	2	0	1	0	1	0	1	0	0	0	0	0	0	0	0	0	0	0	Y	N	N	N	N	N	N	N	N	N	N	N	N	N	N	N	N	N	0.0000	0.0000	0.0000	0.0000	0.0000	0.0000	0.0000	0.0000	0.0000	0.0000	0.0000	0.0000	0.0000	0.0000	0.0000	0.0000	0.0000	0.0000	0.0258	0.0008	0.0621	0.0016	0.0016	0.0002	0.0343	0.0002	0.0630		53.1398	0.0000	0.0016	0.0026	2.9998	4.4275	15.4389	0.0000	0.0000	0.0000	0.0000	0.0000	0.0000	0.0000	0.0000	0.0000	0.0037	0.0001	0.0036	0.0001	0.0001	0.0000	0.0037	0.0000	0.0036	0.0001	0.0000	0.0000	0.0000	0.0000	0.0000	0.0001	0.0000	0.0000	0.1440	0.0852	0.0588	0.0372	0.0363	0.0009	0.1068	0.0489	0.0579
31	88	0.0645	12	2	0	1	0	1	0	1	0	0	0	1	1	0	0	0	0	0	0	Y	N	N	N	N	N	N	N	N	N	N	N	N	N	N	N	N	N	0.0000	0.0000	0.0000	0.0000	0.0000	0.0000	0.0000	0.0000	0.0000	0.0000	0.0000	0.0000	0.0000	0.0000	0.0000	0.0000	0.0000	0.0000	0.0240	0.0082	0.0493	0.0169	0.0155	0.0497	0.0276	0.0000	0.0493		3.7167	0.0000	0.0005	0.0026	1.0173	4.4275	8.6136	0.0000	0.0000	0.0000	0.0000	0.0000	0.0000	0.0000	0.0000	0.0000	0.0021	0.0004	0.0017	0.0005	0.0004	0.0001	0.0016	0.0000	0.0016	0.0000	0.0000	0.0000	0.0000	0.0000	0.0000	0.0000	0.0000	0.0000	0.0882	0.0545	0.0337	0.0300	0.0288	0.0012	0.0582	0.0256	0.0326
31	90	0.0645	12	2	0	1	0	1	0	1	0	0	0	1	1	0	0	0	0	0	0	Y	N	N	N	N	N	N	N	N	N	N	N	N	N	N	N	N	N	0.0000	0.0000	0.0000	0.0000	0.0000	0.0000	0.0000	0.0000	0.0000	0.0000	0.0000	0.0000	0.0000	0.0000	0.0000	0.0000	0.0000	0.0000	6.1692	10.0219	0.0566	18.5890	19.4108	0.0002	0.0330	0.0006	0.0587		0.0036	0.0000	-0.3967	0.0026	2.0138	4.4275	11.8132	0.0000	0.0000	0.0000	0.0000	0.0000	0.0000	0.0000	0.0000	0.0000	0.7282	0.7256	0.0026	0.7256	0.7256	0.0000	0.0026	0.0000	0.0026	0.0000	0.0000	0.0000	0.0000	0.0000	0.0000	0.0000	0.0000	0.0000	0.1180	0.0724	0.0456	0.0390	0.0374	0.0017	0.0790	0.0350	0.0440
31	91	0.0560	11	2	0	1	0	1	0	1	0	1	1	1	1	0	0	0	0	0	0	Y	N	N	N	N	N	N	N	N	N	N	N	N	N	N	N	N	N	0.0000	0.0000	0.0000	0.0000	0.0000	0.0000	0.0000	0.0000	0.0000	0.0000	0.0000	0.0000	0.0000	0.0000	0.0000	0.0000	0.0000	0.0000	0.0297	0.0474	0.0011	0.0896	0.0933	0.0000	0.0006	0.0000	0.0011		0.0144	0.0000	-0.0009	0.0026	1.9725	4.4275	4.2763	0.0000	0.0000	0.0000	0.0000	0.0000	0.0000	0.0000	0.0000	0.0000	0.0017	0.0017	0.0000	0.0017	0.0017	0.0000	0.0000	0.0000	0.0000	0.0000	0.0000	0.0000	0.0000	0.0000	0.0000	0.0000	0.0000	0.0000	0.0563	0.0348	0.0215	0.0184	0.0177	0.0007	0.0379	0.0171	0.0208
31	98	0.0860	12	2	0	1	1	1	0	1	1	0	0	1	1	0	0	0	0	0	0	Y	N	N	N	N	N	N	N	N	N	N	N	N	N	N	N	N	N	0.0000	0.0000	0.0000	0.0000	0.0000	0.0000	0.0000	0.0000	0.0000	0.0000	0.0000	0.0000	0.0000	0.0000	0.0000	0.0000	0.0000	0.0000	0.0141	0.0228	0.0005	0.0009	0.0010	0.0000	0.0199	0.0430	0.0005		0.0143	0.0000	-0.0004	0.0026	2.9999	4.4275	3.9821	0.0000	0.0000	0.0000	0.0000	0.0000	0.0000	0.0000	0.0000	0.0000	0.0008	0.0007	0.0000	0.0000	0.0000	0.0000	0.0007	0.0007	0.0000	0.0001	0.0000	0.0000	0.0000	0.0000	0.0000	0.0001	0.0000	0.0000	0.0540	0.0328	0.0212	0.0166	0.0157	0.0009	0.0374	0.0171	0.0204
31	99	0.0829	11	2	0	1	0	1	0	1	0	0	0	1	1	0	0	0	0	0	0	Y	N	N	N	N	N	N	N	N	N	N	N	N	N	N	N	N	N	0.0000	0.0000	0.0000	0.0000	0.0000	0.0000	0.0000	0.0000	0.0000	0.0000	0.0000	0.0000	0.0000	0.0000	0.0000	0.0000	0.0000	0.0000	0.3416	0.4174	0.2240	0.4227	0.4445	0.0031	0.3045	0.3913	0.2331		0.3455	0.0000	-0.0017	0.0026	0.0003	4.4275	2.0601	0.0000	0.0000	0.0000	0.0000	0.0000	0.0000	0.0000	0.0000	0.0000	0.0058	0.0043	0.0015	0.0022	0.0022	0.0000	0.0035	0.0020	0.0015	0.0000	0.0000	0.0000	0.0000	0.0000	0.0000	0.0000	0.0000	0.0000	0.0169	0.0103	0.0066	0.0053	0.0050	0.0003	0.0116	0.0052	0.0064
31	100	0.0630	10	2	0	1	0	1	0	1	0	1	1	1	1	0	0	0	0	0	0	Y	N	N	N	N	N	N	N	N	N	N	N	N	N	N	N	N	N	0.0000	0.0000	0.0000	0.0000	0.0000	0.0000	0.0000	0.0000	0.0000	0.0000	0.0000	0.0000	0.0000	0.0000	0.0000	0.0000	0.0000	0.0000	0.0008	0.0010	0.0006	0.0015	0.0016	0.0000	0.0005	0.0005	0.0006		0.3774	0.0000	-0.0000	0.0026	3.0014	4.4275	9.1620	0.0000	0.0000	0.0000	0.0000	0.0000	0.0000	0.0000	0.0000	0.0000	0.0001	0.0001	0.0000	0.0000	0.0000	0.0000	0.0000	0.0000	0.0000	0.0001	0.0000	0.0000	0.0000	0.0000	0.0000	0.0001	0.0000	0.0000	0.0958	0.0576	0.0382	0.0285	0.0271	0.0013	0.0673	0.0304	0.0369
31	101	0.0502	9	2	0	1	0	1	0	1	0	0	0	0	0	0	0	0	0	0	0	Y	N	N	N	N	N	N	N	N	N	N	N	N	N	N	N	N	N	0.0000	0.0000	0.0000	0.0000	0.0000	0.0000	0.0000	0.0000	0.0000	0.0000	0.0000	0.0000	0.0000	0.0000	0.0000	0.0000	0.0000	0.0000	0.0209	0.0347	0.0005	0.0715	0.0751	0.0026	0.0007	0.0009	0.0005		0.0107	0.0000	-0.0007	0.0026	0.0077	4.4275	8.0757	0.0000	0.0000	0.0000	0.0000	0.0000	0.0000	0.0000	0.0000	0.0000	0.0013	0.0013	0.0000	0.0013	0.0013	0.0000	0.0000	0.0000	0.0000	0.0000	0.0000	0.0000	0.0000	0.0000	0.0000	0.0000	0.0000	0.0000	0.0624	0.0372	0.0253	0.0178	0.0170	0.0009	0.0446	0.0202	0.0244
31	102	0.0485	8	2	0	1	0	1	0	1	0	0	0	0	0	0	0	0	0	0	0	Y	N	N	N	N	N	N	N	N	N	N	N	N	N	N	N	N	N	0.0000	0.0000	0.0000	0.0000	0.0000	0.0000	0.0000	0.0000	0.0000	0.0000	0.0000	0.0000	0.0000	0.0000	0.0000	0.0000	0.0000	0.0000	0.1630	0.1288	0.2132	0.0022	0.0023	0.0005	0.2256	0.2325	0.2199		1.1297	0.0000	-0.0000	0.0026	0.0011	4.4275	1.0060	0.0000	0.0000	0.0000	0.0000	0.0000	0.0000	0.0000	0.0000	0.0000	0.0013	0.0006	0.0007	0.0000	0.0000	0.0000	0.0013	0.0006	0.0007	0.0000	0.0000	0.0000	0.0000	0.0000	0.0000	0.0000	0.0000	0.0000	0.0078	0.0047	0.0032	0.0022	0.0021	0.0001	0.0056	0.0026	0.0031
31	113	0.0486	10	2	0	1	0	1	0	1	0	0	0	0	0	0	0	0	0	0	0	Y	N	N	N	N	N	N	N	N	N	N	N	N	N	N	N	N	N	0.0000	0.0000	0.0000	0.0000	0.0000	0.0000	0.0000	0.0000	0.0000	0.0000	0.0000	0.0000	0.0000	0.0000	0.0000	0.0000	0.0000	0.0000	0.0011	0.0017	0.0001	0.0037	0.0039	0.0000	0.0000	0.0000	0.0001		0.0197	0.0000	-0.0000	0.0026	0.0182	4.4275	4.6661	0.0000	0.0000	0.0000	0.0000	0.0000	0.0000	0.0000	0.0000	0.0000	0.0000	0.0000	0.0000	0.0000	0.0000	0.0000	0.0000	0.0000	0.0000	0.0000	0.0000	0.0000	0.0000	0.0000	0.0000	0.0000	0.0000	0.0000	0.0360	0.0214	0.0146	0.0101	0.0096	0.0004	0.0259	0.0118	0.0142
31	114	0.0485	9	2	0	1	0	1	0	1	0	0	0	0	0	0	0	0	0	0	0	Y	N	N	N	N	N	N	N	N	N	N	N	N	N	N	N	N	N	0.0000	0.0000	0.0000	0.0000	0.0000	0.0000	0.0000	0.0000	0.0000	0.0000	0.0000	0.0000	0.0000	0.0000	0.0000	0.0000	0.0000	0.0000	0.0000	0.0000	0.0000	0.0000	0.0000	0.0000	0.0000	0.0000	0.0000			0.0000	-0.0000	0.0026	0.0004	4.4275	0.0007	0.0000	0.0000	0.0000	0.0000	0.0000	0.0000	0.0000	0.0000	0.0000	0.0000	0.0000	0.0000	0.0000	0.0000	0.0000	0.0000	0.0000	0.0000	0.0000	0.0000	0.0000	0.0000	0.0000	0.0000	0.0000	0.0000	0.0000	0.0000	0.0000	0.0000	0.0000	0.0000	0.0000	0.0000	0.0000	0.0000
31	115	0.0485	8	2	0	1	0	1	0	1	0	0	0	0	0	0	0	0	0	0	0	Y	N	N	N	N	N	N	N	N	N	N	N	N	N	N	N	N	N	0.0000	0.0000	0.0000	0.0000	0.0000	0.0000	0.0000	0.0000	0.0000	0.0000	0.0000	0.0000	0.0000	0.0000	0.0000	0.0000	0.0000	0.0000	0.0000	0.0000	0.0000	0.0000	0.0000	0.0000	0.0000	0.0000	0.0000			0.0000	0.0000	0.0026	0.0004	4.4275	0.0002	0.0000	0.0000	0.0000	0.0000	0.0000	0.0000	0.0000	0.0000	0.0000	0.0000	0.0000	0.0000	0.0000	0.0000	0.0000	0.0000	0.0000	0.0000	0.0000	0.0000	0.0000	0.0000	0.0000	0.0000	0.0000	0.0000	0.0000	0.0000	0.0000	0.0000	0.0000	0.0000	0.0000	0.0000	0.0000	0.0000
31	116	0.0281	7	2	0	1	0	1	0	1	0	0	0	0	0	0	0	0	0	0	0	Y	N	N	N	N	N	N	N	N	N	N	N	N	N	N	N	N	N	0.0000	0.0000	0.0000	0.0000	0.0000	0.0000	0.0000	0.0000	0.0000	0.0000	0.0000	0.0000	0.0000	0.0000	0.0000	0.0000	0.0000	0.0000	1.6321	1.2912	2.1494	2.7452	2.8229	0.0101	1.1915	0.0000	2.1924		1.0968	0.0000	-0.0045	0.0026	0.0012	4.4275	12.6705	0.0000	0.0000	0.0000	0.0000	0.0000	0.0000	0.0000	0.0000	0.0000	0.1781	0.0849	0.0931	0.0849	0.0849	0.0000	0.0931	0.0000	0.0931	0.0000	0.0000	0.0000	0.0000	0.0000	0.0000	0.0000	0.0000	0.0000	0.1091	0.0658	0.0433	0.0309	0.0301	0.0009	0.0782	0.0357	0.0425
31	117	0.0233	6	2	0	1	0	1	0	1	0	0	0	0	0	0	0	0	0	0	0	Y	N	N	N	N	N	N	N	N	N	N	N	N	N	N	N	N	N	0.0000	0.0000	0.0000	0.0000	0.0000	0.0000	0.0000	0.0000	0.0000	0.0000	0.0000	0.0000	0.0000	0.0000	0.0000	0.0000	0.0000	0.0000	0.0414	0.0279	0.0639	0.0567	0.0576	0.0007	0.0347	0.0001	0.0648		1.3810	0.0000	0.0000	0.0026	0.0012	4.4275	3.6220	0.0000	0.0000	0.0000	0.0000	0.0000	0.0000	0.0000	0.0000	0.0000	0.0015	0.0006	0.0009	0.0006	0.0006	0.0000	0.0009	0.0000	0.0009	0.0000	0.0000	0.0000	0.0000	0.0000	0.0000	0.0000	0.0000	0.0000	0.0369	0.0230	0.0139	0.0113	0.0111	0.0002	0.0256	0.0119	0.0137
31	118	0.0199	5	2	0	1	0	2	0	1	0	0	0	0	0	0	0	0	0	0	0	Y	N	N	N	N	N	N	N	N	N	N	N	N	N	N	N	N	N	0.0000	0.0000	0.0000	0.0000	0.0000	0.0000	0.0000	0.0000	0.0000	0.0000	0.0000	0.0000	0.0000	0.0000	0.0000	0.0000	0.0000	0.0000	0.4205	0.0187	0.9552	0.0271	0.0265	0.2177	0.6870	0.0002	0.9574		38.2861	0.0000	0.0100	0.0026	0.0004	4.4275	2.6029	0.0000	0.0000	0.0000	0.0000	0.0000	0.0000	0.0000	0.0000	0.0000	0.0234	0.0006	0.0228	0.0006	0.0006	0.0000	0.0227	0.0000	0.0227	0.0000	0.0000	0.0000	0.0000	0.0000	0.0000	0.0000	0.0000	0.0000	0.0555	0.0317	0.0238	0.0224	0.0224	0.0001	0.0331	0.0094	0.0238
31	121	0.0454	7	2	0	1	0	1	0	1	0	0	0	0	0	0	0	0	0	0	0	Y	N	N	N	N	N	N	N	N	N	N	N	N	N	N	N	N	N	0.0000	0.0000	0.0000	0.0000	0.0000	0.0000	0.0000	0.0000	0.0000	0.0000	0.0000	0.0000	0.0000	0.0000	0.0000	0.0000	0.0000	0.0000	0.0476	0.0582	0.0314	0.0900	0.0908	0.0008	0.0204	0.0001	0.0317		0.3506	0.0000	-0.0003	0.0026	0.0000	4.4275	1.2022	0.0000	0.0000	0.0000	0.0000	0.0000	0.0000	0.0000	0.0000	0.0000	0.0010	0.0007	0.0003	0.0007	0.0007	0.0000	0.0003	0.0000	0.0003	0.0000	0.0000	0.0000	0.0000	0.0000	0.0000	0.0000	0.0000	0.0000	0.0206	0.0125	0.0081	0.0081	0.0080	0.0001	0.0125	0.0045	0.0080
31	122	0.0240	6	2	0	1	0	2	0	1	0	0	0	0	0	0	0	0	0	0	0	Y	N	N	N	N	N	N	N	N	N	N	N	N	N	N	N	N	N	0.0000	0.0000	0.0000	0.0000	0.0000	0.0000	0.0000	0.0000	0.0000	0.0000	0.0000	0.0000	0.0000	0.0000	0.0000	0.0000	0.0000	0.0000	0.8885	1.3752	0.3327	1.7121	1.7228	0.0001	0.2718	0.0005	0.3346		0.2119	0.0000	-0.1105	0.0026	0.0041	4.4275	12.5856	0.0000	0.0000	0.0000	0.0000	0.0000	0.0000	0.0000	0.0000	0.0000	0.2959	0.2442	0.0517	0.2441	0.2441	0.0000	0.0518	0.0000	0.0517	0.0000	0.0000	0.0000	0.0000	0.0000	0.0000	0.0000	0.0000	0.0000	0.3331	0.1775	0.1555	0.1426	0.1417	0.0009	0.1905	0.0358	0.1546
32	42	0.0880	7	2	0	1	0	1	0	1	0	1	1	1	1	0	0	0	0	0	0	Y	N	N	N	N	N	N	N	N	N	N	N	N	N	N	N	N	N	0.0000	0.0000	0.0000	0.0000	0.0000	0.0000	0.0000	0.0000	0.0000	0.0000	0.0000	0.0000	0.0000	0.0000	0.0000	0.0000	0.0000	0.0000	0.0000	0.0000	0.0000	0.0000	0.0000	0.0000	0.0000	0.0000	0.0000			0.0000	0.0000	2.8343	0.0000	20.2282	0.0011	0.0000	0.0000	0.0000	0.0000	0.0000	0.0000	0.0000	0.0000	0.0000	0.0000	0.0000	0.0000	0.0000	0.0000	0.0000	0.0000	0.0000	0.0000	0.0000	0.0000	0.0000	0.0000	0.0000	0.0000	0.0000	0.0000	0.0000	0.0001	0.0001	0.0000	0.0000	0.0000	0.0000	0.0000	0.0000	0.0000
32	44	0.1161	14	2	0	1	1	1	0	1	0	1	0	2	1	0	0	0	0	0	0	Y	N	N	N	Y	N	N	N	N	N	N	N	N	N	N	N	N	N	0.5647	0.5641	0.0000	0.1604	0.1456	0.0000	1.8164	32035773.9422	0.0000	3.2336	4.5256	0.0000	3.4785	3.6066	0.0000	3.1530	4.9872	0.0000	5.7264	8.0231	3.0517	21.6804	24.7681	0.8282	1.7358	0.0000	3.1832	0.0000	0.3266	-0.4788	-1.2830	2.8343	7.0030	20.2282	25.8862	0.8211	0.8211	0.0000	0.2188	0.2188	0.0000	0.6024	0.6024	0.0000	4.2475	3.2017	1.0457	3.2176	3.2017	0.0159	1.0299	0.0000	1.0299	0.2539	0.1814	0.0725	0.0629	0.0607	0.0022	0.1910	0.1208	0.0703	0.7417	0.3991	0.3427	0.1484	0.1293	0.0191	0.5933	0.2698	0.3235
32	48	0.1161	14	2	0	1	1	1	0	1	0	1	0	2	1	0	0	0	0	0	0	Y	N	N	N	Y	N	N	N	N	N	N	N	N	N	N	N	N	N	0.5429	0.0000	1.1908	0.0145	0.0000	54.8002	1.3363	0.0000	1.1476	4.0595	0.0000	10.4193	0.2215	0.0000	6.0865	6.6508	0.0000	10.5888	7.4778	6.5169	8.7499	15.2247	16.7609	0.1111	4.9772	0.0000	9.2269	3041482.4258	1.0141	0.2567	-0.0889	2.8343	1.7572	20.2282	7.6758	0.6159	0.0000	0.6159	0.0135	0.0000	0.0135	0.6024	0.0000	0.6024	1.9855	0.9858	0.9997	0.9865	0.9858	0.0007	0.9991	0.0000	0.9991	0.1517	0.0926	0.0591	0.0612	0.0589	0.0022	0.0906	0.0337	0.0569	0.2655	0.1513	0.1143	0.0648	0.0588	0.0060	0.2007	0.0925	0.1083
32	49	0.1072	13	2	0	1	1	1	0	1	1	1	0	2	1	0	0	0	0	0	0	Y	N	N	N	Y	N	N	N	N	N	N	N	N	N	N	N	N	N	61.1124	3.1529	698.2338	0.5630	0.3700	3690.1929	180.5004	83.7921	664.5166	8.8353	0.6018	58.8047	0.2638	0.1923	8.2352	9.1253	0.6178	58.9088	0.1446	0.1909	0.0842	0.4685	0.5197	0.0022	0.0506	0.0074	0.0886	16.1015	0.3384	0.0829	-0.0078	2.8343	1.2605	20.2282	5.3560	0.2314	0.0135	0.2179	0.0002	0.0002	0.0001	0.2312	0.0134	0.2178	0.0265	0.0198	0.0067	0.0193	0.0193	0.0000	0.0072	0.0005	0.0067	0.0262	0.0225	0.0037	0.0009	0.0008	0.0000	0.0253	0.0216	0.0037	0.1836	0.1039	0.0797	0.0413	0.0372	0.0041	0.1423	0.0667	0.0756
32	50	0.1072	13	2	0	1	0	1	0	1	0	1	0	2	1	0	0	0	0	0	0	Y	N	N	N	Y	N	N	N	N	N	N	N	N	N	N	N	N	N	67.4725	15.4386	344.2578	151.1016	136.0234	0.0000	89.1456	0.0000	327.1126	0.0551	0.0112	0.3204	0.2832	0.2857	0.0000	0.0471	0.0000	0.3211	0.0008	0.0007	0.0009	0.0019	0.0021	0.0000	0.0005	0.0000	0.0010	4.7375	1.0276	0.0003	-0.0000	2.8343	1.0001	20.2282	7.4568	0.0011	0.0002	0.0009	0.0002	0.0002	0.0000	0.0009	0.0000	0.0009	0.0002	0.0001	0.0001	0.0001	0.0001	0.0000	0.0001	0.0000	0.0001	0.0209	0.0179	0.0030	0.0007	0.0007	0.0000	0.0201	0.0172	0.0030	0.2246	0.1248	0.0998	0.0481	0.0429	0.0052	0.1765	0.0819	0.0947
32	51	0.1027	12	2	0	1	0	1	0	1	0	1	1	2	1	0	0	0	0	0	0	Y	N	N	N	Y	N	N	N	N	N	N	N	N	N	N	N	N	N	60.1940	2.2139	3372.8946	5.6754	5.0447	2934.5427	642.7138	0.0000	3039.8841	1.0084	0.0542	7.8644	0.2215	0.2205	1.4701	1.2252	0.0000	7.8742	0.0168	0.0245	0.0023	0.0390	0.0437	0.0005	0.0019	0.0012	0.0026	20.1954	0.0510	0.0001	-0.0012	2.8343	0.0061	20.2282	2.7591	0.0002	0.0000	0.0002	0.0000	0.0000	0.0000	0.0002	0.0000	0.0002	0.0023	0.0022	0.0001	0.0022	0.0022	0.0000	0.0002	0.0000	0.0001	0.0002	0.0002	0.0000	0.0000	0.0000	0.0000	0.0002	0.0001	0.0000	0.1391	0.0906	0.0485	0.0556	0.0496	0.0060	0.0835	0.0409	0.0425
32	52	0.0729	8	2	0	1	0	1	0	1	0	1	1	1	1	0	0	0	0	0	0	Y	N	N	N	N	N	N	N	N	N	N	N	N	N	N	N	N	N	0.0511	0.0811	0.0000	0.4076	0.4228	0.0000	0.0000	6.2536	0.0000	0.0087	0.0101	0.0000	0.2170	0.2276	0.0000	0.0000	0.0000	0.0000	0.1706	0.1249	0.2185	0.5323	0.5383	0.3589	0.1199	0.0000	0.2173	0.0000	1.6680	-0.0001	0.0028	2.8343	1.0020	20.2282	7.2599	0.0002	0.0002	0.0000	0.0002	0.0002	0.0000	0.0000	0.0000	0.0000	0.0363	0.0136	0.0227	0.0139	0.0136	0.0003	0.0224	0.0000	0.0224	0.0210	0.0181	0.0029	0.0008	0.0008	0.0000	0.0202	0.0173	0.0029	0.2129	0.1090	0.1039	0.0262	0.0253	0.0009	0.1868	0.0837	0.1031
32	53	0.0532	7	2	0	1	0	2	0	1	0	1	0	1	0	0	0	0	0	0	0	Y	N	N	N	N	N	N	N	N	N	N	N	N	N	N	N	N	N	0.8415	1418.8941	0.0000	1408.1375	2266.4777	0.0040	0.0003	1.6591	0.0000	10.7791	12.7913	0.0007	58.0224	78.5010	0.0022	0.0038	0.0044	0.0000	12.8097	0.0090	26.0278	0.0412	0.0346	0.5445	14.2667	0.0026	26.0964	0.0000	2795.9763	-0.4792	1.6901	2.8343	3.0050	20.2282	8.3063	0.8217	0.8217	0.0000	0.8215	0.8215	0.0000	0.0002	0.0002	0.0000	3.7442	0.0013	3.7429	0.0012	0.0010	0.0002	3.7430	0.0003	3.7427	0.0762	0.0642	0.0120	0.0142	0.0105	0.0037	0.0621	0.0538	0.0083	0.2923	0.1485	0.1438	0.0299	0.0296	0.0004	0.2624	0.1189	0.1434
32	56	0.0634	6	2	0	1	0	1	0	1	0	1	0	1	0	0	0	0	0	0	0	Y	N	N	N	N	N	N	N	N	N	N	N	N	N	N	N	N	N	0.0000	0.0000	0.0000	0.0000	0.0000	0.0000	0.0000	0.0000	0.0000	0.0000	0.0000	0.0000	0.0000	0.0000	0.0000	0.0000	0.0000	0.0000	0.0002	0.0004	0.0000	0.0018	0.0019	0.0001	0.0000	0.0000	0.0000		0.0091	0.0000	-0.0000	2.8343	2.9988	20.2282	11.1255	0.0000	0.0000	0.0000	0.0000	0.0000	0.0000	0.0000	0.0000	0.0000	0.0001	0.0001	0.0000	0.0001	0.0001	0.0000	0.0000	0.0000	0.0000	0.0616	0.0532	0.0084	0.0041	0.0037	0.0004	0.0574	0.0494	0.0080	0.3436	0.1752	0.1684	0.0383	0.0362	0.0021	0.3053	0.1391	0.1663
32	70	0.1099	13	2	0	1	0	1	0	1	0	1	1	2	1	0	0	0	0	0	0	Y	N	N	N	Y	N	N	N	N	N	N	N	N	N	N	N	N	N	28.7897	0.0000	350.0822	0.0192	0.0000	7.5488	86.3698	0.0000	350.2713	13.7144	0.0000	116.4042	0.0245	0.0000	1.8482	16.3340	0.0000	118.5168	0.4764	0.5888	0.3325	1.2766	1.3963	0.2448	0.1891	0.0000	0.3384	inf	0.4414	0.3477	-0.0324	2.8343	2.3581	20.2282	7.4584	0.8341	0.0000	0.8341	0.0002	0.0000	0.0002	0.8339	0.0000	0.8339	0.1340	0.0930	0.0410	0.0949	0.0930	0.0019	0.0391	0.0000	0.0391	0.0608	0.0537	0.0072	0.0098	0.0096	0.0001	0.0511	0.0440	0.0070	0.2813	0.1579	0.1234	0.0743	0.0666	0.0077	0.2070	0.0913	0.1157
32	71	0.1027	12	2	0	1	0	1	0	1	0	1	0	2	0	0	0	0	0	0	0	Y	N	N	N	Y	N	N	N	N	N	N	N	N	N	N	N	N	N	0.0037	0.0076	0.0103	0.1263	0.1120	3.0574	0.0025	0.0001	0.0093	0.0183	0.0003	0.1292	0.0096	0.0095	0.0178	0.0186	0.0000	0.1294	4.9300	0.0422	12.5374	0.0759	0.0848	0.0058	7.2959	0.0032	13.8487	65.4115	190.9836	0.0003	0.4315	2.8343	1.7590	20.2282	3.5356	0.0007	0.0000	0.0007	0.0000	0.0000	0.0000	0.0007	0.0000	0.0007	0.9663	0.0050	0.9613	0.0049	0.0048	0.0000	0.9614	0.0002	0.9612	0.0362	0.0312	0.0051	0.0011	0.0011	0.0000	0.0352	0.0301	0.0050	0.1960	0.1193	0.0767	0.0642	0.0570	0.0073	0.1318	0.0624	0.0694
32	72	0.0993	11	2	0	1	0	1	0	1	0	2	0	2	0	0	0	0	0	0	0	Y	N	N	N	Y	N	N	N	N	N	N	N	N	N	N	N	N	N	0.9811	0.4823	4.3024	0.5786	0.5715	2.1426	1.0663	0.0000	4.1749	0.1122	0.0096	0.9245	0.0407	0.0406	0.1400	0.1313	0.0000	0.9257	0.1144	0.0200	0.2149	0.0704	0.0711	0.0654	0.1231	0.0000	0.2217	12.1065	10.0919	0.0000	0.0024	2.8343	0.0029	20.2282	2.4186	0.0000	0.0000	0.0000	0.0000	0.0000	0.0000	0.0000	0.0000	0.0000	0.0066	0.0006	0.0060	0.0007	0.0006	0.0001	0.0059	0.0000	0.0059	0.0001	0.0001	0.0000	0.0000	0.0000	0.0000	0.0001	0.0001	0.0000	0.0574	0.0296	0.0278	0.0095	0.0083	0.0012	0.0478	0.0213	0.0266
32	78	0.0634	6	2	0	1	0	1	0	1	0	1	1	1	1	0	0	0	0	0	0	Y	N	N	N	N	N	N	N	N	N	N	N	N	N	N	N	N	N	0.0000	0.0000	0.0000	0.0000	0.0000	0.0000	0.0000	0.0000	0.0000	0.0000	0.0000	0.0000	0.0000	0.0000	0.0000	0.0000	0.0000	0.0000	0.0002	0.0005	0.0000	0.0020	0.0021	0.0001	0.0000	0.0000	0.0000		0.0111	0.0000	-0.0000	2.8343	0.0166	20.2282	12.2009	0.0000	0.0000	0.0000	0.0000	0.0000	0.0000	0.0000	0.0000	0.0000	0.0001	0.0001	0.0000	0.0001	0.0001	0.0000	0.0000	0.0000	0.0000	0.0008	0.0008	0.0001	0.0004	0.0004	0.0000	0.0005	0.0004	0.0001	0.3022	0.1546	0.1477	0.0350	0.0331	0.0019	0.2672	0.1214	0.1458
32	79	0.0491	5	2	0	1	0	2	0	1	0	1	0	1	0	0	0	0	0	0	0	Y	N	N	N	N	N	N	N	N	N	N	N	N	N	N	N	N	N	3.5294	2.9498	0.0000	0.0016	0.0017	0.0000	6.5344	8.6994	0.0000	0.0015	0.0018	0.0000	0.0000	0.0000	0.0000	0.0016	0.0019	0.0000	0.0004	0.0006	0.0003	0.0041	0.0042	0.0000	0.0003	0.0002	0.0003	0.0000	0.4960	-0.0000	-0.0000	2.8343	1.0285	20.2282	7.9781	0.0000	0.0000	0.0000	0.0000	0.0000	0.0000	0.0000	0.0000	0.0000	0.0001	0.0001	0.0000	0.0000	0.0000	0.0000	0.0000	0.0000	0.0000	0.0218	0.0188	0.0030	0.0015	0.0014	0.0001	0.0203	0.0174	0.0028	0.2078	0.1002	0.1076	0.0098	0.0096	0.0003	0.1980	0.0906	0.1073
32	84	0.0725	8	2	0	1	0	1	0	1	0	1	0	1	0	0	0	0	0	0	0	Y	N	N	N	N	N	N	N	N	N	N	N	N	N	N	N	N	N	0.0000	0.0000	0.0000	0.0000	0.0000	0.0000	0.0000	0.0000	0.0000	0.0000	0.0000	0.0000	0.0000	0.0000	0.0000	0.0000	0.0000	0.0000	3.3008	4.5169	1.9738	11.0156	11.9903	0.0107	2.0478	2.0788	2.0216		0.4005	0.0000	-0.3888	2.8343	2.9998	20.2282	15.4389	0.0000	0.0000	0.0000	0.0000	0.0000	0.0000	0.0000	0.0000	0.0000	1.4823	1.0585	0.4239	0.6912	0.6911	0.0001	0.7911	0.3673	0.4238	0.0613	0.0528	0.0086	0.0017	0.0017	0.0000	0.0596	0.0511	0.0085	0.4491	0.2343	0.2147	0.0627	0.0576	0.0051	0.3863	0.1767	0.2096
32	85	0.4455	11	1	0	1	0	1	0	1	0	2	0	2	0	0	0	0	0	0	0	N	N	N	N	Y	N	N	N	N	N	N	N	N	N	N	N	N	N	0.0007	0.0007	0.0000	0.0026	0.0025	0.0000	0.0003	0.0005	0.0000	0.0011	0.0013	0.0000	0.0056	0.0060	0.0000	0.0003	0.0003	0.0000	1.5441	1.7833	1.0885	2.1828	2.4433	0.5180	0.9410	0.6077	1.2231	0.0000	0.3205	-0.0004	-1.8960	2.8343	26.8363	20.2282	143.7566	0.0007	0.0007	0.0000	0.0005	0.0005	0.0000	0.0001	0.0001	0.0000	6.2046	4.6988	1.5058	4.2600	4.1232	0.1368	1.9447	0.5757	1.3690	0.5831	0.5077	0.0753	0.0950	0.0892	0.0058	0.4881	0.4185	0.0695	4.0182	2.6349	1.3833	1.9516	1.6876	0.2640	2.0666	0.9473	1.1193
32	88	0.1136	14	2	0	1	0	1	0	1	0	1	0	2	1	0	0	0	0	0	0	Y	N	N	N	Y	N	N	N	N	N	N	N	N	N	N	N	N	N	0.0077	0.4309	0.0000	22.9267	24.4879	0.0000	0.0000	0.0000	0.0000	0.0267	0.0313	0.0000	0.5018	0.5073	0.0000	0.0000	0.0000	0.0000	3.4805	0.0726	7.9767	0.0219	0.0207	0.0377	4.7816	0.1147	8.3405	0.0000	83.2184	-0.0003	0.4565	2.8343	1.0173	20.2282	8.6136	0.0006	0.0006	0.0000	0.0006	0.0006	0.0000	0.0000	0.0000	0.0000	1.0378	0.0123	1.0255	0.0018	0.0016	0.0002	1.0361	0.0108	1.0253	0.0218	0.0186	0.0032	0.0012	0.0012	0.0000	0.0207	0.0175	0.0032	0.2982	0.1696	0.1286	0.0815	0.0759	0.0056	0.2167	0.0937	0.1229
32	90	0.1136	14	2	0	1	0	1	0	1	0	1	0	2	1	0	0	0	0	0	0	Y	N	N	N	Y	N	N	N	N	N	N	N	N	N	N	N	N	N	207.2420	0.0000	769.6015	2.0465	0.0000	468.0849	194.4663	0.0000	740.5866	19.7506	0.0000	138.6728	0.1287	0.0000	9.7158	20.6575	0.0000	139.2047	0.0953	0.0277	0.1802	0.0629	0.0666	0.0208	0.1062	0.0000	0.1880	inf	5.1809	0.3473	0.0107	2.8343	2.0138	20.2282	11.8132	0.8332	0.0000	0.8332	0.0002	0.0000	0.0002	0.8330	0.0000	0.8330	0.0369	0.0060	0.0309	0.0061	0.0060	0.0002	0.0307	0.0000	0.0307	0.0422	0.0362	0.0060	0.0019	0.0018	0.0000	0.0403	0.0343	0.0060	0.3868	0.2153	0.1715	0.0975	0.0895	0.0080	0.2893	0.1258	0.1635
32	91	0.1051	13	2	0	1	0	1	0	1	0	2	1	2	1	0	0	0	0	0	0	Y	N	N	N	Y	N	N	N	N	N	N	N	N	N	N	N	N	N	0.0029	0.0005	0.0089	0.0092	0.0063	1.0808	0.0022	0.0000	0.0085	0.0142	0.0000	0.1016	0.0004	0.0003	0.0140	0.0147	0.0000	0.1018	4.9285	0.0227	11.4394	0.0440	0.0462	0.0130	6.7272	0.0043	11.9455	1428.8397	379.2242	0.0002	0.4389	2.8343	1.9725	20.2282	4.2763	0.0006	0.0000	0.0006	0.0000	0.0000	0.0000	0.0006	0.0000	0.0006	0.9772	0.0026	0.9746	0.0023	0.0023	0.0000	0.9749	0.0003	0.9746	0.0410	0.0353	0.0057	0.0014	0.0014	0.0000	0.0396	0.0339	0.0057	0.1983	0.1131	0.0852	0.0534	0.0498	0.0036	0.1449	0.0633	0.0816
32	98	0.1351	14	2	0	1	1	1	0	1	1	1	0	2	1	0	0	0	0	0	0	Y	N	N	N	Y	N	N	N	N	N	N	N	N	N	N	N	N	N	0.0000	0.0000	0.0000	0.0000	0.0000	0.0000	0.0000	0.0000	0.0000	0.0000	0.0000	0.0000	0.0000	0.0000	0.0000	0.0000	0.0000	0.0000	0.0000	0.0000	0.0000	0.0000	0.0000	0.0000	0.0000	0.0000	0.0000		0.0000	0.0000	-0.0000	2.8343	2.9999	20.2282	3.9821	0.0000	0.0000	0.0000	0.0000	0.0000	0.0000	0.0000	0.0000	0.0000	0.0000	0.0000	0.0000	0.0000	0.0000	0.0000	0.0000	0.0000	0.0000	0.0611	0.0524	0.0087	0.0016	0.0016	0.0000	0.0595	0.0509	0.0087	0.1662	0.0877	0.0785	0.0326	0.0283	0.0043	0.1336	0.0594	0.0742
32	99	0.1320	13	2	0	1	0	1	0	1	0	1	0	2	1	0	0	0	0	0	0	Y	N	N	N	Y	N	N	N	N	N	N	N	N	N	N	N	N	N	167.4493	0.0000	6990839.6661	0.8154	0.0000	inf	223.2718	0.0000	6625902.1753	0.9471	0.0000	2.6859	0.0007	0.0000	0.8160	1.5509	0.0000	2.6876	0.0057	0.0105	0.0000	0.0009	0.0010	0.0000	0.0069	0.0157	0.0000	inf	0.0000	0.0000	-0.0002	2.8343	0.0003	20.2282	2.0601	0.0000	0.0000	0.0000	0.0000	0.0000	0.0000	0.0000	0.0000	0.0000	0.0003	0.0003	0.0000	0.0000	0.0000	0.0000	0.0003	0.0003	0.0000	0.0000	0.0000	0.0000	0.0000	0.0000	0.0000	0.0000	0.0000	0.0000	0.0528	0.0284	0.0245	0.0112	0.0099	0.0013	0.0416	0.0185	0.0232
32	100	0.1122	12	2	0	1	0	1	0	1	0	2	1	2	1	0	0	0	0	0	0	Y	N	N	N	Y	N	N	N	N	N	N	N	N	N	N	N	N	N	3.9832	0.0000	1039240.6908	7.0789	0.0004	546540.5910	3.3338	0.0000	1004143.9602	13.4847	0.0000	95.3130	0.1210	0.0000	13.2019	13.9271	0.0000	95.4838	3.3854	6.4326	0.0001	0.0171	0.0194	0.0000	4.1776	9.4364	0.0001	54466477.9519	0.0000	0.3477	-0.5491	2.8343	3.0014	20.2282	9.1620	0.8342	0.0000	0.8342	0.0002	0.0000	0.0002	0.8340	0.0000	0.8340	1.0015	1.0015	0.0000	0.0010	0.0010	0.0000	1.0006	1.0005	0.0000	0.0619	0.0531	0.0088	0.0020	0.0020	0.0000	0.0599	0.0511	0.0087	0.2958	0.1557	0.1401	0.0563	0.0497	0.0067	0.2395	0.1060	0.1335
32	101	0.0993	11	2	0	1	0	1	0	1	0	1	0	1	0	0	0	0	0	0	0	Y	N	N	N	N	N	N	N	N	N	N	N	N	N	N	N	N	N	0.2427	0.0002	1782.0202	6.9048	5.1303	58150.4242	0.2305	0.0000	1706.3893	2.6090	0.0052	20.6216	0.0437	0.0375	3.1793	2.9523	0.0001	20.6542	10.7480	20.9879	0.0116	0.0063	0.0073	0.0001	12.8064	28.8298	0.0121	577.3827	0.0005	0.0002	-1.0916	2.8343	0.0077	20.2282	8.0757	0.0005	0.0000	0.0005	0.0000	0.0000	0.0000	0.0005	0.0000	0.0005	1.9930	1.9919	0.0010	0.0002	0.0002	0.0000	1.9928	1.9917	0.0010	0.0002	0.0002	0.0000	0.0000	0.0000	0.0000	0.0002	0.0001	0.0000	0.1854	0.0949	0.0905	0.0298	0.0258	0.0040	0.1556	0.0691	0.0865
32	102	0.0977	10	2	0	1	0	1	0	1	0	1	0	1	0	0	0	0	0	0	0	Y	N	N	N	N	N	N	N	N	N	N	N	N	N	N	N	N	N	1.5938	0.1551	72.7457	169.1635	252.3074	0.0000	1.3299	0.0000	70.3398	0.0323	0.0057	0.2248	0.0344	0.0345	0.0000	0.0319	0.0000	0.2252	0.0203	0.0368	0.0031	0.0002	0.0001	0.0006	0.0240	0.0502	0.0032	5.4414	0.0808	0.0000	-0.0002	2.8343	0.0011	20.2282	1.0060	0.0000	0.0000	0.0000	0.0000	0.0000	0.0000	0.0000	0.0000	0.0000	0.0005	0.0004	0.0000	0.0000	0.0000	0.0000	0.0005	0.0004	0.0000	0.0000	0.0000	0.0000	0.0000	0.0000	0.0000	0.0000	0.0000	0.0000	0.0234	0.0119	0.0115	0.0037	0.0032	0.0005	0.0197	0.0087	0.0110
32	113	0.0977	12	2	0	1	0	1	0	1	0	1	0	1	0	0	0	0	0	0	0	Y	N	N	N	N	N	N	N	N	N	N	N	N	N	N	N	N	N	0.0259	1.1367	0.0671	6.8960	210.1707	0.0000	0.0166	0.0000	0.0646	0.0015	0.0005	0.0077	0.0106	0.0106	0.0000	0.0011	0.0000	0.0077	0.0563	0.0004	0.1143	0.0015	0.0001	0.0110	0.0665	0.0005	0.1190	2.6882	272.5874	0.0000	0.0027	2.8343	0.0182	20.2282	4.6661	0.0000	0.0000	0.0000	0.0000	0.0000	0.0000	0.0000	0.0000	0.0000	0.0061	0.0000	0.0060	0.0000	0.0000	0.0000	0.0060	0.0000	0.0060	0.0004	0.0003	0.0001	0.0000	0.0000	0.0000	0.0004	0.0003	0.0001	0.1078	0.0549	0.0528	0.0169	0.0146	0.0023	0.0908	0.0403	0.0506
32	114	0.0977	11	2	0	1	0	1	0	1	0	1	0	1	0	0	0	0	0	0	0	Y	N	N	N	N	N	N	N	N	N	N	N	N	N	N	N	N	N	1.8857	1.2459	7.3743	1.9632	1.9007	0.0000	1.8872	0.0000	7.2861	0.0192	0.0107	0.0921	0.0379	0.0380	0.0000	0.0129	0.0000	0.0922	0.0102	0.0086	0.0125	0.0193	0.0200	0.0079	0.0068	0.0000	0.0127	1.0000	0.9990	-0.0000	-0.0000	2.8343	0.0004	20.2282	0.0007	0.0000	0.0000	0.0000	0.0000	0.0000	0.0000	0.0000	0.0000	0.0000	0.0000	0.0000	0.0000	0.0000	0.0000	0.0000	0.0000	0.0000	0.0000	0.0000	0.0000	0.0000	0.0000	0.0000	0.0000	0.0000	0.0000	0.0000	0.0000	0.0000	0.0000	0.0000	0.0000	0.0000	0.0000	0.0000	0.0000
32	115	0.0977	10	2	0	1	0	1	0	1	0	1	0	1	0	0	0	0	0	0	0	Y	N	N	N	N	N	N	N	N	N	N	N	N	N	N	N	N	N	1.6334	1.2205	5.1762	2.1957	2.1842	0.0000	1.4586	0.0000	5.1483	0.0192	0.0107	0.0921	0.0379	0.0380	0.0000	0.0129	0.0000	0.0922	0.0118	0.0088	0.0178	0.0173	0.0174	0.0137	0.0088	0.0000	0.0179	1.0000	1.0000	-0.0000	-0.0000	2.8343	0.0004	20.2282	0.0002	0.0000	0.0000	0.0000	0.0000	0.0000	0.0000	0.0000	0.0000	0.0000	0.0000	0.0000	0.0000	0.0000	0.0000	0.0000	0.0000	0.0000	0.0000	0.0000	0.0000	0.0000	0.0000	0.0000	0.0000	0.0000	0.0000	0.0000	0.0000	0.0000	0.0000	0.0000	0.0000	0.0000	0.0000	0.0000	0.0000
32	116	0.0773	9	2	0	1	0	1	0	1	0	1	0	1	0	0	0	0	0	0	0	Y	N	N	N	N	N	N	N	N	N	N	N	N	N	N	N	N	N	0.0010	0.0028	0.0013	0.0029	0.0027	0.0000	0.0004	0.0000	0.0013	0.0107	0.0089	0.0248	0.0281	0.0282	0.0000	0.0040	0.0000	0.0248	10.3585	3.1982	19.0157	9.6133	10.3119	0.0316	10.5244	0.0000	19.5493	0.3635	4.9177	-0.0000	1.0142	2.8343	0.0012	20.2282	12.6705	0.0000	0.0000	0.0000	0.0000	0.0000	0.0000	0.0000	0.0000	0.0000	3.5868	0.6061	2.9807	0.6063	0.6061	0.0001	2.9806	0.0000	2.9806	0.0001	0.0000	0.0000	0.0000	0.0000	0.0000	0.0000	0.0000	0.0000	0.3463	0.1895	0.1567	0.0631	0.0588	0.0043	0.2832	0.1307	0.1525
32	117	0.0725	8	2	0	1	0	1	0	1	0	1	0	1	0	0	0	0	0	0	0	Y	N	N	N	N	N	N	N	N	N	N	N	N	N	N	N	N	N	0.0033	0.0000	0.0189	0.0000	0.0000	0.0000	0.0052	0.0000	0.0184	0.0143	0.0000	0.1065	0.0000	0.0000	0.0000	0.0158	0.0000	0.1067	4.2728	3.3178	5.6473	8.1932	8.5652	0.2453	3.0407	0.0026	5.7920	inf	1.1827	0.0000	-0.0035	2.8343	0.0012	20.2282	3.6220	0.0000	0.0000	0.0000	0.0000	0.0000	0.0000	0.0000	0.0000	0.0000	0.5383	0.2466	0.2917	0.2469	0.2465	0.0003	0.2915	0.0001	0.2914	0.0000	0.0000	0.0000	0.0000	0.0000	0.0000	0.0000	0.0000	0.0000	0.1260	0.0743	0.0517	0.0301	0.0288	0.0013	0.0959	0.0456	0.0503
32	118	0.0690	7	2	0	1	0	2	0	1	0	1	0	1	0	0	0	0	0	0	0	Y	N	N	N	N	N	N	N	N	N	N	N	N	N	N	N	N	N	0.0645	0.2814	0.0000	0.2011	0.2676	0.0000	0.0000	0.0014	0.0000	0.8994	1.1243	0.0000	1.6852	2.3331	0.0000	0.0006	0.0006	0.0000	13.9455	3.9949	29.3047	8.3782	8.7181	0.2214	16.0237	0.4317	30.1320	0.0000	4.7524	-0.0000	0.4072	2.8343	0.0004	20.2282	2.6029	0.0000	0.0000	0.0000	0.0000	0.0000	0.0000	0.0000	0.0000	0.0000	1.4654	0.2548	1.2107	0.2393	0.2391	0.0003	1.2261	0.0157	1.2104	0.0000	0.0000	0.0000	0.0000	0.0000	0.0000	0.0000	0.0000	0.0000	0.1051	0.0638	0.0413	0.0286	0.0274	0.0011	0.0765	0.0363	0.0402
32	121	0.0816	5	2	0	1	0	1	0	1	0	1	0	1	0	0	0	0	0	0	0	Y	N	N	N	N	N	N	N	N	N	N	N	N	N	N	N	N	N	0.0000	0.0000	0.0000	0.0000	0.0000	0.0000	0.0000	0.0000	0.0000	0.0000	0.0000	0.0000	0.0000	0.0000	0.0000	0.0000	0.0000	0.0000	0.0005	0.0007	0.0002	0.0007	0.0010	0.0000	0.0002	0.0000	0.0003		0.3245	0.0000	-0.0000	2.8343	0.0000	20.2282	1.2022	0.0000	0.0000	0.0000	0.0000	0.0000	0.0000	0.0000	0.0000	0.0000	0.0000	0.0000	0.0000	0.0000	0.0000	0.0000	0.0000	0.0000	0.0000	0.0000	0.0000	0.0000	0.0000	0.0000	0.0000	0.0000	0.0000	0.0000	0.0720	0.0374	0.0345	0.0365	0.0260	0.0105	0.0355	0.0115	0.0240
32	122	0.0602	4	2	0	1	0	2	0	1	0	1	0	1	0	0	0	0	0	0	0	Y	N	N	N	N	N	N	N	N	N	N	N	N	N	N	N	N	N	0.0000	0.0000	0.0000	0.0000	0.0000	0.0000	0.0000	0.0000	0.0000	0.0000	0.0000	0.0000	0.0000	0.0000	0.0000	0.0000	0.0000	0.0000	0.0076	0.0006	0.0160	0.0016	0.0018	0.0006	0.0091	0.0000	0.0170		22.9268	0.0000	0.0011	2.8343	0.0041	20.2282	12.5856	0.0000	0.0000	0.0000	0.0000	0.0000	0.0000	0.0000	0.0000	0.0000	0.0027	0.0001	0.0026	0.0001	0.0001	0.0000	0.0026	0.0000	0.0026	0.0002	0.0001	0.0000	0.0000	0.0000	0.0000	0.0001	0.0001	0.0000	0.3634	0.1990	0.1644	0.0738	0.0643	0.0095	0.2896	0.1346	0.1550
33	42	0.1344	20	2	0	1	0	0	0	0	0	0	1	0	1	0	0	0	0	0	0	Y	N	N	N	N	N	N	N	N	N	N	N	N	N	N	N	N	N	0.0000	0.0000	0.0000	0.0000	0.0000	0.0000	0.0000	0.0000	0.0000	0.0000	0.0000	0.0000	0.0000	0.0000	0.0000	0.0000	0.0000	0.0000	0.0000	0.0000	0.0000	0.0000	0.0000	0.0000	0.0000	0.0000	0.0000			0.0000	0.0000	1.0032	0.0000	9.5192	0.0011	0.0000	0.0000	0.0000	0.0000	0.0000	0.0000	0.0000	0.0000	0.0000	0.0000	0.0000	0.0000	0.0000	0.0000	0.0000	0.0000	0.0000	0.0000	0.0000	0.0000	0.0000	0.0000	0.0000	0.0000	0.0000	0.0000	0.0000	0.0000	0.0000	0.0000	0.0000	0.0000	0.0000	0.0000	0.0000	0.0000
33	44	0.0444	9	2	0	1	1	0	0	0	0	0	0	1	1	0	0	0	0	0	0	Y	N	N	N	N	N	N	N	N	N	N	N	N	N	N	N	N	N	0.0808	0.0000	0.4572	0.0000	0.0000	0.0000	0.1165	0.0000	0.4492	0.3706	0.0000	2.6598	0.0000	0.0000	0.0000	0.3781	0.0000	2.6630	4.5881	3.3396	5.8181	17.0614	18.8860	0.0155	3.2460	0.0000	5.9284	inf	1.7684	0.0076	0.1420	1.0032	7.0030	9.5192	25.8862	0.0183	0.0000	0.0183	0.0000	0.0000	0.0000	0.0183	0.0000	0.0183	1.5688	0.5667	1.0021	0.5667	0.5667	0.0000	1.0020	0.0000	1.0020	0.0495	0.0426	0.0069	0.0010	0.0010	0.0000	0.0485	0.0416	0.0069	0.3419	0.1697	0.1722	0.0332	0.0300	0.0032	0.3087	0.1397	0.1690
33	48	0.0444	9	2	0	1	1	0	0	0	0	0	0	1	1	0	0	0	0	0	0	Y	N	N	N	N	N	N	N	N	N	N	N	N	N	N	N	N	N	0.3747	0.0000	1.2567	0.0000	0.0000	0.0000	0.3382	0.0000	1.2387	1.3223	0.0000	9.5076	0.0000	0.0000	0.0000	1.4106	0.0000	9.5349	3.5293	0.0176	7.5655	0.0717	0.0634	0.2216	4.1712	0.0000	7.6976	inf	374.2198	0.0076	0.1951	1.0032	1.7572	9.5192	7.6758	0.0183	0.0000	0.0183	0.0000	0.0000	0.0000	0.0183	0.0000	0.0183	0.4346	0.0012	0.4334	0.0014	0.0012	0.0002	0.4332	0.0000	0.4332	0.0139	0.0119	0.0019	0.0009	0.0009	0.0000	0.0130	0.0111	0.0019	0.1231	0.0658	0.0573	0.0193	0.0183	0.0010	0.1038	0.0476	0.0563
33	49	0.0355	8	2	0	1	1	0	0	0	1	0	0	1	1	0	0	0	0	0	0	Y	N	N	N	N	N	N	N	N	N	N	N	N	N	N	N	N	N	19.2178	0.0008	127.6943	0.0584	0.0551	0.0000	33.1170	0.0000	125.6207	110.9059	0.0046	788.2816	1.2491	1.2494	0.0000	111.2516	0.0000	788.2864	5.7710	5.4127	6.1732	21.3720	22.6794	0.0723	3.3593	0.0045	6.2751	28251.2199	1.0159	0.4083	-0.0218	1.0032	1.2605	9.5192	5.3560	0.9796	0.0000	0.9796	0.0000	0.0000	0.0000	0.9796	0.0000	0.9796	0.4927	0.2444	0.2483	0.2443	0.2443	0.0000	0.2484	0.0002	0.2483	0.0088	0.0076	0.0012	0.0000	0.0000	0.0000	0.0088	0.0076	0.0012	0.0854	0.0452	0.0402	0.0114	0.0108	0.0007	0.0739	0.0344	0.0396
33	50	0.0355	8	2	0	1	0	0	0	0	0	0	0	1	1	0	0	0	0	0	0	Y	N	N	N	N	N	N	N	N	N	N	N	N	N	N	N	N	N	0.0643	225718.9913	0.0000	11328.1961	11932321.8754	0.0000	0.0000	0.0000	0.0000	0.2692	0.3133	0.0000	77.1432	77.1622	0.0000	0.0000	0.0000	0.0000	4.1839	0.0000	8.6576	0.0068	0.0000	0.1016	4.7474	0.0000	8.8008	0.0000	5833935.0821	-0.0011	0.1971	1.0032	1.0001	9.5192	7.4568	0.0019	0.0019	0.0000	0.0019	0.0019	0.0000	0.0000	0.0000	0.0000	0.4364	0.0000	0.4364	0.0001	0.0000	0.0001	0.4363	0.0000	0.4363	0.0070	0.0060	0.0010	0.0000	0.0000	0.0000	0.0070	0.0060	0.0010	0.1043	0.0539	0.0504	0.0124	0.0116	0.0008	0.0919	0.0423	0.0496
33	51	0.0309	7	2	0	1	0	0	0	0	0	0	1	1	1	0	0	0	0	0	0	Y	N	N	N	N	N	N	N	N	N	N	N	N	N	N	N	N	N	4.2437	0.0768	14.0914	0.3296	0.2967	0.0000	3.9154	0.0000	12.7458	34.4671	0.2105	244.5469	1.6233	1.6233	0.0000	38.5889	0.0000	244.5480	8.1219	2.7420	17.3544	4.9253	5.4717	0.0092	9.8556	0.0029	19.1865	189.4180	3.6880	0.0008	0.1265	1.0032	0.0061	9.5192	2.7591	0.0019	0.0000	0.0019	0.0000	0.0000	0.0000	0.0019	0.0000	0.0019	0.5306	0.1132	0.4174	0.1131	0.1131	0.0000	0.4174	0.0001	0.4174	0.0001	0.0000	0.0000	0.0000	0.0000	0.0000	0.0000	0.0000	0.0000	0.0653	0.0413	0.0241	0.0230	0.0207	0.0023	0.0424	0.0206	0.0218
33	52	0.1193	21	2	0	1	0	0	0	0	0	0	1	0	1	0	0	0	0	0	0	Y	N	N	N	N	N	N	N	N	N	N	N	N	N	N	N	N	N	0.0000	0.0000	0.0000	0.0000	0.0000	0.0000	0.0000	0.0000	0.0000	0.0000	0.0000	0.0000	0.0000	0.0000	0.0000	0.0000	0.0000	0.0000	0.0001	0.0002	0.0000	0.0005	0.0005	0.0000	0.0000	0.0000	0.0000		0.0001	0.0000	-0.0000	1.0032	1.0020	9.5192	7.2599	0.0000	0.0000	0.0000	0.0000	0.0000	0.0000	0.0000	0.0000	0.0000	0.0000	0.0000	0.0000	0.0000	0.0000	0.0000	0.0000	0.0000	0.0000	0.0071	0.0061	0.0010	0.0001	0.0001	0.0000	0.0070	0.0060	0.0010	0.0943	0.0505	0.0438	0.0215	0.0194	0.0021	0.0728	0.0311	0.0417
33	53	0.0996	20	2	0	1	0	1	0	0	0	0	0	0	0	0	0	0	0	0	0	Y	N	N	N	N	N	N	N	N	N	N	N	N	N	N	N	N	N	0.0000	0.0000	0.0000	0.0000	0.0000	0.0000	0.0000	0.0000	0.0000	0.0000	0.0000	0.0000	0.0000	0.0000	0.0000	0.0000	0.0000	0.0000	0.0265	0.0498	0.0000	0.1293	0.1423	0.0000	0.0001	0.0002	0.0000		0.0000	0.0000	-0.0019	1.0032	3.0050	9.5192	8.3063	0.0000	0.0000	0.0000	0.0000	0.0000	0.0000	0.0000	0.0000	0.0000	0.0034	0.0034	0.0000	0.0034	0.0034	0.0000	0.0000	0.0000	0.0000	0.0213	0.0184	0.0030	0.0006	0.0005	0.0000	0.0208	0.0178	0.0029	0.1291	0.0687	0.0604	0.0264	0.0239	0.0024	0.1027	0.0447	0.0580
33	56	0.1098	19	2	0	1	0	0	0	0	0	0	0	0	0	0	0	0	0	0	0	Y	N	N	N	N	N	N	N	N	N	N	N	N	N	N	N	N	N	0.0000	0.0000	0.0000	0.0000	0.0000	0.0000	0.0000	0.0000	0.0000	0.0000	0.0000	0.0000	0.0000	0.0000	0.0000	0.0000	0.0000	0.0000	0.4533	0.0003	0.9694	0.0006	0.0007	0.0000	0.5747	0.0000	1.0184		3368.0633	0.0000	0.0311	1.0032	2.9988	9.5192	11.1255	0.0000	0.0000	0.0000	0.0000	0.0000	0.0000	0.0000	0.0000	0.0000	0.0688	0.0000	0.0688	0.0000	0.0000	0.0000	0.0688	0.0000	0.0688	0.0209	0.0180	0.0029	0.0006	0.0005	0.0000	0.0203	0.0175	0.0028	0.1518	0.0809	0.0710	0.0321	0.0287	0.0034	0.1197	0.0522	0.0676
33	70	0.0381	8	2	0	1	0	0	0	0	0	0	1	1	1	0	0	0	0	0	0	Y	N	N	N	N	N	N	N	N	N	N	N	N	N	N	N	N	N	0.0001	3.0534	0.0000	0.8546	5.7145	0.0000	0.0000	0.0000	0.0000	0.0008	0.0009	0.0000	0.0054	0.0055	0.0000	0.0000	0.0000	0.0000	5.7332	0.0003	12.0107	0.0063	0.0010	0.0929	6.8907	0.0000	12.2607	0.0000	37769.3454	-0.0000	0.3335	1.0032	2.3581	9.5192	7.4584	0.0000	0.0000	0.0000	0.0000	0.0000	0.0000	0.0000	0.0000	0.0000	0.7384	0.0000	0.7383	0.0001	0.0000	0.0001	0.7382	0.0000	0.7382	0.0209	0.0185	0.0024	0.0030	0.0030	0.0000	0.0178	0.0155	0.0024	0.1288	0.0673	0.0615	0.0217	0.0204	0.0013	0.1071	0.0469	0.0602
33	71	0.0309	7	2	0	1	0	0	0	0	0	0	0	1	0	0	0	0	0	0	0	Y	N	N	N	N	N	N	N	N	N	N	N	N	N	N	N	N	N	0.0664	0.0905	0.0000	15.2136	13.6860	0.0000	0.0000	0.0000	0.0000	0.2795	0.3253	0.0000	121.9394	121.9804	0.0000	0.0000	0.0000	0.0000	4.2075	3.5950	5.0599	8.0152	8.9128	0.0041	2.8637	0.0026	5.3990	0.0000	1.0115	-0.0020	-0.0175	1.0032	1.7590	9.5192	3.5356	0.0034	0.0034	0.0000	0.0034	0.0034	0.0000	0.0000	0.0000	0.0000	0.3851	0.1915	0.1937	0.1914	0.1914	0.0000	0.1937	0.0001	0.1937	0.0123	0.0106	0.0017	0.0000	0.0000	0.0000	0.0123	0.0105	0.0017	0.0915	0.0533	0.0383	0.0239	0.0215	0.0024	0.0677	0.0318	0.0359
33	72	0.0276	6	2	0	1	0	0	0	0	0	1	0	1	0	0	0	0	0	0	0	Y	N	N	N	N	N	N	N	N	N	N	N	N	N	N	N	N	N	0.0442	1.0885	0.1704	0.9181	0.9002	0.0000	0.0443	0.0000	0.1701	0.4347	0.0289	3.1336	0.2650	0.2650	0.0000	0.4525	0.0000	3.1336	9.8303	0.0265	18.3870	0.2886	0.2944	0.0895	10.2201	0.0027	18.4247	16.3131	793.9338	0.0000	0.1168	1.0032	0.0029	9.5192	2.4186	0.0000	0.0000	0.0000	0.0000	0.0000	0.0000	0.0000	0.0000	0.0000	0.2593	0.0003	0.2590	0.0003	0.0003	0.0000	0.2590	0.0000	0.2590	0.0000	0.0000	0.0000	0.0000	0.0000	0.0000	0.0000	0.0000	0.0000	0.0264	0.0123	0.0141	0.0010	0.0010	0.0000	0.0253	0.0113	0.0141
33	78	0.1098	19	2	0	1	0	0	0	0	0	0	1	0	1	0	0	0	0	0	0	Y	N	N	N	N	N	N	N	N	N	N	N	N	N	N	N	N	N	0.0000	0.0000	0.0000	0.0000	0.0000	0.0000	0.0000	0.0000	0.0000	0.0000	0.0000	0.0000	0.0000	0.0000	0.0000	0.0000	0.0000	0.0000	0.5150	0.0001	1.1043	0.0004	0.0004	0.0000	0.6560	0.0000	1.1598		6512.5837	0.0000	0.0311	1.0032	0.0166	9.5192	12.2009	0.0000	0.0000	0.0000	0.0000	0.0000	0.0000	0.0000	0.0000	0.0000	0.0688	0.0000	0.0688	0.0000	0.0000	0.0000	0.0688	0.0000	0.0688	0.0003	0.0003	0.0000	0.0001	0.0001	0.0000	0.0002	0.0001	0.0000	0.1336	0.0713	0.0623	0.0287	0.0257	0.0030	0.1049	0.0456	0.0593
33	79	0.0955	18	2	0	1	0	1	0	0	0	0	0	0	0	0	0	0	0	0	0	Y	N	N	N	N	N	N	N	N	N	N	N	N	N	N	N	N	N	0.0000	0.0000	0.0000	0.0000	0.0000	0.0000	0.0000	0.0000	0.0000	0.0000	0.0000	0.0000	0.0000	0.0000	0.0000	0.0000	0.0000	0.0000	21.1078	0.0003	42.8616	0.0008	0.0009	0.0000	25.1467	0.0000	44.7589		159585.3119	0.0000	0.8718	1.0032	1.0285	9.5192	7.9781	0.0000	0.0000	0.0000	0.0000	0.0000	0.0000	0.0000	0.0000	0.0000	1.9298	0.0000	1.9298	0.0000	0.0000	0.0000	1.9298	0.0000	1.9298	0.0074	0.0064	0.0010	0.0002	0.0002	0.0000	0.0072	0.0062	0.0010	0.0914	0.0464	0.0450	0.0147	0.0128	0.0019	0.0767	0.0336	0.0431
33	84	0.0512	7	2	0	1	0	0	0	0	0	0	0	0	0	0	0	0	0	0	0	Y	N	N	N	N	N	N	N	N	N	N	N	N	N	N	N	N	N	0.0000	0.0000	0.0000	0.0000	0.0000	0.0000	0.0000	0.0000	0.0000	0.0000	0.0000	0.0000	0.0000	0.0000	0.0000	0.0000	0.0000	0.0000	0.0230	0.0015	0.0450	0.0064	0.0065	0.0044	0.0254	0.0000	0.0459		28.5066	0.0000	0.0020	1.0032	2.9998	9.5192	15.4389	0.0000	0.0000	0.0000	0.0000	0.0000	0.0000	0.0000	0.0000	0.0000	0.0047	0.0002	0.0046	0.0002	0.0002	0.0000	0.0045	0.0000	0.0045	0.0208	0.0179	0.0029	0.0000	0.0000	0.0000	0.0208	0.0179	0.0029	0.2055	0.1042	0.1013	0.0267	0.0244	0.0023	0.1788	0.0798	0.0991
33	88	0.0419	5	2	0	1	0	0	0	0	0	0	0	1	1	0	0	0	0	0	0	Y	N	N	N	N	N	N	N	N	N	N	N	N	N	N	N	N	N	0.0001	0.2953	0.0001	3.4954	6.7395	0.0000	0.0000	0.0000	0.0001	0.0009	0.0008	0.0017	0.0336	0.0341	0.0000	0.0002	0.0000	0.0017	7.5309	0.0028	16.0347	0.0096	0.0051	0.1667	9.1370	0.0017	16.2040	0.3487	5132.7223	-0.0000	0.4507	1.0032	1.0173	9.5192	8.6136	0.0000	0.0000	0.0000	0.0000	0.0000	0.0000	0.0000	0.0000	0.0000	0.9982	0.0002	0.9980	0.0002	0.0001	0.0001	0.9979	0.0001	0.9979	0.0073	0.0063	0.0010	0.0002	0.0002	0.0000	0.0071	0.0061	0.0010	0.1325	0.0703	0.0622	0.0233	0.0227	0.0007	0.1092	0.0476	0.0616
33	90	0.0419	5	2	0	1	0	0	0	0	0	0	0	1	1	0	0	0	0	0	0	Y	N	N	N	N	N	N	N	N	N	N	N	N	N	N	N	N	N	0.0058	0.0000	140.0630	0.0000	0.0000	0.0000	34.8699	0.0000	138.8771	0.0001	0.0000	0.0009	0.0000	0.0000	0.0000	0.0001	0.0000	0.0009	0.0215	0.0417	0.0000	0.1444	0.1498	0.0000	0.0000	0.0000	0.0000	inf	0.0001	0.0000	-0.0020	1.0032	2.0138	9.5192	11.8132	0.0000	0.0000	0.0000	0.0000	0.0000	0.0000	0.0000	0.0000	0.0000	0.0037	0.0037	0.0000	0.0037	0.0037	0.0000	0.0000	0.0000	0.0000	0.0142	0.0122	0.0020	0.0002	0.0002	0.0000	0.0140	0.0120	0.0020	0.1736	0.0896	0.0840	0.0259	0.0250	0.0009	0.1477	0.0646	0.0831
33	91	0.0333	4	2	0	1	0	0	0	0	0	1	1	1	1	0	0	0	0	0	0	Y	N	N	N	N	N	N	N	N	N	N	N	N	N	N	N	N	N	0.0044	0.0027	0.0152	0.0802	0.0780	0.0000	0.0037	0.0000	0.0150	0.0003	0.0001	0.0013	0.0140	0.0140	0.0000	0.0002	0.0000	0.0013	0.0694	0.0562	0.0841	0.1746	0.1795	0.0001	0.0496	0.0050	0.0849	1.4041	1.3461	0.0000	0.0002	1.0032	1.9725	9.5192	4.2763	0.0000	0.0000	0.0000	0.0000	0.0000	0.0000	0.0000	0.0000	0.0000	0.0060	0.0025	0.0034	0.0024	0.0024	0.0000	0.0036	0.0002	0.0034	0.0140	0.0120	0.0020	0.0001	0.0001	0.0000	0.0138	0.0119	0.0020	0.0859	0.0452	0.0407	0.0136	0.0133	0.0004	0.0722	0.0319	0.0403
33	98	0.0634	9	2	0	1	1	0	0	0	1	0	0	1	1	0	0	0	0	0	0	Y	N	N	N	N	N	N	N	N	N	N	N	N	N	N	N	N	N	0.0000	0.0000	0.0000	0.0000	0.0000	0.0000	0.0000	0.0000	0.0000	0.0000	0.0000	0.0000	0.0000	0.0000	0.0000	0.0000	0.0000	0.0000	0.0000	0.0000	0.0000	0.0000	0.0000	0.0000	0.0000	0.0000	0.0000			0.0000	0.0000	1.0032	2.9999	9.5192	3.9821	0.0000	0.0000	0.0000	0.0000	0.0000	0.0000	0.0000	0.0000	0.0000	0.0000	0.0000	0.0000	0.0000	0.0000	0.0000	0.0000	0.0000	0.0000	0.0209	0.0179	0.0029	0.0002	0.0002	0.0000	0.0207	0.0178	0.0029	0.0753	0.0369	0.0384	0.0082	0.0073	0.0010	0.0671	0.0296	0.0375
33	99	0.0603	8	2	0	1	0	0	0	0	0	0	0	1	1	0	0	0	0	0	0	Y	N	N	N	N	N	N	N	N	N	N	N	N	N	N	N	N	N	0.0000	0.0000	0.0000	0.0000	0.0000	0.0000	0.0000	0.0000	0.0000	0.0000	0.0000	0.0000	0.0000	0.0000	0.0000	0.0000	0.0000	0.0000	0.0000	0.0000	0.0000	0.0000	0.0000	0.0000	0.0000	0.0000	0.0000		0.0236	0.0000	-0.0000	1.0032	0.0003	9.5192	2.0601	0.0000	0.0000	0.0000	0.0000	0.0000	0.0000	0.0000	0.0000	0.0000	0.0000	0.0000	0.0000	0.0000	0.0000	0.0000	0.0000	0.0000	0.0000	0.0000	0.0000	0.0000	0.0000	0.0000	0.0000	0.0000	0.0000	0.0000	0.0240	0.0120	0.0120	0.0031	0.0028	0.0003	0.0209	0.0092	0.0117
33	100	0.0404	7	2	0	1	0	0	0	0	0	1	1	1	1	0	0	0	0	0	0	Y	N	N	N	N	N	N	N	N	N	N	N	N	N	N	N	N	N	165.1653	94.6578	0.0000	6222.2417	5660.2722	0.0000	0.0000	0.0000	0.0000	0.1934	0.2250	0.0000	69.0480	69.0743	0.0000	0.0000	0.0000	0.0000	0.0012	0.0024	0.0000	0.0111	0.0122	0.0000	0.0000	0.0000	0.0000	0.0000	0.0121	-0.0024	-0.0001	1.0032	3.0014	9.5192	9.1620	0.0040	0.0040	0.0000	0.0040	0.0040	0.0000	0.0000	0.0000	0.0000	0.0002	0.0002	0.0000	0.0002	0.0002	0.0000	0.0000	0.0000	0.0000	0.0209	0.0179	0.0029	0.0001	0.0001	0.0000	0.0208	0.0179	0.0029	0.1366	0.0665	0.0701	0.0142	0.0130	0.0013	0.1224	0.0535	0.0688
33	101	0.0276	6	2	0	1	0	0	0	0	0	0	0	0	0	0	0	0	0	0	0	Y	N	N	N	N	N	N	N	N	N	N	N	N	N	N	N	N	N	14615.8094	0.0000	372841963.3982	0.0000	0.0000	0.0000	55165829.0959	0.0000	372075309.7267	69.0471	0.0000	505.5600	0.0000	0.0000	0.0000	71.9978	0.0000	505.5621	0.0047	0.0102	0.0000	0.1415	0.1464	0.0000	0.0000	0.0000	0.0000	inf	0.0002	0.0017	-0.0002	1.0032	0.0077	9.5192	8.0757	0.0040	0.0000	0.0040	0.0000	0.0000	0.0000	0.0040	0.0000	0.0040	0.0004	0.0004	0.0000	0.0004	0.0004	0.0000	0.0000	0.0000	0.0000	0.0001	0.0001	0.0000	0.0000	0.0000	0.0000	0.0001	0.0000	0.0000	0.0855	0.0395	0.0460	0.0029	0.0028	0.0001	0.0826	0.0367	0.0459
33	102	0.0259	5	2	0	1	0	0	0	0	0	0	0	0	0	0	0	0	0	0	0	Y	N	N	N	N	N	N	N	N	N	N	N	N	N	N	N	N	N	0.7021	19163.9282	1.4324	5593.9046	11886.4181	0.0000	0.4258	0.0000	1.4305	0.0260	0.0131	0.0980	0.1302	0.1302	0.0000	0.0162	0.0000	0.0980	0.0370	0.0000	0.0684	0.0000	0.0000	0.0005	0.0381	0.0000	0.0685	1.3333	117622.4706	-0.0000	0.0002	1.0032	0.0011	9.5192	1.0060	0.0000	0.0000	0.0000	0.0000	0.0000	0.0000	0.0000	0.0000	0.0000	0.0004	0.0000	0.0004	0.0000	0.0000	0.0000	0.0004	0.0000	0.0004	0.0000	0.0000	0.0000	0.0000	0.0000	0.0000	0.0000	0.0000	0.0000	0.0108	0.0050	0.0058	0.0003	0.0003	0.0000	0.0105	0.0047	0.0058
33	113	0.0259	3	2	0	1	0	0	0	0	0	0	0	0	0	0	0	0	0	0	0	Y	N	N	N	N	N	N	N	N	N	N	N	N	N	N	N	N	N	0.4202	0.2823	0.3408	6341.6144	6190.7676	0.0000	0.0213	0.0000	0.3404	0.0204	0.0226	0.0075	2.4900	2.4902	0.0000	0.0011	0.0000	0.0075	0.0486	0.0800	0.0220	0.0004	0.0004	0.0000	0.0501	0.0852	0.0220	0.0548	0.3232	-0.0000	-0.0007	1.0032	0.0182	9.5192	4.6661	0.0000	0.0000	0.0000	0.0000	0.0000	0.0000	0.0000	0.0000	0.0000	0.0024	0.0018	0.0006	0.0000	0.0000	0.0000	0.0024	0.0018	0.0006	0.0001	0.0001	0.0000	0.0000	0.0000	0.0000	0.0001	0.0001	0.0000	0.0498	0.0229	0.0269	0.0015	0.0014	0.0000	0.0483	0.0214	0.0269
33	121	0.0847	12	2	0	1	0	0	0	0	0	0	0	0	0	0	0	0	0	0	0	Y	N	N	N	N	N	N	N	N	N	N	N	N	N	N	N	N	N	0.0000	0.0000	0.0000	0.0000	0.0000	0.0000	0.0000	0.0000	0.0000	0.0000	0.0000	0.0000	0.0000	0.0000	0.0000	0.0000	0.0000	0.0000	0.5604	0.4130	0.7457	0.6124	0.6282	0.0000	0.5293	0.0034	0.7620		1.4363	0.0000	0.0008	1.0032	0.0000	9.5192	1.2022	0.0000	0.0000	0.0000	0.0000	0.0000	0.0000	0.0000	0.0000	0.0000	0.0192	0.0079	0.0113	0.0079	0.0079	0.0000	0.0114	0.0000	0.0113	0.0000	0.0000	0.0000	0.0000	0.0000	0.0000	0.0000	0.0000	0.0000	0.0343	0.0191	0.0152	0.0129	0.0125	0.0003	0.0215	0.0066	0.0149
33	122	0.0634	11	2	0	1	0	1	0	0	0	0	0	0	0	0	0	0	0	0	0	Y	N	N	N	N	N	N	N	N	N	N	N	N	N	N	N	N	N	0.0000	0.0000	0.0000	0.0000	0.0000	0.0000	0.0000	0.0000	0.0000	0.0000	0.0000	0.0000	0.0000	0.0000	0.0000	0.0000	0.0000	0.0000	0.1162	0.0830	0.1561	0.2207	0.2402	0.0000	0.0892	0.0002	0.1621		1.5617	0.0000	0.0011	1.0032	0.0041	9.5192	12.5856	0.0000	0.0000	0.0000	0.0000	0.0000	0.0000	0.0000	0.0000	0.0000	0.0187	0.0073	0.0114	0.0073	0.0073	0.0000	0.0114	0.0000	0.0114	0.0001	0.0000	0.0000	0.0000	0.0000	0.0000	0.0000	0.0000	0.0000	0.1612	0.0880	0.0731	0.0331	0.0304	0.0027	0.1281	0.0577	0.0705
34	42	0.1408	18	2	1	1	0	0	1	1	0	0	1	0	1	0	0	0	0	0	0	Y	N	N	N	N	N	N	N	N	N	N	N	N	N	N	N	N	N	0.0000	0.0000	0.0000	0.0000	0.0000	0.0000	0.0000	0.0000	0.0000	0.0000	0.0000	0.0000	0.0000	0.0000	0.0000	0.0000	0.0000	0.0000	0.0000	0.0000	0.0000	0.0000	0.0000	0.0000	0.0000	0.0000	0.0000			0.0000	0.0000	0.9987	0.0000	10.0476	0.0011	0.0000	0.0000	0.0000	0.0000	0.0000	0.0000	0.0000	0.0000	0.0000	0.0000	0.0000	0.0000	0.0000	0.0000	0.0000	0.0000	0.0000	0.0000	0.0000	0.0000	0.0000	0.0000	0.0000	0.0000	0.0000	0.0000	0.0000	0.0000	0.0000	0.0000	0.0000	0.0000	0.0000	0.0000	0.0000	0.0000
34	44	0.0475	5	2	1	1	1	0	1	1	0	0	0	1	1	0	0	0	0	0	0	Y	N	N	N	N	N	N	N	N	N	N	N	N	N	N	N	N	N	3.9633	22.2643	13.1068	41.0618	122.9238	0.0000	3.4628	92400.4862	12.8099	0.3765	0.0140	2.5162	0.3116	0.3155	0.0000	0.3784	0.0038	2.5224	0.0950	0.0006	0.1920	0.0076	0.0026	0.0463	0.1093	0.0000	0.1969	30.4239	296.8569	0.0073	0.0161	0.9987	7.0030	10.0476	25.8862	0.0189	0.0006	0.0183	0.0004	0.0004	0.0000	0.0184	0.0002	0.0183	0.0358	0.0001	0.0357	0.0004	0.0001	0.0003	0.0354	0.0000	0.0354	0.0501	0.0429	0.0073	0.0014	0.0014	0.0000	0.0487	0.0415	0.0072	0.3770	0.1911	0.1859	0.0529	0.0468	0.0061	0.3241	0.1442	0.1799
34	48	0.0475	5	2	1	1	1	0	1	1	0	0	0	1	1	0	0	0	0	0	0	Y	N	N	N	N	N	N	N	N	N	N	N	N	N	N	N	N	N	1619.7661	25.2033	1103412.1772	86.2744	81.0244	0.0000	474035.6496	0.0000	1587528.2949	1.2824	0.0366	7.9427	0.3551	0.3594	0.0000	1.3707	0.0000	7.9950	0.0008	0.0015	0.0000	0.0041	0.0044	0.0001	0.0000	0.0000	0.0000	40.5613	0.0042	0.0074	-0.0001	0.9987	1.7572	10.0476	7.6758	0.0187	0.0005	0.0183	0.0005	0.0005	0.0000	0.0183	0.0000	0.0183	0.0001	0.0001	0.0000	0.0001	0.0001	0.0000	0.0000	0.0000	0.0000	0.0146	0.0123	0.0023	0.0013	0.0013	0.0000	0.0133	0.0110	0.0023	0.1349	0.0732	0.0617	0.0259	0.0240	0.0019	0.1090	0.0492	0.0598
34	49	0.0386	4	2	1	1	1	0	1	1	1	0	0	1	1	0	0	0	0	0	0	Y	N	N	N	N	N	N	N	N	N	N	N	N	N	N	N	N	N	48698.5120	12.6060	319048.3557	529.6166	492.5845	1091.9851	81457.3360	0.0065	312651.0165	110.2341	0.0268	771.7806	3.4991	3.5012	0.8541	110.9409	0.0000	771.8097	0.0023	0.0021	0.0024	0.0066	0.0071	0.0008	0.0014	0.0000	0.0025	4789.3697	0.9799	0.4066	-0.0000	0.9987	1.2605	10.0476	5.3560	0.9760	0.0002	0.9758	0.0002	0.0002	0.0000	0.9758	0.0000	0.9758	0.0002	0.0001	0.0001	0.0001	0.0001	0.0000	0.0001	0.0000	0.0001	0.0089	0.0076	0.0013	0.0001	0.0001	0.0000	0.0088	0.0075	0.0013	0.0940	0.0504	0.0435	0.0162	0.0149	0.0013	0.0778	0.0356	0.0422
34	50	0.0386	4	2	1	1	0	0	1	1	0	0	0	1	1	0	0	0	0	0	0	Y	N	N	N	N	N	N	N	N	N	N	N	N	N	N	N	N	N	3.4265	3828.9832	0.0004	123281.9431	119654.5014	0.0000	0.0001	0.0000	0.0004	0.5533	0.6458	0.0001	73.0551	73.1186	0.0000	0.0000	0.0000	0.0001	0.1615	0.0002	0.3402	0.0006	0.0006	0.0004	0.1918	0.0000	0.3506	0.0000	1820.3270	-0.0023	0.0084	0.9987	1.0001	10.0476	7.4568	0.0039	0.0039	0.0000	0.0039	0.0039	0.0000	0.0000	0.0000	0.0000	0.0186	0.0000	0.0185	0.0000	0.0000	0.0000	0.0185	0.0000	0.0185	0.0070	0.0060	0.0010	0.0001	0.0001	0.0000	0.0070	0.0060	0.0010	0.1149	0.0604	0.0545	0.0183	0.0166	0.0016	0.0967	0.0438	0.0529
34	51	0.0341	3	2	1	1	0	0	1	1	0	0	1	1	1	0	0	0	0	0	0	Y	N	N	N	N	N	N	N	N	N	N	N	N	N	N	N	N	N	8457.9288	108.1595	28302.5729	237.2817	256.8822	121.3198	14189.0872	0.0000	30787.5065	28.5048	0.2673	139.4681	1.1822	1.1827	1.0009	34.5291	0.0000	139.8243	0.0034	0.0025	0.0049	0.0050	0.0046	0.0083	0.0024	0.0002	0.0045	132.7991	1.1514	0.0008	-0.0000	0.9987	0.0061	10.0476	2.7591	0.0019	0.0000	0.0019	0.0000	0.0000	0.0000	0.0019	0.0000	0.0019	0.0002	0.0001	0.0001	0.0001	0.0001	0.0000	0.0001	0.0000	0.0001	0.0001	0.0001	0.0000	0.0000	0.0000	0.0000	0.0001	0.0000	0.0000	0.0703	0.0446	0.0257	0.0258	0.0232	0.0027	0.0445	0.0214	0.0231
34	52	0.1257	19	2	1	1	0	0	1	1	0	0	1	0	1	0	0	0	0	0	0	Y	N	N	N	N	N	N	N	N	N	N	N	N	N	N	N	N	N	0.0000	0.0000	0.0000	0.3454	0.0000	162.5058	0.0000	0.0000	0.0000	0.0000	0.0000	0.0001	0.0009	0.0000	0.0225	0.0000	0.0000	0.0000	9.3379	0.0012	20.2504	0.0027	0.0029	0.0001	12.3122	0.0000	21.3729	inf	14618.3940	0.0000	0.4421	0.9987	1.0020	10.0476	7.2599	0.0000	0.0000	0.0000	0.0000	0.0000	0.0000	0.0000	0.0000	0.0000	0.9789	0.0001	0.9788	0.0001	0.0001	0.0000	0.9788	0.0000	0.9788	0.0071	0.0061	0.0010	0.0001	0.0001	0.0000	0.0069	0.0060	0.0010	0.1048	0.0565	0.0483	0.0253	0.0228	0.0025	0.0795	0.0337	0.0458
34	53	0.1060	18	2	1	1	0	1	1	1	0	0	0	0	0	0	0	0	0	0	0	Y	N	N	N	N	N	N	N	N	N	N	N	N	N	N	N	N	N	0.2123	0.0000	1.2219	3.8197	0.0000	6289.7626	0.0032	0.0364	0.0129	0.0281	0.0000	0.2028	0.9100	0.0000	11.8720	0.0003	0.0000	0.0023	0.1324	0.1045	0.1659	0.2382	0.2727	0.0019	0.0992	0.0000	0.1777	64802.2570	1.3260	0.0003	0.0004	0.9987	3.0050	10.0476	8.3063	0.0006	0.0000	0.0006	0.0006	0.0000	0.0006	0.0000	0.0000	0.0000	0.0197	0.0085	0.0113	0.0085	0.0085	0.0000	0.0112	0.0000	0.0112	0.0214	0.0184	0.0030	0.0007	0.0006	0.0001	0.0207	0.0178	0.0029	0.1491	0.0813	0.0678	0.0357	0.0311	0.0045	0.1134	0.0501	0.0633
34	56	0.1162	17	2	1	1	0	0	1	1	0	0	0	0	0	0	0	0	0	0	0	Y	N	N	N	N	N	N	N	N	N	N	N	N	N	N	N	N	N	0.0000	0.0000	0.0000	0.0000	0.0000	0.0000	0.0000	0.0000	0.0000	0.0000	0.0000	0.0000	0.0000	0.0000	0.0000	0.0000	0.0000	0.0000	5.7956	0.0009	12.4954	0.0063	0.0024	0.0407	7.4517	0.0000	13.1486		12309.9091	0.0000	0.4405	0.9987	2.9988	10.0476	11.1255	0.0000	0.0000	0.0000	0.0000	0.0000	0.0000	0.0000	0.0000	0.0000	0.9754	0.0001	0.9753	0.0002	0.0001	0.0002	0.9751	0.0000	0.9751	0.0209	0.0180	0.0029	0.0006	0.0006	0.0000	0.0203	0.0174	0.0028	0.1683	0.0902	0.0781	0.0374	0.0335	0.0039	0.1309	0.0567	0.0742
34	70	0.0413	4	2	1	1	0	0	1	1	0	0	1	1	1	0	0	0	0	0	0	Y	N	N	N	N	N	N	N	N	N	N	N	N	N	N	N	N	N	0.0187	23.7077	0.0000	57.2721	53.9220	0.0000	0.0000	0.0000	0.0000	0.1270	0.1436	0.0000	0.8886	0.9011	0.0000	0.0000	0.0000	0.0000	6.7867	0.0061	14.5154	0.0155	0.0167	0.0035	8.6091	0.0000	15.1388	0.0000	2101.9691	-0.0015	0.4388	0.9987	2.3581	10.0476	7.4584	0.0026	0.0026	0.0000	0.0026	0.0026	0.0000	0.0000	0.0000	0.0000	0.9724	0.0005	0.9719	0.0005	0.0005	0.0000	0.9719	0.0000	0.9719	0.0206	0.0183	0.0024	0.0030	0.0029	0.0000	0.0177	0.0154	0.0023	0.1433	0.0763	0.0670	0.0304	0.0276	0.0028	0.1129	0.0487	0.0642
34	71	0.0341	3	2	1	1	0	0	1	1	0	0	0	1	0	0	0	0	0	0	0	Y	N	N	N	N	N	N	N	N	N	N	N	N	N	N	N	N	N	0.0067	0.0088	0.0059	1.0052	0.8972	2639.6020	0.0014	0.0000	0.0054	0.0017	0.0016	0.0020	0.3752	0.3748	0.7974	0.0003	0.0000	0.0020	0.2486	0.1817	0.3435	0.3733	0.4177	0.0003	0.1989	0.0004	0.3707	0.2081	1.3339	-0.0000	0.0006	0.9987	1.7590	10.0476	3.5356	0.0000	0.0000	0.0000	0.0000	0.0000	0.0000	0.0000	0.0000	0.0000	0.0247	0.0106	0.0141	0.0106	0.0106	0.0000	0.0141	0.0000	0.0141	0.0123	0.0105	0.0017	0.0000	0.0000	0.0000	0.0122	0.0105	0.0017	0.0994	0.0583	0.0411	0.0283	0.0253	0.0030	0.0711	0.0330	0.0381
34	72	0.0307	2	2	1	1	0	0	1	1	0	1	0	1	0	0	0	0	0	0	0	Y	N	N	N	N	N	N	N	N	N	N	N	N	N	N	N	N	N	41.5684	8.1261	281.2280	6.8889	6.2567	1130.8436	124.7875	0.0000	277.6189	0.4887	0.1425	1.8056	0.6253	0.6242	1.0006	0.4584	0.0000	1.8078	0.0118	0.0175	0.0064	0.0908	0.0998	0.0009	0.0037	0.0000	0.0065	3.3298	0.3968	0.0000	-0.0001	0.9987	0.0029	10.0476	2.4186	0.0000	0.0000	0.0000	0.0000	0.0000	0.0000	0.0000	0.0000	0.0000	0.0003	0.0002	0.0001	0.0002	0.0002	0.0000	0.0001	0.0000	0.0001	0.0000	0.0000	0.0000	0.0000	0.0000	0.0000	0.0000	0.0000	0.0000	0.0295	0.0142	0.0154	0.0027	0.0025	0.0002	0.0268	0.0117	0.0151
34	78	0.1162	17	2	1	1	0	0	1	1	0	0	1	0	1	0	0	0	0	0	0	Y	N	N	N	N	N	N	N	N	N	N	N	N	N	N	N	N	N	0.0000	0.0000	0.0000	0.0000	0.0000	0.0000	0.0000	0.0000	0.0000	0.0000	0.0000	0.0000	0.0000	0.0000	0.0000	0.0000	0.0000	0.0000	0.0793	0.1476	0.0000	0.3512	0.3909	0.0001	0.0000	0.0000	0.0000		0.0001	0.0000	-0.0064	0.9987	0.0166	10.0476	12.2009	0.0000	0.0000	0.0000	0.0000	0.0000	0.0000	0.0000	0.0000	0.0000	0.0117	0.0117	0.0000	0.0117	0.0117	0.0000	0.0000	0.0000	0.0000	0.0003	0.0003	0.0000	0.0001	0.0001	0.0000	0.0002	0.0001	0.0000	0.1481	0.0796	0.0685	0.0334	0.0300	0.0034	0.1146	0.0495	0.0651
34	79	0.1019	16	2	1	1	0	1	1	1	0	0	0	0	0	0	0	0	0	0	0	Y	N	N	N	N	N	N	N	N	N	N	N	N	N	N	N	N	N	0.0000	0.0020	0.0000	0.1604	0.1638	0.0000	0.0000	0.0000	0.0000	0.0000	0.0000	0.0000	0.0001	0.0001	0.0000	0.0000	0.0000	0.0000	0.1158	0.0019	0.2357	0.0006	0.0007	0.0005	0.1401	0.0024	0.2466	0.0000	117.6388	-0.0000	0.0052	0.9987	1.0285	10.0476	7.9781	0.0000	0.0000	0.0000	0.0000	0.0000	0.0000	0.0000	0.0000	0.0000	0.0118	0.0001	0.0117	0.0000	0.0000	0.0000	0.0117	0.0001	0.0117	0.0074	0.0064	0.0010	0.0002	0.0002	0.0000	0.0071	0.0061	0.0010	0.1015	0.0521	0.0495	0.0177	0.0155	0.0022	0.0838	0.0366	0.0473
34	84	0.0576	5	2	1	1	0	0	1	1	0	0	0	0	0	0	0	0	0	0	0	Y	N	N	N	N	N	N	N	N	N	N	N	N	N	N	N	N	N	0.0000	0.0000	0.0000	0.0000	0.0000	0.0000	0.0000	0.0000	0.0000	0.0000	0.0000	0.0000	0.0000	0.0000	0.0000	0.0000	0.0000	0.0000	0.0764	0.1489	0.0000	0.5140	0.5628	0.0000	0.0000	0.0000	0.0000		0.0001	0.0000	-0.0095	0.9987	2.9998	10.0476	15.4389	0.0000	0.0000	0.0000	0.0000	0.0000	0.0000	0.0000	0.0000	0.0000	0.0173	0.0173	0.0000	0.0173	0.0173	0.0000	0.0000	0.0000	0.0000	0.0208	0.0179	0.0029	0.0001	0.0001	0.0000	0.0207	0.0178	0.0029	0.2269	0.1164	0.1105	0.0337	0.0308	0.0029	0.1932	0.0856	0.1076
34	88	0.0483	7	2	1	1	0	0	1	1	0	0	0	1	1	0	0	0	0	0	0	Y	N	N	N	N	N	N	N	N	N	N	N	N	N	N	N	N	N	0.0405	0.0000	0.1435	0.0000	0.0000	0.0000	0.0357	0.0000	0.1429	0.0001	0.0000	0.0004	0.0000	0.0000	0.0000	0.0001	0.0000	0.0004	0.0014	0.0002	0.0029	0.0006	0.0005	0.0022	0.0017	0.0000	0.0029	inf	12.5607	0.0000	0.0001	0.9987	1.0173	10.0476	8.6136	0.0000	0.0000	0.0000	0.0000	0.0000	0.0000	0.0000	0.0000	0.0000	0.0002	0.0000	0.0002	0.0000	0.0000	0.0000	0.0002	0.0000	0.0002	0.0073	0.0063	0.0010	0.0002	0.0002	0.0000	0.0071	0.0061	0.0010	0.1452	0.0782	0.0670	0.0308	0.0292	0.0016	0.1144	0.0490	0.0654
34	90	0.0483	7	2	1	1	0	0	1	1	0	0	0	1	1	0	0	0	0	0	0	Y	N	N	N	N	N	N	N	N	N	N	N	N	N	N	N	N	N	0.6674	0.4078	0.0000	8.1636	7.8044	0.0000	0.0000	0.0000	0.0000	0.0430	0.0500	0.0000	2.7849	2.8428	0.0000	0.0000	0.0000	0.0000	0.0645	0.1227	0.0000	0.3411	0.3643	0.0000	0.0000	0.0000	0.0000	0.0000	0.0000	-0.0004	-0.0067	0.9987	2.0138	10.0476	11.8132	0.0006	0.0006	0.0000	0.0006	0.0006	0.0000	0.0000	0.0000	0.0000	0.0123	0.0123	0.0000	0.0123	0.0123	0.0000	0.0000	0.0000	0.0000	0.0142	0.0122	0.0020	0.0002	0.0002	0.0000	0.0140	0.0120	0.0020	0.1907	0.1002	0.0905	0.0360	0.0337	0.0023	0.1547	0.0664	0.0883
34	91	0.0397	6	2	1	1	0	0	1	1	0	1	1	1	1	0	0	0	0	0	0	Y	N	N	N	N	N	N	N	N	N	N	N	N	N	N	N	N	N	0.0676	0.0177	0.6953	0.5763	0.5364	549.9033	0.1700	0.0000	0.6773	0.0001	0.0000	0.0004	0.0032	0.0031	0.0947	0.0001	0.0000	0.0004	0.0014	0.0020	0.0006	0.0055	0.0058	0.0002	0.0004	0.0000	0.0006	2.0342	0.2735	0.0000	-0.0000	0.9987	1.9725	10.0476	4.2763	0.0000	0.0000	0.0000	0.0000	0.0000	0.0000	0.0000	0.0000	0.0000	0.0001	0.0001	0.0000	0.0001	0.0001	0.0000	0.0000	0.0000	0.0000	0.0139	0.0119	0.0020	0.0001	0.0001	0.0000	0.0138	0.0118	0.0020	0.0940	0.0503	0.0437	0.0184	0.0174	0.0010	0.0756	0.0329	0.0427
34	98	0.0408	3	2	1	1	1	0	1	1	1	0	0	1	1	0	0	0	0	0	0	Y	N	N	N	N	N	N	N	N	N	N	N	N	N	N	N	N	N	0.0000	0.0000	0.0000	0.0000	0.0000	0.0000	0.0000	0.0000	0.0000	0.0000	0.0000	0.0000	0.0000	0.0000	0.0000	0.0000	0.0000	0.0000	11.5862	0.0001	22.3988	0.0065	0.0009	0.1546	12.5845	0.0000	22.5247		165984.4151	0.0000	0.4446	0.9987	2.9999	10.0476	3.9821	0.0000	0.0000	0.0000	0.0000	0.0000	0.0000	0.0000	0.0000	0.0000	0.9842	0.0000	0.9842	0.0000	0.0000	0.0000	0.9842	0.0000	0.9842	0.0209	0.0179	0.0029	0.0002	0.0002	0.0000	0.0206	0.0177	0.0029	0.0849	0.0410	0.0439	0.0067	0.0065	0.0002	0.0782	0.0345	0.0437
34	99	0.0377	2	2	1	1	0	0	1	1	0	0	0	1	1	0	0	0	0	0	0	Y	N	N	N	N	N	N	N	N	N	N	N	N	N	N	N	N	N	0.1165	0.1550	0.0000	0.1440	0.1408	0.0000	0.0000	0.0000	0.0000	0.0228	0.0267	0.0000	0.1125	0.1127	0.0000	0.0000	0.0000	0.0000	0.1954	0.1720	0.2182	0.7809	0.8003	0.0228	0.1239	0.0000	0.2193	0.0000	1.3003	-0.0000	0.0001	0.9987	0.0003	10.0476	2.0601	0.0000	0.0000	0.0000	0.0000	0.0000	0.0000	0.0000	0.0000	0.0000	0.0054	0.0023	0.0030	0.0023	0.0023	0.0000	0.0030	0.0000	0.0030	0.0000	0.0000	0.0000	0.0000	0.0000	0.0000	0.0000	0.0000	0.0000	0.0275	0.0136	0.0139	0.0030	0.0029	0.0001	0.0245	0.0107	0.0138
34	113	0.0323	5	2	1	1	0	0	1	1	0	0	0	0	0	0	0	0	0	0	0	Y	N	N	N	N	N	N	N	N	N	N	N	N	N	N	N	N	N	11.5319	5.9866	51.2764	78.3645	69.7259	inf	12.8811	0.0000	49.9075	0.0092	0.0078	0.0173	0.5833	0.5824	0.9809	0.0025	0.0000	0.0171	0.0008	0.0013	0.0003	0.0074	0.0084	0.0000	0.0002	0.0000	0.0003	0.3720	0.2869	-0.0000	-0.0000	0.9987	0.0182	10.0476	4.6661	0.0000	0.0000	0.0000	0.0000	0.0000	0.0000	0.0000	0.0000	0.0000	0.0000	0.0000	0.0000	0.0000	0.0000	0.0000	0.0000	0.0000	0.0000	0.0001	0.0001	0.0000	0.0000	0.0000	0.0000	0.0001	0.0001	0.0000	0.0551	0.0261	0.0290	0.0046	0.0041	0.0005	0.0506	0.0220	0.0285
34	114	0.0323	4	2	1	1	0	0	1	1	0	0	0	0	0	0	0	0	0	0	0	Y	N	N	N	N	N	N	N	N	N	N	N	N	N	N	N	N	N	287.9969	198.8001	616.8551	219.6284	231.0827	inf	340.2977	0.0000	672.2777	0.1269	0.0805	0.2995	0.2820	0.2800	1.0016	0.0813	0.0000	0.2975	0.0004	0.0004	0.0005	0.0013	0.0012	0.0000	0.0002	0.0000	0.0004	1.0000	0.9512	-0.0000	-0.0000	0.9987	0.0004	10.0476	0.0007	0.0000	0.0000	0.0000	0.0000	0.0000	0.0000	0.0000	0.0000	0.0000	0.0000	0.0000	0.0000	0.0000	0.0000	0.0000	0.0000	0.0000	0.0000	0.0000	0.0000	0.0000	0.0000	0.0000	0.0000	0.0000	0.0000	0.0000	0.0000	0.0000	0.0000	0.0000	0.0000	0.0000	0.0000	0.0000	0.0000
34	115	0.0323	3	2	1	1	0	0	1	1	0	0	0	0	0	0	0	0	0	0	0	Y	N	N	N	N	N	N	N	N	N	N	N	N	N	N	N	N	N	4.7676	1.9398	480.8947	3.3657	3.2979	inf	273.5071	0.0000	525.6466	0.1269	0.0805	0.2995	0.2820	0.2800	1.0016	0.0813	0.0000	0.2975	0.0266	0.0415	0.0006	0.0838	0.0849	0.0000	0.0003	0.0000	0.0006	1.0000	0.0086	-0.0000	-0.0000	0.9987	0.0004	10.0476	0.0002	0.0000	0.0000	0.0000	0.0000	0.0000	0.0000	0.0000	0.0000	0.0000	0.0000	0.0000	0.0000	0.0000	0.0000	0.0000	0.0000	0.0000	0.0000	0.0000	0.0000	0.0000	0.0000	0.0000	0.0000	0.0000	0.0000	0.0000	0.0000	0.0000	0.0000	0.0000	0.0000	0.0000	0.0000	0.0000	0.0000
34	121	0.0911	10	2	1	1	0	0	1	1	0	0	0	0	0	0	0	0	0	0	0	Y	N	N	N	N	N	N	N	N	N	N	N	N	N	N	N	N	N	0.0000	0.0000	0.0000	0.0000	0.0000	0.0000	0.0000	0.0000	0.0000	0.0000	0.0000	0.0000	0.0000	0.0000	0.0000	0.0000	0.0000	0.0000	0.0582	0.0641	0.0505	0.0628	0.0650	0.0000	0.0557	0.0627	0.0520		0.6006	0.0000	-0.0003	0.9987	0.0000	10.0476	1.2022	0.0000	0.0000	0.0000	0.0000	0.0000	0.0000	0.0000	0.0000	0.0000	0.0019	0.0012	0.0007	0.0007	0.0007	0.0000	0.0011	0.0004	0.0007	0.0000	0.0000	0.0000	0.0000	0.0000	0.0000	0.0000	0.0000	0.0000	0.0320	0.0181	0.0138	0.0115	0.0111	0.0004	0.0205	0.0071	0.0134
34	122	0.0698	9	2	1	1	0	1	1	1	0	0	0	0	0	0	0	0	0	0	0	Y	N	N	N	N	N	N	N	N	N	N	N	N	N	N	N	N	N	0.0000	0.0000	0.0000	0.0000	0.0000	0.0000	0.0000	0.0000	0.0000	0.0000	0.0000	0.0000	0.0000	0.0000	0.0000	0.0000	0.0000	0.0000	5.1538	9.2614	0.0978	0.0040	0.0040	0.0049	6.7764	15.5480	0.1014		0.0086	0.0000	-0.5365	0.9987	0.0041	10.0476	12.5856	0.0000	0.0000	0.0000	0.0000	0.0000	0.0000	0.0000	0.0000	0.0000	0.9940	0.9855	0.0085	0.0002	0.0002	0.0000	0.9938	0.9854	0.0084	0.0001	0.0000	0.0000	0.0000	0.0000	0.0000	0.0000	0.0000	0.0000	0.1929	0.1064	0.0865	0.0462	0.0430	0.0032	0.1467	0.0634	0.0833
35	42	0.0793	7	1	0	1	0	0	0	1	0	0	2	0	2	0	0	0	0	0	0	N	N	N	N	N	Y	N	N	N	N	N	N	N	N	N	N	N	N	0.0000	0.0000	0.0000	0.0000	0.0000	0.0000	0.0000	0.0000	0.0000	0.0000	0.0000	0.0000	0.0000	0.0000	0.0000	0.0000	0.0000	0.0000	0.0000	0.0000	0.0000	0.0000	0.0000	0.0000	0.0000	0.0000	0.0000			0.0000	0.0000	0.0023	0.0000	1.9232	0.0011	0.0000	0.0000	0.0000	0.0000	0.0000	0.0000	0.0000	0.0000	0.0000	0.0000	0.0000	0.0000	0.0000	0.0000	0.0000	0.0000	0.0000	0.0000	0.0000	0.0000	0.0000	0.0000	0.0000	0.0000	0.0000	0.0000	0.0000	0.0000	0.0000	0.0000	0.0000	0.0000	0.0000	0.0000	0.0000	0.0000
35	44	0.1284	22	1	0	1	1	0	0	1	0	0	1	1	2	0	0	0	0	0	0	N	N	N	N	N	Y	N	N	N	N	N	N	N	N	N	N	N	N	10.4060	79.5549	4.4512	72.3965	69.3702	0.0000	1.3830	0.0000	5.8731	8.1252	8.2476	7.0012	14.8453	15.7222	0.0000	1.3773	0.0000	9.7879	0.7808	0.1037	1.5729	0.2051	0.2266	0.0001	0.9959	0.0004	1.6666	0.0924	12.9709	-0.0010	0.0228	0.0023	7.0030	1.9232	25.8862	0.0020	0.0018	0.0002	0.0018	0.0018	0.0000	0.0002	0.0000	0.0002	0.0600	0.0043	0.0557	0.0043	0.0043	0.0000	0.0557	0.0000	0.0557	0.0002	0.0002	0.0000	0.0001	0.0001	0.0000	0.0001	0.0001	0.0000	0.0769	0.0414	0.0354	0.0209	0.0189	0.0020	0.0560	0.0225	0.0334
35	48	0.1284	22	1	0	1	1	0	0	1	0	0	1	1	2	0	0	0	0	0	0	N	N	N	N	N	Y	N	N	N	N	N	N	N	N	N	N	N	N	0.0015	21.5913	0.0000	7.2900	8.8930	0.0000	0.0013	183.9584	0.0000	0.0025	0.0027	0.0000	0.0017	0.0018	0.0000	0.0033	0.0038	0.0000	1.6588	0.0001	3.7318	0.0002	0.0002	0.0007	2.5083	0.0000	3.8961	0.0000	23645.0462	-0.0000	0.0249	0.0023	1.7572	1.9232	7.6758	0.0000	0.0000	0.0000	0.0000	0.0000	0.0000	0.0000	0.0000	0.0000	0.0551	0.0000	0.0551	0.0000	0.0000	0.0000	0.0551	0.0000	0.0551	0.0001	0.0001	0.0000	0.0000	0.0000	0.0000	0.0000	0.0000	0.0000	0.0332	0.0184	0.0148	0.0112	0.0106	0.0006	0.0220	0.0078	0.0141
35	49	0.1195	21	1	0	1	1	0	0	1	1	0	1	1	2	0	0	0	0	0	0	N	N	N	N	N	Y	N	N	N	N	N	N	N	N	N	N	N	N	0.0001	0.2434	0.0000	0.2155	0.2065	0.0000	0.0000	0.0000	0.0000	0.0036	0.0037	0.0035	0.0067	0.0071	0.0000	0.0007	0.0000	0.0048	51.5547	0.0150	120.0879	0.0311	0.0343	0.0002	71.1726	0.0000	127.8253	0.1039	6019.4216	-0.0000	0.4070	0.0023	1.2605	1.9232	5.3560	0.0000	0.0000	0.0000	0.0000	0.0000	0.0000	0.0000	0.0000	0.0000	0.9013	0.0001	0.9012	0.0001	0.0001	0.0000	0.9012	0.0000	0.9012	0.0000	0.0000	0.0000	0.0000	0.0000	0.0000	0.0000	0.0000	0.0000	0.0175	0.0100	0.0075	0.0048	0.0044	0.0005	0.0127	0.0056	0.0071
35	50	0.1195	21	1	0	1	0	0	0	1	0	0	1	1	2	0	0	0	0	0	0	N	N	N	N	N	Y	N	N	N	N	N	N	N	N	N	N	N	N	0.0000	0.0000	0.0000	0.0000	0.0000	0.0000	0.0000	0.0000	0.0000	0.0000	0.0000	0.0000	0.0000	0.0000	0.0000	0.0000	0.0000	0.0000	0.2200	0.2026	0.2422	0.4281	0.4758	0.0001	0.1447	0.0000	0.2579		0.9339	0.0000	-0.0003	0.0023	1.0001	1.9232	7.4568	0.0000	0.0000	0.0000	0.0000	0.0000	0.0000	0.0000	0.0000	0.0000	0.0047	0.0024	0.0023	0.0024	0.0024	0.0000	0.0023	0.0000	0.0023	0.0000	0.0000	0.0000	0.0000	0.0000	0.0000	0.0000	0.0000	0.0000	0.0213	0.0120	0.0094	0.0057	0.0051	0.0006	0.0157	0.0069	0.0088
35	51	0.1150	20	1	0	1	0	0	0	1	0	0	2	1	2	0	0	0	0	0	0	N	N	N	N	N	Y	N	N	N	N	N	N	N	N	N	N	N	N	0.0000	0.0000	0.0000	0.0000	0.0000	0.0000	0.0000	0.0000	0.0000	0.0000	0.0000	0.0000	0.0000	0.0000	0.0000	0.0000	0.0000	0.0000	0.1981	0.0012	0.5546	0.0022	0.0021	0.0025	0.3696	0.0000	0.7495		251.5388	0.0000	0.0011	0.0023	0.0061	1.9232	2.7591	0.0000	0.0000	0.0000	0.0000	0.0000	0.0000	0.0000	0.0000	0.0000	0.0024	0.0000	0.0024	0.0000	0.0000	0.0000	0.0024	0.0000	0.0024	0.0000	0.0000	0.0000	0.0000	0.0000	0.0000	0.0000	0.0000	0.0000	0.0123	0.0079	0.0044	0.0058	0.0046	0.0011	0.0066	0.0033	0.0032
35	52	0.0561	4	1	0	1	0	0	0	1	0	0	2	0	2	0	0	0	0	0	0	N	N	N	N	N	Y	N	N	N	N	N	N	N	N	N	N	N	N	0.0014	0.0008	0.0000	0.0004	0.0004	0.0000	0.0000	0.0000	0.0000	0.0003	0.0003	0.0000	0.0004	0.0005	0.0000	0.0000	0.0000	0.0000	0.1890	0.3608	0.0000	0.9661	1.0530	0.0002	0.0000	0.0000	0.0000	0.0000	0.0000	-0.0000	-0.0021	0.0023	1.0020	1.9232	7.2599	0.0000	0.0000	0.0000	0.0000	0.0000	0.0000	0.0000	0.0000	0.0000	0.0038	0.0038	0.0000	0.0038	0.0038	0.0000	0.0000	0.0000	0.0000	0.0001	0.0001	0.0000	0.0000	0.0000	0.0000	0.0000	0.0000	0.0000	0.0200	0.0105	0.0095	0.0039	0.0036	0.0003	0.0161	0.0069	0.0092
35	70	0.1222	21	1	0	1	0	0	0	1	0	0	2	1	2	0	0	0	0	0	0	N	N	N	N	N	Y	N	N	N	N	N	N	N	N	N	N	N	N	0.0000	0.0000	0.0000	0.0000	0.0000	0.0000	0.0000	0.0000	0.0000	0.0000	0.0000	0.0000	0.0000	0.0000	0.0000	0.0000	0.0000	0.0000	0.0063	0.0098	0.0019	0.0165	0.0198	0.0000	0.0013	0.0001	0.0022		0.1534	0.0000	-0.0001	0.0023	2.3581	1.9232	7.4584	0.0000	0.0000	0.0000	0.0000	0.0000	0.0000	0.0000	0.0000	0.0000	0.0002	0.0001	0.0000	0.0001	0.0001	0.0000	0.0000	0.0000	0.0000	0.0001	0.0001	0.0000	0.0000	0.0000	0.0000	0.0000	0.0000	0.0000	0.0257	0.0144	0.0114	0.0085	0.0071	0.0014	0.0173	0.0073	0.0099
35	78	0.0547	6	1	0	1	0	0	0	1	0	0	2	0	2	0	0	0	0	0	0	N	N	N	N	N	Y	N	N	N	N	N	N	N	N	N	N	N	N	1.3546	0.8363	11.1215	0.2928	0.3152	0.1097	60.8975	42092.5249	33.2046	0.2489	0.2940	0.0333	0.2794	0.3251	0.0001	0.1069	0.1098	0.1009	0.1838	0.3515	0.0030	0.9542	1.0314	0.0014	0.0018	0.0000	0.0030	0.0236	0.0079	-0.0000	-0.0030	0.0023	0.0166	1.9232	12.2009	0.0000	0.0000	0.0000	0.0000	0.0000	0.0000	0.0000	0.0000	0.0000	0.0056	0.0055	0.0000	0.0055	0.0055	0.0000	0.0000	0.0000	0.0000	0.0001	0.0001	0.0000	0.0001	0.0001	0.0000	0.0000	0.0000	0.0000	0.0303	0.0157	0.0146	0.0058	0.0054	0.0004	0.0245	0.0104	0.0141
35	88	0.1259	22	1	0	1	0	0	0	1	0	0	1	1	2	0	0	0	0	0	0	N	N	N	N	N	Y	N	N	N	N	N	N	N	N	N	N	N	N	0.0000	0.0000	0.0000	0.0000	0.0000	0.0000	0.0000	0.0000	0.0000	0.0000	0.0000	0.0000	0.0000	0.0000	0.0000	0.0000	0.0000	0.0000	0.0109	0.0068	0.0164	0.0125	0.0134	0.0013	0.0101	0.0000	0.0172		1.8070	0.0000	0.0000	0.0023	1.0173	1.9232	8.6136	0.0000	0.0000	0.0000	0.0000	0.0000	0.0000	0.0000	0.0000	0.0000	0.0003	0.0001	0.0002	0.0001	0.0001	0.0000	0.0002	0.0000	0.0002	0.0000	0.0000	0.0000	0.0000	0.0000	0.0000	0.0000	0.0000	0.0000	0.0278	0.0159	0.0119	0.0087	0.0080	0.0006	0.0191	0.0079	0.0113
35	90	0.1259	22	1	0	1	0	0	0	1	0	0	1	1	2	0	0	0	0	0	0	N	N	N	N	N	Y	N	N	N	N	N	N	N	N	N	N	N	N	0.0000	0.0000	0.0000	0.0000	0.0000	0.0000	0.0000	0.0000	0.0000	0.0000	0.0000	0.0000	0.0000	0.0000	0.0000	0.0000	0.0000	0.0000	0.1291	0.2237	0.0086	0.4264	0.4651	0.0007	0.0053	0.0000	0.0091		0.0302	0.0000	-0.0024	0.0023	2.0138	1.9232	11.8132	0.0000	0.0000	0.0000	0.0000	0.0000	0.0000	0.0000	0.0000	0.0000	0.0047	0.0045	0.0001	0.0045	0.0045	0.0000	0.0001	0.0000	0.0001	0.0001	0.0001	0.0000	0.0000	0.0000	0.0000	0.0000	0.0000	0.0000	0.0361	0.0202	0.0159	0.0106	0.0097	0.0009	0.0255	0.0105	0.0150
35	91	0.1174	21	1	0	1	0	0	0	1	0	1	2	1	2	0	0	0	0	0	0	N	N	N	N	N	Y	N	N	N	N	N	N	N	N	N	N	N	N	0.0000	0.0000	0.0000	0.0000	0.0000	0.0000	0.0000	0.0000	0.0000	0.0000	0.0000	0.0000	0.0000	0.0000	0.0000	0.0000	0.0000	0.0000	0.1234	0.0062	0.2829	0.0118	0.0125	0.0024	0.1732	0.0000	0.2983		33.3591	0.0000	0.0010	0.0023	1.9725	1.9232	4.2763	0.0000	0.0000	0.0000	0.0000	0.0000	0.0000	0.0000	0.0000	0.0000	0.0023	0.0001	0.0022	0.0001	0.0001	0.0000	0.0022	0.0000	0.0022	0.0001	0.0001	0.0000	0.0000	0.0000	0.0000	0.0000	0.0000	0.0000	0.0183	0.0106	0.0078	0.0057	0.0053	0.0004	0.0127	0.0053	0.0074
35	93	0.1224	18	0	0	1	0	0	0	1	0	0	1	0	2	0	0	0	0	0	0	N	N	N	N	N	Y	N	N	N	N	N	N	N	N	N	N	N	N	0.0000	0.0000	0.0000	0.0000	0.0000	0.0000	0.0000	0.0000	0.0000	0.0000	0.0000	0.0000	0.0000	0.0000	0.0000	0.0000	0.0000	0.0000	0.0000	0.0000	0.0000	0.0000	0.0000	0.0000	0.0000	0.0000	0.0000			0.0000	0.0000	0.0023	0.0000	1.9232	0.9594	0.0000	0.0000	0.0000	0.0000	0.0000	0.0000	0.0000	0.0000	0.0000	0.0000	0.0000	0.0000	0.0000	0.0000	0.0000	0.0000	0.0000	0.0000	0.0000	0.0000	0.0000	0.0000	0.0000	0.0000	0.0000	0.0000	0.0000	0.0023	0.0013	0.0010	0.0006	0.0005	0.0000	0.0017	0.0007	0.0010
35	94	0.0910	17	0	0	1	0	0	0	1	0	0	2	0	2	0	0	0	0	0	0	N	N	N	N	N	Y	N	N	N	N	N	N	N	N	N	N	N	N	0.0000	0.0000	0.0000	0.0000	0.0000	0.0000	0.0000	0.0000	0.0000	0.0000	0.0000	0.0000	0.0000	0.0000	0.0000	0.0000	0.0000	0.0000	0.0000	0.0000	0.0000	0.0000	0.0000	0.0000	0.0000	0.0000	0.0000		2.8776	0.0000	0.0000	0.0023	0.0000	1.9232	18.8906	0.0000	0.0000	0.0000	0.0000	0.0000	0.0000	0.0000	0.0000	0.0000	0.0000	0.0000	0.0000	0.0000	0.0000	0.0000	0.0000	0.0000	0.0000	0.0000	0.0000	0.0000	0.0000	0.0000	0.0000	0.0000	0.0000	0.0000	0.0455	0.0248	0.0207	0.0101	0.0094	0.0007	0.0354	0.0154	0.0200
35	98	0.1474	22	1	0	1	1	0	0	1	1	0	1	1	2	0	0	0	0	0	0	N	N	N	N	N	Y	N	N	N	N	N	N	N	N	N	N	N	N	0.0000	0.0000	0.0000	0.0000	0.0000	0.0000	0.0000	0.0000	0.0000	0.0000	0.0000	0.0000	0.0000	0.0000	0.0000	0.0000	0.0000	0.0000	0.0013	0.0024	0.0000	0.0046	0.0053	0.0000	0.0000	0.0000	0.0000		0.0000	0.0000	-0.0000	0.0023	2.9999	1.9232	3.9821	0.0000	0.0000	0.0000	0.0000	0.0000	0.0000	0.0000	0.0000	0.0000	0.0000	0.0000	0.0000	0.0000	0.0000	0.0000	0.0000	0.0000	0.0000	0.0001	0.0001	0.0000	0.0001	0.0000	0.0000	0.0001	0.0000	0.0000	0.0156	0.0084	0.0072	0.0043	0.0037	0.0006	0.0113	0.0047	0.0066
35	99	0.1443	21	1	0	1	0	0	0	1	0	0	1	1	2	0	0	0	0	0	0	N	N	N	N	N	Y	N	N	N	N	N	N	N	N	N	N	N	N	0.0000	0.0000	0.0000	0.0000	0.0000	0.0000	0.0000	0.0000	0.0000	0.0000	0.0000	0.0000	0.0000	0.0000	0.0000	0.0000	0.0000	0.0000	0.0000	0.0001	0.0000	0.0001	0.0002	0.0000	0.0000	0.0000	0.0000		0.1663	0.0000	-0.0000	0.0023	0.0003	1.9232	2.0601	0.0000	0.0000	0.0000	0.0000	0.0000	0.0000	0.0000	0.0000	0.0000	0.0000	0.0000	0.0000	0.0000	0.0000	0.0000	0.0000	0.0000	0.0000	0.0000	0.0000	0.0000	0.0000	0.0000	0.0000	0.0000	0.0000	0.0000	0.0049	0.0027	0.0022	0.0014	0.0012	0.0002	0.0035	0.0015	0.0021
35	100	0.1245	20	1	0	1	0	0	0	1	0	1	2	1	2	0	0	0	0	0	0	N	N	N	N	N	Y	N	N	N	N	N	N	N	N	N	N	N	N	0.0000	0.0000	0.0000	0.0000	0.0000	0.0000	0.0000	0.0000	0.0000	0.0000	0.0000	0.0000	0.0000	0.0000	0.0000	0.0000	0.0000	0.0000	0.0167	0.0310	0.0000	0.0622	0.0707	0.0001	0.0000	0.0000	0.0000		0.0009	0.0000	-0.0003	0.0023	3.0014	1.9232	9.1620	0.0000	0.0000	0.0000	0.0000	0.0000	0.0000	0.0000	0.0000	0.0000	0.0005	0.0005	0.0000	0.0005	0.0005	0.0000	0.0000	0.0000	0.0000	0.0001	0.0001	0.0000	0.0001	0.0000	0.0000	0.0001	0.0000	0.0000	0.0276	0.0149	0.0127	0.0074	0.0065	0.0009	0.0202	0.0084	0.0118
35	132	0.1242	16	0	0	1	0	0	0	1	0	0	2	0	2	0	0	0	0	0	0	N	N	N	N	N	Y	N	N	N	N	N	N	N	N	N	N	N	N	0.0000	0.0000	0.0000	0.0000	0.0000	0.0000	0.0000	0.0000	0.0000	0.0000	0.0000	0.0000	0.0000	0.0000	0.0000	0.0000	0.0000	0.0000	0.0066	0.0000	0.0143	0.0000	0.0000	0.0000	0.0088	0.0000	0.0152		2074.6170	0.0000	0.0000	0.0023	0.0075	1.9232	1.9743	0.0000	0.0000	0.0000	0.0000	0.0000	0.0000	0.0000	0.0000	0.0000	0.0000	0.0000	0.0000	0.0000	0.0000	0.0000	0.0000	0.0000	0.0000	0.0000	0.0000	0.0000	0.0000	0.0000	0.0000	0.0000	0.0000	0.0000	0.0044	0.0024	0.0020	0.0011	0.0010	0.0001	0.0033	0.0014	0.0019
35	134	0.1190	14	0	0	1	0	0	0	1	0	0	2	0	2	0	0	0	0	0	0	N	N	N	N	N	Y	N	N	N	N	N	N	N	N	N	N	N	N	0.0000	0.0000	0.0000	0.0000	0.0000	0.0000	0.0000	0.0000	0.0000	0.0000	0.0000	0.0000	0.0000	0.0000	0.0000	0.0000	0.0000	0.0000	0.0016	0.0000	0.0036	0.0000	0.0000	0.0000	0.0022	0.0000	0.0039		925.6471	0.0000	0.0000	0.0023	2.0569	1.9232	5.7592	0.0000	0.0000	0.0000	0.0000	0.0000	0.0000	0.0000	0.0000	0.0000	0.0000	0.0000	0.0000	0.0000	0.0000	0.0000	0.0000	0.0000	0.0000	0.0001	0.0001	0.0000	0.0000	0.0000	0.0000	0.0000	0.0000	0.0000	0.0186	0.0103	0.0082	0.0051	0.0046	0.0005	0.0135	0.0057	0.0078
35	135	0.1206	15	0	0	1	0	0	0	1	0	0	2	0	2	0	0	0	0	0	0	N	N	N	N	N	Y	N	N	N	N	N	N	N	N	N	N	N	N	0.0000	0.0000	0.0000	0.0000	0.0000	0.0000	0.0000	0.0000	0.0000	0.0000	0.0000	0.0000	0.0000	0.0000	0.0000	0.0000	0.0000	0.0000	0.0000	0.0001	0.0000	0.0001	0.0001	0.0000	0.0000	0.0000	0.0000		0.0210	0.0000	-0.0000	0.0023	1.0111	1.9232	8.8059	0.0000	0.0000	0.0000	0.0000	0.0000	0.0000	0.0000	0.0000	0.0000	0.0000	0.0000	0.0000	0.0000	0.0000	0.0000	0.0000	0.0000	0.0000	0.0000	0.0000	0.0000	0.0000	0.0000	0.0000	0.0000	0.0000	0.0000	0.0225	0.0124	0.0101	0.0059	0.0054	0.0006	0.0166	0.0071	0.0095
37	42	0.1109	11	2	0	1	0	1	0	1	0	0	1	0	1	0	0	0	0	0	0	Y	N	N	N	N	N	N	N	N	N	N	N	N	N	N	N	N	N	0.0000	0.0000	0.0000	0.0000	0.0000	0.0000	0.0000	0.0000	0.0000	0.0000	0.0000	0.0000	0.0000	0.0000	0.0000	0.0000	0.0000	0.0000	0.0000	0.0000	0.0000	0.0000	0.0000	0.0000	0.0000	0.0000	0.0000			0.0000	0.0000	4.0110	0.0000	17.6512	0.0011	0.0000	0.0000	0.0000	0.0000	0.0000	0.0000	0.0000	0.0000	0.0000	0.0000	0.0000	0.0000	0.0000	0.0000	0.0000	0.0000	0.0000	0.0000	0.0000	0.0000	0.0000	0.0000	0.0000	0.0000	0.0000	0.0000	0.0000	0.0001	0.0001	0.0000	0.0000	0.0000	0.0000	0.0000	0.0000	0.0000
37	44	0.0893	10	2	0	1	1	1	0	1	0	0	0	1	1	0	0	0	0	0	0	Y	N	N	N	N	N	N	N	N	N	N	N	N	N	N	N	N	N	0.4839	0.8121	0.0000	12.6607	11.0657	0.0000	0.0000	0.0000	0.0000	0.0569	0.0661	0.0000	2.9712	2.9976	0.0000	0.0000	0.0000	0.0000	0.1177	0.0815	0.1586	0.2347	0.2709	0.0002	0.0912	0.0000	0.1674	0.0000	1.7215	-0.0065	0.0070	4.0110	7.0030	17.6512	25.8862	0.0111	0.0111	0.0000	0.0111	0.0111	0.0000	0.0000	0.0000	0.0000	0.0828	0.0304	0.0524	0.0304	0.0304	0.0000	0.0523	0.0000	0.0523	0.1954	0.1682	0.0272	0.0037	0.0037	0.0000	0.1917	0.1645	0.0272	0.7034	0.3733	0.3300	0.1296	0.1123	0.0173	0.5738	0.2611	0.3127
37	48	0.0893	10	2	0	1	1	1	0	1	0	0	0	1	1	0	0	0	0	0	0	Y	N	N	N	N	N	N	N	N	N	N	N	N	N	N	N	N	N	0.0001	0.2725	0.0000	1.4639	1.4117	0.0000	0.0000	0.0000	0.0000	0.0004	0.0004	0.0003	0.0059	0.0059	0.0000	0.0000	0.0000	0.0003	4.0932	0.0016	9.3826	0.0040	0.0042	0.0023	5.3138	0.0000	9.8720	0.1278	4664.2046	-0.0000	0.4646	4.0110	1.7572	17.6512	7.6758	0.0000	0.0000	0.0000	0.0000	0.0000	0.0000	0.0000	0.0000	0.0000	1.0289	0.0002	1.0287	0.0002	0.0002	0.0000	1.0287	0.0000	1.0287	0.0548	0.0472	0.0076	0.0034	0.0034	0.0000	0.0514	0.0438	0.0076	0.2514	0.1417	0.1096	0.0578	0.0523	0.0054	0.1936	0.0894	0.1042
37	49	0.0804	9	2	0	1	1	1	0	1	1	0	0	1	1	0	0	0	0	0	0	Y	N	N	N	N	N	N	N	N	N	N	N	N	N	N	N	N	N	0.0107	2.6300	0.0003	357.5274	321.7410	0.0000	0.0001	0.0000	0.0003	0.0591	0.0682	0.0041	24.2971	24.3057	0.0000	0.0006	0.0000	0.0041	5.5441	0.0259	12.5484	0.0680	0.0755	0.0000	7.0137	0.0003	13.1841	0.0098	381.4794	-0.0012	0.4351	4.0110	1.2605	17.6512	5.3560	0.0021	0.0020	0.0000	0.0020	0.0020	0.0000	0.0000	0.0000	0.0000	0.9687	0.0025	0.9662	0.0025	0.0025	0.0000	0.9662	0.0000	0.9662	0.0349	0.0300	0.0049	0.0001	0.0001	0.0000	0.0348	0.0299	0.0049	0.1747	0.0977	0.0770	0.0370	0.0333	0.0037	0.1378	0.0645	0.0733
37	50	0.0804	9	2	0	1	0	1	0	1	0	0	0	1	1	0	0	0	0	0	0	Y	N	N	N	N	N	N	N	N	N	N	N	N	N	N	N	N	N	7.6787	0.0000	24.7688	0.0000	0.0000	0.0000	6.1904	0.0000	23.5627	36.0123	0.0000	256.0907	0.0000	0.0000	0.0000	36.1110	0.0000	256.0923	4.6899	0.0448	10.3393	0.1228	0.1379	0.0000	5.8334	0.0000	10.8685	inf	189.7223	0.4160	0.4478	4.0110	1.0001	17.6512	7.4568	0.9979	0.0000	0.9979	0.0000	0.0000	0.0000	0.9979	0.0000	0.9979	1.0030	0.0053	0.9977	0.0053	0.0053	0.0000	0.9977	0.0000	0.9977	0.0277	0.0238	0.0039	0.0001	0.0001	0.0000	0.0276	0.0237	0.0039	0.2139	0.1174	0.0965	0.0428	0.0381	0.0047	0.1710	0.0792	0.0918
37	51	0.0759	8	2	0	1	0	1	0	1	0	0	1	1	1	0	0	0	0	0	0	Y	N	N	N	N	N	N	N	N	N	N	N	N	N	N	N	N	N	321.5781	20329.5469	497.9922	114871.0683	102419.8082	0.0000	117.2573	0.0000	438.1984	18.1007	9.5069	78.9683	88.8645	88.8650	0.0000	10.7807	0.0000	78.9687	0.0563	0.0005	0.1586	0.0008	0.0009	0.0000	0.0919	0.0000	0.1802	1.1728	185.0501	-0.0002	0.0033	4.0110	0.0061	17.6512	2.7591	0.0038	0.0017	0.0020	0.0017	0.0017	0.0000	0.0020	0.0000	0.0020	0.0074	0.0000	0.0074	0.0000	0.0000	0.0000	0.0074	0.0000	0.0074	0.0002	0.0002	0.0000	0.0000	0.0000	0.0000	0.0002	0.0002	0.0000	0.1316	0.0851	0.0465	0.0515	0.0459	0.0056	0.0801	0.0393	0.0409
37	52	0.0958	12	2	0	1	0	1	0	1	0	0	1	0	1	0	0	0	0	0	0	Y	N	N	N	N	N	N	N	N	N	N	N	N	N	N	N	N	N	0.0000	0.0000	0.0000	0.0000	0.0000	0.0000	0.0000	0.0000	0.0000	0.0000	0.0000	0.0000	0.0000	0.0000	0.0000	0.0000	0.0000	0.0000	5.1271	9.4138	0.3302	0.0017	0.0003	0.0113	6.3763	13.9371	0.3477		0.0313	0.0000	-0.5319	4.0110	1.0020	17.6512	7.2599	0.0000	0.0000	0.0000	0.0000	0.0000	0.0000	0.0000	0.0000	0.0000	1.0272	0.9960	0.0312	0.0001	0.0000	0.0001	1.0271	0.9959	0.0312	0.0280	0.0241	0.0039	0.0005	0.0005	0.0000	0.0275	0.0236	0.0039	0.2003	0.1058	0.0945	0.0393	0.0343	0.0049	0.1611	0.0715	0.0896
37	53	0.0761	11	2	0	1	0	2	0	1	0	0	0	0	0	0	0	0	0	0	0	Y	N	N	N	N	N	N	N	N	N	N	N	N	N	N	N	N	N	0.6564	0.4483	0.0000	143.8741	134.7374	0.0000	0.0000	0.0000	0.0000	0.0113	0.0131	0.0000	0.4355	0.4643	0.0000	0.0000	0.0000	0.0000	0.0172	0.0292	0.0039	0.0030	0.0034	0.0001	0.0201	0.0395	0.0040	0.0000	0.1194	-0.0006	-0.0021	4.0110	3.0050	17.6512	8.3063	0.0009	0.0009	0.0000	0.0009	0.0009	0.0000	0.0000	0.0000	0.0000	0.0047	0.0042	0.0005	0.0001	0.0001	0.0000	0.0045	0.0040	0.0005	0.0842	0.0726	0.0117	0.0022	0.0020	0.0001	0.0821	0.0705	0.0115	0.2722	0.1431	0.1291	0.0468	0.0409	0.0059	0.2253	0.1022	0.1232
37	56	0.0863	10	2	0	1	0	1	0	1	0	0	0	0	0	0	0	0	0	0	0	Y	N	N	N	N	N	N	N	N	N	N	N	N	N	N	N	N	N	0.0000	0.0000	0.0000	0.0000	0.0000	0.0000	0.0000	0.0000	0.0000	0.0000	0.0000	0.0000	0.0000	0.0000	0.0000	0.0000	0.0000	0.0000	3.9696	1.4805	6.8028	3.9743	4.6330	0.0255	3.9684	0.0432	7.2313		4.0366	0.0000	0.3260	4.0110	2.9988	17.6512	11.1255	0.0000	0.0000	0.0000	0.0000	0.0000	0.0000	0.0000	0.0000	0.0000	1.2877	0.2557	1.0321	0.2508	0.2505	0.0002	1.0370	0.0051	1.0318	0.0825	0.0712	0.0113	0.0022	0.0021	0.0001	0.0803	0.0691	0.0112	0.3244	0.1727	0.1517	0.0631	0.0541	0.0090	0.2613	0.1186	0.1427
37	70	0.0831	9	2	0	1	0	1	0	1	0	0	1	1	1	0	0	0	0	0	0	Y	N	N	N	N	N	N	N	N	N	N	N	N	N	N	N	N	N	50285.0791	0.0000	286872.3126	2.3438	0.0000	108.6347	70416.1323	0.0000	300557.6978	12.2058	0.0000	106.2565	0.0009	0.0000	0.0615	14.2152	0.0000	108.1310	0.0002	0.0001	0.0004	0.0004	0.0003	0.0006	0.0002	0.0000	0.0004	inf	2.1533	0.4155	0.0000	4.0110	2.3581	17.6512	7.4584	0.9968	0.0000	0.9968	0.0000	0.0000	0.0000	0.9968	0.0000	0.9968	0.0001	0.0000	0.0000	0.0000	0.0000	0.0000	0.0000	0.0000	0.0000	0.0817	0.0723	0.0094	0.0115	0.0114	0.0002	0.0701	0.0609	0.0092	0.2638	0.1458	0.1181	0.0643	0.0582	0.0061	0.1995	0.0876	0.1120
37	71	0.0759	8	2	0	1	0	1	0	1	0	0	0	1	0	0	0	0	0	0	0	Y	N	N	N	N	N	N	N	N	N	N	N	N	N	N	N	N	N	181.2643	55.8718	1717.7671	16144.0753	14309.7031	0.0000	411.5351	45.5175	1561.4102	0.1014	0.0419	0.4659	22.9759	22.9872	0.0000	0.0658	0.0002	0.4659	0.0006	0.0007	0.0003	0.0014	0.0016	0.0000	0.0002	0.0000	0.0003	1.8198	0.2379	0.0003	-0.0000	4.0110	1.7590	17.6512	3.5356	0.0049	0.0017	0.0032	0.0017	0.0017	0.0000	0.0032	0.0000	0.0032	0.0001	0.0001	0.0000	0.0001	0.0001	0.0000	0.0000	0.0000	0.0000	0.0485	0.0417	0.0068	0.0001	0.0001	0.0000	0.0484	0.0416	0.0068	0.1859	0.1122	0.0737	0.0588	0.0521	0.0067	0.1270	0.0601	0.0670
37	72	0.0725	7	2	0	1	0	1	0	1	0	1	0	1	0	0	0	0	0	0	0	Y	N	N	N	N	N	N	N	N	N	N	N	N	N	N	N	N	N	24349.0087	14261.9884	95795.1883	38315.8439	33455.7848	0.0000	22886.6439	0.0000	92425.9743	27.1571	10.3376	145.0717	102.3474	102.3480	0.0000	19.8661	0.0000	145.0723	0.0011	0.0007	0.0015	0.0027	0.0031	0.0000	0.0009	0.0000	0.0016	2.0017	2.0444	0.0002	0.0000	4.0110	0.0029	17.6512	2.4186	0.0026	0.0009	0.0017	0.0009	0.0009	0.0000	0.0017	0.0000	0.0017	0.0001	0.0000	0.0000	0.0000	0.0000	0.0000	0.0000	0.0000	0.0000	0.0001	0.0001	0.0000	0.0000	0.0000	0.0000	0.0001	0.0001	0.0000	0.0546	0.0276	0.0270	0.0075	0.0065	0.0009	0.0471	0.0210	0.0260
37	78	0.0863	10	2	0	1	0	1	0	1	0	0	1	0	1	0	0	0	0	0	0	Y	N	N	N	N	N	N	N	N	N	N	N	N	N	N	N	N	N	0.0000	0.0000	0.0000	0.0000	0.0000	0.0000	0.0000	0.0000	0.0000	0.0000	0.0000	0.0000	0.0000	0.0000	0.0000	0.0000	0.0000	0.0000	3.6818	6.6144	0.3184	0.2044	0.2372	0.0000	4.5472	9.6351	0.3384		0.0420	0.0000	-0.5345	4.0110	0.0166	17.6512	12.2009	0.0000	0.0000	0.0000	0.0000	0.0000	0.0000	0.0000	0.0000	0.0000	1.0522	1.0098	0.0424	0.0116	0.0116	0.0000	1.0405	0.9981	0.0424	0.0012	0.0011	0.0001	0.0005	0.0005	0.0000	0.0007	0.0006	0.0001	0.2858	0.1527	0.1331	0.0569	0.0491	0.0079	0.2288	0.1036	0.1252
37	79	0.0720	9	2	0	1	0	2	0	1	0	0	0	0	0	0	0	0	0	0	0	Y	N	N	N	N	N	N	N	N	N	N	N	N	N	N	N	N	N	0.0000	0.0000	0.0000	0.0000	0.0000	0.0000	0.0000	0.0000	0.0000	0.0000	0.0000	0.0000	0.0000	0.0000	0.0000	0.0000	0.0000	0.0000	4.9967	0.0329	10.0007	0.0481	0.0588	0.0021	5.7201	0.0261	10.5111		301.8198	0.0000	0.4354	4.0110	1.0285	17.6512	7.9781	0.0000	0.0000	0.0000	0.0000	0.0000	0.0000	0.0000	0.0000	0.0000	0.9709	0.0032	0.9677	0.0012	0.0012	0.0000	0.9697	0.0020	0.9677	0.0292	0.0252	0.0040	0.0009	0.0008	0.0000	0.0283	0.0243	0.0040	0.1943	0.0975	0.0968	0.0248	0.0201	0.0047	0.1695	0.0775	0.0921
37	84	0.0457	4	2	0	1	0	1	0	1	0	0	0	0	0	0	0	0	0	0	0	Y	N	N	N	N	N	N	N	N	N	N	N	N	N	N	N	N	N	0.0000	0.0000	0.0000	0.0000	0.0000	0.0000	0.0000	0.0000	0.0000	0.0000	0.0000	0.0000	0.0000	0.0000	0.0000	0.0000	0.0000	0.0000	0.0007	0.0011	0.0003	0.0052	0.0055	0.0004	0.0002	0.0000	0.0003		0.2699	0.0000	-0.0001	4.0110	2.9998	17.6512	15.4389	0.0000	0.0000	0.0000	0.0000	0.0000	0.0000	0.0000	0.0000	0.0000	0.0003	0.0002	0.0001	0.0002	0.0002	0.0000	0.0001	0.0000	0.0001	0.0823	0.0707	0.0116	0.0001	0.0001	0.0000	0.0822	0.0706	0.0116	0.4274	0.2181	0.2093	0.0468	0.0438	0.0030	0.3806	0.1742	0.2064
37	88	0.0868	10	2	0	1	0	1	0	1	0	0	0	1	1	0	0	0	0	0	0	Y	N	N	N	N	N	N	N	N	N	N	N	N	N	N	N	N	N	0.0000	0.0000	0.0000	0.0000	0.0000	0.0000	0.0000	0.0000	0.0000	0.0000	0.0000	0.0000	0.0000	0.0000	0.0000	0.0000	0.0000	0.0000	0.1819	0.0071	0.4030	0.0159	0.0171	0.0000	0.2371	0.0000	0.4195		44.9569	0.0000	0.0214	4.0110	1.0173	17.6512	8.6136	0.0000	0.0000	0.0000	0.0000	0.0000	0.0000	0.0000	0.0000	0.0000	0.0497	0.0011	0.0486	0.0011	0.0011	0.0000	0.0486	0.0000	0.0486	0.0288	0.0248	0.0040	0.0006	0.0006	0.0000	0.0282	0.0242	0.0040	0.2729	0.1524	0.1205	0.0681	0.0633	0.0048	0.2049	0.0891	0.1158
37	90	0.0868	10	2	0	1	0	1	0	1	0	0	0	1	1	0	0	0	0	0	0	Y	N	N	N	N	N	N	N	N	N	N	N	N	N	N	N	N	N	0.0000	0.0000	0.0000	0.0000	0.0000	0.0000	0.0000	0.0000	0.0000	0.0000	0.0000	0.0000	0.0000	0.0000	0.0000	0.0000	0.0000	0.0000	0.8728	0.0004	1.9251	0.0011	0.0009	0.0032	1.1312	0.0000	2.0084		4442.8994	0.0000	0.1410	4.0110	2.0138	17.6512	11.8132	0.0000	0.0000	0.0000	0.0000	0.0000	0.0000	0.0000	0.0000	0.0000	0.3123	0.0001	0.3122	0.0001	0.0001	0.0000	0.3122	0.0000	0.3122	0.0561	0.0482	0.0078	0.0008	0.0008	0.0000	0.0553	0.0475	0.0078	0.3578	0.1956	0.1622	0.0818	0.0751	0.0067	0.2760	0.1205	0.1555
37	91	0.0783	9	2	0	1	0	1	0	1	0	1	1	1	1	0	0	0	0	0	0	Y	N	N	N	N	N	N	N	N	N	N	N	N	N	N	N	N	N	0.0015	0.7807	0.0000	34.9429	32.4493	0.0000	0.0000	0.0000	0.0000	0.0078	0.0091	0.0000	0.9550	0.9557	0.0000	0.0000	0.0000	0.0000	5.3766	0.0116	12.0856	0.0273	0.0295	0.0000	6.9941	0.0004	12.5582	0.0000	830.0275	-0.0003	0.4264	4.0110	1.9725	17.6512	4.2763	0.0004	0.0004	0.0000	0.0004	0.0004	0.0000	0.0000	0.0000	0.0000	0.9464	0.0011	0.9453	0.0011	0.0011	0.0000	0.9453	0.0000	0.9453	0.0550	0.0473	0.0077	0.0005	0.0004	0.0000	0.0546	0.0469	0.0077	0.1760	0.0978	0.0782	0.0409	0.0379	0.0029	0.1352	0.0599	0.0753
37	98	0.1083	10	2	0	1	1	1	0	1	1	0	0	1	1	0	0	0	0	0	0	Y	N	N	N	N	N	N	N	N	N	N	N	N	N	N	N	N	N	0.0000	0.0000	0.0000	0.0000	0.0000	0.0000	0.0000	0.0000	0.0000	0.0000	0.0000	0.0000	0.0000	0.0000	0.0000	0.0000	0.0000	0.0000	0.0000	0.0000	0.0000	0.0000	0.0000	0.0000	0.0000	0.0000	0.0000			0.0000	0.0000	4.0110	2.9999	17.6512	3.9821	0.0000	0.0000	0.0000	0.0000	0.0000	0.0000	0.0000	0.0000	0.0000	0.0000	0.0000	0.0000	0.0000	0.0000	0.0000	0.0000	0.0000	0.0000	0.0824	0.0709	0.0115	0.0007	0.0006	0.0000	0.0817	0.0702	0.0115	0.1557	0.0813	0.0744	0.0273	0.0237	0.0036	0.1284	0.0575	0.0708
37	99	0.1052	9	2	0	1	0	1	0	1	0	0	0	1	1	0	0	0	0	0	0	Y	N	N	N	N	N	N	N	N	N	N	N	N	N	N	N	N	N	5899.5112	0.0000	6027943.9106	0.0000	0.0000	0.0000	1396474.9573	0.0000	5781749.3457	2.3991	0.0000	21.6195	0.0000	0.0000	0.0000	2.8982	0.0000	21.6810	0.0004	0.0008	0.0000	0.0021	0.0024	0.0000	0.0000	0.0000	0.0000	inf	0.0041	0.0000	-0.0000	4.0110	0.0003	17.6512	2.0601	0.0000	0.0000	0.0000	0.0000	0.0000	0.0000	0.0000	0.0000	0.0000	0.0000	0.0000	0.0000	0.0000	0.0000	0.0000	0.0000	0.0000	0.0000	0.0000	0.0000	0.0000	0.0000	0.0000	0.0000	0.0000	0.0000	0.0000	0.0495	0.0263	0.0232	0.0095	0.0085	0.0011	0.0400	0.0179	0.0221
37	100	0.0854	8	2	0	1	0	1	0	1	0	1	1	1	1	0	0	0	0	0	0	Y	N	N	N	N	N	N	N	N	N	N	N	N	N	N	N	N	N	145.5454	0.0000	590912.5604	0.2375	0.0006	4493394.4279	145511.3882	0.0000	575415.2606	12.1051	0.0000	86.2086	0.1174	0.0004	227.4164	12.1300	0.0000	86.2075	0.0832	0.1604	0.0001	0.4942	0.5575	0.0001	0.0001	0.0000	0.0001	16467987.7862	0.0008	0.4160	-0.0129	4.0110	3.0014	17.6512	9.1620	0.9979	0.0000	0.9979	0.0000	0.0000	0.0000	0.9979	0.0000	0.9979	0.0235	0.0235	0.0000	0.0235	0.0235	0.0000	0.0000	0.0000	0.0000	0.0824	0.0709	0.0116	0.0002	0.0002	0.0000	0.0823	0.0707	0.0116	0.2825	0.1464	0.1362	0.0475	0.0421	0.0054	0.2350	0.1043	0.1308
37	101	0.0725	7	2	0	1	0	1	0	1	0	0	0	0	0	0	0	0	0	0	0	Y	N	N	N	N	N	N	N	N	N	N	N	N	N	N	N	N	N	74.2037	59.8016	244.9801	355.2791	308.0091	0.0000	60.0445	697.3866	236.3212	12.5712	4.4678	64.8750	100.4921	100.4936	0.0000	9.1335	0.1051	64.8753	0.1694	0.0747	0.2648	0.2829	0.3263	0.0000	0.1521	0.0002	0.2745	2.2497	3.5187	0.0003	0.0069	4.0110	0.0077	17.6512	8.0757	0.0029	0.0009	0.0020	0.0009	0.0009	0.0000	0.0020	0.0000	0.0020	0.0300	0.0066	0.0233	0.0066	0.0066	0.0000	0.0233	0.0000	0.0233	0.0002	0.0002	0.0000	0.0000	0.0000	0.0000	0.0002	0.0002	0.0000	0.1768	0.0887	0.0881	0.0234	0.0203	0.0031	0.1534	0.0685	0.0850
37	102	0.0709	6	2	0	1	0	1	0	1	0	0	0	0	0	0	0	0	0	0	0	Y	N	N	N	N	N	N	N	N	N	N	N	N	N	N	N	N	N	32000.3228	67947.5978	108699.5557	257116.6366	222754.1890	0.0000	26120.7614	0.0000	104940.4622	29.8205	5.3203	194.0303	77.7566	77.7572	0.0000	26.7857	0.0000	194.0310	0.0009	0.0001	0.0018	0.0003	0.0003	0.0000	0.0010	0.0000	0.0018	5.4414	22.8092	0.0003	0.0000	4.0110	0.0011	17.6512	1.0060	0.0010	0.0002	0.0009	0.0002	0.0002	0.0000	0.0009	0.0000	0.0009	0.0000	0.0000	0.0000	0.0000	0.0000	0.0000	0.0000	0.0000	0.0000	0.0000	0.0000	0.0000	0.0000	0.0000	0.0000	0.0000	0.0000	0.0000	0.0224	0.0112	0.0112	0.0029	0.0025	0.0004	0.0195	0.0087	0.0108
37	113	0.0709	8	2	0	1	0	1	0	1	0	0	0	0	0	0	0	0	0	0	0	Y	N	N	N	N	N	N	N	N	N	N	N	N	N	N	N	N	N	8.9920	945.2715	23.4336	inf	inf	0.0000	5.7373	0.0000	22.6232	1.1573	0.3649	6.0211	61.3994	61.4061	0.0000	0.8478	0.0000	6.0211	0.1287	0.0004	0.2569	0.0000	0.0000	0.0000	0.1478	0.0005	0.2661	2.6882	665.9965	0.0001	0.0060	4.0110	0.0182	17.6512	4.6661	0.0006	0.0002	0.0004	0.0002	0.0002	0.0000	0.0004	0.0000	0.0004	0.0132	0.0000	0.0132	0.0000	0.0000	0.0000	0.0132	0.0000	0.0132	0.0005	0.0004	0.0001	0.0000	0.0000	0.0000	0.0005	0.0004	0.0001	0.1029	0.0515	0.0515	0.0133	0.0115	0.0018	0.0897	0.0400	0.0497
37	114	0.0709	7	2	0	1	0	1	0	1	0	0	0	0	0	0	0	0	0	0	0	Y	N	N	N	N	N	N	N	N	N	N	N	N	N	N	N	N	N	inf	inf	inf	inf	inf	0.0000	inf	0.0000	inf	21.1470	11.9571	91.3769	78.6693	78.6695	0.0000	12.2153	0.0000	91.3773	0.0000	0.0000	0.0000	0.0000	0.0000	0.0000	0.0000	0.0000	0.0000	1.0000		-0.0000	0.0000	4.0110	0.0004	17.6512	0.0007	0.0003	0.0002	0.0002	0.0002	0.0002	0.0000	0.0002	0.0000	0.0002	0.0000	0.0000	0.0000	0.0000	0.0000	0.0000	0.0000	0.0000	0.0000	0.0000	0.0000	0.0000	0.0000	0.0000	0.0000	0.0000	0.0000	0.0000	0.0000	0.0000	0.0000	0.0000	0.0000	0.0000	0.0000	0.0000	0.0000
37	115	0.0709	6	2	0	1	0	1	0	1	0	0	0	0	0	0	0	0	0	0	0	Y	N	N	N	N	N	N	N	N	N	N	N	N	N	N	N	N	N	inf	inf	inf	inf	inf	0.0000	inf	0.0000	inf	21.1470	11.9571	91.3769	78.6693	78.6695	0.0000	12.2153	0.0000	91.3773	0.0000	0.0000	0.0000	0.0000	0.0000	0.0000	0.0000	0.0000	0.0000	1.0000		-0.0000	0.0000	4.0110	0.0004	17.6512	0.0002	0.0003	0.0002	0.0002	0.0002	0.0002	0.0000	0.0002	0.0000	0.0002	0.0000	0.0000	0.0000	0.0000	0.0000	0.0000	0.0000	0.0000	0.0000	0.0000	0.0000	0.0000	0.0000	0.0000	0.0000	0.0000	0.0000	0.0000	0.0000	0.0000	0.0000	0.0000	0.0000	0.0000	0.0000	0.0000	0.0000
37	116	0.0505	5	2	0	1	0	1	0	1	0	0	0	0	0	0	0	0	0	0	0	Y	N	N	N	N	N	N	N	N	N	N	N	N	N	N	N	N	N	387.5538	175.0414	313017.7734	223.3127	210.4346	0.0000	91388.5040	0.0000	309880.2886	10.8430	9.1112	22.7241	40.2555	40.2555	0.0000	3.6025	0.0000	22.7242	0.0280	0.0521	0.0001	0.1803	0.1913	0.0000	0.0000	0.0000	0.0001	0.3635	0.0012	-0.0002	-0.0050	4.0110	0.0012	17.6512	12.6705	0.0006	0.0004	0.0002	0.0004	0.0004	0.0000	0.0002	0.0000	0.0002	0.0092	0.0092	0.0000	0.0092	0.0092	0.0000	0.0000	0.0000	0.0000	0.0001	0.0000	0.0000	0.0000	0.0000	0.0000	0.0000	0.0000	0.0000	0.3293	0.1768	0.1525	0.0511	0.0481	0.0029	0.2783	0.1287	0.1496
37	117	0.0457	4	2	0	1	0	1	0	1	0	0	0	0	0	0	0	0	0	0	0	Y	N	N	N	N	N	N	N	N	N	N	N	N	N	N	N	N	N	1036.2207	0.0000	36994.5963	0.0000	0.0000	0.0000	1117.9069	0.0000	36965.7925	11.1081	0.0000	82.7385	0.0000	0.0000	0.0000	12.0416	0.0000	82.7388	0.0107	0.0169	0.0022	0.0105	0.0107	0.0021	0.0108	0.0203	0.0022	inf	0.0960	0.0002	-0.0006	4.0110	0.0012	17.6512	3.6220	0.0004	0.0000	0.0004	0.0000	0.0000	0.0000	0.0004	0.0000	0.0004	0.0013	0.0012	0.0001	0.0003	0.0003	0.0000	0.0010	0.0009	0.0001	0.0000	0.0000	0.0000	0.0000	0.0000	0.0000	0.0000	0.0000	0.0000	0.1192	0.0691	0.0500	0.0253	0.0247	0.0006	0.0938	0.0444	0.0494
37	118	0.0422	3	2	0	1	0	2	0	1	0	0	0	0	0	0	0	0	0	0	0	Y	N	N	N	N	N	N	N	N	N	N	N	N	N	N	N	N	N	0.6483	0.0000	6.8598	0.0000	0.0000	0.0000	3.2983	0.0000	6.9730	0.0593	0.0000	0.2830	0.0000	0.0000	0.0000	0.0810	0.0000	0.2830	0.0914	0.1284	0.0412	0.2496	0.2496	0.2455	0.0245	0.0003	0.0406	inf	0.2370	0.0000	-0.0041	4.0110	0.0004	17.6512	2.6029	0.0000	0.0000	0.0000	0.0000	0.0000	0.0000	0.0000	0.0000	0.0000	0.0115	0.0093	0.0022	0.0093	0.0093	0.0000	0.0022	0.0000	0.0022	0.0000	0.0000	0.0000	0.0000	0.0000	0.0000	0.0000	0.0000	0.0000	0.1260	0.0725	0.0535	0.0374	0.0373	0.0002	0.0886	0.0352	0.0533
37	121	0.0612	3	2	0	1	0	1	0	1	0	0	0	0	0	0	0	0	0	0	0	Y	N	N	N	N	N	N	N	N	N	N	N	N	N	N	N	N	N	0.0000	0.0000	0.0000	0.0000	0.0000	0.0000	0.0000	0.0000	0.0000	0.0000	0.0000	0.0000	0.0000	0.0000	0.0000	0.0000	0.0000	0.0000	1.5142	1.4675	1.5653	1.6870	1.6990	0.8934	1.3681	0.0073	1.5750		0.9734	0.0000	-0.0195	4.0110	0.0000	17.6512	1.2022	0.0000	0.0000	0.0000	0.0000	0.0000	0.0000	0.0000	0.0000	0.0000	0.3538	0.1793	0.1745	0.1806	0.1792	0.0014	0.1732	0.0001	0.1731	0.0000	0.0000	0.0000	0.0000	0.0000	0.0000	0.0000	0.0000	0.0000	0.2337	0.1222	0.1115	0.1070	0.1055	0.0016	0.1266	0.0167	0.1099
37	122	0.0399	2	2	0	1	0	2	0	1	0	0	0	0	0	0	0	0	0	0	0	Y	N	N	N	N	N	N	N	N	N	N	N	N	N	N	N	N	N	0.2203	0.6633	0.0000	0.7061	0.7622	0.0000	0.0000	0.0000	0.0000	0.1184	0.1723	0.0000	0.3363	0.3363	0.0000	0.0000	0.0000	0.0000	0.5377	0.2598	0.8570	0.4762	0.4412	0.9375	0.5691	0.0021	0.8527	0.0000	2.8711	-0.0000	0.0683	4.0110	0.0041	17.6512	12.5856	0.0000	0.0000	0.0000	0.0000	0.0000	0.0000	0.0000	0.0000	0.0000	0.3531	0.0912	0.2619	0.1056	0.0909	0.0147	0.2475	0.0003	0.2472	0.0004	0.0003	0.0001	0.0001	0.0001	0.0000	0.0003	0.0001	0.0001	0.6566	0.3510	0.3055	0.2217	0.2060	0.0156	0.4349	0.1450	0.2899
38	42	0.1166	15	2	0	1	0	0	0	0	0	0	1	1	1	0	0	0	0	0	0	Y	N	N	N	N	N	N	N	N	N	N	N	N	N	N	N	N	N	0.0000	0.0000	0.0000	0.0000	0.0000	0.0000	0.0000	0.0000	0.0000	0.0000	0.0000	0.0000	0.0000	0.0000	0.0000	0.0000	0.0000	0.0000	0.0000	0.0000	0.0000	0.0000	0.0000	0.0000	0.0000	0.0000	0.0000			0.0000	0.0000	0.0000	0.0000	0.9989	0.0011	0.0000	0.0000	0.0000	0.0000	0.0000	0.0000	0.0000	0.0000	0.0000	0.0000	0.0000	0.0000	0.0000	0.0000	0.0000	0.0000	0.0000	0.0000	0.0000	0.0000	0.0000	0.0000	0.0000	0.0000	0.0000	0.0000	0.0000	0.0000	0.0000	0.0000	0.0000	0.0000	0.0000	0.0000	0.0000	0.0000
38	44	0.1118	20	2	0	1	1	0	0	0	0	0	0	2	1	0	0	0	0	0	0	Y	N	N	N	Y	N	N	N	N	N	N	N	N	N	N	N	N	N	1.5429	1.0124	0.0000	0.0000	0.0000	0.0000	1.5864	0.9163	0.0000	2.4623	2.8585	0.0000	0.0000	0.0000	0.0000	3.3910	4.1845	0.0000	1.5959	2.8236	0.0061	0.2021	0.2459	0.0118	2.1376	4.5666	0.0053	0.0000	0.0017	-0.0000	-0.0298	0.0000	7.0030	0.9989	25.8862	0.0000	0.0000	0.0000	0.0000	0.0000	0.0000	0.0000	0.0000	0.0000	0.0545	0.0544	0.0001	0.0019	0.0019	0.0000	0.0525	0.0525	0.0001	0.0000	0.0000	0.0000	0.0000	0.0000	0.0000	0.0000	0.0000	0.0000	0.0341	0.0193	0.0149	0.0096	0.0078	0.0018	0.0246	0.0115	0.0131
38	48	0.1118	20	2	0	1	1	0	0	0	0	0	0	2	1	0	0	0	0	0	0	Y	N	N	N	Y	N	N	N	N	N	N	N	N	N	N	N	N	N	0.0003	0.0002	0.0000	0.0084	0.0069	0.0000	0.0000	0.0000	0.0000	0.0011	0.0013	0.0000	0.0039	0.0039	0.0000	0.0000	0.0000	0.0000	4.0875	6.7380	0.0004	0.4605	0.5618	0.0002	6.0505	12.3161	0.0004	0.0000	0.0000	-0.0000	-0.0300	0.0000	1.7572	0.9989	7.6758	0.0000	0.0000	0.0000	0.0000	0.0000	0.0000	0.0000	0.0000	0.0000	0.0546	0.0546	0.0000	0.0022	0.0022	0.0000	0.0525	0.0525	0.0000	0.0000	0.0000	0.0000	0.0000	0.0000	0.0000	0.0000	0.0000	0.0000	0.0134	0.0081	0.0053	0.0047	0.0038	0.0008	0.0087	0.0043	0.0044
38	49	0.1029	19	2	0	1	1	0	0	0	1	0	0	2	1	0	0	0	0	0	0	Y	N	N	N	Y	N	N	N	N	N	N	N	N	N	N	N	N	N	0.0004	0.0003	0.0000	1.2439	1.2666	0.0000	0.0000	0.0000	0.0000	0.0469	0.0558	0.0000	0.1274	0.1462	0.0000	0.0021	0.0025	0.0000	114.4551	191.1200	0.0213	0.1024	0.1155	0.0011	158.5708	324.8308	0.0230	0.0000	0.0001	-0.0000	-0.5136	0.0000	1.2605	0.9989	5.3560	0.0000	0.0000	0.0000	0.0000	0.0000	0.0000	0.0000	0.0000	0.0000	0.9369	0.9369	0.0001	0.0002	0.0002	0.0000	0.9367	0.9366	0.0001	0.0000	0.0000	0.0000	0.0000	0.0000	0.0000	0.0000	0.0000	0.0000	0.0082	0.0049	0.0033	0.0023	0.0020	0.0003	0.0059	0.0029	0.0030
38	50	0.1029	19	2	0	1	0	0	0	0	0	0	0	2	1	0	0	0	0	0	0	Y	N	N	N	Y	N	N	N	N	N	N	N	N	N	N	N	N	N	87.3338	61.5227	0.0000	0.0000	0.0000	0.0000	1025373.8340	599349.7702	0.0000	26.7787	32.0465	0.0000	0.0000	0.0000	0.0000	42.8741	51.9350	0.0000	0.3066	0.5209	0.0000	1.1447	1.3027	0.0001	0.0000	0.0001	0.0000	0.0000	0.0000	-0.0000	-0.0017	0.0000	1.0001	0.9989	7.4568	0.0000	0.0000	0.0000	0.0000	0.0000	0.0000	0.0000	0.0000	0.0000	0.0031	0.0031	0.0000	0.0031	0.0031	0.0000	0.0000	0.0000	0.0000	0.0000	0.0000	0.0000	0.0000	0.0000	0.0000	0.0000	0.0000	0.0000	0.0100	0.0059	0.0041	0.0027	0.0023	0.0003	0.0073	0.0035	0.0038
38	51	0.0983	18	2	0	1	0	0	0	0	0	0	1	2	1	0	0	0	0	0	0	Y	N	N	N	Y	N	N	N	N	N	N	N	N	N	N	N	N	N	0.9673	0.8373	0.0000	5.1153	6.7484	0.0000	1.2512	0.6265	0.0000	0.5258	0.6987	0.0000	0.3273	0.4883	0.0000	1.0896	1.1044	0.0000	0.5436	0.8345	0.0003	0.0640	0.0724	0.0013	0.8708	1.7629	0.0001	0.0000	0.0002	-0.0000	-0.0018	0.0000	0.0061	0.9989	2.7591	0.0000	0.0000	0.0000	0.0000	0.0000	0.0000	0.0000	0.0000	0.0000	0.0033	0.0033	0.0000	0.0002	0.0002	0.0000	0.0031	0.0031	0.0000	0.0000	0.0000	0.0000	0.0000	0.0000	0.0000	0.0000	0.0000	0.0000	0.0061	0.0040	0.0021	0.0025	0.0022	0.0003	0.0036	0.0018	0.0018
38	52	0.1015	16	2	0	1	0	0	0	0	0	0	1	1	1	0	0	0	0	0	0	Y	N	N	N	N	N	N	N	N	N	N	N	N	N	N	N	N	N	0.0000	0.0000	0.0000	0.0000	0.0000	0.0000	0.0000	0.0000	0.0000	0.0000	0.0000	0.0000	0.0000	0.0000	0.0000	0.0000	0.0000	0.0000	0.0034	0.0016	0.0057	0.0039	0.0044	0.0006	0.0033	0.0000	0.0060		2.8872	-0.0000	0.0000	0.0000	1.0020	0.9989	7.2599	0.0000	0.0000	0.0000	0.0000	0.0000	0.0000	0.0000	0.0000	0.0000	0.0000	0.0000	0.0000	0.0000	0.0000	0.0000	0.0000	0.0000	0.0000	0.0000	0.0000	0.0000	0.0000	0.0000	0.0000	0.0000	0.0000	0.0000	0.0093	0.0051	0.0042	0.0021	0.0019	0.0002	0.0072	0.0032	0.0040
38	53	0.0818	15	2	0	1	0	1	0	0	0	0	0	1	0	0	0	0	0	0	0	Y	N	N	N	N	N	N	N	N	N	N	N	N	N	N	N	N	N	11.3519	7.9104	0.0000	3.8547	3.8766	0.0000	20.7931	19.4235	0.0000	0.0507	0.0576	0.0000	0.0604	0.0661	0.0000	0.0280	0.0350	0.0000	0.0045	0.0073	0.0009	0.0157	0.0171	0.0004	0.0013	0.0018	0.0010	0.0000	0.1037	-0.0000	-0.0000	0.0000	3.0050	0.9989	8.3063	0.0000	0.0000	0.0000	0.0000	0.0000	0.0000	0.0000	0.0000	0.0000	0.0001	0.0001	0.0000	0.0000	0.0000	0.0000	0.0000	0.0000	0.0000	0.0000	0.0000	0.0000	0.0000	0.0000	0.0000	0.0000	0.0000	0.0000	0.0129	0.0071	0.0057	0.0028	0.0026	0.0002	0.0101	0.0046	0.0055
38	56	0.0920	14	2	0	1	0	0	0	0	0	0	0	1	0	0	0	0	0	0	0	Y	N	N	N	N	N	N	N	N	N	N	N	N	N	N	N	N	N	3720.4218	0.0000	11961.8366	619357.1428	0.0000	1030225.6840	33.1706	0.0000	94.6053	3.0260	0.0000	21.6138	4.4785	0.0000	38.7565	0.0343	0.0000	0.1802	0.0008	0.0000	0.0018	0.0000	0.0000	0.0000	0.0010	0.0000	0.0019	inf	1219.3131	0.0000	0.0000	0.0000	2.9988	0.9989	11.1255	0.0000	0.0000	0.0000	0.0000	0.0000	0.0000	0.0000	0.0000	0.0000	0.0000	0.0000	0.0000	0.0000	0.0000	0.0000	0.0000	0.0000	0.0000	0.0000	0.0000	0.0000	0.0000	0.0000	0.0000	0.0000	0.0000	0.0000	0.0149	0.0082	0.0067	0.0032	0.0028	0.0004	0.0117	0.0053	0.0063
38	70	0.1055	19	2	0	1	0	0	0	0	0	0	1	2	1	0	0	0	0	0	0	Y	N	N	N	Y	N	N	N	N	N	N	N	N	N	N	N	N	N	1476.7371	inf	0.0000	0.0000	0.0000	0.0000	2179.2727	inf	0.0000	11.1398	13.0114	0.0000	0.0000	0.0000	0.0000	17.8933	21.5992	0.0000	0.0075	0.0000	0.0179	0.0058	0.0000	0.0578	0.0082	0.0000	0.0151	0.0000	inf	-0.0000	0.0000	0.0000	2.3581	0.9989	7.4584	0.0000	0.0000	0.0000	0.0000	0.0000	0.0000	0.0000	0.0000	0.0000	0.0001	0.0000	0.0001	0.0000	0.0000	0.0000	0.0001	0.0000	0.0001	0.0000	0.0000	0.0000	0.0000	0.0000	0.0000	0.0000	0.0000	0.0000	0.0121	0.0070	0.0051	0.0033	0.0030	0.0003	0.0088	0.0040	0.0048
38	71	0.0983	18	2	0	1	0	0	0	0	0	0	0	2	0	0	0	0	0	0	0	Y	N	N	N	Y	N	N	N	N	N	N	N	N	N	N	N	N	N	2.5613	22.0839	0.0000	1.4199	13.2219	0.0000	4.9674	64.8183	0.0000	0.0849	0.1002	0.0000	0.0914	0.1008	0.0000	0.0817	0.0999	0.0000	0.0331	0.0045	0.0795	0.0644	0.0076	0.4616	0.0164	0.0015	0.0303	0.0000	10.8018	-0.0000	0.0001	0.0000	1.7590	0.9989	3.5356	0.0000	0.0000	0.0000	0.0000	0.0000	0.0000	0.0000	0.0000	0.0000	0.0003	0.0000	0.0003	0.0002	0.0000	0.0002	0.0001	0.0000	0.0001	0.0000	0.0000	0.0000	0.0000	0.0000	0.0000	0.0000	0.0000	0.0000	0.0086	0.0053	0.0033	0.0030	0.0026	0.0004	0.0056	0.0027	0.0029
38	72	0.0950	17	2	0	1	0	0	0	0	0	1	0	2	0	0	0	0	0	0	0	Y	N	N	N	Y	N	N	N	N	N	N	N	N	N	N	N	N	N	5.3441	6.8338	0.0000	432.4690	752.7652	0.0000	10.8457	8.9596	0.0000	0.7275	0.9670	0.0000	0.3273	0.4887	0.0000	1.8688	1.8925	0.0000	0.1361	0.1415	0.1297	0.0008	0.0006	0.0014	0.1723	0.2112	0.1390	0.0000	0.7671	-0.0000	-0.0000	0.0000	0.0029	0.9989	2.4186	0.0000	0.0000	0.0000	0.0000	0.0000	0.0000	0.0000	0.0000	0.0000	0.0003	0.0002	0.0001	0.0000	0.0000	0.0000	0.0003	0.0002	0.0001	0.0000	0.0000	0.0000	0.0000	0.0000	0.0000	0.0000	0.0000	0.0000	0.0025	0.0014	0.0011	0.0005	0.0004	0.0001	0.0020	0.0009	0.0011
38	78	0.0920	14	2	0	1	0	0	0	0	0	0	1	1	1	0	0	0	0	0	0	Y	N	N	N	N	N	N	N	N	N	N	N	N	N	N	N	N	N	260.9680	206526.1786	0.0000	25448.6874	64192.1939	0.0000	363.8730	inf	0.0000	0.2411	0.2835	0.0000	0.2052	0.2486	0.0000	0.4296	0.4376	0.0000	0.0009	0.0000	0.0021	0.0000	0.0000	0.0000	0.0012	0.0000	0.0022	0.0000	1219.3131	-0.0000	0.0000	0.0000	0.0166	0.9989	12.2009	0.0000	0.0000	0.0000	0.0000	0.0000	0.0000	0.0000	0.0000	0.0000	0.0000	0.0000	0.0000	0.0000	0.0000	0.0000	0.0000	0.0000	0.0000	0.0000	0.0000	0.0000	0.0000	0.0000	0.0000	0.0000	0.0000	0.0000	0.0131	0.0072	0.0059	0.0029	0.0026	0.0003	0.0102	0.0047	0.0056
38	79	0.0777	13	2	0	1	0	1	0	0	0	0	0	1	0	0	0	0	0	0	0	Y	N	N	N	N	N	N	N	N	N	N	N	N	N	N	N	N	N	3.0982	56614.6222	1.5421	136829.4720	111731.2934	inf	2.4231	53787.6418	0.0000	0.1840	0.1822	0.1969	0.1874	0.1741	0.2971	0.1739	0.2084	0.0000	0.0594	0.0000	0.1277	0.0000	0.0000	0.0000	0.0718	0.0000	0.1337	0.1518	34503.0575	-0.0000	0.0002	0.0000	1.0285	0.9989	7.9781	0.0000	0.0000	0.0000	0.0000	0.0000	0.0000	0.0000	0.0000	0.0000	0.0005	0.0000	0.0005	0.0000	0.0000	0.0000	0.0005	0.0000	0.0005	0.0000	0.0000	0.0000	0.0000	0.0000	0.0000	0.0000	0.0000	0.0000	0.0089	0.0048	0.0041	0.0015	0.0013	0.0002	0.0074	0.0034	0.0039
38	84	0.0681	14	2	0	1	0	0	0	0	0	0	0	1	0	0	0	0	0	0	0	Y	N	N	N	N	N	N	N	N	N	N	N	N	N	N	N	N	N	0.0000	0.0000	0.0000	0.0000	0.0000	0.0000	0.0000	0.0000	0.0000	0.0000	0.0000	0.0000	0.0000	0.0000	0.0000	0.0000	0.0000	0.0000	0.0000	0.0000	0.0000	0.0000	0.0000	0.0000	0.0000	0.0000	0.0000		0.0000	0.0000	-0.0000	0.0000	2.9998	0.9989	15.4389	0.0000	0.0000	0.0000	0.0000	0.0000	0.0000	0.0000	0.0000	0.0000	0.0000	0.0000	0.0000	0.0000	0.0000	0.0000	0.0000	0.0000	0.0000	0.0000	0.0000	0.0000	0.0000	0.0000	0.0000	0.0000	0.0000	0.0000	0.0196	0.0109	0.0087	0.0040	0.0036	0.0005	0.0156	0.0073	0.0083
38	85	0.4411	17	1	0	1	0	0	0	0	0	1	0	2	0	0	0	0	0	0	0	N	N	N	N	Y	N	N	N	N	N	N	N	N	N	N	N	N	N	1.8901	1.1343	101.9144	0.5747	0.2199	336.6914	79.8971	81.4833	58.3203	0.4412	0.3970	0.5663	0.2554	0.1150	1.1995	0.6252	0.7964	0.3590	0.2334	0.3500	0.0056	0.4445	0.5230	0.0036	0.0078	0.0098	0.0062	0.5041	0.0081	-0.0000	-0.0220	0.0000	26.8363	0.9989	143.7566	0.0000	0.0000	0.0000	0.0000	0.0000	0.0000	0.0000	0.0000	0.0000	0.0408	0.0405	0.0003	0.0401	0.0401	0.0000	0.0007	0.0004	0.0003	0.0000	0.0000	0.0000	0.0000	0.0000	0.0000	0.0000	0.0000	0.0000	0.1747	0.1156	0.0591	0.0903	0.0766	0.0136	0.0844	0.0390	0.0455
38	88	0.1093	20	2	0	1	0	0	0	0	0	0	0	2	1	0	0	0	0	0	0	Y	N	N	N	Y	N	N	N	N	N	N	N	N	N	N	N	N	N	0.0000	0.0000	0.0000	0.0000	0.0000	0.0000	0.0000	0.0000	0.0000	0.0000	0.0000	0.0000	0.0000	0.0000	0.0000	0.0000	0.0000	0.0000	0.0003	0.0001	0.0006	0.0003	0.0003	0.0000	0.0003	0.0000	0.0006		2.8193	0.0000	0.0000	0.0000	1.0173	0.9989	8.6136	0.0000	0.0000	0.0000	0.0000	0.0000	0.0000	0.0000	0.0000	0.0000	0.0000	0.0000	0.0000	0.0000	0.0000	0.0000	0.0000	0.0000	0.0000	0.0000	0.0000	0.0000	0.0000	0.0000	0.0000	0.0000	0.0000	0.0000	0.0126	0.0075	0.0051	0.0039	0.0036	0.0003	0.0087	0.0039	0.0048
38	90	0.1093	20	2	0	1	0	0	0	0	0	0	0	2	1	0	0	0	0	0	0	Y	N	N	N	Y	N	N	N	N	N	N	N	N	N	N	N	N	N	0.0000	0.0000	0.0000	0.0000	0.0000	0.0000	0.0000	0.0000	0.0000	0.0000	0.0000	0.0000	0.0000	0.0000	0.0000	0.0000	0.0000	0.0000	0.0001	0.0001	0.0000	0.0002	0.0002	0.0000	0.0000	0.0000	0.0000		0.0001	0.0000	-0.0000	0.0000	2.0138	0.9989	11.8132	0.0000	0.0000	0.0000	0.0000	0.0000	0.0000	0.0000	0.0000	0.0000	0.0000	0.0000	0.0000	0.0000	0.0000	0.0000	0.0000	0.0000	0.0000	0.0000	0.0000	0.0000	0.0000	0.0000	0.0000	0.0000	0.0000	0.0000	0.0165	0.0096	0.0069	0.0049	0.0044	0.0005	0.0116	0.0052	0.0064
38	91	0.1008	19	2	0	1	0	0	0	0	0	1	1	2	1	0	0	0	0	0	0	Y	N	N	N	Y	N	N	N	N	N	N	N	N	N	N	N	N	N	24.9622	30.7173	0.0000	46.2170	43.2532	0.0000	0.0000	0.0000	0.0000	0.0073	0.0085	0.0000	0.0255	0.0262	0.0000	0.0000	0.0000	0.0000	0.0003	0.0003	0.0003	0.0006	0.0006	0.0000	0.0002	0.0000	0.0003	0.0000	0.7876	-0.0000	-0.0000	0.0000	1.9725	0.9989	4.2763	0.0000	0.0000	0.0000	0.0000	0.0000	0.0000	0.0000	0.0000	0.0000	0.0000	0.0000	0.0000	0.0000	0.0000	0.0000	0.0000	0.0000	0.0000	0.0000	0.0000	0.0000	0.0000	0.0000	0.0000	0.0000	0.0000	0.0000	0.0082	0.0048	0.0034	0.0024	0.0022	0.0002	0.0058	0.0026	0.0031
38	98	0.1308	20	2	0	1	1	0	0	0	1	0	0	2	1	0	0	0	0	0	0	Y	N	N	N	Y	N	N	N	N	N	N	N	N	N	N	N	N	N	0.0000	0.0000	0.0000	0.0000	0.0000	0.0000	0.0000	0.0000	0.0000	0.0000	0.0000	0.0000	0.0000	0.0000	0.0000	0.0000	0.0000	0.0000	0.0000	0.0000	0.0000	0.0000	0.0000	0.0000	0.0000	0.0000	0.0000			0.0000	0.0000	0.0000	2.9999	0.9989	3.9821	0.0000	0.0000	0.0000	0.0000	0.0000	0.0000	0.0000	0.0000	0.0000	0.0000	0.0000	0.0000	0.0000	0.0000	0.0000	0.0000	0.0000	0.0000	0.0000	0.0000	0.0000	0.0000	0.0000	0.0000	0.0000	0.0000	0.0000	0.0071	0.0040	0.0031	0.0019	0.0016	0.0003	0.0052	0.0024	0.0028
38	99	0.1277	19	2	0	1	0	0	0	0	0	0	0	2	1	0	0	0	0	0	0	Y	N	N	N	Y	N	N	N	N	N	N	N	N	N	N	N	N	N	0.0000	0.0000	0.0000	0.0000	0.0000	0.0000	0.0000	0.0000	0.0000	0.0000	0.0000	0.0000	0.0000	0.0000	0.0000	0.0000	0.0000	0.0000	0.0000	0.0000	0.0000	0.0000	0.0000	0.0000	0.0000	0.0000	0.0000			-0.0000	0.0000	0.0000	0.0003	0.9989	2.0601	0.0000	0.0000	0.0000	0.0000	0.0000	0.0000	0.0000	0.0000	0.0000	0.0000	0.0000	0.0000	0.0000	0.0000	0.0000	0.0000	0.0000	0.0000	0.0000	0.0000	0.0000	0.0000	0.0000	0.0000	0.0000	0.0000	0.0000	0.0023	0.0013	0.0010	0.0006	0.0005	0.0001	0.0016	0.0007	0.0009
38	100	0.1078	18	2	0	1	0	0	0	0	0	1	1	2	1	0	0	0	0	0	0	Y	N	N	N	Y	N	N	N	N	N	N	N	N	N	N	N	N	N	553017.4148	6945216.9167	0.0000	0.0000	0.0000	0.0000	622681.3071	inf	0.0000	10.5290	12.3744	0.0000	0.0000	0.0000	0.0000	15.2773	18.7373	0.0000	0.0000	0.0000	0.0000	0.0000	0.0000	0.0000	0.0000	0.0000	0.0000	0.0000	18.0992	-0.0000	0.0000	0.0000	3.0014	0.9989	9.1620	0.0000	0.0000	0.0000	0.0000	0.0000	0.0000	0.0000	0.0000	0.0000	0.0000	0.0000	0.0000	0.0000	0.0000	0.0000	0.0000	0.0000	0.0000	0.0000	0.0000	0.0000	0.0000	0.0000	0.0000	0.0000	0.0000	0.0000	0.0129	0.0072	0.0057	0.0034	0.0029	0.0005	0.0095	0.0043	0.0052
38	101	0.0950	17	2	0	1	0	0	0	0	0	0	0	1	0	0	0	0	0	0	0	Y	N	N	N	N	N	N	N	N	N	N	N	N	N	N	N	N	N	7003.3434	5062.1099	0.0000	609.8528	769.8749	0.0000	971481.5872	1418351.4410	0.0000	0.7751	1.0248	0.0000	0.3227	0.4784	0.0000	1.9539	2.0149	0.0000	0.0001	0.0002	0.0000	0.0005	0.0006	0.0000	0.0000	0.0000	0.0000	0.0000	0.0098	-0.0000	-0.0000	0.0000	0.0077	0.9989	8.0757	0.0000	0.0000	0.0000	0.0000	0.0000	0.0000	0.0000	0.0000	0.0000	0.0000	0.0000	0.0000	0.0000	0.0000	0.0000	0.0000	0.0000	0.0000	0.0000	0.0000	0.0000	0.0000	0.0000	0.0000	0.0000	0.0000	0.0000	0.0081	0.0044	0.0037	0.0017	0.0014	0.0002	0.0064	0.0030	0.0035
38	102	0.0934	16	2	0	1	0	0	0	0	0	0	0	1	0	0	0	0	0	0	0	Y	N	N	N	N	N	N	N	N	N	N	N	N	N	N	N	N	N	2401.7217	3671.3743	0.0000	inf	inf	0.0000	5953.9323	6008.4258	0.0000	1.5217	2.0151	0.0000	0.3242	0.4818	0.0000	4.7358	4.8548	0.0000	0.0006	0.0005	0.0007	0.0000	0.0000	0.0000	0.0008	0.0008	0.0008	0.0000	1.1381	-0.0000	-0.0000	0.0000	0.0011	0.9989	1.0060	0.0000	0.0000	0.0000	0.0000	0.0000	0.0000	0.0000	0.0000	0.0000	0.0000	0.0000	0.0000	0.0000	0.0000	0.0000	0.0000	0.0000	0.0000	0.0000	0.0000	0.0000	0.0000	0.0000	0.0000	0.0000	0.0000	0.0000	0.0010	0.0006	0.0005	0.0002	0.0002	0.0000	0.0008	0.0004	0.0004
38	113	0.0934	18	2	0	1	0	0	0	0	0	0	0	1	0	0	0	0	0	0	0	Y	N	N	N	N	N	N	N	N	N	N	N	N	N	N	N	N	N	1740.9574	inf	0.0000	inf	inf	0.0000	2168.2609	inf	0.0000	0.5014	0.6272	0.0000	0.2549	0.3432	0.0000	0.7834	0.9060	0.0000	0.0003	0.0000	0.0006	0.0000	0.0000	0.0000	0.0004	0.0000	0.0007	0.0000	inf	-0.0000	0.0000	0.0000	0.0182	0.9989	4.6661	0.0000	0.0000	0.0000	0.0000	0.0000	0.0000	0.0000	0.0000	0.0000	0.0000	0.0000	0.0000	0.0000	0.0000	0.0000	0.0000	0.0000	0.0000	0.0000	0.0000	0.0000	0.0000	0.0000	0.0000	0.0000	0.0000	0.0000	0.0047	0.0025	0.0022	0.0010	0.0008	0.0001	0.0037	0.0017	0.0020
38	114	0.0934	17	2	0	1	0	0	0	0	0	0	0	1	0	0	0	0	0	0	0	Y	N	N	N	N	N	N	N	N	N	N	N	N	N	N	N	N	N	inf	inf	0.0000	inf	inf	0.0000	inf	inf	0.0000	0.4875	0.6484	0.0000	0.3281	0.4902	0.0000	0.9479	0.9573	0.0000	0.0000	0.0000	0.0000	0.0000	0.0000	0.0000	0.0000	0.0000	0.0000	0.0000		-0.0000	0.0000	0.0000	0.0004	0.9989	0.0007	0.0000	0.0000	0.0000	0.0000	0.0000	0.0000	0.0000	0.0000	0.0000	0.0000	0.0000	0.0000	0.0000	0.0000	0.0000	0.0000	0.0000	0.0000	0.0000	0.0000	0.0000	0.0000	0.0000	0.0000	0.0000	0.0000	0.0000	0.0000	0.0000	0.0000	0.0000	0.0000	0.0000	0.0000	0.0000	0.0000
38	115	0.0934	16	2	0	1	0	0	0	0	0	0	0	1	0	0	0	0	0	0	0	Y	N	N	N	N	N	N	N	N	N	N	N	N	N	N	N	N	N	inf	inf	0.0000	inf	inf	0.0000	inf	inf	0.0000	0.4875	0.6484	0.0000	0.3281	0.4902	0.0000	0.9479	0.9573	0.0000	0.0000	0.0000	0.0000	0.0000	0.0000	0.0000	0.0000	0.0000	0.0000	0.0000		-0.0000	0.0000	0.0000	0.0004	0.9989	0.0002	0.0000	0.0000	0.0000	0.0000	0.0000	0.0000	0.0000	0.0000	0.0000	0.0000	0.0000	0.0000	0.0000	0.0000	0.0000	0.0000	0.0000	0.0000	0.0000	0.0000	0.0000	0.0000	0.0000	0.0000	0.0000	0.0000	0.0000	0.0000	0.0000	0.0000	0.0000	0.0000	0.0000	0.0000	0.0000	0.0000
38	116	0.0729	15	2	0	1	0	0	0	0	0	0	0	1	0	0	0	0	0	0	0	Y	N	N	N	N	N	N	N	N	N	N	N	N	N	N	N	N	N	12949.0654	9964.9258	0.0000	3309.5665	4450.9810	0.0000	inf	inf	0.0000	0.3150	0.4190	0.0000	0.3281	0.4898	0.0000	0.2771	0.2798	0.0000	0.0000	0.0000	0.0000	0.0001	0.0001	0.0000	0.0000	0.0000	0.0000	0.0000	0.0005	-0.0000	-0.0000	0.0000	0.0012	0.9989	12.6705	0.0000	0.0000	0.0000	0.0000	0.0000	0.0000	0.0000	0.0000	0.0000	0.0000	0.0000	0.0000	0.0000	0.0000	0.0000	0.0000	0.0000	0.0000	0.0000	0.0000	0.0000	0.0000	0.0000	0.0000	0.0000	0.0000	0.0000	0.0152	0.0088	0.0064	0.0037	0.0034	0.0004	0.0115	0.0054	0.0061
38	117	0.0681	14	2	0	1	0	0	0	0	0	0	0	1	0	0	0	0	0	0	0	Y	N	N	N	N	N	N	N	N	N	N	N	N	N	N	N	N	N	206163.1844	inf	0.0000	0.0000	0.0000	0.0000	214630.8844	inf	0.0000	14.3461	inf	0.0000	0.0000	0.0000	0.0000	20.1376	inf	0.0000	0.0001	0.0000	0.0002	0.0000	0.0000	0.0000	0.0001	0.0000	0.0002	0.0000	24.9775	-0.0000	0.0000	0.0000	0.0012	0.9989	3.6220	0.0000	0.0000	0.0000	0.0000	0.0000	0.0000	0.0000	0.0000	0.0000	0.0000	0.0000	0.0000	0.0000	0.0000	0.0000	0.0000	0.0000	0.0000	0.0000	0.0000	0.0000	0.0000	0.0000	0.0000	0.0000	0.0000	0.0000	0.0055	0.0034	0.0021	0.0016	0.0015	0.0001	0.0039	0.0019	0.0020
38	118	0.0647	13	2	0	1	0	1	0	0	0	0	0	1	0	0	0	0	0	0	0	Y	N	N	N	N	N	N	N	N	N	N	N	N	N	N	N	N	N	0.0000	0.0000	0.0000	0.0000	0.0000	0.0000	0.0000	0.0000	0.0000	0.0000	0.0000	0.0000	0.0000	0.0000	0.0000	0.0000	0.0000	0.0000	0.0000	0.0000	0.0000	0.0000	0.0000	0.0000	0.0000	0.0000	0.0000		inf	0.0000	0.0000	0.0000	0.0004	0.9989	2.6029	0.0000	0.0000	0.0000	0.0000	0.0000	0.0000	0.0000	0.0000	0.0000	0.0000	0.0000	0.0000	0.0000	0.0000	0.0000	0.0000	0.0000	0.0000	0.0000	0.0000	0.0000	0.0000	0.0000	0.0000	0.0000	0.0000	0.0000	0.0045	0.0028	0.0017	0.0014	0.0013	0.0001	0.0031	0.0015	0.0016
38	121	0.0772	11	2	0	1	0	0	0	0	0	0	0	1	0	0	0	0	0	0	0	Y	N	N	N	N	N	N	N	N	N	N	N	N	N	N	N	N	N	0.0000	0.0000	0.0000	0.0000	0.0000	0.0000	0.0000	0.0000	0.0000	0.0000	0.0000	0.0000	0.0000	0.0000	0.0000	0.0000	0.0000	0.0000	0.0000	0.0000	0.0000	0.0000	0.0000	0.0000	0.0000	0.0000	0.0000			0.0000	0.0000	0.0000	0.0000	0.9989	1.2022	0.0000	0.0000	0.0000	0.0000	0.0000	0.0000	0.0000	0.0000	0.0000	0.0000	0.0000	0.0000	0.0000	0.0000	0.0000	0.0000	0.0000	0.0000	0.0000	0.0000	0.0000	0.0000	0.0000	0.0000	0.0000	0.0000	0.0000	0.0032	0.0017	0.0015	0.0017	0.0012	0.0005	0.0015	0.0005	0.0010
38	122	0.0559	10	2	0	1	0	1	0	0	0	0	0	1	0	0	0	0	0	0	0	Y	N	N	N	N	N	N	N	N	N	N	N	N	N	N	N	N	N	0.0000	0.0000	0.0000	0.0000	0.0000	0.0000	0.0000	0.0000	0.0000	0.0000	0.0000	0.0000	0.0000	0.0000	0.0000	0.0000	0.0000	0.0000	0.0000	0.0000	0.0000	0.0000	0.0000	0.0000	0.0000	0.0000	0.0000			0.0000	0.0000	0.0000	0.0041	0.9989	12.5856	0.0000	0.0000	0.0000	0.0000	0.0000	0.0000	0.0000	0.0000	0.0000	0.0000	0.0000	0.0000	0.0000	0.0000	0.0000	0.0000	0.0000	0.0000	0.0000	0.0000	0.0000	0.0000	0.0000	0.0000	0.0000	0.0000	0.0000	0.0159	0.0091	0.0068	0.0039	0.0033	0.0006	0.0120	0.0058	0.0063
41	42	0.1282	9	2	0	1	0	1	0	1	0	1	1	1	1	0	0	0	0	0	0	Y	N	N	N	N	N	N	N	N	N	N	N	N	N	N	N	N	N	0.0000	0.0000	0.0000	0.0000	0.0000	0.0000	0.0000	0.0000	0.0000	0.0000	0.0000	0.0000	0.0000	0.0000	0.0000	0.0000	0.0000	0.0000	0.0000	0.0000	0.0000	0.0000	0.0000	0.0000	0.0000	0.0000	0.0000			0.0000	0.0000	2.0001	0.0000	33.1942	0.0011	0.0000	0.0000	0.0000	0.0000	0.0000	0.0000	0.0000	0.0000	0.0000	0.0000	0.0000	0.0000	0.0000	0.0000	0.0000	0.0000	0.0000	0.0000	0.0000	0.0000	0.0000	0.0000	0.0000	0.0000	0.0000	0.0000	0.0000	0.0001	0.0001	0.0000	0.0000	0.0000	0.0000	0.0001	0.0000	0.0000
41	44	0.1197	12	2	0	1	1	1	0	1	0	1	0	2	1	0	0	0	0	0	0	Y	N	N	N	Y	N	N	N	N	N	N	N	N	N	N	N	N	N	2.3431	0.0000	37.1458	0.0001	0.0000	0.0000	4.5261	0.0000	35.1517	10.2060	0.0000	73.2820	0.0008	0.0008	0.0000	10.4082	0.0000	73.3944	4.3558	6.5235	1.9728	13.5398	15.8093	0.0000	2.2996	2.5591	2.0879	681158.0332	0.2751	0.4168	-1.5385	2.0001	7.0030	33.1942	25.8862	0.9999	0.0000	0.9999	0.0000	0.0000	0.0000	0.9999	0.0000	0.9999	4.6269	3.6286	0.9982	2.6310	2.6310	0.0000	1.9958	0.9976	0.9982	0.0980	0.0843	0.0136	0.0019	0.0019	0.0000	0.0961	0.0824	0.0136	1.0622	0.5562	0.5060	0.1943	0.1664	0.0279	0.8679	0.3898	0.4781
41	48	0.1197	12	2	0	1	1	1	0	1	0	1	0	2	1	0	0	0	0	0	0	Y	N	N	N	Y	N	N	N	N	N	N	N	N	N	N	N	N	N	0.0013	0.0008	0.0000	0.8254	0.7549	0.0000	0.0000	0.0000	0.0000	0.0033	0.0039	0.0000	0.0537	0.0541	0.0000	0.0000	0.0000	0.0000	2.6332	4.7044	0.0138	0.0651	0.0717	0.0057	3.4003	7.4329	0.0142	0.0000	0.0023	-0.0001	-0.5473	2.0001	1.7572	33.1942	7.6758	0.0001	0.0001	0.0000	0.0001	0.0001	0.0000	0.0000	0.0000	0.0000	1.0025	1.0002	0.0023	0.0057	0.0056	0.0001	0.9969	0.9946	0.0023	0.0275	0.0236	0.0038	0.0017	0.0017	0.0000	0.0257	0.0220	0.0038	0.3807	0.2126	0.1681	0.0876	0.0788	0.0087	0.2932	0.1338	0.1594
41	49	0.1108	11	2	0	1	1	1	0	1	1	1	0	2	1	0	0	0	0	0	0	Y	N	N	N	Y	N	N	N	N	N	N	N	N	N	N	N	N	N	0.1961	0.0704	2.0176	27.0098	24.8948	0.0000	0.1127	0.0000	1.9618	0.0096	0.0052	0.0366	1.6620	1.6909	0.0000	0.0052	0.0000	0.0366	0.0491	0.0741	0.0181	0.0615	0.0679	0.0084	0.0458	0.0773	0.0187	1.1483	0.1974	-0.0000	-0.0050	2.0001	1.2605	33.1942	5.3560	0.0002	0.0001	0.0001	0.0001	0.0001	0.0000	0.0001	0.0000	0.0001	0.0130	0.0108	0.0021	0.0034	0.0034	0.0001	0.0095	0.0075	0.0021	0.0175	0.0150	0.0025	0.0000	0.0000	0.0000	0.0174	0.0150	0.0025	0.2642	0.1462	0.1180	0.0557	0.0497	0.0060	0.2085	0.0965	0.1120
41	50	0.1108	11	2	0	1	0	1	0	1	0	1	0	2	1	0	0	0	0	0	0	Y	N	N	N	Y	N	N	N	N	N	N	N	N	N	N	N	N	N	0.0703	0.0000	1.1433	0.0000	0.0000	0.0000	0.2824	0.0000	1.0851	0.0000	0.0000	0.0001	0.0000	0.0000	0.0000	0.0000	0.0000	0.0001	0.0002	0.0002	0.0001	0.0006	0.0007	0.0000	0.0000	0.0000	0.0001	inf	0.2500	0.0000	-0.0000	2.0001	1.0001	33.1942	7.4568	0.0000	0.0000	0.0000	0.0000	0.0000	0.0000	0.0000	0.0000	0.0000	0.0000	0.0000	0.0000	0.0000	0.0000	0.0000	0.0000	0.0000	0.0000	0.0139	0.0119	0.0020	0.0000	0.0000	0.0000	0.0139	0.0119	0.0020	0.3231	0.1753	0.1478	0.0644	0.0568	0.0076	0.2587	0.1185	0.1402
41	51	0.1062	10	2	0	1	0	1	0	1	0	1	1	2	1	0	0	0	0	0	0	Y	N	N	N	Y	N	N	N	N	N	N	N	N	N	N	N	N	N	3.2534	2.6774	0.0000	24.5064	21.7974	0.0000	0.0000	0.0000	0.0000	0.0015	0.0017	0.0000	0.0155	0.0155	0.0000	0.0000	0.0000	0.0000	0.0004	0.0006	0.0001	0.0006	0.0007	0.0000	0.0003	0.0005	0.0002	0.0053	0.1251	-0.0000	-0.0000	2.0001	0.0061	33.1942	2.7591	0.0000	0.0000	0.0000	0.0000	0.0000	0.0000	0.0000	0.0000	0.0000	0.0001	0.0001	0.0000	0.0001	0.0001	0.0000	0.0000	0.0000	0.0000	0.0001	0.0001	0.0000	0.0000	0.0000	0.0000	0.0001	0.0001	0.0000	0.2012	0.1297	0.0715	0.0791	0.0703	0.0088	0.1221	0.0594	0.0627
41	52	0.1131	10	2	0	1	0	1	0	1	0	1	1	1	1	0	0	0	0	0	0	Y	N	N	N	N	N	N	N	N	N	N	N	N	N	N	N	N	N	0.0000	0.0000	0.0000	0.0000	0.0000	0.0000	0.0000	0.0000	0.0000	0.0000	0.0000	0.0000	0.0000	0.0000	0.0000	0.0000	0.0000	0.0000	0.0193	0.0245	0.0138	0.0834	0.0889	0.0001	0.0079	0.0000	0.0141		0.5288	0.0000	-0.0012	2.0001	1.0020	33.1942	7.2599	0.0000	0.0000	0.0000	0.0000	0.0000	0.0000	0.0000	0.0000	0.0000	0.0058	0.0038	0.0020	0.0038	0.0038	0.0000	0.0020	0.0000	0.0020	0.0140	0.0121	0.0020	0.0002	0.0002	0.0000	0.0138	0.0119	0.0020	0.2993	0.1544	0.1449	0.0453	0.0425	0.0028	0.2540	0.1119	0.1421
41	53	0.0934	9	2	0	1	0	2	0	1	0	1	0	1	0	0	0	0	0	0	0	Y	N	N	N	N	N	N	N	N	N	N	N	N	N	N	N	N	N	0.0000	0.0000	0.0000	0.0000	0.0000	0.0000	0.0000	0.0000	0.0000	0.0000	0.0000	0.0000	0.0000	0.0000	0.0000	0.0000	0.0000	0.0000	0.0094	0.0002	0.0191	0.0009	0.0010	0.0000	0.0107	0.0000	0.0194		75.4940	0.0000	0.0017	2.0001	3.0050	33.1942	8.3063	0.0000	0.0000	0.0000	0.0000	0.0000	0.0000	0.0000	0.0000	0.0000	0.0039	0.0001	0.0038	0.0001	0.0001	0.0000	0.0038	0.0000	0.0038	0.0422	0.0364	0.0059	0.0010	0.0009	0.0001	0.0412	0.0354	0.0058	0.4099	0.2105	0.1994	0.0531	0.0505	0.0026	0.3568	0.1600	0.1968
41	56	0.1037	8	2	0	1	0	1	0	1	0	1	0	1	0	0	0	0	0	0	0	Y	N	N	N	N	N	N	N	N	N	N	N	N	N	N	N	N	N	0.0097	0.0000	0.0344	0.0446	0.0000	1.8901	0.0085	0.0000	0.0339	0.0801	0.0000	0.5818	0.0102	0.0000	0.1690	0.0817	0.0000	0.5861	8.2487	0.1290	16.8892	0.2291	0.2417	0.0894	9.5813	0.0907	17.3082	inf	123.0619	0.0014	1.7693	2.0001	2.9988	33.1942	11.1255	0.0033	0.0000	0.0033	0.0000	0.0000	0.0000	0.0033	0.0000	0.0033	3.9879	0.0321	3.9558	0.0158	0.0153	0.0005	3.9721	0.0169	3.9553	0.0413	0.0357	0.0057	0.0010	0.0009	0.0001	0.0404	0.0347	0.0056	0.4835	0.2492	0.2342	0.0689	0.0632	0.0057	0.4146	0.1861	0.2285
41	70	0.1135	11	2	0	1	0	1	0	1	0	1	1	2	1	0	0	0	0	0	0	Y	N	N	N	Y	N	N	N	N	N	N	N	N	N	N	N	N	N	0.0000	0.0000	0.0000	0.0000	0.0000	0.0000	0.0000	0.0000	0.0000	0.0000	0.0000	0.0000	0.0000	0.0000	0.0000	0.0000	0.0000	0.0000	2.4808	0.0162	5.4562	0.0579	0.0403	0.2142	3.2637	0.0000	5.7582		279.4857	0.0000	0.4443	2.0001	2.3581	33.1942	7.4584	0.0000	0.0000	0.0000	0.0000	0.0000	0.0000	0.0000	0.0000	0.0000	0.9914	0.0035	0.9879	0.0056	0.0035	0.0021	0.9858	0.0000	0.9858	0.0410	0.0363	0.0047	0.0058	0.0057	0.0001	0.0352	0.0305	0.0046	0.3996	0.2186	0.1811	0.0976	0.0877	0.0099	0.3020	0.1308	0.1712
41	71	0.1062	10	2	0	1	0	1	0	1	0	1	0	2	0	0	0	0	0	0	0	Y	N	N	N	Y	N	N	N	N	N	N	N	N	N	N	N	N	N	0.0000	0.0000	0.0000	0.0000	0.0000	0.0000	0.0000	0.0000	0.0000	0.0000	0.0000	0.0000	0.0000	0.0000	0.0000	0.0000	0.0000	0.0000	0.0730	0.0378	0.1256	0.0235	0.0266	0.0000	0.0960	0.0477	0.1385		2.2136	0.0000	0.0029	2.0001	1.7590	33.1942	3.5356	0.0000	0.0000	0.0000	0.0000	0.0000	0.0000	0.0000	0.0000	0.0000	0.0206	0.0064	0.0142	0.0021	0.0021	0.0000	0.0185	0.0043	0.0142	0.0243	0.0209	0.0034	0.0000	0.0000	0.0000	0.0243	0.0208	0.0034	0.2828	0.1696	0.1132	0.0899	0.0793	0.0106	0.1929	0.0903	0.1026
41	72	0.1029	9	2	0	1	0	1	0	1	0	2	0	2	0	0	0	0	0	0	0	Y	N	N	N	Y	N	N	N	N	N	N	N	N	N	N	N	N	N	0.0000	0.0000	0.0000	0.0000	0.0000	0.0000	0.0000	0.0000	0.0000	0.0000	0.0000	0.0000	0.0000	0.0000	0.0000	0.0000	0.0000	0.0000	0.0020	0.0012	0.0027	0.0036	0.0042	0.0000	0.0017	0.0003	0.0028		2.2404	-0.0000	0.0000	2.0001	0.0029	33.1942	2.4186	0.0000	0.0000	0.0000	0.0000	0.0000	0.0000	0.0000	0.0000	0.0000	0.0002	0.0000	0.0001	0.0000	0.0000	0.0000	0.0001	0.0000	0.0001	0.0000	0.0000	0.0000	0.0000	0.0000	0.0000	0.0000	0.0000	0.0000	0.0823	0.0409	0.0413	0.0111	0.0095	0.0016	0.0712	0.0314	0.0398
41	78	0.1037	8	2	0	1	0	1	0	1	0	1	1	1	1	0	0	0	0	0	0	Y	N	N	N	N	N	N	N	N	N	N	N	N	N	N	N	N	N	2.2780	0.0000	14.5810	0.0547	0.0000	63.4496	3.5742	0.0000	18.2044	5.6574	0.0000	70.5981	0.0394	0.0000	0.9663	9.9606	0.0000	90.3201	2.4835	0.2806	4.8418	0.7198	0.7807	0.0152	2.7868	0.1038	4.9614	inf	16.1181	0.0014	0.4156	2.0001	0.0166	33.1942	12.2009	0.0033	0.0000	0.0033	0.0000	0.0000	0.0000	0.0033	0.0000	0.0033	1.0566	0.0617	0.9949	0.0449	0.0449	0.0001	1.0117	0.0169	0.9948	0.0006	0.0005	0.0000	0.0003	0.0002	0.0000	0.0003	0.0003	0.0000	0.4254	0.2200	0.2055	0.0624	0.0575	0.0050	0.3630	0.1625	0.2005
41	79	0.0894	7	2	0	1	0	2	0	1	0	1	0	1	0	0	0	0	0	0	0	Y	N	N	N	N	N	N	N	N	N	N	N	N	N	N	N	N	N	19.2344	0.0001	1498.6889	0.0000	0.0000	0.0000	18.2276	0.0001	1493.4552	68.1567	0.0008	492.9656	0.0000	0.0000	0.0000	70.0398	0.0008	497.9114	3.5435	6.9251	0.3289	0.0025	0.0028	0.0001	3.8425	8.1057	0.3334	99668.0000	0.0500	0.4155	-0.5171	2.0001	1.0285	33.1942	7.9781	0.9967	0.0000	0.9967	0.0000	0.0000	0.0000	0.9967	0.0000	0.9967	1.0327	0.9836	0.0491	0.0001	0.0001	0.0000	1.0326	0.9835	0.0491	0.0146	0.0126	0.0020	0.0004	0.0004	0.0000	0.0142	0.0122	0.0020	0.2914	0.1420	0.1494	0.0227	0.0207	0.0020	0.2687	0.1213	0.1474
41	84	0.0760	6	2	0	1	0	1	0	1	0	1	0	1	0	0	0	0	0	0	0	Y	N	N	N	N	N	N	N	N	N	N	N	N	N	N	N	N	N	0.0000	0.0000	0.0000	0.0000	0.0000	0.0000	0.0000	0.0000	0.0000	0.0000	0.0000	0.0000	0.0000	0.0000	0.0000	0.0000	0.0000	0.0000	4.7297	3.1349	6.3391	0.1975	0.2126	0.0135	5.2679	3.8442	6.4432		2.0036	0.0000	0.3615	2.0001	2.9998	33.1942	15.4389	0.0000	0.0000	0.0000	0.0000	0.0000	0.0000	0.0000	0.0000	0.0000	3.0427	1.0130	2.0297	0.0135	0.0134	0.0001	3.0292	0.9996	2.0296	0.0412	0.0354	0.0058	0.0001	0.0001	0.0000	0.0412	0.0354	0.0058	0.6433	0.3231	0.3202	0.0683	0.0631	0.0052	0.5750	0.2600	0.3150
41	85	0.4490	9	1	0	1	0	1	0	1	0	2	0	2	0	0	0	0	0	0	0	N	N	N	N	Y	N	N	N	N	N	N	N	N	N	N	N	N	N	1.1608	1.6205	0.0000	0.0268	0.0300	0.0000	1.0449	1.3979	0.0000	2.5514	2.9323	0.0000	0.0422	0.0439	0.0000	2.8847	3.3622	0.0000	2.1980	1.8096	2.9192	1.5776	1.4636	2.3046	2.7607	2.4052	3.0581	0.0000	0.8689	-0.5802	-1.0281	2.0001	26.8363	33.1942	143.7566	0.9949	0.9949	0.0000	0.0019	0.0019	0.0000	0.9930	0.9930	0.0000	12.3365	6.6009	5.7356	4.2116	3.3770	0.8346	8.1249	3.2239	4.9010	0.3900	0.3393	0.0507	0.0457	0.0440	0.0018	0.3442	0.2953	0.0489	5.6126	3.6478	1.9648	2.6695	2.3074	0.3621	2.9430	1.3404	1.6027
41	88	0.1172	12	2	0	1	0	1	0	1	0	1	0	2	1	0	0	0	0	0	0	Y	N	N	N	Y	N	N	N	N	N	N	N	N	N	N	N	N	N	0.0000	0.0000	0.0000	0.0000	0.0000	0.0000	0.0000	0.0000	0.0000	0.0000	0.0000	0.0000	0.0000	0.0000	0.0000	0.0000	0.0000	0.0000	4.8189	0.0319	10.7462	0.0712	0.0768	0.0014	6.3870	0.0001	11.2145		271.7312	0.0000	0.8884	2.0001	1.0173	33.1942	8.6136	0.0000	0.0000	0.0000	0.0000	0.0000	0.0000	0.0000	0.0000	0.0000	1.9828	0.0073	1.9755	0.0073	0.0073	0.0000	1.9755	0.0000	1.9755	0.0144	0.0124	0.0020	0.0003	0.0003	0.0000	0.0141	0.0121	0.0020	0.4115	0.2276	0.1838	0.1022	0.0945	0.0077	0.3093	0.1331	0.1762
41	90	0.1172	12	2	0	1	0	1	0	1	0	1	0	2	1	0	0	0	0	0	0	Y	N	N	N	Y	N	N	N	N	N	N	N	N	N	N	N	N	N	0.0000	0.0000	0.0000	0.0000	0.0000	0.0000	0.0000	0.0000	0.0000	0.0000	0.0000	0.0000	0.0000	0.0000	0.0000	0.0000	0.0000	0.0000	3.7475	3.5215	4.0137	0.2517	0.2762	0.0000	4.7763	5.5373	4.1980		0.9676	0.0000	-0.1142	2.0001	2.0138	33.1942	11.8132	0.0000	0.0000	0.0000	0.0000	0.0000	0.0000	0.0000	0.0000	0.0000	2.0211	1.0272	0.9939	0.0309	0.0309	0.0000	1.9902	0.9963	0.9939	0.0281	0.0242	0.0039	0.0004	0.0004	0.0000	0.0277	0.0238	0.0039	0.5393	0.2917	0.2476	0.1226	0.1118	0.0109	0.4167	0.1799	0.2368
41	91	0.1087	11	2	0	1	0	1	0	1	0	2	1	2	1	0	0	0	0	0	0	Y	N	N	N	Y	N	N	N	N	N	N	N	N	N	N	N	N	N	0.0000	0.0000	0.0000	0.0000	0.0000	0.0000	0.0000	0.0000	0.0000	0.0000	0.0000	0.0000	0.0000	0.0000	0.0000	0.0000	0.0000	0.0000	0.1054	0.0124	0.2192	0.0110	0.0119	0.0001	0.1340	0.0127	0.2282		14.4672	0.0000	0.0109	2.0001	1.9725	33.1942	4.2763	0.0000	0.0000	0.0000	0.0000	0.0000	0.0000	0.0000	0.0000	0.0000	0.0281	0.0018	0.0263	0.0007	0.0007	0.0000	0.0275	0.0011	0.0263	0.0276	0.0237	0.0039	0.0002	0.0002	0.0000	0.0274	0.0235	0.0039	0.2670	0.1469	0.1201	0.0620	0.0573	0.0048	0.2049	0.0896	0.1153
41	98	0.1387	12	2	0	1	1	1	0	1	1	1	0	2	1	0	0	0	0	0	0	Y	N	N	N	Y	N	N	N	N	N	N	N	N	N	N	N	N	N	0.0000	0.0000	0.0000	0.0000	0.0000	0.0000	0.0000	0.0000	0.0000	0.0000	0.0000	0.0000	0.0000	0.0000	0.0000	0.0000	0.0000	0.0000	0.0000	0.0000	0.0000	0.0000	0.0000	0.0000	0.0000	0.0000	0.0000			0.0000	0.0000	2.0001	2.9999	33.1942	3.9821	0.0000	0.0000	0.0000	0.0000	0.0000	0.0000	0.0000	0.0000	0.0000	0.0000	0.0000	0.0000	0.0000	0.0000	0.0000	0.0000	0.0000	0.0000	0.0413	0.0355	0.0058	0.0003	0.0003	0.0000	0.0410	0.0352	0.0058	0.2339	0.1208	0.1131	0.0398	0.0342	0.0057	0.1941	0.0867	0.1074
41	99	0.1356	11	2	0	1	0	1	0	1	0	1	0	2	1	0	0	0	0	0	0	Y	N	N	N	Y	N	N	N	N	N	N	N	N	N	N	N	N	N	0.0000	0.0000	0.0000	0.0000	0.0000	0.0000	0.0000	0.0000	0.0000	0.0000	0.0000	0.0000	0.0000	0.0000	0.0000	0.0000	0.0000	0.0000	0.0095	0.0004	0.0195	0.0012	0.0013	0.0000	0.0114	0.0000	0.0205		42.3600	0.0000	0.0003	2.0001	0.0003	33.1942	2.0601	0.0000	0.0000	0.0000	0.0000	0.0000	0.0000	0.0000	0.0000	0.0000	0.0007	0.0000	0.0007	0.0000	0.0000	0.0000	0.0007	0.0000	0.0007	0.0000	0.0000	0.0000	0.0000	0.0000	0.0000	0.0000	0.0000	0.0000	0.0746	0.0393	0.0353	0.0141	0.0124	0.0017	0.0605	0.0269	0.0336
41	100	0.1157	10	2	0	1	0	1	0	1	0	2	1	2	1	0	0	0	0	0	0	Y	N	N	N	Y	N	N	N	N	N	N	N	N	N	N	N	N	N	0.0000	0.0000	0.0000	0.0000	0.0000	0.0000	0.0000	0.0000	0.0000	0.0000	0.0000	0.0001	0.0000	0.0000	0.0000	0.0000	0.0000	0.0001	6.8447	0.1166	13.9166	0.3442	0.3874	0.0058	8.2133	0.0001	14.5014	inf	113.5045	0.0000	1.3328	2.0001	3.0014	33.1942	9.1620	0.0000	0.0000	0.0000	0.0000	0.0000	0.0000	0.0000	0.0000	0.0000	3.0087	0.0263	2.9824	0.0263	0.0263	0.0001	2.9824	0.0000	2.9824	0.0413	0.0355	0.0058	0.0001	0.0001	0.0000	0.0412	0.0354	0.0058	0.4396	0.2253	0.2143	0.0764	0.0678	0.0086	0.3631	0.1575	0.2057
41	101	0.1029	9	2	0	1	0	1	0	1	0	1	0	1	0	0	0	0	0	0	0	Y	N	N	N	N	N	N	N	N	N	N	N	N	N	N	N	N	N	0.0012	0.0007	0.0000	0.0042	0.0036	0.0000	0.0000	0.0000	0.0000	0.0028	0.0032	0.0000	0.0747	0.0748	0.0000	0.0000	0.0000	0.0000	2.4246	4.6853	0.2213	17.8408	20.9306	0.0000	0.1294	0.0014	0.2300	0.0000	0.0485	-0.0000	-0.3242	2.0001	0.0077	33.1942	8.0757	0.0000	0.0000	0.0000	0.0000	0.0000	0.0000	0.0000	0.0000	0.0000	0.6458	0.6159	0.0298	0.6158	0.6158	0.0000	0.0300	0.0001	0.0298	0.0001	0.0001	0.0000	0.0000	0.0000	0.0000	0.0001	0.0001	0.0000	0.2663	0.1315	0.1349	0.0345	0.0294	0.0051	0.2318	0.1020	0.1298
41	102	0.1013	8	2	0	1	0	1	0	1	0	1	0	1	0	0	0	0	0	0	0	Y	N	N	N	N	N	N	N	N	N	N	N	N	N	N	N	N	N	0.0000	0.0000	0.0000	0.0000	0.0000	0.0000	0.0000	0.0000	0.0000	0.0000	0.0000	0.0000	0.0000	0.0000	0.0000	0.0000	0.0000	0.0000	0.0030	0.0049	0.0012	0.0192	0.0226	0.0000	0.0007	0.0000	0.0012		0.2444	0.0000	-0.0000	2.0001	0.0011	33.1942	1.0060	0.0000	0.0000	0.0000	0.0000	0.0000	0.0000	0.0000	0.0000	0.0000	0.0001	0.0001	0.0000	0.0001	0.0001	0.0000	0.0000	0.0000	0.0000	0.0000	0.0000	0.0000	0.0000	0.0000	0.0000	0.0000	0.0000	0.0000	0.0337	0.0166	0.0171	0.0043	0.0036	0.0006	0.0294	0.0129	0.0165
41	113	0.1013	10	2	0	1	0	1	0	1	0	1	0	1	0	0	0	0	0	0	0	Y	N	N	N	N	N	N	N	N	N	N	N	N	N	N	N	N	N	0.0000	0.0000	0.0000	0.0000	0.0000	0.0000	0.0000	0.0000	0.0000	0.0000	0.0000	0.0000	0.0000	0.0000	0.0000	0.0000	0.0000	0.0000	0.0044	0.0004	0.0082	0.0011	0.0013	0.0000	0.0049	0.0002	0.0086		20.2226	0.0000	0.0003	2.0001	0.0182	33.1942	4.6661	0.0000	0.0000	0.0000	0.0000	0.0000	0.0000	0.0000	0.0000	0.0000	0.0007	0.0000	0.0006	0.0000	0.0000	0.0000	0.0007	0.0000	0.0006	0.0003	0.0002	0.0000	0.0000	0.0000	0.0000	0.0003	0.0002	0.0000	0.1549	0.0761	0.0788	0.0195	0.0166	0.0029	0.1354	0.0595	0.0759
41	114	0.1013	9	2	0	1	0	1	0	1	0	1	0	1	0	0	0	0	0	0	0	Y	N	N	N	N	N	N	N	N	N	N	N	N	N	N	N	N	N	0.0000	0.0000	0.0000	0.0000	0.0000	0.0000	0.0000	0.0000	0.0000	0.0000	0.0000	0.0000	0.0000	0.0000	0.0000	0.0000	0.0000	0.0000	0.0000	0.0000	0.0000	0.0000	0.0000	0.0000	0.0000	0.0000	0.0000			0.0000	-0.0000	2.0001	0.0004	33.1942	0.0007	0.0000	0.0000	0.0000	0.0000	0.0000	0.0000	0.0000	0.0000	0.0000	0.0000	0.0000	0.0000	0.0000	0.0000	0.0000	0.0000	0.0000	0.0000	0.0000	0.0000	0.0000	0.0000	0.0000	0.0000	0.0000	0.0000	0.0000	0.0001	0.0000	0.0000	0.0000	0.0000	0.0000	0.0000	0.0000	0.0000
41	115	0.1013	8	2	0	1	0	1	0	1	0	1	0	1	0	0	0	0	0	0	0	Y	N	N	N	N	N	N	N	N	N	N	N	N	N	N	N	N	N	0.0000	0.0000	0.0000	0.0000	0.0000	0.0000	0.0000	0.0000	0.0000	0.0000	0.0000	0.0000	0.0000	0.0000	0.0000	0.0000	0.0000	0.0000	0.0000	0.0000	0.0000	0.0000	0.0000	0.0000	0.0000	0.0000	0.0000			0.0000	-0.0000	2.0001	0.0004	33.1942	0.0002	0.0000	0.0000	0.0000	0.0000	0.0000	0.0000	0.0000	0.0000	0.0000	0.0000	0.0000	0.0000	0.0000	0.0000	0.0000	0.0000	0.0000	0.0000	0.0000	0.0000	0.0000	0.0000	0.0000	0.0000	0.0000	0.0000	0.0000	0.0000	0.0000	0.0000	0.0000	0.0000	0.0000	0.0000	0.0000	0.0000
41	116	0.0808	7	2	0	1	0	1	0	1	0	1	0	1	0	0	0	0	0	0	0	Y	N	N	N	N	N	N	N	N	N	N	N	N	N	N	N	N	N	0.0000	0.0000	0.0000	0.0000	0.0000	0.0000	0.0000	0.0000	0.0000	0.0000	0.0000	0.0000	0.0000	0.0000	0.0000	0.0000	0.0000	0.0000	3.1615	3.9752	2.2429	0.0528	0.0562	0.0020	3.7369	5.4685	2.2912		0.4999	0.0000	-0.3407	2.0001	0.0012	33.1942	12.6705	0.0000	0.0000	0.0000	0.0000	0.0000	0.0000	0.0000	0.0000	0.0000	1.5848	1.0566	0.5282	0.0041	0.0041	0.0000	1.5807	1.0525	0.5282	0.0000	0.0000	0.0000	0.0000	0.0000	0.0000	0.0000	0.0000	0.0000	0.5013	0.2658	0.2355	0.0783	0.0733	0.0050	0.4230	0.1925	0.2305
41	117	0.0760	6	2	0	1	0	1	0	1	0	1	0	1	0	0	0	0	0	0	0	Y	N	N	N	N	N	N	N	N	N	N	N	N	N	N	N	N	N	0.0000	0.0000	0.0000	0.0000	0.0000	0.0000	0.0000	0.0000	0.0000	0.0000	0.0000	0.0000	0.0000	0.0000	0.0000	0.0000	0.0000	0.0000	5.4636	9.0832	0.5209	0.2412	0.2470	0.0476	6.8649	13.9661	0.5278		0.0420	0.0000	-0.4998	2.0001	0.0012	33.1942	3.6220	0.0000	0.0000	0.0000	0.0000	0.0000	0.0000	0.0000	0.0000	0.0000	0.9839	0.9442	0.0397	0.0092	0.0091	0.0001	0.9747	0.9351	0.0396	0.0000	0.0000	0.0000	0.0000	0.0000	0.0000	0.0000	0.0000	0.0000	0.1801	0.1040	0.0761	0.0381	0.0370	0.0011	0.1420	0.0670	0.0750
41	118	0.0726	5	2	0	1	0	2	0	1	0	1	0	1	0	0	0	0	0	0	0	Y	N	N	N	N	N	N	N	N	N	N	N	N	N	N	N	N	N	0.0001	0.0017	0.0000	0.0065	0.0064	0.0000	0.0000	0.0000	0.0000	0.0004	0.0005	0.0000	0.0019	0.0019	0.0000	0.0000	0.0000	0.0000	6.7141	0.2728	16.1904	0.2961	0.3031	0.0021	8.7558	0.2530	16.4181	0.0000	40.3419	-0.0000	0.4249	2.0001	0.0004	33.1942	2.6029	0.0000	0.0000	0.0000	0.0000	0.0000	0.0000	0.0000	0.0000	0.0000	0.9939	0.0240	0.9699	0.0106	0.0106	0.0000	0.9833	0.0135	0.9699	0.0000	0.0000	0.0000	0.0000	0.0000	0.0000	0.0000	0.0000	0.0000	0.1480	0.0881	0.0599	0.0357	0.0349	0.0008	0.1123	0.0532	0.0591
41	121	0.0851	3	2	0	1	0	1	0	1	0	1	0	1	0	0	0	0	0	0	0	Y	N	N	N	N	N	N	N	N	N	N	N	N	N	N	N	N	N	0.0000	0.0000	0.0000	0.0000	0.0000	0.0000	0.0000	0.0000	0.0000	0.0000	0.0000	0.0000	0.0000	0.0000	0.0000	0.0000	0.0000	0.0000	0.7057	0.6862	0.7274	0.6749	0.9473	0.0003	0.7372	0.1208	1.0506		0.9513	0.0000	-0.0050	2.0001	0.0000	33.1942	1.2022	0.0000	0.0000	0.0000	0.0000	0.0000	0.0000	0.0000	0.0000	0.0000	0.0821	0.0421	0.0400	0.0397	0.0397	0.0000	0.0424	0.0023	0.0400	0.0000	0.0000	0.0000	0.0000	0.0000	0.0000	0.0000	0.0000	0.0000	0.1163	0.0613	0.0550	0.0589	0.0419	0.0169	0.0575	0.0194	0.0381
41	122	0.0638	2	2	0	1	0	2	0	1	0	1	0	1	0	0	0	0	0	0	0	Y	N	N	N	N	N	N	N	N	N	N	N	N	N	N	N	N	N	0.0006	0.0000	0.0022	0.0000	0.0000	0.0000	0.0007	0.0000	0.0022	0.0011	0.0000	0.0067	0.0000	0.0000	0.0000	0.0014	0.0000	0.0067	1.7477	0.5997	2.9640	0.9959	1.0439	0.0006	2.0816	0.0099	3.0529	inf	4.6654	0.0000	0.4384	2.0001	0.0041	33.1942	12.5856	0.0000	0.0000	0.0000	0.0000	0.0000	0.0000	0.0000	0.0000	0.0000	1.5929	0.2812	1.3117	0.2792	0.2792	0.0000	1.3137	0.0020	1.3117	0.0001	0.0001	0.0000	0.0000	0.0000	0.0000	0.0001	0.0001	0.0000	0.9114	0.4689	0.4426	0.2803	0.2674	0.0129	0.6311	0.2014	0.4297
42	43	0.0626	6	2	0	1	0	0	0	1	0	0	1	0	1	0	0	0	0	0	0	Y	N	N	N	N	N	N	N	N	N	N	N	N	N	N	N	N	N	0.0000	0.0000	0.0000	0.0000	0.0000	0.0000	0.0000	0.0000	0.0000	0.0000	0.0000	0.0000	0.0000	0.0000	0.0000	0.0000	0.0000	0.0000	0.0000	0.0000	0.0000	0.0000	0.0000	0.0000	0.0000	0.0000	0.0000			0.0000	0.0000	0.0000	1.0006	0.0011	5.8160	0.0000	0.0000	0.0000	0.0000	0.0000	0.0000	0.0000	0.0000	0.0000	0.0000	0.0000	0.0000	0.0000	0.0000	0.0000	0.0000	0.0000	0.0000	0.0000	0.0000	0.0000	0.0000	0.0000	0.0000	0.0000	0.0000	0.0000	0.0000	0.0000	0.0000	0.0000	0.0000	0.0000	0.0000	0.0000	0.0000
42	44	0.1269	20	2	0	0	1	0	0	0	0	0	1	1	2	0	0	0	0	0	0	Y	N	N	N	N	Y	N	N	N	N	N	N	N	N	N	N	N	N	0.0000	0.0000	0.0000	0.0000	0.0000	0.0000	0.0000	0.0000	0.0000	0.0000	0.0000	0.0000	0.0000	0.0000	0.0000	0.0000	0.0000	0.0000	0.0000	0.0000	0.0000	0.0000	0.0000	0.0000	0.0000	0.0000	0.0000			0.0000	0.0000	0.0000	7.0030	0.0011	25.8862	0.0000	0.0000	0.0000	0.0000	0.0000	0.0000	0.0000	0.0000	0.0000	0.0000	0.0000	0.0000	0.0000	0.0000	0.0000	0.0000	0.0000	0.0000	0.0000	0.0000	0.0000	0.0000	0.0000	0.0000	0.0000	0.0000	0.0000	0.0001	0.0001	0.0000	0.0000	0.0000	0.0000	0.0001	0.0000	0.0000
42	45	0.0542	6	2	0	1	0	1	0	1	0	0	1	0	1	0	0	0	0	0	0	Y	N	N	N	N	N	N	N	N	N	N	N	N	N	N	N	N	N	0.0000	0.0000	0.0000	0.0000	0.0000	0.0000	0.0000	0.0000	0.0000	0.0000	0.0000	0.0000	0.0000	0.0000	0.0000	0.0000	0.0000	0.0000	0.0000	0.0000	0.0000	0.0000	0.0000	0.0000	0.0000	0.0000	0.0000			0.0000	0.0000	0.0000	1.9929	0.0011	12.8604	0.0000	0.0000	0.0000	0.0000	0.0000	0.0000	0.0000	0.0000	0.0000	0.0000	0.0000	0.0000	0.0000	0.0000	0.0000	0.0000	0.0000	0.0000	0.0000	0.0000	0.0000	0.0000	0.0000	0.0000	0.0000	0.0000	0.0000	0.0001	0.0000	0.0000	0.0000	0.0000	0.0000	0.0000	0.0000	0.0000
42	48	0.1269	20	2	0	0	1	0	0	0	0	0	1	1	2	0	0	0	0	0	0	Y	N	N	N	N	Y	N	N	N	N	N	N	N	N	N	N	N	N	0.0000	0.0000	0.0000	0.0000	0.0000	0.0000	0.0000	0.0000	0.0000	0.0000	0.0000	0.0000	0.0000	0.0000	0.0000	0.0000	0.0000	0.0000	0.0000	0.0000	0.0000	0.0000	0.0000	0.0000	0.0000	0.0000	0.0000			0.0000	0.0000	0.0000	1.7572	0.0011	7.6758	0.0000	0.0000	0.0000	0.0000	0.0000	0.0000	0.0000	0.0000	0.0000	0.0000	0.0000	0.0000	0.0000	0.0000	0.0000	0.0000	0.0000	0.0000	0.0000	0.0000	0.0000	0.0000	0.0000	0.0000	0.0000	0.0000	0.0000	0.0000	0.0000	0.0000	0.0000	0.0000	0.0000	0.0000	0.0000	0.0000
42	49	0.1180	19	2	0	0	1	0	0	0	1	0	1	1	2	0	0	0	0	0	0	Y	N	N	N	N	Y	N	N	N	N	N	N	N	N	N	N	N	N	0.0000	0.0000	0.0000	0.0000	0.0000	0.0000	0.0000	0.0000	0.0000	0.0000	0.0000	0.0000	0.0000	0.0000	0.0000	0.0000	0.0000	0.0000	0.0000	0.0000	0.0000	0.0000	0.0000	0.0000	0.0000	0.0000	0.0000			0.0000	0.0000	0.0000	1.2605	0.0011	5.3560	0.0000	0.0000	0.0000	0.0000	0.0000	0.0000	0.0000	0.0000	0.0000	0.0000	0.0000	0.0000	0.0000	0.0000	0.0000	0.0000	0.0000	0.0000	0.0000	0.0000	0.0000	0.0000	0.0000	0.0000	0.0000	0.0000	0.0000	0.0000	0.0000	0.0000	0.0000	0.0000	0.0000	0.0000	0.0000	0.0000
42	50	0.1180	19	2	0	0	0	0	0	0	0	0	1	1	2	0	0	0	0	0	0	Y	N	N	N	N	Y	N	N	N	N	N	N	N	N	N	N	N	N	0.0000	0.0000	0.0000	0.0000	0.0000	0.0000	0.0000	0.0000	0.0000	0.0000	0.0000	0.0000	0.0000	0.0000	0.0000	0.0000	0.0000	0.0000	0.0000	0.0000	0.0000	0.0000	0.0000	0.0000	0.0000	0.0000	0.0000			0.0000	0.0000	0.0000	1.0001	0.0011	7.4568	0.0000	0.0000	0.0000	0.0000	0.0000	0.0000	0.0000	0.0000	0.0000	0.0000	0.0000	0.0000	0.0000	0.0000	0.0000	0.0000	0.0000	0.0000	0.0000	0.0000	0.0000	0.0000	0.0000	0.0000	0.0000	0.0000	0.0000	0.0000	0.0000	0.0000	0.0000	0.0000	0.0000	0.0000	0.0000	0.0000
42	51	0.1134	18	2	0	0	0	0	0	0	0	0	2	1	2	0	0	0	0	0	0	Y	N	N	N	N	Y	N	N	N	N	N	N	N	N	N	N	N	N	0.0000	0.0000	0.0000	0.0000	0.0000	0.0000	0.0000	0.0000	0.0000	0.0000	0.0000	0.0000	0.0000	0.0000	0.0000	0.0000	0.0000	0.0000	0.0000	0.0000	0.0000	0.0000	0.0000	0.0000	0.0000	0.0000	0.0000			0.0000	0.0000	0.0000	0.0061	0.0011	2.7591	0.0000	0.0000	0.0000	0.0000	0.0000	0.0000	0.0000	0.0000	0.0000	0.0000	0.0000	0.0000	0.0000	0.0000	0.0000	0.0000	0.0000	0.0000	0.0000	0.0000	0.0000	0.0000	0.0000	0.0000	0.0000	0.0000	0.0000	0.0000	0.0000	0.0000	0.0000	0.0000	0.0000	0.0000	0.0000	0.0000
42	52	0.0626	6	2	0	0	0	0	0	0	0	0	2	0	2	0	0	0	0	0	0	Y	N	N	N	N	Y	N	N	N	N	N	N	N	N	N	N	N	N	0.0000	0.0000	0.0000	0.0000	0.0000	0.0000	0.0000	0.0000	0.0000	0.0000	0.0000	0.0000	0.0000	0.0000	0.0000	0.0000	0.0000	0.0000	0.0000	0.0000	0.0000	0.0000	0.0000	0.0000	0.0000	0.0000	0.0000			0.0000	0.0000	0.0000	1.0020	0.0011	7.2599	0.0000	0.0000	0.0000	0.0000	0.0000	0.0000	0.0000	0.0000	0.0000	0.0000	0.0000	0.0000	0.0000	0.0000	0.0000	0.0000	0.0000	0.0000	0.0000	0.0000	0.0000	0.0000	0.0000	0.0000	0.0000	0.0000	0.0000	0.0000	0.0000	0.0000	0.0000	0.0000	0.0000	0.0000	0.0000	0.0000
42	53	0.0429	5	2	0	0	0	1	0	0	0	0	1	0	1	0	0	0	0	0	0	Y	N	N	N	N	N	N	N	N	N	N	N	N	N	N	N	N	N	0.0000	0.0000	0.0000	0.0000	0.0000	0.0000	0.0000	0.0000	0.0000	0.0000	0.0000	0.0000	0.0000	0.0000	0.0000	0.0000	0.0000	0.0000	0.0000	0.0000	0.0000	0.0000	0.0000	0.0000	0.0000	0.0000	0.0000			0.0000	0.0000	0.0000	3.0050	0.0011	8.3063	0.0000	0.0000	0.0000	0.0000	0.0000	0.0000	0.0000	0.0000	0.0000	0.0000	0.0000	0.0000	0.0000	0.0000	0.0000	0.0000	0.0000	0.0000	0.0000	0.0000	0.0000	0.0000	0.0000	0.0000	0.0000	0.0000	0.0000	0.0000	0.0000	0.0000	0.0000	0.0000	0.0000	0.0000	0.0000	0.0000
42	57	0.1507	21	2	0	1	1	0	0	0	1	0	1	1	2	0	0	0	0	0	0	Y	N	N	N	N	Y	N	N	N	N	N	N	N	N	N	N	N	N	0.0000	0.0000	0.0000	0.0000	0.0000	0.0000	0.0000	0.0000	0.0000	0.0000	0.0000	0.0000	0.0000	0.0000	0.0000	0.0000	0.0000	0.0000	0.0000	0.0000	0.0000	0.0000	0.0000	0.0000	0.0000	0.0000	0.0000			0.0000	0.0000	0.0000	0.0000	0.0011	0.0000	0.0000	0.0000	0.0000	0.0000	0.0000	0.0000	0.0000	0.0000	0.0000	0.0000	0.0000	0.0000	0.0000	0.0000	0.0000	0.0000	0.0000	0.0000	0.0000	0.0000	0.0000	0.0000	0.0000	0.0000	0.0000	0.0000	0.0000	0.0000	0.0000	0.0000	0.0000	0.0000	0.0000	0.0000	0.0000	0.0000
42	58	0.1507	21	2	0	1	0	0	0	0	0	0	1	1	2	0	0	0	0	0	0	Y	N	N	N	N	Y	N	N	N	N	N	N	N	N	N	N	N	N	0.0000	0.0000	0.0000	0.0000	0.0000	0.0000	0.0000	0.0000	0.0000	0.0000	0.0000	0.0000	0.0000	0.0000	0.0000	0.0000	0.0000	0.0000	0.0000	0.0000	0.0000	0.0000	0.0000	0.0000	0.0000	0.0000	0.0000			0.0000	0.0000	0.0000	0.0000	0.0011	0.0000	0.0000	0.0000	0.0000	0.0000	0.0000	0.0000	0.0000	0.0000	0.0000	0.0000	0.0000	0.0000	0.0000	0.0000	0.0000	0.0000	0.0000	0.0000	0.0000	0.0000	0.0000	0.0000	0.0000	0.0000	0.0000	0.0000	0.0000	0.0000	0.0000	0.0000	0.0000	0.0000	0.0000	0.0000	0.0000	0.0000
42	59	0.1459	20	2	0	1	0	0	0	1	0	0	1	1	2	0	0	0	0	0	0	Y	N	N	N	N	Y	N	N	N	N	N	N	N	N	N	N	N	N	0.0000	0.0000	0.0000	0.0000	0.0000	0.0000	0.0000	0.0000	0.0000	0.0000	0.0000	0.0000	0.0000	0.0000	0.0000	0.0000	0.0000	0.0000	0.0000	0.0000	0.0000	0.0000	0.0000	0.0000	0.0000	0.0000	0.0000			0.0000	0.0000	0.0000	0.0001	0.0011	3.0507	0.0000	0.0000	0.0000	0.0000	0.0000	0.0000	0.0000	0.0000	0.0000	0.0000	0.0000	0.0000	0.0000	0.0000	0.0000	0.0000	0.0000	0.0000	0.0000	0.0000	0.0000	0.0000	0.0000	0.0000	0.0000	0.0000	0.0000	0.0000	0.0000	0.0000	0.0000	0.0000	0.0000	0.0000	0.0000	0.0000
42	60	0.0958	11	2	0	1	0	0	0	0	0	0	1	1	1	0	0	0	0	0	0	Y	N	N	N	N	N	N	N	N	N	N	N	N	N	N	N	N	N	0.0000	0.0000	0.0000	0.0000	0.0000	0.0000	0.0000	0.0000	0.0000	0.0000	0.0000	0.0000	0.0000	0.0000	0.0000	0.0000	0.0000	0.0000	0.0000	0.0000	0.0000	0.0000	0.0000	0.0000	0.0000	0.0000	0.0000			0.0000	0.0000	0.0000	0.0010	0.0011	5.0218	0.0000	0.0000	0.0000	0.0000	0.0000	0.0000	0.0000	0.0000	0.0000	0.0000	0.0000	0.0000	0.0000	0.0000	0.0000	0.0000	0.0000	0.0000	0.0000	0.0000	0.0000	0.0000	0.0000	0.0000	0.0000	0.0000	0.0000	0.0000	0.0000	0.0000	0.0000	0.0000	0.0000	0.0000	0.0000	0.0000
42	67	0.1307	23	2	0	1	0	0	0	0	0	0	2	0	2	0	0	0	0	0	0	Y	N	N	N	N	Y	N	N	N	N	N	N	N	N	N	N	N	N	0.0000	0.0000	0.0000	0.0000	0.0000	0.0000	0.0000	0.0000	0.0000	0.0000	0.0000	0.0000	0.0000	0.0000	0.0000	0.0000	0.0000	0.0000	0.0000	0.0000	0.0000	0.0000	0.0000	0.0000	0.0000	0.0000	0.0000			0.0000	0.0000	0.0000	0.0010	0.0011	8.0699	0.0000	0.0000	0.0000	0.0000	0.0000	0.0000	0.0000	0.0000	0.0000	0.0000	0.0000	0.0000	0.0000	0.0000	0.0000	0.0000	0.0000	0.0000	0.0000	0.0000	0.0000	0.0000	0.0000	0.0000	0.0000	0.0000	0.0000	0.0000	0.0000	0.0000	0.0000	0.0000	0.0000	0.0000	0.0000	0.0000
42	68	0.1209	22	2	0	1	0	0	0	0	0	0	1	0	1	0	0	0	0	0	0	Y	N	N	N	N	N	N	N	N	N	N	N	N	N	N	N	N	N	0.0000	0.0000	0.0000	0.0000	0.0000	0.0000	0.0000	0.0000	0.0000	0.0000	0.0000	0.0000	0.0000	0.0000	0.0000	0.0000	0.0000	0.0000	0.0000	0.0000	0.0000	0.0000	0.0000	0.0000	0.0000	0.0000	0.0000			0.0000	0.0000	0.0000	0.0010	0.0011	6.0584	0.0000	0.0000	0.0000	0.0000	0.0000	0.0000	0.0000	0.0000	0.0000	0.0000	0.0000	0.0000	0.0000	0.0000	0.0000	0.0000	0.0000	0.0000	0.0000	0.0000	0.0000	0.0000	0.0000	0.0000	0.0000	0.0000	0.0000	0.0000	0.0000	0.0000	0.0000	0.0000	0.0000	0.0000	0.0000	0.0000
42	69	0.1196	21	2	0	1	0	0	0	0	0	0	1	0	1	0	0	0	0	0	0	Y	N	N	N	N	N	N	N	N	N	N	N	N	N	N	N	N	N	0.0000	0.0000	0.0000	0.0000	0.0000	0.0000	0.0000	0.0000	0.0000	0.0000	0.0000	0.0000	0.0000	0.0000	0.0000	0.0000	0.0000	0.0000	0.0000	0.0000	0.0000	0.0000	0.0000	0.0000	0.0000	0.0000	0.0000			0.0000	0.0000	0.0000	0.0006	0.0011	0.9765	0.0000	0.0000	0.0000	0.0000	0.0000	0.0000	0.0000	0.0000	0.0000	0.0000	0.0000	0.0000	0.0000	0.0000	0.0000	0.0000	0.0000	0.0000	0.0000	0.0000	0.0000	0.0000	0.0000	0.0000	0.0000	0.0000	0.0000	0.0000	0.0000	0.0000	0.0000	0.0000	0.0000	0.0000	0.0000	0.0000
42	70	0.1206	19	2	0	0	0	0	0	0	0	0	2	1	2	0	0	0	0	0	0	Y	N	N	N	N	Y	N	N	N	N	N	N	N	N	N	N	N	N	0.0000	0.0000	0.0000	0.0000	0.0000	0.0000	0.0000	0.0000	0.0000	0.0000	0.0000	0.0000	0.0000	0.0000	0.0000	0.0000	0.0000	0.0000	0.0000	0.0000	0.0000	0.0000	0.0000	0.0000	0.0000	0.0000	0.0000			0.0000	0.0000	0.0000	2.3581	0.0011	7.4584	0.0000	0.0000	0.0000	0.0000	0.0000	0.0000	0.0000	0.0000	0.0000	0.0000	0.0000	0.0000	0.0000	0.0000	0.0000	0.0000	0.0000	0.0000	0.0000	0.0000	0.0000	0.0000	0.0000	0.0000	0.0000	0.0000	0.0000	0.0000	0.0000	0.0000	0.0000	0.0000	0.0000	0.0000	0.0000	0.0000
42	71	0.1134	18	2	0	0	0	0	0	0	0	0	1	1	1	0	0	0	0	0	0	Y	N	N	N	N	N	N	N	N	N	N	N	N	N	N	N	N	N	0.0000	0.0000	0.0000	0.0000	0.0000	0.0000	0.0000	0.0000	0.0000	0.0000	0.0000	0.0000	0.0000	0.0000	0.0000	0.0000	0.0000	0.0000	0.0000	0.0000	0.0000	0.0000	0.0000	0.0000	0.0000	0.0000	0.0000			0.0000	0.0000	0.0000	1.7590	0.0011	3.5356	0.0000	0.0000	0.0000	0.0000	0.0000	0.0000	0.0000	0.0000	0.0000	0.0000	0.0000	0.0000	0.0000	0.0000	0.0000	0.0000	0.0000	0.0000	0.0000	0.0000	0.0000	0.0000	0.0000	0.0000	0.0000	0.0000	0.0000	0.0000	0.0000	0.0000	0.0000	0.0000	0.0000	0.0000	0.0000	0.0000
42	72	0.1101	17	2	0	0	0	0	0	0	0	1	1	1	1	0	0	0	0	0	0	Y	N	N	N	N	N	N	N	N	N	N	N	N	N	N	N	N	N	0.0000	0.0000	0.0000	0.0000	0.0000	0.0000	0.0000	0.0000	0.0000	0.0000	0.0000	0.0000	0.0000	0.0000	0.0000	0.0000	0.0000	0.0000	0.0000	0.0000	0.0000	0.0000	0.0000	0.0000	0.0000	0.0000	0.0000			0.0000	0.0000	0.0000	0.0029	0.0011	2.4186	0.0000	0.0000	0.0000	0.0000	0.0000	0.0000	0.0000	0.0000	0.0000	0.0000	0.0000	0.0000	0.0000	0.0000	0.0000	0.0000	0.0000	0.0000	0.0000	0.0000	0.0000	0.0000	0.0000	0.0000	0.0000	0.0000	0.0000	0.0000	0.0000	0.0000	0.0000	0.0000	0.0000	0.0000	0.0000	0.0000
42	73	0.1159	15	2	0	1	0	0	0	0	0	0	1	1	1	0	0	0	0	0	0	Y	N	N	N	N	N	N	N	N	N	N	N	N	N	N	N	N	N	0.0000	0.0000	0.0000	0.0000	0.0000	0.0000	0.0000	0.0000	0.0000	0.0000	0.0000	0.0000	0.0000	0.0000	0.0000	0.0000	0.0000	0.0000	0.0000	0.0000	0.0000	0.0000	0.0000	0.0000	0.0000	0.0000	0.0000			0.0000	0.0000	0.0000	1.6760	0.0011	12.1347	0.0000	0.0000	0.0000	0.0000	0.0000	0.0000	0.0000	0.0000	0.0000	0.0000	0.0000	0.0000	0.0000	0.0000	0.0000	0.0000	0.0000	0.0000	0.0000	0.0000	0.0000	0.0000	0.0000	0.0000	0.0000	0.0000	0.0000	0.0000	0.0000	0.0000	0.0000	0.0000	0.0000	0.0000	0.0000	0.0000
42	74	0.0861	14	2	0	1	0	1	0	1	0	1	1	1	1	0	0	0	0	0	0	Y	N	N	N	N	N	N	N	N	N	N	N	N	N	N	N	N	N	0.0000	0.0000	0.0000	0.0000	0.0000	0.0000	0.0000	0.0000	0.0000	0.0000	0.0000	0.0000	0.0000	0.0000	0.0000	0.0000	0.0000	0.0000	0.0000	0.0000	0.0000	0.0000	0.0000	0.0000	0.0000	0.0000	0.0000			0.0000	0.0000	0.0000	2.9965	0.0011	14.7438	0.0000	0.0000	0.0000	0.0000	0.0000	0.0000	0.0000	0.0000	0.0000	0.0000	0.0000	0.0000	0.0000	0.0000	0.0000	0.0000	0.0000	0.0000	0.0000	0.0000	0.0000	0.0000	0.0000	0.0000	0.0000	0.0000	0.0000	0.0001	0.0000	0.0000	0.0000	0.0000	0.0000	0.0000	0.0000	0.0000
42	75	0.1196	21	2	0	1	0	0	0	0	0	0	1	0	1	0	0	0	0	0	0	Y	N	N	N	N	N	N	N	N	N	N	N	N	N	N	N	N	N	0.0000	0.0000	0.0000	0.0000	0.0000	0.0000	0.0000	0.0000	0.0000	0.0000	0.0000	0.0000	0.0000	0.0000	0.0000	0.0000	0.0000	0.0000	0.0000	0.0000	0.0000	0.0000	0.0000	0.0000	0.0000	0.0000	0.0000			0.0000	0.0000	0.0000	1.0006	0.0011	8.0096	0.0000	0.0000	0.0000	0.0000	0.0000	0.0000	0.0000	0.0000	0.0000	0.0000	0.0000	0.0000	0.0000	0.0000	0.0000	0.0000	0.0000	0.0000	0.0000	0.0000	0.0000	0.0000	0.0000	0.0000	0.0000	0.0000	0.0000	0.0000	0.0000	0.0000	0.0000	0.0000	0.0000	0.0000	0.0000	0.0000
42	76	0.1173	20	2	0	1	0	0	0	0	0	0	1	0	1	0	0	0	0	0	0	Y	N	N	N	N	N	N	N	N	N	N	N	N	N	N	N	N	N	0.0000	0.0000	0.0000	0.0000	0.0000	0.0000	0.0000	0.0000	0.0000	0.0000	0.0000	0.0000	0.0000	0.0000	0.0000	0.0000	0.0000	0.0000	0.0000	0.0000	0.0000	0.0000	0.0000	0.0000	0.0000	0.0000	0.0000			0.0000	0.0000	0.0000	0.9962	0.0011	0.5464	0.0000	0.0000	0.0000	0.0000	0.0000	0.0000	0.0000	0.0000	0.0000	0.0000	0.0000	0.0000	0.0000	0.0000	0.0000	0.0000	0.0000	0.0000	0.0000	0.0000	0.0000	0.0000	0.0000	0.0000	0.0000	0.0000	0.0000	0.0000	0.0000	0.0000	0.0000	0.0000	0.0000	0.0000	0.0000	0.0000
42	77	0.1109	19	2	0	1	0	0	0	0	0	0	1	0	1	0	0	0	0	0	0	Y	N	N	N	N	N	N	N	N	N	N	N	N	N	N	N	N	N	0.0000	0.0000	0.0000	0.0000	0.0000	0.0000	0.0000	0.0000	0.0000	0.0000	0.0000	0.0000	0.0000	0.0000	0.0000	0.0000	0.0000	0.0000	0.0000	0.0000	0.0000	0.0000	0.0000	0.0000	0.0000	0.0000	0.0000			0.0000	0.0000	0.0000	0.0041	0.0011	4.4918	0.0000	0.0000	0.0000	0.0000	0.0000	0.0000	0.0000	0.0000	0.0000	0.0000	0.0000	0.0000	0.0000	0.0000	0.0000	0.0000	0.0000	0.0000	0.0000	0.0000	0.0000	0.0000	0.0000	0.0000	0.0000	0.0000	0.0000	0.0000	0.0000	0.0000	0.0000	0.0000	0.0000	0.0000	0.0000	0.0000
42	78	0.0246	2	2	0	0	0	0	0	0	0	0	2	0	2	0	0	0	0	0	0	Y	N	N	N	N	Y	N	N	N	N	N	N	N	N	N	N	N	N	0.0000	0.0000	0.0000	0.0000	0.0000	0.0000	0.0000	0.0000	0.0000	0.0000	0.0000	0.0000	0.0000	0.0000	0.0000	0.0000	0.0000	0.0000	15.7612	24.2251	0.0000	38.3953	38.4990	0.0000	0.0000	0.0000	0.0000		0.0000	0.0000	-0.0006	0.0000	0.0166	0.0011	12.2009	0.0000	0.0000	0.0000	0.0000	0.0000	0.0000	0.0000	0.0000	0.0000	0.0011	0.0011	0.0000	0.0011	0.0011	0.0000	0.0000	0.0000	0.0000	0.0000	0.0000	0.0000	0.0000	0.0000	0.0000	0.0000	0.0000	0.0000	0.0001	0.0000	0.0000	0.0000	0.0000	0.0000	0.0000	0.0000	0.0000
42	82	0.1109	19	2	0	1	0	0	0	0	0	1	1	1	1	0	0	0	0	0	0	Y	N	N	N	N	N	N	N	N	N	N	N	N	N	N	N	N	N	0.0000	0.0000	0.0000	0.0000	0.0000	0.0000	0.0000	0.0000	0.0000	0.0000	0.0000	0.0000	0.0000	0.0000	0.0000	0.0000	0.0000	0.0000	0.0000	0.0000	0.0000	0.0000	0.0000	0.0000	0.0000	0.0000	0.0000			0.0000	0.0000	0.0000	1.9997	0.0011	10.5319	0.0000	0.0000	0.0000	0.0000	0.0000	0.0000	0.0000	0.0000	0.0000	0.0000	0.0000	0.0000	0.0000	0.0000	0.0000	0.0000	0.0000	0.0000	0.0000	0.0000	0.0000	0.0000	0.0000	0.0000	0.0000	0.0000	0.0000	0.0000	0.0000	0.0000	0.0000	0.0000	0.0000	0.0000	0.0000	0.0000
42	83	0.1085	18	2	0	1	0	0	0	1	0	0	1	0	1	0	0	0	0	0	0	Y	N	N	N	N	N	N	N	N	N	N	N	N	N	N	N	N	N	0.0000	0.0000	0.0000	0.0000	0.0000	0.0000	0.0000	0.0000	0.0000	0.0000	0.0000	0.0000	0.0000	0.0000	0.0000	0.0000	0.0000	0.0000	0.0000	0.0000	0.0000	0.0000	0.0000	0.0000	0.0000	0.0000	0.0000			0.0000	0.0000	0.0000	0.0006	0.0011	1.5062	0.0000	0.0000	0.0000	0.0000	0.0000	0.0000	0.0000	0.0000	0.0000	0.0000	0.0000	0.0000	0.0000	0.0000	0.0000	0.0000	0.0000	0.0000	0.0000	0.0000	0.0000	0.0000	0.0000	0.0000	0.0000	0.0000	0.0000	0.0000	0.0000	0.0000	0.0000	0.0000	0.0000	0.0000	0.0000	0.0000
42	84	0.0832	14	2	0	0	0	0	0	0	0	0	1	0	1	0	0	0	0	0	0	Y	N	N	N	N	N	N	N	N	N	N	N	N	N	N	N	N	N	0.0000	0.0000	0.0000	0.0000	0.0000	0.0000	0.0000	0.0000	0.0000	0.0000	0.0000	0.0000	0.0000	0.0000	0.0000	0.0000	0.0000	0.0000	0.0000	0.0000	0.0000	0.0000	0.0000	0.0000	0.0000	0.0000	0.0000			0.0000	0.0000	0.0000	2.9998	0.0011	15.4389	0.0000	0.0000	0.0000	0.0000	0.0000	0.0000	0.0000	0.0000	0.0000	0.0000	0.0000	0.0000	0.0000	0.0000	0.0000	0.0000	0.0000	0.0000	0.0000	0.0000	0.0000	0.0000	0.0000	0.0000	0.0000	0.0000	0.0000	0.0001	0.0000	0.0000	0.0000	0.0000	0.0000	0.0000	0.0000	0.0000
42	87	0.1389	21	2	0	1	0	0	0	1	0	0	1	1	2	0	0	0	0	0	0	Y	N	N	N	N	Y	N	N	N	N	N	N	N	N	N	N	N	N	0.0000	0.0000	0.0000	0.0000	0.0000	0.0000	0.0000	0.0000	0.0000	0.0000	0.0000	0.0000	0.0000	0.0000	0.0000	0.0000	0.0000	0.0000	0.0000	0.0000	0.0000	0.0000	0.0000	0.0000	0.0000	0.0000	0.0000			0.0000	0.0000	0.0000	0.0022	0.0011	6.6376	0.0000	0.0000	0.0000	0.0000	0.0000	0.0000	0.0000	0.0000	0.0000	0.0000	0.0000	0.0000	0.0000	0.0000	0.0000	0.0000	0.0000	0.0000	0.0000	0.0000	0.0000	0.0000	0.0000	0.0000	0.0000	0.0000	0.0000	0.0000	0.0000	0.0000	0.0000	0.0000	0.0000	0.0000	0.0000	0.0000
42	88	0.1244	20	2	0	0	0	0	0	0	0	0	1	1	2	0	0	0	0	0	0	Y	N	N	N	N	Y	N	N	N	N	N	N	N	N	N	N	N	N	0.0000	0.0000	0.0000	0.0000	0.0000	0.0000	0.0000	0.0000	0.0000	0.0000	0.0000	0.0000	0.0000	0.0000	0.0000	0.0000	0.0000	0.0000	0.0000	0.0000	0.0000	0.0000	0.0000	0.0000	0.0000	0.0000	0.0000			0.0000	0.0000	0.0000	1.0173	0.0011	8.6136	0.0000	0.0000	0.0000	0.0000	0.0000	0.0000	0.0000	0.0000	0.0000	0.0000	0.0000	0.0000	0.0000	0.0000	0.0000	0.0000	0.0000	0.0000	0.0000	0.0000	0.0000	0.0000	0.0000	0.0000	0.0000	0.0000	0.0000	0.0000	0.0000	0.0000	0.0000	0.0000	0.0000	0.0000	0.0000	0.0000
42	89	0.0880	15	2	0	1	0	0	0	1	0	0	1	0	1	0	0	0	0	0	0	Y	N	N	N	N	N	N	N	N	N	N	N	N	N	N	N	N	N	0.0000	0.0000	0.0000	0.0000	0.0000	0.0000	0.0000	0.0000	0.0000	0.0000	0.0000	0.0000	0.0000	0.0000	0.0000	0.0000	0.0000	0.0000	0.0000	0.0000	0.0000	0.0000	0.0000	0.0000	0.0000	0.0000	0.0000			0.0000	0.0000	0.0000	2.9990	0.0011	17.4729	0.0000	0.0000	0.0000	0.0000	0.0000	0.0000	0.0000	0.0000	0.0000	0.0000	0.0000	0.0000	0.0000	0.0000	0.0000	0.0000	0.0000	0.0000	0.0000	0.0000	0.0000	0.0000	0.0000	0.0000	0.0000	0.0000	0.0000	0.0001	0.0001	0.0000	0.0000	0.0000	0.0000	0.0000	0.0000	0.0000
42	90	0.1244	20	2	0	0	0	0	0	0	0	0	1	1	2	0	0	0	0	0	0	Y	N	N	N	N	Y	N	N	N	N	N	N	N	N	N	N	N	N	0.0000	0.0000	0.0000	0.0000	0.0000	0.0000	0.0000	0.0000	0.0000	0.0000	0.0000	0.0000	0.0000	0.0000	0.0000	0.0000	0.0000	0.0000	0.0000	0.0000	0.0000	0.0000	0.0000	0.0000	0.0000	0.0000	0.0000			0.0000	0.0000	0.0000	2.0138	0.0011	11.8132	0.0000	0.0000	0.0000	0.0000	0.0000	0.0000	0.0000	0.0000	0.0000	0.0000	0.0000	0.0000	0.0000	0.0000	0.0000	0.0000	0.0000	0.0000	0.0000	0.0000	0.0000	0.0000	0.0000	0.0000	0.0000	0.0000	0.0000	0.0000	0.0000	0.0000	0.0000	0.0000	0.0000	0.0000	0.0000	0.0000
42	91	0.1159	19	2	0	0	0	0	0	0	0	1	2	1	2	0	0	0	0	0	0	Y	N	N	N	N	Y	N	N	N	N	N	N	N	N	N	N	N	N	0.0000	0.0000	0.0000	0.0000	0.0000	0.0000	0.0000	0.0000	0.0000	0.0000	0.0000	0.0000	0.0000	0.0000	0.0000	0.0000	0.0000	0.0000	0.0000	0.0000	0.0000	0.0000	0.0000	0.0000	0.0000	0.0000	0.0000			0.0000	0.0000	0.0000	1.9725	0.0011	4.2763	0.0000	0.0000	0.0000	0.0000	0.0000	0.0000	0.0000	0.0000	0.0000	0.0000	0.0000	0.0000	0.0000	0.0000	0.0000	0.0000	0.0000	0.0000	0.0000	0.0000	0.0000	0.0000	0.0000	0.0000	0.0000	0.0000	0.0000	0.0000	0.0000	0.0000	0.0000	0.0000	0.0000	0.0000	0.0000	0.0000
42	92	0.0872	14	2	0	1	0	1	0	1	0	0	1	0	1	0	0	0	0	0	0	Y	N	N	N	N	N	N	N	N	N	N	N	N	N	N	N	N	N	0.0000	0.0000	0.0000	0.0000	0.0000	0.0000	0.0000	0.0000	0.0000	0.0000	0.0000	0.0000	0.0000	0.0000	0.0000	0.0000	0.0000	0.0000	7.5943	9.8955	0.0000	19.3563	19.7318	0.0000	0.0000	0.0000	0.0000		0.0000	0.0000	-0.0006	0.0000	5.0000	0.0011	42.2706	0.0000	0.0000	0.0000	0.0000	0.0000	0.0000	0.0000	0.0000	0.0000	0.0011	0.0011	0.0000	0.0011	0.0011	0.0000	0.0000	0.0000	0.0000	0.0000	0.0000	0.0000	0.0000	0.0000	0.0000	0.0000	0.0000	0.0000	0.0001	0.0001	0.0000	0.0001	0.0001	0.0000	0.0001	0.0001	0.0000
42	93	0.1208	16	1	0	0	0	0	0	0	0	0	1	0	2	0	0	0	0	0	0	N	N	N	N	N	Y	N	N	N	N	N	N	N	N	N	N	N	N	0.0000	0.0000	0.0000	0.0000	0.0000	0.0000	0.0000	0.0000	0.0000	0.0000	0.0000	0.0000	0.0000	0.0000	0.0000	0.0000	0.0000	0.0000	0.0000	0.0000	0.0000	0.0000	0.0000	0.0000	0.0000	0.0000	0.0000			0.0000	0.0000	0.0000	0.0000	0.0011	0.9594	0.0000	0.0000	0.0000	0.0000	0.0000	0.0000	0.0000	0.0000	0.0000	0.0000	0.0000	0.0000	0.0000	0.0000	0.0000	0.0000	0.0000	0.0000	0.0000	0.0000	0.0000	0.0000	0.0000	0.0000	0.0000	0.0000	0.0000	0.0000	0.0000	0.0000	0.0000	0.0000	0.0000	0.0000	0.0000	0.0000
42	94	0.0894	15	1	0	0	0	0	0	0	0	0	2	0	2	0	0	0	0	0	0	N	N	N	N	N	Y	N	N	N	N	N	N	N	N	N	N	N	N	0.0000	0.0000	0.0000	0.0000	0.0000	0.0000	0.0000	0.0000	0.0000	0.0000	0.0000	0.0000	0.0000	0.0000	0.0000	0.0000	0.0000	0.0000	0.0000	0.0000	0.0000	0.0000	0.0000	0.0000	0.0000	0.0000	0.0000			0.0000	0.0000	0.0000	0.0000	0.0011	18.8906	0.0000	0.0000	0.0000	0.0000	0.0000	0.0000	0.0000	0.0000	0.0000	0.0000	0.0000	0.0000	0.0000	0.0000	0.0000	0.0000	0.0000	0.0000	0.0000	0.0000	0.0000	0.0000	0.0000	0.0000	0.0000	0.0000	0.0000	0.0001	0.0000	0.0000	0.0000	0.0000	0.0000	0.0000	0.0000	0.0000
42	97	0.0923	11	2	0	1	0	0	0	1	0	0	1	0	1	0	0	0	0	0	0	Y	N	N	N	N	N	N	N	N	N	N	N	N	N	N	N	N	N	0.0000	0.0000	0.0000	0.0000	0.0000	0.0000	0.0000	0.0000	0.0000	0.0000	0.0000	0.0000	0.0000	0.0000	0.0000	0.0000	0.0000	0.0000	0.0000	0.0000	0.0000	0.0000	0.0000	0.0000	0.0000	0.0000	0.0000			0.0000	0.0000	0.0000	2.0000	0.0011	24.9502	0.0000	0.0000	0.0000	0.0000	0.0000	0.0000	0.0000	0.0000	0.0000	0.0000	0.0000	0.0000	0.0000	0.0000	0.0000	0.0000	0.0000	0.0000	0.0000	0.0000	0.0000	0.0000	0.0000	0.0000	0.0000	0.0000	0.0000	0.0001	0.0001	0.0000	0.0000	0.0000	0.0000	0.0001	0.0000	0.0000
42	98	0.1459	20	2	0	0	1	0	0	0	1	0	1	1	2	0	0	0	0	0	0	Y	N	N	N	N	Y	N	N	N	N	N	N	N	N	N	N	N	N	0.0000	0.0000	0.0000	0.0000	0.0000	0.0000	0.0000	0.0000	0.0000	0.0000	0.0000	0.0000	0.0000	0.0000	0.0000	0.0000	0.0000	0.0000	0.0000	0.0000	0.0000	0.0000	0.0000	0.0000	0.0000	0.0000	0.0000			0.0000	0.0000	0.0000	2.9999	0.0011	3.9821	0.0000	0.0000	0.0000	0.0000	0.0000	0.0000	0.0000	0.0000	0.0000	0.0000	0.0000	0.0000	0.0000	0.0000	0.0000	0.0000	0.0000	0.0000	0.0000	0.0000	0.0000	0.0000	0.0000	0.0000	0.0000	0.0000	0.0000	0.0000	0.0000	0.0000	0.0000	0.0000	0.0000	0.0000	0.0000	0.0000
42	99	0.1428	19	2	0	0	0	0	0	0	0	0	1	1	2	0	0	0	0	0	0	Y	N	N	N	N	Y	N	N	N	N	N	N	N	N	N	N	N	N	0.0000	0.0000	0.0000	0.0000	0.0000	0.0000	0.0000	0.0000	0.0000	0.0000	0.0000	0.0000	0.0000	0.0000	0.0000	0.0000	0.0000	0.0000	0.0000	0.0000	0.0000	0.0000	0.0000	0.0000	0.0000	0.0000	0.0000			0.0000	0.0000	0.0000	0.0003	0.0011	2.0601	0.0000	0.0000	0.0000	0.0000	0.0000	0.0000	0.0000	0.0000	0.0000	0.0000	0.0000	0.0000	0.0000	0.0000	0.0000	0.0000	0.0000	0.0000	0.0000	0.0000	0.0000	0.0000	0.0000	0.0000	0.0000	0.0000	0.0000	0.0000	0.0000	0.0000	0.0000	0.0000	0.0000	0.0000	0.0000	0.0000
42	100	0.1229	18	2	0	0	0	0	0	0	0	1	2	1	2	0	0	0	0	0	0	Y	N	N	N	N	Y	N	N	N	N	N	N	N	N	N	N	N	N	0.0000	0.0000	0.0000	0.0000	0.0000	0.0000	0.0000	0.0000	0.0000	0.0000	0.0000	0.0000	0.0000	0.0000	0.0000	0.0000	0.0000	0.0000	0.0000	0.0000	0.0000	0.0000	0.0000	0.0000	0.0000	0.0000	0.0000			0.0000	0.0000	0.0000	3.0014	0.0011	9.1620	0.0000	0.0000	0.0000	0.0000	0.0000	0.0000	0.0000	0.0000	0.0000	0.0000	0.0000	0.0000	0.0000	0.0000	0.0000	0.0000	0.0000	0.0000	0.0000	0.0000	0.0000	0.0000	0.0000	0.0000	0.0000	0.0000	0.0000	0.0000	0.0000	0.0000	0.0000	0.0000	0.0000	0.0000	0.0000	0.0000
42	101	0.1101	17	2	0	0	0	0	0	0	0	0	1	0	1	0	0	0	0	0	0	Y	N	N	N	N	N	N	N	N	N	N	N	N	N	N	N	N	N	0.0000	0.0000	0.0000	0.0000	0.0000	0.0000	0.0000	0.0000	0.0000	0.0000	0.0000	0.0000	0.0000	0.0000	0.0000	0.0000	0.0000	0.0000	0.0000	0.0000	0.0000	0.0000	0.0000	0.0000	0.0000	0.0000	0.0000			0.0000	0.0000	0.0000	0.0077	0.0011	8.0757	0.0000	0.0000	0.0000	0.0000	0.0000	0.0000	0.0000	0.0000	0.0000	0.0000	0.0000	0.0000	0.0000	0.0000	0.0000	0.0000	0.0000	0.0000	0.0000	0.0000	0.0000	0.0000	0.0000	0.0000	0.0000	0.0000	0.0000	0.0000	0.0000	0.0000	0.0000	0.0000	0.0000	0.0000	0.0000	0.0000
42	102	0.1084	16	2	0	0	0	0	0	0	0	0	1	0	1	0	0	0	0	0	0	Y	N	N	N	N	N	N	N	N	N	N	N	N	N	N	N	N	N	0.0000	0.0000	0.0000	0.0000	0.0000	0.0000	0.0000	0.0000	0.0000	0.0000	0.0000	0.0000	0.0000	0.0000	0.0000	0.0000	0.0000	0.0000	0.0000	0.0000	0.0000	0.0000	0.0000	0.0000	0.0000	0.0000	0.0000			0.0000	0.0000	0.0000	0.0011	0.0011	1.0060	0.0000	0.0000	0.0000	0.0000	0.0000	0.0000	0.0000	0.0000	0.0000	0.0000	0.0000	0.0000	0.0000	0.0000	0.0000	0.0000	0.0000	0.0000	0.0000	0.0000	0.0000	0.0000	0.0000	0.0000	0.0000	0.0000	0.0000	0.0000	0.0000	0.0000	0.0000	0.0000	0.0000	0.0000	0.0000	0.0000
42	106	0.0702	10	2	0	1	0	0	0	0	0	0	1	0	1	0	0	0	0	0	0	Y	N	N	N	N	N	N	N	N	N	N	N	N	N	N	N	N	N	0.0000	0.0000	0.0000	0.0000	0.0000	0.0000	0.0000	0.0000	0.0000	0.0000	0.0000	0.0000	0.0000	0.0000	0.0000	0.0000	0.0000	0.0000	0.0000	0.0000	0.0000	0.0000	0.0000	0.0000	0.0000	0.0000	0.0000			0.0000	0.0000	0.0000	4.0001	0.0011	15.3361	0.0000	0.0000	0.0000	0.0000	0.0000	0.0000	0.0000	0.0000	0.0000	0.0000	0.0000	0.0000	0.0000	0.0000	0.0000	0.0000	0.0000	0.0000	0.0000	0.0000	0.0000	0.0000	0.0000	0.0000	0.0000	0.0000	0.0000	0.0001	0.0000	0.0000	0.0000	0.0000	0.0000	0.0000	0.0000	0.0000
42	107	0.0494	6	2	0	1	0	0	0	0	0	0	1	0	1	0	0	0	0	0	0	Y	N	N	N	N	N	N	N	N	N	N	N	N	N	N	N	N	N	0.0000	0.0000	0.0000	0.0000	0.0000	0.0000	0.0000	0.0000	0.0000	0.0000	0.0000	0.0000	0.0000	0.0000	0.0000	0.0000	0.0000	0.0000	0.0471	0.0000	0.1642	0.0000	0.0000	0.0000	0.0784	0.0000	0.1670		inf	0.0000	0.0000	0.0000	1.0040	0.0011	14.1141	0.0000	0.0000	0.0000	0.0000	0.0000	0.0000	0.0000	0.0000	0.0000	0.0000	0.0000	0.0000	0.0000	0.0000	0.0000	0.0000	0.0000	0.0000	0.0000	0.0000	0.0000	0.0000	0.0000	0.0000	0.0000	0.0000	0.0000	0.0001	0.0000	0.0000	0.0000	0.0000	0.0000	0.0000	0.0000	0.0000
42	108	0.0416	5	2	0	1	0	1	0	1	0	0	1	0	1	0	0	0	0	0	0	Y	N	N	N	N	N	N	N	N	N	N	N	N	N	N	N	N	N	0.0000	0.0000	0.0000	0.0000	0.0000	0.0000	0.0000	0.0000	0.0000	0.0000	0.0000	0.0000	0.0000	0.0000	0.0000	0.0000	0.0000	0.0000	0.1715	0.2271	0.0000	0.4724	0.4772	0.0000	0.0000	0.0000	0.0000		0.0000	0.0000	-0.0000	0.0000	1.0065	0.0011	3.9764	0.0000	0.0000	0.0000	0.0000	0.0000	0.0000	0.0000	0.0000	0.0000	0.0000	0.0000	0.0000	0.0000	0.0000	0.0000	0.0000	0.0000	0.0000	0.0000	0.0000	0.0000	0.0000	0.0000	0.0000	0.0000	0.0000	0.0000	0.0000	0.0000	0.0000	0.0000	0.0000	0.0000	0.0000	0.0000	0.0000
42	112	0.1159	19	2	0	1	0	0	0	1	0	0	1	0	1	0	0	0	0	0	0	Y	N	N	N	N	N	N	N	N	N	N	N	N	N	N	N	N	N	0.0000	0.0000	0.0000	0.0000	0.0000	0.0000	0.0000	0.0000	0.0000	0.0000	0.0000	0.0000	0.0000	0.0000	0.0000	0.0000	0.0000	0.0000	0.0000	0.0000	0.0000	0.0000	0.0000	0.0000	0.0000	0.0000	0.0000			0.0000	0.0000	0.0000	3.0154	0.0011	11.4025	0.0000	0.0000	0.0000	0.0000	0.0000	0.0000	0.0000	0.0000	0.0000	0.0000	0.0000	0.0000	0.0000	0.0000	0.0000	0.0000	0.0000	0.0000	0.0000	0.0000	0.0000	0.0000	0.0000	0.0000	0.0000	0.0000	0.0000	0.0000	0.0000	0.0000	0.0000	0.0000	0.0000	0.0000	0.0000	0.0000
42	113	0.1085	18	2	0	0	0	0	0	0	0	0	1	0	1	0	0	0	0	0	0	Y	N	N	N	N	N	N	N	N	N	N	N	N	N	N	N	N	N	0.0000	0.0000	0.0000	0.0000	0.0000	0.0000	0.0000	0.0000	0.0000	0.0000	0.0000	0.0000	0.0000	0.0000	0.0000	0.0000	0.0000	0.0000	0.0000	0.0000	0.0000	0.0000	0.0000	0.0000	0.0000	0.0000	0.0000			0.0000	0.0000	0.0000	0.0182	0.0011	4.6661	0.0000	0.0000	0.0000	0.0000	0.0000	0.0000	0.0000	0.0000	0.0000	0.0000	0.0000	0.0000	0.0000	0.0000	0.0000	0.0000	0.0000	0.0000	0.0000	0.0000	0.0000	0.0000	0.0000	0.0000	0.0000	0.0000	0.0000	0.0000	0.0000	0.0000	0.0000	0.0000	0.0000	0.0000	0.0000	0.0000
42	114	0.1084	17	2	0	0	0	0	0	0	0	0	1	0	1	0	0	0	0	0	0	Y	N	N	N	N	N	N	N	N	N	N	N	N	N	N	N	N	N	0.0000	0.0000	0.0000	0.0000	0.0000	0.0000	0.0000	0.0000	0.0000	0.0000	0.0000	0.0000	0.0000	0.0000	0.0000	0.0000	0.0000	0.0000	0.0000	0.0000	0.0000	0.0000	0.0000	0.0000	0.0000	0.0000	0.0000			0.0000	0.0000	0.0000	0.0004	0.0011	0.0007	0.0000	0.0000	0.0000	0.0000	0.0000	0.0000	0.0000	0.0000	0.0000	0.0000	0.0000	0.0000	0.0000	0.0000	0.0000	0.0000	0.0000	0.0000	0.0000	0.0000	0.0000	0.0000	0.0000	0.0000	0.0000	0.0000	0.0000	0.0000	0.0000	0.0000	0.0000	0.0000	0.0000	0.0000	0.0000	0.0000
42	115	0.1084	16	2	0	0	0	0	0	0	0	0	1	0	1	0	0	0	0	0	0	Y	N	N	N	N	N	N	N	N	N	N	N	N	N	N	N	N	N	0.0000	0.0000	0.0000	0.0000	0.0000	0.0000	0.0000	0.0000	0.0000	0.0000	0.0000	0.0000	0.0000	0.0000	0.0000	0.0000	0.0000	0.0000	0.0000	0.0000	0.0000	0.0000	0.0000	0.0000	0.0000	0.0000	0.0000			0.0000	0.0000	0.0000	0.0004	0.0011	0.0002	0.0000	0.0000	0.0000	0.0000	0.0000	0.0000	0.0000	0.0000	0.0000	0.0000	0.0000	0.0000	0.0000	0.0000	0.0000	0.0000	0.0000	0.0000	0.0000	0.0000	0.0000	0.0000	0.0000	0.0000	0.0000	0.0000	0.0000	0.0000	0.0000	0.0000	0.0000	0.0000	0.0000	0.0000	0.0000	0.0000
42	116	0.0880	15	2	0	0	0	0	0	0	0	0	1	0	1	0	0	0	0	0	0	Y	N	N	N	N	N	N	N	N	N	N	N	N	N	N	N	N	N	0.0000	0.0000	0.0000	0.0000	0.0000	0.0000	0.0000	0.0000	0.0000	0.0000	0.0000	0.0000	0.0000	0.0000	0.0000	0.0000	0.0000	0.0000	0.0000	0.0000	0.0000	0.0000	0.0000	0.0000	0.0000	0.0000	0.0000			0.0000	0.0000	0.0000	0.0012	0.0011	12.6705	0.0000	0.0000	0.0000	0.0000	0.0000	0.0000	0.0000	0.0000	0.0000	0.0000	0.0000	0.0000	0.0000	0.0000	0.0000	0.0000	0.0000	0.0000	0.0000	0.0000	0.0000	0.0000	0.0000	0.0000	0.0000	0.0000	0.0000	0.0000	0.0000	0.0000	0.0000	0.0000	0.0000	0.0000	0.0000	0.0000
42	117	0.0832	14	2	0	0	0	0	0	0	0	0	1	0	1	0	0	0	0	0	0	Y	N	N	N	N	N	N	N	N	N	N	N	N	N	N	N	N	N	0.0000	0.0000	0.0000	0.0000	0.0000	0.0000	0.0000	0.0000	0.0000	0.0000	0.0000	0.0000	0.0000	0.0000	0.0000	0.0000	0.0000	0.0000	0.0000	0.0000	0.0000	0.0000	0.0000	0.0000	0.0000	0.0000	0.0000			0.0000	0.0000	0.0000	0.0012	0.0011	3.6220	0.0000	0.0000	0.0000	0.0000	0.0000	0.0000	0.0000	0.0000	0.0000	0.0000	0.0000	0.0000	0.0000	0.0000	0.0000	0.0000	0.0000	0.0000	0.0000	0.0000	0.0000	0.0000	0.0000	0.0000	0.0000	0.0000	0.0000	0.0000	0.0000	0.0000	0.0000	0.0000	0.0000	0.0000	0.0000	0.0000
42	118	0.0798	13	2	0	0	0	1	0	0	0	0	1	0	1	0	0	0	0	0	0	Y	N	N	N	N	N	N	N	N	N	N	N	N	N	N	N	N	N	0.0000	0.0000	0.0000	0.0000	0.0000	0.0000	0.0000	0.0000	0.0000	0.0000	0.0000	0.0000	0.0000	0.0000	0.0000	0.0000	0.0000	0.0000	0.0000	0.0000	0.0000	0.0000	0.0000	0.0000	0.0000	0.0000	0.0000			0.0000	0.0000	0.0000	0.0004	0.0011	2.6029	0.0000	0.0000	0.0000	0.0000	0.0000	0.0000	0.0000	0.0000	0.0000	0.0000	0.0000	0.0000	0.0000	0.0000	0.0000	0.0000	0.0000	0.0000	0.0000	0.0000	0.0000	0.0000	0.0000	0.0000	0.0000	0.0000	0.0000	0.0000	0.0000	0.0000	0.0000	0.0000	0.0000	0.0000	0.0000	0.0000
42	119	0.0961	13	2	0	1	0	0	0	0	0	0	1	0	1	0	0	0	0	0	0	Y	N	N	N	N	N	N	N	N	N	N	N	N	N	N	N	N	N	0.0000	0.0000	0.0000	0.0000	0.0000	0.0000	0.0000	0.0000	0.0000	0.0000	0.0000	0.0000	0.0000	0.0000	0.0000	0.0000	0.0000	0.0000	0.0000	0.0000	0.0000	0.0000	0.0000	0.0000	0.0000	0.0000	0.0000			0.0000	0.0000	0.0000	6.0007	0.0011	19.0307	0.0000	0.0000	0.0000	0.0000	0.0000	0.0000	0.0000	0.0000	0.0000	0.0000	0.0000	0.0000	0.0000	0.0000	0.0000	0.0000	0.0000	0.0000	0.0000	0.0000	0.0000	0.0000	0.0000	0.0000	0.0000	0.0000	0.0000	0.0001	0.0001	0.0000	0.0000	0.0000	0.0000	0.0000	0.0000	0.0000
42	120	0.0926	12	2	0	1	0	0	0	1	0	0	1	0	1	0	0	0	0	0	0	Y	N	N	N	N	N	N	N	N	N	N	N	N	N	N	N	N	N	0.0000	0.0000	0.0000	0.0000	0.0000	0.0000	0.0000	0.0000	0.0000	0.0000	0.0000	0.0000	0.0000	0.0000	0.0000	0.0000	0.0000	0.0000	0.0000	0.0000	0.0000	0.0000	0.0000	0.0000	0.0000	0.0000	0.0000			0.0000	0.0000	0.0000	0.0034	0.0011	3.2312	0.0000	0.0000	0.0000	0.0000	0.0000	0.0000	0.0000	0.0000	0.0000	0.0000	0.0000	0.0000	0.0000	0.0000	0.0000	0.0000	0.0000	0.0000	0.0000	0.0000	0.0000	0.0000	0.0000	0.0000	0.0000	0.0000	0.0000	0.0000	0.0000	0.0000	0.0000	0.0000	0.0000	0.0000	0.0000	0.0000
42	121	0.0923	11	2	0	0	0	0	0	0	0	0	1	0	1	0	0	0	0	0	0	Y	N	N	N	N	N	N	N	N	N	N	N	N	N	N	N	N	N	0.0000	0.0000	0.0000	0.0000	0.0000	0.0000	0.0000	0.0000	0.0000	0.0000	0.0000	0.0000	0.0000	0.0000	0.0000	0.0000	0.0000	0.0000	0.0000	0.0000	0.0000	0.0000	0.0000	0.0000	0.0000	0.0000	0.0000			0.0000	0.0000	0.0000	0.0000	0.0011	1.2022	0.0000	0.0000	0.0000	0.0000	0.0000	0.0000	0.0000	0.0000	0.0000	0.0000	0.0000	0.0000	0.0000	0.0000	0.0000	0.0000	0.0000	0.0000	0.0000	0.0000	0.0000	0.0000	0.0000	0.0000	0.0000	0.0000	0.0000	0.0000	0.0000	0.0000	0.0000	0.0000	0.0000	0.0000	0.0000	0.0000
42	122	0.0710	10	2	0	0	0	1	0	0	0	0	1	0	1	0	0	0	0	0	0	Y	N	N	N	N	N	N	N	N	N	N	N	N	N	N	N	N	N	0.0000	0.0000	0.0000	0.0000	0.0000	0.0000	0.0000	0.0000	0.0000	0.0000	0.0000	0.0000	0.0000	0.0000	0.0000	0.0000	0.0000	0.0000	0.0000	0.0000	0.0000	0.0000	0.0000	0.0000	0.0000	0.0000	0.0000			0.0000	0.0000	0.0000	0.0041	0.0011	12.5856	0.0000	0.0000	0.0000	0.0000	0.0000	0.0000	0.0000	0.0000	0.0000	0.0000	0.0000	0.0000	0.0000	0.0000	0.0000	0.0000	0.0000	0.0000	0.0000	0.0000	0.0000	0.0000	0.0000	0.0000	0.0000	0.0000	0.0000	0.0000	0.0000	0.0000	0.0000	0.0000	0.0000	0.0000	0.0000	0.0000
42	131	0.1019	14	2	0	1	0	0	0	0	0	0	1	0	1	0	0	0	0	0	0	Y	N	N	N	N	N	N	N	N	N	N	N	N	N	N	N	N	N	0.0000	0.0000	0.0000	0.0000	0.0000	0.0000	0.0000	0.0000	0.0000	0.0000	0.0000	0.0000	0.0000	0.0000	0.0000	0.0000	0.0000	0.0000	0.0000	0.0000	0.0000	0.0000	0.0000	0.0000	0.0000	0.0000	0.0000			0.0000	0.0000	0.0000	1.0211	0.0011	9.0731	0.0000	0.0000	0.0000	0.0000	0.0000	0.0000	0.0000	0.0000	0.0000	0.0000	0.0000	0.0000	0.0000	0.0000	0.0000	0.0000	0.0000	0.0000	0.0000	0.0000	0.0000	0.0000	0.0000	0.0000	0.0000	0.0000	0.0000	0.0000	0.0000	0.0000	0.0000	0.0000	0.0000	0.0000	0.0000	0.0000
42	132	0.1227	14	1	0	0	0	0	0	0	0	0	2	0	2	0	0	0	0	0	0	N	N	N	N	N	Y	N	N	N	N	N	N	N	N	N	N	N	N	0.0000	0.0000	0.0000	0.0000	0.0000	0.0000	0.0000	0.0000	0.0000	0.0000	0.0000	0.0000	0.0000	0.0000	0.0000	0.0000	0.0000	0.0000	0.0000	0.0000	0.0000	0.0000	0.0000	0.0000	0.0000	0.0000	0.0000			0.0000	0.0000	0.0000	0.0075	0.0011	1.9743	0.0000	0.0000	0.0000	0.0000	0.0000	0.0000	0.0000	0.0000	0.0000	0.0000	0.0000	0.0000	0.0000	0.0000	0.0000	0.0000	0.0000	0.0000	0.0000	0.0000	0.0000	0.0000	0.0000	0.0000	0.0000	0.0000	0.0000	0.0000	0.0000	0.0000	0.0000	0.0000	0.0000	0.0000	0.0000	0.0000
42	134	0.1175	12	1	0	0	0	0	0	0	0	0	2	0	2	0	0	0	0	0	0	N	N	N	N	N	Y	N	N	N	N	N	N	N	N	N	N	N	N	0.0000	0.0000	0.0000	0.0000	0.0000	0.0000	0.0000	0.0000	0.0000	0.0000	0.0000	0.0000	0.0000	0.0000	0.0000	0.0000	0.0000	0.0000	0.0000	0.0000	0.0000	0.0000	0.0000	0.0000	0.0000	0.0000	0.0000			0.0000	0.0000	0.0000	2.0569	0.0011	5.7592	0.0000	0.0000	0.0000	0.0000	0.0000	0.0000	0.0000	0.0000	0.0000	0.0000	0.0000	0.0000	0.0000	0.0000	0.0000	0.0000	0.0000	0.0000	0.0000	0.0000	0.0000	0.0000	0.0000	0.0000	0.0000	0.0000	0.0000	0.0000	0.0000	0.0000	0.0000	0.0000	0.0000	0.0000	0.0000	0.0000
42	135	0.1191	13	1	0	0	0	0	0	0	0	0	2	0	2	0	0	0	0	0	0	N	N	N	N	N	Y	N	N	N	N	N	N	N	N	N	N	N	N	0.0000	0.0000	0.0000	0.0000	0.0000	0.0000	0.0000	0.0000	0.0000	0.0000	0.0000	0.0000	0.0000	0.0000	0.0000	0.0000	0.0000	0.0000	0.0000	0.0000	0.0000	0.0000	0.0000	0.0000	0.0000	0.0000	0.0000			0.0000	0.0000	0.0000	1.0111	0.0011	8.8059	0.0000	0.0000	0.0000	0.0000	0.0000	0.0000	0.0000	0.0000	0.0000	0.0000	0.0000	0.0000	0.0000	0.0000	0.0000	0.0000	0.0000	0.0000	0.0000	0.0000	0.0000	0.0000	0.0000	0.0000	0.0000	0.0000	0.0000	0.0000	0.0000	0.0000	0.0000	0.0000	0.0000	0.0000	0.0000	0.0000
42	138	0.0958	11	2	0	1	0	0	0	0	0	0	1	1	1	0	0	0	0	0	0	Y	N	N	N	N	N	N	N	N	N	N	N	N	N	N	N	N	N	0.0000	0.0000	0.0000	0.0000	0.0000	0.0000	0.0000	0.0000	0.0000	0.0000	0.0000	0.0000	0.0000	0.0000	0.0000	0.0000	0.0000	0.0000	0.0000	0.0000	0.0000	0.0000	0.0000	0.0000	0.0000	0.0000	0.0000			0.0000	0.0000	0.0000	0.0010	0.0011	4.0030	0.0000	0.0000	0.0000	0.0000	0.0000	0.0000	0.0000	0.0000	0.0000	0.0000	0.0000	0.0000	0.0000	0.0000	0.0000	0.0000	0.0000	0.0000	0.0000	0.0000	0.0000	0.0000	0.0000	0.0000	0.0000	0.0000	0.0000	0.0000	0.0000	0.0000	0.0000	0.0000	0.0000	0.0000	0.0000	0.0000
42	139	0.0702	10	2	0	1	0	0	0	0	0	1	1	1	1	0	0	0	0	0	0	Y	N	N	N	N	N	N	N	N	N	N	N	N	N	N	N	N	N	0.0000	0.0000	0.0000	0.0000	0.0000	0.0000	0.0000	0.0000	0.0000	0.0000	0.0000	0.0000	0.0000	0.0000	0.0000	0.0000	0.0000	0.0000	0.0000	0.0000	0.0000	0.0000	0.0000	0.0000	0.0000	0.0000	0.0000			0.0000	0.0000	0.0000	2.9989	0.0011	12.3267	0.0000	0.0000	0.0000	0.0000	0.0000	0.0000	0.0000	0.0000	0.0000	0.0000	0.0000	0.0000	0.0000	0.0000	0.0000	0.0000	0.0000	0.0000	0.0000	0.0000	0.0000	0.0000	0.0000	0.0000	0.0000	0.0000	0.0000	0.0001	0.0000	0.0000	0.0000	0.0000	0.0000	0.0000	0.0000	0.0000
42	140	0.0694	9	2	0	1	0	1	0	1	0	0	1	0	1	0	0	0	0	0	0	Y	N	N	N	N	N	N	N	N	N	N	N	N	N	N	N	N	N	0.0000	0.0000	0.0000	0.0000	0.0000	0.0000	0.0000	0.0000	0.0000	0.0000	0.0000	0.0000	0.0000	0.0000	0.0000	0.0000	0.0000	0.0000	0.0000	0.0000	0.0000	0.0000	0.0000	0.0000	0.0000	0.0000	0.0000			0.0000	0.0000	0.0000	0.0011	0.0011	0.8290	0.0000	0.0000	0.0000	0.0000	0.0000	0.0000	0.0000	0.0000	0.0000	0.0000	0.0000	0.0000	0.0000	0.0000	0.0000	0.0000	0.0000	0.0000	0.0000	0.0000	0.0000	0.0000	0.0000	0.0000	0.0000	0.0000	0.0000	0.0000	0.0000	0.0000	0.0000	0.0000	0.0000	0.0000	0.0000	0.0000
42	141	0.0925	11	2	0	1	0	0	0	0	0	0	1	0	1	0	0	0	0	0	0	Y	N	N	N	N	N	N	N	N	N	N	N	N	N	N	N	N	N	0.0000	0.0000	0.0000	0.0000	0.0000	0.0000	0.0000	0.0000	0.0000	0.0000	0.0000	0.0000	0.0000	0.0000	0.0000	0.0000	0.0000	0.0000	0.0000	0.0000	0.0000	0.0000	0.0000	0.0000	0.0000	0.0000	0.0000			0.0000	0.0000	0.0000	0.0243	0.0011	8.8037	0.0000	0.0000	0.0000	0.0000	0.0000	0.0000	0.0000	0.0000	0.0000	0.0000	0.0000	0.0000	0.0000	0.0000	0.0000	0.0000	0.0000	0.0000	0.0000	0.0000	0.0000	0.0000	0.0000	0.0000	0.0000	0.0000	0.0000	0.0000	0.0000	0.0000	0.0000	0.0000	0.0000	0.0000	0.0000	0.0000
42	142	0.0759	10	2	0	1	0	1	0	1	0	0	1	0	1	0	0	0	0	0	0	Y	N	N	N	N	N	N	N	N	N	N	N	N	N	N	N	N	N	0.0000	0.0000	0.0000	0.0000	0.0000	0.0000	0.0000	0.0000	0.0000	0.0000	0.0000	0.0000	0.0000	0.0000	0.0000	0.0000	0.0000	0.0000	0.0000	0.0000	0.0000	0.0000	0.0000	0.0000	0.0000	0.0000	0.0000			0.0000	0.0000	0.0000	4.9785	0.0011	5.0554	0.0000	0.0000	0.0000	0.0000	0.0000	0.0000	0.0000	0.0000	0.0000	0.0000	0.0000	0.0000	0.0000	0.0000	0.0000	0.0000	0.0000	0.0000	0.0000	0.0000	0.0000	0.0000	0.0000	0.0000	0.0000	0.0000	0.0000	0.0000	0.0000	0.0000	0.0000	0.0000	0.0000	0.0000	0.0000	0.0000
42	143	0.1150	15	2	0	1	0	0	0	0	0	0	1	1	1	0	0	0	0	0	0	Y	N	N	N	N	N	N	N	N	N	N	N	N	N	N	N	N	N	0.0000	0.0000	0.0000	0.0000	0.0000	0.0000	0.0000	0.0000	0.0000	0.0000	0.0000	0.0000	0.0000	0.0000	0.0000	0.0000	0.0000	0.0000	0.0000	0.0000	0.0000	0.0000	0.0000	0.0000	0.0000	0.0000	0.0000			0.0000	0.0000	0.0000	0.0000	0.0011	3.0055	0.0000	0.0000	0.0000	0.0000	0.0000	0.0000	0.0000	0.0000	0.0000	0.0000	0.0000	0.0000	0.0000	0.0000	0.0000	0.0000	0.0000	0.0000	0.0000	0.0000	0.0000	0.0000	0.0000	0.0000	0.0000	0.0000	0.0000	0.0000	0.0000	0.0000	0.0000	0.0000	0.0000	0.0000	0.0000	0.0000
42	144	0.1019	14	2	0	1	0	0	0	0	0	1	1	1	1	0	0	0	0	0	0	Y	N	N	N	N	N	N	N	N	N	N	N	N	N	N	N	N	N	0.0000	0.0000	0.0000	0.0000	0.0000	0.0000	0.0000	0.0000	0.0000	0.0000	0.0000	0.0000	0.0000	0.0000	0.0000	0.0000	0.0000	0.0000	0.0000	0.0000	0.0000	0.0000	0.0000	0.0000	0.0000	0.0000	0.0000			0.0000	0.0000	0.0000	2.0192	0.0011	6.0784	0.0000	0.0000	0.0000	0.0000	0.0000	0.0000	0.0000	0.0000	0.0000	0.0000	0.0000	0.0000	0.0000	0.0000	0.0000	0.0000	0.0000	0.0000	0.0000	0.0000	0.0000	0.0000	0.0000	0.0000	0.0000	0.0000	0.0000	0.0000	0.0000	0.0000	0.0000	0.0000	0.0000	0.0000	0.0000	0.0000
42	145	0.0972	13	2	0	1	0	1	0	0	0	0	1	0	1	0	0	0	0	0	0	Y	N	N	N	N	N	N	N	N	N	N	N	N	N	N	N	N	N	0.0000	0.0000	0.0000	0.0000	0.0000	0.0000	0.0000	0.0000	0.0000	0.0000	0.0000	0.0000	0.0000	0.0000	0.0000	0.0000	0.0000	0.0000	0.0000	0.0000	0.0000	0.0000	0.0000	0.0000	0.0000	0.0000	0.0000			0.0000	0.0000	0.0000	1.9811	0.0011	0.9869	0.0000	0.0000	0.0000	0.0000	0.0000	0.0000	0.0000	0.0000	0.0000	0.0000	0.0000	0.0000	0.0000	0.0000	0.0000	0.0000	0.0000	0.0000	0.0000	0.0000	0.0000	0.0000	0.0000	0.0000	0.0000	0.0000	0.0000	0.0000	0.0000	0.0000	0.0000	0.0000	0.0000	0.0000	0.0000	0.0000
43	44	0.1229	21	2	0	1	1	0	0	1	0	0	0	1	1	0	0	0	0	0	0	Y	N	N	N	N	N	N	N	N	N	N	N	N	N	N	N	N	N	0.0525	0.0703	0.0000	0.7916	0.7429	0.0000	0.0009	10.8299	0.0000	0.0045	0.0053	0.0000	0.1257	0.1321	0.0000	0.0001	0.0001	0.0000	0.0866	0.0750	0.1011	0.1588	0.1778	0.0001	0.0609	0.0000	0.1079	0.0000	1.0786	-0.0001	-0.0006	1.0006	7.0030	5.8160	25.8862	0.0002	0.0002	0.0000	0.0002	0.0002	0.0000	0.0000	0.0000	0.0000	0.0210	0.0101	0.0109	0.0101	0.0101	0.0000	0.0109	0.0000	0.0109	0.0499	0.0430	0.0069	0.0018	0.0017	0.0001	0.0481	0.0413	0.0068	0.2425	0.1347	0.1078	0.0636	0.0568	0.0068	0.1788	0.0779	0.1009
43	48	0.1229	21	2	0	1	1	0	0	1	0	0	0	1	1	0	0	0	0	0	0	Y	N	N	N	N	N	N	N	N	N	N	N	N	N	N	N	N	N	0.0010	0.0007	0.0000	4.9666	7.2089	0.0000	0.0000	0.0000	0.0000	0.0115	0.0134	0.0000	0.1372	0.1441	0.0000	0.0002	0.0003	0.0000	11.3605	19.3637	0.0791	0.0276	0.0200	0.1094	16.1613	36.1902	0.0771	0.0000	0.0029	-0.0001	-0.5356	1.0006	1.7572	5.8160	7.6758	0.0002	0.0002	0.0000	0.0002	0.0002	0.0000	0.0000	0.0000	0.0000	0.9820	0.9792	0.0028	0.0007	0.0005	0.0002	0.9813	0.9787	0.0026	0.0141	0.0121	0.0020	0.0012	0.0011	0.0001	0.0129	0.0110	0.0019	0.0864	0.0506	0.0359	0.0257	0.0235	0.0022	0.0607	0.0270	0.0337
43	49	0.1140	20	2	0	1	1	0	0	1	1	0	0	1	1	0	0	0	0	0	0	Y	N	N	N	N	N	N	N	N	N	N	N	N	N	N	N	N	N	0.0329	0.0225	0.0041	2.9636	2.8351	6.0104	0.0000	0.0000	0.0002	0.0069	0.0080	0.0000	0.3813	0.3985	0.0052	0.0000	0.0000	0.0000	0.2088	0.3536	0.0075	0.1287	0.1406	0.0009	0.2402	0.5224	0.0079	0.0006	0.0153	-0.0000	-0.0067	1.0006	1.2605	5.8160	5.3560	0.0001	0.0001	0.0000	0.0001	0.0001	0.0000	0.0000	0.0000	0.0000	0.0126	0.0124	0.0002	0.0022	0.0022	0.0000	0.0104	0.0102	0.0002	0.0089	0.0077	0.0012	0.0002	0.0002	0.0000	0.0087	0.0075	0.0012	0.0601	0.0350	0.0251	0.0169	0.0155	0.0014	0.0432	0.0195	0.0237
43	50	0.1140	20	2	0	1	0	0	0	1	0	0	0	1	1	0	0	0	0	0	0	Y	N	N	N	N	N	N	N	N	N	N	N	N	N	N	N	N	N	0.0002	0.0000	433.0460	0.0036	0.0000	inf	0.0001	0.0000	19.6571	0.0000	0.0000	0.0001	0.0004	0.0000	0.0090	0.0000	0.0000	0.0000	0.0336	0.0588	0.0000	0.1059	0.1165	0.0000	0.0066	0.0148	0.0000	inf	0.0000	0.0000	-0.0014	1.0006	1.0001	5.8160	7.4568	0.0000	0.0000	0.0000	0.0000	0.0000	0.0000	0.0000	0.0000	0.0000	0.0025	0.0025	0.0000	0.0021	0.0021	0.0000	0.0004	0.0004	0.0000	0.0071	0.0061	0.0010	0.0001	0.0001	0.0000	0.0069	0.0060	0.0010	0.0736	0.0421	0.0315	0.0200	0.0182	0.0018	0.0536	0.0239	0.0297
43	51	0.1095	19	2	0	1	0	0	0	1	0	0	1	1	1	0	0	0	0	0	0	Y	N	N	N	N	N	N	N	N	N	N	N	N	N	N	N	N	N	0.0001	0.0001	16.2666	0.0004	0.0004	15919.3990	0.0000	0.0000	0.0000	0.0008	0.0009	0.0003	0.0041	0.0039	0.0583	0.0000	0.0000	0.0000	8.5184	11.7615	0.0000	9.2989	10.6553	0.0000	7.4953	14.1509	0.0000	0.0417	0.0000	-0.0000	-0.3057	1.0006	0.0061	5.8160	2.7591	0.0000	0.0000	0.0000	0.0000	0.0000	0.0000	0.0000	0.0000	0.0000	0.5575	0.5575	0.0000	0.3453	0.3453	0.0000	0.2123	0.2123	0.0000	0.0001	0.0001	0.0000	0.0000	0.0000	0.0000	0.0001	0.0000	0.0000	0.0655	0.0474	0.0180	0.0371	0.0324	0.0047	0.0283	0.0150	0.0133
43	56	0.0492	5	2	0	1	0	0	0	1	0	0	0	0	0	0	0	0	0	0	0	Y	N	N	N	N	N	N	N	N	N	N	N	N	N	N	N	N	N	0.0731	0.0040	2391.1282	3.3370	3.2292	0.0000	0.0581	0.0000	4690.4031	0.0051	0.0005	0.0343	0.0209	0.0216	0.0000	0.0048	0.0000	0.0345	0.0700	0.1347	0.0000	0.0063	0.0067	0.0003	0.0819	0.1849	0.0000	10.0410	0.0001	0.0000	-0.0043	1.0006	2.9988	5.8160	11.1255	0.0001	0.0000	0.0001	0.0000	0.0000	0.0000	0.0001	0.0000	0.0001	0.0079	0.0079	0.0000	0.0001	0.0001	0.0000	0.0078	0.0078	0.0000	0.0215	0.0186	0.0029	0.0005	0.0005	0.0000	0.0210	0.0181	0.0029	0.1132	0.0588	0.0544	0.0178	0.0166	0.0012	0.0954	0.0422	0.0532
43	70	0.1167	20	2	0	1	0	0	0	1	0	0	1	1	1	0	0	0	0	0	0	Y	N	N	N	N	N	N	N	N	N	N	N	N	N	N	N	N	N	0.0182	0.0119	0.0000	0.0458	0.0426	0.0000	0.0000	0.0000	0.0000	0.0106	0.0119	0.0000	0.0692	0.0704	0.0000	0.0000	0.0000	0.0000	0.5818	1.0029	0.0034	1.5104	1.6518	0.0006	0.1519	0.3539	0.0036	0.0000	0.0025	-0.0001	-0.0298	1.0006	2.3581	5.8160	7.4584	0.0002	0.0002	0.0000	0.0002	0.0002	0.0000	0.0000	0.0000	0.0000	0.0545	0.0544	0.0001	0.0448	0.0448	0.0000	0.0097	0.0096	0.0001	0.0208	0.0184	0.0024	0.0032	0.0031	0.0001	0.0176	0.0153	0.0023	0.0937	0.0542	0.0395	0.0297	0.0271	0.0025	0.0641	0.0271	0.0369
43	71	0.1095	19	2	0	1	0	0	0	1	0	0	0	1	0	0	0	0	0	0	0	Y	N	N	N	N	N	N	N	N	N	N	N	N	N	N	N	N	N	0.0000	0.0000	0.0000	0.0001	0.0001	0.0262	0.0000	0.0000	0.0000	0.0000	0.0000	0.0000	0.0008	0.0009	0.0002	0.0000	0.0000	0.0000	7.6254	11.1717	0.1243	10.4084	11.9036	0.0082	4.9757	9.9360	0.1517	0.0128	0.0053	-0.0000	-0.3469	1.0006	1.7590	5.8160	3.5356	0.0000	0.0000	0.0000	0.0000	0.0000	0.0000	0.0000	0.0000	0.0000	0.6389	0.6355	0.0033	0.4253	0.4253	0.0000	0.2135	0.2102	0.0033	0.0124	0.0106	0.0017	0.0002	0.0002	0.0000	0.0121	0.0104	0.0017	0.0838	0.0569	0.0269	0.0409	0.0357	0.0051	0.0429	0.0212	0.0218
43	72	0.1061	18	2	0	1	0	0	0	1	0	1	0	1	0	0	0	0	0	0	0	Y	N	N	N	N	N	N	N	N	N	N	N	N	N	N	N	N	N	0.0000	0.0000	0.0000	0.0015	0.0014	0.0000	0.0000	0.0000	0.0000	0.0001	0.0001	0.0000	0.0003	0.0003	0.0000	0.0000	0.0000	0.0000	40.9205	76.7677	0.0466	0.2236	0.2483	0.0016	52.6982	123.5008	0.0489	0.0000	0.0005	-0.0000	-0.4217	1.0006	0.0029	5.8160	2.4186	0.0000	0.0000	0.0000	0.0000	0.0000	0.0000	0.0000	0.0000	0.0000	0.7698	0.7694	0.0004	0.0009	0.0009	0.0000	0.7689	0.7685	0.0004	0.0000	0.0000	0.0000	0.0000	0.0000	0.0000	0.0000	0.0000	0.0000	0.0188	0.0100	0.0088	0.0042	0.0038	0.0004	0.0146	0.0062	0.0084
43	78	0.0492	5	2	0	1	0	0	0	1	0	0	1	0	1	0	0	0	0	0	0	Y	N	N	N	N	N	N	N	N	N	N	N	N	N	N	N	N	N	0.0033	0.0001	301.1830	0.0668	0.0046	907.9829	0.0014	0.0000	188.3847	0.0003	0.0000	0.0049	0.0005	0.0000	0.3347	0.0001	0.0000	0.0016	0.0796	0.1527	0.0000	0.0070	0.0074	0.0004	0.0935	0.2117	0.0000	18.5000	0.0001	0.0000	-0.0043	1.0006	0.0166	5.8160	12.2009	0.0000	0.0000	0.0000	0.0000	0.0000	0.0000	0.0000	0.0000	0.0000	0.0079	0.0079	0.0000	0.0001	0.0001	0.0000	0.0078	0.0078	0.0000	0.0005	0.0005	0.0000	0.0002	0.0002	0.0000	0.0003	0.0003	0.0000	0.0996	0.0519	0.0477	0.0160	0.0150	0.0011	0.0836	0.0369	0.0467
43	79	0.0349	4	2	0	1	0	1	0	1	0	0	0	0	0	0	0	0	0	0	0	Y	N	N	N	N	N	N	N	N	N	N	N	N	N	N	N	N	N	0.0000	0.0000	0.0643	0.0288	0.0164	503.2366	0.0000	0.0000	0.0309	0.0000	0.0000	0.0002	0.0008	0.0005	0.0406	0.0000	0.0000	0.0001	14.3804	29.0717	0.0029	0.0287	0.0297	0.0001	15.8828	35.6773	0.0029	1.3962	0.0001	-0.0000	-0.5400	1.0006	1.0285	5.8160	7.9781	0.0000	0.0000	0.0000	0.0000	0.0000	0.0000	0.0000	0.0000	0.0000	0.9850	0.9849	0.0001	0.0002	0.0002	0.0000	0.9849	0.9848	0.0001	0.0078	0.0068	0.0010	0.0003	0.0003	0.0000	0.0076	0.0065	0.0010	0.0685	0.0339	0.0346	0.0065	0.0063	0.0002	0.0620	0.0276	0.0344
43	84	0.0792	15	2	0	1	0	0	0	1	0	0	0	0	0	0	0	0	0	0	0	Y	N	N	N	N	N	N	N	N	N	N	N	N	N	N	N	N	N	0.0000	0.0000	0.0000	0.0000	0.0000	0.0000	0.0000	0.0000	0.0000	0.0000	0.0000	0.0000	0.0000	0.0000	0.0000	0.0000	0.0000	0.0000	0.0146	0.0000	0.0319	0.0007	0.0000	0.0129	0.0179	0.0000	0.0323		inf	0.0000	0.0010	1.0006	2.9998	5.8160	15.4389	0.0000	0.0000	0.0000	0.0000	0.0000	0.0000	0.0000	0.0000	0.0000	0.0022	0.0000	0.0022	0.0000	0.0000	0.0000	0.0022	0.0000	0.0022	0.0209	0.0180	0.0029	0.0003	0.0003	0.0000	0.0206	0.0177	0.0029	0.1500	0.0813	0.0687	0.0289	0.0273	0.0016	0.1211	0.0540	0.0671
43	88	0.1204	21	2	0	1	0	0	0	1	0	0	0	1	1	0	0	0	0	0	0	Y	N	N	N	N	N	N	N	N	N	N	N	N	N	N	N	N	N	0.0000	0.0000	0.0000	0.0026	0.0000	0.0236	0.0000	0.0000	0.0000	0.0000	0.0000	0.0002	0.0006	0.0000	0.0183	0.0000	0.0000	0.0000	6.2875	0.0719	15.6564	0.2250	0.1335	0.7768	9.9590	0.0000	17.9673	inf	144.4786	0.0000	0.3305	1.0006	1.0173	5.8160	8.6136	0.0000	0.0000	0.0000	0.0000	0.0000	0.0000	0.0000	0.0000	0.0000	0.7430	0.0051	0.7379	0.0100	0.0051	0.0049	0.7329	0.0000	0.7329	0.0073	0.0063	0.0010	0.0002	0.0002	0.0000	0.0071	0.0061	0.0010	0.1182	0.0710	0.0471	0.0446	0.0382	0.0063	0.0736	0.0328	0.0408
43	90	0.1204	21	2	0	1	0	0	0	1	0	0	0	1	1	0	0	0	0	0	0	Y	N	N	N	N	N	N	N	N	N	N	N	N	N	N	N	N	N	0.1074	0.0737	0.0000	1.3236	1.1874	0.0000	0.0000	0.0000	0.0000	0.0154	0.0179	0.0000	0.5443	0.5663	0.0000	0.0000	0.0000	0.0000	0.1433	0.2425	0.0026	0.4112	0.4769	0.0003	0.0016	0.0001	0.0029	0.0000	0.0075	-0.0001	-0.0114	1.0006	2.0138	5.8160	11.8132	0.0002	0.0002	0.0000	0.0002	0.0002	0.0000	0.0000	0.0000	0.0000	0.0210	0.0209	0.0002	0.0209	0.0209	0.0000	0.0002	0.0000	0.0002	0.0143	0.0123	0.0020	0.0004	0.0004	0.0000	0.0139	0.0119	0.0020	0.1466	0.0860	0.0606	0.0507	0.0437	0.0070	0.0959	0.0423	0.0536
43	91	0.1119	20	2	0	1	0	0	0	1	0	1	1	1	1	0	0	0	0	0	0	Y	N	N	N	N	N	N	N	N	N	N	N	N	N	N	N	N	N	0.0000	0.0001	0.0000	0.0013	0.0013	0.0000	0.0000	0.0000	0.0000	0.0000	0.0000	0.0000	0.0005	0.0005	0.0000	0.0000	0.0000	0.0000	0.2751	0.1951	0.3869	0.3762	0.3952	0.1052	0.2301	0.0001	0.4012	0.0000	1.4177	-0.0000	0.0007	1.0006	1.9725	5.8160	4.2763	0.0000	0.0000	0.0000	0.0000	0.0000	0.0000	0.0000	0.0000	0.0000	0.0175	0.0072	0.0103	0.0074	0.0072	0.0001	0.0101	0.0000	0.0101	0.0140	0.0121	0.0020	0.0003	0.0003	0.0000	0.0137	0.0117	0.0019	0.0636	0.0371	0.0265	0.0196	0.0183	0.0013	0.0440	0.0188	0.0252
43	98	0.1419	21	2	0	1	1	0	0	1	1	0	0	1	1	0	0	0	0	0	0	Y	N	N	N	N	N	N	N	N	N	N	N	N	N	N	N	N	N	9.9934	0.0000	inf	0.0040	0.0000	inf	inf	0.0000	inf	0.0048	0.0000	0.0342	0.0000	0.0000	0.0002	0.0048	0.0000	0.0344	0.0005	0.0009	0.0000	0.0019	0.0022	0.0000	0.0000	0.0000	0.0000	inf	0.0000	0.0000	-0.0000	1.0006	2.9999	5.8160	3.9821	0.0001	0.0000	0.0001	0.0000	0.0000	0.0000	0.0001	0.0000	0.0001	0.0000	0.0000	0.0000	0.0000	0.0000	0.0000	0.0000	0.0000	0.0000	0.0210	0.0181	0.0029	0.0004	0.0004	0.0000	0.0206	0.0177	0.0029	0.0542	0.0292	0.0250	0.0132	0.0117	0.0015	0.0410	0.0175	0.0234
43	99	0.1388	20	2	0	1	0	0	0	1	0	0	0	1	1	0	0	0	0	0	0	Y	N	N	N	N	N	N	N	N	N	N	N	N	N	N	N	N	N	0.2312	25.4195	0.1312	46.3940	41.9985	0.0000	0.0795	7.4499	0.1379	0.0043	0.0042	0.0053	0.0058	0.0059	0.0000	0.0020	0.0014	0.0059	0.0184	0.0002	0.0405	0.0001	0.0001	0.0000	0.0248	0.0002	0.0430	0.0813	203.2376	-0.0000	0.0001	1.0006	0.0003	5.8160	2.0601	0.0000	0.0000	0.0000	0.0000	0.0000	0.0000	0.0000	0.0000	0.0000	0.0003	0.0000	0.0003	0.0000	0.0000	0.0000	0.0003	0.0000	0.0003	0.0000	0.0000	0.0000	0.0000	0.0000	0.0000	0.0000	0.0000	0.0000	0.0172	0.0094	0.0078	0.0044	0.0039	0.0005	0.0128	0.0054	0.0073
43	100	0.1189	19	2	0	1	0	0	0	1	0	1	1	1	1	0	0	0	0	0	0	Y	N	N	N	N	N	N	N	N	N	N	N	N	N	N	N	N	N	0.0010	0.1855	0.0000	359.2553	341.6691	0.0000	0.0000	0.0000	0.0000	0.0105	0.0122	0.0000	0.6102	0.6400	0.0000	0.0000	0.0000	0.0000	10.2979	0.0656	22.3228	0.0017	0.0019	0.0001	13.6488	0.1099	23.5371	0.0000	289.6961	-0.0001	0.4472	1.0006	3.0014	5.8160	9.1620	0.0002	0.0002	0.0000	0.0002	0.0002	0.0000	0.0000	0.0000	0.0000	0.9977	0.0034	0.9942	0.0000	0.0000	0.0000	0.9976	0.0034	0.9942	0.0210	0.0181	0.0029	0.0004	0.0003	0.0000	0.0206	0.0177	0.0029	0.0969	0.0523	0.0445	0.0238	0.0215	0.0023	0.0731	0.0309	0.0422
43	101	0.1061	18	2	0	1	0	0	0	1	0	0	0	0	0	0	0	0	0	0	0	Y	N	N	N	N	N	N	N	N	N	N	N	N	N	N	N	N	N	0.0349	0.0437	0.0000	0.1577	0.1427	0.0000	0.0000	0.0000	0.0000	0.0020	0.0023	0.0000	0.0194	0.0195	0.0000	0.0000	0.0000	0.0000	0.0580	0.0526	0.0641	0.1230	0.1367	0.0000	0.0399	0.0028	0.0672	0.0000	1.0890	-0.0000	-0.0001	1.0006	0.0077	5.8160	8.0757	0.0000	0.0000	0.0000	0.0000	0.0000	0.0000	0.0000	0.0000	0.0000	0.0035	0.0017	0.0018	0.0016	0.0016	0.0000	0.0019	0.0001	0.0018	0.0001	0.0001	0.0000	0.0000	0.0000	0.0000	0.0001	0.0001	0.0000	0.0606	0.0320	0.0286	0.0132	0.0119	0.0013	0.0474	0.0201	0.0273
43	102	0.1045	17	2	0	1	0	0	0	1	0	0	0	0	0	0	0	0	0	0	0	Y	N	N	N	N	N	N	N	N	N	N	N	N	N	N	N	N	N	0.0000	0.0000	0.0000	0.0000	0.0000	0.0000	0.0000	0.0000	0.0000	0.0000	0.0000	0.0000	0.0000	0.0000	0.0000	0.0000	0.0000	0.0000	0.1975	0.3730	0.0027	0.0000	0.0000	0.0000	0.2515	0.5900	0.0029		0.0066	0.0000	-0.0008	1.0006	0.0011	5.8160	1.0060	0.0000	0.0000	0.0000	0.0000	0.0000	0.0000	0.0000	0.0000	0.0000	0.0015	0.0015	0.0000	0.0000	0.0000	0.0000	0.0015	0.0015	0.0000	0.0000	0.0000	0.0000	0.0000	0.0000	0.0000	0.0000	0.0000	0.0000	0.0077	0.0040	0.0036	0.0016	0.0015	0.0002	0.0060	0.0025	0.0035
43	113	0.1045	19	2	0	1	0	0	0	1	0	0	0	0	0	0	0	0	0	0	0	Y	N	N	N	N	N	N	N	N	N	N	N	N	N	N	N	N	N	0.0000	0.0000	0.0000	0.0000	0.0000	0.0000	0.0000	0.0000	0.0000	0.0000	0.0000	0.0000	0.0000	0.0000	0.0000	0.0000	0.0000	0.0000	0.0056	0.0069	0.0043	0.0169	0.0187	0.0002	0.0026	0.0000	0.0044		0.5563	0.0000	-0.0000	1.0006	0.0182	5.8160	4.6661	0.0000	0.0000	0.0000	0.0000	0.0000	0.0000	0.0000	0.0000	0.0000	0.0002	0.0001	0.0001	0.0001	0.0001	0.0000	0.0001	0.0000	0.0001	0.0001	0.0001	0.0000	0.0000	0.0000	0.0000	0.0001	0.0001	0.0000	0.0352	0.0185	0.0167	0.0076	0.0068	0.0007	0.0277	0.0117	0.0159
43	114	0.1045	18	2	0	1	0	0	0	1	0	0	0	0	0	0	0	0	0	0	0	Y	N	N	N	N	N	N	N	N	N	N	N	N	N	N	N	N	N	0.0000	0.0000	0.0000	0.0000	0.0000	0.0000	0.0000	0.0000	0.0000	0.0000	0.0000	0.0000	0.0000	0.0000	0.0000	0.0000	0.0000	0.0000	0.0000	0.0000	0.0000	0.0000	0.0000	0.0000	0.0000	0.0000	0.0000			0.0000	-0.0000	1.0006	0.0004	5.8160	0.0007	0.0000	0.0000	0.0000	0.0000	0.0000	0.0000	0.0000	0.0000	0.0000	0.0000	0.0000	0.0000	0.0000	0.0000	0.0000	0.0000	0.0000	0.0000	0.0000	0.0000	0.0000	0.0000	0.0000	0.0000	0.0000	0.0000	0.0000	0.0000	0.0000	0.0000	0.0000	0.0000	0.0000	0.0000	0.0000	0.0000
43	115	0.1045	17	2	0	1	0	0	0	1	0	0	0	0	0	0	0	0	0	0	0	Y	N	N	N	N	N	N	N	N	N	N	N	N	N	N	N	N	N	0.0000	0.0000	0.0000	0.0000	0.0000	0.0000	0.0000	0.0000	0.0000	0.0000	0.0000	0.0000	0.0000	0.0000	0.0000	0.0000	0.0000	0.0000	0.0000	0.0000	0.0000	0.0000	0.0000	0.0000	0.0000	0.0000	0.0000			0.0000	-0.0000	1.0006	0.0004	5.8160	0.0002	0.0000	0.0000	0.0000	0.0000	0.0000	0.0000	0.0000	0.0000	0.0000	0.0000	0.0000	0.0000	0.0000	0.0000	0.0000	0.0000	0.0000	0.0000	0.0000	0.0000	0.0000	0.0000	0.0000	0.0000	0.0000	0.0000	0.0000	0.0000	0.0000	0.0000	0.0000	0.0000	0.0000	0.0000	0.0000	0.0000
43	116	0.0840	16	2	0	1	0	0	0	1	0	0	0	0	0	0	0	0	0	0	0	Y	N	N	N	N	N	N	N	N	N	N	N	N	N	N	N	N	N	0.0035	0.0022	0.0000	0.0000	0.0000	0.0000	3.6890	7699.6975	0.0000	0.0001	0.0001	0.0000	0.0000	0.0000	0.0000	0.0002	0.0002	0.0000	0.0288	0.0507	0.0001	0.1242	0.1308	0.0002	0.0000	0.0000	0.0001	0.0000	0.0014	-0.0000	-0.0018	1.0006	0.0012	5.8160	12.6705	0.0000	0.0000	0.0000	0.0000	0.0000	0.0000	0.0000	0.0000	0.0000	0.0034	0.0034	0.0000	0.0034	0.0034	0.0000	0.0000	0.0000	0.0000	0.0000	0.0000	0.0000	0.0000	0.0000	0.0000	0.0000	0.0000	0.0000	0.1165	0.0661	0.0504	0.0270	0.0256	0.0013	0.0895	0.0405	0.0490
43	117	0.0792	15	2	0	1	0	0	0	1	0	0	0	0	0	0	0	0	0	0	0	Y	N	N	N	N	N	N	N	N	N	N	N	N	N	N	N	N	N	0.0037	0.0052	0.0000	0.0238	0.0235	0.0000	0.0000	0.0000	0.0000	0.0002	0.0003	0.0000	0.0024	0.0025	0.0000	0.0000	0.0000	0.0000	0.0596	0.0481	0.0782	0.1030	0.1051	0.0325	0.0418	0.0000	0.0792	0.0000	1.0067	-0.0000	-0.0001	1.0006	0.0012	5.8160	3.6220	0.0000	0.0000	0.0000	0.0000	0.0000	0.0000	0.0000	0.0000	0.0000	0.0027	0.0013	0.0013	0.0013	0.0013	0.0000	0.0013	0.0000	0.0013	0.0000	0.0000	0.0000	0.0000	0.0000	0.0000	0.0000	0.0000	0.0000	0.0449	0.0277	0.0172	0.0131	0.0127	0.0004	0.0318	0.0150	0.0168
43	118	0.0758	14	2	0	1	0	1	0	1	0	0	0	0	0	0	0	0	0	0	0	Y	N	N	N	N	N	N	N	N	N	N	N	N	N	N	N	N	N	0.0196	0.0000	0.0937	0.0000	0.0000	0.0000	0.0267	0.0000	0.0884	0.0017	0.0000	0.0130	0.0000	0.0000	0.0000	0.0020	0.0000	0.0125	0.0848	0.0531	0.1386	0.1028	0.1042	0.0564	0.0759	0.0000	0.1408	inf	1.5384	0.0000	0.0002	1.0006	0.0004	5.8160	2.6029	0.0000	0.0000	0.0000	0.0000	0.0000	0.0000	0.0000	0.0000	0.0000	0.0034	0.0013	0.0021	0.0014	0.0013	0.0000	0.0020	0.0000	0.0020	0.0000	0.0000	0.0000	0.0000	0.0000	0.0000	0.0000	0.0000	0.0000	0.0399	0.0251	0.0148	0.0132	0.0128	0.0004	0.0267	0.0123	0.0144
43	121	0.0883	12	2	0	1	0	0	0	1	0	0	0	0	0	0	0	0	0	0	0	Y	N	N	N	N	N	N	N	N	N	N	N	N	N	N	N	N	N	0.0000	0.0000	0.0000	0.0000	0.0000	0.0000	0.0000	0.0000	0.0000	0.0000	0.0000	0.0000	0.0000	0.0000	0.0000	0.0000	0.0000	0.0000	0.0001	0.0000	0.0002	0.0000	0.0001	0.0000	0.0002	0.0000	0.0003		4.9187	0.0000	0.0000	1.0006	0.0000	5.8160	1.2022	0.0000	0.0000	0.0000	0.0000	0.0000	0.0000	0.0000	0.0000	0.0000	0.0000	0.0000	0.0000	0.0000	0.0000	0.0000	0.0000	0.0000	0.0000	0.0000	0.0000	0.0000	0.0000	0.0000	0.0000	0.0000	0.0000	0.0000	0.0228	0.0120	0.0108	0.0119	0.0086	0.0033	0.0109	0.0034	0.0075
43	122	0.0670	11	2	0	1	0	1	0	1	0	0	0	0	0	0	0	0	0	0	0	Y	N	N	N	N	N	N	N	N	N	N	N	N	N	N	N	N	N	0.0000	0.0000	0.0000	0.0000	0.0000	0.0000	0.0000	0.0000	0.0000	0.0000	0.0000	0.0000	0.0000	0.0000	0.0000	0.0000	0.0000	0.0000	0.0408	0.0006	0.0916	0.0017	0.0016	0.0031	0.0535	0.0000	0.0976		118.2386	0.0000	0.0021	1.0006	0.0041	5.8160	12.5856	0.0000	0.0000	0.0000	0.0000	0.0000	0.0000	0.0000	0.0000	0.0000	0.0047	0.0000	0.0047	0.0000	0.0000	0.0000	0.0047	0.0000	0.0047	0.0001	0.0000	0.0000	0.0000	0.0000	0.0000	0.0000	0.0000	0.0000	0.1165	0.0651	0.0514	0.0287	0.0254	0.0033	0.0878	0.0396	0.0481
44	45	0.1612	21	2	0	1	1	1	0	1	0	0	0	1	1	0	0	0	0	0	0	Y	N	N	N	N	N	N	N	N	N	N	N	N	N	N	N	N	N	3.7718	192.5702	0.0000	332.1215	413.0063	0.0000	0.0095	22.9951	0.0000	7.7105	9.1825	0.0000	39.5302	53.7791	0.0000	0.0246	0.0285	0.0000	2.0443	0.0477	4.4781	0.1190	0.1302	0.0346	2.6002	0.0012	4.7526	0.0000	77.0417	-0.5623	0.4466	7.0030	1.9929	25.8862	12.8604	0.9643	0.9643	0.0000	0.9618	0.9618	0.0000	0.0025	0.0025	0.0000	1.0176	0.0130	1.0045	0.0133	0.0128	0.0005	1.0043	0.0002	1.0041	0.1251	0.1050	0.0200	0.0243	0.0179	0.0064	0.1007	0.0871	0.0136	0.4978	0.2734	0.2243	0.1115	0.0985	0.0131	0.3862	0.1750	0.2113
44	50	0.0668	2	2	0	0	1	0	0	0	0	0	0	2	2	0	0	0	0	0	0	Y	N	N	N	Y	Y	N	N	N	N	N	N	N	N	N	N	N	N	0.0118	0.0071	0.0000	0.1055	0.1062	0.0000	36.6868	11623.6896	0.0000	0.0059	0.0068	0.0000	0.2021	0.2043	0.0000	0.0013	0.0015	0.0000	0.4948	0.9642	0.0001	1.9158	1.9243	0.0001	0.0000	0.0000	0.0001	0.0000	0.0001	-0.0002	-0.1368	7.0030	1.0001	25.8862	7.4568	0.0003	0.0003	0.0000	0.0002	0.0002	0.0000	0.0001	0.0001	0.0000	0.2496	0.2496	0.0000	0.2496	0.2496	0.0000	0.0000	0.0000	0.0000	0.0496	0.0426	0.0070	0.0011	0.0011	0.0000	0.0485	0.0415	0.0070	0.5044	0.2588	0.2456	0.1303	0.1297	0.0006	0.3742	0.1292	0.2450
44	52	0.1697	21	2	0	0	1	0	0	0	0	0	1	1	2	0	0	0	0	0	0	Y	N	N	N	N	Y	N	N	N	N	N	N	N	N	N	N	N	N	0.1166	8.6629	0.0000	43.9079	88.9498	0.0000	0.0011	95.3446	0.0000	0.0045	0.0053	0.0000	0.1255	0.1320	0.0000	0.0001	0.0001	0.0000	0.0389	0.0006	0.0862	0.0029	0.0015	0.0139	0.0512	0.0000	0.0911	0.0000	114.7245	-0.0001	0.0049	7.0030	1.0020	25.8862	7.2599	0.0002	0.0002	0.0000	0.0002	0.0002	0.0000	0.0000	0.0000	0.0000	0.0111	0.0001	0.0110	0.0002	0.0001	0.0001	0.0109	0.0000	0.0109	0.0500	0.0430	0.0069	0.0018	0.0017	0.0001	0.0482	0.0413	0.0068	0.2855	0.1578	0.1277	0.0727	0.0646	0.0081	0.2128	0.0932	0.1196
44	53	0.1500	20	2	0	0	1	1	0	0	0	0	0	1	1	0	0	0	0	0	0	Y	N	N	N	N	N	N	N	N	N	N	N	N	N	N	N	N	N	2.2852	164.1496	0.0000	427.5982	501.0722	20.7581	0.0121	401865.1124	0.0000	5.8469	6.8869	0.0002	44.0875	57.7218	0.0005	0.0395	0.0458	0.0001	2.5586	0.0420	5.5692	0.1031	0.1152	0.0000	3.2578	0.0000	5.8691	0.0000	110.9632	-0.5763	0.4407	7.0030	3.0050	25.8862	8.3063	0.9882	0.9882	0.0000	0.9824	0.9824	0.0000	0.0058	0.0058	0.0000	0.9953	0.0089	0.9864	0.0089	0.0089	0.0000	0.9864	0.0000	0.9864	0.1690	0.1435	0.0255	0.0223	0.0170	0.0053	0.1467	0.1265	0.0203	0.3890	0.2119	0.1771	0.0862	0.0772	0.0091	0.3028	0.1347	0.1681
44	55	0.1848	20	2	0	1	1	0	0	1	0	0	0	1	1	0	0	0	0	0	0	Y	N	N	N	N	N	N	N	N	N	N	N	N	N	N	N	N	N	0.0000	0.0000	0.0000	0.0000	0.0000	0.0000	0.0000	0.0000	0.0000	0.0000	0.0000	0.0000	0.0000	0.0000	0.0000	0.0000	0.0000	0.0000	0.0006	0.0002	0.0012	0.0026	0.0005	0.0173	0.0000	0.0000	0.0000		5.0000	0.0000	0.0000	7.0030	0.0000	25.8862	2.9989	0.0000	0.0000	0.0000	0.0000	0.0000	0.0000	0.0000	0.0000	0.0000	0.0001	0.0000	0.0001	0.0001	0.0000	0.0001	0.0000	0.0000	0.0000	0.0000	0.0000	0.0000	0.0000	0.0000	0.0000	0.0000	0.0000	0.0000	0.0934	0.0522	0.0412	0.0228	0.0199	0.0029	0.0706	0.0323	0.0383
44	56	0.1602	19	2	0	0	1	0	0	0	0	0	0	1	1	0	0	0	0	0	0	Y	N	N	N	N	N	N	N	N	N	N	N	N	N	N	N	N	N	109.0419	16918.2381	0.6081	56960.8570	56807.1300	20.8150	44.8891	132339.9456	0.5880	13.6367	15.7475	0.1667	125.9575	136.2936	0.0167	7.2578	8.4005	0.1713	0.1251	0.0009	0.2741	0.0022	0.0024	0.0008	0.1617	0.0001	0.2914	0.0017	245.2534	-1.1622	0.0257	7.0030	2.9988	25.8862	11.1255	1.9986	1.9953	0.0033	0.9921	0.9921	0.0000	1.0066	1.0033	0.0033	0.0574	0.0002	0.0572	0.0002	0.0002	0.0000	0.0572	0.0000	0.0572	0.1466	0.1267	0.0199	0.0079	0.0073	0.0006	0.1387	0.1194	0.0193	0.4591	0.2505	0.2086	0.1054	0.0930	0.0124	0.3537	0.1575	0.1962
44	57	0.1154	8	2	0	1	2	0	0	0	1	0	0	2	2	0	0	0	0	0	0	Y	N	N	Y	Y	Y	N	N	N	N	N	N	N	N	N	N	N	N	0.0000	0.0000	0.0000	0.0000	0.0000	0.0000	0.0000	0.0000	0.0000	0.0000	0.0000	0.0000	0.0000	0.0000	0.0000	0.0000	0.0000	0.0000	0.0000	0.0000	0.0000	0.0000	0.0000	0.0000	0.0000	0.0000	0.0000			0.0000	0.0000	7.0030	0.0000	25.8862	0.0000	0.0000	0.0000	0.0000	0.0000	0.0000	0.0000	0.0000	0.0000	0.0000	0.0000	0.0000	0.0000	0.0000	0.0000	0.0000	0.0000	0.0000	0.0000	0.0000	0.0000	0.0000	0.0000	0.0000	0.0000	0.0000	0.0000	0.0000	0.0000	0.0000	0.0000	0.0000	0.0000	0.0000	0.0000	0.0000	0.0000
44	58	0.1154	8	2	0	1	1	0	0	0	0	0	0	2	2	0	0	0	0	0	0	Y	N	N	N	Y	Y	N	N	N	N	N	N	N	N	N	N	N	N	0.0000	0.0000	0.0000	0.0000	0.0000	0.0000	0.0000	0.0000	0.0000	0.0000	0.0000	0.0000	0.0000	0.0000	0.0000	0.0000	0.0000	0.0000	0.0000	0.0000	0.0000	0.0000	0.0000	0.0000	0.0000	0.0000	0.0000			0.0000	0.0000	7.0030	0.0000	25.8862	0.0000	0.0000	0.0000	0.0000	0.0000	0.0000	0.0000	0.0000	0.0000	0.0000	0.0000	0.0000	0.0000	0.0000	0.0000	0.0000	0.0000	0.0000	0.0000	0.0000	0.0000	0.0000	0.0000	0.0000	0.0000	0.0000	0.0000	0.0000	0.0000	0.0000	0.0000	0.0000	0.0000	0.0000	0.0000	0.0000	0.0000
44	59	0.1105	7	2	0	1	1	0	0	1	0	0	0	2	2	0	0	0	0	0	0	Y	N	N	N	Y	Y	N	N	N	N	N	N	N	N	N	N	N	N	0.0000	0.0000	0.0000	0.0000	0.0000	0.0000	0.0000	0.0000	0.0000	0.0000	0.0000	0.0000	0.0000	0.0000	0.0000	0.0000	0.0000	0.0000	0.0002	0.0004	0.0000	0.0013	0.0014	0.0000	0.0000	0.0000	0.0000		0.0015	0.0000	-0.0000	7.0030	0.0001	25.8862	3.0507	0.0000	0.0000	0.0000	0.0000	0.0000	0.0000	0.0000	0.0000	0.0000	0.0000	0.0000	0.0000	0.0000	0.0000	0.0000	0.0000	0.0000	0.0000	0.0000	0.0000	0.0000	0.0000	0.0000	0.0000	0.0000	0.0000	0.0000	0.1033	0.0530	0.0502	0.0159	0.0139	0.0020	0.0874	0.0392	0.0482
44	60	0.1488	16	2	0	1	1	0	0	0	0	0	0	2	1	0	0	0	0	0	0	Y	N	N	N	Y	N	N	N	N	N	N	N	N	N	N	N	N	N	12.3245	0.0000	7828.0768	0.2477	0.0000	162.1704	20398.5862	0.0000	485691.6925	1.1686	0.0000	6.0150	0.0917	0.0000	1.3267	1.8056	0.0000	6.7298	0.0948	0.1717	0.0008	0.3704	0.4406	0.0082	0.0001	0.0002	0.0000	inf	0.0037	0.0001	-0.0087	7.0030	0.0010	25.8862	5.0218	0.0002	0.0000	0.0002	0.0000	0.0000	0.0000	0.0002	0.0000	0.0002	0.0160	0.0159	0.0001	0.0159	0.0159	0.0001	0.0000	0.0000	0.0000	0.0002	0.0001	0.0000	0.0001	0.0001	0.0000	0.0001	0.0001	0.0000	0.1682	0.0926	0.0757	0.0430	0.0360	0.0070	0.1252	0.0565	0.0687
44	67	0.0985	12	2	0	1	1	0	0	0	0	0	1	1	2	0	0	0	0	0	0	Y	N	N	N	N	Y	N	N	N	N	N	N	N	N	N	N	N	N	0.0001	0.0000	0.0003	0.0000	0.0000	0.0000	0.0001	0.0000	0.0003	0.0002	0.0000	0.0024	0.0000	0.0000	0.0000	0.0003	0.0000	0.0024	3.6987	0.0002	7.6337	0.0095	0.0010	0.1009	4.2852	0.0000	7.8202	inf	29961.6020	0.0000	0.4519	7.0030	0.0010	25.8862	8.0699	0.0000	0.0000	0.0000	0.0000	0.0000	0.0000	0.0000	0.0000	0.0000	1.0005	0.0000	1.0005	0.0004	0.0000	0.0003	1.0001	0.0000	1.0001	0.0001	0.0001	0.0000	0.0000	0.0000	0.0000	0.0001	0.0001	0.0000	0.2705	0.1394	0.1311	0.0371	0.0339	0.0032	0.2334	0.1055	0.1279
44	68	0.0888	11	2	0	1	1	0	0	0	0	0	0	1	1	0	0	0	0	0	0	Y	N	N	N	N	N	N	N	N	N	N	N	N	N	N	N	N	N	0.0001	0.1227	0.0000	1.2610	1.4353	0.0000	0.0000	0.0000	0.0000	0.0004	0.0005	0.0000	0.0173	0.0177	0.0000	0.0000	0.0000	0.0000	5.0552	0.0038	9.9581	0.0137	0.0123	0.0259	5.5955	0.0020	10.1544	0.0000	2682.4753	-0.0000	0.4484	7.0030	0.0010	25.8862	6.0584	0.0000	0.0000	0.0000	0.0000	0.0000	0.0000	0.0000	0.0000	0.0000	0.9934	0.0004	0.9930	0.0003	0.0002	0.0001	0.9931	0.0002	0.9929	0.0000	0.0000	0.0000	0.0000	0.0000	0.0000	0.0000	0.0000	0.0000	0.1965	0.0968	0.0997	0.0190	0.0171	0.0019	0.1775	0.0797	0.0978
44	69	0.0875	10	2	0	1	1	0	0	0	0	0	0	1	1	0	0	0	0	0	0	Y	N	N	N	N	N	N	N	N	N	N	N	N	N	N	N	N	N	1.3469	1.6177	0.0000	1.2795	1.1768	0.0000	0.0000	0.0000	0.0000	0.3472	0.3813	0.0000	1.3440	1.3455	0.0000	0.0000	0.0000	0.0000	0.2577	0.2357	0.2799	1.0504	1.1434	0.0008	0.1573	0.0000	0.2851	0.0000	1.1812	-0.0000	-0.0001	7.0030	0.0006	25.8862	0.9765	0.0000	0.0000	0.0000	0.0000	0.0000	0.0000	0.0000	0.0000	0.0000	0.0087	0.0040	0.0047	0.0040	0.0040	0.0000	0.0047	0.0000	0.0047	0.0001	0.0001	0.0000	0.0000	0.0000	0.0000	0.0000	0.0000	0.0000	0.0336	0.0168	0.0167	0.0038	0.0035	0.0003	0.0298	0.0134	0.0164
44	70	0.0785	4	2	0	0	1	0	0	0	0	0	1	2	2	0	0	0	0	0	0	Y	N	N	N	Y	Y	N	N	N	N	N	N	N	N	N	N	N	N	1.5288	1.5495	0.0000	3.9557	3.9307	0.0000	1.1857	1.0043	0.0000	6.7871	7.6791	0.0000	11.8237	11.9928	0.0000	5.8785	6.7926	0.0000	4.4396	4.9560	3.8579	2.9890	3.0511	0.0000	4.9580	6.7635	3.9023	0.0000	0.6910	-0.5738	-0.3317	7.0030	2.3581	25.8862	7.4584	0.9840	0.9840	0.0000	0.2620	0.2620	0.0000	0.7220	0.7220	0.0000	2.3751	1.4046	0.9705	0.4210	0.4210	0.0000	1.9541	0.9835	0.9705	0.1450	0.1281	0.0168	0.0222	0.0218	0.0003	0.1228	0.1063	0.0165	0.5350	0.2834	0.2516	0.1409	0.1380	0.0029	0.3941	0.1454	0.2487
44	71	0.0713	3	2	0	0	1	0	0	0	0	0	0	2	1	0	0	0	0	0	0	Y	N	N	N	Y	N	N	N	N	N	N	N	N	N	N	N	N	N	0.0157	0.0212	0.0000	0.1943	0.1854	0.0000	0.0130	0.0502	0.0000	0.0090	0.0105	0.0000	0.1334	0.1347	0.0000	0.0067	0.0078	0.0000	0.5755	0.4936	0.6822	0.6866	0.7264	0.0062	0.5145	0.1553	0.7141	0.0000	1.0611	-0.0005	-0.0087	7.0030	1.7590	25.8862	3.5356	0.0008	0.0008	0.0000	0.0002	0.0002	0.0000	0.0006	0.0006	0.0000	0.2608	0.1265	0.1343	0.1104	0.1103	0.0001	0.1504	0.0162	0.1342	0.0863	0.0743	0.0120	0.0016	0.0016	0.0000	0.0847	0.0727	0.0120	0.4532	0.2563	0.1968	0.1608	0.1519	0.0089	0.2924	0.1045	0.1880
44	73	0.1411	10	2	0	1	1	0	0	0	0	0	0	2	1	0	0	0	0	0	0	Y	N	N	N	Y	N	N	N	N	N	N	N	N	N	N	N	N	N	0.0734	0.0000	1.5189	0.0000	0.0000	0.0000	0.3018	0.0000	1.5258	0.0224	0.0000	0.1718	0.0000	0.0000	0.0000	0.0251	0.0000	0.1795	0.3055	0.4662	0.1131	1.0165	1.1338	0.0371	0.0831	0.0384	0.1176	inf	0.2028	0.0008	-0.0556	7.0030	1.6760	25.8862	12.1347	0.0020	0.0000	0.0020	0.0000	0.0000	0.0000	0.0020	0.0000	0.0020	0.1465	0.1218	0.0247	0.1162	0.1157	0.0005	0.0304	0.0061	0.0242	0.0883	0.0768	0.0115	0.0094	0.0089	0.0005	0.0789	0.0679	0.0110	0.4797	0.2613	0.2184	0.1143	0.1021	0.0122	0.3654	0.1592	0.2062
44	74	0.1114	9	2	0	1	1	1	0	1	0	1	0	2	1	0	0	0	0	0	0	Y	N	N	N	Y	N	N	N	N	N	N	N	N	N	N	N	N	N	2.9927	0.0000	115.6961	0.0630	0.0005	120.4580	3.3484	0.0000	120.2717	6.2436	0.0001	44.9545	0.1420	0.0013	1.0672	6.8196	0.0000	48.8753	2.0863	3.4618	0.3886	2.2526	2.4672	0.0089	2.0367	4.0706	0.4064	66213.0117	0.0909	0.4158	-0.6743	7.0030	2.9965	25.8862	14.7438	0.9975	0.0000	0.9974	0.0020	0.0000	0.0019	0.9955	0.0000	0.9955	1.4504	1.3295	0.1209	0.3599	0.3597	0.0001	1.0905	0.9697	0.1208	0.1598	0.1376	0.0222	0.0138	0.0120	0.0018	0.1460	0.1256	0.0204	0.6952	0.3840	0.3112	0.1598	0.1458	0.0139	0.5354	0.2382	0.2972
44	75	0.0875	10	2	0	1	1	0	0	0	0	0	0	1	1	0	0	0	0	0	0	Y	N	N	N	N	N	N	N	N	N	N	N	N	N	N	N	N	N	1401.3948	813.9018	0.0000	0.0000	0.0000	0.0000	67228.5084	inf	0.0000	20.2439	23.5163	0.0000	0.0000	0.0000	0.0000	20.7345	24.1658	0.0000	0.0144	0.0289	0.0006	0.1635	0.1842	0.0000	0.0003	0.0000	0.0006	0.0000	0.0199	-0.5831	-0.0022	7.0030	1.0006	25.8862	8.0096	0.9999	0.9999	0.0000	0.0000	0.0000	0.0000	0.9999	0.9999	0.0000	0.0041	0.0040	0.0001	0.0040	0.0040	0.0000	0.0001	0.0000	0.0001	0.0494	0.0425	0.0069	0.0012	0.0011	0.0000	0.0482	0.0414	0.0068	0.2835	0.1390	0.1445	0.0246	0.0218	0.0028	0.2590	0.1172	0.1418
44	76	0.0851	9	2	0	1	1	0	0	0	0	0	0	1	1	0	0	0	0	0	0	Y	N	N	N	N	N	N	N	N	N	N	N	N	N	N	N	N	N	0.0019	0.0043	0.0000	0.0109	0.0105	0.0000	0.0019	6870.3936	0.0000	0.0005	0.0006	0.0000	0.0047	0.0047	0.0000	0.0004	0.0005	0.0000	0.2575	0.1358	0.3915	0.4298	0.4506	0.0121	0.2232	0.0000	0.3979	0.0000	2.6158	-0.0000	0.0028	7.0030	0.9962	25.8862	0.5464	0.0000	0.0000	0.0000	0.0000	0.0000	0.0000	0.0000	0.0000	0.0000	0.0160	0.0044	0.0116	0.0044	0.0044	0.0000	0.0115	0.0000	0.0115	0.0492	0.0423	0.0068	0.0010	0.0010	0.0000	0.0482	0.0413	0.0068	0.0620	0.0325	0.0295	0.0103	0.0098	0.0005	0.0518	0.0227	0.0290
44	77	0.0788	8	2	0	1	1	0	0	0	0	0	0	1	1	0	0	0	0	0	0	Y	N	N	N	N	N	N	N	N	N	N	N	N	N	N	N	N	N	0.1658	57.6220	0.0118	163.3854	150.7974	0.0000	0.0031	0.0000	0.0116	1.0524	1.1980	0.1484	15.9525	15.9900	0.0000	0.0220	0.0000	0.1486	6.3456	0.0208	12.5730	0.0976	0.1060	0.0002	7.0838	0.0000	12.7858	0.0200	614.1869	-0.0001	0.4464	7.0030	0.0041	25.8862	4.4918	0.0002	0.0002	0.0000	0.0002	0.0002	0.0000	0.0000	0.0000	0.0000	0.9917	0.0016	0.9901	0.0016	0.0016	0.0000	0.9901	0.0000	0.9901	0.0002	0.0002	0.0000	0.0000	0.0000	0.0000	0.0002	0.0002	0.0000	0.1563	0.0775	0.0787	0.0165	0.0152	0.0013	0.1398	0.0623	0.0774
44	78	0.1602	19	2	0	0	1	0	0	0	0	0	1	1	2	0	0	0	0	0	0	Y	N	N	N	N	Y	N	N	N	N	N	N	N	N	N	N	N	N	63.1284	4287.1998	71.8641	1829.3748	2602.3938	14.8317	37.0670	49973.0833	88.2542	8.1136	7.0577	20.2298	10.5900	11.0456	0.2619	6.1460	3.6466	26.3080	0.1285	0.0016	0.2815	0.0058	0.0042	0.0177	0.1658	0.0001	0.2981	0.2498	141.8283	-0.0063	0.0231	7.0030	0.0166	25.8862	12.2009	0.0166	0.0132	0.0033	0.0096	0.0096	0.0000	0.0070	0.0037	0.0033	0.0519	0.0004	0.0516	0.0005	0.0004	0.0002	0.0514	0.0000	0.0514	0.0020	0.0019	0.0002	0.0009	0.0009	0.0000	0.0011	0.0010	0.0001	0.4040	0.2208	0.1832	0.0941	0.0833	0.0108	0.3099	0.1375	0.1723
44	79	0.1459	18	2	0	0	1	1	0	0	0	0	0	1	1	0	0	0	0	0	0	Y	N	N	N	N	N	N	N	N	N	N	N	N	N	N	N	N	N	10090.7460	1092.0422	41181.4824	4581.1898	4078.0101	94321.0393	10233.6370	12042.9398	40151.8652	19.8402	0.6861	141.3423	8.1583	8.4320	4.6513	20.5434	0.1833	145.5955	0.0020	0.0006	0.0034	0.0018	0.0021	0.0000	0.0020	0.0000	0.0036	32.4748	4.9853	0.3979	0.0002	7.0030	1.0285	25.8862	7.9781	1.0283	0.0307	0.9976	0.0240	0.0230	0.0010	1.0043	0.0077	0.9966	0.0005	0.0001	0.0005	0.0001	0.0001	0.0000	0.0005	0.0000	0.0005	0.0518	0.0448	0.0071	0.0029	0.0027	0.0002	0.0489	0.0420	0.0068	0.2768	0.1447	0.1321	0.0504	0.0432	0.0072	0.2264	0.1015	0.1249
44	82	0.0788	8	2	0	1	1	0	0	0	0	1	0	2	1	0	0	0	0	0	0	Y	N	N	N	Y	N	N	N	N	N	N	N	N	N	N	N	N	N	4.1247	0.0000	15.2332	0.0000	0.0000	0.0000	3.8654	0.0000	14.9890	10.2050	0.0000	73.2010	0.0000	0.0000	0.0000	10.3931	0.0000	73.2895	2.4741	0.0264	4.8054	0.1522	0.1699	0.0000	2.6888	0.0000	4.8896	inf	191.1265	0.4166	0.4462	7.0030	1.9997	25.8862	10.5319	0.9995	0.0000	0.9995	0.0000	0.0000	0.0000	0.9995	0.0000	0.9995	0.9993	0.0052	0.9941	0.0052	0.0052	0.0000	0.9941	0.0000	0.9941	0.0979	0.0843	0.0137	0.0018	0.0018	0.0000	0.0962	0.0825	0.0136	0.4039	0.1970	0.2069	0.0342	0.0306	0.0036	0.3697	0.1664	0.2033
44	83	0.0763	7	2	0	1	1	0	0	1	0	0	0	1	1	0	0	0	0	0	0	Y	N	N	N	N	N	N	N	N	N	N	N	N	N	N	N	N	N	47.2740	0.0000	202.0225	0.0000	0.0000	0.0000	49.4566	0.0000	198.7126	6.3686	0.0000	52.4459	0.0000	0.0000	0.0000	7.1673	0.0000	52.5044	0.1347	0.0004	0.2596	0.0029	0.0033	0.0000	0.1449	0.0000	0.2642	inf	645.0410	0.0001	0.0030	7.0030	0.0006	25.8862	1.5062	0.0002	0.0000	0.0002	0.0000	0.0000	0.0000	0.0002	0.0000	0.0002	0.0066	0.0000	0.0066	0.0000	0.0000	0.0000	0.0066	0.0000	0.0066	0.0000	0.0000	0.0000	0.0000	0.0000	0.0000	0.0000	0.0000	0.0000	0.0487	0.0235	0.0252	0.0035	0.0031	0.0004	0.0452	0.0204	0.0248
44	84	0.1015	7	2	0	0	1	0	0	0	0	0	0	1	1	0	0	0	0	0	0	Y	N	N	N	N	N	N	N	N	N	N	N	N	N	N	N	N	N	4.0756	2.4937	0.0000	0.0000	0.0000	0.0000	3.6020	1.9140	0.0000	6.8308	7.9361	0.0000	0.0000	0.0000	0.0000	6.9564	8.1045	0.0000	1.6760	3.1825	0.0109	0.3639	0.4103	0.0000	1.9312	4.2343	0.0114	0.0000	0.0031	-0.5831	-0.5640	7.0030	2.9998	25.8862	15.4389	0.9999	0.9999	0.0000	0.0000	0.0000	0.0000	0.9999	0.9999	0.0000	1.0346	1.0314	0.0032	0.0366	0.0366	0.0000	0.9980	0.9948	0.0032	0.1464	0.1260	0.0204	0.0026	0.0026	0.0000	0.1437	0.1234	0.0204	0.6173	0.3241	0.2932	0.1005	0.0891	0.0114	0.5168	0.2349	0.2818
44	85	0.4815	12	1	0	0	1	0	0	0	0	1	0	2	1	0	0	0	0	0	0	N	N	N	N	Y	N	N	N	N	N	N	N	N	N	N	N	N	N	0.4762	0.6021	0.0000	0.1915	0.1979	0.0000	0.4913	0.7242	0.0000	0.7434	0.8530	0.0000	0.2773	0.2915	0.0000	0.8192	0.9542	0.0000	1.5611	1.4168	1.8364	1.4478	1.4730	1.2850	1.6672	1.3177	1.9641	0.0000	0.6793	-0.5980	-1.2069	7.0030	26.8363	25.8862	143.7566	1.0255	1.0255	0.0000	0.0535	0.0535	0.0000	0.9720	0.9720	0.0000	8.3955	4.9994	3.3961	3.7652	3.3185	0.4467	4.6303	1.6809	2.9494	1.3795	1.2022	0.1774	0.1930	0.1835	0.0094	1.1866	1.0186	0.1679	5.3779	3.5286	1.8493	2.6006	2.2530	0.3476	2.7773	1.2757	1.5016
44	87	0.1068	10	2	0	1	1	0	0	1	0	0	0	2	2	0	0	0	0	0	0	Y	N	N	N	Y	Y	N	N	N	N	N	N	N	N	N	N	N	N	0.0003	0.0000	0.0015	0.0000	0.0000	0.0000	0.0003	0.0000	0.0015	0.0010	0.0000	0.0119	0.0000	0.0000	0.0000	0.0014	0.0000	0.0119	3.7060	0.0176	7.9053	0.0464	0.0491	0.0033	4.6344	0.0000	8.1115	inf	395.4288	0.0000	0.4311	7.0030	0.0022	25.8862	6.6376	0.0000	0.0000	0.0000	0.0000	0.0000	0.0000	0.0000	0.0000	0.0000	0.9598	0.0024	0.9573	0.0024	0.0024	0.0000	0.9573	0.0000	0.9573	0.0002	0.0002	0.0000	0.0001	0.0001	0.0000	0.0002	0.0001	0.0000	0.2590	0.1379	0.1211	0.0524	0.0493	0.0031	0.2066	0.0886	0.1180
44	88	0.0922	9	2	0	0	1	0	0	0	0	0	0	2	2	0	0	0	0	0	0	Y	N	N	N	Y	Y	N	N	N	N	N	N	N	N	N	N	N	N	0.0034	0.0060	0.0000	0.0363	0.0351	0.0000	0.0012	61.1181	0.0000	0.0133	0.0155	0.0000	0.2398	0.2438	0.0000	0.0037	0.0043	0.0000	3.9149	2.5719	5.5548	6.6089	6.9469	0.0052	3.1815	0.0001	5.6863	0.0000	1.7686	-0.0004	0.1464	7.0030	1.0173	25.8862	8.6136	0.0007	0.0007	0.0000	0.0005	0.0005	0.0000	0.0002	0.0002	0.0000	1.6165	0.5839	1.0327	0.5839	0.5839	0.0000	1.0327	0.0000	1.0326	0.0517	0.0444	0.0074	0.0021	0.0021	0.0000	0.0496	0.0423	0.0074	0.4129	0.2270	0.1859	0.0883	0.0840	0.0043	0.3246	0.1430	0.1816
44	89	0.0967	6	2	0	1	1	0	0	1	0	0	0	1	1	0	0	0	0	0	0	Y	N	N	N	N	N	N	N	N	N	N	N	N	N	N	N	N	N	1.8156	4.8153	0.0000	0.0015	0.0013	0.0000	1.9955	238.6865	0.0000	6.8304	7.9356	0.0000	0.0075	0.0076	0.0000	6.9565	8.1047	0.0000	3.7621	1.6480	6.1088	5.1497	5.7836	0.0191	3.4860	0.0340	6.3527	0.0000	3.3394	-0.5830	0.5786	7.0030	2.9990	25.8862	17.4729	0.9997	0.9997	0.0000	0.0000	0.0000	0.0000	0.9997	0.9997	0.0000	2.6149	0.6026	2.0123	0.5939	0.5937	0.0002	2.0210	0.0089	2.0121	0.1464	0.1260	0.0204	0.0027	0.0026	0.0000	0.1437	0.1233	0.0204	0.6951	0.3657	0.3294	0.1153	0.1026	0.0127	0.5797	0.2630	0.3167
44	90	0.0922	9	2	0	0	1	0	0	0	0	0	0	2	2	0	0	0	0	0	0	Y	N	N	N	Y	Y	N	N	N	N	N	N	N	N	N	N	N	N	5.1994	168.7298	0.0000	410.4954	393.7285	0.0000	3.2676	1119363662.0008	0.0000	9.8081	11.4140	0.0000	79.5753	80.9953	0.0000	7.4412	8.7018	0.0000	1.8864	0.0676	3.9873	0.1939	0.2057	0.0095	2.2772	0.0000	4.0870	0.0000	51.0274	-0.5739	0.4376	7.0030	2.0138	25.8862	11.8132	0.9841	0.9841	0.0000	0.2620	0.2620	0.0000	0.7221	0.7221	0.0000	1.0118	0.0194	0.9924	0.0195	0.0194	0.0001	0.9923	0.0000	0.9923	0.1003	0.0862	0.0141	0.0033	0.0032	0.0001	0.0970	0.0830	0.0141	0.5364	0.2875	0.2489	0.1006	0.0945	0.0061	0.4358	0.1930	0.2428
44	91	0.0837	8	2	0	0	1	0	0	0	0	1	1	2	2	0	0	0	0	0	0	Y	N	N	N	Y	Y	N	N	N	N	N	N	N	N	N	N	N	N	0.0396	0.0543	0.0000	0.1866	0.1792	0.0000	0.0445	20.2055	0.0000	0.0070	0.0082	0.0000	0.0763	0.0768	0.0000	0.0053	0.0062	0.0000	0.1777	0.1506	0.2108	0.4086	0.4286	0.0001	0.1190	0.0003	0.2153	0.0000	1.1435	-0.0004	-0.0007	7.0030	1.9725	25.8862	4.2763	0.0007	0.0007	0.0000	0.0002	0.0002	0.0000	0.0005	0.0005	0.0000	0.0483	0.0225	0.0258	0.0225	0.0225	0.0000	0.0258	0.0000	0.0258	0.0979	0.0842	0.0137	0.0024	0.0024	0.0000	0.0955	0.0819	0.0137	0.2717	0.1495	0.1222	0.0550	0.0525	0.0026	0.2166	0.0971	0.1196
44	92	0.1170	11	2	0	1	1	1	0	1	0	0	0	1	1	0	0	0	0	0	0	Y	N	N	N	N	N	N	N	N	N	N	N	N	N	N	N	N	N	0.0000	0.0000	0.0000	0.0000	0.0000	0.0000	0.0000	0.0000	0.0000	0.0000	0.0000	0.0000	0.0000	0.0000	0.0000	0.0000	0.0000	0.0000	2.1603	1.3751	3.0288	3.5793	4.3154	0.0037	1.8016	0.0000	3.2654		1.9915	0.0000	0.3610	7.0030	5.0000	25.8862	42.2706	0.0000	0.0000	0.0000	0.0000	0.0000	0.0000	0.0000	0.0000	0.0000	3.0734	1.0274	2.0460	1.0276	1.0274	0.0002	2.0458	0.0000	2.0458	0.2423	0.2086	0.0337	0.0045	0.0044	0.0000	0.2378	0.2042	0.0336	1.4227	0.7471	0.6755	0.2871	0.2381	0.0490	1.1356	0.5090	0.6265
44	93	0.1507	13	1	0	0	1	0	0	0	0	0	0	1	2	0	0	0	0	0	0	N	N	N	N	N	Y	N	N	N	N	N	N	N	N	N	N	N	N	0.0000	0.0000	0.0000	0.0000	0.0000	0.0000	0.0000	0.0000	0.0000	0.0000	0.0000	0.0000	0.0000	0.0000	0.0000	0.0000	0.0000	0.0000	0.0000	0.0000	0.0000	0.0000	0.0000	0.0001	0.0000	0.0000	0.0000		13.9833	0.0000	0.0000	7.0030	0.0000	25.8862	0.9594	0.0000	0.0000	0.0000	0.0000	0.0000	0.0000	0.0000	0.0000	0.0000	0.0000	0.0000	0.0000	0.0000	0.0000	0.0000	0.0000	0.0000	0.0000	0.0000	0.0000	0.0000	0.0000	0.0000	0.0000	0.0000	0.0000	0.0000	0.0338	0.0183	0.0155	0.0080	0.0070	0.0010	0.0258	0.0114	0.0145
44	94	0.1193	12	1	0	0	1	0	0	0	0	0	1	1	2	0	0	0	0	0	0	N	N	N	N	N	Y	N	N	N	N	N	N	N	N	N	N	N	N	0.0000	0.0000	0.0000	0.0000	0.0000	0.0000	0.0000	0.0000	0.0000	0.0000	0.0000	0.0000	0.0000	0.0000	0.0000	0.0000	0.0000	0.0000	0.0002	0.0005	0.0000	0.0009	0.0012	0.0000	0.0000	0.0000	0.0000		0.0029	0.0000	-0.0001	7.0030	0.0000	25.8862	18.8906	0.0000	0.0000	0.0000	0.0000	0.0000	0.0000	0.0000	0.0000	0.0000	0.0002	0.0002	0.0000	0.0002	0.0002	0.0000	0.0000	0.0000	0.0000	0.0000	0.0000	0.0000	0.0000	0.0000	0.0000	0.0000	0.0000	0.0000	0.6822	0.3690	0.3133	0.1686	0.1387	0.0298	0.5137	0.2303	0.2834
44	97	0.1351	12	2	0	1	1	0	0	1	0	0	0	1	1	0	0	0	0	0	0	Y	N	N	N	N	N	N	N	N	N	N	N	N	N	N	N	N	N	0.0000	0.0000	0.0000	0.0000	0.0000	0.0000	0.0000	0.0000	0.0000	0.0000	0.0000	0.0000	0.0000	0.0000	0.0000	0.0000	0.0000	0.0000	1.8682	1.2805	2.5286	3.2527	3.7848	0.0002	1.5039	0.0000	2.6963		1.7571	0.0000	0.1393	7.0030	2.0000	25.8862	24.9502	0.0000	0.0000	0.0000	0.0000	0.0000	0.0000	0.0000	0.0000	0.0000	1.5644	0.5674	0.9970	0.5674	0.5674	0.0000	0.9970	0.0000	0.9970	0.0980	0.0843	0.0136	0.0019	0.0019	0.0000	0.0961	0.0824	0.0136	0.8374	0.4431	0.3943	0.1744	0.1499	0.0245	0.6629	0.2932	0.3698
44	98	0.1105	7	2	0	0	2	0	0	0	1	0	0	2	2	0	0	0	0	0	0	Y	N	N	Y	Y	Y	N	N	N	N	N	N	N	N	N	N	N	N	0.0000	0.0000	0.0000	0.0000	0.0000	0.0000	0.0000	0.0000	0.0000	0.0000	0.0000	0.0000	0.0000	0.0000	0.0000	0.0000	0.0000	0.0000	0.0000	0.0001	0.0000	0.0003	0.0004	0.0000	0.0000	0.0000	0.0000		0.0127	0.0000	-0.0000	7.0030	2.9999	25.8862	3.9821	0.0000	0.0000	0.0000	0.0000	0.0000	0.0000	0.0000	0.0000	0.0000	0.0000	0.0000	0.0000	0.0000	0.0000	0.0000	0.0000	0.0000	0.0000	0.1459	0.1253	0.0205	0.0032	0.0031	0.0001	0.1427	0.1223	0.0204	0.2277	0.1158	0.1120	0.0329	0.0284	0.0045	0.1948	0.0873	0.1075
44	99	0.1074	6	2	0	0	1	0	0	0	0	0	0	2	2	0	0	0	0	0	0	Y	N	N	N	Y	Y	N	N	N	N	N	N	N	N	N	N	N	N	2366.8039	3576.8173	0.0000	587.2839	536.0932	0.0000	4453.0092	inf	0.0000	0.6457	0.9281	0.0000	0.4827	0.4972	0.0000	0.7359	1.3538	0.0000	0.0003	0.0003	0.0003	0.0008	0.0009	0.0000	0.0002	0.0000	0.0003	0.0000	1.0264	-0.0000	-0.0000	7.0030	0.0003	25.8862	2.0601	0.0000	0.0000	0.0000	0.0000	0.0000	0.0000	0.0000	0.0000	0.0000	0.0000	0.0000	0.0000	0.0000	0.0000	0.0000	0.0000	0.0000	0.0000	0.0000	0.0000	0.0000	0.0000	0.0000	0.0000	0.0000	0.0000	0.0000	0.0725	0.0376	0.0349	0.0119	0.0105	0.0014	0.0606	0.0271	0.0335
44	100	0.0876	5	2	0	0	1	0	0	0	0	1	1	2	2	0	0	0	0	0	0	Y	N	N	N	Y	Y	N	N	N	N	N	N	N	N	N	N	N	N	76.6136	17665.7918	0.0000	12566.9933	45712.4683	0.0000	50.0521	141902396.2510	0.0000	6.6735	7.7696	0.0000	82.7188	83.6179	0.0000	5.0039	5.8453	0.0000	0.0871	0.0004	0.1757	0.0066	0.0018	0.0422	0.1000	0.0000	0.1803	0.0000	390.7047	-0.5740	0.0161	7.0030	3.0014	25.8862	9.1620	0.9842	0.9842	0.0000	0.2621	0.2621	0.0000	0.7221	0.7221	0.0000	0.0358	0.0001	0.0357	0.0004	0.0001	0.0003	0.0354	0.0000	0.0354	0.1475	0.1267	0.0208	0.0032	0.0031	0.0000	0.1443	0.1235	0.0208	0.4109	0.2077	0.2031	0.0566	0.0499	0.0067	0.3542	0.1578	0.1965
44	101	0.0747	4	2	0	0	1	0	0	0	0	0	0	1	1	0	0	0	0	0	0	Y	N	N	N	N	N	N	N	N	N	N	N	N	N	N	N	N	N	0.2181	229.9294	0.0929	195.0511	201.8732	0.0000	0.1627	480.0213	0.0914	1.6552	1.6997	1.3660	7.4998	7.5222	0.0000	1.3326	1.3269	1.3676	7.5906	0.0074	14.7026	0.0385	0.0373	0.0471	8.1925	0.0028	14.9597	0.1234	2120.7545	-0.0003	0.8859	7.0030	0.0077	25.8862	8.0757	0.0007	0.0006	0.0001	0.0002	0.0002	0.0000	0.0005	0.0004	0.0001	1.9631	0.0009	1.9621	0.0007	0.0006	0.0001	1.9623	0.0003	1.9620	0.0004	0.0004	0.0001	0.0000	0.0000	0.0000	0.0004	0.0003	0.0001	0.2586	0.1252	0.1335	0.0191	0.0168	0.0023	0.2395	0.1084	0.1312
44	106	0.1233	15	2	0	1	1	0	0	0	0	0	0	1	1	0	0	0	0	0	0	Y	N	N	N	N	N	N	N	N	N	N	N	N	N	N	N	N	N	3.1075	1.9861	10.0878	31670.7591	35488.2928	0.0000	1.2566	0.0000	9.4321	10.2705	5.9658	36.8712	277.9401	280.9878	0.0000	5.2323	0.0000	36.9243	3.3050	3.0038	3.6550	0.0088	0.0079	0.0137	4.1640	4.4616	3.9148	1.0002	1.0475	-0.1662	-0.0750	7.0030	4.0001	25.8862	15.3361	1.9996	0.9997	0.9999	0.9997	0.9997	0.0000	0.9999	0.0000	0.9999	2.0456	0.9991	1.0465	0.0011	0.0009	0.0003	2.0445	0.9982	1.0462	0.1947	0.1676	0.0271	0.0036	0.0036	0.0000	0.1911	0.1640	0.0271	0.6189	0.3326	0.2863	0.1279	0.1089	0.0191	0.4910	0.2237	0.2673
44	107	0.1510	17	2	0	1	1	0	0	0	0	0	0	1	1	0	0	0	0	0	0	Y	N	N	N	N	N	N	N	N	N	N	N	N	N	N	N	N	N	8.5387	5.3398	7.4559	34.9951	35.6394	0.0000	0.1072	0.0000	7.5826	19.4227	22.6157	0.1014	372.0498	432.8358	0.0000	0.0152	0.0000	0.1070	2.2747	4.2353	0.0136	10.6315	12.1449	0.0049	0.1416	0.2982	0.0141	0.0007	0.0028	-0.5739	-0.5979	7.0030	1.0040	25.8862	14.1141	0.9854	0.9847	0.0007	0.9847	0.9847	0.0000	0.0007	0.0000	0.0007	1.0961	1.0931	0.0030	1.0417	1.0417	0.0001	0.0544	0.0514	0.0030	0.0507	0.0435	0.0072	0.0026	0.0023	0.0004	0.0481	0.0413	0.0068	0.4819	0.2581	0.2238	0.0980	0.0858	0.0122	0.3839	0.1723	0.2116
44	108	0.1431	16	2	0	1	1	1	0	1	0	0	0	1	1	0	0	0	0	0	0	Y	N	N	N	N	N	N	N	N	N	N	N	N	N	N	N	N	N	3.2042	0.0049	3182.5715	0.0298	0.0250	20261.6319	765.8789	4.1863	3167.8800	19.8925	0.0581	141.2897	1.0182	0.9928	1.1657	20.8346	0.0119	148.6215	6.2083	11.8604	0.0444	34.1176	39.7595	0.0001	0.0272	0.0028	0.0469	397.0679	0.0034	0.4156	-0.5268	7.0030	1.0065	25.8862	3.9764	1.0031	0.0025	1.0006	0.0024	0.0020	0.0004	1.0007	0.0005	1.0002	0.9669	0.9636	0.0033	0.9634	0.9634	0.0000	0.0035	0.0002	0.0033	0.0504	0.0433	0.0071	0.0024	0.0020	0.0004	0.0480	0.0413	0.0067	0.1557	0.0812	0.0745	0.0282	0.0242	0.0040	0.1275	0.0570	0.0705
44	112	0.0837	8	2	0	1	1	0	0	1	0	0	0	1	1	0	0	0	0	0	0	Y	N	N	N	N	N	N	N	N	N	N	N	N	N	N	N	N	N	0.0000	0.1112	0.0000	0.9493	1.1421	0.0000	0.0000	0.0000	0.0000	0.0001	0.0002	0.0000	0.0060	0.0061	0.0000	0.0000	0.0000	0.0000	3.8101	0.0014	7.9295	0.0063	0.0053	0.0191	4.4740	0.0000	8.1165	0.0000	5210.1448	-0.0000	0.8916	7.0030	3.0154	25.8862	11.4025	0.0000	0.0000	0.0000	0.0000	0.0000	0.0000	0.0000	0.0000	0.0000	1.9747	0.0004	1.9743	0.0005	0.0004	0.0001	1.9742	0.0000	1.9742	0.1484	0.1277	0.0207	0.0033	0.0033	0.0000	0.1451	0.1244	0.0207	0.5183	0.2693	0.2490	0.0770	0.0713	0.0058	0.4412	0.1980	0.2432
44	113	0.0763	7	2	0	0	1	0	0	0	0	0	0	1	1	0	0	0	0	0	0	Y	N	N	N	N	N	N	N	N	N	N	N	N	N	N	N	N	N	0.0001	0.0052	0.0001	0.1404	0.1239	0.0000	0.0000	0.0000	0.0001	0.0000	0.0000	0.0000	0.0004	0.0004	0.0000	0.0000	0.0000	0.0000	0.1386	0.0021	0.2656	0.0031	0.0036	0.0001	0.1491	0.0019	0.2703	0.3720	134.7928	-0.0000	0.0092	7.0030	0.0182	25.8862	4.6661	0.0000	0.0000	0.0000	0.0000	0.0000	0.0000	0.0000	0.0000	0.0000	0.0208	0.0002	0.0206	0.0000	0.0000	0.0000	0.0208	0.0001	0.0206	0.0009	0.0008	0.0001	0.0000	0.0000	0.0000	0.0009	0.0008	0.0001	0.1500	0.0723	0.0777	0.0107	0.0094	0.0014	0.1393	0.0629	0.0763
44	114	0.0763	6	2	0	0	1	0	0	0	0	0	0	1	1	0	0	0	0	0	0	Y	N	N	N	N	N	N	N	N	N	N	N	N	N	N	N	N	N	0.0013	3.4211	0.0024	4.5131	7.2996	0.0000	0.0006	0.0000	0.0023	0.0002	0.0001	0.0010	0.0008	0.0008	0.0000	0.0001	0.0000	0.0010	0.1882	0.0000	0.4415	0.0002	0.0001	0.0000	0.2369	0.0000	0.4480	1.0000	8296.9152	-0.0000	0.0000	7.0030	0.0004	25.8862	0.0007	0.0000	0.0000	0.0000	0.0000	0.0000	0.0000	0.0000	0.0000	0.0000	0.0000	0.0000	0.0000	0.0000	0.0000	0.0000	0.0000	0.0000	0.0000	0.0000	0.0000	0.0000	0.0000	0.0000	0.0000	0.0000	0.0000	0.0000	0.0001	0.0000	0.0000	0.0000	0.0000	0.0000	0.0000	0.0000	0.0000
44	115	0.0763	5	2	0	0	1	0	0	0	0	0	0	1	1	0	0	0	0	0	0	Y	N	N	N	N	N	N	N	N	N	N	N	N	N	N	N	N	N	0.0004	0.0001	13.6188	0.0004	0.0004	0.0000	inf	0.0000	inf	0.0002	0.0001	0.0010	0.0008	0.0008	0.0000	0.0001	0.0000	0.0010	0.6655	1.0220	0.0001	2.2009	2.2323	0.0000	0.0000	0.0000	0.0000	1.0000	0.0000	-0.0000	-0.0000	7.0030	0.0004	25.8862	0.0002	0.0000	0.0000	0.0000	0.0000	0.0000	0.0000	0.0000	0.0000	0.0000	0.0000	0.0000	0.0000	0.0000	0.0000	0.0000	0.0000	0.0000	0.0000	0.0000	0.0000	0.0000	0.0000	0.0000	0.0000	0.0000	0.0000	0.0000	0.0000	0.0000	0.0000	0.0000	0.0000	0.0000	0.0000	0.0000	0.0000
44	119	0.1389	14	2	0	1	1	0	0	0	0	0	0	1	1	0	0	0	0	0	0	Y	N	N	N	N	N	N	N	N	N	N	N	N	N	N	N	N	N	2.7535	1.7168	0.0000	0.0952	0.0834	0.0000	2.2124	1.1480	0.0000	3.4501	4.0057	0.0000	0.0035	0.0035	0.0000	3.5192	4.0982	0.0000	1.2530	2.3332	0.0005	0.0368	0.0425	0.0002	1.5907	3.5698	0.0005	0.0000	0.0002	-0.5830	-0.5501	7.0030	6.0007	25.8862	19.0307	0.9998	0.9998	0.0000	0.0000	0.0000	0.0000	0.9997	0.9997	0.0000	1.0037	1.0036	0.0002	0.0064	0.0064	0.0000	0.9973	0.9971	0.0002	0.2898	0.2496	0.0402	0.0057	0.0056	0.0001	0.2841	0.2439	0.0401	0.8011	0.4301	0.3710	0.1741	0.1508	0.0233	0.6270	0.2793	0.3477
44	120	0.1354	13	2	0	1	1	0	0	1	0	0	0	1	1	0	0	0	0	0	0	Y	N	N	N	N	N	N	N	N	N	N	N	N	N	N	N	N	N	45.5888	35.3554	0.0000	0.1691	0.1579	0.0000	39.0684	23.6101	0.0000	0.8310	0.9658	0.0000	0.0015	0.0016	0.0000	0.8478	0.9884	0.0000	0.0182	0.0273	0.0068	0.0092	0.0099	0.0008	0.0217	0.0419	0.0071	0.0000	0.1960	-0.0001	-0.0010	7.0030	0.0034	25.8862	3.2312	0.0001	0.0001	0.0000	0.0000	0.0000	0.0000	0.0001	0.0001	0.0000	0.0025	0.0021	0.0004	0.0004	0.0004	0.0000	0.0022	0.0018	0.0004	0.0002	0.0001	0.0000	0.0000	0.0000	0.0000	0.0002	0.0001	0.0000	0.1398	0.0780	0.0618	0.0387	0.0355	0.0032	0.1011	0.0425	0.0586
44	121	0.1351	12	2	0	0	1	0	0	0	0	0	0	1	1	0	0	0	0	0	0	Y	N	N	N	N	N	N	N	N	N	N	N	N	N	N	N	N	N	0.0000	0.0000	0.0000	0.0000	0.0000	0.0000	0.0000	0.0000	0.0000	0.0000	0.0000	0.0000	0.0000	0.0000	0.0000	0.0000	0.0000	0.0000	0.0087	0.0075	0.0104	0.0114	0.0118	0.0019	0.0071	0.0005	0.0107		1.0323	0.0000	-0.0000	7.0030	0.0000	25.8862	1.2022	0.0000	0.0000	0.0000	0.0000	0.0000	0.0000	0.0000	0.0000	0.0000	0.0008	0.0004	0.0004	0.0004	0.0004	0.0000	0.0004	0.0000	0.0004	0.0000	0.0000	0.0000	0.0000	0.0000	0.0000	0.0000	0.0000	0.0000	0.0875	0.0503	0.0372	0.0321	0.0309	0.0012	0.0554	0.0194	0.0360
44	122	0.1138	11	2	0	0	1	1	0	0	0	0	0	1	1	0	0	0	0	0	0	Y	N	N	N	N	N	N	N	N	N	N	N	N	N	N	N	N	N	14.0221	0.0000	39.4216	0.0000	0.0000	0.0000	14.0976	0.0000	37.3861	11.0871	0.0000	70.8907	0.0000	0.0000	0.0000	14.5064	0.0000	70.9438	0.7907	0.0007	1.7983	0.0017	0.0018	0.0011	1.0290	0.0001	1.8976	inf	1974.1983	0.0017	0.1721	7.0030	0.0041	25.8862	12.5856	0.0041	0.0000	0.0041	0.0000	0.0000	0.0000	0.0041	0.0000	0.0041	0.3813	0.0002	0.3811	0.0002	0.0002	0.0000	0.3811	0.0000	0.3811	0.0004	0.0003	0.0001	0.0001	0.0001	0.0000	0.0003	0.0002	0.0001	0.4823	0.2703	0.2120	0.1119	0.1008	0.0111	0.3704	0.1696	0.2009
44	126	0.1487	17	1	0	1	1	0	0	0	0	1	0	2	1	0	0	0	0	0	0	N	N	N	N	Y	N	N	N	N	N	N	N	N	N	N	N	N	N	0.0000	0.0000	0.0000	0.0000	0.0000	0.0000	0.0000	0.0000	0.0000	0.0000	0.0000	0.0000	0.0000	0.0000	0.0000	0.0000	0.0000	0.0000	0.1085	0.2027	0.0000	0.4934	0.5850	0.0001	0.0000	0.0000	0.0000		0.0000	0.0000	-0.0059	7.0030	0.0003	25.8862	3.0192	0.0000	0.0000	0.0000	0.0000	0.0000	0.0000	0.0000	0.0000	0.0000	0.0107	0.0107	0.0000	0.0107	0.0107	0.0000	0.0000	0.0000	0.0000	0.0000	0.0000	0.0000	0.0000	0.0000	0.0000	0.0000	0.0000	0.0000	0.0986	0.0528	0.0458	0.0217	0.0183	0.0034	0.0769	0.0345	0.0424
44	131	0.1550	19	2	0	1	1	0	0	0	0	0	0	1	1	0	0	0	0	0	0	Y	N	N	N	N	N	N	N	N	N	N	N	N	N	N	N	N	N	0.0011	10.5926	0.0000	22.8243	73.3248	0.0248	0.0000	0.0000	0.0000	0.0036	0.0042	0.0000	0.0764	0.0778	0.0004	0.0000	0.0000	0.0000	3.2721	0.0004	7.1202	0.0033	0.0011	0.0165	4.2981	0.0000	7.7129	0.0001	15121.6949	-0.0001	0.4804	7.0030	1.0211	25.8862	9.0731	0.0002	0.0002	0.0000	0.0002	0.0002	0.0000	0.0000	0.0000	0.0000	1.0636	0.0001	1.0635	0.0003	0.0001	0.0002	1.0633	0.0000	1.0633	0.0521	0.0448	0.0073	0.0025	0.0024	0.0000	0.0496	0.0424	0.0073	0.3250	0.1757	0.1494	0.0776	0.0661	0.0115	0.2474	0.1095	0.1379
44	132	0.1758	19	1	0	0	1	0	0	0	0	0	1	1	2	0	0	0	0	0	0	N	N	N	N	N	Y	N	N	N	N	N	N	N	N	N	N	N	N	0.0000	0.0000	0.0000	0.0000	0.0000	0.0000	0.0000	0.0000	0.0000	0.0000	0.0000	0.0000	0.0000	0.0000	0.0000	0.0000	0.0000	0.0000	0.0002	0.0003	0.0000	0.0006	0.0007	0.0000	0.0000	0.0000	0.0000		0.0000	0.0000	-0.0000	7.0030	0.0075	25.8862	1.9743	0.0000	0.0000	0.0000	0.0000	0.0000	0.0000	0.0000	0.0000	0.0000	0.0000	0.0000	0.0000	0.0000	0.0000	0.0000	0.0000	0.0000	0.0000	0.0010	0.0008	0.0002	0.0003	0.0003	0.0000	0.0007	0.0005	0.0002	0.0643	0.0353	0.0290	0.0166	0.0141	0.0026	0.0476	0.0212	0.0265
44	134	0.1706	17	1	0	0	1	0	0	0	0	0	1	1	2	0	0	0	0	0	0	N	N	N	N	N	Y	N	N	N	N	N	N	N	N	N	N	N	N	0.0016	0.0010	0.0000	0.0101	0.0075	0.0000	0.0000	0.0000	0.0000	0.0000	0.0000	0.0000	0.0006	0.0006	0.0000	0.0000	0.0000	0.0000	0.0213	0.0384	0.0001	0.0565	0.0771	0.0000	0.0016	0.0035	0.0001	0.0000	0.0016	-0.0000	-0.0033	7.0030	2.0569	25.8862	5.7592	0.0000	0.0000	0.0000	0.0000	0.0000	0.0000	0.0000	0.0000	0.0000	0.0061	0.0061	0.0000	0.0058	0.0058	0.0000	0.0003	0.0003	0.0000	0.1068	0.0923	0.0145	0.0064	0.0063	0.0001	0.1004	0.0860	0.0144	0.2867	0.1582	0.1284	0.1025	0.0752	0.0274	0.1841	0.0831	0.1011
44	135	0.1721	18	1	0	0	1	0	0	0	0	0	1	1	2	0	0	0	0	0	0	N	N	N	N	N	Y	N	N	N	N	N	N	N	N	N	N	N	N	0.0000	0.0000	0.0000	0.0000	0.0000	0.0000	0.0000	0.0000	0.0000	0.0000	0.0000	0.0000	0.0000	0.0000	0.0000	0.0000	0.0000	0.0000	2.9066	0.0009	6.4589	0.0015	0.0021	0.0000	4.3911	0.0000	7.9811		5569.4041	0.0000	0.4507	7.0030	1.0111	25.8862	8.8059	0.0000	0.0000	0.0000	0.0000	0.0000	0.0000	0.0000	0.0000	0.0000	0.9982	0.0002	0.9980	0.0002	0.0002	0.0000	0.9980	0.0000	0.9980	0.0508	0.0438	0.0070	0.0026	0.0025	0.0001	0.0482	0.0413	0.0069	0.3434	0.1889	0.1545	0.1161	0.0867	0.0295	0.2273	0.1022	0.1250
44	138	0.1488	16	2	0	1	1	0	0	0	0	0	0	2	1	0	0	0	0	0	0	Y	N	N	N	Y	N	N	N	N	N	N	N	N	N	N	N	N	N	0.1607	0.0000	0.3720	0.3966	0.0000	35.6980	0.1853	0.0000	0.3779	1.1686	0.0000	6.0150	0.0917	0.0000	1.3267	1.8056	0.0000	6.7298	7.2699	0.1060	16.1678	0.2313	0.2678	0.0372	9.7455	0.0002	17.8074	inf	122.7681	0.0001	0.4409	7.0030	0.0010	25.8862	4.0030	0.0002	0.0000	0.0002	0.0000	0.0000	0.0000	0.0002	0.0000	0.0002	0.9938	0.0080	0.9858	0.0082	0.0080	0.0002	0.9856	0.0000	0.9856	0.0002	0.0001	0.0000	0.0001	0.0001	0.0000	0.0001	0.0001	0.0000	0.1367	0.0757	0.0610	0.0356	0.0299	0.0056	0.1011	0.0458	0.0553
44	139	0.1233	15	2	0	1	1	0	0	0	0	1	0	2	1	0	0	0	0	0	0	Y	N	N	N	Y	N	N	N	N	N	N	N	N	N	N	N	N	N	2.3074	0.0000	1687.8371	3.5006	0.0002	3274752.4323	352.1352	0.0000	1373.8728	13.5449	0.0002	97.1436	96.6461	0.0075	8529.3046	11.9773	0.0000	84.4382	5.8703	10.7817	0.0576	27.6081	32.2354	0.0026	0.0340	0.0015	0.0615	99189.9364	0.0045	0.8272	-1.6098	7.0030	2.9989	25.8862	12.3267	1.9845	0.0000	1.9845	0.2622	0.0000	0.2621	1.7223	0.0000	1.7223	2.9604	2.9471	0.0133	2.9469	2.9468	0.0000	0.0135	0.0003	0.0133	0.1465	0.1261	0.0204	0.0027	0.0027	0.0000	0.1438	0.1234	0.0204	0.5043	0.2733	0.2310	0.1067	0.0914	0.0153	0.3976	0.1819	0.2156
44	140	0.1225	14	2	0	1	1	1	0	1	0	0	0	1	1	0	0	0	0	0	0	Y	N	N	N	N	N	N	N	N	N	N	N	N	N	N	N	N	N	0.8129	0.6327	1.3693	0.9304	0.7918	265366.2980	0.7087	0.0000	1.1981	2.1324	1.5047	4.0237	4.6955	4.4110	848.5410	1.2494	0.0000	3.7309	2.6232	2.3783	2.9385	5.0466	5.5710	0.0032	1.7631	0.0512	3.1141	0.8875	0.9598	-0.0000	-0.0053	7.0030	0.0011	25.8862	0.8290	0.0002	0.0001	0.0001	0.0001	0.0001	0.0000	0.0001	0.0000	0.0001	0.0913	0.0466	0.0447	0.0460	0.0460	0.0000	0.0453	0.0006	0.0447	0.0001	0.0001	0.0000	0.0000	0.0000	0.0000	0.0001	0.0001	0.0000	0.0348	0.0196	0.0152	0.0091	0.0083	0.0009	0.0257	0.0113	0.0144
44	141	0.1456	16	2	0	1	1	0	0	0	0	0	0	1	1	0	0	0	0	0	0	Y	N	N	N	N	N	N	N	N	N	N	N	N	N	N	N	N	N	0.0675	0.0408	0.0000	0.0000	0.0000	0.0000	6768.9008	455274.3221	0.0000	0.2374	0.2650	0.0000	0.0000	0.0000	0.0000	0.3181	0.3691	0.0000	3.5164	6.4883	0.0001	14.0241	16.5421	0.0000	0.0000	0.0000	0.0001	0.0000	0.0000	-0.0003	-0.5516	7.0030	0.0243	25.8862	8.8037	0.0005	0.0005	0.0000	0.0000	0.0000	0.0000	0.0005	0.0005	0.0000	1.0060	1.0060	0.0000	1.0060	1.0060	0.0000	0.0000	0.0000	0.0000	0.0023	0.0020	0.0002	0.0006	0.0006	0.0000	0.0017	0.0015	0.0002	0.2861	0.1550	0.1310	0.0717	0.0608	0.0109	0.2144	0.0942	0.1201
44	142	0.1290	15	2	0	1	1	1	0	1	0	0	0	1	1	0	0	0	0	0	0	Y	N	N	N	N	N	N	N	N	N	N	N	N	N	N	N	N	N	80.2714	123.6220	0.0010	0.0003	0.0003	0.0000	105.8539	18348.1019	0.0009	4.1352	4.8035	0.0001	0.0000	0.0000	0.0000	4.2143	4.9095	0.0001	0.0515	0.0389	0.0658	0.0926	0.1088	0.0001	0.0398	0.0003	0.0708	0.0000	1.4993	-0.5826	0.0009	7.0030	4.9785	25.8862	5.0554	0.9991	0.9991	0.0000	0.0000	0.0000	0.0000	0.9991	0.9991	0.0000	0.0172	0.0069	0.0103	0.0068	0.0068	0.0000	0.0103	0.0000	0.0103	0.2416	0.2080	0.0336	0.0045	0.0045	0.0000	0.2371	0.2035	0.0336	0.3336	0.1769	0.1566	0.0739	0.0629	0.0110	0.2596	0.1140	0.1456
44	143	0.1681	20	2	0	1	1	0	0	0	0	0	0	2	1	0	0	0	0	0	0	Y	N	N	N	Y	N	N	N	N	N	N	N	N	N	N	N	N	N	0.2354	14.5782	0.0000	0.0000	0.0000	0.0000	0.2453	252007.1048	0.0000	2.4623	2.8585	0.0000	0.0000	0.0000	0.0000	3.3910	4.1845	0.0000	10.4592	0.1961	23.3244	0.4370	0.5168	0.0205	13.8264	0.0000	25.6618	0.0000	94.8922	-0.0000	0.4447	7.0030	0.0000	25.8862	3.0055	0.0000	0.0000	0.0000	0.0000	0.0000	0.0000	0.0000	0.0000	0.0000	1.0077	0.0105	0.9972	0.0106	0.0105	0.0001	0.9972	0.0000	0.9972	0.0000	0.0000	0.0000	0.0000	0.0000	0.0000	0.0000	0.0000	0.0000	0.0963	0.0536	0.0428	0.0242	0.0203	0.0039	0.0721	0.0333	0.0389
44	144	0.1550	19	2	0	1	1	0	0	0	0	1	0	2	1	0	0	0	0	0	0	Y	N	N	N	Y	N	N	N	N	N	N	N	N	N	N	N	N	N	34.7864	384.3623	0.0000	0.0823	0.0721	0.0000	28.9219	2493.0240	0.0000	9.8988	11.4969	0.0000	0.0049	0.0051	0.0000	10.3117	12.0443	0.0000	0.2846	0.0299	0.5840	0.0600	0.0701	0.0000	0.3565	0.0048	0.6324	0.0000	16.6038	-0.5830	0.0299	7.0030	2.0192	25.8862	6.0784	0.9997	0.9997	0.0000	0.0000	0.0000	0.0000	0.9997	0.9997	0.0000	0.0756	0.0043	0.0713	0.0039	0.0039	0.0000	0.0717	0.0004	0.0713	0.1010	0.0870	0.0140	0.0040	0.0040	0.0001	0.0969	0.0830	0.0139	0.2657	0.1436	0.1221	0.0645	0.0552	0.0093	0.2012	0.0884	0.1128
44	145	0.1502	18	2	0	1	1	1	0	0	0	0	0	1	1	0	0	0	0	0	0	Y	N	N	N	N	N	N	N	N	N	N	N	N	N	N	N	N	N	0.0002	0.9222	0.0000	0.0026	0.0022	0.0000	0.0002	1.2728	0.0000	0.0020	0.0023	0.0000	0.0000	0.0000	0.0000	0.0020	0.0023	0.0000	9.8655	0.0025	21.0797	0.0031	0.0037	0.0002	12.6159	0.0018	22.8325	0.0000	7542.7533	-0.0001	0.4195	7.0030	1.9811	25.8862	0.9869	0.0002	0.0002	0.0000	0.0000	0.0000	0.0000	0.0002	0.0002	0.0000	0.9289	0.0001	0.9288	0.0001	0.0001	0.0000	0.9289	0.0001	0.9288	0.0973	0.0838	0.0135	0.0024	0.0024	0.0001	0.0949	0.0815	0.0135	0.0942	0.0501	0.0441	0.0205	0.0171	0.0034	0.0736	0.0329	0.0407
45	48	0.1281	21	2	0	1	1	1	0	1	0	0	0	1	1	0	0	0	0	0	0	Y	N	N	N	N	N	N	N	N	N	N	N	N	N	N	N	N	N	497.2447	0.0003	886109.6681	306.4171	0.0003	2337802.6687	5750.9504	0.0113	55871.8620	13.5158	0.0000	70.5882	31.3357	0.0000	109.6382	0.5599	0.0000	4.5559	0.0272	0.0469	0.0001	0.1023	0.1119	0.0000	0.0001	0.0001	0.0001	1265233.6131	0.0012	0.2991	-0.0027	1.9929	1.7572	12.8604	7.6758	0.7176	0.0000	0.7176	0.7004	0.0000	0.7004	0.0172	0.0000	0.0172	0.0049	0.0048	0.0000	0.0048	0.0048	0.0000	0.0000	0.0000	0.0000	0.0531	0.0429	0.0102	0.0224	0.0160	0.0064	0.0307	0.0270	0.0038	0.1786	0.1034	0.0752	0.0473	0.0433	0.0041	0.1313	0.0602	0.0711
45	49	0.1192	20	2	0	1	1	1	0	1	1	0	0	1	1	0	0	0	0	0	0	Y	N	N	N	N	N	N	N	N	N	N	N	N	N	N	N	N	N	170.6263	11.4889	1165.9227	1952.2984	113.0930	8924711.7590	1.0960	1.5994	3.9632	14.9348	1.0139	100.9007	392.3018	25.2272	4043.2703	0.0546	0.0037	0.3642	0.0875	0.0883	0.0865	0.2009	0.2231	0.0005	0.0498	0.0023	0.0919	16.1149	0.7185	0.0966	-0.0014	1.9929	1.2605	12.8604	5.3560	0.2696	0.0158	0.2539	0.2687	0.0157	0.2530	0.0009	0.0001	0.0009	0.0108	0.0063	0.0045	0.0062	0.0062	0.0000	0.0046	0.0001	0.0045	0.0181	0.0155	0.0025	0.0007	0.0006	0.0001	0.0174	0.0149	0.0025	0.1234	0.0712	0.0522	0.0308	0.0277	0.0031	0.0926	0.0435	0.0491
45	50	0.1192	20	2	0	1	0	1	0	1	0	0	0	1	1	0	0	0	0	0	0	Y	N	N	N	N	N	N	N	N	N	N	N	N	N	N	N	N	N	0.2834	0.1872	0.0000	1.7699	1.7440	0.0000	0.0000	0.0000	0.0000	0.0162	0.0189	0.0000	0.4187	0.4612	0.0000	0.0000	0.0000	0.0000	0.0573	0.1008	0.0003	0.2366	0.2644	0.0000	0.0010	0.0018	0.0003	0.0000	0.0022	-0.0001	-0.0047	1.9929	1.0001	12.8604	7.4568	0.0002	0.0002	0.0000	0.0002	0.0002	0.0000	0.0000	0.0000	0.0000	0.0086	0.0086	0.0000	0.0085	0.0085	0.0000	0.0001	0.0001	0.0000	0.0144	0.0124	0.0020	0.0006	0.0005	0.0001	0.0138	0.0119	0.0019	0.1509	0.0856	0.0653	0.0361	0.0323	0.0038	0.1148	0.0533	0.0615
45	51	0.1147	19	2	0	1	0	1	0	1	0	0	1	1	1	0	0	0	0	0	0	Y	N	N	N	N	N	N	N	N	N	N	N	N	N	N	N	N	N	21.5199	0.6404	2969.7890	190.6907	6.1214	48115849.5744	0.0644	0.0000	7.6466	1.7419	0.0774	16.7468	8.2500	0.3378	395.4380	0.0075	0.0000	0.0615	0.0809	0.1208	0.0056	0.0433	0.0552	0.0000	0.1158	0.2100	0.0080	24.0055	0.0247	0.0001	-0.0042	1.9929	0.0061	12.8604	2.7591	0.0002	0.0000	0.0002	0.0002	0.0000	0.0002	0.0000	0.0000	0.0000	0.0080	0.0078	0.0002	0.0021	0.0021	0.0000	0.0060	0.0058	0.0002	0.0001	0.0001	0.0000	0.0000	0.0000	0.0000	0.0001	0.0001	0.0000	0.0991	0.0648	0.0343	0.0476	0.0373	0.0103	0.0515	0.0275	0.0240
45	52	0.0558	3	2	0	1	0	1	0	1	0	0	1	0	1	0	0	0	0	0	0	Y	N	N	N	N	N	N	N	N	N	N	N	N	N	N	N	N	N	0.2862	0.2515	0.0000	0.0798	0.0845	0.0000	0.7446	283145.4176	0.0000	0.0146	0.0170	0.0000	0.0167	0.0181	0.0000	0.0145	0.0169	0.0000	0.0511	0.0675	0.0337	0.2089	0.2140	0.0221	0.0195	0.0000	0.0338	0.0000	0.4710	-0.0001	-0.0019	1.9929	1.0020	12.8604	7.2599	0.0002	0.0002	0.0000	0.0000	0.0000	0.0000	0.0002	0.0002	0.0000	0.0082	0.0056	0.0026	0.0056	0.0056	0.0000	0.0026	0.0000	0.0026	0.0146	0.0126	0.0020	0.0006	0.0006	0.0000	0.0140	0.0120	0.0020	0.1615	0.0831	0.0784	0.0269	0.0262	0.0007	0.1346	0.0569	0.0777
45	53	0.0360	2	2	0	1	0	2	0	1	0	0	0	0	0	0	0	0	0	0	0	Y	N	N	N	N	N	N	N	N	N	N	N	N	N	N	N	N	N	12.2617	853.5939	0.0004	72.6124	84.1926	0.0038	9.4643	189905.2012	0.0004	20.2107	23.8789	0.0013	3.7870	4.3538	0.0004	21.6503	25.6420	0.0014	1.6483	0.0280	3.4356	0.0522	0.0517	0.0956	2.2876	0.0001	3.4560	0.0000	111.3347	-0.5584	0.2648	1.9929	3.0050	12.8604	8.3063	0.9576	0.9576	0.0000	0.0145	0.0145	0.0000	0.9432	0.9432	0.0000	0.5979	0.0053	0.5926	0.0054	0.0053	0.0001	0.5925	0.0000	0.5925	0.0474	0.0401	0.0073	0.0038	0.0033	0.0005	0.0436	0.0368	0.0068	0.3628	0.1903	0.1725	0.1037	0.1027	0.0010	0.2590	0.0876	0.1715
45	56	0.0544	5	2	0	1	0	1	0	1	0	0	0	0	0	0	0	0	0	0	0	Y	N	N	N	N	N	N	N	N	N	N	N	N	N	N	N	N	N	0.0426	34.8203	0.0000	10.0733	14.6297	0.0000	0.0347	401574.9668	0.0000	0.1630	0.1888	0.0000	0.2588	0.2749	0.0000	0.1585	0.1844	0.0000	3.8229	0.0054	8.3776	0.0257	0.0188	0.1576	4.5742	0.0000	8.5282	0.0000	1294.8479	-0.0041	0.4550	1.9929	2.9988	12.8604	11.1255	0.0071	0.0071	0.0000	0.0005	0.0005	0.0000	0.0066	0.0066	0.0000	1.0091	0.0008	1.0083	0.0011	0.0008	0.0003	1.0079	0.0000	1.0079	0.0433	0.0374	0.0059	0.0020	0.0018	0.0001	0.0414	0.0356	0.0058	0.2640	0.1436	0.1204	0.0436	0.0414	0.0022	0.2204	0.1022	0.1182
45	70	0.1219	20	2	0	1	0	1	0	1	0	0	1	1	1	0	0	0	0	0	0	Y	N	N	N	N	N	N	N	N	N	N	N	N	N	N	N	N	N	5.0486	0.0000	19.4014	5382.5384	0.0000	641056.5060	0.0141	0.0000	0.0631	23.0951	0.0000	201.3951	137.9387	0.0000	4639.2374	0.0976	0.0000	0.7410	4.5746	0.0624	10.3804	0.0256	0.0289	0.0072	6.9059	0.0975	11.7465	inf	129.3606	0.4047	0.4412	1.9929	2.3581	12.8604	7.4584	0.9708	0.0000	0.9708	0.9674	0.0000	0.9674	0.0034	0.0000	0.0034	0.9935	0.0076	0.9859	0.0019	0.0018	0.0001	0.9916	0.0058	0.9858	0.0420	0.0372	0.0048	0.0070	0.0068	0.0002	0.0350	0.0304	0.0046	0.2172	0.1222	0.0950	0.0736	0.0625	0.0111	0.1436	0.0597	0.0839
45	71	0.1147	19	2	0	1	0	1	0	1	0	0	0	1	0	0	0	0	0	0	0	Y	N	N	N	N	N	N	N	N	N	N	N	N	N	N	N	N	N	0.0055	0.0078	0.0150	18.0818	0.2068	1257.2666	0.0000	0.0000	0.0000	0.0306	0.0005	0.2174	0.8575	0.0119	9.8240	0.0001	0.0000	0.0008	5.5874	0.0574	14.4796	0.0474	0.0576	0.0078	9.2215	0.0573	18.3463	78.0601	156.7593	0.0003	0.3414	1.9929	1.7590	12.8604	3.5356	0.0008	0.0000	0.0008	0.0008	0.0000	0.0008	0.0000	0.0000	0.0000	0.7666	0.0049	0.7617	0.0026	0.0025	0.0001	0.7640	0.0024	0.7616	0.0250	0.0216	0.0035	0.0009	0.0008	0.0001	0.0242	0.0207	0.0034	0.1372	0.0846	0.0526	0.0543	0.0433	0.0111	0.0828	0.0413	0.0415
45	72	0.1113	18	2	0	1	0	1	0	1	0	1	0	1	0	0	0	0	0	0	0	Y	N	N	N	N	N	N	N	N	N	N	N	N	N	N	N	N	N	1.0874	0.0000	15.8492	28.8581	0.0000	302790.8175	0.0040	0.0000	0.0541	0.1497	0.0000	1.5311	0.7202	0.0000	77.5003	0.0007	0.0000	0.0055	0.1376	0.1739	0.0966	0.0250	0.0283	0.0003	0.1650	0.2440	0.1016	inf	0.4913	0.0000	-0.0012	1.9929	0.0029	12.8604	2.4186	0.0000	0.0000	0.0000	0.0000	0.0000	0.0000	0.0000	0.0000	0.0000	0.0053	0.0036	0.0017	0.0002	0.0002	0.0000	0.0051	0.0034	0.0017	0.0001	0.0001	0.0000	0.0000	0.0000	0.0000	0.0001	0.0000	0.0000	0.0386	0.0205	0.0181	0.0075	0.0066	0.0009	0.0310	0.0138	0.0172
45	78	0.0544	5	2	0	1	0	1	0	1	0	0	1	0	1	0	0	0	0	0	0	Y	N	N	N	N	N	N	N	N	N	N	N	N	N	N	N	N	N	1.0049	2.7517	0.0000	1.2621	1.4840	0.0000	0.0119	2708.2539	0.0000	0.0979	0.1182	0.0000	0.1860	0.2162	0.0000	0.0010	0.0013	0.0000	0.0974	0.0429	0.1626	0.1474	0.1457	0.1809	0.0872	0.0000	0.1622	0.0000	3.1612	-0.0001	0.0048	1.9929	0.0166	12.8604	12.2009	0.0001	0.0001	0.0000	0.0001	0.0001	0.0000	0.0000	0.0000	0.0000	0.0226	0.0054	0.0172	0.0058	0.0054	0.0003	0.0168	0.0000	0.0168	0.0010	0.0008	0.0002	0.0005	0.0004	0.0001	0.0005	0.0004	0.0001	0.2321	0.1265	0.1056	0.0392	0.0373	0.0019	0.1929	0.0892	0.1037
45	79	0.0401	4	2	0	1	0	2	0	1	0	0	0	0	0	0	0	0	0	0	0	Y	N	N	N	N	N	N	N	N	N	N	N	N	N	N	N	N	N	0.0072	0.2158	0.0010	0.5845	0.6244	0.1237	0.0008	0.9188	0.0010	0.0452	0.0506	0.0129	0.6396	0.7049	0.0225	0.0058	0.0047	0.0124	6.2803	0.2347	12.8990	1.0943	1.1289	0.1821	6.9265	0.0051	13.0078	0.0424	50.2080	-0.0004	0.4343	1.9929	1.0285	12.8604	7.9781	0.0007	0.0007	0.0000	0.0006	0.0006	0.0000	0.0001	0.0001	0.0000	1.0049	0.0196	0.9853	0.0194	0.0193	0.0001	0.9855	0.0003	0.9852	0.0157	0.0135	0.0022	0.0010	0.0009	0.0001	0.0147	0.0126	0.0022	0.1600	0.0836	0.0764	0.0177	0.0171	0.0006	0.1423	0.0665	0.0757
45	84	0.0845	15	2	0	1	0	1	0	1	0	0	0	0	0	0	0	0	0	0	0	Y	N	N	N	N	N	N	N	N	N	N	N	N	N	N	N	N	N	0.0000	0.0000	0.0000	0.0000	0.0000	0.0000	0.0000	0.0000	0.0000	0.0000	0.0000	0.0000	0.0000	0.0000	0.0000	0.0000	0.0000	0.0000	0.0439	0.0820	0.0000	0.2684	0.2882	0.0007	0.0000	0.0000	0.0000		0.0002	0.0000	-0.0072	1.9929	2.9998	12.8604	15.4389	0.0000	0.0000	0.0000	0.0000	0.0000	0.0000	0.0000	0.0000	0.0000	0.0132	0.0132	0.0000	0.0132	0.0132	0.0000	0.0000	0.0000	0.0000	0.0424	0.0365	0.0059	0.0015	0.0013	0.0001	0.0410	0.0352	0.0058	0.3001	0.1606	0.1395	0.0491	0.0457	0.0034	0.2511	0.1149	0.1361
45	88	0.1256	21	2	0	1	0	1	0	1	0	0	0	1	1	0	0	0	0	0	0	Y	N	N	N	N	N	N	N	N	N	N	N	N	N	N	N	N	N	0.1195	0.4156	0.0000	3.2238	3.2869	0.0000	0.0000	0.0000	0.0000	0.0456	0.0530	0.0000	0.8097	0.8846	0.0000	0.0000	0.0000	0.0000	0.3811	0.1274	0.7306	0.2512	0.2691	0.0011	0.4353	0.0000	0.7665	0.0000	4.1627	-0.0004	0.0197	1.9929	1.0173	12.8604	8.6136	0.0007	0.0007	0.0000	0.0007	0.0007	0.0000	0.0000	0.0000	0.0000	0.0763	0.0148	0.0615	0.0148	0.0148	0.0000	0.0615	0.0000	0.0615	0.0149	0.0128	0.0021	0.0008	0.0008	0.0001	0.0141	0.0121	0.0020	0.2002	0.1160	0.0842	0.0589	0.0549	0.0039	0.1414	0.0611	0.0803
45	90	0.1256	21	2	0	1	0	1	0	1	0	0	0	1	1	0	0	0	0	0	0	Y	N	N	N	N	N	N	N	N	N	N	N	N	N	N	N	N	N	556.9509	0.0000	23739345.5054	3120.1219	0.0000	278754063.5004	23927.7671	0.0000	95570.4172	33.4647	0.0000	240.5350	682.6593	0.0000	8161.6512	0.1238	0.0000	0.8723	0.0601	0.1057	0.0000	0.2188	0.2374	0.0000	0.0000	0.0000	0.0000	inf	0.0001	0.4047	-0.0086	1.9929	2.0138	12.8604	11.8132	0.9709	0.0000	0.9709	0.9675	0.0000	0.9675	0.0034	0.0000	0.0034	0.0156	0.0156	0.0000	0.0156	0.0156	0.0000	0.0000	0.0000	0.0000	0.0290	0.0250	0.0040	0.0014	0.0013	0.0001	0.0276	0.0237	0.0039	0.2597	0.1476	0.1121	0.0713	0.0657	0.0056	0.1884	0.0819	0.1065
45	91	0.1171	20	2	0	1	0	1	0	1	0	1	1	1	1	0	0	0	0	0	0	Y	N	N	N	N	N	N	N	N	N	N	N	N	N	N	N	N	N	0.0765	0.0000	0.6402	0.8319	0.0000	94883.1644	0.0006	0.0000	0.0022	0.0240	0.0000	0.1716	0.5801	0.0000	7.8880	0.0001	0.0000	0.0006	0.3132	0.3459	0.2681	0.6973	0.7469	0.0001	0.1578	0.0000	0.2809	inf	0.5592	0.0003	-0.0079	1.9929	1.9725	12.8604	4.2763	0.0007	0.0000	0.0007	0.0007	0.0000	0.0007	0.0000	0.0000	0.0000	0.0414	0.0266	0.0148	0.0266	0.0266	0.0000	0.0148	0.0000	0.0148	0.0284	0.0244	0.0040	0.0012	0.0011	0.0001	0.0272	0.0233	0.0039	0.1322	0.0768	0.0554	0.0381	0.0356	0.0025	0.0941	0.0412	0.0529
45	98	0.1471	21	2	0	1	1	1	0	1	1	0	0	1	1	0	0	0	0	0	0	Y	N	N	N	N	N	N	N	N	N	N	N	N	N	N	N	N	N	0.0000	0.0000	0.0000	0.0000	0.0000	0.0000	0.0000	0.0000	0.0000	0.0000	0.0000	0.0000	0.0000	0.0000	0.0000	0.0000	0.0000	0.0000	8.7275	0.0002	18.6523	0.0000	0.0000	0.0000	11.7050	0.0003	20.7627		98140.2978	0.0000	0.4458	1.9929	2.9999	12.8604	3.9821	0.0000	0.0000	0.0000	0.0000	0.0000	0.0000	0.0000	0.0000	0.0000	0.9868	0.0000	0.9868	0.0000	0.0000	0.0000	0.9868	0.0000	0.9868	0.0425	0.0366	0.0059	0.0012	0.0011	0.0001	0.0413	0.0355	0.0058	0.1131	0.0602	0.0529	0.0288	0.0234	0.0054	0.0843	0.0368	0.0475
45	99	0.1440	20	2	0	1	0	1	0	1	0	0	0	1	1	0	0	0	0	0	0	Y	N	N	N	N	N	N	N	N	N	N	N	N	N	N	N	N	N	19.1028	0.0000	101.9834	40.6167	0.0000	inf	0.1207	0.0000	0.7961	2.7474	0.0000	17.9563	6.5935	0.0000	30.1035	0.0165	0.0000	0.1558	0.1438	0.1165	0.1761	0.1623	0.1958	0.0000	0.1370	0.0609	0.1957	inf	1.2790	0.0000	0.0001	1.9929	0.0003	12.8604	2.0601	0.0000	0.0000	0.0000	0.0000	0.0000	0.0000	0.0000	0.0000	0.0000	0.0052	0.0023	0.0029	0.0016	0.0016	0.0000	0.0036	0.0007	0.0029	0.0000	0.0000	0.0000	0.0000	0.0000	0.0000	0.0000	0.0000	0.0000	0.0361	0.0196	0.0166	0.0097	0.0081	0.0017	0.0264	0.0115	0.0149
45	100	0.1242	19	2	0	1	0	1	0	1	0	1	1	1	1	0	0	0	0	0	0	Y	N	N	N	N	N	N	N	N	N	N	N	N	N	N	N	N	N	2.6581	0.0000	9277.6497	1831.1169	0.0000	9348297.3388	0.0075	0.0000	31.2746	22.7730	0.0000	163.4383	609.2052	0.0000	6473.6697	0.0833	0.0000	0.5902	8.5673	15.6659	0.0176	0.3327	0.3836	0.0007	11.1034	24.7835	0.0189	54609837.0017	0.0009	0.4047	-0.9651	1.9929	3.0014	12.8604	9.1620	0.9709	0.0000	0.9709	0.9675	0.0000	0.9675	0.0034	0.0000	0.0034	1.7633	1.7617	0.0016	0.0161	0.0161	0.0000	1.7472	1.7455	0.0016	0.0426	0.0367	0.0059	0.0016	0.0014	0.0001	0.0410	0.0353	0.0058	0.2058	0.1125	0.0934	0.0485	0.0420	0.0064	0.1574	0.0704	0.0869
45	101	0.1113	18	2	0	1	0	1	0	1	0	0	0	0	0	0	0	0	0	0	0	Y	N	N	N	N	N	N	N	N	N	N	N	N	N	N	N	N	N	14.6702	0.0000	96.0032	3415.7236	0.0000	27003.5075	0.0478	0.0000	0.3311	4.4282	0.0000	37.1063	37.3219	0.0000	1759.4645	0.0177	0.0000	0.1334	0.3018	0.2258	0.3865	0.0109	0.0034	0.0652	0.3700	0.3288	0.4030	inf	1.5386	0.0002	0.0022	1.9929	0.0077	12.8604	8.0757	0.0006	0.0000	0.0006	0.0006	0.0000	0.0006	0.0000	0.0000	0.0000	0.0376	0.0148	0.0228	0.0003	0.0001	0.0002	0.0373	0.0147	0.0226	0.0001	0.0001	0.0000	0.0000	0.0000	0.0000	0.0001	0.0001	0.0000	0.1245	0.0656	0.0589	0.0236	0.0208	0.0029	0.1009	0.0448	0.0561
45	102	0.1097	17	2	0	1	0	1	0	1	0	0	0	0	0	0	0	0	0	0	0	Y	N	N	N	N	N	N	N	N	N	N	N	N	N	N	N	N	N	0.0000	0.0000	0.0000	0.0000	0.0000	0.0000	0.0000	0.0000	0.0000	0.0000	0.0000	0.0000	0.0000	0.0000	0.0000	0.0000	0.0000	0.0000	0.1804	0.3406	0.0036	0.9550	1.0859	0.0001	0.0031	0.0022	0.0038		0.0096	0.0000	-0.0015	1.9929	0.0011	12.8604	1.0060	0.0000	0.0000	0.0000	0.0000	0.0000	0.0000	0.0000	0.0000	0.0000	0.0028	0.0028	0.0000	0.0028	0.0028	0.0000	0.0000	0.0000	0.0000	0.0000	0.0000	0.0000	0.0000	0.0000	0.0000	0.0000	0.0000	0.0000	0.0157	0.0083	0.0075	0.0029	0.0026	0.0004	0.0128	0.0057	0.0071
45	113	0.1097	19	2	0	1	0	1	0	1	0	0	0	0	0	0	0	0	0	0	0	Y	N	N	N	N	N	N	N	N	N	N	N	N	N	N	N	N	N	0.0000	0.0000	0.0000	0.0000	0.0000	0.0000	0.0000	0.0000	0.0000	0.0000	0.0000	0.0000	0.0000	0.0000	0.0000	0.0000	0.0000	0.0000	0.2639	0.0033	0.5513	0.0094	0.0107	0.0000	0.3220	0.0000	0.5787		150.4144	0.0000	0.0085	1.9929	0.0182	12.8604	4.6661	0.0000	0.0000	0.0000	0.0000	0.0000	0.0000	0.0000	0.0000	0.0000	0.0191	0.0001	0.0190	0.0001	0.0001	0.0000	0.0190	0.0000	0.0190	0.0003	0.0002	0.0000	0.0000	0.0000	0.0000	0.0003	0.0002	0.0000	0.0724	0.0380	0.0344	0.0135	0.0118	0.0016	0.0589	0.0261	0.0328
45	114	0.1097	18	2	0	1	0	1	0	1	0	0	0	0	0	0	0	0	0	0	0	Y	N	N	N	N	N	N	N	N	N	N	N	N	N	N	N	N	N	0.0000	0.0000	0.0000	0.0000	0.0000	0.0000	0.0000	0.0000	0.0000	0.0000	0.0000	0.0000	0.0000	0.0000	0.0000	0.0000	0.0000	0.0000	0.3845	0.0002	0.9691	0.0004	0.0004	0.0000	0.5372	0.0000	1.0083		3508.3546	0.0000	0.0000	1.9929	0.0004	12.8604	0.0007	0.0000	0.0000	0.0000	0.0000	0.0000	0.0000	0.0000	0.0000	0.0000	0.0000	0.0000	0.0000	0.0000	0.0000	0.0000	0.0000	0.0000	0.0000	0.0000	0.0000	0.0000	0.0000	0.0000	0.0000	0.0000	0.0000	0.0000	0.0000	0.0000	0.0000	0.0000	0.0000	0.0000	0.0000	0.0000	0.0000
45	115	0.1097	17	2	0	1	0	1	0	1	0	0	0	0	0	0	0	0	0	0	0	Y	N	N	N	N	N	N	N	N	N	N	N	N	N	N	N	N	N	0.0000	0.0000	0.0000	0.0000	0.0000	0.0000	0.0000	0.0000	0.0000	0.0000	0.0000	0.0000	0.0000	0.0000	0.0000	0.0000	0.0000	0.0000	0.0107	0.0138	0.0041	0.0290	0.0264	0.1098	0.0002	0.0000	0.0003		0.1450	0.0000	-0.0000	1.9929	0.0004	12.8604	0.0002	0.0000	0.0000	0.0000	0.0000	0.0000	0.0000	0.0000	0.0000	0.0000	0.0000	0.0000	0.0000	0.0000	0.0000	0.0000	0.0000	0.0000	0.0000	0.0000	0.0000	0.0000	0.0000	0.0000	0.0000	0.0000	0.0000	0.0000	0.0000	0.0000	0.0000	0.0000	0.0000	0.0000	0.0000	0.0000	0.0000
45	116	0.0893	16	2	0	1	0	1	0	1	0	0	0	0	0	0	0	0	0	0	0	Y	N	N	N	N	N	N	N	N	N	N	N	N	N	N	N	N	N	0.1049	0.2725	0.0000	0.2483	0.2671	0.0000	0.0000	0.0000	0.0000	0.0370	0.0422	0.0000	0.1070	0.1200	0.0000	0.0000	0.0000	0.0000	0.3524	0.1548	0.6037	0.4307	0.4493	0.1511	0.3322	0.0000	0.6174	0.0000	3.0671	-0.0000	0.0169	1.9929	0.0012	12.8604	12.6705	0.0000	0.0000	0.0000	0.0000	0.0000	0.0000	0.0000	0.0000	0.0000	0.0820	0.0202	0.0618	0.0206	0.0202	0.0005	0.0614	0.0000	0.0614	0.0000	0.0000	0.0000	0.0000	0.0000	0.0000	0.0000	0.0000	0.0000	0.2327	0.1302	0.1024	0.0479	0.0449	0.0030	0.1848	0.0854	0.0994
45	117	0.0845	15	2	0	1	0	1	0	1	0	0	0	0	0	0	0	0	0	0	0	Y	N	N	N	N	N	N	N	N	N	N	N	N	N	N	N	N	N	0.0069	0.0000	0.0207	11.7860	0.0000	139.9457	0.0000	0.0000	0.0000	0.0767	0.0000	0.5746	0.7367	0.0000	29.4435	0.0001	0.0000	0.0008	11.1753	0.0313	27.7440	0.0625	0.0566	0.2104	14.9385	0.0140	28.4235	inf	595.2835	0.0000	0.4187	1.9929	0.0012	12.8604	3.6220	0.0000	0.0000	0.0000	0.0000	0.0000	0.0000	0.0000	0.0000	0.0000	0.9303	0.0016	0.9288	0.0013	0.0011	0.0002	0.9290	0.0004	0.9286	0.0000	0.0000	0.0000	0.0000	0.0000	0.0000	0.0000	0.0000	0.0000	0.0832	0.0498	0.0335	0.0211	0.0203	0.0008	0.0622	0.0295	0.0327
45	118	0.0810	14	2	0	1	0	2	0	1	0	0	0	0	0	0	0	0	0	0	0	Y	N	N	N	N	N	N	N	N	N	N	N	N	N	N	N	N	N	8.2460	16.5359	0.0000	0.0620	0.0734	0.0000	15.1858	1925.1505	0.0000	2.5073	3.0396	0.0000	0.0248	0.0306	0.0000	4.0475	4.8537	0.0000	0.3041	0.1838	0.4967	0.4002	0.4171	0.0030	0.2665	0.0025	0.5119	0.0000	1.6865	-0.0000	0.0016	1.9929	0.0004	12.8604	2.6029	0.0000	0.0000	0.0000	0.0000	0.0000	0.0000	0.0000	0.0000	0.0000	0.0207	0.0077	0.0130	0.0076	0.0076	0.0000	0.0130	0.0001	0.0130	0.0000	0.0000	0.0000	0.0000	0.0000	0.0000	0.0000	0.0000	0.0000	0.0680	0.0419	0.0261	0.0191	0.0183	0.0008	0.0489	0.0236	0.0253
45	121	0.0936	12	2	0	1	0	1	0	1	0	0	0	0	0	0	0	0	0	0	0	Y	N	N	N	N	N	N	N	N	N	N	N	N	N	N	N	N	N	0.0000	0.0000	0.0000	0.0000	0.0000	0.0000	0.0000	0.0000	0.0000	0.0000	0.0000	0.0000	0.0000	0.0000	0.0000	0.0000	0.0000	0.0000	0.0700	0.0682	0.0720	0.0694	0.0931	0.0000	0.0708	0.0000	0.0994		0.9625	0.0000	-0.0002	1.9929	0.0000	12.8604	1.2022	0.0000	0.0000	0.0000	0.0000	0.0000	0.0000	0.0000	0.0000	0.0000	0.0037	0.0019	0.0018	0.0019	0.0019	0.0000	0.0018	0.0000	0.0018	0.0000	0.0000	0.0000	0.0000	0.0000	0.0000	0.0000	0.0000	0.0000	0.0534	0.0280	0.0255	0.0275	0.0205	0.0070	0.0259	0.0075	0.0185
45	122	0.0722	11	2	0	1	0	2	0	1	0	0	0	0	0	0	0	0	0	0	0	Y	N	N	N	N	N	N	N	N	N	N	N	N	N	N	N	N	N	0.0000	0.0000	0.0000	0.0000	0.0000	0.0000	0.0000	0.0000	0.0000	0.0000	0.0000	0.0000	0.0000	0.0000	0.0000	0.0000	0.0000	0.0000	0.0130	0.0131	0.0129	0.0328	0.0375	0.0000	0.0073	0.0000	0.0138		0.7732	0.0000	-0.0004	1.9929	0.0041	12.8604	12.5856	0.0000	0.0000	0.0000	0.0000	0.0000	0.0000	0.0000	0.0000	0.0000	0.0031	0.0018	0.0014	0.0018	0.0018	0.0000	0.0014	0.0000	0.0014	0.0001	0.0001	0.0000	0.0000	0.0000	0.0000	0.0001	0.0001	0.0000	0.2410	0.1350	0.1060	0.0539	0.0472	0.0068	0.1871	0.0878	0.0993
48	50	0.0249	2	2	0	0	1	0	0	0	0	0	0	2	2	0	0	0	0	0	0	Y	N	N	N	Y	Y	N	N	N	N	N	N	N	N	N	N	N	N	0.0284	1.5036	0.0000	12.5203	13.3644	0.0000	0.0000	0.0000	0.0000	0.0164	0.0192	0.0000	0.2267	0.2288	0.0000	0.0000	0.0000	0.0000	0.5781	0.0128	1.1833	0.0181	0.0171	0.5607	0.9315	0.0000	1.1842	0.0000	86.4198	-0.0001	0.0843	1.7572	1.0001	7.6758	7.4568	0.0002	0.0002	0.0000	0.0002	0.0002	0.0000	0.0000	0.0000	0.0000	0.1914	0.0022	0.1892	0.0023	0.0022	0.0001	0.1891	0.0000	0.1891	0.0141	0.0121	0.0021	0.0010	0.0010	0.0000	0.0131	0.0110	0.0021	0.3311	0.1712	0.1599	0.1281	0.1279	0.0002	0.2030	0.0433	0.1597
48	52	0.1278	21	2	0	0	1	0	0	0	0	0	1	1	2	0	0	0	0	0	0	Y	N	N	N	N	Y	N	N	N	N	N	N	N	N	N	N	N	N	0.0834	0.0708	0.0000	0.3547	0.3474	0.0000	0.0069	5.1926	0.0000	0.0115	0.0134	0.0000	0.1371	0.1440	0.0000	0.0002	0.0003	0.0000	0.1380	0.1890	0.0667	0.3864	0.4144	0.0926	0.0359	0.0001	0.0650	0.0000	0.2521	-0.0001	-0.0049	1.7572	1.0020	7.6758	7.2599	0.0002	0.0002	0.0000	0.0002	0.0002	0.0000	0.0000	0.0000	0.0000	0.0141	0.0112	0.0028	0.0115	0.0112	0.0002	0.0026	0.0000	0.0026	0.0141	0.0121	0.0020	0.0012	0.0011	0.0001	0.0130	0.0110	0.0019	0.1020	0.0595	0.0425	0.0297	0.0271	0.0026	0.0723	0.0324	0.0399
48	53	0.1081	20	2	0	0	1	1	0	0	0	0	0	1	1	0	0	0	0	0	0	Y	N	N	N	N	N	N	N	N	N	N	N	N	N	N	N	N	N	1.6283	88.7704	0.0000	658.0401	1099.2412	0.0077	0.0363	1.6737	0.0000	11.8153	14.3236	0.0007	35.8146	48.4523	0.0014	0.3560	0.4111	0.0000	7.2560	0.1614	16.8678	0.0544	0.0441	0.1765	9.7994	0.2456	17.7102	0.0000	77.1618	-0.4245	0.4410	1.7572	3.0050	7.6758	8.3063	0.7279	0.7279	0.0000	0.7131	0.7131	0.0000	0.0148	0.0148	0.0000	1.0046	0.0129	0.9917	0.0020	0.0015	0.0005	1.0026	0.0114	0.9912	0.0616	0.0508	0.0108	0.0199	0.0147	0.0052	0.0417	0.0361	0.0056	0.1384	0.0797	0.0588	0.0361	0.0333	0.0028	0.1023	0.0463	0.0560
48	55	0.1429	20	2	0	1	1	0	0	1	0	0	0	1	1	0	0	0	0	0	0	Y	N	N	N	N	N	N	N	N	N	N	N	N	N	N	N	N	N	0.0000	0.0000	0.0000	0.0000	0.0000	0.0000	0.0000	0.0000	0.0000	0.0000	0.0000	0.0000	0.0000	0.0000	0.0000	0.0000	0.0000	0.0000	0.0018	0.0005	0.0036	0.0062	0.0011	0.0557	0.0000	0.0000	0.0000		5.0000	0.0000	0.0000	1.7572	0.0000	7.6758	2.9989	0.0000	0.0000	0.0000	0.0000	0.0000	0.0000	0.0000	0.0000	0.0000	0.0001	0.0000	0.0001	0.0001	0.0000	0.0001	0.0000	0.0000	0.0000	0.0000	0.0000	0.0000	0.0000	0.0000	0.0000	0.0000	0.0000	0.0000	0.0338	0.0200	0.0138	0.0096	0.0087	0.0009	0.0241	0.0113	0.0129
48	56	0.1183	19	2	0	0	1	0	0	0	0	0	0	1	1	0	0	0	0	0	0	Y	N	N	N	N	N	N	N	N	N	N	N	N	N	N	N	N	N	0.0148	3.4583	0.0000	11.1116	11.1098	0.0000	0.0000	17.7904	0.0000	0.0051	0.0059	0.0000	0.0405	0.0443	0.0000	0.0000	0.0000	0.0000	0.3466	0.0017	0.8174	0.0036	0.0040	0.0000	0.4741	0.0000	0.8652	0.0000	349.6134	-0.0001	0.0257	1.7572	2.9988	7.6758	11.1255	0.0002	0.0002	0.0000	0.0002	0.0002	0.0000	0.0000	0.0000	0.0000	0.0573	0.0002	0.0572	0.0002	0.0002	0.0000	0.0572	0.0000	0.0572	0.0409	0.0354	0.0054	0.0052	0.0047	0.0004	0.0357	0.0307	0.0050	0.1654	0.0955	0.0699	0.0448	0.0410	0.0039	0.1206	0.0545	0.0661
48	57	0.0735	8	2	0	1	2	0	0	0	1	0	0	2	2	0	0	0	0	0	0	Y	N	N	Y	Y	Y	N	N	N	N	N	N	N	N	N	N	N	N	0.0000	0.0000	0.0000	0.0000	0.0000	0.0000	0.0000	0.0000	0.0000	0.0000	0.0000	0.0000	0.0000	0.0000	0.0000	0.0000	0.0000	0.0000	0.0000	0.0000	0.0000	0.0000	0.0000	0.0000	0.0000	0.0000	0.0000			0.0000	0.0000	1.7572	0.0000	7.6758	0.0000	0.0000	0.0000	0.0000	0.0000	0.0000	0.0000	0.0000	0.0000	0.0000	0.0000	0.0000	0.0000	0.0000	0.0000	0.0000	0.0000	0.0000	0.0000	0.0000	0.0000	0.0000	0.0000	0.0000	0.0000	0.0000	0.0000	0.0000	0.0000	0.0000	0.0000	0.0000	0.0000	0.0000	0.0000	0.0000	0.0000
48	58	0.0735	8	2	0	1	1	0	0	0	0	0	0	2	2	0	0	0	0	0	0	Y	N	N	N	Y	Y	N	N	N	N	N	N	N	N	N	N	N	N	0.0000	0.0000	0.0000	0.0000	0.0000	0.0000	0.0000	0.0000	0.0000	0.0000	0.0000	0.0000	0.0000	0.0000	0.0000	0.0000	0.0000	0.0000	0.0000	0.0000	0.0000	0.0000	0.0000	0.0000	0.0000	0.0000	0.0000			0.0000	0.0000	1.7572	0.0000	7.6758	0.0000	0.0000	0.0000	0.0000	0.0000	0.0000	0.0000	0.0000	0.0000	0.0000	0.0000	0.0000	0.0000	0.0000	0.0000	0.0000	0.0000	0.0000	0.0000	0.0000	0.0000	0.0000	0.0000	0.0000	0.0000	0.0000	0.0000	0.0000	0.0000	0.0000	0.0000	0.0000	0.0000	0.0000	0.0000	0.0000	0.0000
48	59	0.0686	7	2	0	1	1	0	0	1	0	0	0	2	2	0	0	0	0	0	0	Y	N	N	N	Y	Y	N	N	N	N	N	N	N	N	N	N	N	N	0.0000	0.0000	0.0000	0.0000	0.0000	0.0000	0.0000	0.0000	0.0000	0.0000	0.0000	0.0000	0.0000	0.0000	0.0000	0.0000	0.0000	0.0000	0.0005	0.0010	0.0000	0.0026	0.0029	0.0000	0.0000	0.0000	0.0000		0.0015	0.0000	-0.0000	1.7572	0.0001	7.6758	3.0507	0.0000	0.0000	0.0000	0.0000	0.0000	0.0000	0.0000	0.0000	0.0000	0.0000	0.0000	0.0000	0.0000	0.0000	0.0000	0.0000	0.0000	0.0000	0.0000	0.0000	0.0000	0.0000	0.0000	0.0000	0.0000	0.0000	0.0000	0.0371	0.0204	0.0167	0.0076	0.0069	0.0006	0.0295	0.0134	0.0161
48	60	0.1070	16	2	0	1	1	0	0	0	0	0	0	2	1	0	0	0	0	0	0	Y	N	N	N	Y	N	N	N	N	N	N	N	N	N	N	N	N	N	1.6281	1.2010	0.0000	0.0236	0.0247	0.0000	1367.3487	6038.9834	0.0000	0.2802	0.3546	0.0000	0.0138	0.0165	0.0000	0.5152	0.6893	0.0000	0.1721	0.2953	0.0006	0.5838	0.6675	0.0005	0.0004	0.0001	0.0006	0.0000	0.0014	-0.0000	-0.0057	1.7572	0.0010	7.6758	5.0218	0.0000	0.0000	0.0000	0.0000	0.0000	0.0000	0.0000	0.0000	0.0000	0.0104	0.0104	0.0000	0.0104	0.0104	0.0000	0.0000	0.0000	0.0000	0.0001	0.0000	0.0000	0.0000	0.0000	0.0000	0.0000	0.0000	0.0000	0.0604	0.0352	0.0253	0.0178	0.0156	0.0022	0.0427	0.0196	0.0230
48	67	0.0566	12	2	0	1	1	0	0	0	0	0	1	1	2	0	0	0	0	0	0	Y	N	N	N	N	Y	N	N	N	N	N	N	N	N	N	N	N	N	0.0807	0.0000	465.9096	0.0000	0.0000	0.0000	113.2293	0.0000	457.3744	0.0009	0.0000	0.0086	0.0000	0.0000	0.0000	0.0012	0.0000	0.0086	0.0113	0.0205	0.0000	0.0593	0.0626	0.0000	0.0000	0.0000	0.0000	inf	0.0007	0.0000	-0.0006	1.7572	0.0010	7.6758	8.0699	0.0000	0.0000	0.0000	0.0000	0.0000	0.0000	0.0000	0.0000	0.0000	0.0011	0.0011	0.0000	0.0011	0.0011	0.0000	0.0000	0.0000	0.0000	0.0000	0.0000	0.0000	0.0000	0.0000	0.0000	0.0000	0.0000	0.0000	0.0971	0.0535	0.0436	0.0185	0.0175	0.0010	0.0787	0.0360	0.0426
48	68	0.0469	11	2	0	1	1	0	0	0	0	0	0	1	1	0	0	0	0	0	0	Y	N	N	N	N	N	N	N	N	N	N	N	N	N	N	N	N	N	0.0799	0.0494	0.0000	0.1921	0.1836	0.0000	0.0000	0.0000	0.0000	0.0014	0.0017	0.0000	0.0221	0.0223	0.0000	0.0000	0.0000	0.0000	0.0181	0.0339	0.0000	0.1150	0.1217	0.0000	0.0000	0.0000	0.0000	0.0000	0.0001	-0.0000	-0.0007	1.7572	0.0010	7.6758	6.0584	0.0000	0.0000	0.0000	0.0000	0.0000	0.0000	0.0000	0.0000	0.0000	0.0013	0.0013	0.0000	0.0013	0.0013	0.0000	0.0000	0.0000	0.0000	0.0000	0.0000	0.0000	0.0000	0.0000	0.0000	0.0000	0.0000	0.0000	0.0709	0.0377	0.0332	0.0111	0.0105	0.0006	0.0598	0.0272	0.0326
48	69	0.0456	10	2	0	1	1	0	0	0	0	0	0	1	1	0	0	0	0	0	0	Y	N	N	N	N	N	N	N	N	N	N	N	N	N	N	N	N	N	0.1250	0.0000	1.4220	0.1373	0.0000	103.2240	0.0000	0.0000	0.0000	0.0001	0.0000	0.0011	0.0004	0.0000	0.2131	0.0000	0.0000	0.0000	0.0008	0.0009	0.0008	0.0028	0.0029	0.0021	0.0004	0.0000	0.0008	inf	0.7872	0.0000	-0.0000	1.7572	0.0006	7.6758	0.9765	0.0000	0.0000	0.0000	0.0000	0.0000	0.0000	0.0000	0.0000	0.0000	0.0000	0.0000	0.0000	0.0000	0.0000	0.0000	0.0000	0.0000	0.0000	0.0000	0.0000	0.0000	0.0000	0.0000	0.0000	0.0000	0.0000	0.0000	0.0121	0.0065	0.0056	0.0020	0.0019	0.0001	0.0100	0.0046	0.0055
48	70	0.0367	4	2	0	0	1	0	0	0	0	0	1	2	2	0	0	0	0	0	0	Y	N	N	N	Y	Y	N	N	N	N	N	N	N	N	N	N	N	N	17.0629	0.0108	67.7525	28.9052	0.0370	746.4591	13.1276	0.0000	67.2095	18.2714	0.0006	150.4799	2.1802	0.0027	165.4809	21.8566	0.0000	150.1777	1.0708	0.0519	2.2210	0.0754	0.0742	0.2217	1.6649	0.0000	2.2345	37020.9205	37.9441	0.3076	0.1402	1.7572	2.3581	7.6758	7.4584	0.7381	0.0000	0.7381	0.0160	0.0000	0.0160	0.7220	0.0000	0.7220	0.3290	0.0084	0.3206	0.0087	0.0084	0.0002	0.3204	0.0000	0.3204	0.0404	0.0355	0.0049	0.0074	0.0073	0.0001	0.0330	0.0282	0.0048	0.3073	0.1629	0.1443	0.1148	0.1139	0.0010	0.1924	0.0490	0.1434
48	71	0.0294	3	2	0	0	1	0	0	0	0	0	0	2	1	0	0	0	0	0	0	Y	N	N	N	Y	N	N	N	N	N	N	N	N	N	N	N	N	N	0.0395	0.0007	0.2533	0.0193	0.0072	76.8733	0.0459	0.0000	0.2431	0.0241	0.0004	0.1716	0.0136	0.0052	1.2765	0.0248	0.0000	0.1684	0.6117	0.5561	0.6774	0.7059	0.7227	0.0166	0.5414	0.0010	0.6925	75.5350	1.0285	0.0002	-0.0070	1.7572	1.7590	7.6758	3.5356	0.0006	0.0000	0.0006	0.0000	0.0000	0.0000	0.0006	0.0000	0.0006	0.1693	0.0834	0.0858	0.0835	0.0834	0.0000	0.0858	0.0000	0.0858	0.0242	0.0208	0.0034	0.0015	0.0015	0.0000	0.0227	0.0194	0.0033	0.2767	0.1500	0.1267	0.1182	0.1154	0.0028	0.1585	0.0346	0.1239
48	73	0.0992	10	2	0	1	1	0	0	0	0	0	0	2	1	0	0	0	0	0	0	Y	N	N	N	Y	N	N	N	N	N	N	N	N	N	N	N	N	N	0.0061	0.0190	0.0000	0.0463	0.0464	0.0000	0.0000	0.0000	0.0000	0.0000	0.0000	0.0000	0.0001	0.0001	0.0000	0.0000	0.0000	0.0000	0.0031	0.0011	0.0057	0.0024	0.0025	0.0004	0.0033	0.0000	0.0060	0.0000	3.7296	-0.0000	0.0001	1.7572	1.6760	7.6758	12.1347	0.0000	0.0000	0.0000	0.0000	0.0000	0.0000	0.0000	0.0000	0.0000	0.0005	0.0001	0.0004	0.0001	0.0001	0.0000	0.0004	0.0000	0.0004	0.0245	0.0213	0.0032	0.0041	0.0039	0.0003	0.0203	0.0175	0.0029	0.1714	0.0989	0.0725	0.0475	0.0436	0.0039	0.1239	0.0553	0.0686
48	74	0.0695	9	2	0	1	1	1	0	1	0	1	0	2	1	0	0	0	0	0	0	Y	N	N	N	Y	N	N	N	N	N	N	N	N	N	N	N	N	N	2.0709	6.5799	0.0000	0.8249	0.9741	0.0000	2.2325	10452.7367	0.0000	0.1166	0.1369	0.0000	0.0356	0.0435	0.0000	0.1374	0.1597	0.0000	0.0563	0.0208	0.1040	0.0431	0.0446	0.0197	0.0615	0.0000	0.1075	0.0000	3.7221	-0.0033	0.0036	1.7572	2.9965	7.6758	14.7438	0.0057	0.0057	0.0000	0.0004	0.0004	0.0000	0.0053	0.0053	0.0000	0.0150	0.0032	0.0118	0.0033	0.0032	0.0001	0.0117	0.0000	0.0117	0.0487	0.0415	0.0072	0.0099	0.0081	0.0018	0.0388	0.0334	0.0054	0.2657	0.1523	0.1134	0.0754	0.0710	0.0045	0.1902	0.0813	0.1089
48	75	0.0456	10	2	0	1	1	0	0	0	0	0	0	1	1	0	0	0	0	0	0	Y	N	N	N	N	N	N	N	N	N	N	N	N	N	N	N	N	N	13.3411	9.1226	0.0000	33.5398	32.1491	0.0000	0.0000	0.0000	0.0000	0.0058	0.0067	0.0000	0.0882	0.0892	0.0000	0.0000	0.0000	0.0000	0.0004	0.0007	0.0001	0.0026	0.0028	0.0002	0.0000	0.0000	0.0001	0.0000	0.1093	-0.0000	-0.0000	1.7572	1.0006	7.6758	8.0096	0.0001	0.0001	0.0000	0.0001	0.0001	0.0000	0.0000	0.0000	0.0000	0.0000	0.0000	0.0000	0.0000	0.0000	0.0000	0.0000	0.0000	0.0000	0.0138	0.0119	0.0019	0.0009	0.0009	0.0000	0.0129	0.0110	0.0019	0.1026	0.0545	0.0481	0.0153	0.0145	0.0009	0.0873	0.0400	0.0473
48	76	0.0433	9	2	0	1	1	0	0	0	0	0	0	1	1	0	0	0	0	0	0	Y	N	N	N	N	N	N	N	N	N	N	N	N	N	N	N	N	N	0.0597	0.0400	0.0000	0.2079	0.2026	0.0000	0.0000	0.0000	0.0000	0.0003	0.0004	0.0000	0.0053	0.0054	0.0000	0.0000	0.0000	0.0000	0.0056	0.0097	0.0005	0.0256	0.0264	0.0014	0.0003	0.0000	0.0005	0.0000	0.0428	-0.0000	-0.0001	1.7572	0.9962	7.6758	0.5464	0.0000	0.0000	0.0000	0.0000	0.0000	0.0000	0.0000	0.0000	0.0000	0.0001	0.0001	0.0000	0.0001	0.0001	0.0000	0.0000	0.0000	0.0000	0.0138	0.0119	0.0019	0.0009	0.0009	0.0000	0.0129	0.0110	0.0019	0.0219	0.0121	0.0098	0.0046	0.0044	0.0002	0.0173	0.0077	0.0096
48	77	0.0369	8	2	0	1	1	0	0	0	0	0	0	1	1	0	0	0	0	0	0	Y	N	N	N	N	N	N	N	N	N	N	N	N	N	N	N	N	N	2.2827	0.0000	137.5267	0.0000	0.0000	0.0000	36.7148	0.0000	135.8014	0.0748	0.0000	0.5374	0.0000	0.0000	0.0000	0.0832	0.0000	0.5388	0.0328	0.0581	0.0039	0.1920	0.2012	0.0002	0.0023	0.0002	0.0040	inf	0.0590	0.0000	-0.0009	1.7572	0.0041	7.6758	4.4918	0.0000	0.0000	0.0000	0.0000	0.0000	0.0000	0.0000	0.0000	0.0000	0.0018	0.0017	0.0001	0.0017	0.0017	0.0000	0.0001	0.0000	0.0001	0.0001	0.0001	0.0000	0.0000	0.0000	0.0000	0.0001	0.0000	0.0000	0.0558	0.0297	0.0261	0.0090	0.0086	0.0004	0.0468	0.0212	0.0257
48	78	0.1183	19	2	0	0	1	0	0	0	0	0	1	1	2	0	0	0	0	0	0	Y	N	N	N	N	Y	N	N	N	N	N	N	N	N	N	N	N	N	0.0071	0.7622	0.0010	0.4309	0.6488	0.0620	0.0006	302.6123	0.0000	0.0025	0.0027	0.0009	0.0051	0.0052	0.0033	0.0003	0.0003	0.0000	0.3563	0.0035	0.8390	0.0119	0.0081	0.0538	0.4861	0.0000	0.8846	0.0292	175.3634	-0.0000	0.0231	1.7572	0.0166	7.6758	12.2009	0.0000	0.0000	0.0000	0.0000	0.0000	0.0000	0.0000	0.0000	0.0000	0.0518	0.0003	0.0515	0.0005	0.0003	0.0002	0.0513	0.0000	0.0513	0.0005	0.0005	0.0000	0.0003	0.0002	0.0000	0.0003	0.0003	0.0000	0.1455	0.0840	0.0614	0.0398	0.0364	0.0034	0.1056	0.0476	0.0580
48	79	0.1040	18	2	0	0	1	1	0	0	0	0	0	1	1	0	0	0	0	0	0	Y	N	N	N	N	N	N	N	N	N	N	N	N	N	N	N	N	N	1.9393	13.1784	0.0169	28.7752	28.6397	11.1162	0.4502	60.7451	0.0000	0.0084	0.0097	0.0002	0.0498	0.0544	0.0018	0.0023	0.0027	0.0000	0.0043	0.0007	0.0089	0.0017	0.0019	0.0002	0.0051	0.0000	0.0094	0.0024	9.5296	-0.0001	0.0002	1.7572	1.0285	7.6758	7.9781	0.0001	0.0001	0.0000	0.0001	0.0001	0.0000	0.0000	0.0000	0.0000	0.0004	0.0000	0.0004	0.0000	0.0000	0.0000	0.0004	0.0000	0.0004	0.0145	0.0125	0.0019	0.0019	0.0017	0.0002	0.0126	0.0108	0.0018	0.1001	0.0561	0.0441	0.0232	0.0209	0.0022	0.0770	0.0352	0.0418
48	82	0.0369	8	2	0	1	1	0	0	0	0	1	0	2	1	0	0	0	0	0	0	Y	N	N	N	Y	N	N	N	N	N	N	N	N	N	N	N	N	N	0.2663	0.1635	0.0000	0.6390	0.6092	0.0000	0.0000	0.0000	0.0000	0.0084	0.0097	0.0000	0.1379	0.1389	0.0000	0.0000	0.0000	0.0000	0.0315	0.0595	0.0001	0.2159	0.2280	0.0001	0.0001	0.0000	0.0001	0.0000	0.0020	-0.0001	-0.0025	1.7572	1.9997	7.6758	10.5319	0.0002	0.0002	0.0000	0.0002	0.0002	0.0000	0.0000	0.0000	0.0000	0.0046	0.0046	0.0000	0.0046	0.0046	0.0000	0.0000	0.0000	0.0000	0.0274	0.0236	0.0038	0.0017	0.0017	0.0000	0.0258	0.0220	0.0038	0.1453	0.0767	0.0687	0.0211	0.0200	0.0011	0.1242	0.0567	0.0675
48	83	0.0344	7	2	0	1	1	0	0	1	0	0	0	1	1	0	0	0	0	0	0	Y	N	N	N	N	N	N	N	N	N	N	N	N	N	N	N	N	N	6.4411	3.6375	474.8136	5.9691	5.6386	0.0000	124.8821	0.0000	476.4189	0.0056	0.0061	0.0026	0.0382	0.0383	0.0000	0.0004	0.0000	0.0026	0.0009	0.0017	0.0000	0.0064	0.0068	0.0000	0.0000	0.0000	0.0000	0.0605	0.0030	-0.0000	-0.0000	1.7572	0.0006	7.6758	1.5062	0.0000	0.0000	0.0000	0.0000	0.0000	0.0000	0.0000	0.0000	0.0000	0.0000	0.0000	0.0000	0.0000	0.0000	0.0000	0.0000	0.0000	0.0000	0.0000	0.0000	0.0000	0.0000	0.0000	0.0000	0.0000	0.0000	0.0000	0.0176	0.0092	0.0084	0.0024	0.0023	0.0001	0.0152	0.0070	0.0083
48	84	0.0597	7	2	0	0	1	0	0	0	0	0	0	1	1	0	0	0	0	0	0	Y	N	N	N	N	N	N	N	N	N	N	N	N	N	N	N	N	N	0.2696	0.1868	0.0000	0.9963	0.9270	0.0000	0.0000	0.0000	0.0000	0.0032	0.0037	0.0000	0.0522	0.0525	0.0000	0.0000	0.0000	0.0000	0.0118	0.0197	0.0017	0.0524	0.0566	0.0009	0.0010	0.0000	0.0018	0.0000	0.0700	-0.0001	-0.0012	1.7572	2.9998	7.6758	15.4389	0.0001	0.0001	0.0000	0.0001	0.0001	0.0000	0.0000	0.0000	0.0000	0.0026	0.0024	0.0002	0.0024	0.0024	0.0000	0.0002	0.0000	0.0002	0.0410	0.0353	0.0057	0.0025	0.0025	0.0000	0.0385	0.0329	0.0057	0.2201	0.1228	0.0973	0.0462	0.0427	0.0036	0.1738	0.0801	0.0938
48	85	0.4396	12	1	0	0	1	0	0	0	0	1	0	2	1	0	0	0	0	0	0	N	N	N	N	Y	N	N	N	N	N	N	N	N	N	N	N	N	N	2.6147	0.0004	14.0180	0.0134	0.0019	0.0975	2.7981	0.0000	15.8311	2.6021	0.0003	20.4499	0.0111	0.0013	0.1513	3.2489	0.0000	22.7588	0.9952	0.7606	1.4588	0.8254	0.7197	1.5512	1.1611	0.8365	1.4376	10126.3697	0.9703	0.4140	-0.1050	1.7572	26.8363	7.6758	143.7566	0.9933	0.0001	0.9932	0.0008	0.0001	0.0008	0.9925	0.0000	0.9925	1.8819	0.9551	0.9268	0.7714	0.5872	0.1842	1.1105	0.3680	0.7426	0.3817	0.3332	0.0486	0.0763	0.0713	0.0050	0.3055	0.2619	0.0436	1.8910	1.2557	0.6353	0.9346	0.8158	0.1187	0.9564	0.4399	0.5165
48	87	0.0649	10	2	0	1	1	0	0	1	0	0	0	2	2	0	0	0	0	0	0	Y	N	N	N	Y	Y	N	N	N	N	N	N	N	N	N	N	N	N	118.5478	101.5610	0.0000	136.4952	131.9096	0.0000	0.0000	0.0000	0.0000	7.8328	8.6288	0.0000	26.4784	26.5139	0.0000	0.0000	0.0000	0.0000	0.0661	0.0850	0.0423	0.1940	0.2010	0.0365	0.0244	0.0000	0.0425	0.0000	0.3965	-0.0003	-0.0016	1.7572	0.0022	7.6758	6.6376	0.0005	0.0005	0.0000	0.0005	0.0005	0.0000	0.0000	0.0000	0.0000	0.0061	0.0044	0.0017	0.0044	0.0044	0.0000	0.0017	0.0000	0.0017	0.0001	0.0001	0.0000	0.0000	0.0000	0.0000	0.0000	0.0000	0.0000	0.0929	0.0517	0.0412	0.0228	0.0219	0.0010	0.0701	0.0299	0.0402
48	88	0.0503	9	2	0	0	1	0	0	0	0	0	0	2	2	0	0	0	0	0	0	Y	N	N	N	Y	Y	N	N	N	N	N	N	N	N	N	N	N	N	0.0232	3.3586	0.0321	11.0448	13.6785	0.0000	0.0094	0.0000	0.0317	0.0683	0.0410	0.2217	0.3748	0.3804	0.0000	0.0370	0.0000	0.2237	2.9502	0.0122	6.9053	0.0339	0.0278	0.1936	3.9349	0.0007	7.0553	0.9666	420.6090	-0.0001	0.1939	1.7572	1.0173	7.6758	8.6136	0.0010	0.0005	0.0005	0.0005	0.0005	0.0000	0.0005	0.0000	0.0005	0.4314	0.0010	0.4304	0.0013	0.0010	0.0003	0.4301	0.0000	0.4301	0.0149	0.0126	0.0023	0.0014	0.0014	0.0000	0.0135	0.0113	0.0022	0.1462	0.0839	0.0623	0.0369	0.0355	0.0014	0.1093	0.0484	0.0610
48	89	0.0549	6	2	0	1	1	0	0	1	0	0	0	1	1	0	0	0	0	0	0	Y	N	N	N	N	N	N	N	N	N	N	N	N	N	N	N	N	N	0.0004	0.0004	0.0000	0.3823	0.3721	0.0000	0.0000	0.0000	0.0000	0.0024	0.0028	0.0000	0.0401	0.0403	0.0000	0.0000	0.0000	0.0000	5.7125	7.0743	3.9936	0.1048	0.1084	0.0603	7.2368	10.8975	4.1415	0.0000	0.4473	-0.0001	-0.3396	1.7572	2.9990	7.6758	17.4729	0.0001	0.0001	0.0000	0.0001	0.0001	0.0000	0.0000	0.0000	0.0000	1.4197	0.9810	0.4388	0.0056	0.0053	0.0002	1.4142	0.9757	0.4385	0.0410	0.0353	0.0057	0.0025	0.0025	0.0000	0.0385	0.0328	0.0057	0.2485	0.1387	0.1099	0.0531	0.0491	0.0040	0.1954	0.0895	0.1059
48	90	0.0503	9	2	0	0	1	0	0	0	0	0	0	2	2	0	0	0	0	0	0	Y	N	N	N	Y	Y	N	N	N	N	N	N	N	N	N	N	N	N	1080.7706	0.0000	203825.4019	68.7048	0.0000	4584452.3170	55587.2083	0.0000	196825.0743	25.9088	0.0000	178.6619	7.0181	0.0000	539.0680	27.5552	0.0000	176.0492	0.0240	0.0418	0.0009	0.1021	0.1068	0.0001	0.0005	0.0000	0.0009	inf	0.0162	0.3077	-0.0024	1.7572	2.0138	7.6758	11.8132	0.7381	0.0000	0.7381	0.0160	0.0000	0.0160	0.7221	0.0000	0.7221	0.0046	0.0045	0.0001	0.0045	0.0045	0.0000	0.0001	0.0000	0.0001	0.0285	0.0244	0.0041	0.0023	0.0023	0.0000	0.0262	0.0221	0.0041	0.1909	0.1076	0.0833	0.0441	0.0422	0.0019	0.1468	0.0655	0.0813
48	91	0.0418	8	2	0	0	1	0	0	0	0	1	1	2	2	0	0	0	0	0	0	Y	N	N	N	Y	Y	N	N	N	N	N	N	N	N	N	N	N	N	0.9665	0.0000	3.5079	0.5607	0.0000	723.3202	0.8914	0.0000	3.3754	0.0189	0.0000	0.1358	0.0062	0.0000	1.0267	0.0198	0.0000	0.1332	0.0195	0.0054	0.0387	0.0110	0.0114	0.0014	0.0222	0.0013	0.0395	inf	5.3426	0.0002	0.0005	1.7572	1.9725	7.6758	4.2763	0.0005	0.0000	0.0005	0.0000	0.0000	0.0000	0.0005	0.0000	0.0005	0.0018	0.0003	0.0016	0.0002	0.0002	0.0000	0.0016	0.0000	0.0016	0.0274	0.0236	0.0038	0.0018	0.0018	0.0000	0.0256	0.0218	0.0038	0.0947	0.0545	0.0403	0.0226	0.0218	0.0008	0.0722	0.0327	0.0394
48	92	0.0751	11	2	0	1	1	1	0	1	0	0	0	1	1	0	0	0	0	0	0	Y	N	N	N	N	N	N	N	N	N	N	N	N	N	N	N	N	N	0.0000	0.0000	0.0000	0.0000	0.0000	0.0000	0.0000	0.0000	0.0000	0.0000	0.0000	0.0000	0.0000	0.0000	0.0000	0.0000	0.0000	0.0000	4.0012	3.5295	4.5981	0.0491	0.0537	0.0163	5.2827	5.6984	4.9350		1.0296	0.0000	-0.0832	1.7572	5.0000	7.6758	42.2706	0.0000	0.0000	0.0000	0.0000	0.0000	0.0000	0.0000	0.0000	0.0000	2.0301	1.0002	1.0299	0.0061	0.0059	0.0003	2.0240	0.9944	1.0296	0.0679	0.0585	0.0094	0.0042	0.0041	0.0000	0.0637	0.0544	0.0094	0.5074	0.2834	0.2240	0.1242	0.1089	0.0153	0.3831	0.1745	0.2086
48	93	0.1088	13	1	0	0	1	0	0	0	0	0	0	1	2	0	0	0	0	0	0	N	N	N	N	N	Y	N	N	N	N	N	N	N	N	N	N	N	N	0.0000	0.0000	0.0000	0.0000	0.0000	0.0000	0.0000	0.0000	0.0000	0.0000	0.0000	0.0000	0.0000	0.0000	0.0000	0.0000	0.0000	0.0000	0.0000	0.0000	0.0000	0.0000	0.0000	0.0003	0.0000	0.0000	0.0000		13.9833	0.0000	0.0000	1.7572	0.0000	7.6758	0.9594	0.0000	0.0000	0.0000	0.0000	0.0000	0.0000	0.0000	0.0000	0.0000	0.0000	0.0000	0.0000	0.0000	0.0000	0.0000	0.0000	0.0000	0.0000	0.0000	0.0000	0.0000	0.0000	0.0000	0.0000	0.0000	0.0000	0.0000	0.0121	0.0069	0.0051	0.0033	0.0030	0.0003	0.0088	0.0039	0.0048
48	94	0.0774	12	1	0	0	1	0	0	0	0	0	1	1	2	0	0	0	0	0	0	N	N	N	N	N	Y	N	N	N	N	N	N	N	N	N	N	N	N	0.0000	0.0000	0.0000	0.0000	0.0000	0.0000	0.0000	0.0000	0.0000	0.0000	0.0000	0.0000	0.0000	0.0000	0.0000	0.0000	0.0000	0.0000	0.0003	0.0005	0.0000	0.0009	0.0010	0.0000	0.0000	0.0001	0.0000		0.0081	0.0000	-0.0000	1.7572	0.0000	7.6758	18.8906	0.0000	0.0000	0.0000	0.0000	0.0000	0.0000	0.0000	0.0000	0.0000	0.0001	0.0001	0.0000	0.0001	0.0001	0.0000	0.0000	0.0000	0.0000	0.0000	0.0000	0.0000	0.0000	0.0000	0.0000	0.0000	0.0000	0.0000	0.2408	0.1373	0.1036	0.0678	0.0584	0.0093	0.1731	0.0788	0.0942
48	97	0.0932	12	2	0	1	1	0	0	1	0	0	0	1	1	0	0	0	0	0	0	Y	N	N	N	N	N	N	N	N	N	N	N	N	N	N	N	N	N	0.0000	0.0000	0.0000	0.0000	0.0000	0.0000	0.0000	0.0000	0.0000	0.0000	0.0000	0.0000	0.0000	0.0000	0.0000	0.0000	0.0000	0.0000	1.4570	0.0186	3.3121	0.0446	0.0464	0.0292	1.9311	0.0000	3.5165		138.2355	0.0000	0.1941	1.7572	2.0000	7.6758	24.9502	0.0000	0.0000	0.0000	0.0000	0.0000	0.0000	0.0000	0.0000	0.0000	0.4366	0.0031	0.4335	0.0034	0.0031	0.0002	0.4333	0.0000	0.4333	0.0274	0.0236	0.0038	0.0017	0.0017	0.0000	0.0257	0.0220	0.0038	0.2997	0.1688	0.1309	0.0753	0.0676	0.0077	0.2244	0.1012	0.1232
48	98	0.0686	7	2	0	0	2	0	0	0	1	0	0	2	2	0	0	0	0	0	0	Y	N	N	Y	Y	Y	N	N	N	N	N	N	N	N	N	N	N	N	0.0000	0.0000	0.0000	0.0000	0.0000	0.0000	0.0000	0.0000	0.0000	0.0000	0.0000	0.0000	0.0000	0.0000	0.0000	0.0000	0.0000	0.0000	0.0001	0.0002	0.0000	0.0006	0.0007	0.0000	0.0000	0.0000	0.0000		0.0127	0.0000	-0.0000	1.7572	2.9999	7.6758	3.9821	0.0000	0.0000	0.0000	0.0000	0.0000	0.0000	0.0000	0.0000	0.0000	0.0000	0.0000	0.0000	0.0000	0.0000	0.0000	0.0000	0.0000	0.0000	0.0403	0.0345	0.0059	0.0024	0.0023	0.0001	0.0379	0.0321	0.0058	0.0820	0.0448	0.0373	0.0162	0.0148	0.0014	0.0658	0.0300	0.0359
48	99	0.0655	6	2	0	0	1	0	0	0	0	0	0	2	2	0	0	0	0	0	0	Y	N	N	N	Y	Y	N	N	N	N	N	N	N	N	N	N	N	N	1934.8421	0.0000	921268.3502	19.5031	0.0000	inf	1198247.2005	0.0000	903476.3857	0.7322	0.0000	1.7858	0.0349	0.0000	1.0063	1.3174	0.0000	1.8170	0.0004	0.0007	0.0000	0.0018	0.0019	0.0000	0.0000	0.0000	0.0000	inf	0.0023	0.0000	-0.0000	1.7572	0.0003	7.6758	2.0601	0.0000	0.0000	0.0000	0.0000	0.0000	0.0000	0.0000	0.0000	0.0000	0.0000	0.0000	0.0000	0.0000	0.0000	0.0000	0.0000	0.0000	0.0000	0.0000	0.0000	0.0000	0.0000	0.0000	0.0000	0.0000	0.0000	0.0000	0.0259	0.0143	0.0116	0.0055	0.0050	0.0004	0.0204	0.0093	0.0112
48	100	0.0457	5	2	0	0	1	0	0	0	0	1	1	2	2	0	0	0	0	0	0	Y	N	N	N	Y	Y	N	N	N	N	N	N	N	N	N	N	N	N	37492.7316	3.0936	5616957.0690	2272.8306	12.3951	37032533.7162	1536675.2450	0.0000	5479034.5061	17.6297	0.0026	121.4863	5.5138	0.0325	619.4267	18.5393	0.0000	119.3565	0.0005	0.0008	0.0000	0.0024	0.0026	0.0000	0.0000	0.0000	0.0000	7843.9382	0.0215	0.3076	-0.0000	1.7572	3.0014	7.6758	9.1620	0.7383	0.0001	0.7382	0.0161	0.0001	0.0160	0.7221	0.0000	0.7221	0.0001	0.0001	0.0000	0.0001	0.0001	0.0000	0.0000	0.0000	0.0000	0.0419	0.0358	0.0061	0.0029	0.0029	0.0000	0.0390	0.0329	0.0061	0.1471	0.0797	0.0674	0.0279	0.0259	0.0021	0.1192	0.0539	0.0654
48	101	0.0328	4	2	0	0	1	0	0	0	0	0	0	1	1	0	0	0	0	0	0	Y	N	N	N	N	N	N	N	N	N	N	N	N	N	N	N	N	N	150.6042	0.0070	46544915.0403	4.3858	0.0171	148675921.8957	5490528.9287	0.0000	46646084.7617	4.6250	0.0004	34.7012	0.9711	0.0040	231.4756	4.9827	0.0000	34.1496	0.0307	0.0585	0.0000	0.2214	0.2345	0.0000	0.0000	0.0000	0.0000	12999.3600	0.0000	0.0002	-0.0016	1.7572	0.0077	7.6758	8.0757	0.0005	0.0000	0.0005	0.0000	0.0000	0.0000	0.0005	0.0000	0.0005	0.0029	0.0029	0.0000	0.0029	0.0029	0.0000	0.0000	0.0000	0.0000	0.0001	0.0001	0.0000	0.0000	0.0000	0.0000	0.0001	0.0001	0.0000	0.0937	0.0492	0.0445	0.0130	0.0123	0.0007	0.0807	0.0369	0.0438
48	106	0.0814	15	2	0	1	1	0	0	0	0	0	0	1	1	0	0	0	0	0	0	Y	N	N	N	N	N	N	N	N	N	N	N	N	N	N	N	N	N	0.6341	0.1372	48955.1963	0.8337	0.7500	0.0000	2787.0205	3.3631	90127.8761	0.0063	0.0024	0.0305	0.0330	0.0333	0.0000	0.0045	0.0000	0.0306	0.0099	0.0174	0.0000	0.0396	0.0444	0.0000	0.0000	0.0000	0.0000	2.0620	0.0000	0.0000	-0.0012	1.7572	4.0001	7.6758	15.3361	0.0003	0.0001	0.0002	0.0001	0.0001	0.0000	0.0002	0.0000	0.0002	0.0022	0.0022	0.0000	0.0022	0.0022	0.0000	0.0000	0.0000	0.0000	0.0546	0.0470	0.0076	0.0034	0.0034	0.0000	0.0512	0.0437	0.0076	0.2216	0.1264	0.0952	0.0554	0.0494	0.0060	0.1662	0.0770	0.0892
48	107	0.1091	17	2	0	1	1	0	0	0	0	0	0	1	1	0	0	0	0	0	0	Y	N	N	N	N	N	N	N	N	N	N	N	N	N	N	N	N	N	163.0333	110.6768	0.0035	55567.9828	64015.3370	0.0270	3.0053	1.6340	0.0022	49.3486	57.9149	0.0000	311.5275	368.9128	0.0001	1.2043	1.4110	0.0000	0.3027	0.5233	0.0111	0.0056	0.0058	0.0040	0.4007	0.8635	0.0115	0.0000	0.0161	-0.4303	-0.0279	1.7572	1.0040	7.6758	14.1141	0.7378	0.7378	0.0000	0.7226	0.7226	0.0000	0.0152	0.0152	0.0000	0.0524	0.0516	0.0008	0.0002	0.0002	0.0000	0.0522	0.0514	0.0008	0.0150	0.0127	0.0022	0.0023	0.0020	0.0004	0.0126	0.0108	0.0019	0.1732	0.0986	0.0746	0.0430	0.0391	0.0039	0.1302	0.0595	0.0707
48	108	0.1013	16	2	0	1	1	1	0	1	0	0	0	1	1	0	0	0	0	0	0	Y	N	N	N	N	N	N	N	N	N	N	N	N	N	N	N	N	N	4.7167	55.4985	0.3589	49.9574	1311.0464	0.0019	2.1972	20.0453	0.4411	0.1186	0.1353	0.0194	0.4236	0.5034	0.0002	0.0662	0.0733	0.0231	0.0252	0.0024	0.0539	0.0085	0.0004	0.0845	0.0302	0.0037	0.0523	0.0240	17.4635	-0.0010	0.0006	1.7572	1.0065	7.6758	3.9764	0.0017	0.0017	0.0000	0.0009	0.0009	0.0000	0.0008	0.0008	0.0000	0.0014	0.0001	0.0013	0.0001	0.0000	0.0001	0.0013	0.0001	0.0012	0.0147	0.0126	0.0021	0.0022	0.0018	0.0003	0.0125	0.0108	0.0018	0.0563	0.0315	0.0248	0.0130	0.0117	0.0012	0.0433	0.0197	0.0236
48	112	0.0418	8	2	0	1	1	0	0	1	0	0	0	1	1	0	0	0	0	0	0	Y	N	N	N	N	N	N	N	N	N	N	N	N	N	N	N	N	N	0.0160	0.0103	0.0000	0.0488	0.0467	0.0000	0.0000	0.0000	0.0000	0.0005	0.0006	0.0000	0.0075	0.0075	0.0000	0.0000	0.0000	0.0000	0.0301	0.0545	0.0000	0.1531	0.1612	0.0001	0.0000	0.0000	0.0000	0.0000	0.0005	-0.0000	-0.0030	1.7572	3.0154	7.6758	11.4025	0.0000	0.0000	0.0000	0.0000	0.0000	0.0000	0.0000	0.0000	0.0000	0.0055	0.0055	0.0000	0.0055	0.0055	0.0000	0.0000	0.0000	0.0000	0.0416	0.0358	0.0058	0.0027	0.0027	0.0000	0.0389	0.0331	0.0057	0.1840	0.1015	0.0824	0.0361	0.0343	0.0018	0.1478	0.0672	0.0806
48	113	0.0344	7	2	0	0	1	0	0	0	0	0	0	1	1	0	0	0	0	0	0	Y	N	N	N	N	N	N	N	N	N	N	N	N	N	N	N	N	N	0.0228	0.0110	0.2700	0.0386	0.0366	0.0000	0.0724	0.0000	0.2664	0.0000	0.0000	0.0001	0.0005	0.0005	0.0000	0.0000	0.0000	0.0001	0.0020	0.0036	0.0003	0.0138	0.0146	0.0000	0.0002	0.0000	0.0003	0.3720	0.0855	-0.0000	-0.0001	1.7572	0.0182	7.6758	4.6661	0.0000	0.0000	0.0000	0.0000	0.0000	0.0000	0.0000	0.0000	0.0000	0.0001	0.0001	0.0000	0.0001	0.0001	0.0000	0.0000	0.0000	0.0000	0.0003	0.0002	0.0000	0.0000	0.0000	0.0000	0.0002	0.0002	0.0000	0.0543	0.0284	0.0258	0.0074	0.0070	0.0004	0.0469	0.0215	0.0254
48	114	0.0344	6	2	0	0	1	0	0	0	0	0	0	1	1	0	0	0	0	0	0	Y	N	N	N	N	N	N	N	N	N	N	N	N	N	N	N	N	N	0.3370	0.1165	23.2072	0.2426	0.2414	0.0000	inf	0.0000	inf	0.0009	0.0005	0.0037	0.0026	0.0026	0.0000	0.0005	0.0000	0.0038	0.0026	0.0043	0.0002	0.0108	0.0108	0.0000	0.0000	0.0000	0.0000	1.0000	0.0258	-0.0000	-0.0000	1.7572	0.0004	7.6758	0.0007	0.0000	0.0000	0.0000	0.0000	0.0000	0.0000	0.0000	0.0000	0.0000	0.0000	0.0000	0.0000	0.0000	0.0000	0.0000	0.0000	0.0000	0.0000	0.0000	0.0000	0.0000	0.0000	0.0000	0.0000	0.0000	0.0000	0.0000	0.0000	0.0000	0.0000	0.0000	0.0000	0.0000	0.0000	0.0000	0.0000
48	115	0.0344	5	2	0	0	1	0	0	0	0	0	0	1	1	0	0	0	0	0	0	Y	N	N	N	N	N	N	N	N	N	N	N	N	N	N	N	N	N	0.3020	4.1435	0.4527	2.4023	10.4918	0.0000	0.1401	0.0000	0.4957	0.0009	0.0005	0.0037	0.0026	0.0026	0.0000	0.0005	0.0000	0.0038	0.0029	0.0001	0.0083	0.0011	0.0002	0.0649	0.0038	0.0000	0.0076	1.0000	35.7514	-0.0000	0.0000	1.7572	0.0004	7.6758	0.0002	0.0000	0.0000	0.0000	0.0000	0.0000	0.0000	0.0000	0.0000	0.0000	0.0000	0.0000	0.0000	0.0000	0.0000	0.0000	0.0000	0.0000	0.0000	0.0000	0.0000	0.0000	0.0000	0.0000	0.0000	0.0000	0.0000	0.0000	0.0000	0.0000	0.0000	0.0000	0.0000	0.0000	0.0000	0.0000	0.0000
48	119	0.0970	14	2	0	1	1	0	0	0	0	0	0	1	1	0	0	0	0	0	0	Y	N	N	N	N	N	N	N	N	N	N	N	N	N	N	N	N	N	0.0005	0.0004	0.0000	0.9618	0.8754	0.0000	0.0000	0.0000	0.0000	0.0018	0.0021	0.0000	0.0296	0.0298	0.0000	0.0000	0.0000	0.0000	3.4789	6.1120	0.0014	0.0308	0.0341	0.0008	4.6816	10.3290	0.0014	0.0000	0.0002	-0.0001	-0.5459	1.7572	6.0007	7.6758	19.0307	0.0001	0.0001	0.0000	0.0001	0.0001	0.0000	0.0000	0.0000	0.0000	0.9959	0.9957	0.0002	0.0023	0.0023	0.0000	0.9936	0.9935	0.0002	0.0812	0.0700	0.0112	0.0051	0.0050	0.0000	0.0761	0.0650	0.0112	0.2863	0.1629	0.1234	0.0740	0.0667	0.0073	0.2122	0.0962	0.1161
48	120	0.0935	13	2	0	1	1	0	0	1	0	0	0	1	1	0	0	0	0	0	0	Y	N	N	N	N	N	N	N	N	N	N	N	N	N	N	N	N	N	0.0210	0.0145	0.0000	0.5791	0.5502	0.0000	0.0000	0.0000	0.0000	0.0005	0.0006	0.0000	0.0080	0.0080	0.0000	0.0000	0.0000	0.0000	0.0236	0.0398	0.0009	0.0138	0.0146	0.0024	0.0279	0.0637	0.0008	0.0000	0.0166	-0.0000	-0.0006	1.7572	0.0034	7.6758	3.2312	0.0000	0.0000	0.0000	0.0000	0.0000	0.0000	0.0000	0.0000	0.0000	0.0011	0.0011	0.0000	0.0002	0.0002	0.0000	0.0009	0.0009	0.0000	0.0000	0.0000	0.0000	0.0000	0.0000	0.0000	0.0000	0.0000	0.0000	0.0485	0.0283	0.0203	0.0147	0.0137	0.0010	0.0338	0.0145	0.0193
48	121	0.0932	12	2	0	0	1	0	0	0	0	0	0	1	1	0	0	0	0	0	0	Y	N	N	N	N	N	N	N	N	N	N	N	N	N	N	N	N	N	0.0000	0.0000	0.0000	0.0000	0.0000	0.0000	0.0000	0.0000	0.0000	0.0000	0.0000	0.0000	0.0000	0.0000	0.0000	0.0000	0.0000	0.0000	0.0017	0.0020	0.0014	0.0033	0.0032	0.0061	0.0008	0.0000	0.0012		0.4749	0.0000	-0.0000	1.7572	0.0000	7.6758	1.2022	0.0000	0.0000	0.0000	0.0000	0.0000	0.0000	0.0000	0.0000	0.0000	0.0001	0.0000	0.0000	0.0000	0.0000	0.0000	0.0000	0.0000	0.0000	0.0000	0.0000	0.0000	0.0000	0.0000	0.0000	0.0000	0.0000	0.0000	0.0289	0.0170	0.0119	0.0109	0.0105	0.0004	0.0180	0.0065	0.0115
48	122	0.0719	11	2	0	0	1	1	0	0	0	0	0	1	1	0	0	0	0	0	0	Y	N	N	N	N	N	N	N	N	N	N	N	N	N	N	N	N	N	4.9272	3.7905	0.0000	5.6082	5.2277	0.0000	0.0000	0.0000	0.0000	0.0093	0.0111	0.0000	0.0363	0.0363	0.0000	0.0000	0.0000	0.0000	0.0019	0.0029	0.0004	0.0065	0.0069	0.0007	0.0002	0.0000	0.0004	0.0000	0.0956	-0.0000	-0.0001	1.7572	0.0041	7.6758	12.5856	0.0000	0.0000	0.0000	0.0000	0.0000	0.0000	0.0000	0.0000	0.0000	0.0003	0.0003	0.0000	0.0003	0.0003	0.0000	0.0000	0.0000	0.0000	0.0001	0.0001	0.0000	0.0000	0.0000	0.0000	0.0001	0.0001	0.0000	0.1698	0.0995	0.0702	0.0454	0.0419	0.0035	0.1244	0.0576	0.0668
48	126	0.1068	17	1	0	1	1	0	0	0	0	1	0	2	1	0	0	0	0	0	0	N	N	N	N	Y	N	N	N	N	N	N	N	N	N	N	N	N	N	0.0000	0.0000	0.0000	0.0000	0.0000	0.0000	0.0000	0.0000	0.0000	0.0000	0.0000	0.0000	0.0000	0.0000	0.0000	0.0000	0.0000	0.0000	27.8440	48.8983	0.0001	0.0363	0.0410	0.0002	37.7927	82.7388	0.0001		0.0000	0.0000	-0.5423	1.7572	0.0003	7.6758	3.0192	0.0000	0.0000	0.0000	0.0000	0.0000	0.0000	0.0000	0.0000	0.0000	0.9892	0.9892	0.0000	0.0003	0.0003	0.0000	0.9888	0.9888	0.0000	0.0000	0.0000	0.0000	0.0000	0.0000	0.0000	0.0000	0.0000	0.0000	0.0355	0.0202	0.0153	0.0094	0.0083	0.0011	0.0262	0.0120	0.0142
48	131	0.1131	19	2	0	1	1	0	0	0	0	0	0	1	1	0	0	0	0	0	0	Y	N	N	N	N	N	N	N	N	N	N	N	N	N	N	N	N	N	0.0001	0.0000	4.0453	0.0003	0.0000	inf	0.0000	0.0000	0.0000	0.0000	0.0000	0.0000	0.0000	0.0000	0.0022	0.0000	0.0000	0.0000	0.0245	0.0427	0.0000	0.0871	0.0979	0.0000	0.0000	0.0000	0.0000	inf	0.0001	0.0000	-0.0016	1.7572	1.0211	7.6758	9.0731	0.0000	0.0000	0.0000	0.0000	0.0000	0.0000	0.0000	0.0000	0.0000	0.0029	0.0029	0.0000	0.0029	0.0029	0.0000	0.0000	0.0000	0.0000	0.0146	0.0125	0.0020	0.0013	0.0012	0.0000	0.0133	0.0113	0.0020	0.1176	0.0674	0.0502	0.0331	0.0294	0.0036	0.0846	0.0380	0.0466
48	132	0.1339	19	1	0	0	1	0	0	0	0	0	1	1	2	0	0	0	0	0	0	N	N	N	N	N	Y	N	N	N	N	N	N	N	N	N	N	N	N	0.0000	0.0000	0.0000	0.0000	0.0000	0.0000	0.0000	0.0000	0.0000	0.0000	0.0000	0.0000	0.0000	0.0000	0.0000	0.0000	0.0000	0.0000	0.0004	0.0007	0.0000	0.0015	0.0016	0.0000	0.0000	0.0000	0.0000		0.0000	0.0000	-0.0000	1.7572	0.0075	7.6758	1.9743	0.0000	0.0000	0.0000	0.0000	0.0000	0.0000	0.0000	0.0000	0.0000	0.0000	0.0000	0.0000	0.0000	0.0000	0.0000	0.0000	0.0000	0.0000	0.0003	0.0002	0.0001	0.0001	0.0001	0.0000	0.0002	0.0001	0.0001	0.0231	0.0134	0.0097	0.0069	0.0061	0.0008	0.0163	0.0074	0.0089
48	134	0.1287	17	1	0	0	1	0	0	0	0	0	1	1	2	0	0	0	0	0	0	N	N	N	N	N	Y	N	N	N	N	N	N	N	N	N	N	N	N	0.0000	0.2139	0.0000	0.0000	0.9785	0.0000	0.0000	0.0000	0.0000	0.0001	0.0001	0.0000	0.0013	0.0013	0.0000	0.0000	0.0000	0.0000	9.7990	0.0007	23.3571	25.7747	0.0013	115.6209	0.0049	0.0000	0.0092	0.0000	25330.6915	-0.0000	0.4492	1.7572	2.0569	7.6758	5.7592	0.0000	0.0000	0.0000	0.0000	0.0000	0.0000	0.0000	0.0000	0.0000	0.9945	0.0000	0.9944	0.9942	0.0000	0.9941	0.0003	0.0000	0.0003	0.0298	0.0258	0.0040	0.0029	0.0029	0.0000	0.0269	0.0229	0.0040	0.1015	0.0589	0.0426	0.0386	0.0300	0.0086	0.0629	0.0289	0.0340
48	135	0.1302	18	1	0	0	1	0	0	0	0	0	1	1	2	0	0	0	0	0	0	N	N	N	N	N	Y	N	N	N	N	N	N	N	N	N	N	N	N	0.0000	0.0000	0.0000	0.0000	0.0000	0.0000	0.0000	0.0000	0.0000	0.0000	0.0000	0.0000	0.0000	0.0000	0.0000	0.0000	0.0000	0.0000	0.0155	0.0267	0.0000	0.0426	0.0538	0.0000	0.0000	0.0000	0.0000		0.0000	0.0000	-0.0010	1.7572	1.0111	7.6758	8.8059	0.0000	0.0000	0.0000	0.0000	0.0000	0.0000	0.0000	0.0000	0.0000	0.0019	0.0019	0.0000	0.0019	0.0019	0.0000	0.0000	0.0000	0.0000	0.0142	0.0123	0.0019	0.0013	0.0013	0.0000	0.0129	0.0110	0.0019	0.1221	0.0708	0.0513	0.0444	0.0351	0.0093	0.0777	0.0356	0.0421
48	138	0.1070	16	2	0	1	1	0	0	0	0	0	0	2	1	0	0	0	0	0	0	Y	N	N	N	Y	N	N	N	N	N	N	N	N	N	N	N	N	N	0.0139	0.0103	0.0000	0.1267	0.1325	0.0000	0.0180	0.0111	0.0000	0.2802	0.3546	0.0000	0.0138	0.0165	0.0000	0.5152	0.6893	0.0000	20.0939	34.3489	0.0000	0.1089	0.1243	0.0001	28.5747	61.9443	0.0000	0.0000	0.0000	-0.0000	-0.5404	1.7572	0.0010	7.6758	4.0030	0.0000	0.0000	0.0000	0.0000	0.0000	0.0000	0.0000	0.0000	0.0000	0.9856	0.9856	0.0000	0.0016	0.0016	0.0000	0.9841	0.9840	0.0000	0.0001	0.0000	0.0000	0.0000	0.0000	0.0000	0.0000	0.0000	0.0000	0.0491	0.0287	0.0204	0.0146	0.0128	0.0018	0.0344	0.0159	0.0186
48	139	0.0814	15	2	0	1	1	0	0	0	0	1	0	2	1	0	0	0	0	0	0	Y	N	N	N	Y	N	N	N	N	N	N	N	N	N	N	N	N	N	226.7274	159.1382	0.0241	221.7908	200.3611	0.0000	194.2096	112.0894	0.0227	17.9695	20.8699	0.0002	6.3506	6.4065	0.0000	18.7366	21.9803	0.0002	0.0793	0.1311	0.0093	0.0286	0.0320	0.0001	0.0965	0.1961	0.0099	0.0000	0.0528	-0.4308	-0.0071	1.7572	2.9989	7.6758	12.3267	0.7387	0.7387	0.0000	0.0162	0.0162	0.0000	0.7226	0.7226	0.0000	0.0143	0.0136	0.0007	0.0013	0.0013	0.0000	0.0130	0.0123	0.0007	0.0411	0.0354	0.0057	0.0025	0.0025	0.0000	0.0386	0.0329	0.0057	0.1802	0.1035	0.0768	0.0458	0.0409	0.0048	0.1345	0.0625	0.0720
48	140	0.0806	14	2	0	1	1	1	0	1	0	0	0	1	1	0	0	0	0	0	0	Y	N	N	N	N	N	N	N	N	N	N	N	N	N	N	N	N	N	8.8776	6.2937	65.9202	0.5744	0.5314	0.0000	29.8790	25.9775	62.5555	0.6030	0.6997	0.4307	0.0910	0.0911	0.0000	0.9067	1.5438	0.4309	0.0679	0.1112	0.0065	0.1585	0.1714	0.0003	0.0303	0.0594	0.0069	0.3454	0.0414	-0.0000	-0.0004	1.7572	0.0011	7.6758	0.8290	0.0000	0.0000	0.0000	0.0000	0.0000	0.0000	0.0000	0.0000	0.0000	0.0008	0.0008	0.0000	0.0006	0.0006	0.0000	0.0003	0.0002	0.0000	0.0001	0.0000	0.0000	0.0000	0.0000	0.0000	0.0000	0.0000	0.0000	0.0122	0.0072	0.0051	0.0036	0.0033	0.0003	0.0086	0.0039	0.0048
48	141	0.1037	16	2	0	1	1	0	0	0	0	0	0	1	1	0	0	0	0	0	0	Y	N	N	N	N	N	N	N	N	N	N	N	N	N	N	N	N	N	0.0000	0.0130	0.0000	0.0112	0.0265	0.0000	0.0000	0.0000	0.0000	0.0001	0.0001	0.0000	0.0004	0.0004	0.0000	0.0000	0.0000	0.0000	9.5767	0.0099	22.4722	0.0389	0.0164	0.2134	13.5087	0.0046	24.3583	0.0000	1682.0010	-0.0000	0.4488	1.7572	0.0243	7.6758	8.8037	0.0000	0.0000	0.0000	0.0000	0.0000	0.0000	0.0000	0.0000	0.0000	0.9947	0.0006	0.9941	0.0012	0.0004	0.0007	0.9935	0.0001	0.9934	0.0006	0.0005	0.0001	0.0002	0.0002	0.0000	0.0004	0.0004	0.0001	0.1039	0.0596	0.0442	0.0303	0.0269	0.0035	0.0735	0.0328	0.0408
48	142	0.0871	15	2	0	1	1	1	0	1	0	0	0	1	1	0	0	0	0	0	0	Y	N	N	N	N	N	N	N	N	N	N	N	N	N	N	N	N	N	0.0113	0.0085	0.0041	4.2454	3.8318	0.0000	0.0001	0.0000	0.0039	0.0019	0.0022	0.0002	0.0309	0.0311	0.0000	0.0000	0.0000	0.0002	0.1727	0.2622	0.0566	0.0073	0.0081	0.0006	0.2320	0.4428	0.0607	0.0170	0.1668	-0.0001	-0.0084	1.7572	4.9785	7.6758	5.0554	0.0001	0.0001	0.0000	0.0001	0.0001	0.0000	0.0000	0.0000	0.0000	0.0206	0.0177	0.0030	0.0002	0.0002	0.0000	0.0204	0.0175	0.0029	0.0678	0.0584	0.0094	0.0042	0.0042	0.0000	0.0636	0.0542	0.0094	0.1195	0.0675	0.0521	0.0316	0.0280	0.0035	0.0880	0.0394	0.0486
48	143	0.1262	20	2	0	1	1	0	0	0	0	0	0	2	1	0	0	0	0	0	0	Y	N	N	N	Y	N	N	N	N	N	N	N	N	N	N	N	N	N	0.0000	0.0000	0.0000	0.0231	0.0200	0.0000	0.0000	0.0000	0.0000	0.0011	0.0013	0.0000	0.0039	0.0039	0.0000	0.0000	0.0000	0.0000	27.5724	46.4898	0.0000	0.1675	0.1943	0.0000	39.6343	83.4933	0.0000	0.0000	0.0000	-0.0000	-0.5426	1.7572	0.0000	7.6758	3.0055	0.0000	0.0000	0.0000	0.0000	0.0000	0.0000	0.0000	0.0000	0.0000	0.9896	0.9896	0.0000	0.0018	0.0018	0.0000	0.9878	0.9878	0.0000	0.0000	0.0000	0.0000	0.0000	0.0000	0.0000	0.0000	0.0000	0.0000	0.0359	0.0213	0.0146	0.0110	0.0095	0.0015	0.0249	0.0118	0.0131
48	144	0.1131	19	2	0	1	1	0	0	0	0	1	0	2	1	0	0	0	0	0	0	Y	N	N	N	Y	N	N	N	N	N	N	N	N	N	N	N	N	N	0.1158	0.0773	0.0000	2.8616	2.5903	0.0000	0.0000	0.0000	0.0000	0.0035	0.0041	0.0000	0.0440	0.0446	0.0000	0.0000	0.0000	0.0000	0.0305	0.0531	0.0003	0.0154	0.0172	0.0002	0.0366	0.0817	0.0003	0.0000	0.0043	-0.0001	-0.0016	1.7572	2.0192	7.6758	6.0784	0.0001	0.0001	0.0000	0.0001	0.0001	0.0000	0.0000	0.0000	0.0000	0.0029	0.0029	0.0000	0.0004	0.0004	0.0000	0.0025	0.0025	0.0000	0.0283	0.0244	0.0039	0.0023	0.0022	0.0000	0.0260	0.0221	0.0039	0.0962	0.0551	0.0411	0.0273	0.0244	0.0030	0.0688	0.0307	0.0382
48	145	0.1084	18	2	0	1	1	1	0	0	0	0	0	1	1	0	0	0	0	0	0	Y	N	N	N	N	N	N	N	N	N	N	N	N	N	N	N	N	N	0.0000	0.0000	0.0000	0.0000	0.0000	0.0000	0.0000	0.0000	0.0000	0.0000	0.0000	0.0000	0.0000	0.0000	0.0000	0.0000	0.0000	0.0000	0.1249	0.2202	0.0000	0.4733	0.5378	0.0000	0.0008	0.0018	0.0000	0.0000	0.0001	-0.0000	-0.0023	1.7572	1.9811	7.6758	0.9869	0.0000	0.0000	0.0000	0.0000	0.0000	0.0000	0.0000	0.0000	0.0000	0.0043	0.0043	0.0000	0.0042	0.0042	0.0000	0.0000	0.0000	0.0000	0.0273	0.0235	0.0038	0.0018	0.0018	0.0000	0.0255	0.0217	0.0038	0.0340	0.0193	0.0147	0.0089	0.0079	0.0011	0.0251	0.0114	0.0136
49	52	0.1118	20	2	0	0	1	0	0	0	1	0	1	1	2	0	0	0	0	0	0	Y	N	N	N	N	Y	N	N	N	N	N	N	N	N	N	N	N	N	2.1084	1.8139	0.0183	46.0512	44.3061	6.0907	0.0001	0.0000	0.0008	0.0069	0.0080	0.0000	0.3808	0.3980	0.0052	0.0000	0.0000	0.0000	0.0033	0.0044	0.0017	0.0083	0.0090	0.0008	0.0014	0.0009	0.0017	0.0006	0.2783	-0.0000	-0.0001	1.2605	1.0020	5.3560	7.2599	0.0001	0.0001	0.0000	0.0001	0.0001	0.0000	0.0000	0.0000	0.0000	0.0002	0.0002	0.0001	0.0002	0.0002	0.0000	0.0001	0.0000	0.0000	0.0089	0.0077	0.0012	0.0002	0.0002	0.0000	0.0087	0.0075	0.0012	0.0710	0.0411	0.0298	0.0195	0.0178	0.0017	0.0515	0.0234	0.0281
49	53	0.0921	19	2	0	0	1	1	0	0	1	0	0	1	1	0	0	0	0	0	0	Y	N	N	N	N	N	N	N	N	N	N	N	N	N	N	N	N	N	135.1526	909.5817	0.2936	62953.7914	62287.2198	7595.0865	0.0012	0.0027	0.0032	10.1990	11.8309	0.0467	372.4082	398.8693	3.4915	0.0001	0.0000	0.0005	0.0755	0.0130	0.1592	0.0059	0.0064	0.0005	0.0980	0.0173	0.1671	0.0006	9.1282	-0.1593	0.0026	1.2605	3.0050	5.3560	8.3063	0.2735	0.2733	0.0002	0.2735	0.2733	0.0002	0.0000	0.0000	0.0000	0.0073	0.0007	0.0065	0.0001	0.0001	0.0000	0.0071	0.0006	0.0065	0.0268	0.0231	0.0037	0.0007	0.0007	0.0000	0.0261	0.0224	0.0037	0.0963	0.0551	0.0411	0.0236	0.0217	0.0019	0.0727	0.0335	0.0392
49	55	0.1269	19	2	0	1	1	0	0	1	1	0	0	1	1	0	0	0	0	0	0	Y	N	N	N	N	N	N	N	N	N	N	N	N	N	N	N	N	N	0.0000	0.0000	0.0000	0.0000	0.0000	0.0000	0.0000	0.0000	0.0000	0.0000	0.0000	0.0000	0.0000	0.0000	0.0000	0.0000	0.0000	0.0000	0.1090	0.0043	0.2597	0.3466	0.0087	3.4757	0.0215	0.0012	0.0399		41.7390	0.0000	0.0011	1.2605	0.0000	5.3560	2.9989	0.0000	0.0000	0.0000	0.0000	0.0000	0.0000	0.0000	0.0000	0.0000	0.0026	0.0001	0.0025	0.0022	0.0000	0.0021	0.0004	0.0000	0.0004	0.0000	0.0000	0.0000	0.0000	0.0000	0.0000	0.0000	0.0000	0.0000	0.0235	0.0139	0.0096	0.0063	0.0057	0.0006	0.0172	0.0082	0.0090
49	56	0.1023	18	2	0	0	1	0	0	0	1	0	0	1	1	0	0	0	0	0	0	Y	N	N	N	N	N	N	N	N	N	N	N	N	N	N	N	N	N	0.0010	0.2958	0.0000	1.5619	1.5074	0.0000	0.0005	11.7214	0.0000	0.0080	0.0093	0.0001	0.1108	0.1172	0.0000	0.0051	0.0059	0.0001	8.2280	0.0313	19.3210	0.0709	0.0777	0.0038	10.9849	0.0005	20.4387	0.0014	456.1014	-0.0001	0.4214	1.2605	2.9988	5.3560	11.1255	0.0002	0.0002	0.0000	0.0001	0.0001	0.0000	0.0001	0.0001	0.0000	0.9375	0.0021	0.9354	0.0020	0.0020	0.0000	0.9354	0.0000	0.9354	0.0262	0.0226	0.0036	0.0007	0.0007	0.0000	0.0255	0.0220	0.0036	0.1139	0.0655	0.0484	0.0288	0.0261	0.0026	0.0852	0.0394	0.0458
49	57	0.0575	7	2	0	1	2	0	0	0	2	0	0	2	2	0	0	0	0	0	0	Y	N	N	Y	Y	Y	N	N	N	N	N	N	N	N	N	N	N	N	0.0000	0.0000	0.0000	0.0000	0.0000	0.0000	0.0000	0.0000	0.0000	0.0000	0.0000	0.0000	0.0000	0.0000	0.0000	0.0000	0.0000	0.0000	0.0000	0.0000	0.0000	0.0000	0.0000	0.0000	0.0000	0.0000	0.0000			0.0000	0.0000	1.2605	0.0000	5.3560	0.0000	0.0000	0.0000	0.0000	0.0000	0.0000	0.0000	0.0000	0.0000	0.0000	0.0000	0.0000	0.0000	0.0000	0.0000	0.0000	0.0000	0.0000	0.0000	0.0000	0.0000	0.0000	0.0000	0.0000	0.0000	0.0000	0.0000	0.0000	0.0000	0.0000	0.0000	0.0000	0.0000	0.0000	0.0000	0.0000	0.0000
49	58	0.0575	7	2	0	1	1	0	0	0	1	0	0	2	2	0	0	0	0	0	0	Y	N	N	N	Y	Y	N	N	N	N	N	N	N	N	N	N	N	N	0.0000	0.0000	0.0000	0.0000	0.0000	0.0000	0.0000	0.0000	0.0000	0.0000	0.0000	0.0000	0.0000	0.0000	0.0000	0.0000	0.0000	0.0000	0.0000	0.0000	0.0000	0.0000	0.0000	0.0000	0.0000	0.0000	0.0000			0.0000	0.0000	1.2605	0.0000	5.3560	0.0000	0.0000	0.0000	0.0000	0.0000	0.0000	0.0000	0.0000	0.0000	0.0000	0.0000	0.0000	0.0000	0.0000	0.0000	0.0000	0.0000	0.0000	0.0000	0.0000	0.0000	0.0000	0.0000	0.0000	0.0000	0.0000	0.0000	0.0000	0.0000	0.0000	0.0000	0.0000	0.0000	0.0000	0.0000	0.0000	0.0000
49	59	0.0526	6	2	0	1	1	0	0	1	1	0	0	2	2	0	0	0	0	0	0	Y	N	N	N	Y	Y	N	N	N	N	N	N	N	N	N	N	N	N	0.0000	0.0000	0.0000	0.0000	0.0000	0.0000	0.0000	0.0000	0.0000	0.0000	0.0000	0.0000	0.0000	0.0000	0.0000	0.0000	0.0000	0.0000	0.0008	0.0000	0.0017	0.0000	0.0000	0.0000	0.0010	0.0000	0.0018		676.9390	0.0000	0.0000	1.2605	0.0001	5.3560	3.0507	0.0000	0.0000	0.0000	0.0000	0.0000	0.0000	0.0000	0.0000	0.0000	0.0000	0.0000	0.0000	0.0000	0.0000	0.0000	0.0000	0.0000	0.0000	0.0000	0.0000	0.0000	0.0000	0.0000	0.0000	0.0000	0.0000	0.0000	0.0257	0.0140	0.0117	0.0047	0.0043	0.0004	0.0210	0.0097	0.0113
49	60	0.0909	15	2	0	1	1	0	0	0	1	0	0	2	1	0	0	0	0	0	0	Y	N	N	N	Y	N	N	N	N	N	N	N	N	N	N	N	N	N	96.0506	72.8796	117.1884	0.0664	0.0568	0.0000	494.7376	612.2753	109.2304	0.2219	0.2576	0.0686	0.0004	0.0004	0.0000	0.3276	0.4274	0.0688	0.0023	0.0035	0.0006	0.0066	0.0076	0.0001	0.0007	0.0007	0.0006	0.0620	0.1176	-0.0000	-0.0000	1.2605	0.0010	5.3560	5.0218	0.0000	0.0000	0.0000	0.0000	0.0000	0.0000	0.0000	0.0000	0.0000	0.0001	0.0001	0.0000	0.0001	0.0001	0.0000	0.0000	0.0000	0.0000	0.0000	0.0000	0.0000	0.0000	0.0000	0.0000	0.0000	0.0000	0.0000	0.0414	0.0242	0.0172	0.0115	0.0100	0.0015	0.0298	0.0142	0.0157
49	67	0.0406	11	2	0	1	1	0	0	0	1	0	1	1	2	0	0	0	0	0	0	Y	N	N	N	N	Y	N	N	N	N	N	N	N	N	N	N	N	N	5.3830	0.2018	12.1692	0.7591	0.7181	0.0000	6.6508	0.0000	11.9165	0.0908	0.0012	0.3672	0.0029	0.0029	0.0000	0.1299	0.0000	0.3674	0.0169	0.0058	0.0302	0.0038	0.0040	0.0002	0.0195	0.0065	0.0308	102.2075	4.3551	0.0000	0.0003	1.2605	0.0010	5.3560	8.0699	0.0000	0.0000	0.0000	0.0000	0.0000	0.0000	0.0000	0.0000	0.0000	0.0011	0.0002	0.0009	0.0000	0.0000	0.0000	0.0011	0.0002	0.0009	0.0000	0.0000	0.0000	0.0000	0.0000	0.0000	0.0000	0.0000	0.0000	0.0675	0.0368	0.0307	0.0114	0.0108	0.0007	0.0561	0.0261	0.0300
49	68	0.0309	10	2	0	1	1	0	0	0	1	0	0	1	1	0	0	0	0	0	0	Y	N	N	N	N	N	N	N	N	N	N	N	N	N	N	N	N	N	3.4210	3.2647	0.3062	107.3033	106.4838	0.0000	0.0756	0.0000	0.3018	0.2331	0.2686	0.0160	33.6361	35.5416	0.0000	0.0023	0.0000	0.0161	0.0681	0.0823	0.0524	0.3135	0.3338	0.0002	0.0301	0.0031	0.0533	0.0098	0.5728	-0.0000	-0.0006	1.2605	0.0010	5.3560	6.0584	0.0000	0.0000	0.0000	0.0000	0.0000	0.0000	0.0000	0.0000	0.0000	0.0034	0.0021	0.0012	0.0021	0.0021	0.0000	0.0013	0.0001	0.0012	0.0000	0.0000	0.0000	0.0000	0.0000	0.0000	0.0000	0.0000	0.0000	0.0492	0.0259	0.0233	0.0066	0.0062	0.0004	0.0426	0.0197	0.0229
49	69	0.0296	9	2	0	1	1	0	0	0	1	0	0	1	1	0	0	0	0	0	0	Y	N	N	N	N	N	N	N	N	N	N	N	N	N	N	N	N	N	0.0774	0.0666	0.0000	0.0980	0.0933	0.0000	0.0000	0.0000	0.0000	0.0002	0.0002	0.0000	0.0006	0.0006	0.0000	0.0000	0.0000	0.0000	0.0020	0.0025	0.0014	0.0062	0.0066	0.0004	0.0013	0.0011	0.0014	0.0000	0.4696	-0.0000	-0.0000	1.2605	0.0006	5.3560	0.9765	0.0000	0.0000	0.0000	0.0000	0.0000	0.0000	0.0000	0.0000	0.0000	0.0000	0.0000	0.0000	0.0000	0.0000	0.0000	0.0000	0.0000	0.0000	0.0000	0.0000	0.0000	0.0000	0.0000	0.0000	0.0000	0.0000	0.0000	0.0084	0.0045	0.0039	0.0012	0.0012	0.0001	0.0071	0.0033	0.0038
49	70	0.0206	3	2	0	0	1	0	0	0	1	0	1	2	2	0	0	0	0	0	0	Y	N	N	N	Y	Y	N	N	N	N	N	N	N	N	N	N	N	N	7.8423	0.6163	59.5594	0.3580	0.3612	0.0000	10.6055	12.3011	60.3430	10.7565	0.7937	87.1222	0.5995	0.6081	0.0000	12.4372	0.8287	88.6494	1.3716	1.2880	1.4628	1.6746	1.6834	0.1098	1.1727	0.0674	1.4691	14.3194	1.0412	0.0982	-0.0145	1.2605	2.3581	5.3560	7.4584	0.2793	0.0182	0.2611	0.0022	0.0022	0.0000	0.2771	0.0160	0.2611	0.3799	0.1861	0.1938	0.1838	0.1837	0.0001	0.1961	0.0024	0.1937	0.0260	0.0230	0.0030	0.0037	0.0036	0.0001	0.0223	0.0193	0.0029	0.2770	0.1445	0.1325	0.1097	0.1091	0.0006	0.1672	0.0354	0.1319
49	71	0.0134	2	2	0	0	1	0	0	0	1	0	0	2	1	0	0	0	0	0	0	Y	N	N	N	Y	N	N	N	N	N	N	N	N	N	N	N	N	N	0.0203	0.0033	0.1171	0.6913	0.6778	0.0000	0.0208	0.1159	0.1149	0.0155	0.0024	0.0954	0.5946	0.5948	0.0000	0.0143	0.0009	0.0954	0.7638	0.7190	0.8148	0.8601	0.8775	0.0263	0.6869	0.0082	0.8304	6.5331	0.9965	0.0001	-0.0098	1.2605	1.7590	5.3560	3.5356	0.0002	0.0000	0.0002	0.0000	0.0000	0.0000	0.0002	0.0000	0.0002	0.1990	0.0997	0.0993	0.0995	0.0994	0.0001	0.0995	0.0002	0.0992	0.0154	0.0132	0.0022	0.0000	0.0000	0.0000	0.0154	0.0132	0.0022	0.2605	0.1386	0.1219	0.1157	0.1133	0.0024	0.1448	0.0253	0.1195
49	73	0.0832	9	2	0	1	1	0	0	0	1	0	0	2	1	0	0	0	0	0	0	Y	N	N	N	Y	N	N	N	N	N	N	N	N	N	N	N	N	N	0.0019	0.0000	0.0080	0.0000	0.0000	0.0000	0.0019	0.0000	0.0079	0.0000	0.0000	0.0002	0.0000	0.0000	0.0000	0.0000	0.0000	0.0002	0.0153	0.0064	0.0272	0.0124	0.0129	0.0071	0.0164	0.0015	0.0284	inf	3.1542	0.0000	0.0004	1.2605	1.6760	5.3560	12.1347	0.0000	0.0000	0.0000	0.0000	0.0000	0.0000	0.0000	0.0000	0.0000	0.0018	0.0004	0.0014	0.0004	0.0004	0.0000	0.0014	0.0001	0.0014	0.0158	0.0137	0.0021	0.0013	0.0012	0.0001	0.0145	0.0125	0.0020	0.1185	0.0679	0.0506	0.0321	0.0294	0.0028	0.0863	0.0385	0.0478
49	74	0.0535	8	2	0	1	1	1	0	1	1	1	0	2	1	0	0	0	0	0	0	Y	N	N	N	Y	N	N	N	N	N	N	N	N	N	N	N	N	N	0.0654	0.9958	0.0320	0.0292	0.0287	0.0791	0.0519	2.0310	0.0308	0.0825	0.0812	0.0908	0.0041	0.0040	0.0128	0.0855	0.0846	0.0910	1.2612	0.0816	2.8352	0.1397	0.1380	0.1618	1.6462	0.0416	2.9561	0.1758	26.0425	-0.0010	0.0879	1.2605	2.9965	5.3560	14.7438	0.0023	0.0019	0.0003	0.0000	0.0000	0.0000	0.0023	0.0019	0.0003	0.2120	0.0078	0.2042	0.0060	0.0055	0.0005	0.2060	0.0023	0.2037	0.0276	0.0238	0.0037	0.0010	0.0010	0.0000	0.0266	0.0228	0.0037	0.1681	0.0961	0.0720	0.0430	0.0398	0.0031	0.1251	0.0562	0.0689
49	75	0.0296	9	2	0	1	1	0	0	0	1	0	0	1	1	0	0	0	0	0	0	Y	N	N	N	N	N	N	N	N	N	N	N	N	N	N	N	N	N	14.4693	27.2799	0.0000	0.0000	0.0000	0.0000	14.1530	30.8113	0.0000	0.0091	0.0106	0.0000	0.0000	0.0000	0.0000	0.0091	0.0106	0.0000	0.0006	0.0004	0.0009	0.0005	0.0005	0.0000	0.0006	0.0003	0.0009	0.0000	2.0871	-0.0000	0.0000	1.2605	1.0006	5.3560	8.0096	0.0001	0.0001	0.0000	0.0000	0.0000	0.0000	0.0001	0.0001	0.0000	0.0000	0.0000	0.0000	0.0000	0.0000	0.0000	0.0000	0.0000	0.0000	0.0088	0.0076	0.0012	0.0001	0.0001	0.0000	0.0088	0.0075	0.0012	0.0711	0.0373	0.0338	0.0089	0.0084	0.0006	0.0622	0.0289	0.0332
49	76	0.0273	8	2	0	1	1	0	0	0	1	0	0	1	1	0	0	0	0	0	0	Y	N	N	N	N	N	N	N	N	N	N	N	N	N	N	N	N	N	3.1388	4.3557	0.0007	400.3433	401.7073	0.0000	0.0002	0.0036	0.0007	0.0279	0.0325	0.0000	8.8482	8.8506	0.0000	0.0000	0.0000	0.0000	0.0089	0.0075	0.0106	0.0221	0.0220	0.0240	0.0058	0.0001	0.0104	0.0000	1.1750	-0.0001	-0.0000	1.2605	0.9962	5.3560	0.5464	0.0002	0.0002	0.0000	0.0002	0.0002	0.0000	0.0000	0.0000	0.0000	0.0001	0.0001	0.0001	0.0001	0.0001	0.0000	0.0001	0.0000	0.0001	0.0088	0.0075	0.0012	0.0000	0.0000	0.0000	0.0087	0.0075	0.0012	0.0152	0.0084	0.0069	0.0029	0.0028	0.0001	0.0123	0.0055	0.0068
49	77	0.0209	7	2	0	1	1	0	0	0	1	0	0	1	1	0	0	0	0	0	0	Y	N	N	N	N	N	N	N	N	N	N	N	N	N	N	N	N	N	128.4606	0.4306	455.2881	2.2744	2.1615	0.0000	121.2189	0.0000	448.6386	6.1511	0.0018	44.0098	0.0308	0.0308	0.0000	6.4751	0.0000	44.0099	0.0479	0.0042	0.0967	0.0135	0.0142	0.0000	0.0534	0.0008	0.0981	3978.3527	20.7597	0.0001	0.0008	1.2605	0.0041	5.3560	4.4918	0.0002	0.0000	0.0002	0.0000	0.0000	0.0000	0.0002	0.0000	0.0002	0.0019	0.0001	0.0018	0.0001	0.0001	0.0000	0.0018	0.0000	0.0018	0.0000	0.0000	0.0000	0.0000	0.0000	0.0000	0.0000	0.0000	0.0000	0.0387	0.0204	0.0183	0.0054	0.0051	0.0003	0.0333	0.0153	0.0180
49	78	0.1023	18	2	0	0	1	0	0	0	1	0	1	1	2	0	0	0	0	0	0	Y	N	N	N	N	Y	N	N	N	N	N	N	N	N	N	N	N	N	0.0004	0.0363	0.0005	0.0255	0.0243	0.0000	0.0002	0.3032	0.0005	0.0037	0.0032	0.0100	0.0049	0.0051	0.0000	0.0028	0.0016	0.0129	9.4963	0.0869	22.2648	0.1900	0.2076	0.0123	12.6865	0.0052	23.5448	0.2771	188.8987	-0.0000	0.4245	1.2605	0.0166	5.3560	12.2009	0.0000	0.0000	0.0000	0.0000	0.0000	0.0000	0.0000	0.0000	0.0000	0.9508	0.0050	0.9458	0.0049	0.0048	0.0000	0.9459	0.0002	0.9457	0.0004	0.0003	0.0000	0.0002	0.0002	0.0000	0.0002	0.0002	0.0000	0.1001	0.0576	0.0425	0.0256	0.0232	0.0023	0.0746	0.0344	0.0402
49	79	0.0880	17	2	0	0	1	1	0	0	1	0	0	1	1	0	0	0	0	0	0	Y	N	N	N	N	N	N	N	N	N	N	N	N	N	N	N	N	N	0.1152	1.4858	0.3261	28.5656	27.3413	44.9054	0.0919	0.9406	0.3129	0.0111	0.0016	0.0707	0.0068	0.0069	0.0059	0.0113	0.0014	0.0714	0.0966	0.0011	0.2168	0.0002	0.0003	0.0001	0.1227	0.0015	0.2281	6.9725	158.0971	0.0000	0.0030	1.2605	1.0285	5.3560	7.9781	0.0001	0.0000	0.0001	0.0000	0.0000	0.0000	0.0001	0.0000	0.0001	0.0067	0.0000	0.0067	0.0000	0.0000	0.0000	0.0067	0.0000	0.0067	0.0093	0.0080	0.0013	0.0003	0.0003	0.0000	0.0090	0.0077	0.0013	0.0695	0.0387	0.0308	0.0148	0.0133	0.0015	0.0547	0.0254	0.0293
49	82	0.0209	7	2	0	1	1	0	0	0	1	1	0	2	1	0	0	0	0	0	0	Y	N	N	N	Y	N	N	N	N	N	N	N	N	N	N	N	N	N	0.2805	0.0000	0.9927	0.0000	0.0000	0.0000	0.2551	0.0000	0.9778	0.0132	0.0000	0.0934	0.0000	0.0000	0.0000	0.0132	0.0000	0.0934	0.0469	0.0036	0.0941	0.0129	0.0137	0.0000	0.0516	0.0007	0.0956	inf	24.0976	0.0001	0.0019	1.2605	1.9997	5.3560	10.5319	0.0002	0.0000	0.0002	0.0000	0.0000	0.0000	0.0002	0.0000	0.0002	0.0047	0.0002	0.0045	0.0002	0.0002	0.0000	0.0046	0.0000	0.0045	0.0175	0.0150	0.0025	0.0000	0.0000	0.0000	0.0175	0.0150	0.0025	0.1007	0.0525	0.0482	0.0123	0.0116	0.0007	0.0884	0.0409	0.0474
49	83	0.0184	6	2	0	1	1	0	0	1	1	0	0	1	1	0	0	0	0	0	0	Y	N	N	N	N	N	N	N	N	N	N	N	N	N	N	N	N	N	38.3106	8.1540	101.5069	11.0749	10.3519	0.0000	41.2333	0.0000	99.9566	0.0493	0.0005	0.2640	0.0025	0.0025	0.0000	0.0586	0.0000	0.2640	0.0013	0.0001	0.0026	0.0002	0.0002	0.0000	0.0014	0.0000	0.0026	118.7727	39.1228	0.0000	0.0000	1.2605	0.0006	5.3560	1.5062	0.0000	0.0000	0.0000	0.0000	0.0000	0.0000	0.0000	0.0000	0.0000	0.0000	0.0000	0.0000	0.0000	0.0000	0.0000	0.0000	0.0000	0.0000	0.0000	0.0000	0.0000	0.0000	0.0000	0.0000	0.0000	0.0000	0.0000	0.0122	0.0063	0.0059	0.0014	0.0013	0.0001	0.0108	0.0050	0.0058
49	84	0.0436	6	2	0	0	1	0	0	0	1	0	0	1	1	0	0	0	0	0	0	Y	N	N	N	N	N	N	N	N	N	N	N	N	N	N	N	N	N	0.2949	0.2008	0.0000	0.0000	0.0000	0.0000	0.2469	0.1422	0.0000	0.0050	0.0058	0.0000	0.0000	0.0000	0.0000	0.0050	0.0058	0.0000	0.0169	0.0288	0.0021	0.0029	0.0032	0.0000	0.0202	0.0408	0.0021	0.0000	0.0580	-0.0001	-0.0013	1.2605	2.9998	5.3560	15.4389	0.0001	0.0001	0.0000	0.0000	0.0000	0.0000	0.0001	0.0001	0.0000	0.0026	0.0024	0.0001	0.0001	0.0001	0.0000	0.0025	0.0024	0.0001	0.0261	0.0224	0.0037	0.0000	0.0000	0.0000	0.0261	0.0224	0.0037	0.1529	0.0846	0.0683	0.0293	0.0269	0.0024	0.1236	0.0577	0.0659
49	85	0.4236	11	1	0	0	1	0	0	0	1	1	0	2	1	0	0	0	0	0	0	N	N	N	N	Y	N	N	N	N	N	N	N	N	N	N	N	N	N	0.0112	0.0081	0.0341	0.0468	0.0435	0.0024	0.0062	0.0026	0.0299	0.0074	0.0063	0.0146	0.0327	0.0344	0.0002	0.0038	0.0019	0.0153	0.6573	0.7714	0.4288	0.6974	0.7910	0.0959	0.6178	0.7359	0.5125	0.3518	0.2776	-0.0006	-0.2799	1.2605	26.8363	5.3560	143.7566	0.0018	0.0014	0.0005	0.0010	0.0010	0.0000	0.0008	0.0004	0.0005	0.8457	0.6620	0.1838	0.4457	0.4375	0.0083	0.4000	0.2245	0.1755	0.2488	0.2162	0.0327	0.0304	0.0288	0.0016	0.2184	0.1873	0.0311	1.2866	0.8581	0.4285	0.6391	0.5531	0.0861	0.6475	0.3051	0.3425
49	87	0.0489	9	2	0	1	1	0	0	1	1	0	0	2	2	0	0	0	0	0	0	Y	N	N	N	Y	Y	N	N	N	N	N	N	N	N	N	N	N	N	0.0558	0.1893	0.0000	0.2596	0.2527	0.0000	0.0000	0.0000	0.0000	0.0056	0.0061	0.0000	0.0201	0.0202	0.0000	0.0000	0.0000	0.0000	0.1008	0.0324	0.1843	0.0776	0.0798	0.0303	0.1076	0.0012	0.1879	0.0000	4.6499	-0.0000	0.0018	1.2605	0.0022	5.3560	6.6376	0.0000	0.0000	0.0000	0.0000	0.0000	0.0000	0.0000	0.0000	0.0000	0.0065	0.0012	0.0054	0.0011	0.0011	0.0000	0.0054	0.0000	0.0053	0.0000	0.0000	0.0000	0.0000	0.0000	0.0000	0.0000	0.0000	0.0000	0.0647	0.0356	0.0291	0.0148	0.0141	0.0007	0.0499	0.0214	0.0284
49	88	0.0343	8	2	0	0	1	0	0	0	1	0	0	2	2	0	0	0	0	0	0	Y	N	N	N	Y	Y	N	N	N	N	N	N	N	N	N	N	N	N	0.0045	0.0060	0.0001	0.1081	0.1057	0.0000	0.0000	0.0001	0.0000	0.0213	0.0247	0.0003	1.0648	1.0817	0.0000	0.0000	0.0000	0.0003	4.7515	4.1412	5.5589	9.8505	10.2288	0.0759	3.1469	0.0037	5.6749	0.0019	1.0147	-0.0001	-0.0218	1.2605	1.0173	5.3560	8.6136	0.0002	0.0002	0.0000	0.0002	0.0002	0.0000	0.0000	0.0000	0.0000	0.4893	0.2429	0.2464	0.2428	0.2427	0.0001	0.2465	0.0001	0.2463	0.0091	0.0079	0.0013	0.0002	0.0002	0.0000	0.0090	0.0077	0.0013	0.1030	0.0586	0.0443	0.0246	0.0237	0.0009	0.0783	0.0349	0.0434
49	89	0.0389	5	2	0	1	1	0	0	1	1	0	0	1	1	0	0	0	0	0	0	Y	N	N	N	N	N	N	N	N	N	N	N	N	N	N	N	N	N	0.0268	0.0335	0.0016	7.3527	6.7670	0.0000	0.0019	0.0098	0.0016	0.0819	0.0944	0.0054	53.8021	53.8175	0.0000	0.0038	0.0036	0.0054	3.0536	2.8146	3.3499	7.3173	7.9529	0.0277	2.0256	0.3653	3.4700	0.0094	0.9600	-0.0012	-0.0307	1.2605	2.9990	5.3560	17.4729	0.0021	0.0021	0.0000	0.0020	0.0020	0.0000	0.0001	0.0001	0.0000	0.5252	0.2680	0.2573	0.2445	0.2444	0.0001	0.2807	0.0236	0.2572	0.0261	0.0224	0.0037	0.0000	0.0000	0.0000	0.0261	0.0224	0.0037	0.1720	0.0952	0.0768	0.0334	0.0307	0.0027	0.1386	0.0645	0.0741
49	90	0.0343	8	2	0	0	1	0	0	0	1	0	0	2	2	0	0	0	0	0	0	Y	N	N	N	Y	Y	N	N	N	N	N	N	N	N	N	N	N	N	423.8945	74.4173	1601.4300	18.9545	18.9541	0.0000	432.0657	6868.9772	1580.0107	15.5666	1.0578	104.5437	0.7103	0.7266	0.0000	15.7776	1.0632	104.7792	0.0367	0.0142	0.0653	0.0375	0.0383	0.0190	0.0365	0.0002	0.0663	16.1155	3.6196	0.0994	0.0012	1.2605	2.0138	5.3560	11.8132	0.2773	0.0162	0.2611	0.0002	0.0002	0.0000	0.2771	0.0160	0.2611	0.0049	0.0011	0.0039	0.0011	0.0011	0.0000	0.0038	0.0000	0.0038	0.0178	0.0153	0.0025	0.0002	0.0002	0.0000	0.0176	0.0151	0.0025	0.1339	0.0749	0.0590	0.0289	0.0276	0.0013	0.1050	0.0473	0.0577
49	91	0.0258	7	2	0	0	1	0	0	0	1	1	1	2	2	0	0	0	0	0	0	Y	N	N	N	Y	Y	N	N	N	N	N	N	N	N	N	N	N	N	0.1811	0.0096	1.9351	0.0045	0.0043	0.0000	0.5171	0.6230	1.8989	0.0112	0.0008	0.0745	0.0009	0.0009	0.0000	0.0112	0.0008	0.0745	0.0616	0.0790	0.0385	0.2018	0.2094	0.0003	0.0217	0.0012	0.0392	16.1805	0.3655	0.0001	-0.0011	1.2605	1.9725	5.3560	4.2763	0.0002	0.0000	0.0002	0.0000	0.0000	0.0000	0.0002	0.0000	0.0002	0.0041	0.0030	0.0011	0.0029	0.0029	0.0000	0.0011	0.0000	0.0011	0.0175	0.0150	0.0025	0.0001	0.0001	0.0000	0.0173	0.0149	0.0025	0.0659	0.0377	0.0282	0.0146	0.0141	0.0005	0.0513	0.0236	0.0277
49	92	0.0591	10	2	0	1	1	1	0	1	1	0	0	1	1	0	0	0	0	0	0	Y	N	N	N	N	N	N	N	N	N	N	N	N	N	N	N	N	N	0.0000	0.0000	0.0000	0.0000	0.0000	0.0000	0.0000	0.0000	0.0000	0.0000	0.0000	0.0000	0.0000	0.0000	0.0000	0.0000	0.0000	0.0000	2.7942	0.0508	6.2035	0.0492	0.0563	0.0039	3.6044	0.0477	6.6609		98.3082	0.0000	0.4357	1.2605	5.0000	5.3560	42.2706	0.0000	0.0000	0.0000	0.0000	0.0000	0.0000	0.0000	0.0000	0.0000	0.9864	0.0099	0.9765	0.0040	0.0039	0.0000	0.9825	0.0060	0.9765	0.0432	0.0372	0.0061	0.0001	0.0001	0.0000	0.0431	0.0371	0.0061	0.3530	0.1956	0.1574	0.0805	0.0696	0.0108	0.2726	0.1260	0.1466
49	93	0.0928	12	1	0	0	1	0	0	0	1	0	0	1	2	0	0	0	0	0	0	N	N	N	N	N	Y	N	N	N	N	N	N	N	N	N	N	N	N	0.0000	0.0000	0.0000	0.0000	0.0000	0.0000	0.0000	0.0000	0.0000	0.0000	0.0000	0.0000	0.0000	0.0000	0.0000	0.0000	0.0000	0.0000	0.0000	0.0000	0.0000	0.0001	0.0001	0.0000	0.0000	0.0000	0.0000		0.0486	0.0000	-0.0000	1.2605	0.0000	5.3560	0.9594	0.0000	0.0000	0.0000	0.0000	0.0000	0.0000	0.0000	0.0000	0.0000	0.0000	0.0000	0.0000	0.0000	0.0000	0.0000	0.0000	0.0000	0.0000	0.0000	0.0000	0.0000	0.0000	0.0000	0.0000	0.0000	0.0000	0.0000	0.0084	0.0048	0.0036	0.0022	0.0019	0.0002	0.0062	0.0028	0.0034
49	94	0.0614	11	1	0	0	1	0	0	0	1	0	1	1	2	0	0	0	0	0	0	N	N	N	N	N	Y	N	N	N	N	N	N	N	N	N	N	N	N	0.0000	0.0000	0.0000	0.0000	0.0000	0.0000	0.0000	0.0000	0.0000	0.0000	0.0000	0.0000	0.0000	0.0000	0.0000	0.0000	0.0000	0.0000	0.0027	0.0043	0.0006	0.0015	0.0017	0.0001	0.0031	0.0061	0.0006		0.0983	0.0000	-0.0002	1.2605	0.0000	5.3560	18.8906	0.0000	0.0000	0.0000	0.0000	0.0000	0.0000	0.0000	0.0000	0.0000	0.0005	0.0004	0.0000	0.0001	0.0001	0.0000	0.0004	0.0003	0.0000	0.0000	0.0000	0.0000	0.0000	0.0000	0.0000	0.0000	0.0000	0.0000	0.1689	0.0958	0.0731	0.0454	0.0386	0.0068	0.1235	0.0572	0.0663
49	97	0.0772	11	2	0	1	1	0	0	1	1	0	0	1	1	0	0	0	0	0	0	Y	N	N	N	N	N	N	N	N	N	N	N	N	N	N	N	N	N	0.0000	0.0000	0.0000	0.0000	0.0000	0.0000	0.0000	0.0000	0.0000	0.0000	0.0000	0.0000	0.0000	0.0000	0.0000	0.0000	0.0000	0.0000	2.3854	2.1163	2.7257	5.0652	5.6794	0.0086	1.5706	0.0031	2.8906		1.0183	0.0000	-0.0217	1.2605	2.0000	5.3560	24.9502	0.0000	0.0000	0.0000	0.0000	0.0000	0.0000	0.0000	0.0000	0.0000	0.4970	0.2463	0.2508	0.2461	0.2460	0.0000	0.2509	0.0002	0.2507	0.0175	0.0150	0.0025	0.0000	0.0000	0.0000	0.0174	0.0150	0.0025	0.2084	0.1164	0.0920	0.0486	0.0433	0.0053	0.1598	0.0730	0.0867
49	98	0.0526	6	2	0	0	2	0	0	0	2	0	0	2	2	0	0	0	0	0	0	Y	N	N	Y	Y	Y	N	N	N	N	N	N	N	N	N	N	N	N	0.0000	0.0000	0.0000	0.0000	0.0000	0.0000	0.0000	0.0000	0.0000	0.0000	0.0000	0.0000	0.0000	0.0000	0.0000	0.0000	0.0000	0.0000	0.0002	0.0000	0.0004	0.0000	0.0000	0.0000	0.0002	0.0000	0.0004		78.6570	0.0000	0.0000	1.2605	2.9999	5.3560	3.9821	0.0000	0.0000	0.0000	0.0000	0.0000	0.0000	0.0000	0.0000	0.0000	0.0000	0.0000	0.0000	0.0000	0.0000	0.0000	0.0000	0.0000	0.0000	0.0262	0.0225	0.0037	0.0002	0.0002	0.0000	0.0260	0.0223	0.0037	0.0568	0.0307	0.0260	0.0100	0.0090	0.0010	0.0468	0.0217	0.0251
49	99	0.0495	5	2	0	0	1	0	0	0	1	0	0	2	2	0	0	0	0	0	0	Y	N	N	N	Y	Y	N	N	N	N	N	N	N	N	N	N	N	N	3598.2148	14885.3990	11282.4858	2907.1197	2669.4517	0.0000	3612.6593	390227.6499	10908.7567	1.9786	0.1495	13.6058	0.0813	0.0815	0.0000	2.4322	0.1690	13.6353	0.0005	0.0000	0.0012	0.0000	0.0000	0.0000	0.0007	0.0000	0.0012	14.3155	98.7953	0.0000	0.0000	1.2605	0.0003	5.3560	2.0601	0.0000	0.0000	0.0000	0.0000	0.0000	0.0000	0.0000	0.0000	0.0000	0.0000	0.0000	0.0000	0.0000	0.0000	0.0000	0.0000	0.0000	0.0000	0.0000	0.0000	0.0000	0.0000	0.0000	0.0000	0.0000	0.0000	0.0000	0.0179	0.0098	0.0081	0.0034	0.0031	0.0003	0.0145	0.0067	0.0078
49	100	0.0297	4	2	0	0	1	0	0	0	1	1	1	2	2	0	0	0	0	0	0	Y	N	N	N	Y	Y	N	N	N	N	N	N	N	N	N	N	N	N	4744.0731	305.4750	59688.1847	8096.2571	7464.5492	0.0000	13385.0912	2397.2906	58292.9924	10.8040	0.9857	70.4735	77.2938	77.3537	0.0000	10.6009	0.7142	70.4747	0.0023	0.0032	0.0012	0.0095	0.0104	0.0003	0.0008	0.0003	0.0012	11.7645	0.3168	0.0959	-0.0001	1.2605	3.0014	5.3560	9.1620	0.2833	0.0222	0.2611	0.0062	0.0062	0.0000	0.2772	0.0160	0.2611	0.0002	0.0002	0.0001	0.0002	0.0002	0.0000	0.0001	0.0000	0.0001	0.0262	0.0225	0.0037	0.0001	0.0001	0.0000	0.0261	0.0224	0.0037	0.1024	0.0549	0.0475	0.0174	0.0160	0.0014	0.0851	0.0389	0.0461
49	101	0.0168	3	2	0	0	1	0	0	0	1	0	0	1	1	0	0	0	0	0	0	Y	N	N	N	N	N	N	N	N	N	N	N	N	N	N	N	N	N	400.5865	1.2544	3620.8505	0.9473	0.8881	0.0000	1151.9935	35.8752	3566.1855	51.7351	0.2127	309.8234	0.7019	0.7019	0.0000	56.0613	0.1621	309.8240	0.1291	0.1695	0.0856	0.7409	0.7903	0.0001	0.0487	0.0045	0.0869	290.8250	0.4677	0.0017	-0.0019	1.2605	0.0077	5.3560	8.0757	0.0041	0.0000	0.0041	0.0000	0.0000	0.0000	0.0041	0.0000	0.0041	0.0084	0.0057	0.0027	0.0056	0.0056	0.0000	0.0028	0.0001	0.0027	0.0001	0.0001	0.0000	0.0000	0.0000	0.0000	0.0001	0.0001	0.0000	0.0651	0.0338	0.0313	0.0076	0.0071	0.0005	0.0575	0.0267	0.0308
49	106	0.0654	14	2	0	1	1	0	0	0	1	0	0	1	1	0	0	0	0	0	0	Y	N	N	N	N	N	N	N	N	N	N	N	N	N	N	N	N	N	0.8829	0.6568	2.3255	6886.8426	6656.7975	12.5218	0.2724	0.0000	2.1821	0.0114	0.0080	0.0326	1.5960	1.6311	0.0016	0.0046	0.0000	0.0326	0.0129	0.0122	0.0140	0.0002	0.0002	0.0001	0.0168	0.0189	0.0149	0.6655	0.8632	-0.0001	-0.0002	1.2605	4.0001	5.3560	15.3361	0.0004	0.0002	0.0002	0.0002	0.0002	0.0000	0.0002	0.0000	0.0002	0.0020	0.0011	0.0009	0.0000	0.0000	0.0000	0.0020	0.0011	0.0009	0.0347	0.0299	0.0049	0.0001	0.0001	0.0000	0.0346	0.0297	0.0049	0.1526	0.0872	0.0653	0.0358	0.0317	0.0041	0.1168	0.0556	0.0612
49	107	0.0931	16	2	0	1	1	0	0	0	1	0	0	1	1	0	0	0	0	0	0	Y	N	N	N	N	N	N	N	N	N	N	N	N	N	N	N	N	N	3.9679	2.6141	53.0667	77154.9750	72791.8698	486711.5719	0.0000	0.0000	0.0332	31.3520	36.4680	0.1381	2579.3525	2685.8074	39.7556	0.0000	0.0000	0.0001	7.9014	13.9507	0.0026	0.0334	0.0369	0.0001	10.2454	22.0234	0.0027	0.0006	0.0001	-0.1627	-0.5193	1.2605	1.0040	5.3560	14.1141	0.2793	0.2792	0.0002	0.2793	0.2792	0.0002	0.0000	0.0000	0.0000	0.9474	0.9473	0.0001	0.0009	0.0009	0.0000	0.9465	0.9464	0.0001	0.0089	0.0077	0.0013	0.0001	0.0001	0.0000	0.0088	0.0076	0.0013	0.1199	0.0679	0.0520	0.0275	0.0249	0.0026	0.0924	0.0430	0.0494
49	108	0.0852	15	2	0	1	1	1	0	1	1	0	0	1	1	0	0	0	0	0	0	Y	N	N	N	N	N	N	N	N	N	N	N	N	N	N	N	N	N	4.6716	0.6471	1360.7459	25.1064	23.7352	1228.3948	6.5786	0.4016	1300.0513	0.3205	0.0792	1.8017	4.0561	4.2742	0.0516	0.2865	0.0370	1.8075	0.0686	0.1223	0.0013	0.1616	0.1801	0.0000	0.0435	0.0923	0.0014	3.7076	0.0086	0.0006	-0.0014	1.2605	1.0065	5.3560	3.9764	0.0028	0.0006	0.0022	0.0003	0.0003	0.0000	0.0025	0.0003	0.0022	0.0027	0.0027	0.0000	0.0013	0.0013	0.0000	0.0013	0.0013	0.0000	0.0089	0.0076	0.0012	0.0001	0.0001	0.0000	0.0088	0.0076	0.0012	0.0391	0.0217	0.0174	0.0083	0.0074	0.0009	0.0308	0.0143	0.0165
49	112	0.0258	7	2	0	1	1	0	0	1	1	0	0	1	1	0	0	0	0	0	0	Y	N	N	N	N	N	N	N	N	N	N	N	N	N	N	N	N	N	1.7342	23.6808	0.0567	1887.6337	1789.1146	0.0000	0.0143	0.0000	0.0555	0.0777	0.0896	0.0053	12.9547	12.9672	0.0000	0.0008	0.0000	0.0053	0.0448	0.0038	0.0944	0.0069	0.0072	0.0000	0.0529	0.0023	0.0964	0.0098	20.6581	-0.0012	0.0023	1.2605	3.0154	5.3560	11.4025	0.0021	0.0020	0.0000	0.0020	0.0020	0.0000	0.0000	0.0000	0.0000	0.0057	0.0003	0.0055	0.0002	0.0002	0.0000	0.0056	0.0001	0.0055	0.0265	0.0228	0.0037	0.0002	0.0002	0.0000	0.0263	0.0226	0.0037	0.1276	0.0698	0.0578	0.0225	0.0213	0.0012	0.1052	0.0485	0.0566
49	113	0.0184	6	2	0	0	1	0	0	0	1	0	0	1	1	0	0	0	0	0	0	Y	N	N	N	N	N	N	N	N	N	N	N	N	N	N	N	N	N	1.8958	2.7227	2.5312	72.5614	67.8125	0.0000	0.6109	0.0000	2.4926	0.0074	0.0063	0.0143	0.5932	0.5932	0.0000	0.0021	0.0000	0.0143	0.0039	0.0023	0.0057	0.0082	0.0087	0.0000	0.0034	0.0007	0.0058	0.3804	2.2812	-0.0000	0.0000	1.2605	0.0182	5.3560	4.6661	0.0000	0.0000	0.0000	0.0000	0.0000	0.0000	0.0000	0.0000	0.0000	0.0001	0.0000	0.0001	0.0000	0.0000	0.0000	0.0001	0.0000	0.0001	0.0002	0.0001	0.0000	0.0000	0.0000	0.0000	0.0002	0.0001	0.0000	0.0376	0.0195	0.0181	0.0042	0.0040	0.0003	0.0334	0.0155	0.0179
49	114	0.0184	5	2	0	0	1	0	0	0	1	0	0	1	1	0	0	0	0	0	0	Y	N	N	N	N	N	N	N	N	N	N	N	N	N	N	N	N	N	27.0870	113.7978	30.7097	198.8307	159.6012	0.0000	14.3646	0.0000	30.3144	0.1082	0.0674	0.2744	0.2558	0.2558	0.0000	0.0686	0.0000	0.2744	0.0040	0.0006	0.0089	0.0013	0.0016	0.0000	0.0048	0.0000	0.0091	1.0000	10.3922	-0.0000	0.0000	1.2605	0.0004	5.3560	0.0007	0.0000	0.0000	0.0000	0.0000	0.0000	0.0000	0.0000	0.0000	0.0000	0.0000	0.0000	0.0000	0.0000	0.0000	0.0000	0.0000	0.0000	0.0000	0.0000	0.0000	0.0000	0.0000	0.0000	0.0000	0.0000	0.0000	0.0000	0.0000	0.0000	0.0000	0.0000	0.0000	0.0000	0.0000	0.0000	0.0000
49	115	0.0184	4	2	0	0	1	0	0	0	1	0	0	1	1	0	0	0	0	0	0	Y	N	N	N	N	N	N	N	N	N	N	N	N	N	N	N	N	N	24.6189	10.4928	580.6939	18.9792	18.4196	0.0000	200.3686	0.0000	574.4881	0.1082	0.0674	0.2744	0.2558	0.2558	0.0000	0.0686	0.0000	0.2744	0.0044	0.0064	0.0005	0.0135	0.0139	0.0000	0.0003	0.0000	0.0005	1.0000	0.0380	-0.0000	-0.0000	1.2605	0.0004	5.3560	0.0002	0.0000	0.0000	0.0000	0.0000	0.0000	0.0000	0.0000	0.0000	0.0000	0.0000	0.0000	0.0000	0.0000	0.0000	0.0000	0.0000	0.0000	0.0000	0.0000	0.0000	0.0000	0.0000	0.0000	0.0000	0.0000	0.0000	0.0000	0.0000	0.0000	0.0000	0.0000	0.0000	0.0000	0.0000	0.0000	0.0000
49	119	0.0810	13	2	0	1	1	0	0	0	1	0	0	1	1	0	0	0	0	0	0	Y	N	N	N	N	N	N	N	N	N	N	N	N	N	N	N	N	N	0.5417	0.4470	0.0725	114.9835	105.0217	0.0000	0.0445	0.0309	0.0688	0.0423	0.0488	0.0028	13.6508	13.8749	0.0000	0.0029	0.0029	0.0028	0.0782	0.1092	0.0380	0.1187	0.1321	0.0041	0.0653	0.0950	0.0401	0.0092	0.2683	-0.0013	-0.0052	1.2605	6.0007	5.3560	19.0307	0.0022	0.0022	0.0000	0.0020	0.0020	0.0000	0.0001	0.0001	0.0000	0.0155	0.0123	0.0033	0.0057	0.0057	0.0000	0.0099	0.0066	0.0033	0.0517	0.0445	0.0072	0.0001	0.0001	0.0000	0.0516	0.0443	0.0072	0.1989	0.1123	0.0866	0.0479	0.0428	0.0050	0.1510	0.0694	0.0816
49	120	0.0775	12	2	0	1	1	0	0	1	1	0	0	1	1	0	0	0	0	0	0	Y	N	N	N	N	N	N	N	N	N	N	N	N	N	N	N	N	N	0.2180	0.1507	0.1795	19.1610	18.0754	0.0000	0.1749	0.7242	0.1713	0.0184	0.0212	0.0012	5.3706	5.4468	0.0000	0.0008	0.0007	0.0012	0.0845	0.1410	0.0068	0.2803	0.3013	0.0004	0.0045	0.0010	0.0071	0.0095	0.0352	-0.0000	-0.0015	1.2605	0.0034	5.3560	3.2312	0.0000	0.0000	0.0000	0.0000	0.0000	0.0000	0.0000	0.0000	0.0000	0.0029	0.0028	0.0001	0.0028	0.0028	0.0000	0.0001	0.0000	0.0001	0.0000	0.0000	0.0000	0.0000	0.0000	0.0000	0.0000	0.0000	0.0000	0.0339	0.0196	0.0143	0.0098	0.0091	0.0007	0.0241	0.0105	0.0136
49	121	0.0772	11	2	0	0	1	0	0	0	1	0	0	1	1	0	0	0	0	0	0	Y	N	N	N	N	N	N	N	N	N	N	N	N	N	N	N	N	N	0.0000	0.0000	0.0000	0.0000	0.0000	0.0000	0.0000	0.0000	0.0000	0.0000	0.0000	0.0000	0.0000	0.0000	0.0000	0.0000	0.0000	0.0000	0.0194	0.0150	0.0255	0.0236	0.0244	0.0011	0.0169	0.0005	0.0263		1.1958	0.0000	-0.0000	1.2605	0.0000	5.3560	1.2022	0.0000	0.0000	0.0000	0.0000	0.0000	0.0000	0.0000	0.0000	0.0000	0.0004	0.0002	0.0002	0.0002	0.0002	0.0000	0.0002	0.0000	0.0002	0.0000	0.0000	0.0000	0.0000	0.0000	0.0000	0.0000	0.0000	0.0000	0.0203	0.0119	0.0084	0.0075	0.0072	0.0003	0.0128	0.0047	0.0081
49	122	0.0559	10	2	0	0	1	1	0	0	1	0	0	1	1	0	0	0	0	0	0	Y	N	N	N	N	N	N	N	N	N	N	N	N	N	N	N	N	N	3.5687	0.0000	10.4098	0.0000	0.0000	0.0000	3.7075	0.0000	9.9083	0.0143	0.0000	0.0927	0.0000	0.0000	0.0000	0.0185	0.0000	0.0927	0.0040	0.0005	0.0089	0.0011	0.0012	0.0000	0.0050	0.0001	0.0094	inf	12.4977	0.0000	0.0002	1.2605	0.0041	5.3560	12.5856	0.0000	0.0000	0.0000	0.0000	0.0000	0.0000	0.0000	0.0000	0.0000	0.0005	0.0000	0.0004	0.0000	0.0000	0.0000	0.0004	0.0000	0.0004	0.0001	0.0001	0.0000	0.0000	0.0000	0.0000	0.0001	0.0000	0.0000	0.1180	0.0688	0.0492	0.0297	0.0273	0.0024	0.0884	0.0415	0.0468
49	126	0.0908	16	1	0	1	1	0	0	0	1	1	0	2	1	0	0	0	0	0	0	N	N	N	N	Y	N	N	N	N	N	N	N	N	N	N	N	N	N	0.0000	0.0000	0.0000	0.0000	0.0000	0.0000	0.0000	0.0000	0.0000	0.0000	0.0000	0.0000	0.0000	0.0000	0.0000	0.0000	0.0000	0.0000	0.4138	0.7129	0.0152	0.0035	0.0040	0.0000	0.5485	1.1483	0.0164		0.0160	0.0000	-0.0054	1.2605	0.0003	5.3560	3.0192	0.0000	0.0000	0.0000	0.0000	0.0000	0.0000	0.0000	0.0000	0.0000	0.0101	0.0100	0.0002	0.0000	0.0000	0.0000	0.0101	0.0099	0.0002	0.0000	0.0000	0.0000	0.0000	0.0000	0.0000	0.0000	0.0000	0.0000	0.0245	0.0140	0.0105	0.0060	0.0053	0.0007	0.0184	0.0087	0.0098
49	131	0.0971	18	2	0	1	1	0	0	0	1	0	0	1	1	0	0	0	0	0	0	Y	N	N	N	N	N	N	N	N	N	N	N	N	N	N	N	N	N	0.0060	0.0011	0.0187	2.5075	0.0488	49.0456	0.0000	0.0000	0.0000	0.0002	0.0000	0.0015	0.0061	0.0001	0.2001	0.0000	0.0000	0.0000	0.0361	0.0038	0.0800	0.0024	0.0022	0.0041	0.0482	0.0049	0.0860	57.2554	15.5423	0.0000	0.0011	1.2605	1.0211	5.3560	9.0731	0.0000	0.0000	0.0000	0.0000	0.0000	0.0000	0.0000	0.0000	0.0000	0.0029	0.0002	0.0027	0.0001	0.0000	0.0000	0.0029	0.0001	0.0027	0.0093	0.0080	0.0013	0.0003	0.0003	0.0000	0.0090	0.0077	0.0013	0.0804	0.0463	0.0341	0.0212	0.0187	0.0025	0.0592	0.0275	0.0316
49	132	0.1179	18	1	0	0	1	0	0	0	1	0	1	1	2	0	0	0	0	0	0	N	N	N	N	N	Y	N	N	N	N	N	N	N	N	N	N	N	N	0.0000	0.0000	0.0000	0.0000	0.0000	0.0000	0.0000	0.0000	0.0000	0.0000	0.0000	0.0000	0.0000	0.0000	0.0000	0.0000	0.0000	0.0000	0.0007	0.0012	0.0000	0.0000	0.0000	0.0000	0.0009	0.0020	0.0000		0.0000	0.0000	-0.0000	1.2605	0.0075	5.3560	1.9743	0.0000	0.0000	0.0000	0.0000	0.0000	0.0000	0.0000	0.0000	0.0000	0.0000	0.0000	0.0000	0.0000	0.0000	0.0000	0.0000	0.0000	0.0000	0.0002	0.0002	0.0000	0.0001	0.0001	0.0000	0.0001	0.0001	0.0000	0.0161	0.0093	0.0068	0.0045	0.0040	0.0005	0.0116	0.0054	0.0063
49	134	0.1127	16	1	0	0	1	0	0	0	1	0	1	1	2	0	0	0	0	0	0	N	N	N	N	N	Y	N	N	N	N	N	N	N	N	N	N	N	N	0.1008	0.2013	0.0000	0.8562	2.1525	0.0000	0.0001	0.0000	0.3219	0.0103	0.0119	0.0000	0.2246	0.2295	0.0000	0.0000	0.0000	0.0000	0.1018	0.0591	0.1611	0.2623	0.1066	0.7655	0.0062	0.0132	0.0000	0.0000	1.9697	-0.0001	0.0008	1.2605	2.0569	5.3560	5.7592	0.0002	0.0002	0.0000	0.0002	0.0002	0.0000	0.0000	0.0000	0.0000	0.0074	0.0025	0.0049	0.0071	0.0022	0.0049	0.0003	0.0003	0.0000	0.0191	0.0165	0.0026	0.0009	0.0009	0.0000	0.0182	0.0156	0.0026	0.0723	0.0420	0.0303	0.0270	0.0206	0.0064	0.0453	0.0214	0.0239
49	135	0.1142	17	1	0	0	1	0	0	0	1	0	1	1	2	0	0	0	0	0	0	N	N	N	N	N	Y	N	N	N	N	N	N	N	N	N	N	N	N	0.0000	0.0000	0.0000	0.0000	0.0000	0.0000	0.0000	0.0000	0.0000	0.0000	0.0000	0.0000	0.0000	0.0000	0.0000	0.0000	0.0000	0.0000	0.0620	0.0715	0.0490	0.1058	0.1343	0.0057	0.0379	0.0142	0.0590		0.4981	0.0000	-0.0012	1.2605	1.0111	5.3560	8.8059	0.0000	0.0000	0.0000	0.0000	0.0000	0.0000	0.0000	0.0000	0.0000	0.0054	0.0036	0.0018	0.0033	0.0032	0.0000	0.0021	0.0004	0.0017	0.0091	0.0078	0.0013	0.0003	0.0003	0.0000	0.0087	0.0075	0.0012	0.0867	0.0502	0.0365	0.0308	0.0240	0.0068	0.0559	0.0263	0.0296
49	138	0.0909	15	2	0	1	1	0	0	0	1	0	0	2	1	0	0	0	0	0	0	Y	N	N	N	Y	N	N	N	N	N	N	N	N	N	N	N	N	N	1.1272	0.9188	0.8819	0.2996	0.2607	0.0000	1.1978	0.8890	0.8071	0.2219	0.2576	0.0686	0.0004	0.0004	0.0000	0.3276	0.4274	0.0688	0.1968	0.2804	0.0778	0.0015	0.0016	0.0002	0.2735	0.4807	0.0852	0.0620	0.1947	-0.0000	-0.0025	1.2605	0.0010	5.3560	4.0030	0.0000	0.0000	0.0000	0.0000	0.0000	0.0000	0.0000	0.0000	0.0000	0.0066	0.0055	0.0011	0.0000	0.0000	0.0000	0.0066	0.0055	0.0011	0.0000	0.0000	0.0000	0.0000	0.0000	0.0000	0.0000	0.0000	0.0000	0.0335	0.0197	0.0138	0.0094	0.0082	0.0012	0.0241	0.0115	0.0126
49	139	0.0654	14	2	0	1	1	0	0	0	1	1	0	2	1	0	0	0	0	0	0	Y	N	N	N	Y	N	N	N	N	N	N	N	N	N	N	N	N	N	350.3703	228.4958	1936.7864	12.7838	11.6245	62.4431	7429.3502	5229.1029	6022.9635	10.6250	11.6734	4.2052	1.5666	1.5677	1.5128	10.6644	11.7234	4.2069	0.0303	0.0511	0.0022	0.1225	0.1349	0.0242	0.0014	0.0022	0.0007	0.0588	0.0313	-0.1465	-0.0019	1.2605	2.9989	5.3560	12.3267	0.2777	0.2623	0.0154	0.0002	0.0002	0.0000	0.2775	0.2621	0.0154	0.0038	0.0037	0.0001	0.0036	0.0035	0.0001	0.0001	0.0001	0.0000	0.0261	0.0225	0.0037	0.0001	0.0001	0.0000	0.0260	0.0224	0.0037	0.1242	0.0715	0.0527	0.0296	0.0263	0.0033	0.0945	0.0451	0.0494
49	140	0.0646	13	2	0	1	1	1	0	1	1	0	0	1	1	0	0	0	0	0	0	Y	N	N	N	N	N	N	N	N	N	N	N	N	N	N	N	N	N	2780.0638	487.6158	12638.6397	913.8291	842.8410	0.0000	4869.1760	260.3644	11982.2425	30.8352	5.9228	121.0671	19.9851	19.9903	0.0000	33.6910	0.8295	121.0972	0.0111	0.0121	0.0096	0.0219	0.0237	0.0002	0.0069	0.0032	0.0101	5.6436	0.5500	0.0001	-0.0000	1.2605	0.0011	5.3560	0.8290	0.0005	0.0001	0.0004	0.0001	0.0001	0.0000	0.0004	0.0000	0.0004	0.0001	0.0001	0.0000	0.0001	0.0001	0.0000	0.0000	0.0000	0.0000	0.0000	0.0000	0.0000	0.0000	0.0000	0.0000	0.0000	0.0000	0.0000	0.0084	0.0049	0.0034	0.0023	0.0022	0.0002	0.0060	0.0028	0.0033
49	141	0.0877	15	2	0	1	1	0	0	0	1	0	0	1	1	0	0	0	0	0	0	Y	N	N	N	N	N	N	N	N	N	N	N	N	N	N	N	N	N	0.0008	0.0008	0.0000	0.0000	0.0000	0.0000	0.0021	0.0131	0.0000	0.0002	0.0002	0.0000	0.0000	0.0000	0.0000	0.0002	0.0003	0.0000	0.2114	0.2401	0.1722	0.4811	0.5476	0.0005	0.1097	0.0202	0.1868	0.0000	0.5258	-0.0000	-0.0030	1.2605	0.0243	5.3560	8.8037	0.0000	0.0000	0.0000	0.0000	0.0000	0.0000	0.0000	0.0000	0.0000	0.0149	0.0098	0.0051	0.0093	0.0093	0.0000	0.0056	0.0005	0.0051	0.0004	0.0004	0.0000	0.0001	0.0001	0.0000	0.0003	0.0003	0.0000	0.0706	0.0407	0.0299	0.0193	0.0170	0.0024	0.0512	0.0237	0.0275
49	142	0.0711	14	2	0	1	1	1	0	1	1	0	0	1	1	0	0	0	0	0	0	Y	N	N	N	N	N	N	N	N	N	N	N	N	N	N	N	N	N	0.0611	1.0366	0.0920	0.0115	0.0104	0.0000	0.0465	0.8334	0.0860	0.0057	0.0035	0.0195	0.0000	0.0000	0.0000	0.0058	0.0035	0.0195	0.0939	0.0034	0.2117	0.0018	0.0020	0.0000	0.1241	0.0042	0.2265	0.9051	48.1157	-0.0000	0.0033	1.2605	4.9785	5.3560	5.0554	0.0002	0.0001	0.0001	0.0000	0.0000	0.0000	0.0002	0.0001	0.0001	0.0077	0.0002	0.0076	0.0000	0.0000	0.0000	0.0077	0.0001	0.0076	0.0431	0.0371	0.0060	0.0002	0.0002	0.0000	0.0429	0.0369	0.0060	0.0822	0.0465	0.0357	0.0203	0.0180	0.0023	0.0619	0.0285	0.0334
49	143	0.1102	19	2	0	1	1	0	0	0	1	0	0	2	1	0	0	0	0	0	0	Y	N	N	N	Y	N	N	N	N	N	N	N	N	N	N	N	N	N	0.0594	0.0447	0.0000	0.1074	0.1096	0.0000	0.0032	0.0021	0.0000	0.0469	0.0558	0.0000	0.1274	0.1462	0.0000	0.0021	0.0025	0.0000	0.7889	1.2501	0.1209	1.1856	1.3347	0.0019	0.6438	1.1933	0.1303	0.0000	0.0668	-0.0000	-0.0091	1.2605	0.0000	5.3560	3.0055	0.0000	0.0000	0.0000	0.0000	0.0000	0.0000	0.0000	0.0000	0.0000	0.0187	0.0175	0.0012	0.0075	0.0075	0.0000	0.0112	0.0100	0.0012	0.0000	0.0000	0.0000	0.0000	0.0000	0.0000	0.0000	0.0000	0.0000	0.0237	0.0140	0.0097	0.0063	0.0056	0.0007	0.0173	0.0084	0.0090
49	144	0.0971	18	2	0	1	1	0	0	0	1	1	0	2	1	0	0	0	0	0	0	Y	N	N	N	Y	N	N	N	N	N	N	N	N	N	N	N	N	N	0.7448	0.5206	0.0000	32.8397	30.8284	0.0000	0.0333	0.0189	0.0000	0.1185	0.1378	0.0000	4.1516	4.3057	0.0000	0.0057	0.0066	0.0000	0.1591	0.2647	0.0160	0.1264	0.1397	0.0247	0.1710	0.3518	0.0153	0.0000	0.0446	-0.0012	-0.0053	1.2605	2.0192	5.3560	6.0784	0.0021	0.0021	0.0000	0.0020	0.0020	0.0000	0.0001	0.0001	0.0000	0.0104	0.0100	0.0004	0.0022	0.0022	0.0000	0.0082	0.0078	0.0004	0.0180	0.0155	0.0025	0.0005	0.0005	0.0000	0.0175	0.0150	0.0025	0.0656	0.0378	0.0279	0.0175	0.0155	0.0020	0.0481	0.0223	0.0258
49	145	0.0924	17	2	0	1	1	1	0	0	1	0	0	1	1	0	0	0	0	0	0	Y	N	N	N	N	N	N	N	N	N	N	N	N	N	N	N	N	N	0.0006	0.0116	0.0000	0.4141	0.3793	0.0000	0.0000	0.0017	0.0000	0.0001	0.0001	0.0000	0.0103	0.0108	0.0000	0.0000	0.0000	0.0000	0.1867	0.0116	0.4183	0.0250	0.0286	0.0002	0.2396	0.0013	0.4509	0.0000	27.1798	-0.0000	0.0018	1.2605	1.9811	5.3560	0.9869	0.0000	0.0000	0.0000	0.0000	0.0000	0.0000	0.0000	0.0000	0.0000	0.0044	0.0002	0.0042	0.0001	0.0001	0.0000	0.0042	0.0000	0.0042	0.0174	0.0149	0.0024	0.0002	0.0002	0.0000	0.0172	0.0148	0.0024	0.0234	0.0133	0.0101	0.0058	0.0050	0.0007	0.0177	0.0083	0.0094
50	52	0.1163	20	2	0	0	0	0	0	0	0	0	1	1	2	0	0	0	0	0	0	Y	N	N	N	N	Y	N	N	N	N	N	N	N	N	N	N	N	N	0.0145	0.0000	8.7007	0.1986	0.0000	86.6212	0.4658	0.0000	19.1415	0.0000	0.0000	0.0001	0.0004	0.0000	0.0090	0.0000	0.0000	0.0000	0.0005	0.0009	0.0000	0.0019	0.0021	0.0001	0.0000	0.0000	0.0000	inf	0.0052	0.0000	-0.0000	1.0001	1.0020	7.4568	7.2599	0.0000	0.0000	0.0000	0.0000	0.0000	0.0000	0.0000	0.0000	0.0000	0.0000	0.0000	0.0000	0.0000	0.0000	0.0000	0.0000	0.0000	0.0000	0.0071	0.0061	0.0010	0.0001	0.0001	0.0000	0.0070	0.0060	0.0010	0.0868	0.0495	0.0374	0.0230	0.0209	0.0022	0.0638	0.0286	0.0352
50	53	0.0966	19	2	0	0	0	1	0	0	0	0	0	1	1	0	0	0	0	0	0	Y	N	N	N	N	N	N	N	N	N	N	N	N	N	N	N	N	N	8.1263	0.0001	28397.3661	70.0378	0.0011	inf	1.7615	0.0000	305.1820	0.0111	0.0000	0.0801	0.3901	0.0000	5.8005	0.0001	0.0000	0.0009	0.0014	0.0024	0.0000	0.0056	0.0061	0.0000	0.0001	0.0002	0.0000	64802.2570	0.0009	0.0001	-0.0001	1.0001	3.0050	7.4568	8.3063	0.0002	0.0000	0.0002	0.0002	0.0000	0.0002	0.0000	0.0000	0.0000	0.0002	0.0002	0.0000	0.0002	0.0002	0.0000	0.0000	0.0000	0.0000	0.0213	0.0184	0.0030	0.0006	0.0006	0.0000	0.0207	0.0178	0.0029	0.1179	0.0663	0.0515	0.0277	0.0253	0.0025	0.0902	0.0411	0.0491
50	55	0.1314	19	2	0	1	0	0	0	1	0	0	0	1	1	0	0	0	0	0	0	Y	N	N	N	N	N	N	N	N	N	N	N	N	N	N	N	N	N	0.0000	0.0000	0.0000	0.0000	0.0000	0.0000	0.0000	0.0000	0.0000	0.0000	0.0000	0.0000	0.0000	0.0000	0.0000	0.0000	0.0000	0.0000	0.0873	0.0000	0.2077	0.2888	0.0000	2.7434	0.0170	0.0000	0.0320		inf	0.0000	0.0011	1.0001	0.0000	7.4568	2.9989	0.0000	0.0000	0.0000	0.0000	0.0000	0.0000	0.0000	0.0000	0.0000	0.0025	0.0000	0.0025	0.0021	0.0000	0.0021	0.0004	0.0000	0.0004	0.0000	0.0000	0.0000	0.0000	0.0000	0.0000	0.0000	0.0000	0.0000	0.0286	0.0166	0.0120	0.0074	0.0066	0.0008	0.0212	0.0100	0.0113
50	56	0.1068	18	2	0	0	0	0	0	0	0	0	0	1	1	0	0	0	0	0	0	Y	N	N	N	N	N	N	N	N	N	N	N	N	N	N	N	N	N	0.0000	0.0000	0.0000	0.0000	0.0000	0.0000	0.0000	0.0000	0.0000	0.0000	0.0000	0.0000	0.0000	0.0000	0.0000	0.0000	0.0000	0.0000	0.0182	0.0323	0.0000	0.0751	0.0834	0.0000	0.0000	0.0000	0.0000		0.0006	0.0000	-0.0014	1.0001	2.9988	7.4568	11.1255	0.0000	0.0000	0.0000	0.0000	0.0000	0.0000	0.0000	0.0000	0.0000	0.0025	0.0025	0.0000	0.0025	0.0025	0.0000	0.0000	0.0000	0.0000	0.0209	0.0180	0.0029	0.0006	0.0006	0.0000	0.0203	0.0175	0.0028	0.1393	0.0787	0.0606	0.0338	0.0304	0.0034	0.1055	0.0482	0.0573
50	57	0.0620	7	2	0	1	1	0	0	0	1	0	0	2	2	0	0	0	0	0	0	Y	N	N	N	Y	Y	N	N	N	N	N	N	N	N	N	N	N	N	0.0000	0.0000	0.0000	0.0000	0.0000	0.0000	0.0000	0.0000	0.0000	0.0000	0.0000	0.0000	0.0000	0.0000	0.0000	0.0000	0.0000	0.0000	0.0000	0.0000	0.0000	0.0000	0.0000	0.0000	0.0000	0.0000	0.0000			0.0000	0.0000	1.0001	0.0000	7.4568	0.0000	0.0000	0.0000	0.0000	0.0000	0.0000	0.0000	0.0000	0.0000	0.0000	0.0000	0.0000	0.0000	0.0000	0.0000	0.0000	0.0000	0.0000	0.0000	0.0000	0.0000	0.0000	0.0000	0.0000	0.0000	0.0000	0.0000	0.0000	0.0000	0.0000	0.0000	0.0000	0.0000	0.0000	0.0000	0.0000	0.0000
50	58	0.0620	7	2	0	1	0	0	0	0	0	0	0	2	2	0	0	0	0	0	0	Y	N	N	N	Y	Y	N	N	N	N	N	N	N	N	N	N	N	N	0.0000	0.0000	0.0000	0.0000	0.0000	0.0000	0.0000	0.0000	0.0000	0.0000	0.0000	0.0000	0.0000	0.0000	0.0000	0.0000	0.0000	0.0000	0.0000	0.0000	0.0000	0.0000	0.0000	0.0000	0.0000	0.0000	0.0000			0.0000	0.0000	1.0001	0.0000	7.4568	0.0000	0.0000	0.0000	0.0000	0.0000	0.0000	0.0000	0.0000	0.0000	0.0000	0.0000	0.0000	0.0000	0.0000	0.0000	0.0000	0.0000	0.0000	0.0000	0.0000	0.0000	0.0000	0.0000	0.0000	0.0000	0.0000	0.0000	0.0000	0.0000	0.0000	0.0000	0.0000	0.0000	0.0000	0.0000	0.0000	0.0000
50	59	0.0572	6	2	0	1	0	0	0	1	0	0	0	2	2	0	0	0	0	0	0	Y	N	N	N	Y	Y	N	N	N	N	N	N	N	N	N	N	N	N	0.0000	0.0000	0.0000	0.0000	0.0000	0.0000	0.0000	0.0000	0.0000	0.0000	0.0000	0.0000	0.0000	0.0000	0.0000	0.0000	0.0000	0.0000	0.0000	0.0000	0.0000	0.0000	0.0000	0.0000	0.0000	0.0000	0.0000			0.0000	0.0000	1.0001	0.0001	7.4568	3.0507	0.0000	0.0000	0.0000	0.0000	0.0000	0.0000	0.0000	0.0000	0.0000	0.0000	0.0000	0.0000	0.0000	0.0000	0.0000	0.0000	0.0000	0.0000	0.0000	0.0000	0.0000	0.0000	0.0000	0.0000	0.0000	0.0000	0.0000	0.0314	0.0167	0.0146	0.0053	0.0048	0.0005	0.0260	0.0119	0.0141
50	60	0.0955	15	2	0	1	0	0	0	0	0	0	0	2	1	0	0	0	0	0	0	Y	N	N	N	Y	N	N	N	N	N	N	N	N	N	N	N	N	N	103.7530	749.3371	0.0000	93.1271	1855.9465	0.0000	0.0000	0.0000	0.0000	0.0002	0.0003	0.0000	0.0007	0.0007	0.0000	0.0000	0.0000	0.0000	0.0000	0.0000	0.0000	0.0000	0.0000	0.0001	0.0000	0.0000	0.0000	0.0000	9.1913	-0.0000	0.0000	1.0001	0.0010	7.4568	5.0218	0.0000	0.0000	0.0000	0.0000	0.0000	0.0000	0.0000	0.0000	0.0000	0.0000	0.0000	0.0000	0.0000	0.0000	0.0000	0.0000	0.0000	0.0000	0.0000	0.0000	0.0000	0.0000	0.0000	0.0000	0.0000	0.0000	0.0000	0.0505	0.0290	0.0215	0.0136	0.0117	0.0019	0.0369	0.0173	0.0196
50	67	0.0452	11	2	0	1	0	0	0	0	0	0	1	1	2	0	0	0	0	0	0	Y	N	N	N	N	Y	N	N	N	N	N	N	N	N	N	N	N	N	210.7805	52399303.8092	0.0000	34576274.3759	32357215.3307	0.0000	0.0000	0.0000	0.0000	50.6531	69.0528	0.0000	156.1889	156.2520	0.0000	0.0000	0.0000	0.0000	0.2403	0.0000	0.5161	0.0000	0.0000	0.0000	0.2847	0.0000	0.5275	0.0000	341274.9794	-0.0006	0.0090	1.0001	0.0010	7.4568	8.0699	0.0010	0.0010	0.0000	0.0010	0.0010	0.0000	0.0000	0.0000	0.0000	0.0198	0.0000	0.0198	0.0000	0.0000	0.0000	0.0198	0.0000	0.0198	0.0000	0.0000	0.0000	0.0000	0.0000	0.0000	0.0000	0.0000	0.0000	0.0825	0.0441	0.0384	0.0129	0.0120	0.0008	0.0696	0.0321	0.0376
50	68	0.0355	10	2	0	1	0	0	0	0	0	0	0	1	1	0	0	0	0	0	0	Y	N	N	N	N	N	N	N	N	N	N	N	N	N	N	N	N	N	8.7339	0.0000	30.1587	0.0000	0.0000	0.0000	7.7497	0.0000	29.7155	142.0829	0.0000	1009.4247	0.0000	0.0000	0.0000	143.1099	0.0000	1012.0658	16.2679	0.0008	33.4704	0.0033	0.0035	0.0000	18.4665	0.0000	34.0585	inf	39924.2653	0.0004	0.4414	1.0001	0.0010	7.4568	6.0584	0.0010	0.0000	0.0010	0.0000	0.0000	0.0000	0.0010	0.0000	0.0010	0.9771	0.0000	0.9771	0.0000	0.0000	0.0000	0.9771	0.0000	0.9771	0.0000	0.0000	0.0000	0.0000	0.0000	0.0000	0.0000	0.0000	0.0000	0.0601	0.0309	0.0292	0.0072	0.0066	0.0005	0.0529	0.0242	0.0287
50	69	0.0341	9	2	0	1	0	0	0	0	0	0	0	1	1	0	0	0	0	0	0	Y	N	N	N	N	N	N	N	N	N	N	N	N	N	N	N	N	N	0.0000	0.0000	0.0000	0.0000	0.0000	0.0000	0.0000	0.0000	0.0000	0.0000	0.0000	0.0000	0.0000	0.0000	0.0000	0.0000	0.0000	0.0000	0.1009	0.0046	0.2059	0.0154	0.0164	0.0000	0.1140	0.0009	0.2093		41.3338	0.0000	0.0004	1.0001	0.0006	7.4568	0.9765	0.0000	0.0000	0.0000	0.0000	0.0000	0.0000	0.0000	0.0000	0.0000	0.0010	0.0000	0.0010	0.0000	0.0000	0.0000	0.0010	0.0000	0.0010	0.0000	0.0000	0.0000	0.0000	0.0000	0.0000	0.0000	0.0000	0.0000	0.0102	0.0053	0.0049	0.0014	0.0013	0.0001	0.0089	0.0041	0.0048
50	70	0.0252	3	2	0	0	0	0	0	0	0	0	1	2	2	0	0	0	0	0	0	Y	N	N	N	Y	Y	N	N	N	N	N	N	N	N	N	N	N	N	10.7815	4.7631	44.6624	17.3930	21.7305	1.4944	7.8347	0.0000	45.2047	48.2073	0.0131	417.1756	0.0851	0.0828	0.2434	56.1900	0.0000	424.4706	4.4713	0.0028	9.3407	0.0049	0.0038	0.1629	7.1719	0.0001	9.3900	4148.1376	3108.0632	0.4145	0.5988	1.0001	2.3581	7.4568	7.4584	0.9950	0.0002	0.9948	0.0002	0.0002	0.0000	0.9948	0.0000	0.9948	1.3265	0.0004	1.3261	0.0005	0.0004	0.0001	1.3260	0.0000	1.3259	0.0206	0.0183	0.0024	0.0029	0.0029	0.0000	0.0177	0.0154	0.0023	0.2967	0.1547	0.1420	0.1118	0.1110	0.0008	0.1849	0.0437	0.1412
50	71	0.0180	2	2	0	0	0	0	0	0	0	0	0	2	1	0	0	0	0	0	0	Y	N	N	N	Y	N	N	N	N	N	N	N	N	N	N	N	N	N	0.6172	0.2728	2.6220	74.1363	72.4045	0.0000	0.4546	0.2350	2.5646	0.4007	0.1655	1.8315	55.6473	55.6588	0.0000	0.2601	0.0009	1.8315	0.6493	0.6067	0.6985	0.7506	0.7687	0.0168	0.5721	0.0040	0.7142	1.8196	0.9986	0.0003	-0.0087	1.0001	1.7590	7.4568	3.5356	0.0049	0.0017	0.0032	0.0017	0.0017	0.0000	0.0032	0.0000	0.0032	0.1790	0.0896	0.0895	0.0895	0.0895	0.0000	0.0895	0.0001	0.0894	0.0122	0.0105	0.0017	0.0000	0.0000	0.0000	0.0122	0.0105	0.0017	0.2757	0.1477	0.1281	0.1192	0.1164	0.0029	0.1565	0.0313	0.1252
50	73	0.0878	9	2	0	1	0	0	0	0	0	0	0	2	1	0	0	0	0	0	0	Y	N	N	N	Y	N	N	N	N	N	N	N	N	N	N	N	N	N	0.0000	0.0000	0.0000	0.0000	0.0000	0.0000	0.0000	0.0000	0.0000	0.0000	0.0000	0.0000	0.0000	0.0000	0.0000	0.0000	0.0000	0.0000	0.0329	0.0004	0.0748	0.0008	0.0009	0.0000	0.0443	0.0000	0.0792		150.7543	0.0000	0.0021	1.0001	1.6760	7.4568	12.1347	0.0000	0.0000	0.0000	0.0000	0.0000	0.0000	0.0000	0.0000	0.0000	0.0048	0.0000	0.0047	0.0000	0.0000	0.0000	0.0047	0.0000	0.0047	0.0125	0.0109	0.0017	0.0010	0.0010	0.0000	0.0115	0.0099	0.0016	0.1451	0.0817	0.0633	0.0380	0.0345	0.0035	0.1070	0.0472	0.0598
50	74	0.0580	8	2	0	1	0	1	0	1	0	1	0	2	1	0	0	0	0	0	0	Y	N	N	N	Y	N	N	N	N	N	N	N	N	N	N	N	N	N	0.0000	0.0058	0.0000	0.0600	0.0561	0.0000	0.0000	0.0000	0.0000	0.0001	0.0001	0.0000	0.0022	0.0022	0.0000	0.0000	0.0000	0.0000	3.1658	0.0162	7.2294	0.0368	0.0399	0.0000	4.1841	0.0003	7.5618	0.0000	345.5538	-0.0000	0.2919	1.0001	2.9965	7.4568	14.7438	0.0000	0.0000	0.0000	0.0000	0.0000	0.0000	0.0000	0.0000	0.0000	0.6503	0.0019	0.6484	0.0019	0.0019	0.0000	0.6484	0.0000	0.6484	0.0219	0.0189	0.0030	0.0008	0.0008	0.0000	0.0211	0.0181	0.0030	0.2054	0.1157	0.0897	0.0504	0.0465	0.0039	0.1550	0.0692	0.0857
50	75	0.0341	9	2	0	1	0	0	0	0	0	0	0	1	1	0	0	0	0	0	0	Y	N	N	N	N	N	N	N	N	N	N	N	N	N	N	N	N	N	0.0000	0.0000	0.0000	0.0000	0.0000	0.0000	0.0000	0.0000	0.0000	0.0000	0.0000	0.0000	0.0000	0.0000	0.0000	0.0000	0.0000	0.0000	0.0002	0.0005	0.0000	0.0021	0.0023	0.0000	0.0000	0.0000	0.0000		0.0000	0.0000	-0.0000	1.0001	1.0006	7.4568	8.0096	0.0000	0.0000	0.0000	0.0000	0.0000	0.0000	0.0000	0.0000	0.0000	0.0000	0.0000	0.0000	0.0000	0.0000	0.0000	0.0000	0.0000	0.0000	0.0070	0.0060	0.0010	0.0001	0.0000	0.0000	0.0070	0.0060	0.0010	0.0868	0.0444	0.0423	0.0095	0.0088	0.0007	0.0772	0.0356	0.0416
50	76	0.0318	8	2	0	1	0	0	0	0	0	0	0	1	1	0	0	0	0	0	0	Y	N	N	N	N	N	N	N	N	N	N	N	N	N	N	N	N	N	0.0105	0.0000	0.2080	0.0000	0.0000	0.0000	0.0521	0.0000	0.2049	0.0001	0.0000	0.0005	0.0000	0.0000	0.0000	0.0001	0.0000	0.0005	0.0064	0.0100	0.0023	0.0299	0.0311	0.0000	0.0013	0.0000	0.0024	inf	0.1986	0.0000	-0.0000	1.0001	0.9962	7.4568	0.5464	0.0000	0.0000	0.0000	0.0000	0.0000	0.0000	0.0000	0.0000	0.0000	0.0001	0.0001	0.0000	0.0001	0.0001	0.0000	0.0000	0.0000	0.0000	0.0070	0.0060	0.0010	0.0000	0.0000	0.0000	0.0069	0.0060	0.0010	0.0187	0.0101	0.0086	0.0034	0.0032	0.0001	0.0153	0.0068	0.0085
50	77	0.0254	7	2	0	1	0	0	0	0	0	0	0	1	1	0	0	0	0	0	0	Y	N	N	N	N	N	N	N	N	N	N	N	N	N	N	N	N	N	6.3998	29.7570	0.0000	176.2848	166.5631	0.0000	0.0000	0.0000	0.0000	0.0149	0.0174	0.0000	0.2955	0.2955	0.0000	0.0000	0.0000	0.0000	0.0023	0.0006	0.0042	0.0017	0.0018	0.0001	0.0024	0.0002	0.0043	0.0000	6.7571	-0.0000	0.0000	1.0001	0.0041	7.4568	4.4918	0.0000	0.0000	0.0000	0.0000	0.0000	0.0000	0.0000	0.0000	0.0000	0.0001	0.0000	0.0001	0.0000	0.0000	0.0000	0.0001	0.0000	0.0001	0.0000	0.0000	0.0000	0.0000	0.0000	0.0000	0.0000	0.0000	0.0000	0.0474	0.0244	0.0229	0.0059	0.0056	0.0003	0.0415	0.0189	0.0226
50	78	0.1068	18	2	0	0	0	0	0	0	0	0	1	1	2	0	0	0	0	0	0	Y	N	N	N	N	Y	N	N	N	N	N	N	N	N	N	N	N	N	0.0000	0.0000	0.0000	0.0000	0.0000	0.0000	0.0000	0.0000	0.0000	0.0000	0.0000	0.0000	0.0000	0.0000	0.0000	0.0000	0.0000	0.0000	0.0067	0.0117	0.0002	0.0269	0.0298	0.0000	0.0001	0.0000	0.0003		0.0159	0.0000	-0.0004	1.0001	0.0166	7.4568	12.2009	0.0000	0.0000	0.0000	0.0000	0.0000	0.0000	0.0000	0.0000	0.0000	0.0008	0.0008	0.0000	0.0008	0.0008	0.0000	0.0000	0.0000	0.0000	0.0003	0.0003	0.0000	0.0001	0.0001	0.0000	0.0002	0.0001	0.0000	0.1224	0.0692	0.0532	0.0300	0.0271	0.0029	0.0924	0.0421	0.0503
50	79	0.0925	17	2	0	0	0	1	0	0	0	0	0	1	1	0	0	0	0	0	0	Y	N	N	N	N	N	N	N	N	N	N	N	N	N	N	N	N	N	0.0030	0.0026	0.0000	0.0425	0.0395	0.0000	0.0000	0.0000	0.0000	0.0000	0.0000	0.0000	0.0000	0.0000	0.0000	0.0000	0.0000	0.0000	0.0004	0.0006	0.0003	0.0010	0.0011	0.0000	0.0003	0.0003	0.0003	0.0000	0.3715	-0.0000	-0.0000	1.0001	1.0285	7.4568	7.9781	0.0000	0.0000	0.0000	0.0000	0.0000	0.0000	0.0000	0.0000	0.0000	0.0000	0.0000	0.0000	0.0000	0.0000	0.0000	0.0000	0.0000	0.0000	0.0074	0.0064	0.0010	0.0002	0.0002	0.0000	0.0071	0.0061	0.0010	0.0847	0.0462	0.0385	0.0170	0.0151	0.0019	0.0677	0.0311	0.0366
50	82	0.0254	7	2	0	1	0	0	0	0	0	1	0	2	1	0	0	0	0	0	0	Y	N	N	N	Y	N	N	N	N	N	N	N	N	N	N	N	N	N	0.0000	0.0000	0.0000	0.0000	0.0000	0.0000	0.0000	0.0000	0.0000	0.0000	0.0000	0.0000	0.0000	0.0000	0.0000	0.0000	0.0000	0.0000	0.0012	0.0024	0.0000	0.0114	0.0123	0.0000	0.0000	0.0000	0.0000		0.0003	0.0000	-0.0001	1.0001	1.9997	7.4568	10.5319	0.0000	0.0000	0.0000	0.0000	0.0000	0.0000	0.0000	0.0000	0.0000	0.0001	0.0001	0.0000	0.0001	0.0001	0.0000	0.0000	0.0000	0.0000	0.0139	0.0119	0.0020	0.0000	0.0000	0.0000	0.0139	0.0119	0.0020	0.1230	0.0626	0.0604	0.0131	0.0122	0.0009	0.1099	0.0504	0.0595
50	83	0.0230	6	2	0	1	0	0	0	1	0	0	0	1	1	0	0	0	0	0	0	Y	N	N	N	N	N	N	N	N	N	N	N	N	N	N	N	N	N	1400767.3835	886730.2873	0.0000	754844.1956	695626.0391	0.0000	0.0000	0.0000	0.0000	24.8138	30.9487	0.0000	137.6507	137.6509	0.0000	0.0000	0.0000	0.0000	0.0000	0.0000	0.0000	0.0002	0.0002	0.0000	0.0000	0.0000	0.0000	0.0000	0.0057	-0.0001	-0.0000	1.0001	0.0006	7.4568	1.5062	0.0002	0.0002	0.0000	0.0002	0.0002	0.0000	0.0000	0.0000	0.0000	0.0000	0.0000	0.0000	0.0000	0.0000	0.0000	0.0000	0.0000	0.0000	0.0000	0.0000	0.0000	0.0000	0.0000	0.0000	0.0000	0.0000	0.0000	0.0149	0.0075	0.0074	0.0014	0.0013	0.0001	0.0135	0.0062	0.0073
50	84	0.0482	6	2	0	0	0	0	0	0	0	0	0	1	1	0	0	0	0	0	0	Y	N	N	N	N	N	N	N	N	N	N	N	N	N	N	N	N	N	0.0000	0.0000	0.0000	0.0000	0.0000	0.0000	0.0000	0.0000	0.0000	0.0000	0.0000	0.0000	0.0000	0.0000	0.0000	0.0000	0.0000	0.0000	0.0003	0.0005	0.0000	0.0015	0.0016	0.0000	0.0000	0.0000	0.0000		0.0074	0.0000	-0.0000	1.0001	2.9998	7.4568	15.4389	0.0000	0.0000	0.0000	0.0000	0.0000	0.0000	0.0000	0.0000	0.0000	0.0001	0.0001	0.0000	0.0001	0.0001	0.0000	0.0000	0.0000	0.0000	0.0208	0.0178	0.0029	0.0000	0.0000	0.0000	0.0207	0.0178	0.0029	0.1872	0.1016	0.0856	0.0336	0.0306	0.0030	0.1536	0.0710	0.0826
50	85	0.4281	11	1	0	0	0	0	0	0	0	1	0	2	1	0	0	0	0	0	0	N	N	N	N	Y	N	N	N	N	N	N	N	N	N	N	N	N	N	0.9599	2.0772	0.0000	9.3795	11.0598	0.0002	0.3365	0.7686	0.0000	1.4866	1.7119	0.0000	6.2704	6.6338	0.0002	0.8103	0.9448	0.0000	1.5487	0.8241	2.9788	0.6685	0.5998	1.1087	2.4076	1.2293	3.4413	0.0000	1.8314	-0.1717	0.2417	1.0001	26.8363	7.4568	143.7566	0.2945	0.2945	0.0000	0.1539	0.1539	0.0000	0.1406	0.1406	0.0000	2.4529	0.8663	1.5866	0.5229	0.4058	0.1171	1.9299	0.4605	1.4695	0.1981	0.1720	0.0261	0.0245	0.0232	0.0013	0.1736	0.1488	0.0247	1.5838	1.0512	0.5326	0.7822	0.6766	0.1056	0.8016	0.3746	0.4270
50	87	0.0534	9	2	0	1	0	0	0	1	0	0	0	2	2	0	0	0	0	0	0	Y	N	N	N	Y	Y	N	N	N	N	N	N	N	N	N	N	N	N	0.0000	0.0000	0.0000	0.0000	0.0000	0.0000	0.0000	0.0000	0.0000	0.0000	0.0000	0.0000	0.0000	0.0000	0.0000	0.0000	0.0000	0.0000	0.0297	0.0033	0.0609	0.0104	0.0088	0.0427	0.0350	0.0000	0.0613		15.3297	0.0000	0.0009	1.0001	0.0022	7.4568	6.6376	0.0000	0.0000	0.0000	0.0000	0.0000	0.0000	0.0000	0.0000	0.0000	0.0023	0.0001	0.0022	0.0002	0.0001	0.0000	0.0022	0.0000	0.0022	0.0000	0.0000	0.0000	0.0000	0.0000	0.0000	0.0000	0.0000	0.0000	0.0791	0.0429	0.0362	0.0172	0.0164	0.0008	0.0619	0.0265	0.0354
50	88	0.0389	8	2	0	0	0	0	0	0	0	0	0	2	2	0	0	0	0	0	0	Y	N	N	N	Y	Y	N	N	N	N	N	N	N	N	N	N	N	N	0.0000	0.0000	0.0000	0.0000	0.0000	0.0000	0.0000	0.0000	0.0000	0.0000	0.0000	0.0002	0.0000	0.0000	0.0000	0.0000	0.0000	0.0002	3.7812	0.0068	8.6222	0.0198	0.0162	0.1067	4.8995	0.0008	8.8036	inf	985.5246	0.0000	0.2148	1.0001	1.0173	7.4568	8.6136	0.0000	0.0000	0.0000	0.0000	0.0000	0.0000	0.0000	0.0000	0.0000	0.4766	0.0005	0.4762	0.0006	0.0004	0.0001	0.4761	0.0000	0.4760	0.0073	0.0062	0.0010	0.0001	0.0001	0.0000	0.0071	0.0061	0.0010	0.1261	0.0708	0.0552	0.0289	0.0277	0.0012	0.0972	0.0431	0.0541
50	89	0.0434	5	2	0	1	0	0	0	1	0	0	0	1	1	0	0	0	0	0	0	Y	N	N	N	N	N	N	N	N	N	N	N	N	N	N	N	N	N	23.1886	0.0000	75.3108	0.0000	0.0000	0.0000	19.0096	0.0000	72.6757	48.0539	0.0000	341.4216	0.0000	0.0000	0.0000	48.1402	0.0000	341.4226	2.0723	0.0027	4.5335	0.0105	0.0087	0.0288	2.5324	0.0000	4.6979	inf	1431.1914	0.4158	0.1969	1.0001	2.9990	7.4568	17.4729	0.9975	0.0000	0.9975	0.0000	0.0000	0.0000	0.9975	0.0000	0.9975	0.4365	0.0003	0.4362	0.0004	0.0003	0.0001	0.4361	0.0000	0.4361	0.0208	0.0178	0.0029	0.0000	0.0000	0.0000	0.0207	0.0178	0.0029	0.2106	0.1144	0.0962	0.0384	0.0350	0.0034	0.1722	0.0794	0.0928
50	90	0.0389	8	2	0	0	0	0	0	0	0	0	0	2	2	0	0	0	0	0	0	Y	N	N	N	Y	Y	N	N	N	N	N	N	N	N	N	N	N	N	0.0623	1.1436	0.0000	25.4853	24.7961	0.0000	0.0000	0.0000	0.0000	0.0169	0.0197	0.0000	1.1833	1.2099	0.0000	0.0000	0.0000	0.0000	0.2717	0.0172	0.5833	0.0464	0.0488	0.0000	0.3296	0.0000	0.5965	0.0000	27.6516	-0.0001	0.0185	1.0001	2.0138	7.4568	11.8132	0.0002	0.0002	0.0000	0.0002	0.0002	0.0000	0.0000	0.0000	0.0000	0.0445	0.0016	0.0429	0.0016	0.0016	0.0000	0.0429	0.0000	0.0429	0.0142	0.0122	0.0020	0.0002	0.0002	0.0000	0.0140	0.0120	0.0020	0.1638	0.0901	0.0736	0.0334	0.0318	0.0016	0.1303	0.0583	0.0720
50	91	0.0304	7	2	0	0	0	0	0	0	0	1	1	2	2	0	0	0	0	0	0	Y	N	N	N	Y	Y	N	N	N	N	N	N	N	N	N	N	N	N	0.0027	2.7267	0.0000	109.3582	105.2105	0.0000	0.0000	0.0000	0.0000	0.0309	0.0360	0.0000	3.5478	3.5501	0.0000	0.0000	0.0000	0.0000	11.6373	0.0132	26.6337	0.0324	0.0337	0.0004	14.7709	0.0015	27.1496	0.0000	1564.9141	-0.0003	0.4263	1.0001	1.9725	7.4568	4.2763	0.0004	0.0004	0.0000	0.0004	0.0004	0.0000	0.0000	0.0000	0.0000	0.9449	0.0006	0.9443	0.0006	0.0006	0.0000	0.9444	0.0000	0.9443	0.0139	0.0119	0.0020	0.0001	0.0001	0.0000	0.0138	0.0118	0.0020	0.0812	0.0457	0.0355	0.0173	0.0166	0.0007	0.0639	0.0292	0.0348
50	92	0.0636	10	2	0	1	0	1	0	1	0	0	0	1	1	0	0	0	0	0	0	Y	N	N	N	N	N	N	N	N	N	N	N	N	N	N	N	N	N	0.0000	0.0000	0.0000	0.0000	0.0000	0.0000	0.0000	0.0000	0.0000	0.0000	0.0000	0.0000	0.0000	0.0000	0.0000	0.0000	0.0000	0.0000	0.0076	0.0139	0.0001	0.0316	0.0369	0.0000	0.0009	0.0020	0.0001		0.0031	0.0000	-0.0018	1.0001	5.0000	7.4568	42.2706	0.0000	0.0000	0.0000	0.0000	0.0000	0.0000	0.0000	0.0000	0.0000	0.0033	0.0033	0.0000	0.0030	0.0030	0.0000	0.0003	0.0003	0.0000	0.0343	0.0295	0.0048	0.0001	0.0001	0.0000	0.0343	0.0295	0.0048	0.4321	0.2349	0.1973	0.0938	0.0802	0.0136	0.3383	0.1547	0.1836
50	93	0.0973	12	1	0	0	0	0	0	0	0	0	0	1	2	0	0	0	0	0	0	N	N	N	N	N	Y	N	N	N	N	N	N	N	N	N	N	N	N	0.0000	0.0000	0.0000	0.0000	0.0000	0.0000	0.0000	0.0000	0.0000	0.0000	0.0000	0.0000	0.0000	0.0000	0.0000	0.0000	0.0000	0.0000	0.0000	0.0000	0.0000	0.0000	0.0000	0.0000	0.0000	0.0000	0.0000		0.0000	0.0000	-0.0000	1.0001	0.0000	7.4568	0.9594	0.0000	0.0000	0.0000	0.0000	0.0000	0.0000	0.0000	0.0000	0.0000	0.0000	0.0000	0.0000	0.0000	0.0000	0.0000	0.0000	0.0000	0.0000	0.0000	0.0000	0.0000	0.0000	0.0000	0.0000	0.0000	0.0000	0.0000	0.0103	0.0058	0.0045	0.0025	0.0023	0.0003	0.0077	0.0035	0.0043
50	94	0.0659	11	1	0	0	0	0	0	0	0	0	1	1	2	0	0	0	0	0	0	N	N	N	N	N	Y	N	N	N	N	N	N	N	N	N	N	N	N	0.0000	0.0000	0.0000	0.0000	0.0000	0.0000	0.0000	0.0000	0.0000	0.0000	0.0000	0.0000	0.0000	0.0000	0.0000	0.0000	0.0000	0.0000	0.0033	0.0059	0.0000	0.0064	0.0077	0.0000	0.0022	0.0048	0.0000		0.0000	0.0000	-0.0004	1.0001	0.0000	7.4568	18.8906	0.0000	0.0000	0.0000	0.0000	0.0000	0.0000	0.0000	0.0000	0.0000	0.0007	0.0007	0.0000	0.0003	0.0003	0.0000	0.0003	0.0003	0.0000	0.0000	0.0000	0.0000	0.0000	0.0000	0.0000	0.0000	0.0000	0.0000	0.2071	0.1154	0.0916	0.0538	0.0453	0.0085	0.1533	0.0702	0.0831
50	97	0.0818	11	2	0	1	0	0	0	1	0	0	0	1	1	0	0	0	0	0	0	Y	N	N	N	N	N	N	N	N	N	N	N	N	N	N	N	N	N	0.0000	0.0000	0.0000	0.0000	0.0000	0.0000	0.0000	0.0000	0.0000	0.0000	0.0000	0.0000	0.0000	0.0000	0.0000	0.0000	0.0000	0.0000	5.6332	7.1587	3.7864	0.0127	0.0128	0.0120	7.2407	11.1499	4.0180		0.4369	0.0000	-0.3505	1.0001	2.0000	7.4568	24.9502	0.0000	0.0000	0.0000	0.0000	0.0000	0.0000	0.0000	0.0000	0.0000	1.4354	0.9989	0.4365	0.0007	0.0006	0.0001	1.4347	0.9983	0.4364	0.0139	0.0119	0.0020	0.0000	0.0000	0.0000	0.0139	0.0119	0.0020	0.2548	0.1395	0.1153	0.0567	0.0500	0.0067	0.1981	0.0895	0.1086
50	98	0.0572	6	2	0	0	1	0	0	0	1	0	0	2	2	0	0	0	0	0	0	Y	N	N	N	Y	Y	N	N	N	N	N	N	N	N	N	N	N	N	0.0000	0.0000	0.0000	0.0000	0.0000	0.0000	0.0000	0.0000	0.0000	0.0000	0.0000	0.0000	0.0000	0.0000	0.0000	0.0000	0.0000	0.0000	0.0000	0.0000	0.0000	0.0000	0.0000	0.0000	0.0000	0.0000	0.0000			0.0000	0.0000	1.0001	2.9999	7.4568	3.9821	0.0000	0.0000	0.0000	0.0000	0.0000	0.0000	0.0000	0.0000	0.0000	0.0000	0.0000	0.0000	0.0000	0.0000	0.0000	0.0000	0.0000	0.0000	0.0208	0.0179	0.0029	0.0002	0.0002	0.0000	0.0206	0.0177	0.0029	0.0693	0.0367	0.0326	0.0113	0.0101	0.0012	0.0581	0.0266	0.0314
50	99	0.0541	5	2	0	0	0	0	0	0	0	0	0	2	2	0	0	0	0	0	0	Y	N	N	N	Y	Y	N	N	N	N	N	N	N	N	N	N	N	N	19264.9310	1661.5183	62865.5109	2396.0340	2179.3902	0.0000	19753.7952	0.0000	60755.6228	8.7449	0.0025	61.6153	0.0106	0.0106	0.0000	10.9034	0.0000	61.7410	0.0005	0.0000	0.0010	0.0000	0.0000	0.0000	0.0006	0.0000	0.0010	4158.1250	571.4885	0.0000	0.0000	1.0001	0.0003	7.4568	2.0601	0.0000	0.0000	0.0000	0.0000	0.0000	0.0000	0.0000	0.0000	0.0000	0.0000	0.0000	0.0000	0.0000	0.0000	0.0000	0.0000	0.0000	0.0000	0.0000	0.0000	0.0000	0.0000	0.0000	0.0000	0.0000	0.0000	0.0000	0.0219	0.0118	0.0101	0.0039	0.0036	0.0004	0.0180	0.0082	0.0098
50	100	0.0342	4	2	0	0	0	0	0	0	0	1	1	2	2	0	0	0	0	0	0	Y	N	N	N	Y	Y	N	N	N	N	N	N	N	N	N	N	N	N	321.3302	11.1099	1083.9545	856.9754	720.1947	inf	273.1311	0.0000	1051.7047	47.7777	0.0134	337.6221	3.4661	3.2024	347.3390	47.9376	0.0000	337.6219	0.1487	0.0012	0.3115	0.0040	0.0044	0.0000	0.1755	0.0000	0.3210	4151.2852	233.9172	0.4150	0.0083	1.0001	3.0014	7.4568	9.1620	0.9962	0.0002	0.9959	0.0003	0.0002	0.0000	0.9959	0.0000	0.9959	0.0186	0.0001	0.0185	0.0001	0.0001	0.0000	0.0185	0.0000	0.0185	0.0208	0.0179	0.0029	0.0001	0.0001	0.0000	0.0208	0.0178	0.0029	0.1253	0.0657	0.0595	0.0196	0.0178	0.0018	0.1057	0.0479	0.0578
50	101	0.0213	3	2	0	0	0	0	0	0	0	0	0	1	1	0	0	0	0	0	0	Y	N	N	N	N	N	N	N	N	N	N	N	N	N	N	N	N	N	3.6247	2761.7340	7.1073	5262.5284	4869.1763	0.0000	2.4949	1163.7933	6.9998	44.4745	16.6671	176.5728	153.2843	153.2848	0.0000	33.9987	0.4159	176.5731	12.2698	0.0060	24.8438	0.0291	0.0315	0.0000	13.6271	0.0004	25.2255	2.2301	4015.0118	0.0003	0.4398	1.0001	0.0077	7.4568	8.0757	0.0029	0.0009	0.0020	0.0009	0.0009	0.0000	0.0020	0.0000	0.0020	0.9741	0.0002	0.9739	0.0002	0.0002	0.0000	0.9739	0.0000	0.9739	0.0001	0.0001	0.0000	0.0000	0.0000	0.0000	0.0001	0.0000	0.0000	0.0794	0.0402	0.0392	0.0079	0.0073	0.0006	0.0715	0.0329	0.0386
50	106	0.0699	14	2	0	1	0	0	0	0	0	0	0	1	1	0	0	0	0	0	0	Y	N	N	N	N	N	N	N	N	N	N	N	N	N	N	N	N	N	0.1651	0.1023	66.1634	7.9362	6.7250	6375.7527	0.0000	0.0000	0.0000	0.0000	0.0000	0.0000	0.0011	0.0011	0.0028	0.0000	0.0000	0.0000	0.0000	0.0001	0.0000	0.0001	0.0002	0.0000	0.0000	0.0000	0.0000	0.0544	0.0004	-0.0000	-0.0000	1.0001	4.0001	7.4568	15.3361	0.0000	0.0000	0.0000	0.0000	0.0000	0.0000	0.0000	0.0000	0.0000	0.0000	0.0000	0.0000	0.0000	0.0000	0.0000	0.0000	0.0000	0.0000	0.0276	0.0237	0.0039	0.0001	0.0001	0.0000	0.0275	0.0236	0.0039	0.1865	0.1047	0.0818	0.0417	0.0365	0.0052	0.1448	0.0682	0.0766
50	107	0.0976	16	2	0	1	0	0	0	0	0	0	0	1	1	0	0	0	0	0	0	Y	N	N	N	N	N	N	N	N	N	N	N	N	N	N	N	N	N	6.0083	0.0000	37281.9974	99.1931	0.0000	49209951.3449	158.0052	0.0000	617.7141	0.0344	0.0000	0.2442	2.5997	0.0000	67.5059	0.0006	0.0000	0.0042	0.0057	0.0103	0.0000	0.0262	0.0292	0.0000	0.0000	0.0000	0.0000	inf	0.0005	0.0001	-0.0005	1.0001	1.0040	7.4568	14.1141	0.0002	0.0000	0.0002	0.0002	0.0000	0.0002	0.0000	0.0000	0.0000	0.0008	0.0008	0.0000	0.0008	0.0008	0.0000	0.0000	0.0000	0.0000	0.0071	0.0061	0.0010	0.0001	0.0001	0.0000	0.0070	0.0060	0.0010	0.1465	0.0814	0.0651	0.0320	0.0287	0.0033	0.1145	0.0527	0.0618
50	108	0.0898	15	2	0	1	0	1	0	1	0	0	0	1	1	0	0	0	0	0	0	Y	N	N	N	N	N	N	N	N	N	N	N	N	N	N	N	N	N	1.5309	1.6891	0.6413	523.2560	459.1348	inf	0.0000	0.0000	0.0000	0.0007	0.0007	0.0003	0.0695	0.0688	0.0833	0.0000	0.0000	0.0000	0.0004	0.0004	0.0004	0.0001	0.0001	0.0000	0.0005	0.0006	0.0005	0.0630	0.8538	-0.0000	-0.0000	1.0001	1.0065	7.4568	3.9764	0.0000	0.0000	0.0000	0.0000	0.0000	0.0000	0.0000	0.0000	0.0000	0.0000	0.0000	0.0000	0.0000	0.0000	0.0000	0.0000	0.0000	0.0000	0.0071	0.0061	0.0010	0.0001	0.0001	0.0000	0.0070	0.0060	0.0010	0.0477	0.0259	0.0217	0.0095	0.0084	0.0011	0.0381	0.0175	0.0206
50	112	0.0304	7	2	0	1	0	0	0	1	0	0	0	1	1	0	0	0	0	0	0	Y	N	N	N	N	N	N	N	N	N	N	N	N	N	N	N	N	N	578.4346	0.0000	1778566.3212	0.0000	0.0000	0.0000	454957.1793	0.0000	1742039.2174	47.3747	0.0000	336.2926	0.0000	0.0000	0.0000	47.6739	0.0000	336.3063	0.0819	0.1524	0.0002	0.4983	0.5294	0.0000	0.0001	0.0000	0.0002	inf	0.0011	0.4158	-0.0070	1.0001	3.0154	7.4568	11.4025	0.9975	0.0000	0.9975	0.0000	0.0000	0.0000	0.9975	0.0000	0.9975	0.0128	0.0128	0.0000	0.0128	0.0128	0.0000	0.0000	0.0000	0.0000	0.0211	0.0181	0.0030	0.0001	0.0001	0.0000	0.0209	0.0180	0.0030	0.1566	0.0840	0.0725	0.0257	0.0242	0.0015	0.1309	0.0598	0.0710
50	113	0.0230	6	2	0	0	0	0	0	0	0	0	0	1	1	0	0	0	0	0	0	Y	N	N	N	N	N	N	N	N	N	N	N	N	N	N	N	N	N	16.4150	11429.9764	41.1863	179118.3508	165110.8484	0.0000	10.9293	0.0000	40.5564	4.5313	1.4351	22.9458	117.9268	117.9304	0.0000	3.3375	0.0000	22.9458	0.2760	0.0001	0.5571	0.0007	0.0007	0.0000	0.3054	0.0000	0.5658	2.6882	4355.6675	0.0001	0.0057	1.0001	0.0182	7.4568	4.6661	0.0006	0.0002	0.0004	0.0002	0.0002	0.0000	0.0004	0.0000	0.0004	0.0127	0.0000	0.0127	0.0000	0.0000	0.0000	0.0127	0.0000	0.0127	0.0001	0.0001	0.0000	0.0000	0.0000	0.0000	0.0001	0.0001	0.0000	0.0459	0.0232	0.0227	0.0044	0.0041	0.0003	0.0415	0.0191	0.0224
50	114	0.0230	5	2	0	0	0	0	0	0	0	0	0	1	1	0	0	0	0	0	0	Y	N	N	N	N	N	N	N	N	N	N	N	N	N	N	N	N	N	282541.3840	147023.7774	inf	188161.9946	183504.7759	0.0000	inf	0.0000	inf	62.5432	39.7405	146.7418	137.8763	137.8764	0.0000	40.4448	0.0000	146.7419	0.0002	0.0003	0.0000	0.0007	0.0008	0.0000	0.0000	0.0000	0.0000	1.0000	0.4000	-0.0000	-0.0000	1.0001	0.0004	7.4568	0.0007	0.0003	0.0002	0.0002	0.0002	0.0002	0.0000	0.0002	0.0000	0.0002	0.0000	0.0000	0.0000	0.0000	0.0000	0.0000	0.0000	0.0000	0.0000	0.0000	0.0000	0.0000	0.0000	0.0000	0.0000	0.0000	0.0000	0.0000	0.0000	0.0000	0.0000	0.0000	0.0000	0.0000	0.0000	0.0000	0.0000
50	115	0.0230	4	2	0	0	0	0	0	0	0	0	0	1	1	0	0	0	0	0	0	Y	N	N	N	N	N	N	N	N	N	N	N	N	N	N	N	N	N	357345.6290	inf	510720.4404	inf	inf	0.0000	284310.3469	0.0000	505273.8031	62.5432	39.7405	146.7418	137.8763	137.8764	0.0000	40.4448	0.0000	146.7419	0.0002	0.0000	0.0003	0.0000	0.0000	0.0000	0.0001	0.0000	0.0003	1.0000	inf	-0.0000	0.0000	1.0001	0.0004	7.4568	0.0002	0.0003	0.0002	0.0002	0.0002	0.0002	0.0000	0.0002	0.0000	0.0002	0.0000	0.0000	0.0000	0.0000	0.0000	0.0000	0.0000	0.0000	0.0000	0.0000	0.0000	0.0000	0.0000	0.0000	0.0000	0.0000	0.0000	0.0000	0.0000	0.0000	0.0000	0.0000	0.0000	0.0000	0.0000	0.0000	0.0000
50	119	0.0855	13	2	0	1	0	0	0	0	0	0	0	1	1	0	0	0	0	0	0	Y	N	N	N	N	N	N	N	N	N	N	N	N	N	N	N	N	N	5.9526	0.0000	18.9660	0.0000	0.0000	0.0000	4.6037	0.0000	17.8635	24.2823	0.0000	173.2864	0.0000	0.0000	0.0000	24.3607	0.0000	173.3441	4.0793	0.0121	9.1367	0.0290	0.0327	0.0000	5.2916	0.0000	9.7038	inf	607.9358	0.4159	0.4468	1.0001	6.0007	7.4568	19.0307	0.9977	0.0000	0.9977	0.0000	0.0000	0.0000	0.9977	0.0000	0.9977	0.9927	0.0016	0.9911	0.0016	0.0016	0.0000	0.9911	0.0000	0.9911	0.0411	0.0353	0.0058	0.0001	0.0001	0.0000	0.0410	0.0352	0.0058	0.2433	0.1349	0.1085	0.0561	0.0497	0.0063	0.1873	0.0852	0.1021
50	120	0.0821	12	2	0	1	0	0	0	1	0	0	0	1	1	0	0	0	0	0	0	Y	N	N	N	N	N	N	N	N	N	N	N	N	N	N	N	N	N	81.6838	0.0000	379.2295	0.0000	0.0000	0.0000	65.9078	0.0000	360.9200	10.8597	0.0000	77.0310	0.0000	0.0000	0.0000	10.8990	0.0000	77.0561	0.1329	0.0802	0.2031	0.0509	0.0550	0.0000	0.1654	0.1016	0.2135	inf	1.9045	0.0001	0.0006	1.0001	0.0034	7.4568	3.2312	0.0003	0.0000	0.0003	0.0000	0.0000	0.0000	0.0003	0.0000	0.0003	0.0056	0.0019	0.0036	0.0006	0.0006	0.0000	0.0049	0.0013	0.0036	0.0000	0.0000	0.0000	0.0000	0.0000	0.0000	0.0000	0.0000	0.0000	0.0418	0.0238	0.0179	0.0118	0.0110	0.0009	0.0299	0.0129	0.0170
50	121	0.0818	11	2	0	0	0	0	0	0	0	0	0	1	1	0	0	0	0	0	0	Y	N	N	N	N	N	N	N	N	N	N	N	N	N	N	N	N	N	0.0000	0.0000	0.0000	0.0000	0.0000	0.0000	0.0000	0.0000	0.0000	0.0000	0.0000	0.0000	0.0000	0.0000	0.0000	0.0000	0.0000	0.0000	0.0450	0.0440	0.0464	0.0580	0.0602	0.0000	0.0375	0.0190	0.0479		0.7567	0.0000	-0.0001	1.0001	0.0000	7.4568	1.2022	0.0000	0.0000	0.0000	0.0000	0.0000	0.0000	0.0000	0.0000	0.0000	0.0011	0.0006	0.0005	0.0005	0.0005	0.0000	0.0006	0.0001	0.0005	0.0000	0.0000	0.0000	0.0000	0.0000	0.0000	0.0000	0.0000	0.0000	0.0253	0.0147	0.0106	0.0093	0.0089	0.0003	0.0160	0.0058	0.0102
50	122	0.0604	10	2	0	0	0	1	0	0	0	0	0	1	1	0	0	0	0	0	0	Y	N	N	N	N	N	N	N	N	N	N	N	N	N	N	N	N	N	0.0000	0.0000	0.0000	0.0000	0.0000	0.0000	0.0000	0.0000	0.0000	0.0000	0.0000	0.0000	0.0000	0.0000	0.0000	0.0000	0.0000	0.0000	0.0037	0.0025	0.0053	0.0000	0.0000	0.0000	0.0049	0.0041	0.0056		1.5531	0.0000	0.0000	1.0001	0.0041	7.4568	12.5856	0.0000	0.0000	0.0000	0.0000	0.0000	0.0000	0.0000	0.0000	0.0000	0.0005	0.0002	0.0003	0.0000	0.0000	0.0000	0.0005	0.0002	0.0003	0.0001	0.0000	0.0000	0.0000	0.0000	0.0000	0.0000	0.0000	0.0000	0.1451	0.0833	0.0617	0.0352	0.0322	0.0030	0.1099	0.0512	0.0587
50	126	0.0954	16	1	0	1	0	0	0	0	0	1	0	2	1	0	0	0	0	0	0	N	N	N	N	Y	N	N	N	N	N	N	N	N	N	N	N	N	N	0.0000	0.0000	0.0000	0.0000	0.0000	0.0000	0.0000	0.0000	0.0000	0.0000	0.0000	0.0000	0.0000	0.0000	0.0000	0.0000	0.0000	0.0000	0.0007	0.0012	0.0000	0.0028	0.0033	0.0000	0.0000	0.0000	0.0000		0.0006	0.0000	-0.0000	1.0001	0.0003	7.4568	3.0192	0.0000	0.0000	0.0000	0.0000	0.0000	0.0000	0.0000	0.0000	0.0000	0.0000	0.0000	0.0000	0.0000	0.0000	0.0000	0.0000	0.0000	0.0000	0.0000	0.0000	0.0000	0.0000	0.0000	0.0000	0.0000	0.0000	0.0000	0.0299	0.0167	0.0131	0.0071	0.0061	0.0009	0.0228	0.0106	0.0122
50	131	0.1017	18	2	0	1	0	0	0	0	0	0	0	1	1	0	0	0	0	0	0	Y	N	N	N	N	N	N	N	N	N	N	N	N	N	N	N	N	N	355.1216	234.0847	0.0000	2881.3701	2600.5654	0.0000	0.0000	0.0000	0.0000	0.1307	0.1523	0.0000	3.6189	3.7342	0.0000	0.0000	0.0000	0.0000	0.0004	0.0007	0.0000	0.0013	0.0014	0.0000	0.0001	0.0001	0.0000	0.0000	0.0009	-0.0006	-0.0000	1.0001	1.0211	7.4568	9.0731	0.0010	0.0010	0.0000	0.0010	0.0010	0.0000	0.0000	0.0000	0.0000	0.0000	0.0000	0.0000	0.0000	0.0000	0.0000	0.0000	0.0000	0.0000	0.0074	0.0064	0.0011	0.0003	0.0003	0.0000	0.0071	0.0061	0.0010	0.0981	0.0555	0.0427	0.0249	0.0218	0.0031	0.0732	0.0337	0.0395
50	132	0.1224	18	1	0	0	0	0	0	0	0	0	1	1	2	0	0	0	0	0	0	N	N	N	N	N	Y	N	N	N	N	N	N	N	N	N	N	N	N	0.0000	0.0000	0.0000	0.0000	0.0000	0.0000	0.0000	0.0000	0.0000	0.0000	0.0000	0.0000	0.0000	0.0000	0.0000	0.0000	0.0000	0.0000	0.0000	0.0001	0.0000	0.0000	0.0000	0.0000	0.0001	0.0001	0.0000		0.0000	0.0000	-0.0000	1.0001	0.0075	7.4568	1.9743	0.0000	0.0000	0.0000	0.0000	0.0000	0.0000	0.0000	0.0000	0.0000	0.0000	0.0000	0.0000	0.0000	0.0000	0.0000	0.0000	0.0000	0.0000	0.0001	0.0001	0.0000	0.0000	0.0000	0.0000	0.0001	0.0001	0.0000	0.0197	0.0112	0.0085	0.0053	0.0046	0.0007	0.0144	0.0066	0.0078
50	134	0.1172	16	1	0	0	0	0	0	0	0	0	1	1	2	0	0	0	0	0	0	N	N	N	N	N	Y	N	N	N	N	N	N	N	N	N	N	N	N	0.0010	0.0000	811.6525	0.0000	0.0000	0.0000	0.0052	0.0000	685.5671	0.0000	0.0000	0.0002	0.0000	0.0000	0.0000	0.0000	0.0000	0.0002	0.0242	0.0424	0.0000	0.0573	0.0761	0.0000	0.0050	0.0108	0.0000	inf	0.0000	0.0000	-0.0012	1.0001	2.0569	7.4568	5.7592	0.0000	0.0000	0.0000	0.0000	0.0000	0.0000	0.0000	0.0000	0.0000	0.0021	0.0021	0.0000	0.0019	0.0019	0.0000	0.0003	0.0003	0.0000	0.0152	0.0131	0.0021	0.0007	0.0007	0.0000	0.0145	0.0124	0.0021	0.0884	0.0504	0.0379	0.0324	0.0244	0.0080	0.0560	0.0260	0.0299
50	135	0.1188	17	1	0	0	0	0	0	0	0	0	1	1	2	0	0	0	0	0	0	N	N	N	N	N	Y	N	N	N	N	N	N	N	N	N	N	N	N	0.0000	0.0000	0.0000	0.0000	0.0000	0.0000	0.0000	0.0000	0.0000	0.0000	0.0000	0.0000	0.0000	0.0000	0.0000	0.0000	0.0000	0.0000	9.4466	16.5981	0.0000	0.0521	0.0679	0.0000	14.4563	31.2029	0.0000		0.0000	0.0000	-0.5483	1.0001	1.0111	7.4568	8.8059	0.0000	0.0000	0.0000	0.0000	0.0000	0.0000	0.0000	0.0000	0.0000	1.0000	1.0000	0.0000	0.0019	0.0019	0.0000	0.9981	0.9981	0.0000	0.0072	0.0062	0.0010	0.0003	0.0002	0.0000	0.0069	0.0060	0.0010	0.1059	0.0602	0.0456	0.0368	0.0283	0.0086	0.0690	0.0320	0.0371
50	138	0.0955	15	2	0	1	0	0	0	0	0	0	0	2	1	0	0	0	0	0	0	Y	N	N	N	Y	N	N	N	N	N	N	N	N	N	N	N	N	N	0.9956	0.7095	0.0000	0.8410	0.7274	0.0000	0.0000	0.0000	0.0000	0.0002	0.0003	0.0000	0.0007	0.0007	0.0000	0.0000	0.0000	0.0000	0.0002	0.0004	0.0000	0.0009	0.0010	0.0000	0.0000	0.0000	0.0000	0.0000	0.0002	-0.0000	-0.0000	1.0001	0.0010	7.4568	4.0030	0.0000	0.0000	0.0000	0.0000	0.0000	0.0000	0.0000	0.0000	0.0000	0.0000	0.0000	0.0000	0.0000	0.0000	0.0000	0.0000	0.0000	0.0000	0.0000	0.0000	0.0000	0.0000	0.0000	0.0000	0.0000	0.0000	0.0000	0.0410	0.0237	0.0173	0.0112	0.0097	0.0015	0.0298	0.0140	0.0158
50	139	0.0699	14	2	0	1	0	0	0	0	0	1	0	2	1	0	0	0	0	0	0	Y	N	N	N	Y	N	N	N	N	N	N	N	N	N	N	N	N	N	111.0636	73.0711	0.0000	14709.6679	13200.3047	0.0000	0.0000	0.0000	0.0000	0.0116	0.0134	0.0000	2.4694	2.5191	0.0000	0.0000	0.0000	0.0000	0.0001	0.0002	0.0000	0.0002	0.0002	0.0000	0.0001	0.0002	0.0000	0.0000	0.0003	-0.0001	-0.0000	1.0001	2.9989	7.4568	12.3267	0.0002	0.0002	0.0000	0.0002	0.0002	0.0000	0.0000	0.0000	0.0000	0.0000	0.0000	0.0000	0.0000	0.0000	0.0000	0.0000	0.0000	0.0000	0.0208	0.0179	0.0029	0.0001	0.0001	0.0000	0.0207	0.0178	0.0029	0.1518	0.0858	0.0660	0.0346	0.0304	0.0042	0.1172	0.0554	0.0618
50	140	0.0691	13	2	0	1	0	1	0	1	0	0	0	1	1	0	0	0	0	0	0	Y	N	N	N	N	N	N	N	N	N	N	N	N	N	N	N	N	N	51.1798	33.5728	2154.8087	54.1632	49.6815	0.0000	1149.9940	0.0000	2183.3567	0.0705	0.0791	0.0417	0.2732	0.2733	0.0000	0.0124	0.0000	0.0417	0.0014	0.0024	0.0000	0.0050	0.0055	0.0000	0.0000	0.0000	0.0000	0.1577	0.0059	-0.0000	-0.0000	1.0001	0.0011	7.4568	0.8290	0.0000	0.0000	0.0000	0.0000	0.0000	0.0000	0.0000	0.0000	0.0000	0.0000	0.0000	0.0000	0.0000	0.0000	0.0000	0.0000	0.0000	0.0000	0.0000	0.0000	0.0000	0.0000	0.0000	0.0000	0.0000	0.0000	0.0000	0.0103	0.0060	0.0043	0.0028	0.0026	0.0002	0.0075	0.0034	0.0041
50	141	0.0922	15	2	0	1	0	0	0	0	0	0	0	1	1	0	0	0	0	0	0	Y	N	N	N	N	N	N	N	N	N	N	N	N	N	N	N	N	N	0.0000	0.0000	0.0000	0.0000	0.0000	0.0000	0.0000	0.0000	0.0000	0.0000	0.0000	0.0000	0.0000	0.0000	0.0000	0.0000	0.0000	0.0000	0.0012	0.0015	0.0009	0.0022	0.0026	0.0000	0.0009	0.0007	0.0010		0.4860	0.0000	-0.0000	1.0001	0.0243	7.4568	8.8037	0.0000	0.0000	0.0000	0.0000	0.0000	0.0000	0.0000	0.0000	0.0000	0.0001	0.0001	0.0000	0.0001	0.0001	0.0000	0.0001	0.0000	0.0000	0.0003	0.0003	0.0000	0.0001	0.0001	0.0000	0.0002	0.0002	0.0000	0.0862	0.0488	0.0374	0.0228	0.0198	0.0030	0.0634	0.0290	0.0344
50	142	0.0756	14	2	0	1	0	1	0	1	0	0	0	1	1	0	0	0	0	0	0	Y	N	N	N	N	N	N	N	N	N	N	N	N	N	N	N	N	N	0.0045	0.0166	0.0000	1.2179	1.0885	0.0000	0.0000	0.0000	0.0000	0.0000	0.0000	0.0000	0.0013	0.0013	0.0000	0.0000	0.0000	0.0000	0.0015	0.0005	0.0027	0.0011	0.0012	0.0000	0.0016	0.0000	0.0029	0.0000	4.6913	-0.0000	0.0000	1.0001	4.9785	7.4568	5.0554	0.0000	0.0000	0.0000	0.0000	0.0000	0.0000	0.0000	0.0000	0.0000	0.0001	0.0000	0.0001	0.0000	0.0000	0.0000	0.0001	0.0000	0.0001	0.0343	0.0295	0.0048	0.0002	0.0002	0.0000	0.0341	0.0293	0.0048	0.1005	0.0557	0.0447	0.0238	0.0208	0.0030	0.0767	0.0349	0.0418
50	143	0.1147	19	2	0	1	0	0	0	0	0	0	0	2	1	0	0	0	0	0	0	Y	N	N	N	Y	N	N	N	N	N	N	N	N	N	N	N	N	N	16996.1092	25567.5253	0.0000	0.0000	0.0000	0.0000	3011325.4032	3516444.4718	0.0000	26.7787	32.0465	0.0000	0.0000	0.0000	0.0000	42.8741	51.9350	0.0000	0.0016	0.0013	0.0020	0.0061	0.0032	0.0272	0.0000	0.0000	0.0000	0.0000	1.1635	-0.0000	-0.0000	1.0001	0.0000	7.4568	3.0055	0.0000	0.0000	0.0000	0.0000	0.0000	0.0000	0.0000	0.0000	0.0000	0.0000	0.0000	0.0000	0.0000	0.0000	0.0000	0.0000	0.0000	0.0000	0.0000	0.0000	0.0000	0.0000	0.0000	0.0000	0.0000	0.0000	0.0000	0.0289	0.0168	0.0121	0.0074	0.0065	0.0009	0.0214	0.0102	0.0112
50	144	0.1017	18	2	0	1	0	0	0	0	0	1	0	2	1	0	0	0	0	0	0	Y	N	N	N	Y	N	N	N	N	N	N	N	N	N	N	N	N	N	2204.0677	1447.9857	0.0000	0.0005	0.0004	0.0000	11853.7904	6324.8629	0.0000	69.5373	80.8643	0.0000	0.0000	0.0001	0.0000	71.5123	83.4471	0.0000	0.0315	0.0558	0.0000	0.1052	0.1201	0.0000	0.0060	0.0132	0.0000	0.0000	0.0000	-0.5814	-0.0014	1.0001	2.0192	7.4568	6.0784	0.9969	0.9969	0.0000	0.0000	0.0000	0.0000	0.9969	0.9969	0.0000	0.0025	0.0025	0.0000	0.0022	0.0022	0.0000	0.0004	0.0004	0.0000	0.0143	0.0123	0.0020	0.0004	0.0004	0.0000	0.0139	0.0119	0.0020	0.0801	0.0453	0.0349	0.0206	0.0181	0.0026	0.0595	0.0272	0.0323
50	145	0.0969	17	2	0	1	0	1	0	0	0	0	0	1	1	0	0	0	0	0	0	Y	N	N	N	N	N	N	N	N	N	N	N	N	N	N	N	N	N	13.7949	8.9528	0.0000	0.0000	0.0000	0.0000	1874.2599	1024.8458	0.0000	0.0701	0.0815	0.0000	0.0000	0.0000	0.0000	0.0709	0.0826	0.0000	0.0051	0.0091	0.0000	0.0215	0.0249	0.0000	0.0000	0.0001	0.0000	0.0000	0.0001	-0.0006	-0.0001	1.0001	1.9811	7.4568	0.9869	0.0010	0.0010	0.0000	0.0000	0.0000	0.0000	0.0010	0.0010	0.0000	0.0001	0.0001	0.0000	0.0001	0.0001	0.0000	0.0000	0.0000	0.0000	0.0138	0.0119	0.0019	0.0002	0.0001	0.0000	0.0136	0.0117	0.0019	0.0286	0.0159	0.0126	0.0067	0.0058	0.0009	0.0218	0.0101	0.0117
51	52	0.1029	19	2	0	0	0	0	0	0	0	0	2	1	2	0	0	0	0	0	0	Y	N	N	N	N	Y	N	N	N	N	N	N	N	N	N	N	N	N	0.0059	0.0045	1.2828	0.0166	0.0140	59.6224	0.0000	0.0000	0.0000	0.0008	0.0009	0.0003	0.0041	0.0039	0.0582	0.0000	0.0000	0.0000	0.1353	0.1888	0.0003	0.2460	0.2812	0.0010	0.0004	0.0008	0.0000	0.0417	0.0005	-0.0000	-0.0055	0.0061	1.0020	2.7591	7.2599	0.0000	0.0000	0.0000	0.0000	0.0000	0.0000	0.0000	0.0000	0.0000	0.0100	0.0100	0.0000	0.0100	0.0100	0.0000	0.0000	0.0000	0.0000	0.0001	0.0001	0.0000	0.0000	0.0000	0.0000	0.0001	0.0000	0.0000	0.0738	0.0529	0.0210	0.0405	0.0354	0.0051	0.0333	0.0174	0.0159
51	53	0.0832	18	2	0	0	0	1	0	0	0	0	1	1	1	0	0	0	0	0	0	Y	N	N	N	N	N	N	N	N	N	N	N	N	N	N	N	N	N	7.2007	5.0326	174.3618	21.4579	18.6837	17377.7470	0.0075	0.0000	1.8329	1.1892	1.2664	0.4828	5.8572	5.6894	20.6225	0.0007	0.0000	0.0055	0.1651	0.2516	0.0028	0.2730	0.3045	0.0012	0.0889	0.1819	0.0030	0.0417	0.0059	-0.0001	-0.0066	0.0061	3.0050	2.7591	8.3063	0.0002	0.0002	0.0000	0.0002	0.0002	0.0000	0.0000	0.0000	0.0000	0.0123	0.0122	0.0001	0.0084	0.0084	0.0000	0.0039	0.0038	0.0001	0.0002	0.0002	0.0000	0.0000	0.0000	0.0000	0.0002	0.0001	0.0000	0.0742	0.0484	0.0258	0.0307	0.0276	0.0032	0.0435	0.0209	0.0226
51	55	0.1180	18	2	0	1	0	0	0	1	0	0	1	1	1	0	0	0	0	0	0	Y	N	N	N	N	N	N	N	N	N	N	N	N	N	N	N	N	N	0.0000	0.0000	0.0000	0.0000	0.0000	0.0000	0.0000	0.0000	0.0000	0.0000	0.0000	0.0000	0.0000	0.0000	0.0000	0.0000	0.0000	0.0000	30.7021	0.1352	92.4334	44.0249	0.1695	412.4167	20.5747	0.0885	40.8932		338.4513	0.0000	0.2547	0.0061	0.0000	2.7591	2.9989	0.0000	0.0000	0.0000	0.0000	0.0000	0.0000	0.0000	0.0000	0.0000	0.5675	0.0017	0.5658	0.3514	0.0012	0.3502	0.2161	0.0005	0.2156	0.0000	0.0000	0.0000	0.0000	0.0000	0.0000	0.0000	0.0000	0.0000	0.0185	0.0124	0.0061	0.0080	0.0071	0.0008	0.0105	0.0052	0.0053
51	56	0.0934	17	2	0	0	0	0	0	0	0	0	1	1	1	0	0	0	0	0	0	Y	N	N	N	N	N	N	N	N	N	N	N	N	N	N	N	N	N	0.0000	0.0000	0.0000	0.0000	0.0000	0.0000	0.0000	0.0000	0.0000	0.0000	0.0000	0.0000	0.0000	0.0000	0.0000	0.0000	0.0000	0.0000	0.0291	0.0002	0.0845	0.0003	0.0004	0.0000	0.0497	0.0000	0.0969		217.4548	0.0000	0.0011	0.0061	2.9988	2.7591	11.1255	0.0000	0.0000	0.0000	0.0000	0.0000	0.0000	0.0000	0.0000	0.0000	0.0025	0.0000	0.0025	0.0000	0.0000	0.0000	0.0025	0.0000	0.0025	0.0002	0.0002	0.0000	0.0000	0.0000	0.0000	0.0002	0.0001	0.0000	0.0869	0.0571	0.0298	0.0362	0.0324	0.0038	0.0507	0.0247	0.0260
51	57	0.0486	6	2	0	1	1	0	0	0	1	0	1	2	2	0	0	0	0	0	0	Y	N	N	N	Y	Y	N	N	N	N	N	N	N	N	N	N	N	N	0.0000	0.0000	0.0000	0.0000	0.0000	0.0000	0.0000	0.0000	0.0000	0.0000	0.0000	0.0000	0.0000	0.0000	0.0000	0.0000	0.0000	0.0000	0.0000	0.0000	0.0000	0.0000	0.0000	0.0000	0.0000	0.0000	0.0000			0.0000	0.0000	0.0061	0.0000	2.7591	0.0000	0.0000	0.0000	0.0000	0.0000	0.0000	0.0000	0.0000	0.0000	0.0000	0.0000	0.0000	0.0000	0.0000	0.0000	0.0000	0.0000	0.0000	0.0000	0.0000	0.0000	0.0000	0.0000	0.0000	0.0000	0.0000	0.0000	0.0000	0.0000	0.0000	0.0000	0.0000	0.0000	0.0000	0.0000	0.0000	0.0000
51	58	0.0486	6	2	0	1	0	0	0	0	0	0	1	2	2	0	0	0	0	0	0	Y	N	N	N	Y	Y	N	N	N	N	N	N	N	N	N	N	N	N	0.0000	0.0000	0.0000	0.0000	0.0000	0.0000	0.0000	0.0000	0.0000	0.0000	0.0000	0.0000	0.0000	0.0000	0.0000	0.0000	0.0000	0.0000	0.0000	0.0000	0.0000	0.0000	0.0000	0.0000	0.0000	0.0000	0.0000			0.0000	0.0000	0.0061	0.0000	2.7591	0.0000	0.0000	0.0000	0.0000	0.0000	0.0000	0.0000	0.0000	0.0000	0.0000	0.0000	0.0000	0.0000	0.0000	0.0000	0.0000	0.0000	0.0000	0.0000	0.0000	0.0000	0.0000	0.0000	0.0000	0.0000	0.0000	0.0000	0.0000	0.0000	0.0000	0.0000	0.0000	0.0000	0.0000	0.0000	0.0000	0.0000
51	59	0.0437	5	2	0	1	0	0	0	1	0	0	1	2	2	0	0	0	0	0	0	Y	N	N	N	Y	Y	N	N	N	N	N	N	N	N	N	N	N	N	0.0000	0.0000	0.0000	0.0000	0.0000	0.0000	0.0000	0.0000	0.0000	0.0000	0.0000	0.0000	0.0000	0.0000	0.0000	0.0000	0.0000	0.0000	0.0000	0.0000	0.0000	0.0000	0.0000	0.0000	0.0000	0.0000	0.0000			0.0000	0.0000	0.0061	0.0001	2.7591	3.0507	0.0000	0.0000	0.0000	0.0000	0.0000	0.0000	0.0000	0.0000	0.0000	0.0000	0.0000	0.0000	0.0000	0.0000	0.0000	0.0000	0.0000	0.0000	0.0000	0.0000	0.0000	0.0000	0.0000	0.0000	0.0000	0.0000	0.0000	0.0195	0.0125	0.0070	0.0074	0.0066	0.0008	0.0121	0.0059	0.0062
51	60	0.0820	14	2	0	1	0	0	0	0	0	0	1	2	1	0	0	0	0	0	0	Y	N	N	N	Y	N	N	N	N	N	N	N	N	N	N	N	N	N	2725.1214	2235.6381	0.0000	0.0000	0.0000	0.0000	151090.5406	inf	0.0000	0.0375	0.0457	0.0000	0.0000	0.0000	0.0000	0.0545	0.0745	0.0000	0.0000	0.0000	0.0000	0.0000	0.0000	0.0000	0.0000	0.0000	0.0000	0.0000	0.0153	-0.0000	-0.0000	0.0061	0.0010	2.7591	5.0218	0.0000	0.0000	0.0000	0.0000	0.0000	0.0000	0.0000	0.0000	0.0000	0.0000	0.0000	0.0000	0.0000	0.0000	0.0000	0.0000	0.0000	0.0000	0.0000	0.0000	0.0000	0.0000	0.0000	0.0000	0.0000	0.0000	0.0000	0.0317	0.0210	0.0107	0.0137	0.0121	0.0016	0.0180	0.0089	0.0091
51	67	0.0317	10	2	0	1	0	0	0	0	0	0	2	1	2	0	0	0	0	0	0	Y	N	N	N	N	Y	N	N	N	N	N	N	N	N	N	N	N	N	526.6973	1854.1623	218.5885	1084.0758	978.1615	0.0000	377.7577	0.0000	196.7035	0.5371	0.5743	0.4992	0.5834	0.5834	0.0000	0.4914	0.0000	0.4992	0.0010	0.0003	0.0023	0.0005	0.0006	0.0000	0.0013	0.0000	0.0025	0.8527	4.1421	-0.0000	0.0000	0.0061	0.0010	2.7591	8.0699	0.0000	0.0000	0.0000	0.0000	0.0000	0.0000	0.0000	0.0000	0.0000	0.0001	0.0000	0.0000	0.0000	0.0000	0.0000	0.0000	0.0000	0.0000	0.0000	0.0000	0.0000	0.0000	0.0000	0.0000	0.0000	0.0000	0.0000	0.0510	0.0327	0.0184	0.0188	0.0170	0.0018	0.0322	0.0157	0.0165
51	68	0.0220	9	2	0	1	0	0	0	0	0	0	1	1	1	0	0	0	0	0	0	Y	N	N	N	N	N	N	N	N	N	N	N	N	N	N	N	N	N	900.2085	1036.9041	2128.5693	5487.5693	4922.9122	0.0000	459.4251	0.0000	1915.1965	67.9344	35.4315	311.9063	267.2660	267.9182	0.0000	41.5262	0.0000	312.6638	0.0755	0.0342	0.1465	0.0487	0.0544	0.0001	0.0904	0.0134	0.1633	1.1728	2.4917	-0.0000	0.0005	0.0061	0.0010	2.7591	6.0584	0.0000	0.0000	0.0000	0.0000	0.0000	0.0000	0.0000	0.0000	0.0000	0.0029	0.0008	0.0021	0.0007	0.0007	0.0000	0.0022	0.0002	0.0021	0.0000	0.0000	0.0000	0.0000	0.0000	0.0000	0.0000	0.0000	0.0000	0.0384	0.0243	0.0141	0.0137	0.0123	0.0014	0.0246	0.0120	0.0127
51	69	0.0207	8	2	0	1	0	0	0	0	0	0	1	1	1	0	0	0	0	0	0	Y	N	N	N	N	N	N	N	N	N	N	N	N	N	N	N	N	N	1.6901	1.9477	0.0000	6.4896	5.8723	0.0000	0.0000	0.0000	0.0000	0.2192	0.3975	0.0000	0.4633	0.4633	0.0000	0.0000	0.0000	0.0000	0.1297	0.2041	0.0012	0.0714	0.0789	0.0018	0.1620	0.3331	0.0011	0.0000	0.0033	-0.0000	-0.0004	0.0061	0.0006	2.7591	0.9765	0.0000	0.0000	0.0000	0.0000	0.0000	0.0000	0.0000	0.0000	0.0000	0.0008	0.0008	0.0000	0.0002	0.0002	0.0000	0.0007	0.0007	0.0000	0.0000	0.0000	0.0000	0.0000	0.0000	0.0000	0.0000	0.0000	0.0000	0.0063	0.0040	0.0023	0.0023	0.0020	0.0002	0.0041	0.0020	0.0021
51	70	0.0117	2	2	0	0	0	0	0	0	0	0	2	2	2	0	0	0	0	0	0	Y	N	N	N	Y	Y	N	N	N	N	N	N	N	N	N	N	N	N	11.3243	22.4614	19.1717	60.9083	60.6924	0.9576	5.2472	0.0000	19.4991	19.9908	10.6206	62.4303	30.5643	31.8436	0.0089	15.7835	0.0000	66.6450	1.7653	0.4728	3.2564	0.5018	0.5247	0.0092	3.0080	0.0756	3.4179	1.2978	5.9695	-0.0001	0.2539	0.0061	2.3581	2.7591	7.4584	0.0040	0.0017	0.0023	0.0017	0.0017	0.0000	0.0023	0.0000	0.0023	0.8236	0.1182	0.7054	0.1161	0.1160	0.0001	0.7075	0.0022	0.7053	0.0002	0.0002	0.0000	0.0001	0.0001	0.0000	0.0001	0.0001	0.0000	0.4665	0.2499	0.2166	0.2313	0.2211	0.0103	0.2352	0.0288	0.2064
51	73	0.0743	8	2	0	1	0	0	0	0	0	0	1	2	1	0	0	0	0	0	0	Y	N	N	N	Y	N	N	N	N	N	N	N	N	N	N	N	N	N	0.0522	0.1371	0.0000	0.5046	0.4654	0.0000	0.0000	0.0000	0.0000	0.0000	0.0000	0.0000	0.0002	0.0002	0.0000	0.0000	0.0000	0.0000	0.0005	0.0002	0.0009	0.0003	0.0003	0.0000	0.0006	0.0000	0.0011	0.0000	2.5438	-0.0000	0.0000	0.0061	1.6760	2.7591	12.1347	0.0000	0.0000	0.0000	0.0000	0.0000	0.0000	0.0000	0.0000	0.0000	0.0000	0.0000	0.0000	0.0000	0.0000	0.0000	0.0000	0.0000	0.0000	0.0001	0.0001	0.0000	0.0000	0.0000	0.0000	0.0001	0.0001	0.0000	0.0879	0.0574	0.0305	0.0371	0.0333	0.0038	0.0508	0.0242	0.0267
51	74	0.0446	7	2	0	1	0	1	0	1	0	1	1	2	1	0	0	0	0	0	0	Y	N	N	N	Y	N	N	N	N	N	N	N	N	N	N	N	N	N	3.0120	8.0915	0.0000	40.4967	36.8277	0.0000	0.2150	2.1333	0.0000	0.1337	0.1520	0.0000	1.0325	1.0412	0.0000	0.0123	0.0142	0.0000	0.0444	0.0188	0.0916	0.0255	0.0283	0.0004	0.0572	0.0067	0.1034	0.0000	2.6434	-0.0000	0.0009	0.0061	2.9965	2.7591	14.7438	0.0000	0.0000	0.0000	0.0000	0.0000	0.0000	0.0000	0.0000	0.0000	0.0053	0.0014	0.0038	0.0012	0.0012	0.0000	0.0041	0.0002	0.0038	0.0002	0.0001	0.0000	0.0000	0.0000	0.0000	0.0001	0.0001	0.0000	0.1189	0.0771	0.0418	0.0480	0.0433	0.0048	0.0709	0.0339	0.0370
51	75	0.0207	8	2	0	1	0	0	0	0	0	0	1	1	1	0	0	0	0	0	0	Y	N	N	N	N	N	N	N	N	N	N	N	N	N	N	N	N	N	10.1753	7.3081	0.0000	29.7733	26.7985	0.0000	0.0000	0.0000	0.0000	0.0018	0.0021	0.0000	0.0153	0.0154	0.0000	0.0000	0.0000	0.0000	0.0002	0.0003	0.0000	0.0005	0.0006	0.0000	0.0000	0.0000	0.0000	0.0000	0.0002	-0.0000	-0.0000	0.0061	1.0006	2.7591	8.0096	0.0000	0.0000	0.0000	0.0000	0.0000	0.0000	0.0000	0.0000	0.0000	0.0000	0.0000	0.0000	0.0000	0.0000	0.0000	0.0000	0.0000	0.0000	0.0001	0.0000	0.0000	0.0000	0.0000	0.0000	0.0000	0.0000	0.0000	0.0552	0.0348	0.0203	0.0194	0.0174	0.0020	0.0358	0.0175	0.0183
51	76	0.0183	7	2	0	1	0	0	0	0	0	0	1	1	1	0	0	0	0	0	0	Y	N	N	N	N	N	N	N	N	N	N	N	N	N	N	N	N	N	271.6341	249.5174	0.0568	1213.8963	1121.6010	0.0000	0.0116	0.0000	0.0542	3.2822	3.8178	0.0004	29.4007	29.4009	0.0000	0.0001	0.0000	0.0004	0.0121	0.0153	0.0065	0.0242	0.0262	0.0033	0.0050	0.0030	0.0068	0.0000	0.2467	-0.0001	-0.0000	0.0061	0.9962	2.7591	0.5464	0.0002	0.0002	0.0000	0.0002	0.0002	0.0000	0.0000	0.0000	0.0000	0.0001	0.0001	0.0000	0.0001	0.0001	0.0000	0.0000	0.0000	0.0000	0.0001	0.0000	0.0000	0.0000	0.0000	0.0000	0.0000	0.0000	0.0000	0.0109	0.0069	0.0040	0.0040	0.0037	0.0003	0.0069	0.0033	0.0037
51	77	0.0120	6	2	0	1	0	0	0	0	0	0	1	1	1	0	0	0	0	0	0	Y	N	N	N	N	N	N	N	N	N	N	N	N	N	N	N	N	N	899.4678	1681.0031	1084.2997	5099.2916	4602.6771	0.0000	386.1341	0.0000	984.6379	4.0960	2.7957	10.2554	13.1611	13.1612	0.0000	2.1680	0.0000	10.2554	0.0046	0.0017	0.0095	0.0026	0.0029	0.0000	0.0056	0.0005	0.0104	0.7745	3.3522	-0.0000	0.0000	0.0061	0.0041	2.7591	4.4918	0.0000	0.0000	0.0000	0.0000	0.0000	0.0000	0.0000	0.0000	0.0000	0.0001	0.0000	0.0001	0.0000	0.0000	0.0000	0.0001	0.0000	0.0001	0.0000	0.0000	0.0000	0.0000	0.0000	0.0000	0.0000	0.0000	0.0000	0.0291	0.0183	0.0108	0.0102	0.0092	0.0010	0.0189	0.0091	0.0098
51	78	0.0934	17	2	0	0	0	0	0	0	0	0	2	1	2	0	0	0	0	0	0	Y	N	N	N	N	Y	N	N	N	N	N	N	N	N	N	N	N	N	0.0000	0.0000	0.0000	0.0000	0.0000	0.0000	0.0000	0.0000	0.0000	0.0000	0.0000	0.0000	0.0000	0.0000	0.0000	0.0000	0.0000	0.0000	0.0105	0.0003	0.0303	0.0004	0.0005	0.0000	0.0178	0.0000	0.0347		60.8595	0.0000	0.0003	0.0061	0.0166	2.7591	12.2009	0.0000	0.0000	0.0000	0.0000	0.0000	0.0000	0.0000	0.0000	0.0000	0.0008	0.0000	0.0008	0.0000	0.0000	0.0000	0.0008	0.0000	0.0008	0.0000	0.0000	0.0000	0.0000	0.0000	0.0000	0.0000	0.0000	0.0000	0.0760	0.0500	0.0261	0.0317	0.0284	0.0033	0.0443	0.0216	0.0227
51	79	0.0791	16	2	0	0	0	1	0	0	0	0	1	1	1	0	0	0	0	0	0	Y	N	N	N	N	N	N	N	N	N	N	N	N	N	N	N	N	N	0.0500	0.0401	0.0000	0.0000	0.0000	0.0000	0.3781	80.5283	0.0000	0.0001	0.0002	0.0000	0.0000	0.0000	0.0000	0.0002	0.0002	0.0000	0.0028	0.0039	0.0008	0.0063	0.0070	0.0004	0.0004	0.0000	0.0009	0.0000	0.1116	-0.0000	-0.0001	0.0061	1.0285	2.7591	7.9781	0.0000	0.0000	0.0000	0.0000	0.0000	0.0000	0.0000	0.0000	0.0000	0.0002	0.0001	0.0000	0.0001	0.0001	0.0000	0.0000	0.0000	0.0000	0.0001	0.0001	0.0000	0.0000	0.0000	0.0000	0.0001	0.0001	0.0000	0.0547	0.0356	0.0191	0.0220	0.0196	0.0024	0.0327	0.0160	0.0167
51	82	0.0120	6	2	0	1	0	0	0	0	0	1	1	2	1	0	0	0	0	0	0	Y	N	N	N	Y	N	N	N	N	N	N	N	N	N	N	N	N	N	0.0196	0.0000	0.1334	0.0000	0.0000	0.0000	0.0320	0.0000	0.1209	0.0001	0.0000	0.0007	0.0000	0.0000	0.0000	0.0001	0.0000	0.0007	0.0044	0.0039	0.0052	0.0071	0.0079	0.0000	0.0030	0.0000	0.0058	inf	0.7892	0.0000	-0.0000	0.0061	1.9997	2.7591	10.5319	0.0000	0.0000	0.0000	0.0000	0.0000	0.0000	0.0000	0.0000	0.0000	0.0003	0.0002	0.0001	0.0002	0.0002	0.0000	0.0001	0.0000	0.0001	0.0001	0.0001	0.0000	0.0000	0.0000	0.0000	0.0001	0.0001	0.0000	0.0770	0.0484	0.0287	0.0266	0.0239	0.0027	0.0504	0.0245	0.0260
51	83	0.0095	5	2	0	1	0	0	0	1	0	0	1	1	1	0	0	0	0	0	0	Y	N	N	N	N	N	N	N	N	N	N	N	N	N	N	N	N	N	7508.1013	8261.0009	6613.6073	4736.8587	4249.5559	0.0000	11137.6602	0.0000	5984.7087	0.5265	0.5551	0.4964	0.5812	0.5812	0.0000	0.4740	0.0000	0.4964	0.0001	0.0001	0.0001	0.0001	0.0001	0.0000	0.0000	0.0000	0.0001	0.8513	0.6617	-0.0000	-0.0000	0.0061	0.0006	2.7591	1.5062	0.0000	0.0000	0.0000	0.0000	0.0000	0.0000	0.0000	0.0000	0.0000	0.0000	0.0000	0.0000	0.0000	0.0000	0.0000	0.0000	0.0000	0.0000	0.0000	0.0000	0.0000	0.0000	0.0000	0.0000	0.0000	0.0000	0.0000	0.0095	0.0060	0.0035	0.0033	0.0029	0.0003	0.0062	0.0030	0.0032
51	84	0.0347	5	2	0	0	0	0	0	0	0	0	1	1	1	0	0	0	0	0	0	Y	N	N	N	N	N	N	N	N	N	N	N	N	N	N	N	N	N	0.0000	0.0000	0.0000	0.0000	0.0000	0.0000	0.0000	0.0000	0.0000	0.0000	0.0000	0.0000	0.0000	0.0000	0.0000	0.0000	0.0000	0.0000	0.0004	0.0007	0.0000	0.0007	0.0008	0.0000	0.0003	0.0006	0.0000		0.0077	0.0000	-0.0000	0.0061	2.9998	2.7591	15.4389	0.0000	0.0000	0.0000	0.0000	0.0000	0.0000	0.0000	0.0000	0.0000	0.0001	0.0001	0.0000	0.0000	0.0000	0.0000	0.0000	0.0000	0.0000	0.0002	0.0001	0.0000	0.0000	0.0000	0.0000	0.0001	0.0001	0.0000	0.1143	0.0735	0.0409	0.0432	0.0388	0.0045	0.0711	0.0347	0.0364
51	85	0.4147	10	1	0	0	0	0	0	0	0	1	1	2	1	0	0	0	0	0	0	N	N	N	N	Y	N	N	N	N	N	N	N	N	N	N	N	N	N	0.3935	0.3401	0.0017	0.4234	0.4919	0.0019	0.3636	0.2087	0.0016	0.3670	0.4602	0.0000	0.3799	0.5056	0.0000	0.3531	0.4170	0.0000	0.9325	1.3530	0.0187	0.8974	1.0278	0.0158	0.9709	1.9979	0.0195	0.0000	0.0064	-0.0007	-0.4013	0.0061	26.8363	2.7591	143.7566	0.0011	0.0011	0.0000	0.0006	0.0006	0.0000	0.0005	0.0005	0.0000	0.7405	0.7358	0.0047	0.3724	0.3716	0.0008	0.3681	0.3642	0.0038	0.0031	0.0025	0.0006	0.0016	0.0012	0.0004	0.0015	0.0013	0.0002	0.7941	0.5438	0.2502	0.4150	0.3615	0.0535	0.3791	0.1823	0.1968
51	87	0.0400	8	2	0	1	0	0	0	1	0	0	1	2	2	0	0	0	0	0	0	Y	N	N	N	Y	Y	N	N	N	N	N	N	N	N	N	N	N	N	3.9091	0.2303	4.5246	0.1675	0.1609	0.0000	6.0462	0.0000	4.1845	0.2068	0.0050	0.4776	0.0062	0.0062	0.0000	0.3812	0.0000	0.4777	0.0529	0.0219	0.1056	0.0371	0.0386	0.0210	0.0631	0.0000	0.1142	70.5789	2.8407	0.0000	0.0005	0.0061	0.0022	2.7591	6.6376	0.0000	0.0000	0.0000	0.0000	0.0000	0.0000	0.0000	0.0000	0.0000	0.0025	0.0006	0.0018	0.0007	0.0006	0.0000	0.0018	0.0000	0.0018	0.0000	0.0000	0.0000	0.0000	0.0000	0.0000	0.0000	0.0000	0.0000	0.0466	0.0293	0.0173	0.0182	0.0166	0.0016	0.0284	0.0127	0.0157
51	88	0.0254	7	2	0	0	0	0	0	0	0	0	1	2	2	0	0	0	0	0	0	Y	N	N	N	Y	Y	N	N	N	N	N	N	N	N	N	N	N	N	0.0523	0.1764	0.0009	0.8699	0.8039	0.0000	0.0002	0.0000	0.0009	0.3750	0.4272	0.0145	3.4357	3.4438	0.0000	0.0021	0.0000	0.0145	7.1772	2.4218	15.4858	3.9494	4.2837	0.0260	9.2398	0.0045	16.9053	0.0049	3.6598	-0.0000	0.1251	0.0061	1.0173	2.7591	8.6136	0.0000	0.0000	0.0000	0.0000	0.0000	0.0000	0.0000	0.0000	0.0000	0.5277	0.1133	0.4145	0.1132	0.1132	0.0001	0.4145	0.0001	0.4144	0.0001	0.0000	0.0000	0.0000	0.0000	0.0000	0.0000	0.0000	0.0000	0.0735	0.0468	0.0268	0.0287	0.0264	0.0023	0.0449	0.0203	0.0245
51	89	0.0299	4	2	0	1	0	0	0	1	0	0	1	1	1	0	0	0	0	0	0	Y	N	N	N	N	N	N	N	N	N	N	N	N	N	N	N	N	N	5.7086	9.0710	10.7618	46.3719	41.6384	0.0000	2.7093	0.0000	9.6018	23.7201	12.5556	98.0982	108.8730	108.8732	0.0000	14.2301	0.0000	98.0984	4.1551	1.3841	9.1154	2.3478	2.6147	0.0068	5.2522	0.0049	10.2167	1.1728	3.6790	-0.0002	0.1263	0.0061	2.9990	2.7591	17.4729	0.0038	0.0017	0.0020	0.0017	0.0017	0.0000	0.0020	0.0000	0.0020	0.5308	0.1134	0.4173	0.1133	0.1132	0.0000	0.4175	0.0002	0.4173	0.0002	0.0001	0.0000	0.0000	0.0000	0.0000	0.0001	0.0001	0.0000	0.1277	0.0820	0.0458	0.0482	0.0433	0.0049	0.0795	0.0386	0.0408
51	90	0.0254	7	2	0	0	0	0	0	0	0	0	1	2	2	0	0	0	0	0	0	Y	N	N	N	Y	Y	N	N	N	N	N	N	N	N	N	N	N	N	60.2011	4.5092	276.0712	22.6949	21.0734	0.0000	65.5146	0.0000	253.9573	2.3463	0.1071	18.0722	0.9076	0.9099	0.0000	2.5121	0.0000	18.1096	0.0390	0.0238	0.0655	0.0400	0.0432	0.0058	0.0383	0.0000	0.0713	24.0153	1.5821	0.0001	0.0002	0.0061	2.0138	2.7591	11.8132	0.0002	0.0000	0.0002	0.0000	0.0000	0.0000	0.0002	0.0000	0.0002	0.0038	0.0015	0.0023	0.0015	0.0015	0.0000	0.0023	0.0000	0.0023	0.0001	0.0001	0.0000	0.0000	0.0000	0.0000	0.0001	0.0001	0.0000	0.0976	0.0620	0.0356	0.0373	0.0341	0.0032	0.0603	0.0279	0.0324
51	91	0.0169	6	2	0	0	0	0	0	0	0	1	2	2	2	0	0	0	0	0	0	Y	N	N	N	Y	Y	N	N	N	N	N	N	N	N	N	N	N	N	0.1781	0.3089	0.3083	1.5088	1.3922	0.0000	0.0797	0.0000	0.2826	0.0188	0.0105	0.0715	0.0828	0.0828	0.0000	0.0109	0.0000	0.0715	0.1057	0.0341	0.2319	0.0549	0.0595	0.0016	0.1371	0.0031	0.2529	1.0673	3.8541	-0.0000	0.0012	0.0061	1.9725	2.7591	4.2763	0.0000	0.0000	0.0000	0.0000	0.0000	0.0000	0.0000	0.0000	0.0000	0.0050	0.0010	0.0040	0.0010	0.0010	0.0000	0.0040	0.0000	0.0040	0.0001	0.0001	0.0000	0.0000	0.0000	0.0000	0.0001	0.0001	0.0000	0.0476	0.0304	0.0172	0.0182	0.0167	0.0014	0.0294	0.0136	0.0158
51	92	0.0502	9	2	0	1	0	1	0	1	0	0	1	1	1	0	0	0	0	0	0	Y	N	N	N	N	N	N	N	N	N	N	N	N	N	N	N	N	N	0.0000	0.0000	0.0000	0.0000	0.0000	0.0000	0.0000	0.0000	0.0000	0.0000	0.0000	0.0000	0.0000	0.0000	0.0000	0.0000	0.0000	0.0000	1.2328	1.8683	0.0167	1.5548	1.9171	0.0214	0.9234	1.7942	0.0150		0.0047	0.0000	-0.2619	0.0061	5.0000	2.7591	42.2706	0.0000	0.0000	0.0000	0.0000	0.0000	0.0000	0.0000	0.0000	0.0000	0.4817	0.4795	0.0022	0.2977	0.2969	0.0008	0.1840	0.1825	0.0015	0.0003	0.0002	0.0000	0.0000	0.0000	0.0000	0.0002	0.0002	0.0000	0.3907	0.2566	0.1341	0.1915	0.1549	0.0366	0.1992	0.1017	0.0975
51	93	0.0839	11	1	0	0	0	0	0	0	0	0	1	1	2	0	0	0	0	0	0	N	N	N	N	N	Y	N	N	N	N	N	N	N	N	N	N	N	N	0.0000	0.0000	0.0000	0.0000	0.0000	0.0000	0.0000	0.0000	0.0000	0.0000	0.0000	0.0000	0.0000	0.0000	0.0000	0.0000	0.0000	0.0000	0.0009	0.0014	0.0000	0.0008	0.0009	0.0000	0.0009	0.0020	0.0000		0.0005	0.0000	-0.0000	0.0061	0.0000	2.7591	0.9594	0.0000	0.0000	0.0000	0.0000	0.0000	0.0000	0.0000	0.0000	0.0000	0.0000	0.0000	0.0000	0.0000	0.0000	0.0000	0.0000	0.0000	0.0000	0.0000	0.0000	0.0000	0.0000	0.0000	0.0000	0.0000	0.0000	0.0000	0.0063	0.0041	0.0022	0.0026	0.0023	0.0003	0.0037	0.0018	0.0019
51	94	0.0525	10	1	0	0	0	0	0	0	0	0	2	1	2	0	0	0	0	0	0	N	N	N	N	N	Y	N	N	N	N	N	N	N	N	N	N	N	N	0.0000	0.0000	0.0000	0.0000	0.0000	0.0000	0.0000	0.0000	0.0000	0.0000	0.0000	0.0000	0.0000	0.0000	0.0000	0.0000	0.0000	0.0000	0.3279	0.4887	0.0005	0.2232	0.2880	0.0007	0.4631	0.8627	0.0004		0.0005	0.0000	-0.0489	0.0061	0.0000	2.7591	18.8906	0.0000	0.0000	0.0000	0.0000	0.0000	0.0000	0.0000	0.0000	0.0000	0.0893	0.0893	0.0000	0.0343	0.0343	0.0000	0.0551	0.0550	0.0000	0.0000	0.0000	0.0000	0.0000	0.0000	0.0000	0.0000	0.0000	0.0000	0.2724	0.1827	0.0897	0.1536	0.1189	0.0346	0.1189	0.0638	0.0551
51	97	0.0683	10	2	0	1	0	0	0	1	0	0	1	1	1	0	0	0	0	0	0	Y	N	N	N	N	N	N	N	N	N	N	N	N	N	N	N	N	N	0.0000	0.0000	0.0000	0.0000	0.0000	0.0000	0.0000	0.0000	0.0000	0.0000	0.0000	0.0000	0.0000	0.0000	0.0000	0.0000	0.0000	0.0000	3.3644	1.1293	7.4699	1.7810	2.0028	0.0024	4.4443	0.0321	8.5616		3.6011	0.0000	0.1251	0.0061	2.0000	2.7591	24.9502	0.0000	0.0000	0.0000	0.0000	0.0000	0.0000	0.0000	0.0000	0.0000	0.5336	0.1160	0.4176	0.1145	0.1145	0.0000	0.4191	0.0015	0.4176	0.0001	0.0001	0.0000	0.0000	0.0000	0.0000	0.0001	0.0001	0.0000	0.1586	0.1027	0.0559	0.0643	0.0572	0.0071	0.0943	0.0455	0.0488
51	98	0.0437	5	2	0	0	1	0	0	0	1	0	1	2	2	0	0	0	0	0	0	Y	N	N	N	Y	Y	N	N	N	N	N	N	N	N	N	N	N	N	0.0000	0.0000	0.0000	0.0000	0.0000	0.0000	0.0000	0.0000	0.0000	0.0000	0.0000	0.0000	0.0000	0.0000	0.0000	0.0000	0.0000	0.0000	0.0000	0.0000	0.0000	0.0000	0.0000	0.0000	0.0000	0.0000	0.0000			0.0000	0.0000	0.0061	2.9999	2.7591	3.9821	0.0000	0.0000	0.0000	0.0000	0.0000	0.0000	0.0000	0.0000	0.0000	0.0000	0.0000	0.0000	0.0000	0.0000	0.0000	0.0000	0.0000	0.0000	0.0002	0.0002	0.0000	0.0000	0.0000	0.0000	0.0002	0.0001	0.0000	0.0436	0.0279	0.0157	0.0164	0.0146	0.0018	0.0272	0.0132	0.0139
51	99	0.0406	4	2	0	0	0	0	0	0	0	0	1	2	2	0	0	0	0	0	0	Y	N	N	N	Y	Y	N	N	N	N	N	N	N	N	N	N	N	N	10082.9865	5593.7177	54335.9497	3944.1644	3531.8204	0.0000	61744.6747	0.0000	48326.0849	0.5101	0.4048	0.6373	0.4680	0.4681	0.0000	0.5479	0.0000	0.6373	0.0001	0.0001	0.0000	0.0001	0.0001	0.0000	0.0000	0.0000	0.0000	1.3035	0.0908	-0.0000	-0.0000	0.0061	0.0003	2.7591	2.0601	0.0000	0.0000	0.0000	0.0000	0.0000	0.0000	0.0000	0.0000	0.0000	0.0000	0.0000	0.0000	0.0000	0.0000	0.0000	0.0000	0.0000	0.0000	0.0000	0.0000	0.0000	0.0000	0.0000	0.0000	0.0000	0.0000	0.0000	0.0135	0.0086	0.0048	0.0051	0.0046	0.0005	0.0083	0.0040	0.0043
51	100	0.0208	3	2	0	0	0	0	0	0	0	1	2	2	2	0	0	0	0	0	0	Y	N	N	N	Y	Y	N	N	N	N	N	N	N	N	N	N	N	N	816.5094	279.4846	23065.1866	1111.8659	997.6280	136449.2432	4412.8093	0.0000	20689.9645	23.6131	12.1470	86.5685	80.9994	81.1275	1.1766	15.2752	0.0000	86.6813	0.0289	0.0435	0.0038	0.0728	0.0813	0.0000	0.0035	0.0027	0.0042	1.2980	0.0499	-0.0001	-0.0011	0.0061	3.0014	2.7591	9.1620	0.0040	0.0018	0.0023	0.0018	0.0018	0.0000	0.0023	0.0000	0.0023	0.0022	0.0021	0.0001	0.0021	0.0021	0.0000	0.0002	0.0001	0.0001	0.0002	0.0001	0.0000	0.0000	0.0000	0.0000	0.0001	0.0001	0.0000	0.0769	0.0487	0.0281	0.0282	0.0253	0.0029	0.0487	0.0234	0.0252
51	101	0.0079	2	2	0	0	0	0	0	0	0	0	1	1	1	0	0	0	0	0	0	Y	N	N	N	N	N	N	N	N	N	N	N	N	N	N	N	N	N	17.8724	17.6582	15.2908	12.2310	10.8799	0.0000	22.7661	6.9846	13.6578	2.8853	1.5727	4.3371	1.7268	1.7268	0.0000	3.9319	0.1242	4.3371	0.1614	0.0891	0.2836	0.1412	0.1587	0.0018	0.1727	0.0178	0.3176	2.4934	1.8863	0.0000	0.0009	0.0061	0.0077	2.7591	8.0757	0.0000	0.0000	0.0000	0.0000	0.0000	0.0000	0.0000	0.0000	0.0000	0.0085	0.0029	0.0055	0.0027	0.0027	0.0000	0.0058	0.0003	0.0055	0.0000	0.0000	0.0000	0.0000	0.0000	0.0000	0.0000	0.0000	0.0000	0.0526	0.0330	0.0196	0.0188	0.0167	0.0021	0.0338	0.0163	0.0175
51	106	0.0564	13	2	0	1	0	0	0	0	0	0	1	1	1	0	0	0	0	0	0	Y	N	N	N	N	N	N	N	N	N	N	N	N	N	N	N	N	N	0.1944	0.0083	37.0303	0.0494	0.0423	0.0000	8.6133	0.0000	32.1927	0.0007	0.0000	0.0052	0.0004	0.0004	0.0000	0.0007	0.0000	0.0052	0.0035	0.0053	0.0001	0.0084	0.0095	0.0000	0.0001	0.0000	0.0002	16.7878	0.0141	0.0000	-0.0002	0.0061	4.0001	2.7591	15.3361	0.0000	0.0000	0.0000	0.0000	0.0000	0.0000	0.0000	0.0000	0.0000	0.0004	0.0004	0.0000	0.0004	0.0004	0.0000	0.0000	0.0000	0.0000	0.0002	0.0002	0.0000	0.0000	0.0000	0.0000	0.0002	0.0002	0.0000	0.1175	0.0769	0.0406	0.0479	0.0426	0.0053	0.0696	0.0343	0.0353
51	107	0.0842	15	2	0	1	0	0	0	0	0	0	1	1	1	0	0	0	0	0	0	Y	N	N	N	N	N	N	N	N	N	N	N	N	N	N	N	N	N	68.9821	48.0298	1285988.4922	174.3460	150.1137	inf	0.0263	0.0000	2556.7087	3.6827	3.9265	1.4655	19.0877	18.3891	265.1973	0.0004	0.0000	0.0033	0.0534	0.0818	0.0000	0.1095	0.1225	0.0000	0.0151	0.0310	0.0000	0.0410	0.0000	-0.0001	-0.0027	0.0061	1.0040	2.7591	14.1141	0.0003	0.0002	0.0000	0.0003	0.0002	0.0000	0.0000	0.0000	0.0000	0.0049	0.0049	0.0000	0.0041	0.0041	0.0000	0.0008	0.0008	0.0000	0.0001	0.0001	0.0000	0.0000	0.0000	0.0000	0.0001	0.0000	0.0000	0.0921	0.0601	0.0319	0.0373	0.0334	0.0040	0.0547	0.0268	0.0280
51	108	0.0763	14	2	0	1	0	1	0	1	0	0	1	1	1	0	0	0	0	0	0	Y	N	N	N	N	N	N	N	N	N	N	N	N	N	N	N	N	N	81.0377	6.9727	345121.8473	12.1195	10.4423	inf	1148.6224	37.3511	302974.3481	0.0694	0.0092	0.6210	0.0246	0.0238	0.3273	0.0800	0.0052	0.6226	0.0009	0.0013	0.0000	0.0020	0.0023	0.0000	0.0001	0.0001	0.0000	7.3837	0.0007	0.0000	-0.0000	0.0061	1.0065	2.7591	3.9764	0.0000	0.0000	0.0000	0.0000	0.0000	0.0000	0.0000	0.0000	0.0000	0.0000	0.0000	0.0000	0.0000	0.0000	0.0000	0.0000	0.0000	0.0000	0.0001	0.0001	0.0000	0.0000	0.0000	0.0000	0.0001	0.0000	0.0000	0.0306	0.0199	0.0107	0.0123	0.0109	0.0013	0.0184	0.0090	0.0094
51	112	0.0169	6	2	0	1	0	0	0	1	0	0	1	1	1	0	0	0	0	0	0	Y	N	N	N	N	N	N	N	N	N	N	N	N	N	N	N	N	N	1061.5770	3516.5438	1703.1271	16456.9616	15383.6656	0.0000	434.4105	0.0000	1550.9215	24.4766	13.6659	95.7729	113.8267	113.8317	0.0000	14.0777	0.0000	95.7762	0.0231	0.0039	0.0562	0.0069	0.0074	0.0022	0.0324	0.0000	0.0618	1.0627	8.3614	-0.0003	0.0008	0.0061	3.0154	2.7591	11.4025	0.0040	0.0019	0.0020	0.0019	0.0019	0.0000	0.0020	0.0000	0.0020	0.0022	0.0002	0.0020	0.0002	0.0002	0.0000	0.0020	0.0000	0.0020	0.0002	0.0001	0.0000	0.0000	0.0000	0.0000	0.0001	0.0001	0.0000	0.0954	0.0605	0.0350	0.0350	0.0318	0.0032	0.0604	0.0287	0.0317
51	113	0.0095	5	2	0	0	0	0	0	0	0	0	1	1	1	0	0	0	0	0	0	Y	N	N	N	N	N	N	N	N	N	N	N	N	N	N	N	N	N	37.0295	1231.0201	20.9633	1170.3910	1315.5722	0.0000	17.7115	0.0000	19.0380	1.1235	0.8505	1.6845	1.8202	1.8202	0.0000	0.8042	0.0000	1.6845	0.0303	0.0007	0.0804	0.0016	0.0014	0.0030	0.0454	0.0000	0.0885	0.9641	68.9548	-0.0000	0.0004	0.0061	0.0182	2.7591	4.6661	0.0000	0.0000	0.0000	0.0000	0.0000	0.0000	0.0000	0.0000	0.0000	0.0009	0.0000	0.0009	0.0000	0.0000	0.0000	0.0009	0.0000	0.0009	0.0000	0.0000	0.0000	0.0000	0.0000	0.0000	0.0000	0.0000	0.0000	0.0291	0.0183	0.0108	0.0100	0.0090	0.0010	0.0191	0.0093	0.0098
51	114	0.0095	4	2	0	0	0	0	0	0	0	0	1	1	1	0	0	0	0	0	0	Y	N	N	N	N	N	N	N	N	N	N	N	N	N	N	N	N	N	35.4456	44.9148	25.5908	27.1619	25.2941	0.0000	43.5787	0.0000	23.6973	1.0463	1.0275	1.0659	1.0619	1.0619	0.0000	1.0312	0.0000	1.0659	0.0295	0.0229	0.0417	0.0391	0.0420	0.0000	0.0237	0.0000	0.0450	1.0000	0.9970	-0.0000	-0.0000	0.0061	0.0004	2.7591	0.0007	0.0000	0.0000	0.0000	0.0000	0.0000	0.0000	0.0000	0.0000	0.0000	0.0000	0.0000	0.0000	0.0000	0.0000	0.0000	0.0000	0.0000	0.0000	0.0000	0.0000	0.0000	0.0000	0.0000	0.0000	0.0000	0.0000	0.0000	0.0000	0.0000	0.0000	0.0000	0.0000	0.0000	0.0000	0.0000	0.0000
51	115	0.0095	3	2	0	0	0	0	0	0	0	0	1	1	1	0	0	0	0	0	0	Y	N	N	N	N	N	N	N	N	N	N	N	N	N	N	N	N	N	26.7118	35.3339	17.7386	21.9860	20.9292	0.0000	31.3532	0.0000	16.6544	1.0463	1.0275	1.0659	1.0619	1.0619	0.0000	1.0312	0.0000	1.0659	0.0392	0.0291	0.0601	0.0483	0.0507	0.0000	0.0329	0.0000	0.0640	1.0000	0.9970	-0.0000	-0.0000	0.0061	0.0004	2.7591	0.0002	0.0000	0.0000	0.0000	0.0000	0.0000	0.0000	0.0000	0.0000	0.0000	0.0000	0.0000	0.0000	0.0000	0.0000	0.0000	0.0000	0.0000	0.0000	0.0000	0.0000	0.0000	0.0000	0.0000	0.0000	0.0000	0.0000	0.0000	0.0000	0.0000	0.0000	0.0000	0.0000	0.0000	0.0000	0.0000	0.0000
51	119	0.0721	12	2	0	1	0	0	0	0	0	0	1	1	1	0	0	0	0	0	0	Y	N	N	N	N	N	N	N	N	N	N	N	N	N	N	N	N	N	227.0536	249.7834	497.2828	1865.3995	1655.6970	0.0000	104.9215	0.0000	431.3788	12.1347	6.3828	52.3959	57.8876	57.9103	0.0000	7.2492	0.0000	52.4117	0.0534	0.0256	0.1054	0.0310	0.0350	0.0000	0.0691	0.0135	0.1215	1.1728	2.2150	-0.0002	0.0011	0.0061	6.0007	2.7591	19.0307	0.0038	0.0017	0.0020	0.0017	0.0017	0.0000	0.0020	0.0000	0.0020	0.0081	0.0025	0.0056	0.0019	0.0019	0.0000	0.0062	0.0006	0.0056	0.0003	0.0003	0.0000	0.0000	0.0000	0.0000	0.0003	0.0002	0.0000	0.1518	0.0988	0.0531	0.0624	0.0554	0.0070	0.0894	0.0434	0.0460
51	120	0.0686	11	2	0	1	0	0	0	1	0	0	1	1	1	0	0	0	0	0	0	Y	N	N	N	N	N	N	N	N	N	N	N	N	N	N	N	N	N	128.4329	45.2086	6745.1877	434.6980	397.3710	0.0000	113.9889	0.0000	7247.1800	5.4779	2.8812	23.8735	27.0044	27.0152	0.0000	3.2577	0.0000	23.8807	0.0427	0.0637	0.0035	0.0621	0.0680	0.0055	0.0286	0.0577	0.0033	1.1697	0.0299	-0.0000	-0.0005	0.0061	0.0034	2.7591	3.2312	0.0000	0.0000	0.0000	0.0000	0.0000	0.0000	0.0000	0.0000	0.0000	0.0010	0.0010	0.0000	0.0006	0.0006	0.0000	0.0004	0.0004	0.0000	0.0000	0.0000	0.0000	0.0000	0.0000	0.0000	0.0000	0.0000	0.0000	0.0235	0.0153	0.0082	0.0099	0.0089	0.0009	0.0137	0.0063	0.0073
51	121	0.0683	10	2	0	0	0	0	0	0	0	0	1	1	1	0	0	0	0	0	0	Y	N	N	N	N	N	N	N	N	N	N	N	N	N	N	N	N	N	0.0000	0.0000	0.0000	0.0000	0.0000	0.0000	0.0000	0.0000	0.0000	0.0000	0.0000	0.0000	0.0000	0.0000	0.0000	0.0000	0.0000	0.0000	0.0021	0.0025	0.0016	0.0035	0.0038	0.0001	0.0010	0.0001	0.0017		0.3617	0.0000	-0.0000	0.0061	0.0000	2.7591	1.2022	0.0000	0.0000	0.0000	0.0000	0.0000	0.0000	0.0000	0.0000	0.0000	0.0000	0.0000	0.0000	0.0000	0.0000	0.0000	0.0000	0.0000	0.0000	0.0000	0.0000	0.0000	0.0000	0.0000	0.0000	0.0000	0.0000	0.0000	0.0120	0.0077	0.0044	0.0053	0.0050	0.0003	0.0067	0.0027	0.0040
51	122	0.0470	9	2	0	0	0	1	0	0	0	0	1	1	1	0	0	0	0	0	0	Y	N	N	N	N	N	N	N	N	N	N	N	N	N	N	N	N	N	0.0000	0.0000	0.0000	0.0000	0.0000	0.0000	0.0000	0.0000	0.0000	0.0000	0.0000	0.0000	0.0000	0.0000	0.0000	0.0000	0.0000	0.0000	0.0003	0.0001	0.0006	0.0001	0.0002	0.0000	0.0004	0.0000	0.0007		3.4884	0.0000	0.0000	0.0061	0.0041	2.7591	12.5856	0.0000	0.0000	0.0000	0.0000	0.0000	0.0000	0.0000	0.0000	0.0000	0.0000	0.0000	0.0000	0.0000	0.0000	0.0000	0.0000	0.0000	0.0000	0.0000	0.0000	0.0000	0.0000	0.0000	0.0000	0.0000	0.0000	0.0000	0.0845	0.0554	0.0291	0.0340	0.0306	0.0034	0.0505	0.0248	0.0257
51	126	0.0819	15	1	0	1	0	0	0	0	0	1	1	2	1	0	0	0	0	0	0	N	N	N	N	Y	N	N	N	N	N	N	N	N	N	N	N	N	N	0.0000	0.0000	0.0000	0.0000	0.0000	0.0000	0.0000	0.0000	0.0000	0.0000	0.0000	0.0000	0.0000	0.0000	0.0000	0.0000	0.0000	0.0000	0.0011	0.0016	0.0000	0.0000	0.0000	0.0000	0.0018	0.0037	0.0000		0.0108	0.0000	-0.0000	0.0061	0.0003	2.7591	3.0192	0.0000	0.0000	0.0000	0.0000	0.0000	0.0000	0.0000	0.0000	0.0000	0.0000	0.0000	0.0000	0.0000	0.0000	0.0000	0.0000	0.0000	0.0000	0.0000	0.0000	0.0000	0.0000	0.0000	0.0000	0.0000	0.0000	0.0000	0.0189	0.0124	0.0065	0.0079	0.0070	0.0009	0.0110	0.0054	0.0056
51	131	0.0882	17	2	0	1	0	0	0	0	0	0	1	1	1	0	0	0	0	0	0	Y	N	N	N	N	N	N	N	N	N	N	N	N	N	N	N	N	N	2.8713	1.2157	139.1988	17.4661	9.7187	9566.5034	0.0000	0.0000	0.0000	0.0591	0.0370	0.1965	0.3183	0.2020	0.9803	0.0000	0.0000	0.0000	0.0206	0.0305	0.0014	0.0182	0.0208	0.0001	0.0224	0.0438	0.0017	0.8527	0.0239	-0.0000	-0.0007	0.0061	1.0211	2.7591	9.0731	0.0000	0.0000	0.0000	0.0000	0.0000	0.0000	0.0000	0.0000	0.0000	0.0013	0.0013	0.0000	0.0005	0.0005	0.0000	0.0008	0.0008	0.0000	0.0001	0.0001	0.0000	0.0000	0.0000	0.0000	0.0001	0.0000	0.0000	0.0647	0.0427	0.0220	0.0282	0.0247	0.0035	0.0365	0.0180	0.0185
51	132	0.1089	17	1	0	0	0	0	0	0	0	0	2	1	2	0	0	0	0	0	0	N	N	N	N	N	Y	N	N	N	N	N	N	N	N	N	N	N	N	0.0000	0.0000	0.0000	0.0000	0.0000	0.0000	0.0000	0.0000	0.0000	0.0000	0.0000	0.0000	0.0000	0.0000	0.0000	0.0000	0.0000	0.0000	0.0149	0.0226	0.0000	0.0130	0.0148	0.0001	0.0165	0.0337	0.0000		0.0005	0.0000	-0.0001	0.0061	0.0075	2.7591	1.9743	0.0000	0.0000	0.0000	0.0000	0.0000	0.0000	0.0000	0.0000	0.0000	0.0002	0.0002	0.0000	0.0001	0.0001	0.0000	0.0001	0.0001	0.0000	0.0000	0.0000	0.0000	0.0000	0.0000	0.0000	0.0000	0.0000	0.0000	0.0129	0.0085	0.0044	0.0057	0.0050	0.0007	0.0072	0.0035	0.0037
51	134	0.1037	15	1	0	0	0	0	0	0	0	0	2	1	2	0	0	0	0	0	0	N	N	N	N	N	Y	N	N	N	N	N	N	N	N	N	N	N	N	0.0019	0.0015	0.0108	0.0161	0.0120	0.0000	0.0000	0.0000	0.0157	0.0034	0.0038	0.0001	0.0269	0.0271	0.0000	0.0000	0.0000	0.0001	1.7370	2.5334	0.0136	1.6737	2.2479	0.0174	1.8508	3.1930	0.0094	0.0053	0.0025	-0.0000	-0.2428	0.0061	2.0569	2.7591	5.7592	0.0000	0.0000	0.0000	0.0000	0.0000	0.0000	0.0000	0.0000	0.0000	0.4448	0.4437	0.0011	0.2755	0.2748	0.0007	0.1694	0.1690	0.0004	0.0001	0.0001	0.0000	0.0000	0.0000	0.0000	0.0001	0.0001	0.0000	0.2561	0.1752	0.0810	0.1646	0.1222	0.0424	0.0915	0.0529	0.0386
51	135	0.1053	16	1	0	0	0	0	0	0	0	0	2	1	2	0	0	0	0	0	0	N	N	N	N	N	Y	N	N	N	N	N	N	N	N	N	N	N	N	0.0000	0.0000	0.0000	0.0000	0.0000	0.0000	0.0000	0.0000	0.0000	0.0000	0.0000	0.0000	0.0000	0.0000	0.0000	0.0000	0.0000	0.0000	1.6884	2.4668	0.0143	1.6463	2.1987	0.0172	1.7609	3.0704	0.0114		0.0027	0.0000	-0.2438	0.0061	1.0111	2.7591	8.8059	0.0000	0.0000	0.0000	0.0000	0.0000	0.0000	0.0000	0.0000	0.0000	0.4469	0.4457	0.0012	0.2758	0.2751	0.0007	0.1711	0.1706	0.0005	0.0001	0.0000	0.0000	0.0000	0.0000	0.0000	0.0000	0.0000	0.0000	0.2647	0.1807	0.0840	0.1675	0.1251	0.0424	0.0972	0.0556	0.0416
51	138	0.0820	14	2	0	1	0	0	0	0	0	0	1	2	1	0	0	0	0	0	0	Y	N	N	N	Y	N	N	N	N	N	N	N	N	N	N	N	N	N	93.7540	75.9180	0.0000	0.0000	0.0000	0.0000	79.7590	54.2560	0.0000	0.0375	0.0457	0.0000	0.0000	0.0000	0.0000	0.0545	0.0745	0.0000	0.0004	0.0006	0.0000	0.0000	0.0000	0.0000	0.0007	0.0014	0.0000	0.0000	0.0006	-0.0000	-0.0000	0.0061	0.0010	2.7591	4.0030	0.0000	0.0000	0.0000	0.0000	0.0000	0.0000	0.0000	0.0000	0.0000	0.0000	0.0000	0.0000	0.0000	0.0000	0.0000	0.0000	0.0000	0.0000	0.0000	0.0000	0.0000	0.0000	0.0000	0.0000	0.0000	0.0000	0.0000	0.0255	0.0170	0.0086	0.0111	0.0098	0.0013	0.0145	0.0072	0.0073
51	139	0.0564	13	2	0	1	0	0	0	0	0	1	1	2	1	0	0	0	0	0	0	Y	N	N	N	Y	N	N	N	N	N	N	N	N	N	N	N	N	N	372.9090	282.7108	38.2149	65.2371	58.0978	0.0000	15882.1842	413195.8876	33.3367	1.6028	1.8270	0.0069	0.6753	0.6759	0.0000	1.7000	1.9665	0.0069	0.0043	0.0065	0.0002	0.0104	0.0116	0.0000	0.0001	0.0000	0.0002	0.0005	0.0146	-0.0001	-0.0002	0.0061	2.9989	2.7591	12.3267	0.0003	0.0002	0.0000	0.0000	0.0000	0.0000	0.0002	0.0002	0.0000	0.0004	0.0004	0.0000	0.0004	0.0004	0.0000	0.0000	0.0000	0.0000	0.0002	0.0001	0.0000	0.0000	0.0000	0.0000	0.0001	0.0001	0.0000	0.0953	0.0625	0.0328	0.0390	0.0347	0.0043	0.0563	0.0278	0.0285
51	140	0.0557	12	2	0	1	0	1	0	1	0	0	1	1	1	0	0	0	0	0	0	Y	N	N	N	N	N	N	N	N	N	N	N	N	N	N	N	N	N	63.8094	7.8954	4736.3868	15.4917	13.9963	0.0000	2174.7895	8452.5185	4209.0879	10.5732	1.9549	44.7063	6.0262	6.0273	0.0000	12.0573	0.1411	44.7166	0.1657	0.2476	0.0094	0.3890	0.4306	0.0005	0.0055	0.0000	0.0106	5.7741	0.0200	0.0000	-0.0005	0.0061	0.0011	2.7591	0.8290	0.0000	0.0000	0.0000	0.0000	0.0000	0.0000	0.0000	0.0000	0.0000	0.0010	0.0010	0.0000	0.0010	0.0010	0.0000	0.0000	0.0000	0.0000	0.0000	0.0000	0.0000	0.0000	0.0000	0.0000	0.0000	0.0000	0.0000	0.0060	0.0039	0.0021	0.0025	0.0023	0.0002	0.0035	0.0017	0.0018
51	141	0.0788	14	2	0	1	0	0	0	0	0	0	1	1	1	0	0	0	0	0	0	Y	N	N	N	N	N	N	N	N	N	N	N	N	N	N	N	N	N	0.0000	0.0000	0.0000	0.0000	0.0000	0.0000	0.0000	0.0000	0.0000	0.0000	0.0000	0.0000	0.0000	0.0000	0.0000	0.0000	0.0000	0.0000	0.0889	0.1360	0.0013	0.0991	0.1111	0.0000	0.0811	0.1729	0.0014		0.0049	0.0000	-0.0028	0.0061	0.0243	2.7591	8.8037	0.0000	0.0000	0.0000	0.0000	0.0000	0.0000	0.0000	0.0000	0.0000	0.0051	0.0051	0.0000	0.0025	0.0025	0.0000	0.0026	0.0026	0.0000	0.0000	0.0000	0.0000	0.0000	0.0000	0.0000	0.0000	0.0000	0.0000	0.0578	0.0376	0.0202	0.0252	0.0224	0.0027	0.0327	0.0152	0.0175
51	142	0.0622	13	2	0	1	0	1	0	1	0	0	1	1	1	0	0	0	0	0	0	Y	N	N	N	N	N	N	N	N	N	N	N	N	N	N	N	N	N	0.0222	0.0054	0.0635	0.0554	0.0494	0.0000	0.0144	0.0000	0.0551	0.0009	0.0000	0.0072	0.0000	0.0000	0.0000	0.0010	0.0000	0.0072	0.0399	0.0010	0.1128	0.0009	0.0010	0.0000	0.0675	0.0010	0.1302	189.3560	61.0648	0.0000	0.0011	0.0061	4.9785	2.7591	5.0554	0.0000	0.0000	0.0000	0.0000	0.0000	0.0000	0.0000	0.0000	0.0000	0.0025	0.0000	0.0025	0.0000	0.0000	0.0000	0.0025	0.0000	0.0025	0.0003	0.0002	0.0000	0.0000	0.0000	0.0000	0.0002	0.0002	0.0000	0.0627	0.0408	0.0218	0.0259	0.0230	0.0029	0.0367	0.0178	0.0189
51	143	0.1012	18	2	0	1	0	0	0	0	0	0	1	2	1	0	0	0	0	0	0	Y	N	N	N	Y	N	N	N	N	N	N	N	N	N	N	N	N	N	31.3571	26.9759	0.0000	12.3735	16.6238	0.0000	101.9483	50.4737	0.0000	0.5258	0.6987	0.0000	0.3273	0.4883	0.0000	1.0896	1.1044	0.0000	0.0168	0.0259	0.0001	0.0264	0.0294	0.0007	0.0107	0.0219	0.0000	0.0000	0.0024	-0.0000	-0.0002	0.0061	0.0000	2.7591	3.0055	0.0000	0.0000	0.0000	0.0000	0.0000	0.0000	0.0000	0.0000	0.0000	0.0003	0.0003	0.0000	0.0002	0.0002	0.0000	0.0001	0.0001	0.0000	0.0000	0.0000	0.0000	0.0000	0.0000	0.0000	0.0000	0.0000	0.0000	0.0169	0.0109	0.0060	0.0065	0.0058	0.0007	0.0104	0.0051	0.0053
51	144	0.0882	17	2	0	1	0	0	0	0	0	1	1	2	1	0	0	0	0	0	0	Y	N	N	N	Y	N	N	N	N	N	N	N	N	N	N	N	N	N	3.1039	2.3615	0.0000	6.7918	6.6398	0.0000	2.8989	1.6510	0.0000	33.0884	38.0640	0.0000	102.0027	113.7198	0.0000	20.9942	24.2868	0.0000	10.6602	16.1185	0.0773	15.0186	17.1270	0.3159	7.2421	14.7103	0.0312	0.0000	0.0025	-0.0022	-0.3089	0.0061	2.0192	2.7591	6.0784	0.0038	0.0038	0.0000	0.0017	0.0017	0.0000	0.0020	0.0020	0.0000	0.5660	0.5646	0.0014	0.3505	0.3496	0.0009	0.2155	0.2150	0.0005	0.0001	0.0001	0.0000	0.0000	0.0000	0.0000	0.0001	0.0001	0.0000	0.0531	0.0350	0.0181	0.0233	0.0204	0.0029	0.0298	0.0146	0.0151
51	145	0.0834	16	2	0	1	0	1	0	0	0	0	1	1	1	0	0	0	0	0	0	Y	N	N	N	N	N	N	N	N	N	N	N	N	N	N	N	N	N	0.4037	0.3318	0.0000	1.2815	1.1399	0.0000	0.3583	0.2633	0.0000	0.0353	0.0403	0.0000	0.1626	0.1632	0.0000	0.0212	0.0245	0.0000	0.0875	0.1213	0.0227	0.1269	0.1432	0.0023	0.0591	0.0931	0.0260	0.0000	0.0976	-0.0000	-0.0007	0.0061	1.9811	2.7591	0.9869	0.0000	0.0000	0.0000	0.0000	0.0000	0.0000	0.0000	0.0000	0.0000	0.0016	0.0015	0.0001	0.0010	0.0010	0.0000	0.0006	0.0005	0.0001	0.0001	0.0001	0.0000	0.0000	0.0000	0.0000	0.0001	0.0001	0.0000	0.0183	0.0120	0.0063	0.0077	0.0068	0.0009	0.0107	0.0053	0.0054
52	55	0.0761	6	2	0	1	0	0	0	1	0	0	1	0	1	0	0	0	0	0	0	Y	N	N	N	N	N	N	N	N	N	N	N	N	N	N	N	N	N	0.0000	0.0000	0.0000	0.0000	0.0000	0.0000	0.0000	0.0000	0.0000	0.0000	0.0000	0.0000	0.0000	0.0000	0.0000	0.0000	0.0000	0.0000	0.6355	1.2078	0.0000	3.9454	4.3607	0.0000	0.0000	0.0000	0.0000		0.0000	0.0000	-0.0096	1.0020	0.0000	7.2599	2.9989	0.0000	0.0000	0.0000	0.0000	0.0000	0.0000	0.0000	0.0000	0.0000	0.0176	0.0176	0.0000	0.0176	0.0176	0.0000	0.0000	0.0000	0.0000	0.0000	0.0000	0.0000	0.0000	0.0000	0.0000	0.0000	0.0000	0.0000	0.0277	0.0146	0.0131	0.0045	0.0040	0.0004	0.0232	0.0105	0.0127
52	56	0.0515	5	2	0	0	0	0	0	0	0	0	1	0	1	0	0	0	0	0	0	Y	N	N	N	N	N	N	N	N	N	N	N	N	N	N	N	N	N	6.9412	0.3760	883258.8928	4.2459	4.0860	0.0000	748.5707	0.1592	944628.2746	0.0051	0.0005	0.0342	0.0209	0.0216	0.0000	0.0048	0.0000	0.0344	0.0007	0.0014	0.0000	0.0049	0.0053	0.0000	0.0000	0.0000	0.0000	10.0410	0.0000	0.0000	-0.0001	1.0020	2.9988	7.2599	11.1255	0.0001	0.0000	0.0001	0.0000	0.0000	0.0000	0.0001	0.0000	0.0001	0.0001	0.0001	0.0000	0.0001	0.0001	0.0000	0.0000	0.0000	0.0000	0.0215	0.0186	0.0029	0.0005	0.0005	0.0000	0.0211	0.0181	0.0029	0.1336	0.0690	0.0645	0.0198	0.0185	0.0014	0.1137	0.0506	0.0632
52	57	0.1491	22	2	0	1	1	0	0	0	1	0	1	1	2	0	0	0	0	0	0	Y	N	N	N	N	Y	N	N	N	N	N	N	N	N	N	N	N	N	0.0000	0.0000	0.0000	0.0000	0.0000	0.0000	0.0000	0.0000	0.0000	0.0000	0.0000	0.0000	0.0000	0.0000	0.0000	0.0000	0.0000	0.0000	0.0000	0.0000	0.0000	0.0000	0.0000	0.0000	0.0000	0.0000	0.0000			0.0000	0.0000	1.0020	0.0000	7.2599	0.0000	0.0000	0.0000	0.0000	0.0000	0.0000	0.0000	0.0000	0.0000	0.0000	0.0000	0.0000	0.0000	0.0000	0.0000	0.0000	0.0000	0.0000	0.0000	0.0000	0.0000	0.0000	0.0000	0.0000	0.0000	0.0000	0.0000	0.0000	0.0000	0.0000	0.0000	0.0000	0.0000	0.0000	0.0000	0.0000	0.0000
52	58	0.1491	22	2	0	1	0	0	0	0	0	0	1	1	2	0	0	0	0	0	0	Y	N	N	N	N	Y	N	N	N	N	N	N	N	N	N	N	N	N	0.0000	0.0000	0.0000	0.0000	0.0000	0.0000	0.0000	0.0000	0.0000	0.0000	0.0000	0.0000	0.0000	0.0000	0.0000	0.0000	0.0000	0.0000	0.0000	0.0000	0.0000	0.0000	0.0000	0.0000	0.0000	0.0000	0.0000			0.0000	0.0000	1.0020	0.0000	7.2599	0.0000	0.0000	0.0000	0.0000	0.0000	0.0000	0.0000	0.0000	0.0000	0.0000	0.0000	0.0000	0.0000	0.0000	0.0000	0.0000	0.0000	0.0000	0.0000	0.0000	0.0000	0.0000	0.0000	0.0000	0.0000	0.0000	0.0000	0.0000	0.0000	0.0000	0.0000	0.0000	0.0000	0.0000	0.0000	0.0000	0.0000
52	59	0.1442	21	2	0	1	0	0	0	1	0	0	1	1	2	0	0	0	0	0	0	Y	N	N	N	N	Y	N	N	N	N	N	N	N	N	N	N	N	N	0.0160	inf	0.0000	inf	inf	0.0000	0.0000	0.0000	0.0000	0.0023	0.0025	0.0000	0.0045	0.0045	0.0000	0.0000	0.0000	0.0000	0.1454	0.0000	0.3167	0.0000	0.0000	0.0000	0.1925	0.0000	0.3371	0.0000	inf	-0.0000	0.0019	1.0020	0.0001	7.2599	3.0507	0.0000	0.0000	0.0000	0.0000	0.0000	0.0000	0.0000	0.0000	0.0000	0.0042	0.0000	0.0042	0.0000	0.0000	0.0000	0.0042	0.0000	0.0042	0.0000	0.0000	0.0000	0.0000	0.0000	0.0000	0.0000	0.0000	0.0000	0.0290	0.0157	0.0133	0.0071	0.0063	0.0008	0.0219	0.0094	0.0125
52	60	0.0941	12	2	0	1	0	0	0	0	0	0	1	1	1	0	0	0	0	0	0	Y	N	N	N	N	N	N	N	N	N	N	N	N	N	N	N	N	N	0.2921	0.2339	0.0000	0.2584	0.2328	0.0000	0.0000	0.0000	0.0000	0.0002	0.0003	0.0000	0.0007	0.0007	0.0000	0.0000	0.0000	0.0000	0.0008	0.0012	0.0003	0.0026	0.0029	0.0000	0.0002	0.0001	0.0003	0.0000	0.1856	-0.0000	-0.0000	1.0020	0.0010	7.2599	5.0218	0.0000	0.0000	0.0000	0.0000	0.0000	0.0000	0.0000	0.0000	0.0000	0.0000	0.0000	0.0000	0.0000	0.0000	0.0000	0.0000	0.0000	0.0000	0.0000	0.0000	0.0000	0.0000	0.0000	0.0000	0.0000	0.0000	0.0000	0.0469	0.0257	0.0212	0.0110	0.0099	0.0011	0.0359	0.0158	0.0201
52	67	0.1290	24	2	0	1	0	0	0	0	0	0	2	0	2	0	0	0	0	0	0	Y	N	N	N	N	Y	N	N	N	N	N	N	N	N	N	N	N	N	0.0000	0.0000	0.0000	0.0000	0.0000	0.0000	0.0000	0.0000	0.0000	0.0000	0.0000	0.0000	0.0000	0.0000	0.0000	0.0000	0.0000	0.0000	0.0000	0.0000	0.0000	0.0000	0.0000	0.0000	0.0000	0.0000	0.0000		1.0688	0.0000	-0.0000	1.0020	0.0010	7.2599	8.0699	0.0000	0.0000	0.0000	0.0000	0.0000	0.0000	0.0000	0.0000	0.0000	0.0000	0.0000	0.0000	0.0000	0.0000	0.0000	0.0000	0.0000	0.0000	0.0000	0.0000	0.0000	0.0000	0.0000	0.0000	0.0000	0.0000	0.0000	0.0747	0.0412	0.0335	0.0198	0.0179	0.0018	0.0550	0.0233	0.0317
52	68	0.1193	23	2	0	1	0	0	0	0	0	0	1	0	1	0	0	0	0	0	0	Y	N	N	N	N	N	N	N	N	N	N	N	N	N	N	N	N	N	0.0000	0.0000	0.0000	0.0000	0.0000	0.0000	0.0000	0.0000	0.0000	0.0000	0.0000	0.0000	0.0000	0.0000	0.0000	0.0000	0.0000	0.0000	0.0005	0.0003	0.0006	0.0014	0.0009	0.0063	0.0002	0.0000	0.0003		1.4756	0.0000	0.0000	1.0020	0.0010	7.2599	6.0584	0.0000	0.0000	0.0000	0.0000	0.0000	0.0000	0.0000	0.0000	0.0000	0.0000	0.0000	0.0000	0.0000	0.0000	0.0000	0.0000	0.0000	0.0000	0.0000	0.0000	0.0000	0.0000	0.0000	0.0000	0.0000	0.0000	0.0000	0.0542	0.0288	0.0254	0.0123	0.0111	0.0012	0.0419	0.0177	0.0242
52	69	0.1179	22	2	0	1	0	0	0	0	0	0	1	0	1	0	0	0	0	0	0	Y	N	N	N	N	N	N	N	N	N	N	N	N	N	N	N	N	N	0.0000	0.0000	0.0000	0.0000	0.0000	0.0000	0.0000	0.0000	0.0000	0.0000	0.0000	0.0000	0.0000	0.0000	0.0000	0.0000	0.0000	0.0000	0.0161	0.0015	0.0332	0.0035	0.0038	0.0000	0.0201	0.0000	0.0348		18.3587	-0.0000	0.0001	1.0020	0.0006	7.2599	0.9765	0.0000	0.0000	0.0000	0.0000	0.0000	0.0000	0.0000	0.0000	0.0000	0.0001	0.0000	0.0001	0.0000	0.0000	0.0000	0.0001	0.0000	0.0001	0.0000	0.0000	0.0000	0.0000	0.0000	0.0000	0.0000	0.0000	0.0000	0.0092	0.0050	0.0042	0.0022	0.0020	0.0002	0.0070	0.0030	0.0041
52	70	0.1190	20	2	0	0	0	0	0	0	0	0	2	1	2	0	0	0	0	0	0	Y	N	N	N	N	Y	N	N	N	N	N	N	N	N	N	N	N	N	0.5319	0.3673	0.0000	1.1410	1.0589	0.0000	0.0000	0.0000	0.0000	0.0106	0.0119	0.0000	0.0691	0.0703	0.0000	0.0000	0.0000	0.0000	0.0199	0.0325	0.0028	0.0606	0.0664	0.0004	0.0017	0.0000	0.0029	0.0000	0.0633	-0.0001	-0.0011	1.0020	2.3581	7.2599	7.4584	0.0002	0.0002	0.0000	0.0002	0.0002	0.0000	0.0000	0.0000	0.0000	0.0022	0.0021	0.0001	0.0021	0.0021	0.0000	0.0001	0.0000	0.0001	0.0208	0.0184	0.0024	0.0032	0.0031	0.0001	0.0176	0.0153	0.0023	0.1102	0.0634	0.0468	0.0340	0.0310	0.0030	0.0762	0.0324	0.0438
52	71	0.1118	19	2	0	0	0	0	0	0	0	0	1	1	1	0	0	0	0	0	0	Y	N	N	N	N	N	N	N	N	N	N	N	N	N	N	N	N	N	0.0001	0.0001	0.0000	0.0033	0.0030	0.0078	0.0000	0.0000	0.0000	0.0000	0.0000	0.0000	0.0008	0.0009	0.0002	0.0000	0.0000	0.0000	0.1651	0.1762	0.1425	0.2544	0.2867	0.0275	0.0862	0.0015	0.1674	0.0128	0.3975	-0.0000	-0.0042	1.0020	1.7590	7.2599	3.5356	0.0000	0.0000	0.0000	0.0000	0.0000	0.0000	0.0000	0.0000	0.0000	0.0158	0.0113	0.0045	0.0114	0.0112	0.0002	0.0044	0.0000	0.0043	0.0124	0.0107	0.0017	0.0002	0.0002	0.0000	0.0122	0.0105	0.0017	0.0954	0.0640	0.0314	0.0448	0.0392	0.0056	0.0506	0.0248	0.0259
52	72	0.1084	18	2	0	0	0	0	0	0	0	1	1	1	1	0	0	0	0	0	0	Y	N	N	N	N	N	N	N	N	N	N	N	N	N	N	N	N	N	0.0001	0.0001	0.0000	0.0001	0.0001	0.0000	0.0000	0.0000	0.0000	0.0001	0.0001	0.0000	0.0003	0.0003	0.0000	0.0000	0.0000	0.0000	0.6224	1.1737	0.0012	2.8643	3.1981	0.0116	0.0004	0.0000	0.0007	0.0000	0.0009	-0.0000	-0.0075	1.0020	0.0029	7.2599	2.4186	0.0000	0.0000	0.0000	0.0000	0.0000	0.0000	0.0000	0.0000	0.0000	0.0138	0.0138	0.0000	0.0138	0.0138	0.0000	0.0000	0.0000	0.0000	0.0000	0.0000	0.0000	0.0000	0.0000	0.0000	0.0000	0.0000	0.0000	0.0221	0.0117	0.0104	0.0048	0.0043	0.0005	0.0173	0.0074	0.0099
52	73	0.1142	16	2	0	1	0	0	0	0	0	0	1	1	1	0	0	0	0	0	0	Y	N	N	N	N	N	N	N	N	N	N	N	N	N	N	N	N	N	0.0000	0.0000	0.0000	0.0000	0.0000	0.0000	0.0000	0.0000	0.0000	0.0000	0.0000	0.0000	0.0000	0.0000	0.0000	0.0000	0.0000	0.0000	0.0607	0.0008	0.1320	0.0064	0.0019	0.0611	0.0779	0.0000	0.1349		140.1192	0.0000	0.0037	1.0020	1.6760	7.2599	12.1347	0.0000	0.0000	0.0000	0.0000	0.0000	0.0000	0.0000	0.0000	0.0000	0.0082	0.0001	0.0082	0.0002	0.0001	0.0001	0.0080	0.0000	0.0080	0.0127	0.0110	0.0017	0.0012	0.0011	0.0000	0.0115	0.0099	0.0016	0.1355	0.0736	0.0618	0.0326	0.0302	0.0024	0.1028	0.0434	0.0594
52	74	0.0844	15	2	0	1	0	1	0	1	0	1	1	1	1	0	0	0	0	0	0	Y	N	N	N	N	N	N	N	N	N	N	N	N	N	N	N	N	N	0.0000	0.0045	0.0000	0.0235	0.0343	0.0000	0.0000	0.0000	0.0000	0.0001	0.0001	0.0000	0.0015	0.0015	0.0000	0.0000	0.0000	0.0000	4.5661	0.0189	10.3085	0.0627	0.0440	0.4146	5.9436	0.0023	10.5811	0.0000	430.9896	-0.0000	0.4016	1.0020	2.9965	7.2599	14.7438	0.0000	0.0000	0.0000	0.0000	0.0000	0.0000	0.0000	0.0000	0.0000	0.8935	0.0021	0.8915	0.0029	0.0019	0.0010	0.8907	0.0002	0.8905	0.0221	0.0191	0.0030	0.0011	0.0011	0.0000	0.0210	0.0181	0.0030	0.1957	0.1092	0.0865	0.0458	0.0435	0.0023	0.1499	0.0657	0.0842
52	75	0.1179	22	2	0	1	0	0	0	0	0	0	1	0	1	0	0	0	0	0	0	Y	N	N	N	N	N	N	N	N	N	N	N	N	N	N	N	N	N	62.6599	38.7080	0.0000	645.5002	612.7761	0.0000	0.0000	0.0000	0.0000	0.0014	0.0016	0.0000	0.0654	0.0691	0.0000	0.0000	0.0000	0.0000	0.0000	0.0000	0.0000	0.0001	0.0001	0.0000	0.0000	0.0000	0.0000	0.0000	0.0008	-0.0000	-0.0000	1.0020	1.0006	7.2599	8.0096	0.0000	0.0000	0.0000	0.0000	0.0000	0.0000	0.0000	0.0000	0.0000	0.0000	0.0000	0.0000	0.0000	0.0000	0.0000	0.0000	0.0000	0.0000	0.0071	0.0061	0.0010	0.0002	0.0001	0.0000	0.0069	0.0059	0.0010	0.0783	0.0416	0.0367	0.0174	0.0157	0.0018	0.0609	0.0260	0.0350
52	76	0.1156	21	2	0	1	0	0	0	0	0	0	1	0	1	0	0	0	0	0	0	Y	N	N	N	N	N	N	N	N	N	N	N	N	N	N	N	N	N	0.0000	0.0000	0.0000	0.0000	0.0000	0.0000	0.0000	0.0000	0.0000	0.0000	0.0000	0.0000	0.0000	0.0000	0.0000	0.0000	0.0000	0.0000	0.0001	0.0000	0.0002	0.0000	0.0000	0.0000	0.0001	0.0000	0.0002		42.5839	-0.0000	0.0000	1.0020	0.9962	7.2599	0.5464	0.0000	0.0000	0.0000	0.0000	0.0000	0.0000	0.0000	0.0000	0.0000	0.0000	0.0000	0.0000	0.0000	0.0000	0.0000	0.0000	0.0000	0.0000	0.0070	0.0061	0.0010	0.0001	0.0001	0.0000	0.0069	0.0059	0.0010	0.0169	0.0094	0.0075	0.0046	0.0043	0.0003	0.0123	0.0051	0.0072
52	77	0.1092	20	2	0	1	0	0	0	0	0	0	1	0	1	0	0	0	0	0	0	Y	N	N	N	N	N	N	N	N	N	N	N	N	N	N	N	N	N	0.0000	0.0000	0.0000	0.0000	0.0000	0.0000	0.0000	0.0000	0.0000	0.0000	0.0000	0.0000	0.0000	0.0000	0.0000	0.0000	0.0000	0.0000	0.0019	0.0035	0.0000	0.0081	0.0088	0.0000	0.0000	0.0000	0.0000		0.0010	0.0000	-0.0000	1.0020	0.0041	7.2599	4.4918	0.0000	0.0000	0.0000	0.0000	0.0000	0.0000	0.0000	0.0000	0.0000	0.0001	0.0001	0.0000	0.0001	0.0001	0.0000	0.0000	0.0000	0.0000	0.0000	0.0000	0.0000	0.0000	0.0000	0.0000	0.0000	0.0000	0.0000	0.0430	0.0230	0.0201	0.0099	0.0090	0.0009	0.0331	0.0139	0.0192
52	78	0.0515	5	2	0	0	0	0	0	0	0	0	2	0	2	0	0	0	0	0	0	Y	N	N	N	N	Y	N	N	N	N	N	N	N	N	N	N	N	N	0.3110	0.0087	111265.3212	0.0852	0.0058	inf	17.7664	0.0000	37944.4512	0.0003	0.0000	0.0049	0.0005	0.0000	0.3343	0.0001	0.0000	0.0016	0.0008	0.0016	0.0000	0.0054	0.0058	0.0000	0.0000	0.0000	0.0000	18.5000	0.0000	0.0000	-0.0001	1.0020	0.0166	7.2599	12.2009	0.0000	0.0000	0.0000	0.0000	0.0000	0.0000	0.0000	0.0000	0.0000	0.0001	0.0001	0.0000	0.0001	0.0001	0.0000	0.0000	0.0000	0.0000	0.0005	0.0005	0.0000	0.0002	0.0002	0.0000	0.0003	0.0003	0.0000	0.1175	0.0609	0.0566	0.0179	0.0167	0.0012	0.0996	0.0442	0.0554
52	79	0.0372	4	2	0	0	0	1	0	0	0	0	1	0	1	0	0	0	0	0	0	Y	N	N	N	N	N	N	N	N	N	N	N	N	N	N	N	N	N	0.0005	0.0001	0.3397	0.0008	0.0004	3583.3600	0.0218	0.0000	0.1636	0.0000	0.0000	0.0002	0.0008	0.0005	0.0406	0.0000	0.0000	0.0001	0.0907	0.1843	0.0005	1.0622	1.1035	0.0000	0.0006	0.0006	0.0005	1.3962	0.0031	-0.0000	-0.0040	1.0020	1.0285	7.2599	7.9781	0.0000	0.0000	0.0000	0.0000	0.0000	0.0000	0.0000	0.0000	0.0000	0.0073	0.0073	0.0000	0.0073	0.0073	0.0000	0.0000	0.0000	0.0000	0.0079	0.0068	0.0010	0.0003	0.0003	0.0000	0.0076	0.0065	0.0010	0.0807	0.0396	0.0411	0.0069	0.0066	0.0003	0.0739	0.0330	0.0408
52	82	0.1092	20	2	0	1	0	0	0	0	0	1	1	1	1	0	0	0	0	0	0	Y	N	N	N	N	N	N	N	N	N	N	N	N	N	N	N	N	N	0.0000	0.0000	0.0000	0.0000	0.0000	0.0000	0.0000	0.0000	0.0000	0.0000	0.0000	0.0000	0.0000	0.0000	0.0000	0.0000	0.0000	0.0000	8.9360	16.9459	0.0000	0.0012	0.0014	0.0000	11.3914	26.8330	0.0000		0.0000	0.0000	-0.5460	1.0020	1.9997	7.2599	10.5319	0.0000	0.0000	0.0000	0.0000	0.0000	0.0000	0.0000	0.0000	0.0000	0.9959	0.9959	0.0000	0.0000	0.0000	0.0000	0.9959	0.9959	0.0000	0.0140	0.0121	0.0020	0.0002	0.0002	0.0000	0.0138	0.0119	0.0019	0.1115	0.0588	0.0527	0.0240	0.0217	0.0024	0.0874	0.0371	0.0503
52	83	0.1068	19	2	0	1	0	0	0	1	0	0	1	0	1	0	0	0	0	0	0	Y	N	N	N	N	N	N	N	N	N	N	N	N	N	N	N	N	N	0.0000	0.0000	0.0000	0.0000	0.0000	0.0000	0.0000	0.0000	0.0000	0.0000	0.0000	0.0000	0.0000	0.0000	0.0000	0.0000	0.0000	0.0000	0.0059	0.0113	0.0000	0.0000	0.0000	0.0000	0.0075	0.0175	0.0000		0.0000	0.0000	-0.0000	1.0020	0.0006	7.2599	1.5062	0.0000	0.0000	0.0000	0.0000	0.0000	0.0000	0.0000	0.0000	0.0000	0.0001	0.0001	0.0000	0.0000	0.0000	0.0000	0.0001	0.0001	0.0000	0.0000	0.0000	0.0000	0.0000	0.0000	0.0000	0.0000	0.0000	0.0000	0.0135	0.0070	0.0064	0.0028	0.0025	0.0003	0.0107	0.0045	0.0061
52	84	0.0815	15	2	0	0	0	0	0	0	0	0	1	0	1	0	0	0	0	0	0	Y	N	N	N	N	N	N	N	N	N	N	N	N	N	N	N	N	N	0.0000	0.0000	0.0000	0.0000	0.0000	0.0000	0.0000	0.0000	0.0000	0.0000	0.0000	0.0000	0.0000	0.0000	0.0000	0.0000	0.0000	0.0000	0.0238	0.0214	0.0266	0.0635	0.0668	0.0104	0.0149	0.0000	0.0270		1.0590	0.0000	-0.0001	1.0020	2.9998	7.2599	15.4389	0.0000	0.0000	0.0000	0.0000	0.0000	0.0000	0.0000	0.0000	0.0000	0.0042	0.0020	0.0022	0.0021	0.0020	0.0000	0.0021	0.0000	0.0021	0.0210	0.0180	0.0029	0.0003	0.0003	0.0000	0.0206	0.0177	0.0029	0.1761	0.0950	0.0810	0.0324	0.0305	0.0019	0.1437	0.0645	0.0792
52	87	0.1372	22	2	0	1	0	0	0	1	0	0	1	1	2	0	0	0	0	0	0	Y	N	N	N	N	Y	N	N	N	N	N	N	N	N	N	N	N	N	0.0000	0.0000	0.0000	0.0000	0.0000	0.0000	0.0000	0.0000	0.0000	0.0000	0.0000	0.0000	0.0000	0.0000	0.0000	0.0000	0.0000	0.0000	7.2811	12.1234	0.1217	0.0451	0.0541	0.0016	11.8512	26.1025	0.1456		0.0068	0.0000	-0.3647	1.0020	0.0022	7.2599	6.6376	0.0000	0.0000	0.0000	0.0000	0.0000	0.0000	0.0000	0.0000	0.0000	0.6734	0.6689	0.0045	0.0016	0.0016	0.0000	0.6718	0.6673	0.0045	0.0000	0.0000	0.0000	0.0000	0.0000	0.0000	0.0000	0.0000	0.0000	0.0925	0.0552	0.0373	0.0358	0.0296	0.0062	0.0567	0.0256	0.0311
52	88	0.1227	21	2	0	0	0	0	0	0	0	0	1	1	2	0	0	0	0	0	0	Y	N	N	N	N	Y	N	N	N	N	N	N	N	N	N	N	N	N	0.0000	0.0000	0.0249	0.0001	0.0000	2.5570	0.0000	0.0000	0.0012	0.0000	0.0000	0.0002	0.0006	0.0000	0.0183	0.0000	0.0000	0.0000	4.9881	8.3489	0.0060	9.3903	10.8569	0.0071	2.4734	5.5601	0.0059	inf	0.0005	0.0000	-0.3705	1.0020	1.0173	7.2599	8.6136	0.0000	0.0000	0.0000	0.0000	0.0000	0.0000	0.0000	0.0000	0.0000	0.6764	0.6761	0.0003	0.4630	0.4629	0.0000	0.2135	0.2132	0.0003	0.0073	0.0063	0.0010	0.0002	0.0002	0.0000	0.0071	0.0061	0.0010	0.1356	0.0810	0.0546	0.0493	0.0426	0.0067	0.0863	0.0383	0.0480
52	89	0.0863	16	2	0	1	0	0	0	1	0	0	1	0	1	0	0	0	0	0	0	Y	N	N	N	N	N	N	N	N	N	N	N	N	N	N	N	N	N	0.0384	0.2047	0.0000	3.7117	3.9069	0.0000	0.0000	0.0000	0.0000	0.0005	0.0006	0.0000	0.0293	0.0308	0.0000	0.0000	0.0000	0.0000	0.0124	0.0027	0.0242	0.0079	0.0079	0.0080	0.0135	0.0000	0.0246	0.0000	7.3675	-0.0000	0.0008	1.0020	2.9990	7.2599	17.4729	0.0000	0.0000	0.0000	0.0000	0.0000	0.0000	0.0000	0.0000	0.0000	0.0025	0.0003	0.0022	0.0003	0.0003	0.0000	0.0022	0.0000	0.0022	0.0210	0.0180	0.0029	0.0003	0.0003	0.0000	0.0206	0.0177	0.0029	0.1993	0.1092	0.0901	0.0400	0.0375	0.0025	0.1593	0.0717	0.0876
52	90	0.1227	21	2	0	0	0	0	0	0	0	0	1	1	2	0	0	0	0	0	0	Y	N	N	N	N	Y	N	N	N	N	N	N	N	N	N	N	N	N	0.0039	0.0026	0.0000	135.2735	123.2343	0.0000	0.0000	0.0000	0.0000	0.0154	0.0179	0.0000	0.5435	0.5655	0.0000	0.0000	0.0000	0.0000	3.9905	6.8318	0.0260	0.0040	0.0046	0.0003	5.9813	13.5501	0.0290	0.0000	0.0027	-0.0001	-0.3684	1.0020	2.0138	7.2599	11.8132	0.0002	0.0002	0.0000	0.0002	0.0002	0.0000	0.0000	0.0000	0.0000	0.6753	0.6734	0.0018	0.0002	0.0002	0.0000	0.6750	0.6732	0.0018	0.0143	0.0123	0.0020	0.0004	0.0004	0.0000	0.0139	0.0119	0.0020	0.1692	0.0986	0.0706	0.0564	0.0489	0.0075	0.1129	0.0497	0.0632
52	91	0.1142	20	2	0	0	0	0	0	0	0	1	2	1	2	0	0	0	0	0	0	Y	N	N	N	N	Y	N	N	N	N	N	N	N	N	N	N	N	N	0.0000	0.0000	0.0000	0.0020	0.0020	0.0000	0.0000	0.0000	0.0000	0.0000	0.0000	0.0000	0.0005	0.0005	0.0000	0.0000	0.0000	0.0000	4.1529	7.0138	0.1750	0.2380	0.2527	0.0324	5.8612	13.4454	0.1822	0.0000	0.0179	-0.0000	-0.1659	1.0020	1.9725	7.2599	4.2763	0.0000	0.0000	0.0000	0.0000	0.0000	0.0000	0.0000	0.0000	0.0000	0.3126	0.3071	0.0055	0.0054	0.0054	0.0000	0.3072	0.3017	0.0055	0.0140	0.0121	0.0020	0.0003	0.0003	0.0000	0.0137	0.0118	0.0019	0.0753	0.0438	0.0315	0.0229	0.0213	0.0015	0.0524	0.0224	0.0300
52	92	0.0855	15	2	0	1	0	1	0	1	0	0	1	0	1	0	0	0	0	0	0	Y	N	N	N	N	N	N	N	N	N	N	N	N	N	N	N	N	N	0.0000	0.0000	0.0000	0.0000	0.0000	0.0000	0.0000	0.0000	0.0000	0.0000	0.0000	0.0000	0.0000	0.0000	0.0000	0.0000	0.0000	0.0000	2.5108	4.7539	0.0000	0.2607	0.2877	0.0000	3.0103	6.7765	0.0000		0.0000	0.0000	-0.5525	1.0020	5.0000	7.2599	42.2706	0.0000	0.0000	0.0000	0.0000	0.0000	0.0000	0.0000	0.0000	0.0000	1.0077	1.0077	0.0000	0.0190	0.0190	0.0000	0.9887	0.9887	0.0000	0.0347	0.0299	0.0048	0.0006	0.0005	0.0000	0.0341	0.0293	0.0048	0.4014	0.2120	0.1894	0.0729	0.0661	0.0068	0.3284	0.1459	0.1825
52	93	0.1192	17	1	0	0	0	0	0	0	0	0	1	0	2	0	0	0	0	0	0	N	N	N	N	N	Y	N	N	N	N	N	N	N	N	N	N	N	N	0.0000	0.0000	0.0000	0.0000	0.0000	0.0000	0.0000	0.0000	0.0000	0.0000	0.0000	0.0000	0.0000	0.0000	0.0000	0.0000	0.0000	0.0000	0.0032	0.0000	0.0069	0.0001	0.0000	0.0011	0.0040	0.0000	0.0071		5889.1176	0.0000	0.0000	1.0020	0.0000	7.2599	0.9594	0.0000	0.0000	0.0000	0.0000	0.0000	0.0000	0.0000	0.0000	0.0000	0.0000	0.0000	0.0000	0.0000	0.0000	0.0000	0.0000	0.0000	0.0000	0.0000	0.0000	0.0000	0.0000	0.0000	0.0000	0.0000	0.0000	0.0000	0.0095	0.0051	0.0043	0.0021	0.0019	0.0002	0.0074	0.0032	0.0042
52	94	0.0878	16	1	0	0	0	0	0	0	0	0	2	0	2	0	0	0	0	0	0	N	N	N	N	N	Y	N	N	N	N	N	N	N	N	N	N	N	N	0.0000	0.0000	0.0000	0.0000	0.0000	0.0000	0.0000	0.0000	0.0000	0.0000	0.0000	0.0000	0.0000	0.0000	0.0000	0.0000	0.0000	0.0000	5.1216	0.0006	11.3876	0.0653	0.0015	0.6480	6.5770	0.0000	11.9412		16761.2162	0.0000	0.4508	1.0020	0.0000	7.2599	18.8906	0.0000	0.0000	0.0000	0.0000	0.0000	0.0000	0.0000	0.0000	0.0000	0.9980	0.0001	0.9979	0.0028	0.0001	0.0028	0.9951	0.0000	0.9951	0.0000	0.0000	0.0000	0.0000	0.0000	0.0000	0.0000	0.0000	0.0000	0.1949	0.1072	0.0876	0.0435	0.0393	0.0043	0.1513	0.0680	0.0833
52	97	0.0906	12	2	0	1	0	0	0	1	0	0	1	0	1	0	0	0	0	0	0	Y	N	N	N	N	N	N	N	N	N	N	N	N	N	N	N	N	N	0.0000	0.0000	0.0000	0.0000	0.0000	0.0000	0.0000	0.0000	0.0000	0.0000	0.0000	0.0000	0.0000	0.0000	0.0000	0.0000	0.0000	0.0000	0.0001	0.0002	0.0000	0.0004	0.0005	0.0000	0.0000	0.0000	0.0000		0.1153	0.0000	-0.0000	1.0020	2.0000	7.2599	24.9502	0.0000	0.0000	0.0000	0.0000	0.0000	0.0000	0.0000	0.0000	0.0000	0.0000	0.0000	0.0000	0.0000	0.0000	0.0000	0.0000	0.0000	0.0000	0.0140	0.0121	0.0020	0.0002	0.0002	0.0000	0.0138	0.0119	0.0020	0.2394	0.1235	0.1159	0.0492	0.0425	0.0068	0.1902	0.0811	0.1092
52	98	0.1442	21	2	0	0	1	0	0	0	1	0	1	1	2	0	0	0	0	0	0	Y	N	N	N	N	Y	N	N	N	N	N	N	N	N	N	N	N	N	11.7592	0.0000	inf	0.0046	0.0000	inf	inf	0.0000	inf	0.0047	0.0000	0.0341	0.0000	0.0000	0.0002	0.0048	0.0000	0.0343	0.0004	0.0008	0.0000	0.0017	0.0019	0.0000	0.0000	0.0000	0.0000	inf	0.0000	0.0000	-0.0000	1.0020	2.9999	7.2599	3.9821	0.0001	0.0000	0.0001	0.0000	0.0000	0.0000	0.0001	0.0000	0.0001	0.0000	0.0000	0.0000	0.0000	0.0000	0.0000	0.0000	0.0000	0.0000	0.0211	0.0181	0.0029	0.0004	0.0004	0.0000	0.0207	0.0178	0.0029	0.0638	0.0343	0.0296	0.0152	0.0134	0.0018	0.0487	0.0209	0.0278
52	99	0.1411	20	2	0	0	0	0	0	0	0	0	1	1	2	0	0	0	0	0	0	Y	N	N	N	N	Y	N	N	N	N	N	N	N	N	N	N	N	N	3.0317	17.4890	1.8964	17.9665	16.1892	0.0000	1.1138	8.8915	1.9924	0.0043	0.0042	0.0053	0.0058	0.0059	0.0000	0.0020	0.0014	0.0059	0.0014	0.0002	0.0028	0.0003	0.0004	0.0000	0.0018	0.0002	0.0030	0.0813	9.7576	-0.0000	0.0000	1.0020	0.0003	7.2599	2.0601	0.0000	0.0000	0.0000	0.0000	0.0000	0.0000	0.0000	0.0000	0.0000	0.0000	0.0000	0.0000	0.0000	0.0000	0.0000	0.0000	0.0000	0.0000	0.0000	0.0000	0.0000	0.0000	0.0000	0.0000	0.0000	0.0000	0.0000	0.0202	0.0110	0.0092	0.0051	0.0045	0.0006	0.0152	0.0065	0.0087
52	100	0.1213	19	2	0	0	0	0	0	0	0	1	2	1	2	0	0	0	0	0	0	Y	N	N	N	N	Y	N	N	N	N	N	N	N	N	N	N	N	N	0.0701	0.0438	0.0159	1.2218	1.1517	0.0000	0.0000	0.0000	0.0218	0.0105	0.0121	0.0000	0.6094	0.6391	0.0000	0.0000	0.0000	0.0000	0.1491	0.2772	0.0000	0.4988	0.5549	0.0001	0.0391	0.0920	0.0000	0.0000	0.0001	-0.0001	-0.0093	1.0020	3.0014	7.2599	9.1620	0.0002	0.0002	0.0000	0.0002	0.0002	0.0000	0.0000	0.0000	0.0000	0.0170	0.0170	0.0000	0.0136	0.0136	0.0000	0.0034	0.0034	0.0000	0.0210	0.0181	0.0029	0.0004	0.0003	0.0000	0.0207	0.0178	0.0029	0.1142	0.0614	0.0528	0.0273	0.0246	0.0028	0.0869	0.0368	0.0500
52	101	0.1084	18	2	0	0	0	0	0	0	0	0	1	0	1	0	0	0	0	0	0	Y	N	N	N	N	N	N	N	N	N	N	N	N	N	N	N	N	N	0.0145	1.5687	0.0000	8.3965	33.3880	0.0000	0.0000	0.0000	0.0000	0.0020	0.0023	0.0000	0.0194	0.0195	0.0000	0.0000	0.0000	0.0000	0.1390	0.0015	0.2911	0.0023	0.0006	0.0168	0.1755	0.0020	0.3047	0.0000	179.8421	-0.0000	0.0044	1.0020	0.0077	7.2599	8.0757	0.0000	0.0000	0.0000	0.0000	0.0000	0.0000	0.0000	0.0000	0.0000	0.0099	0.0001	0.0099	0.0000	0.0000	0.0000	0.0099	0.0000	0.0098	0.0001	0.0001	0.0000	0.0000	0.0000	0.0000	0.0001	0.0001	0.0000	0.0714	0.0375	0.0339	0.0151	0.0135	0.0016	0.0563	0.0240	0.0323
52	102	0.1068	17	2	0	0	0	0	0	0	0	0	1	0	1	0	0	0	0	0	0	Y	N	N	N	N	N	N	N	N	N	N	N	N	N	N	N	N	N	0.0000	0.0000	0.0000	0.0000	0.0000	0.0000	0.0000	0.0000	0.0000	0.0000	0.0000	0.0000	0.0000	0.0000	0.0000	0.0000	0.0000	0.0000	0.0030	0.0057	0.0000	0.0145	0.0161	0.0000	0.0000	0.0000	0.0000		0.0026	0.0000	-0.0000	1.0020	0.0011	7.2599	1.0060	0.0000	0.0000	0.0000	0.0000	0.0000	0.0000	0.0000	0.0000	0.0000	0.0000	0.0000	0.0000	0.0000	0.0000	0.0000	0.0000	0.0000	0.0000	0.0000	0.0000	0.0000	0.0000	0.0000	0.0000	0.0000	0.0000	0.0000	0.0090	0.0047	0.0043	0.0019	0.0017	0.0002	0.0071	0.0030	0.0041
52	106	0.0685	11	2	0	1	0	0	0	0	0	0	1	0	1	0	0	0	0	0	0	Y	N	N	N	N	N	N	N	N	N	N	N	N	N	N	N	N	N	0.0017	0.0000	13.5129	0.0000	0.0000	0.0000	8.9627	0.0000	inf	0.0000	0.0000	0.0000	0.0000	0.0000	0.0000	0.0000	0.0000	0.0000	0.0001	0.0003	0.0000	0.0008	0.0009	0.0000	0.0000	0.0000	0.0000	inf	0.0004	0.0000	-0.0000	1.0020	4.0001	7.2599	15.3361	0.0000	0.0000	0.0000	0.0000	0.0000	0.0000	0.0000	0.0000	0.0000	0.0000	0.0000	0.0000	0.0000	0.0000	0.0000	0.0000	0.0000	0.0000	0.0279	0.0240	0.0039	0.0004	0.0004	0.0000	0.0274	0.0236	0.0039	0.1731	0.0920	0.0811	0.0287	0.0268	0.0019	0.1444	0.0652	0.0792
52	107	0.0478	7	2	0	1	0	0	0	0	0	0	1	0	1	0	0	0	0	0	0	Y	N	N	N	N	N	N	N	N	N	N	N	N	N	N	N	N	N	0.0044	0.0087	0.0153	3.4797	0.1002	6.2970	0.0037	0.0000	0.0145	0.0307	0.0000	0.2197	0.0713	0.0001	1.8504	0.0299	0.0000	0.2108	6.9782	0.0003	14.3131	0.0205	0.0011	0.2939	8.0899	0.0000	14.5806	14847.3243	49523.8710	0.0001	0.4415	1.0020	1.0040	7.2599	14.1141	0.0002	0.0000	0.0002	0.0000	0.0000	0.0000	0.0002	0.0000	0.0002	0.9773	0.0000	0.9773	0.0004	0.0000	0.0004	0.9769	0.0000	0.9769	0.0072	0.0062	0.0010	0.0001	0.0001	0.0000	0.0070	0.0060	0.0010	0.1401	0.0718	0.0683	0.0193	0.0180	0.0013	0.1208	0.0538	0.0670
52	108	0.0399	6	2	0	1	0	1	0	1	0	0	1	0	1	0	0	0	0	0	0	Y	N	N	N	N	N	N	N	N	N	N	N	N	N	N	N	N	N	0.0004	0.0051	0.0008	5.4019	72.1413	0.3198	0.0002	0.0000	0.0008	0.0001	0.0000	0.0003	0.0022	0.0022	0.0033	0.0000	0.0000	0.0003	0.1657	0.0080	0.3178	0.0004	0.0000	0.0103	0.1810	0.0096	0.3197	1.0616	41.1484	-0.0000	0.0032	1.0020	1.0065	7.2599	3.9764	0.0000	0.0000	0.0000	0.0000	0.0000	0.0000	0.0000	0.0000	0.0000	0.0075	0.0002	0.0073	0.0000	0.0000	0.0000	0.0075	0.0002	0.0073	0.0072	0.0062	0.0010	0.0001	0.0001	0.0000	0.0070	0.0060	0.0010	0.0451	0.0221	0.0230	0.0038	0.0037	0.0001	0.0413	0.0185	0.0228
52	112	0.1142	20	2	0	1	0	0	0	1	0	0	1	0	1	0	0	0	0	0	0	Y	N	N	N	N	N	N	N	N	N	N	N	N	N	N	N	N	N	0.0000	0.0000	0.0000	0.0000	0.0000	0.0000	0.0000	0.0000	0.0000	0.0000	0.0000	0.0000	0.0000	0.0000	0.0000	0.0000	0.0000	0.0000	0.0377	0.0677	0.0003	0.1411	0.1543	0.0000	0.0002	0.0000	0.0003		0.0034	0.0000	-0.0029	1.0020	3.0154	7.2599	11.4025	0.0000	0.0000	0.0000	0.0000	0.0000	0.0000	0.0000	0.0000	0.0000	0.0054	0.0054	0.0000	0.0054	0.0054	0.0000	0.0000	0.0000	0.0000	0.0213	0.0183	0.0030	0.0004	0.0004	0.0000	0.0208	0.0179	0.0030	0.1434	0.0797	0.0637	0.0382	0.0349	0.0033	0.1052	0.0447	0.0604
52	113	0.1068	19	2	0	0	0	0	0	0	0	0	1	0	1	0	0	0	0	0	0	Y	N	N	N	N	N	N	N	N	N	N	N	N	N	N	N	N	N	0.0000	0.0000	0.0000	0.0000	0.0000	0.0000	0.0000	0.0000	0.0000	0.0000	0.0000	0.0000	0.0000	0.0000	0.0000	0.0000	0.0000	0.0000	0.1295	0.2445	0.0034	0.0022	0.0025	0.0002	0.1628	0.3775	0.0036		0.0128	0.0000	-0.0029	1.0020	0.0182	7.2599	4.6661	0.0000	0.0000	0.0000	0.0000	0.0000	0.0000	0.0000	0.0000	0.0000	0.0054	0.0053	0.0001	0.0000	0.0000	0.0000	0.0054	0.0053	0.0001	0.0001	0.0001	0.0000	0.0000	0.0000	0.0000	0.0001	0.0001	0.0000	0.0415	0.0217	0.0198	0.0086	0.0077	0.0009	0.0329	0.0140	0.0189
52	114	0.1068	18	2	0	0	0	0	0	0	0	0	1	0	1	0	0	0	0	0	0	Y	N	N	N	N	N	N	N	N	N	N	N	N	N	N	N	N	N	0.0000	0.0000	0.0000	0.0000	0.0000	0.0000	0.0000	0.0000	0.0000	0.0000	0.0000	0.0000	0.0000	0.0000	0.0000	0.0000	0.0000	0.0000	0.0000	0.0000	0.0000	0.0000	0.0000	0.0000	0.0000	0.0000	0.0000			0.0000	-0.0000	1.0020	0.0004	7.2599	0.0007	0.0000	0.0000	0.0000	0.0000	0.0000	0.0000	0.0000	0.0000	0.0000	0.0000	0.0000	0.0000	0.0000	0.0000	0.0000	0.0000	0.0000	0.0000	0.0000	0.0000	0.0000	0.0000	0.0000	0.0000	0.0000	0.0000	0.0000	0.0000	0.0000	0.0000	0.0000	0.0000	0.0000	0.0000	0.0000	0.0000
52	115	0.1068	17	2	0	0	0	0	0	0	0	0	1	0	1	0	0	0	0	0	0	Y	N	N	N	N	N	N	N	N	N	N	N	N	N	N	N	N	N	0.0000	0.0000	0.0000	0.0000	0.0000	0.0000	0.0000	0.0000	0.0000	0.0000	0.0000	0.0000	0.0000	0.0000	0.0000	0.0000	0.0000	0.0000	0.0000	0.0000	0.0000	0.0000	0.0000	0.0000	0.0000	0.0000	0.0000			0.0000	-0.0000	1.0020	0.0004	7.2599	0.0002	0.0000	0.0000	0.0000	0.0000	0.0000	0.0000	0.0000	0.0000	0.0000	0.0000	0.0000	0.0000	0.0000	0.0000	0.0000	0.0000	0.0000	0.0000	0.0000	0.0000	0.0000	0.0000	0.0000	0.0000	0.0000	0.0000	0.0000	0.0000	0.0000	0.0000	0.0000	0.0000	0.0000	0.0000	0.0000	0.0000
52	116	0.0863	16	2	0	0	0	0	0	0	0	0	1	0	1	0	0	0	0	0	0	Y	N	N	N	N	N	N	N	N	N	N	N	N	N	N	N	N	N	0.0038	0.0024	0.0000	0.0000	0.0000	0.0000	173.0101	3374.1527	0.0000	0.0001	0.0001	0.0000	0.0000	0.0000	0.0000	0.0002	0.0002	0.0000	0.0265	0.0468	0.0000	0.1182	0.1249	0.0000	0.0000	0.0000	0.0000	0.0000	0.0000	-0.0000	-0.0020	1.0020	0.0012	7.2599	12.6705	0.0000	0.0000	0.0000	0.0000	0.0000	0.0000	0.0000	0.0000	0.0000	0.0036	0.0036	0.0000	0.0036	0.0036	0.0000	0.0000	0.0000	0.0000	0.0000	0.0000	0.0000	0.0000	0.0000	0.0000	0.0000	0.0000	0.0000	0.1368	0.0775	0.0593	0.0307	0.0291	0.0016	0.1061	0.0485	0.0577
52	117	0.0815	15	2	0	0	0	0	0	0	0	0	1	0	1	0	0	0	0	0	0	Y	N	N	N	N	N	N	N	N	N	N	N	N	N	N	N	N	N	0.0023	0.0024	0.0000	0.0107	0.0105	0.0000	0.0000	0.0000	0.0000	0.0002	0.0003	0.0000	0.0024	0.0025	0.0000	0.0000	0.0000	0.0000	0.0947	0.1043	0.0792	0.2282	0.2346	0.0260	0.0420	0.0006	0.0804	0.0000	0.4663	-0.0000	-0.0011	1.0020	0.0012	7.2599	3.6220	0.0000	0.0000	0.0000	0.0000	0.0000	0.0000	0.0000	0.0000	0.0000	0.0049	0.0034	0.0016	0.0034	0.0034	0.0000	0.0016	0.0000	0.0016	0.0000	0.0000	0.0000	0.0000	0.0000	0.0000	0.0000	0.0000	0.0000	0.0522	0.0324	0.0199	0.0148	0.0143	0.0005	0.0374	0.0180	0.0194
52	118	0.0781	14	2	0	0	0	1	0	0	0	0	1	0	1	0	0	0	0	0	0	Y	N	N	N	N	N	N	N	N	N	N	N	N	N	N	N	N	N	0.0015	0.0000	0.0668	0.0000	0.0000	0.0000	0.0193	0.0000	0.0625	0.0017	0.0000	0.0130	0.0000	0.0000	0.0000	0.0020	0.0000	0.0124	1.0797	1.5916	0.1942	3.1337	3.2320	0.0276	0.1048	0.0006	0.1989	inf	0.0706	0.0000	-0.0239	1.0020	0.0004	7.2599	2.6029	0.0000	0.0000	0.0000	0.0000	0.0000	0.0000	0.0000	0.0000	0.0000	0.0496	0.0464	0.0033	0.0464	0.0464	0.0000	0.0033	0.0000	0.0033	0.0000	0.0000	0.0000	0.0000	0.0000	0.0000	0.0000	0.0000	0.0000	0.0460	0.0291	0.0168	0.0148	0.0143	0.0005	0.0312	0.0148	0.0164
52	119	0.0944	14	2	0	1	0	0	0	0	0	0	1	0	1	0	0	0	0	0	0	Y	N	N	N	N	N	N	N	N	N	N	N	N	N	N	N	N	N	0.0000	0.0000	0.0000	0.0000	0.0000	0.0000	0.0000	0.0000	0.0000	0.0000	0.0000	0.0000	0.0000	0.0000	0.0000	0.0000	0.0000	0.0000	0.0446	0.0850	0.0003	0.1524	0.1757	0.0043	0.0146	0.0340	0.0000		0.0029	0.0000	-0.0056	1.0020	6.0007	7.2599	19.0307	0.0000	0.0000	0.0000	0.0000	0.0000	0.0000	0.0000	0.0000	0.0000	0.0102	0.0102	0.0000	0.0076	0.0076	0.0000	0.0026	0.0026	0.0000	0.0415	0.0357	0.0058	0.0006	0.0006	0.0000	0.0409	0.0351	0.0057	0.2287	0.1197	0.1090	0.0498	0.0431	0.0068	0.1789	0.0766	0.1023
52	120	0.0909	13	2	0	1	0	0	0	1	0	0	1	0	1	0	0	0	0	0	0	Y	N	N	N	N	N	N	N	N	N	N	N	N	N	N	N	N	N	0.0000	0.0000	0.0000	0.0000	0.0000	0.0000	0.0000	0.0000	0.0000	0.0000	0.0000	0.0000	0.0000	0.0000	0.0000	0.0000	0.0000	0.0000	0.0013	0.0019	0.0005	0.0025	0.0035	0.0000	0.0005	0.0002	0.0006		0.2401	0.0000	-0.0000	1.0020	0.0034	7.2599	3.2312	0.0000	0.0000	0.0000	0.0000	0.0000	0.0000	0.0000	0.0000	0.0000	0.0001	0.0000	0.0000	0.0000	0.0000	0.0000	0.0000	0.0000	0.0000	0.0000	0.0000	0.0000	0.0000	0.0000	0.0000	0.0000	0.0000	0.0000	0.0423	0.0221	0.0203	0.0159	0.0116	0.0043	0.0265	0.0105	0.0160
52	121	0.0906	12	2	0	0	0	0	0	0	0	0	1	0	1	0	0	0	0	0	0	Y	N	N	N	N	N	N	N	N	N	N	N	N	N	N	N	N	N	0.0000	0.0000	0.0000	0.0000	0.0000	0.0000	0.0000	0.0000	0.0000	0.0000	0.0000	0.0000	0.0000	0.0000	0.0000	0.0000	0.0000	0.0000	0.0001	0.0000	0.0002	0.0000	0.0000	0.0000	0.0002	0.0000	0.0003		4.9187	0.0000	0.0000	1.0020	0.0000	7.2599	1.2022	0.0000	0.0000	0.0000	0.0000	0.0000	0.0000	0.0000	0.0000	0.0000	0.0000	0.0000	0.0000	0.0000	0.0000	0.0000	0.0000	0.0000	0.0000	0.0000	0.0000	0.0000	0.0000	0.0000	0.0000	0.0000	0.0000	0.0000	0.0272	0.0143	0.0130	0.0142	0.0102	0.0040	0.0130	0.0040	0.0090
52	122	0.0693	11	2	0	0	0	1	0	0	0	0	1	0	1	0	0	0	0	0	0	Y	N	N	N	N	N	N	N	N	N	N	N	N	N	N	N	N	N	0.0000	0.0000	0.0000	0.0000	0.0000	0.0000	0.0000	0.0000	0.0000	0.0000	0.0000	0.0000	0.0000	0.0000	0.0000	0.0000	0.0000	0.0000	0.0524	0.0000	0.1183	0.0003	0.0000	0.0027	0.0689	0.0000	0.1262		1508188.0503	0.0000	0.0033	1.0020	0.0041	7.2599	12.5856	0.0000	0.0000	0.0000	0.0000	0.0000	0.0000	0.0000	0.0000	0.0000	0.0072	0.0000	0.0072	0.0000	0.0000	0.0000	0.0072	0.0000	0.0072	0.0001	0.0000	0.0000	0.0000	0.0000	0.0000	0.0000	0.0000	0.0000	0.1378	0.0768	0.0610	0.0333	0.0293	0.0039	0.1046	0.0475	0.0571
52	131	0.1003	15	2	0	1	0	0	0	0	0	0	1	0	1	0	0	0	0	0	0	Y	N	N	N	N	N	N	N	N	N	N	N	N	N	N	N	N	N	0.0153	0.0607	0.0000	0.0020	0.0120	0.0000	0.9726	inf	0.0000	0.0000	0.0000	0.0000	0.0000	0.0000	0.0000	0.0000	0.0000	0.0000	0.0008	0.0002	0.0014	0.0038	0.0007	0.0345	0.0000	0.0000	0.0000	0.0000	5.4031	-0.0000	0.0000	1.0020	1.0211	7.2599	9.0731	0.0000	0.0000	0.0000	0.0000	0.0000	0.0000	0.0000	0.0000	0.0000	0.0001	0.0000	0.0001	0.0001	0.0000	0.0001	0.0000	0.0000	0.0000	0.0075	0.0065	0.0011	0.0004	0.0004	0.0000	0.0071	0.0061	0.0010	0.0916	0.0488	0.0427	0.0189	0.0172	0.0017	0.0727	0.0317	0.0410
52	132	0.1210	15	1	0	0	0	0	0	0	0	0	2	0	2	0	0	0	0	0	0	N	N	N	N	N	Y	N	N	N	N	N	N	N	N	N	N	N	N	0.0000	0.0000	0.0000	0.0000	0.0000	0.0000	0.0000	0.0000	0.0000	0.0000	0.0000	0.0000	0.0000	0.0000	0.0000	0.0000	0.0000	0.0000	6.9787	13.5601	0.0003	20.6589	21.1354	0.0217	0.0000	0.0000	0.0000		0.0000	0.0000	-0.1382	1.0020	0.0075	7.2599	1.9743	0.0000	0.0000	0.0000	0.0000	0.0000	0.0000	0.0000	0.0000	0.0000	0.2521	0.2521	0.0000	0.2521	0.2521	0.0000	0.0000	0.0000	0.0000	0.0002	0.0001	0.0000	0.0001	0.0001	0.0000	0.0001	0.0001	0.0000	0.0361	0.0186	0.0175	0.0122	0.0119	0.0003	0.0239	0.0067	0.0173
52	134	0.1158	13	1	0	0	0	0	0	0	0	0	2	0	2	0	0	0	0	0	0	N	N	N	N	N	Y	N	N	N	N	N	N	N	N	N	N	N	N	0.0000	0.0000	0.0000	0.0000	0.0000	0.0000	0.0000	0.0000	0.0000	0.0000	0.0000	0.0000	0.0000	0.0000	0.0000	0.0000	0.0000	0.0000	2.5696	4.5826	0.0001	8.3144	9.4565	0.0000	0.0000	0.0000	0.0001		0.0000	0.0000	-0.1459	1.0020	2.0569	7.2599	5.7592	0.0000	0.0000	0.0000	0.0000	0.0000	0.0000	0.0000	0.0000	0.0000	0.2661	0.2661	0.0000	0.2661	0.2661	0.0000	0.0000	0.0000	0.0000	0.0153	0.0132	0.0021	0.0009	0.0008	0.0000	0.0145	0.0124	0.0021	0.1036	0.0581	0.0455	0.0320	0.0281	0.0039	0.0716	0.0299	0.0416
52	135	0.1174	14	1	0	0	0	0	0	0	0	0	2	0	2	0	0	0	0	0	0	N	N	N	N	N	Y	N	N	N	N	N	N	N	N	N	N	N	N	0.0000	0.0000	0.0000	0.0000	0.0000	0.0000	0.0000	0.0000	0.0000	0.0000	0.0000	0.0000	0.0000	0.0000	0.0000	0.0000	0.0000	0.0000	0.1652	0.2104	0.1090	0.4129	0.4698	0.0000	0.0677	0.0000	0.1181		0.4163	0.0000	-0.0050	1.0020	1.0111	7.2599	8.8059	0.0000	0.0000	0.0000	0.0000	0.0000	0.0000	0.0000	0.0000	0.0000	0.0195	0.0138	0.0057	0.0138	0.0138	0.0000	0.0057	0.0000	0.0057	0.0073	0.0063	0.0010	0.0003	0.0003	0.0000	0.0069	0.0059	0.0010	0.1183	0.0656	0.0527	0.0334	0.0294	0.0040	0.0849	0.0362	0.0487
52	138	0.0941	12	2	0	1	0	0	0	0	0	0	1	1	1	0	0	0	0	0	0	Y	N	N	N	N	N	N	N	N	N	N	N	N	N	N	N	N	N	0.0029	0.0020	0.0000	0.0247	0.0223	0.0000	0.0000	0.0000	0.0000	0.0002	0.0003	0.0000	0.0007	0.0007	0.0000	0.0000	0.0000	0.0000	0.0745	0.1349	0.0003	0.0272	0.0302	0.0000	0.0894	0.2019	0.0003	0.0000	0.0019	-0.0000	-0.0015	1.0020	0.0010	7.2599	4.0030	0.0000	0.0000	0.0000	0.0000	0.0000	0.0000	0.0000	0.0000	0.0000	0.0028	0.0028	0.0000	0.0002	0.0002	0.0000	0.0026	0.0026	0.0000	0.0000	0.0000	0.0000	0.0000	0.0000	0.0000	0.0000	0.0000	0.0000	0.0381	0.0210	0.0171	0.0091	0.0082	0.0009	0.0290	0.0128	0.0162
52	139	0.0685	11	2	0	1	0	0	0	0	0	1	1	1	1	0	0	0	0	0	0	Y	N	N	N	N	N	N	N	N	N	N	N	N	N	N	N	N	N	0.3217	21.6278	0.0000	622.3505	1009.2245	0.0000	0.0000	0.0000	0.0000	0.0105	0.0122	0.0000	0.6566	0.6907	0.0000	0.0000	0.0000	0.0000	0.0326	0.0006	0.0697	0.0011	0.0007	0.0065	0.0391	0.0005	0.0712	0.0000	106.8899	-0.0001	0.0020	1.0020	2.9989	7.2599	12.3267	0.0002	0.0002	0.0000	0.0002	0.0002	0.0000	0.0000	0.0000	0.0000	0.0046	0.0000	0.0046	0.0000	0.0000	0.0000	0.0046	0.0000	0.0045	0.0210	0.0180	0.0029	0.0003	0.0003	0.0000	0.0206	0.0177	0.0029	0.1410	0.0756	0.0654	0.0241	0.0226	0.0015	0.1168	0.0530	0.0638
52	140	0.0677	10	2	0	1	0	1	0	1	0	0	1	0	1	0	0	0	0	0	0	Y	N	N	N	N	N	N	N	N	N	N	N	N	N	N	N	N	N	0.3274	0.5626	0.0000	1.2781	1.2392	0.0000	0.0000	0.0000	0.0000	0.0006	0.0007	0.0000	0.0044	0.0044	0.0000	0.0000	0.0000	0.0000	0.0019	0.0013	0.0027	0.0034	0.0035	0.0005	0.0015	0.0000	0.0028	0.0000	1.5429	-0.0000	0.0000	1.0020	0.0011	7.2599	0.8290	0.0000	0.0000	0.0000	0.0000	0.0000	0.0000	0.0000	0.0000	0.0000	0.0000	0.0000	0.0000	0.0000	0.0000	0.0000	0.0000	0.0000	0.0000	0.0000	0.0000	0.0000	0.0000	0.0000	0.0000	0.0000	0.0000	0.0000	0.0095	0.0055	0.0040	0.0021	0.0020	0.0001	0.0074	0.0035	0.0039
52	141	0.0908	12	2	0	1	0	0	0	0	0	0	1	0	1	0	0	0	0	0	0	Y	N	N	N	N	N	N	N	N	N	N	N	N	N	N	N	N	N	0.0334	0.0259	0.0000	1.0494	3.1974	0.0000	0.0000	0.0000	0.0000	0.0052	0.0059	0.0000	0.0202	0.0203	0.0000	0.0000	0.0000	0.0000	0.1569	0.2280	0.0755	0.0193	0.0064	0.1172	0.1952	0.3535	0.0731	0.0000	0.2899	-0.0000	-0.0041	1.0020	0.0243	7.2599	8.8037	0.0000	0.0000	0.0000	0.0000	0.0000	0.0000	0.0000	0.0000	0.0000	0.0127	0.0098	0.0028	0.0003	0.0001	0.0002	0.0123	0.0097	0.0026	0.0003	0.0003	0.0000	0.0001	0.0001	0.0000	0.0002	0.0002	0.0000	0.0806	0.0430	0.0376	0.0176	0.0155	0.0020	0.0631	0.0275	0.0356
52	142	0.0742	11	2	0	1	0	1	0	1	0	0	1	0	1	0	0	0	0	0	0	Y	N	N	N	N	N	N	N	N	N	N	N	N	N	N	N	N	N	0.0000	0.0000	0.2137	0.0081	0.0000	2.8647	0.0000	0.0000	0.2045	0.0001	0.0000	0.0004	0.0001	0.0000	0.0020	0.0001	0.0000	0.0004	10.2582	19.5725	0.0017	0.0122	0.0131	0.0007	12.5513	28.8891	0.0017	186.0000	0.0001	0.0000	-0.5279	1.0020	4.9785	7.2599	5.0554	0.0000	0.0000	0.0000	0.0000	0.0000	0.0000	0.0000	0.0000	0.0000	0.9629	0.9628	0.0001	0.0002	0.0002	0.0000	0.9627	0.9626	0.0001	0.0346	0.0298	0.0048	0.0006	0.0005	0.0000	0.0340	0.0292	0.0048	0.0939	0.0492	0.0447	0.0172	0.0159	0.0013	0.0767	0.0333	0.0434
52	143	0.1133	16	2	0	1	0	0	0	0	0	0	1	1	1	0	0	0	0	0	0	Y	N	N	N	N	N	N	N	N	N	N	N	N	N	N	N	N	N	0.0000	0.0000	0.0000	0.0000	0.0000	0.0000	0.0000	0.0000	0.0000	0.0000	0.0000	0.0000	0.0000	0.0000	0.0000	0.0000	0.0000	0.0000	0.4197	0.7735	0.0000	1.9201	2.1701	0.0000	0.0000	0.0000	0.0000		0.0000	-0.0000	-0.0062	1.0020	0.0000	7.2599	3.0055	0.0000	0.0000	0.0000	0.0000	0.0000	0.0000	0.0000	0.0000	0.0000	0.0113	0.0113	0.0000	0.0113	0.0113	0.0000	0.0000	0.0000	0.0000	0.0000	0.0000	0.0000	0.0000	0.0000	0.0000	0.0000	0.0000	0.0000	0.0269	0.0146	0.0123	0.0059	0.0052	0.0007	0.0210	0.0094	0.0116
52	144	0.1003	15	2	0	1	0	0	0	0	0	1	1	1	1	0	0	0	0	0	0	Y	N	N	N	N	N	N	N	N	N	N	N	N	N	N	N	N	N	0.0021	0.0013	0.0000	0.0106	0.0101	0.0000	0.5242	0.4455	0.0000	0.0007	0.0008	0.0000	0.0168	0.0176	0.0000	0.0000	0.0000	0.0000	0.3323	0.6230	0.0000	1.5784	1.7352	0.0000	0.0000	0.0000	0.0000	0.0000	0.0000	-0.0000	-0.0136	1.0020	2.0192	7.2599	6.0784	0.0000	0.0000	0.0000	0.0000	0.0000	0.0000	0.0000	0.0000	0.0000	0.0249	0.0249	0.0000	0.0249	0.0249	0.0000	0.0000	0.0000	0.0000	0.0145	0.0125	0.0020	0.0006	0.0006	0.0000	0.0139	0.0119	0.0020	0.0748	0.0399	0.0349	0.0158	0.0143	0.0014	0.0591	0.0256	0.0335
52	145	0.0955	14	2	0	1	0	1	0	0	0	0	1	0	1	0	0	0	0	0	0	Y	N	N	N	N	N	N	N	N	N	N	N	N	N	N	N	N	N	2.3685	1.4490	0.0000	0.0004	0.0004	0.0000	1389.4073	inf	0.0000	0.0072	0.0083	0.0000	0.0000	0.0000	0.0000	0.0073	0.0085	0.0000	0.0030	0.0057	0.0000	0.0162	0.0181	0.0000	0.0000	0.0000	0.0000	0.0000	0.0015	-0.0001	-0.0000	1.0020	1.9811	7.2599	0.9869	0.0001	0.0001	0.0000	0.0000	0.0000	0.0000	0.0001	0.0001	0.0000	0.0001	0.0001	0.0000	0.0001	0.0001	0.0000	0.0000	0.0000	0.0000	0.0139	0.0120	0.0019	0.0003	0.0003	0.0000	0.0136	0.0117	0.0019	0.0265	0.0139	0.0125	0.0049	0.0044	0.0005	0.0215	0.0095	0.0120
53	55	0.0626	5	2	0	1	0	1	0	1	0	0	0	0	0	0	0	0	0	0	0	Y	N	N	N	N	N	N	N	N	N	N	N	N	N	N	N	N	N	0.0000	0.0000	0.0000	0.0000	0.0000	0.0000	0.0000	0.0000	0.0000	0.0000	0.0000	0.0000	0.0000	0.0000	0.0000	0.0000	0.0000	0.0000	0.4549	0.8672	0.0000	0.0055	0.0059	0.0000	0.5277	1.1495	0.0000		0.0000	0.0000	-0.0097	3.0050	0.0000	8.3063	2.9989	0.0000	0.0000	0.0000	0.0000	0.0000	0.0000	0.0000	0.0000	0.0000	0.0176	0.0176	0.0000	0.0000	0.0000	0.0000	0.0176	0.0176	0.0000	0.0000	0.0000	0.0000	0.0000	0.0000	0.0000	0.0000	0.0000	0.0000	0.0387	0.0203	0.0184	0.0054	0.0050	0.0004	0.0333	0.0153	0.0180
53	56	0.0381	4	2	0	0	0	1	0	0	0	0	0	0	0	0	0	0	0	0	0	Y	N	N	N	N	N	N	N	N	N	N	N	N	N	N	N	N	N	31071.5694	324.9198	8944033.7570	4824.5638	4992.6366	0.0000	44263.6515	1.8138	9116665.6699	15.3235	0.3072	110.9383	7.0414	7.5867	0.0000	15.6466	0.0014	113.1883	0.0005	0.0009	0.0000	0.0015	0.0015	0.0000	0.0004	0.0008	0.0000	56.7234	0.0123	0.4065	-0.0000	3.0050	2.9988	8.3063	11.1255	1.0174	0.0176	0.9998	0.0175	0.0175	0.0000	0.9999	0.0001	0.9998	0.0001	0.0001	0.0000	0.0000	0.0000	0.0000	0.0001	0.0001	0.0000	0.0664	0.0574	0.0090	0.0025	0.0023	0.0002	0.0639	0.0551	0.0088	0.1884	0.0971	0.0913	0.0238	0.0228	0.0009	0.1646	0.0742	0.0904
53	57	0.1356	21	2	0	1	1	1	0	0	1	0	0	1	1	0	0	0	0	0	0	Y	N	N	N	N	N	N	N	N	N	N	N	N	N	N	N	N	N	0.0000	0.0000	0.0000	0.0000	0.0000	0.0000	0.0000	0.0000	0.0000	0.0000	0.0000	0.0000	0.0000	0.0000	0.0000	0.0000	0.0000	0.0000	0.0000	0.0000	0.0000	0.0000	0.0000	0.0000	0.0000	0.0000	0.0000			0.0000	0.0000	3.0050	0.0000	8.3063	0.0000	0.0000	0.0000	0.0000	0.0000	0.0000	0.0000	0.0000	0.0000	0.0000	0.0000	0.0000	0.0000	0.0000	0.0000	0.0000	0.0000	0.0000	0.0000	0.0000	0.0000	0.0000	0.0000	0.0000	0.0000	0.0000	0.0000	0.0000	0.0000	0.0000	0.0000	0.0000	0.0000	0.0000	0.0000	0.0000	0.0000
53	58	0.1356	21	2	0	1	0	1	0	0	0	0	0	1	1	0	0	0	0	0	0	Y	N	N	N	N	N	N	N	N	N	N	N	N	N	N	N	N	N	0.0000	0.0000	0.0000	0.0000	0.0000	0.0000	0.0000	0.0000	0.0000	0.0000	0.0000	0.0000	0.0000	0.0000	0.0000	0.0000	0.0000	0.0000	0.0000	0.0000	0.0000	0.0000	0.0000	0.0000	0.0000	0.0000	0.0000			0.0000	0.0000	3.0050	0.0000	8.3063	0.0000	0.0000	0.0000	0.0000	0.0000	0.0000	0.0000	0.0000	0.0000	0.0000	0.0000	0.0000	0.0000	0.0000	0.0000	0.0000	0.0000	0.0000	0.0000	0.0000	0.0000	0.0000	0.0000	0.0000	0.0000	0.0000	0.0000	0.0000	0.0000	0.0000	0.0000	0.0000	0.0000	0.0000	0.0000	0.0000	0.0000
53	59	0.1308	20	2	0	1	0	1	0	1	0	0	0	1	1	0	0	0	0	0	0	Y	N	N	N	N	N	N	N	N	N	N	N	N	N	N	N	N	N	0.5522	36992.7722	0.0000	66638.5020	54887.7383	0.0000	0.0000	0.0000	0.0000	13.5735	14.9450	0.0000	53.8206	54.0504	0.0000	0.0000	0.0000	0.0000	24.5786	0.0004	52.2446	0.0008	0.0010	0.0000	33.4350	0.0000	58.1308	0.0000	114885.9286	-0.0000	0.4462	3.0050	0.0001	8.3063	3.0507	0.0000	0.0000	0.0000	0.0000	0.0000	0.0000	0.0000	0.0000	0.0000	0.9877	0.0000	0.9877	0.0000	0.0000	0.0000	0.9877	0.0000	0.9877	0.0000	0.0000	0.0000	0.0000	0.0000	0.0000	0.0000	0.0000	0.0000	0.0402	0.0213	0.0189	0.0106	0.0087	0.0019	0.0295	0.0125	0.0170
53	60	0.0807	11	2	0	1	0	1	0	0	0	0	0	1	0	0	0	0	0	0	0	Y	N	N	N	N	N	N	N	N	N	N	N	N	N	N	N	N	N	1.8340	1.3937	0.0000	1.3074	1.2058	0.0000	0.0000	0.0000	0.0000	0.3191	0.3959	0.0000	0.9526	0.9641	0.0000	0.0000	0.0000	0.0000	0.1740	0.2841	0.0403	0.7286	0.7996	0.0006	0.0231	0.0000	0.0420	0.0000	0.1167	-0.0000	-0.0051	3.0050	0.0010	8.3063	5.0218	0.0000	0.0000	0.0000	0.0000	0.0000	0.0000	0.0000	0.0000	0.0000	0.0116	0.0104	0.0012	0.0104	0.0104	0.0000	0.0012	0.0000	0.0012	0.0001	0.0000	0.0000	0.0000	0.0000	0.0000	0.0000	0.0000	0.0000	0.0667	0.0366	0.0301	0.0143	0.0130	0.0013	0.0524	0.0236	0.0288
53	67	0.1156	23	2	0	1	0	1	0	0	0	0	1	0	1	0	0	0	0	0	0	Y	N	N	N	N	N	N	N	N	N	N	N	N	N	N	N	N	N	0.0000	0.0000	0.0000	0.0000	0.0000	0.0000	0.0000	0.0000	0.0000	0.0000	0.0000	0.0000	0.0000	0.0000	0.0000	0.0000	0.0000	0.0000	0.0010	0.0014	0.0004	0.0033	0.0036	0.0000	0.0002	0.0000	0.0004		0.2110	0.0000	-0.0000	3.0050	0.0010	8.3063	8.0699	0.0000	0.0000	0.0000	0.0000	0.0000	0.0000	0.0000	0.0000	0.0000	0.0001	0.0001	0.0000	0.0001	0.0001	0.0000	0.0000	0.0000	0.0000	0.0001	0.0001	0.0000	0.0000	0.0000	0.0000	0.0000	0.0000	0.0000	0.1022	0.0560	0.0462	0.0247	0.0224	0.0022	0.0776	0.0336	0.0440
53	68	0.1058	22	2	0	1	0	1	0	0	0	0	0	0	0	0	0	0	0	0	0	Y	N	N	N	N	N	N	N	N	N	N	N	N	N	N	N	N	N	0.0000	0.0000	0.0000	0.0000	0.0000	0.0000	0.0000	0.0000	0.0000	0.0000	0.0000	0.0000	0.0000	0.0000	0.0000	0.0000	0.0000	0.0000	0.0208	0.0017	0.0420	0.0039	0.0043	0.0000	0.0257	0.0000	0.0437		22.6387	0.0000	0.0007	3.0050	0.0010	8.3063	6.0584	0.0000	0.0000	0.0000	0.0000	0.0000	0.0000	0.0000	0.0000	0.0000	0.0017	0.0001	0.0016	0.0001	0.0001	0.0000	0.0016	0.0000	0.0016	0.0000	0.0000	0.0000	0.0000	0.0000	0.0000	0.0000	0.0000	0.0000	0.0795	0.0418	0.0377	0.0177	0.0163	0.0014	0.0617	0.0255	0.0363
53	69	0.1045	21	2	0	1	0	1	0	0	0	0	0	0	0	0	0	0	0	0	0	Y	N	N	N	N	N	N	N	N	N	N	N	N	N	N	N	N	N	0.0059	0.6608	0.0000	0.2172	0.2125	0.0000	0.0050	9.3230	0.0000	0.0130	0.0144	0.0000	0.0098	0.0103	0.0000	0.0145	0.0165	0.0000	2.2204	0.0217	4.7283	0.0452	0.0484	0.0001	2.9236	0.0018	4.9001	0.0000	190.7781	-0.0000	0.0139	3.0050	0.0006	8.3063	0.9765	0.0000	0.0000	0.0000	0.0000	0.0000	0.0000	0.0000	0.0000	0.0000	0.0312	0.0002	0.0310	0.0002	0.0002	0.0000	0.0310	0.0000	0.0310	0.0000	0.0000	0.0000	0.0000	0.0000	0.0000	0.0000	0.0000	0.0000	0.0140	0.0075	0.0066	0.0034	0.0032	0.0002	0.0106	0.0043	0.0063
53	70	0.1055	19	2	0	0	0	1	0	0	0	0	1	1	1	0	0	0	0	0	0	Y	N	N	N	N	N	N	N	N	N	N	N	N	N	N	N	N	N	87.1027	877.3457	0.0036	2866.7413	2854.2542	2.0175	0.0002	0.0174	0.0001	15.7455	17.7654	0.0014	98.8816	101.1418	0.0437	0.0001	0.0001	0.0000	0.1808	0.0202	0.3825	0.0345	0.0354	0.0217	0.2468	0.0038	0.4008	0.0000	15.0307	-0.5742	0.0121	3.0050	2.3581	8.3063	7.4584	0.9847	0.9847	0.0000	0.9847	0.9847	0.0000	0.0000	0.0000	0.0000	0.0310	0.0019	0.0290	0.0018	0.0018	0.0001	0.0291	0.0002	0.0290	0.0625	0.0554	0.0071	0.0100	0.0097	0.0002	0.0526	0.0457	0.0069	0.1714	0.0954	0.0759	0.0533	0.0497	0.0037	0.1180	0.0458	0.0723
53	71	0.0983	18	2	0	0	0	1	0	0	0	0	0	1	0	0	0	0	0	0	0	Y	N	N	N	N	N	N	N	N	N	N	N	N	N	N	N	N	N	0.0029	0.1221	0.0001	3.2983	3.2098	2.2566	0.0000	0.0000	0.0000	0.0209	0.0240	0.0019	0.8188	0.8629	0.1625	0.0000	0.0000	0.0000	7.2086	0.1963	18.3181	0.2482	0.2688	0.0720	10.8920	0.1222	20.2036	0.0128	58.8984	-0.0004	0.3267	3.0050	1.7590	8.3063	3.5356	0.0008	0.0008	0.0000	0.0008	0.0008	0.0000	0.0000	0.0000	0.0000	0.7509	0.0125	0.7384	0.0089	0.0087	0.0003	0.7420	0.0039	0.7381	0.0372	0.0321	0.0052	0.0010	0.0009	0.0001	0.0363	0.0312	0.0051	0.1042	0.0639	0.0403	0.0360	0.0323	0.0038	0.0681	0.0316	0.0365
53	72	0.0950	17	2	0	0	0	1	0	0	0	1	0	1	0	0	0	0	0	0	0	Y	N	N	N	N	N	N	N	N	N	N	N	N	N	N	N	N	N	0.1950	0.1261	0.0000	6.7569	6.1356	0.0000	0.0000	0.0000	0.0000	0.1017	0.1127	0.0000	0.5041	0.5066	0.0000	0.0000	0.0000	0.0000	0.5219	0.8938	0.1104	0.0746	0.0826	0.0008	0.6278	1.2914	0.1149	0.0000	0.1116	-0.0000	-0.0071	3.0050	0.0029	8.3063	2.4186	0.0000	0.0000	0.0000	0.0000	0.0000	0.0000	0.0000	0.0000	0.0000	0.0158	0.0142	0.0016	0.0004	0.0004	0.0000	0.0153	0.0137	0.0016	0.0001	0.0001	0.0000	0.0000	0.0000	0.0000	0.0001	0.0001	0.0000	0.0302	0.0159	0.0143	0.0058	0.0052	0.0006	0.0244	0.0106	0.0138
53	73	0.1008	15	2	0	1	0	1	0	0	0	0	0	1	0	0	0	0	0	0	0	Y	N	N	N	N	N	N	N	N	N	N	N	N	N	N	N	N	N	0.0000	0.0000	0.0000	0.0000	0.0000	0.0000	0.0000	0.0000	0.0000	0.0000	0.0000	0.0000	0.0000	0.0000	0.0000	0.0000	0.0000	0.0000	0.0218	0.0289	0.0134	0.0674	0.0720	0.0071	0.0079	0.0002	0.0136		0.3900	0.0000	-0.0011	3.0050	1.6760	8.3063	12.1347	0.0000	0.0000	0.0000	0.0000	0.0000	0.0000	0.0000	0.0000	0.0000	0.0042	0.0030	0.0012	0.0030	0.0030	0.0000	0.0012	0.0000	0.0011	0.0381	0.0331	0.0050	0.0036	0.0034	0.0001	0.0345	0.0297	0.0048	0.1918	0.1041	0.0877	0.0447	0.0416	0.0031	0.1471	0.0625	0.0846
53	74	0.0710	14	2	0	1	0	2	0	1	0	1	0	1	0	0	0	0	0	0	0	Y	N	N	N	N	N	N	N	N	N	N	N	N	N	N	N	N	N	0.1955	6.6283	0.0000	36.2622	41.0990	0.0008	0.0000	0.0000	0.0000	0.1082	0.1254	0.0000	1.8562	1.9340	0.0001	0.0000	0.0000	0.0000	0.5538	0.0189	1.2175	0.0512	0.0471	0.1329	0.6931	0.0022	1.2435	0.0000	51.8638	-0.0042	0.0641	3.0050	2.9965	8.3063	14.7438	0.0073	0.0073	0.0000	0.0073	0.0073	0.0000	0.0000	0.0000	0.0000	0.1481	0.0028	0.1453	0.0030	0.0026	0.0004	0.1451	0.0002	0.1449	0.0672	0.0580	0.0092	0.0039	0.0038	0.0002	0.0633	0.0542	0.0090	0.2674	0.1481	0.1193	0.0581	0.0553	0.0028	0.2094	0.0928	0.1165
53	75	0.1045	21	2	0	1	0	1	0	0	0	0	0	0	0	0	0	0	0	0	0	Y	N	N	N	N	N	N	N	N	N	N	N	N	N	N	N	N	N	177.1783	108.7134	100.6290	988.0566	956.4448	inf	7197.2427	inf	0.2909	0.8315	0.9644	0.0034	22.8855	24.4654	0.2338	0.1419	0.1652	0.0000	0.0047	0.0089	0.0000	0.0232	0.0256	0.0000	0.0000	0.0000	0.0000	0.0006	0.0034	-0.0103	-0.0003	3.0050	1.0006	8.3063	8.0096	0.0177	0.0177	0.0000	0.0148	0.0148	0.0000	0.0029	0.0029	0.0000	0.0005	0.0005	0.0000	0.0005	0.0005	0.0000	0.0000	0.0000	0.0000	0.0213	0.0183	0.0029	0.0006	0.0006	0.0000	0.0206	0.0177	0.0029	0.1086	0.0573	0.0514	0.0219	0.0199	0.0021	0.0867	0.0374	0.0493
53	76	0.1022	20	2	0	1	0	1	0	0	0	0	0	0	0	0	0	0	0	0	0	Y	N	N	N	N	N	N	N	N	N	N	N	N	N	N	N	N	N	0.0010	0.0236	0.0000	0.2743	0.2946	0.0000	0.0001	inf	0.0000	0.0000	0.0000	0.0000	0.0005	0.0006	0.0000	0.0000	0.0000	0.0000	0.0172	0.0008	0.0376	0.0019	0.0019	0.0022	0.0224	0.0000	0.0389	0.0006	36.9514	-0.0000	0.0002	3.0050	0.9962	8.3063	0.5464	0.0000	0.0000	0.0000	0.0000	0.0000	0.0000	0.0000	0.0000	0.0000	0.0004	0.0000	0.0004	0.0000	0.0000	0.0000	0.0004	0.0000	0.0004	0.0212	0.0182	0.0029	0.0006	0.0005	0.0000	0.0206	0.0177	0.0029	0.0232	0.0128	0.0104	0.0058	0.0055	0.0004	0.0173	0.0073	0.0100
53	77	0.0958	19	2	0	1	0	1	0	0	0	0	0	0	0	0	0	0	0	0	0	Y	N	N	N	N	N	N	N	N	N	N	N	N	N	N	N	N	N	0.0000	0.0000	0.0000	0.0000	0.0000	0.0000	0.0000	0.0000	0.0000	0.0000	0.0000	0.0000	0.0000	0.0000	0.0000	0.0000	0.0000	0.0000	0.0002	0.0000	0.0003	0.0001	0.0001	0.0000	0.0002	0.0000	0.0003		6.7006	0.0000	0.0000	3.0050	0.0041	8.3063	4.4918	0.0000	0.0000	0.0000	0.0000	0.0000	0.0000	0.0000	0.0000	0.0000	0.0000	0.0000	0.0000	0.0000	0.0000	0.0000	0.0000	0.0000	0.0000	0.0001	0.0001	0.0000	0.0000	0.0000	0.0000	0.0001	0.0001	0.0000	0.0589	0.0312	0.0277	0.0122	0.0112	0.0010	0.0467	0.0200	0.0266
53	78	0.0381	4	2	0	0	0	1	0	0	0	0	1	0	1	0	0	0	0	0	0	Y	N	N	N	N	N	N	N	N	N	N	N	N	N	N	N	N	N	246.7999	35.5613	43451.2447	168.3919	56.1678	82062.7303	136.6584	0.0000	22305.3081	0.1237	0.0340	0.6417	0.1935	0.0671	1.0600	0.0552	0.0000	0.3299	0.0005	0.0010	0.0000	0.0011	0.0012	0.0000	0.0004	0.0009	0.0000	3.2670	0.0144	0.0001	-0.0000	3.0050	0.0166	8.3063	12.2009	0.0003	0.0001	0.0002	0.0002	0.0001	0.0002	0.0001	0.0000	0.0001	0.0001	0.0001	0.0000	0.0000	0.0000	0.0000	0.0001	0.0001	0.0000	0.0024	0.0021	0.0004	0.0012	0.0010	0.0002	0.0012	0.0010	0.0002	0.1656	0.0855	0.0800	0.0216	0.0207	0.0008	0.1440	0.0648	0.0792
53	79	0.0238	3	2	0	0	0	2	0	0	0	0	0	0	0	0	0	0	0	0	0	Y	N	N	N	N	N	N	N	N	N	N	N	N	N	N	N	N	N	0.4005	0.0934	59.4367	7.1412	4.6192	5132.1016	0.1323	0.0005	32.9583	0.0265	0.0124	0.1117	0.2491	0.1619	1.0463	0.0091	0.0001	0.0620	0.0661	0.1330	0.0019	0.0349	0.0351	0.0002	0.0684	0.1486	0.0019	1.4858	0.0147	0.0000	-0.0040	3.0050	1.0285	8.3063	7.9781	0.0007	0.0003	0.0004	0.0005	0.0003	0.0002	0.0002	0.0000	0.0002	0.0076	0.0075	0.0001	0.0003	0.0003	0.0000	0.0073	0.0072	0.0001	0.0251	0.0216	0.0036	0.0018	0.0016	0.0002	0.0233	0.0199	0.0034	0.1145	0.0561	0.0584	0.0078	0.0077	0.0000	0.1068	0.0484	0.0584
53	82	0.0958	19	2	0	1	0	1	0	0	0	1	0	1	0	0	0	0	0	0	0	Y	N	N	N	N	N	N	N	N	N	N	N	N	N	N	N	N	N	0.0000	0.0000	0.0000	0.0000	0.0000	0.0000	0.0000	0.0000	0.0000	0.0000	0.0000	0.0000	0.0000	0.0000	0.0000	0.0000	0.0000	0.0000	0.0282	0.0535	0.0003	0.0082	0.0090	0.0000	0.0329	0.0757	0.0003		0.0047	0.0000	-0.0023	3.0050	1.9997	8.3063	10.5319	0.0000	0.0000	0.0000	0.0000	0.0000	0.0000	0.0000	0.0000	0.0000	0.0043	0.0043	0.0000	0.0002	0.0002	0.0000	0.0041	0.0040	0.0000	0.0422	0.0364	0.0058	0.0010	0.0010	0.0001	0.0412	0.0354	0.0058	0.1526	0.0799	0.0727	0.0293	0.0266	0.0028	0.1232	0.0534	0.0699
53	83	0.0934	18	2	0	1	0	1	0	1	0	0	0	0	0	0	0	0	0	0	0	Y	N	N	N	N	N	N	N	N	N	N	N	N	N	N	N	N	N	0.0000	0.0000	0.0000	0.0000	0.0000	0.0000	0.0000	0.0000	0.0000	0.0000	0.0000	0.0000	0.0000	0.0000	0.0000	0.0000	0.0000	0.0000	0.0000	0.0001	0.0000	0.0001	0.0001	0.0000	0.0000	0.0001	0.0000		0.0456	0.0000	-0.0000	3.0050	0.0006	8.3063	1.5062	0.0000	0.0000	0.0000	0.0000	0.0000	0.0000	0.0000	0.0000	0.0000	0.0000	0.0000	0.0000	0.0000	0.0000	0.0000	0.0000	0.0000	0.0000	0.0000	0.0000	0.0000	0.0000	0.0000	0.0000	0.0000	0.0000	0.0000	0.0184	0.0096	0.0089	0.0034	0.0030	0.0003	0.0151	0.0065	0.0085
53	84	0.0681	14	2	0	0	0	1	0	0	0	0	0	0	0	0	0	0	0	0	0	Y	N	N	N	N	N	N	N	N	N	N	N	N	N	N	N	N	N	0.0000	0.0000	0.0000	0.0000	0.0000	0.0000	0.0000	0.0000	0.0000	0.0000	0.0000	0.0000	0.0000	0.0000	0.0000	0.0000	0.0000	0.0000	1.6499	0.0004	3.5043	0.0009	0.0009	0.0000	1.9703	0.0002	3.5718		7364.1649	0.0000	0.1752	3.0050	2.9998	8.3063	15.4389	0.0000	0.0000	0.0000	0.0000	0.0000	0.0000	0.0000	0.0000	0.0000	0.3880	0.0001	0.3880	0.0000	0.0000	0.0000	0.3880	0.0000	0.3880	0.0631	0.0543	0.0087	0.0016	0.0015	0.0001	0.0615	0.0529	0.0086	0.2352	0.1245	0.1107	0.0383	0.0362	0.0021	0.1969	0.0883	0.1086
53	87	0.1238	21	2	0	1	0	1	0	1	0	0	0	1	1	0	0	0	0	0	0	Y	N	N	N	N	N	N	N	N	N	N	N	N	N	N	N	N	N	0.0000	0.0000	0.0000	0.0000	0.0000	0.0000	0.0000	0.0000	0.0000	0.0000	0.0000	0.0000	0.0000	0.0000	0.0000	0.0000	0.0000	0.0000	10.0213	0.3037	22.4131	0.0446	0.0478	0.0000	14.0390	0.5378	23.4442		57.8778	0.0000	0.4388	3.0050	0.0022	8.3063	6.6376	0.0000	0.0000	0.0000	0.0000	0.0000	0.0000	0.0000	0.0000	0.0000	1.0093	0.0171	0.9922	0.0013	0.0013	0.0000	1.0080	0.0159	0.9922	0.0001	0.0001	0.0000	0.0000	0.0000	0.0000	0.0001	0.0001	0.0000	0.1007	0.0564	0.0443	0.0289	0.0270	0.0019	0.0718	0.0295	0.0423
53	88	0.1093	20	2	0	0	0	1	0	0	0	0	0	1	1	0	0	0	0	0	0	Y	N	N	N	N	N	N	N	N	N	N	N	N	N	N	N	N	N	0.0119	0.0000	0.0684	0.1695	0.0000	234.8560	0.0002	0.0000	0.0007	0.0312	0.0000	0.2248	0.6886	0.0000	11.4316	0.0004	0.0000	0.0025	2.6284	2.1379	3.2890	4.0622	4.3031	0.0487	2.0303	0.1074	3.4208	64802.2570	1.1426	0.0003	-0.0063	3.0050	1.0173	8.3063	8.6136	0.0007	0.0000	0.0007	0.0007	0.0000	0.0007	0.0000	0.0000	0.0000	0.4183	0.1952	0.2230	0.1903	0.1902	0.0001	0.2280	0.0051	0.2229	0.0221	0.0191	0.0031	0.0010	0.0009	0.0001	0.0211	0.0181	0.0030	0.1591	0.0913	0.0678	0.0468	0.0442	0.0027	0.1123	0.0471	0.0652
53	89	0.0729	15	2	0	1	0	1	0	1	0	0	0	0	0	0	0	0	0	0	0	Y	N	N	N	N	N	N	N	N	N	N	N	N	N	N	N	N	N	0.1912	115.7827	0.0004	1057.4905	1175.3002	6.7063	0.0266	276.8375	0.0000	0.2804	0.3253	0.0011	9.2866	9.9404	0.0931	0.0476	0.0554	0.0000	1.4670	0.0028	3.1757	0.0088	0.0085	0.0139	1.7892	0.0002	3.2514	0.0006	968.5215	-0.0103	0.1766	3.0050	2.9990	8.3063	17.4729	0.0177	0.0177	0.0000	0.0148	0.0148	0.0000	0.0029	0.0029	0.0000	0.3918	0.0004	0.3914	0.0004	0.0004	0.0000	0.3914	0.0000	0.3913	0.0631	0.0544	0.0087	0.0016	0.0015	0.0001	0.0615	0.0529	0.0086	0.2671	0.1438	0.1232	0.0483	0.0455	0.0029	0.2187	0.0984	0.1204
53	90	0.1093	20	2	0	0	0	1	0	0	0	0	0	1	1	0	0	0	0	0	0	Y	N	N	N	N	N	N	N	N	N	N	N	N	N	N	N	N	N	100.9317	177.5845	0.0051	23529.1280	25310.1192	3.3468	0.0003	0.0003	0.0001	22.8653	26.5311	0.0017	600.8817	639.8497	0.0976	0.0001	0.0001	0.0000	0.2265	0.1494	0.3259	0.0255	0.0253	0.0292	0.3025	0.2530	0.3388	0.0000	1.6940	-0.5743	0.0038	3.0050	2.0138	8.3063	11.8132	0.9848	0.9848	0.0000	0.9848	0.9848	0.0000	0.0000	0.0000	0.0000	0.0466	0.0173	0.0293	0.0014	0.0013	0.0001	0.0452	0.0160	0.0292	0.0431	0.0371	0.0060	0.0016	0.0015	0.0001	0.0414	0.0356	0.0059	0.2058	0.1159	0.0900	0.0565	0.0527	0.0038	0.1494	0.0631	0.0862
53	91	0.1008	19	2	0	0	0	1	0	0	0	1	1	1	1	0	0	0	0	0	0	Y	N	N	N	N	N	N	N	N	N	N	N	N	N	N	N	N	N	0.0017	0.1270	0.0000	10.0112	10.0632	0.0087	0.0000	0.0000	0.0000	0.0163	0.0190	0.0000	0.5228	0.5508	0.0001	0.0000	0.0000	0.0000	9.5281	0.1494	22.3356	0.0522	0.0547	0.0117	13.2587	0.2303	23.2418	0.0000	109.4929	-0.0004	0.4306	3.0050	1.9725	8.3063	4.2763	0.0007	0.0007	0.0000	0.0007	0.0007	0.0000	0.0000	0.0000	0.0000	0.9728	0.0088	0.9640	0.0015	0.0015	0.0000	0.9713	0.0073	0.9640	0.0422	0.0364	0.0059	0.0013	0.0013	0.0001	0.0409	0.0351	0.0058	0.1021	0.0589	0.0432	0.0288	0.0272	0.0017	0.0733	0.0318	0.0415
53	92	0.0721	14	2	0	1	0	2	0	1	0	0	0	0	0	0	0	0	0	0	0	Y	N	N	N	N	N	N	N	N	N	N	N	N	N	N	N	N	N	0.0000	0.0000	0.0000	0.0000	0.0000	0.0000	0.0000	0.0000	0.0000	0.0000	0.0000	0.0000	0.0000	0.0000	0.0000	0.0000	0.0000	0.0000	1.9052	3.6413	0.0139	0.0045	0.0048	0.0000	2.2395	4.9752	0.0142		0.0035	0.0000	-0.5608	3.0050	5.0000	8.3063	42.2706	0.0000	0.0000	0.0000	0.0000	0.0000	0.0000	0.0000	0.0000	0.0000	1.0294	1.0258	0.0036	0.0004	0.0004	0.0000	1.0290	1.0254	0.0036	0.1044	0.0900	0.0144	0.0026	0.0025	0.0002	0.1018	0.0875	0.0142	0.5403	0.2817	0.2586	0.0808	0.0756	0.0052	0.4595	0.2061	0.2534
53	97	0.0772	11	2	0	1	0	1	0	1	0	0	0	0	0	0	0	0	0	0	0	Y	N	N	N	N	N	N	N	N	N	N	N	N	N	N	N	N	N	0.0000	0.0000	0.0000	0.0000	0.0000	0.0000	0.0000	0.0000	0.0000	0.0000	0.0000	0.0000	0.0000	0.0000	0.0000	0.0000	0.0000	0.0000	0.0032	0.0032	0.0032	0.0086	0.0099	0.0000	0.0020	0.0001	0.0034		0.9554	0.0000	-0.0001	3.0050	2.0000	8.3063	24.9502	0.0000	0.0000	0.0000	0.0000	0.0000	0.0000	0.0000	0.0000	0.0000	0.0010	0.0005	0.0005	0.0005	0.0005	0.0000	0.0005	0.0000	0.0005	0.0422	0.0364	0.0059	0.0010	0.0009	0.0001	0.0412	0.0354	0.0058	0.3278	0.1688	0.1589	0.0616	0.0531	0.0085	0.2662	0.1157	0.1504
53	98	0.1308	20	2	0	0	1	1	0	0	1	0	0	1	1	0	0	0	0	0	0	Y	N	N	N	N	N	N	N	N	N	N	N	N	N	N	N	N	N	229.1259	0.0000	91153668.3561	0.0731	0.0000	inf	20255010.0238	0.0000	82933557.2692	15.8055	0.0000	113.7810	0.0195	0.0000	0.2484	16.1993	0.0000	115.3628	0.0690	0.1313	0.0000	0.2663	0.3280	0.0000	0.0000	0.0000	0.0000	inf	0.0000	0.4168	-0.0034	3.0050	2.9999	8.3063	3.9821	0.9999	0.0000	0.9999	0.0000	0.0000	0.0000	0.9998	0.0000	0.9998	0.0061	0.0061	0.0000	0.0061	0.0061	0.0000	0.0000	0.0000	0.0000	0.0633	0.0545	0.0088	0.0015	0.0014	0.0001	0.0617	0.0531	0.0087	0.0887	0.0466	0.0421	0.0230	0.0187	0.0043	0.0658	0.0279	0.0378
53	99	0.1277	19	2	0	0	0	1	0	0	0	0	0	1	1	0	0	0	0	0	0	Y	N	N	N	N	N	N	N	N	N	N	N	N	N	N	N	N	N	76.6388	786.6148	24.3632	2333.2410	2334.2855	inf	18.9985	153.8273	39.7811	17.3077	18.2611	11.1877	38.7987	46.9671	0.0038	5.7894	3.9197	20.3486	0.2258	0.0232	0.4592	0.0166	0.0201	0.0000	0.3047	0.0255	0.5115	0.0954	17.1743	-0.0001	0.0025	3.0050	0.0003	8.3063	2.0601	0.0002	0.0002	0.0000	0.0002	0.0002	0.0000	0.0000	0.0000	0.0000	0.0064	0.0004	0.0060	0.0001	0.0001	0.0000	0.0063	0.0002	0.0060	0.0000	0.0000	0.0000	0.0000	0.0000	0.0000	0.0000	0.0000	0.0000	0.0283	0.0152	0.0132	0.0078	0.0064	0.0013	0.0206	0.0087	0.0118
53	100	0.1078	18	2	0	0	0	1	0	0	0	1	1	1	1	0	0	0	0	0	0	Y	N	N	N	N	N	N	N	N	N	N	N	N	N	N	N	N	N	3.2913	2.0856	0.0431	22017.8420	20681.8318	37340.1595	0.0004	0.0002	0.0208	15.5551	18.0544	0.0023	584.1044	627.8698	0.0830	0.0025	0.0027	0.0012	4.7262	8.6569	0.0527	0.0265	0.0304	0.0000	6.1715	13.9081	0.0563	0.0000	0.0051	-0.5744	-0.4155	3.0050	3.0014	8.3063	9.1620	0.9850	0.9850	0.0000	0.9849	0.9849	0.0000	0.0002	0.0001	0.0000	0.7649	0.7610	0.0039	0.0010	0.0010	0.0000	0.7639	0.7600	0.0039	0.0633	0.0546	0.0088	0.0017	0.0016	0.0001	0.0616	0.0530	0.0086	0.1618	0.0879	0.0739	0.0381	0.0333	0.0048	0.1238	0.0546	0.0691
53	101	0.0950	17	2	0	0	0	1	0	0	0	0	0	0	0	0	0	0	0	0	0	Y	N	N	N	N	N	N	N	N	N	N	N	N	N	N	N	N	N	34.3030	20.7724	0.0600	8087.2688	7424.0496	73.5129	0.0001	0.0000	0.0000	3.0163	3.4219	0.0003	27.2535	27.5804	0.0227	0.0000	0.0000	0.0000	0.0879	0.1647	0.0043	0.0034	0.0037	0.0003	0.1073	0.2410	0.0044	0.0000	0.0237	-0.0004	-0.0045	3.0050	0.0077	8.3063	8.0757	0.0006	0.0006	0.0000	0.0006	0.0006	0.0000	0.0000	0.0000	0.0000	0.0086	0.0084	0.0002	0.0001	0.0001	0.0000	0.0085	0.0083	0.0002	0.0002	0.0002	0.0000	0.0000	0.0000	0.0000	0.0002	0.0002	0.0000	0.0976	0.0509	0.0467	0.0182	0.0164	0.0018	0.0794	0.0345	0.0449
53	102	0.0934	16	2	0	0	0	1	0	0	0	0	0	0	0	0	0	0	0	0	0	Y	N	N	N	N	N	N	N	N	N	N	N	N	N	N	N	N	N	0.0000	0.0000	0.0000	0.0000	0.0000	0.0000	0.0000	0.0000	0.0000	0.0000	0.0000	0.0000	0.0000	0.0000	0.0000	0.0000	0.0000	0.0000	0.0049	0.0070	0.0026	0.0047	0.0052	0.0000	0.0050	0.0079	0.0027		0.3451	0.0000	-0.0000	3.0050	0.0011	8.3063	1.0060	0.0000	0.0000	0.0000	0.0000	0.0000	0.0000	0.0000	0.0000	0.0000	0.0001	0.0000	0.0000	0.0000	0.0000	0.0000	0.0001	0.0000	0.0000	0.0000	0.0000	0.0000	0.0000	0.0000	0.0000	0.0000	0.0000	0.0000	0.0123	0.0064	0.0059	0.0023	0.0020	0.0002	0.0101	0.0044	0.0057
53	106	0.0551	10	2	0	1	0	1	0	0	0	0	0	0	0	0	0	0	0	0	0	Y	N	N	N	N	N	N	N	N	N	N	N	N	N	N	N	N	N	0.0265	0.0000	28.3260	0.0017	0.0000	inf	3.1227	0.0000	27.8501	0.0004	0.0000	0.0025	0.0002	0.0000	0.0025	0.0004	0.0000	0.0025	0.0133	0.0251	0.0001	0.0918	0.0973	0.0000	0.0001	0.0001	0.0001	inf	0.0032	0.0000	-0.0017	3.0050	4.0001	8.3063	15.3361	0.0000	0.0000	0.0000	0.0000	0.0000	0.0000	0.0000	0.0000	0.0000	0.0032	0.0031	0.0000	0.0031	0.0031	0.0000	0.0000	0.0000	0.0000	0.0838	0.0722	0.0116	0.0021	0.0019	0.0001	0.0818	0.0703	0.0115	0.2371	0.1253	0.1117	0.0342	0.0322	0.0019	0.2029	0.0931	0.1098
53	107	0.0343	6	2	0	1	0	1	0	0	0	0	0	0	0	0	0	0	0	0	0	Y	N	N	N	N	N	N	N	N	N	N	N	N	N	N	N	N	N	576.2852	1.6131	2045.9590	9607.2199	59.8625	112109.0107	518.5386	0.2251	2023.4347	45.3233	0.0040	323.6173	17.9851	0.1098	288.2156	46.1227	0.0006	324.0686	0.0786	0.0025	0.1582	0.0019	0.0018	0.0026	0.0889	0.0026	0.1602	13247.8721	61.4418	0.4103	0.0068	3.0050	1.0040	8.3063	14.1141	0.9844	0.0001	0.9843	0.0111	0.0001	0.0110	0.9733	0.0000	0.9733	0.0156	0.0002	0.0153	0.0000	0.0000	0.0000	0.0155	0.0002	0.0153	0.0217	0.0187	0.0030	0.0006	0.0006	0.0000	0.0211	0.0181	0.0030	0.1978	0.1010	0.0968	0.0234	0.0222	0.0012	0.1744	0.0788	0.0955
53	108	0.0265	5	2	0	1	0	2	0	1	0	0	0	0	0	0	0	0	0	0	0	Y	N	N	N	N	N	N	N	N	N	N	N	N	N	N	N	N	N	42.8090	42.2599	112.8999	231.0000	242.3706	inf	28.1509	0.8345	112.3403	0.1053	0.0580	0.3955	2.0570	2.1690	0.5351	0.0560	0.0001	0.3938	0.0025	0.0014	0.0035	0.0089	0.0089	0.0000	0.0020	0.0002	0.0035	1.1109	2.6564	-0.0001	0.0000	3.0050	1.0065	8.3063	3.9764	0.0023	0.0011	0.0012	0.0011	0.0011	0.0000	0.0012	0.0000	0.0012	0.0002	0.0000	0.0001	0.0000	0.0000	0.0000	0.0001	0.0000	0.0001	0.0217	0.0186	0.0030	0.0005	0.0005	0.0000	0.0211	0.0181	0.0030	0.0640	0.0314	0.0326	0.0044	0.0043	0.0000	0.0597	0.0270	0.0326
53	112	0.1008	19	2	0	1	0	1	0	1	0	0	0	0	0	0	0	0	0	0	0	Y	N	N	N	N	N	N	N	N	N	N	N	N	N	N	N	N	N	0.0000	0.0000	0.0000	0.0000	0.0000	0.0000	0.0000	0.0000	0.0000	0.0000	0.0000	0.0000	0.0000	0.0000	0.0000	0.0000	0.0000	0.0000	0.0199	0.0356	0.0005	0.0804	0.0873	0.0001	0.0004	0.0002	0.0005		0.0114	0.0000	-0.0021	3.0050	3.0154	8.3063	11.4025	0.0000	0.0000	0.0000	0.0000	0.0000	0.0000	0.0000	0.0000	0.0000	0.0039	0.0038	0.0000	0.0038	0.0038	0.0000	0.0001	0.0000	0.0000	0.0640	0.0551	0.0089	0.0019	0.0018	0.0001	0.0621	0.0534	0.0088	0.1954	0.1078	0.0876	0.0476	0.0438	0.0038	0.1478	0.0640	0.0839
53	113	0.0934	18	2	0	0	0	1	0	0	0	0	0	0	0	0	0	0	0	0	0	Y	N	N	N	N	N	N	N	N	N	N	N	N	N	N	N	N	N	0.0000	0.0000	0.0000	0.0000	0.0000	0.0000	0.0000	0.0000	0.0000	0.0000	0.0000	0.0000	0.0000	0.0000	0.0000	0.0000	0.0000	0.0000	0.0636	0.0056	0.1263	0.0018	0.0020	0.0000	0.0774	0.0072	0.1314		20.9685	0.0000	0.0015	3.0050	0.0182	8.3063	4.6661	0.0000	0.0000	0.0000	0.0000	0.0000	0.0000	0.0000	0.0000	0.0000	0.0036	0.0002	0.0034	0.0000	0.0000	0.0000	0.0036	0.0001	0.0034	0.0004	0.0003	0.0001	0.0000	0.0000	0.0000	0.0004	0.0003	0.0001	0.0568	0.0295	0.0273	0.0104	0.0093	0.0011	0.0464	0.0201	0.0262
53	114	0.0934	17	2	0	0	0	1	0	0	0	0	0	0	0	0	0	0	0	0	0	Y	N	N	N	N	N	N	N	N	N	N	N	N	N	N	N	N	N	0.0000	0.0000	0.0000	0.0000	0.0000	0.0000	0.0000	0.0000	0.0000	0.0000	0.0000	0.0000	0.0000	0.0000	0.0000	0.0000	0.0000	0.0000	0.0002	0.0003	0.0000	0.0005	0.0006	0.0000	0.0000	0.0000	0.0000		0.0625	0.0000	-0.0000	3.0050	0.0004	8.3063	0.0007	0.0000	0.0000	0.0000	0.0000	0.0000	0.0000	0.0000	0.0000	0.0000	0.0000	0.0000	0.0000	0.0000	0.0000	0.0000	0.0000	0.0000	0.0000	0.0000	0.0000	0.0000	0.0000	0.0000	0.0000	0.0000	0.0000	0.0000	0.0000	0.0000	0.0000	0.0000	0.0000	0.0000	0.0000	0.0000	0.0000
53	115	0.0934	16	2	0	0	0	1	0	0	0	0	0	0	0	0	0	0	0	0	0	Y	N	N	N	N	N	N	N	N	N	N	N	N	N	N	N	N	N	0.0000	0.0000	0.0000	0.0000	0.0000	0.0000	0.0000	0.0000	0.0000	0.0000	0.0000	0.0000	0.0000	0.0000	0.0000	0.0000	0.0000	0.0000	0.0001	0.0001	0.0000	0.0002	0.0003	0.0000	0.0000	0.0000	0.0000		0.0588	0.0000	-0.0000	3.0050	0.0004	8.3063	0.0002	0.0000	0.0000	0.0000	0.0000	0.0000	0.0000	0.0000	0.0000	0.0000	0.0000	0.0000	0.0000	0.0000	0.0000	0.0000	0.0000	0.0000	0.0000	0.0000	0.0000	0.0000	0.0000	0.0000	0.0000	0.0000	0.0000	0.0000	0.0000	0.0000	0.0000	0.0000	0.0000	0.0000	0.0000	0.0000	0.0000
53	116	0.0729	15	2	0	0	0	1	0	0	0	0	0	0	0	0	0	0	0	0	0	Y	N	N	N	N	N	N	N	N	N	N	N	N	N	N	N	N	N	0.0146	0.0092	0.0000	0.0015	0.0015	0.0000	3978.4596	420918.5018	0.0000	0.0486	0.0552	0.0000	0.0238	0.0266	0.0000	0.0733	0.0843	0.0000	3.3261	6.0037	0.0000	16.4042	17.2883	0.0001	0.0000	0.0000	0.0000	0.0000	0.0000	-0.0000	-0.3305	3.0050	0.0012	8.3063	12.6705	0.0000	0.0000	0.0000	0.0000	0.0000	0.0000	0.0000	0.0000	0.0000	0.6028	0.6028	0.0000	0.6028	0.6028	0.0000	0.0000	0.0000	0.0000	0.0001	0.0001	0.0000	0.0000	0.0000	0.0000	0.0000	0.0000	0.0000	0.1812	0.1004	0.0808	0.0367	0.0349	0.0019	0.1445	0.0655	0.0790
53	117	0.0681	14	2	0	0	0	1	0	0	0	0	0	0	0	0	0	0	0	0	0	Y	N	N	N	N	N	N	N	N	N	N	N	N	N	N	N	N	N	0.0177	0.0239	0.0001	0.0768	0.0754	2217.7995	0.0049	22.6722	0.0000	0.1286	0.1482	0.0005	1.1172	1.1325	0.0525	0.0236	0.0276	0.0000	7.2767	6.1882	8.8576	14.5433	15.0139	0.0000	4.8292	0.0012	9.0325	0.0006	0.9856	-0.0000	-0.0246	3.0050	0.0012	8.3063	3.6220	0.0000	0.0000	0.0000	0.0000	0.0000	0.0000	0.0000	0.0000	0.0000	0.4739	0.2387	0.2352	0.2387	0.2387	0.0000	0.2353	0.0000	0.2352	0.0000	0.0000	0.0000	0.0000	0.0000	0.0000	0.0000	0.0000	0.0000	0.0651	0.0386	0.0266	0.0164	0.0159	0.0005	0.0487	0.0227	0.0260
53	118	0.0647	13	2	0	0	0	2	0	0	0	0	0	0	0	0	0	0	0	0	0	Y	N	N	N	N	N	N	N	N	N	N	N	N	N	N	N	N	N	0.2242	0.0000	0.9633	0.0048	0.0000	85.1349	0.4485	0.0000	1.0634	2.0023	0.0000	11.1624	0.0758	0.0000	0.9863	2.8134	0.0000	12.6411	8.9307	7.2332	11.5882	15.7634	16.3369	0.0116	6.2735	0.0007	11.8879	inf	1.0233	0.0000	-0.0202	3.0050	0.0004	8.3063	2.6029	0.0000	0.0000	0.0000	0.0000	0.0000	0.0000	0.0000	0.0000	0.0000	0.4752	0.2349	0.2404	0.2349	0.2349	0.0000	0.2404	0.0000	0.2404	0.0000	0.0000	0.0000	0.0000	0.0000	0.0000	0.0000	0.0000	0.0000	0.0532	0.0325	0.0207	0.0149	0.0144	0.0005	0.0383	0.0181	0.0202
53	119	0.0810	13	2	0	1	0	1	0	0	0	0	0	0	0	0	0	0	0	0	0	Y	N	N	N	N	N	N	N	N	N	N	N	N	N	N	N	N	N	0.0000	0.0000	0.0000	0.0000	0.0000	0.0000	0.0000	0.0000	0.0000	0.0000	0.0000	0.0000	0.0000	0.0000	0.0000	0.0000	0.0000	0.0000	3.2087	6.1388	0.0014	0.0042	0.0048	0.0000	4.0105	9.1766	0.0015		0.0002	0.0000	-0.5501	3.0050	6.0007	8.3063	19.0307	0.0000	0.0000	0.0000	0.0000	0.0000	0.0000	0.0000	0.0000	0.0000	1.0037	1.0035	0.0002	0.0003	0.0003	0.0000	1.0034	1.0032	0.0002	0.1249	0.1076	0.0173	0.0029	0.0027	0.0002	0.1219	0.1049	0.0171	0.3128	0.1635	0.1493	0.0626	0.0541	0.0085	0.2502	0.1093	0.1409
53	120	0.0775	12	2	0	1	0	1	0	1	0	0	0	0	0	0	0	0	0	0	0	Y	N	N	N	N	N	N	N	N	N	N	N	N	N	N	N	N	N	0.0000	0.0000	0.0000	0.0000	0.0000	0.0000	0.0000	0.0000	0.0000	0.0000	0.0000	0.0000	0.0000	0.0000	0.0000	0.0000	0.0000	0.0000	0.0193	0.0329	0.0045	0.0012	0.0016	0.0000	0.0295	0.0645	0.0057		0.1272	0.0000	-0.0005	3.0050	0.0034	8.3063	3.2312	0.0000	0.0000	0.0000	0.0000	0.0000	0.0000	0.0000	0.0000	0.0000	0.0011	0.0010	0.0001	0.0000	0.0000	0.0000	0.0011	0.0010	0.0001	0.0001	0.0001	0.0000	0.0000	0.0000	0.0000	0.0001	0.0001	0.0000	0.0578	0.0301	0.0277	0.0208	0.0151	0.0057	0.0370	0.0150	0.0220
53	121	0.0772	11	2	0	0	0	1	0	0	0	0	0	0	0	0	0	0	0	0	0	Y	N	N	N	N	N	N	N	N	N	N	N	N	N	N	N	N	N	0.0000	0.0000	0.0000	0.0000	0.0000	0.0000	0.0000	0.0000	0.0000	0.0000	0.0000	0.0000	0.0000	0.0000	0.0000	0.0000	0.0000	0.0000	0.0169	0.0058	0.0290	0.0059	0.0083	0.0000	0.0285	0.0000	0.0417		4.5292	0.0000	0.0002	3.0050	0.0000	8.3063	1.2022	0.0000	0.0000	0.0000	0.0000	0.0000	0.0000	0.0000	0.0000	0.0000	0.0006	0.0001	0.0005	0.0001	0.0001	0.0000	0.0005	0.0000	0.0005	0.0000	0.0000	0.0000	0.0000	0.0000	0.0000	0.0000	0.0000	0.0000	0.0372	0.0194	0.0177	0.0191	0.0137	0.0054	0.0181	0.0057	0.0123
53	122	0.0559	10	2	0	0	0	2	0	0	0	0	0	0	0	0	0	0	0	0	0	Y	N	N	N	N	N	N	N	N	N	N	N	N	N	N	N	N	N	0.0000	0.0000	0.0000	0.0000	0.0000	0.0000	0.0000	0.0000	0.0000	0.0000	0.0000	0.0000	0.0000	0.0000	0.0000	0.0000	0.0000	0.0000	5.4573	0.0016	12.2538	0.0038	0.0044	0.0000	7.0133	0.0002	13.0083		5999.7892	0.0000	0.4640	3.0050	0.0041	8.3063	12.5856	0.0000	0.0000	0.0000	0.0000	0.0000	0.0000	0.0000	0.0000	0.0000	1.0274	0.0002	1.0273	0.0002	0.0002	0.0000	1.0273	0.0000	1.0273	0.0002	0.0001	0.0000	0.0000	0.0000	0.0000	0.0001	0.0001	0.0000	0.1883	0.1044	0.0838	0.0418	0.0369	0.0049	0.1465	0.0675	0.0790
53	131	0.0868	14	2	0	1	0	1	0	0	0	0	0	0	0	0	0	0	0	0	0	Y	N	N	N	N	N	N	N	N	N	N	N	N	N	N	N	N	N	55.6858	40.3304	0.0000	3.4620	3.3476	0.0000	334.8641	1268117.3942	0.0000	0.0397	0.0461	0.0000	0.0105	0.0110	0.0000	0.0414	0.0485	0.0000	0.0007	0.0011	0.0002	0.0030	0.0033	0.0000	0.0001	0.0000	0.0002	0.0000	0.1621	-0.0005	-0.0000	3.0050	1.0211	8.3063	9.0731	0.0009	0.0009	0.0000	0.0000	0.0000	0.0000	0.0009	0.0009	0.0000	0.0001	0.0001	0.0000	0.0001	0.0001	0.0000	0.0000	0.0000	0.0000	0.0225	0.0194	0.0032	0.0013	0.0012	0.0001	0.0212	0.0182	0.0031	0.1272	0.0682	0.0590	0.0258	0.0237	0.0021	0.1014	0.0445	0.0570
53	138	0.0807	11	2	0	1	0	1	0	0	0	0	0	1	0	0	0	0	0	0	0	Y	N	N	N	N	N	N	N	N	N	N	N	N	N	N	N	N	N	0.0174	0.0120	0.0000	3.7871	3.5038	0.0000	0.0000	0.0000	0.0000	0.3191	0.3959	0.0000	0.9526	0.9641	0.0000	0.0000	0.0000	0.0000	18.3019	33.1104	0.0533	0.2515	0.2752	0.0001	23.3413	51.6945	0.0556	0.0000	0.0013	-0.0000	-0.5419	3.0050	0.0010	8.3063	4.0030	0.0000	0.0000	0.0000	0.0000	0.0000	0.0000	0.0000	0.0000	0.0000	0.9908	0.9895	0.0013	0.0030	0.0030	0.0000	0.9878	0.9865	0.0013	0.0001	0.0000	0.0000	0.0000	0.0000	0.0000	0.0000	0.0000	0.0000	0.0541	0.0299	0.0243	0.0118	0.0108	0.0010	0.0423	0.0191	0.0232
53	139	0.0551	10	2	0	1	0	1	0	0	0	1	0	1	0	0	0	0	0	0	0	Y	N	N	N	N	N	N	N	N	N	N	N	N	N	N	N	N	N	3.0027	177.7694	0.0001	160335.1368	164671.6972	21.4315	0.0000	0.0000	0.0000	15.6177	18.1298	0.0006	630.9027	674.8594	0.0228	0.0001	0.0000	0.0003	5.2012	0.1020	11.0326	0.0039	0.0041	0.0011	6.1149	0.1373	11.2263	0.0000	94.5950	-0.5747	0.4430	3.0050	2.9989	8.3063	12.3267	0.9854	0.9854	0.0000	0.9854	0.9854	0.0000	0.0000	0.0000	0.0000	1.0040	0.0105	0.9935	0.0001	0.0001	0.0000	1.0039	0.0104	0.9935	0.0631	0.0544	0.0087	0.0016	0.0015	0.0001	0.0615	0.0529	0.0086	0.1930	0.1030	0.0900	0.0289	0.0273	0.0016	0.1642	0.0757	0.0885
53	140	0.0543	9	2	0	1	0	2	0	1	0	0	0	0	0	0	0	0	0	0	0	Y	N	N	N	N	N	N	N	N	N	N	N	N	N	N	N	N	N	47.2262	479.9892	0.0000	1663.9707	1628.6455	0.0000	0.0000	0.0000	0.0000	0.9335	1.0903	0.0000	6.2756	6.3259	0.0000	0.0000	0.0000	0.0000	0.0198	0.0023	0.0435	0.0038	0.0039	0.0003	0.0238	0.0014	0.0441	0.0000	14.1273	-0.0000	0.0001	3.0050	0.0011	8.3063	0.8290	0.0000	0.0000	0.0000	0.0000	0.0000	0.0000	0.0000	0.0000	0.0000	0.0003	0.0000	0.0002	0.0000	0.0000	0.0000	0.0002	0.0000	0.0002	0.0000	0.0000	0.0000	0.0000	0.0000	0.0000	0.0000	0.0000	0.0000	0.0129	0.0074	0.0055	0.0026	0.0025	0.0001	0.0103	0.0049	0.0054
53	141	0.0774	11	2	0	1	0	1	0	0	0	0	0	0	0	0	0	0	0	0	0	Y	N	N	N	N	N	N	N	N	N	N	N	N	N	N	N	N	N	0.2092	223.8364	0.0000	432.3334	1677.4881	0.0000	0.0000	0.0000	0.0000	1.8991	2.1208	0.0000	7.3648	7.4123	0.0000	0.0000	0.0000	0.0000	9.0766	0.0095	19.3678	0.0170	0.0044	0.1630	11.1318	0.0119	19.9907	0.0000	1801.0498	-0.0011	0.4489	3.0050	0.0243	8.3063	8.8037	0.0019	0.0019	0.0000	0.0019	0.0019	0.0000	0.0000	0.0000	0.0000	0.9949	0.0006	0.9943	0.0003	0.0001	0.0003	0.9945	0.0005	0.9940	0.0010	0.0009	0.0001	0.0003	0.0003	0.0000	0.0007	0.0006	0.0001	0.1096	0.0583	0.0513	0.0203	0.0187	0.0016	0.0893	0.0396	0.0497
53	142	0.0608	10	2	0	1	0	2	0	1	0	0	0	0	0	0	0	0	0	0	0	Y	N	N	N	N	N	N	N	N	N	N	N	N	N	N	N	N	N	0.0741	0.0003	3.0786	0.0000	0.0000	0.0000	0.0788	0.0002	3.0528	0.0179	0.0001	0.1291	0.0000	0.0000	0.0000	0.0184	0.0001	0.1307	0.2422	0.4272	0.0419	0.2831	0.2999	0.0001	0.2338	0.4847	0.0428	184.9548	0.0907	0.0008	-0.0150	3.0050	4.9785	8.3063	5.0554	0.0019	0.0000	0.0019	0.0000	0.0000	0.0000	0.0019	0.0000	0.0019	0.0322	0.0295	0.0027	0.0064	0.0064	0.0000	0.0257	0.0231	0.0027	0.1041	0.0897	0.0144	0.0026	0.0024	0.0002	0.1014	0.0872	0.0142	0.1329	0.0691	0.0638	0.0228	0.0215	0.0013	0.1101	0.0476	0.0625
53	143	0.0999	15	2	0	1	0	1	0	0	0	0	0	1	0	0	0	0	0	0	0	Y	N	N	N	N	N	N	N	N	N	N	N	N	N	N	N	N	N	0.1337	0.3953	0.0000	0.1631	0.1628	0.0000	0.0734	5.9838	0.0000	0.0507	0.0576	0.0000	0.0604	0.0661	0.0000	0.0280	0.0350	0.0000	0.3794	0.1458	0.6629	0.3705	0.4060	0.0002	0.3818	0.0058	0.6910	0.0000	3.7479	-0.0000	0.0034	3.0050	0.0000	8.3063	3.0055	0.0000	0.0000	0.0000	0.0000	0.0000	0.0000	0.0000	0.0000	0.0000	0.0142	0.0030	0.0112	0.0029	0.0029	0.0000	0.0113	0.0001	0.0112	0.0000	0.0000	0.0000	0.0000	0.0000	0.0000	0.0000	0.0000	0.0000	0.0375	0.0205	0.0169	0.0079	0.0072	0.0007	0.0296	0.0134	0.0162
53	144	0.0868	14	2	0	1	0	1	0	0	0	1	0	1	0	0	0	0	0	0	0	Y	N	N	N	N	N	N	N	N	N	N	N	N	N	N	N	N	N	1.7655	1.1036	0.0000	631.6710	615.3072	0.0000	0.3045	0.1555	0.0000	0.4267	0.4951	0.0000	7.1091	7.5062	0.0000	0.0918	0.1071	0.0000	0.2417	0.4486	0.0026	0.0113	0.0122	0.0000	0.3015	0.6888	0.0027	0.0000	0.0050	-0.0108	-0.0136	3.0050	2.0192	8.3063	6.0784	0.0186	0.0186	0.0000	0.0148	0.0148	0.0000	0.0038	0.0038	0.0000	0.0251	0.0250	0.0001	0.0002	0.0002	0.0000	0.0249	0.0247	0.0001	0.0436	0.0375	0.0060	0.0021	0.0020	0.0001	0.0415	0.0356	0.0059	0.1039	0.0557	0.0482	0.0214	0.0198	0.0017	0.0825	0.0359	0.0465
53	145	0.0821	13	2	0	1	0	2	0	0	0	0	0	0	0	0	0	0	0	0	0	Y	N	N	N	N	N	N	N	N	N	N	N	N	N	N	N	N	N	2896.7646	1895.0081	0.0000	0.0647	0.0629	0.0000	9297.0203	6335.9802	0.0000	23.8253	27.6425	0.0000	0.0021	0.0023	0.0000	24.5934	28.6127	0.0000	0.0082	0.0146	0.0011	0.0331	0.0364	0.0000	0.0026	0.0045	0.0012	0.0000	0.0689	-0.5826	-0.0001	3.0050	1.9811	8.3063	0.9869	0.9990	0.9990	0.0000	0.0000	0.0000	0.0000	0.9990	0.9990	0.0000	0.0003	0.0003	0.0000	0.0002	0.0002	0.0000	0.0001	0.0001	0.0000	0.0419	0.0361	0.0058	0.0013	0.0012	0.0001	0.0406	0.0349	0.0057	0.0370	0.0195	0.0175	0.0068	0.0062	0.0006	0.0302	0.0134	0.0169
55	70	0.1254	19	2	0	1	0	0	0	1	0	0	1	1	1	0	0	0	0	0	0	Y	N	N	N	N	N	N	N	N	N	N	N	N	N	N	N	N	N	0.0000	0.0000	0.0000	0.0000	0.0000	0.0000	0.0000	0.0000	0.0000	0.0000	0.0000	0.0000	0.0000	0.0000	0.0000	0.0000	0.0000	0.0000	1.5576	2.6832	0.0000	4.1962	4.6595	0.0000	0.3960	0.9008	0.0000		0.0000	0.0000	-0.0303	0.0000	2.3581	2.9989	7.4584	0.0000	0.0000	0.0000	0.0000	0.0000	0.0000	0.0000	0.0000	0.0000	0.0554	0.0554	0.0000	0.0456	0.0456	0.0000	0.0098	0.0098	0.0000	0.0000	0.0000	0.0000	0.0000	0.0000	0.0000	0.0000	0.0000	0.0000	0.0355	0.0206	0.0149	0.0109	0.0098	0.0011	0.0247	0.0108	0.0138
55	71	0.1182	18	2	0	1	0	0	0	1	0	0	0	1	0	0	0	0	0	0	0	Y	N	N	N	N	N	N	N	N	N	N	N	N	N	N	N	N	N	0.0000	0.0000	0.0000	0.0000	0.0000	0.0000	0.0000	0.0000	0.0000	0.0000	0.0000	0.0000	0.0000	0.0000	0.0000	0.0000	0.0000	0.0000	25.2617	38.5144	2.7247	46.0939	49.9318	15.3459	13.1974	26.2559	1.1664		0.0416	0.0000	-0.3288	0.0000	1.7590	2.9989	3.5356	0.0000	0.0000	0.0000	0.0000	0.0000	0.0000	0.0000	0.0000	0.0000	0.6469	0.6211	0.0258	0.4329	0.4169	0.0160	0.2140	0.2042	0.0098	0.0000	0.0000	0.0000	0.0000	0.0000	0.0000	0.0000	0.0000	0.0000	0.0256	0.0161	0.0095	0.0094	0.0083	0.0010	0.0162	0.0078	0.0084
55	72	0.1148	17	2	0	1	0	0	0	1	0	1	0	1	0	0	0	0	0	0	0	Y	N	N	N	N	N	N	N	N	N	N	N	N	N	N	N	N	N	0.0000	0.0000	0.0000	0.0000	0.0000	0.0000	0.0000	0.0000	0.0000	0.0000	0.0000	0.0000	0.0000	0.0000	0.0000	0.0000	0.0000	0.0000	108.7282	90.3813	130.1847	0.6164	0.4353	1.9197	137.9458	138.0760	137.8405		1.2316	0.0000	0.0028	0.0000	0.0029	2.9989	2.4186	0.0000	0.0000	0.0000	0.0000	0.0000	0.0000	0.0000	0.0000	0.0000	0.7836	0.3511	0.4325	0.0009	0.0006	0.0004	0.7827	0.3505	0.4321	0.0000	0.0000	0.0000	0.0000	0.0000	0.0000	0.0000	0.0000	0.0000	0.0072	0.0039	0.0033	0.0015	0.0013	0.0002	0.0057	0.0025	0.0031
55	78	0.0293	2	2	0	1	0	0	0	1	0	0	1	0	1	0	0	0	0	0	0	Y	N	N	N	N	N	N	N	N	N	N	N	N	N	N	N	N	N	0.0000	0.0000	0.0000	0.0000	0.0000	0.0000	0.0000	0.0000	0.0000	0.0000	0.0000	0.0000	0.0000	0.0000	0.0000	0.0000	0.0000	0.0000	24.7068	0.0005	48.7842	0.0030	0.0032	0.0000	26.9300	0.0000	49.2856		99245.6988	0.0000	0.4483	0.0000	0.0166	2.9989	12.2009	0.0000	0.0000	0.0000	0.0000	0.0000	0.0000	0.0000	0.0000	0.0000	0.9925	0.0000	0.9925	0.0000	0.0000	0.0000	0.9925	0.0000	0.9925	0.0000	0.0000	0.0000	0.0000	0.0000	0.0000	0.0000	0.0000	0.0000	0.0402	0.0198	0.0203	0.0033	0.0031	0.0002	0.0369	0.0167	0.0201
55	84	0.0880	14	2	0	1	0	0	0	1	0	0	0	0	0	0	0	0	0	0	0	Y	N	N	N	N	N	N	N	N	N	N	N	N	N	N	N	N	N	0.0000	0.0000	0.0000	0.0000	0.0000	0.0000	0.0000	0.0000	0.0000	0.0000	0.0000	0.0000	0.0000	0.0000	0.0000	0.0000	0.0000	0.0000	0.0000	0.0000	0.0000	0.0000	0.0000	0.0000	0.0000	0.0000	0.0000			0.0000	0.0000	0.0000	2.9998	2.9989	15.4389	0.0000	0.0000	0.0000	0.0000	0.0000	0.0000	0.0000	0.0000	0.0000	0.0000	0.0000	0.0000	0.0000	0.0000	0.0000	0.0000	0.0000	0.0000	0.0000	0.0000	0.0000	0.0000	0.0000	0.0000	0.0000	0.0000	0.0000	0.0566	0.0308	0.0258	0.0106	0.0097	0.0010	0.0459	0.0211	0.0248
55	88	0.1291	20	2	0	1	0	0	0	1	0	0	0	1	1	0	0	0	0	0	0	Y	N	N	N	N	N	N	N	N	N	N	N	N	N	N	N	N	N	0.0000	0.0000	0.0000	0.0000	0.0000	0.0000	0.0000	0.0000	0.0000	0.0000	0.0000	0.0000	0.0000	0.0000	0.0000	0.0000	0.0000	0.0000	0.0000	0.0000	0.0000	0.0000	0.0000	0.0000	0.0000	0.0000	0.0000			0.0000	0.0000	0.0000	1.0173	2.9989	8.6136	0.0000	0.0000	0.0000	0.0000	0.0000	0.0000	0.0000	0.0000	0.0000	0.0000	0.0000	0.0000	0.0000	0.0000	0.0000	0.0000	0.0000	0.0000	0.0000	0.0000	0.0000	0.0000	0.0000	0.0000	0.0000	0.0000	0.0000	0.0382	0.0226	0.0156	0.0120	0.0112	0.0009	0.0262	0.0114	0.0148
55	90	0.1291	20	2	0	1	0	0	0	1	0	0	0	1	1	0	0	0	0	0	0	Y	N	N	N	N	N	N	N	N	N	N	N	N	N	N	N	N	N	0.0000	0.0000	0.0000	0.0000	0.0000	0.0000	0.0000	0.0000	0.0000	0.0000	0.0000	0.0000	0.0000	0.0000	0.0000	0.0000	0.0000	0.0000	0.0000	0.0000	0.0000	0.0000	0.0000	0.0000	0.0000	0.0000	0.0000			0.0000	0.0000	0.0000	2.0138	2.9989	11.8132	0.0000	0.0000	0.0000	0.0000	0.0000	0.0000	0.0000	0.0000	0.0000	0.0000	0.0000	0.0000	0.0000	0.0000	0.0000	0.0000	0.0000	0.0000	0.0000	0.0000	0.0000	0.0000	0.0000	0.0000	0.0000	0.0000	0.0000	0.0493	0.0286	0.0207	0.0146	0.0134	0.0012	0.0348	0.0152	0.0195
55	91	0.1206	19	2	0	1	0	0	0	1	0	1	1	1	1	0	0	0	0	0	0	Y	N	N	N	N	N	N	N	N	N	N	N	N	N	N	N	N	N	0.0000	0.0000	0.0000	0.0000	0.0000	0.0000	0.0000	0.0000	0.0000	0.0000	0.0000	0.0000	0.0000	0.0000	0.0000	0.0000	0.0000	0.0000	0.0000	0.0000	0.0000	0.0000	0.0000	0.0000	0.0000	0.0000	0.0000			0.0000	0.0000	0.0000	1.9725	2.9989	4.2763	0.0000	0.0000	0.0000	0.0000	0.0000	0.0000	0.0000	0.0000	0.0000	0.0000	0.0000	0.0000	0.0000	0.0000	0.0000	0.0000	0.0000	0.0000	0.0000	0.0000	0.0000	0.0000	0.0000	0.0000	0.0000	0.0000	0.0000	0.0252	0.0149	0.0103	0.0078	0.0072	0.0005	0.0175	0.0077	0.0097
55	98	0.1506	20	2	0	1	1	0	0	1	1	0	0	1	1	0	0	0	0	0	0	Y	N	N	N	N	N	N	N	N	N	N	N	N	N	N	N	N	N	0.0000	0.0000	0.0000	0.0000	0.0000	0.0000	0.0000	0.0000	0.0000	0.0000	0.0000	0.0000	0.0000	0.0000	0.0000	0.0000	0.0000	0.0000	0.0000	0.0000	0.0000	0.0000	0.0000	0.0000	0.0000	0.0000	0.0000			0.0000	0.0000	0.0000	2.9999	2.9989	3.9821	0.0000	0.0000	0.0000	0.0000	0.0000	0.0000	0.0000	0.0000	0.0000	0.0000	0.0000	0.0000	0.0000	0.0000	0.0000	0.0000	0.0000	0.0000	0.0000	0.0000	0.0000	0.0000	0.0000	0.0000	0.0000	0.0000	0.0000	0.0210	0.0115	0.0095	0.0051	0.0044	0.0006	0.0159	0.0071	0.0089
55	99	0.1475	19	2	0	1	0	0	0	1	0	0	0	1	1	0	0	0	0	0	0	Y	N	N	N	N	N	N	N	N	N	N	N	N	N	N	N	N	N	0.0000	0.0000	0.0000	0.0000	0.0000	0.0000	0.0000	0.0000	0.0000	0.0000	0.0000	0.0000	0.0000	0.0000	0.0000	0.0000	0.0000	0.0000	0.0000	0.0000	0.0000	0.0000	0.0000	0.0000	0.0000	0.0000	0.0000			0.0000	0.0000	0.0000	0.0003	2.9989	2.0601	0.0000	0.0000	0.0000	0.0000	0.0000	0.0000	0.0000	0.0000	0.0000	0.0000	0.0000	0.0000	0.0000	0.0000	0.0000	0.0000	0.0000	0.0000	0.0000	0.0000	0.0000	0.0000	0.0000	0.0000	0.0000	0.0000	0.0000	0.0067	0.0037	0.0030	0.0017	0.0015	0.0002	0.0050	0.0022	0.0028
55	100	0.1277	18	2	0	1	0	0	0	1	0	1	1	1	1	0	0	0	0	0	0	Y	N	N	N	N	N	N	N	N	N	N	N	N	N	N	N	N	N	0.0000	0.0000	0.0000	0.0000	0.0000	0.0000	0.0000	0.0000	0.0000	0.0000	0.0000	0.0000	0.0000	0.0000	0.0000	0.0000	0.0000	0.0000	0.0005	0.0010	0.0000	0.0023	0.0026	0.0000	0.0000	0.0000	0.0000		0.0000	0.0000	-0.0000	0.0000	3.0014	2.9989	9.1620	0.0000	0.0000	0.0000	0.0000	0.0000	0.0000	0.0000	0.0000	0.0000	0.0000	0.0000	0.0000	0.0000	0.0000	0.0000	0.0000	0.0000	0.0000	0.0000	0.0000	0.0000	0.0000	0.0000	0.0000	0.0000	0.0000	0.0000	0.0374	0.0205	0.0169	0.0088	0.0078	0.0010	0.0286	0.0127	0.0159
55	101	0.1148	17	2	0	1	0	0	0	1	0	0	0	0	0	0	0	0	0	0	0	Y	N	N	N	N	N	N	N	N	N	N	N	N	N	N	N	N	N	0.0000	0.0000	0.0000	0.0000	0.0000	0.0000	0.0000	0.0000	0.0000	0.0000	0.0000	0.0000	0.0000	0.0000	0.0000	0.0000	0.0000	0.0000	0.0670	0.1246	0.0009	0.3189	0.3654	0.0000	0.0011	0.0012	0.0010		0.0064	0.0000	-0.0008	0.0000	0.0077	2.9989	8.0757	0.0000	0.0000	0.0000	0.0000	0.0000	0.0000	0.0000	0.0000	0.0000	0.0016	0.0015	0.0000	0.0015	0.0015	0.0000	0.0000	0.0000	0.0000	0.0000	0.0000	0.0000	0.0000	0.0000	0.0000	0.0000	0.0000	0.0000	0.0233	0.0124	0.0108	0.0048	0.0042	0.0006	0.0184	0.0082	0.0102
55	102	0.1132	16	2	0	1	0	0	0	1	0	0	0	0	0	0	0	0	0	0	0	Y	N	N	N	N	N	N	N	N	N	N	N	N	N	N	N	N	N	0.0000	0.0000	0.0000	0.0000	0.0000	0.0000	0.0000	0.0000	0.0000	0.0000	0.0000	0.0000	0.0000	0.0000	0.0000	0.0000	0.0000	0.0000	0.5237	0.5296	0.5169	0.0000	0.0000	0.0000	0.6585	0.7966	0.5475		0.8554	0.0000	-0.0001	0.0000	0.0011	2.9989	1.0060	0.0000	0.0000	0.0000	0.0000	0.0000	0.0000	0.0000	0.0000	0.0000	0.0015	0.0008	0.0007	0.0000	0.0000	0.0000	0.0015	0.0008	0.0007	0.0000	0.0000	0.0000	0.0000	0.0000	0.0000	0.0000	0.0000	0.0000	0.0029	0.0016	0.0014	0.0006	0.0005	0.0001	0.0023	0.0010	0.0013
55	113	0.1132	18	2	0	1	0	0	0	1	0	0	0	0	0	0	0	0	0	0	0	Y	N	N	N	N	N	N	N	N	N	N	N	N	N	N	N	N	N	0.0000	0.0000	0.0000	0.0000	0.0000	0.0000	0.0000	0.0000	0.0000	0.0000	0.0000	0.0000	0.0000	0.0000	0.0000	0.0000	0.0000	0.0000	0.0000	0.0000	0.0000	0.0000	0.0000	0.0000	0.0000	0.0000	0.0000			0.0000	0.0000	0.0000	0.0182	2.9989	4.6661	0.0000	0.0000	0.0000	0.0000	0.0000	0.0000	0.0000	0.0000	0.0000	0.0000	0.0000	0.0000	0.0000	0.0000	0.0000	0.0000	0.0000	0.0000	0.0000	0.0000	0.0000	0.0000	0.0000	0.0000	0.0000	0.0000	0.0000	0.0135	0.0072	0.0063	0.0028	0.0024	0.0004	0.0108	0.0048	0.0060
55	114	0.1132	17	2	0	1	0	0	0	1	0	0	0	0	0	0	0	0	0	0	0	Y	N	N	N	N	N	N	N	N	N	N	N	N	N	N	N	N	N	0.0000	0.0000	0.0000	0.0000	0.0000	0.0000	0.0000	0.0000	0.0000	0.0000	0.0000	0.0000	0.0000	0.0000	0.0000	0.0000	0.0000	0.0000	0.0000	0.0000	0.0000	0.0000	0.0000	0.0000	0.0000	0.0000	0.0000			0.0000	0.0000	0.0000	0.0004	2.9989	0.0007	0.0000	0.0000	0.0000	0.0000	0.0000	0.0000	0.0000	0.0000	0.0000	0.0000	0.0000	0.0000	0.0000	0.0000	0.0000	0.0000	0.0000	0.0000	0.0000	0.0000	0.0000	0.0000	0.0000	0.0000	0.0000	0.0000	0.0000	0.0000	0.0000	0.0000	0.0000	0.0000	0.0000	0.0000	0.0000	0.0000
55	115	0.1132	16	2	0	1	0	0	0	1	0	0	0	0	0	0	0	0	0	0	0	Y	N	N	N	N	N	N	N	N	N	N	N	N	N	N	N	N	N	0.0000	0.0000	0.0000	0.0000	0.0000	0.0000	0.0000	0.0000	0.0000	0.0000	0.0000	0.0000	0.0000	0.0000	0.0000	0.0000	0.0000	0.0000	0.0000	0.0000	0.0000	0.0000	0.0000	0.0000	0.0000	0.0000	0.0000			0.0000	0.0000	0.0000	0.0004	2.9989	0.0002	0.0000	0.0000	0.0000	0.0000	0.0000	0.0000	0.0000	0.0000	0.0000	0.0000	0.0000	0.0000	0.0000	0.0000	0.0000	0.0000	0.0000	0.0000	0.0000	0.0000	0.0000	0.0000	0.0000	0.0000	0.0000	0.0000	0.0000	0.0000	0.0000	0.0000	0.0000	0.0000	0.0000	0.0000	0.0000	0.0000
55	116	0.0928	15	2	0	1	0	0	0	1	0	0	0	0	0	0	0	0	0	0	0	Y	N	N	N	N	N	N	N	N	N	N	N	N	N	N	N	N	N	0.0000	0.0000	0.0000	0.0000	0.0000	0.0000	0.0000	0.0000	0.0000	0.0000	0.0000	0.0000	0.0000	0.0000	0.0000	0.0000	0.0000	0.0000	0.0000	0.0000	0.0000	0.0000	0.0000	0.0000	0.0000	0.0000	0.0000			0.0000	0.0000	0.0000	0.0012	2.9989	12.6705	0.0000	0.0000	0.0000	0.0000	0.0000	0.0000	0.0000	0.0000	0.0000	0.0000	0.0000	0.0000	0.0000	0.0000	0.0000	0.0000	0.0000	0.0000	0.0000	0.0000	0.0000	0.0000	0.0000	0.0000	0.0000	0.0000	0.0000	0.0439	0.0249	0.0190	0.0097	0.0090	0.0007	0.0342	0.0159	0.0183
55	117	0.0880	14	2	0	1	0	0	0	1	0	0	0	0	0	0	0	0	0	0	0	Y	N	N	N	N	N	N	N	N	N	N	N	N	N	N	N	N	N	0.0000	0.0000	0.0000	0.0000	0.0000	0.0000	0.0000	0.0000	0.0000	0.0000	0.0000	0.0000	0.0000	0.0000	0.0000	0.0000	0.0000	0.0000	0.0000	0.0000	0.0000	0.0000	0.0000	0.0000	0.0000	0.0000	0.0000			0.0000	0.0000	0.0000	0.0012	2.9989	3.6220	0.0000	0.0000	0.0000	0.0000	0.0000	0.0000	0.0000	0.0000	0.0000	0.0000	0.0000	0.0000	0.0000	0.0000	0.0000	0.0000	0.0000	0.0000	0.0000	0.0000	0.0000	0.0000	0.0000	0.0000	0.0000	0.0000	0.0000	0.0161	0.0098	0.0063	0.0045	0.0042	0.0002	0.0116	0.0055	0.0061
55	118	0.0845	13	2	0	1	0	1	0	1	0	0	0	0	0	0	0	0	0	0	0	Y	N	N	N	N	N	N	N	N	N	N	N	N	N	N	N	N	N	0.0000	0.0000	0.0000	0.0000	0.0000	0.0000	0.0000	0.0000	0.0000	0.0000	0.0000	0.0000	0.0000	0.0000	0.0000	0.0000	0.0000	0.0000	0.0000	0.0000	0.0000	0.0000	0.0000	0.0000	0.0000	0.0000	0.0000			0.0000	0.0000	0.0000	0.0004	2.9989	2.6029	0.0000	0.0000	0.0000	0.0000	0.0000	0.0000	0.0000	0.0000	0.0000	0.0000	0.0000	0.0000	0.0000	0.0000	0.0000	0.0000	0.0000	0.0000	0.0000	0.0000	0.0000	0.0000	0.0000	0.0000	0.0000	0.0000	0.0000	0.0134	0.0084	0.0050	0.0041	0.0039	0.0002	0.0092	0.0045	0.0048
55	121	0.0971	11	2	0	1	0	0	0	1	0	0	0	0	0	0	0	0	0	0	0	Y	N	N	N	N	N	N	N	N	N	N	N	N	N	N	N	N	N	0.0000	0.0000	0.0000	0.0000	0.0000	0.0000	0.0000	0.0000	0.0000	0.0000	0.0000	0.0000	0.0000	0.0000	0.0000	0.0000	0.0000	0.0000	0.0000	0.0000	0.0000	0.0000	0.0000	0.0000	0.0000	0.0000	0.0000			0.0000	0.0000	0.0000	0.0000	2.9989	1.2022	0.0000	0.0000	0.0000	0.0000	0.0000	0.0000	0.0000	0.0000	0.0000	0.0000	0.0000	0.0000	0.0000	0.0000	0.0000	0.0000	0.0000	0.0000	0.0000	0.0000	0.0000	0.0000	0.0000	0.0000	0.0000	0.0000	0.0000	0.0127	0.0070	0.0057	0.0083	0.0056	0.0027	0.0044	0.0014	0.0030
55	122	0.0757	10	2	0	1	0	1	0	1	0	0	0	0	0	0	0	0	0	0	0	Y	N	N	N	N	N	N	N	N	N	N	N	N	N	N	N	N	N	0.0000	0.0000	0.0000	0.0000	0.0000	0.0000	0.0000	0.0000	0.0000	0.0000	0.0000	0.0000	0.0000	0.0000	0.0000	0.0000	0.0000	0.0000	0.0000	0.0000	0.0000	0.0000	0.0000	0.0000	0.0000	0.0000	0.0000			0.0000	0.0000	0.0000	0.0041	2.9989	12.5856	0.0000	0.0000	0.0000	0.0000	0.0000	0.0000	0.0000	0.0000	0.0000	0.0000	0.0000	0.0000	0.0000	0.0000	0.0000	0.0000	0.0000	0.0000	0.0000	0.0000	0.0000	0.0000	0.0000	0.0000	0.0000	0.0000	0.0000	0.0494	0.0281	0.0213	0.0153	0.0121	0.0032	0.0340	0.0160	0.0180
56	57	0.1507	20	2	0	1	1	0	0	0	1	0	0	1	1	0	0	0	0	0	0	Y	N	N	N	N	N	N	N	N	N	N	N	N	N	N	N	N	N	0.0000	0.0000	0.0000	0.0000	0.0000	0.0000	0.0000	0.0000	0.0000	0.0000	0.0000	0.0000	0.0000	0.0000	0.0000	0.0000	0.0000	0.0000	0.0000	0.0000	0.0000	0.0000	0.0000	0.0000	0.0000	0.0000	0.0000			0.0000	0.0000	2.9988	0.0000	11.1255	0.0000	0.0000	0.0000	0.0000	0.0000	0.0000	0.0000	0.0000	0.0000	0.0000	0.0000	0.0000	0.0000	0.0000	0.0000	0.0000	0.0000	0.0000	0.0000	0.0000	0.0000	0.0000	0.0000	0.0000	0.0000	0.0000	0.0000	0.0000	0.0000	0.0000	0.0000	0.0000	0.0000	0.0000	0.0000	0.0000	0.0000
56	58	0.1507	20	2	0	1	0	0	0	0	0	0	0	1	1	0	0	0	0	0	0	Y	N	N	N	N	N	N	N	N	N	N	N	N	N	N	N	N	N	0.0000	0.0000	0.0000	0.0000	0.0000	0.0000	0.0000	0.0000	0.0000	0.0000	0.0000	0.0000	0.0000	0.0000	0.0000	0.0000	0.0000	0.0000	0.0000	0.0000	0.0000	0.0000	0.0000	0.0000	0.0000	0.0000	0.0000			0.0000	0.0000	2.9988	0.0000	11.1255	0.0000	0.0000	0.0000	0.0000	0.0000	0.0000	0.0000	0.0000	0.0000	0.0000	0.0000	0.0000	0.0000	0.0000	0.0000	0.0000	0.0000	0.0000	0.0000	0.0000	0.0000	0.0000	0.0000	0.0000	0.0000	0.0000	0.0000	0.0000	0.0000	0.0000	0.0000	0.0000	0.0000	0.0000	0.0000	0.0000	0.0000
56	59	0.1459	19	2	0	1	0	0	0	1	0	0	0	1	1	0	0	0	0	0	0	Y	N	N	N	N	N	N	N	N	N	N	N	N	N	N	N	N	N	31998.4222	19003.5987	0.0000	29048.6327	25926.0831	0.0000	0.0000	0.0000	0.0000	13.6799	15.0531	0.0000	53.4180	53.6881	0.0000	0.0000	0.0000	0.0000	0.0004	0.0008	0.0000	0.0018	0.0021	0.0000	0.0000	0.0000	0.0000	0.0000	0.0015	-0.0000	-0.0000	2.9988	0.0001	11.1255	3.0507	0.0000	0.0000	0.0000	0.0000	0.0000	0.0000	0.0000	0.0000	0.0000	0.0000	0.0000	0.0000	0.0000	0.0000	0.0000	0.0000	0.0000	0.0000	0.0000	0.0000	0.0000	0.0000	0.0000	0.0000	0.0000	0.0000	0.0000	0.0468	0.0252	0.0216	0.0109	0.0096	0.0012	0.0359	0.0156	0.0204
56	60	0.0958	10	2	0	1	0	0	0	0	0	0	0	1	0	0	0	0	0	0	0	Y	N	N	N	N	N	N	N	N	N	N	N	N	N	N	N	N	N	0.2156	2531917.0870	0.0000	0.0000	0.0000	0.0000	0.2488	inf	0.0000	2.6898	3.3111	0.0000	0.0000	0.0000	0.0000	4.0161	5.5625	0.0000	12.4779	0.0000	27.6474	0.0183	0.0000	0.1674	16.1447	0.0000	29.2514	0.0000	17390239.5449	-0.0001	0.4399	2.9988	0.0010	11.1255	5.0218	0.0002	0.0002	0.0000	0.0000	0.0000	0.0000	0.0002	0.0002	0.0000	0.9739	0.0000	0.9739	0.0003	0.0000	0.0003	0.9735	0.0000	0.9735	0.0001	0.0000	0.0000	0.0000	0.0000	0.0000	0.0000	0.0000	0.0000	0.0780	0.0428	0.0352	0.0177	0.0158	0.0019	0.0603	0.0270	0.0333
56	67	0.1307	22	2	0	1	0	0	0	0	0	0	1	0	1	0	0	0	0	0	0	Y	N	N	N	N	N	N	N	N	N	N	N	N	N	N	N	N	N	0.0000	0.0000	0.0000	0.0000	0.0000	0.0000	0.0000	0.0000	0.0000	0.0000	0.0000	0.0000	0.0000	0.0000	0.0000	0.0000	0.0000	0.0000	0.0972	0.1658	0.0183	0.0129	0.0145	0.0000	0.1246	0.2708	0.0194		0.0961	0.0000	-0.0055	2.9988	0.0010	11.1255	8.0699	0.0000	0.0000	0.0000	0.0000	0.0000	0.0000	0.0000	0.0000	0.0000	0.0120	0.0110	0.0011	0.0004	0.0004	0.0000	0.0116	0.0106	0.0011	0.0001	0.0001	0.0000	0.0000	0.0000	0.0000	0.0000	0.0000	0.0000	0.1237	0.0661	0.0575	0.0303	0.0271	0.0032	0.0933	0.0390	0.0543
56	68	0.1209	21	2	0	1	0	0	0	0	0	0	0	0	0	0	0	0	0	0	0	Y	N	N	N	N	N	N	N	N	N	N	N	N	N	N	N	N	N	0.0000	0.0000	0.0000	0.0000	0.0000	0.0000	0.0000	0.0000	0.0000	0.0000	0.0000	0.0000	0.0000	0.0000	0.0000	0.0000	0.0000	0.0000	0.5251	0.0017	1.1142	0.0023	0.0026	0.0000	0.6672	0.0012	1.1708		580.7661	0.0000	0.0207	2.9988	0.0010	11.1255	6.0584	0.0000	0.0000	0.0000	0.0000	0.0000	0.0000	0.0000	0.0000	0.0000	0.0460	0.0001	0.0459	0.0000	0.0000	0.0000	0.0459	0.0000	0.0459	0.0000	0.0000	0.0000	0.0000	0.0000	0.0000	0.0000	0.0000	0.0000	0.0876	0.0464	0.0412	0.0187	0.0167	0.0020	0.0688	0.0296	0.0392
56	69	0.1196	20	2	0	1	0	0	0	0	0	0	0	0	0	0	0	0	0	0	0	Y	N	N	N	N	N	N	N	N	N	N	N	N	N	N	N	N	N	30.2087	25.3842	0.0000	29.8254	27.7169	0.0000	0.4789	inf	0.0000	0.7487	0.8219	0.0000	2.3058	2.3724	0.0000	0.0046	0.0052	0.0000	0.0248	0.0324	0.0160	0.0773	0.0856	0.0000	0.0095	0.0000	0.0168	0.0000	0.4250	-0.0000	-0.0001	2.9988	0.0006	11.1255	0.9765	0.0000	0.0000	0.0000	0.0000	0.0000	0.0000	0.0000	0.0000	0.0000	0.0004	0.0003	0.0001	0.0003	0.0003	0.0000	0.0001	0.0000	0.0001	0.0000	0.0000	0.0000	0.0000	0.0000	0.0000	0.0000	0.0000	0.0000	0.0150	0.0080	0.0069	0.0034	0.0030	0.0003	0.0116	0.0050	0.0066
56	70	0.1206	18	2	0	0	0	0	0	0	0	0	1	1	1	0	0	0	0	0	0	Y	N	N	N	N	N	N	N	N	N	N	N	N	N	N	N	N	N	0.0000	0.0000	0.0000	0.0000	0.0000	0.0000	0.0000	0.0000	0.0000	0.0000	0.0000	0.0000	0.0000	0.0000	0.0000	0.0000	0.0000	0.0000	0.0003	0.0006	0.0000	0.0012	0.0013	0.0000	0.0000	0.0000	0.0000		0.0031	0.0000	-0.0000	2.9988	2.3581	11.1255	7.4584	0.0000	0.0000	0.0000	0.0000	0.0000	0.0000	0.0000	0.0000	0.0000	0.0001	0.0001	0.0000	0.0001	0.0001	0.0000	0.0000	0.0000	0.0000	0.0614	0.0545	0.0069	0.0099	0.0097	0.0002	0.0515	0.0448	0.0067	0.1720	0.0975	0.0745	0.0494	0.0447	0.0047	0.1226	0.0527	0.0698
56	71	0.1134	17	2	0	0	0	0	0	0	0	0	0	1	0	0	0	0	0	0	0	Y	N	N	N	N	N	N	N	N	N	N	N	N	N	N	N	N	N	0.0000	0.0000	0.0000	0.0000	0.0000	0.0000	0.0000	0.0000	0.0000	0.0000	0.0000	0.0000	0.0000	0.0000	0.0000	0.0000	0.0000	0.0000	0.0003	0.0004	0.0002	0.0007	0.0008	0.0000	0.0001	0.0000	0.0002		0.3372	0.0000	-0.0000	2.9988	1.7590	11.1255	3.5356	0.0000	0.0000	0.0000	0.0000	0.0000	0.0000	0.0000	0.0000	0.0000	0.0000	0.0000	0.0000	0.0000	0.0000	0.0000	0.0000	0.0000	0.0000	0.0365	0.0315	0.0050	0.0009	0.0009	0.0001	0.0355	0.0306	0.0049	0.1220	0.0752	0.0468	0.0426	0.0380	0.0046	0.0794	0.0372	0.0422
56	72	0.1101	16	2	0	0	0	0	0	0	0	1	0	1	0	0	0	0	0	0	0	Y	N	N	N	N	N	N	N	N	N	N	N	N	N	N	N	N	N	0.0000	0.0000	0.0000	0.0000	0.0000	0.0000	0.0000	0.0000	0.0000	0.0000	0.0000	0.0000	0.0000	0.0000	0.0000	0.0000	0.0000	0.0000	0.0006	0.0005	0.0006	0.0014	0.0016	0.0000	0.0004	0.0000	0.0006		1.0029	0.0000	-0.0000	2.9988	0.0029	11.1255	2.4186	0.0000	0.0000	0.0000	0.0000	0.0000	0.0000	0.0000	0.0000	0.0000	0.0000	0.0000	0.0000	0.0000	0.0000	0.0000	0.0000	0.0000	0.0000	0.0001	0.0001	0.0000	0.0000	0.0000	0.0000	0.0001	0.0001	0.0000	0.0354	0.0186	0.0168	0.0070	0.0062	0.0008	0.0284	0.0124	0.0160
56	73	0.1159	14	2	0	1	0	0	0	0	0	0	0	1	0	0	0	0	0	0	0	Y	N	N	N	N	N	N	N	N	N	N	N	N	N	N	N	N	N	0.0000	0.0000	0.0000	0.0000	0.0000	0.0000	0.0000	0.0000	0.0000	0.0000	0.0000	0.0000	0.0000	0.0000	0.0000	0.0000	0.0000	0.0000	0.0310	0.0014	0.0653	0.0052	0.0037	0.0218	0.0388	0.0000	0.0672		38.8272	0.0000	0.0030	2.9988	1.6760	11.1255	12.1347	0.0000	0.0000	0.0000	0.0000	0.0000	0.0000	0.0000	0.0000	0.0000	0.0069	0.0002	0.0068	0.0003	0.0002	0.0001	0.0067	0.0000	0.0067	0.0374	0.0325	0.0048	0.0036	0.0035	0.0002	0.0337	0.0290	0.0047	0.2236	0.1201	0.1034	0.0519	0.0475	0.0044	0.1716	0.0726	0.0991
56	74	0.0861	13	2	0	1	0	1	0	1	0	1	0	1	0	0	0	0	0	0	0	Y	N	N	N	N	N	N	N	N	N	N	N	N	N	N	N	N	N	0.0000	0.0000	0.0000	0.0000	0.0000	0.0000	0.0000	0.0000	0.0000	0.0000	0.0000	0.0000	0.0000	0.0000	0.0000	0.0000	0.0000	0.0000	3.2661	0.0403	7.2662	0.1078	0.1023	0.1863	4.2081	0.0010	7.5138		145.3466	0.0000	0.4604	2.9988	2.9965	11.1255	14.7438	0.0000	0.0000	0.0000	0.0000	0.0000	0.0000	0.0000	0.0000	0.0000	1.0348	0.0071	1.0278	0.0079	0.0070	0.0009	1.0270	0.0001	1.0269	0.0652	0.0565	0.0087	0.0036	0.0035	0.0001	0.0616	0.0530	0.0086	0.3168	0.1754	0.1414	0.0728	0.0680	0.0048	0.2441	0.1074	0.1367
56	75	0.1196	20	2	0	1	0	0	0	0	0	0	0	0	0	0	0	0	0	0	0	Y	N	N	N	N	N	N	N	N	N	N	N	N	N	N	N	N	N	6.0977	109754.4467	0.0000	1186307.2211	1118468.1053	0.0000	0.0185	inf	0.0000	47.7636	55.3511	0.0000	1538.1417	1635.9014	0.0000	0.1826	0.2123	0.0000	7.8330	0.0005	16.5918	0.0013	0.0015	0.0000	9.8568	0.0000	17.4538	0.0000	29420.4863	-0.5807	0.4455	2.9988	1.0006	11.1255	8.0096	0.9958	0.9958	0.0000	0.9921	0.9921	0.0000	0.0037	0.0037	0.0000	0.9862	0.0000	0.9862	0.0000	0.0000	0.0000	0.9862	0.0000	0.9862	0.0208	0.0180	0.0029	0.0006	0.0006	0.0000	0.0202	0.0174	0.0028	0.1259	0.0665	0.0594	0.0259	0.0229	0.0029	0.1001	0.0435	0.0565
56	76	0.1173	19	2	0	1	0	0	0	0	0	0	0	0	0	0	0	0	0	0	0	Y	N	N	N	N	N	N	N	N	N	N	N	N	N	N	N	N	N	0.0853	0.3363	0.0000	5.0890	5.0012	0.0000	0.0003	inf	0.0000	0.0010	0.0011	0.0000	0.0357	0.0378	0.0000	0.0000	0.0000	0.0000	0.0113	0.0033	0.0212	0.0070	0.0076	0.0000	0.0128	0.0000	0.0221	0.0000	5.1382	-0.0000	0.0001	2.9988	0.9962	11.1255	0.5464	0.0000	0.0000	0.0000	0.0000	0.0000	0.0000	0.0000	0.0000	0.0000	0.0003	0.0001	0.0003	0.0001	0.0001	0.0000	0.0003	0.0000	0.0003	0.0207	0.0179	0.0028	0.0006	0.0005	0.0000	0.0202	0.0174	0.0028	0.0276	0.0153	0.0123	0.0072	0.0067	0.0005	0.0204	0.0086	0.0118
56	77	0.1109	18	2	0	1	0	0	0	0	0	0	0	0	0	0	0	0	0	0	0	Y	N	N	N	N	N	N	N	N	N	N	N	N	N	N	N	N	N	0.0000	0.0000	0.0000	0.0000	0.0000	0.0000	0.0000	0.0000	0.0000	0.0000	0.0000	0.0000	0.0000	0.0000	0.0000	0.0000	0.0000	0.0000	0.0181	0.0327	0.0016	0.0807	0.0895	0.0000	0.0009	0.0000	0.0016		0.0420	0.0000	-0.0006	2.9988	0.0041	11.1255	4.4918	0.0000	0.0000	0.0000	0.0000	0.0000	0.0000	0.0000	0.0000	0.0000	0.0013	0.0012	0.0001	0.0012	0.0012	0.0000	0.0001	0.0000	0.0001	0.0001	0.0001	0.0000	0.0000	0.0000	0.0000	0.0001	0.0001	0.0000	0.0694	0.0369	0.0326	0.0149	0.0135	0.0015	0.0545	0.0234	0.0311
56	82	0.1109	18	2	0	1	0	0	0	0	0	1	0	1	0	0	0	0	0	0	0	Y	N	N	N	N	N	N	N	N	N	N	N	N	N	N	N	N	N	0.0000	0.0000	0.0000	0.0000	0.0000	0.0000	0.0000	0.0000	0.0000	0.0000	0.0000	0.0000	0.0000	0.0000	0.0000	0.0000	0.0000	0.0000	10.9870	10.4615	11.5653	0.0064	0.0044	0.0228	13.7108	15.7854	12.1245		1.0044	0.0000	-0.0929	2.9988	1.9997	11.1255	10.5319	0.0000	0.0000	0.0000	0.0000	0.0000	0.0000	0.0000	0.0000	0.0000	1.9707	0.9832	0.9875	0.0002	0.0001	0.0001	1.9705	0.9830	0.9874	0.0413	0.0357	0.0057	0.0010	0.0010	0.0001	0.0403	0.0347	0.0056	0.1794	0.0940	0.0854	0.0357	0.0317	0.0039	0.1437	0.0623	0.0814
56	83	0.1084	17	2	0	1	0	0	0	1	0	0	0	0	0	0	0	0	0	0	0	Y	N	N	N	N	N	N	N	N	N	N	N	N	N	N	N	N	N	0.0000	0.0000	0.0000	0.0000	0.0000	0.0000	0.0000	0.0000	0.0000	0.0000	0.0000	0.0000	0.0000	0.0000	0.0000	0.0000	0.0000	0.0000	0.0547	0.0403	0.0703	0.0001	0.0001	0.0001	0.0675	0.0594	0.0738		1.6160	0.0000	0.0001	2.9988	0.0006	11.1255	1.5062	0.0000	0.0000	0.0000	0.0000	0.0000	0.0000	0.0000	0.0000	0.0000	0.0012	0.0005	0.0007	0.0000	0.0000	0.0000	0.0012	0.0005	0.0007	0.0000	0.0000	0.0000	0.0000	0.0000	0.0000	0.0000	0.0000	0.0000	0.0216	0.0112	0.0104	0.0041	0.0036	0.0005	0.0175	0.0076	0.0099
56	84	0.0832	13	2	0	0	0	0	0	0	0	0	0	0	0	0	0	0	0	0	0	Y	N	N	N	N	N	N	N	N	N	N	N	N	N	N	N	N	N	7681.8488	0.0000	1059985.0466	0.0000	0.0000	0.0000	13317610.0191	0.0000	59778071.6986	16.1835	0.0000	117.9437	0.0000	0.0000	0.0000	16.6001	0.0000	119.2272	0.0021	0.0039	0.0001	0.0119	0.0126	0.0036	0.0000	0.0000	0.0000	inf	0.0254	0.4167	-0.0003	2.9988	2.9998	11.1255	15.4389	0.9997	0.0000	0.9997	0.0000	0.0000	0.0000	0.9997	0.0000	0.9997	0.0006	0.0006	0.0000	0.0006	0.0006	0.0000	0.0000	0.0000	0.0000	0.0618	0.0533	0.0085	0.0016	0.0015	0.0001	0.0602	0.0518	0.0084	0.2779	0.1477	0.1301	0.0492	0.0452	0.0040	0.2286	0.1025	0.1261
56	87	0.1389	20	2	0	1	0	0	0	1	0	0	0	1	1	0	0	0	0	0	0	Y	N	N	N	N	N	N	N	N	N	N	N	N	N	N	N	N	N	0.0000	0.0000	0.0000	0.0000	0.0000	0.0000	0.0000	0.0000	0.0000	0.0000	0.0000	0.0000	0.0000	0.0000	0.0000	0.0000	0.0000	0.0000	0.1309	0.1377	0.1220	0.2654	0.2878	0.0001	0.0752	0.0000	0.1288		0.6852	0.0000	-0.0022	2.9988	0.0022	11.1255	6.6376	0.0000	0.0000	0.0000	0.0000	0.0000	0.0000	0.0000	0.0000	0.0000	0.0153	0.0091	0.0062	0.0091	0.0091	0.0000	0.0062	0.0000	0.0062	0.0001	0.0001	0.0000	0.0000	0.0000	0.0000	0.0001	0.0001	0.0000	0.1172	0.0661	0.0511	0.0343	0.0316	0.0027	0.0829	0.0345	0.0484
56	88	0.1244	19	2	0	0	0	0	0	0	0	0	0	1	1	0	0	0	0	0	0	Y	N	N	N	N	N	N	N	N	N	N	N	N	N	N	N	N	N	0.0000	0.0000	0.0000	0.0000	0.0000	0.0000	0.0000	0.0000	0.0000	0.0000	0.0000	0.0000	0.0000	0.0000	0.0000	0.0000	0.0000	0.0000	5.2378	0.0021	12.3995	0.0040	0.0042	0.0013	7.4554	0.0000	13.0097		4408.6109	0.0000	0.4364	2.9988	1.0173	11.1255	8.6136	0.0000	0.0000	0.0000	0.0000	0.0000	0.0000	0.0000	0.0000	0.0000	0.9666	0.0002	0.9664	0.0002	0.0002	0.0000	0.9664	0.0000	0.9664	0.0216	0.0187	0.0030	0.0009	0.0009	0.0000	0.0207	0.0178	0.0029	0.1845	0.1066	0.0779	0.0549	0.0513	0.0037	0.1296	0.0553	0.0743
56	89	0.0880	14	2	0	1	0	0	0	1	0	0	0	0	0	0	0	0	0	0	0	Y	N	N	N	N	N	N	N	N	N	N	N	N	N	N	N	N	N	5.2040	10630.3242	0.0000	115708.3107	124319.7800	0.0000	0.0160	3881.6562	0.0000	16.1104	18.6716	0.0000	626.0430	665.3525	0.0000	0.0613	0.0712	0.0000	3.0957	0.0018	6.7114	0.0054	0.0054	0.0061	3.8209	0.0000	6.9282	0.0000	3269.7146	-0.5806	0.4445	2.9988	2.9990	11.1255	17.4729	0.9956	0.9956	0.0000	0.9919	0.9919	0.0000	0.0037	0.0037	0.0000	0.9847	0.0003	0.9844	0.0003	0.0003	0.0000	0.9844	0.0000	0.9844	0.0618	0.0533	0.0085	0.0016	0.0015	0.0001	0.0602	0.0518	0.0084	0.3181	0.1714	0.1467	0.0605	0.0559	0.0046	0.2576	0.1156	0.1421
56	90	0.1244	19	2	0	0	0	0	0	0	0	0	0	1	1	0	0	0	0	0	0	Y	N	N	N	N	N	N	N	N	N	N	N	N	N	N	N	N	N	0.0000	0.0000	0.0000	0.0000	0.0000	0.0000	0.0000	0.0000	0.0000	0.0000	0.0000	0.0000	0.0000	0.0000	0.0000	0.0000	0.0000	0.0000	0.0599	0.1058	0.0000	0.2150	0.2331	0.0000	0.0000	0.0000	0.0000		0.0001	0.0000	-0.0079	2.9988	2.0138	11.1255	11.8132	0.0000	0.0000	0.0000	0.0000	0.0000	0.0000	0.0000	0.0000	0.0000	0.0143	0.0143	0.0000	0.0143	0.0143	0.0000	0.0000	0.0000	0.0000	0.0421	0.0364	0.0058	0.0016	0.0015	0.0001	0.0405	0.0349	0.0057	0.2394	0.1354	0.1039	0.0667	0.0615	0.0052	0.1727	0.0739	0.0988
56	91	0.1159	18	2	0	0	0	0	0	0	0	1	1	1	1	0	0	0	0	0	0	Y	N	N	N	N	N	N	N	N	N	N	N	N	N	N	N	N	N	0.0000	0.0000	0.0000	0.0000	0.0000	0.0000	0.0000	0.0000	0.0000	0.0000	0.0000	0.0000	0.0000	0.0000	0.0000	0.0000	0.0000	0.0000	0.1209	0.0067	0.2781	0.0133	0.0142	0.0001	0.1652	0.0000	0.2914		30.1797	0.0000	0.0062	2.9988	1.9725	11.1255	4.2763	0.0000	0.0000	0.0000	0.0000	0.0000	0.0000	0.0000	0.0000	0.0000	0.0147	0.0005	0.0143	0.0005	0.0005	0.0000	0.0143	0.0000	0.0143	0.0414	0.0357	0.0057	0.0013	0.0013	0.0001	0.0400	0.0344	0.0056	0.1219	0.0706	0.0513	0.0356	0.0332	0.0023	0.0864	0.0374	0.0490
56	92	0.0872	13	2	0	1	0	1	0	1	0	0	0	0	0	0	0	0	0	0	0	Y	N	N	N	N	N	N	N	N	N	N	N	N	N	N	N	N	N	0.0000	0.0000	0.0000	0.0000	0.0000	0.0000	0.0000	0.0000	0.0000	0.0000	0.0000	0.0000	0.0000	0.0000	0.0000	0.0000	0.0000	0.0000	1.5615	0.0258	3.2472	0.0825	0.0911	0.0000	1.8509	0.0000	3.3560		114.6700	0.0000	0.4413	2.9988	5.0000	11.1255	42.2706	0.0000	0.0000	0.0000	0.0000	0.0000	0.0000	0.0000	0.0000	0.0000	0.9960	0.0086	0.9874	0.0086	0.0086	0.0000	0.9874	0.0000	0.9874	0.1022	0.0882	0.0140	0.0026	0.0025	0.0002	0.0996	0.0858	0.0138	0.6378	0.3338	0.3041	0.1044	0.0945	0.0099	0.5335	0.2392	0.2942
56	97	0.0923	10	2	0	1	0	0	0	1	0	0	0	0	0	0	0	0	0	0	0	Y	N	N	N	N	N	N	N	N	N	N	N	N	N	N	N	N	N	0.0000	0.0000	0.0000	0.0000	0.0000	0.0000	0.0000	0.0000	0.0000	0.0000	0.0000	0.0000	0.0000	0.0000	0.0000	0.0000	0.0000	0.0000	3.5808	1.9036	5.4209	4.6546	5.4723	0.0430	3.2896	0.0120	5.8095		2.5958	0.0000	0.2430	2.9988	2.0000	11.1255	24.9502	0.0000	0.0000	0.0000	0.0000	0.0000	0.0000	0.0000	0.0000	0.0000	1.3994	0.3892	1.0102	0.3881	0.3876	0.0005	1.0113	0.0016	1.0097	0.0413	0.0357	0.0057	0.0010	0.0009	0.0001	0.0404	0.0347	0.0056	0.3908	0.2045	0.1864	0.0834	0.0708	0.0126	0.3074	0.1336	0.1738
56	98	0.1459	19	2	0	0	1	0	0	0	1	0	0	1	1	0	0	0	0	0	0	Y	N	N	N	N	N	N	N	N	N	N	N	N	N	N	N	N	N	163133.6187	0.0000	44128034.0079	44.1207	0.0000	inf	10328610.5834	0.0000	42027359.1651	16.1148	0.0000	117.5496	0.0191	0.0000	0.3470	16.5327	0.0000	118.7529	0.0001	0.0002	0.0000	0.0004	0.0005	0.0000	0.0000	0.0000	0.0000	inf	0.0127	0.4168	-0.0000	2.9988	2.9999	11.1255	3.9821	0.9999	0.0000	0.9999	0.0000	0.0000	0.0000	0.9999	0.0000	0.9999	0.0000	0.0000	0.0000	0.0000	0.0000	0.0000	0.0000	0.0000	0.0000	0.0620	0.0535	0.0085	0.0016	0.0015	0.0001	0.0605	0.0521	0.0084	0.1032	0.0552	0.0481	0.0233	0.0205	0.0028	0.0800	0.0347	0.0453
56	99	0.1428	18	2	0	0	0	0	0	0	0	0	0	1	1	0	0	0	0	0	0	Y	N	N	N	N	N	N	N	N	N	N	N	N	N	N	N	N	N	32697.3924	17792.7351	12994427.5051	24524.0478	22705.3291	inf	7161066.2393	inf	13324646.9208	19.5674	19.5823	19.4348	61.1802	63.2614	0.0347	6.4351	4.3980	21.0856	0.0006	0.0011	0.0000	0.0025	0.0028	0.0000	0.0000	0.0000	0.0000	0.1111	0.0011	-0.0001	-0.0000	2.9988	0.0003	11.1255	2.0601	0.0002	0.0002	0.0000	0.0001	0.0001	0.0000	0.0000	0.0000	0.0000	0.0000	0.0000	0.0000	0.0000	0.0000	0.0000	0.0000	0.0000	0.0000	0.0000	0.0000	0.0000	0.0000	0.0000	0.0000	0.0000	0.0000	0.0000	0.0328	0.0178	0.0150	0.0079	0.0070	0.0008	0.0250	0.0108	0.0142
56	100	0.1229	17	2	0	0	0	0	0	0	0	1	1	1	1	0	0	0	0	0	0	Y	N	N	N	N	N	N	N	N	N	N	N	N	N	N	N	N	N	0.0339	0.0196	8.9988	0.0000	0.0000	0.0000	32.2898	20131.1158	8.7608	0.0024	0.0026	0.0012	0.0000	0.0000	0.0000	0.0025	0.0027	0.0012	0.0714	0.1333	0.0001	0.3238	0.3621	0.0000	0.0001	0.0000	0.0001	0.0714	0.0009	-0.0001	-0.0072	2.9988	3.0014	11.1255	9.1620	0.0001	0.0001	0.0000	0.0000	0.0000	0.0000	0.0001	0.0001	0.0000	0.0131	0.0131	0.0000	0.0131	0.0131	0.0000	0.0000	0.0000	0.0000	0.0620	0.0535	0.0085	0.0016	0.0015	0.0001	0.0603	0.0519	0.0084	0.1833	0.0981	0.0852	0.0404	0.0361	0.0043	0.1429	0.0620	0.0810
56	101	0.1101	16	2	0	0	0	0	0	0	0	0	0	0	0	0	0	0	0	0	0	Y	N	N	N	N	N	N	N	N	N	N	N	N	N	N	N	N	N	0.0000	0.0000	0.0000	0.0000	0.0000	0.0000	0.0000	0.0000	0.0000	0.0000	0.0000	0.0000	0.0000	0.0000	0.0000	0.0000	0.0000	0.0000	0.1143	0.0018	0.2369	0.0019	0.0016	0.0042	0.1411	0.0020	0.2485		118.0113	0.0000	0.0058	2.9988	0.0077	11.1255	8.0757	0.0000	0.0000	0.0000	0.0000	0.0000	0.0000	0.0000	0.0000	0.0000	0.0131	0.0001	0.0130	0.0000	0.0000	0.0000	0.0131	0.0001	0.0130	0.0002	0.0002	0.0000	0.0000	0.0000	0.0000	0.0002	0.0002	0.0000	0.1145	0.0597	0.0548	0.0221	0.0195	0.0026	0.0925	0.0403	0.0522
56	102	0.1084	15	2	0	0	0	0	0	0	0	0	0	0	0	0	0	0	0	0	0	Y	N	N	N	N	N	N	N	N	N	N	N	N	N	N	N	N	N	0.0000	0.0000	0.0000	0.0000	0.0000	0.0000	0.0000	0.0000	0.0000	0.0000	0.0000	0.0000	0.0000	0.0000	0.0000	0.0000	0.0000	0.0000	0.0007	0.0000	0.0014	0.0000	0.0000	0.0000	0.0008	0.0000	0.0015		411.9138	0.0000	0.0000	2.9988	0.0011	11.1255	1.0060	0.0000	0.0000	0.0000	0.0000	0.0000	0.0000	0.0000	0.0000	0.0000	0.0000	0.0000	0.0000	0.0000	0.0000	0.0000	0.0000	0.0000	0.0000	0.0000	0.0000	0.0000	0.0000	0.0000	0.0000	0.0000	0.0000	0.0000	0.0145	0.0075	0.0070	0.0027	0.0024	0.0003	0.0117	0.0051	0.0066
56	106	0.0702	9	2	0	1	0	0	0	0	0	0	0	0	0	0	0	0	0	0	0	Y	N	N	N	N	N	N	N	N	N	N	N	N	N	N	N	N	N	1.4110	0.0129	1077640.6183	1.3658	1.1045	12544.0334	1.3539	0.0000	3551167.4311	0.0409	0.0007	0.2938	0.0290	0.0257	0.0825	0.0412	0.0000	0.2961	0.0290	0.0545	0.0000	0.0213	0.0233	0.0000	0.0304	0.0662	0.0000	66.2179	0.0000	0.0014	-0.0044	2.9988	4.0001	11.1255	15.3361	0.0034	0.0000	0.0033	0.0001	0.0000	0.0000	0.0033	0.0000	0.0033	0.0081	0.0081	0.0000	0.0009	0.0009	0.0000	0.0072	0.0072	0.0000	0.0821	0.0709	0.0113	0.0021	0.0019	0.0001	0.0801	0.0689	0.0111	0.2796	0.1487	0.1309	0.0441	0.0403	0.0038	0.2355	0.1083	0.1271
56	107	0.0494	5	2	0	1	0	0	0	0	0	0	0	0	0	0	0	0	0	0	0	Y	N	N	N	N	N	N	N	N	N	N	N	N	N	N	N	N	N	1.4661	0.8668	0.0000	4.0782	3.9247	0.0000	251.1820	50728.5960	0.0000	0.0527	0.0611	0.0000	1.1744	1.2429	0.0000	0.0216	0.0251	0.0000	0.0360	0.0705	0.0002	0.2880	0.3167	0.0000	0.0001	0.0000	0.0002	0.0000	0.0021	-0.0007	-0.0045	2.9988	1.0040	11.1255	14.1141	0.0011	0.0011	0.0000	0.0007	0.0007	0.0000	0.0004	0.0004	0.0000	0.0083	0.0083	0.0000	0.0083	0.0083	0.0000	0.0000	0.0000	0.0000	0.0212	0.0182	0.0029	0.0006	0.0005	0.0000	0.0206	0.0177	0.0029	0.2308	0.1174	0.1134	0.0288	0.0262	0.0026	0.2020	0.0913	0.1108
56	108	0.0416	4	2	0	1	0	1	0	1	0	0	0	0	0	0	0	0	0	0	0	Y	N	N	N	N	N	N	N	N	N	N	N	N	N	N	N	N	N	96.9449	64.9017	59.7323	289.7064	280.8035	inf	94.9037	108.7228	39.9558	0.0943	0.1061	0.0206	2.6810	2.8095	0.6650	0.0318	0.0347	0.0139	0.0010	0.0016	0.0003	0.0093	0.0100	0.0000	0.0003	0.0003	0.0003	0.0310	0.2224	-0.0011	-0.0000	2.9988	1.0065	11.1255	3.9764	0.0020	0.0019	0.0001	0.0013	0.0013	0.0000	0.0007	0.0006	0.0000	0.0001	0.0001	0.0000	0.0000	0.0000	0.0000	0.0000	0.0000	0.0000	0.0211	0.0182	0.0029	0.0005	0.0005	0.0000	0.0206	0.0177	0.0029	0.0744	0.0362	0.0382	0.0053	0.0049	0.0004	0.0691	0.0313	0.0378
56	112	0.1159	18	2	0	1	0	0	0	1	0	0	0	0	0	0	0	0	0	0	0	Y	N	N	N	N	N	N	N	N	N	N	N	N	N	N	N	N	N	0.0000	0.0000	0.0000	0.0000	0.0000	0.0000	0.0000	0.0000	0.0000	0.0000	0.0000	0.0000	0.0000	0.0000	0.0000	0.0000	0.0000	0.0000	0.2043	0.0029	0.4530	0.0064	0.0071	0.0000	0.2709	0.0000	0.4772		125.0192	0.0000	0.0210	2.9988	3.0154	11.1255	11.4025	0.0000	0.0000	0.0000	0.0000	0.0000	0.0000	0.0000	0.0000	0.0000	0.0473	0.0004	0.0469	0.0004	0.0004	0.0000	0.0469	0.0000	0.0469	0.0627	0.0541	0.0086	0.0019	0.0018	0.0001	0.0608	0.0523	0.0085	0.2313	0.1278	0.1035	0.0583	0.0530	0.0053	0.1730	0.0748	0.0982
56	113	0.1084	17	2	0	0	0	0	0	0	0	0	0	0	0	0	0	0	0	0	0	Y	N	N	N	N	N	N	N	N	N	N	N	N	N	N	N	N	N	0.0000	0.0000	0.0000	0.0000	0.0000	0.0000	0.0000	0.0000	0.0000	0.0000	0.0000	0.0000	0.0000	0.0000	0.0000	0.0000	0.0000	0.0000	0.0072	0.0003	0.0147	0.0009	0.0010	0.0000	0.0087	0.0000	0.0154		42.7808	0.0000	0.0002	2.9988	0.0182	11.1255	4.6661	0.0000	0.0000	0.0000	0.0000	0.0000	0.0000	0.0000	0.0000	0.0000	0.0005	0.0000	0.0005	0.0000	0.0000	0.0000	0.0005	0.0000	0.0005	0.0004	0.0003	0.0001	0.0000	0.0000	0.0000	0.0004	0.0003	0.0001	0.0666	0.0346	0.0320	0.0126	0.0111	0.0015	0.0540	0.0235	0.0305
56	114	0.1084	16	2	0	0	0	0	0	0	0	0	0	0	0	0	0	0	0	0	0	Y	N	N	N	N	N	N	N	N	N	N	N	N	N	N	N	N	N	0.0000	0.0000	0.0000	0.0000	0.0000	0.0000	0.0000	0.0000	0.0000	0.0000	0.0000	0.0000	0.0000	0.0000	0.0000	0.0000	0.0000	0.0000	0.0001	0.0001	0.0000	0.0002	0.0002	0.0000	0.0000	0.0000	0.0000		0.6667	0.0000	-0.0000	2.9988	0.0004	11.1255	0.0007	0.0000	0.0000	0.0000	0.0000	0.0000	0.0000	0.0000	0.0000	0.0000	0.0000	0.0000	0.0000	0.0000	0.0000	0.0000	0.0000	0.0000	0.0000	0.0000	0.0000	0.0000	0.0000	0.0000	0.0000	0.0000	0.0000	0.0000	0.0000	0.0000	0.0000	0.0000	0.0000	0.0000	0.0000	0.0000	0.0000
56	115	0.1084	15	2	0	0	0	0	0	0	0	0	0	0	0	0	0	0	0	0	0	Y	N	N	N	N	N	N	N	N	N	N	N	N	N	N	N	N	N	0.0000	0.0000	0.0000	0.0000	0.0000	0.0000	0.0000	0.0000	0.0000	0.0000	0.0000	0.0000	0.0000	0.0000	0.0000	0.0000	0.0000	0.0000	0.0001	0.0001	0.0000	0.0002	0.0002	0.0000	0.0000	0.0000	0.0000		0.7273	0.0000	-0.0000	2.9988	0.0004	11.1255	0.0002	0.0000	0.0000	0.0000	0.0000	0.0000	0.0000	0.0000	0.0000	0.0000	0.0000	0.0000	0.0000	0.0000	0.0000	0.0000	0.0000	0.0000	0.0000	0.0000	0.0000	0.0000	0.0000	0.0000	0.0000	0.0000	0.0000	0.0000	0.0000	0.0000	0.0000	0.0000	0.0000	0.0000	0.0000	0.0000	0.0000
56	116	0.0880	14	2	0	0	0	0	0	0	0	0	0	0	0	0	0	0	0	0	0	Y	N	N	N	N	N	N	N	N	N	N	N	N	N	N	N	N	N	142.1033	115.3250	0.0000	79.0428	79.6197	0.0000	3.9329	1008.7413	0.0000	2.8974	3.2203	0.0000	5.7668	6.1651	0.0000	0.0239	0.0277	0.0000	0.0204	0.0279	0.0110	0.0730	0.0774	0.0092	0.0061	0.0000	0.0111	0.0000	0.3166	-0.0001	-0.0014	2.9988	0.0012	11.1255	12.6705	0.0002	0.0002	0.0000	0.0002	0.0002	0.0000	0.0000	0.0000	0.0000	0.0044	0.0034	0.0011	0.0034	0.0034	0.0000	0.0010	0.0000	0.0010	0.0001	0.0001	0.0000	0.0000	0.0000	0.0000	0.0000	0.0000	0.0000	0.2175	0.1206	0.0969	0.0465	0.0435	0.0031	0.1710	0.0772	0.0938
56	117	0.0832	13	2	0	0	0	0	0	0	0	0	0	0	0	0	0	0	0	0	0	Y	N	N	N	N	N	N	N	N	N	N	N	N	N	N	N	N	N	27.1956	90.1814	0.0000	334.7450	344.3629	0.0000	0.0924	132.4226	0.0000	8.3655	9.6375	0.0000	84.9477	86.0432	0.0000	0.0302	0.0354	0.0000	0.3076	0.1069	0.6036	0.2538	0.2499	0.3362	0.3272	0.0003	0.6118	0.0000	3.8305	-0.0001	0.0059	2.9988	0.0012	11.1255	3.6220	0.0002	0.0002	0.0000	0.0002	0.0002	0.0000	0.0000	0.0000	0.0000	0.0240	0.0050	0.0190	0.0053	0.0050	0.0003	0.0187	0.0000	0.0187	0.0000	0.0000	0.0000	0.0000	0.0000	0.0000	0.0000	0.0000	0.0000	0.0780	0.0465	0.0315	0.0208	0.0199	0.0009	0.0572	0.0266	0.0306
56	118	0.0798	12	2	0	0	0	1	0	0	0	0	0	0	0	0	0	0	0	0	0	Y	N	N	N	N	N	N	N	N	N	N	N	N	N	N	N	N	N	14.5209	0.0000	1296.4508	0.0000	0.0000	0.0000	375.1034	0.0000	1281.1127	1.9285	0.0000	15.3147	0.0000	0.0000	0.0000	2.4732	0.0000	15.4213	0.1328	0.2085	0.0118	0.4356	0.4562	0.0056	0.0066	0.0005	0.0120	inf	0.0354	0.0000	-0.0044	2.9988	0.0004	11.1255	2.6029	0.0000	0.0000	0.0000	0.0000	0.0000	0.0000	0.0000	0.0000	0.0000	0.0085	0.0082	0.0003	0.0082	0.0082	0.0000	0.0003	0.0000	0.0003	0.0000	0.0000	0.0000	0.0000	0.0000	0.0000	0.0000	0.0000	0.0000	0.0639	0.0393	0.0246	0.0188	0.0179	0.0009	0.0451	0.0214	0.0237
56	119	0.0961	12	2	0	1	0	0	0	0	0	0	0	0	0	0	0	0	0	0	0	Y	N	N	N	N	N	N	N	N	N	N	N	N	N	N	N	N	N	7.2763	0.0000	1311.5710	0.0000	0.0000	0.0000	279.8902	0.0000	1248.8274	8.1733	0.0000	59.6290	0.0000	0.0000	0.0000	8.3733	0.0000	60.2578	1.1233	2.0747	0.0455	4.8590	5.6922	0.0089	0.0299	0.0063	0.0483	inf	0.0193	0.4167	-0.2223	2.9988	6.0007	11.1255	19.0307	0.9996	0.0000	0.9996	0.0000	0.0000	0.0000	0.9996	0.0000	0.9996	0.4200	0.4120	0.0080	0.4113	0.4112	0.0001	0.0087	0.0008	0.0079	0.1223	0.1055	0.0168	0.0029	0.0027	0.0002	0.1194	0.1028	0.0166	0.3739	0.1986	0.1753	0.0847	0.0722	0.0124	0.2892	0.1263	0.1629
56	120	0.0926	11	2	0	1	0	0	0	1	0	0	0	0	0	0	0	0	0	0	0	Y	N	N	N	N	N	N	N	N	N	N	N	N	N	N	N	N	N	0.2971	0.0000	117.5339	0.0000	0.0000	0.0000	17.4816	0.0000	93.0714	1.9685	0.0000	14.2744	0.0000	0.0000	0.0000	2.0173	0.0000	14.4239	6.6247	11.9369	0.1214	15.7961	20.8605	0.0054	0.1154	0.0569	0.1550	inf	0.0083	0.0001	-0.2625	2.9988	0.0034	11.1255	3.2312	0.0001	0.0000	0.0001	0.0000	0.0000	0.0000	0.0001	0.0000	0.0001	0.4861	0.4821	0.0040	0.4811	0.4811	0.0000	0.0050	0.0010	0.0040	0.0001	0.0001	0.0000	0.0000	0.0000	0.0000	0.0001	0.0001	0.0000	0.0734	0.0404	0.0330	0.0305	0.0231	0.0074	0.0429	0.0173	0.0256
56	121	0.0923	10	2	0	0	0	0	0	0	0	0	0	0	0	0	0	0	0	0	0	Y	N	N	N	N	N	N	N	N	N	N	N	N	N	N	N	N	N	0.0000	0.0000	0.0000	0.0000	0.0000	0.0000	0.0000	0.0000	0.0000	0.0000	0.0000	0.0000	0.0000	0.0000	0.0000	0.0000	0.0000	0.0000	9.7269	17.2180	0.0039	17.0763	22.5676	0.0029	0.0777	0.2388	0.0043		0.0002	0.0000	-0.2626	2.9988	0.0000	11.1255	1.2022	0.0000	0.0000	0.0000	0.0000	0.0000	0.0000	0.0000	0.0000	0.0000	0.4791	0.4790	0.0001	0.4774	0.4774	0.0000	0.0017	0.0016	0.0001	0.0000	0.0000	0.0000	0.0000	0.0000	0.0000	0.0000	0.0000	0.0000	0.0493	0.0278	0.0214	0.0280	0.0212	0.0068	0.0213	0.0067	0.0146
56	122	0.0710	9	2	0	0	0	1	0	0	0	0	0	0	0	0	0	0	0	0	0	Y	N	N	N	N	N	N	N	N	N	N	N	N	N	N	N	N	N	0.0000	0.0000	0.0000	0.0000	0.0000	0.0000	0.0000	0.0000	0.0000	0.0000	0.0000	0.0000	0.0000	0.0000	0.0000	0.0000	0.0000	0.0000	2.2059	3.9052	0.0019	7.2494	8.3287	0.0037	0.5283	1.1391	0.0018		0.0004	0.0000	-0.2755	2.9988	0.0041	11.1255	12.5856	0.0000	0.0000	0.0000	0.0000	0.0000	0.0000	0.0000	0.0000	0.0000	0.5028	0.5026	0.0002	0.4125	0.4124	0.0000	0.0904	0.0902	0.0002	0.0002	0.0001	0.0000	0.0000	0.0000	0.0000	0.0001	0.0001	0.0000	0.2279	0.1287	0.0992	0.0569	0.0495	0.0074	0.1710	0.0792	0.0919
56	131	0.1019	13	2	0	1	0	0	0	0	0	0	0	0	0	0	0	0	0	0	0	Y	N	N	N	N	N	N	N	N	N	N	N	N	N	N	N	N	N	0.0072	17.9062	0.0000	12.1931	18.5696	0.0000	0.0049	2272901.9898	0.0000	0.0489	0.0568	0.0000	0.1572	0.1647	0.0000	0.0423	0.0495	0.0000	6.7679	0.0032	14.5716	0.0129	0.0089	0.0444	8.6294	0.0000	15.3802	0.0000	3982.5269	-0.0006	0.4489	2.9988	1.0211	11.1255	9.0731	0.0011	0.0011	0.0000	0.0002	0.0002	0.0000	0.0009	0.0009	0.0000	0.9943	0.0002	0.9940	0.0004	0.0002	0.0002	0.9938	0.0000	0.9938	0.0221	0.0190	0.0031	0.0013	0.0012	0.0001	0.0208	0.0178	0.0030	0.1469	0.0787	0.0682	0.0317	0.0281	0.0036	0.1152	0.0506	0.0646
56	138	0.0958	10	2	0	1	0	0	0	0	0	0	0	1	0	0	0	0	0	0	0	Y	N	N	N	N	N	N	N	N	N	N	N	N	N	N	N	N	N	10.5387	7.1655	0.0000	0.0000	0.0000	0.0000	7959279.9953	5158337.8412	0.0000	2.6898	3.3111	0.0000	0.0000	0.0000	0.0000	4.0161	5.5625	0.0000	0.2552	0.4621	0.0000	1.0994	1.2291	0.0000	0.0000	0.0000	0.0000	0.0000	0.0000	-0.0001	-0.0089	2.9988	0.0010	11.1255	4.0030	0.0002	0.0002	0.0000	0.0000	0.0000	0.0000	0.0002	0.0002	0.0000	0.0162	0.0162	0.0000	0.0162	0.0162	0.0000	0.0000	0.0000	0.0000	0.0001	0.0000	0.0000	0.0000	0.0000	0.0000	0.0000	0.0000	0.0000	0.0635	0.0351	0.0284	0.0147	0.0132	0.0016	0.0488	0.0219	0.0269
56	139	0.0702	9	2	0	1	0	0	0	0	0	1	0	1	0	0	0	0	0	0	0	Y	N	N	N	N	N	N	N	N	N	N	N	N	N	N	N	N	N	217.0720	2612.1784	0.0000	0.0023	0.0023	0.0000	195.1694	15583.8820	0.0000	16.1741	18.7484	0.0000	0.0000	0.0001	0.0000	16.5919	19.2782	0.0000	0.0745	0.0072	0.1525	0.0207	0.0225	0.0012	0.0850	0.0012	0.1571	0.0000	18.3409	-0.5829	0.0068	2.9988	2.9989	11.1255	12.3267	0.9995	0.9995	0.0000	0.0000	0.0000	0.0000	0.9995	0.9995	0.0000	0.0170	0.0009	0.0161	0.0008	0.0008	0.0000	0.0162	0.0001	0.0161	0.0618	0.0533	0.0085	0.0016	0.0015	0.0001	0.0602	0.0518	0.0084	0.2278	0.1223	0.1055	0.0372	0.0342	0.0031	0.1906	0.0881	0.1025
56	140	0.0694	8	2	0	1	0	1	0	1	0	0	0	0	0	0	0	0	0	0	0	Y	N	N	N	N	N	N	N	N	N	N	N	N	N	N	N	N	N	12.8578	8.8231	3.3471	0.0000	0.0000	0.0000	31.5888	18.8142	3.2983	1.6057	1.8711	0.0149	0.0000	0.0000	0.0000	1.8911	2.2674	0.0149	0.1249	0.2121	0.0044	0.3563	0.3763	0.0014	0.0599	0.1205	0.0045	0.0013	0.0152	-0.0000	-0.0010	2.9988	0.0011	11.1255	0.8290	0.0001	0.0000	0.0000	0.0000	0.0000	0.0000	0.0001	0.0000	0.0000	0.0019	0.0019	0.0000	0.0012	0.0012	0.0000	0.0007	0.0007	0.0000	0.0000	0.0000	0.0000	0.0000	0.0000	0.0000	0.0000	0.0000	0.0000	0.0155	0.0090	0.0065	0.0034	0.0032	0.0002	0.0121	0.0058	0.0063
56	141	0.0925	10	2	0	1	0	0	0	0	0	0	0	0	0	0	0	0	0	0	0	Y	N	N	N	N	N	N	N	N	N	N	N	N	N	N	N	N	N	204.9419	0.0000	1555.9256	0.0000	0.0000	0.0000	243.5754	0.0000	1508.8176	0.5562	0.0000	5.4016	0.0000	0.0000	0.0000	0.7518	0.0000	5.4861	0.0027	0.0020	0.0035	0.0012	0.0014	0.0000	0.0031	0.0024	0.0036	inf	1.5076	0.0002	0.0000	2.9988	0.0243	11.1255	8.8037	0.0005	0.0000	0.0005	0.0000	0.0000	0.0000	0.0005	0.0000	0.0005	0.0004	0.0001	0.0002	0.0000	0.0000	0.0000	0.0003	0.0001	0.0002	0.0010	0.0009	0.0001	0.0003	0.0003	0.0000	0.0007	0.0006	0.0001	0.1302	0.0690	0.0612	0.0260	0.0233	0.0028	0.1042	0.0457	0.0584
56	142	0.0759	9	2	0	1	0	1	0	1	0	0	0	0	0	0	0	0	0	0	0	Y	N	N	N	N	N	N	N	N	N	N	N	N	N	N	N	N	N	41.6246	0.0000	243.5841	0.0042	0.0041	0.0000	34.5365	0.0000	237.9916	9.8013	0.0000	71.5294	0.0001	0.0001	0.0000	10.0581	0.0000	72.3087	0.2355	0.1821	0.2937	0.0123	0.0133	0.0000	0.2912	0.2740	0.3038	7401556.5605	1.4773	0.4164	0.0019	2.9988	4.9785	11.1255	5.0554	0.9989	0.0000	0.9989	0.0000	0.0000	0.0000	0.9989	0.0000	0.9989	0.0385	0.0156	0.0230	0.0004	0.0004	0.0000	0.0381	0.0152	0.0230	0.1019	0.0880	0.0140	0.0026	0.0025	0.0002	0.0993	0.0855	0.0138	0.1637	0.0854	0.0783	0.0327	0.0301	0.0026	0.1310	0.0553	0.0756
56	143	0.1150	14	2	0	1	0	0	0	0	0	0	0	1	0	0	0	0	0	0	0	Y	N	N	N	N	N	N	N	N	N	N	N	N	N	N	N	N	N	10803.6990	0.0000	35377.2900	1725697.0146	0.0000	3080657.4038	97.3928	0.0000	279.6246	3.0260	0.0000	21.6138	4.4785	0.0000	38.7565	0.0343	0.0000	0.1802	0.0003	0.0000	0.0006	0.0000	0.0000	0.0000	0.0004	0.0000	0.0006	inf	1219.3131	0.0000	0.0000	2.9988	0.0000	11.1255	3.0055	0.0000	0.0000	0.0000	0.0000	0.0000	0.0000	0.0000	0.0000	0.0000	0.0000	0.0000	0.0000	0.0000	0.0000	0.0000	0.0000	0.0000	0.0000	0.0000	0.0000	0.0000	0.0000	0.0000	0.0000	0.0000	0.0000	0.0000	0.0431	0.0234	0.0198	0.0089	0.0079	0.0010	0.0342	0.0155	0.0187
56	144	0.1019	13	2	0	1	0	0	0	0	0	1	0	1	0	0	0	0	0	0	0	Y	N	N	N	N	N	N	N	N	N	N	N	N	N	N	N	N	N	78.7303	1.0911	277.6688	8251.6546	0.0840	252102.9623	0.3092	468473.0401	0.9962	23.3502	0.0242	170.2731	478.7933	0.0051	9535.7303	0.1125	0.0252	0.6424	0.2966	0.0221	0.6132	0.0580	0.0605	0.0378	0.3639	0.0000	0.6448	1118.7847	24.0012	0.4145	0.0147	2.9988	2.0192	11.1255	6.0784	0.9965	0.0009	0.9957	0.9920	0.0000	0.9920	0.0046	0.0009	0.0037	0.0357	0.0014	0.0342	0.0015	0.0014	0.0001	0.0341	0.0000	0.0341	0.0427	0.0368	0.0058	0.0021	0.0020	0.0001	0.0406	0.0349	0.0057	0.1202	0.0644	0.0558	0.0265	0.0236	0.0029	0.0938	0.0408	0.0529
56	145	0.0972	12	2	0	1	0	1	0	0	0	0	0	0	0	0	0	0	0	0	0	Y	N	N	N	N	N	N	N	N	N	N	N	N	N	N	N	N	N	627.2960	8389.9885	0.4305	26.0749	0.0000	5315.7146	536.8686	14772.2242	0.0015	24.3309	28.1824	0.0337	0.1441	0.0000	2.4408	25.1265	29.1960	0.0001	0.0388	0.0034	0.0782	0.0055	0.0063	0.0005	0.0468	0.0020	0.0826	0.0002	20.9234	-0.5825	0.0007	2.9988	1.9811	11.1255	0.9869	0.9992	0.9990	0.0002	0.0002	0.0000	0.0002	0.9990	0.9990	0.0000	0.0016	0.0001	0.0016	0.0000	0.0000	0.0000	0.0016	0.0000	0.0016	0.0411	0.0354	0.0056	0.0013	0.0012	0.0001	0.0398	0.0342	0.0055	0.0424	0.0223	0.0201	0.0082	0.0072	0.0011	0.0342	0.0152	0.0190
57	70	0.0512	7	2	0	1	1	0	0	0	1	0	1	2	2	0	0	0	0	0	0	Y	N	N	N	Y	Y	N	N	N	N	N	N	N	N	N	N	N	N	0.0000	0.0000	0.0000	0.0000	0.0000	0.0000	0.0000	0.0000	0.0000	0.0000	0.0000	0.0000	0.0000	0.0000	0.0000	0.0000	0.0000	0.0000	0.0000	0.0000	0.0000	0.0000	0.0000	0.0000	0.0000	0.0000	0.0000			0.0000	0.0000	0.0000	2.3581	0.0000	7.4584	0.0000	0.0000	0.0000	0.0000	0.0000	0.0000	0.0000	0.0000	0.0000	0.0000	0.0000	0.0000	0.0000	0.0000	0.0000	0.0000	0.0000	0.0000	0.0000	0.0000	0.0000	0.0000	0.0000	0.0000	0.0000	0.0000	0.0000	0.0000	0.0000	0.0000	0.0000	0.0000	0.0000	0.0000	0.0000	0.0000
57	71	0.0440	6	2	0	1	1	0	0	0	1	0	0	2	1	0	0	0	0	0	0	Y	N	N	N	Y	N	N	N	N	N	N	N	N	N	N	N	N	N	0.0000	0.0000	0.0000	0.0000	0.0000	0.0000	0.0000	0.0000	0.0000	0.0000	0.0000	0.0000	0.0000	0.0000	0.0000	0.0000	0.0000	0.0000	0.0000	0.0000	0.0000	0.0000	0.0000	0.0000	0.0000	0.0000	0.0000			0.0000	0.0000	0.0000	1.7590	0.0000	3.5356	0.0000	0.0000	0.0000	0.0000	0.0000	0.0000	0.0000	0.0000	0.0000	0.0000	0.0000	0.0000	0.0000	0.0000	0.0000	0.0000	0.0000	0.0000	0.0000	0.0000	0.0000	0.0000	0.0000	0.0000	0.0000	0.0000	0.0000	0.0000	0.0000	0.0000	0.0000	0.0000	0.0000	0.0000	0.0000	0.0000
57	72	0.0407	5	2	0	1	1	0	0	0	1	1	0	2	1	0	0	0	0	0	0	Y	N	N	N	Y	N	N	N	N	N	N	N	N	N	N	N	N	N	0.0000	0.0000	0.0000	0.0000	0.0000	0.0000	0.0000	0.0000	0.0000	0.0000	0.0000	0.0000	0.0000	0.0000	0.0000	0.0000	0.0000	0.0000	0.0000	0.0000	0.0000	0.0000	0.0000	0.0000	0.0000	0.0000	0.0000			0.0000	0.0000	0.0000	0.0029	0.0000	2.4186	0.0000	0.0000	0.0000	0.0000	0.0000	0.0000	0.0000	0.0000	0.0000	0.0000	0.0000	0.0000	0.0000	0.0000	0.0000	0.0000	0.0000	0.0000	0.0000	0.0000	0.0000	0.0000	0.0000	0.0000	0.0000	0.0000	0.0000	0.0000	0.0000	0.0000	0.0000	0.0000	0.0000	0.0000	0.0000	0.0000
57	78	0.1261	20	2	0	1	1	0	0	0	1	0	1	1	2	0	0	0	0	0	0	Y	N	N	N	N	Y	N	N	N	N	N	N	N	N	N	N	N	N	0.0000	0.0000	0.0000	0.0000	0.0000	0.0000	0.0000	0.0000	0.0000	0.0000	0.0000	0.0000	0.0000	0.0000	0.0000	0.0000	0.0000	0.0000	0.0000	0.0000	0.0000	0.0000	0.0000	0.0000	0.0000	0.0000	0.0000			0.0000	0.0000	0.0000	0.0166	0.0000	12.2009	0.0000	0.0000	0.0000	0.0000	0.0000	0.0000	0.0000	0.0000	0.0000	0.0000	0.0000	0.0000	0.0000	0.0000	0.0000	0.0000	0.0000	0.0000	0.0000	0.0000	0.0000	0.0000	0.0000	0.0000	0.0000	0.0000	0.0000	0.0000	0.0000	0.0000	0.0000	0.0000	0.0000	0.0000	0.0000	0.0000
57	79	0.1119	19	2	0	1	1	1	0	0	1	0	0	1	1	0	0	0	0	0	0	Y	N	N	N	N	N	N	N	N	N	N	N	N	N	N	N	N	N	0.0000	0.0000	0.0000	0.0000	0.0000	0.0000	0.0000	0.0000	0.0000	0.0000	0.0000	0.0000	0.0000	0.0000	0.0000	0.0000	0.0000	0.0000	0.0000	0.0000	0.0000	0.0000	0.0000	0.0000	0.0000	0.0000	0.0000			0.0000	0.0000	0.0000	1.0285	0.0000	7.9781	0.0000	0.0000	0.0000	0.0000	0.0000	0.0000	0.0000	0.0000	0.0000	0.0000	0.0000	0.0000	0.0000	0.0000	0.0000	0.0000	0.0000	0.0000	0.0000	0.0000	0.0000	0.0000	0.0000	0.0000	0.0000	0.0000	0.0000	0.0000	0.0000	0.0000	0.0000	0.0000	0.0000	0.0000	0.0000	0.0000
57	84	0.0675	8	2	0	1	1	0	0	0	1	0	0	1	1	0	0	0	0	0	0	Y	N	N	N	N	N	N	N	N	N	N	N	N	N	N	N	N	N	0.0000	0.0000	0.0000	0.0000	0.0000	0.0000	0.0000	0.0000	0.0000	0.0000	0.0000	0.0000	0.0000	0.0000	0.0000	0.0000	0.0000	0.0000	0.0000	0.0000	0.0000	0.0000	0.0000	0.0000	0.0000	0.0000	0.0000			0.0000	0.0000	0.0000	2.9998	0.0000	15.4389	0.0000	0.0000	0.0000	0.0000	0.0000	0.0000	0.0000	0.0000	0.0000	0.0000	0.0000	0.0000	0.0000	0.0000	0.0000	0.0000	0.0000	0.0000	0.0000	0.0000	0.0000	0.0000	0.0000	0.0000	0.0000	0.0000	0.0000	0.0000	0.0000	0.0000	0.0000	0.0000	0.0000	0.0000	0.0000	0.0000
57	85	0.4474	13	1	0	1	1	0	0	0	1	1	0	2	1	0	0	0	0	0	0	N	N	N	N	Y	N	N	N	N	N	N	N	N	N	N	N	N	N	0.0000	0.0000	0.0000	0.0000	0.0000	0.0000	0.0000	0.0000	0.0000	0.0000	0.0000	0.0000	0.0000	0.0000	0.0000	0.0000	0.0000	0.0000	0.0000	0.0000	0.0000	0.0000	0.0000	0.0000	0.0000	0.0000	0.0000			0.0000	0.0000	0.0000	26.8363	0.0000	143.7566	0.0000	0.0000	0.0000	0.0000	0.0000	0.0000	0.0000	0.0000	0.0000	0.0000	0.0000	0.0000	0.0000	0.0000	0.0000	0.0000	0.0000	0.0000	0.0000	0.0000	0.0000	0.0000	0.0000	0.0000	0.0000	0.0000	0.0000	0.0000	0.0000	0.0000	0.0000	0.0000	0.0000	0.0000	0.0000	0.0000
57	88	0.0582	10	2	0	1	1	0	0	0	1	0	0	2	2	0	0	0	0	0	0	Y	N	N	N	Y	Y	N	N	N	N	N	N	N	N	N	N	N	N	0.0000	0.0000	0.0000	0.0000	0.0000	0.0000	0.0000	0.0000	0.0000	0.0000	0.0000	0.0000	0.0000	0.0000	0.0000	0.0000	0.0000	0.0000	0.0000	0.0000	0.0000	0.0000	0.0000	0.0000	0.0000	0.0000	0.0000			0.0000	0.0000	0.0000	1.0173	0.0000	8.6136	0.0000	0.0000	0.0000	0.0000	0.0000	0.0000	0.0000	0.0000	0.0000	0.0000	0.0000	0.0000	0.0000	0.0000	0.0000	0.0000	0.0000	0.0000	0.0000	0.0000	0.0000	0.0000	0.0000	0.0000	0.0000	0.0000	0.0000	0.0000	0.0000	0.0000	0.0000	0.0000	0.0000	0.0000	0.0000	0.0000
57	90	0.0582	10	2	0	1	1	0	0	0	1	0	0	2	2	0	0	0	0	0	0	Y	N	N	N	Y	Y	N	N	N	N	N	N	N	N	N	N	N	N	0.0000	0.0000	0.0000	0.0000	0.0000	0.0000	0.0000	0.0000	0.0000	0.0000	0.0000	0.0000	0.0000	0.0000	0.0000	0.0000	0.0000	0.0000	0.0000	0.0000	0.0000	0.0000	0.0000	0.0000	0.0000	0.0000	0.0000			0.0000	0.0000	0.0000	2.0138	0.0000	11.8132	0.0000	0.0000	0.0000	0.0000	0.0000	0.0000	0.0000	0.0000	0.0000	0.0000	0.0000	0.0000	0.0000	0.0000	0.0000	0.0000	0.0000	0.0000	0.0000	0.0000	0.0000	0.0000	0.0000	0.0000	0.0000	0.0000	0.0000	0.0000	0.0000	0.0000	0.0000	0.0000	0.0000	0.0000	0.0000	0.0000
57	91	0.0497	9	2	0	1	1	0	0	0	1	1	1	2	2	0	0	0	0	0	0	Y	N	N	N	Y	Y	N	N	N	N	N	N	N	N	N	N	N	N	0.0000	0.0000	0.0000	0.0000	0.0000	0.0000	0.0000	0.0000	0.0000	0.0000	0.0000	0.0000	0.0000	0.0000	0.0000	0.0000	0.0000	0.0000	0.0000	0.0000	0.0000	0.0000	0.0000	0.0000	0.0000	0.0000	0.0000			0.0000	0.0000	0.0000	1.9725	0.0000	4.2763	0.0000	0.0000	0.0000	0.0000	0.0000	0.0000	0.0000	0.0000	0.0000	0.0000	0.0000	0.0000	0.0000	0.0000	0.0000	0.0000	0.0000	0.0000	0.0000	0.0000	0.0000	0.0000	0.0000	0.0000	0.0000	0.0000	0.0000	0.0000	0.0000	0.0000	0.0000	0.0000	0.0000	0.0000	0.0000	0.0000
57	93	0.1166	14	1	0	1	1	0	0	0	1	0	0	1	2	0	0	0	0	0	0	N	N	N	N	N	Y	N	N	N	N	N	N	N	N	N	N	N	N	0.0000	0.0000	0.0000	0.0000	0.0000	0.0000	0.0000	0.0000	0.0000	0.0000	0.0000	0.0000	0.0000	0.0000	0.0000	0.0000	0.0000	0.0000	0.0000	0.0000	0.0000	0.0000	0.0000	0.0000	0.0000	0.0000	0.0000			0.0000	0.0000	0.0000	0.0000	0.0000	0.9594	0.0000	0.0000	0.0000	0.0000	0.0000	0.0000	0.0000	0.0000	0.0000	0.0000	0.0000	0.0000	0.0000	0.0000	0.0000	0.0000	0.0000	0.0000	0.0000	0.0000	0.0000	0.0000	0.0000	0.0000	0.0000	0.0000	0.0000	0.0000	0.0000	0.0000	0.0000	0.0000	0.0000	0.0000	0.0000	0.0000
57	94	0.0852	13	1	0	1	1	0	0	0	1	0	1	1	2	0	0	0	0	0	0	N	N	N	N	N	Y	N	N	N	N	N	N	N	N	N	N	N	N	0.0000	0.0000	0.0000	0.0000	0.0000	0.0000	0.0000	0.0000	0.0000	0.0000	0.0000	0.0000	0.0000	0.0000	0.0000	0.0000	0.0000	0.0000	0.0000	0.0000	0.0000	0.0000	0.0000	0.0000	0.0000	0.0000	0.0000			0.0000	0.0000	0.0000	0.0000	0.0000	18.8906	0.0000	0.0000	0.0000	0.0000	0.0000	0.0000	0.0000	0.0000	0.0000	0.0000	0.0000	0.0000	0.0000	0.0000	0.0000	0.0000	0.0000	0.0000	0.0000	0.0000	0.0000	0.0000	0.0000	0.0000	0.0000	0.0000	0.0000	0.0000	0.0000	0.0000	0.0000	0.0000	0.0000	0.0000	0.0000	0.0000
57	98	0.0049	2	2	0	1	2	0	0	0	2	0	0	2	2	0	0	0	0	0	0	Y	N	N	Y	Y	Y	N	N	N	N	N	N	N	N	N	N	N	N	0.0000	0.0000	0.0000	0.0000	0.0000	0.0000	0.0000	0.0000	0.0000	0.0000	0.0000	0.0000	0.0000	0.0000	0.0000	0.0000	0.0000	0.0000	0.0000	0.0000	0.0000	0.0000	0.0000	0.0000	0.0000	0.0000	0.0000			0.0000	0.0000	0.0000	2.9999	0.0000	3.9821	0.0000	0.0000	0.0000	0.0000	0.0000	0.0000	0.0000	0.0000	0.0000	0.0000	0.0000	0.0000	0.0000	0.0000	0.0000	0.0000	0.0000	0.0000	0.0000	0.0000	0.0000	0.0000	0.0000	0.0000	0.0000	0.0000	0.0000	0.0000	0.0000	0.0000	0.0000	0.0000	0.0000	0.0000	0.0000	0.0000
57	113	0.0423	8	2	0	1	1	0	0	0	1	0	0	1	1	0	0	0	0	0	0	Y	N	N	N	N	N	N	N	N	N	N	N	N	N	N	N	N	N	0.0000	0.0000	0.0000	0.0000	0.0000	0.0000	0.0000	0.0000	0.0000	0.0000	0.0000	0.0000	0.0000	0.0000	0.0000	0.0000	0.0000	0.0000	0.0000	0.0000	0.0000	0.0000	0.0000	0.0000	0.0000	0.0000	0.0000			0.0000	0.0000	0.0000	0.0182	0.0000	4.6661	0.0000	0.0000	0.0000	0.0000	0.0000	0.0000	0.0000	0.0000	0.0000	0.0000	0.0000	0.0000	0.0000	0.0000	0.0000	0.0000	0.0000	0.0000	0.0000	0.0000	0.0000	0.0000	0.0000	0.0000	0.0000	0.0000	0.0000	0.0000	0.0000	0.0000	0.0000	0.0000	0.0000	0.0000	0.0000	0.0000
57	114	0.0423	7	2	0	1	1	0	0	0	1	0	0	1	1	0	0	0	0	0	0	Y	N	N	N	N	N	N	N	N	N	N	N	N	N	N	N	N	N	0.0000	0.0000	0.0000	0.0000	0.0000	0.0000	0.0000	0.0000	0.0000	0.0000	0.0000	0.0000	0.0000	0.0000	0.0000	0.0000	0.0000	0.0000	0.0000	0.0000	0.0000	0.0000	0.0000	0.0000	0.0000	0.0000	0.0000			0.0000	0.0000	0.0000	0.0004	0.0000	0.0007	0.0000	0.0000	0.0000	0.0000	0.0000	0.0000	0.0000	0.0000	0.0000	0.0000	0.0000	0.0000	0.0000	0.0000	0.0000	0.0000	0.0000	0.0000	0.0000	0.0000	0.0000	0.0000	0.0000	0.0000	0.0000	0.0000	0.0000	0.0000	0.0000	0.0000	0.0000	0.0000	0.0000	0.0000	0.0000	0.0000
57	115	0.0423	6	2	0	1	1	0	0	0	1	0	0	1	1	0	0	0	0	0	0	Y	N	N	N	N	N	N	N	N	N	N	N	N	N	N	N	N	N	0.0000	0.0000	0.0000	0.0000	0.0000	0.0000	0.0000	0.0000	0.0000	0.0000	0.0000	0.0000	0.0000	0.0000	0.0000	0.0000	0.0000	0.0000	0.0000	0.0000	0.0000	0.0000	0.0000	0.0000	0.0000	0.0000	0.0000			0.0000	0.0000	0.0000	0.0004	0.0000	0.0002	0.0000	0.0000	0.0000	0.0000	0.0000	0.0000	0.0000	0.0000	0.0000	0.0000	0.0000	0.0000	0.0000	0.0000	0.0000	0.0000	0.0000	0.0000	0.0000	0.0000	0.0000	0.0000	0.0000	0.0000	0.0000	0.0000	0.0000	0.0000	0.0000	0.0000	0.0000	0.0000	0.0000	0.0000	0.0000	0.0000
57	121	0.1011	13	2	0	1	1	0	0	0	1	0	0	1	1	0	0	0	0	0	0	Y	N	N	N	N	N	N	N	N	N	N	N	N	N	N	N	N	N	0.0000	0.0000	0.0000	0.0000	0.0000	0.0000	0.0000	0.0000	0.0000	0.0000	0.0000	0.0000	0.0000	0.0000	0.0000	0.0000	0.0000	0.0000	0.0000	0.0000	0.0000	0.0000	0.0000	0.0000	0.0000	0.0000	0.0000			0.0000	0.0000	0.0000	0.0000	0.0000	1.2022	0.0000	0.0000	0.0000	0.0000	0.0000	0.0000	0.0000	0.0000	0.0000	0.0000	0.0000	0.0000	0.0000	0.0000	0.0000	0.0000	0.0000	0.0000	0.0000	0.0000	0.0000	0.0000	0.0000	0.0000	0.0000	0.0000	0.0000	0.0000	0.0000	0.0000	0.0000	0.0000	0.0000	0.0000	0.0000	0.0000
57	122	0.0797	12	2	0	1	1	1	0	0	1	0	0	1	1	0	0	0	0	0	0	Y	N	N	N	N	N	N	N	N	N	N	N	N	N	N	N	N	N	0.0000	0.0000	0.0000	0.0000	0.0000	0.0000	0.0000	0.0000	0.0000	0.0000	0.0000	0.0000	0.0000	0.0000	0.0000	0.0000	0.0000	0.0000	0.0000	0.0000	0.0000	0.0000	0.0000	0.0000	0.0000	0.0000	0.0000			0.0000	0.0000	0.0000	0.0041	0.0000	12.5856	0.0000	0.0000	0.0000	0.0000	0.0000	0.0000	0.0000	0.0000	0.0000	0.0000	0.0000	0.0000	0.0000	0.0000	0.0000	0.0000	0.0000	0.0000	0.0000	0.0000	0.0000	0.0000	0.0000	0.0000	0.0000	0.0000	0.0000	0.0000	0.0000	0.0000	0.0000	0.0000	0.0000	0.0000	0.0000	0.0000
57	132	0.1417	20	1	0	1	1	0	0	0	1	0	1	1	2	0	0	0	0	0	0	N	N	N	N	N	Y	N	N	N	N	N	N	N	N	N	N	N	N	0.0000	0.0000	0.0000	0.0000	0.0000	0.0000	0.0000	0.0000	0.0000	0.0000	0.0000	0.0000	0.0000	0.0000	0.0000	0.0000	0.0000	0.0000	0.0000	0.0000	0.0000	0.0000	0.0000	0.0000	0.0000	0.0000	0.0000			0.0000	0.0000	0.0000	0.0075	0.0000	1.9743	0.0000	0.0000	0.0000	0.0000	0.0000	0.0000	0.0000	0.0000	0.0000	0.0000	0.0000	0.0000	0.0000	0.0000	0.0000	0.0000	0.0000	0.0000	0.0000	0.0000	0.0000	0.0000	0.0000	0.0000	0.0000	0.0000	0.0000	0.0000	0.0000	0.0000	0.0000	0.0000	0.0000	0.0000	0.0000	0.0000
57	134	0.1365	18	1	0	1	1	0	0	0	1	0	1	1	2	0	0	0	0	0	0	N	N	N	N	N	Y	N	N	N	N	N	N	N	N	N	N	N	N	0.0000	0.0000	0.0000	0.0000	0.0000	0.0000	0.0000	0.0000	0.0000	0.0000	0.0000	0.0000	0.0000	0.0000	0.0000	0.0000	0.0000	0.0000	0.0000	0.0000	0.0000	0.0000	0.0000	0.0000	0.0000	0.0000	0.0000			0.0000	0.0000	0.0000	2.0569	0.0000	5.7592	0.0000	0.0000	0.0000	0.0000	0.0000	0.0000	0.0000	0.0000	0.0000	0.0000	0.0000	0.0000	0.0000	0.0000	0.0000	0.0000	0.0000	0.0000	0.0000	0.0000	0.0000	0.0000	0.0000	0.0000	0.0000	0.0000	0.0000	0.0000	0.0000	0.0000	0.0000	0.0000	0.0000	0.0000	0.0000	0.0000
57	135	0.1381	19	1	0	1	1	0	0	0	1	0	1	1	2	0	0	0	0	0	0	N	N	N	N	N	Y	N	N	N	N	N	N	N	N	N	N	N	N	0.0000	0.0000	0.0000	0.0000	0.0000	0.0000	0.0000	0.0000	0.0000	0.0000	0.0000	0.0000	0.0000	0.0000	0.0000	0.0000	0.0000	0.0000	0.0000	0.0000	0.0000	0.0000	0.0000	0.0000	0.0000	0.0000	0.0000			0.0000	0.0000	0.0000	1.0111	0.0000	8.8059	0.0000	0.0000	0.0000	0.0000	0.0000	0.0000	0.0000	0.0000	0.0000	0.0000	0.0000	0.0000	0.0000	0.0000	0.0000	0.0000	0.0000	0.0000	0.0000	0.0000	0.0000	0.0000	0.0000	0.0000	0.0000	0.0000	0.0000	0.0000	0.0000	0.0000	0.0000	0.0000	0.0000	0.0000	0.0000	0.0000
58	70	0.0512	7	2	0	1	0	0	0	0	0	0	1	2	2	0	0	0	0	0	0	Y	N	N	N	Y	Y	N	N	N	N	N	N	N	N	N	N	N	N	0.0000	0.0000	0.0000	0.0000	0.0000	0.0000	0.0000	0.0000	0.0000	0.0000	0.0000	0.0000	0.0000	0.0000	0.0000	0.0000	0.0000	0.0000	0.0000	0.0000	0.0000	0.0000	0.0000	0.0000	0.0000	0.0000	0.0000			0.0000	0.0000	0.0000	2.3581	0.0000	7.4584	0.0000	0.0000	0.0000	0.0000	0.0000	0.0000	0.0000	0.0000	0.0000	0.0000	0.0000	0.0000	0.0000	0.0000	0.0000	0.0000	0.0000	0.0000	0.0000	0.0000	0.0000	0.0000	0.0000	0.0000	0.0000	0.0000	0.0000	0.0000	0.0000	0.0000	0.0000	0.0000	0.0000	0.0000	0.0000	0.0000
58	71	0.0440	6	2	0	1	0	0	0	0	0	0	0	2	1	0	0	0	0	0	0	Y	N	N	N	Y	N	N	N	N	N	N	N	N	N	N	N	N	N	0.0000	0.0000	0.0000	0.0000	0.0000	0.0000	0.0000	0.0000	0.0000	0.0000	0.0000	0.0000	0.0000	0.0000	0.0000	0.0000	0.0000	0.0000	0.0000	0.0000	0.0000	0.0000	0.0000	0.0000	0.0000	0.0000	0.0000			0.0000	0.0000	0.0000	1.7590	0.0000	3.5356	0.0000	0.0000	0.0000	0.0000	0.0000	0.0000	0.0000	0.0000	0.0000	0.0000	0.0000	0.0000	0.0000	0.0000	0.0000	0.0000	0.0000	0.0000	0.0000	0.0000	0.0000	0.0000	0.0000	0.0000	0.0000	0.0000	0.0000	0.0000	0.0000	0.0000	0.0000	0.0000	0.0000	0.0000	0.0000	0.0000
58	72	0.0407	5	2	0	1	0	0	0	0	0	1	0	2	1	0	0	0	0	0	0	Y	N	N	N	Y	N	N	N	N	N	N	N	N	N	N	N	N	N	0.0000	0.0000	0.0000	0.0000	0.0000	0.0000	0.0000	0.0000	0.0000	0.0000	0.0000	0.0000	0.0000	0.0000	0.0000	0.0000	0.0000	0.0000	0.0000	0.0000	0.0000	0.0000	0.0000	0.0000	0.0000	0.0000	0.0000			0.0000	0.0000	0.0000	0.0029	0.0000	2.4186	0.0000	0.0000	0.0000	0.0000	0.0000	0.0000	0.0000	0.0000	0.0000	0.0000	0.0000	0.0000	0.0000	0.0000	0.0000	0.0000	0.0000	0.0000	0.0000	0.0000	0.0000	0.0000	0.0000	0.0000	0.0000	0.0000	0.0000	0.0000	0.0000	0.0000	0.0000	0.0000	0.0000	0.0000	0.0000	0.0000
58	78	0.1261	20	2	0	1	0	0	0	0	0	0	1	1	2	0	0	0	0	0	0	Y	N	N	N	N	Y	N	N	N	N	N	N	N	N	N	N	N	N	0.0000	0.0000	0.0000	0.0000	0.0000	0.0000	0.0000	0.0000	0.0000	0.0000	0.0000	0.0000	0.0000	0.0000	0.0000	0.0000	0.0000	0.0000	0.0000	0.0000	0.0000	0.0000	0.0000	0.0000	0.0000	0.0000	0.0000			0.0000	0.0000	0.0000	0.0166	0.0000	12.2009	0.0000	0.0000	0.0000	0.0000	0.0000	0.0000	0.0000	0.0000	0.0000	0.0000	0.0000	0.0000	0.0000	0.0000	0.0000	0.0000	0.0000	0.0000	0.0000	0.0000	0.0000	0.0000	0.0000	0.0000	0.0000	0.0000	0.0000	0.0000	0.0000	0.0000	0.0000	0.0000	0.0000	0.0000	0.0000	0.0000
58	79	0.1119	19	2	0	1	0	1	0	0	0	0	0	1	1	0	0	0	0	0	0	Y	N	N	N	N	N	N	N	N	N	N	N	N	N	N	N	N	N	0.0000	0.0000	0.0000	0.0000	0.0000	0.0000	0.0000	0.0000	0.0000	0.0000	0.0000	0.0000	0.0000	0.0000	0.0000	0.0000	0.0000	0.0000	0.0000	0.0000	0.0000	0.0000	0.0000	0.0000	0.0000	0.0000	0.0000			0.0000	0.0000	0.0000	1.0285	0.0000	7.9781	0.0000	0.0000	0.0000	0.0000	0.0000	0.0000	0.0000	0.0000	0.0000	0.0000	0.0000	0.0000	0.0000	0.0000	0.0000	0.0000	0.0000	0.0000	0.0000	0.0000	0.0000	0.0000	0.0000	0.0000	0.0000	0.0000	0.0000	0.0000	0.0000	0.0000	0.0000	0.0000	0.0000	0.0000	0.0000	0.0000
58	84	0.0675	8	2	0	1	0	0	0	0	0	0	0	1	1	0	0	0	0	0	0	Y	N	N	N	N	N	N	N	N	N	N	N	N	N	N	N	N	N	0.0000	0.0000	0.0000	0.0000	0.0000	0.0000	0.0000	0.0000	0.0000	0.0000	0.0000	0.0000	0.0000	0.0000	0.0000	0.0000	0.0000	0.0000	0.0000	0.0000	0.0000	0.0000	0.0000	0.0000	0.0000	0.0000	0.0000			0.0000	0.0000	0.0000	2.9998	0.0000	15.4389	0.0000	0.0000	0.0000	0.0000	0.0000	0.0000	0.0000	0.0000	0.0000	0.0000	0.0000	0.0000	0.0000	0.0000	0.0000	0.0000	0.0000	0.0000	0.0000	0.0000	0.0000	0.0000	0.0000	0.0000	0.0000	0.0000	0.0000	0.0000	0.0000	0.0000	0.0000	0.0000	0.0000	0.0000	0.0000	0.0000
58	85	0.4474	13	1	0	1	0	0	0	0	0	1	0	2	1	0	0	0	0	0	0	N	N	N	N	Y	N	N	N	N	N	N	N	N	N	N	N	N	N	0.0000	0.0000	0.0000	0.0000	0.0000	0.0000	0.0000	0.0000	0.0000	0.0000	0.0000	0.0000	0.0000	0.0000	0.0000	0.0000	0.0000	0.0000	0.0000	0.0000	0.0000	0.0000	0.0000	0.0000	0.0000	0.0000	0.0000			0.0000	0.0000	0.0000	26.8363	0.0000	143.7566	0.0000	0.0000	0.0000	0.0000	0.0000	0.0000	0.0000	0.0000	0.0000	0.0000	0.0000	0.0000	0.0000	0.0000	0.0000	0.0000	0.0000	0.0000	0.0000	0.0000	0.0000	0.0000	0.0000	0.0000	0.0000	0.0000	0.0000	0.0000	0.0000	0.0000	0.0000	0.0000	0.0000	0.0000	0.0000	0.0000
58	88	0.0582	10	2	0	1	0	0	0	0	0	0	0	2	2	0	0	0	0	0	0	Y	N	N	N	Y	Y	N	N	N	N	N	N	N	N	N	N	N	N	0.0000	0.0000	0.0000	0.0000	0.0000	0.0000	0.0000	0.0000	0.0000	0.0000	0.0000	0.0000	0.0000	0.0000	0.0000	0.0000	0.0000	0.0000	0.0000	0.0000	0.0000	0.0000	0.0000	0.0000	0.0000	0.0000	0.0000			0.0000	0.0000	0.0000	1.0173	0.0000	8.6136	0.0000	0.0000	0.0000	0.0000	0.0000	0.0000	0.0000	0.0000	0.0000	0.0000	0.0000	0.0000	0.0000	0.0000	0.0000	0.0000	0.0000	0.0000	0.0000	0.0000	0.0000	0.0000	0.0000	0.0000	0.0000	0.0000	0.0000	0.0000	0.0000	0.0000	0.0000	0.0000	0.0000	0.0000	0.0000	0.0000
58	90	0.0582	10	2	0	1	0	0	0	0	0	0	0	2	2	0	0	0	0	0	0	Y	N	N	N	Y	Y	N	N	N	N	N	N	N	N	N	N	N	N	0.0000	0.0000	0.0000	0.0000	0.0000	0.0000	0.0000	0.0000	0.0000	0.0000	0.0000	0.0000	0.0000	0.0000	0.0000	0.0000	0.0000	0.0000	0.0000	0.0000	0.0000	0.0000	0.0000	0.0000	0.0000	0.0000	0.0000			0.0000	0.0000	0.0000	2.0138	0.0000	11.8132	0.0000	0.0000	0.0000	0.0000	0.0000	0.0000	0.0000	0.0000	0.0000	0.0000	0.0000	0.0000	0.0000	0.0000	0.0000	0.0000	0.0000	0.0000	0.0000	0.0000	0.0000	0.0000	0.0000	0.0000	0.0000	0.0000	0.0000	0.0000	0.0000	0.0000	0.0000	0.0000	0.0000	0.0000	0.0000	0.0000
58	91	0.0497	9	2	0	1	0	0	0	0	0	1	1	2	2	0	0	0	0	0	0	Y	N	N	N	Y	Y	N	N	N	N	N	N	N	N	N	N	N	N	0.0000	0.0000	0.0000	0.0000	0.0000	0.0000	0.0000	0.0000	0.0000	0.0000	0.0000	0.0000	0.0000	0.0000	0.0000	0.0000	0.0000	0.0000	0.0000	0.0000	0.0000	0.0000	0.0000	0.0000	0.0000	0.0000	0.0000			0.0000	0.0000	0.0000	1.9725	0.0000	4.2763	0.0000	0.0000	0.0000	0.0000	0.0000	0.0000	0.0000	0.0000	0.0000	0.0000	0.0000	0.0000	0.0000	0.0000	0.0000	0.0000	0.0000	0.0000	0.0000	0.0000	0.0000	0.0000	0.0000	0.0000	0.0000	0.0000	0.0000	0.0000	0.0000	0.0000	0.0000	0.0000	0.0000	0.0000	0.0000	0.0000
58	93	0.1166	14	1	0	1	0	0	0	0	0	0	0	1	2	0	0	0	0	0	0	N	N	N	N	N	Y	N	N	N	N	N	N	N	N	N	N	N	N	0.0000	0.0000	0.0000	0.0000	0.0000	0.0000	0.0000	0.0000	0.0000	0.0000	0.0000	0.0000	0.0000	0.0000	0.0000	0.0000	0.0000	0.0000	0.0000	0.0000	0.0000	0.0000	0.0000	0.0000	0.0000	0.0000	0.0000			0.0000	0.0000	0.0000	0.0000	0.0000	0.9594	0.0000	0.0000	0.0000	0.0000	0.0000	0.0000	0.0000	0.0000	0.0000	0.0000	0.0000	0.0000	0.0000	0.0000	0.0000	0.0000	0.0000	0.0000	0.0000	0.0000	0.0000	0.0000	0.0000	0.0000	0.0000	0.0000	0.0000	0.0000	0.0000	0.0000	0.0000	0.0000	0.0000	0.0000	0.0000	0.0000
58	94	0.0852	13	1	0	1	0	0	0	0	0	0	1	1	2	0	0	0	0	0	0	N	N	N	N	N	Y	N	N	N	N	N	N	N	N	N	N	N	N	0.0000	0.0000	0.0000	0.0000	0.0000	0.0000	0.0000	0.0000	0.0000	0.0000	0.0000	0.0000	0.0000	0.0000	0.0000	0.0000	0.0000	0.0000	0.0000	0.0000	0.0000	0.0000	0.0000	0.0000	0.0000	0.0000	0.0000			0.0000	0.0000	0.0000	0.0000	0.0000	18.8906	0.0000	0.0000	0.0000	0.0000	0.0000	0.0000	0.0000	0.0000	0.0000	0.0000	0.0000	0.0000	0.0000	0.0000	0.0000	0.0000	0.0000	0.0000	0.0000	0.0000	0.0000	0.0000	0.0000	0.0000	0.0000	0.0000	0.0000	0.0000	0.0000	0.0000	0.0000	0.0000	0.0000	0.0000	0.0000	0.0000
58	98	0.0049	2	2	0	1	1	0	0	0	1	0	0	2	2	0	0	0	0	0	0	Y	N	N	N	Y	Y	N	N	N	N	N	N	N	N	N	N	N	N	0.0000	0.0000	0.0000	0.0000	0.0000	0.0000	0.0000	0.0000	0.0000	0.0000	0.0000	0.0000	0.0000	0.0000	0.0000	0.0000	0.0000	0.0000	0.0000	0.0000	0.0000	0.0000	0.0000	0.0000	0.0000	0.0000	0.0000			0.0000	0.0000	0.0000	2.9999	0.0000	3.9821	0.0000	0.0000	0.0000	0.0000	0.0000	0.0000	0.0000	0.0000	0.0000	0.0000	0.0000	0.0000	0.0000	0.0000	0.0000	0.0000	0.0000	0.0000	0.0000	0.0000	0.0000	0.0000	0.0000	0.0000	0.0000	0.0000	0.0000	0.0000	0.0000	0.0000	0.0000	0.0000	0.0000	0.0000	0.0000	0.0000
58	113	0.0423	8	2	0	1	0	0	0	0	0	0	0	1	1	0	0	0	0	0	0	Y	N	N	N	N	N	N	N	N	N	N	N	N	N	N	N	N	N	0.0000	0.0000	0.0000	0.0000	0.0000	0.0000	0.0000	0.0000	0.0000	0.0000	0.0000	0.0000	0.0000	0.0000	0.0000	0.0000	0.0000	0.0000	0.0000	0.0000	0.0000	0.0000	0.0000	0.0000	0.0000	0.0000	0.0000			0.0000	0.0000	0.0000	0.0182	0.0000	4.6661	0.0000	0.0000	0.0000	0.0000	0.0000	0.0000	0.0000	0.0000	0.0000	0.0000	0.0000	0.0000	0.0000	0.0000	0.0000	0.0000	0.0000	0.0000	0.0000	0.0000	0.0000	0.0000	0.0000	0.0000	0.0000	0.0000	0.0000	0.0000	0.0000	0.0000	0.0000	0.0000	0.0000	0.0000	0.0000	0.0000
58	114	0.0423	7	2	0	1	0	0	0	0	0	0	0	1	1	0	0	0	0	0	0	Y	N	N	N	N	N	N	N	N	N	N	N	N	N	N	N	N	N	0.0000	0.0000	0.0000	0.0000	0.0000	0.0000	0.0000	0.0000	0.0000	0.0000	0.0000	0.0000	0.0000	0.0000	0.0000	0.0000	0.0000	0.0000	0.0000	0.0000	0.0000	0.0000	0.0000	0.0000	0.0000	0.0000	0.0000			0.0000	0.0000	0.0000	0.0004	0.0000	0.0007	0.0000	0.0000	0.0000	0.0000	0.0000	0.0000	0.0000	0.0000	0.0000	0.0000	0.0000	0.0000	0.0000	0.0000	0.0000	0.0000	0.0000	0.0000	0.0000	0.0000	0.0000	0.0000	0.0000	0.0000	0.0000	0.0000	0.0000	0.0000	0.0000	0.0000	0.0000	0.0000	0.0000	0.0000	0.0000	0.0000
58	115	0.0423	6	2	0	1	0	0	0	0	0	0	0	1	1	0	0	0	0	0	0	Y	N	N	N	N	N	N	N	N	N	N	N	N	N	N	N	N	N	0.0000	0.0000	0.0000	0.0000	0.0000	0.0000	0.0000	0.0000	0.0000	0.0000	0.0000	0.0000	0.0000	0.0000	0.0000	0.0000	0.0000	0.0000	0.0000	0.0000	0.0000	0.0000	0.0000	0.0000	0.0000	0.0000	0.0000			0.0000	0.0000	0.0000	0.0004	0.0000	0.0002	0.0000	0.0000	0.0000	0.0000	0.0000	0.0000	0.0000	0.0000	0.0000	0.0000	0.0000	0.0000	0.0000	0.0000	0.0000	0.0000	0.0000	0.0000	0.0000	0.0000	0.0000	0.0000	0.0000	0.0000	0.0000	0.0000	0.0000	0.0000	0.0000	0.0000	0.0000	0.0000	0.0000	0.0000	0.0000	0.0000
58	121	0.1011	13	2	0	1	0	0	0	0	0	0	0	1	1	0	0	0	0	0	0	Y	N	N	N	N	N	N	N	N	N	N	N	N	N	N	N	N	N	0.0000	0.0000	0.0000	0.0000	0.0000	0.0000	0.0000	0.0000	0.0000	0.0000	0.0000	0.0000	0.0000	0.0000	0.0000	0.0000	0.0000	0.0000	0.0000	0.0000	0.0000	0.0000	0.0000	0.0000	0.0000	0.0000	0.0000			0.0000	0.0000	0.0000	0.0000	0.0000	1.2022	0.0000	0.0000	0.0000	0.0000	0.0000	0.0000	0.0000	0.0000	0.0000	0.0000	0.0000	0.0000	0.0000	0.0000	0.0000	0.0000	0.0000	0.0000	0.0000	0.0000	0.0000	0.0000	0.0000	0.0000	0.0000	0.0000	0.0000	0.0000	0.0000	0.0000	0.0000	0.0000	0.0000	0.0000	0.0000	0.0000
58	122	0.0797	12	2	0	1	0	1	0	0	0	0	0	1	1	0	0	0	0	0	0	Y	N	N	N	N	N	N	N	N	N	N	N	N	N	N	N	N	N	0.0000	0.0000	0.0000	0.0000	0.0000	0.0000	0.0000	0.0000	0.0000	0.0000	0.0000	0.0000	0.0000	0.0000	0.0000	0.0000	0.0000	0.0000	0.0000	0.0000	0.0000	0.0000	0.0000	0.0000	0.0000	0.0000	0.0000			0.0000	0.0000	0.0000	0.0041	0.0000	12.5856	0.0000	0.0000	0.0000	0.0000	0.0000	0.0000	0.0000	0.0000	0.0000	0.0000	0.0000	0.0000	0.0000	0.0000	0.0000	0.0000	0.0000	0.0000	0.0000	0.0000	0.0000	0.0000	0.0000	0.0000	0.0000	0.0000	0.0000	0.0000	0.0000	0.0000	0.0000	0.0000	0.0000	0.0000	0.0000	0.0000
58	132	0.1417	20	1	0	1	0	0	0	0	0	0	1	1	2	0	0	0	0	0	0	N	N	N	N	N	Y	N	N	N	N	N	N	N	N	N	N	N	N	0.0000	0.0000	0.0000	0.0000	0.0000	0.0000	0.0000	0.0000	0.0000	0.0000	0.0000	0.0000	0.0000	0.0000	0.0000	0.0000	0.0000	0.0000	0.0000	0.0000	0.0000	0.0000	0.0000	0.0000	0.0000	0.0000	0.0000			0.0000	0.0000	0.0000	0.0075	0.0000	1.9743	0.0000	0.0000	0.0000	0.0000	0.0000	0.0000	0.0000	0.0000	0.0000	0.0000	0.0000	0.0000	0.0000	0.0000	0.0000	0.0000	0.0000	0.0000	0.0000	0.0000	0.0000	0.0000	0.0000	0.0000	0.0000	0.0000	0.0000	0.0000	0.0000	0.0000	0.0000	0.0000	0.0000	0.0000	0.0000	0.0000
58	134	0.1365	18	1	0	1	0	0	0	0	0	0	1	1	2	0	0	0	0	0	0	N	N	N	N	N	Y	N	N	N	N	N	N	N	N	N	N	N	N	0.0000	0.0000	0.0000	0.0000	0.0000	0.0000	0.0000	0.0000	0.0000	0.0000	0.0000	0.0000	0.0000	0.0000	0.0000	0.0000	0.0000	0.0000	0.0000	0.0000	0.0000	0.0000	0.0000	0.0000	0.0000	0.0000	0.0000			0.0000	0.0000	0.0000	2.0569	0.0000	5.7592	0.0000	0.0000	0.0000	0.0000	0.0000	0.0000	0.0000	0.0000	0.0000	0.0000	0.0000	0.0000	0.0000	0.0000	0.0000	0.0000	0.0000	0.0000	0.0000	0.0000	0.0000	0.0000	0.0000	0.0000	0.0000	0.0000	0.0000	0.0000	0.0000	0.0000	0.0000	0.0000	0.0000	0.0000	0.0000	0.0000
58	135	0.1381	19	1	0	1	0	0	0	0	0	0	1	1	2	0	0	0	0	0	0	N	N	N	N	N	Y	N	N	N	N	N	N	N	N	N	N	N	N	0.0000	0.0000	0.0000	0.0000	0.0000	0.0000	0.0000	0.0000	0.0000	0.0000	0.0000	0.0000	0.0000	0.0000	0.0000	0.0000	0.0000	0.0000	0.0000	0.0000	0.0000	0.0000	0.0000	0.0000	0.0000	0.0000	0.0000			0.0000	0.0000	0.0000	1.0111	0.0000	8.8059	0.0000	0.0000	0.0000	0.0000	0.0000	0.0000	0.0000	0.0000	0.0000	0.0000	0.0000	0.0000	0.0000	0.0000	0.0000	0.0000	0.0000	0.0000	0.0000	0.0000	0.0000	0.0000	0.0000	0.0000	0.0000	0.0000	0.0000	0.0000	0.0000	0.0000	0.0000	0.0000	0.0000	0.0000	0.0000	0.0000
59	70	0.0512	6	2	0	1	0	0	0	1	0	0	1	2	2	0	0	0	0	0	0	Y	N	N	N	Y	Y	N	N	N	N	N	N	N	N	N	N	N	N	0.0000	0.0000	0.0000	0.0000	0.0000	0.0000	0.0000	0.0000	0.0000	0.0000	0.0000	0.0000	0.0000	0.0000	0.0000	0.0000	0.0000	0.0000	0.0000	0.0000	0.0000	0.0000	0.0000	0.0000	0.0000	0.0000	0.0000		0.8314	0.0000	-0.0000	0.0001	2.3581	3.0507	7.4584	0.0000	0.0000	0.0000	0.0000	0.0000	0.0000	0.0000	0.0000	0.0000	0.0000	0.0000	0.0000	0.0000	0.0000	0.0000	0.0000	0.0000	0.0000	0.0000	0.0000	0.0000	0.0000	0.0000	0.0000	0.0000	0.0000	0.0000	0.0388	0.0207	0.0181	0.0085	0.0075	0.0010	0.0302	0.0131	0.0171
59	71	0.0440	5	2	0	1	0	0	0	1	0	0	0	2	1	0	0	0	0	0	0	Y	N	N	N	Y	N	N	N	N	N	N	N	N	N	N	N	N	N	0.0000	0.0000	0.0000	0.0000	0.0000	0.0000	0.0000	0.0000	0.0000	0.0000	0.0000	0.0000	0.0000	0.0000	0.0000	0.0000	0.0000	0.0000	0.0000	0.0000	0.0000	0.0000	0.0000	0.0000	0.0000	0.0000	0.0000		0.9002	0.0000	-0.0000	0.0001	1.7590	3.0507	3.5356	0.0000	0.0000	0.0000	0.0000	0.0000	0.0000	0.0000	0.0000	0.0000	0.0000	0.0000	0.0000	0.0000	0.0000	0.0000	0.0000	0.0000	0.0000	0.0000	0.0000	0.0000	0.0000	0.0000	0.0000	0.0000	0.0000	0.0000	0.0274	0.0163	0.0111	0.0082	0.0073	0.0009	0.0193	0.0090	0.0102
59	72	0.0407	4	2	0	1	0	0	0	1	0	1	0	2	1	0	0	0	0	0	0	Y	N	N	N	Y	N	N	N	N	N	N	N	N	N	N	N	N	N	0.0000	0.0000	0.0000	0.0000	0.0000	0.0000	0.0000	0.0000	0.0000	0.0000	0.0000	0.0000	0.0000	0.0000	0.0000	0.0000	0.0000	0.0000	0.0000	0.0000	0.0000	0.0000	0.0000	0.0000	0.0000	0.0000	0.0000		inf	0.0000	0.0000	0.0001	0.0029	3.0507	2.4186	0.0000	0.0000	0.0000	0.0000	0.0000	0.0000	0.0000	0.0000	0.0000	0.0000	0.0000	0.0000	0.0000	0.0000	0.0000	0.0000	0.0000	0.0000	0.0000	0.0000	0.0000	0.0000	0.0000	0.0000	0.0000	0.0000	0.0000	0.0080	0.0039	0.0041	0.0008	0.0007	0.0001	0.0072	0.0032	0.0040
59	78	0.1261	19	2	0	1	0	0	0	1	0	0	1	1	2	0	0	0	0	0	0	Y	N	N	N	N	Y	N	N	N	N	N	N	N	N	N	N	N	N	142.9473	0.0000	302696.3054	39.8983	0.0000	inf	60069.0141	0.0000	174802.3847	0.0695	0.0000	0.4717	0.0823	0.0000	0.8176	0.0563	0.0000	0.2886	0.0005	0.0009	0.0000	0.0021	0.0023	0.0000	0.0000	0.0000	0.0000	inf	0.0015	0.0000	-0.0000	0.0001	0.0166	3.0507	12.2009	0.0000	0.0000	0.0000	0.0000	0.0000	0.0000	0.0000	0.0000	0.0000	0.0000	0.0000	0.0000	0.0000	0.0000	0.0000	0.0000	0.0000	0.0000	0.0000	0.0000	0.0000	0.0000	0.0000	0.0000	0.0000	0.0000	0.0000	0.0411	0.0222	0.0189	0.0097	0.0086	0.0011	0.0315	0.0136	0.0179
59	79	0.1119	18	2	0	1	0	1	0	1	0	0	0	1	1	0	0	0	0	0	0	Y	N	N	N	N	N	N	N	N	N	N	N	N	N	N	N	N	N	3.8927	1496.0433	0.0000	1928.4103	1675.6830	0.0000	0.0000	0.0000	0.0000	0.0028	0.0030	0.0000	0.0109	0.0109	0.0000	0.0000	0.0000	0.0000	0.0007	0.0000	0.0015	0.0000	0.0000	0.0000	0.0009	0.0000	0.0015	0.0000	676.9390	-0.0000	0.0000	0.0001	1.0285	3.0507	7.9781	0.0000	0.0000	0.0000	0.0000	0.0000	0.0000	0.0000	0.0000	0.0000	0.0000	0.0000	0.0000	0.0000	0.0000	0.0000	0.0000	0.0000	0.0000	0.0000	0.0000	0.0000	0.0000	0.0000	0.0000	0.0000	0.0000	0.0000	0.0283	0.0146	0.0137	0.0052	0.0045	0.0007	0.0230	0.0100	0.0130
59	84	0.0675	7	2	0	1	0	0	0	1	0	0	0	1	1	0	0	0	0	0	0	Y	N	N	N	N	N	N	N	N	N	N	N	N	N	N	N	N	N	0.0000	0.0000	0.0000	0.0000	0.0000	0.0000	0.0000	0.0000	0.0000	0.0000	0.0000	0.0000	0.0000	0.0000	0.0000	0.0000	0.0000	0.0000	0.1844	0.0000	0.3843	0.0000	0.0000	0.0000	0.2198	0.0000	0.3974		inf	0.0000	0.0052	0.0001	2.9998	3.0507	15.4389	0.0000	0.0000	0.0000	0.0000	0.0000	0.0000	0.0000	0.0000	0.0000	0.0114	0.0000	0.0114	0.0000	0.0000	0.0000	0.0114	0.0000	0.0114	0.0000	0.0000	0.0000	0.0000	0.0000	0.0000	0.0000	0.0000	0.0000	0.0619	0.0322	0.0297	0.0100	0.0090	0.0010	0.0519	0.0232	0.0287
59	85	0.4474	12	1	0	1	0	0	0	1	0	1	0	2	1	0	0	0	0	0	0	N	N	N	N	Y	N	N	N	N	N	N	N	N	N	N	N	N	N	0.2124	32.2991	0.0001	35.6959	37.1320	0.5341	0.0018	1028.8847	0.0000	0.2460	0.2849	0.0003	0.4321	0.5110	0.0005	0.0040	0.0045	0.0000	1.1586	0.0088	3.2929	0.0121	0.0138	0.0010	2.2113	0.0000	4.0054	0.0002	201.1207	-0.0000	0.2819	0.0001	26.8363	3.0507	143.7566	0.0000	0.0000	0.0000	0.0000	0.0000	0.0000	0.0000	0.0000	0.0000	0.6309	0.0031	0.6278	0.0032	0.0031	0.0000	0.6278	0.0000	0.6278	0.0001	0.0000	0.0000	0.0000	0.0000	0.0000	0.0000	0.0000	0.0000	0.5446	0.3539	0.1907	0.2607	0.2268	0.0339	0.2839	0.1272	0.1567
59	88	0.0582	9	2	0	1	0	0	0	1	0	0	0	2	2	0	0	0	0	0	0	Y	N	N	N	Y	Y	N	N	N	N	N	N	N	N	N	N	N	N	0.0000	0.0000	0.0000	0.0000	0.0000	0.0000	0.0000	0.0000	0.0000	0.0000	0.0000	0.0000	0.0000	0.0000	0.0000	0.0000	0.0000	0.0000	0.0000	0.0000	0.0000	0.0000	0.0000	0.0000	0.0000	0.0000	0.0000			0.0000	0.0000	0.0001	1.0173	3.0507	8.6136	0.0000	0.0000	0.0000	0.0000	0.0000	0.0000	0.0000	0.0000	0.0000	0.0000	0.0000	0.0000	0.0000	0.0000	0.0000	0.0000	0.0000	0.0000	0.0000	0.0000	0.0000	0.0000	0.0000	0.0000	0.0000	0.0000	0.0000	0.0398	0.0218	0.0181	0.0089	0.0084	0.0005	0.0309	0.0134	0.0175
59	90	0.0582	9	2	0	1	0	0	0	1	0	0	0	2	2	0	0	0	0	0	0	Y	N	N	N	Y	Y	N	N	N	N	N	N	N	N	N	N	N	N	0.0000	0.0000	0.0000	0.0000	0.0000	0.0000	0.0000	0.0000	0.0000	0.0000	0.0000	0.0000	0.0000	0.0000	0.0000	0.0000	0.0000	0.0000	0.0000	0.0000	0.0000	0.0000	0.0000	0.0000	0.0000	0.0000	0.0000			0.0000	0.0000	0.0001	2.0138	3.0507	11.8132	0.0000	0.0000	0.0000	0.0000	0.0000	0.0000	0.0000	0.0000	0.0000	0.0000	0.0000	0.0000	0.0000	0.0000	0.0000	0.0000	0.0000	0.0000	0.0000	0.0000	0.0000	0.0000	0.0000	0.0000	0.0000	0.0000	0.0000	0.0522	0.0278	0.0244	0.0105	0.0098	0.0008	0.0417	0.0181	0.0236
59	91	0.0497	8	2	0	1	0	0	0	1	0	1	1	2	2	0	0	0	0	0	0	Y	N	N	N	Y	Y	N	N	N	N	N	N	N	N	N	N	N	N	0.0000	0.0000	0.0000	0.0000	0.0000	0.0000	0.0000	0.0000	0.0000	0.0000	0.0000	0.0000	0.0000	0.0000	0.0000	0.0000	0.0000	0.0000	0.0000	0.0000	0.0000	0.0000	0.0000	0.0000	0.0000	0.0000	0.0000			0.0000	0.0000	0.0001	1.9725	3.0507	4.2763	0.0000	0.0000	0.0000	0.0000	0.0000	0.0000	0.0000	0.0000	0.0000	0.0000	0.0000	0.0000	0.0000	0.0000	0.0000	0.0000	0.0000	0.0000	0.0000	0.0000	0.0000	0.0000	0.0000	0.0000	0.0000	0.0000	0.0000	0.0258	0.0140	0.0118	0.0054	0.0050	0.0003	0.0204	0.0090	0.0115
59	93	0.1166	13	1	0	1	0	0	0	1	0	0	0	1	2	0	0	0	0	0	0	N	N	N	N	N	Y	N	N	N	N	N	N	N	N	N	N	N	N	0.0000	0.0000	0.0000	0.0000	0.0000	0.0000	0.0000	0.0000	0.0000	0.0000	0.0000	0.0000	0.0000	0.0000	0.0000	0.0000	0.0000	0.0000	0.0002	0.0000	0.0004	0.0000	0.0000	0.0000	0.0002	0.0000	0.0004		inf	0.0000	0.0000	0.0001	0.0000	3.0507	0.9594	0.0000	0.0000	0.0000	0.0000	0.0000	0.0000	0.0000	0.0000	0.0000	0.0000	0.0000	0.0000	0.0000	0.0000	0.0000	0.0000	0.0000	0.0000	0.0000	0.0000	0.0000	0.0000	0.0000	0.0000	0.0000	0.0000	0.0000	0.0034	0.0018	0.0016	0.0008	0.0007	0.0001	0.0026	0.0011	0.0015
59	94	0.0852	12	1	0	1	0	0	0	1	0	0	1	1	2	0	0	0	0	0	0	N	N	N	N	N	Y	N	N	N	N	N	N	N	N	N	N	N	N	0.0000	0.0000	0.0000	0.0000	0.0000	0.0000	0.0000	0.0000	0.0000	0.0000	0.0000	0.0000	0.0000	0.0000	0.0000	0.0000	0.0000	0.0000	0.0979	0.0003	0.2130	0.0010	0.0008	0.0026	0.1253	0.0000	0.2242		653.7713	0.0000	0.0030	0.0001	0.0000	3.0507	18.8906	0.0000	0.0000	0.0000	0.0000	0.0000	0.0000	0.0000	0.0000	0.0000	0.0066	0.0000	0.0066	0.0000	0.0000	0.0000	0.0066	0.0000	0.0066	0.0000	0.0000	0.0000	0.0000	0.0000	0.0000	0.0000	0.0000	0.0000	0.0673	0.0364	0.0309	0.0148	0.0132	0.0016	0.0525	0.0232	0.0293
59	113	0.0423	7	2	0	1	0	0	0	1	0	0	0	1	1	0	0	0	0	0	0	Y	N	N	N	N	N	N	N	N	N	N	N	N	N	N	N	N	N	0.0000	0.0000	0.0000	0.0000	0.0000	0.0000	0.0000	0.0000	0.0000	0.0000	0.0000	0.0000	0.0000	0.0000	0.0000	0.0000	0.0000	0.0000	0.0000	0.0000	0.0000	0.0000	0.0000	0.0000	0.0000	0.0000	0.0000			0.0000	0.0000	0.0001	0.0182	3.0507	4.6661	0.0000	0.0000	0.0000	0.0000	0.0000	0.0000	0.0000	0.0000	0.0000	0.0000	0.0000	0.0000	0.0000	0.0000	0.0000	0.0000	0.0000	0.0000	0.0000	0.0000	0.0000	0.0000	0.0000	0.0000	0.0000	0.0000	0.0000	0.0150	0.0072	0.0078	0.0014	0.0012	0.0002	0.0136	0.0060	0.0076
59	114	0.0423	6	2	0	1	0	0	0	1	0	0	0	1	1	0	0	0	0	0	0	Y	N	N	N	N	N	N	N	N	N	N	N	N	N	N	N	N	N	0.0000	0.0000	0.0000	0.0000	0.0000	0.0000	0.0000	0.0000	0.0000	0.0000	0.0000	0.0000	0.0000	0.0000	0.0000	0.0000	0.0000	0.0000	0.0000	0.0000	0.0000	0.0000	0.0000	0.0000	0.0000	0.0000	0.0000			0.0000	0.0000	0.0001	0.0004	3.0507	0.0007	0.0000	0.0000	0.0000	0.0000	0.0000	0.0000	0.0000	0.0000	0.0000	0.0000	0.0000	0.0000	0.0000	0.0000	0.0000	0.0000	0.0000	0.0000	0.0000	0.0000	0.0000	0.0000	0.0000	0.0000	0.0000	0.0000	0.0000	0.0000	0.0000	0.0000	0.0000	0.0000	0.0000	0.0000	0.0000	0.0000
59	115	0.0423	5	2	0	1	0	0	0	1	0	0	0	1	1	0	0	0	0	0	0	Y	N	N	N	N	N	N	N	N	N	N	N	N	N	N	N	N	N	0.0000	0.0000	0.0000	0.0000	0.0000	0.0000	0.0000	0.0000	0.0000	0.0000	0.0000	0.0000	0.0000	0.0000	0.0000	0.0000	0.0000	0.0000	0.0000	0.0000	0.0000	0.0000	0.0000	0.0000	0.0000	0.0000	0.0000			0.0000	0.0000	0.0001	0.0004	3.0507	0.0002	0.0000	0.0000	0.0000	0.0000	0.0000	0.0000	0.0000	0.0000	0.0000	0.0000	0.0000	0.0000	0.0000	0.0000	0.0000	0.0000	0.0000	0.0000	0.0000	0.0000	0.0000	0.0000	0.0000	0.0000	0.0000	0.0000	0.0000	0.0000	0.0000	0.0000	0.0000	0.0000	0.0000	0.0000	0.0000	0.0000
59	121	0.1011	12	2	0	1	0	0	0	1	0	0	0	1	1	0	0	0	0	0	0	Y	N	N	N	N	N	N	N	N	N	N	N	N	N	N	N	N	N	0.0000	0.0000	0.0000	0.0000	0.0000	0.0000	0.0000	0.0000	0.0000	0.0000	0.0000	0.0000	0.0000	0.0000	0.0000	0.0000	0.0000	0.0000	0.0002	0.0002	0.0002	0.0003	0.0003	0.0000	0.0001	0.0000	0.0002		0.7857	0.0000	-0.0000	0.0001	0.0000	3.0507	1.2022	0.0000	0.0000	0.0000	0.0000	0.0000	0.0000	0.0000	0.0000	0.0000	0.0000	0.0000	0.0000	0.0000	0.0000	0.0000	0.0000	0.0000	0.0000	0.0000	0.0000	0.0000	0.0000	0.0000	0.0000	0.0000	0.0000	0.0000	0.0088	0.0050	0.0038	0.0032	0.0031	0.0001	0.0056	0.0019	0.0037
59	122	0.0797	11	2	0	1	0	1	0	1	0	0	0	1	1	0	0	0	0	0	0	Y	N	N	N	N	N	N	N	N	N	N	N	N	N	N	N	N	N	0.0000	0.0000	0.0000	0.0000	0.0000	0.0000	0.0000	0.0000	0.0000	0.0000	0.0000	0.0000	0.0000	0.0000	0.0000	0.0000	0.0000	0.0000	0.0000	0.0000	0.0000	0.0001	0.0001	0.0000	0.0000	0.0000	0.0000		0.0000	0.0000	-0.0000	0.0001	0.0041	3.0507	12.5856	0.0000	0.0000	0.0000	0.0000	0.0000	0.0000	0.0000	0.0000	0.0000	0.0000	0.0000	0.0000	0.0000	0.0000	0.0000	0.0000	0.0000	0.0000	0.0000	0.0000	0.0000	0.0000	0.0000	0.0000	0.0000	0.0000	0.0000	0.0481	0.0272	0.0209	0.0109	0.0099	0.0010	0.0372	0.0172	0.0199
59	132	0.1417	19	1	0	1	0	0	0	1	0	0	1	1	2	0	0	0	0	0	0	N	N	N	N	N	Y	N	N	N	N	N	N	N	N	N	N	N	N	0.0000	0.0000	0.0000	0.0000	0.0000	0.0000	0.0000	0.0000	0.0000	0.0000	0.0000	0.0000	0.0000	0.0000	0.0000	0.0000	0.0000	0.0000	0.0000	0.0000	0.0000	0.0000	0.0000	0.0000	0.0000	0.0000	0.0000			0.0000	0.0000	0.0001	0.0075	3.0507	1.9743	0.0000	0.0000	0.0000	0.0000	0.0000	0.0000	0.0000	0.0000	0.0000	0.0000	0.0000	0.0000	0.0000	0.0000	0.0000	0.0000	0.0000	0.0000	0.0000	0.0000	0.0000	0.0000	0.0000	0.0000	0.0000	0.0000	0.0000	0.0064	0.0034	0.0030	0.0016	0.0013	0.0003	0.0048	0.0021	0.0027
59	134	0.1365	17	1	0	1	0	0	0	1	0	0	1	1	2	0	0	0	0	0	0	N	N	N	N	N	Y	N	N	N	N	N	N	N	N	N	N	N	N	0.0000	0.0000	0.0000	0.0000	0.0000	0.0000	0.0000	0.0000	0.0000	0.0000	0.0000	0.0000	0.0000	0.0000	0.0000	0.0000	0.0000	0.0000	0.0000	0.0000	0.0000	0.0000	0.0000	0.0000	0.0000	0.0000	0.0000			0.0000	0.0000	0.0001	2.0569	3.0507	5.7592	0.0000	0.0000	0.0000	0.0000	0.0000	0.0000	0.0000	0.0000	0.0000	0.0000	0.0000	0.0000	0.0000	0.0000	0.0000	0.0000	0.0000	0.0000	0.0000	0.0000	0.0000	0.0000	0.0000	0.0000	0.0000	0.0000	0.0000	0.0268	0.0149	0.0120	0.0069	0.0060	0.0009	0.0199	0.0089	0.0110
59	135	0.1381	18	1	0	1	0	0	0	1	0	0	1	1	2	0	0	0	0	0	0	N	N	N	N	N	Y	N	N	N	N	N	N	N	N	N	N	N	N	0.0000	0.0000	0.0000	0.0000	0.0000	0.0000	0.0000	0.0000	0.0000	0.0000	0.0000	0.0000	0.0000	0.0000	0.0000	0.0000	0.0000	0.0000	0.0000	0.0000	0.0000	0.0000	0.0000	0.0000	0.0000	0.0000	0.0000			0.0000	0.0000	0.0001	1.0111	3.0507	8.8059	0.0000	0.0000	0.0000	0.0000	0.0000	0.0000	0.0000	0.0000	0.0000	0.0000	0.0000	0.0000	0.0000	0.0000	0.0000	0.0000	0.0000	0.0000	0.0000	0.0000	0.0000	0.0000	0.0000	0.0000	0.0000	0.0000	0.0000	0.0325	0.0179	0.0146	0.0083	0.0071	0.0012	0.0243	0.0108	0.0135
60	70	0.0926	15	2	0	1	0	0	0	0	0	0	1	2	1	0	0	0	0	0	0	Y	N	N	N	Y	N	N	N	N	N	N	N	N	N	N	N	N	N	15.5906	10.8833	0.0000	0.0000	0.0000	0.0000	5049.9022	inf	0.0000	0.3903	0.4723	0.0000	0.0000	0.0000	0.0000	0.6043	0.8240	0.0000	0.0250	0.0434	0.0002	0.0845	0.0956	0.0004	0.0001	0.0000	0.0002	0.0000	0.0039	-0.0000	-0.0009	0.0010	2.3581	5.0218	7.4584	0.0000	0.0000	0.0000	0.0000	0.0000	0.0000	0.0000	0.0000	0.0000	0.0016	0.0016	0.0000	0.0016	0.0016	0.0000	0.0000	0.0000	0.0000	0.0001	0.0000	0.0000	0.0000	0.0000	0.0000	0.0000	0.0000	0.0000	0.0628	0.0361	0.0267	0.0185	0.0164	0.0022	0.0443	0.0197	0.0246
60	71	0.0854	14	2	0	1	0	0	0	0	0	0	0	2	0	0	0	0	0	0	0	Y	N	N	N	Y	N	N	N	N	N	N	N	N	N	N	N	N	N	0.0113	8.0873	0.0000	0.0000	0.0000	0.0000	0.0105	97.0828	0.0000	0.0005	0.0006	0.0000	0.0000	0.0000	0.0000	0.0007	0.0009	0.0000	0.0401	0.0001	0.1066	0.0013	0.0001	0.0092	0.0629	0.0000	0.1207	0.0000	931.2069	-0.0000	0.0008	0.0010	1.7590	5.0218	3.5356	0.0000	0.0000	0.0000	0.0000	0.0000	0.0000	0.0000	0.0000	0.0000	0.0018	0.0000	0.0018	0.0000	0.0000	0.0000	0.0018	0.0000	0.0018	0.0000	0.0000	0.0000	0.0000	0.0000	0.0000	0.0000	0.0000	0.0000	0.0444	0.0277	0.0167	0.0164	0.0143	0.0021	0.0280	0.0134	0.0146
60	72	0.0820	13	2	0	1	0	0	0	0	0	1	0	2	0	0	0	0	0	0	0	Y	N	N	N	Y	N	N	N	N	N	N	N	N	N	N	N	N	N	0.0000	0.0000	0.0000	0.0000	0.0000	0.0000	0.0000	0.0000	0.0000	0.0000	0.0000	0.0000	0.0000	0.0000	0.0000	0.0000	0.0000	0.0000	0.0000	0.0000	0.0001	0.0000	0.0000	0.0001	0.0000	0.0000	0.0001		3.6805	-0.0000	0.0000	0.0010	0.0029	5.0218	2.4186	0.0000	0.0000	0.0000	0.0000	0.0000	0.0000	0.0000	0.0000	0.0000	0.0000	0.0000	0.0000	0.0000	0.0000	0.0000	0.0000	0.0000	0.0000	0.0000	0.0000	0.0000	0.0000	0.0000	0.0000	0.0000	0.0000	0.0000	0.0128	0.0068	0.0060	0.0027	0.0023	0.0005	0.0101	0.0045	0.0055
60	78	0.0791	10	2	0	1	0	0	0	0	0	0	1	1	1	0	0	0	0	0	0	Y	N	N	N	N	N	N	N	N	N	N	N	N	N	N	N	N	N	0.4604	0.3038	0.0000	0.1962	0.2036	0.0000	0.0000	0.0000	0.0000	0.0677	0.0812	0.0000	0.1249	0.1451	0.0000	0.0000	0.0000	0.0000	0.1470	0.2674	0.0000	0.6366	0.7125	0.0000	0.0000	0.0000	0.0000	0.0000	0.0000	-0.0000	-0.0055	0.0010	0.0166	5.0218	12.2009	0.0000	0.0000	0.0000	0.0000	0.0000	0.0000	0.0000	0.0000	0.0000	0.0101	0.0101	0.0000	0.0101	0.0101	0.0000	0.0000	0.0000	0.0000	0.0000	0.0000	0.0000	0.0000	0.0000	0.0000	0.0000	0.0000	0.0000	0.0687	0.0378	0.0310	0.0159	0.0142	0.0017	0.0529	0.0236	0.0293
60	79	0.0648	9	2	0	1	0	1	0	0	0	0	0	1	0	0	0	0	0	0	0	Y	N	N	N	N	N	N	N	N	N	N	N	N	N	N	N	N	N	0.0109	0.3237	0.0000	0.0000	0.0000	0.0000	0.0135	0.3900	0.0000	0.0024	0.0029	0.0000	0.0000	0.0000	0.0000	0.0035	0.0048	0.0000	0.2159	0.0088	0.4435	0.0001	0.0000	0.0011	0.2595	0.0123	0.4641	0.0167	45.6736	-0.0000	0.0043	0.0010	1.0285	5.0218	7.9781	0.0000	0.0000	0.0000	0.0000	0.0000	0.0000	0.0000	0.0000	0.0000	0.0101	0.0002	0.0099	0.0000	0.0000	0.0000	0.0101	0.0002	0.0099	0.0000	0.0000	0.0000	0.0000	0.0000	0.0000	0.0000	0.0000	0.0000	0.0468	0.0245	0.0223	0.0079	0.0069	0.0010	0.0389	0.0176	0.0213
60	84	0.0552	10	2	0	1	0	0	0	0	0	0	0	1	0	0	0	0	0	0	0	Y	N	N	N	N	N	N	N	N	N	N	N	N	N	N	N	N	N	11565.7312	7723.2231	0.0000	0.0000	0.0000	0.0000	14109.4369	8986.8518	0.0000	2.6993	3.3252	0.0000	0.0000	0.0000	0.0000	3.9850	5.5149	0.0000	0.0002	0.0004	0.0000	0.0000	0.0000	0.0000	0.0003	0.0006	0.0000	0.0000	0.0003	-0.0001	-0.0000	0.0010	2.9998	5.0218	15.4389	0.0002	0.0002	0.0000	0.0000	0.0000	0.0000	0.0002	0.0002	0.0000	0.0000	0.0000	0.0000	0.0000	0.0000	0.0000	0.0000	0.0000	0.0000	0.0001	0.0000	0.0000	0.0000	0.0000	0.0000	0.0000	0.0000	0.0000	0.1011	0.0548	0.0463	0.0200	0.0175	0.0025	0.0811	0.0373	0.0438
60	85	0.4282	13	1	0	1	0	0	0	0	0	1	0	2	0	0	0	0	0	0	0	N	N	N	N	Y	N	N	N	N	N	N	N	N	N	N	N	N	N	0.0740	5.1144	0.0000	0.6011	5.9708	0.0000	0.0000	0.0000	0.0000	0.1667	0.2410	0.0000	0.4003	0.4032	0.0000	0.0000	0.0000	0.0000	2.2529	0.0471	6.5802	0.6659	0.0675	4.1804	3.8773	0.0088	7.2492	0.0000	71.1741	-0.0001	0.8941	0.0010	26.8363	5.0218	143.7566	0.0002	0.0002	0.0000	0.0002	0.0002	0.0000	0.0000	0.0000	0.0000	2.0418	0.0283	2.0135	0.3053	0.0265	0.2788	1.7365	0.0018	1.7347	0.0009	0.0006	0.0003	0.0004	0.0004	0.0000	0.0005	0.0003	0.0003	0.9063	0.6003	0.3060	0.4585	0.3918	0.0667	0.4479	0.2086	0.2393
60	88	0.0963	16	2	0	1	0	0	0	0	0	0	0	2	1	0	0	0	0	0	0	Y	N	N	N	Y	N	N	N	N	N	N	N	N	N	N	N	N	N	0.7156	2.0296	0.0000	2.6131	2.4673	0.0000	0.0000	0.0000	0.0000	0.0007	0.0008	0.0000	0.0021	0.0021	0.0000	0.0000	0.0000	0.0000	0.0010	0.0004	0.0017	0.0008	0.0008	0.0004	0.0010	0.0000	0.0018	0.0000	2.9544	-0.0000	0.0000	0.0010	1.0173	5.0218	8.6136	0.0000	0.0000	0.0000	0.0000	0.0000	0.0000	0.0000	0.0000	0.0000	0.0001	0.0000	0.0000	0.0000	0.0000	0.0000	0.0000	0.0000	0.0000	0.0000	0.0000	0.0000	0.0000	0.0000	0.0000	0.0000	0.0000	0.0000	0.0644	0.0375	0.0269	0.0200	0.0180	0.0020	0.0444	0.0195	0.0249
60	90	0.0963	16	2	0	1	0	0	0	0	0	0	0	2	1	0	0	0	0	0	0	Y	N	N	N	Y	N	N	N	N	N	N	N	N	N	N	N	N	N	2731.7621	1943.0708	0.0000	0.0000	0.0000	0.0000	286340.6559	inf	0.0000	0.4976	0.6130	0.0000	0.0000	0.0000	0.0000	0.7388	1.0238	0.0000	0.0002	0.0003	0.0000	0.0006	0.0007	0.0000	0.0000	0.0000	0.0000	0.0000	0.0101	-0.0000	-0.0000	0.0010	2.0138	5.0218	11.8132	0.0000	0.0000	0.0000	0.0000	0.0000	0.0000	0.0000	0.0000	0.0000	0.0000	0.0000	0.0000	0.0000	0.0000	0.0000	0.0000	0.0000	0.0000	0.0000	0.0000	0.0000	0.0000	0.0000	0.0000	0.0000	0.0000	0.0000	0.0843	0.0482	0.0361	0.0248	0.0220	0.0028	0.0595	0.0262	0.0333
60	91	0.0878	15	2	0	1	0	0	0	0	0	1	1	2	1	0	0	0	0	0	0	Y	N	N	N	Y	N	N	N	N	N	N	N	N	N	N	N	N	N	0.4283	0.5433	0.0000	0.0000	0.0000	0.0000	1.0339	254.8348	0.0000	0.0004	0.0004	0.0000	0.0000	0.0000	0.0000	0.0005	0.0007	0.0000	0.0008	0.0008	0.0009	0.0016	0.0018	0.0002	0.0005	0.0000	0.0009	0.0000	0.7791	-0.0000	-0.0000	0.0010	1.9725	5.0218	4.2763	0.0000	0.0000	0.0000	0.0000	0.0000	0.0000	0.0000	0.0000	0.0000	0.0000	0.0000	0.0000	0.0000	0.0000	0.0000	0.0000	0.0000	0.0000	0.0000	0.0000	0.0000	0.0000	0.0000	0.0000	0.0000	0.0000	0.0000	0.0417	0.0241	0.0176	0.0123	0.0110	0.0013	0.0294	0.0131	0.0163
60	98	0.1178	16	2	0	1	1	0	0	0	1	0	0	2	1	0	0	0	0	0	0	Y	N	N	N	Y	N	N	N	N	N	N	N	N	N	N	N	N	N	0.0000	0.0000	0.0000	0.0000	0.0000	0.0000	0.0000	0.0000	0.0000	0.0000	0.0000	0.0000	0.0000	0.0000	0.0000	0.0000	0.0000	0.0000	0.0016	0.0030	0.0000	0.0066	0.0078	0.0000	0.0000	0.0000	0.0000		0.0000	0.0000	-0.0000	0.0010	2.9999	5.0218	3.9821	0.0000	0.0000	0.0000	0.0000	0.0000	0.0000	0.0000	0.0000	0.0000	0.0001	0.0001	0.0000	0.0001	0.0001	0.0000	0.0000	0.0000	0.0000	0.0001	0.0000	0.0000	0.0000	0.0000	0.0000	0.0000	0.0000	0.0000	0.0368	0.0201	0.0167	0.0090	0.0076	0.0014	0.0278	0.0125	0.0153
60	99	0.1147	15	2	0	1	0	0	0	0	0	0	0	2	1	0	0	0	0	0	0	Y	N	N	N	Y	N	N	N	N	N	N	N	N	N	N	N	N	N	0.0000	0.0000	0.0000	0.0000	0.0000	0.0000	0.0000	0.0000	0.0000	0.0000	0.0000	0.0000	0.0000	0.0000	0.0000	0.0000	0.0000	0.0000	0.6890	1.2364	0.0110	2.5902	2.9792	0.0000	0.0067	0.0000	0.0119		0.0072	-0.0000	-0.0045	0.0010	0.0003	5.0218	2.0601	0.0000	0.0000	0.0000	0.0000	0.0000	0.0000	0.0000	0.0000	0.0000	0.0083	0.0082	0.0001	0.0082	0.0082	0.0000	0.0001	0.0000	0.0001	0.0000	0.0000	0.0000	0.0000	0.0000	0.0000	0.0000	0.0000	0.0000	0.0120	0.0067	0.0054	0.0032	0.0028	0.0004	0.0088	0.0039	0.0050
60	100	0.0949	14	2	0	1	0	0	0	0	0	1	1	2	1	0	0	0	0	0	0	Y	N	N	N	Y	N	N	N	N	N	N	N	N	N	N	N	N	N	2.7038	230.8527	0.0000	0.0000	0.0000	0.0000	3.0707	4353.8084	0.0000	0.3366	0.4147	0.0000	0.0000	0.0000	0.0000	0.4972	0.6881	0.0000	0.1245	0.0018	0.2709	0.0039	0.0046	0.0000	0.1619	0.0002	0.2931	0.0000	126.4059	-0.0000	0.0037	0.0010	3.0014	5.0218	9.1620	0.0000	0.0000	0.0000	0.0000	0.0000	0.0000	0.0000	0.0000	0.0000	0.0083	0.0001	0.0082	0.0001	0.0001	0.0000	0.0082	0.0000	0.0082	0.0001	0.0000	0.0000	0.0000	0.0000	0.0000	0.0000	0.0000	0.0000	0.0666	0.0362	0.0304	0.0158	0.0135	0.0023	0.0508	0.0227	0.0281
60	101	0.0820	13	2	0	1	0	0	0	0	0	0	0	1	0	0	0	0	0	0	0	Y	N	N	N	N	N	N	N	N	N	N	N	N	N	N	N	N	N	2.6435	1.7765	0.0000	0.0000	0.0000	0.0000	6.0302	3.9998	0.0000	0.0774	0.0950	0.0000	0.0000	0.0000	0.0000	0.1150	0.1587	0.0000	0.0293	0.0535	0.0020	0.0678	0.0817	0.0000	0.0191	0.0397	0.0022	0.0000	0.0340	-0.0000	-0.0006	0.0010	0.0077	5.0218	8.0757	0.0000	0.0000	0.0000	0.0000	0.0000	0.0000	0.0000	0.0000	0.0000	0.0012	0.0012	0.0000	0.0006	0.0006	0.0000	0.0006	0.0006	0.0000	0.0000	0.0000	0.0000	0.0000	0.0000	0.0000	0.0000	0.0000	0.0000	0.0415	0.0220	0.0195	0.0087	0.0072	0.0015	0.0328	0.0148	0.0180
60	102	0.0804	12	2	0	1	0	0	0	0	0	0	0	1	0	0	0	0	0	0	0	Y	N	N	N	N	N	N	N	N	N	N	N	N	N	N	N	N	N	0.0000	0.0000	0.0000	0.0000	0.0000	0.0000	0.0000	0.0000	0.0000	0.0000	0.0000	0.0000	0.0000	0.0000	0.0000	0.0000	0.0000	0.0000	0.0000	0.0001	0.0000	0.0001	0.0002	0.0000	0.0000	0.0000	0.0000		0.0097	0.0000	-0.0000	0.0010	0.0011	5.0218	1.0060	0.0000	0.0000	0.0000	0.0000	0.0000	0.0000	0.0000	0.0000	0.0000	0.0000	0.0000	0.0000	0.0000	0.0000	0.0000	0.0000	0.0000	0.0000	0.0000	0.0000	0.0000	0.0000	0.0000	0.0000	0.0000	0.0000	0.0000	0.0053	0.0028	0.0025	0.0011	0.0009	0.0002	0.0042	0.0019	0.0023
60	113	0.0804	14	2	0	1	0	0	0	0	0	0	0	1	0	0	0	0	0	0	0	Y	N	N	N	N	N	N	N	N	N	N	N	N	N	N	N	N	N	0.0000	0.0000	0.0000	0.0000	0.0000	0.0000	0.0000	0.0000	0.0000	0.0000	0.0000	0.0000	0.0000	0.0000	0.0000	0.0000	0.0000	0.0000	0.0008	0.0000	0.0017	0.0001	0.0001	0.0004	0.0010	0.0000	0.0018		50.2816	0.0000	0.0000	0.0010	0.0182	5.0218	4.6661	0.0000	0.0000	0.0000	0.0000	0.0000	0.0000	0.0000	0.0000	0.0000	0.0000	0.0000	0.0000	0.0000	0.0000	0.0000	0.0000	0.0000	0.0000	0.0000	0.0000	0.0000	0.0000	0.0000	0.0000	0.0000	0.0000	0.0000	0.0241	0.0127	0.0114	0.0050	0.0041	0.0009	0.0192	0.0086	0.0105
60	114	0.0804	13	2	0	1	0	0	0	0	0	0	0	1	0	0	0	0	0	0	0	Y	N	N	N	N	N	N	N	N	N	N	N	N	N	N	N	N	N	0.0000	0.0000	0.0000	0.0000	0.0000	0.0000	0.0000	0.0000	0.0000	0.0000	0.0000	0.0000	0.0000	0.0000	0.0000	0.0000	0.0000	0.0000	0.0170	0.0145	0.0206	0.0297	0.0320	0.0057	0.0118	0.0000	0.0216		0.9986	0.0000	-0.0000	0.0010	0.0004	5.0218	0.0007	0.0000	0.0000	0.0000	0.0000	0.0000	0.0000	0.0000	0.0000	0.0000	0.0000	0.0000	0.0000	0.0000	0.0000	0.0000	0.0000	0.0000	0.0000	0.0000	0.0000	0.0000	0.0000	0.0000	0.0000	0.0000	0.0000	0.0000	0.0000	0.0000	0.0000	0.0000	0.0000	0.0000	0.0000	0.0000	0.0000
60	115	0.0804	12	2	0	1	0	0	0	0	0	0	0	1	0	0	0	0	0	0	0	Y	N	N	N	N	N	N	N	N	N	N	N	N	N	N	N	N	N	0.0000	0.0000	0.0000	0.0000	0.0000	0.0000	0.0000	0.0000	0.0000	0.0000	0.0000	0.0000	0.0000	0.0000	0.0000	0.0000	0.0000	0.0000	0.0197	0.0148	0.0294	0.0276	0.0285	0.0100	0.0152	0.0000	0.0304		1.0000	0.0000	-0.0000	0.0010	0.0004	5.0218	0.0002	0.0000	0.0000	0.0000	0.0000	0.0000	0.0000	0.0000	0.0000	0.0000	0.0000	0.0000	0.0000	0.0000	0.0000	0.0000	0.0000	0.0000	0.0000	0.0000	0.0000	0.0000	0.0000	0.0000	0.0000	0.0000	0.0000	0.0000	0.0000	0.0000	0.0000	0.0000	0.0000	0.0000	0.0000	0.0000	0.0000
60	116	0.0600	11	2	0	1	0	0	0	0	0	0	0	1	0	0	0	0	0	0	0	Y	N	N	N	N	N	N	N	N	N	N	N	N	N	N	N	N	N	0.0000	0.0000	0.0000	0.0000	0.0000	0.0000	0.0000	0.0000	0.0000	0.0000	0.0000	0.0000	0.0000	0.0000	0.0000	0.0000	0.0000	0.0000	0.0159	0.0282	0.0000	0.0022	0.0024	0.0000	0.0201	0.0431	0.0000		0.0005	0.0000	-0.0007	0.0010	0.0012	5.0218	12.6705	0.0000	0.0000	0.0000	0.0000	0.0000	0.0000	0.0000	0.0000	0.0000	0.0012	0.0012	0.0000	0.0000	0.0000	0.0000	0.0012	0.0012	0.0000	0.0000	0.0000	0.0000	0.0000	0.0000	0.0000	0.0000	0.0000	0.0000	0.0780	0.0441	0.0339	0.0181	0.0162	0.0019	0.0598	0.0279	0.0320
60	117	0.0552	10	2	0	1	0	0	0	0	0	0	0	1	0	0	0	0	0	0	0	Y	N	N	N	N	N	N	N	N	N	N	N	N	N	N	N	N	N	81.7933	63.3725	0.0000	476.0225	551.0227	0.0000	0.0000	0.0000	0.0000	0.1068	0.1355	0.0000	0.2077	0.2625	0.0000	0.0000	0.0000	0.0000	0.0013	0.0021	0.0000	0.0004	0.0005	0.0000	0.0017	0.0035	0.0000	0.0000	0.0011	-0.0000	-0.0000	0.0010	0.0012	5.0218	3.6220	0.0000	0.0000	0.0000	0.0000	0.0000	0.0000	0.0000	0.0000	0.0000	0.0000	0.0000	0.0000	0.0000	0.0000	0.0000	0.0000	0.0000	0.0000	0.0000	0.0000	0.0000	0.0000	0.0000	0.0000	0.0000	0.0000	0.0000	0.0287	0.0175	0.0112	0.0087	0.0080	0.0007	0.0200	0.0096	0.0105
60	118	0.0517	9	2	0	1	0	1	0	0	0	0	0	1	0	0	0	0	0	0	0	Y	N	N	N	N	N	N	N	N	N	N	N	N	N	N	N	N	N	13.5277	11.1384	0.0000	0.0000	0.0000	0.0000	13.5514	10.9578	0.0000	0.3937	0.5225	0.0000	0.0000	0.0000	0.0000	0.5534	0.9290	0.0000	0.0291	0.0469	0.0000	0.0014	0.0015	0.0000	0.0408	0.0848	0.0000	0.0000	0.0000	-0.0000	-0.0004	0.0010	0.0004	5.0218	2.6029	0.0000	0.0000	0.0000	0.0000	0.0000	0.0000	0.0000	0.0000	0.0000	0.0007	0.0007	0.0000	0.0000	0.0000	0.0000	0.0007	0.0007	0.0000	0.0000	0.0000	0.0000	0.0000	0.0000	0.0000	0.0000	0.0000	0.0000	0.0229	0.0142	0.0087	0.0068	0.0065	0.0004	0.0161	0.0077	0.0083
60	121	0.0642	7	2	0	1	0	0	0	0	0	0	0	1	0	0	0	0	0	0	0	Y	N	N	N	N	N	N	N	N	N	N	N	N	N	N	N	N	N	0.0000	0.0000	0.0000	0.0000	0.0000	0.0000	0.0000	0.0000	0.0000	0.0000	0.0000	0.0000	0.0000	0.0000	0.0000	0.0000	0.0000	0.0000	0.0043	0.0070	0.0014	0.0069	0.0097	0.0000	0.0014	0.0000	0.0020		0.1762	0.0000	-0.0000	0.0010	0.0000	5.0218	1.2022	0.0000	0.0000	0.0000	0.0000	0.0000	0.0000	0.0000	0.0000	0.0000	0.0001	0.0001	0.0000	0.0001	0.0001	0.0000	0.0000	0.0000	0.0000	0.0000	0.0000	0.0000	0.0000	0.0000	0.0000	0.0000	0.0000	0.0000	0.0164	0.0086	0.0077	0.0087	0.0062	0.0025	0.0077	0.0024	0.0052
60	122	0.0429	6	2	0	1	0	1	0	0	0	0	0	1	0	0	0	0	0	0	0	Y	N	N	N	N	N	N	N	N	N	N	N	N	N	N	N	N	N	0.0000	0.0000	0.0000	0.0000	0.0000	0.0000	0.0000	0.0000	0.0000	0.0000	0.0000	0.0000	0.0000	0.0000	0.0000	0.0000	0.0000	0.0000	0.0185	0.0061	0.0336	0.0139	0.0163	0.0000	0.0200	0.0000	0.0364		4.5475	0.0000	0.0004	0.0010	0.0041	5.0218	12.5856	0.0000	0.0000	0.0000	0.0000	0.0000	0.0000	0.0000	0.0000	0.0000	0.0015	0.0003	0.0012	0.0003	0.0003	0.0000	0.0012	0.0000	0.0012	0.0000	0.0000	0.0000	0.0000	0.0000	0.0000	0.0000	0.0000	0.0000	0.0817	0.0447	0.0369	0.0196	0.0167	0.0029	0.0621	0.0280	0.0340
67	70	0.0476	11	2	0	1	0	0	0	0	0	0	2	1	2	0	0	0	0	0	0	Y	N	N	N	N	Y	N	N	N	N	N	N	N	N	N	N	N	N	202328.0164	144876.8629	0.0000	128628.1153	121530.3900	0.0000	0.0000	0.0000	0.0000	22.5048	28.4100	0.0000	68.5027	68.7169	0.0000	0.0000	0.0000	0.0000	0.0001	0.0002	0.0000	0.0005	0.0006	0.0000	0.0000	0.0000	0.0000	0.0000	0.0515	-0.0006	-0.0000	0.0010	2.3581	8.0699	7.4584	0.0010	0.0010	0.0000	0.0010	0.0010	0.0000	0.0000	0.0000	0.0000	0.0000	0.0000	0.0000	0.0000	0.0000	0.0000	0.0000	0.0000	0.0000	0.0000	0.0000	0.0000	0.0000	0.0000	0.0000	0.0000	0.0000	0.0000	0.1031	0.0556	0.0475	0.0205	0.0193	0.0012	0.0826	0.0363	0.0463
67	71	0.0403	10	2	0	1	0	0	0	0	0	0	1	1	1	0	0	0	0	0	0	Y	N	N	N	N	N	N	N	N	N	N	N	N	N	N	N	N	N	5902.7835	5820.3274	8132.0184	8360.0576	7704.1720	0.0000	3887.5484	0.0000	7722.5402	0.1807	0.1469	0.3128	0.4224	0.4226	0.0000	0.0881	0.0000	0.3131	0.0000	0.0000	0.0000	0.0001	0.0001	0.0000	0.0000	0.0000	0.0000	0.5447	1.0426	-0.0000	-0.0000	0.0010	1.7590	8.0699	3.5356	0.0000	0.0000	0.0000	0.0000	0.0000	0.0000	0.0000	0.0000	0.0000	0.0000	0.0000	0.0000	0.0000	0.0000	0.0000	0.0000	0.0000	0.0000	0.0000	0.0000	0.0000	0.0000	0.0000	0.0000	0.0000	0.0000	0.0000	0.0719	0.0427	0.0292	0.0205	0.0185	0.0020	0.0514	0.0242	0.0272
67	72	0.0370	9	2	0	1	0	0	0	0	0	1	1	1	1	0	0	0	0	0	0	Y	N	N	N	N	N	N	N	N	N	N	N	N	N	N	N	N	N	702.3814	507.8604	2235.2678	89.1859	85.3504	0.0000	3969.9187	0.0000	2237.4456	0.7425	0.9817	0.4990	0.9959	0.9959	0.0000	0.4919	0.0000	0.4990	0.0011	0.0019	0.0002	0.0112	0.0117	0.0003	0.0001	0.0000	0.0002	0.4996	0.1213	-0.0000	-0.0000	0.0010	0.0029	8.0699	2.4186	0.0000	0.0000	0.0000	0.0000	0.0000	0.0000	0.0000	0.0000	0.0000	0.0000	0.0000	0.0000	0.0000	0.0000	0.0000	0.0000	0.0000	0.0000	0.0000	0.0000	0.0000	0.0000	0.0000	0.0000	0.0000	0.0000	0.0000	0.0210	0.0102	0.0107	0.0018	0.0017	0.0001	0.0192	0.0085	0.0107
67	78	0.1192	22	2	0	1	0	0	0	0	0	0	2	0	2	0	0	0	0	0	0	Y	N	N	N	N	Y	N	N	N	N	N	N	N	N	N	N	N	N	0.0000	0.0000	0.0000	0.0000	0.0000	0.0000	0.0000	0.0000	0.0000	0.0000	0.0000	0.0000	0.0000	0.0000	0.0000	0.0000	0.0000	0.0000	0.1100	0.1873	0.0208	0.0144	0.0161	0.0000	0.1418	0.3100	0.0220		0.0961	0.0000	-0.0055	0.0010	0.0166	8.0699	12.2009	0.0000	0.0000	0.0000	0.0000	0.0000	0.0000	0.0000	0.0000	0.0000	0.0120	0.0110	0.0011	0.0004	0.0004	0.0000	0.0116	0.0106	0.0011	0.0000	0.0000	0.0000	0.0000	0.0000	0.0000	0.0000	0.0000	0.0000	0.1092	0.0585	0.0507	0.0272	0.0244	0.0028	0.0820	0.0341	0.0479
67	79	0.1049	21	2	0	1	0	1	0	0	0	0	1	0	1	0	0	0	0	0	0	Y	N	N	N	N	N	N	N	N	N	N	N	N	N	N	N	N	N	0.0000	0.0000	0.0000	0.0000	0.0000	0.0000	0.0000	0.0000	0.0000	0.0000	0.0000	0.0000	0.0000	0.0000	0.0000	0.0000	0.0000	0.0000	13.8614	25.6725	0.6299	0.0206	0.0233	0.0000	17.4481	39.1106	0.6639		0.0219	0.0000	-0.5309	0.0010	1.0285	8.0699	7.9781	0.0000	0.0000	0.0000	0.0000	0.0000	0.0000	0.0000	0.0000	0.0000	1.0077	0.9861	0.0216	0.0003	0.0003	0.0000	1.0073	0.9857	0.0216	0.0000	0.0000	0.0000	0.0000	0.0000	0.0000	0.0000	0.0000	0.0000	0.0727	0.0384	0.0343	0.0150	0.0132	0.0018	0.0577	0.0252	0.0325
67	84	0.0606	10	2	0	1	0	0	0	0	0	0	1	0	1	0	0	0	0	0	0	Y	N	N	N	N	N	N	N	N	N	N	N	N	N	N	N	N	N	0.0000	0.0000	0.0000	0.0000	0.0000	0.0000	0.0000	0.0000	0.0000	0.0000	0.0000	0.0000	0.0000	0.0000	0.0000	0.0000	0.0000	0.0000	6.1010	0.0062	12.8436	0.0101	0.0110	0.0000	7.3516	0.0041	13.2391		1880.6606	0.0000	0.4482	0.0010	2.9998	8.0699	15.4389	0.0000	0.0000	0.0000	0.0000	0.0000	0.0000	0.0000	0.0000	0.0000	0.9933	0.0005	0.9928	0.0003	0.0003	0.0000	0.9930	0.0002	0.9928	0.0000	0.0000	0.0000	0.0000	0.0000	0.0000	0.0000	0.0000	0.0000	0.1628	0.0855	0.0773	0.0277	0.0254	0.0023	0.1351	0.0601	0.0750
67	88	0.0513	8	2	0	1	0	0	0	0	0	0	1	1	2	0	0	0	0	0	0	Y	N	N	N	N	Y	N	N	N	N	N	N	N	N	N	N	N	N	0.0000	0.0000	0.0000	0.0000	0.0000	0.0000	0.0000	0.0000	0.0000	0.0000	0.0000	0.0000	0.0000	0.0000	0.0000	0.0000	0.0000	0.0000	0.2017	0.3565	0.0192	0.6262	0.6468	0.0000	0.0876	0.1793	0.0195		0.0456	0.0000	-0.0109	0.0010	1.0173	8.0699	8.6136	0.0000	0.0000	0.0000	0.0000	0.0000	0.0000	0.0000	0.0000	0.0000	0.0217	0.0207	0.0009	0.0142	0.0142	0.0000	0.0074	0.0065	0.0009	0.0000	0.0000	0.0000	0.0000	0.0000	0.0000	0.0000	0.0000	0.0000	0.1074	0.0581	0.0493	0.0228	0.0220	0.0007	0.0846	0.0361	0.0486
67	90	0.0513	8	2	0	1	0	0	0	0	0	0	1	1	2	0	0	0	0	0	0	Y	N	N	N	N	Y	N	N	N	N	N	N	N	N	N	N	N	N	0.0000	0.0000	0.0000	0.0000	0.0000	0.0000	0.0000	0.0000	0.0000	0.0000	0.0000	0.0000	0.0000	0.0000	0.0000	0.0000	0.0000	0.0000	7.0232	0.0009	14.8895	0.0025	0.0026	0.0000	8.6283	0.0000	15.1245		15271.4437	0.0000	0.4435	0.0010	2.0138	8.0699	11.8132	0.0000	0.0000	0.0000	0.0000	0.0000	0.0000	0.0000	0.0000	0.0000	0.9819	0.0001	0.9818	0.0001	0.0001	0.0000	0.9818	0.0000	0.9818	0.0000	0.0000	0.0000	0.0000	0.0000	0.0000	0.0000	0.0000	0.0000	0.1398	0.0739	0.0659	0.0260	0.0250	0.0010	0.1138	0.0489	0.0649
67	91	0.0428	7	2	0	1	0	0	0	0	0	1	2	1	2	0	0	0	0	0	0	Y	N	N	N	N	Y	N	N	N	N	N	N	N	N	N	N	N	N	0.0480	0.0000	0.1701	0.0000	0.0000	0.0000	0.0503	0.0000	0.1680	0.0174	0.0000	0.1328	0.0000	0.0000	0.0000	0.0225	0.0000	0.1330	0.3635	0.0100	0.7811	0.0233	0.0241	0.0000	0.4464	0.0025	0.7919	inf	65.8735	0.0000	0.0109	0.0010	1.9725	8.0699	4.2763	0.0000	0.0000	0.0000	0.0000	0.0000	0.0000	0.0000	0.0000	0.0000	0.0250	0.0004	0.0246	0.0003	0.0003	0.0000	0.0247	0.0001	0.0246	0.0000	0.0000	0.0000	0.0000	0.0000	0.0000	0.0000	0.0000	0.0000	0.0688	0.0373	0.0315	0.0135	0.0131	0.0004	0.0553	0.0242	0.0311
67	93	0.1097	16	1	0	1	0	0	0	0	0	0	1	0	2	0	0	0	0	0	0	N	N	N	N	N	Y	N	N	N	N	N	N	N	N	N	N	N	N	0.0000	0.0000	0.0000	0.0000	0.0000	0.0000	0.0000	0.0000	0.0000	0.0000	0.0000	0.0000	0.0000	0.0000	0.0000	0.0000	0.0000	0.0000	0.0065	0.0002	0.0134	0.0005	0.0006	0.0000	0.0082	0.0000	0.0141		51.8145	0.0000	0.0000	0.0010	0.0000	8.0699	0.9594	0.0000	0.0000	0.0000	0.0000	0.0000	0.0000	0.0000	0.0000	0.0000	0.0001	0.0000	0.0001	0.0000	0.0000	0.0000	0.0001	0.0000	0.0001	0.0000	0.0000	0.0000	0.0000	0.0000	0.0000	0.0000	0.0000	0.0000	0.0089	0.0047	0.0042	0.0020	0.0018	0.0002	0.0069	0.0029	0.0040
67	94	0.0783	15	1	0	1	0	0	0	0	0	0	2	0	2	0	0	0	0	0	0	N	N	N	N	N	Y	N	N	N	N	N	N	N	N	N	N	N	N	0.0000	0.0000	0.0000	0.0000	0.0000	0.0000	0.0000	0.0000	0.0000	0.0000	0.0000	0.0000	0.0000	0.0000	0.0000	0.0000	0.0000	0.0000	4.9520	0.0864	10.7819	0.2066	0.2247	0.0285	6.3763	0.0000	11.3094		104.1704	0.0000	0.3913	0.0010	0.0000	8.0699	18.8906	0.0000	0.0000	0.0000	0.0000	0.0000	0.0000	0.0000	0.0000	0.0000	0.8847	0.0084	0.8763	0.0085	0.0084	0.0001	0.8762	0.0000	0.8762	0.0000	0.0000	0.0000	0.0000	0.0000	0.0000	0.0000	0.0000	0.0000	0.1787	0.0974	0.0813	0.0412	0.0374	0.0038	0.1374	0.0599	0.0775
67	98	0.0728	12	2	0	1	1	0	0	0	1	0	1	1	2	0	0	0	0	0	0	Y	N	N	N	N	Y	N	N	N	N	N	N	N	N	N	N	N	N	0.0000	0.0000	0.0000	0.0000	0.0000	0.0000	0.0000	0.0000	0.0000	0.0000	0.0000	0.0000	0.0000	0.0000	0.0000	0.0000	0.0000	0.0000	0.0012	0.0024	0.0000	0.0078	0.0086	0.0000	0.0000	0.0000	0.0000		0.0000	0.0000	-0.0000	0.0010	2.9999	8.0699	3.9821	0.0000	0.0000	0.0000	0.0000	0.0000	0.0000	0.0000	0.0000	0.0000	0.0001	0.0001	0.0000	0.0001	0.0001	0.0000	0.0000	0.0000	0.0000	0.0001	0.0001	0.0000	0.0000	0.0000	0.0000	0.0000	0.0000	0.0000	0.0603	0.0308	0.0295	0.0094	0.0085	0.0009	0.0510	0.0224	0.0286
67	99	0.0697	11	2	0	1	0	0	0	0	0	0	1	1	2	0	0	0	0	0	0	Y	N	N	N	N	Y	N	N	N	N	N	N	N	N	N	N	N	N	10.0254	392.5804	0.0000	138.5406	127.1696	0.0000	0.0000	0.0000	0.0000	0.2359	0.4494	0.0000	0.4796	0.4796	0.0000	0.0000	0.0000	0.0000	0.0235	0.0011	0.0478	0.0035	0.0038	0.0000	0.0277	0.0000	0.0493	0.0000	38.4937	-0.0000	0.0002	0.0010	0.0003	8.0699	2.0601	0.0000	0.0000	0.0000	0.0000	0.0000	0.0000	0.0000	0.0000	0.0000	0.0004	0.0000	0.0004	0.0000	0.0000	0.0000	0.0004	0.0000	0.0004	0.0000	0.0000	0.0000	0.0000	0.0000	0.0000	0.0000	0.0000	0.0000	0.0191	0.0100	0.0092	0.0033	0.0030	0.0003	0.0158	0.0069	0.0089
67	100	0.0498	10	2	0	1	0	0	0	0	0	1	2	1	2	0	0	0	0	0	0	Y	N	N	N	N	Y	N	N	N	N	N	N	N	N	N	N	N	N	2.6362	118.0272	0.0000	114.0924	105.8449	0.0000	0.0000	0.0000	0.0000	23.4561	28.4985	0.0000	90.8732	91.1022	0.0000	0.0000	0.0000	0.0000	8.8978	0.2415	17.7834	0.7965	0.8607	0.0000	10.3675	0.0000	18.2062	0.0000	71.7500	-0.0006	0.4328	0.0010	3.0014	8.0699	9.1620	0.0010	0.0010	0.0000	0.0010	0.0010	0.0000	0.0000	0.0000	0.0000	0.9882	0.0136	0.9746	0.0136	0.0136	0.0000	0.9746	0.0000	0.9746	0.0000	0.0000	0.0000	0.0000	0.0000	0.0000	0.0000	0.0000	0.0000	0.1111	0.0563	0.0548	0.0171	0.0158	0.0013	0.0940	0.0405	0.0535
67	101	0.0370	9	2	0	1	0	0	0	0	0	0	1	0	1	0	0	0	0	0	0	Y	N	N	N	N	N	N	N	N	N	N	N	N	N	N	N	N	N	1.6813	5.1167	0.6816	0.8743	0.8328	0.0000	1.1699	0.0000	0.6767	0.8092	1.1083	0.4972	1.1488	1.1488	0.0000	0.4796	0.0000	0.4972	0.4813	0.2166	0.7295	1.3138	1.3794	0.0021	0.4100	0.0029	0.7348	0.4302	3.5913	-0.0000	0.0076	0.0010	0.0077	8.0699	8.0757	0.0000	0.0000	0.0000	0.0000	0.0000	0.0000	0.0000	0.0000	0.0000	0.0327	0.0071	0.0256	0.0070	0.0070	0.0000	0.0256	0.0001	0.0256	0.0000	0.0000	0.0000	0.0000	0.0000	0.0000	0.0000	0.0000	0.0000	0.0679	0.0329	0.0351	0.0054	0.0051	0.0003	0.0626	0.0278	0.0348
67	102	0.0354	8	2	0	1	0	0	0	0	0	0	1	0	1	0	0	0	0	0	0	Y	N	N	N	N	N	N	N	N	N	N	N	N	N	N	N	N	N	617.4447	4925.7497	112.4291	796.3072	760.9134	0.0000	194.6825	0.0000	111.7001	1.5753	2.6149	0.4980	2.6930	2.6930	0.0000	0.4835	0.0000	0.4980	0.0026	0.0005	0.0044	0.0034	0.0035	0.0000	0.0025	0.0000	0.0045	0.1838	8.9764	-0.0000	0.0000	0.0010	0.0011	8.0699	1.0060	0.0000	0.0000	0.0000	0.0000	0.0000	0.0000	0.0000	0.0000	0.0000	0.0000	0.0000	0.0000	0.0000	0.0000	0.0000	0.0000	0.0000	0.0000	0.0000	0.0000	0.0000	0.0000	0.0000	0.0000	0.0000	0.0000	0.0000	0.0086	0.0041	0.0045	0.0007	0.0006	0.0000	0.0080	0.0035	0.0044
67	113	0.0354	6	2	0	1	0	0	0	0	0	0	1	0	1	0	0	0	0	0	0	Y	N	N	N	N	N	N	N	N	N	N	N	N	N	N	N	N	N	59.4413	6537.7071	20.9522	1438.4488	1373.9414	0.0000	26.0871	0.0000	20.8182	0.6920	0.8417	0.4682	1.1849	1.1851	0.0000	0.3267	0.0000	0.4682	0.0116	0.0001	0.0223	0.0008	0.0009	0.0000	0.0125	0.0000	0.0225	0.3720	186.6924	-0.0000	0.0002	0.0010	0.0182	8.0699	4.6661	0.0000	0.0000	0.0000	0.0000	0.0000	0.0000	0.0000	0.0000	0.0000	0.0005	0.0000	0.0005	0.0000	0.0000	0.0000	0.0005	0.0000	0.0005	0.0000	0.0000	0.0000	0.0000	0.0000	0.0000	0.0000	0.0000	0.0000	0.0395	0.0191	0.0205	0.0030	0.0028	0.0001	0.0366	0.0162	0.0204
67	121	0.0942	15	2	0	1	0	0	0	0	0	0	1	0	1	0	0	0	0	0	0	Y	N	N	N	N	N	N	N	N	N	N	N	N	N	N	N	N	N	0.0000	0.0000	0.0000	0.0000	0.0000	0.0000	0.0000	0.0000	0.0000	0.0000	0.0000	0.0000	0.0000	0.0000	0.0000	0.0000	0.0000	0.0000	0.5971	0.4745	0.7619	0.6795	0.7060	0.0000	0.5481	0.0895	0.7877		1.1931	0.0000	-0.0001	0.0010	0.0000	8.0699	1.2022	0.0000	0.0000	0.0000	0.0000	0.0000	0.0000	0.0000	0.0000	0.0000	0.0138	0.0063	0.0075	0.0058	0.0058	0.0000	0.0079	0.0004	0.0075	0.0000	0.0000	0.0000	0.0000	0.0000	0.0000	0.0000	0.0000	0.0000	0.0231	0.0132	0.0098	0.0086	0.0083	0.0003	0.0145	0.0050	0.0095
67	122	0.0728	14	2	0	1	0	1	0	0	0	0	1	0	1	0	0	0	0	0	0	Y	N	N	N	N	N	N	N	N	N	N	N	N	N	N	N	N	N	0.0000	0.0000	0.0000	0.0000	0.0000	0.0000	0.0000	0.0000	0.0000	0.0000	0.0000	0.0000	0.0000	0.0000	0.0000	0.0000	0.0000	0.0000	7.8145	13.8232	0.1131	0.0736	0.0801	0.0000	10.2563	22.6967	0.1183		0.0064	0.0000	-0.5394	0.0010	0.0041	8.0699	12.5856	0.0000	0.0000	0.0000	0.0000	0.0000	0.0000	0.0000	0.0000	0.0000	0.9954	0.9891	0.0063	0.0022	0.0022	0.0000	0.9932	0.9869	0.0063	0.0000	0.0000	0.0000	0.0000	0.0000	0.0000	0.0000	0.0000	0.0000	0.1274	0.0716	0.0558	0.0305	0.0281	0.0025	0.0968	0.0435	0.0534
67	132	0.1348	22	1	0	1	0	0	0	0	0	0	2	0	2	0	0	0	0	0	0	N	N	N	N	N	Y	N	N	N	N	N	N	N	N	N	N	N	N	0.0000	0.0000	0.0000	0.0000	0.0000	0.0000	0.0000	0.0000	0.0000	0.0000	0.0000	0.0000	0.0000	0.0000	0.0000	0.0000	0.0000	0.0000	0.0000	0.0000	0.0000	0.0000	0.0000	0.0000	0.0000	0.0000	0.0000			0.0000	0.0000	0.0010	0.0075	8.0699	1.9743	0.0000	0.0000	0.0000	0.0000	0.0000	0.0000	0.0000	0.0000	0.0000	0.0000	0.0000	0.0000	0.0000	0.0000	0.0000	0.0000	0.0000	0.0000	0.0000	0.0000	0.0000	0.0000	0.0000	0.0000	0.0000	0.0000	0.0000	0.0170	0.0092	0.0078	0.0043	0.0037	0.0006	0.0128	0.0055	0.0073
67	134	0.1296	20	1	0	1	0	0	0	0	0	0	2	0	2	0	0	0	0	0	0	N	N	N	N	N	Y	N	N	N	N	N	N	N	N	N	N	N	N	0.0000	0.0000	0.0000	0.0000	0.0000	0.0000	0.0000	0.0000	0.0000	0.0000	0.0000	0.0000	0.0000	0.0000	0.0000	0.0000	0.0000	0.0000	0.0003	0.0005	0.0000	0.0010	0.0011	0.0000	0.0000	0.0000	0.0000		0.0147	0.0000	-0.0000	0.0010	2.0569	8.0699	5.7592	0.0000	0.0000	0.0000	0.0000	0.0000	0.0000	0.0000	0.0000	0.0000	0.0000	0.0000	0.0000	0.0000	0.0000	0.0000	0.0000	0.0000	0.0000	0.0000	0.0000	0.0000	0.0000	0.0000	0.0000	0.0000	0.0000	0.0000	0.0713	0.0397	0.0316	0.0189	0.0167	0.0022	0.0524	0.0230	0.0294
67	135	0.1312	21	1	0	1	0	0	0	0	0	0	2	0	2	0	0	0	0	0	0	N	N	N	N	N	Y	N	N	N	N	N	N	N	N	N	N	N	N	0.0000	0.0000	0.0000	0.0000	0.0000	0.0000	0.0000	0.0000	0.0000	0.0000	0.0000	0.0000	0.0000	0.0000	0.0000	0.0000	0.0000	0.0000	0.0776	0.1404	0.0000	0.2976	0.3388	0.0000	0.0000	0.0000	0.0000		0.0000	0.0000	-0.0037	0.0010	1.0111	8.0699	8.8059	0.0000	0.0000	0.0000	0.0000	0.0000	0.0000	0.0000	0.0000	0.0000	0.0067	0.0067	0.0000	0.0067	0.0067	0.0000	0.0000	0.0000	0.0000	0.0000	0.0000	0.0000	0.0000	0.0000	0.0000	0.0000	0.0000	0.0000	0.0864	0.0477	0.0386	0.0225	0.0198	0.0027	0.0639	0.0279	0.0359
68	70	0.0344	10	2	0	1	0	0	0	0	0	0	1	1	1	0	0	0	0	0	0	Y	N	N	N	N	N	N	N	N	N	N	N	N	N	N	N	N	N	24627.5505	0.0000	730383.4278	0.3529	0.0000	1222.1181	172159.0886	0.0000	732024.0786	47.6401	0.0000	409.9075	0.0035	0.0000	0.2824	55.1721	0.0000	415.9613	0.0019	0.0032	0.0006	0.0099	0.0105	0.0002	0.0003	0.0000	0.0006	inf	0.1614	0.0004	-0.0001	0.0010	2.3581	6.0584	7.4584	0.0010	0.0000	0.0010	0.0000	0.0000	0.0000	0.0010	0.0000	0.0010	0.0001	0.0001	0.0000	0.0001	0.0001	0.0000	0.0000	0.0000	0.0000	0.0000	0.0000	0.0000	0.0000	0.0000	0.0000	0.0000	0.0000	0.0000	0.0757	0.0395	0.0363	0.0127	0.0120	0.0008	0.0630	0.0275	0.0355
68	71	0.0272	9	2	0	1	0	0	0	0	0	0	0	1	0	0	0	0	0	0	0	Y	N	N	N	N	N	N	N	N	N	N	N	N	N	N	N	N	N	53.1380	16.8168	422.5198	1122.6123	1078.8481	0.0000	92.0521	1.0392	407.3880	0.4001	0.1651	1.8363	22.9735	24.4439	0.0000	0.2606	0.0010	1.8411	0.0075	0.0098	0.0043	0.0205	0.0227	0.0020	0.0028	0.0009	0.0045	1.8198	0.3182	0.0000	-0.0001	0.0010	1.7590	6.0584	3.5356	0.0000	0.0000	0.0000	0.0000	0.0000	0.0000	0.0000	0.0000	0.0000	0.0004	0.0003	0.0001	0.0003	0.0003	0.0000	0.0001	0.0000	0.0001	0.0000	0.0000	0.0000	0.0000	0.0000	0.0000	0.0000	0.0000	0.0000	0.0534	0.0311	0.0223	0.0142	0.0127	0.0015	0.0392	0.0184	0.0208
68	72	0.0238	8	2	0	1	0	0	0	0	0	1	0	1	0	0	0	0	0	0	0	Y	N	N	N	N	N	N	N	N	N	N	N	N	N	N	N	N	N	4566.3836	824.2147	468941.3312	610.1472	594.0682	0.0000	112650.4720	0.0000	472522.8890	105.3873	40.0036	574.3546	355.5087	356.5845	0.0000	77.9796	0.0000	575.7565	0.0231	0.0485	0.0012	0.5827	0.6002	0.0042	0.0007	0.0000	0.0012	2.0017	0.0294	0.0000	-0.0002	0.0010	0.0029	6.0584	2.4186	0.0000	0.0000	0.0000	0.0000	0.0000	0.0000	0.0000	0.0000	0.0000	0.0004	0.0003	0.0000	0.0003	0.0003	0.0000	0.0000	0.0000	0.0000	0.0000	0.0000	0.0000	0.0000	0.0000	0.0000	0.0000	0.0000	0.0000	0.0152	0.0070	0.0082	0.0006	0.0006	0.0000	0.0146	0.0064	0.0082
68	78	0.1061	21	2	0	1	0	0	0	0	0	0	1	0	1	0	0	0	0	0	0	Y	N	N	N	N	N	N	N	N	N	N	N	N	N	N	N	N	N	0.0000	0.0000	0.0000	0.0000	0.0000	0.0000	0.0000	0.0000	0.0000	0.0000	0.0000	0.0000	0.0000	0.0000	0.0000	0.0000	0.0000	0.0000	0.5960	0.0014	1.2685	0.0014	0.0016	0.0000	0.7613	0.0014	1.3325		773.9762	0.0000	0.0207	0.0010	0.0166	6.0584	12.2009	0.0000	0.0000	0.0000	0.0000	0.0000	0.0000	0.0000	0.0000	0.0000	0.0460	0.0001	0.0459	0.0000	0.0000	0.0000	0.0459	0.0000	0.0459	0.0000	0.0000	0.0000	0.0000	0.0000	0.0000	0.0000	0.0000	0.0000	0.0771	0.0409	0.0362	0.0168	0.0150	0.0017	0.0603	0.0259	0.0344
68	79	0.0918	20	2	0	1	0	1	0	0	0	0	0	0	0	0	0	0	0	0	0	Y	N	N	N	N	N	N	N	N	N	N	N	N	N	N	N	N	N	0.0000	0.0000	0.0000	0.0000	0.0000	0.0000	0.0000	0.0000	0.0000	0.0000	0.0000	0.0000	0.0000	0.0000	0.0000	0.0000	0.0000	0.0000	17.7568	0.1264	35.6707	0.0052	0.0059	0.0000	21.1805	0.1729	37.2625		277.7777	0.0000	0.4182	0.0010	1.0285	6.0584	7.9781	0.0000	0.0000	0.0000	0.0000	0.0000	0.0000	0.0000	0.0000	0.0000	0.9333	0.0033	0.9299	0.0000	0.0000	0.0000	0.9332	0.0033	0.9299	0.0000	0.0000	0.0000	0.0000	0.0000	0.0000	0.0000	0.0000	0.0000	0.0526	0.0265	0.0261	0.0085	0.0074	0.0011	0.0441	0.0191	0.0250
68	84	0.0474	9	2	0	1	0	0	0	0	0	0	0	0	0	0	0	0	0	0	0	Y	N	N	N	N	N	N	N	N	N	N	N	N	N	N	N	N	N	0.0000	0.0000	0.0000	0.0000	0.0000	0.0000	0.0000	0.0000	0.0000	0.0000	0.0000	0.0000	0.0000	0.0000	0.0000	0.0000	0.0000	0.0000	8.5277	0.0512	17.1289	0.1983	0.2169	0.0000	9.7729	0.0000	17.5228		329.5383	0.0000	0.4527	0.0010	2.9998	6.0584	15.4389	0.0000	0.0000	0.0000	0.0000	0.0000	0.0000	0.0000	0.0000	0.0000	1.0088	0.0031	1.0058	0.0031	0.0031	0.0000	1.0058	0.0000	1.0058	0.0000	0.0000	0.0000	0.0000	0.0000	0.0000	0.0000	0.0000	0.0000	0.1183	0.0596	0.0587	0.0154	0.0141	0.0013	0.1029	0.0455	0.0574
68	88	0.0381	7	2	0	1	0	0	0	0	0	0	0	1	1	0	0	0	0	0	0	Y	N	N	N	N	N	N	N	N	N	N	N	N	N	N	N	N	N	0.0000	0.0000	0.0000	0.0000	0.0000	0.0000	0.0000	0.0000	0.0000	0.0000	0.0000	0.0000	0.0000	0.0000	0.0000	0.0000	0.0000	0.0000	0.6673	0.0185	1.3933	0.0533	0.0549	0.0000	0.8001	0.0008	1.4083		67.2262	0.0000	0.0224	0.0010	1.0173	6.0584	8.6136	0.0000	0.0000	0.0000	0.0000	0.0000	0.0000	0.0000	0.0000	0.0000	0.0512	0.0008	0.0505	0.0007	0.0007	0.0000	0.0505	0.0000	0.0505	0.0000	0.0000	0.0000	0.0000	0.0000	0.0000	0.0000	0.0000	0.0000	0.0767	0.0405	0.0362	0.0136	0.0133	0.0004	0.0631	0.0273	0.0358
68	90	0.0381	7	2	0	1	0	0	0	0	0	0	0	1	1	0	0	0	0	0	0	Y	N	N	N	N	N	N	N	N	N	N	N	N	N	N	N	N	N	0.0000	0.0000	0.0000	0.0000	0.0000	0.0000	0.0000	0.0000	0.0000	0.0000	0.0000	0.0000	0.0000	0.0000	0.0000	0.0000	0.0000	0.0000	0.5876	0.0706	1.1327	0.2409	0.2499	0.0000	0.6490	0.0000	1.1454		15.2154	0.0000	0.0230	0.0010	2.0138	6.0584	11.8132	0.0000	0.0000	0.0000	0.0000	0.0000	0.0000	0.0000	0.0000	0.0000	0.0589	0.0036	0.0553	0.0036	0.0036	0.0000	0.0553	0.0000	0.0553	0.0000	0.0000	0.0000	0.0000	0.0000	0.0000	0.0000	0.0000	0.0000	0.1003	0.0515	0.0488	0.0151	0.0145	0.0005	0.0852	0.0369	0.0483
68	91	0.0296	6	2	0	1	0	0	0	0	0	1	1	1	1	0	0	0	0	0	0	Y	N	N	N	N	N	N	N	N	N	N	N	N	N	N	N	N	N	0.0016	0.2353	0.0000	4.7517	4.7580	0.0000	0.0000	0.0000	0.0000	0.0308	0.0358	0.0000	2.3703	2.4401	0.0000	0.0000	0.0000	0.0000	18.7278	0.1523	39.1871	0.4988	0.5128	0.0000	22.2001	0.0000	39.5501	0.0000	233.6251	-0.0000	0.4159	0.0010	1.9725	6.0584	4.2763	0.0000	0.0000	0.0000	0.0000	0.0000	0.0000	0.0000	0.0000	0.0000	0.9295	0.0040	0.9255	0.0040	0.0040	0.0000	0.9255	0.0000	0.9255	0.0000	0.0000	0.0000	0.0000	0.0000	0.0000	0.0000	0.0000	0.0000	0.0496	0.0260	0.0236	0.0079	0.0077	0.0002	0.0417	0.0183	0.0234
68	98	0.0596	11	2	0	1	1	0	0	0	1	0	0	1	1	0	0	0	0	0	0	Y	N	N	N	N	N	N	N	N	N	N	N	N	N	N	N	N	N	0.0000	0.0000	0.0000	0.0000	0.0000	0.0000	0.0000	0.0000	0.0000	0.0000	0.0000	0.0000	0.0000	0.0000	0.0000	0.0000	0.0000	0.0000	0.1530	0.3149	0.0000	1.3936	1.5797	0.0000	0.0000	0.0000	0.0000		0.0000	0.0000	-0.0036	0.0010	2.9999	6.0584	3.9821	0.0000	0.0000	0.0000	0.0000	0.0000	0.0000	0.0000	0.0000	0.0000	0.0066	0.0066	0.0000	0.0066	0.0066	0.0000	0.0000	0.0000	0.0000	0.0000	0.0000	0.0000	0.0000	0.0000	0.0000	0.0000	0.0000	0.0000	0.0434	0.0211	0.0223	0.0048	0.0042	0.0006	0.0386	0.0169	0.0217
68	99	0.0565	10	2	0	1	0	0	0	0	0	0	0	1	1	0	0	0	0	0	0	Y	N	N	N	N	N	N	N	N	N	N	N	N	N	N	N	N	N	19.3763	0.0000	89.4066	0.0000	0.0000	0.0000	20.7997	0.0000	87.6839	9.5018	0.0000	85.4692	0.0000	0.0000	0.0000	11.5016	0.0000	85.9005	0.4904	0.0202	0.9560	0.0765	0.0843	0.0000	0.5530	0.0000	0.9797	inf	47.7691	0.0000	0.0029	0.0010	0.0003	6.0584	2.0601	0.0000	0.0000	0.0000	0.0000	0.0000	0.0000	0.0000	0.0000	0.0000	0.0068	0.0001	0.0066	0.0001	0.0001	0.0000	0.0066	0.0000	0.0066	0.0000	0.0000	0.0000	0.0000	0.0000	0.0000	0.0000	0.0000	0.0000	0.0138	0.0069	0.0069	0.0018	0.0016	0.0002	0.0120	0.0052	0.0068
68	100	0.0367	9	2	0	1	0	0	0	0	0	1	1	1	1	0	0	0	0	0	0	Y	N	N	N	N	N	N	N	N	N	N	N	N	N	N	N	N	N	223.0487	0.0000	1040.3496	0.3420	0.0000	1910.2983	254.6716	0.0000	1023.8734	47.7593	0.0000	339.8085	0.1466	0.0000	2.5833	48.0731	0.0000	340.6998	0.2141	0.0937	0.3266	0.4288	0.4713	0.0014	0.1888	0.0000	0.3328	inf	3.7277	0.0004	0.0041	0.0010	3.0014	6.0584	9.1620	0.0010	0.0000	0.0010	0.0000	0.0000	0.0000	0.0010	0.0000	0.0010	0.0169	0.0036	0.0133	0.0036	0.0036	0.0000	0.0133	0.0000	0.0133	0.0000	0.0000	0.0000	0.0000	0.0000	0.0000	0.0000	0.0000	0.0000	0.0789	0.0381	0.0408	0.0083	0.0076	0.0008	0.0706	0.0305	0.0400
68	101	0.0238	8	2	0	1	0	0	0	0	0	0	0	0	0	0	0	0	0	0	0	Y	N	N	N	N	N	N	N	N	N	N	N	N	N	N	N	N	N	324.6294	2295.6795	936.8937	5803.5587	5662.2322	0.0000	232.8015	106.6667	937.3566	49.2536	17.4837	256.1436	329.7123	332.2104	0.0000	36.0585	0.4147	256.7954	0.1517	0.0076	0.2734	0.0568	0.0587	0.0057	0.1549	0.0039	0.2740	2.2497	42.5163	0.0000	0.0032	0.0010	0.0077	6.0584	8.0757	0.0000	0.0000	0.0000	0.0000	0.0000	0.0000	0.0000	0.0000	0.0000	0.0075	0.0002	0.0073	0.0001	0.0001	0.0000	0.0074	0.0001	0.0073	0.0000	0.0000	0.0000	0.0000	0.0000	0.0000	0.0000	0.0000	0.0000	0.0492	0.0225	0.0267	0.0016	0.0015	0.0001	0.0476	0.0210	0.0266
68	102	0.0222	7	2	0	1	0	0	0	0	0	0	0	0	0	0	0	0	0	0	0	Y	N	N	N	N	N	N	N	N	N	N	N	N	N	N	N	N	N	214676.5477	73155.9213	1064301.8059	inf	inf	0.0000	252026.5236	0.0000	1065564.8553	109.8761	19.4174	763.8443	inf	inf	0.0000	102.2586	0.0000	765.7517	0.0005	0.0003	0.0007	0.0041	0.0042	0.0000	0.0004	0.0000	0.0007	5.4414	3.2362	0.0000	0.0000	0.0010	0.0011	6.0584	1.0060	0.0000	0.0000	0.0000	0.0000	0.0000	0.0000	0.0000	0.0000	0.0000	0.0000	0.0000	0.0000	0.0000	0.0000	0.0000	0.0000	0.0000	0.0000	0.0000	0.0000	0.0000	0.0000	0.0000	0.0000	0.0000	0.0000	0.0000	0.0062	0.0028	0.0034	0.0002	0.0002	0.0000	0.0060	0.0027	0.0034
68	113	0.0222	5	2	0	1	0	0	0	0	0	0	0	0	0	0	0	0	0	0	0	Y	N	N	N	N	N	N	N	N	N	N	N	N	N	N	N	N	N	8.2274	22947.1797	23.4044	102739.2717	103248.9578	0.0000	5.8982	0.0000	23.4341	4.5439	1.4318	23.7296	103.6918	106.9541	0.0000	3.3517	0.0000	23.7914	0.5523	0.0001	1.0139	0.0010	0.0010	0.0000	0.5683	0.0000	1.0152	2.6882	19439.0405	0.0000	0.0071	0.0010	0.0182	6.0584	4.6661	0.0000	0.0000	0.0000	0.0000	0.0000	0.0000	0.0000	0.0000	0.0000	0.0158	0.0000	0.0158	0.0000	0.0000	0.0000	0.0158	0.0000	0.0158	0.0000	0.0000	0.0000	0.0000	0.0000	0.0000	0.0000	0.0000	0.0000	0.0286	0.0130	0.0156	0.0008	0.0008	0.0000	0.0278	0.0122	0.0156
68	121	0.0810	14	2	0	1	0	0	0	0	0	0	0	0	0	0	0	0	0	0	0	Y	N	N	N	N	N	N	N	N	N	N	N	N	N	N	N	N	N	0.0000	0.0000	0.0000	0.0000	0.0000	0.0000	0.0000	0.0000	0.0000	0.0000	0.0000	0.0000	0.0000	0.0000	0.0000	0.0000	0.0000	0.0000	0.0357	0.0336	0.0385	0.0510	0.0527	0.0011	0.0274	0.0041	0.0396		0.8845	0.0000	-0.0000	0.0010	0.0000	6.0584	1.2022	0.0000	0.0000	0.0000	0.0000	0.0000	0.0000	0.0000	0.0000	0.0000	0.0006	0.0003	0.0003	0.0003	0.0003	0.0000	0.0003	0.0000	0.0003	0.0000	0.0000	0.0000	0.0000	0.0000	0.0000	0.0000	0.0000	0.0000	0.0170	0.0096	0.0074	0.0060	0.0058	0.0002	0.0110	0.0038	0.0072
68	122	0.0597	13	2	0	1	0	1	0	0	0	0	0	0	0	0	0	0	0	0	0	Y	N	N	N	N	N	N	N	N	N	N	N	N	N	N	N	N	N	0.0000	0.0000	0.0000	0.0000	0.0000	0.0000	0.0000	0.0000	0.0000	0.0000	0.0000	0.0000	0.0000	0.0000	0.0000	0.0000	0.0000	0.0000	0.7073	0.3093	1.1819	0.1813	0.1974	0.0000	0.8444	0.3693	1.2274		3.2049	0.0000	0.0141	0.0010	0.0041	6.0584	12.5856	0.0000	0.0000	0.0000	0.0000	0.0000	0.0000	0.0000	0.0000	0.0000	0.0658	0.0156	0.0501	0.0035	0.0035	0.0000	0.0623	0.0122	0.0501	0.0000	0.0000	0.0000	0.0000	0.0000	0.0000	0.0000	0.0000	0.0000	0.0930	0.0506	0.0424	0.0192	0.0177	0.0016	0.0738	0.0329	0.0409
69	70	0.0247	9	2	0	1	0	0	0	0	0	0	1	1	1	0	0	0	0	0	0	Y	N	N	N	N	N	N	N	N	N	N	N	N	N	N	N	N	N	0.3956	0.0000	91.2667	0.0025	0.0000	4.1092	165.5330	0.0000	406.9438	0.0508	0.0000	0.3760	0.0018	0.0000	0.6675	0.0858	0.0000	0.3736	0.1284	0.2400	0.0041	0.7136	0.7440	0.1625	0.0005	0.0000	0.0009	inf	0.0154	0.0000	-0.0009	0.0006	2.3581	0.9765	7.4584	0.0000	0.0000	0.0000	0.0000	0.0000	0.0000	0.0000	0.0000	0.0000	0.0017	0.0016	0.0000	0.0016	0.0016	0.0000	0.0000	0.0000	0.0000	0.0001	0.0000	0.0000	0.0000	0.0000	0.0000	0.0000	0.0000	0.0000	0.0129	0.0068	0.0061	0.0023	0.0022	0.0001	0.0106	0.0046	0.0060
69	71	0.0175	8	2	0	1	0	0	0	0	0	0	0	1	0	0	0	0	0	0	0	Y	N	N	N	N	N	N	N	N	N	N	N	N	N	N	N	N	N	178.3274	0.9247	739.8863	0.0000	0.0000	0.0000	195.3146	2.8912	766.4802	38.1665	0.0030	377.6157	0.0000	0.0000	0.0000	51.5052	0.0042	378.2899	0.2140	0.0033	0.5104	0.0787	0.0058	0.7646	0.2637	0.0015	0.4935	14045.4792	111.0453	0.0002	0.0008	0.0006	1.7590	0.9765	3.5356	0.0006	0.0000	0.0006	0.0000	0.0000	0.0000	0.0006	0.0000	0.0006	0.0019	0.0000	0.0019	0.0002	0.0000	0.0002	0.0017	0.0000	0.0017	0.0000	0.0000	0.0000	0.0000	0.0000	0.0000	0.0000	0.0000	0.0000	0.0089	0.0052	0.0037	0.0024	0.0022	0.0002	0.0065	0.0030	0.0035
69	72	0.0141	7	2	0	1	0	0	0	0	0	1	0	1	0	0	0	0	0	0	0	Y	N	N	N	N	N	N	N	N	N	N	N	N	N	N	N	N	N	9.7173	1.9224	25.6322	124.2530	156.0743	0.0000	13.9901	0.0000	25.6023	1.2641	0.2934	2.8168	0.4121	0.4121	0.0000	1.9285	0.0000	2.8172	0.1301	0.1526	0.1099	0.0033	0.0026	0.0395	0.1378	0.1731	0.1100	6.0010	0.8041	0.0000	-0.0000	0.0006	0.0029	0.9765	2.4186	0.0000	0.0000	0.0000	0.0000	0.0000	0.0000	0.0000	0.0000	0.0000	0.0003	0.0002	0.0002	0.0000	0.0000	0.0000	0.0003	0.0002	0.0002	0.0000	0.0000	0.0000	0.0000	0.0000	0.0000	0.0000	0.0000	0.0000	0.0026	0.0012	0.0014	0.0002	0.0001	0.0000	0.0025	0.0011	0.0014
69	78	0.0964	20	2	0	1	0	0	0	0	0	0	1	0	1	0	0	0	0	0	0	Y	N	N	N	N	N	N	N	N	N	N	N	N	N	N	N	N	N	27.1931	423.0522	0.0000	136.6113	147.3220	0.0000	30.8790	inf	0.0000	0.2031	0.2348	0.0000	0.1788	0.2128	0.0000	0.2869	0.3016	0.0000	0.0075	0.0006	0.0155	0.0013	0.0014	0.0000	0.0093	0.0000	0.0163	0.0000	23.9978	-0.0000	0.0000	0.0006	0.0166	0.9765	12.2009	0.0000	0.0000	0.0000	0.0000	0.0000	0.0000	0.0000	0.0000	0.0000	0.0001	0.0000	0.0001	0.0000	0.0000	0.0000	0.0001	0.0000	0.0001	0.0000	0.0000	0.0000	0.0000	0.0000	0.0000	0.0000	0.0000	0.0000	0.0132	0.0071	0.0061	0.0030	0.0027	0.0003	0.0102	0.0044	0.0058
69	79	0.0821	19	2	0	1	0	1	0	0	0	0	0	0	0	0	0	0	0	0	0	Y	N	N	N	N	N	N	N	N	N	N	N	N	N	N	N	N	N	0.2797	2.5544	0.1588	1.7449	1.4273	inf	0.1066	4558.2135	0.0000	0.0604	0.0597	0.0665	0.1185	0.1095	0.2096	0.0264	0.0297	0.0000	0.2159	0.0234	0.4189	0.0679	0.0767	0.0000	0.2476	0.0000	0.4371	0.1320	17.0110	-0.0000	0.0008	0.0006	1.0285	0.9765	7.9781	0.0000	0.0000	0.0000	0.0000	0.0000	0.0000	0.0000	0.0000	0.0000	0.0019	0.0001	0.0018	0.0001	0.0001	0.0000	0.0018	0.0000	0.0018	0.0000	0.0000	0.0000	0.0000	0.0000	0.0000	0.0000	0.0000	0.0000	0.0090	0.0046	0.0044	0.0016	0.0014	0.0002	0.0074	0.0032	0.0042
69	84	0.0377	8	2	0	1	0	0	0	0	0	0	0	0	0	0	0	0	0	0	0	Y	N	N	N	N	N	N	N	N	N	N	N	N	N	N	N	N	N	0.0000	0.0000	0.0000	0.0000	0.0000	0.0000	0.0000	0.0000	0.0000	0.0000	0.0000	0.0000	0.0000	0.0000	0.0000	0.0000	0.0000	0.0000	0.3413	0.3190	0.3647	1.1301	1.2203	0.0000	0.2081	0.0000	0.3728		1.0910	0.0000	-0.0002	0.0006	2.9998	0.9765	15.4389	0.0000	0.0000	0.0000	0.0000	0.0000	0.0000	0.0000	0.0000	0.0000	0.0069	0.0033	0.0036	0.0033	0.0033	0.0000	0.0036	0.0000	0.0036	0.0000	0.0000	0.0000	0.0000	0.0000	0.0000	0.0000	0.0000	0.0000	0.0202	0.0103	0.0099	0.0029	0.0027	0.0002	0.0173	0.0076	0.0096
69	88	0.0284	6	2	0	1	0	0	0	0	0	0	0	1	1	0	0	0	0	0	0	Y	N	N	N	N	N	N	N	N	N	N	N	N	N	N	N	N	N	4.2090	0.9038	41.1421	0.9586	0.9353	0.0000	14.0862	0.0000	40.8051	0.1185	0.0356	0.6268	0.1064	0.1065	0.0000	0.1234	0.0000	0.6281	0.0282	0.0394	0.0152	0.1110	0.1139	0.0000	0.0088	0.0000	0.0154	2.8682	0.3371	0.0000	-0.0001	0.0006	1.0173	0.9765	8.6136	0.0000	0.0000	0.0000	0.0000	0.0000	0.0000	0.0000	0.0000	0.0000	0.0004	0.0003	0.0001	0.0003	0.0003	0.0000	0.0001	0.0000	0.0001	0.0000	0.0000	0.0000	0.0000	0.0000	0.0000	0.0000	0.0000	0.0000	0.0131	0.0070	0.0061	0.0025	0.0024	0.0001	0.0106	0.0046	0.0060
69	90	0.0284	6	2	0	1	0	0	0	0	0	0	0	1	1	0	0	0	0	0	0	Y	N	N	N	N	N	N	N	N	N	N	N	N	N	N	N	N	N	0.0425	0.0511	0.0000	0.0521	0.0505	0.0000	0.0000	0.0000	0.0000	0.0166	0.0188	0.0000	0.0609	0.0610	0.0000	0.0000	0.0000	0.0000	0.3915	0.3686	0.4164	1.1704	1.2087	0.0000	0.2389	0.0000	0.4209	0.0000	1.0416	-0.0000	-0.0003	0.0006	2.0138	0.9765	11.8132	0.0000	0.0000	0.0000	0.0000	0.0000	0.0000	0.0000	0.0000	0.0000	0.0067	0.0033	0.0034	0.0033	0.0033	0.0000	0.0034	0.0000	0.0034	0.0000	0.0000	0.0000	0.0000	0.0000	0.0000	0.0000	0.0000	0.0000	0.0171	0.0089	0.0082	0.0028	0.0027	0.0001	0.0143	0.0062	0.0081
69	91	0.0199	5	2	0	1	0	0	0	0	0	1	1	1	1	0	0	0	0	0	0	Y	N	N	N	N	N	N	N	N	N	N	N	N	N	N	N	N	N	0.3255	2.3736	0.5237	2.4106	2.3533	0.0000	0.1631	0.0000	0.5197	0.0396	0.0265	0.1292	0.0837	0.0838	0.0000	0.0228	0.0000	0.1294	0.1218	0.0112	0.2468	0.0347	0.0356	0.0005	0.1397	0.0000	0.2490	0.7122	19.5320	-0.0000	0.0004	0.0006	1.9725	0.9765	4.2763	0.0000	0.0000	0.0000	0.0000	0.0000	0.0000	0.0000	0.0000	0.0000	0.0010	0.0000	0.0010	0.0000	0.0000	0.0000	0.0010	0.0000	0.0010	0.0000	0.0000	0.0000	0.0000	0.0000	0.0000	0.0000	0.0000	0.0000	0.0084	0.0045	0.0039	0.0014	0.0014	0.0000	0.0070	0.0031	0.0039
69	98	0.0499	10	2	0	1	1	0	0	0	1	0	0	1	1	0	0	0	0	0	0	Y	N	N	N	N	N	N	N	N	N	N	N	N	N	N	N	N	N	0.0000	0.0000	0.0000	0.0000	0.0000	0.0000	0.0000	0.0000	0.0000	0.0000	0.0000	0.0000	0.0000	0.0000	0.0000	0.0000	0.0000	0.0000	0.0014	0.0027	0.0001	0.0105	0.0117	0.0000	0.0000	0.0000	0.0001		0.0270	0.0000	-0.0000	0.0006	2.9999	0.9765	3.9821	0.0000	0.0000	0.0000	0.0000	0.0000	0.0000	0.0000	0.0000	0.0000	0.0000	0.0000	0.0000	0.0000	0.0000	0.0000	0.0000	0.0000	0.0000	0.0000	0.0000	0.0000	0.0000	0.0000	0.0000	0.0000	0.0000	0.0000	0.0074	0.0037	0.0038	0.0009	0.0009	0.0001	0.0065	0.0028	0.0037
69	99	0.0468	9	2	0	1	0	0	0	0	0	0	0	1	1	0	0	0	0	0	0	Y	N	N	N	N	N	N	N	N	N	N	N	N	N	N	N	N	N	0.0000	0.0000	0.0000	0.0000	0.0000	0.0000	0.0000	0.0000	0.0000	0.0000	0.0000	0.0000	0.0000	0.0000	0.0000	0.0000	0.0000	0.0000	0.0054	0.0014	0.0095	0.0049	0.0054	0.0000	0.0055	0.0000	0.0097		6.4369	0.0000	0.0000	0.0006	0.0003	0.9765	2.0601	0.0000	0.0000	0.0000	0.0000	0.0000	0.0000	0.0000	0.0000	0.0000	0.0000	0.0000	0.0000	0.0000	0.0000	0.0000	0.0000	0.0000	0.0000	0.0000	0.0000	0.0000	0.0000	0.0000	0.0000	0.0000	0.0000	0.0000	0.0024	0.0012	0.0012	0.0003	0.0003	0.0000	0.0020	0.0009	0.0011
69	100	0.0270	8	2	0	1	0	0	0	0	0	1	1	1	1	0	0	0	0	0	0	Y	N	N	N	N	N	N	N	N	N	N	N	N	N	N	N	N	N	0.0000	0.0000	0.0000	0.0000	0.0000	0.0000	0.0000	0.0000	0.0000	0.0000	0.0000	0.0000	0.0000	0.0000	0.0000	0.0000	0.0000	0.0000	0.4682	0.4951	0.4421	1.8988	2.0415	0.0018	0.2575	0.0000	0.4500		0.9208	0.0000	-0.0004	0.0006	3.0014	0.9765	9.1620	0.0000	0.0000	0.0000	0.0000	0.0000	0.0000	0.0000	0.0000	0.0000	0.0064	0.0034	0.0031	0.0034	0.0034	0.0000	0.0031	0.0000	0.0031	0.0000	0.0000	0.0000	0.0000	0.0000	0.0000	0.0000	0.0000	0.0000	0.0137	0.0068	0.0070	0.0018	0.0016	0.0001	0.0120	0.0051	0.0069
69	101	0.0141	7	2	0	1	0	0	0	0	0	0	0	0	0	0	0	0	0	0	0	Y	N	N	N	N	N	N	N	N	N	N	N	N	N	N	N	N	N	6.1029	8.3528	0.0000	1.7061	1.6715	0.0000	0.0000	0.0000	0.0000	0.1272	0.1810	0.0000	0.3320	0.3321	0.0000	0.0000	0.0000	0.0000	0.0208	0.0217	0.0201	0.1946	0.1987	0.0000	0.0113	0.0001	0.0201	0.0000	1.0518	-0.0000	-0.0000	0.0006	0.0077	0.9765	8.0757	0.0000	0.0000	0.0000	0.0000	0.0000	0.0000	0.0000	0.0000	0.0000	0.0002	0.0001	0.0001	0.0001	0.0001	0.0000	0.0001	0.0000	0.0001	0.0000	0.0000	0.0000	0.0000	0.0000	0.0000	0.0000	0.0000	0.0000	0.0084	0.0039	0.0045	0.0004	0.0004	0.0000	0.0080	0.0035	0.0045
69	102	0.0125	6	2	0	1	0	0	0	0	0	0	0	0	0	0	0	0	0	0	0	Y	N	N	N	N	N	N	N	N	N	N	N	N	N	N	N	N	N	527.3388	544.1785	502.7864	374.2304	369.0299	0.0000	448.3858	0.0000	502.1683	0.3943	0.4163	0.3684	0.4716	0.4717	0.0000	0.3236	0.0000	0.3684	0.0007	0.0008	0.0007	0.0013	0.0013	0.0000	0.0007	0.0007	0.0007	0.7500	1.0967	-0.0000	-0.0000	0.0006	0.0011	0.9765	1.0060	0.0000	0.0000	0.0000	0.0000	0.0000	0.0000	0.0000	0.0000	0.0000	0.0000	0.0000	0.0000	0.0000	0.0000	0.0000	0.0000	0.0000	0.0000	0.0000	0.0000	0.0000	0.0000	0.0000	0.0000	0.0000	0.0000	0.0000	0.0011	0.0005	0.0006	0.0001	0.0001	0.0000	0.0010	0.0004	0.0006
69	113	0.0125	4	2	0	1	0	0	0	0	0	0	0	0	0	0	0	0	0	0	0	Y	N	N	N	N	N	N	N	N	N	N	N	N	N	N	N	N	N	423.4354	277.1518	923.6841	62.6815	61.8106	0.0000	614.2047	0.0000	922.9293	1.8086	0.1242	7.0305	0.2714	0.2715	0.0000	2.6216	0.0000	7.0338	0.0043	0.0004	0.0076	0.0043	0.0044	0.0000	0.0043	0.0000	0.0076	18.2624	19.4448	0.0000	0.0000	0.0006	0.0182	0.9765	4.6661	0.0000	0.0000	0.0000	0.0000	0.0000	0.0000	0.0000	0.0000	0.0000	0.0000	0.0000	0.0000	0.0000	0.0000	0.0000	0.0000	0.0000	0.0000	0.0000	0.0000	0.0000	0.0000	0.0000	0.0000	0.0000	0.0000	0.0000	0.0049	0.0023	0.0026	0.0002	0.0002	0.0000	0.0047	0.0021	0.0026
69	121	0.0713	13	2	0	1	0	0	0	0	0	0	0	0	0	0	0	0	0	0	0	Y	N	N	N	N	N	N	N	N	N	N	N	N	N	N	N	N	N	0.0000	0.0000	0.0000	0.0000	0.0000	0.0000	0.0000	0.0000	0.0000	0.0000	0.0000	0.0000	0.0000	0.0000	0.0000	0.0000	0.0000	0.0000	0.2144	0.0768	0.3932	0.1167	0.1209	0.0066	0.2714	0.0023	0.4056		3.9444	0.0000	0.0002	0.0006	0.0000	0.9765	1.2022	0.0000	0.0000	0.0000	0.0000	0.0000	0.0000	0.0000	0.0000	0.0000	0.0006	0.0001	0.0005	0.0001	0.0001	0.0000	0.0005	0.0000	0.0005	0.0000	0.0000	0.0000	0.0000	0.0000	0.0000	0.0000	0.0000	0.0000	0.0030	0.0017	0.0013	0.0011	0.0011	0.0000	0.0019	0.0006	0.0013
69	122	0.0500	12	2	0	1	0	1	0	0	0	0	0	0	0	0	0	0	0	0	0	Y	N	N	N	N	N	N	N	N	N	N	N	N	N	N	N	N	N	0.0000	0.0000	0.0000	0.0000	0.0000	0.0000	0.0000	0.0000	0.0000	0.0000	0.0000	0.0000	0.0000	0.0000	0.0000	0.0000	0.0000	0.0000	59.8833	0.7822	132.0587	1.1056	1.1956	0.0000	76.1750	0.5446	137.0358		138.2427	0.0000	0.4211	0.0006	0.0041	0.9765	12.5856	0.0000	0.0000	0.0000	0.0000	0.0000	0.0000	0.0000	0.0000	0.0000	0.9472	0.0068	0.9404	0.0038	0.0038	0.0000	0.9434	0.0030	0.9404	0.0000	0.0000	0.0000	0.0000	0.0000	0.0000	0.0000	0.0000	0.0000	0.0158	0.0087	0.0071	0.0034	0.0032	0.0003	0.0124	0.0055	0.0069
70	73	0.0923	9	2	0	1	0	0	0	0	0	0	1	2	1	0	0	0	0	0	0	Y	N	N	N	Y	N	N	N	N	N	N	N	N	N	N	N	N	N	0.0002	0.0721	0.0000	0.0513	0.0524	0.0000	0.0001	3639.0952	0.0000	0.0011	0.0013	0.0000	0.0018	0.0019	0.0000	0.0009	0.0010	0.0000	5.4705	0.0175	12.6526	0.0351	0.0365	0.0199	7.7701	0.0000	13.4169	0.0000	548.4390	-0.0000	0.4481	2.3581	1.6760	7.4584	12.1347	0.0000	0.0000	0.0000	0.0000	0.0000	0.0000	0.0000	0.0000	0.0000	0.9959	0.0018	0.9941	0.0019	0.0018	0.0001	0.9940	0.0000	0.9940	0.0354	0.0311	0.0043	0.0084	0.0079	0.0005	0.0270	0.0232	0.0038	0.1821	0.1035	0.0786	0.0541	0.0496	0.0045	0.1279	0.0538	0.0741
70	74	0.0626	8	2	0	1	0	1	0	1	0	1	1	2	1	0	0	0	0	0	0	Y	N	N	N	Y	N	N	N	N	N	N	N	N	N	N	N	N	N	1.4464	368.7695	0.0000	273.9070	293.2542	0.0000	0.8622	5221.5850	0.0000	5.6515	6.3700	0.0000	10.5856	10.8409	0.0000	4.6470	5.3473	0.0000	3.9072	0.0173	9.0006	0.0386	0.0370	0.0594	5.3896	0.0010	9.4497	0.0000	397.9366	-0.2125	0.4333	2.3581	2.9965	7.4584	14.7438	0.3645	0.3645	0.0000	0.1155	0.1155	0.0000	0.2490	0.2490	0.0000	0.9645	0.0024	0.9621	0.0026	0.0023	0.0003	0.9618	0.0001	0.9618	0.0645	0.0572	0.0073	0.0109	0.0107	0.0003	0.0536	0.0466	0.0070	0.2469	0.1400	0.1069	0.0684	0.0633	0.0051	0.1785	0.0767	0.1018
70	75	0.0387	9	2	0	1	0	0	0	0	0	0	1	1	1	0	0	0	0	0	0	Y	N	N	N	N	N	N	N	N	N	N	N	N	N	N	N	N	N	0.6894	0.0000	2.8527	55.0579	0.0000	330.8284	0.6618	0.0000	2.7938	0.0001	0.0000	0.0011	0.0000	0.0000	0.0011	0.0001	0.0000	0.0011	0.0002	0.0000	0.0004	0.0000	0.0000	0.0000	0.0002	0.0000	0.0004	inf	inf	0.0000	0.0000	2.3581	1.0006	7.4584	8.0096	0.0000	0.0000	0.0000	0.0000	0.0000	0.0000	0.0000	0.0000	0.0000	0.0000	0.0000	0.0000	0.0000	0.0000	0.0000	0.0000	0.0000	0.0000	0.0209	0.0185	0.0024	0.0029	0.0028	0.0000	0.0180	0.0156	0.0024	0.1091	0.0567	0.0525	0.0174	0.0163	0.0011	0.0917	0.0404	0.0514
70	76	0.0364	8	2	0	1	0	0	0	0	0	0	1	1	1	0	0	0	0	0	0	Y	N	N	N	N	N	N	N	N	N	N	N	N	N	N	N	N	N	24.7600	0.0000	44893.9302	0.5472	0.0001	inf	10194.1770	0.0000	44188.3104	0.2287	0.0000	1.9822	0.0232	0.0000	1.6915	0.2636	0.0000	1.9873	0.0092	0.0170	0.0000	0.0423	0.0440	0.0000	0.0000	0.0000	0.0000	507941.6570	0.0022	0.0020	-0.0001	2.3581	0.9962	7.4584	0.5464	0.0047	0.0000	0.0047	0.0001	0.0000	0.0001	0.0047	0.0000	0.0047	0.0002	0.0002	0.0000	0.0002	0.0002	0.0000	0.0000	0.0000	0.0000	0.0207	0.0183	0.0024	0.0030	0.0030	0.0000	0.0177	0.0154	0.0024	0.0228	0.0124	0.0104	0.0050	0.0048	0.0002	0.0178	0.0076	0.0102
70	77	0.0300	7	2	0	1	0	0	0	0	0	0	1	1	1	0	0	0	0	0	0	Y	N	N	N	N	N	N	N	N	N	N	N	N	N	N	N	N	N	6.5895	0.0629	227.0159	0.2077	0.0987	19884.2755	53.3057	0.0000	223.0054	0.1762	0.0029	1.4754	0.0283	0.0142	1.4067	0.2085	0.0000	1.4765	0.0267	0.0453	0.0065	0.1361	0.1435	0.0001	0.0039	0.0004	0.0066	69.0347	0.1317	0.0000	-0.0007	2.3581	0.0041	7.4584	4.4918	0.0000	0.0000	0.0000	0.0000	0.0000	0.0000	0.0000	0.0000	0.0000	0.0016	0.0014	0.0002	0.0014	0.0014	0.0000	0.0002	0.0000	0.0002	0.0001	0.0001	0.0000	0.0000	0.0000	0.0000	0.0001	0.0001	0.0000	0.0585	0.0305	0.0280	0.0101	0.0096	0.0005	0.0484	0.0209	0.0275
70	78	0.1114	18	2	0	0	0	0	0	0	0	0	2	1	2	0	0	0	0	0	0	Y	N	N	N	N	Y	N	N	N	N	N	N	N	N	N	N	N	N	0.0000	0.0000	0.0000	0.0000	0.0000	0.0000	0.0000	0.0000	0.0000	0.0000	0.0000	0.0000	0.0000	0.0000	0.0000	0.0000	0.0000	0.0000	0.0003	0.0006	0.0000	0.0011	0.0013	0.0000	0.0000	0.0000	0.0000		0.0070	0.0000	-0.0000	2.3581	0.0166	7.4584	12.2009	0.0000	0.0000	0.0000	0.0000	0.0000	0.0000	0.0000	0.0000	0.0000	0.0001	0.0000	0.0000	0.0000	0.0000	0.0000	0.0000	0.0000	0.0000	0.0008	0.0007	0.0001	0.0003	0.0003	0.0000	0.0004	0.0004	0.0000	0.1511	0.0857	0.0654	0.0438	0.0397	0.0041	0.1073	0.0461	0.0613
70	79	0.0971	17	2	0	0	0	1	0	0	0	0	1	1	1	0	0	0	0	0	0	Y	N	N	N	N	N	N	N	N	N	N	N	N	N	N	N	N	N	0.9297	0.7525	0.0000	0.0000	0.0000	0.0000	3.5049	344.5930	0.0000	0.0018	0.0021	0.0000	0.0000	0.0000	0.0000	0.0022	0.0025	0.0000	0.0020	0.0028	0.0010	0.0060	0.0067	0.0000	0.0006	0.0000	0.0011	0.0000	0.3078	-0.0000	-0.0001	2.3581	1.0285	7.4584	7.9781	0.0000	0.0000	0.0000	0.0000	0.0000	0.0000	0.0000	0.0000	0.0000	0.0002	0.0002	0.0000	0.0002	0.0002	0.0000	0.0000	0.0000	0.0000	0.0216	0.0192	0.0024	0.0035	0.0034	0.0001	0.0181	0.0158	0.0024	0.1053	0.0578	0.0475	0.0265	0.0237	0.0028	0.0788	0.0341	0.0447
70	82	0.0300	7	2	0	1	0	0	0	0	0	1	1	2	1	0	0	0	0	0	0	Y	N	N	N	Y	N	N	N	N	N	N	N	N	N	N	N	N	N	0.0000	0.0258	0.0000	0.0494	0.0471	0.0000	0.0000	0.0000	0.0000	0.0000	0.0000	0.0000	0.0000	0.0000	0.0000	0.0000	0.0000	0.0000	6.3963	0.0003	13.2017	0.0008	0.0009	0.0000	7.5913	0.0000	13.4598	0.0000	48686.2062	-0.0000	0.4396	2.3581	1.9997	7.4584	10.5319	0.0000	0.0000	0.0000	0.0000	0.0000	0.0000	0.0000	0.0000	0.0000	0.9731	0.0000	0.9731	0.0000	0.0000	0.0000	0.9731	0.0000	0.9731	0.0410	0.0363	0.0047	0.0058	0.0057	0.0001	0.0352	0.0306	0.0046	0.1521	0.0784	0.0737	0.0240	0.0225	0.0014	0.1282	0.0559	0.0723
70	83	0.0275	6	2	0	1	0	0	0	1	0	0	1	1	1	0	0	0	0	0	0	Y	N	N	N	N	N	N	N	N	N	N	N	N	N	N	N	N	N	114.4634	9673.7391	0.5443	8918.4003	8397.9701	inf	0.1964	0.0000	0.5311	8.5169	10.0524	0.0823	31.8043	31.9857	0.1225	0.0170	0.0000	0.0819	0.0744	0.0010	0.1512	0.0036	0.0038	0.0000	0.0868	0.0000	0.1542	0.0015	139.0036	-0.0001	0.0006	2.3581	0.0006	7.4584	1.5062	0.0002	0.0002	0.0000	0.0002	0.0002	0.0000	0.0000	0.0000	0.0000	0.0014	0.0000	0.0014	0.0000	0.0000	0.0000	0.0014	0.0000	0.0014	0.0000	0.0000	0.0000	0.0000	0.0000	0.0000	0.0000	0.0000	0.0000	0.0185	0.0094	0.0090	0.0028	0.0026	0.0002	0.0157	0.0069	0.0088
70	84	0.0527	6	2	0	0	0	0	0	0	0	0	1	1	1	0	0	0	0	0	0	Y	N	N	N	N	N	N	N	N	N	N	N	N	N	N	N	N	N	0.0000	0.0000	0.0000	0.0000	0.0000	0.0000	0.0000	0.0000	0.0000	0.0000	0.0000	0.0000	0.0000	0.0000	0.0000	0.0000	0.0000	0.0000	4.2613	0.0106	9.3918	0.0285	0.0282	0.0317	5.4828	0.0000	9.7738		731.0000	0.0000	0.4433	2.3581	2.9998	7.4584	15.4389	0.0000	0.0000	0.0000	0.0000	0.0000	0.0000	0.0000	0.0000	0.0000	0.9843	0.0013	0.9830	0.0015	0.0013	0.0001	0.9829	0.0000	0.9829	0.0612	0.0542	0.0070	0.0086	0.0085	0.0001	0.0526	0.0457	0.0069	0.2310	0.1263	0.1047	0.0517	0.0476	0.0041	0.1793	0.0787	0.1006
70	85	0.4327	11	1	0	0	0	0	0	0	0	1	1	2	1	0	0	0	0	0	0	N	N	N	N	Y	N	N	N	N	N	N	N	N	N	N	N	N	N	1.1432	0.3884	158.3921	4.1087	2.1169	1483.3428	0.5767	0.1109	102.9909	1.1501	0.5847	5.6738	2.1284	1.2553	28.6619	0.8686	0.3690	4.0999	1.0060	1.5053	0.0358	0.5180	0.5930	0.0193	1.5061	3.3276	0.0398	1.2127	0.0122	-0.0228	-1.0367	2.3581	26.8363	7.4584	143.7566	0.6509	0.2942	0.3567	0.2692	0.1537	0.1155	0.3817	0.1405	0.2413	1.9336	1.9102	0.0234	0.5039	0.5015	0.0025	1.4297	1.4088	0.0209	0.5660	0.5031	0.0629	0.1265	0.1224	0.0040	0.4395	0.3807	0.0588	1.9220	1.2690	0.6530	0.9727	0.8456	0.1271	0.9493	0.4234	0.5259
70	87	0.0580	9	2	0	1	0	0	0	1	0	0	1	2	2	0	0	0	0	0	0	Y	N	N	N	Y	Y	N	N	N	N	N	N	N	N	N	N	N	N	0.0226	0.3206	0.0337	0.8811	0.2327	23.0331	0.0208	0.0000	0.0276	0.2098	0.0274	0.6914	0.1605	0.0439	1.1355	0.2605	0.0000	0.5826	9.3033	0.0854	20.5281	0.1821	0.1885	0.0493	12.5172	0.0000	21.0847	9.5731	197.5062	0.0000	0.4205	2.3581	0.0022	7.4584	6.6376	0.0001	0.0000	0.0001	0.0000	0.0000	0.0000	0.0000	0.0000	0.0000	0.9414	0.0047	0.9366	0.0048	0.0047	0.0001	0.9366	0.0000	0.9366	0.0004	0.0003	0.0001	0.0002	0.0002	0.0000	0.0002	0.0001	0.0001	0.1012	0.0556	0.0456	0.0264	0.0252	0.0012	0.0748	0.0304	0.0444
70	88	0.0434	8	2	0	0	0	0	0	0	0	0	1	2	2	0	0	0	0	0	0	Y	N	N	N	Y	Y	N	N	N	N	N	N	N	N	N	N	N	N	3.2103	0.2220	12.0717	94.5350	0.5663	15162.5866	1.9359	0.0000	8.1873	16.6111	0.0369	140.7362	34.2291	0.2109	1747.6588	13.3164	0.0000	97.7794	5.1743	0.1664	11.6583	0.3621	0.3724	0.1153	6.8785	0.0012	11.9428	508.9069	54.1220	0.1485	0.3436	2.3581	1.0173	7.4584	8.6136	0.3579	0.0007	0.3572	0.1162	0.0007	0.1155	0.2417	0.0000	0.2417	0.7923	0.0144	0.7780	0.0145	0.0143	0.0002	0.7778	0.0001	0.7778	0.0215	0.0190	0.0025	0.0034	0.0033	0.0001	0.0182	0.0157	0.0025	0.1531	0.0864	0.0667	0.0400	0.0384	0.0016	0.1131	0.0480	0.0651
70	89	0.0480	5	2	0	1	0	0	0	1	0	0	1	1	1	0	0	0	0	0	0	Y	N	N	N	N	N	N	N	N	N	N	N	N	N	N	N	N	N	2.4702	0.0000	9.7451	0.0320	0.0000	2.5420	2.2301	0.0000	9.5365	16.2792	0.0000	141.6876	0.0012	0.0000	0.0819	18.9485	0.0000	144.1889	6.5902	0.0139	14.5394	0.0363	0.0366	0.0322	8.4966	0.0000	15.1197	inf	865.1047	0.4153	0.7702	2.3581	2.9990	7.4584	17.4729	0.9964	0.0000	0.9964	0.0000	0.0000	0.0000	0.9964	0.0000	0.9964	1.7093	0.0020	1.7073	0.0021	0.0020	0.0001	1.7071	0.0000	1.7071	0.0612	0.0542	0.0070	0.0086	0.0085	0.0001	0.0526	0.0457	0.0069	0.2594	0.1419	0.1174	0.0584	0.0539	0.0045	0.2009	0.0880	0.1129
70	90	0.0434	8	2	0	0	0	0	0	0	0	0	1	2	2	0	0	0	0	0	0	Y	N	N	N	Y	Y	N	N	N	N	N	N	N	N	N	N	N	N	271.8658	0.0120	533413.2603	0.0304	0.0295	0.0000	124572.4663	0.0000	534057.0414	23.8530	0.0019	205.4918	0.0111	0.0113	0.0000	28.1237	0.0000	210.3261	0.0877	0.1582	0.0004	0.3637	0.3816	0.0001	0.0002	0.0000	0.0004	14189.0924	0.0020	0.4162	-0.0096	2.3581	2.0138	7.4584	11.8132	0.9986	0.0001	0.9985	0.0001	0.0001	0.0000	0.9985	0.0000	0.9985	0.0175	0.0175	0.0000	0.0175	0.0175	0.0000	0.0000	0.0000	0.0000	0.0419	0.0370	0.0049	0.0064	0.0062	0.0001	0.0355	0.0308	0.0047	0.1999	0.1107	0.0892	0.0481	0.0459	0.0023	0.1518	0.0648	0.0870
70	91	0.0349	7	2	0	0	0	0	0	0	0	1	2	2	2	0	0	0	0	0	0	Y	N	N	N	Y	Y	N	N	N	N	N	N	N	N	N	N	N	N	0.0825	0.0363	0.4158	0.1036	0.0961	501.7480	0.0935	0.0000	0.4019	0.0294	0.0119	0.1630	0.0764	0.0737	0.2720	0.0214	0.0000	0.1611	0.3563	0.3287	0.3920	0.7375	0.7668	0.0005	0.2288	0.0023	0.4008	1.7816	0.9197	0.0001	-0.0025	2.3581	1.9725	7.4584	4.2763	0.0012	0.0004	0.0008	0.0005	0.0004	0.0000	0.0007	0.0000	0.0007	0.0358	0.0186	0.0171	0.0186	0.0186	0.0000	0.0172	0.0001	0.0171	0.0409	0.0362	0.0047	0.0059	0.0059	0.0001	0.0350	0.0303	0.0046	0.1004	0.0567	0.0437	0.0252	0.0242	0.0010	0.0752	0.0325	0.0428
70	92	0.0682	10	2	0	1	0	1	0	1	0	0	1	1	1	0	0	0	0	0	0	Y	N	N	N	N	N	N	N	N	N	N	N	N	N	N	N	N	N	0.0000	0.0000	0.0000	0.0000	0.0000	0.0000	0.0000	0.0000	0.0000	0.0000	0.0000	0.0000	0.0000	0.0000	0.0000	0.0000	0.0000	0.0000	1.8740	0.0055	4.1894	0.2795	0.0132	2.2006	2.4446	0.0000	4.3434		611.5330	0.0000	0.4610	2.3581	5.0000	7.4584	42.2706	0.0000	0.0000	0.0000	0.0000	0.0000	0.0000	0.0000	0.0000	0.0000	1.0242	0.0017	1.0225	0.0403	0.0017	0.0386	0.9839	0.0000	0.9839	0.1013	0.0896	0.0116	0.0143	0.0141	0.0002	0.0870	0.0756	0.0114	0.5465	0.3025	0.2441	0.1440	0.1265	0.0175	0.4025	0.1760	0.2265
70	93	0.1019	12	1	0	0	0	0	0	0	0	0	1	1	2	0	0	0	0	0	0	N	N	N	N	N	Y	N	N	N	N	N	N	N	N	N	N	N	N	0.0000	0.0000	0.0000	0.0000	0.0000	0.0000	0.0000	0.0000	0.0000	0.0000	0.0000	0.0000	0.0000	0.0000	0.0000	0.0000	0.0000	0.0000	0.0001	0.0002	0.0000	0.0004	0.0004	0.0000	0.0000	0.0000	0.0000		0.0000	0.0000	-0.0000	2.3581	0.0000	7.4584	0.9594	0.0000	0.0000	0.0000	0.0000	0.0000	0.0000	0.0000	0.0000	0.0000	0.0000	0.0000	0.0000	0.0000	0.0000	0.0000	0.0000	0.0000	0.0000	0.0000	0.0000	0.0000	0.0000	0.0000	0.0000	0.0000	0.0000	0.0000	0.0127	0.0071	0.0056	0.0036	0.0033	0.0004	0.0090	0.0038	0.0052
70	94	0.0705	11	1	0	0	0	0	0	0	0	0	2	1	2	0	0	0	0	0	0	N	N	N	N	N	Y	N	N	N	N	N	N	N	N	N	N	N	N	0.0000	0.0000	0.0000	0.0000	0.0000	0.0000	0.0000	0.0000	0.0000	0.0000	0.0000	0.0000	0.0000	0.0000	0.0000	0.0000	0.0000	0.0000	0.0493	0.0859	0.0000	0.1609	0.1854	0.0000	0.0000	0.0000	0.0000		0.0000	0.0000	-0.0073	2.3581	0.0000	7.4584	18.8906	0.0000	0.0000	0.0000	0.0000	0.0000	0.0000	0.0000	0.0000	0.0000	0.0133	0.0133	0.0000	0.0133	0.0133	0.0000	0.0000	0.0000	0.0000	0.0000	0.0000	0.0000	0.0000	0.0000	0.0000	0.0000	0.0000	0.0000	0.2698	0.1548	0.1150	0.0826	0.0717	0.0109	0.1872	0.0831	0.1041
70	97	0.0863	11	2	0	1	0	0	0	1	0	0	1	1	1	0	0	0	0	0	0	Y	N	N	N	N	N	N	N	N	N	N	N	N	N	N	N	N	N	0.0000	0.0000	0.0000	0.0000	0.0000	0.0000	0.0000	0.0000	0.0000	0.0000	0.0000	0.0000	0.0000	0.0000	0.0000	0.0000	0.0000	0.0000	2.4277	0.0015	5.4119	0.0106	0.0034	0.0740	3.3007	0.0000	5.7551		2956.1753	0.0000	0.3449	2.3581	2.0000	7.4584	24.9502	0.0000	0.0000	0.0000	0.0000	0.0000	0.0000	0.0000	0.0000	0.0000	0.7641	0.0003	0.7638	0.0009	0.0003	0.0006	0.7632	0.0000	0.7632	0.0410	0.0363	0.0047	0.0058	0.0057	0.0001	0.0352	0.0305	0.0046	0.3147	0.1736	0.1411	0.0835	0.0750	0.0085	0.2312	0.0986	0.1326
70	98	0.0617	6	2	0	0	1	0	0	0	1	0	1	2	2	0	0	0	0	0	0	Y	N	N	N	Y	Y	N	N	N	N	N	N	N	N	N	N	N	N	0.0000	0.0000	0.0000	0.0000	0.0000	0.0000	0.0000	0.0000	0.0000	0.0000	0.0000	0.0000	0.0000	0.0000	0.0000	0.0000	0.0000	0.0000	0.0000	0.0000	0.0000	0.0000	0.0000	0.0000	0.0000	0.0000	0.0000		0.8314	0.0000	-0.0000	2.3581	2.9999	7.4584	3.9821	0.0000	0.0000	0.0000	0.0000	0.0000	0.0000	0.0000	0.0000	0.0000	0.0000	0.0000	0.0000	0.0000	0.0000	0.0000	0.0000	0.0000	0.0000	0.0614	0.0544	0.0070	0.0090	0.0088	0.0001	0.0524	0.0455	0.0069	0.0858	0.0454	0.0404	0.0183	0.0161	0.0022	0.0675	0.0293	0.0381
70	99	0.0586	5	2	0	0	0	0	0	0	0	0	1	2	2	0	0	0	0	0	0	Y	N	N	N	Y	Y	N	N	N	N	N	N	N	N	N	N	N	N	4018.4135	0.0000	53665.0272	0.0000	0.0000	0.0000	7747.0653	0.0000	51505.6116	6.5531	0.0000	55.7453	0.0000	0.0000	0.0000	8.8553	0.0000	56.5324	0.0016	0.0021	0.0010	0.0033	0.0037	0.0000	0.0011	0.0012	0.0011	inf	0.4178	0.0000	-0.0000	2.3581	0.0003	7.4584	2.0601	0.0001	0.0000	0.0001	0.0000	0.0000	0.0000	0.0001	0.0000	0.0001	0.0000	0.0000	0.0000	0.0000	0.0000	0.0000	0.0000	0.0000	0.0000	0.0000	0.0000	0.0000	0.0000	0.0000	0.0000	0.0000	0.0000	0.0000	0.0272	0.0146	0.0126	0.0062	0.0055	0.0007	0.0210	0.0091	0.0119
70	100	0.0388	4	2	0	0	0	0	0	0	0	1	2	2	2	0	0	0	0	0	0	Y	N	N	N	Y	Y	N	N	N	N	N	N	N	N	N	N	N	N	96.0879	0.0000	1993310.2773	0.0073	0.0000	17245.8996	125.3429	0.0000	1954035.5288	32.4908	0.0000	282.3972	0.0035	0.0000	0.2447	37.8434	0.0000	287.3702	0.3381	0.6359	0.0001	0.4749	0.5223	0.0000	0.3019	0.6992	0.0001	25330926.7310	0.0002	0.8309	-0.0289	2.3581	3.0014	7.4584	9.1620	1.9933	0.0000	1.9933	0.0000	0.0000	0.0000	1.9933	0.0000	1.9933	0.0528	0.0528	0.0000	0.0155	0.0155	0.0000	0.0373	0.0372	0.0000	0.0614	0.0543	0.0071	0.0087	0.0086	0.0001	0.0527	0.0457	0.0069	0.1560	0.0830	0.0731	0.0327	0.0297	0.0030	0.1234	0.0533	0.0701
70	101	0.0259	3	2	0	0	0	0	0	0	0	0	1	1	1	0	0	0	0	0	0	Y	N	N	N	N	N	N	N	N	N	N	N	N	N	N	N	N	N	122.2080	167.0418	369.2057	305.7297	289.1625	127.9276	104.0416	13.3806	366.7017	19.2735	5.6592	106.4392	25.7714	26.0236	0.0612	17.7920	0.1617	107.8788	0.1577	0.0339	0.2883	0.0843	0.0900	0.0005	0.1710	0.0121	0.2942	2.9376	8.0696	0.0006	0.0053	2.3581	0.0077	7.4584	8.0757	0.0035	0.0009	0.0026	0.0009	0.0009	0.0000	0.0026	0.0000	0.0026	0.0156	0.0017	0.0138	0.0013	0.0013	0.0000	0.0143	0.0004	0.0138	0.0002	0.0002	0.0000	0.0000	0.0000	0.0000	0.0001	0.0001	0.0000	0.0986	0.0506	0.0480	0.0151	0.0142	0.0010	0.0835	0.0365	0.0470
70	106	0.0745	14	2	0	1	0	0	0	0	0	0	1	1	1	0	0	0	0	0	0	Y	N	N	N	N	N	N	N	N	N	N	N	N	N	N	N	N	N	0.0071	0.0100	0.0000	0.0298	0.0283	0.0000	0.0000	0.0000	0.0000	0.0004	0.0004	0.0000	0.0026	0.0026	0.0000	0.0000	0.0000	0.0000	0.0521	0.0416	0.0655	0.0866	0.0925	0.0263	0.0388	0.0000	0.0678	0.0000	1.2253	-0.0000	0.0000	2.3581	4.0001	7.4584	15.3361	0.0000	0.0000	0.0000	0.0000	0.0000	0.0000	0.0000	0.0000	0.0000	0.0131	0.0059	0.0072	0.0061	0.0059	0.0002	0.0071	0.0000	0.0071	0.0813	0.0720	0.0093	0.0116	0.0115	0.0002	0.0697	0.0606	0.0091	0.2524	0.1418	0.1105	0.0701	0.0638	0.0063	0.1823	0.0780	0.1043
70	107	0.1022	16	2	0	1	0	0	0	0	0	0	1	1	1	0	0	0	0	0	0	Y	N	N	N	N	N	N	N	N	N	N	N	N	N	N	N	N	N	8.6593	214.8170	0.0000	23910.0147	21966.9117	0.0000	0.0000	0.0000	0.0000	47.9800	54.1928	0.0000	324.6171	329.9717	0.0000	0.0000	0.0000	0.0000	5.5409	0.2523	12.1458	0.0136	0.0150	0.0000	7.4239	0.4196	12.8525	0.0000	38.5504	-0.5820	0.4279	2.3581	1.0040	7.4584	14.1141	0.9980	0.9980	0.0000	0.9980	0.9980	0.0000	0.0000	0.0000	0.0000	1.0035	0.0254	0.9781	0.0006	0.0006	0.0000	1.0029	0.0247	0.9781	0.0208	0.0184	0.0024	0.0031	0.0030	0.0000	0.0177	0.0154	0.0023	0.1811	0.1006	0.0805	0.0460	0.0416	0.0044	0.1351	0.0590	0.0761
70	108	0.0943	15	2	0	1	0	1	0	1	0	0	1	1	1	0	0	0	0	0	0	Y	N	N	N	N	N	N	N	N	N	N	N	N	N	N	N	N	N	0.8262	39.2594	0.0000	2240.3150	2118.1065	0.0000	0.3467	13.5522	0.0000	0.1075	0.1214	0.0000	0.3836	0.3900	0.0000	0.0602	0.0693	0.0000	0.1302	0.0031	0.2839	0.0002	0.0002	0.0001	0.1736	0.0051	0.3012	0.0000	75.8647	-0.0013	0.0034	2.3581	1.0065	7.4584	3.9764	0.0022	0.0022	0.0000	0.0012	0.0012	0.0000	0.0011	0.0011	0.0000	0.0077	0.0001	0.0076	0.0000	0.0000	0.0000	0.0077	0.0001	0.0076	0.0208	0.0184	0.0024	0.0030	0.0030	0.0000	0.0177	0.0154	0.0023	0.0591	0.0324	0.0268	0.0148	0.0133	0.0015	0.0443	0.0191	0.0252
70	112	0.0349	7	2	0	1	0	0	0	1	0	0	1	1	1	0	0	0	0	0	0	Y	N	N	N	N	N	N	N	N	N	N	N	N	N	N	N	N	N	3.2714	0.0000	13.0452	10.4491	0.0000	24078.8255	3.0233	0.0000	12.9509	16.1445	0.0000	140.1278	0.0090	0.0000	0.6493	18.8523	0.0000	142.5738	4.9351	0.0003	10.7417	0.0009	0.0009	0.0000	6.2356	0.0000	11.0088	inf	27601.3167	0.4173	0.4317	2.3581	3.0154	7.4584	11.4025	1.0011	0.0000	1.0011	0.0001	0.0000	0.0001	1.0011	0.0000	1.0011	0.9557	0.0000	0.9557	0.0000	0.0000	0.0000	0.9557	0.0000	0.9557	0.0620	0.0549	0.0071	0.0089	0.0088	0.0001	0.0531	0.0461	0.0070	0.1937	0.1047	0.0890	0.0404	0.0382	0.0022	0.1533	0.0665	0.0868
70	113	0.0275	6	2	0	0	0	0	0	0	0	0	1	1	1	0	0	0	0	0	0	Y	N	N	N	N	N	N	N	N	N	N	N	N	N	N	N	N	N	4.6537	1404.1173	14.1928	2449.6427	2323.9859	15276.5216	3.3937	0.0000	14.1531	1.5445	0.4719	9.6368	2.8318	2.8692	0.0734	1.3224	0.0000	9.8005	0.3319	0.0003	0.6790	0.0012	0.0012	0.0000	0.3897	0.0000	0.6925	2.7068	1929.8255	0.0001	0.0085	2.3581	0.0182	7.4584	4.6661	0.0006	0.0002	0.0004	0.0002	0.0002	0.0000	0.0004	0.0000	0.0004	0.0189	0.0000	0.0188	0.0000	0.0000	0.0000	0.0188	0.0000	0.0188	0.0004	0.0003	0.0000	0.0001	0.0001	0.0000	0.0003	0.0003	0.0000	0.0568	0.0291	0.0278	0.0084	0.0079	0.0005	0.0484	0.0212	0.0272
70	114	0.0275	5	2	0	0	0	0	0	0	0	0	1	1	1	0	0	0	0	0	0	Y	N	N	N	N	N	N	N	N	N	N	N	N	N	N	N	N	N	42.3028	49862.4702	53.3286	51502.0850	57251.3686	inf	22.7596	0.0000	52.8976	21.4967	12.8612	65.4278	35.7363	35.9021	0.2119	15.3714	0.0000	65.9875	0.5082	0.0003	1.2269	0.0007	0.0006	0.0000	0.6754	0.0000	1.2475	1.0000	3361.4048	-0.0000	0.0000	2.3581	0.0004	7.4584	0.0007	0.0003	0.0002	0.0002	0.0002	0.0002	0.0000	0.0002	0.0000	0.0002	0.0000	0.0000	0.0000	0.0000	0.0000	0.0000	0.0000	0.0000	0.0000	0.0000	0.0000	0.0000	0.0000	0.0000	0.0000	0.0000	0.0000	0.0000	0.0000	0.0000	0.0000	0.0000	0.0000	0.0000	0.0000	0.0000	0.0000
70	115	0.0275	4	2	0	0	0	0	0	0	0	0	1	1	1	0	0	0	0	0	0	Y	N	N	N	N	N	N	N	N	N	N	N	N	N	N	N	N	N	58225.8988	45565.5301	122632.1874	55124.2268	62087.3096	inf	65294.8973	0.0000	141484.4982	21.4967	12.8612	65.4278	35.7363	35.9021	0.2119	15.3714	0.0000	65.9875	0.0004	0.0003	0.0005	0.0006	0.0006	0.0000	0.0002	0.0000	0.0005	1.0000	1.0000	-0.0000	-0.0000	2.3581	0.0004	7.4584	0.0002	0.0003	0.0002	0.0002	0.0002	0.0002	0.0000	0.0002	0.0000	0.0002	0.0000	0.0000	0.0000	0.0000	0.0000	0.0000	0.0000	0.0000	0.0000	0.0000	0.0000	0.0000	0.0000	0.0000	0.0000	0.0000	0.0000	0.0000	0.0000	0.0000	0.0000	0.0000	0.0000	0.0000	0.0000	0.0000	0.0000
70	119	0.0901	13	2	0	1	0	0	0	0	0	0	1	1	1	0	0	0	0	0	0	Y	N	N	N	N	N	N	N	N	N	N	N	N	N	N	N	N	N	6547.3589	0.0932	524580.8147	0.4150	0.2596	270.9144	120194.3548	0.0000	536721.2871	8.2263	0.0002	71.7702	0.0018	0.0013	0.0397	9.5873	0.0000	73.0963	0.0013	0.0021	0.0001	0.0044	0.0049	0.0001	0.0001	0.0000	0.0001	46477.8179	0.0506	0.4154	-0.0002	2.3581	6.0007	7.4584	19.0307	0.9966	0.0000	0.9965	0.0000	0.0000	0.0000	0.9965	0.0000	0.9965	0.0004	0.0004	0.0000	0.0004	0.0004	0.0000	0.0000	0.0000	0.0000	0.1211	0.1073	0.0139	0.0172	0.0169	0.0003	0.1039	0.0903	0.0136	0.3003	0.1675	0.1328	0.0817	0.0736	0.0081	0.2186	0.0939	0.1247
70	120	0.0866	12	2	0	1	0	0	0	1	0	0	1	1	1	0	0	0	0	0	0	Y	N	N	N	N	N	N	N	N	N	N	N	N	N	N	N	N	N	355.4397	0.0000	3199.8250	27.1655	0.0000	716.9853	970.9120	0.0000	4436.2396	3.9822	0.0000	34.6091	0.6908	0.0000	48.5762	4.5289	0.0000	34.3587	0.0112	0.0115	0.0108	0.0254	0.0223	0.0678	0.0047	0.0002	0.0077	inf	0.7025	0.0001	-0.0001	2.3581	0.0034	7.4584	3.2312	0.0003	0.0000	0.0003	0.0000	0.0000	0.0000	0.0003	0.0000	0.0003	0.0006	0.0003	0.0002	0.0004	0.0003	0.0001	0.0002	0.0000	0.0002	0.0001	0.0001	0.0000	0.0000	0.0000	0.0000	0.0001	0.0001	0.0000	0.0509	0.0291	0.0217	0.0160	0.0149	0.0011	0.0349	0.0142	0.0206
70	121	0.0863	11	2	0	0	0	0	0	0	0	0	1	1	1	0	0	0	0	0	0	Y	N	N	N	N	N	N	N	N	N	N	N	N	N	N	N	N	N	0.0000	0.0000	0.0000	0.0000	0.0000	0.0000	0.0000	0.0000	0.0000	0.0000	0.0000	0.0000	0.0000	0.0000	0.0000	0.0000	0.0000	0.0000	0.0193	0.0157	0.0244	0.0238	0.0247	0.0003	0.0165	0.0001	0.0252		1.1106	0.0000	-0.0000	2.3581	0.0000	7.4584	1.2022	0.0000	0.0000	0.0000	0.0000	0.0000	0.0000	0.0000	0.0000	0.0000	0.0006	0.0003	0.0003	0.0003	0.0003	0.0000	0.0003	0.0000	0.0003	0.0000	0.0000	0.0000	0.0000	0.0000	0.0000	0.0000	0.0000	0.0000	0.0302	0.0176	0.0126	0.0116	0.0112	0.0004	0.0186	0.0064	0.0122
70	122	0.0650	10	2	0	0	0	1	0	0	0	0	1	1	1	0	0	0	0	0	0	Y	N	N	N	N	N	N	N	N	N	N	N	N	N	N	N	N	N	0.0000	0.0000	0.0000	0.0000	0.0000	0.0000	0.0000	0.0000	0.0000	0.0000	0.0000	0.0000	0.0000	0.0000	0.0000	0.0000	0.0000	0.0000	0.0174	0.0268	0.0046	0.0552	0.0599	0.0005	0.0027	0.0000	0.0048		0.1260	0.0000	-0.0014	2.3581	0.0041	7.4584	12.5856	0.0000	0.0000	0.0000	0.0000	0.0000	0.0000	0.0000	0.0000	0.0000	0.0031	0.0027	0.0003	0.0028	0.0027	0.0000	0.0003	0.0000	0.0003	0.0001	0.0001	0.0000	0.0000	0.0000	0.0000	0.0001	0.0001	0.0000	0.1781	0.1027	0.0755	0.0499	0.0459	0.0040	0.1283	0.0568	0.0715
70	126	0.0999	16	1	0	1	0	0	0	0	0	1	1	2	1	0	0	0	0	0	0	N	N	N	N	Y	N	N	N	N	N	N	N	N	N	N	N	N	N	0.0000	0.0000	0.0000	0.0000	0.0000	0.0000	0.0000	0.0000	0.0000	0.0000	0.0000	0.0000	0.0000	0.0000	0.0000	0.0000	0.0000	0.0000	0.0030	0.0019	0.0044	0.0043	0.0046	0.0021	0.0026	0.0000	0.0046		1.8721	0.0000	0.0000	2.3581	0.0003	7.4584	3.0192	0.0000	0.0000	0.0000	0.0000	0.0000	0.0000	0.0000	0.0000	0.0000	0.0001	0.0000	0.0001	0.0000	0.0000	0.0000	0.0001	0.0000	0.0001	0.0000	0.0000	0.0000	0.0000	0.0000	0.0000	0.0000	0.0000	0.0000	0.0369	0.0205	0.0165	0.0095	0.0085	0.0011	0.0274	0.0120	0.0154
70	131	0.1062	18	2	0	1	0	0	0	0	0	0	1	1	1	0	0	0	0	0	0	Y	N	N	N	N	N	N	N	N	N	N	N	N	N	N	N	N	N	0.0806	1.8875	0.0000	5.1683	4.7233	0.0000	0.0000	0.0000	0.0000	0.0446	0.0505	0.0000	0.2721	0.2768	0.0000	0.0000	0.0000	0.0000	0.5534	0.0268	1.2153	0.0527	0.0586	0.0000	0.7511	0.0000	1.2995	0.0000	36.1291	-0.0006	0.0297	2.3581	1.0211	7.4584	9.0731	0.0010	0.0010	0.0000	0.0010	0.0010	0.0000	0.0000	0.0000	0.0000	0.0699	0.0019	0.0680	0.0019	0.0019	0.0000	0.0680	0.0000	0.0680	0.0217	0.0191	0.0025	0.0036	0.0035	0.0001	0.0181	0.0156	0.0025	0.1263	0.0704	0.0560	0.0358	0.0321	0.0036	0.0906	0.0382	0.0523
70	132	0.1270	18	1	0	0	0	0	0	0	0	0	2	1	2	0	0	0	0	0	0	N	N	N	N	N	Y	N	N	N	N	N	N	N	N	N	N	N	N	0.0000	0.0000	0.0000	0.0000	0.0000	0.0000	0.0000	0.0000	0.0000	0.0000	0.0000	0.0000	0.0000	0.0000	0.0000	0.0000	0.0000	0.0000	0.0008	0.0014	0.0000	0.0026	0.0029	0.0000	0.0000	0.0000	0.0000		0.0000	0.0000	-0.0000	2.3581	0.0075	7.4584	1.9743	0.0000	0.0000	0.0000	0.0000	0.0000	0.0000	0.0000	0.0000	0.0000	0.0000	0.0000	0.0000	0.0000	0.0000	0.0000	0.0000	0.0000	0.0000	0.0004	0.0003	0.0001	0.0001	0.0001	0.0000	0.0002	0.0002	0.0001	0.0244	0.0138	0.0106	0.0072	0.0064	0.0008	0.0172	0.0074	0.0098
70	134	0.1218	16	1	0	0	0	0	0	0	0	0	2	1	2	0	0	0	0	0	0	N	N	N	N	N	Y	N	N	N	N	N	N	N	N	N	N	N	N	0.0000	0.0000	0.0000	0.0000	0.0000	0.0000	0.0000	0.0000	0.0000	0.0000	0.0000	0.0000	0.0000	0.0000	0.0000	0.0000	0.0000	0.0000	0.3338	0.0017	0.8445	0.6867	0.0033	3.5391	0.0980	0.0000	0.1855		314.2783	0.0000	0.0195	2.3581	2.0569	7.4584	5.7592	0.0000	0.0000	0.0000	0.0000	0.0000	0.0000	0.0000	0.0000	0.0000	0.0435	0.0001	0.0434	0.0359	0.0001	0.0357	0.0077	0.0000	0.0077	0.0442	0.0392	0.0050	0.0075	0.0074	0.0001	0.0367	0.0318	0.0049	0.1304	0.0790	0.0514	0.0522	0.0421	0.0101	0.0782	0.0369	0.0413
70	135	0.1233	17	1	0	0	0	0	0	0	0	0	2	1	2	0	0	0	0	0	0	N	N	N	N	N	Y	N	N	N	N	N	N	N	N	N	N	N	N	0.0000	0.0000	0.0000	0.0000	0.0000	0.0000	0.0000	0.0000	0.0000	0.0000	0.0000	0.0000	0.0000	0.0000	0.0000	0.0000	0.0000	0.0000	0.2871	0.0001	0.7143	0.6179	0.0002	3.3207	0.0821	0.0000	0.1532		4346.4168	0.0000	0.0196	2.3581	1.0111	7.4584	8.8059	0.0000	0.0000	0.0000	0.0000	0.0000	0.0000	0.0000	0.0000	0.0000	0.0435	0.0000	0.0434	0.0358	0.0000	0.0358	0.0077	0.0000	0.0077	0.0212	0.0188	0.0024	0.0035	0.0034	0.0001	0.0176	0.0153	0.0023	0.1513	0.0905	0.0608	0.0579	0.0471	0.0108	0.0934	0.0434	0.0500
70	138	0.1000	15	2	0	1	0	0	0	0	0	0	1	2	1	0	0	0	0	0	0	Y	N	N	N	Y	N	N	N	N	N	N	N	N	N	N	N	N	N	632.8245	1263.3908	0.0000	0.0000	0.0000	0.0000	1101.9347	inf	0.0000	0.3903	0.4723	0.0000	0.0000	0.0000	0.0000	0.6043	0.8240	0.0000	0.0006	0.0004	0.0009	0.0008	0.0008	0.0005	0.0005	0.0000	0.0010	0.0000	1.8569	-0.0000	0.0000	2.3581	0.0010	7.4584	4.0030	0.0000	0.0000	0.0000	0.0000	0.0000	0.0000	0.0000	0.0000	0.0000	0.0000	0.0000	0.0000	0.0000	0.0000	0.0000	0.0000	0.0000	0.0000	0.0001	0.0000	0.0000	0.0000	0.0000	0.0000	0.0000	0.0000	0.0000	0.0509	0.0294	0.0215	0.0152	0.0135	0.0017	0.0357	0.0160	0.0198
70	139	0.0745	14	2	0	1	0	0	0	0	0	1	1	2	1	0	0	0	0	0	0	Y	N	N	N	Y	N	N	N	N	N	N	N	N	N	N	N	N	N	361.1317	1202.2729	0.0000	0.0000	0.0000	0.0000	399.2916	9846560.5674	0.0000	16.3207	18.4334	0.0000	0.0000	0.0000	0.0000	19.0451	21.9246	0.0000	0.0452	0.0153	0.0840	0.0389	0.0331	0.1021	0.0477	0.0000	0.0829	0.0000	4.2152	-0.5827	0.0025	2.3581	2.9989	7.4584	12.3267	0.9992	0.9992	0.0000	0.0000	0.0000	0.0000	0.9992	0.9992	0.0000	0.0095	0.0018	0.0077	0.0023	0.0018	0.0005	0.0071	0.0000	0.0071	0.0612	0.0542	0.0070	0.0088	0.0086	0.0001	0.0525	0.0456	0.0069	0.2097	0.1185	0.0912	0.0599	0.0549	0.0051	0.1497	0.0636	0.0861
70	140	0.0737	13	2	0	1	0	1	0	1	0	0	1	1	1	0	0	0	0	0	0	Y	N	N	N	N	N	N	N	N	N	N	N	N	N	N	N	N	N	0.8071	69.2928	0.0000	0.0000	0.0000	0.0000	0.7171	376.2929	0.0000	1.0261	1.1719	0.0000	0.0000	0.0000	0.0000	1.3199	1.5675	0.0000	1.2713	0.0169	3.0018	0.1087	0.0283	1.1966	1.8406	0.0042	3.1044	0.0000	128.6697	-0.0000	0.0080	2.3581	0.0011	7.4584	0.8290	0.0000	0.0000	0.0000	0.0000	0.0000	0.0000	0.0000	0.0000	0.0000	0.0180	0.0001	0.0179	0.0005	0.0001	0.0004	0.0175	0.0000	0.0175	0.0000	0.0000	0.0000	0.0000	0.0000	0.0000	0.0000	0.0000	0.0000	0.0142	0.0082	0.0060	0.0047	0.0043	0.0003	0.0095	0.0039	0.0056
70	141	0.0968	15	2	0	1	0	0	0	0	0	0	1	1	1	0	0	0	0	0	0	Y	N	N	N	N	N	N	N	N	N	N	N	N	N	N	N	N	N	0.0000	0.0000	0.0000	0.0000	0.0000	0.0000	0.0000	0.0000	0.0000	0.0000	0.0000	0.0000	0.0000	0.0000	0.0000	0.0000	0.0000	0.0000	0.0755	0.1333	0.0000	0.2408	0.2702	0.0000	0.0007	0.0016	0.0000		0.0000	0.0000	-0.0046	2.3581	0.0243	7.4584	8.8037	0.0000	0.0000	0.0000	0.0000	0.0000	0.0000	0.0000	0.0000	0.0000	0.0083	0.0083	0.0000	0.0083	0.0083	0.0000	0.0000	0.0000	0.0000	0.0009	0.0008	0.0001	0.0003	0.0003	0.0000	0.0006	0.0005	0.0001	0.1100	0.0623	0.0477	0.0343	0.0306	0.0037	0.0757	0.0318	0.0440
70	142	0.0802	14	2	0	1	0	1	0	1	0	0	1	1	1	0	0	0	0	0	0	Y	N	N	N	N	N	N	N	N	N	N	N	N	N	N	N	N	N	0.0000	0.0000	0.0000	0.0000	0.0000	0.0000	0.0000	0.0000	0.0000	0.0000	0.0000	0.0000	0.0000	0.0000	0.0000	0.0000	0.0000	0.0000	0.0232	0.0064	0.0445	0.0126	0.0141	0.0000	0.0274	0.0000	0.0477		5.5466	0.0000	0.0009	2.3581	4.9785	7.4584	5.0554	0.0000	0.0000	0.0000	0.0000	0.0000	0.0000	0.0000	0.0000	0.0000	0.0029	0.0004	0.0025	0.0004	0.0004	0.0000	0.0025	0.0000	0.0025	0.1009	0.0894	0.0115	0.0144	0.0142	0.0002	0.0865	0.0751	0.0113	0.1252	0.0698	0.0554	0.0352	0.0314	0.0037	0.0901	0.0384	0.0517
70	143	0.1193	19	2	0	1	0	0	0	0	0	0	1	2	1	0	0	0	0	0	0	Y	N	N	N	Y	N	N	N	N	N	N	N	N	N	N	N	N	N	4293.2275	inf	0.0000	0.0000	0.0000	0.0000	6402.6279	inf	0.0000	11.1398	13.0114	0.0000	0.0000	0.0000	0.0000	17.8933	21.5992	0.0000	0.0026	0.0000	0.0060	0.0020	0.0000	0.0201	0.0028	0.0000	0.0051	0.0000	inf	-0.0000	0.0000	2.3581	0.0000	7.4584	3.0055	0.0000	0.0000	0.0000	0.0000	0.0000	0.0000	0.0000	0.0000	0.0000	0.0001	0.0000	0.0001	0.0000	0.0000	0.0000	0.0001	0.0000	0.0001	0.0000	0.0000	0.0000	0.0000	0.0000	0.0000	0.0000	0.0000	0.0000	0.0352	0.0201	0.0151	0.0094	0.0084	0.0010	0.0259	0.0117	0.0142
70	144	0.1062	18	2	0	1	0	0	0	0	0	1	1	2	1	0	0	0	0	0	0	Y	N	N	N	Y	N	N	N	N	N	N	N	N	N	N	N	N	N	20.0136	24189.2300	0.0000	0.0010	0.6434	0.0000	26.8544	inf	0.0000	23.6655	26.7330	0.0000	0.0015	0.0015	0.0000	28.1418	32.4667	0.0000	1.1825	0.0011	2.6633	1.5147	0.0024	15.4085	1.0479	0.0000	1.7953	0.0000	1922.5684	-0.5807	0.0556	2.3581	2.0192	7.4584	6.0784	0.9958	0.9958	0.0000	0.0000	0.0000	0.0000	0.9958	0.9958	0.0000	0.1233	0.0001	0.1232	0.0455	0.0001	0.0455	0.0778	0.0000	0.0778	0.0421	0.0372	0.0048	0.0067	0.0066	0.0001	0.0354	0.0307	0.0047	0.1043	0.0580	0.0463	0.0301	0.0271	0.0030	0.0742	0.0309	0.0433
70	145	0.1015	17	2	0	1	0	1	0	0	0	0	1	1	1	0	0	0	0	0	0	Y	N	N	N	N	N	N	N	N	N	N	N	N	N	N	N	N	N	0.0009	6.5220	0.0000	0.0001	0.0002	0.0000	0.0008	1886.3132	0.0000	0.0238	0.0268	0.0000	0.0000	0.0000	0.0000	0.0279	0.0321	0.0000	25.6925	0.0041	57.3732	0.0201	0.0100	0.0966	34.5704	0.0000	61.5054	0.0000	11305.1600	-0.0006	0.4091	2.3581	1.9811	7.4584	0.9869	0.0010	0.0010	0.0000	0.0000	0.0000	0.0000	0.0010	0.0010	0.0000	0.9058	0.0001	0.9058	0.0002	0.0001	0.0001	0.9057	0.0000	0.9057	0.0407	0.0360	0.0046	0.0060	0.0059	0.0001	0.0346	0.0301	0.0046	0.0353	0.0195	0.0158	0.0091	0.0080	0.0011	0.0262	0.0115	0.0147
71	73	0.0770	8	2	0	1	0	0	0	0	0	0	0	2	0	0	0	0	0	0	0	Y	N	N	N	Y	N	N	N	N	N	N	N	N	N	N	N	N	N	0.0659	1.1606	0.0000	0.7410	0.6942	0.0000	0.0433	5.3476	0.0000	0.0038	0.0044	0.0000	0.0043	0.0045	0.0000	0.0038	0.0044	0.0000	0.0576	0.0038	0.1429	0.0058	0.0064	0.0002	0.0867	0.0008	0.1581	0.0000	23.9305	-0.0000	0.0030	1.7590	1.6760	3.5356	12.1347	0.0001	0.0001	0.0000	0.0000	0.0000	0.0000	0.0001	0.0001	0.0000	0.0072	0.0003	0.0069	0.0003	0.0003	0.0000	0.0069	0.0000	0.0069	0.0220	0.0191	0.0029	0.0018	0.0017	0.0001	0.0202	0.0174	0.0028	0.1248	0.0765	0.0483	0.0448	0.0402	0.0047	0.0800	0.0364	0.0437
71	74	0.0472	7	2	0	1	0	1	0	1	0	1	0	2	0	0	0	0	0	0	0	Y	N	N	N	Y	N	N	N	N	N	N	N	N	N	N	N	N	N	215.8751	1420.0737	0.0091	0.6131	0.5622	0.0000	164.4693	10231.9316	0.0084	19.7653	22.8723	0.0019	0.0166	0.0168	0.0000	20.4868	23.8319	0.0019	0.0916	0.0161	0.2098	0.0271	0.0299	0.0014	0.1246	0.0023	0.2294	0.0000	8.3124	-0.4418	0.0054	1.7590	2.9965	3.5356	14.7438	0.7577	0.7576	0.0000	0.0000	0.0000	0.0000	0.7576	0.7576	0.0000	0.0156	0.0017	0.0140	0.0016	0.0016	0.0000	0.0141	0.0001	0.0140	0.0383	0.0331	0.0052	0.0014	0.0013	0.0000	0.0370	0.0318	0.0052	0.1708	0.1043	0.0665	0.0578	0.0521	0.0057	0.1130	0.0522	0.0608
71	75	0.0234	8	2	0	1	0	0	0	0	0	0	0	1	0	0	0	0	0	0	0	Y	N	N	N	N	N	N	N	N	N	N	N	N	N	N	N	N	N	172.7821	0.0083	496674.6645	0.0000	0.0000	0.0000	1564914.9122	inf	5876438.8280	0.0463	0.0000	0.3294	0.0000	0.0000	0.0000	0.0466	0.0000	0.3302	0.0003	0.0005	0.0000	0.0010	0.0012	0.0000	0.0000	0.0000	0.0000	14045.4792	0.0010	0.0002	-0.0000	1.7590	1.0006	3.5356	8.0096	0.0006	0.0000	0.0006	0.0000	0.0000	0.0000	0.0006	0.0000	0.0006	0.0000	0.0000	0.0000	0.0000	0.0000	0.0000	0.0000	0.0000	0.0000	0.0123	0.0105	0.0017	0.0001	0.0001	0.0000	0.0122	0.0105	0.0017	0.0769	0.0446	0.0323	0.0198	0.0178	0.0021	0.0570	0.0268	0.0302
71	76	0.0210	7	2	0	1	0	0	0	0	0	0	0	1	0	0	0	0	0	0	0	Y	N	N	N	N	N	N	N	N	N	N	N	N	N	N	N	N	N	11583.4543	1.4087	57484.7708	9.5863	9.1947	0.0000	14473.0581	3380.4396	55883.0881	81.2553	0.0069	577.8610	0.0997	0.0998	0.0000	81.4429	0.0067	577.8641	0.0070	0.0049	0.0101	0.0104	0.0109	0.0053	0.0056	0.0000	0.0103	13667.5217	1.4182	0.4131	0.0000	1.7590	0.9962	3.5356	0.5464	0.9911	0.0001	0.9910	0.0000	0.0000	0.0000	0.9911	0.0001	0.9910	0.0001	0.0000	0.0001	0.0000	0.0000	0.0000	0.0001	0.0000	0.0001	0.0122	0.0105	0.0017	0.0000	0.0000	0.0000	0.0122	0.0105	0.0017	0.0157	0.0093	0.0064	0.0046	0.0042	0.0004	0.0111	0.0051	0.0061
71	77	0.0146	6	2	0	1	0	0	0	0	0	0	0	1	0	0	0	0	0	0	0	Y	N	N	N	N	N	N	N	N	N	N	N	N	N	N	N	N	N	19002.9099	304.3731	142032.9052	2410.2223	2178.5132	0.0000	35447.6382	38.6867	133565.6852	62.6435	1.0451	441.4072	17.9319	17.9320	0.0000	64.9911	0.0054	441.4084	0.0033	0.0034	0.0031	0.0074	0.0082	0.0000	0.0018	0.0001	0.0033	68.6888	0.6573	0.0014	-0.0000	1.7590	0.0041	3.5356	4.4918	0.0035	0.0000	0.0034	0.0000	0.0000	0.0000	0.0034	0.0000	0.0034	0.0001	0.0001	0.0001	0.0001	0.0001	0.0000	0.0001	0.0000	0.0001	0.0001	0.0000	0.0000	0.0000	0.0000	0.0000	0.0001	0.0000	0.0000	0.0411	0.0238	0.0173	0.0107	0.0097	0.0010	0.0304	0.0141	0.0163
71	78	0.0961	17	2	0	0	0	0	0	0	0	0	1	1	1	0	0	0	0	0	0	Y	N	N	N	N	N	N	N	N	N	N	N	N	N	N	N	N	N	0.0000	0.0000	0.0000	0.0000	0.0000	0.0000	0.0000	0.0000	0.0000	0.0000	0.0000	0.0000	0.0000	0.0000	0.0000	0.0000	0.0000	0.0000	0.0002	0.0003	0.0000	0.0006	0.0006	0.0000	0.0000	0.0000	0.0000		0.0262	0.0000	-0.0000	1.7590	0.0166	3.5356	12.2009	0.0000	0.0000	0.0000	0.0000	0.0000	0.0000	0.0000	0.0000	0.0000	0.0000	0.0000	0.0000	0.0000	0.0000	0.0000	0.0000	0.0000	0.0000	0.0005	0.0005	0.0000	0.0002	0.0002	0.0000	0.0003	0.0003	0.0000	0.1070	0.0660	0.0410	0.0375	0.0335	0.0040	0.0694	0.0324	0.0370
71	79	0.0818	16	2	0	0	0	1	0	0	0	0	0	1	0	0	0	0	0	0	0	Y	N	N	N	N	N	N	N	N	N	N	N	N	N	N	N	N	N	0.0011	0.0014	0.0000	0.0000	0.0000	0.0000	0.0042	0.0071	0.0000	0.0000	0.0000	0.0000	0.0000	0.0000	0.0000	0.0000	0.0000	0.0000	0.0021	0.0020	0.0024	0.0053	0.0037	0.0177	0.0006	0.0004	0.0008	0.0000	0.7933	-0.0000	-0.0000	1.7590	1.0285	3.5356	7.9781	0.0000	0.0000	0.0000	0.0000	0.0000	0.0000	0.0000	0.0000	0.0000	0.0002	0.0001	0.0001	0.0001	0.0001	0.0001	0.0000	0.0000	0.0000	0.0129	0.0111	0.0018	0.0004	0.0004	0.0000	0.0125	0.0108	0.0018	0.0758	0.0459	0.0299	0.0247	0.0218	0.0029	0.0511	0.0241	0.0270
71	82	0.0146	6	2	0	1	0	0	0	0	0	1	0	2	0	0	0	0	0	0	0	Y	N	N	N	Y	N	N	N	N	N	N	N	N	N	N	N	N	N	0.0086	0.7238	0.0000	593.1862	532.6250	0.0000	0.0000	0.0000	0.0000	0.0020	0.0024	0.0000	4.0256	4.0288	0.0000	0.0000	0.0000	0.0000	0.2379	0.0033	0.5571	0.0068	0.0076	0.0000	0.3159	0.0005	0.5935	0.0000	124.3719	-0.0000	0.0114	1.7590	1.9997	3.5356	10.5319	0.0000	0.0000	0.0000	0.0000	0.0000	0.0000	0.0000	0.0000	0.0000	0.0257	0.0002	0.0255	0.0002	0.0002	0.0000	0.0255	0.0000	0.0255	0.0243	0.0209	0.0034	0.0000	0.0000	0.0000	0.0243	0.0209	0.0034	0.1080	0.0623	0.0458	0.0273	0.0245	0.0028	0.0808	0.0378	0.0429
71	83	0.0122	5	2	0	1	0	0	0	1	0	0	0	1	0	0	0	0	0	0	0	Y	N	N	N	N	N	N	N	N	N	N	N	N	N	N	N	N	N	3231.7271	54844.9798	4719.0446	140440.5401	125517.3550	0.0000	1599.4433	184.9537	4426.1082	8.9200	4.7623	30.0890	27.6962	27.6962	0.0000	5.7689	0.0005	30.0890	0.0028	0.0001	0.0064	0.0002	0.0002	0.0000	0.0036	0.0000	0.0068	1.2409	54.2872	-0.0000	0.0000	1.7590	0.0006	3.5356	1.5062	0.0001	0.0000	0.0001	0.0000	0.0000	0.0000	0.0001	0.0000	0.0001	0.0000	0.0000	0.0000	0.0000	0.0000	0.0000	0.0000	0.0000	0.0000	0.0000	0.0000	0.0000	0.0000	0.0000	0.0000	0.0000	0.0000	0.0000	0.0132	0.0076	0.0056	0.0033	0.0029	0.0003	0.0099	0.0047	0.0053
71	84	0.0374	5	2	0	0	0	0	0	0	0	0	0	1	0	0	0	0	0	0	0	Y	N	N	N	N	N	N	N	N	N	N	N	N	N	N	N	N	N	0.0000	0.0000	0.0000	0.0000	0.0000	0.0000	0.0000	0.0000	0.0000	0.0000	0.0000	0.0000	0.0000	0.0000	0.0000	0.0000	0.0000	0.0000	0.0945	0.0134	0.2152	0.0020	0.0022	0.0000	0.1341	0.0224	0.2337		10.8153	0.0000	0.0056	1.7590	2.9998	3.5356	15.4389	0.0000	0.0000	0.0000	0.0000	0.0000	0.0000	0.0000	0.0000	0.0000	0.0153	0.0013	0.0140	0.0001	0.0001	0.0000	0.0152	0.0012	0.0140	0.0363	0.0312	0.0051	0.0000	0.0000	0.0000	0.0363	0.0312	0.0051	0.1620	0.0969	0.0651	0.0486	0.0435	0.0051	0.1134	0.0534	0.0599
71	85	0.4174	10	1	0	0	0	0	0	0	0	1	0	2	0	0	0	0	0	0	0	N	N	N	N	Y	N	N	N	N	N	N	N	N	N	N	N	N	N	3.1011	0.3817	208.3986	0.0285	0.0190	1.1256	7.4900	0.6760	340.3084	2.1980	0.3897	14.2216	0.0307	0.0230	0.1859	2.4923	0.4450	14.8511	0.7088	1.0208	0.0682	1.0747	1.2117	0.1651	0.3328	0.6583	0.0436	5.4894	0.0326	0.1993	-0.4425	1.7590	26.8363	3.5356	143.7566	0.7584	0.1169	0.6415	0.0013	0.0009	0.0004	0.7571	0.1160	0.6412	0.8563	0.8293	0.0270	0.6581	0.6448	0.0132	0.1983	0.1845	0.0138	0.3450	0.2999	0.0451	0.0412	0.0393	0.0019	0.3038	0.2606	0.0432	1.2082	0.8125	0.3957	0.6123	0.5322	0.0801	0.5959	0.2803	0.3156
71	87	0.0426	8	2	0	1	0	0	0	1	0	0	0	2	1	0	0	0	0	0	0	Y	N	N	N	Y	N	N	N	N	N	N	N	N	N	N	N	N	N	68.3597	1088.6415	23.8315	1870.5347	1745.3554	0.0000	5.9559	679.9567	22.3536	26.8952	27.3732	22.1331	86.6128	86.6791	0.0000	3.3218	0.5798	22.1858	0.3934	0.0251	0.9287	0.0463	0.0497	0.0088	0.5577	0.0009	0.9925	0.0811	25.4126	-0.0008	0.0109	1.7590	0.0022	3.5356	6.6376	0.0016	0.0015	0.0001	0.0015	0.0015	0.0000	0.0001	0.0000	0.0001	0.0262	0.0010	0.0252	0.0010	0.0010	0.0000	0.0252	0.0000	0.0252	0.0001	0.0001	0.0000	0.0000	0.0000	0.0000	0.0000	0.0000	0.0000	0.0667	0.0395	0.0272	0.0214	0.0197	0.0018	0.0452	0.0198	0.0254
71	88	0.0281	7	2	0	0	0	0	0	0	0	0	0	2	1	0	0	0	0	0	0	Y	N	N	N	Y	N	N	N	N	N	N	N	N	N	N	N	N	N	16.4097	3.5303	78.3427	0.3861	0.3643	0.0000	22.4764	3482.8853	73.9270	59.7618	10.6142	360.7302	2.1576	2.1933	0.0000	60.8843	10.8025	361.5326	3.6419	3.0066	4.6045	5.5888	6.0209	0.0110	2.7088	0.0031	4.8904	5.5498	1.0106	0.2007	-0.0176	1.7590	1.0173	3.5356	8.6136	0.7599	0.1160	0.6439	0.0005	0.0005	0.0000	0.7594	0.1155	0.6439	0.3847	0.1914	0.1934	0.1913	0.1913	0.0000	0.1935	0.0001	0.1934	0.0127	0.0109	0.0018	0.0002	0.0002	0.0000	0.0125	0.0107	0.0018	0.1056	0.0636	0.0420	0.0342	0.0318	0.0025	0.0714	0.0319	0.0395
71	89	0.0326	4	2	0	1	0	0	0	1	0	0	0	1	0	0	0	0	0	0	0	Y	N	N	N	N	N	N	N	N	N	N	N	N	N	N	N	N	N	0.0596	0.0314	0.2068	23.8289	21.3542	0.0000	0.0504	0.0121	0.1907	0.1354	0.0559	0.6213	83.8047	83.8522	0.0000	0.0877	0.0003	0.6213	2.2731	1.7813	3.0042	3.5169	3.9267	0.0027	1.7391	0.0265	3.2581	1.8198	1.1345	0.0003	-0.0069	1.7590	2.9990	3.5356	17.4729	0.0049	0.0017	0.0032	0.0017	0.0017	0.0000	0.0032	0.0000	0.0032	0.4121	0.1931	0.2191	0.1915	0.1915	0.0000	0.2206	0.0016	0.2190	0.0363	0.0312	0.0051	0.0000	0.0000	0.0000	0.0363	0.0312	0.0051	0.1813	0.1084	0.0729	0.0545	0.0488	0.0057	0.1269	0.0596	0.0672
71	90	0.0281	7	2	0	0	0	0	0	0	0	0	0	2	1	0	0	0	0	0	0	Y	N	N	N	Y	N	N	N	N	N	N	N	N	N	N	N	N	N	2.2574	2.3447	5.0476	78.2131	75.4290	0.0000	1.2369	0.0000	4.7958	0.0586	0.0315	0.2246	2.0590	2.1095	0.0000	0.0319	0.0000	0.2251	0.0259	0.0134	0.0445	0.0263	0.0280	0.0076	0.0258	0.0002	0.0469	1.1608	2.2311	-0.0001	0.0005	1.7590	2.0138	3.5356	11.8132	0.0015	0.0007	0.0008	0.0007	0.0007	0.0000	0.0008	0.0000	0.0008	0.0036	0.0011	0.0025	0.0011	0.0011	0.0000	0.0025	0.0000	0.0025	0.0248	0.0213	0.0035	0.0003	0.0003	0.0000	0.0244	0.0210	0.0035	0.1392	0.0831	0.0561	0.0432	0.0397	0.0035	0.0960	0.0434	0.0526
71	91	0.0196	6	2	0	0	0	0	0	0	0	1	1	2	1	0	0	0	0	0	0	Y	N	N	N	Y	N	N	N	N	N	N	N	N	N	N	N	N	N	1.1525	0.8355	3.1286	49.1457	45.6930	0.0000	0.7802	0.6955	2.9540	0.0572	0.0359	0.1869	3.9842	3.9871	0.0000	0.0275	0.0011	0.1869	0.0496	0.0429	0.0597	0.0811	0.0873	0.0014	0.0352	0.0015	0.0633	0.8546	0.9142	-0.0002	-0.0002	1.7590	1.9725	3.5356	4.2763	0.0014	0.0007	0.0006	0.0007	0.0007	0.0000	0.0007	0.0000	0.0006	0.0034	0.0018	0.0016	0.0018	0.0018	0.0000	0.0017	0.0000	0.0016	0.0243	0.0209	0.0034	0.0002	0.0002	0.0000	0.0241	0.0207	0.0034	0.0688	0.0415	0.0273	0.0216	0.0201	0.0016	0.0472	0.0215	0.0257
71	92	0.0529	9	2	0	1	0	1	0	1	0	0	0	1	0	0	0	0	0	0	0	Y	N	N	N	N	N	N	N	N	N	N	N	N	N	N	N	N	N	0.0000	0.0000	0.0000	0.0000	0.0000	0.0000	0.0000	0.0000	0.0000	0.0000	0.0000	0.0000	0.0000	0.0000	0.0000	0.0000	0.0000	0.0000	1.1578	0.0986	2.8914	1.7850	0.1300	8.8512	0.7144	0.0616	1.3334		17.9232	0.0000	0.2300	1.7590	5.0000	3.5356	42.2706	0.0000	0.0000	0.0000	0.0000	0.0000	0.0000	0.0000	0.0000	0.0000	0.5765	0.0305	0.5461	0.3682	0.0217	0.3464	0.2084	0.0087	0.1996	0.0601	0.0517	0.0084	0.0001	0.0000	0.0000	0.0601	0.0516	0.0084	0.4979	0.3091	0.1889	0.2063	0.1671	0.0391	0.2917	0.1420	0.1497
71	97	0.0710	10	2	0	1	0	0	0	1	0	0	0	1	0	0	0	0	0	0	0	Y	N	N	N	N	N	N	N	N	N	N	N	N	N	N	N	N	N	0.0000	0.0000	0.0000	0.0000	0.0000	0.0000	0.0000	0.0000	0.0000	0.0000	0.0000	0.0000	0.0000	0.0000	0.0000	0.0000	0.0000	0.0000	6.0949	1.4273	13.2008	2.5674	2.9092	0.0075	7.8685	0.0089	14.6571		6.0753	0.0000	0.4218	1.7590	2.0000	3.5356	24.9502	0.0000	0.0000	0.0000	0.0000	0.0000	0.0000	0.0000	0.0000	0.0000	1.3590	0.1921	1.1669	0.1915	0.1915	0.0001	1.1675	0.0006	1.1669	0.0243	0.0209	0.0034	0.0000	0.0000	0.0000	0.0243	0.0208	0.0034	0.2230	0.1346	0.0884	0.0746	0.0658	0.0088	0.1484	0.0688	0.0796
71	98	0.0464	5	2	0	0	1	0	0	0	1	0	0	2	1	0	0	0	0	0	0	Y	N	N	N	Y	N	N	N	N	N	N	N	N	N	N	N	N	N	0.0000	0.0000	0.0000	0.0000	0.0000	0.0000	0.0000	0.0000	0.0000	0.0000	0.0000	0.0000	0.0000	0.0000	0.0000	0.0000	0.0000	0.0000	0.0000	0.0000	0.0000	0.0000	0.0000	0.0000	0.0000	0.0000	0.0000		0.9002	0.0000	-0.0000	1.7590	2.9999	3.5356	3.9821	0.0000	0.0000	0.0000	0.0000	0.0000	0.0000	0.0000	0.0000	0.0000	0.0000	0.0000	0.0000	0.0000	0.0000	0.0000	0.0000	0.0000	0.0000	0.0364	0.0313	0.0051	0.0003	0.0003	0.0000	0.0361	0.0311	0.0051	0.0610	0.0361	0.0249	0.0179	0.0159	0.0020	0.0431	0.0202	0.0229
71	99	0.0433	4	2	0	0	0	0	0	0	0	0	0	2	1	0	0	0	0	0	0	Y	N	N	N	Y	N	N	N	N	N	N	N	N	N	N	N	N	N	1.8831	0.4068	131.2711	21.5718	19.3992	0.0000	1.1705	0.0000	121.0866	0.0299	0.0105	0.1656	0.0498	0.0502	0.0000	0.0254	0.0000	0.1660	0.0159	0.0258	0.0013	0.0023	0.0026	0.0000	0.0217	0.0450	0.0014	2.2540	0.0332	0.0000	-0.0002	1.7590	0.0003	3.5356	2.0601	0.0000	0.0000	0.0000	0.0000	0.0000	0.0000	0.0000	0.0000	0.0000	0.0003	0.0003	0.0000	0.0000	0.0000	0.0000	0.0003	0.0003	0.0000	0.0000	0.0000	0.0000	0.0000	0.0000	0.0000	0.0000	0.0000	0.0000	0.0190	0.0113	0.0077	0.0057	0.0051	0.0006	0.0133	0.0062	0.0071
71	100	0.0234	3	2	0	0	0	0	0	0	0	1	1	2	1	0	0	0	0	0	0	Y	N	N	N	Y	N	N	N	N	N	N	N	N	N	N	N	N	N	0.0178	0.0037	355.1337	2483.8149	2220.2890	27524.3437	0.0089	0.0000	329.4213	0.1565	0.0560	0.7704	31.9078	31.9423	1.0407	0.1088	0.0003	0.7703	8.7690	14.9654	0.0022	0.0128	0.0144	0.0000	12.2400	26.3604	0.0023	2.2546	0.0001	0.0006	-0.5216	1.7590	3.0014	3.5356	9.1620	0.0057	0.0018	0.0039	0.0017	0.0017	0.0000	0.0040	0.0000	0.0039	0.9516	0.9515	0.0001	0.0004	0.0004	0.0000	0.9512	0.9511	0.0001	0.0364	0.0313	0.0051	0.0001	0.0001	0.0000	0.0364	0.0312	0.0051	0.1085	0.0636	0.0449	0.0308	0.0275	0.0033	0.0777	0.0361	0.0416
71	101	0.0106	2	2	0	0	0	0	0	0	0	0	0	1	0	0	0	0	0	0	0	Y	N	N	N	N	N	N	N	N	N	N	N	N	N	N	N	N	N	2.1160	1.2312	23.7828	41.1349	36.5915	0.0000	0.3808	0.0022	22.4585	0.4152	0.3994	0.5016	5.3781	5.3781	0.0000	0.0836	0.0010	0.5016	0.1962	0.3244	0.0211	0.1307	0.1470	0.0047	0.2194	0.4434	0.0223	0.2297	0.0476	-0.0000	-0.0071	1.7590	0.0077	3.5356	8.0757	0.0000	0.0000	0.0000	0.0000	0.0000	0.0000	0.0000	0.0000	0.0000	0.0142	0.0136	0.0006	0.0025	0.0025	0.0000	0.0117	0.0111	0.0006	0.0001	0.0001	0.0000	0.0000	0.0000	0.0000	0.0001	0.0001	0.0000	0.0724	0.0418	0.0306	0.0189	0.0168	0.0022	0.0534	0.0250	0.0284
71	106	0.0591	13	2	0	1	0	0	0	0	0	0	0	1	0	0	0	0	0	0	0	Y	N	N	N	N	N	N	N	N	N	N	N	N	N	N	N	N	N	0.0000	0.0003	0.0000	0.0125	0.3622	0.0000	0.0000	0.0000	0.0000	0.0000	0.0000	0.0000	0.0002	0.0002	0.0000	0.0000	0.0000	0.0000	1.7246	0.0018	4.4561	0.0121	0.0004	0.0978	2.5956	0.0032	4.9651	0.0124	1524.1806	-0.0000	0.1280	1.7590	4.0001	3.5356	15.3361	0.0000	0.0000	0.0000	0.0000	0.0000	0.0000	0.0000	0.0000	0.0000	0.2837	0.0002	0.2835	0.0007	0.0000	0.0007	0.2831	0.0002	0.2829	0.0483	0.0415	0.0068	0.0002	0.0002	0.0000	0.0481	0.0414	0.0068	0.1645	0.1009	0.0636	0.0555	0.0488	0.0067	0.1091	0.0521	0.0570
71	107	0.0868	15	2	0	1	0	0	0	0	0	0	0	1	0	0	0	0	0	0	0	Y	N	N	N	N	N	N	N	N	N	N	N	N	N	N	N	N	N	0.0083	0.0059	0.0200	80.3582	73.9080	11939.7680	0.0000	0.0000	0.0000	0.0639	0.0733	0.0058	6.4785	6.6973	1.8246	0.0000	0.0000	0.0000	7.6589	12.3668	0.2892	0.0806	0.0906	0.0002	11.4496	23.9764	0.3194	0.0128	0.0149	-0.0005	-0.5269	1.7590	1.0040	3.5356	14.1141	0.0008	0.0008	0.0000	0.0008	0.0008	0.0000	0.0000	0.0000	0.0000	0.9875	0.9730	0.0145	0.0035	0.0035	0.0000	0.9841	0.9695	0.0145	0.0124	0.0106	0.0017	0.0001	0.0001	0.0000	0.0122	0.0105	0.0017	0.1289	0.0787	0.0503	0.0430	0.0382	0.0048	0.0859	0.0404	0.0455
71	108	0.0790	14	2	0	1	0	1	0	1	0	0	0	1	0	0	0	0	0	0	0	Y	N	N	N	N	N	N	N	N	N	N	N	N	N	N	N	N	N	0.0012	0.0009	0.0004	14.1475	13.0950	509.8854	0.0004	0.0002	0.0000	0.0001	0.0002	0.0000	0.0102	0.0106	0.0023	0.0001	0.0001	0.0000	0.1172	0.1828	0.0171	0.0007	0.0008	0.0000	0.1731	0.3474	0.0188	0.0066	0.0611	-0.0000	-0.0024	1.7590	1.0065	3.5356	3.9764	0.0000	0.0000	0.0000	0.0000	0.0000	0.0000	0.0000	0.0000	0.0000	0.0050	0.0047	0.0003	0.0000	0.0000	0.0000	0.0050	0.0047	0.0003	0.0123	0.0106	0.0017	0.0001	0.0001	0.0000	0.0122	0.0105	0.0017	0.0425	0.0257	0.0168	0.0138	0.0122	0.0016	0.0287	0.0135	0.0152
71	112	0.0196	6	2	0	1	0	0	0	1	0	0	0	1	0	0	0	0	0	0	0	Y	N	N	N	N	N	N	N	N	N	N	N	N	N	N	N	N	N	135.7304	19.9880	397.5108	1590.6088	1495.6964	0.0000	97.8984	11.4606	372.5390	27.1245	0.0573	192.3617	9.2647	9.2750	0.0000	27.2158	0.0025	192.3694	0.1998	0.0029	0.4839	0.0058	0.0062	0.0020	0.2780	0.0002	0.5164	549.7391	117.0083	0.4147	0.0120	1.7590	3.0154	3.5356	11.4025	0.9993	0.0018	0.9975	0.0017	0.0017	0.0000	0.9976	0.0001	0.9975	0.0271	0.0002	0.0269	0.0002	0.0002	0.0000	0.0269	0.0000	0.0269	0.0368	0.0317	0.0052	0.0002	0.0002	0.0000	0.0367	0.0315	0.0052	0.1356	0.0801	0.0555	0.0389	0.0354	0.0035	0.0966	0.0446	0.0520
71	113	0.0122	5	2	0	0	0	0	0	0	0	0	0	1	0	0	0	0	0	0	0	Y	N	N	N	N	N	N	N	N	N	N	N	N	N	N	N	N	N	102.0210	206.5670	294.2590	10046.5008	10175.7111	0.0000	74.6002	10.9379	276.6432	3.4002	0.2117	22.6589	26.6323	26.6333	0.0000	3.2409	0.0003	22.6589	0.0333	0.0010	0.0770	0.0027	0.0026	0.0029	0.0434	0.0000	0.0819	17.7184	55.5675	0.0003	0.0006	1.7590	0.0182	3.5356	4.6661	0.0008	0.0000	0.0007	0.0000	0.0000	0.0000	0.0007	0.0000	0.0007	0.0014	0.0000	0.0013	0.0000	0.0000	0.0000	0.0013	0.0000	0.0013	0.0002	0.0002	0.0000	0.0000	0.0000	0.0000	0.0002	0.0002	0.0000	0.0406	0.0234	0.0173	0.0101	0.0090	0.0011	0.0306	0.0144	0.0162
71	114	0.0122	4	2	0	0	0	0	0	0	0	0	0	1	0	0	0	0	0	0	0	Y	N	N	N	N	N	N	N	N	N	N	N	N	N	N	N	N	N	262.8987	375.2234	398.1806	848.1681	795.8981	0.0000	149.9922	inf	378.3377	10.4056	6.2772	30.4107	27.9046	27.9046	0.0000	6.3952	0.0009	30.4107	0.0396	0.0167	0.0764	0.0329	0.0351	0.0000	0.0426	0.0000	0.0804	0.9998	2.8353	-0.0000	0.0000	1.7590	0.0004	3.5356	0.0007	0.0001	0.0000	0.0000	0.0000	0.0000	0.0000	0.0000	0.0000	0.0000	0.0000	0.0000	0.0000	0.0000	0.0000	0.0000	0.0000	0.0000	0.0000	0.0000	0.0000	0.0000	0.0000	0.0000	0.0000	0.0000	0.0000	0.0000	0.0000	0.0000	0.0000	0.0000	0.0000	0.0000	0.0000	0.0000	0.0000
71	115	0.0122	3	2	0	0	0	0	0	0	0	0	0	1	0	0	0	0	0	0	0	Y	N	N	N	N	N	N	N	N	N	N	N	N	N	N	N	N	N	401.0049	319.6351	792.8676	780.0410	749.9627	0.0000	314.6890	inf	762.0624	10.4056	6.2772	30.4107	27.9046	27.9046	0.0000	6.3952	0.0009	30.4107	0.0259	0.0196	0.0384	0.0358	0.0372	0.0000	0.0203	0.0000	0.0399	0.9998	0.9934	-0.0000	-0.0000	1.7590	0.0004	3.5356	0.0002	0.0001	0.0000	0.0000	0.0000	0.0000	0.0000	0.0000	0.0000	0.0000	0.0000	0.0000	0.0000	0.0000	0.0000	0.0000	0.0000	0.0000	0.0000	0.0000	0.0000	0.0000	0.0000	0.0000	0.0000	0.0000	0.0000	0.0000	0.0000	0.0000	0.0000	0.0000	0.0000	0.0000	0.0000	0.0000	0.0000
71	119	0.0748	12	2	0	1	0	0	0	0	0	0	0	1	0	0	0	0	0	0	0	Y	N	N	N	N	N	N	N	N	N	N	N	N	N	N	N	N	N	5.2571	1.4101	191.0995	337.1858	305.2154	0.0000	38.7206	0.3476	181.1708	0.0690	0.0289	0.3153	12.2188	12.5071	0.0000	0.0444	0.0002	0.3154	0.0131	0.0205	0.0016	0.0362	0.0410	0.0009	0.0011	0.0005	0.0017	1.7735	0.0518	0.0003	-0.0014	1.7590	6.0007	3.5356	19.0307	0.0050	0.0018	0.0032	0.0018	0.0018	0.0000	0.0032	0.0000	0.0032	0.0028	0.0027	0.0001	0.0026	0.0026	0.0000	0.0002	0.0000	0.0001	0.0719	0.0618	0.0101	0.0001	0.0001	0.0000	0.0717	0.0617	0.0101	0.2135	0.1299	0.0836	0.0729	0.0643	0.0086	0.1406	0.0656	0.0750
71	120	0.0713	11	2	0	1	0	0	0	1	0	0	0	1	0	0	0	0	0	0	0	Y	N	N	N	N	N	N	N	N	N	N	N	N	N	N	N	N	N	29.4813	17.1425	84.6089	68.1935	373.2133	0.0000	49.2360	16.2709	215.3853	1.1187	0.2056	6.6867	4.4230	4.5080	0.0000	1.1106	0.1936	6.6889	0.0379	0.0120	0.0790	0.0649	0.0121	0.5913	0.0226	0.0119	0.0311	5.3320	4.1611	0.0000	0.0003	1.7590	0.0034	3.5356	3.2312	0.0000	0.0000	0.0000	0.0000	0.0000	0.0000	0.0000	0.0000	0.0000	0.0013	0.0003	0.0011	0.0008	0.0001	0.0007	0.0005	0.0001	0.0004	0.0000	0.0000	0.0000	0.0000	0.0000	0.0000	0.0000	0.0000	0.0000	0.0345	0.0211	0.0133	0.0125	0.0114	0.0011	0.0219	0.0097	0.0122
71	121	0.0710	10	2	0	0	0	0	0	0	0	0	0	1	0	0	0	0	0	0	0	Y	N	N	N	N	N	N	N	N	N	N	N	N	N	N	N	N	N	0.0000	0.0000	0.0000	0.0000	0.0000	0.0000	0.0000	0.0000	0.0000	0.0000	0.0000	0.0000	0.0000	0.0000	0.0000	0.0000	0.0000	0.0000	0.0129	0.0164	0.0075	0.0219	0.0232	0.0000	0.0067	0.0046	0.0079		0.2925	0.0000	-0.0001	1.7590	0.0000	3.5356	1.2022	0.0000	0.0000	0.0000	0.0000	0.0000	0.0000	0.0000	0.0000	0.0000	0.0002	0.0002	0.0001	0.0002	0.0002	0.0000	0.0001	0.0000	0.0001	0.0000	0.0000	0.0000	0.0000	0.0000	0.0000	0.0000	0.0000	0.0000	0.0190	0.0116	0.0074	0.0078	0.0073	0.0004	0.0112	0.0043	0.0070
71	122	0.0497	9	2	0	0	0	1	0	0	0	0	0	1	0	0	0	0	0	0	0	Y	N	N	N	N	N	N	N	N	N	N	N	N	N	N	N	N	N	0.0000	0.0000	0.0000	0.0000	0.0000	0.0000	0.0000	0.0000	0.0000	0.0000	0.0000	0.0000	0.0000	0.0000	0.0000	0.0000	0.0000	0.0000	0.0246	0.0146	0.0407	0.0229	0.0252	0.0024	0.0254	0.0044	0.0444		1.7155	0.0000	0.0003	1.7590	0.0041	3.5356	12.5856	0.0000	0.0000	0.0000	0.0000	0.0000	0.0000	0.0000	0.0000	0.0000	0.0030	0.0011	0.0019	0.0009	0.0009	0.0000	0.0021	0.0002	0.0019	0.0001	0.0001	0.0000	0.0000	0.0000	0.0000	0.0001	0.0001	0.0000	0.1221	0.0755	0.0466	0.0413	0.0372	0.0041	0.0808	0.0383	0.0425
71	126	0.0846	15	1	0	1	0	0	0	0	0	1	0	2	0	0	0	0	0	0	0	N	N	N	N	Y	N	N	N	N	N	N	N	N	N	N	N	N	N	0.0000	0.0000	0.0000	0.0000	0.0000	0.0000	0.0000	0.0000	0.0000	0.0000	0.0000	0.0000	0.0000	0.0000	0.0000	0.0000	0.0000	0.0000	0.0032	0.0045	0.0010	0.0080	0.0091	0.0000	0.0006	0.0000	0.0011		0.1334	0.0000	-0.0000	1.7590	0.0003	3.5356	3.0192	0.0000	0.0000	0.0000	0.0000	0.0000	0.0000	0.0000	0.0000	0.0000	0.0001	0.0001	0.0000	0.0001	0.0001	0.0000	0.0000	0.0000	0.0000	0.0000	0.0000	0.0000	0.0000	0.0000	0.0000	0.0000	0.0000	0.0000	0.0264	0.0162	0.0102	0.0092	0.0080	0.0011	0.0172	0.0082	0.0090
71	131	0.0909	17	2	0	1	0	0	0	0	0	0	0	1	0	0	0	0	0	0	0	Y	N	N	N	N	N	N	N	N	N	N	N	N	N	N	N	N	N	0.0065	0.0104	0.0088	0.2444	0.1426	58.4945	0.0000	0.0000	0.0000	0.0004	0.0003	0.0009	0.0107	0.0071	0.1323	0.0000	0.0000	0.0000	0.0563	0.0267	0.1045	0.0436	0.0498	0.0023	0.0637	0.0017	0.1192	0.5447	2.4061	-0.0000	0.0008	1.7590	1.0211	3.5356	9.0731	0.0000	0.0000	0.0000	0.0000	0.0000	0.0000	0.0000	0.0000	0.0000	0.0050	0.0015	0.0035	0.0014	0.0014	0.0000	0.0036	0.0000	0.0035	0.0130	0.0111	0.0018	0.0004	0.0004	0.0000	0.0125	0.0107	0.0018	0.0892	0.0553	0.0339	0.0330	0.0287	0.0043	0.0563	0.0266	0.0297
71	138	0.0847	14	2	0	1	0	0	0	0	0	0	0	2	0	0	0	0	0	0	0	Y	N	N	N	Y	N	N	N	N	N	N	N	N	N	N	N	N	N	0.0676	0.7725	0.0000	0.0000	0.0000	0.0000	0.0728	78.3841	0.0000	0.0005	0.0006	0.0000	0.0000	0.0000	0.0000	0.0007	0.0009	0.0000	0.0067	0.0007	0.0167	0.0027	0.0014	0.0115	0.0091	0.0000	0.0174	0.0000	13.8076	-0.0000	0.0001	1.7590	0.0010	3.5356	4.0030	0.0000	0.0000	0.0000	0.0000	0.0000	0.0000	0.0000	0.0000	0.0000	0.0002	0.0000	0.0002	0.0000	0.0000	0.0000	0.0002	0.0000	0.0002	0.0000	0.0000	0.0000	0.0000	0.0000	0.0000	0.0000	0.0000	0.0000	0.0359	0.0225	0.0134	0.0133	0.0116	0.0017	0.0226	0.0108	0.0117
71	139	0.0591	13	2	0	1	0	0	0	0	0	1	0	2	0	0	0	0	0	0	0	Y	N	N	N	Y	N	N	N	N	N	N	N	N	N	N	N	N	N	0.0104	0.8239	0.0000	1.2268	1.4240	0.0000	0.0069	6.4848	0.0000	0.0217	0.0253	0.0000	0.0817	0.0840	0.0000	0.0215	0.0251	0.0000	2.0958	0.0307	5.4022	0.0666	0.0590	0.1235	3.1389	0.0039	6.0152	0.0000	109.9229	-0.0005	0.1240	1.7590	2.9989	3.5356	12.3267	0.0008	0.0008	0.0000	0.0000	0.0000	0.0000	0.0008	0.0008	0.0000	0.2801	0.0025	0.2776	0.0030	0.0024	0.0007	0.2771	0.0002	0.2770	0.0363	0.0312	0.0051	0.0001	0.0001	0.0000	0.0362	0.0311	0.0051	0.1337	0.0823	0.0514	0.0454	0.0400	0.0053	0.0883	0.0422	0.0460
71	140	0.0583	12	2	0	1	0	1	0	1	0	0	0	1	0	0	0	0	0	0	0	Y	N	N	N	N	N	N	N	N	N	N	N	N	N	N	N	N	N	0.0000	0.0020	0.0000	0.0015	0.0014	0.0000	0.0000	0.0045	0.0000	0.0016	0.0018	0.0000	0.0019	0.0019	0.0000	0.0015	0.0018	0.0000	79.6560	0.9018	208.7951	1.2494	1.3658	0.1610	123.5835	0.3947	229.8224	0.0249	141.1927	-0.0000	0.3073	1.7590	0.0011	3.5356	0.8290	0.0000	0.0000	0.0000	0.0000	0.0000	0.0000	0.0000	0.0000	0.0000	0.6911	0.0049	0.6862	0.0039	0.0038	0.0000	0.6872	0.0010	0.6862	0.0000	0.0000	0.0000	0.0000	0.0000	0.0000	0.0000	0.0000	0.0000	0.0087	0.0054	0.0033	0.0031	0.0028	0.0003	0.0056	0.0026	0.0030
71	141	0.0814	14	2	0	1	0	0	0	0	0	0	0	1	0	0	0	0	0	0	0	Y	N	N	N	N	N	N	N	N	N	N	N	N	N	N	N	N	N	0.0000	0.0000	0.0000	0.0000	0.0000	0.0000	0.0000	0.0000	0.0000	0.0000	0.0000	0.0000	0.0000	0.0000	0.0000	0.0000	0.0000	0.0000	0.1309	0.0759	0.2183	0.0363	0.0412	0.0000	0.1872	0.1161	0.2463		1.8093	0.0000	0.0010	1.7590	0.0243	3.5356	8.8037	0.0000	0.0000	0.0000	0.0000	0.0000	0.0000	0.0000	0.0000	0.0000	0.0104	0.0037	0.0067	0.0011	0.0011	0.0000	0.0093	0.0026	0.0067	0.0006	0.0005	0.0001	0.0001	0.0001	0.0000	0.0004	0.0004	0.0001	0.0794	0.0487	0.0306	0.0296	0.0261	0.0035	0.0498	0.0226	0.0272
71	142	0.0649	13	2	0	1	0	1	0	1	0	0	0	1	0	0	0	0	0	0	0	Y	N	N	N	N	N	N	N	N	N	N	N	N	N	N	N	N	N	0.0000	0.0000	0.0000	0.0000	0.0000	0.0000	0.0000	0.0000	0.0000	0.0000	0.0000	0.0000	0.0000	0.0000	0.0000	0.0000	0.0000	0.0000	0.1153	0.1688	0.0320	0.2964	0.3371	0.0000	0.0198	0.0014	0.0358	0.0000	0.1218	-0.0000	-0.0045	1.7590	4.9785	3.5356	5.0554	0.0000	0.0000	0.0000	0.0000	0.0000	0.0000	0.0000	0.0000	0.0000	0.0101	0.0090	0.0011	0.0090	0.0090	0.0000	0.0011	0.0000	0.0011	0.0599	0.0515	0.0084	0.0002	0.0002	0.0000	0.0597	0.0513	0.0084	0.0880	0.0536	0.0344	0.0304	0.0267	0.0037	0.0576	0.0269	0.0307
71	143	0.1039	18	2	0	1	0	0	0	0	0	0	0	2	0	0	0	0	0	0	0	Y	N	N	N	Y	N	N	N	N	N	N	N	N	N	N	N	N	N	7.4656	104.5747	0.0000	3.9901	71.2336	0.0000	14.3685	185.2196	0.0000	0.0849	0.1002	0.0000	0.0914	0.1008	0.0000	0.0817	0.0999	0.0000	0.0114	0.0010	0.0277	0.0229	0.0014	0.1895	0.0057	0.0005	0.0104	0.0000	18.4112	-0.0000	0.0001	1.7590	0.0000	3.5356	3.0055	0.0000	0.0000	0.0000	0.0000	0.0000	0.0000	0.0000	0.0000	0.0000	0.0003	0.0000	0.0003	0.0002	0.0000	0.0002	0.0001	0.0000	0.0001	0.0000	0.0000	0.0000	0.0000	0.0000	0.0000	0.0000	0.0000	0.0000	0.0241	0.0147	0.0094	0.0079	0.0070	0.0009	0.0161	0.0077	0.0085
71	144	0.0909	17	2	0	1	0	0	0	0	0	1	0	2	0	0	0	0	0	0	0	Y	N	N	N	Y	N	N	N	N	N	N	N	N	N	N	N	N	N	0.0222	0.3088	0.0000	0.1667	2.7470	0.0000	0.0278	0.3342	0.0000	0.1960	0.2279	0.0000	2.6368	2.7343	0.0000	0.1303	0.1520	0.0000	8.8410	0.7378	22.0422	15.8136	0.9954	114.5614	4.6914	0.4547	8.4626	0.0000	18.3390	-0.0029	0.2588	1.7590	2.0192	3.5356	6.0784	0.0049	0.0049	0.0000	0.0017	0.0017	0.0000	0.0032	0.0032	0.0000	0.6470	0.0335	0.6135	0.4317	0.0236	0.4081	0.2152	0.0098	0.2054	0.0251	0.0216	0.0035	0.0007	0.0006	0.0000	0.0244	0.0209	0.0035	0.0732	0.0453	0.0278	0.0273	0.0237	0.0036	0.0459	0.0216	0.0243
71	145	0.0861	16	2	0	1	0	1	0	0	0	0	0	1	0	0	0	0	0	0	0	Y	N	N	N	N	N	N	N	N	N	N	N	N	N	N	N	N	N	0.0002	0.0136	0.0000	0.0531	0.2391	0.0000	0.0001	0.0439	0.0000	0.0002	0.0002	0.0000	0.0069	0.0073	0.0000	0.0001	0.0002	0.0000	0.9973	0.0168	2.5562	0.1301	0.0304	0.8170	1.4628	0.0034	2.7814	0.0000	95.4670	-0.0000	0.0112	1.7590	1.9811	3.5356	0.9869	0.0000	0.0000	0.0000	0.0000	0.0000	0.0000	0.0000	0.0000	0.0000	0.0254	0.0003	0.0251	0.0012	0.0002	0.0009	0.0242	0.0000	0.0242	0.0241	0.0208	0.0034	0.0002	0.0002	0.0000	0.0239	0.0205	0.0034	0.0255	0.0156	0.0098	0.0089	0.0078	0.0011	0.0166	0.0079	0.0087
72	73	0.0698	7	2	0	1	0	0	0	0	0	1	0	2	0	0	0	0	0	0	0	Y	N	N	N	Y	N	N	N	N	N	N	N	N	N	N	N	N	N	0.0543	0.0411	0.0000	0.0000	0.0000	0.0000	0.2119	inf	0.0000	0.0001	0.0001	0.0000	0.0000	0.0000	0.0000	0.0001	0.0001	0.0000	0.0009	0.0014	0.0004	0.0035	0.0039	0.0000	0.0003	0.0000	0.0004	0.0000	0.2754	-0.0000	-0.0000	0.0029	1.6760	2.4186	12.1347	0.0000	0.0000	0.0000	0.0000	0.0000	0.0000	0.0000	0.0000	0.0000	0.0000	0.0000	0.0000	0.0000	0.0000	0.0000	0.0000	0.0000	0.0000	0.0000	0.0000	0.0000	0.0000	0.0000	0.0000	0.0000	0.0000	0.0000	0.0372	0.0195	0.0177	0.0078	0.0071	0.0007	0.0294	0.0124	0.0170
72	74	0.0400	6	2	0	1	0	1	0	1	0	2	0	2	0	0	0	0	0	0	0	Y	N	N	N	Y	N	N	N	N	N	N	N	N	N	N	N	N	N	4.6582	4.2590	0.0000	0.0000	0.0000	0.0000	12.2579	16949.7271	0.0000	0.2671	0.3039	0.0000	0.0000	0.0000	0.0000	0.3008	0.3483	0.0000	0.0573	0.0714	0.0417	0.1897	0.2050	0.0002	0.0245	0.0000	0.0430	0.0000	0.5220	-0.0000	-0.0006	0.0029	2.9965	2.4186	14.7438	0.0000	0.0000	0.0000	0.0000	0.0000	0.0000	0.0000	0.0000	0.0000	0.0031	0.0020	0.0011	0.0020	0.0020	0.0000	0.0011	0.0000	0.0011	0.0001	0.0001	0.0000	0.0000	0.0000	0.0000	0.0001	0.0001	0.0000	0.0536	0.0283	0.0253	0.0106	0.0099	0.0008	0.0430	0.0185	0.0245
72	75	0.0161	7	2	0	1	0	0	0	0	0	1	0	1	0	0	0	0	0	0	0	Y	N	N	N	N	N	N	N	N	N	N	N	N	N	N	N	N	N	5.3048	0.3965	inf	0.2038	0.1958	0.0000	inf	0.0000	inf	0.0048	0.0008	0.0336	0.0069	0.0069	0.0000	0.0046	0.0000	0.0337	0.0009	0.0020	0.0000	0.0338	0.0353	0.0000	0.0000	0.0000	0.0000	6.0010	0.0000	0.0000	-0.0000	0.0029	1.0006	2.4186	8.0096	0.0000	0.0000	0.0000	0.0000	0.0000	0.0000	0.0000	0.0000	0.0000	0.0000	0.0000	0.0000	0.0000	0.0000	0.0000	0.0000	0.0000	0.0000	0.0000	0.0000	0.0000	0.0000	0.0000	0.0000	0.0000	0.0000	0.0000	0.0219	0.0100	0.0118	0.0006	0.0006	0.0000	0.0213	0.0095	0.0118
72	76	0.0138	6	2	0	1	0	0	0	0	0	1	0	1	0	0	0	0	0	0	0	Y	N	N	N	N	N	N	N	N	N	N	N	N	N	N	N	N	N	682.9832	56.0987	1857194.9604	120.5036	119.5623	0.0000	383960.7470	0.0000	1933194.5237	8.5388	1.4032	55.9767	12.8656	12.8656	0.0000	8.0857	0.0000	55.9769	0.0125	0.0250	0.0000	0.1068	0.1076	0.0007	0.0000	0.0000	0.0000	6.0004	0.0012	0.0001	-0.0000	0.0029	0.9962	2.4186	0.5464	0.0002	0.0000	0.0002	0.0000	0.0000	0.0000	0.0002	0.0000	0.0002	0.0001	0.0001	0.0000	0.0001	0.0001	0.0000	0.0000	0.0000	0.0000	0.0000	0.0000	0.0000	0.0000	0.0000	0.0000	0.0000	0.0000	0.0000	0.0048	0.0024	0.0024	0.0006	0.0006	0.0000	0.0042	0.0018	0.0024
72	77	0.0074	5	2	0	1	0	0	0	0	0	1	0	1	0	0	0	0	0	0	0	Y	N	N	N	N	N	N	N	N	N	N	N	N	N	N	N	N	N	1303.7133	2217.5198	4274.7054	12577.3139	12470.3543	0.0000	1228.4130	0.0000	4271.2951	6.4748	1.1548	37.8730	7.0144	7.0144	0.0000	6.3864	0.0000	37.8730	0.0050	0.0005	0.0089	0.0006	0.0006	0.0000	0.0052	0.0005	0.0089	5.5567	19.4261	0.0000	0.0000	0.0029	0.0041	2.4186	4.4918	0.0000	0.0000	0.0000	0.0000	0.0000	0.0000	0.0000	0.0000	0.0000	0.0001	0.0000	0.0001	0.0000	0.0000	0.0000	0.0001	0.0000	0.0001	0.0000	0.0000	0.0000	0.0000	0.0000	0.0000	0.0000	0.0000	0.0000	0.0121	0.0056	0.0064	0.0006	0.0006	0.0000	0.0115	0.0050	0.0064
72	78	0.0889	16	2	0	0	0	0	0	0	0	1	1	1	1	0	0	0	0	0	0	Y	N	N	N	N	N	N	N	N	N	N	N	N	N	N	N	N	N	0.0000	0.0000	0.0000	0.0000	0.0000	0.0000	0.0000	0.0000	0.0000	0.0000	0.0000	0.0000	0.0000	0.0000	0.0000	0.0000	0.0000	0.0000	0.0000	0.0000	0.0000	0.0000	0.0000	0.0000	0.0000	0.0000	0.0000		1.2677	0.0000	0.0000	0.0029	0.0166	2.4186	12.2009	0.0000	0.0000	0.0000	0.0000	0.0000	0.0000	0.0000	0.0000	0.0000	0.0000	0.0000	0.0000	0.0000	0.0000	0.0000	0.0000	0.0000	0.0000	0.0000	0.0000	0.0000	0.0000	0.0000	0.0000	0.0000	0.0000	0.0000	0.0312	0.0164	0.0148	0.0063	0.0056	0.0007	0.0249	0.0108	0.0141
72	79	0.0746	15	2	0	0	0	1	0	0	0	1	0	1	0	0	0	0	0	0	0	Y	N	N	N	N	N	N	N	N	N	N	N	N	N	N	N	N	N	0.0000	0.0000	0.0000	0.0000	0.0000	0.0000	0.0000	0.0000	0.0000	0.0000	0.0000	0.0000	0.0000	0.0000	0.0000	0.0000	0.0000	0.0000	0.0038	0.0076	0.0000	0.0260	0.0304	0.0002	0.0000	0.0000	0.0000		0.0021	-0.0000	-0.0000	0.0029	1.0285	2.4186	7.9781	0.0000	0.0000	0.0000	0.0000	0.0000	0.0000	0.0000	0.0000	0.0000	0.0001	0.0001	0.0000	0.0001	0.0001	0.0000	0.0000	0.0000	0.0000	0.0000	0.0000	0.0000	0.0000	0.0000	0.0000	0.0000	0.0000	0.0000	0.0213	0.0107	0.0107	0.0031	0.0027	0.0004	0.0182	0.0080	0.0102
72	82	0.0074	5	2	0	1	0	0	0	0	0	2	0	2	0	0	0	0	0	0	0	Y	N	N	N	Y	N	N	N	N	N	N	N	N	N	N	N	N	N	0.0341	0.3053	0.0223	0.1759	0.1728	0.0000	0.0055	0.0000	0.0223	0.0002	0.0002	0.0003	0.0022	0.0022	0.0000	0.0000	0.0000	0.0003	0.0064	0.0007	0.0112	0.0122	0.0125	0.0000	0.0062	0.0000	0.0112	0.1666	18.9873	-0.0000	0.0001	0.0029	1.9997	2.4186	10.5319	0.0000	0.0000	0.0000	0.0000	0.0000	0.0000	0.0000	0.0000	0.0000	0.0002	0.0000	0.0002	0.0000	0.0000	0.0000	0.0002	0.0000	0.0002	0.0000	0.0000	0.0000	0.0000	0.0000	0.0000	0.0000	0.0000	0.0000	0.0312	0.0143	0.0169	0.0008	0.0008	0.0000	0.0304	0.0135	0.0169
72	83	0.0050	4	2	0	1	0	0	0	1	0	1	0	1	0	0	0	0	0	0	0	Y	N	N	N	N	N	N	N	N	N	N	N	N	N	N	N	N	N	56.8210	33.0608	4102.0246	0.8796	0.8472	0.0000	7058.3045	0.0000	4098.9022	0.7541	0.9699	0.5281	1.0130	1.0130	0.0000	0.5056	0.0000	0.5281	0.0133	0.0293	0.0001	1.1517	1.1956	0.0000	0.0001	0.0000	0.0001	0.5200	0.0054	-0.0000	-0.0000	0.0029	0.0006	2.4186	1.5062	0.0000	0.0000	0.0000	0.0000	0.0000	0.0000	0.0000	0.0000	0.0000	0.0000	0.0000	0.0000	0.0000	0.0000	0.0000	0.0000	0.0000	0.0000	0.0000	0.0000	0.0000	0.0000	0.0000	0.0000	0.0000	0.0000	0.0000	0.0038	0.0017	0.0021	0.0000	0.0000	0.0000	0.0037	0.0017	0.0021
72	84	0.0302	4	2	0	0	0	0	0	0	0	1	0	1	0	0	0	0	0	0	0	Y	N	N	N	N	N	N	N	N	N	N	N	N	N	N	N	N	N	0.0000	0.0000	0.0000	0.0000	0.0000	0.0000	0.0000	0.0000	0.0000	0.0000	0.0000	0.0000	0.0000	0.0000	0.0000	0.0000	0.0000	0.0000	0.0008	0.0004	0.0013	0.0018	0.0020	0.0000	0.0007	0.0000	0.0013		2.9741	0.0000	0.0000	0.0029	2.9998	2.4186	15.4389	0.0000	0.0000	0.0000	0.0000	0.0000	0.0000	0.0000	0.0000	0.0000	0.0000	0.0000	0.0000	0.0000	0.0000	0.0000	0.0000	0.0000	0.0000	0.0001	0.0001	0.0000	0.0000	0.0000	0.0000	0.0001	0.0001	0.0000	0.0479	0.0239	0.0240	0.0055	0.0050	0.0005	0.0424	0.0189	0.0235
72	85	0.4101	9	1	0	0	0	0	0	0	0	2	0	2	0	0	0	0	0	0	0	N	N	N	N	Y	N	N	N	N	N	N	N	N	N	N	N	N	N	0.6368	0.5294	0.6926	0.9634	1.1724	0.0003	0.4971	0.2628	2.5145	0.5296	0.6503	0.0649	0.5137	0.6870	0.0001	0.5474	0.6140	0.1835	0.8316	1.2284	0.0938	0.5332	0.5860	0.1883	1.1012	2.3361	0.0730	0.0260	0.0410	-0.0004	-0.1739	0.0029	26.8363	2.4186	143.7566	0.0008	0.0008	0.0000	0.0004	0.0004	0.0000	0.0004	0.0004	0.0000	0.3418	0.3284	0.0135	0.1040	0.0991	0.0049	0.2378	0.2292	0.0086	0.0015	0.0012	0.0003	0.0008	0.0006	0.0002	0.0007	0.0006	0.0001	0.4111	0.2673	0.1437	0.1951	0.1692	0.0259	0.2160	0.0981	0.1178
72	87	0.0354	7	2	0	1	0	0	0	1	0	1	0	2	1	0	0	0	0	0	0	Y	N	N	N	Y	N	N	N	N	N	N	N	N	N	N	N	N	N	6.9259	7.3691	3.9784	3.6142	3.5052	0.0000	4.1484	0.0000	3.9929	1.1121	1.4349	0.4956	2.2179	2.2183	0.0000	0.2960	0.0000	0.4957	0.1606	0.1947	0.1246	0.6137	0.6329	0.1554	0.0714	0.0000	0.1242	0.1808	0.6067	-0.0000	-0.0006	0.0029	0.0022	2.4186	6.6376	0.0000	0.0000	0.0000	0.0000	0.0000	0.0000	0.0000	0.0000	0.0000	0.0032	0.0020	0.0012	0.0020	0.0020	0.0000	0.0012	0.0000	0.0012	0.0000	0.0000	0.0000	0.0000	0.0000	0.0000	0.0000	0.0000	0.0000	0.0202	0.0104	0.0098	0.0033	0.0032	0.0001	0.0169	0.0072	0.0097
72	88	0.0209	6	2	0	0	0	0	0	0	0	1	0	2	1	0	0	0	0	0	0	Y	N	N	N	Y	N	N	N	N	N	N	N	N	N	N	N	N	N	0.0486	0.0004	0.4066	0.0012	0.0012	0.0000	0.0957	0.0000	0.4038	0.8141	0.0066	6.4373	0.0570	0.0572	0.0000	0.8996	0.0000	6.4505	16.7368	17.5630	15.8326	46.8218	47.8751	0.1758	9.4034	0.0057	15.9758	139.7125	0.8237	0.0000	-0.0553	0.0029	1.0173	2.4186	8.6136	0.0000	0.0000	0.0000	0.0000	0.0000	0.0000	0.0000	0.0000	0.0000	0.5720	0.3136	0.2583	0.3136	0.3136	0.0000	0.2584	0.0001	0.2583	0.0000	0.0000	0.0000	0.0000	0.0000	0.0000	0.0000	0.0000	0.0000	0.0342	0.0179	0.0163	0.0067	0.0066	0.0001	0.0275	0.0113	0.0162
72	89	0.0254	3	2	0	1	0	0	0	1	0	1	0	1	0	0	0	0	0	0	0	Y	N	N	N	N	N	N	N	N	N	N	N	N	N	N	N	N	N	7.3637	647.9823	18.5912	1433.6206	1326.8264	0.0000	4.8000	0.0000	18.1881	35.5332	13.6405	179.2707	123.7814	123.7816	0.0000	26.2014	0.0000	179.2709	4.8255	0.0211	9.6428	0.0863	0.0933	0.0178	5.4586	0.0014	9.8565	2.0017	456.8515	0.0002	0.1167	0.0029	2.9990	2.4186	17.4729	0.0026	0.0009	0.0017	0.0009	0.0009	0.0000	0.0017	0.0000	0.0017	0.2596	0.0006	0.2591	0.0005	0.0005	0.0000	0.2591	0.0000	0.2591	0.0001	0.0001	0.0000	0.0000	0.0000	0.0000	0.0001	0.0001	0.0000	0.0538	0.0269	0.0269	0.0063	0.0058	0.0006	0.0475	0.0212	0.0263
72	90	0.0209	6	2	0	0	0	0	0	0	0	1	0	2	1	0	0	0	0	0	0	Y	N	N	N	Y	N	N	N	N	N	N	N	N	N	N	N	N	N	0.0132	0.0543	0.0517	0.1411	0.1531	0.0000	0.0122	0.0000	0.0513	0.2065	0.0023	1.6401	0.0205	0.0206	0.0000	0.2265	0.0000	1.6436	15.5925	0.0419	31.7077	0.1453	0.1343	0.5093	18.5887	0.0004	32.0141	102.7606	730.0570	0.0000	0.3066	0.0029	2.0138	2.4186	11.8132	0.0000	0.0000	0.0000	0.0000	0.0000	0.0000	0.0000	0.0000	0.0000	0.6807	0.0009	0.6797	0.0010	0.0009	0.0001	0.6796	0.0000	0.6796	0.0000	0.0000	0.0000	0.0000	0.0000	0.0000	0.0000	0.0000	0.0000	0.0437	0.0222	0.0214	0.0071	0.0069	0.0002	0.0366	0.0153	0.0212
72	91	0.0124	5	2	0	0	0	0	0	0	0	2	1	2	1	0	0	0	0	0	0	Y	N	N	N	Y	N	N	N	N	N	N	N	N	N	N	N	N	N	0.0015	0.0012	0.0038	0.0037	0.0036	0.0000	0.0010	0.0000	0.0038	0.0282	0.0209	0.0738	0.1726	0.1726	0.0000	0.0113	0.0000	0.0738	18.4554	17.7328	19.2323	46.9056	47.7164	0.3491	11.5281	0.0127	19.3645	0.5586	1.0087	-0.0000	-0.0198	0.0029	1.9725	2.4186	4.2763	0.0000	0.0000	0.0000	0.0000	0.0000	0.0000	0.0000	0.0000	0.0000	0.4299	0.2140	0.2159	0.2140	0.2139	0.0000	0.2160	0.0001	0.2159	0.0000	0.0000	0.0000	0.0000	0.0000	0.0000	0.0000	0.0000	0.0000	0.0233	0.0121	0.0112	0.0046	0.0045	0.0001	0.0187	0.0076	0.0111
72	92	0.0457	8	2	0	1	0	1	0	1	0	1	0	1	0	0	0	0	0	0	0	Y	N	N	N	N	N	N	N	N	N	N	N	N	N	N	N	N	N	0.0000	0.0000	0.0000	0.0000	0.0000	0.0000	0.0000	0.0000	0.0000	0.0000	0.0000	0.0000	0.0000	0.0000	0.0000	0.0000	0.0000	0.0000	6.0360	6.6487	5.4187	0.0622	0.0552	0.1049	7.0651	8.8661	5.6487		0.8090	0.0000	-0.0671	0.0029	5.0000	2.4186	42.2706	0.0000	0.0000	0.0000	0.0000	0.0000	0.0000	0.0000	0.0000	0.0000	0.6637	0.3669	0.2968	0.0010	0.0008	0.0002	0.6627	0.3661	0.2966	0.0001	0.0001	0.0000	0.0000	0.0000	0.0000	0.0001	0.0001	0.0000	0.1100	0.0552	0.0548	0.0162	0.0139	0.0023	0.0938	0.0413	0.0525
72	97	0.0638	9	2	0	1	0	0	0	1	0	1	0	1	0	0	0	0	0	0	0	Y	N	N	N	N	N	N	N	N	N	N	N	N	N	N	N	N	N	0.0000	0.0000	0.0000	0.0000	0.0000	0.0000	0.0000	0.0000	0.0000	0.0000	0.0000	0.0000	0.0000	0.0000	0.0000	0.0000	0.0000	0.0000	4.0272	0.0112	8.0921	0.0294	0.0341	0.0000	4.7928	0.0025	8.4682		710.7639	0.0000	0.1174	0.0029	2.0000	2.4186	24.9502	0.0000	0.0000	0.0000	0.0000	0.0000	0.0000	0.0000	0.0000	0.0000	0.2608	0.0004	0.2604	0.0003	0.0003	0.0000	0.2605	0.0001	0.2604	0.0000	0.0000	0.0000	0.0000	0.0000	0.0000	0.0000	0.0000	0.0000	0.0648	0.0326	0.0322	0.0104	0.0090	0.0014	0.0543	0.0236	0.0308
72	98	0.0392	4	2	0	0	1	0	0	0	1	1	0	2	1	0	0	0	0	0	0	Y	N	N	N	Y	N	N	N	N	N	N	N	N	N	N	N	N	N	0.0000	0.0000	0.0000	0.0000	0.0000	0.0000	0.0000	0.0000	0.0000	0.0000	0.0000	0.0000	0.0000	0.0000	0.0000	0.0000	0.0000	0.0000	0.0006	0.0012	0.0000	0.0062	0.0072	0.0000	0.0000	0.0000	0.0000		0.0000	0.0000	-0.0000	0.0029	2.9999	2.4186	3.9821	0.0000	0.0000	0.0000	0.0000	0.0000	0.0000	0.0000	0.0000	0.0000	0.0000	0.0000	0.0000	0.0000	0.0000	0.0000	0.0000	0.0000	0.0000	0.0001	0.0001	0.0000	0.0000	0.0000	0.0000	0.0001	0.0001	0.0000	0.0176	0.0085	0.0091	0.0016	0.0014	0.0002	0.0160	0.0071	0.0089
72	99	0.0361	3	2	0	0	0	0	0	0	0	1	0	2	1	0	0	0	0	0	0	Y	N	N	N	Y	N	N	N	N	N	N	N	N	N	N	N	N	N	5457.7425	1718.7231	86720.1076	4536.6147	4093.6456	0.0000	6802.6947	0.0000	84827.8540	0.6713	0.4090	0.9851	0.4693	0.4694	0.0000	0.8537	0.0000	0.9851	0.0001	0.0002	0.0000	0.0001	0.0001	0.0000	0.0001	0.0003	0.0000	2.0133	0.0492	0.0000	-0.0000	0.0029	0.0003	2.4186	2.0601	0.0000	0.0000	0.0000	0.0000	0.0000	0.0000	0.0000	0.0000	0.0000	0.0000	0.0000	0.0000	0.0000	0.0000	0.0000	0.0000	0.0000	0.0000	0.0000	0.0000	0.0000	0.0000	0.0000	0.0000	0.0000	0.0000	0.0000	0.0056	0.0028	0.0028	0.0006	0.0006	0.0001	0.0050	0.0022	0.0028
72	100	0.0162	2	2	0	0	0	0	0	0	0	2	1	2	1	0	0	0	0	0	0	Y	N	N	N	Y	N	N	N	N	N	N	N	N	N	N	N	N	N	477.7646	91.2514	77110.8372	1426.4778	1293.5734	111399.2712	360.7400	0.0000	75973.6195	33.0921	13.0290	140.7549	88.4417	88.5947	2.0084	25.2440	0.0000	140.9489	0.0693	0.1428	0.0018	0.0620	0.0685	0.0000	0.0700	0.1579	0.0019	2.0132	0.0139	0.0002	-0.0012	0.0029	3.0014	2.4186	9.1620	0.0026	0.0009	0.0017	0.0009	0.0009	0.0000	0.0017	0.0000	0.0017	0.0022	0.0022	0.0000	0.0002	0.0002	0.0000	0.0020	0.0020	0.0000	0.0001	0.0001	0.0000	0.0000	0.0000	0.0000	0.0001	0.0001	0.0000	0.0321	0.0154	0.0168	0.0029	0.0026	0.0003	0.0293	0.0128	0.0165
72	106	0.0519	12	2	0	1	0	0	0	0	0	1	0	1	0	0	0	0	0	0	0	Y	N	N	N	N	N	N	N	N	N	N	N	N	N	N	N	N	N	0.0012	0.0000	0.0000	0.0000	0.0000	0.0000	0.0000	0.0000	0.0000	0.0000	0.0000	0.0000	0.0000	0.0000	0.0000	0.0000	0.0000	0.0000	0.0087	0.0007	0.0173	0.0013	0.0014	0.0009	0.0101	0.0005	0.0182		22.5085	0.0000	0.0002	0.0029	4.0001	2.4186	15.3361	0.0000	0.0000	0.0000	0.0000	0.0000	0.0000	0.0000	0.0000	0.0000	0.0004	0.0000	0.0004	0.0000	0.0000	0.0000	0.0004	0.0000	0.0004	0.0001	0.0001	0.0000	0.0000	0.0000	0.0000	0.0001	0.0001	0.0000	0.0474	0.0246	0.0228	0.0077	0.0065	0.0011	0.0397	0.0180	0.0217
72	107	0.0796	14	2	0	1	0	0	0	0	0	1	0	1	0	0	0	0	0	0	0	Y	N	N	N	N	N	N	N	N	N	N	N	N	N	N	N	N	N	0.0116	0.0066	0.0000	0.0103	0.0090	0.0000	0.0000	0.0000	0.0000	0.3096	0.3432	0.0000	1.5983	1.6006	0.0000	0.0000	0.0000	0.0000	26.5968	51.7091	0.0055	155.5457	177.4363	0.0128	0.0477	0.1018	0.0052	0.0000	0.0001	-0.0000	-0.5437	0.0029	1.0040	2.4186	14.1141	0.0000	0.0000	0.0000	0.0000	0.0000	0.0000	0.0000	0.0000	0.0000	0.9918	0.9917	0.0001	0.9904	0.9904	0.0000	0.0015	0.0014	0.0001	0.0000	0.0000	0.0000	0.0000	0.0000	0.0000	0.0000	0.0000	0.0000	0.0373	0.0192	0.0181	0.0064	0.0056	0.0008	0.0309	0.0136	0.0173
72	108	0.0718	13	2	0	1	0	1	0	1	0	1	0	1	0	0	0	0	0	0	0	Y	N	N	N	N	N	N	N	N	N	N	N	N	N	N	N	N	N	0.0045	0.0013	0.1698	0.0010	0.0008	0.0000	0.0507	0.3779	0.1633	0.0014	0.0008	0.0070	0.0019	0.0019	0.0000	0.0013	0.0005	0.0071	0.3060	0.5724	0.0415	1.9661	2.2939	0.0001	0.0249	0.0012	0.0433	0.9922	0.0730	-0.0000	-0.0018	0.0029	1.0065	2.4186	3.9764	0.0000	0.0000	0.0000	0.0000	0.0000	0.0000	0.0000	0.0000	0.0000	0.0037	0.0034	0.0002	0.0034	0.0034	0.0000	0.0003	0.0000	0.0002	0.0000	0.0000	0.0000	0.0000	0.0000	0.0000	0.0000	0.0000	0.0000	0.0120	0.0060	0.0060	0.0017	0.0015	0.0002	0.0103	0.0045	0.0058
72	112	0.0124	5	2	0	1	0	0	0	1	0	1	0	1	0	0	0	0	0	0	0	Y	N	N	N	N	N	N	N	N	N	N	N	N	N	N	N	N	N	2.3500	14965.2239	6.1563	6381.7357	48944.6984	0.0000	1.5595	0.0000	6.1081	37.8919	13.9328	194.6777	122.2671	122.2726	0.0000	28.6367	0.0000	194.6843	16.1245	0.0009	31.6223	0.0192	0.0025	0.5016	18.3631	0.0004	31.8729	2.1352	35337.0281	0.0003	0.3076	0.0029	3.0154	2.4186	11.4025	0.0028	0.0009	0.0019	0.0009	0.0009	0.0000	0.0019	0.0000	0.0019	0.6811	0.0000	0.6811	0.0001	0.0000	0.0001	0.6810	0.0000	0.6810	0.0001	0.0001	0.0000	0.0000	0.0000	0.0000	0.0001	0.0001	0.0000	0.0422	0.0207	0.0215	0.0052	0.0050	0.0002	0.0371	0.0157	0.0214
72	113	0.0050	4	2	0	0	0	0	0	0	0	1	0	1	0	0	0	0	0	0	0	Y	N	N	N	N	N	N	N	N	N	N	N	N	N	N	N	N	N	0.0626	44.1914	0.0618	6.7958	7.0873	0.0000	0.0545	0.0000	0.0618	1.6911	1.0168	3.0353	2.1260	2.1260	0.0000	1.4878	0.0000	3.0353	27.0007	0.0230	49.0820	0.3128	0.3000	0.6388	27.3022	0.0162	49.1194	1.4973	2606.1200	0.0000	0.1411	0.0029	0.0182	2.4186	4.6661	0.0000	0.0000	0.0000	0.0000	0.0000	0.0000	0.0000	0.0000	0.0000	0.3127	0.0001	0.3126	0.0000	0.0000	0.0000	0.3127	0.0001	0.3126	0.0000	0.0000	0.0000	0.0000	0.0000	0.0000	0.0000	0.0000	0.0000	0.0116	0.0052	0.0064	0.0001	0.0001	0.0000	0.0115	0.0051	0.0064
72	114	0.0050	3	2	0	0	0	0	0	0	0	1	0	1	0	0	0	0	0	0	0	Y	N	N	N	N	N	N	N	N	N	N	N	N	N	N	N	N	N	0.0697	0.0737	0.0655	0.0291	0.0290	0.0000	0.1091	0.0000	0.0654	1.4835	1.4584	1.5095	1.5045	1.5045	0.0000	1.4631	0.0000	1.5095	21.2977	19.7888	23.0557	51.7431	51.8336	0.0000	13.4084	0.0000	23.0734	1.0000	1.0000	-0.0000	-0.0000	0.0029	0.0004	2.4186	0.0007	0.0000	0.0000	0.0000	0.0000	0.0000	0.0000	0.0000	0.0000	0.0000	0.0001	0.0000	0.0000	0.0000	0.0000	0.0000	0.0000	0.0000	0.0000	0.0000	0.0000	0.0000	0.0000	0.0000	0.0000	0.0000	0.0000	0.0000	0.0000	0.0000	0.0000	0.0000	0.0000	0.0000	0.0000	0.0000	0.0000
72	115	0.0050	2	2	0	0	0	0	0	0	0	1	0	1	0	0	0	0	0	0	0	Y	N	N	N	N	N	N	N	N	N	N	N	N	N	N	N	N	N	0.0636	0.0756	0.0510	0.0407	0.0407	0.0000	0.0858	0.0000	0.0510	1.4835	1.4584	1.5095	1.5045	1.5045	0.0000	1.4631	0.0000	1.5095	23.3431	19.2789	29.5834	36.9610	36.9932	0.0000	17.0552	0.0000	29.6037	1.0000	0.9994	-0.0000	-0.0000	0.0029	0.0004	2.4186	0.0002	0.0000	0.0000	0.0000	0.0000	0.0000	0.0000	0.0000	0.0000	0.0000	0.0001	0.0000	0.0000	0.0000	0.0000	0.0000	0.0000	0.0000	0.0000	0.0000	0.0000	0.0000	0.0000	0.0000	0.0000	0.0000	0.0000	0.0000	0.0000	0.0000	0.0000	0.0000	0.0000	0.0000	0.0000	0.0000	0.0000
72	119	0.0675	11	2	0	1	0	0	0	0	0	1	0	1	0	0	0	0	0	0	0	Y	N	N	N	N	N	N	N	N	N	N	N	N	N	N	N	N	N	229.5668	65.4735	1873.7310	209.4517	182.8274	0.0000	441.9695	0.0000	1791.4095	18.1991	6.9390	96.1204	66.3907	66.4183	0.0000	13.3559	0.0000	96.1494	0.0793	0.1060	0.0513	0.3170	0.3633	0.0006	0.0302	0.0000	0.0537	2.0017	0.4620	0.0002	-0.0011	0.0029	6.0007	2.4186	19.0307	0.0026	0.0009	0.0017	0.0009	0.0009	0.0000	0.0017	0.0000	0.0017	0.0049	0.0034	0.0016	0.0034	0.0034	0.0000	0.0016	0.0000	0.0016	0.0001	0.0001	0.0000	0.0000	0.0000	0.0000	0.0001	0.0001	0.0000	0.0620	0.0317	0.0303	0.0106	0.0093	0.0014	0.0514	0.0225	0.0289
72	120	0.0641	10	2	0	1	0	0	0	1	0	1	0	1	0	0	0	0	0	0	0	Y	N	N	N	N	N	N	N	N	N	N	N	N	N	N	N	N	N	66.3151	23.9761	377.1428	4476.4532	4259.5109	0.0000	37.2793	0.0000	363.5163	8.2241	3.1248	43.9920	31.0442	31.0575	0.0000	6.0195	0.0000	44.0053	0.1240	0.1303	0.1166	0.0069	0.0073	0.0022	0.1615	0.2188	0.1211	2.0071	0.7670	0.0000	-0.0002	0.0029	0.0034	2.4186	3.2312	0.0000	0.0000	0.0000	0.0000	0.0000	0.0000	0.0000	0.0000	0.0000	0.0014	0.0008	0.0006	0.0000	0.0000	0.0000	0.0013	0.0007	0.0006	0.0000	0.0000	0.0000	0.0000	0.0000	0.0000	0.0000	0.0000	0.0000	0.0109	0.0059	0.0050	0.0026	0.0025	0.0002	0.0083	0.0034	0.0049
72	121	0.0638	9	2	0	0	0	0	0	0	0	1	0	1	0	0	0	0	0	0	0	Y	N	N	N	N	N	N	N	N	N	N	N	N	N	N	N	N	N	0.0000	0.0000	0.0000	0.0000	0.0000	0.0000	0.0000	0.0000	0.0000	0.0000	0.0000	0.0000	0.0000	0.0000	0.0000	0.0000	0.0000	0.0000	0.0016	0.0028	0.0001	0.0045	0.0047	0.0000	0.0001	0.0000	0.0001		0.0279	0.0000	-0.0000	0.0029	0.0000	2.4186	1.2022	0.0000	0.0000	0.0000	0.0000	0.0000	0.0000	0.0000	0.0000	0.0000	0.0000	0.0000	0.0000	0.0000	0.0000	0.0000	0.0000	0.0000	0.0000	0.0000	0.0000	0.0000	0.0000	0.0000	0.0000	0.0000	0.0000	0.0000	0.0069	0.0039	0.0030	0.0024	0.0023	0.0001	0.0045	0.0016	0.0029
72	122	0.0424	8	2	0	0	0	1	0	0	0	1	0	1	0	0	0	0	0	0	0	Y	N	N	N	N	N	N	N	N	N	N	N	N	N	N	N	N	N	0.0000	0.0000	0.0000	0.0000	0.0000	0.0000	0.0000	0.0000	0.0000	0.0000	0.0000	0.0000	0.0000	0.0000	0.0000	0.0000	0.0000	0.0000	0.0019	0.0029	0.0006	0.0082	0.0089	0.0000	0.0004	0.0000	0.0006		0.1779	0.0000	-0.0000	0.0029	0.0041	2.4186	12.5856	0.0000	0.0000	0.0000	0.0000	0.0000	0.0000	0.0000	0.0000	0.0000	0.0001	0.0001	0.0000	0.0001	0.0001	0.0000	0.0000	0.0000	0.0000	0.0000	0.0000	0.0000	0.0000	0.0000	0.0000	0.0000	0.0000	0.0000	0.0377	0.0204	0.0174	0.0073	0.0067	0.0006	0.0304	0.0137	0.0167
72	126	0.0774	14	1	0	1	0	0	0	0	0	2	0	2	0	0	0	0	0	0	0	N	N	N	N	Y	N	N	N	N	N	N	N	N	N	N	N	N	N	0.0000	0.0000	0.0000	0.0000	0.0000	0.0000	0.0000	0.0000	0.0000	0.0000	0.0000	0.0000	0.0000	0.0000	0.0000	0.0000	0.0000	0.0000	0.0001	0.0001	0.0000	0.0002	0.0002	0.0000	0.0000	0.0000	0.0000		0.7686	0.0000	-0.0000	0.0029	0.0003	2.4186	3.0192	0.0000	0.0000	0.0000	0.0000	0.0000	0.0000	0.0000	0.0000	0.0000	0.0000	0.0000	0.0000	0.0000	0.0000	0.0000	0.0000	0.0000	0.0000	0.0000	0.0000	0.0000	0.0000	0.0000	0.0000	0.0000	0.0000	0.0000	0.0075	0.0039	0.0037	0.0013	0.0011	0.0002	0.0062	0.0028	0.0034
72	131	0.0837	16	2	0	1	0	0	0	0	0	1	0	1	0	0	0	0	0	0	0	Y	N	N	N	N	N	N	N	N	N	N	N	N	N	N	N	N	N	1.1892	0.4847	176.3764	1.2445	0.8450	1912.3439	0.0000	0.0000	0.0000	0.0879	0.0682	0.2084	0.4709	0.3738	0.9812	0.0000	0.0000	0.0000	0.0739	0.1407	0.0012	0.3784	0.4423	0.0005	0.0007	0.0001	0.0012	0.4996	0.0077	-0.0000	-0.0010	0.0029	1.0211	2.4186	9.0731	0.0000	0.0000	0.0000	0.0000	0.0000	0.0000	0.0000	0.0000	0.0000	0.0018	0.0018	0.0000	0.0018	0.0018	0.0000	0.0000	0.0000	0.0000	0.0000	0.0000	0.0000	0.0000	0.0000	0.0000	0.0000	0.0000	0.0000	0.0248	0.0129	0.0119	0.0048	0.0041	0.0007	0.0200	0.0088	0.0112
72	138	0.0775	13	2	0	1	0	0	0	0	0	1	0	2	0	0	0	0	0	0	0	Y	N	N	N	Y	N	N	N	N	N	N	N	N	N	N	N	N	N	0.0000	0.0000	0.0000	0.0000	0.0000	0.0000	0.0000	0.0000	0.0000	0.0000	0.0000	0.0000	0.0000	0.0000	0.0000	0.0000	0.0000	0.0000	0.0000	0.0000	0.0001	0.0001	0.0000	0.0001	0.0000	0.0000	0.0001		3.6805	-0.0000	0.0000	0.0029	0.0010	2.4186	4.0030	0.0000	0.0000	0.0000	0.0000	0.0000	0.0000	0.0000	0.0000	0.0000	0.0000	0.0000	0.0000	0.0000	0.0000	0.0000	0.0000	0.0000	0.0000	0.0000	0.0000	0.0000	0.0000	0.0000	0.0000	0.0000	0.0000	0.0000	0.0104	0.0056	0.0048	0.0023	0.0019	0.0004	0.0081	0.0037	0.0045
72	139	0.0519	12	2	0	1	0	0	0	0	0	2	0	2	0	0	0	0	0	0	0	Y	N	N	N	Y	N	N	N	N	N	N	N	N	N	N	N	N	N	8.0245	19.9069	0.0000	0.0000	0.0000	0.0000	9.5179	303.5607	0.0000	0.1392	0.1589	0.0000	0.0000	0.0000	0.0000	0.1529	0.1770	0.0000	0.0173	0.0080	0.0276	0.0237	0.0275	0.0010	0.0161	0.0006	0.0290	0.0001	3.1508	-0.0000	0.0001	0.0029	2.9989	2.4186	12.3267	0.0000	0.0000	0.0000	0.0000	0.0000	0.0000	0.0000	0.0000	0.0000	0.0007	0.0002	0.0005	0.0002	0.0002	0.0000	0.0005	0.0000	0.0005	0.0001	0.0001	0.0000	0.0000	0.0000	0.0000	0.0001	0.0001	0.0000	0.0386	0.0202	0.0184	0.0065	0.0056	0.0009	0.0322	0.0147	0.0175
72	140	0.0511	11	2	0	1	0	1	0	1	0	1	0	1	0	0	0	0	0	0	0	Y	N	N	N	N	N	N	N	N	N	N	N	N	N	N	N	N	N	0.4239	0.0000	1.2311	0.0000	0.0000	0.0000	0.3546	0.0000	1.1807	0.1564	0.0000	0.9637	0.0000	0.0000	0.0000	0.1666	0.0000	0.9641	0.3689	0.0272	0.7827	0.0295	0.0321	0.0008	0.4700	0.0242	0.8166	inf	23.7451	0.0000	0.0004	0.0029	0.0011	2.4186	0.8290	0.0000	0.0000	0.0000	0.0000	0.0000	0.0000	0.0000	0.0000	0.0000	0.0010	0.0000	0.0010	0.0000	0.0000	0.0000	0.0010	0.0000	0.0010	0.0000	0.0000	0.0000	0.0000	0.0000	0.0000	0.0000	0.0000	0.0000	0.0027	0.0015	0.0012	0.0006	0.0006	0.0001	0.0021	0.0009	0.0012
72	141	0.0742	13	2	0	1	0	0	0	0	0	1	0	1	0	0	0	0	0	0	0	Y	N	N	N	N	N	N	N	N	N	N	N	N	N	N	N	N	N	0.0000	0.0000	0.0000	0.0000	0.0000	0.0000	0.0000	0.0000	0.0000	0.0000	0.0000	0.0000	0.0000	0.0000	0.0000	0.0000	0.0000	0.0000	45.3989	86.5983	0.0020	0.3716	0.4369	0.0001	57.0510	129.7052	0.0022		0.0000	0.0000	-0.5419	0.0029	0.0243	2.4186	8.8037	0.0000	0.0000	0.0000	0.0000	0.0000	0.0000	0.0000	0.0000	0.0000	0.9885	0.9884	0.0000	0.0017	0.0017	0.0000	0.9868	0.9868	0.0000	0.0000	0.0000	0.0000	0.0000	0.0000	0.0000	0.0000	0.0000	0.0000	0.0218	0.0114	0.0104	0.0045	0.0038	0.0007	0.0173	0.0076	0.0097
72	142	0.0576	12	2	0	1	0	1	0	1	0	1	0	1	0	0	0	0	0	0	0	Y	N	N	N	N	N	N	N	N	N	N	N	N	N	N	N	N	N	0.0000	0.0000	0.0007	0.0000	0.0000	0.0000	0.0000	0.0000	0.0006	0.0000	0.0000	0.0001	0.0000	0.0000	0.0000	0.0000	0.0000	0.0001	0.3173	0.5042	0.1221	0.0072	0.0084	0.0001	0.3839	0.7125	0.1289	inf	0.2320	0.0000	-0.0029	0.0029	4.9785	2.4186	5.0554	0.0000	0.0000	0.0000	0.0000	0.0000	0.0000	0.0000	0.0000	0.0000	0.0081	0.0066	0.0015	0.0000	0.0000	0.0000	0.0081	0.0065	0.0015	0.0001	0.0001	0.0000	0.0000	0.0000	0.0000	0.0001	0.0001	0.0000	0.0255	0.0130	0.0125	0.0045	0.0039	0.0007	0.0210	0.0092	0.0118
72	143	0.0967	17	2	0	1	0	0	0	0	0	1	0	2	0	0	0	0	0	0	0	Y	N	N	N	Y	N	N	N	N	N	N	N	N	N	N	N	N	N	15.9798	20.5617	0.0000	1003.1519	1626.6479	0.0000	32.8079	27.4797	0.0000	0.7275	0.9670	0.0000	0.3273	0.4887	0.0000	1.8688	1.8925	0.0000	0.0455	0.0470	0.0438	0.0003	0.0003	0.0005	0.0570	0.0689	0.0469	0.0000	0.8085	-0.0000	-0.0000	0.0029	0.0000	2.4186	3.0055	0.0000	0.0000	0.0000	0.0000	0.0000	0.0000	0.0000	0.0000	0.0000	0.0003	0.0002	0.0001	0.0000	0.0000	0.0000	0.0003	0.0002	0.0001	0.0000	0.0000	0.0000	0.0000	0.0000	0.0000	0.0000	0.0000	0.0000	0.0072	0.0039	0.0034	0.0015	0.0012	0.0002	0.0058	0.0026	0.0031
72	144	0.0837	16	2	0	1	0	0	0	0	0	2	0	2	0	0	0	0	0	0	0	Y	N	N	N	Y	N	N	N	N	N	N	N	N	N	N	N	N	N	1.2815	1.3933	0.0000	467.0399	619.7706	0.0000	0.8049	0.7381	0.0000	49.3960	56.9272	0.0000	111.5423	125.6678	0.0000	38.6409	44.7097	0.0000	38.5448	40.8567	36.0246	0.2388	0.2028	0.4603	48.0049	60.5707	38.2126	0.0000	0.8088	-0.0015	-0.0790	0.0029	2.0192	2.4186	6.0784	0.0026	0.0026	0.0000	0.0009	0.0009	0.0000	0.0017	0.0017	0.0000	0.7815	0.4321	0.3495	0.0010	0.0007	0.0003	0.7806	0.4314	0.3492	0.0001	0.0000	0.0000	0.0000	0.0000	0.0000	0.0000	0.0000	0.0000	0.0203	0.0106	0.0097	0.0040	0.0035	0.0006	0.0163	0.0071	0.0091
72	145	0.0789	15	2	0	1	0	1	0	0	0	1	0	1	0	0	0	0	0	0	0	Y	N	N	N	N	N	N	N	N	N	N	N	N	N	N	N	N	N	0.1945	0.2240	0.0000	96.7634	106.2236	0.0000	0.1190	0.1212	0.0000	0.0530	0.0605	0.0000	0.1866	0.1875	0.0000	0.0390	0.0452	0.0000	0.2725	0.2701	0.2749	0.0019	0.0018	0.0027	0.3281	0.3731	0.2921	0.0000	0.9742	-0.0000	-0.0001	0.0029	1.9811	2.4186	0.9869	0.0000	0.0000	0.0000	0.0000	0.0000	0.0000	0.0000	0.0000	0.0000	0.0020	0.0010	0.0010	0.0000	0.0000	0.0000	0.0020	0.0010	0.0010	0.0000	0.0000	0.0000	0.0000	0.0000	0.0000	0.0000	0.0000	0.0000	0.0072	0.0037	0.0035	0.0012	0.0010	0.0002	0.0060	0.0027	0.0033
73	78	0.1129	14	2	0	1	0	0	0	0	0	0	1	1	1	0	0	0	0	0	0	Y	N	N	N	N	N	N	N	N	N	N	N	N	N	N	N	N	N	0.0000	0.0000	0.0000	0.0000	0.0000	0.0000	0.0000	0.0000	0.0000	0.0000	0.0000	0.0000	0.0000	0.0000	0.0000	0.0000	0.0000	0.0000	0.0106	0.0010	0.0218	0.0028	0.0025	0.0066	0.0130	0.0000	0.0225		18.6847	0.0000	0.0008	1.6760	0.0166	12.1347	12.2009	0.0000	0.0000	0.0000	0.0000	0.0000	0.0000	0.0000	0.0000	0.0000	0.0021	0.0001	0.0020	0.0001	0.0001	0.0000	0.0020	0.0000	0.0020	0.0005	0.0005	0.0000	0.0002	0.0002	0.0000	0.0003	0.0002	0.0000	0.1966	0.1058	0.0908	0.0463	0.0424	0.0038	0.1503	0.0634	0.0870
73	79	0.0987	13	2	0	1	0	1	0	0	0	0	0	1	0	0	0	0	0	0	0	Y	N	N	N	N	N	N	N	N	N	N	N	N	N	N	N	N	N	0.0000	0.0000	0.0000	0.0000	0.0000	0.0000	0.0000	0.0000	0.0000	0.0000	0.0000	0.0000	0.0000	0.0000	0.0000	0.0000	0.0000	0.0000	0.1206	0.0016	0.2490	0.0103	0.0035	0.0760	0.1469	0.0007	0.2558		143.1749	0.0000	0.0073	1.6760	1.0285	12.1347	7.9781	0.0000	0.0000	0.0000	0.0000	0.0000	0.0000	0.0000	0.0000	0.0000	0.0163	0.0001	0.0162	0.0003	0.0001	0.0002	0.0161	0.0000	0.0160	0.0132	0.0115	0.0017	0.0013	0.0012	0.0001	0.0119	0.0102	0.0017	0.1356	0.0704	0.0652	0.0261	0.0236	0.0025	0.1095	0.0467	0.0627
73	84	0.0612	4	2	0	1	0	0	0	0	0	0	0	1	0	0	0	0	0	0	0	Y	N	N	N	N	N	N	N	N	N	N	N	N	N	N	N	N	N	0.0000	0.0000	0.0000	0.0000	0.0000	0.0000	0.0000	0.0000	0.0000	0.0000	0.0000	0.0000	0.0000	0.0000	0.0000	0.0000	0.0000	0.0000	3.4153	0.0425	7.3491	0.0092	0.0083	0.0221	4.1898	0.0588	7.5463		148.1667	0.0000	0.4410	1.6760	2.9998	12.1347	15.4389	0.0000	0.0000	0.0000	0.0000	0.0000	0.0000	0.0000	0.0000	0.0000	0.9909	0.0066	0.9843	0.0005	0.0004	0.0001	0.9904	0.0062	0.9842	0.0373	0.0323	0.0049	0.0030	0.0029	0.0001	0.0343	0.0295	0.0048	0.2901	0.1562	0.1339	0.0538	0.0502	0.0035	0.2364	0.1060	0.1304
73	85	0.4215	5	1	0	1	0	0	0	0	0	1	0	2	0	0	0	0	0	0	0	N	N	N	N	Y	N	N	N	N	N	N	N	N	N	N	N	N	N	1.4755	1.5485	0.0001	0.0888	0.0832	0.0007	1.7367	1.9015	0.0001	2.8424	3.2421	0.0002	0.1683	0.1749	0.0004	3.3975	3.9550	0.0001	1.9264	2.0937	1.6174	1.8950	2.1010	0.5502	1.9563	2.0799	1.8590	0.0000	0.4182	-0.5826	-1.2709	1.6760	26.8363	12.1347	143.7566	0.9991	0.9991	0.0000	0.0102	0.0102	0.0000	0.9890	0.9890	0.0000	5.0159	3.5367	1.4792	2.4083	2.3154	0.0929	2.6076	1.2213	1.3863	0.3515	0.3082	0.0433	0.0604	0.0581	0.0023	0.2911	0.2501	0.0410	2.6038	1.6892	0.9146	1.2709	1.1020	0.1689	1.3329	0.5872	0.7457
73	88	0.1024	10	2	0	1	0	0	0	0	0	0	0	2	1	0	0	0	0	0	0	Y	N	N	N	Y	N	N	N	N	N	N	N	N	N	N	N	N	N	0.0366	0.0721	0.0000	0.0309	0.0301	0.0000	0.0388	3.2917	0.0000	0.0084	0.0097	0.0000	0.0080	0.0083	0.0000	0.0085	0.0099	0.0000	0.2305	0.1350	0.3574	0.2589	0.2755	0.0053	0.2187	0.0030	0.3728	0.0000	1.9941	-0.0001	0.0051	1.6760	1.0173	12.1347	8.6136	0.0001	0.0001	0.0000	0.0000	0.0000	0.0000	0.0001	0.0001	0.0000	0.0430	0.0144	0.0286	0.0142	0.0142	0.0000	0.0288	0.0002	0.0286	0.0130	0.0113	0.0017	0.0012	0.0012	0.0000	0.0118	0.0101	0.0017	0.1865	0.1064	0.0801	0.0549	0.0515	0.0034	0.1316	0.0549	0.0768
73	90	0.1024	10	2	0	1	0	0	0	0	0	0	0	2	1	0	0	0	0	0	0	Y	N	N	N	Y	N	N	N	N	N	N	N	N	N	N	N	N	N	0.0000	0.0000	0.0000	0.0000	0.0000	0.0000	0.0000	0.0000	0.0000	0.0000	0.0000	0.0000	0.0000	0.0000	0.0000	0.0000	0.0000	0.0000	4.5067	0.8898	9.1079	1.7990	1.9346	0.0064	5.5440	0.0000	9.5292	0.0000	8.0463	-0.0000	0.3756	1.6760	2.0138	12.1347	11.8132	0.0000	0.0000	0.0000	0.0000	0.0000	0.0000	0.0000	0.0000	0.0000	1.1008	0.1217	0.9791	0.1217	0.1217	0.0000	0.9791	0.0000	0.9791	0.0254	0.0220	0.0033	0.0023	0.0022	0.0001	0.0231	0.0198	0.0033	0.2443	0.1368	0.1075	0.0677	0.0629	0.0048	0.1766	0.0739	0.1027
73	91	0.0939	9	2	0	1	0	0	0	0	0	1	1	2	1	0	0	0	0	0	0	Y	N	N	N	Y	N	N	N	N	N	N	N	N	N	N	N	N	N	0.0000	0.0000	0.0000	0.0000	0.0000	0.0000	0.0000	0.0018	0.0000	0.0000	0.0000	0.0000	0.0000	0.0000	0.0000	0.0000	0.0000	0.0000	0.2258	0.1726	0.2960	0.3402	0.3632	0.0110	0.1794	0.0005	0.3090	0.0000	1.3010	-0.0000	0.0005	1.6760	1.9725	12.1347	4.2763	0.0000	0.0000	0.0000	0.0000	0.0000	0.0000	0.0000	0.0000	0.0000	0.0270	0.0117	0.0153	0.0117	0.0117	0.0000	0.0153	0.0000	0.0152	0.0249	0.0216	0.0033	0.0021	0.0021	0.0001	0.0228	0.0196	0.0032	0.1196	0.0680	0.0516	0.0345	0.0323	0.0023	0.0851	0.0358	0.0493
73	98	0.1239	10	2	0	1	1	0	0	0	1	0	0	2	1	0	0	0	0	0	0	Y	N	N	N	Y	N	N	N	N	N	N	N	N	N	N	N	N	N	0.0000	0.0000	0.0000	0.0000	0.0000	0.0000	0.0000	0.0000	0.0000	0.0000	0.0000	0.0000	0.0000	0.0000	0.0000	0.0000	0.0000	0.0000	0.0001	0.0002	0.0000	0.0004	0.0005	0.0000	0.0000	0.0000	0.0000		0.0127	0.0000	-0.0000	1.6760	2.9999	12.1347	3.9821	0.0000	0.0000	0.0000	0.0000	0.0000	0.0000	0.0000	0.0000	0.0000	0.0000	0.0000	0.0000	0.0000	0.0000	0.0000	0.0000	0.0000	0.0000	0.0373	0.0324	0.0049	0.0032	0.0030	0.0001	0.0342	0.0294	0.0048	0.1068	0.0565	0.0503	0.0248	0.0222	0.0025	0.0821	0.0342	0.0478
73	99	0.1208	9	2	0	1	0	0	0	0	0	0	0	2	1	0	0	0	0	0	0	Y	N	N	N	Y	N	N	N	N	N	N	N	N	N	N	N	N	N	0.0000	0.0000	0.0000	0.0000	0.0000	0.0000	0.0000	0.0000	0.0000	0.0000	0.0000	0.0000	0.0000	0.0000	0.0000	0.0000	0.0000	0.0000	0.0110	0.0005	0.0231	0.0012	0.0013	0.0000	0.0141	0.0000	0.0242		37.1407	0.0000	0.0002	1.6760	0.0003	12.1347	2.0601	0.0000	0.0000	0.0000	0.0000	0.0000	0.0000	0.0000	0.0000	0.0000	0.0004	0.0000	0.0004	0.0000	0.0000	0.0000	0.0004	0.0000	0.0004	0.0000	0.0000	0.0000	0.0000	0.0000	0.0000	0.0000	0.0000	0.0000	0.0339	0.0182	0.0157	0.0083	0.0076	0.0008	0.0256	0.0107	0.0149
73	100	0.1009	8	2	0	1	0	0	0	0	0	1	1	2	1	0	0	0	0	0	0	Y	N	N	N	Y	N	N	N	N	N	N	N	N	N	N	N	N	N	0.0000	0.0000	0.0000	0.0000	0.0000	0.0000	0.0000	0.0000	0.0000	0.0000	0.0000	0.0000	0.0000	0.0000	0.0000	0.0000	0.0000	0.0000	4.9794	0.0006	10.5193	0.0017	0.0016	0.0032	6.4367	0.0000	10.9885		15118.8207	0.0000	0.4366	1.6760	3.0014	12.1347	9.1620	0.0000	0.0000	0.0000	0.0000	0.0000	0.0000	0.0000	0.0000	0.0000	0.9667	0.0001	0.9666	0.0001	0.0001	0.0000	0.9666	0.0000	0.9666	0.0373	0.0324	0.0049	0.0030	0.0029	0.0001	0.0343	0.0295	0.0048	0.1941	0.1022	0.0919	0.0440	0.0400	0.0039	0.1502	0.0622	0.0880
73	101	0.0881	7	2	0	1	0	0	0	0	0	0	0	1	0	0	0	0	0	0	0	Y	N	N	N	N	N	N	N	N	N	N	N	N	N	N	N	N	N	0.0000	0.0000	0.0000	0.0000	0.0000	0.0000	0.0000	0.0000	0.0000	0.0000	0.0000	0.0000	0.0000	0.0000	0.0000	0.0000	0.0000	0.0000	0.3948	0.0009	0.8218	0.0188	0.0011	0.1809	0.4923	0.0009	0.8502		802.9548	0.0000	0.0214	1.6760	0.0077	12.1347	8.0757	0.0000	0.0000	0.0000	0.0000	0.0000	0.0000	0.0000	0.0000	0.0000	0.0475	0.0001	0.0475	0.0005	0.0000	0.0004	0.0471	0.0000	0.0470	0.0001	0.0001	0.0000	0.0000	0.0000	0.0000	0.0001	0.0001	0.0000	0.1204	0.0626	0.0578	0.0248	0.0224	0.0024	0.0956	0.0403	0.0553
73	102	0.0864	6	2	0	1	0	0	0	0	0	0	0	1	0	0	0	0	0	0	0	Y	N	N	N	N	N	N	N	N	N	N	N	N	N	N	N	N	N	0.0000	0.0000	0.0000	0.0000	0.0000	0.0000	0.0000	0.0000	0.0000	0.0000	0.0000	0.0000	0.0000	0.0000	0.0000	0.0000	0.0000	0.0000	0.0044	0.0051	0.0037	0.0129	0.0143	0.0004	0.0022	0.0000	0.0038		0.6768	0.0000	-0.0000	1.6760	0.0011	12.1347	1.0060	0.0000	0.0000	0.0000	0.0000	0.0000	0.0000	0.0000	0.0000	0.0000	0.0001	0.0000	0.0000	0.0000	0.0000	0.0000	0.0000	0.0000	0.0000	0.0000	0.0000	0.0000	0.0000	0.0000	0.0000	0.0000	0.0000	0.0000	0.0153	0.0079	0.0073	0.0031	0.0028	0.0003	0.0121	0.0051	0.0070
73	113	0.0865	8	2	0	1	0	0	0	0	0	0	0	1	0	0	0	0	0	0	0	Y	N	N	N	N	N	N	N	N	N	N	N	N	N	N	N	N	N	0.0000	0.0000	0.0000	0.0000	0.0000	0.0000	0.0000	0.0000	0.0000	0.0000	0.0000	0.0000	0.0000	0.0000	0.0000	0.0000	0.0000	0.0000	0.1586	0.0041	0.3250	0.0062	0.0064	0.0042	0.1975	0.0029	0.3390		73.0061	0.0000	0.0049	1.6760	0.0182	12.1347	4.6661	0.0000	0.0000	0.0000	0.0000	0.0000	0.0000	0.0000	0.0000	0.0000	0.0111	0.0002	0.0110	0.0001	0.0001	0.0000	0.0110	0.0001	0.0110	0.0002	0.0002	0.0000	0.0000	0.0000	0.0000	0.0002	0.0002	0.0000	0.0701	0.0363	0.0337	0.0142	0.0128	0.0014	0.0558	0.0235	0.0323
73	114	0.0865	7	2	0	1	0	0	0	0	0	0	0	1	0	0	0	0	0	0	0	Y	N	N	N	N	N	N	N	N	N	N	N	N	N	N	N	N	N	0.0000	0.0000	0.0000	0.0000	0.0000	0.0000	0.0000	0.0000	0.0000	0.0000	0.0000	0.0000	0.0000	0.0000	0.0000	0.0000	0.0000	0.0000	3.0309	2.6147	3.6047	4.9562	5.1907	0.0587	2.1822	0.0000	3.7266		1.0000	0.0000	-0.0000	1.6760	0.0004	12.1347	0.0007	0.0000	0.0000	0.0000	0.0000	0.0000	0.0000	0.0000	0.0000	0.0000	0.0001	0.0000	0.0000	0.0000	0.0000	0.0000	0.0000	0.0000	0.0000	0.0000	0.0000	0.0000	0.0000	0.0000	0.0000	0.0000	0.0000	0.0000	0.0000	0.0000	0.0000	0.0000	0.0000	0.0000	0.0000	0.0000	0.0000
73	115	0.0864	6	2	0	1	0	0	0	0	0	0	0	1	0	0	0	0	0	0	0	Y	N	N	N	N	N	N	N	N	N	N	N	N	N	N	N	N	N	0.0000	0.0000	0.0000	0.0000	0.0000	0.0000	0.0000	0.0000	0.0000	0.0000	0.0000	0.0000	0.0000	0.0000	0.0000	0.0000	0.0000	0.0000	3.1757	2.5329	4.2829	4.1567	4.2554	0.0930	2.5595	0.0000	4.3899		0.9815	0.0000	-0.0000	1.6760	0.0004	12.1347	0.0002	0.0000	0.0000	0.0000	0.0000	0.0000	0.0000	0.0000	0.0000	0.0000	0.0001	0.0000	0.0000	0.0000	0.0000	0.0000	0.0000	0.0000	0.0000	0.0000	0.0000	0.0000	0.0000	0.0000	0.0000	0.0000	0.0000	0.0000	0.0000	0.0000	0.0000	0.0000	0.0000	0.0000	0.0000	0.0000	0.0000
73	116	0.0660	5	2	0	1	0	0	0	0	0	0	0	1	0	0	0	0	0	0	0	Y	N	N	N	N	N	N	N	N	N	N	N	N	N	N	N	N	N	0.0000	0.0000	0.0000	0.0000	0.0000	0.0000	0.0000	0.0000	0.0000	0.0000	0.0000	0.0000	0.0000	0.0000	0.0000	0.0000	0.0000	0.0000	0.1241	0.2015	0.0245	0.5277	0.5561	0.0247	0.0133	0.0000	0.0244		0.0942	0.0000	-0.0128	1.6760	0.0012	12.1347	12.6705	0.0000	0.0000	0.0000	0.0000	0.0000	0.0000	0.0000	0.0000	0.0000	0.0277	0.0253	0.0024	0.0254	0.0253	0.0001	0.0023	0.0000	0.0023	0.0000	0.0000	0.0000	0.0000	0.0000	0.0000	0.0000	0.0000	0.0000	0.2233	0.1258	0.0976	0.0481	0.0456	0.0026	0.1752	0.0802	0.0950
73	117	0.0612	4	2	0	1	0	0	0	0	0	0	0	1	0	0	0	0	0	0	0	Y	N	N	N	N	N	N	N	N	N	N	N	N	N	N	N	N	N	0.0000	0.0000	0.0000	0.0000	0.0000	0.0000	0.0000	0.0000	0.0000	0.0000	0.0000	0.0000	0.0000	0.0000	0.0000	0.0000	0.0000	0.0000	0.0741	0.0230	0.1600	0.0615	0.0550	0.2430	0.0787	0.0007	0.1579		4.1387	0.0000	0.0015	1.6760	0.0012	12.1347	3.6220	0.0000	0.0000	0.0000	0.0000	0.0000	0.0000	0.0000	0.0000	0.0000	0.0059	0.0012	0.0048	0.0013	0.0011	0.0002	0.0046	0.0000	0.0046	0.0000	0.0000	0.0000	0.0000	0.0000	0.0000	0.0000	0.0000	0.0000	0.0802	0.0503	0.0299	0.0214	0.0207	0.0007	0.0588	0.0296	0.0292
73	118	0.0578	3	2	0	1	0	1	0	0	0	0	0	1	0	0	0	0	0	0	0	Y	N	N	N	N	N	N	N	N	N	N	N	N	N	N	N	N	N	1.0116	1.8327	0.0000	2.5787	2.5775	0.0000	0.0000	0.0000	0.0000	0.0295	0.0355	0.0000	0.1138	0.1146	0.0000	0.0000	0.0000	0.0000	0.0291	0.0194	0.0472	0.0441	0.0445	0.0249	0.0231	0.0001	0.0475	0.0000	1.3135	-0.0000	0.0000	1.6760	0.0004	12.1347	2.6029	0.0000	0.0000	0.0000	0.0000	0.0000	0.0000	0.0000	0.0000	0.0000	0.0019	0.0008	0.0011	0.0008	0.0008	0.0000	0.0011	0.0000	0.0011	0.0000	0.0000	0.0000	0.0000	0.0000	0.0000	0.0000	0.0000	0.0000	0.0662	0.0430	0.0232	0.0190	0.0187	0.0003	0.0472	0.0243	0.0229
73	121	0.0879	7	2	0	1	0	0	0	0	0	0	0	1	0	0	0	0	0	0	0	Y	N	N	N	N	N	N	N	N	N	N	N	N	N	N	N	N	N	0.0000	0.0000	0.0000	0.0000	0.0000	0.0000	0.0000	0.0000	0.0000	0.0000	0.0000	0.0000	0.0000	0.0000	0.0000	0.0000	0.0000	0.0000	0.3284	0.2526	0.4288	0.4025	0.4098	0.0091	0.2871	0.0000	0.4352		1.2822	0.0000	0.0002	1.6760	0.0000	12.1347	1.2022	0.0000	0.0000	0.0000	0.0000	0.0000	0.0000	0.0000	0.0000	0.0000	0.0134	0.0059	0.0075	0.0059	0.0059	0.0000	0.0075	0.0000	0.0075	0.0000	0.0000	0.0000	0.0000	0.0000	0.0000	0.0000	0.0000	0.0000	0.0407	0.0232	0.0175	0.0146	0.0143	0.0003	0.0261	0.0089	0.0173
73	122	0.0665	6	2	0	1	0	1	0	0	0	0	0	1	0	0	0	0	0	0	0	Y	N	N	N	N	N	N	N	N	N	N	N	N	N	N	N	N	N	2.3217	0.0000	4.4879	0.0000	0.0000	0.0000	2.8132	0.0000	4.4287	0.0623	0.0000	0.2587	0.0000	0.0000	0.0000	0.0934	0.0000	0.2601	0.0268	0.0015	0.0577	0.0038	0.0038	0.0029	0.0332	0.0001	0.0587	inf	31.1269	0.0000	0.0026	1.6760	0.0041	12.1347	12.5856	0.0000	0.0000	0.0000	0.0000	0.0000	0.0000	0.0000	0.0000	0.0000	0.0061	0.0002	0.0059	0.0002	0.0002	0.0000	0.0059	0.0000	0.0059	0.0001	0.0001	0.0000	0.0000	0.0000	0.0000	0.0001	0.0001	0.0000	0.2267	0.1244	0.1022	0.0490	0.0470	0.0020	0.1777	0.0774	0.1003
74	78	0.0913	13	2	0	1	0	1	0	1	0	1	1	1	1	0	0	0	0	0	0	Y	N	N	N	N	N	N	N	N	N	N	N	N	N	N	N	N	N	0.0000	0.0000	0.0000	0.0000	0.0000	0.0000	0.0000	0.0000	0.0000	0.0000	0.0000	0.0000	0.0000	0.0000	0.0000	0.0000	0.0000	0.0000	1.0125	0.0635	2.1928	0.1641	0.1612	0.2073	1.2702	0.0001	2.2618		27.7872	0.0000	0.1177	2.9965	0.0166	14.7438	12.2009	0.0000	0.0000	0.0000	0.0000	0.0000	0.0000	0.0000	0.0000	0.0000	0.2823	0.0098	0.2725	0.0107	0.0098	0.0009	0.2717	0.0000	0.2716	0.0009	0.0008	0.0001	0.0004	0.0004	0.0000	0.0005	0.0004	0.0001	0.2788	0.1546	0.1243	0.0650	0.0608	0.0042	0.2139	0.0938	0.1201
74	79	0.0770	12	2	0	1	0	2	0	1	0	1	0	1	0	0	0	0	0	0	0	Y	N	N	N	N	N	N	N	N	N	N	N	N	N	N	N	N	N	0.0000	0.0000	0.0000	0.0000	0.0000	0.0000	0.0000	0.0000	0.0000	0.0000	0.0000	0.0001	0.0000	0.0000	0.0000	0.0000	0.0000	0.0001	9.9905	0.0287	21.3960	0.0751	0.0691	0.1642	12.1506	0.0103	21.9256	inf	650.0572	0.0000	0.8609	2.9965	1.0285	14.7438	7.9781	0.0000	0.0000	0.0000	0.0000	0.0000	0.0000	0.0000	0.0000	0.0000	1.9123	0.0029	1.9094	0.0026	0.0022	0.0004	1.9098	0.0007	1.9090	0.0230	0.0200	0.0031	0.0013	0.0013	0.0000	0.0217	0.0187	0.0030	0.1914	0.1022	0.0892	0.0342	0.0321	0.0022	0.1572	0.0701	0.0871
74	84	0.0396	3	2	0	1	0	1	0	1	0	1	0	1	0	0	0	0	0	0	0	Y	N	N	N	N	N	N	N	N	N	N	N	N	N	N	N	N	N	0.0000	0.0000	0.0000	0.0260	0.0263	0.0000	0.0000	0.0000	0.0000	0.0002	0.0002	0.0000	0.0044	0.0045	0.0000	0.0000	0.0000	0.0000	4.0427	3.6865	4.4553	0.1693	0.1698	0.1494	5.1805	6.1670	4.5031	0.0000	1.0435	-0.0000	-0.0766	2.9965	2.9998	14.7438	15.4389	0.0000	0.0000	0.0000	0.0000	0.0000	0.0000	0.0000	0.0000	0.0000	2.0344	0.9956	1.0388	0.0193	0.0190	0.0004	2.0151	0.9766	1.0385	0.0650	0.0562	0.0088	0.0023	0.0022	0.0000	0.0628	0.0540	0.0088	0.5032	0.2701	0.2332	0.1143	0.1117	0.0026	0.3890	0.1584	0.2306
74	85	0.3999	4	1	0	1	0	1	0	1	0	2	0	2	0	0	0	0	0	0	0	N	N	N	N	Y	N	N	N	N	N	N	N	N	N	N	N	N	N	1.2440	1.3766	0.0577	0.0321	0.0253	0.2249	1.1772	1.1402	0.0504	1.6550	1.8962	0.0715	0.0331	0.0267	0.1981	1.8946	2.2076	0.0668	1.3305	1.3774	1.2398	1.0302	1.0535	0.8808	1.6094	1.9361	1.3238	0.0057	0.4664	-0.5808	-1.0786	2.9965	26.8363	14.7438	143.7566	1.0059	1.0001	0.0057	0.0026	0.0020	0.0006	1.0033	0.9981	0.0052	4.6857	3.1953	1.4904	1.7475	1.5467	0.2009	2.9381	1.6486	1.2895	0.6078	0.5275	0.0803	0.0782	0.0753	0.0029	0.5296	0.4521	0.0774	3.5219	2.3197	1.2021	1.6962	1.4682	0.2280	1.8256	0.8515	0.9741
74	88	0.0807	9	2	0	1	0	1	0	1	0	1	0	2	1	0	0	0	0	0	0	Y	N	N	N	Y	N	N	N	N	N	N	N	N	N	N	N	N	N	750.8478	1530.1604	0.0000	0.3086	0.3025	0.0000	847.6353	213365.5279	0.0000	43.8963	50.7896	0.0000	0.0210	0.0214	0.0000	46.3404	54.0239	0.0000	0.0585	0.0332	0.0922	0.0682	0.0709	0.0172	0.0547	0.0003	0.0948	0.0000	2.0789	-0.5825	0.0020	2.9965	1.0173	14.7438	8.6136	0.9989	0.9989	0.0000	0.0000	0.0000	0.0000	0.9989	0.9989	0.0000	0.0155	0.0050	0.0104	0.0051	0.0050	0.0001	0.0104	0.0000	0.0104	0.0228	0.0197	0.0031	0.0012	0.0012	0.0000	0.0216	0.0185	0.0031	0.2646	0.1514	0.1132	0.0744	0.0706	0.0038	0.1903	0.0808	0.1095
74	90	0.0807	9	2	0	1	0	1	0	1	0	1	0	2	1	0	0	0	0	0	0	Y	N	N	N	Y	N	N	N	N	N	N	N	N	N	N	N	N	N	0.0493	0.4357	0.0000	0.0982	0.0943	0.0000	0.0401	418.5287	0.0000	0.1706	0.1973	0.0000	0.0958	0.0976	0.0000	0.1743	0.2029	0.0000	3.4619	0.4529	7.3488	0.9751	1.0343	0.0244	4.3448	0.0005	7.6160	0.0000	12.5605	-0.0044	0.4522	2.9965	2.0138	14.7438	11.8132	0.0076	0.0076	0.0000	0.0002	0.0002	0.0000	0.0074	0.0074	0.0000	1.1963	0.0882	1.1081	0.0883	0.0882	0.0001	1.1080	0.0001	1.1080	0.0443	0.0383	0.0060	0.0021	0.0020	0.0000	0.0423	0.0363	0.0060	0.3456	0.1948	0.1508	0.0906	0.0852	0.0053	0.2550	0.1095	0.1455
74	91	0.0722	8	2	0	1	0	1	0	1	0	2	1	2	1	0	0	0	0	0	0	Y	N	N	N	Y	N	N	N	N	N	N	N	N	N	N	N	N	N	0.0055	0.2377	0.0000	0.0001	0.0001	0.0000	0.0043	7.6094	0.0000	0.0045	0.0052	0.0000	0.0000	0.0000	0.0000	0.0047	0.0054	0.0000	0.8125	0.0218	1.8578	0.0540	0.0485	0.1453	1.0883	0.0007	1.9197	0.0000	64.3591	-0.0001	0.0584	2.9965	1.9725	14.7438	4.2763	0.0002	0.0002	0.0000	0.0000	0.0000	0.0000	0.0002	0.0002	0.0000	0.1338	0.0020	0.1318	0.0024	0.0020	0.0004	0.1315	0.0000	0.1314	0.0435	0.0376	0.0059	0.0018	0.0018	0.0000	0.0417	0.0358	0.0059	0.1647	0.0938	0.0709	0.0439	0.0414	0.0025	0.1208	0.0523	0.0685
74	98	0.1022	9	2	0	1	1	1	0	1	1	1	0	2	1	0	0	0	0	0	0	Y	N	N	N	Y	N	N	N	N	N	N	N	N	N	N	N	N	N	0.0000	0.0000	0.0000	0.0000	0.0000	0.0000	0.0000	0.0000	0.0000	0.0000	0.0000	0.0000	0.0000	0.0000	0.0000	0.0000	0.0000	0.0000	0.0020	0.0036	0.0002	0.0087	0.0095	0.0000	0.0001	0.0000	0.0002		0.0369	0.0000	-0.0002	2.9965	2.9999	14.7438	3.9821	0.0000	0.0000	0.0000	0.0000	0.0000	0.0000	0.0000	0.0000	0.0000	0.0003	0.0003	0.0000	0.0003	0.0003	0.0000	0.0000	0.0000	0.0000	0.0651	0.0563	0.0088	0.0026	0.0025	0.0001	0.0625	0.0537	0.0088	0.1515	0.0814	0.0702	0.0332	0.0304	0.0028	0.1183	0.0509	0.0674
74	99	0.0991	8	2	0	1	0	1	0	1	0	1	0	2	1	0	0	0	0	0	0	Y	N	N	N	Y	N	N	N	N	N	N	N	N	N	N	N	N	N	13.4279	15.4342	0.0000	0.0000	0.0000	0.0000	30.2005	176667.5454	0.0000	0.0210	0.0238	0.0000	0.0000	0.0000	0.0000	0.0285	0.0325	0.0000	0.0016	0.0015	0.0016	0.0036	0.0039	0.0000	0.0009	0.0000	0.0017	0.0000	0.8608	-0.0000	-0.0000	2.9965	0.0003	14.7438	2.0601	0.0000	0.0000	0.0000	0.0000	0.0000	0.0000	0.0000	0.0000	0.0000	0.0001	0.0000	0.0000	0.0000	0.0000	0.0000	0.0000	0.0000	0.0000	0.0000	0.0000	0.0000	0.0000	0.0000	0.0000	0.0000	0.0000	0.0000	0.0478	0.0260	0.0218	0.0111	0.0102	0.0008	0.0367	0.0158	0.0210
74	100	0.0793	7	2	0	1	0	1	0	1	0	2	1	2	1	0	0	0	0	0	0	Y	N	N	N	Y	N	N	N	N	N	N	N	N	N	N	N	N	N	0.6130	9.9941	0.0000	0.1386	0.1316	0.0000	0.5105	1251.7736	0.0000	0.1131	0.1309	0.0000	0.0043	0.0043	0.0000	0.1172	0.1363	0.0000	0.1846	0.0131	0.3806	0.0307	0.0329	0.0004	0.2296	0.0001	0.3930	0.0000	25.4208	-0.0043	0.0218	2.9965	3.0014	14.7438	9.1620	0.0074	0.0074	0.0000	0.0000	0.0000	0.0000	0.0074	0.0074	0.0000	0.0526	0.0020	0.0506	0.0020	0.0020	0.0000	0.0506	0.0000	0.0506	0.0652	0.0563	0.0089	0.0023	0.0023	0.0000	0.0628	0.0540	0.0088	0.2851	0.1521	0.1331	0.0645	0.0603	0.0042	0.2206	0.0918	0.1289
74	101	0.0664	6	2	0	1	0	1	0	1	0	1	0	1	0	0	0	0	0	0	0	Y	N	N	N	N	N	N	N	N	N	N	N	N	N	N	N	N	N	0.0026	0.0964	0.0000	0.0006	0.0006	0.0000	0.0023	61.7665	0.0000	0.0249	0.0286	0.0000	0.0005	0.0005	0.0000	0.0267	0.0310	0.0000	9.5824	0.2968	19.8800	0.8296	0.9009	0.0224	11.6135	0.0005	20.5422	0.0000	60.3950	-0.0000	0.7107	2.9965	0.0077	14.7438	8.0757	0.0000	0.0000	0.0000	0.0000	0.0000	0.0000	0.0000	0.0000	0.0000	1.6322	0.0266	1.6056	0.0266	0.0266	0.0001	1.6056	0.0000	1.6056	0.0002	0.0002	0.0000	0.0000	0.0000	0.0000	0.0002	0.0001	0.0000	0.1703	0.0896	0.0808	0.0321	0.0295	0.0026	0.1383	0.0601	0.0782
74	102	0.0648	5	2	0	1	0	1	0	1	0	1	0	1	0	0	0	0	0	0	0	Y	N	N	N	N	N	N	N	N	N	N	N	N	N	N	N	N	N	0.0000	0.0000	0.0000	0.0000	0.0000	0.0000	0.0000	0.0000	0.0000	0.0000	0.0000	0.0000	0.0000	0.0000	0.0000	0.0000	0.0000	0.0000	0.0706	0.0010	0.1474	0.0030	0.0033	0.0001	0.0858	0.0000	0.1522		127.6759	0.0000	0.0007	2.9965	0.0011	14.7438	1.0060	0.0000	0.0000	0.0000	0.0000	0.0000	0.0000	0.0000	0.0000	0.0000	0.0015	0.0000	0.0015	0.0000	0.0000	0.0000	0.0015	0.0000	0.0015	0.0000	0.0000	0.0000	0.0000	0.0000	0.0000	0.0000	0.0000	0.0000	0.0214	0.0112	0.0102	0.0039	0.0036	0.0003	0.0175	0.0076	0.0098
74	113	0.0648	7	2	0	1	0	1	0	1	0	1	0	1	0	0	0	0	0	0	0	Y	N	N	N	N	N	N	N	N	N	N	N	N	N	N	N	N	N	0.0000	0.0000	0.0000	0.0000	0.0000	0.0000	0.0000	0.0000	0.0000	0.0000	0.0000	0.0000	0.0000	0.0000	0.0000	0.0000	0.0000	0.0000	0.0156	0.0153	0.0158	0.0428	0.0466	0.0009	0.0095	0.0006	0.0163		0.9403	0.0000	-0.0001	2.9965	0.0182	14.7438	4.6661	0.0000	0.0000	0.0000	0.0000	0.0000	0.0000	0.0000	0.0000	0.0000	0.0015	0.0008	0.0007	0.0008	0.0008	0.0000	0.0008	0.0000	0.0007	0.0004	0.0003	0.0001	0.0000	0.0000	0.0000	0.0004	0.0003	0.0001	0.0983	0.0516	0.0467	0.0180	0.0165	0.0015	0.0803	0.0351	0.0453
74	114	0.0648	6	2	0	1	0	1	0	1	0	1	0	1	0	0	0	0	0	0	0	Y	N	N	N	N	N	N	N	N	N	N	N	N	N	N	N	N	N	0.0000	0.0000	0.0000	0.0000	0.0000	0.0000	0.0000	0.0000	0.0000	0.0000	0.0000	0.0000	0.0000	0.0000	0.0000	0.0000	0.0000	0.0000	0.0663	0.0662	0.0666	0.1495	0.1539	0.0590	0.0370	0.0020	0.0668		0.7033	0.0000	-0.0000	2.9965	0.0004	14.7438	0.0007	0.0000	0.0000	0.0000	0.0000	0.0000	0.0000	0.0000	0.0000	0.0000	0.0000	0.0000	0.0000	0.0000	0.0000	0.0000	0.0000	0.0000	0.0000	0.0000	0.0000	0.0000	0.0000	0.0000	0.0000	0.0000	0.0000	0.0000	0.0000	0.0000	0.0000	0.0000	0.0000	0.0000	0.0000	0.0000	0.0000
74	115	0.0648	5	2	0	1	0	1	0	1	0	1	0	1	0	0	0	0	0	0	0	Y	N	N	N	N	N	N	N	N	N	N	N	N	N	N	N	N	N	0.0000	0.0000	0.0000	0.0000	0.0000	0.0000	0.0000	0.0000	0.0000	0.0000	0.0000	0.0000	0.0000	0.0000	0.0000	0.0000	0.0000	0.0000	0.0967	0.0538	0.1817	0.1054	0.1055	0.0987	0.0924	0.0039	0.1840		1.7052	0.0000	0.0000	2.9965	0.0004	14.7438	0.0002	0.0000	0.0000	0.0000	0.0000	0.0000	0.0000	0.0000	0.0000	0.0000	0.0000	0.0000	0.0000	0.0000	0.0000	0.0000	0.0000	0.0000	0.0000	0.0000	0.0000	0.0000	0.0000	0.0000	0.0000	0.0000	0.0000	0.0000	0.0000	0.0000	0.0000	0.0000	0.0000	0.0000	0.0000	0.0000	0.0000
74	116	0.0444	4	2	0	1	0	1	0	1	0	1	0	1	0	0	0	0	0	0	0	Y	N	N	N	N	N	N	N	N	N	N	N	N	N	N	N	N	N	0.0000	0.0000	0.0000	0.0000	0.0000	0.0000	0.0000	0.0000	0.0000	0.0000	0.0000	0.0000	0.0000	0.0000	0.0000	0.0000	0.0000	0.0000	1.0769	0.3857	1.9280	0.7877	0.7929	0.5633	1.1856	0.0041	1.9472		4.0592	0.0000	0.1127	2.9965	0.0012	14.7438	12.6705	0.0000	0.0000	0.0000	0.0000	0.0000	0.0000	0.0000	0.0000	0.0000	0.4437	0.0877	0.3560	0.0887	0.0872	0.0014	0.3551	0.0005	0.3546	0.0000	0.0000	0.0000	0.0000	0.0000	0.0000	0.0000	0.0000	0.0000	0.4120	0.2274	0.1847	0.1126	0.1100	0.0026	0.2995	0.1174	0.1821
74	117	0.0396	3	2	0	1	0	1	0	1	0	1	0	1	0	0	0	0	0	0	0	Y	N	N	N	N	N	N	N	N	N	N	N	N	N	N	N	N	N	0.0000	0.0000	0.0000	0.0000	0.0000	0.0000	0.0000	0.0000	0.0000	0.0000	0.0000	0.0000	0.0000	0.0000	0.0000	0.0000	0.0000	0.0000	4.6622	0.3316	10.2722	0.5085	0.5063	0.7846	7.0648	0.0153	10.3357		23.9167	0.0000	0.4040	2.9965	0.0012	14.7438	3.6220	0.0000	0.0000	0.0000	0.0000	0.0000	0.0000	0.0000	0.0000	0.0000	0.9816	0.0394	0.9422	0.0392	0.0388	0.0005	0.9424	0.0006	0.9417	0.0000	0.0000	0.0000	0.0000	0.0000	0.0000	0.0000	0.0000	0.0000	0.2105	0.1188	0.0917	0.0772	0.0765	0.0006	0.1334	0.0423	0.0911
74	118	0.0361	2	2	0	1	0	2	0	1	0	1	0	1	0	0	0	0	0	0	0	Y	N	N	N	N	N	N	N	N	N	N	N	N	N	N	N	N	N	6.2626	8.4824	0.0015	10.7401	10.7810	0.0000	0.0012	0.0000	0.0015	4.1975	6.3333	0.0009	11.3395	11.4025	0.0000	0.0005	0.0000	0.0009	0.6702	0.7466	0.5713	1.0558	1.0576	0.4219	0.4154	0.0099	0.5717	0.0001	0.5909	-0.0001	-0.0243	2.9965	0.0004	14.7438	2.6029	0.0001	0.0001	0.0000	0.0001	0.0001	0.0000	0.0000	0.0000	0.0000	0.1375	0.0864	0.0511	0.0862	0.0861	0.0001	0.0513	0.0003	0.0510	0.0000	0.0000	0.0000	0.0000	0.0000	0.0000	0.0000	0.0000	0.0000	0.2051	0.1157	0.0894	0.0816	0.0814	0.0002	0.1235	0.0344	0.0891
74	121	0.0662	6	2	0	1	0	1	0	1	0	1	0	1	0	0	0	0	0	0	0	Y	N	N	N	N	N	N	N	N	N	N	N	N	N	N	N	N	N	0.0000	0.0000	0.0000	0.0000	0.0000	0.0000	0.0000	0.0000	0.0000	0.0000	0.0000	0.0000	0.0000	0.0000	0.0000	0.0000	0.0000	0.0000	0.0649	0.0608	0.0702	0.0966	0.0969	0.0680	0.0473	0.0019	0.0702		0.8756	0.0000	-0.0003	2.9965	0.0000	14.7438	1.2022	0.0000	0.0000	0.0000	0.0000	0.0000	0.0000	0.0000	0.0000	0.0000	0.0038	0.0020	0.0018	0.0020	0.0020	0.0000	0.0018	0.0000	0.0018	0.0000	0.0000	0.0000	0.0000	0.0000	0.0000	0.0000	0.0000	0.0000	0.0591	0.0336	0.0255	0.0211	0.0209	0.0002	0.0380	0.0128	0.0253
74	122	0.0449	5	2	0	1	0	2	0	1	0	1	0	1	0	0	0	0	0	0	0	Y	N	N	N	N	N	N	N	N	N	N	N	N	N	N	N	N	N	312.5502	0.0052	1713.3100	0.0041	0.0041	0.0000	1500.2717	0.0000	1849.2250	14.3806	0.0003	47.6789	0.0006	0.0006	0.0000	22.1799	0.0000	47.7028	0.0460	0.0605	0.0278	0.1536	0.1526	0.1950	0.0148	0.0004	0.0258	65730.5741	0.3670	0.0017	-0.0043	2.9965	0.0041	14.7438	12.5856	0.0041	0.0000	0.0041	0.0000	0.0000	0.0000	0.0041	0.0000	0.0041	0.0155	0.0113	0.0042	0.0116	0.0113	0.0004	0.0039	0.0000	0.0038	0.0003	0.0002	0.0001	0.0001	0.0001	0.0000	0.0002	0.0001	0.0001	0.3371	0.1875	0.1496	0.0759	0.0741	0.0018	0.2613	0.1134	0.1478
75	78	0.1095	20	2	0	1	0	0	0	0	0	0	1	0	1	0	0	0	0	0	0	Y	N	N	N	N	N	N	N	N	N	N	N	N	N	N	N	N	N	357.6797	205.7969	0.0000	122.3396	113.5623	0.0000	1081246920.8048	inf	0.0000	43.8549	47.6832	0.0000	71.7344	74.8650	0.0000	22.2015	24.9502	0.0000	0.1226	0.2317	0.0000	0.5864	0.6592	0.0000	0.0000	0.0000	0.0000	0.0000	0.0000	-0.0076	-0.0075	1.0006	0.0166	8.0096	12.2009	0.0129	0.0129	0.0000	0.0093	0.0093	0.0000	0.0037	0.0037	0.0000	0.0136	0.0136	0.0000	0.0136	0.0136	0.0000	0.0000	0.0000	0.0000	0.0003	0.0003	0.0000	0.0001	0.0001	0.0000	0.0002	0.0001	0.0000	0.1108	0.0587	0.0522	0.0232	0.0206	0.0026	0.0877	0.0380	0.0496
75	79	0.0952	19	2	0	1	0	1	0	0	0	0	0	0	0	0	0	0	0	0	0	Y	N	N	N	N	N	N	N	N	N	N	N	N	N	N	N	N	N	23.5844	1887.0889	11.1414	14425.2670	10866.2565	inf	4.9062	3380.7152	0.0809	4.2581	4.2977	4.0100	95.6225	83.9853	302.3689	1.0392	1.2044	0.0305	0.1805	0.0023	0.3599	0.0066	0.0077	0.0000	0.2118	0.0004	0.3763	0.1491	157.0634	-0.0142	0.0061	1.0006	1.0285	8.0096	7.9781	0.0314	0.0273	0.0041	0.0240	0.0200	0.0040	0.0074	0.0074	0.0000	0.0137	0.0001	0.0136	0.0001	0.0001	0.0000	0.0136	0.0000	0.0136	0.0074	0.0064	0.0010	0.0003	0.0002	0.0000	0.0071	0.0061	0.0010	0.0757	0.0380	0.0377	0.0115	0.0099	0.0016	0.0641	0.0281	0.0361
75	84	0.0508	8	2	0	1	0	0	0	0	0	0	0	0	0	0	0	0	0	0	0	Y	N	N	N	N	N	N	N	N	N	N	N	N	N	N	N	N	N	0.0000	0.0000	0.0000	0.0000	0.0000	0.0000	0.0000	0.0000	0.0000	0.0000	0.0000	0.0000	0.0000	0.0000	0.0000	0.0000	0.0000	0.0000	5.8312	0.0012	11.6989	0.0048	0.0053	0.0000	6.6357	0.0000	11.9728		9962.0857	0.0000	0.4499	1.0006	2.9998	8.0096	15.4389	0.0000	0.0000	0.0000	0.0000	0.0000	0.0000	0.0000	0.0000	0.0000	0.9961	0.0001	0.9960	0.0001	0.0001	0.0000	0.9960	0.0000	0.9960	0.0208	0.0179	0.0029	0.0001	0.0001	0.0000	0.0207	0.0178	0.0029	0.1708	0.0857	0.0851	0.0207	0.0188	0.0019	0.1501	0.0669	0.0832
75	88	0.0415	6	2	0	1	0	0	0	0	0	0	0	1	1	0	0	0	0	0	0	Y	N	N	N	N	N	N	N	N	N	N	N	N	N	N	N	N	N	0.0000	0.0005	0.0000	0.0051	0.0051	0.0000	0.0000	0.0000	0.0000	0.0002	0.0000	0.0008	0.0016	0.0017	0.0000	0.0001	0.0000	0.0008	8.8802	0.1027	18.6488	0.3171	0.3268	0.0000	10.6421	0.0000	18.8516	2.8682	163.1362	0.0000	0.4390	1.0006	1.0173	8.0096	8.6136	0.0000	0.0000	0.0000	0.0000	0.0000	0.0000	0.0000	0.0000	0.0000	0.9851	0.0060	0.9791	0.0060	0.0060	0.0000	0.9791	0.0000	0.9791	0.0073	0.0063	0.0010	0.0002	0.0002	0.0000	0.0071	0.0061	0.0010	0.1109	0.0584	0.0525	0.0189	0.0184	0.0006	0.0920	0.0401	0.0519
75	90	0.0415	6	2	0	1	0	0	0	0	0	0	0	1	1	0	0	0	0	0	0	Y	N	N	N	N	N	N	N	N	N	N	N	N	N	N	N	N	N	0.0000	0.0001	0.0000	0.0016	0.0016	0.0000	0.0000	0.0000	0.0000	0.0000	0.0000	0.0000	0.0011	0.0011	0.0000	0.0000	0.0000	0.0000	6.9378	0.1951	13.9966	0.7010	0.7293	0.0000	7.9728	0.0000	14.1564	0.0000	68.5317	-0.0000	0.4396	1.0006	2.0138	8.0096	11.8132	0.0000	0.0000	0.0000	0.0000	0.0000	0.0000	0.0000	0.0000	0.0000	1.0052	0.0145	0.9908	0.0145	0.0145	0.0000	0.9908	0.0000	0.9908	0.0142	0.0122	0.0020	0.0003	0.0003	0.0000	0.0139	0.0119	0.0020	0.1449	0.0741	0.0708	0.0206	0.0198	0.0008	0.1243	0.0543	0.0700
75	91	0.0330	5	2	0	1	0	0	0	0	0	1	1	1	1	0	0	0	0	0	0	Y	N	N	N	N	N	N	N	N	N	N	N	N	N	N	N	N	N	0.0002	0.0029	0.0003	0.0542	0.0542	0.0000	0.0001	0.0000	0.0003	0.0001	0.0000	0.0002	0.0022	0.0023	0.0000	0.0000	0.0000	0.0002	0.2900	0.0121	0.5943	0.0414	0.0426	0.0001	0.3348	0.0000	0.5998	0.7122	44.9323	-0.0000	0.0089	1.0006	1.9725	8.0096	4.2763	0.0000	0.0000	0.0000	0.0000	0.0000	0.0000	0.0000	0.0000	0.0000	0.0208	0.0005	0.0204	0.0005	0.0005	0.0000	0.0204	0.0000	0.0204	0.0139	0.0120	0.0020	0.0002	0.0002	0.0000	0.0137	0.0118	0.0020	0.0718	0.0375	0.0343	0.0110	0.0106	0.0003	0.0608	0.0269	0.0339
75	98	0.0630	10	2	0	1	1	0	0	0	1	0	0	1	1	0	0	0	0	0	0	Y	N	N	N	N	N	N	N	N	N	N	N	N	N	N	N	N	N	0.0000	0.0000	0.0000	0.0000	0.0000	0.0000	0.0000	0.0000	0.0000	0.0000	0.0000	0.0000	0.0000	0.0000	0.0000	0.0000	0.0000	0.0000	0.0000	0.0000	0.0000	0.0000	0.0000	0.0000	0.0000	0.0000	0.0000		inf	0.0000	0.0000	1.0006	2.9999	8.0096	3.9821	0.0000	0.0000	0.0000	0.0000	0.0000	0.0000	0.0000	0.0000	0.0000	0.0000	0.0000	0.0000	0.0000	0.0000	0.0000	0.0000	0.0000	0.0000	0.0208	0.0179	0.0029	0.0003	0.0002	0.0000	0.0206	0.0177	0.0029	0.0625	0.0302	0.0323	0.0062	0.0054	0.0008	0.0563	0.0248	0.0315
75	99	0.0599	9	2	0	1	0	0	0	0	0	0	0	1	1	0	0	0	0	0	0	Y	N	N	N	N	N	N	N	N	N	N	N	N	N	N	N	N	N	0.0000	0.0000	0.0000	0.0000	0.0000	0.0000	0.0000	0.0000	0.0000	0.0000	0.0000	0.0000	0.0000	0.0000	0.0000	0.0000	0.0000	0.0000	0.0205	0.0010	0.0396	0.0042	0.0047	0.0000	0.0228	0.0000	0.0406		38.9564	0.0000	0.0002	1.0006	0.0003	8.0096	2.0601	0.0000	0.0000	0.0000	0.0000	0.0000	0.0000	0.0000	0.0000	0.0000	0.0004	0.0000	0.0004	0.0000	0.0000	0.0000	0.0004	0.0000	0.0004	0.0000	0.0000	0.0000	0.0000	0.0000	0.0000	0.0000	0.0000	0.0000	0.0200	0.0099	0.0101	0.0024	0.0022	0.0002	0.0175	0.0077	0.0098
75	100	0.0401	8	2	0	1	0	0	0	0	0	1	1	1	1	0	0	0	0	0	0	Y	N	N	N	N	N	N	N	N	N	N	N	N	N	N	N	N	N	0.0000	0.0000	0.0000	0.0000	0.0000	0.0000	0.0000	0.0000	0.0000	0.0000	0.0000	0.0000	0.0000	0.0000	0.0000	0.0000	0.0000	0.0000	17.5286	0.2496	33.5158	1.2558	1.3932	0.0450	19.2538	0.0000	34.1571		145.1542	0.0000	0.8876	1.0006	3.0014	8.0096	9.1620	0.0000	0.0000	0.0000	0.0000	0.0000	0.0000	0.0000	0.0000	0.0000	1.9951	0.0137	1.9814	0.0137	0.0137	0.0000	1.9814	0.0000	1.9814	0.0208	0.0179	0.0029	0.0001	0.0001	0.0000	0.0207	0.0178	0.0029	0.1138	0.0547	0.0591	0.0109	0.0098	0.0011	0.1029	0.0449	0.0580
75	101	0.0272	7	2	0	1	0	0	0	0	0	0	0	0	0	0	0	0	0	0	0	Y	N	N	N	N	N	N	N	N	N	N	N	N	N	N	N	N	N	0.0007	0.0779	0.0000	0.4729	0.4498	0.0000	0.0000	0.0000	0.0000	0.0003	0.0003	0.0000	0.0064	0.0064	0.0000	0.0000	0.0000	0.0000	0.4029	0.0043	0.7350	0.0135	0.0143	0.0000	0.4111	0.0039	0.7366	0.0000	203.7658	-0.0000	0.0128	1.0006	0.0077	8.0096	8.0757	0.0000	0.0000	0.0000	0.0000	0.0000	0.0000	0.0000	0.0000	0.0000	0.0286	0.0001	0.0284	0.0000	0.0000	0.0000	0.0285	0.0001	0.0284	0.0001	0.0001	0.0000	0.0000	0.0000	0.0000	0.0001	0.0000	0.0000	0.0709	0.0322	0.0387	0.0015	0.0014	0.0001	0.0694	0.0308	0.0386
75	102	0.0256	6	2	0	1	0	0	0	0	0	0	0	0	0	0	0	0	0	0	0	Y	N	N	N	N	N	N	N	N	N	N	N	N	N	N	N	N	N	1.9025	inf	3.5750	inf	inf	0.0000	0.8874	0.0000	3.5788	0.0042	0.0028	0.0145	0.0251	0.0252	0.0000	0.0020	0.0000	0.0145	0.0022	0.0000	0.0041	0.0000	0.0000	0.0000	0.0023	0.0000	0.0041	0.7500	inf	-0.0000	0.0000	1.0006	0.0011	8.0096	1.0060	0.0000	0.0000	0.0000	0.0000	0.0000	0.0000	0.0000	0.0000	0.0000	0.0000	0.0000	0.0000	0.0000	0.0000	0.0000	0.0000	0.0000	0.0000	0.0000	0.0000	0.0000	0.0000	0.0000	0.0000	0.0000	0.0000	0.0000	0.0090	0.0041	0.0049	0.0001	0.0001	0.0000	0.0088	0.0039	0.0049
75	113	0.0256	4	2	0	1	0	0	0	0	0	0	0	0	0	0	0	0	0	0	0	Y	N	N	N	N	N	N	N	N	N	N	N	N	N	N	N	N	N	0.3175	7.4045	1.1827	18.3665	18.0594	0.0000	0.3002	0.0000	1.1842	0.0034	0.0002	0.0230	0.0141	0.0145	0.0000	0.0033	0.0000	0.0231	0.0107	0.0000	0.0194	0.0008	0.0008	0.0000	0.0108	0.0000	0.0195	18.2624	854.2295	0.0000	0.0002	1.0006	0.0182	8.0096	4.6661	0.0000	0.0000	0.0000	0.0000	0.0000	0.0000	0.0000	0.0000	0.0000	0.0004	0.0000	0.0004	0.0000	0.0000	0.0000	0.0004	0.0000	0.0004	0.0001	0.0001	0.0000	0.0000	0.0000	0.0000	0.0001	0.0001	0.0000	0.0412	0.0186	0.0226	0.0007	0.0006	0.0000	0.0406	0.0180	0.0226
75	121	0.0844	13	2	0	1	0	0	0	0	0	0	0	0	0	0	0	0	0	0	0	Y	N	N	N	N	N	N	N	N	N	N	N	N	N	N	N	N	N	0.0000	0.0000	0.0000	0.0000	0.0000	0.0000	0.0000	0.0000	0.0000	0.0000	0.0000	0.0000	0.0000	0.0000	0.0000	0.0000	0.0000	0.0000	0.5644	0.4559	0.7055	0.6770	0.7000	0.0001	0.5031	0.0845	0.7248		1.1899	0.0000	-0.0001	1.0006	0.0000	8.0096	1.2022	0.0000	0.0000	0.0000	0.0000	0.0000	0.0000	0.0000	0.0000	0.0000	0.0140	0.0064	0.0076	0.0059	0.0059	0.0000	0.0081	0.0005	0.0076	0.0000	0.0000	0.0000	0.0000	0.0000	0.0000	0.0000	0.0000	0.0000	0.0247	0.0140	0.0107	0.0087	0.0084	0.0003	0.0160	0.0055	0.0105
75	122	0.0631	12	2	0	1	0	1	0	0	0	0	0	0	0	0	0	0	0	0	0	Y	N	N	N	N	N	N	N	N	N	N	N	N	N	N	N	N	N	0.0000	0.0000	0.0000	0.0000	0.0000	0.0000	0.0000	0.0000	0.0000	0.0000	0.0000	0.0000	0.0000	0.0000	0.0000	0.0000	0.0000	0.0000	7.5333	13.8002	0.0960	0.4387	0.4799	0.0000	9.3082	20.5721	0.0997		0.0059	0.0000	-0.5498	1.0006	0.0041	8.0096	12.5856	0.0000	0.0000	0.0000	0.0000	0.0000	0.0000	0.0000	0.0000	0.0000	1.0136	1.0077	0.0059	0.0118	0.0118	0.0000	1.0017	0.9958	0.0059	0.0001	0.0000	0.0000	0.0000	0.0000	0.0000	0.0000	0.0000	0.0000	0.1345	0.0730	0.0615	0.0269	0.0246	0.0023	0.1076	0.0484	0.0592
76	78	0.0950	19	2	0	1	0	0	0	0	0	0	1	0	1	0	0	0	0	0	0	Y	N	N	N	N	N	N	N	N	N	N	N	N	N	N	N	N	N	0.4466	0.2921	0.0000	0.2103	0.2038	0.0000	2.1438	inf	0.0000	0.0009	0.0010	0.0000	0.0015	0.0015	0.0000	0.0004	0.0005	0.0000	0.0020	0.0033	0.0003	0.0069	0.0074	0.0000	0.0002	0.0000	0.0004	0.0000	0.0837	-0.0000	-0.0000	0.9962	0.0166	0.5464	12.2009	0.0000	0.0000	0.0000	0.0000	0.0000	0.0000	0.0000	0.0000	0.0000	0.0000	0.0000	0.0000	0.0000	0.0000	0.0000	0.0000	0.0000	0.0000	0.0003	0.0003	0.0000	0.0001	0.0001	0.0000	0.0002	0.0001	0.0000	0.0242	0.0135	0.0108	0.0064	0.0059	0.0004	0.0178	0.0075	0.0103
76	79	0.0807	18	2	0	1	0	1	0	0	0	0	0	0	0	0	0	0	0	0	0	Y	N	N	N	N	N	N	N	N	N	N	N	N	N	N	N	N	N	0.0011	0.0006	0.0078	0.0064	0.0051	inf	0.0034	2.8197	0.0000	0.0001	0.0001	0.0001	0.0022	0.0019	0.0078	0.0000	0.0000	0.0000	0.0807	0.1419	0.0103	0.3438	0.3728	0.0000	0.0062	0.0000	0.0107	0.1491	0.0631	-0.0000	-0.0007	0.9962	1.0285	0.5464	7.9781	0.0000	0.0000	0.0000	0.0000	0.0000	0.0000	0.0000	0.0000	0.0000	0.0013	0.0013	0.0001	0.0013	0.0013	0.0000	0.0001	0.0000	0.0001	0.0073	0.0063	0.0010	0.0002	0.0002	0.0000	0.0071	0.0061	0.0010	0.0167	0.0089	0.0078	0.0037	0.0034	0.0003	0.0130	0.0055	0.0075
76	84	0.0364	7	2	0	1	0	0	0	0	0	0	0	0	0	0	0	0	0	0	0	Y	N	N	N	N	N	N	N	N	N	N	N	N	N	N	N	N	N	0.0000	0.0000	0.0000	0.0000	0.0000	0.0000	0.0000	0.0000	0.0000	0.0000	0.0000	0.0000	0.0000	0.0000	0.0000	0.0000	0.0000	0.0000	0.2182	0.0096	0.4554	0.0284	0.0284	0.0295	0.2626	0.0000	0.4640		41.5624	0.0000	0.0034	0.9962	2.9998	0.5464	15.4389	0.0000	0.0000	0.0000	0.0000	0.0000	0.0000	0.0000	0.0000	0.0000	0.0081	0.0002	0.0079	0.0002	0.0002	0.0000	0.0079	0.0000	0.0079	0.0207	0.0178	0.0029	0.0000	0.0000	0.0000	0.0206	0.0177	0.0029	0.0369	0.0196	0.0173	0.0070	0.0067	0.0003	0.0299	0.0130	0.0169
76	88	0.0271	5	2	0	1	0	0	0	0	0	0	0	1	1	0	0	0	0	0	0	Y	N	N	N	N	N	N	N	N	N	N	N	N	N	N	N	N	N	12.3342	4.0434	59.1342	66.8648	66.5670	0.0000	14.6685	0.0000	58.7134	0.2760	0.0830	1.4557	3.4132	3.4648	0.0000	0.2090	0.0000	1.4590	0.0224	0.0205	0.0246	0.0510	0.0520	0.0006	0.0142	0.0000	0.0248	2.8682	0.9852	0.0003	-0.0000	0.9962	1.0173	0.5464	8.6136	0.0020	0.0005	0.0015	0.0005	0.0005	0.0000	0.0015	0.0000	0.0015	0.0005	0.0003	0.0003	0.0003	0.0003	0.0000	0.0003	0.0000	0.0003	0.0072	0.0062	0.0010	0.0002	0.0001	0.0000	0.0071	0.0061	0.0010	0.0232	0.0127	0.0104	0.0051	0.0050	0.0001	0.0180	0.0077	0.0103
76	90	0.0271	5	2	0	1	0	0	0	0	0	0	0	1	1	0	0	0	0	0	0	Y	N	N	N	N	N	N	N	N	N	N	N	N	N	N	N	N	N	0.3258	4.3361	0.0000	94.3398	94.2594	0.0000	0.0000	0.0000	0.0000	0.0367	0.0427	0.0000	2.4843	2.5385	0.0000	0.0000	0.0000	0.0000	0.1126	0.0098	0.2322	0.0263	0.0269	0.0008	0.1343	0.0000	0.2346	0.0000	20.2746	-0.0003	0.0014	0.9962	2.0138	0.5464	11.8132	0.0005	0.0005	0.0000	0.0005	0.0005	0.0000	0.0000	0.0000	0.0000	0.0035	0.0002	0.0033	0.0002	0.0002	0.0000	0.0033	0.0000	0.0033	0.0141	0.0121	0.0020	0.0002	0.0002	0.0000	0.0139	0.0119	0.0020	0.0307	0.0165	0.0142	0.0062	0.0060	0.0001	0.0245	0.0105	0.0140
76	91	0.0186	4	2	0	1	0	0	0	0	0	1	1	1	1	0	0	0	0	0	0	Y	N	N	N	N	N	N	N	N	N	N	N	N	N	N	N	N	N	27.3952	112.5742	40.3503	2967.3658	4092.8617	0.0000	10.3875	0.0000	41.6074	0.0898	0.0611	0.2649	5.7194	5.7232	0.0000	0.0377	0.0000	0.2649	0.0033	0.0005	0.0066	0.0019	0.0014	0.0296	0.0036	0.0000	0.0064	0.7122	10.0744	-0.0002	0.0000	0.9962	1.9725	0.5464	4.2763	0.0012	0.0007	0.0005	0.0007	0.0007	0.0000	0.0005	0.0000	0.0005	0.0000	0.0000	0.0000	0.0000	0.0000	0.0000	0.0000	0.0000	0.0000	0.0139	0.0119	0.0020	0.0001	0.0001	0.0000	0.0137	0.0118	0.0020	0.0150	0.0082	0.0068	0.0031	0.0030	0.0001	0.0119	0.0052	0.0068
76	98	0.0486	9	2	0	1	1	0	0	0	1	0	0	1	1	0	0	0	0	0	0	Y	N	N	N	N	N	N	N	N	N	N	N	N	N	N	N	N	N	0.0000	0.0000	0.0000	0.0000	0.0000	0.0000	0.0000	0.0000	0.0000	0.0000	0.0000	0.0000	0.0000	0.0000	0.0000	0.0000	0.0000	0.0000	0.0000	0.0000	0.0000	0.0001	0.0001	0.0000	0.0000	0.0000	0.0000		0.0000	0.0000	-0.0000	0.9962	2.9999	0.5464	3.9821	0.0000	0.0000	0.0000	0.0000	0.0000	0.0000	0.0000	0.0000	0.0000	0.0000	0.0000	0.0000	0.0000	0.0000	0.0000	0.0000	0.0000	0.0000	0.0207	0.0178	0.0029	0.0002	0.0002	0.0000	0.0205	0.0177	0.0029	0.0136	0.0071	0.0066	0.0024	0.0022	0.0001	0.0113	0.0048	0.0064
76	99	0.0455	8	2	0	1	0	0	0	0	0	0	0	1	1	0	0	0	0	0	0	Y	N	N	N	N	N	N	N	N	N	N	N	N	N	N	N	N	N	0.0000	0.0000	0.0000	0.0000	0.0000	0.0000	0.0000	0.0000	0.0000	0.0000	0.0000	0.0000	0.0000	0.0000	0.0000	0.0000	0.0000	0.0000	0.0004	0.0000	0.0007	0.0001	0.0001	0.0000	0.0004	0.0000	0.0008		15.4623	0.0000	0.0000	0.9962	0.0003	0.5464	2.0601	0.0000	0.0000	0.0000	0.0000	0.0000	0.0000	0.0000	0.0000	0.0000	0.0000	0.0000	0.0000	0.0000	0.0000	0.0000	0.0000	0.0000	0.0000	0.0000	0.0000	0.0000	0.0000	0.0000	0.0000	0.0000	0.0000	0.0000	0.0043	0.0023	0.0020	0.0008	0.0008	0.0000	0.0035	0.0015	0.0020
76	100	0.0256	7	2	0	1	0	0	0	0	0	1	1	1	1	0	0	0	0	0	0	Y	N	N	N	N	N	N	N	N	N	N	N	N	N	N	N	N	N	0.0003	0.0000	0.0012	0.0000	0.0000	0.0000	0.0003	0.0000	0.0012	0.0000	0.0000	0.0003	0.0000	0.0000	0.0000	0.0000	0.0000	0.0003	0.1433	0.0159	0.2788	0.0487	0.0511	0.0001	0.1625	0.0000	0.2834	inf	16.4635	0.0000	0.0014	0.9962	3.0014	0.5464	9.1620	0.0000	0.0000	0.0000	0.0000	0.0000	0.0000	0.0000	0.0000	0.0000	0.0035	0.0002	0.0033	0.0002	0.0002	0.0000	0.0033	0.0000	0.0033	0.0207	0.0178	0.0029	0.0001	0.0001	0.0000	0.0207	0.0178	0.0029	0.0246	0.0127	0.0119	0.0041	0.0039	0.0002	0.0204	0.0087	0.0117
76	101	0.0128	6	2	0	1	0	0	0	0	0	0	0	0	0	0	0	0	0	0	0	Y	N	N	N	N	N	N	N	N	N	N	N	N	N	N	N	N	N	92.8324	1128.2987	0.0000	5790.9464	5749.5685	0.0000	0.0000	0.0000	0.0000	0.5317	0.6158	0.0000	12.9626	12.9628	0.0000	0.0000	0.0000	0.0000	0.0057	0.0005	0.0108	0.0022	0.0023	0.0003	0.0062	0.0000	0.0109	0.0000	20.1371	-0.0000	0.0000	0.9962	0.0077	0.5464	8.0757	0.0000	0.0000	0.0000	0.0000	0.0000	0.0000	0.0000	0.0000	0.0000	0.0001	0.0000	0.0001	0.0000	0.0000	0.0000	0.0001	0.0000	0.0001	0.0001	0.0001	0.0000	0.0000	0.0000	0.0000	0.0001	0.0000	0.0000	0.0155	0.0077	0.0078	0.0018	0.0017	0.0000	0.0138	0.0060	0.0078
76	102	0.0112	5	2	0	1	0	0	0	0	0	0	0	0	0	0	0	0	0	0	0	Y	N	N	N	N	N	N	N	N	N	N	N	N	N	N	N	N	N	92223.6208	51816.2402	323673.7165	114256.5991	113524.2260	0.0000	94265.0270	0.0000	323297.0591	7.5627	5.0933	21.3888	50.4934	50.4936	0.0000	3.5445	0.0000	21.3889	0.0001	0.0001	0.0001	0.0004	0.0004	0.0000	0.0000	0.0000	0.0001	0.7500	0.6879	-0.0000	-0.0000	0.9962	0.0011	0.5464	1.0060	0.0001	0.0000	0.0000	0.0000	0.0000	0.0000	0.0000	0.0000	0.0000	0.0000	0.0000	0.0000	0.0000	0.0000	0.0000	0.0000	0.0000	0.0000	0.0000	0.0000	0.0000	0.0000	0.0000	0.0000	0.0000	0.0000	0.0000	0.0020	0.0010	0.0010	0.0002	0.0002	0.0000	0.0017	0.0008	0.0010
76	113	0.0112	3	2	0	1	0	0	0	0	0	0	0	0	0	0	0	0	0	0	0	Y	N	N	N	N	N	N	N	N	N	N	N	N	N	N	N	N	N	1214.6163	38.1586	85612.8032	16231.7604	16144.5271	0.0000	1092.7594	0.0000	85511.6663	5.9572	0.3603	39.8827	39.6150	39.6179	0.0000	5.6923	0.0000	39.8829	0.0049	0.0094	0.0005	0.0024	0.0025	0.0000	0.0052	0.0114	0.0005	18.2618	0.0504	0.0003	-0.0000	0.9962	0.0182	0.5464	4.6661	0.0008	0.0000	0.0007	0.0000	0.0000	0.0000	0.0007	0.0000	0.0007	0.0000	0.0000	0.0000	0.0000	0.0000	0.0000	0.0000	0.0000	0.0000	0.0001	0.0001	0.0000	0.0000	0.0000	0.0000	0.0001	0.0001	0.0000	0.0090	0.0045	0.0046	0.0010	0.0010	0.0000	0.0081	0.0035	0.0046
76	121	0.0700	12	2	0	1	0	0	0	0	0	0	0	0	0	0	0	0	0	0	0	Y	N	N	N	N	N	N	N	N	N	N	N	N	N	N	N	N	N	0.0000	0.0000	0.0000	0.0000	0.0000	0.0000	0.0000	0.0000	0.0000	0.0000	0.0000	0.0000	0.0000	0.0000	0.0000	0.0000	0.0000	0.0000	0.2329	0.0696	0.4211	0.0845	0.0854	0.0013	0.3480	0.0039	0.4257		5.2455	0.0000	0.0007	0.9962	0.0000	0.5464	1.2022	0.0000	0.0000	0.0000	0.0000	0.0000	0.0000	0.0000	0.0000	0.0000	0.0024	0.0004	0.0020	0.0004	0.0004	0.0000	0.0020	0.0000	0.0020	0.0000	0.0000	0.0000	0.0000	0.0000	0.0000	0.0000	0.0000	0.0000	0.0102	0.0055	0.0047	0.0045	0.0044	0.0001	0.0057	0.0011	0.0047
76	122	0.0486	11	2	0	1	0	1	0	0	0	0	0	0	0	0	0	0	0	0	0	Y	N	N	N	N	N	N	N	N	N	N	N	N	N	N	N	N	N	0.0000	0.0000	0.0000	0.0000	0.0000	0.0000	0.0000	0.0000	0.0000	0.0000	0.0000	0.0000	0.0000	0.0000	0.0000	0.0000	0.0000	0.0000	0.6780	0.2298	1.2564	0.0652	0.0691	0.0000	0.8806	0.3441	1.2988		4.2368	0.0000	0.0050	0.9962	0.0041	0.5464	12.5856	0.0000	0.0000	0.0000	0.0000	0.0000	0.0000	0.0000	0.0000	0.0000	0.0193	0.0037	0.0156	0.0005	0.0005	0.0000	0.0188	0.0032	0.0156	0.0001	0.0000	0.0000	0.0000	0.0000	0.0000	0.0000	0.0000	0.0000	0.0284	0.0160	0.0124	0.0071	0.0067	0.0004	0.0214	0.0094	0.0120
77	78	0.0927	18	2	0	1	0	0	0	0	0	0	1	0	1	0	0	0	0	0	0	Y	N	N	N	N	N	N	N	N	N	N	N	N	N	N	N	N	N	0.0000	0.0000	0.0000	0.0000	0.0000	0.0000	0.0000	0.0000	0.0000	0.0000	0.0000	0.0000	0.0000	0.0000	0.0000	0.0000	0.0000	0.0000	0.0013	0.0006	0.0020	0.0021	0.0017	0.0060	0.0010	0.0000	0.0018		2.8304	0.0000	0.0000	0.0041	0.0166	4.4918	12.2009	0.0000	0.0000	0.0000	0.0000	0.0000	0.0000	0.0000	0.0000	0.0000	0.0001	0.0000	0.0001	0.0000	0.0000	0.0000	0.0000	0.0000	0.0000	0.0000	0.0000	0.0000	0.0000	0.0000	0.0000	0.0000	0.0000	0.0000	0.0611	0.0325	0.0286	0.0133	0.0120	0.0013	0.0478	0.0204	0.0273
77	79	0.0784	17	2	0	1	0	1	0	0	0	0	0	0	0	0	0	0	0	0	0	Y	N	N	N	N	N	N	N	N	N	N	N	N	N	N	N	N	N	0.0000	0.0000	0.0000	0.0000	0.0000	0.0000	0.0000	0.0000	0.0000	0.0000	0.0000	0.0000	0.0000	0.0000	0.0000	0.0000	0.0000	0.0000	0.0314	0.0017	0.0618	0.0038	0.0043	0.0000	0.0369	0.0007	0.0643		35.3976	0.0000	0.0006	0.0041	1.0285	4.4918	7.9781	0.0000	0.0000	0.0000	0.0000	0.0000	0.0000	0.0000	0.0000	0.0000	0.0013	0.0000	0.0013	0.0000	0.0000	0.0000	0.0013	0.0000	0.0013	0.0000	0.0000	0.0000	0.0000	0.0000	0.0000	0.0000	0.0000	0.0000	0.0420	0.0213	0.0207	0.0070	0.0062	0.0008	0.0350	0.0151	0.0199
77	84	0.0341	6	2	0	1	0	0	0	0	0	0	0	0	0	0	0	0	0	0	0	Y	N	N	N	N	N	N	N	N	N	N	N	N	N	N	N	N	N	0.1110	1674.5849	0.0000	4441.5577	9875.6379	0.0000	0.0000	0.0000	0.0000	1.1698	1.3597	0.0000	23.6231	23.6232	0.0000	0.0000	0.0000	0.0000	10.5429	0.0008	21.3457	0.0053	0.0024	0.0422	12.2094	0.0003	21.7877	0.0000	25654.5886	-0.0001	0.4467	0.0041	2.9998	4.4918	15.4389	0.0001	0.0001	0.0000	0.0001	0.0001	0.0000	0.0000	0.0000	0.0000	0.9890	0.0000	0.9890	0.0001	0.0000	0.0000	0.9889	0.0000	0.9889	0.0001	0.0001	0.0000	0.0000	0.0000	0.0000	0.0001	0.0001	0.0000	0.0938	0.0475	0.0463	0.0128	0.0119	0.0009	0.0810	0.0356	0.0454
77	88	0.0247	4	2	0	1	0	0	0	0	0	0	0	1	1	0	0	0	0	0	0	Y	N	N	N	N	N	N	N	N	N	N	N	N	N	N	N	N	N	35.8276	21.1491	122.0608	105.4833	102.5677	0.0000	30.6224	0.0000	120.7991	0.2129	0.0657	1.1127	0.8500	0.8536	0.0000	0.1675	0.0000	1.1150	0.0059	0.0031	0.0091	0.0081	0.0083	0.0003	0.0055	0.0005	0.0092	2.7677	2.6173	0.0000	0.0001	0.0041	1.0173	4.4918	8.6136	0.0000	0.0000	0.0000	0.0000	0.0000	0.0000	0.0000	0.0000	0.0000	0.0004	0.0001	0.0003	0.0001	0.0001	0.0000	0.0003	0.0000	0.0003	0.0000	0.0000	0.0000	0.0000	0.0000	0.0000	0.0000	0.0000	0.0000	0.0602	0.0318	0.0284	0.0110	0.0106	0.0004	0.0492	0.0212	0.0280
77	90	0.0247	4	2	0	1	0	0	0	0	0	0	0	1	1	0	0	0	0	0	0	Y	N	N	N	N	N	N	N	N	N	N	N	N	N	N	N	N	N	11.2096	110.1155	0.5919	497.4443	483.3909	0.0000	0.1524	0.0000	0.5854	0.0283	0.0324	0.0029	0.4573	0.4595	0.0000	0.0004	0.0000	0.0029	0.0025	0.0003	0.0049	0.0009	0.0010	0.0002	0.0028	0.0000	0.0050	0.0145	15.6668	-0.0000	0.0001	0.0041	2.0138	4.4918	11.8132	0.0000	0.0000	0.0000	0.0000	0.0000	0.0000	0.0000	0.0000	0.0000	0.0002	0.0000	0.0002	0.0000	0.0000	0.0000	0.0002	0.0000	0.0002	0.0001	0.0001	0.0000	0.0000	0.0000	0.0000	0.0001	0.0001	0.0000	0.0790	0.0406	0.0384	0.0124	0.0119	0.0005	0.0666	0.0288	0.0378
77	91	0.0162	3	2	0	1	0	0	0	0	0	1	1	1	1	0	0	0	0	0	0	Y	N	N	N	N	N	N	N	N	N	N	N	N	N	N	N	N	N	8.8179	3.7226	79.5606	26.8860	25.7595	0.0000	7.7342	0.0000	78.6318	0.0692	0.0469	0.2059	0.7184	0.7184	0.0000	0.0307	0.0000	0.2059	0.0079	0.0126	0.0026	0.0267	0.0279	0.0006	0.0040	0.0057	0.0026	0.7193	0.1850	-0.0000	-0.0001	0.0041	1.9725	4.4918	4.2763	0.0000	0.0000	0.0000	0.0000	0.0000	0.0000	0.0000	0.0000	0.0000	0.0003	0.0003	0.0000	0.0002	0.0002	0.0000	0.0001	0.0001	0.0000	0.0001	0.0001	0.0000	0.0000	0.0000	0.0000	0.0001	0.0001	0.0000	0.0393	0.0207	0.0186	0.0067	0.0064	0.0003	0.0326	0.0143	0.0183
77	98	0.0463	8	2	0	1	1	0	0	0	1	0	0	1	1	0	0	0	0	0	0	Y	N	N	N	N	N	N	N	N	N	N	N	N	N	N	N	N	N	0.0000	0.0000	0.0000	0.0000	0.0000	0.0000	0.0000	0.0000	0.0000	0.0000	0.0000	0.0000	0.0000	0.0000	0.0000	0.0000	0.0000	0.0000	0.0000	0.0000	0.0000	0.0000	0.0000	0.0000	0.0000	0.0000	0.0000			0.0000	0.0000	0.0041	2.9999	4.4918	3.9821	0.0000	0.0000	0.0000	0.0000	0.0000	0.0000	0.0000	0.0000	0.0000	0.0000	0.0000	0.0000	0.0000	0.0000	0.0000	0.0000	0.0000	0.0000	0.0001	0.0001	0.0000	0.0000	0.0000	0.0000	0.0001	0.0001	0.0000	0.0344	0.0169	0.0176	0.0040	0.0036	0.0004	0.0304	0.0132	0.0172
77	99	0.0432	7	2	0	1	0	0	0	0	0	0	0	1	1	0	0	0	0	0	0	Y	N	N	N	N	N	N	N	N	N	N	N	N	N	N	N	N	N	0.0000	0.0000	0.0000	0.0000	0.0000	0.0000	0.0000	0.0000	0.0000	0.0000	0.0000	0.0000	0.0000	0.0000	0.0000	0.0000	0.0000	0.0000	0.0000	0.0000	0.0000	0.0000	0.0000	0.0000	0.0000	0.0000	0.0000		2.3136	0.0000	0.0000	0.0041	0.0003	4.4918	2.0601	0.0000	0.0000	0.0000	0.0000	0.0000	0.0000	0.0000	0.0000	0.0000	0.0000	0.0000	0.0000	0.0000	0.0000	0.0000	0.0000	0.0000	0.0000	0.0000	0.0000	0.0000	0.0000	0.0000	0.0000	0.0000	0.0000	0.0000	0.0109	0.0055	0.0055	0.0015	0.0014	0.0001	0.0094	0.0041	0.0053
77	100	0.0233	6	2	0	1	0	0	0	0	0	1	1	1	1	0	0	0	0	0	0	Y	N	N	N	N	N	N	N	N	N	N	N	N	N	N	N	N	N	1.1598	0.9244	0.0000	3.6597	3.3850	0.0000	0.0000	0.0000	0.0000	0.0107	0.0125	0.0000	0.2142	0.2142	0.0000	0.0000	0.0000	0.0000	0.0092	0.0135	0.0052	0.0585	0.0633	0.0001	0.0030	0.0000	0.0053	0.0000	0.4092	-0.0000	-0.0001	0.0041	3.0014	4.4918	9.1620	0.0000	0.0000	0.0000	0.0000	0.0000	0.0000	0.0000	0.0000	0.0000	0.0006	0.0004	0.0002	0.0004	0.0004	0.0000	0.0002	0.0000	0.0002	0.0001	0.0001	0.0000	0.0000	0.0000	0.0000	0.0001	0.0001	0.0000	0.0624	0.0304	0.0320	0.0070	0.0065	0.0005	0.0554	0.0239	0.0315
77	101	0.0104	5	2	0	1	0	0	0	0	0	0	0	0	0	0	0	0	0	0	0	Y	N	N	N	N	N	N	N	N	N	N	N	N	N	N	N	N	N	4611.8696	376.0124	40864.9136	648.0825	641.8001	0.0000	6587.6706	0.0000	40831.8996	4.1873	0.4518	26.7455	4.3915	4.3915	0.0000	4.1675	0.0000	26.7456	0.0009	0.0012	0.0007	0.0068	0.0068	0.0000	0.0006	0.0006	0.0007	9.8019	0.6312	0.0000	-0.0000	0.0041	0.0077	4.4918	8.0757	0.0000	0.0000	0.0000	0.0000	0.0000	0.0000	0.0000	0.0000	0.0000	0.0000	0.0000	0.0000	0.0000	0.0000	0.0000	0.0000	0.0000	0.0000	0.0000	0.0000	0.0000	0.0000	0.0000	0.0000	0.0000	0.0000	0.0000	0.0391	0.0181	0.0210	0.0018	0.0017	0.0000	0.0374	0.0164	0.0210
77	102	0.0088	4	2	0	1	0	0	0	0	0	0	0	0	0	0	0	0	0	0	0	Y	N	N	N	N	N	N	N	N	N	N	N	N	N	N	N	N	N	84384.2415	46110.7280	250661.0396	20385.1866	20412.9261	0.0000	100144.9991	0.0000	251456.7991	5.2029	3.6707	11.6122	17.8955	17.8955	0.0000	2.6849	0.0000	11.6122	0.0001	0.0001	0.0000	0.0009	0.0009	0.0000	0.0000	0.0000	0.0000	0.7563	0.6813	-0.0000	-0.0000	0.0041	0.0011	4.4918	1.0060	0.0000	0.0000	0.0000	0.0000	0.0000	0.0000	0.0000	0.0000	0.0000	0.0000	0.0000	0.0000	0.0000	0.0000	0.0000	0.0000	0.0000	0.0000	0.0000	0.0000	0.0000	0.0000	0.0000	0.0000	0.0000	0.0000	0.0000	0.0050	0.0023	0.0027	0.0002	0.0002	0.0000	0.0048	0.0021	0.0027
77	113	0.0088	2	2	0	1	0	0	0	0	0	0	0	0	0	0	0	0	0	0	0	Y	N	N	N	N	N	N	N	N	N	N	N	N	N	N	N	N	N	6.0608	0.2131	2441.9847	58.4343	58.2119	0.0000	5.7975	0.0000	2441.2749	4.5554	0.3444	29.5506	5.0421	5.0421	0.0000	4.5252	0.0000	29.5507	0.7516	1.6163	0.0121	0.0863	0.0866	0.0000	0.7806	1.7676	0.0121	14.4534	0.0088	0.0000	-0.0093	0.0041	0.0182	4.4918	4.6661	0.0000	0.0000	0.0000	0.0000	0.0000	0.0000	0.0000	0.0000	0.0000	0.0172	0.0170	0.0001	0.0001	0.0001	0.0000	0.0171	0.0169	0.0001	0.0000	0.0000	0.0000	0.0000	0.0000	0.0000	0.0000	0.0000	0.0000	0.0228	0.0105	0.0123	0.0010	0.0009	0.0000	0.0219	0.0096	0.0123
77	121	0.0676	11	2	0	1	0	0	0	0	0	0	0	0	0	0	0	0	0	0	0	Y	N	N	N	N	N	N	N	N	N	N	N	N	N	N	N	N	N	0.0000	0.0000	0.0000	0.0000	0.0000	0.0000	0.0000	0.0000	0.0000	0.0000	0.0000	0.0000	0.0000	0.0000	0.0000	0.0000	0.0000	0.0000	19.7555	5.1938	37.1905	7.0184	7.1447	0.0001	28.2132	0.1922	37.7758		5.9806	0.0000	0.1169	0.0041	0.0000	4.4918	1.2022	0.0000	0.0000	0.0000	0.0000	0.0000	0.0000	0.0000	0.0000	0.0000	0.3789	0.0543	0.3247	0.0537	0.0537	0.0000	0.3252	0.0006	0.3247	0.0000	0.0000	0.0000	0.0000	0.0000	0.0000	0.0000	0.0000	0.0000	0.0192	0.0105	0.0087	0.0077	0.0075	0.0001	0.0115	0.0029	0.0086
77	122	0.0463	10	2	0	1	0	1	0	0	0	0	0	0	0	0	0	0	0	0	0	Y	N	N	N	N	N	N	N	N	N	N	N	N	N	N	N	N	N	0.0273	23.8895	0.0000	51.5625	47.7001	0.0000	0.0000	0.0000	0.0000	0.2368	0.4555	0.0000	0.4879	0.4879	0.0000	0.0000	0.0000	0.0000	8.6598	0.0191	18.9633	0.0095	0.0102	0.0000	10.9328	0.0239	19.6344	0.0000	834.0843	-0.0000	0.2855	0.0041	0.0041	4.4918	12.5856	0.0000	0.0000	0.0000	0.0000	0.0000	0.0000	0.0000	0.0000	0.0000	0.6337	0.0008	0.6329	0.0001	0.0001	0.0000	0.6336	0.0006	0.6329	0.0000	0.0000	0.0000	0.0000	0.0000	0.0000	0.0000	0.0000	0.0000	0.0732	0.0398	0.0334	0.0152	0.0141	0.0011	0.0579	0.0257	0.0322
78	82	0.1084	18	2	0	1	0	0	0	0	0	1	1	1	1	0	0	0	0	0	0	Y	N	N	N	N	N	N	N	N	N	N	N	N	N	N	N	N	N	0.0000	0.0000	0.0000	0.0000	0.0000	0.0000	0.0000	0.0000	0.0000	0.0000	0.0000	0.0000	0.0000	0.0000	0.0000	0.0000	0.0000	0.0000	0.1798	0.3423	0.0000	0.8880	0.9953	0.0000	0.0000	0.0000	0.0000		0.0000	0.0000	-0.0156	0.0166	1.9997	12.2009	10.5319	0.0000	0.0000	0.0000	0.0000	0.0000	0.0000	0.0000	0.0000	0.0000	0.0284	0.0284	0.0000	0.0284	0.0284	0.0000	0.0000	0.0000	0.0000	0.0006	0.0005	0.0000	0.0003	0.0002	0.0000	0.0003	0.0003	0.0000	0.1578	0.0829	0.0749	0.0320	0.0285	0.0034	0.1259	0.0544	0.0715
78	83	0.1060	17	2	0	1	0	0	0	1	0	0	1	0	1	0	0	0	0	0	0	Y	N	N	N	N	N	N	N	N	N	N	N	N	N	N	N	N	N	0.0000	0.0000	0.0000	0.0000	0.0000	0.0000	0.0000	0.0000	0.0000	0.0000	0.0000	0.0000	0.0000	0.0000	0.0000	0.0000	0.0000	0.0000	0.0009	0.0017	0.0000	0.0045	0.0051	0.0000	0.0000	0.0000	0.0000		0.0160	0.0000	-0.0000	0.0166	0.0006	12.2009	1.5062	0.0000	0.0000	0.0000	0.0000	0.0000	0.0000	0.0000	0.0000	0.0000	0.0000	0.0000	0.0000	0.0000	0.0000	0.0000	0.0000	0.0000	0.0000	0.0000	0.0000	0.0000	0.0000	0.0000	0.0000	0.0000	0.0000	0.0000	0.0191	0.0099	0.0091	0.0037	0.0033	0.0004	0.0154	0.0067	0.0087
78	84	0.0807	13	2	0	0	0	0	0	0	0	0	1	0	1	0	0	0	0	0	0	Y	N	N	N	N	N	N	N	N	N	N	N	N	N	N	N	N	N	26.0485	15.0898	0.0000	10.8544	10.4227	0.0000	0.0000	0.0000	0.0000	0.3432	0.3730	0.0000	0.7897	0.8233	0.0000	0.0000	0.0000	0.0000	0.0132	0.0247	0.0000	0.0728	0.0790	0.0000	0.0000	0.0000	0.0000	0.0000	0.0003	-0.0002	-0.0018	0.0166	2.9998	12.2009	15.4389	0.0003	0.0003	0.0000	0.0003	0.0003	0.0000	0.0000	0.0000	0.0000	0.0032	0.0032	0.0000	0.0032	0.0032	0.0000	0.0000	0.0000	0.0000	0.0009	0.0008	0.0001	0.0004	0.0004	0.0000	0.0005	0.0004	0.0001	0.2445	0.1303	0.1142	0.0443	0.0408	0.0035	0.2003	0.0895	0.1107
78	87	0.1364	20	2	0	1	0	0	0	1	0	0	1	1	2	0	0	0	0	0	0	Y	N	N	N	N	Y	N	N	N	N	N	N	N	N	N	N	N	N	0.0000	0.0000	0.0000	0.0000	0.0000	0.0000	0.0000	0.0000	0.0000	0.0000	0.0000	0.0000	0.0000	0.0000	0.0000	0.0000	0.0000	0.0000	9.5647	0.0828	21.8548	0.1581	0.1712	0.0000	13.5085	0.0000	23.0494		203.7318	0.0000	0.4412	0.0166	0.0022	12.2009	6.6376	0.0000	0.0000	0.0000	0.0000	0.0000	0.0000	0.0000	0.0000	0.0000	0.9873	0.0048	0.9825	0.0048	0.0048	0.0000	0.9825	0.0000	0.9825	0.0000	0.0000	0.0000	0.0000	0.0000	0.0000	0.0000	0.0000	0.0000	0.1032	0.0583	0.0450	0.0305	0.0282	0.0023	0.0727	0.0301	0.0426
78	88	0.1219	19	2	0	0	0	0	0	0	0	0	1	1	2	0	0	0	0	0	0	Y	N	N	N	N	Y	N	N	N	N	N	N	N	N	N	N	N	N	0.0000	0.0000	0.0000	0.0000	0.0000	0.0000	0.0000	0.0000	0.0000	0.0000	0.0000	0.0000	0.0000	0.0000	0.0000	0.0000	0.0000	0.0000	0.1651	0.1431	0.1953	0.2758	0.2951	0.0015	0.1177	0.0002	0.2048		0.9959	0.0000	-0.0013	0.0166	1.0173	12.2009	8.6136	0.0000	0.0000	0.0000	0.0000	0.0000	0.0000	0.0000	0.0000	0.0000	0.0268	0.0134	0.0134	0.0134	0.0134	0.0000	0.0134	0.0000	0.0133	0.0003	0.0003	0.0000	0.0001	0.0001	0.0000	0.0002	0.0002	0.0000	0.1621	0.0937	0.0684	0.0486	0.0454	0.0032	0.1135	0.0483	0.0652
78	89	0.0855	14	2	0	1	0	0	0	1	0	0	1	0	1	0	0	0	0	0	0	Y	N	N	N	N	N	N	N	N	N	N	N	N	N	N	N	N	N	68.1691	40.7701	0.0000	88.9916	86.3450	0.0000	36.8541	18.9355	0.0000	14.6249	15.9115	0.0000	23.7774	24.8738	0.0000	7.4390	8.3560	0.0000	0.2145	0.3903	0.0084	0.2672	0.2881	0.0070	0.2019	0.4413	0.0084	0.0000	0.0182	-0.0076	-0.0319	0.0166	2.9990	12.2009	17.4729	0.0129	0.0129	0.0000	0.0093	0.0093	0.0000	0.0037	0.0037	0.0000	0.0601	0.0590	0.0011	0.0145	0.0145	0.0000	0.0456	0.0445	0.0010	0.0009	0.0008	0.0001	0.0004	0.0004	0.0000	0.0005	0.0004	0.0001	0.2802	0.1513	0.1289	0.0544	0.0504	0.0040	0.2258	0.1009	0.1249
78	90	0.1219	19	2	0	0	0	0	0	0	0	0	1	1	2	0	0	0	0	0	0	Y	N	N	N	N	Y	N	N	N	N	N	N	N	N	N	N	N	N	0.0000	0.0000	0.0000	0.0000	0.0000	0.0000	0.0000	0.0000	0.0000	0.0000	0.0000	0.0000	0.0000	0.0000	0.0000	0.0000	0.0000	0.0000	0.0017	0.0013	0.0022	0.0026	0.0028	0.0000	0.0013	0.0000	0.0023		1.2778	0.0000	0.0000	0.0166	2.0138	12.2009	11.8132	0.0000	0.0000	0.0000	0.0000	0.0000	0.0000	0.0000	0.0000	0.0000	0.0004	0.0002	0.0002	0.0002	0.0002	0.0000	0.0002	0.0000	0.0002	0.0006	0.0005	0.0000	0.0003	0.0002	0.0000	0.0003	0.0003	0.0000	0.2103	0.1191	0.0912	0.0591	0.0546	0.0045	0.1512	0.0646	0.0867
78	91	0.1134	18	2	0	0	0	0	0	0	0	1	2	1	2	0	0	0	0	0	0	Y	N	N	N	N	Y	N	N	N	N	N	N	N	N	N	N	N	N	0.0000	0.0000	0.0000	0.0000	0.0000	0.0000	0.0000	0.0000	0.0000	0.0000	0.0000	0.0000	0.0000	0.0000	0.0000	0.0000	0.0000	0.0000	0.0044	0.0059	0.0023	0.0117	0.0125	0.0001	0.0014	0.0000	0.0025		0.2882	0.0000	-0.0002	0.0166	1.9725	12.2009	4.2763	0.0000	0.0000	0.0000	0.0000	0.0000	0.0000	0.0000	0.0000	0.0000	0.0005	0.0004	0.0001	0.0004	0.0004	0.0000	0.0001	0.0000	0.0001	0.0006	0.0005	0.0000	0.0003	0.0002	0.0000	0.0003	0.0003	0.0000	0.1071	0.0621	0.0450	0.0315	0.0294	0.0020	0.0756	0.0327	0.0430
78	92	0.0847	13	2	0	1	0	1	0	1	0	0	1	0	1	0	0	0	0	0	0	Y	N	N	N	N	N	N	N	N	N	N	N	N	N	N	N	N	N	0.0000	0.0000	0.0000	0.0000	0.0000	0.0000	0.0000	0.0000	0.0000	0.0000	0.0000	0.0000	0.0000	0.0000	0.0000	0.0000	0.0000	0.0000	3.5736	0.0465	7.4662	0.1458	0.1602	0.0035	4.2639	0.0000	7.7152		145.5151	0.0000	0.8921	0.0166	5.0000	12.2009	42.2706	0.0000	0.0000	0.0000	0.0000	0.0000	0.0000	0.0000	0.0000	0.0000	2.0052	0.0137	1.9915	0.0137	0.0137	0.0000	1.9915	0.0000	1.9915	0.0014	0.0013	0.0001	0.0006	0.0006	0.0000	0.0008	0.0007	0.0001	0.5611	0.2944	0.2667	0.0941	0.0854	0.0086	0.4671	0.2089	0.2581
78	93	0.1183	15	1	0	0	0	0	0	0	0	0	1	0	2	0	0	0	0	0	0	N	N	N	N	N	Y	N	N	N	N	N	N	N	N	N	N	N	N	0.0000	0.0000	0.0000	0.0000	0.0000	0.0000	0.0000	0.0000	0.0000	0.0000	0.0000	0.0000	0.0000	0.0000	0.0000	0.0000	0.0000	0.0000	0.0011	0.0000	0.0023	0.0000	0.0000	0.0003	0.0014	0.0000	0.0024		64.8664	0.0000	0.0000	0.0166	0.0000	12.2009	0.9594	0.0000	0.0000	0.0000	0.0000	0.0000	0.0000	0.0000	0.0000	0.0000	0.0000	0.0000	0.0000	0.0000	0.0000	0.0000	0.0000	0.0000	0.0000	0.0000	0.0000	0.0000	0.0000	0.0000	0.0000	0.0000	0.0000	0.0000	0.0135	0.0071	0.0064	0.0028	0.0025	0.0003	0.0107	0.0046	0.0061
78	94	0.0869	14	1	0	0	0	0	0	0	0	0	2	0	2	0	0	0	0	0	0	N	N	N	N	N	Y	N	N	N	N	N	N	N	N	N	N	N	N	0.0000	0.0000	0.0000	0.0000	0.0000	0.0000	0.0000	0.0000	0.0000	0.0000	0.0000	0.0000	0.0000	0.0000	0.0000	0.0000	0.0000	0.0000	0.2042	0.0512	0.3858	0.0044	0.0048	0.0000	0.2536	0.0750	0.3983		6.3481	0.0000	0.0172	0.0166	0.0000	12.2009	18.8906	0.0000	0.0000	0.0000	0.0000	0.0000	0.0000	0.0000	0.0000	0.0000	0.0544	0.0074	0.0470	0.0002	0.0002	0.0000	0.0542	0.0072	0.0470	0.0000	0.0000	0.0000	0.0000	0.0000	0.0000	0.0000	0.0000	0.0000	0.2664	0.1446	0.1218	0.0528	0.0490	0.0038	0.2135	0.0956	0.1180
78	97	0.0898	10	2	0	1	0	0	0	1	0	0	1	0	1	0	0	0	0	0	0	Y	N	N	N	N	N	N	N	N	N	N	N	N	N	N	N	N	N	0.0000	0.0000	0.0000	0.0000	0.0000	0.0000	0.0000	0.0000	0.0000	0.0000	0.0000	0.0000	0.0000	0.0000	0.0000	0.0000	0.0000	0.0000	0.0853	0.0584	0.1151	0.1450	0.1641	0.0329	0.0687	0.0003	0.1210		1.7829	0.0000	0.0027	0.0166	2.0000	12.2009	24.9502	0.0000	0.0000	0.0000	0.0000	0.0000	0.0000	0.0000	0.0000	0.0000	0.0294	0.0106	0.0188	0.0109	0.0105	0.0004	0.0185	0.0000	0.0185	0.0006	0.0005	0.0000	0.0003	0.0002	0.0000	0.0003	0.0003	0.0000	0.3443	0.1808	0.1635	0.0750	0.0641	0.0110	0.2693	0.1167	0.1525
78	98	0.1434	19	2	0	0	1	0	0	0	1	0	1	1	2	0	0	0	0	0	0	Y	N	N	N	N	Y	N	N	N	N	N	N	N	N	N	N	N	N	711.9024	419.7082	0.0000	379.7653	350.1054	0.0000	0.0000	0.0000	0.0000	0.0799	0.0869	0.0000	0.1842	0.1920	0.0000	0.0000	0.0000	0.0000	0.0001	0.0002	0.0000	0.0005	0.0005	0.0000	0.0000	0.0000	0.0000	0.0000	0.0127	-0.0000	-0.0000	0.0166	2.9999	12.2009	3.9821	0.0001	0.0001	0.0000	0.0001	0.0001	0.0000	0.0000	0.0000	0.0000	0.0000	0.0000	0.0000	0.0000	0.0000	0.0000	0.0000	0.0000	0.0000	0.0009	0.0008	0.0001	0.0004	0.0004	0.0000	0.0005	0.0004	0.0001	0.0908	0.0486	0.0422	0.0208	0.0184	0.0024	0.0701	0.0303	0.0398
78	99	0.1403	18	2	0	0	0	0	0	0	0	0	1	1	2	0	0	0	0	0	0	Y	N	N	N	N	Y	N	N	N	N	N	N	N	N	N	N	N	N	268.2679	42.3394	51221.8262	116.7862	32.1917	inf	0.0000	0.0000	0.0000	0.0919	0.0263	0.5479	0.1626	0.0499	0.8371	0.0000	0.0000	0.0000	0.0003	0.0006	0.0000	0.0014	0.0016	0.0000	0.0000	0.0000	0.0000	3.0001	0.0144	0.0000	-0.0000	0.0166	0.0003	12.2009	2.0601	0.0000	0.0000	0.0000	0.0000	0.0000	0.0000	0.0000	0.0000	0.0000	0.0000	0.0000	0.0000	0.0000	0.0000	0.0000	0.0000	0.0000	0.0000	0.0000	0.0000	0.0000	0.0000	0.0000	0.0000	0.0000	0.0000	0.0000	0.0289	0.0157	0.0132	0.0070	0.0063	0.0007	0.0219	0.0094	0.0124
78	100	0.1204	17	2	0	0	0	0	0	0	0	1	2	1	2	0	0	0	0	0	0	Y	N	N	N	N	Y	N	N	N	N	N	N	N	N	N	N	N	N	0.0108	0.0538	0.0000	0.0429	0.0444	0.0000	0.0000	0.0000	0.0000	0.0000	0.0000	0.0000	0.0000	0.0000	0.0000	0.0000	0.0000	0.0000	0.0011	0.0002	0.0021	0.0006	0.0006	0.0006	0.0012	0.0000	0.0022	0.0000	7.5364	-0.0000	0.0001	0.0166	3.0014	12.2009	9.1620	0.0000	0.0000	0.0000	0.0000	0.0000	0.0000	0.0000	0.0000	0.0000	0.0002	0.0000	0.0002	0.0000	0.0000	0.0000	0.0002	0.0000	0.0002	0.0009	0.0008	0.0001	0.0004	0.0004	0.0000	0.0005	0.0004	0.0001	0.1613	0.0865	0.0748	0.0361	0.0324	0.0037	0.1252	0.0541	0.0711
78	101	0.1076	16	2	0	0	0	0	0	0	0	0	1	0	1	0	0	0	0	0	0	Y	N	N	N	N	N	N	N	N	N	N	N	N	N	N	N	N	N	0.0000	0.0000	0.0000	0.0000	0.0000	0.0000	0.0000	0.0000	0.0000	0.0000	0.0000	0.0000	0.0000	0.0000	0.0000	0.0000	0.0000	0.0000	0.0019	0.0034	0.0002	0.0095	0.0101	0.0043	0.0000	0.0000	0.0000		0.0588	0.0000	-0.0001	0.0166	0.0077	12.2009	8.0757	0.0000	0.0000	0.0000	0.0000	0.0000	0.0000	0.0000	0.0000	0.0000	0.0002	0.0002	0.0000	0.0002	0.0002	0.0000	0.0000	0.0000	0.0000	0.0000	0.0000	0.0000	0.0000	0.0000	0.0000	0.0000	0.0000	0.0000	0.1008	0.0527	0.0481	0.0198	0.0175	0.0023	0.0810	0.0352	0.0458
78	102	0.1059	15	2	0	0	0	0	0	0	0	0	1	0	1	0	0	0	0	0	0	Y	N	N	N	N	N	N	N	N	N	N	N	N	N	N	N	N	N	0.0000	0.0000	0.0000	0.0000	0.0000	0.0000	0.0000	0.0000	0.0000	0.0000	0.0000	0.0000	0.0000	0.0000	0.0000	0.0000	0.0000	0.0000	0.0000	0.0000	0.0000	0.0001	0.0001	0.0000	0.0000	0.0000	0.0000		0.0239	0.0000	-0.0000	0.0166	0.0011	12.2009	1.0060	0.0000	0.0000	0.0000	0.0000	0.0000	0.0000	0.0000	0.0000	0.0000	0.0000	0.0000	0.0000	0.0000	0.0000	0.0000	0.0000	0.0000	0.0000	0.0000	0.0000	0.0000	0.0000	0.0000	0.0000	0.0000	0.0000	0.0000	0.0128	0.0066	0.0061	0.0025	0.0022	0.0003	0.0103	0.0045	0.0058
78	106	0.0677	9	2	0	1	0	0	0	0	0	0	1	0	1	0	0	0	0	0	0	Y	N	N	N	N	N	N	N	N	N	N	N	N	N	N	N	N	N	78.6547	0.0000	2677.5086	1.4134	0.0000	4.7047	124.0367	0.0000	4297.0698	2.8486	0.0000	35.5854	0.0198	0.0000	0.4865	5.0237	0.0000	45.5605	0.0362	0.0563	0.0133	0.0140	0.0059	0.1034	0.0405	0.0757	0.0106	inf	0.2068	0.0014	-0.0034	0.0166	4.0001	12.2009	15.3361	0.0033	0.0000	0.0033	0.0000	0.0000	0.0000	0.0033	0.0000	0.0033	0.0089	0.0074	0.0015	0.0006	0.0002	0.0003	0.0084	0.0072	0.0012	0.0012	0.0011	0.0001	0.0005	0.0005	0.0000	0.0007	0.0006	0.0001	0.2460	0.1311	0.1149	0.0398	0.0365	0.0033	0.2062	0.0946	0.1116
78	107	0.0469	5	2	0	1	0	0	0	0	0	0	1	0	1	0	0	0	0	0	0	Y	N	N	N	N	N	N	N	N	N	N	N	N	N	N	N	N	N	0.0041	0.0046	0.0000	0.6700	0.7211	0.0000	0.0004	0.0004	0.0000	0.0398	0.0441	0.0001	0.0766	0.0825	0.0000	0.0042	0.0048	0.0001	9.8037	9.6473	9.9666	0.1144	0.1144	0.1140	11.2374	12.5058	10.1970	0.0002	0.9916	-0.0000	-0.1003	0.0166	1.0040	12.2009	14.1141	0.0000	0.0000	0.0000	0.0000	0.0000	0.0000	0.0000	0.0000	0.0000	1.9903	0.9993	0.9910	0.0030	0.0027	0.0003	1.9873	0.9966	0.9907	0.0004	0.0003	0.0000	0.0002	0.0002	0.0000	0.0002	0.0002	0.0000	0.2030	0.1036	0.0994	0.0262	0.0239	0.0023	0.1768	0.0797	0.0972
78	108	0.0391	4	2	0	1	0	1	0	1	0	0	1	0	1	0	0	0	0	0	0	Y	N	N	N	N	N	N	N	N	N	N	N	N	N	N	N	N	N	0.6842	1.3737	0.9834	60.2069	50.9422	235.3671	0.2079	0.3228	0.4231	0.0743	0.0638	0.1651	0.1299	0.1126	0.3426	0.0244	0.0174	0.0718	0.1086	0.0465	0.1679	0.0022	0.0022	0.0015	0.1174	0.0540	0.1697	0.2980	3.7826	-0.0000	0.0017	0.0166	1.0065	12.2009	3.9764	0.0000	0.0000	0.0000	0.0000	0.0000	0.0000	0.0000	0.0000	0.0000	0.0071	0.0015	0.0056	0.0000	0.0000	0.0000	0.0071	0.0015	0.0056	0.0003	0.0003	0.0000	0.0002	0.0001	0.0000	0.0002	0.0002	0.0000	0.0655	0.0320	0.0335	0.0050	0.0047	0.0003	0.0605	0.0273	0.0331
78	112	0.1134	18	2	0	1	0	0	0	1	0	0	1	0	1	0	0	0	0	0	0	Y	N	N	N	N	N	N	N	N	N	N	N	N	N	N	N	N	N	0.0000	0.0000	0.0000	0.0000	0.0000	0.0000	0.0000	0.0000	0.0000	0.0000	0.0000	0.0000	0.0000	0.0000	0.0000	0.0000	0.0000	0.0000	0.2308	0.0006	0.5162	0.0013	0.0015	0.0000	0.3093	0.0000	0.5437		677.8535	0.0000	0.0211	0.0166	3.0154	12.2009	11.4025	0.0000	0.0000	0.0000	0.0000	0.0000	0.0000	0.0000	0.0000	0.0000	0.0470	0.0001	0.0469	0.0001	0.0001	0.0000	0.0469	0.0000	0.0469	0.0009	0.0008	0.0001	0.0004	0.0004	0.0000	0.0005	0.0004	0.0001	0.2034	0.1126	0.0908	0.0518	0.0472	0.0046	0.1515	0.0653	0.0862
78	113	0.1060	17	2	0	0	0	0	0	0	0	0	1	0	1	0	0	0	0	0	0	Y	N	N	N	N	N	N	N	N	N	N	N	N	N	N	N	N	N	0.0000	0.0000	0.0000	0.0000	0.0000	0.0000	0.0000	0.0000	0.0000	0.0000	0.0000	0.0000	0.0000	0.0000	0.0000	0.0000	0.0000	0.0000	0.0030	0.0005	0.0058	0.0013	0.0015	0.0000	0.0035	0.0000	0.0061		10.7621	0.0000	0.0001	0.0166	0.0182	12.2009	4.6661	0.0000	0.0000	0.0000	0.0000	0.0000	0.0000	0.0000	0.0000	0.0000	0.0002	0.0000	0.0002	0.0000	0.0000	0.0000	0.0002	0.0000	0.0002	0.0000	0.0000	0.0000	0.0000	0.0000	0.0000	0.0000	0.0000	0.0000	0.0586	0.0305	0.0281	0.0113	0.0100	0.0013	0.0473	0.0205	0.0268
78	114	0.1060	16	2	0	0	0	0	0	0	0	0	1	0	1	0	0	0	0	0	0	Y	N	N	N	N	N	N	N	N	N	N	N	N	N	N	N	N	N	0.0000	0.0000	0.0000	0.0000	0.0000	0.0000	0.0000	0.0000	0.0000	0.0000	0.0000	0.0000	0.0000	0.0000	0.0000	0.0000	0.0000	0.0000	0.0001	0.0001	0.0000	0.0003	0.0002	0.0000	0.0000	0.0000	0.0000		0.6667	0.0000	-0.0000	0.0166	0.0004	12.2009	0.0007	0.0000	0.0000	0.0000	0.0000	0.0000	0.0000	0.0000	0.0000	0.0000	0.0000	0.0000	0.0000	0.0000	0.0000	0.0000	0.0000	0.0000	0.0000	0.0000	0.0000	0.0000	0.0000	0.0000	0.0000	0.0000	0.0000	0.0000	0.0000	0.0000	0.0000	0.0000	0.0000	0.0000	0.0000	0.0000	0.0000
78	115	0.1059	15	2	0	0	0	0	0	0	0	0	1	0	1	0	0	0	0	0	0	Y	N	N	N	N	N	N	N	N	N	N	N	N	N	N	N	N	N	0.0000	0.0000	0.0000	0.0000	0.0000	0.0000	0.0000	0.0000	0.0000	0.0000	0.0000	0.0000	0.0000	0.0000	0.0000	0.0000	0.0000	0.0000	0.0001	0.0001	0.0000	0.0002	0.0002	0.0000	0.0000	0.0000	0.0000		0.7273	0.0000	-0.0000	0.0166	0.0004	12.2009	0.0002	0.0000	0.0000	0.0000	0.0000	0.0000	0.0000	0.0000	0.0000	0.0000	0.0000	0.0000	0.0000	0.0000	0.0000	0.0000	0.0000	0.0000	0.0000	0.0000	0.0000	0.0000	0.0000	0.0000	0.0000	0.0000	0.0000	0.0000	0.0000	0.0000	0.0000	0.0000	0.0000	0.0000	0.0000	0.0000	0.0000
78	116	0.0855	14	2	0	0	0	0	0	0	0	0	1	0	1	0	0	0	0	0	0	Y	N	N	N	N	N	N	N	N	N	N	N	N	N	N	N	N	N	0.9868	0.6584	0.0000	8.2135	9.5596	0.0000	1.5048	0.7064	0.0000	0.2399	0.2814	0.0000	0.1965	0.2375	0.0000	0.4578	0.4669	0.0000	0.2431	0.4274	0.0130	0.0239	0.0248	0.0104	0.3042	0.6609	0.0131	0.0000	0.0244	-0.0000	-0.0244	0.0166	0.0012	12.2009	12.6705	0.0000	0.0000	0.0000	0.0000	0.0000	0.0000	0.0000	0.0000	0.0000	0.0466	0.0455	0.0011	0.0010	0.0010	0.0000	0.0456	0.0445	0.0011	0.0000	0.0000	0.0000	0.0000	0.0000	0.0000	0.0000	0.0000	0.0000	0.1917	0.1064	0.0852	0.0418	0.0391	0.0027	0.1499	0.0674	0.0825
78	117	0.0807	13	2	0	0	0	0	0	0	0	0	1	0	1	0	0	0	0	0	0	Y	N	N	N	N	N	N	N	N	N	N	N	N	N	N	N	N	N	0.4862	0.3329	0.3101	289.5012	523.6223	0.0000	0.1836	0.1049	0.3521	6.8373	7.7226	0.1834	10.9852	11.3723	0.0000	3.5295	4.2775	0.2104	14.0635	23.1953	0.5912	0.0379	0.0217	0.3851	19.2248	40.7618	0.5976	0.0032	0.0173	-0.0000	-0.5122	0.0166	0.0012	12.2009	3.6220	0.0000	0.0000	0.0000	0.0000	0.0000	0.0000	0.0000	0.0000	0.0000	0.9641	0.9478	0.0164	0.0007	0.0004	0.0003	0.9634	0.9474	0.0161	0.0000	0.0000	0.0000	0.0000	0.0000	0.0000	0.0000	0.0000	0.0000	0.0686	0.0409	0.0277	0.0184	0.0176	0.0008	0.0501	0.0232	0.0269
78	118	0.0773	12	2	0	0	0	1	0	0	0	0	1	0	1	0	0	0	0	0	0	Y	N	N	N	N	N	N	N	N	N	N	N	N	N	N	N	N	N	0.8769	0.6346	0.0000	6.8225	6.8343	0.0000	0.0000	0.0000	0.0000	0.0544	0.0596	0.0000	0.1214	0.1253	0.0000	0.0000	0.0000	0.0000	0.0620	0.0939	0.0112	0.0178	0.0183	0.0064	0.0807	0.1582	0.0114	0.0000	0.0745	-0.0000	-0.0017	0.0166	0.0004	12.2009	2.6029	0.0000	0.0000	0.0000	0.0000	0.0000	0.0000	0.0000	0.0000	0.0000	0.0035	0.0032	0.0002	0.0003	0.0003	0.0000	0.0032	0.0029	0.0002	0.0000	0.0000	0.0000	0.0000	0.0000	0.0000	0.0000	0.0000	0.0000	0.0561	0.0345	0.0216	0.0166	0.0159	0.0007	0.0395	0.0186	0.0208
78	119	0.0936	12	2	0	1	0	0	0	0	0	0	1	0	1	0	0	0	0	0	0	Y	N	N	N	N	N	N	N	N	N	N	N	N	N	N	N	N	N	5.6894	16.3780	0.0000	14.4868	13.6783	0.0000	0.0000	0.0000	0.0000	0.1734	0.1884	0.0000	0.3990	0.4160	0.0000	0.0000	0.0000	0.0000	0.0305	0.0115	0.0521	0.0275	0.0304	0.0103	0.0314	0.0003	0.0553	0.0000	3.9686	-0.0002	0.0025	0.0166	6.0007	12.2009	19.0307	0.0003	0.0003	0.0000	0.0003	0.0003	0.0000	0.0000	0.0000	0.0000	0.0100	0.0020	0.0080	0.0021	0.0020	0.0001	0.0079	0.0000	0.0079	0.0017	0.0016	0.0001	0.0008	0.0007	0.0000	0.0010	0.0009	0.0001	0.3294	0.1756	0.1538	0.0760	0.0652	0.0108	0.2533	0.1104	0.1430
78	120	0.0901	11	2	0	1	0	0	0	1	0	0	1	0	1	0	0	0	0	0	0	Y	N	N	N	N	N	N	N	N	N	N	N	N	N	N	N	N	N	1.1339	0.6895	0.0000	1.1237	0.8968	0.0000	0.0000	0.0000	0.0000	0.0418	0.0454	0.0000	0.0964	0.1005	0.0000	0.0000	0.0000	0.0000	0.0368	0.0659	0.0006	0.0858	0.1121	0.0006	0.0012	0.0021	0.0006	0.0000	0.0075	-0.0000	-0.0013	0.0166	0.0034	12.2009	3.2312	0.0000	0.0000	0.0000	0.0000	0.0000	0.0000	0.0000	0.0000	0.0000	0.0024	0.0024	0.0000	0.0023	0.0023	0.0000	0.0000	0.0000	0.0000	0.0000	0.0000	0.0000	0.0000	0.0000	0.0000	0.0000	0.0000	0.0000	0.0649	0.0360	0.0289	0.0273	0.0209	0.0064	0.0376	0.0151	0.0224
78	121	0.0898	10	2	0	0	0	0	0	0	0	0	1	0	1	0	0	0	0	0	0	Y	N	N	N	N	N	N	N	N	N	N	N	N	N	N	N	N	N	0.0000	0.0000	0.0000	0.0000	0.0000	0.0000	0.0000	0.0000	0.0000	0.0000	0.0000	0.0000	0.0000	0.0000	0.0000	0.0000	0.0000	0.0000	0.0529	0.0923	0.0005	0.0908	0.1188	0.0007	0.0019	0.0053	0.0004		0.0043	0.0000	-0.0013	0.0166	0.0000	12.2009	1.2022	0.0000	0.0000	0.0000	0.0000	0.0000	0.0000	0.0000	0.0000	0.0000	0.0023	0.0023	0.0000	0.0023	0.0023	0.0000	0.0000	0.0000	0.0000	0.0000	0.0000	0.0000	0.0000	0.0000	0.0000	0.0000	0.0000	0.0000	0.0436	0.0249	0.0187	0.0250	0.0191	0.0059	0.0186	0.0058	0.0128
78	122	0.0685	9	2	0	0	0	1	0	0	0	0	1	0	1	0	0	0	0	0	0	Y	N	N	N	N	N	N	N	N	N	N	N	N	N	N	N	N	N	0.0000	0.0000	0.0000	0.0000	0.0000	0.0000	0.0000	0.0000	0.0000	0.0000	0.0000	0.0000	0.0000	0.0000	0.0000	0.0000	0.0000	0.0000	0.0121	0.0212	0.0001	0.0469	0.0536	0.0010	0.0002	0.0004	0.0000		0.0039	0.0000	-0.0013	0.0166	0.0041	12.2009	12.5856	0.0000	0.0000	0.0000	0.0000	0.0000	0.0000	0.0000	0.0000	0.0000	0.0024	0.0024	0.0000	0.0024	0.0024	0.0000	0.0000	0.0000	0.0000	0.0000	0.0000	0.0000	0.0000	0.0000	0.0000	0.0000	0.0000	0.0000	0.2008	0.1137	0.0871	0.0510	0.0445	0.0065	0.1498	0.0692	0.0806
78	131	0.0994	13	2	0	1	0	0	0	0	0	0	1	0	1	0	0	0	0	0	0	Y	N	N	N	N	N	N	N	N	N	N	N	N	N	N	N	N	N	0.2063	0.1212	0.0000	0.0689	0.0644	0.0000	45.7597	69061.8188	0.0000	0.0080	0.0087	0.0000	0.0121	0.0128	0.0000	0.0046	0.0052	0.0000	0.0388	0.0722	0.0002	0.1763	0.1983	0.0000	0.0001	0.0000	0.0002	0.0000	0.0020	-0.0000	-0.0027	0.0166	1.0211	12.2009	9.0731	0.0000	0.0000	0.0000	0.0000	0.0000	0.0000	0.0000	0.0000	0.0000	0.0050	0.0050	0.0000	0.0050	0.0050	0.0000	0.0000	0.0000	0.0000	0.0003	0.0003	0.0000	0.0001	0.0001	0.0000	0.0002	0.0002	0.0000	0.1293	0.0694	0.0599	0.0284	0.0253	0.0032	0.1009	0.0442	0.0567
78	132	0.1202	13	1	0	0	0	0	0	0	0	0	2	0	2	0	0	0	0	0	0	N	N	N	N	N	Y	N	N	N	N	N	N	N	N	N	N	N	N	0.0000	0.0000	0.0000	0.0000	0.0000	0.0000	0.0000	0.0000	0.0000	0.0000	0.0000	0.0000	0.0000	0.0000	0.0000	0.0000	0.0000	0.0000	0.0004	0.0007	0.0000	0.0019	0.0022	0.0000	0.0000	0.0000	0.0000		0.0165	0.0000	-0.0000	0.0166	0.0075	12.2009	1.9743	0.0000	0.0000	0.0000	0.0000	0.0000	0.0000	0.0000	0.0000	0.0000	0.0000	0.0000	0.0000	0.0000	0.0000	0.0000	0.0000	0.0000	0.0000	0.0000	0.0000	0.0000	0.0000	0.0000	0.0000	0.0000	0.0000	0.0000	0.0258	0.0136	0.0122	0.0052	0.0046	0.0006	0.0206	0.0090	0.0116
78	134	0.1150	11	1	0	0	0	0	0	0	0	0	2	0	2	0	0	0	0	0	0	N	N	N	N	N	Y	N	N	N	N	N	N	N	N	N	N	N	N	0.0000	0.0000	0.0000	0.0000	0.0000	0.0000	0.0000	0.0000	0.0000	0.0000	0.0000	0.0000	0.0000	0.0000	0.0000	0.0000	0.0000	0.0000	0.0001	0.0000	0.0003	0.0000	0.0000	0.0000	0.0002	0.0000	0.0003		323.2097	0.0000	0.0000	0.0166	2.0569	12.2009	5.7592	0.0000	0.0000	0.0000	0.0000	0.0000	0.0000	0.0000	0.0000	0.0000	0.0000	0.0000	0.0000	0.0000	0.0000	0.0000	0.0000	0.0000	0.0000	0.0006	0.0006	0.0000	0.0003	0.0003	0.0000	0.0003	0.0003	0.0000	0.1080	0.0592	0.0489	0.0244	0.0221	0.0023	0.0836	0.0371	0.0465
78	135	0.1166	12	1	0	0	0	0	0	0	0	0	2	0	2	0	0	0	0	0	0	N	N	N	N	N	Y	N	N	N	N	N	N	N	N	N	N	N	N	0.0000	0.0000	0.0000	0.0000	0.0000	0.0000	0.0000	0.0000	0.0000	0.0000	0.0000	0.0000	0.0000	0.0000	0.0000	0.0000	0.0000	0.0000	0.1640	0.3031	0.0000	0.7668	0.8521	0.0000	0.0000	0.0000	0.0000		0.0000	0.0000	-0.0118	0.0166	1.0111	12.2009	8.8059	0.0000	0.0000	0.0000	0.0000	0.0000	0.0000	0.0000	0.0000	0.0000	0.0215	0.0215	0.0000	0.0215	0.0215	0.0000	0.0000	0.0000	0.0000	0.0003	0.0003	0.0000	0.0001	0.0001	0.0000	0.0002	0.0001	0.0000	0.1308	0.0708	0.0600	0.0280	0.0252	0.0028	0.1028	0.0456	0.0572
78	138	0.0933	10	2	0	1	0	0	0	0	0	0	1	1	1	0	0	0	0	0	0	Y	N	N	N	N	N	N	N	N	N	N	N	N	N	N	N	N	N	22.5038	44891.5963	0.0000	347.2228	30637.1210	0.0000	0.0000	0.0000	0.0000	0.0677	0.0812	0.0000	0.1249	0.1451	0.0000	0.0000	0.0000	0.0000	0.0030	0.0000	0.0067	0.0004	0.0000	0.0035	0.0038	0.0000	0.0069	0.0000	3002.1589	-0.0000	0.0001	0.0166	0.0010	12.2009	4.0030	0.0000	0.0000	0.0000	0.0000	0.0000	0.0000	0.0000	0.0000	0.0000	0.0002	0.0000	0.0002	0.0000	0.0000	0.0000	0.0002	0.0000	0.0002	0.0000	0.0000	0.0000	0.0000	0.0000	0.0000	0.0000	0.0000	0.0000	0.0559	0.0309	0.0250	0.0132	0.0118	0.0014	0.0428	0.0191	0.0236
78	139	0.0677	9	2	0	1	0	0	0	0	0	1	1	1	1	0	0	0	0	0	0	Y	N	N	N	N	N	N	N	N	N	N	N	N	N	N	N	N	N	39.5050	188.1920	0.0000	47.4846	118.9019	0.0000	0.0000	0.0000	0.0000	0.3431	0.3730	0.0000	0.7896	0.8231	0.0000	0.0000	0.0000	0.0000	0.0087	0.0020	0.0165	0.0166	0.0069	0.1286	0.0071	0.0000	0.0132	0.0000	7.1445	-0.0002	0.0006	0.0166	2.9989	12.2009	12.3267	0.0003	0.0003	0.0000	0.0003	0.0003	0.0000	0.0000	0.0000	0.0000	0.0017	0.0002	0.0015	0.0006	0.0002	0.0003	0.0012	0.0000	0.0012	0.0009	0.0008	0.0001	0.0004	0.0004	0.0000	0.0005	0.0004	0.0001	0.2004	0.1078	0.0926	0.0335	0.0309	0.0027	0.1669	0.0770	0.0899
78	140	0.0669	8	2	0	1	0	1	0	1	0	0	1	0	1	0	0	0	0	0	0	Y	N	N	N	N	N	N	N	N	N	N	N	N	N	N	N	N	N	0.5736	0.2300	3.0895	0.1267	0.1784	0.0000	1.1336	0.0000	4.4595	0.2193	0.0445	1.9892	0.0929	0.0950	0.0000	0.3195	0.0000	2.3964	0.3823	0.1936	0.6439	0.7331	0.5323	4.3414	0.2819	0.0004	0.5374	4.4133	2.4005	0.0000	0.0008	0.0166	0.0011	12.2009	0.8290	0.0000	0.0000	0.0000	0.0000	0.0000	0.0000	0.0000	0.0000	0.0000	0.0052	0.0015	0.0037	0.0022	0.0015	0.0007	0.0030	0.0000	0.0030	0.0000	0.0000	0.0000	0.0000	0.0000	0.0000	0.0000	0.0000	0.0000	0.0136	0.0079	0.0057	0.0030	0.0029	0.0002	0.0106	0.0050	0.0056
78	141	0.0900	10	2	0	1	0	0	0	0	0	0	1	0	1	0	0	0	0	0	0	Y	N	N	N	N	N	N	N	N	N	N	N	N	N	N	N	N	N	5.1859	47.3974	0.0000	6.5309	32.8652	0.0000	0.0000	0.0000	0.0000	0.0156	0.0173	0.0000	0.0339	0.0349	0.0000	0.0000	0.0000	0.0000	0.0030	0.0004	0.0060	0.0052	0.0011	0.0410	0.0024	0.0000	0.0043	0.0000	14.4444	-0.0000	0.0001	0.0166	0.0243	12.2009	8.8037	0.0000	0.0000	0.0000	0.0000	0.0000	0.0000	0.0000	0.0000	0.0000	0.0003	0.0000	0.0003	0.0001	0.0000	0.0001	0.0002	0.0000	0.0002	0.0000	0.0000	0.0000	0.0000	0.0000	0.0000	0.0000	0.0000	0.0000	0.1148	0.0610	0.0538	0.0234	0.0210	0.0024	0.0913	0.0400	0.0514
78	142	0.0734	9	2	0	1	0	1	0	1	0	0	1	0	1	0	0	0	0	0	0	Y	N	N	N	N	N	N	N	N	N	N	N	N	N	N	N	N	N	0.9166	38.0639	0.0000	1.5766	30.6203	0.0000	0.0000	0.0000	0.0000	0.2080	0.2261	0.0000	0.4783	0.4986	0.0000	0.0000	0.0000	0.0000	0.2269	0.0059	0.4692	0.3034	0.0163	3.7319	0.2070	0.0000	0.3562	0.0000	72.0483	-0.0002	0.0145	0.0166	4.9785	12.2009	5.0554	0.0003	0.0003	0.0000	0.0003	0.0003	0.0000	0.0000	0.0000	0.0000	0.0330	0.0005	0.0326	0.0091	0.0005	0.0087	0.0239	0.0000	0.0239	0.0014	0.0013	0.0001	0.0006	0.0006	0.0000	0.0008	0.0007	0.0001	0.1455	0.0761	0.0694	0.0301	0.0277	0.0023	0.1154	0.0483	0.0671
78	143	0.1125	14	2	0	1	0	0	0	0	0	0	1	1	1	0	0	0	0	0	0	Y	N	N	N	N	N	N	N	N	N	N	N	N	N	N	N	N	N	757.8308	590861.5013	0.0000	71004.9717	177550.7114	0.0000	1068.2748	inf	0.0000	0.2411	0.2835	0.0000	0.2052	0.2486	0.0000	0.4296	0.4376	0.0000	0.0003	0.0000	0.0007	0.0000	0.0000	0.0000	0.0004	0.0000	0.0007	0.0000	1219.3131	-0.0000	0.0000	0.0166	0.0000	12.2009	3.0055	0.0000	0.0000	0.0000	0.0000	0.0000	0.0000	0.0000	0.0000	0.0000	0.0000	0.0000	0.0000	0.0000	0.0000	0.0000	0.0000	0.0000	0.0000	0.0000	0.0000	0.0000	0.0000	0.0000	0.0000	0.0000	0.0000	0.0000	0.0380	0.0206	0.0173	0.0080	0.0071	0.0009	0.0300	0.0136	0.0164
78	144	0.0994	13	2	0	1	0	0	0	0	0	1	1	1	1	0	0	0	0	0	0	Y	N	N	N	N	N	N	N	N	N	N	N	N	N	N	N	N	N	65.9888	58038.7976	0.0000	6089.4127	33207.4369	0.0000	26.5109	inf	0.0000	21.3627	23.2614	0.0000	34.1329	35.7474	0.0000	11.0180	12.3959	0.0000	0.3237	0.0004	0.6987	0.0056	0.0011	0.0431	0.4156	0.0000	0.7348	0.0000	1503.1855	-0.0076	0.0155	0.0166	2.0192	12.2009	6.0784	0.0129	0.0129	0.0000	0.0093	0.0093	0.0000	0.0037	0.0037	0.0000	0.0343	0.0000	0.0342	0.0001	0.0000	0.0001	0.0341	0.0000	0.0341	0.0006	0.0006	0.0000	0.0003	0.0003	0.0000	0.0003	0.0003	0.0000	0.1058	0.0568	0.0490	0.0237	0.0212	0.0026	0.0821	0.0357	0.0464
78	145	0.0947	12	2	0	1	0	1	0	0	0	0	1	0	1	0	0	0	0	0	0	Y	N	N	N	N	N	N	N	N	N	N	N	N	N	N	N	N	N	18.7211	51.5034	0.0000	40.2365	36.7904	0.0000	0.3262	202.3529	0.0000	0.1248	0.1356	0.0000	0.2831	0.2952	0.0000	0.0021	0.0024	0.0000	0.0067	0.0026	0.0112	0.0070	0.0080	0.0003	0.0066	0.0000	0.0118	0.0000	3.7924	-0.0000	0.0001	0.0166	1.9811	12.2009	0.9869	0.0001	0.0001	0.0000	0.0001	0.0001	0.0000	0.0000	0.0000	0.0000	0.0002	0.0001	0.0002	0.0001	0.0001	0.0000	0.0002	0.0000	0.0002	0.0006	0.0005	0.0000	0.0003	0.0002	0.0000	0.0003	0.0003	0.0000	0.0373	0.0197	0.0176	0.0074	0.0065	0.0010	0.0299	0.0133	0.0167
79	82	0.0863	17	2	0	1	0	1	0	0	0	1	0	1	0	0	0	0	0	0	0	Y	N	N	N	N	N	N	N	N	N	N	N	N	N	N	N	N	N	0.0000	0.0000	0.0000	0.0000	0.0000	0.0000	0.0000	0.0000	0.0000	0.0000	0.0000	0.0000	0.0000	0.0000	0.0000	0.0000	0.0000	0.0000	0.2627	0.3078	0.2180	0.0013	0.0015	0.0000	0.3079	0.4124	0.2272		0.7133	0.0000	-0.0037	1.0285	1.9997	7.9781	10.5319	0.0000	0.0000	0.0000	0.0000	0.0000	0.0000	0.0000	0.0000	0.0000	0.0284	0.0166	0.0118	0.0000	0.0000	0.0000	0.0284	0.0166	0.0118	0.0146	0.0126	0.0020	0.0004	0.0004	0.0000	0.0142	0.0122	0.0020	0.1081	0.0538	0.0542	0.0159	0.0137	0.0022	0.0922	0.0401	0.0520
79	83	0.0839	16	2	0	1	0	1	0	1	0	0	0	0	0	0	0	0	0	0	0	Y	N	N	N	N	N	N	N	N	N	N	N	N	N	N	N	N	N	0.0000	0.0000	0.0000	0.0000	0.0000	0.0000	0.0000	0.0000	0.0000	0.0000	0.0000	0.0000	0.0000	0.0000	0.0000	0.0000	0.0000	0.0000	0.0020	0.0012	0.0028	0.0000	0.0000	0.0000	0.0023	0.0016	0.0029		2.4175	0.0000	0.0000	1.0285	0.0006	7.9781	1.5062	0.0000	0.0000	0.0000	0.0000	0.0000	0.0000	0.0000	0.0000	0.0000	0.0000	0.0000	0.0000	0.0000	0.0000	0.0000	0.0000	0.0000	0.0000	0.0000	0.0000	0.0000	0.0000	0.0000	0.0000	0.0000	0.0000	0.0000	0.0130	0.0064	0.0066	0.0018	0.0015	0.0003	0.0112	0.0049	0.0063
79	84	0.0586	12	2	0	0	0	1	0	0	0	0	0	0	0	0	0	0	0	0	0	Y	N	N	N	N	N	N	N	N	N	N	N	N	N	N	N	N	N	0.1801	0.0000	824.7253	0.0000	0.0000	0.0000	69.8294	0.0000	817.6516	0.0137	0.0000	0.0996	0.0000	0.0000	0.0000	0.0141	0.0000	0.1006	0.0762	0.1505	0.0001	0.6523	0.7119	0.0000	0.0002	0.0003	0.0001	inf	0.0008	0.0001	-0.0070	1.0285	2.9998	7.9781	15.4389	0.0003	0.0000	0.0003	0.0000	0.0000	0.0000	0.0003	0.0000	0.0003	0.0128	0.0128	0.0000	0.0128	0.0128	0.0000	0.0000	0.0000	0.0000	0.0218	0.0188	0.0030	0.0006	0.0006	0.0000	0.0212	0.0182	0.0030	0.1677	0.0849	0.0828	0.0196	0.0179	0.0016	0.1482	0.0670	0.0812
79	87	0.1143	19	2	0	1	0	1	0	1	0	0	0	1	1	0	0	0	0	0	0	Y	N	N	N	N	N	N	N	N	N	N	N	N	N	N	N	N	N	0.0000	0.0000	0.0000	0.0000	0.0000	0.0000	0.0000	0.0000	0.0000	0.0000	0.0000	0.0000	0.0000	0.0000	0.0000	0.0000	0.0000	0.0000	0.2940	0.3080	0.2771	0.6648	0.7275	0.0000	0.1687	0.0007	0.2911		0.7484	0.0000	-0.0025	1.0285	0.0022	7.9781	6.6376	0.0000	0.0000	0.0000	0.0000	0.0000	0.0000	0.0000	0.0000	0.0000	0.0207	0.0118	0.0089	0.0118	0.0118	0.0000	0.0089	0.0000	0.0089	0.0000	0.0000	0.0000	0.0000	0.0000	0.0000	0.0000	0.0000	0.0000	0.0704	0.0385	0.0320	0.0178	0.0163	0.0015	0.0526	0.0222	0.0304
79	88	0.0998	18	2	0	0	0	1	0	0	0	0	0	1	1	0	0	0	0	0	0	Y	N	N	N	N	N	N	N	N	N	N	N	N	N	N	N	N	N	0.0000	0.0006	0.0000	0.0080	0.0077	0.0000	0.0000	0.0000	0.0000	0.0000	0.0000	0.0000	0.0001	0.0001	0.0000	0.0000	0.0000	0.0000	0.2258	0.0072	0.5064	0.0099	0.0107	0.0000	0.3033	0.0046	0.5287	0.0000	54.5323	-0.0000	0.0111	1.0285	1.0173	7.9781	8.6136	0.0000	0.0000	0.0000	0.0000	0.0000	0.0000	0.0000	0.0000	0.0000	0.0255	0.0005	0.0250	0.0003	0.0003	0.0000	0.0252	0.0002	0.0250	0.0076	0.0066	0.0011	0.0004	0.0003	0.0000	0.0073	0.0063	0.0010	0.1129	0.0635	0.0494	0.0298	0.0277	0.0021	0.0831	0.0357	0.0473
79	89	0.0634	13	2	0	1	0	1	0	1	0	0	0	0	0	0	0	0	0	0	0	Y	N	N	N	N	N	N	N	N	N	N	N	N	N	N	N	N	N	3.6723	511.2800	1.6745	2221.5367	23087.0008	639.6479	0.7728	122.7288	0.0125	1.4355	1.4490	1.3508	37.4946	32.9639	116.5262	0.3486	0.4039	0.0102	0.3909	0.0028	0.8067	0.0169	0.0014	0.1822	0.4511	0.0033	0.8224	0.1491	265.6451	-0.0142	0.0335	1.0285	2.9990	7.9781	17.4729	0.0314	0.0273	0.0041	0.0240	0.0199	0.0040	0.0074	0.0074	0.0000	0.0747	0.0003	0.0745	0.0004	0.0000	0.0004	0.0743	0.0002	0.0740	0.0219	0.0189	0.0030	0.0006	0.0006	0.0000	0.0212	0.0182	0.0030	0.1912	0.0989	0.0923	0.0265	0.0242	0.0023	0.1647	0.0746	0.0900
79	90	0.0998	18	2	0	0	0	1	0	0	0	0	0	1	1	0	0	0	0	0	0	Y	N	N	N	N	N	N	N	N	N	N	N	N	N	N	N	N	N	0.7380	0.5141	0.0000	0.0000	0.0000	0.0000	5.7579	22.5341	0.0000	0.0027	0.0031	0.0000	0.0000	0.0000	0.0000	0.0028	0.0033	0.0000	0.0036	0.0061	0.0007	0.0136	0.0148	0.0000	0.0005	0.0001	0.0007	0.0000	0.0970	-0.0000	-0.0002	1.0285	2.0138	7.9781	11.8132	0.0000	0.0000	0.0000	0.0000	0.0000	0.0000	0.0000	0.0000	0.0000	0.0005	0.0005	0.0000	0.0005	0.0005	0.0000	0.0001	0.0000	0.0000	0.0149	0.0128	0.0020	0.0006	0.0006	0.0000	0.0143	0.0123	0.0020	0.1458	0.0799	0.0659	0.0351	0.0322	0.0030	0.1107	0.0477	0.0630
79	91	0.0913	17	2	0	0	0	1	0	0	0	1	1	1	1	0	0	0	0	0	0	Y	N	N	N	N	N	N	N	N	N	N	N	N	N	N	N	N	N	0.0000	0.0000	0.0000	0.0000	0.0000	0.0000	0.0002	0.0042	0.0000	0.0000	0.0000	0.0000	0.0000	0.0000	0.0000	0.0000	0.0000	0.0000	0.0509	0.0791	0.0144	0.1722	0.1850	0.0000	0.0087	0.0005	0.0150	0.0000	0.1411	-0.0000	-0.0016	1.0285	1.9725	7.9781	4.2763	0.0000	0.0000	0.0000	0.0000	0.0000	0.0000	0.0000	0.0000	0.0000	0.0038	0.0033	0.0005	0.0033	0.0033	0.0000	0.0005	0.0000	0.0005	0.0146	0.0126	0.0020	0.0005	0.0005	0.0000	0.0141	0.0121	0.0020	0.0746	0.0420	0.0325	0.0192	0.0179	0.0013	0.0553	0.0241	0.0312
79	92	0.0626	12	2	0	1	0	2	0	1	0	0	0	0	0	0	0	0	0	0	0	Y	N	N	N	N	N	N	N	N	N	N	N	N	N	N	N	N	N	0.0000	0.0000	0.0000	0.0000	0.0000	0.0000	0.0000	0.0000	0.0000	0.0000	0.0000	0.0000	0.0000	0.0000	0.0000	0.0000	0.0000	0.0000	0.0580	0.0012	0.1140	0.0047	0.0052	0.0000	0.0640	0.0003	0.1164		94.9602	0.0000	0.0099	1.0285	5.0000	7.9781	42.2706	0.0000	0.0000	0.0000	0.0000	0.0000	0.0000	0.0000	0.0000	0.0000	0.0223	0.0002	0.0221	0.0002	0.0002	0.0000	0.0221	0.0000	0.0221	0.0362	0.0312	0.0050	0.0010	0.0010	0.0001	0.0351	0.0302	0.0049	0.3851	0.1913	0.1938	0.0391	0.0350	0.0041	0.3460	0.1563	0.1897
79	97	0.0677	9	2	0	1	0	1	0	1	0	0	0	0	0	0	0	0	0	0	0	Y	N	N	N	N	N	N	N	N	N	N	N	N	N	N	N	N	N	0.0000	0.0000	0.0000	0.0000	0.0000	0.0000	0.0000	0.0000	0.0000	0.0000	0.0000	0.0000	0.0000	0.0000	0.0000	0.0000	0.0000	0.0000	8.5234	0.0213	16.7425	0.0552	0.0681	0.0023	9.9798	0.0065	17.7488		813.8827	0.0000	0.8974	1.0285	2.0000	7.9781	24.9502	0.0000	0.0000	0.0000	0.0000	0.0000	0.0000	0.0000	0.0000	0.0000	1.9921	0.0024	1.9896	0.0019	0.0019	0.0000	1.9902	0.0006	1.9896	0.0146	0.0126	0.0020	0.0004	0.0004	0.0000	0.0142	0.0122	0.0020	0.2337	0.1149	0.1188	0.0343	0.0276	0.0067	0.1994	0.0873	0.1121
79	98	0.1213	18	2	0	0	1	1	0	0	1	0	0	1	1	0	0	0	0	0	0	Y	N	N	N	N	N	N	N	N	N	N	N	N	N	N	N	N	N	19.4867	0.0000	70.2146	0.2880	0.0000	inf	16.7302	0.0000	67.2392	0.0032	0.0000	0.0232	0.0000	0.0000	0.0001	0.0033	0.0000	0.0234	0.0002	0.0000	0.0003	0.0000	0.0000	0.0000	0.0002	0.0000	0.0003	inf	78.6570	0.0000	0.0000	1.0285	2.9999	7.9781	3.9821	0.0001	0.0000	0.0001	0.0000	0.0000	0.0000	0.0001	0.0000	0.0001	0.0000	0.0000	0.0000	0.0000	0.0000	0.0000	0.0000	0.0000	0.0000	0.0219	0.0189	0.0030	0.0006	0.0006	0.0000	0.0213	0.0183	0.0030	0.0623	0.0318	0.0305	0.0110	0.0094	0.0016	0.0513	0.0223	0.0289
79	99	0.1182	17	2	0	0	0	1	0	0	0	0	0	1	1	0	0	0	0	0	0	Y	N	N	N	N	N	N	N	N	N	N	N	N	N	N	N	N	N	8.5606	292.3089	3.7949	321.4665	291.0446	0.0000	2.8369	3316.2111	3.8812	0.0043	0.0043	0.0039	0.0124	0.0128	0.0000	0.0017	0.0014	0.0042	0.0005	0.0000	0.0010	0.0000	0.0000	0.0000	0.0006	0.0000	0.0011	0.1015	63.9479	-0.0000	0.0000	1.0285	0.0003	7.9781	2.0601	0.0000	0.0000	0.0000	0.0000	0.0000	0.0000	0.0000	0.0000	0.0000	0.0000	0.0000	0.0000	0.0000	0.0000	0.0000	0.0000	0.0000	0.0000	0.0000	0.0000	0.0000	0.0000	0.0000	0.0000	0.0000	0.0000	0.0000	0.0199	0.0104	0.0095	0.0039	0.0034	0.0005	0.0160	0.0070	0.0091
79	100	0.0983	16	2	0	0	0	1	0	0	0	1	1	1	1	0	0	0	0	0	0	Y	N	N	N	N	N	N	N	N	N	N	N	N	N	N	N	N	N	0.9277	0.5784	0.0000	0.0000	0.0000	0.0000	8.4118	8.7835	0.0000	0.0018	0.0021	0.0000	0.0000	0.0000	0.0000	0.0019	0.0022	0.0000	0.0020	0.0037	0.0002	0.0104	0.0119	0.0000	0.0002	0.0002	0.0002	0.0000	0.0508	-0.0000	-0.0001	1.0285	3.0014	7.9781	9.1620	0.0000	0.0000	0.0000	0.0000	0.0000	0.0000	0.0000	0.0000	0.0000	0.0002	0.0002	0.0000	0.0002	0.0002	0.0000	0.0000	0.0000	0.0000	0.0219	0.0189	0.0030	0.0006	0.0006	0.0000	0.0213	0.0183	0.0030	0.1106	0.0566	0.0540	0.0190	0.0166	0.0024	0.0916	0.0400	0.0516
79	101	0.0855	15	2	0	0	0	1	0	0	0	0	0	0	0	0	0	0	0	0	0	Y	N	N	N	N	N	N	N	N	N	N	N	N	N	N	N	N	N	0.1234	0.6094	0.0000	0.0000	0.0000	0.0000	0.1264	0.9819	0.0000	0.0004	0.0004	0.0000	0.0000	0.0000	0.0000	0.0004	0.0005	0.0000	0.0029	0.0007	0.0050	0.0011	0.0013	0.0001	0.0032	0.0005	0.0052	0.0000	7.8032	-0.0000	0.0001	1.0285	0.0077	7.9781	8.0757	0.0000	0.0000	0.0000	0.0000	0.0000	0.0000	0.0000	0.0000	0.0000	0.0002	0.0000	0.0002	0.0000	0.0000	0.0000	0.0002	0.0000	0.0002	0.0001	0.0001	0.0000	0.0000	0.0000	0.0000	0.0001	0.0001	0.0000	0.0689	0.0341	0.0348	0.0096	0.0081	0.0015	0.0593	0.0260	0.0334
79	102	0.0839	14	2	0	0	0	1	0	0	0	0	0	0	0	0	0	0	0	0	0	Y	N	N	N	N	N	N	N	N	N	N	N	N	N	N	N	N	N	0.0000	0.0000	0.0000	0.0000	0.0000	0.0000	0.0000	0.0000	0.0000	0.0000	0.0000	0.0000	0.0000	0.0000	0.0000	0.0000	0.0000	0.0000	0.0000	0.0000	0.0000	0.0001	0.0001	0.0000	0.0000	0.0000	0.0000		1.1285	0.0000	-0.0000	1.0285	0.0011	7.9781	1.0060	0.0000	0.0000	0.0000	0.0000	0.0000	0.0000	0.0000	0.0000	0.0000	0.0000	0.0000	0.0000	0.0000	0.0000	0.0000	0.0000	0.0000	0.0000	0.0000	0.0000	0.0000	0.0000	0.0000	0.0000	0.0000	0.0000	0.0000	0.0087	0.0043	0.0044	0.0012	0.0010	0.0002	0.0075	0.0033	0.0042
79	106	0.0456	8	2	0	1	0	1	0	0	0	0	0	0	0	0	0	0	0	0	0	Y	N	N	N	N	N	N	N	N	N	N	N	N	N	N	N	N	N	5.8267	0.0000	130570.5529	0.0032	0.0031	0.0000	5.4320	0.0000	131258.6522	34.3161	0.0004	248.9914	0.0000	0.0000	0.0000	35.3200	0.0004	251.5840	5.8895	11.6710	0.0019	0.0061	0.0066	0.0014	6.5022	14.0472	0.0019	99506.7942	0.0002	0.4154	-0.5442	1.0285	4.0001	7.9781	15.3361	0.9967	0.0000	0.9967	0.0000	0.0000	0.0000	0.9967	0.0000	0.9967	0.9928	0.9926	0.0002	0.0001	0.0001	0.0000	0.9927	0.9925	0.0002	0.0290	0.0250	0.0040	0.0008	0.0008	0.0000	0.0282	0.0243	0.0040	0.1686	0.0851	0.0835	0.0159	0.0144	0.0015	0.1527	0.0707	0.0820
79	107	0.0249	4	2	0	1	0	1	0	0	0	0	0	0	0	0	0	0	0	0	0	Y	N	N	N	N	N	N	N	N	N	N	N	N	N	N	N	N	N	0.1647	0.3294	0.0447	55.5301	52.1978	202.4596	0.0159	0.0250	0.0186	0.0098	0.0108	0.0038	0.2456	0.2552	0.1200	0.0010	0.0009	0.0016	0.0595	0.0327	0.0843	0.0044	0.0049	0.0006	0.0631	0.0363	0.0854	0.0566	2.7809	-0.0000	0.0016	1.0285	1.0040	7.9781	14.1141	0.0001	0.0001	0.0000	0.0001	0.0001	0.0000	0.0000	0.0000	0.0000	0.0083	0.0022	0.0061	0.0000	0.0000	0.0000	0.0083	0.0022	0.0061	0.0075	0.0065	0.0010	0.0003	0.0003	0.0000	0.0073	0.0062	0.0010	0.1395	0.0671	0.0724	0.0085	0.0076	0.0009	0.1310	0.0595	0.0715
79	108	0.0170	3	2	0	1	0	2	0	1	0	0	0	0	0	0	0	0	0	0	0	Y	N	N	N	N	N	N	N	N	N	N	N	N	N	N	N	N	N	5.3325	6.6122	6.3324	inf	inf	inf	1.4820	1.5265	2.9185	0.0082	0.0076	0.0118	0.1920	0.1761	0.3943	0.0023	0.0018	0.0054	0.0015	0.0012	0.0019	0.0000	0.0000	0.0000	0.0015	0.0012	0.0019	0.2505	1.9288	-0.0000	0.0000	1.0285	1.0065	7.9781	3.9764	0.0001	0.0000	0.0000	0.0000	0.0000	0.0000	0.0000	0.0000	0.0000	0.0001	0.0000	0.0000	0.0000	0.0000	0.0000	0.0001	0.0000	0.0000	0.0075	0.0065	0.0010	0.0002	0.0002	0.0000	0.0073	0.0062	0.0010	0.0448	0.0204	0.0244	0.0000	0.0000	0.0000	0.0448	0.0204	0.0244
79	112	0.0913	17	2	0	1	0	1	0	1	0	0	0	0	0	0	0	0	0	0	0	Y	N	N	N	N	N	N	N	N	N	N	N	N	N	N	N	N	N	0.0000	0.0000	0.0000	0.0000	0.0000	0.0000	0.0000	0.0000	0.0000	0.0000	0.0000	0.0000	0.0000	0.0000	0.0000	0.0000	0.0000	0.0000	6.7680	0.0005	14.4687	0.0005	0.0006	0.0000	8.5649	0.0004	15.1618		27048.9975	0.0000	0.4290	1.0285	3.0154	7.9781	11.4025	0.0000	0.0000	0.0000	0.0000	0.0000	0.0000	0.0000	0.0000	0.0000	0.9497	0.0000	0.9497	0.0000	0.0000	0.0000	0.9497	0.0000	0.9497	0.0222	0.0191	0.0031	0.0007	0.0007	0.0000	0.0214	0.0184	0.0030	0.1403	0.0747	0.0656	0.0294	0.0264	0.0030	0.1109	0.0482	0.0626
79	113	0.0839	16	2	0	0	0	1	0	0	0	0	0	0	0	0	0	0	0	0	0	Y	N	N	N	N	N	N	N	N	N	N	N	N	N	N	N	N	N	0.0000	0.0000	0.0000	0.0000	0.0000	0.0000	0.0000	0.0000	0.0000	0.0000	0.0000	0.0000	0.0000	0.0000	0.0000	0.0000	0.0000	0.0000	0.0830	0.0005	0.1629	0.0000	0.0000	0.0000	0.0959	0.0007	0.1699		324.2807	0.0000	0.0015	1.0285	0.0182	7.9781	4.6661	0.0000	0.0000	0.0000	0.0000	0.0000	0.0000	0.0000	0.0000	0.0000	0.0033	0.0000	0.0033	0.0000	0.0000	0.0000	0.0033	0.0000	0.0033	0.0001	0.0001	0.0000	0.0000	0.0000	0.0000	0.0001	0.0001	0.0000	0.0400	0.0197	0.0203	0.0054	0.0046	0.0008	0.0346	0.0151	0.0195
79	114	0.0839	15	2	0	0	0	1	0	0	0	0	0	0	0	0	0	0	0	0	0	Y	N	N	N	N	N	N	N	N	N	N	N	N	N	N	N	N	N	0.0000	0.0000	0.0000	0.0000	0.0000	0.0000	0.0000	0.0000	0.0000	0.0000	0.0000	0.0000	0.0000	0.0000	0.0000	0.0000	0.0000	0.0000	0.0001	0.0002	0.0000	0.0000	0.0004	0.0000	0.0001	0.0000	0.0000		0.6154	0.0000	-0.0000	1.0285	0.0004	7.9781	0.0007	0.0000	0.0000	0.0000	0.0000	0.0000	0.0000	0.0000	0.0000	0.0000	0.0000	0.0000	0.0000	0.0000	0.0000	0.0000	0.0000	0.0000	0.0000	0.0000	0.0000	0.0000	0.0000	0.0000	0.0000	0.0000	0.0000	0.0000	0.0000	0.0000	0.0000	0.0000	0.0000	0.0000	0.0000	0.0000	0.0000
79	115	0.0839	14	2	0	0	0	1	0	0	0	0	0	0	0	0	0	0	0	0	0	Y	N	N	N	N	N	N	N	N	N	N	N	N	N	N	N	N	N	0.0000	0.0000	0.0000	0.0000	0.0000	0.0000	0.0000	0.0000	0.0000	0.0000	0.0000	0.0000	0.0000	0.0000	0.0000	0.0000	0.0000	0.0000	0.0001	0.0002	0.0000	0.0000	0.0003	0.0000	0.0001	0.0000	0.0000		0.2667	0.0000	-0.0000	1.0285	0.0004	7.9781	0.0002	0.0000	0.0000	0.0000	0.0000	0.0000	0.0000	0.0000	0.0000	0.0000	0.0000	0.0000	0.0000	0.0000	0.0000	0.0000	0.0000	0.0000	0.0000	0.0000	0.0000	0.0000	0.0000	0.0000	0.0000	0.0000	0.0000	0.0000	0.0000	0.0000	0.0000	0.0000	0.0000	0.0000	0.0000	0.0000	0.0000
79	116	0.0634	13	2	0	0	0	1	0	0	0	0	0	0	0	0	0	0	0	0	0	Y	N	N	N	N	N	N	N	N	N	N	N	N	N	N	N	N	N	0.3812	42.6352	0.1439	10.2259	78.9598	0.7651	0.2118	26.9266	0.0038	0.1786	0.1843	0.1446	0.2220	0.2237	0.2137	0.1180	0.1326	0.0039	0.4686	0.0043	1.0049	0.0217	0.0028	0.2793	0.5573	0.0049	1.0230	0.1320	201.2005	-0.0000	0.0274	1.0285	0.0012	7.9781	12.6705	0.0000	0.0000	0.0000	0.0000	0.0000	0.0000	0.0000	0.0000	0.0000	0.0612	0.0003	0.0609	0.0005	0.0001	0.0004	0.0607	0.0002	0.0605	0.0000	0.0000	0.0000	0.0000	0.0000	0.0000	0.0000	0.0000	0.0000	0.1307	0.0700	0.0606	0.0216	0.0202	0.0015	0.1090	0.0499	0.0591
79	117	0.0586	12	2	0	0	0	1	0	0	0	0	0	0	0	0	0	0	0	0	0	Y	N	N	N	N	N	N	N	N	N	N	N	N	N	N	N	N	N	0.0344	3.0179	0.0142	64.7176	56.1080	514.6888	0.0070	0.6603	0.0001	0.6601	0.6621	0.6465	5.1061	4.2995	70.5182	0.1725	0.2010	0.0049	19.2092	0.2194	45.5910	0.0789	0.0766	0.1370	24.7763	0.3044	46.5296	0.1489	149.5708	-0.0000	0.4078	1.0285	0.0012	7.9781	3.6220	0.0000	0.0000	0.0000	0.0000	0.0000	0.0000	0.0000	0.0000	0.0000	0.9162	0.0061	0.9101	0.0008	0.0008	0.0001	0.9153	0.0053	0.9101	0.0000	0.0000	0.0000	0.0000	0.0000	0.0000	0.0000	0.0000	0.0000	0.0477	0.0277	0.0200	0.0108	0.0103	0.0004	0.0369	0.0174	0.0196
79	118	0.0552	11	2	0	0	0	2	0	0	0	0	0	0	0	0	0	0	0	0	0	Y	N	N	N	N	N	N	N	N	N	N	N	N	N	N	N	N	N	0.0038	0.0010	0.0162	0.0018	0.0017	0.0000	0.0049	0.0000	0.0158	0.0019	0.0003	0.0130	0.0013	0.0013	0.0000	0.0021	0.0000	0.0131	0.5142	0.3223	0.8051	0.7434	0.7749	0.0008	0.4342	0.0055	0.8269	5.6250	1.6473	0.0000	0.0015	1.0285	0.0004	7.9781	2.6029	0.0000	0.0000	0.0000	0.0000	0.0000	0.0000	0.0000	0.0000	0.0000	0.0202	0.0076	0.0126	0.0076	0.0076	0.0000	0.0127	0.0001	0.0126	0.0000	0.0000	0.0000	0.0000	0.0000	0.0000	0.0000	0.0000	0.0000	0.0393	0.0237	0.0156	0.0102	0.0098	0.0004	0.0292	0.0139	0.0152
79	119	0.0715	11	2	0	1	0	1	0	0	0	0	0	0	0	0	0	0	0	0	0	Y	N	N	N	N	N	N	N	N	N	N	N	N	N	N	N	N	N	0.0016	0.0000	0.0057	0.0000	0.0000	0.0000	0.0013	0.0000	0.0054	0.0069	0.0000	0.0504	0.0000	0.0000	0.0000	0.0071	0.0000	0.0509	4.4389	0.0194	8.8657	0.0575	0.0688	0.0083	5.2826	0.0019	9.4335	inf	455.4468	0.0001	0.4464	1.0285	6.0007	7.9781	19.0307	0.0003	0.0000	0.0003	0.0000	0.0000	0.0000	0.0003	0.0000	0.0003	0.9929	0.0022	0.9907	0.0021	0.0020	0.0001	0.9908	0.0002	0.9907	0.0433	0.0373	0.0060	0.0012	0.0011	0.0001	0.0421	0.0362	0.0059	0.2237	0.1119	0.1117	0.0361	0.0294	0.0067	0.1876	0.0825	0.1050
79	120	0.0680	10	2	0	1	0	1	0	1	0	0	0	0	0	0	0	0	0	0	0	Y	N	N	N	N	N	N	N	N	N	N	N	N	N	N	N	N	N	0.0186	0.0000	0.1749	0.0000	0.0000	0.0000	0.0323	0.0000	0.1414	0.0017	0.0000	0.0121	0.0000	0.0000	0.0000	0.0017	0.0000	0.0122	0.0900	0.1108	0.0689	0.1597	0.2286	0.0069	0.0531	0.0049	0.0861	inf	0.6112	0.0000	-0.0006	1.0285	0.0034	7.9781	3.2312	0.0000	0.0000	0.0000	0.0000	0.0000	0.0000	0.0000	0.0000	0.0000	0.0038	0.0024	0.0015	0.0024	0.0023	0.0000	0.0015	0.0001	0.0014	0.0000	0.0000	0.0000	0.0000	0.0000	0.0000	0.0000	0.0000	0.0000	0.0426	0.0215	0.0211	0.0148	0.0102	0.0046	0.0278	0.0113	0.0165
79	121	0.0677	9	2	0	0	0	1	0	0	0	0	0	0	0	0	0	0	0	0	0	Y	N	N	N	N	N	N	N	N	N	N	N	N	N	N	N	N	N	0.0000	0.0000	0.0000	0.0000	0.0000	0.0000	0.0000	0.0000	0.0000	0.0000	0.0000	0.0000	0.0000	0.0000	0.0000	0.0000	0.0000	0.0000	0.0862	0.1617	0.0062	0.1636	0.2294	0.0073	0.0044	0.0017	0.0056		0.0360	0.0000	-0.0013	1.0285	0.0000	7.9781	1.2022	0.0000	0.0000	0.0000	0.0000	0.0000	0.0000	0.0000	0.0000	0.0000	0.0024	0.0024	0.0001	0.0024	0.0023	0.0000	0.0001	0.0000	0.0001	0.0000	0.0000	0.0000	0.0000	0.0000	0.0000	0.0000	0.0000	0.0000	0.0283	0.0146	0.0137	0.0145	0.0102	0.0043	0.0138	0.0043	0.0094
79	122	0.0464	8	2	0	0	0	2	0	0	0	0	0	0	0	0	0	0	0	0	0	Y	N	N	N	N	N	N	N	N	N	N	N	N	N	N	N	N	N	0.0000	0.0000	0.0000	0.0000	0.0000	0.0000	0.0000	0.0000	0.0000	0.0000	0.0000	0.0000	0.0000	0.0000	0.0000	0.0000	0.0000	0.0000	0.0186	0.0327	0.0021	0.0776	0.0899	0.0075	0.0048	0.0083	0.0017		0.0548	0.0000	-0.0013	1.0285	0.0041	7.9781	12.5856	0.0000	0.0000	0.0000	0.0000	0.0000	0.0000	0.0000	0.0000	0.0000	0.0025	0.0024	0.0001	0.0020	0.0020	0.0000	0.0005	0.0004	0.0001	0.0001	0.0000	0.0000	0.0000	0.0000	0.0000	0.0000	0.0000	0.0000	0.1366	0.0735	0.0632	0.0259	0.0220	0.0039	0.1108	0.0515	0.0593
79	131	0.0774	12	2	0	1	0	1	0	0	0	0	0	0	0	0	0	0	0	0	0	Y	N	N	N	N	N	N	N	N	N	N	N	N	N	N	N	N	N	0.0048	0.0038	0.0059	0.0185	0.0150	403.3914	0.0002	0.0045	0.0000	0.0008	0.0008	0.0006	0.0125	0.0115	0.0338	0.0000	0.0000	0.0000	0.1597	0.2081	0.1089	0.6737	0.7660	0.0001	0.0647	0.0039	0.1132	0.1305	0.4984	-0.0000	-0.0030	1.0285	1.0211	7.9781	9.0731	0.0000	0.0000	0.0000	0.0000	0.0000	0.0000	0.0000	0.0000	0.0000	0.0141	0.0094	0.0047	0.0093	0.0093	0.0000	0.0048	0.0001	0.0047	0.0078	0.0067	0.0011	0.0005	0.0005	0.0000	0.0073	0.0063	0.0011	0.0882	0.0452	0.0430	0.0138	0.0121	0.0017	0.0745	0.0331	0.0414
79	138	0.0712	9	2	0	1	0	1	0	0	0	0	0	1	0	0	0	0	0	0	0	Y	N	N	N	N	N	N	N	N	N	N	N	N	N	N	N	N	N	0.5342	0.3416	0.0000	0.0000	0.0000	0.0000	2025.7319	1837.5776	0.0000	0.0024	0.0029	0.0000	0.0000	0.0000	0.0000	0.0035	0.0048	0.0000	0.0044	0.0084	0.0000	0.0255	0.0290	0.0000	0.0000	0.0000	0.0000	0.0167	0.0001	-0.0000	-0.0001	1.0285	0.0010	7.9781	4.0030	0.0000	0.0000	0.0000	0.0000	0.0000	0.0000	0.0000	0.0000	0.0000	0.0002	0.0002	0.0000	0.0002	0.0002	0.0000	0.0000	0.0000	0.0000	0.0000	0.0000	0.0000	0.0000	0.0000	0.0000	0.0000	0.0000	0.0000	0.0380	0.0201	0.0180	0.0066	0.0058	0.0008	0.0314	0.0143	0.0172
79	139	0.0456	8	2	0	1	0	1	0	0	0	1	0	1	0	0	0	0	0	0	0	Y	N	N	N	N	N	N	N	N	N	N	N	N	N	N	N	N	N	4.9876	4.3930	4.8878	1.8963	1.8386	0.0000	9.0614	25.0670	4.9053	0.0165	0.0170	0.0133	0.0321	0.0338	0.0000	0.0160	0.0164	0.0134	0.0033	0.0039	0.0027	0.0169	0.0184	0.0017	0.0018	0.0007	0.0027	0.1250	0.6737	-0.0002	-0.0001	1.0285	2.9989	7.9781	12.3267	0.0004	0.0003	0.0000	0.0000	0.0000	0.0000	0.0003	0.0003	0.0000	0.0005	0.0003	0.0002	0.0002	0.0002	0.0000	0.0002	0.0000	0.0002	0.0219	0.0188	0.0030	0.0006	0.0006	0.0000	0.0212	0.0183	0.0030	0.1375	0.0702	0.0673	0.0139	0.0127	0.0012	0.1236	0.0575	0.0661
79	140	0.0448	7	2	0	1	0	2	0	1	0	0	0	0	0	0	0	0	0	0	0	Y	N	N	N	N	N	N	N	N	N	N	N	N	N	N	N	N	N	42.7809	0.0276	575.1467	0.0000	0.0000	0.0000	64.7337	0.0428	597.7840	1.8226	0.0016	12.6972	0.0000	0.0000	0.0000	2.1460	0.0020	12.7906	0.0426	0.0587	0.0221	0.0896	0.0907	0.0647	0.0332	0.0459	0.0214	1311.5000	0.2949	0.0000	-0.0001	1.0285	0.0011	7.9781	0.8290	0.0000	0.0000	0.0000	0.0000	0.0000	0.0000	0.0000	0.0000	0.0000	0.0004	0.0003	0.0001	0.0001	0.0001	0.0000	0.0003	0.0002	0.0001	0.0000	0.0000	0.0000	0.0000	0.0000	0.0000	0.0000	0.0000	0.0000	0.0094	0.0053	0.0041	0.0016	0.0015	0.0001	0.0078	0.0038	0.0041
79	141	0.0679	9	2	0	1	0	1	0	0	0	0	0	0	0	0	0	0	0	0	0	Y	N	N	N	N	N	N	N	N	N	N	N	N	N	N	N	N	N	0.0047	0.0000	0.0225	0.0000	0.0000	0.0000	0.0055	0.0000	0.0221	0.0005	0.0000	0.0046	0.0000	0.0000	0.0000	0.0006	0.0000	0.0047	0.1013	0.0008	0.2049	0.0028	0.0030	0.0011	0.1172	0.0000	0.2119	inf	261.2269	0.0000	0.0035	1.0285	0.0243	7.9781	8.8037	0.0000	0.0000	0.0000	0.0000	0.0000	0.0000	0.0000	0.0000	0.0000	0.0079	0.0000	0.0078	0.0000	0.0000	0.0000	0.0078	0.0000	0.0078	0.0003	0.0003	0.0000	0.0001	0.0001	0.0000	0.0003	0.0002	0.0000	0.0776	0.0394	0.0383	0.0108	0.0095	0.0013	0.0669	0.0299	0.0370
79	142	0.0513	8	2	0	1	0	2	0	1	0	0	0	0	0	0	0	0	0	0	0	Y	N	N	N	N	N	N	N	N	N	N	N	N	N	N	N	N	N	0.0009	0.0000	0.0033	0.0000	0.0000	0.0000	0.0008	0.0000	0.0032	0.0083	0.0000	0.0604	0.0000	0.0000	0.0000	0.0086	0.0000	0.0610	9.3385	0.0975	18.4211	0.4260	0.4668	0.0533	10.4505	0.0042	18.8284	inf	192.2583	0.0001	0.3794	1.0285	4.9785	7.9781	5.0554	0.0003	0.0000	0.0003	0.0000	0.0000	0.0000	0.0003	0.0000	0.0003	0.8497	0.0044	0.8453	0.0043	0.0042	0.0001	0.8454	0.0001	0.8452	0.0360	0.0311	0.0050	0.0010	0.0010	0.0001	0.0350	0.0301	0.0049	0.0910	0.0451	0.0459	0.0101	0.0091	0.0010	0.0809	0.0360	0.0449
79	143	0.0904	13	2	0	1	0	1	0	0	0	0	0	1	0	0	0	0	0	0	0	Y	N	N	N	N	N	N	N	N	N	N	N	N	N	N	N	N	N	8.9997	161532.4162	4.5712	374758.7006	302157.8013	inf	7.1226	156635.3036	0.0000	0.1840	0.1822	0.1969	0.1874	0.1741	0.2971	0.1739	0.2084	0.0000	0.0204	0.0000	0.0431	0.0000	0.0000	0.0000	0.0244	0.0000	0.0451	0.1518	34503.0575	-0.0000	0.0002	1.0285	0.0000	7.9781	3.0055	0.0000	0.0000	0.0000	0.0000	0.0000	0.0000	0.0000	0.0000	0.0000	0.0005	0.0000	0.0005	0.0000	0.0000	0.0000	0.0005	0.0000	0.0005	0.0000	0.0000	0.0000	0.0000	0.0000	0.0000	0.0000	0.0000	0.0000	0.0258	0.0136	0.0123	0.0042	0.0036	0.0006	0.0216	0.0099	0.0117
79	144	0.0774	12	2	0	1	0	1	0	0	0	1	0	1	0	0	0	0	0	0	0	Y	N	N	N	N	N	N	N	N	N	N	N	N	N	N	N	N	N	0.0767	630.5153	0.0358	10822.9623	20910.0224	7605.1111	0.0160	146.2694	0.0003	2.0795	2.0936	1.9913	30.7396	26.7261	112.6293	0.5170	0.6004	0.0151	27.1016	0.0033	55.5813	0.0028	0.0013	0.0148	32.2937	0.0041	57.7805	0.1518	15927.2558	-0.0142	0.8834	1.0285	2.0192	7.9781	6.0784	0.0314	0.0273	0.0041	0.0240	0.0199	0.0041	0.0074	0.0074	0.0000	1.9559	0.0001	1.9557	0.0000	0.0000	0.0000	1.9558	0.0001	1.9557	0.0151	0.0130	0.0021	0.0008	0.0007	0.0000	0.0143	0.0123	0.0020	0.0722	0.0370	0.0352	0.0116	0.0103	0.0013	0.0606	0.0267	0.0338
79	145	0.0726	11	2	0	1	0	2	0	0	0	0	0	0	0	0	0	0	0	0	0	Y	N	N	N	N	N	N	N	N	N	N	N	N	N	N	N	N	N	0.0139	0.2554	0.0005	0.1081	0.0805	inf	0.0121	2.8688	0.0000	0.0052	0.0060	0.0004	0.0090	0.0079	0.0297	0.0051	0.0059	0.0000	0.3753	0.0235	0.7288	0.0834	0.0979	0.0000	0.4195	0.0021	0.7585	0.0105	30.8827	-0.0000	0.0040	1.0285	1.9811	7.9781	0.9869	0.0001	0.0001	0.0000	0.0000	0.0000	0.0000	0.0001	0.0001	0.0000	0.0096	0.0003	0.0093	0.0003	0.0003	0.0000	0.0093	0.0000	0.0093	0.0145	0.0125	0.0020	0.0005	0.0005	0.0000	0.0140	0.0120	0.0020	0.0255	0.0128	0.0127	0.0034	0.0029	0.0005	0.0222	0.0099	0.0122
82	84	0.0478	6	2	0	1	0	0	0	0	0	1	0	1	0	0	0	0	0	0	0	Y	N	N	N	N	N	N	N	N	N	N	N	N	N	N	N	N	N	759.5831	0.0000	inf	0.0000	0.0000	0.0000	12996.5081	0.0000	inf	24.2502	0.0000	172.4332	0.0000	0.0000	0.0000	24.2538	0.0000	172.4336	0.0319	0.0640	0.0000	0.2567	0.2818	0.0000	0.0019	0.0042	0.0000	inf	0.0000	0.4168	-0.0043	1.9997	2.9998	10.5319	15.4389	0.9998	0.0000	0.9998	0.0000	0.0000	0.0000	0.9998	0.0000	0.9998	0.0078	0.0078	0.0000	0.0074	0.0074	0.0000	0.0004	0.0004	0.0000	0.0412	0.0354	0.0058	0.0000	0.0000	0.0000	0.0412	0.0354	0.0058	0.2429	0.1212	0.1217	0.0287	0.0261	0.0026	0.2143	0.0951	0.1192
82	85	0.4277	11	1	0	1	0	0	0	0	0	2	0	2	0	0	0	0	0	0	0	N	N	N	N	Y	N	N	N	N	N	N	N	N	N	N	N	N	N	0.0036	0.0027	0.0000	0.0253	0.0229	0.0009	0.0000	0.0000	0.0000	0.0070	0.0080	0.0000	0.0603	0.0628	0.0000	0.0000	0.0000	0.0000	1.9536	3.0106	0.0025	2.3828	2.7388	0.0018	1.5686	3.4819	0.0027	0.0000	0.0005	-0.0016	-2.2449	1.9997	26.8363	10.5319	143.7566	0.0027	0.0027	0.0000	0.0027	0.0027	0.0000	0.0000	0.0000	0.0000	4.0979	4.0960	0.0019	2.3634	2.3632	0.0002	1.7345	1.7328	0.0016	0.3899	0.3392	0.0507	0.0452	0.0435	0.0018	0.3446	0.2957	0.0489	2.0976	1.3605	0.7371	0.9919	0.8629	0.1290	1.1058	0.4977	0.6081
82	88	0.0385	4	2	0	1	0	0	0	0	0	1	0	2	1	0	0	0	0	0	0	Y	N	N	N	Y	N	N	N	N	N	N	N	N	N	N	N	N	N	0.0000	0.0000	0.0000	0.0003	0.0003	0.0000	0.0000	0.0000	0.0000	0.0000	0.0000	0.0000	0.0003	0.0003	0.0000	0.0000	0.0000	0.0000	0.5608	0.2837	0.8651	0.8834	0.9114	0.0009	0.4962	0.0030	0.8745	0.3487	2.7774	-0.0000	0.0164	1.9997	1.0173	10.5319	8.6136	0.0000	0.0000	0.0000	0.0000	0.0000	0.0000	0.0000	0.0000	0.0000	0.0879	0.0233	0.0646	0.0231	0.0231	0.0000	0.0648	0.0002	0.0646	0.0144	0.0124	0.0020	0.0003	0.0003	0.0000	0.0142	0.0121	0.0020	0.1568	0.0821	0.0747	0.0262	0.0254	0.0008	0.1306	0.0567	0.0739
82	90	0.0385	4	2	0	1	0	0	0	0	0	1	0	2	1	0	0	0	0	0	0	Y	N	N	N	Y	N	N	N	N	N	N	N	N	N	N	N	N	N	0.0000	0.0000	12.7829	0.0000	0.0000	0.0000	0.2261	0.0000	12.8148	0.0000	0.0000	0.0000	0.0000	0.0000	0.0000	0.0000	0.0000	0.0000	0.1167	0.2295	0.0000	0.8383	0.8731	0.0000	0.0000	0.0000	0.0000	inf	0.0000	0.0000	-0.0131	1.9997	2.0138	10.5319	11.8132	0.0000	0.0000	0.0000	0.0000	0.0000	0.0000	0.0000	0.0000	0.0000	0.0240	0.0240	0.0000	0.0240	0.0240	0.0000	0.0000	0.0000	0.0000	0.0281	0.0242	0.0039	0.0004	0.0004	0.0000	0.0278	0.0238	0.0039	0.2053	0.1044	0.1009	0.0286	0.0274	0.0011	0.1767	0.0769	0.0998
82	91	0.0300	3	2	0	1	0	0	0	0	0	2	1	2	1	0	0	0	0	0	0	Y	N	N	N	Y	N	N	N	N	N	N	N	N	N	N	N	N	N	0.0000	0.0000	0.0000	0.0001	0.0001	0.0000	0.0000	0.0000	0.0000	0.0000	0.0000	0.0000	0.0001	0.0001	0.0000	0.0000	0.0000	0.0000	0.5398	0.5938	0.4812	2.0305	2.1027	0.0013	0.2734	0.0027	0.4865	1.4041	0.7477	0.0000	-0.0066	1.9997	1.9725	10.5319	4.2763	0.0000	0.0000	0.0000	0.0000	0.0000	0.0000	0.0000	0.0000	0.0000	0.0550	0.0315	0.0235	0.0314	0.0314	0.0000	0.0236	0.0001	0.0235	0.0276	0.0237	0.0039	0.0002	0.0002	0.0000	0.0274	0.0235	0.0039	0.1019	0.0530	0.0489	0.0155	0.0149	0.0005	0.0865	0.0381	0.0484
82	98	0.0600	8	2	0	1	1	0	0	0	1	1	0	2	1	0	0	0	0	0	0	Y	N	N	N	Y	N	N	N	N	N	N	N	N	N	N	N	N	N	0.0000	0.0000	0.0000	0.0000	0.0000	0.0000	0.0000	0.0000	0.0000	0.0000	0.0000	0.0000	0.0000	0.0000	0.0000	0.0000	0.0000	0.0000	0.0000	0.0000	0.0000	0.0000	0.0000	0.0000	0.0000	0.0000	0.0000			0.0000	0.0000	1.9997	2.9999	10.5319	3.9821	0.0000	0.0000	0.0000	0.0000	0.0000	0.0000	0.0000	0.0000	0.0000	0.0000	0.0000	0.0000	0.0000	0.0000	0.0000	0.0000	0.0000	0.0000	0.0413	0.0355	0.0058	0.0003	0.0003	0.0000	0.0410	0.0352	0.0058	0.0890	0.0428	0.0462	0.0086	0.0075	0.0011	0.0804	0.0353	0.0451
82	99	0.0569	7	2	0	1	0	0	0	0	0	1	0	2	1	0	0	0	0	0	0	Y	N	N	N	Y	N	N	N	N	N	N	N	N	N	N	N	N	N	0.0000	0.0000	0.0000	0.0000	0.0000	0.0000	0.0000	0.0000	0.0000	0.0000	0.0000	0.0000	0.0000	0.0000	0.0000	0.0000	0.0000	0.0000	0.0028	0.0007	0.0049	0.0030	0.0033	0.0000	0.0028	0.0000	0.0050		7.0024	0.0000	0.0000	1.9997	0.0003	10.5319	2.0601	0.0000	0.0000	0.0000	0.0000	0.0000	0.0000	0.0000	0.0000	0.0000	0.0001	0.0000	0.0001	0.0000	0.0000	0.0000	0.0001	0.0000	0.0001	0.0000	0.0000	0.0000	0.0000	0.0000	0.0000	0.0000	0.0000	0.0000	0.0284	0.0140	0.0144	0.0034	0.0030	0.0003	0.0250	0.0109	0.0141
82	100	0.0371	6	2	0	1	0	0	0	0	0	2	1	2	1	0	0	0	0	0	0	Y	N	N	N	Y	N	N	N	N	N	N	N	N	N	N	N	N	N	0.0000	0.0000	0.0000	0.0000	0.0000	0.0000	0.0000	0.0000	0.0000	0.0000	0.0000	0.0000	0.0000	0.0000	0.0000	0.0000	0.0000	0.0000	6.2355	0.1711	11.7974	0.8886	0.9834	0.0000	6.7781	0.0000	12.0017		75.1685	0.0000	0.4417	1.9997	3.0014	10.5319	9.1620	0.0000	0.0000	0.0000	0.0000	0.0000	0.0000	0.0000	0.0000	0.0000	1.0070	0.0132	0.9938	0.0132	0.0132	0.0000	0.9938	0.0000	0.9938	0.0413	0.0355	0.0058	0.0000	0.0000	0.0000	0.0413	0.0355	0.0058	0.1615	0.0773	0.0842	0.0149	0.0134	0.0014	0.1466	0.0638	0.0828
82	101	0.0242	5	2	0	1	0	0	0	0	0	1	0	1	0	0	0	0	0	0	0	Y	N	N	N	N	N	N	N	N	N	N	N	N	N	N	N	N	N	0.0001	0.0000	0.0003	0.0000	0.0000	0.0000	0.0001	0.0000	0.0003	0.0000	0.0000	0.0001	0.0000	0.0000	0.0000	0.0000	0.0000	0.0001	0.1881	0.0022	0.3422	0.0049	0.0050	0.0000	0.1919	0.0021	0.3425	inf	189.2184	0.0000	0.0085	1.9997	0.0077	10.5319	8.0757	0.0000	0.0000	0.0000	0.0000	0.0000	0.0000	0.0000	0.0000	0.0000	0.0190	0.0001	0.0189	0.0000	0.0000	0.0000	0.0190	0.0001	0.0189	0.0001	0.0001	0.0000	0.0000	0.0000	0.0000	0.0001	0.0001	0.0000	0.1010	0.0458	0.0553	0.0020	0.0020	0.0000	0.0990	0.0438	0.0552
82	102	0.0226	4	2	0	1	0	0	0	0	0	1	0	1	0	0	0	0	0	0	0	Y	N	N	N	N	N	N	N	N	N	N	N	N	N	N	N	N	N	0.0516	0.0143	0.6252	0.0076	0.0076	0.0000	0.1546	0.0000	0.6252	0.0002	0.0001	0.0009	0.0015	0.0015	0.0000	0.0001	0.0000	0.0009	0.0039	0.0070	0.0014	0.1953	0.1958	0.0000	0.0008	0.0000	0.0014	1.3333	0.2490	-0.0000	-0.0000	1.9997	0.0011	10.5319	1.0060	0.0000	0.0000	0.0000	0.0000	0.0000	0.0000	0.0000	0.0000	0.0000	0.0001	0.0000	0.0000	0.0000	0.0000	0.0000	0.0000	0.0000	0.0000	0.0000	0.0000	0.0000	0.0000	0.0000	0.0000	0.0000	0.0000	0.0000	0.0128	0.0058	0.0070	0.0002	0.0002	0.0000	0.0126	0.0056	0.0070
82	113	0.0226	2	2	0	1	0	0	0	0	0	1	0	1	0	0	0	0	0	0	0	Y	N	N	N	N	N	N	N	N	N	N	N	N	N	N	N	N	N	0.0002	0.0003	0.0001	0.5940	0.5917	0.0000	0.0000	0.0000	0.0001	0.0002	0.0002	0.0001	0.0352	0.0352	0.0000	0.0000	0.0000	0.0001	0.8286	0.6428	0.9810	0.0592	0.0594	0.0198	0.8413	0.6645	0.9812	0.0548	1.8598	-0.0000	0.0050	1.9997	0.0182	10.5319	4.6661	0.0000	0.0000	0.0000	0.0000	0.0000	0.0000	0.0000	0.0000	0.0000	0.0487	0.0170	0.0317	0.0001	0.0001	0.0000	0.0487	0.0170	0.0317	0.0003	0.0002	0.0000	0.0000	0.0000	0.0000	0.0003	0.0002	0.0000	0.0588	0.0265	0.0323	0.0010	0.0009	0.0000	0.0579	0.0256	0.0323
82	121	0.0814	11	2	0	1	0	0	0	0	0	1	0	1	0	0	0	0	0	0	0	Y	N	N	N	N	N	N	N	N	N	N	N	N	N	N	N	N	N	0.0000	0.0000	0.0000	0.0000	0.0000	0.0000	0.0000	0.0000	0.0000	0.0000	0.0000	0.0000	0.0000	0.0000	0.0000	0.0000	0.0000	0.0000	0.0653	0.1002	0.0219	0.1501	0.1536	0.0082	0.0154	0.0000	0.0222		0.1761	0.0000	-0.0011	1.9997	0.0000	10.5319	1.2022	0.0000	0.0000	0.0000	0.0000	0.0000	0.0000	0.0000	0.0000	0.0000	0.0027	0.0023	0.0004	0.0023	0.0023	0.0000	0.0004	0.0000	0.0004	0.0000	0.0000	0.0000	0.0000	0.0000	0.0000	0.0000	0.0000	0.0000	0.0408	0.0226	0.0182	0.0151	0.0147	0.0004	0.0257	0.0079	0.0178
82	122	0.0600	10	2	0	1	0	1	0	0	0	1	0	1	0	0	0	0	0	0	0	Y	N	N	N	N	N	N	N	N	N	N	N	N	N	N	N	N	N	1653.3533	0.0000	652158.7240	0.0000	0.0000	0.0000	247728.9401	0.0000	629321.8375	37.9938	0.0000	228.5117	0.0000	0.0000	0.0000	49.6918	0.0000	228.5451	0.0230	0.0423	0.0004	0.1173	0.1279	0.0000	0.0002	0.0000	0.0004	inf	0.0071	0.0017	-0.0024	1.9997	0.0041	10.5319	12.5856	0.0041	0.0000	0.0041	0.0000	0.0000	0.0000	0.0041	0.0000	0.0041	0.0044	0.0043	0.0000	0.0043	0.0043	0.0000	0.0000	0.0000	0.0000	0.0001	0.0001	0.0000	0.0000	0.0000	0.0000	0.0001	0.0001	0.0000	0.1905	0.1027	0.0878	0.0371	0.0340	0.0031	0.1535	0.0687	0.0848
83	84	0.0277	5	2	0	1	0	0	0	1	0	0	0	0	0	0	0	0	0	0	0	Y	N	N	N	N	N	N	N	N	N	N	N	N	N	N	N	N	N	34.1279	0.0000	142.5682	0.0000	0.0000	0.0000	33.8333	0.0000	139.5664	7.2053	0.0000	59.1065	0.0000	0.0000	0.0000	7.9945	0.0000	59.1065	0.2111	0.0021	0.4146	0.0002	0.0002	0.0002	0.2363	0.0026	0.4235	inf	201.2600	0.0000	0.0028	0.0006	2.9998	1.5062	15.4389	0.0001	0.0000	0.0001	0.0000	0.0000	0.0000	0.0001	0.0000	0.0001	0.0062	0.0000	0.0062	0.0000	0.0000	0.0000	0.0062	0.0000	0.0062	0.0000	0.0000	0.0000	0.0000	0.0000	0.0000	0.0000	0.0000	0.0000	0.0294	0.0145	0.0149	0.0031	0.0028	0.0003	0.0262	0.0117	0.0146
83	88	0.0184	3	2	0	1	0	0	0	1	0	0	0	1	1	0	0	0	0	0	0	Y	N	N	N	N	N	N	N	N	N	N	N	N	N	N	N	N	N	3.9651	2.6355	13.6187	14.2431	13.8692	0.0000	2.4227	0.0000	13.5167	0.0335	0.0182	0.1379	0.1348	0.1351	0.0000	0.0200	0.0000	0.1382	0.0084	0.0069	0.0101	0.0095	0.0097	0.0001	0.0083	0.0057	0.0102	1.1134	1.3544	-0.0000	0.0000	0.0006	1.0173	1.5062	8.6136	0.0000	0.0000	0.0000	0.0000	0.0000	0.0000	0.0000	0.0000	0.0000	0.0002	0.0001	0.0001	0.0000	0.0000	0.0000	0.0001	0.0000	0.0001	0.0000	0.0000	0.0000	0.0000	0.0000	0.0000	0.0000	0.0000	0.0000	0.0191	0.0099	0.0092	0.0030	0.0030	0.0001	0.0161	0.0070	0.0091
83	90	0.0184	3	2	0	1	0	0	0	1	0	0	0	1	1	0	0	0	0	0	0	Y	N	N	N	N	N	N	N	N	N	N	N	N	N	N	N	N	N	1.0880	0.3500	394.4052	1.1596	1.1182	0.0000	1.2182	0.0000	391.8964	0.0045	0.0028	0.0159	0.0224	0.0224	0.0000	0.0022	0.0000	0.0160	0.0041	0.0081	0.0000	0.0193	0.0201	0.0000	0.0018	0.0042	0.0000	0.8000	0.0049	-0.0000	-0.0001	0.0006	2.0138	1.5062	11.8132	0.0000	0.0000	0.0000	0.0000	0.0000	0.0000	0.0000	0.0000	0.0000	0.0001	0.0001	0.0000	0.0001	0.0001	0.0000	0.0000	0.0000	0.0000	0.0000	0.0000	0.0000	0.0000	0.0000	0.0000	0.0000	0.0000	0.0000	0.0249	0.0126	0.0124	0.0032	0.0031	0.0001	0.0217	0.0095	0.0122
83	91	0.0098	2	2	0	1	0	0	0	1	0	1	1	1	1	0	0	0	0	0	0	Y	N	N	N	N	N	N	N	N	N	N	N	N	N	N	N	N	N	0.0440	0.0084	13.1264	0.9199	0.8957	0.0000	0.0298	0.0000	13.0271	0.0171	0.0063	0.0861	0.0460	0.0460	0.0000	0.0133	0.0000	0.0861	0.3894	0.7479	0.0066	0.0500	0.0514	0.0001	0.4456	1.0029	0.0066	2.1648	0.0082	0.0000	-0.0026	0.0006	1.9725	1.5062	4.2763	0.0000	0.0000	0.0000	0.0000	0.0000	0.0000	0.0000	0.0000	0.0000	0.0048	0.0048	0.0000	0.0001	0.0001	0.0000	0.0047	0.0047	0.0000	0.0000	0.0000	0.0000	0.0000	0.0000	0.0000	0.0000	0.0000	0.0000	0.0124	0.0064	0.0060	0.0018	0.0017	0.0000	0.0106	0.0047	0.0059
83	98	0.0399	7	2	0	1	1	0	0	1	1	0	0	1	1	0	0	0	0	0	0	Y	N	N	N	N	N	N	N	N	N	N	N	N	N	N	N	N	N	0.0000	0.0000	0.0000	0.0000	0.0000	0.0000	0.0000	0.0000	0.0000	0.0000	0.0000	0.0000	0.0000	0.0000	0.0000	0.0000	0.0000	0.0000	0.0000	0.0000	0.0000	0.0000	0.0000	0.0000	0.0000	0.0000	0.0000			0.0000	0.0000	0.0006	2.9999	1.5062	3.9821	0.0000	0.0000	0.0000	0.0000	0.0000	0.0000	0.0000	0.0000	0.0000	0.0000	0.0000	0.0000	0.0000	0.0000	0.0000	0.0000	0.0000	0.0000	0.0000	0.0000	0.0000	0.0000	0.0000	0.0000	0.0000	0.0000	0.0000	0.0107	0.0051	0.0056	0.0009	0.0008	0.0001	0.0098	0.0043	0.0055
83	99	0.0368	6	2	0	1	0	0	0	1	0	0	0	1	1	0	0	0	0	0	0	Y	N	N	N	N	N	N	N	N	N	N	N	N	N	N	N	N	N	21869.7555	92895.5599	0.0000	23806.6912	21214.1138	0.0000	0.0000	0.0000	0.0000	0.2202	0.4009	0.0000	0.4666	0.4666	0.0000	0.0000	0.0000	0.0000	0.0000	0.0000	0.0000	0.0000	0.0000	0.0000	0.0000	0.0000	0.0000	0.0000	3.7917	-0.0000	0.0000	0.0006	0.0003	1.5062	2.0601	0.0000	0.0000	0.0000	0.0000	0.0000	0.0000	0.0000	0.0000	0.0000	0.0000	0.0000	0.0000	0.0000	0.0000	0.0000	0.0000	0.0000	0.0000	0.0000	0.0000	0.0000	0.0000	0.0000	0.0000	0.0000	0.0000	0.0000	0.0034	0.0017	0.0018	0.0004	0.0003	0.0000	0.0031	0.0013	0.0017
83	100	0.0169	5	2	0	1	0	0	0	1	0	1	1	1	1	0	0	0	0	0	0	Y	N	N	N	N	N	N	N	N	N	N	N	N	N	N	N	N	N	473.0389	10811.2617	0.0000	11933.8959	10596.8763	0.0000	0.0000	0.0000	0.0000	9.6336	11.3427	0.0000	73.8660	73.9750	0.0000	0.0000	0.0000	0.0000	0.0204	0.0010	0.0376	0.0062	0.0070	0.0000	0.0216	0.0000	0.0383	0.0000	40.1054	-0.0001	0.0002	0.0006	3.0014	1.5062	9.1620	0.0002	0.0002	0.0000	0.0002	0.0002	0.0000	0.0000	0.0000	0.0000	0.0004	0.0000	0.0004	0.0000	0.0000	0.0000	0.0004	0.0000	0.0004	0.0000	0.0000	0.0000	0.0000	0.0000	0.0000	0.0000	0.0000	0.0000	0.0195	0.0092	0.0103	0.0016	0.0014	0.0002	0.0180	0.0078	0.0101
83	101	0.0041	4	2	0	1	0	0	0	1	0	0	0	0	0	0	0	0	0	0	0	Y	N	N	N	N	N	N	N	N	N	N	N	N	N	N	N	N	N	774.0461	40834.0526	276.4896	5771.4451	5496.7528	0.0000	441.8922	0.0000	276.2864	0.7705	1.0218	0.4909	1.1359	1.1359	0.0000	0.4416	0.0000	0.4909	0.0010	0.0000	0.0018	0.0002	0.0002	0.0000	0.0010	0.0000	0.0018	0.4319	88.2593	-0.0000	0.0000	0.0006	0.0077	1.5062	8.0757	0.0000	0.0000	0.0000	0.0000	0.0000	0.0000	0.0000	0.0000	0.0000	0.0000	0.0000	0.0000	0.0000	0.0000	0.0000	0.0000	0.0000	0.0000	0.0000	0.0000	0.0000	0.0000	0.0000	0.0000	0.0000	0.0000	0.0000	0.0122	0.0054	0.0068	0.0001	0.0001	0.0000	0.0121	0.0054	0.0068
83	102	0.0024	3	2	0	1	0	0	0	1	0	0	0	0	0	0	0	0	0	0	0	Y	N	N	N	N	N	N	N	N	N	N	N	N	N	N	N	N	N	227.8722	161.4503	39304.5450	0.2779	0.2773	0.0000	65134.1696	0.0000	39392.7902	1.4873	2.3764	0.5205	2.5776	2.5776	0.0000	0.4797	0.0000	0.5205	0.0065	0.0147	0.0000	9.2763	9.2946	0.0000	0.0000	0.0000	0.0000	0.2014	0.0011	-0.0000	-0.0000	0.0006	0.0011	1.5062	1.0060	0.0000	0.0000	0.0000	0.0000	0.0000	0.0000	0.0000	0.0000	0.0000	0.0000	0.0000	0.0000	0.0000	0.0000	0.0000	0.0000	0.0000	0.0000	0.0000	0.0000	0.0000	0.0000	0.0000	0.0000	0.0000	0.0000	0.0000	0.0015	0.0007	0.0009	0.0000	0.0000	0.0000	0.0015	0.0007	0.0009
83	121	0.0612	10	2	0	1	0	0	0	1	0	0	0	0	0	0	0	0	0	0	0	Y	N	N	N	N	N	N	N	N	N	N	N	N	N	N	N	N	N	0.0000	0.0000	0.0000	0.0000	0.0000	0.0000	0.0000	0.0000	0.0000	0.0000	0.0000	0.0000	0.0000	0.0000	0.0000	0.0000	0.0000	0.0000	0.6108	0.1554	1.1951	0.2502	0.2580	0.0000	0.8013	0.0036	1.2243		5.9918	0.0000	0.0008	0.0006	0.0000	1.5062	1.2022	0.0000	0.0000	0.0000	0.0000	0.0000	0.0000	0.0000	0.0000	0.0000	0.0026	0.0004	0.0022	0.0004	0.0004	0.0000	0.0022	0.0000	0.0022	0.0000	0.0000	0.0000	0.0000	0.0000	0.0000	0.0000	0.0000	0.0000	0.0043	0.0024	0.0019	0.0015	0.0014	0.0000	0.0028	0.0010	0.0018
83	122	0.0399	9	2	0	1	0	1	0	1	0	0	0	0	0	0	0	0	0	0	0	Y	N	N	N	N	N	N	N	N	N	N	N	N	N	N	N	N	N	142.9879	0.0000	469.6113	0.0000	0.0000	0.0000	156.6868	0.0000	452.9470	26.8959	0.0000	189.9774	0.0000	0.0000	0.0000	36.2469	0.0000	190.0071	0.1881	0.0003	0.4045	0.0002	0.0002	0.0000	0.2313	0.0004	0.4195	inf	1153.9208	0.0000	0.0020	0.0006	0.0041	1.5062	12.5856	0.0000	0.0000	0.0000	0.0000	0.0000	0.0000	0.0000	0.0000	0.0000	0.0043	0.0000	0.0043	0.0000	0.0000	0.0000	0.0043	0.0000	0.0043	0.0000	0.0000	0.0000	0.0000	0.0000	0.0000	0.0000	0.0000	0.0000	0.0231	0.0124	0.0107	0.0043	0.0039	0.0004	0.0188	0.0084	0.0104
84	87	0.0860	8	2	0	1	0	0	0	1	0	0	0	1	1	0	0	0	0	0	0	Y	N	N	N	N	N	N	N	N	N	N	N	N	N	N	N	N	N	0.0000	0.0000	0.0000	0.0000	0.0000	0.0000	0.0000	0.0000	0.0000	0.0000	0.0000	0.0000	0.0000	0.0000	0.0000	0.0000	0.0000	0.0000	0.0021	0.0031	0.0010	0.0075	0.0080	0.0000	0.0006	0.0000	0.0010		0.2686	0.0000	-0.0001	2.9998	0.0022	15.4389	6.6376	0.0000	0.0000	0.0000	0.0000	0.0000	0.0000	0.0000	0.0000	0.0000	0.0003	0.0003	0.0001	0.0003	0.0003	0.0000	0.0001	0.0000	0.0001	0.0001	0.0001	0.0000	0.0000	0.0000	0.0000	0.0001	0.0001	0.0000	0.1545	0.0852	0.0693	0.0347	0.0326	0.0022	0.1198	0.0527	0.0672
84	88	0.0715	7	2	0	0	0	0	0	0	0	0	0	1	1	0	0	0	0	0	0	Y	N	N	N	N	N	N	N	N	N	N	N	N	N	N	N	N	N	0.0000	0.0000	0.0000	0.0000	0.0000	0.0000	0.0000	0.0000	0.0000	0.0000	0.0000	0.0000	0.0000	0.0000	0.0000	0.0000	0.0000	0.0000	0.0661	0.0421	0.0960	0.0958	0.0994	0.0154	0.0564	0.0000	0.0980		1.8238	0.0000	0.0017	2.9998	1.0173	15.4389	8.6136	0.0000	0.0000	0.0000	0.0000	0.0000	0.0000	0.0000	0.0000	0.0000	0.0171	0.0061	0.0111	0.0061	0.0061	0.0000	0.0110	0.0000	0.0110	0.0216	0.0185	0.0030	0.0004	0.0004	0.0000	0.0212	0.0181	0.0030	0.2595	0.1441	0.1153	0.0638	0.0610	0.0028	0.1956	0.0831	0.1125
84	89	0.0351	2	2	0	1	0	0	0	1	0	0	0	0	0	0	0	0	0	0	0	Y	N	N	N	N	N	N	N	N	N	N	N	N	N	N	N	N	N	0.0000	0.0000	0.0000	0.0000	0.0000	0.0000	0.0000	0.0000	0.0000	0.0000	0.0000	0.0000	0.0000	0.0000	0.0000	0.0000	0.0000	0.0000	1.8225	0.0124	3.7567	0.0283	0.0283	0.0255	2.3527	0.0001	3.7744		282.5723	0.0000	0.5032	2.9998	2.9990	15.4389	17.4729	0.0000	0.0000	0.0000	0.0000	0.0000	0.0000	0.0000	0.0000	0.0000	1.1227	0.0040	1.1187	0.0040	0.0039	0.0000	1.1187	0.0000	1.1187	0.0616	0.0529	0.0087	0.0000	0.0000	0.0000	0.0616	0.0529	0.0087	0.6160	0.3182	0.2978	0.1405	0.1391	0.0014	0.4755	0.1791	0.2964
84	90	0.0715	7	2	0	0	0	0	0	0	0	0	0	1	1	0	0	0	0	0	0	Y	N	N	N	N	N	N	N	N	N	N	N	N	N	N	N	N	N	0.0000	0.0000	0.0000	0.0000	0.0000	0.0000	0.0000	0.0000	0.0000	0.0000	0.0000	0.0000	0.0000	0.0000	0.0000	0.0000	0.0000	0.0000	3.0136	0.0029	6.6306	0.0077	0.0075	0.0109	3.8599	0.0000	6.8080		1935.4364	0.0000	0.4534	2.9998	2.0138	15.4389	11.8132	0.0000	0.0000	0.0000	0.0000	0.0000	0.0000	0.0000	0.0000	0.0000	1.0049	0.0005	1.0044	0.0006	0.0005	0.0000	1.0043	0.0000	1.0043	0.0420	0.0361	0.0059	0.0005	0.0005	0.0000	0.0415	0.0356	0.0059	0.3334	0.1820	0.1515	0.0733	0.0693	0.0040	0.2602	0.1127	0.1475
84	91	0.0630	6	2	0	0	0	0	0	0	0	1	1	1	1	0	0	0	0	0	0	Y	N	N	N	N	N	N	N	N	N	N	N	N	N	N	N	N	N	0.0000	0.0000	0.0000	0.0000	0.0000	0.0000	0.0000	0.0000	0.0000	0.0000	0.0000	0.0000	0.0000	0.0000	0.0000	0.0000	0.0000	0.0000	2.4518	0.0027	5.4357	0.0059	0.0059	0.0042	3.1345	0.0008	5.5767		1632.1136	0.0000	0.1733	2.9998	1.9725	15.4389	4.2763	0.0000	0.0000	0.0000	0.0000	0.0000	0.0000	0.0000	0.0000	0.0000	0.3842	0.0002	0.3839	0.0002	0.0002	0.0000	0.3840	0.0000	0.3839	0.0412	0.0354	0.0058	0.0003	0.0003	0.0000	0.0409	0.0351	0.0058	0.1567	0.0861	0.0706	0.0342	0.0324	0.0018	0.1225	0.0536	0.0688
84	92	0.0458	5	2	0	1	0	1	0	1	0	0	0	0	0	0	0	0	0	0	0	Y	N	N	N	N	N	N	N	N	N	N	N	N	N	N	N	N	N	0.0000	0.0000	0.0000	0.0000	0.0000	0.0000	0.0000	0.0000	0.0000	0.0000	0.0000	0.0000	0.0000	0.0000	0.0000	0.0000	0.0000	0.0000	2.3176	4.5702	0.0002	0.0341	0.0371	0.0000	2.6172	5.7768	0.0002		0.0000	0.0000	-1.0886	2.9998	5.0000	15.4389	42.2706	0.0000	0.0000	0.0000	0.0000	0.0000	0.0000	0.0000	0.0000	0.0000	1.9856	1.9855	0.0001	0.0034	0.0034	0.0000	1.9822	1.9822	0.0001	0.1020	0.0877	0.0143	0.0000	0.0000	0.0000	0.1019	0.0876	0.0143	0.8568	0.4345	0.4223	0.0994	0.0913	0.0080	0.7574	0.3431	0.4143
84	97	0.0639	6	2	0	1	0	0	0	1	0	0	0	0	0	0	0	0	0	0	0	Y	N	N	N	N	N	N	N	N	N	N	N	N	N	N	N	N	N	0.0000	0.0000	0.0000	0.0000	0.0000	0.0000	0.0000	0.0000	0.0000	0.0000	0.0000	0.0000	0.0000	0.0000	0.0000	0.0000	0.0000	0.0000	0.0397	0.0750	0.0030	0.2838	0.3106	0.0001	0.0017	0.0000	0.0031		0.0384	0.0000	-0.0103	2.9998	2.0000	15.4389	24.9502	0.0000	0.0000	0.0000	0.0000	0.0000	0.0000	0.0000	0.0000	0.0000	0.0202	0.0195	0.0007	0.0195	0.0195	0.0000	0.0007	0.0000	0.0007	0.0412	0.0354	0.0058	0.0001	0.0001	0.0000	0.0412	0.0354	0.0058	0.5084	0.2594	0.2490	0.0685	0.0626	0.0059	0.4398	0.1967	0.2431
84	98	0.0930	7	2	0	0	1	0	0	0	1	0	0	1	1	0	0	0	0	0	0	Y	N	N	N	N	N	N	N	N	N	N	N	N	N	N	N	N	N	0.0000	0.0000	0.0000	0.0000	0.0000	0.0000	0.0000	0.0000	0.0000	0.0000	0.0000	0.0000	0.0000	0.0000	0.0000	0.0000	0.0000	0.0000	0.0001	0.0002	0.0000	0.0006	0.0007	0.0000	0.0000	0.0000	0.0000		0.0000	0.0000	-0.0000	2.9998	2.9999	15.4389	3.9821	0.0000	0.0000	0.0000	0.0000	0.0000	0.0000	0.0000	0.0000	0.0000	0.0000	0.0000	0.0000	0.0000	0.0000	0.0000	0.0000	0.0000	0.0000	0.0617	0.0531	0.0086	0.0004	0.0004	0.0000	0.0613	0.0527	0.0086	0.1366	0.0704	0.0662	0.0208	0.0186	0.0022	0.1158	0.0518	0.0640
84	99	0.0899	6	2	0	0	0	0	0	0	0	0	0	1	1	0	0	0	0	0	0	Y	N	N	N	N	N	N	N	N	N	N	N	N	N	N	N	N	N	0.0000	0.0000	0.0000	0.0000	0.0000	0.0000	0.0000	0.0000	0.0000	0.0000	0.0000	0.0000	0.0000	0.0000	0.0000	0.0000	0.0000	0.0000	0.0120	0.0000	0.0253	0.0000	0.0000	0.0000	0.0145	0.0000	0.0261		inf	0.0000	0.0002	2.9998	0.0003	15.4389	2.0601	0.0000	0.0000	0.0000	0.0000	0.0000	0.0000	0.0000	0.0000	0.0000	0.0005	0.0000	0.0005	0.0000	0.0000	0.0000	0.0005	0.0000	0.0005	0.0000	0.0000	0.0000	0.0000	0.0000	0.0000	0.0000	0.0000	0.0000	0.0434	0.0228	0.0206	0.0074	0.0067	0.0007	0.0360	0.0160	0.0200
84	100	0.0700	5	2	0	0	0	0	0	0	0	1	1	1	1	0	0	0	0	0	0	Y	N	N	N	N	N	N	N	N	N	N	N	N	N	N	N	N	N	0.0000	0.0000	0.0000	0.0000	0.0000	0.0000	0.0000	0.0000	0.0000	0.0000	0.0000	0.0000	0.0000	0.0000	0.0000	0.0000	0.0000	0.0000	8.0119	0.0002	16.4125	0.0010	0.0008	0.0031	9.3827	0.0000	16.8608		75750.9792	0.0000	0.8950	2.9998	3.0014	15.4389	9.1620	0.0000	0.0000	0.0000	0.0000	0.0000	0.0000	0.0000	0.0000	0.0000	1.9812	0.0000	1.9812	0.0000	0.0000	0.0000	1.9812	0.0000	1.9812	0.0617	0.0531	0.0087	0.0001	0.0001	0.0000	0.0617	0.0530	0.0087	0.2473	0.1266	0.1207	0.0361	0.0329	0.0032	0.2112	0.0936	0.1175
84	101	0.0572	4	2	0	0	0	0	0	0	0	0	0	0	0	0	0	0	0	0	0	Y	N	N	N	N	N	N	N	N	N	N	N	N	N	N	N	N	N	0.0000	0.0000	0.0000	0.0000	0.0000	0.0000	0.0000	0.0000	0.0000	0.0000	0.0000	0.0000	0.0000	0.0000	0.0000	0.0000	0.0000	0.0000	0.1124	0.0012	0.2217	0.0035	0.0038	0.0000	0.1259	0.0005	0.2267		195.2006	0.0000	0.0078	2.9998	0.0077	15.4389	8.0757	0.0000	0.0000	0.0000	0.0000	0.0000	0.0000	0.0000	0.0000	0.0000	0.0174	0.0001	0.0174	0.0001	0.0001	0.0000	0.0174	0.0000	0.0174	0.0002	0.0001	0.0000	0.0000	0.0000	0.0000	0.0002	0.0001	0.0000	0.1552	0.0769	0.0783	0.0170	0.0153	0.0017	0.1381	0.0616	0.0766
84	102	0.0556	3	2	0	0	0	0	0	0	0	0	0	0	0	0	0	0	0	0	0	Y	N	N	N	N	N	N	N	N	N	N	N	N	N	N	N	N	N	0.0000	0.0000	0.0000	0.0000	0.0000	0.0000	0.0000	0.0000	0.0000	0.0000	0.0000	0.0000	0.0000	0.0000	0.0000	0.0000	0.0000	0.0000	0.0005	0.0000	0.0010	0.0000	0.0000	0.0000	0.0006	0.0000	0.0010		153.0317	0.0000	0.0000	2.9998	0.0011	15.4389	1.0060	0.0000	0.0000	0.0000	0.0000	0.0000	0.0000	0.0000	0.0000	0.0000	0.0000	0.0000	0.0000	0.0000	0.0000	0.0000	0.0000	0.0000	0.0000	0.0000	0.0000	0.0000	0.0000	0.0000	0.0000	0.0000	0.0000	0.0000	0.0196	0.0097	0.0100	0.0021	0.0019	0.0002	0.0176	0.0078	0.0097
84	106	0.0520	9	2	0	1	0	0	0	0	0	0	0	0	0	0	0	0	0	0	0	Y	N	N	N	N	N	N	N	N	N	N	N	N	N	N	N	N	N	0.6318	0.3839	0.0000	27.6311	25.7671	0.0000	0.0000	0.0000	0.0000	0.0006	0.0007	0.0000	0.2046	0.2111	0.0000	0.0000	0.0000	0.0000	0.0010	0.0018	0.0000	0.0074	0.0082	0.0000	0.0000	0.0000	0.0000	0.0000	0.0008	-0.0000	-0.0002	2.9998	4.0001	15.4389	15.3361	0.0000	0.0000	0.0000	0.0000	0.0000	0.0000	0.0000	0.0000	0.0000	0.0004	0.0004	0.0000	0.0004	0.0004	0.0000	0.0000	0.0000	0.0000	0.0819	0.0704	0.0115	0.0002	0.0002	0.0000	0.0817	0.0702	0.0115	0.3715	0.1940	0.1776	0.0485	0.0438	0.0047	0.3231	0.1502	0.1729
84	107	0.0797	11	2	0	1	0	0	0	0	0	0	0	0	0	0	0	0	0	0	0	Y	N	N	N	N	N	N	N	N	N	N	N	N	N	N	N	N	N	0.0000	0.0000	0.0000	0.0000	0.0000	0.0000	0.0000	0.0000	0.0000	0.0000	0.0000	0.0000	0.0000	0.0000	0.0000	0.0000	0.0000	0.0000	0.0250	0.0475	0.0001	0.1484	0.1638	0.0000	0.0000	0.0000	0.0001		0.0011	0.0000	-0.0040	2.9998	1.0040	15.4389	14.1141	0.0000	0.0000	0.0000	0.0000	0.0000	0.0000	0.0000	0.0000	0.0000	0.0073	0.0073	0.0000	0.0073	0.0073	0.0000	0.0000	0.0000	0.0000	0.0209	0.0180	0.0029	0.0002	0.0002	0.0000	0.0207	0.0178	0.0029	0.2920	0.1535	0.1385	0.0491	0.0445	0.0046	0.2429	0.1090	0.1339
84	108	0.0719	10	2	0	1	0	1	0	1	0	0	0	0	0	0	0	0	0	0	0	Y	N	N	N	N	N	N	N	N	N	N	N	N	N	N	N	N	N	0.0000	0.0000	0.0000	0.0000	0.0000	0.0000	0.0000	0.0000	0.0000	0.0000	0.0000	0.0000	0.0000	0.0000	0.0000	0.0000	0.0000	0.0000	0.0536	0.1052	0.0011	0.0076	0.0083	0.0000	0.0597	0.1311	0.0011		0.0100	0.0000	-0.0027	2.9998	1.0065	15.4389	3.9764	0.0000	0.0000	0.0000	0.0000	0.0000	0.0000	0.0000	0.0000	0.0000	0.0051	0.0050	0.0001	0.0001	0.0001	0.0000	0.0050	0.0049	0.0001	0.0209	0.0180	0.0029	0.0001	0.0001	0.0000	0.0208	0.0178	0.0029	0.0943	0.0476	0.0467	0.0110	0.0100	0.0009	0.0834	0.0376	0.0458
84	112	0.0630	6	2	0	1	0	0	0	1	0	0	0	0	0	0	0	0	0	0	0	Y	N	N	N	N	N	N	N	N	N	N	N	N	N	N	N	N	N	0.0000	0.0000	0.0000	0.0000	0.0000	0.0000	0.0000	0.0000	0.0000	0.0000	0.0000	0.0000	0.0000	0.0000	0.0000	0.0000	0.0000	0.0000	0.0056	0.0105	0.0002	0.0318	0.0344	0.0000	0.0001	0.0000	0.0002		0.0179	0.0000	-0.0009	2.9998	3.0154	15.4389	11.4025	0.0000	0.0000	0.0000	0.0000	0.0000	0.0000	0.0000	0.0000	0.0000	0.0017	0.0017	0.0000	0.0017	0.0017	0.0000	0.0000	0.0000	0.0000	0.0625	0.0537	0.0088	0.0003	0.0003	0.0000	0.0622	0.0534	0.0088	0.3054	0.1602	0.1452	0.0532	0.0492	0.0040	0.2522	0.1111	0.1412
84	113	0.0556	5	2	0	0	0	0	0	0	0	0	0	0	0	0	0	0	0	0	0	Y	N	N	N	N	N	N	N	N	N	N	N	N	N	N	N	N	N	0.0000	0.0000	0.0000	0.0000	0.0000	0.0000	0.0000	0.0000	0.0000	0.0000	0.0000	0.0000	0.0000	0.0000	0.0000	0.0000	0.0000	0.0000	0.0165	0.0003	0.0323	0.0004	0.0005	0.0000	0.0184	0.0002	0.0330		121.9231	0.0000	0.0007	2.9998	0.0182	15.4389	4.6661	0.0000	0.0000	0.0000	0.0000	0.0000	0.0000	0.0000	0.0000	0.0000	0.0015	0.0000	0.0015	0.0000	0.0000	0.0000	0.0015	0.0000	0.0015	0.0004	0.0003	0.0001	0.0000	0.0000	0.0000	0.0004	0.0003	0.0001	0.0903	0.0446	0.0458	0.0096	0.0086	0.0010	0.0807	0.0359	0.0448
84	114	0.0556	4	2	0	0	0	0	0	0	0	0	0	0	0	0	0	0	0	0	0	Y	N	N	N	N	N	N	N	N	N	N	N	N	N	N	N	N	N	0.0000	0.0000	0.0000	0.0000	0.0000	0.0000	0.0000	0.0000	0.0000	0.0000	0.0000	0.0000	0.0000	0.0000	0.0000	0.0000	0.0000	0.0000	0.0001	0.0001	0.0000	0.0003	0.0004	0.0000	0.0000	0.0000	0.0000		0.0000	0.0000	-0.0000	2.9998	0.0004	15.4389	0.0007	0.0000	0.0000	0.0000	0.0000	0.0000	0.0000	0.0000	0.0000	0.0000	0.0000	0.0000	0.0000	0.0000	0.0000	0.0000	0.0000	0.0000	0.0000	0.0000	0.0000	0.0000	0.0000	0.0000	0.0000	0.0000	0.0000	0.0000	0.0000	0.0000	0.0000	0.0000	0.0000	0.0000	0.0000	0.0000	0.0000
84	115	0.0556	3	2	0	0	0	0	0	0	0	0	0	0	0	0	0	0	0	0	0	Y	N	N	N	N	N	N	N	N	N	N	N	N	N	N	N	N	N	0.0000	0.0000	0.0000	0.0000	0.0000	0.0000	0.0000	0.0000	0.0000	0.0000	0.0000	0.0000	0.0000	0.0000	0.0000	0.0000	0.0000	0.0000	0.0001	0.0001	0.0000	0.0002	0.0002	0.0000	0.0000	0.0000	0.0000		0.0000	0.0000	-0.0000	2.9998	0.0004	15.4389	0.0002	0.0000	0.0000	0.0000	0.0000	0.0000	0.0000	0.0000	0.0000	0.0000	0.0000	0.0000	0.0000	0.0000	0.0000	0.0000	0.0000	0.0000	0.0000	0.0000	0.0000	0.0000	0.0000	0.0000	0.0000	0.0000	0.0000	0.0000	0.0000	0.0000	0.0000	0.0000	0.0000	0.0000	0.0000	0.0000	0.0000
84	116	0.0351	2	2	0	0	0	0	0	0	0	0	0	0	0	0	0	0	0	0	0	Y	N	N	N	N	N	N	N	N	N	N	N	N	N	N	N	N	N	0.0000	0.0000	0.0000	0.0000	0.0000	0.0000	0.0000	0.0000	0.0000	0.0000	0.0000	0.0000	0.0000	0.0000	0.0000	0.0000	0.0000	0.0000	0.5365	1.0200	0.0005	1.8980	1.9119	0.0005	0.0005	0.0005	0.0005		0.0004	0.0000	-0.1432	2.9998	0.0012	15.4389	12.6705	0.0000	0.0000	0.0000	0.0000	0.0000	0.0000	0.0000	0.0000	0.0000	0.2614	0.2613	0.0001	0.2612	0.2612	0.0000	0.0002	0.0001	0.0001	0.0000	0.0000	0.0000	0.0000	0.0000	0.0000	0.0000	0.0000	0.0000	0.4872	0.2561	0.2311	0.1376	0.1366	0.0010	0.3496	0.1195	0.2301
84	119	0.0677	8	2	0	1	0	0	0	0	0	0	0	0	0	0	0	0	0	0	0	Y	N	N	N	N	N	N	N	N	N	N	N	N	N	N	N	N	N	3.2466	0.0000	59.7701	0.0000	0.0000	0.0000	2.7910	0.0000	58.3471	8.1989	0.0000	58.5976	0.0000	0.0000	0.0000	8.2125	0.0000	58.6172	2.5254	3.9629	0.9804	0.0653	0.0710	0.0000	2.9425	5.3120	1.0046	inf	0.2302	0.4168	-0.4434	2.9998	6.0007	15.4389	19.0307	0.9998	0.0000	0.9998	0.0000	0.0000	0.0000	0.9998	0.0000	0.9998	1.2276	0.9979	0.2297	0.0046	0.0046	0.0000	1.2230	0.9933	0.2297	0.1219	0.1049	0.0171	0.0002	0.0002	0.0000	0.1217	0.1047	0.0171	0.4861	0.2518	0.2343	0.0705	0.0648	0.0057	0.4156	0.1870	0.2286
84	120	0.0642	7	2	0	1	0	0	0	1	0	0	0	0	0	0	0	0	0	0	0	Y	N	N	N	N	N	N	N	N	N	N	N	N	N	N	N	N	N	0.2152	0.0000	0.7093	0.0000	0.0000	0.0000	0.1693	0.0000	0.6953	1.9740	0.0000	14.0220	0.0000	0.0000	0.0000	1.9782	0.0000	14.0266	9.1716	0.1973	19.7693	0.1394	0.1456	0.0003	11.6846	0.2297	20.1746	inf	84.8316	0.0001	0.3406	2.9998	0.0034	15.4389	3.2312	0.0001	0.0000	0.0001	0.0000	0.0000	0.0000	0.0001	0.0000	0.0001	0.7739	0.0090	0.7649	0.0026	0.0026	0.0000	0.7714	0.0065	0.7649	0.0001	0.0001	0.0000	0.0000	0.0000	0.0000	0.0001	0.0001	0.0000	0.0844	0.0457	0.0387	0.0184	0.0176	0.0008	0.0660	0.0281	0.0379
84	121	0.0639	6	2	0	0	0	0	0	0	0	0	0	0	0	0	0	0	0	0	0	Y	N	N	N	N	N	N	N	N	N	N	N	N	N	N	N	N	N	0.0000	0.0000	0.0000	0.0000	0.0000	0.0000	0.0000	0.0000	0.0000	0.0000	0.0000	0.0000	0.0000	0.0000	0.0000	0.0000	0.0000	0.0000	0.2932	0.2440	0.3570	0.3791	0.3860	0.0008	0.2510	0.0532	0.3618		1.1289	0.0000	-0.0003	2.9998	0.0000	15.4389	1.2022	0.0000	0.0000	0.0000	0.0000	0.0000	0.0000	0.0000	0.0000	0.0000	0.0153	0.0072	0.0081	0.0065	0.0065	0.0000	0.0088	0.0007	0.0081	0.0000	0.0000	0.0000	0.0000	0.0000	0.0000	0.0000	0.0000	0.0000	0.0521	0.0294	0.0227	0.0172	0.0169	0.0003	0.0350	0.0126	0.0224
84	122	0.0426	5	2	0	0	0	1	0	0	0	0	0	0	0	0	0	0	0	0	0	Y	N	N	N	N	N	N	N	N	N	N	N	N	N	N	N	N	N	0.0000	0.0000	0.0000	0.0000	0.0000	0.0000	0.0000	0.0000	0.0000	0.0000	0.0000	0.0000	0.0000	0.0000	0.0000	0.0000	0.0000	0.0000	3.4640	0.0054	7.4866	0.0069	0.0069	0.0062	4.1434	0.0048	7.6124		1192.3868	0.0000	0.4533	2.9998	0.0041	15.4389	12.5856	0.0000	0.0000	0.0000	0.0000	0.0000	0.0000	0.0000	0.0000	0.0000	1.0053	0.0008	1.0044	0.0003	0.0003	0.0000	1.0050	0.0005	1.0044	0.0002	0.0001	0.0000	0.0000	0.0000	0.0000	0.0001	0.0001	0.0000	0.2902	0.1560	0.1342	0.0477	0.0454	0.0022	0.2425	0.1106	0.1319
84	131	0.0838	13	2	0	1	0	0	0	0	0	0	0	0	0	0	0	0	0	0	0	Y	N	N	N	N	N	N	N	N	N	N	N	N	N	N	N	N	N	0.0000	0.0000	0.0000	0.0000	0.0000	0.0000	0.0000	0.0000	0.0000	0.0000	0.0000	0.0000	0.0000	0.0000	0.0000	0.0000	0.0000	0.0000	5.1130	0.0028	10.9288	0.0080	0.0090	0.0000	6.3100	0.0000	11.4659		3381.8125	0.0000	0.4494	2.9998	1.0211	15.4389	9.0731	0.0000	0.0000	0.0000	0.0000	0.0000	0.0000	0.0000	0.0000	0.0000	0.9955	0.0003	0.9952	0.0003	0.0003	0.0000	0.9952	0.0000	0.9952	0.0220	0.0189	0.0031	0.0007	0.0007	0.0000	0.0212	0.0181	0.0031	0.1947	0.1036	0.0911	0.0370	0.0327	0.0043	0.1577	0.0709	0.0868
84	138	0.0776	10	2	0	1	0	0	0	0	0	0	0	1	0	0	0	0	0	0	0	Y	N	N	N	N	N	N	N	N	N	N	N	N	N	N	N	N	N	9392.3639	6316.4049	0.0000	0.0000	0.0000	0.0000	11388.5743	7272.0873	0.0000	2.6993	3.3252	0.0000	0.0000	0.0000	0.0000	3.9850	5.5149	0.0000	0.0003	0.0005	0.0000	0.0000	0.0000	0.0000	0.0003	0.0008	0.0000	0.0000	0.0003	-0.0001	-0.0000	2.9998	0.0010	15.4389	4.0030	0.0002	0.0002	0.0000	0.0000	0.0000	0.0000	0.0002	0.0002	0.0000	0.0000	0.0000	0.0000	0.0000	0.0000	0.0000	0.0000	0.0000	0.0000	0.0001	0.0000	0.0000	0.0000	0.0000	0.0000	0.0000	0.0000	0.0000	0.0821	0.0448	0.0373	0.0166	0.0146	0.0020	0.0655	0.0302	0.0353
84	139	0.0520	9	2	0	1	0	0	0	0	0	1	0	1	0	0	0	0	0	0	0	Y	N	N	N	N	N	N	N	N	N	N	N	N	N	N	N	N	N	143.1723	87.7314	0.0000	0.0028	0.0026	0.0000	126.3906	68.6184	0.0000	16.2218	18.8663	0.0000	0.0000	0.0000	0.0000	16.2709	18.9306	0.0000	0.1133	0.2150	0.0001	0.0155	0.0171	0.0000	0.1287	0.2759	0.0001	0.0000	0.0003	-0.5830	-0.0188	2.9998	2.9989	15.4389	12.3267	0.9998	0.9998	0.0000	0.0000	0.0000	0.0000	0.9998	0.9998	0.0000	0.0343	0.0343	0.0000	0.0006	0.0006	0.0000	0.0336	0.0336	0.0000	0.0616	0.0530	0.0086	0.0002	0.0002	0.0000	0.0614	0.0528	0.0086	0.3026	0.1594	0.1432	0.0412	0.0375	0.0038	0.2614	0.1219	0.1394
84	140	0.0512	8	2	0	1	0	1	0	1	0	0	0	0	0	0	0	0	0	0	0	Y	N	N	N	N	N	N	N	N	N	N	N	N	N	N	N	N	N	32.3098	30.4954	0.0000	0.0000	0.0000	0.0000	88.4715	904.8439	0.0000	1.6069	1.8796	0.0000	0.0000	0.0000	0.0000	1.8575	2.2315	0.0000	0.0497	0.0616	0.0353	0.1669	0.1758	0.0000	0.0210	0.0025	0.0361	0.0000	0.4730	-0.0000	-0.0002	2.9998	0.0011	15.4389	0.8290	0.0000	0.0000	0.0000	0.0000	0.0000	0.0000	0.0000	0.0000	0.0000	0.0010	0.0007	0.0003	0.0007	0.0007	0.0000	0.0003	0.0000	0.0003	0.0000	0.0000	0.0000	0.0000	0.0000	0.0000	0.0000	0.0000	0.0000	0.0207	0.0113	0.0094	0.0041	0.0039	0.0002	0.0166	0.0075	0.0092
84	141	0.0743	10	2	0	1	0	0	0	0	0	0	0	0	0	0	0	0	0	0	0	Y	N	N	N	N	N	N	N	N	N	N	N	N	N	N	N	N	N	129.7839	0.0000	6882.6465	0.0000	0.0000	0.0000	1680.6633	0.0000	6682.6299	2.2177	0.0000	21.2446	0.0000	0.0000	0.0000	2.9528	0.0000	21.4221	0.0171	0.0297	0.0031	0.0928	0.1037	0.0000	0.0018	0.0000	0.0032	inf	0.0935	0.0009	-0.0014	2.9998	0.0243	15.4389	8.8037	0.0021	0.0000	0.0021	0.0000	0.0000	0.0000	0.0021	0.0000	0.0021	0.0029	0.0027	0.0002	0.0027	0.0027	0.0000	0.0002	0.0000	0.0002	0.0010	0.0009	0.0001	0.0002	0.0002	0.0000	0.0007	0.0006	0.0001	0.1710	0.0901	0.0810	0.0288	0.0258	0.0030	0.1422	0.0643	0.0779
84	142	0.0578	9	2	0	1	0	1	0	1	0	0	0	0	0	0	0	0	0	0	0	Y	N	N	N	N	N	N	N	N	N	N	N	N	N	N	N	N	N	145.4723	0.0006	565.1528	0.3265	0.0372	37.6642	140.0866	0.0000	550.4651	19.6459	0.0000	140.4565	0.0332	0.0041	1.0414	19.7121	0.0000	140.5506	0.1350	0.0281	0.2485	0.1016	0.1098	0.0276	0.1407	0.0004	0.2553	1469827.3241	8.3360	0.8323	0.0093	2.9998	4.9785	15.4389	5.0554	1.9967	0.0000	1.9967	0.0000	0.0000	0.0000	1.9967	0.0000	1.9967	0.0270	0.0029	0.0241	0.0029	0.0029	0.0001	0.0241	0.0000	0.0240	0.1016	0.0874	0.0142	0.0003	0.0003	0.0000	0.1013	0.0871	0.0142	0.2000	0.1030	0.0971	0.0290	0.0261	0.0029	0.1711	0.0769	0.0942
84	143	0.0968	14	2	0	1	0	0	0	0	0	0	0	1	0	0	0	0	0	0	0	Y	N	N	N	N	N	N	N	N	N	N	N	N	N	N	N	N	N	0.0000	0.0000	0.0000	0.0000	0.0000	0.0000	0.0000	0.0000	0.0000	0.0000	0.0000	0.0000	0.0000	0.0000	0.0000	0.0000	0.0000	0.0000	0.0000	0.0000	0.0000	0.0000	0.0000	0.0000	0.0000	0.0000	0.0000		0.0000	0.0000	-0.0000	2.9998	0.0000	15.4389	3.0055	0.0000	0.0000	0.0000	0.0000	0.0000	0.0000	0.0000	0.0000	0.0000	0.0000	0.0000	0.0000	0.0000	0.0000	0.0000	0.0000	0.0000	0.0000	0.0000	0.0000	0.0000	0.0000	0.0000	0.0000	0.0000	0.0000	0.0000	0.0571	0.0312	0.0259	0.0113	0.0099	0.0014	0.0458	0.0213	0.0245
84	144	0.0838	13	2	0	1	0	0	0	0	0	1	0	1	0	0	0	0	0	0	0	Y	N	N	N	N	N	N	N	N	N	N	N	N	N	N	N	N	N	0.0000	0.0000	0.0000	0.0000	0.0000	0.0000	0.0000	0.0000	0.0000	0.0000	0.0000	0.0000	0.0000	0.0000	0.0000	0.0000	0.0000	0.0000	0.0257	0.0482	0.0000	0.1324	0.1490	0.0000	0.0000	0.0000	0.0000		0.0000	0.0000	-0.0022	2.9998	2.0192	15.4389	6.0784	0.0000	0.0000	0.0000	0.0000	0.0000	0.0000	0.0000	0.0000	0.0000	0.0041	0.0041	0.0000	0.0041	0.0041	0.0000	0.0000	0.0000	0.0000	0.0425	0.0366	0.0059	0.0011	0.0011	0.0000	0.0414	0.0355	0.0059	0.1590	0.0847	0.0744	0.0308	0.0274	0.0034	0.1282	0.0573	0.0709
84	145	0.0790	12	2	0	1	0	1	0	0	0	0	0	0	0	0	0	0	0	0	0	Y	N	N	N	N	N	N	N	N	N	N	N	N	N	N	N	N	N	0.0000	0.0000	0.0000	0.0000	0.0000	0.0000	0.0000	0.0000	0.0000	0.0000	0.0000	0.0000	0.0000	0.0000	0.0000	0.0000	0.0000	0.0000	0.0753	0.0066	0.1508	0.0204	0.0236	0.0000	0.0865	0.0000	0.1583		20.7971	0.0000	0.0017	2.9998	1.9811	15.4389	0.9869	0.0000	0.0000	0.0000	0.0000	0.0000	0.0000	0.0000	0.0000	0.0000	0.0043	0.0002	0.0041	0.0002	0.0002	0.0000	0.0041	0.0000	0.0041	0.0410	0.0352	0.0057	0.0004	0.0004	0.0000	0.0406	0.0349	0.0057	0.0566	0.0296	0.0270	0.0096	0.0083	0.0013	0.0470	0.0213	0.0257
85	87	0.9512	13	1	0	1	0	0	0	1	0	1	0	2	1	0	0	0	0	0	0	N	N	N	N	Y	N	N	N	N	N	N	N	N	N	N	N	N	N	0.7676	0.4008	54.2272	1.5193	1.2813	0.5648	0.3592	0.0080	57.9129	0.7451	0.5977	2.1945	1.5801	1.6313	0.0195	0.3193	0.0157	2.4803	0.9707	1.4911	0.0405	1.0400	1.2732	0.0345	0.8891	1.9640	0.0428	0.3734	0.0152	-0.0002	-0.7109	26.8363	0.0022	143.7566	6.6376	0.0007	0.0005	0.0002	0.0005	0.0005	0.0000	0.0002	0.0000	0.0002	1.3329	1.3130	0.0199	0.7723	0.7675	0.0048	0.5606	0.5455	0.0151	0.0009	0.0009	0.0001	0.0003	0.0003	0.0000	0.0006	0.0005	0.0001	1.3731	0.8806	0.4926	0.7426	0.6028	0.1398	0.6305	0.2777	0.3528
85	88	0.9367	12	1	0	0	0	0	0	0	0	1	0	2	1	0	0	0	0	0	0	N	N	N	N	Y	N	N	N	N	N	N	N	N	N	N	N	N	N	2.6613	0.0241	10.6230	0.0723	0.0813	0.0796	1.9076	0.0102	10.8195	4.7096	0.0238	34.0416	0.0481	0.0358	0.1475	5.6097	0.0214	39.0864	1.7697	0.9859	3.2045	0.6655	0.4407	1.8529	2.9407	2.0887	3.6126	228.5484	1.7753	0.4136	0.3336	26.8363	1.0173	143.7566	8.6136	1.0028	0.0044	0.9984	0.0017	0.0011	0.0006	1.0011	0.0033	0.9978	3.6495	1.3150	2.3345	0.7064	0.3933	0.3130	2.9432	0.9217	2.0215	0.2129	0.1836	0.0293	0.0345	0.0307	0.0038	0.1785	0.1529	0.0255	2.0623	1.3338	0.7285	1.0614	0.8925	0.1689	1.0008	0.4413	0.5596
85	90	0.9367	12	1	0	0	0	0	0	0	0	1	0	2	1	0	0	0	0	0	0	N	N	N	N	Y	N	N	N	N	N	N	N	N	N	N	N	N	N	0.0104	0.0128	0.0000	0.0295	0.0282	0.0000	0.0069	0.0102	0.0000	0.0120	0.0139	0.0000	0.0279	0.0306	0.0000	0.0094	0.0109	0.0000	1.1500	1.0821	1.2747	0.9465	1.0860	0.1714	1.3563	1.0748	1.5823	0.0000	0.6403	-0.0028	-0.4929	26.8363	2.0138	143.7566	11.8132	0.0049	0.0049	0.0000	0.0016	0.0016	0.0000	0.0033	0.0033	0.0000	3.1219	1.9032	1.2187	1.2938	1.2581	0.0357	1.8281	0.6451	1.1830	0.4061	0.3514	0.0547	0.0576	0.0526	0.0050	0.3485	0.2988	0.0497	2.7148	1.7587	0.9561	1.3669	1.1585	0.2084	1.3479	0.6002	0.7477
85	91	0.9282	11	1	0	0	0	0	0	0	0	2	1	2	1	0	0	0	0	0	0	N	N	N	N	Y	N	N	N	N	N	N	N	N	N	N	N	N	N	2.3733	2.0276	0.0266	2.6181	2.5704	0.0003	4.6842	4.3704	0.0279	0.9247	1.0671	0.0035	1.6343	1.7810	0.0000	0.8074	0.9408	0.0039	0.3896	0.5263	0.1328	0.6242	0.6929	0.1011	0.1724	0.2153	0.1389	0.0005	0.1343	-0.2159	-0.2168	26.8363	1.9725	143.7566	4.2763	0.3706	0.3704	0.0002	0.0929	0.0929	0.0000	0.2777	0.2775	0.0002	0.5044	0.4447	0.0597	0.3885	0.3812	0.0073	0.1158	0.0634	0.0524	0.4008	0.3471	0.0537	0.0568	0.0522	0.0047	0.3439	0.2949	0.0490	1.2944	0.8449	0.4496	0.6224	0.5502	0.0722	0.6721	0.2947	0.3774
85	98	0.9582	12	1	0	0	1	0	0	0	1	1	0	2	1	0	0	0	0	0	0	N	N	N	N	Y	N	N	N	N	N	N	N	N	N	N	N	N	N	0.8425	1.0169	0.0000	11.5494	49.3639	0.0000	0.4779	0.4003	0.0000	1.1193	1.2865	0.0000	0.6352	0.6651	0.0000	1.1895	1.3868	0.0000	1.3285	1.2651	1.4456	0.0550	0.0135	0.3266	2.4888	3.4648	1.6912	0.0000	0.6184	-0.3851	-0.2639	26.8363	2.9999	143.7566	3.9821	0.6603	0.6603	0.0000	0.0474	0.0474	0.0000	0.6129	0.6129	0.0000	1.5882	0.9813	0.6068	0.0313	0.0067	0.0247	1.5568	0.9747	0.5822	0.5899	0.5133	0.0767	0.0747	0.0713	0.0034	0.5152	0.4419	0.0733	1.1955	0.7757	0.4198	0.5700	0.4944	0.0756	0.6255	0.2813	0.3442
85	99	0.9551	11	1	0	0	0	0	0	0	0	1	0	2	1	0	0	0	0	0	0	N	N	N	N	Y	N	N	N	N	N	N	N	N	N	N	N	N	N	0.4823	8.5174	0.0000	1.4888	3.0572	0.0000	0.4141	145.8727	0.0000	0.1839	0.2130	0.0000	0.1008	0.1156	0.0000	0.2778	0.3254	0.0000	0.3812	0.0250	1.0530	0.0677	0.0378	0.2689	0.6709	0.0022	1.2241	0.0000	22.3253	-0.0000	0.0585	26.8363	0.0003	143.7566	2.0601	0.0000	0.0000	0.0000	0.0000	0.0000	0.0000	0.0000	0.0000	0.0000	0.1432	0.0061	0.1370	0.0122	0.0059	0.0063	0.1310	0.0002	0.1308	0.0001	0.0001	0.0000	0.0001	0.0001	0.0000	0.0001	0.0001	0.0000	0.3756	0.2454	0.1301	0.1804	0.1571	0.0233	0.1952	0.0884	0.1068
85	100	0.9352	10	1	0	0	0	0	0	0	0	2	1	2	1	0	0	0	0	0	0	N	N	N	N	Y	N	N	N	N	N	N	N	N	N	N	N	N	N	0.4138	0.5958	0.0000	1.9800	1.8050	0.0519	0.2087	0.7448	0.0000	0.5027	0.5781	0.0000	2.2064	2.3086	0.0002	0.2725	0.3176	0.0000	1.2150	0.9703	1.6660	1.1144	1.2790	0.0033	1.3060	0.4264	2.0170	0.0000	0.9314	-0.1717	-0.1701	26.8363	3.0014	143.7566	9.1620	0.2945	0.2945	0.0000	0.1539	0.1539	0.0000	0.1406	0.1406	0.0000	2.5756	1.3336	1.2420	1.1218	1.1213	0.0004	1.4538	0.2122	1.2416	0.5858	0.5094	0.0764	0.0697	0.0667	0.0031	0.5161	0.4428	0.0733	2.1199	1.3744	0.7455	1.0067	0.8767	0.1299	1.1132	0.4976	0.6156
85	126	0.9358	14	0	0	1	0	0	0	0	0	2	0	2	0	0	0	0	0	0	0	N	N	N	N	Y	N	N	N	N	N	N	N	N	N	N	N	N	N	0.0008	0.0004	0.8281	0.0041	0.0034	8.0352	0.0002	0.0000	0.6659	0.0014	0.0010	0.0032	0.0031	0.0031	0.0071	0.0007	0.0000	0.0031	1.7967	2.7489	0.0038	0.7676	0.9014	0.0009	2.8630	6.3889	0.0047	0.5915	0.0007	-0.0000	-0.5098	26.8363	0.0003	143.7566	3.0192	0.0000	0.0000	0.0000	0.0000	0.0000	0.0000	0.0000	0.0000	0.0000	0.9310	0.9304	0.0007	0.2024	0.2024	0.0000	0.7286	0.7280	0.0007	0.0001	0.0001	0.0000	0.0000	0.0000	0.0000	0.0001	0.0001	0.0000	0.5182	0.3384	0.1798	0.2637	0.2245	0.0392	0.2545	0.1139	0.1406
85	138	0.9359	13	1	0	1	0	0	0	0	0	1	0	2	0	0	0	0	0	0	0	N	N	N	N	Y	N	N	N	N	N	N	N	N	N	N	N	N	N	0.2331	0.2244	0.0000	0.2872	0.2476	0.0000	0.0000	0.0000	0.0000	0.1667	0.2410	0.0000	0.4003	0.4032	0.0000	0.0000	0.0000	0.0000	0.7150	1.0740	0.0070	1.3936	1.6284	0.0057	0.0141	0.0217	0.0074	0.0000	0.0033	-0.0001	-0.2875	26.8363	0.0010	143.7566	4.0030	0.0002	0.0002	0.0000	0.0002	0.0002	0.0000	0.0000	0.0000	0.0000	0.5275	0.5258	0.0017	0.5224	0.5221	0.0003	0.0051	0.0037	0.0014	0.0009	0.0006	0.0003	0.0004	0.0004	0.0000	0.0005	0.0003	0.0003	0.7378	0.4895	0.2482	0.3749	0.3206	0.0542	0.3629	0.1689	0.1940
85	139	0.9103	12	1	0	1	0	0	0	0	0	2	0	2	0	0	0	0	0	0	0	N	N	N	N	Y	N	N	N	N	N	N	N	N	N	N	N	N	N	0.1913	0.2123	0.0000	2.2407	2.2884	0.0000	0.0000	0.0000	0.0000	0.2991	0.3437	0.0000	2.5188	2.6201	0.0000	0.0000	0.0000	0.0000	1.5637	1.6187	1.4558	1.1241	1.1449	1.0076	2.0090	2.4770	1.5868	0.0000	0.4582	-0.1017	-0.9795	26.8363	2.9989	143.7566	12.3267	0.1744	0.1744	0.0000	0.1744	0.1744	0.0000	0.0000	0.0000	0.0000	4.1853	2.8702	1.3152	1.5138	1.3080	0.2058	2.6715	1.5621	1.1094	0.5830	0.5074	0.0756	0.0692	0.0666	0.0027	0.5137	0.4408	0.0729	2.6765	1.7731	0.9034	1.3467	1.1425	0.2043	1.3298	0.6307	0.6991
85	143	0.9551	17	1	0	1	0	0	0	0	0	1	0	2	0	0	0	0	0	0	0	N	N	N	N	Y	N	N	N	N	N	N	N	N	N	N	N	N	N	0.2005	0.1416	0.5460	0.2386	0.1196	0.7169	0.1837	0.1239	0.4241	0.4412	0.3970	0.5663	0.2554	0.1150	1.1995	0.6252	0.7964	0.3590	2.2007	2.8035	1.0371	1.0704	0.9617	1.6733	3.4033	6.4278	0.8463	0.5041	0.1917	-0.0000	-0.4346	26.8363	0.0000	143.7566	3.0055	0.0000	0.0000	0.0000	0.0000	0.0000	0.0000	0.0000	0.0000	0.0000	1.1217	0.9413	0.1804	0.2812	0.2141	0.0672	0.8405	0.7272	0.1133	0.0000	0.0000	0.0000	0.0000	0.0000	0.0000	0.0000	0.0000	0.0000	0.5097	0.3358	0.1740	0.2628	0.2226	0.0401	0.2470	0.1131	0.1338
85	144	0.9421	16	1	0	1	0	0	0	0	0	2	0	2	0	0	0	0	0	0	0	N	N	N	N	Y	N	N	N	N	N	N	N	N	N	N	N	N	N	1.7706	1.6395	2.7673	1.6351	0.2226	546.3935	1.9595	5.1983	1.0966	3.1517	2.8210	5.2305	3.1826	0.5021	72.9513	3.1467	3.2467	2.5949	1.7800	1.7207	1.8901	1.9464	2.2561	0.1335	1.6059	0.6246	2.3663	0.2950	0.5913	-0.4600	-0.4406	26.8363	2.0192	143.7566	6.0784	1.2943	0.9995	0.2948	0.1816	0.0276	0.1540	1.1127	0.9719	0.1408	2.4940	1.5673	0.9268	1.3945	1.3806	0.0140	1.0995	0.1867	0.9128	0.4107	0.3543	0.0564	0.0571	0.0550	0.0021	0.3536	0.2993	0.0543	1.4012	0.9108	0.4903	0.7165	0.6119	0.1046	0.6847	0.2989	0.3858
87	90	0.0255	2	2	0	1	0	0	0	1	0	0	0	2	2	0	0	0	0	0	0	Y	N	N	N	Y	Y	N	N	N	N	N	N	N	N	N	N	N	N	0.0096	0.0032	0.0427	0.0070	0.0070	0.0000	0.0088	0.0000	0.0426	0.0159	0.0006	0.1375	0.0017	0.0017	0.0000	0.0217	0.0000	0.1376	1.6561	0.1722	3.2235	0.2445	0.2433	0.5895	2.4670	0.0000	3.2303	31.0111	17.7206	0.0000	0.1982	0.0022	2.0138	6.6376	11.8132	0.0000	0.0000	0.0000	0.0000	0.0000	0.0000	0.0000	0.0000	0.0000	0.4977	0.0266	0.4711	0.0268	0.0266	0.0002	0.4709	0.0000	0.4709	0.0001	0.0001	0.0000	0.0000	0.0000	0.0000	0.0001	0.0000	0.0000	0.3005	0.1544	0.1461	0.1097	0.1093	0.0004	0.1909	0.0451	0.1458
87	93	0.1157	14	1	0	1	0	0	0	1	0	0	0	1	2	0	0	0	0	0	0	N	N	N	N	N	Y	N	N	N	N	N	N	N	N	N	N	N	N	0.0000	0.0000	0.0000	0.0000	0.0000	0.0000	0.0000	0.0000	0.0000	0.0000	0.0000	0.0000	0.0000	0.0000	0.0000	0.0000	0.0000	0.0000	0.0001	0.0000	0.0002	0.0000	0.0000	0.0000	0.0001	0.0000	0.0002		203.9375	0.0000	0.0000	0.0022	0.0000	6.6376	0.9594	0.0000	0.0000	0.0000	0.0000	0.0000	0.0000	0.0000	0.0000	0.0000	0.0000	0.0000	0.0000	0.0000	0.0000	0.0000	0.0000	0.0000	0.0000	0.0000	0.0000	0.0000	0.0000	0.0000	0.0000	0.0000	0.0000	0.0000	0.0085	0.0048	0.0037	0.0025	0.0023	0.0002	0.0060	0.0024	0.0035
87	94	0.0843	13	1	0	1	0	0	0	1	0	0	1	1	2	0	0	0	0	0	0	N	N	N	N	N	Y	N	N	N	N	N	N	N	N	N	N	N	N	0.0000	0.0000	0.0000	0.0000	0.0000	0.0000	0.0000	0.0000	0.0000	0.0000	0.0000	0.0000	0.0000	0.0000	0.0000	0.0000	0.0000	0.0000	0.0304	0.0005	0.0686	0.0011	0.0012	0.0000	0.0418	0.0000	0.0721		98.3085	0.0000	0.0022	0.0022	0.0000	6.6376	18.8906	0.0000	0.0000	0.0000	0.0000	0.0000	0.0000	0.0000	0.0000	0.0000	0.0051	0.0001	0.0050	0.0001	0.0001	0.0000	0.0050	0.0000	0.0050	0.0000	0.0000	0.0000	0.0000	0.0000	0.0000	0.0000	0.0000	0.0000	0.1666	0.0935	0.0731	0.0465	0.0430	0.0035	0.1200	0.0504	0.0696
87	98	0.0788	10	2	0	1	1	0	0	1	1	0	0	2	2	0	0	0	0	0	0	Y	N	N	N	Y	Y	N	N	N	N	N	N	N	N	N	N	N	N	0.0000	0.0000	0.0000	0.0000	0.0000	0.0000	0.0000	0.0000	0.0000	0.0000	0.0000	0.0000	0.0000	0.0000	0.0000	0.0000	0.0000	0.0000	0.0000	0.0000	0.0000	0.0000	0.0000	0.0000	0.0000	0.0000	0.0000			0.0000	0.0000	0.0022	2.9999	6.6376	3.9821	0.0000	0.0000	0.0000	0.0000	0.0000	0.0000	0.0000	0.0000	0.0000	0.0000	0.0000	0.0000	0.0000	0.0000	0.0000	0.0000	0.0000	0.0000	0.0001	0.0001	0.0000	0.0000	0.0000	0.0000	0.0001	0.0001	0.0000	0.0575	0.0307	0.0269	0.0128	0.0119	0.0009	0.0447	0.0188	0.0259
87	99	0.0757	9	2	0	1	0	0	0	1	0	0	0	2	2	0	0	0	0	0	0	Y	N	N	N	Y	Y	N	N	N	N	N	N	N	N	N	N	N	N	0.0000	0.0000	0.0000	0.0000	0.0000	0.0000	0.0000	0.0000	0.0000	0.0000	0.0000	0.0000	0.0000	0.0000	0.0000	0.0000	0.0000	0.0000	0.0000	0.0000	0.0000	0.0000	0.0000	0.0000	0.0000	0.0000	0.0000		0.0090	0.0000	-0.0000	0.0022	0.0003	6.6376	2.0601	0.0000	0.0000	0.0000	0.0000	0.0000	0.0000	0.0000	0.0000	0.0000	0.0000	0.0000	0.0000	0.0000	0.0000	0.0000	0.0000	0.0000	0.0000	0.0000	0.0000	0.0000	0.0000	0.0000	0.0000	0.0000	0.0000	0.0000	0.0182	0.0098	0.0083	0.0043	0.0040	0.0003	0.0139	0.0058	0.0081
87	100	0.0559	8	2	0	1	0	0	0	1	0	1	1	2	2	0	0	0	0	0	0	Y	N	N	N	Y	Y	N	N	N	N	N	N	N	N	N	N	N	N	0.0000	0.0000	0.0000	0.0000	0.0000	0.0000	0.0000	0.0000	0.0000	0.0000	0.0000	0.0000	0.0000	0.0000	0.0000	0.0000	0.0000	0.0000	0.0791	0.0017	0.1657	0.0097	0.0046	0.0859	0.0979	0.0000	0.1680		85.2922	0.0000	0.0036	0.0022	3.0014	6.6376	9.1620	0.0000	0.0000	0.0000	0.0000	0.0000	0.0000	0.0000	0.0000	0.0000	0.0082	0.0001	0.0081	0.0002	0.0001	0.0001	0.0080	0.0000	0.0080	0.0001	0.0001	0.0000	0.0000	0.0000	0.0000	0.0001	0.0001	0.0000	0.1037	0.0548	0.0489	0.0221	0.0207	0.0014	0.0815	0.0340	0.0475
87	101	0.0430	7	2	0	1	0	0	0	1	0	0	0	1	1	0	0	0	0	0	0	Y	N	N	N	N	N	N	N	N	N	N	N	N	N	N	N	N	N	0.0066	0.0000	0.0131	0.0000	0.0000	0.0000	0.0089	0.0000	0.0129	0.0997	0.0000	0.4005	0.0000	0.0000	0.0000	0.1586	0.0000	0.4007	15.0133	0.0042	30.6426	0.0090	0.0005	0.2043	17.8682	0.0058	31.0641	inf	6994.2311	0.0000	0.4430	0.0022	0.0077	6.6376	8.0757	0.0000	0.0000	0.0000	0.0000	0.0000	0.0000	0.0000	0.0000	0.0000	0.9811	0.0001	0.9809	0.0001	0.0000	0.0001	0.9810	0.0001	0.9808	0.0000	0.0000	0.0000	0.0000	0.0000	0.0000	0.0000	0.0000	0.0000	0.0653	0.0333	0.0320	0.0104	0.0100	0.0004	0.0549	0.0233	0.0316
87	102	0.0414	6	2	0	1	0	0	0	1	0	0	0	1	1	0	0	0	0	0	0	Y	N	N	N	N	N	N	N	N	N	N	N	N	N	N	N	N	N	9.5962	26.4251	7.1251	9.7473	9.3664	0.0000	10.1556	0.0000	7.0346	0.3757	0.2877	0.4875	0.3424	0.3424	0.0000	0.4053	0.0000	0.4875	0.0392	0.0109	0.0684	0.0351	0.0366	0.0011	0.0399	0.0000	0.0693	1.3333	6.0678	-0.0000	0.0001	0.0022	0.0011	6.6376	1.0060	0.0000	0.0000	0.0000	0.0000	0.0000	0.0000	0.0000	0.0000	0.0000	0.0003	0.0000	0.0003	0.0000	0.0000	0.0000	0.0003	0.0000	0.0003	0.0000	0.0000	0.0000	0.0000	0.0000	0.0000	0.0000	0.0000	0.0000	0.0083	0.0042	0.0041	0.0013	0.0013	0.0001	0.0070	0.0030	0.0040
87	121	0.1002	13	2	0	1	0	0	0	1	0	0	0	1	1	0	0	0	0	0	0	Y	N	N	N	N	N	N	N	N	N	N	N	N	N	N	N	N	N	0.0000	0.0000	0.0000	0.0000	0.0000	0.0000	0.0000	0.0000	0.0000	0.0000	0.0000	0.0000	0.0000	0.0000	0.0000	0.0000	0.0000	0.0000	0.0290	0.0085	0.0575	0.0128	0.0132	0.0000	0.0393	0.0000	0.0593		4.8280	0.0000	0.0002	0.0022	0.0000	6.6376	1.2022	0.0000	0.0000	0.0000	0.0000	0.0000	0.0000	0.0000	0.0000	0.0000	0.0006	0.0001	0.0005	0.0001	0.0001	0.0000	0.0005	0.0000	0.0005	0.0000	0.0000	0.0000	0.0000	0.0000	0.0000	0.0000	0.0000	0.0000	0.0204	0.0119	0.0085	0.0080	0.0077	0.0003	0.0125	0.0042	0.0083
87	122	0.0788	12	2	0	1	0	1	0	1	0	0	0	1	1	0	0	0	0	0	0	Y	N	N	N	N	N	N	N	N	N	N	N	N	N	N	N	N	N	0.0000	0.0000	0.0000	0.0000	0.0000	0.0000	0.0000	0.0000	0.0000	0.0000	0.0000	0.0000	0.0000	0.0000	0.0000	0.0000	0.0000	0.0000	8.3437	0.0000	19.6271	0.0001	0.0001	0.0000	11.7103	0.0000	20.5577		299899.3042	0.0000	0.4496	0.0022	0.0041	6.6376	12.5856	0.0000	0.0000	0.0000	0.0000	0.0000	0.0000	0.0000	0.0000	0.0000	0.9954	0.0000	0.9954	0.0000	0.0000	0.0000	0.9954	0.0000	0.9954	0.0000	0.0000	0.0000	0.0000	0.0000	0.0000	0.0000	0.0000	0.0000	0.1193	0.0686	0.0507	0.0343	0.0320	0.0023	0.0850	0.0366	0.0484
87	132	0.1408	20	1	0	1	0	0	0	1	0	0	1	1	2	0	0	0	0	0	0	N	N	N	N	N	Y	N	N	N	N	N	N	N	N	N	N	N	N	0.0000	0.0000	0.0000	0.0000	0.0000	0.0000	0.0000	0.0000	0.0000	0.0000	0.0000	0.0000	0.0000	0.0000	0.0000	0.0000	0.0000	0.0000	0.3090	0.0004	0.7086	0.0007	0.0008	0.0000	0.4490	0.0000	0.7609		1361.7578	0.0000	0.0023	0.0022	0.0075	6.6376	1.9743	0.0000	0.0000	0.0000	0.0000	0.0000	0.0000	0.0000	0.0000	0.0000	0.0052	0.0000	0.0052	0.0000	0.0000	0.0000	0.0052	0.0000	0.0052	0.0000	0.0000	0.0000	0.0000	0.0000	0.0000	0.0000	0.0000	0.0000	0.0167	0.0094	0.0073	0.0052	0.0047	0.0005	0.0115	0.0047	0.0068
87	134	0.1356	18	1	0	1	0	0	0	1	0	0	1	1	2	0	0	0	0	0	0	N	N	N	N	N	Y	N	N	N	N	N	N	N	N	N	N	N	N	0.0000	0.0000	0.0000	0.0000	0.0000	0.0000	0.0000	0.0000	0.0000	0.0000	0.0000	0.0000	0.0000	0.0000	0.0000	0.0000	0.0000	0.0000	0.1106	0.0010	0.2612	0.0018	0.0020	0.0000	0.1611	0.0000	0.2802		188.4459	0.0000	0.0034	0.0022	2.0569	6.6376	5.7592	0.0000	0.0000	0.0000	0.0000	0.0000	0.0000	0.0000	0.0000	0.0000	0.0075	0.0000	0.0075	0.0000	0.0000	0.0000	0.0075	0.0000	0.0075	0.0001	0.0001	0.0000	0.0000	0.0000	0.0000	0.0001	0.0000	0.0000	0.0679	0.0393	0.0286	0.0215	0.0196	0.0019	0.0464	0.0197	0.0267
87	135	0.1372	19	1	0	1	0	0	0	1	0	0	1	1	2	0	0	0	0	0	0	N	N	N	N	N	Y	N	N	N	N	N	N	N	N	N	N	N	N	0.0000	0.0000	0.0000	0.0000	0.0000	0.0000	0.0000	0.0000	0.0000	0.0000	0.0000	0.0000	0.0000	0.0000	0.0000	0.0000	0.0000	0.0000	11.9945	0.0025	28.2389	0.0080	0.0050	0.0372	17.4873	0.0000	30.3319		8393.2683	0.0000	0.4467	0.0022	1.0111	6.6376	8.8059	0.0000	0.0000	0.0000	0.0000	0.0000	0.0000	0.0000	0.0000	0.0000	0.9891	0.0001	0.9890	0.0002	0.0001	0.0001	0.9889	0.0000	0.9889	0.0000	0.0000	0.0000	0.0000	0.0000	0.0000	0.0000	0.0000	0.0000	0.0825	0.0474	0.0350	0.0259	0.0235	0.0024	0.0566	0.0239	0.0326
88	89	0.0509	6	2	0	1	0	0	0	1	0	0	0	1	1	0	0	0	0	0	0	Y	N	N	N	N	N	N	N	N	N	N	N	N	N	N	N	N	N	0.0000	0.0000	0.0000	0.0000	0.0000	0.0000	0.0000	0.0000	0.0000	0.0000	0.0000	0.0000	0.0000	0.0000	0.0000	0.0000	0.0000	0.0000	7.0843	0.0927	15.8243	0.2119	0.2189	0.0596	9.3123	0.0009	16.2176		136.5475	0.0000	0.9071	1.0173	2.9990	8.6136	17.4729	0.0000	0.0000	0.0000	0.0000	0.0000	0.0000	0.0000	0.0000	0.0000	2.0408	0.0148	2.0260	0.0149	0.0148	0.0002	2.0259	0.0001	2.0258	0.0216	0.0185	0.0030	0.0004	0.0004	0.0000	0.0212	0.0181	0.0030	0.2881	0.1600	0.1280	0.0705	0.0674	0.0031	0.2176	0.0926	0.1249
88	92	0.0711	11	2	0	1	0	1	0	1	0	0	0	1	1	0	0	0	0	0	0	Y	N	N	N	N	N	N	N	N	N	N	N	N	N	N	N	N	N	0.0000	0.0004	0.0000	0.0076	0.0071	0.0000	0.0000	0.0000	0.0000	0.0000	0.0000	0.0000	0.0010	0.0010	0.0000	0.0000	0.0000	0.0000	1.9076	0.0609	4.2047	0.1333	0.1443	0.0009	2.5106	0.0000	4.3978	0.0026	55.4607	-0.0000	0.4512	1.0173	5.0000	8.6136	42.2706	0.0000	0.0000	0.0000	0.0000	0.0000	0.0000	0.0000	0.0000	0.0000	1.0396	0.0184	1.0212	0.0184	0.0184	0.0000	1.0212	0.0000	1.0212	0.0357	0.0307	0.0050	0.0007	0.0007	0.0000	0.0350	0.0300	0.0050	0.5450	0.3021	0.2429	0.1382	0.1276	0.0107	0.4068	0.1746	0.2322
88	93	0.1048	13	1	0	0	0	0	0	0	0	0	0	1	2	0	0	0	0	0	0	N	N	N	N	N	Y	N	N	N	N	N	N	N	N	N	N	N	N	0.0000	0.0000	0.0000	0.0000	0.0000	0.0000	0.0000	0.0000	0.0000	0.0000	0.0000	0.0000	0.0000	0.0000	0.0000	0.0000	0.0000	0.0000	0.0098	0.0000	0.0227	0.0000	0.0000	0.0000	0.0138	0.0000	0.0239		1357.8787	0.0000	0.0001	1.0173	0.0000	8.6136	0.9594	0.0000	0.0000	0.0000	0.0000	0.0000	0.0000	0.0000	0.0000	0.0000	0.0001	0.0000	0.0001	0.0000	0.0000	0.0000	0.0001	0.0000	0.0001	0.0000	0.0000	0.0000	0.0000	0.0000	0.0000	0.0000	0.0000	0.0000	0.0130	0.0074	0.0056	0.0038	0.0035	0.0003	0.0093	0.0039	0.0053
88	94	0.0734	12	1	0	0	0	0	0	0	0	0	1	1	2	0	0	0	0	0	0	N	N	N	N	N	Y	N	N	N	N	N	N	N	N	N	N	N	N	0.0000	0.0000	0.0000	0.0000	0.0000	0.0000	0.0000	0.0000	0.0000	0.0000	0.0000	0.0000	0.0000	0.0000	0.0000	0.0000	0.0000	0.0000	3.8390	0.0060	8.8777	0.0125	0.0134	0.0000	5.2889	0.0000	9.2731		1117.0593	0.0000	0.4435	1.0173	0.0000	8.6136	18.8906	0.0000	0.0000	0.0000	0.0000	0.0000	0.0000	0.0000	0.0000	0.0000	0.9838	0.0009	0.9829	0.0009	0.0009	0.0000	0.9829	0.0000	0.9829	0.0000	0.0000	0.0000	0.0000	0.0000	0.0000	0.0000	0.0000	0.0000	0.2563	0.1455	0.1107	0.0704	0.0657	0.0047	0.1858	0.0798	0.1060
88	97	0.0892	12	2	0	1	0	0	0	1	0	0	0	1	1	0	0	0	0	0	0	Y	N	N	N	N	N	N	N	N	N	N	N	N	N	N	N	N	N	0.0000	0.0000	0.0000	0.0000	0.0000	0.0000	0.0000	0.0000	0.0000	0.0000	0.0000	0.0000	0.0000	0.0000	0.0000	0.0000	0.0000	0.0000	3.0912	0.0386	6.9390	0.0811	0.0858	0.0262	4.1983	0.0008	7.2868		142.8007	0.0000	0.4460	1.0173	2.0000	8.6136	24.9502	0.0000	0.0000	0.0000	0.0000	0.0000	0.0000	0.0000	0.0000	0.0000	1.0027	0.0070	0.9957	0.0071	0.0069	0.0002	0.9956	0.0001	0.9955	0.0144	0.0124	0.0020	0.0003	0.0003	0.0000	0.0141	0.0121	0.0020	0.3244	0.1809	0.1435	0.0872	0.0803	0.0069	0.2371	0.1005	0.1366
88	98	0.0679	9	2	0	0	1	0	0	0	1	0	0	2	2	0	0	0	0	0	0	Y	N	N	N	Y	Y	N	N	N	N	N	N	N	N	N	N	N	N	0.0000	0.0000	0.0000	0.0000	0.0000	0.0000	0.0000	0.0000	0.0000	0.0000	0.0000	0.0000	0.0000	0.0000	0.0000	0.0000	0.0000	0.0000	0.0000	0.0000	0.0000	0.0000	0.0000	0.0000	0.0000	0.0000	0.0000			0.0000	0.0000	1.0173	2.9999	8.6136	3.9821	0.0000	0.0000	0.0000	0.0000	0.0000	0.0000	0.0000	0.0000	0.0000	0.0000	0.0000	0.0000	0.0000	0.0000	0.0000	0.0000	0.0000	0.0000	0.0216	0.0186	0.0030	0.0005	0.0005	0.0000	0.0211	0.0181	0.0030	0.0883	0.0479	0.0404	0.0193	0.0181	0.0012	0.0690	0.0298	0.0392
88	99	0.0648	8	2	0	0	0	0	0	0	0	0	0	2	2	0	0	0	0	0	0	Y	N	N	N	Y	Y	N	N	N	N	N	N	N	N	N	N	N	N	79.0757	49.9275	0.0000	97.7625	92.4364	0.0000	0.0000	0.0000	0.0000	0.0063	0.0072	0.0000	0.0334	0.0335	0.0000	0.0000	0.0000	0.0000	0.0001	0.0001	0.0000	0.0003	0.0004	0.0000	0.0000	0.0000	0.0000	0.0000	0.0101	-0.0000	-0.0000	1.0173	0.0003	8.6136	2.0601	0.0000	0.0000	0.0000	0.0000	0.0000	0.0000	0.0000	0.0000	0.0000	0.0000	0.0000	0.0000	0.0000	0.0000	0.0000	0.0000	0.0000	0.0000	0.0000	0.0000	0.0000	0.0000	0.0000	0.0000	0.0000	0.0000	0.0000	0.0278	0.0153	0.0125	0.0064	0.0061	0.0004	0.0214	0.0092	0.0122
88	100	0.0449	7	2	0	0	0	0	0	0	0	1	1	2	2	0	0	0	0	0	0	Y	N	N	N	Y	Y	N	N	N	N	N	N	N	N	N	N	N	N	0.8500	0.5471	0.0000	9.3725	9.0235	0.0000	0.0000	0.0000	0.0000	0.0324	0.0376	0.0000	1.6499	1.6766	0.0000	0.0000	0.0000	0.0000	0.0381	0.0688	0.0023	0.1760	0.1858	0.0020	0.0013	0.0000	0.0024	0.0000	0.0293	-0.0004	-0.0031	1.0173	3.0014	8.6136	9.1620	0.0007	0.0007	0.0000	0.0007	0.0007	0.0000	0.0000	0.0000	0.0000	0.0060	0.0059	0.0002	0.0059	0.0059	0.0000	0.0002	0.0000	0.0002	0.0216	0.0186	0.0030	0.0004	0.0004	0.0000	0.0212	0.0182	0.0030	0.1584	0.0852	0.0733	0.0333	0.0315	0.0018	0.1251	0.0536	0.0715
88	101	0.0321	6	2	0	0	0	0	0	0	0	0	0	1	1	0	0	0	0	0	0	Y	N	N	N	N	N	N	N	N	N	N	N	N	N	N	N	N	N	0.0669	0.6991	0.0081	4.2717	4.2032	0.0000	0.0020	0.0000	0.0080	0.0081	0.0091	0.0019	0.1473	0.1481	0.0000	0.0003	0.0000	0.0019	0.1212	0.0130	0.2389	0.0345	0.0352	0.0074	0.1390	0.0025	0.2412	0.0330	16.9314	-0.0000	0.0050	1.0173	0.0077	8.6136	8.0757	0.0000	0.0000	0.0000	0.0000	0.0000	0.0000	0.0000	0.0000	0.0000	0.0126	0.0007	0.0119	0.0006	0.0006	0.0000	0.0119	0.0001	0.0119	0.0001	0.0001	0.0000	0.0000	0.0000	0.0000	0.0001	0.0000	0.0000	0.1037	0.0540	0.0496	0.0177	0.0172	0.0005	0.0859	0.0368	0.0492
88	102	0.0305	5	2	0	0	0	0	0	0	0	0	0	1	1	0	0	0	0	0	0	Y	N	N	N	N	N	N	N	N	N	N	N	N	N	N	N	N	N	0.1190	0.0511	0.7879	0.1760	0.1717	0.0000	0.1991	0.0000	0.7823	0.0154	0.0095	0.0540	0.1068	0.1072	0.0000	0.0078	0.0000	0.0541	0.1298	0.1863	0.0685	0.6066	0.6239	0.0008	0.0391	0.0000	0.0692	0.8709	0.3392	-0.0000	-0.0005	1.0173	0.0011	8.6136	1.0060	0.0000	0.0000	0.0000	0.0000	0.0000	0.0000	0.0000	0.0000	0.0000	0.0017	0.0012	0.0004	0.0012	0.0012	0.0000	0.0004	0.0000	0.0004	0.0000	0.0000	0.0000	0.0000	0.0000	0.0000	0.0000	0.0000	0.0000	0.0128	0.0067	0.0061	0.0020	0.0020	0.0001	0.0108	0.0047	0.0061
88	106	0.0774	15	2	0	1	0	0	0	0	0	0	0	1	1	0	0	0	0	0	0	Y	N	N	N	N	N	N	N	N	N	N	N	N	N	N	N	N	N	0.0001	0.0000	0.0139	0.0007	0.0000	51.9381	0.0000	0.0000	0.0000	0.0000	0.0000	0.0000	0.0000	0.0000	0.0018	0.0000	0.0000	0.0000	0.0130	0.0226	0.0004	0.0477	0.0520	0.0000	0.0002	0.0000	0.0004	inf	0.0126	0.0000	-0.0017	1.0173	4.0001	8.6136	15.3361	0.0000	0.0000	0.0000	0.0000	0.0000	0.0000	0.0000	0.0000	0.0000	0.0031	0.0031	0.0000	0.0031	0.0031	0.0000	0.0000	0.0000	0.0000	0.0287	0.0247	0.0040	0.0006	0.0006	0.0000	0.0281	0.0241	0.0040	0.2375	0.1354	0.1021	0.0641	0.0588	0.0054	0.1733	0.0766	0.0967
88	107	0.1051	17	2	0	1	0	0	0	0	0	0	0	1	1	0	0	0	0	0	0	Y	N	N	N	N	N	N	N	N	N	N	N	N	N	N	N	N	N	0.0142	0.0000	851.0045	0.1925	0.0000	48940.7890	0.0000	0.0000	0.0000	0.0954	0.0000	0.6812	3.4266	0.0000	104.1518	0.0000	0.0000	0.0000	6.6990	11.7032	0.0008	17.7993	19.2746	0.0021	2.3088	5.3247	0.0007	inf	0.0001	0.0003	-0.7212	1.0173	1.0040	8.6136	14.1141	0.0007	0.0000	0.0007	0.0007	0.0000	0.0007	0.0000	0.0000	0.0000	1.3155	1.3154	0.0001	0.9906	0.9906	0.0000	0.3249	0.3248	0.0001	0.0073	0.0063	0.0010	0.0002	0.0002	0.0000	0.0071	0.0061	0.0010	0.1964	0.1124	0.0840	0.0557	0.0514	0.0043	0.1407	0.0610	0.0797
88	108	0.0973	16	2	0	1	0	1	0	1	0	0	0	1	1	0	0	0	0	0	0	Y	N	N	N	N	N	N	N	N	N	N	N	N	N	N	N	N	N	0.0031	0.0010	4.5465	0.0443	0.0204	5837.0391	0.0000	0.0000	0.0000	0.0002	0.0001	0.0008	0.0083	0.0041	0.1261	0.0000	0.0000	0.0000	0.0680	0.1210	0.0002	0.1880	0.2021	0.0000	0.0250	0.0581	0.0002	1.0936	0.0011	-0.0000	-0.0024	1.0173	1.0065	8.6136	3.9764	0.0000	0.0000	0.0000	0.0000	0.0000	0.0000	0.0000	0.0000	0.0000	0.0043	0.0043	0.0000	0.0031	0.0031	0.0000	0.0012	0.0012	0.0000	0.0073	0.0063	0.0010	0.0002	0.0002	0.0000	0.0071	0.0061	0.0010	0.0635	0.0356	0.0279	0.0167	0.0156	0.0012	0.0467	0.0201	0.0267
88	112	0.0230	2	2	0	1	0	0	0	1	0	0	0	1	1	0	0	0	0	0	0	Y	N	N	N	N	N	N	N	N	N	N	N	N	N	N	N	N	N	0.0677	0.0409	0.2185	0.7281	0.7331	0.0000	0.0433	0.0000	0.2187	0.0965	0.0356	0.4393	0.8494	0.8566	0.0000	0.0687	0.0000	0.4402	1.4250	0.8714	2.0106	1.1666	1.1684	0.0411	1.5859	0.0028	2.0131	2.1889	2.1808	0.0002	0.1064	1.0173	3.0154	8.6136	11.4025	0.0022	0.0007	0.0015	0.0007	0.0007	0.0000	0.0015	0.0000	0.0015	0.7744	0.2435	0.5309	0.2433	0.2433	0.0000	0.5311	0.0002	0.5309	0.0225	0.0191	0.0034	0.0008	0.0008	0.0000	0.0217	0.0183	0.0034	0.5434	0.2794	0.2641	0.2085	0.2082	0.0003	0.3349	0.0712	0.2637
88	119	0.0930	14	2	0	1	0	0	0	0	0	0	0	1	1	0	0	0	0	0	0	Y	N	N	N	N	N	N	N	N	N	N	N	N	N	N	N	N	N	0.0409	0.0281	0.0000	0.5893	0.5554	0.0000	0.0000	0.0000	0.0000	0.0014	0.0016	0.0000	0.0693	0.0706	0.0000	0.0000	0.0000	0.0000	0.0344	0.0582	0.0038	0.1176	0.1270	0.0019	0.0024	0.0004	0.0039	0.0000	0.0504	-0.0000	-0.0054	1.0173	6.0007	8.6136	19.0307	0.0001	0.0001	0.0000	0.0001	0.0001	0.0000	0.0000	0.0000	0.0000	0.0107	0.0102	0.0005	0.0102	0.0102	0.0000	0.0005	0.0000	0.0005	0.0427	0.0367	0.0060	0.0009	0.0009	0.0000	0.0418	0.0359	0.0059	0.3125	0.1758	0.1367	0.0867	0.0802	0.0065	0.2258	0.0956	0.1302
88	120	0.0895	13	2	0	1	0	0	0	1	0	0	0	1	1	0	0	0	0	0	0	Y	N	N	N	N	N	N	N	N	N	N	N	N	N	N	N	N	N	25.1123	0.0000	2694.5980	0.0000	0.0000	0.0000	536.3746	0.0000	2593.6327	2.4157	0.0000	17.1864	0.0000	0.0000	0.0000	2.4667	0.0000	17.2301	0.0962	0.1621	0.0064	0.2941	0.3111	0.0001	0.0046	0.0016	0.0066	inf	0.0289	0.0000	-0.0026	1.0173	0.0034	8.6136	3.2312	0.0001	0.0000	0.0001	0.0000	0.0000	0.0000	0.0001	0.0000	0.0001	0.0050	0.0049	0.0001	0.0048	0.0048	0.0000	0.0002	0.0000	0.0001	0.0000	0.0000	0.0000	0.0000	0.0000	0.0000	0.0000	0.0000	0.0000	0.0521	0.0301	0.0220	0.0165	0.0156	0.0009	0.0356	0.0145	0.0212
88	121	0.0892	12	2	0	0	0	0	0	0	0	0	0	1	1	0	0	0	0	0	0	Y	N	N	N	N	N	N	N	N	N	N	N	N	N	N	N	N	N	0.0000	0.0000	0.0000	0.0000	0.0000	0.0000	0.0000	0.0000	0.0000	0.0000	0.0000	0.0000	0.0000	0.0000	0.0000	0.0000	0.0000	0.0000	0.0183	0.0156	0.0222	0.0238	0.0245	0.0015	0.0149	0.0000	0.0228		1.0106	0.0000	-0.0000	1.0173	0.0000	8.6136	1.2022	0.0000	0.0000	0.0000	0.0000	0.0000	0.0000	0.0000	0.0000	0.0000	0.0006	0.0003	0.0003	0.0003	0.0003	0.0000	0.0003	0.0000	0.0003	0.0000	0.0000	0.0000	0.0000	0.0000	0.0000	0.0000	0.0000	0.0000	0.0305	0.0179	0.0126	0.0117	0.0113	0.0003	0.0188	0.0065	0.0123
88	122	0.0679	11	2	0	0	0	1	0	0	0	0	0	1	1	0	0	0	0	0	0	Y	N	N	N	N	N	N	N	N	N	N	N	N	N	N	N	N	N	0.0000	0.0000	0.0000	0.0000	0.0000	0.0000	0.0000	0.0000	0.0000	0.0000	0.0000	0.0000	0.0000	0.0000	0.0000	0.0000	0.0000	0.0000	0.0331	0.0174	0.0550	0.0356	0.0378	0.0000	0.0322	0.0000	0.0573		2.2911	0.0000	0.0009	1.0173	0.0041	8.6136	12.5856	0.0000	0.0000	0.0000	0.0000	0.0000	0.0000	0.0000	0.0000	0.0000	0.0061	0.0018	0.0042	0.0018	0.0018	0.0000	0.0042	0.0000	0.0042	0.0001	0.0000	0.0000	0.0000	0.0000	0.0000	0.0000	0.0000	0.0000	0.1834	0.1064	0.0770	0.0519	0.0488	0.0031	0.1315	0.0576	0.0739
88	126	0.1029	17	1	0	1	0	0	0	0	0	1	0	2	1	0	0	0	0	0	0	N	N	N	N	Y	N	N	N	N	N	N	N	N	N	N	N	N	N	0.0000	0.0000	0.0000	0.0000	0.0000	0.0000	0.0000	0.0000	0.0000	0.0000	0.0000	0.0000	0.0000	0.0000	0.0000	0.0000	0.0000	0.0000	17.2191	0.0580	39.7506	0.1139	0.1244	0.0002	24.1826	0.0000	42.1292		521.6624	0.0000	0.3045	1.0173	0.0003	8.6136	3.0192	0.0000	0.0000	0.0000	0.0000	0.0000	0.0000	0.0000	0.0000	0.0000	0.6770	0.0013	0.6757	0.0013	0.0013	0.0000	0.6757	0.0000	0.6757	0.0000	0.0000	0.0000	0.0000	0.0000	0.0000	0.0000	0.0000	0.0000	0.0393	0.0223	0.0170	0.0114	0.0104	0.0010	0.0279	0.0119	0.0160
88	131	0.1091	19	2	0	1	0	0	0	0	0	0	0	1	1	0	0	0	0	0	0	Y	N	N	N	N	N	N	N	N	N	N	N	N	N	N	N	N	N	3.4786	0.0000	22.9346	0.0000	0.0000	0.0000	5.6448	0.0000	22.0722	0.3487	0.0000	2.4659	0.0000	0.0000	0.0000	0.3675	0.0000	2.4858	0.1002	0.0948	0.1075	0.1814	0.1955	0.0250	0.0651	0.0000	0.1126	inf	0.8503	0.0011	-0.0011	1.0173	1.0211	8.6136	9.0731	0.0027	0.0000	0.0027	0.0000	0.0000	0.0000	0.0027	0.0000	0.0027	0.0129	0.0070	0.0059	0.0070	0.0070	0.0001	0.0058	0.0000	0.0058	0.0077	0.0066	0.0011	0.0004	0.0004	0.0000	0.0073	0.0062	0.0011	0.1284	0.0734	0.0550	0.0388	0.0356	0.0032	0.0896	0.0378	0.0518
88	132	0.1299	19	1	0	0	0	0	0	0	0	0	1	1	2	0	0	0	0	0	0	N	N	N	N	N	Y	N	N	N	N	N	N	N	N	N	N	N	N	0.0000	0.0000	0.0000	0.0000	0.0000	0.0000	0.0000	0.0000	0.0000	0.0000	0.0000	0.0000	0.0000	0.0000	0.0000	0.0000	0.0000	0.0000	37.4568	0.0023	87.9105	0.0044	0.0048	0.0000	53.7906	0.0000	93.7584		28097.8824	0.0000	0.4353	1.0173	0.0075	8.6136	1.9743	0.0000	0.0000	0.0000	0.0000	0.0000	0.0000	0.0000	0.0000	0.0000	0.9636	0.0000	0.9636	0.0000	0.0000	0.0000	0.9636	0.0000	0.9636	0.0002	0.0001	0.0000	0.0001	0.0001	0.0000	0.0001	0.0001	0.0000	0.0257	0.0148	0.0110	0.0078	0.0071	0.0007	0.0179	0.0076	0.0103
88	134	0.1247	17	1	0	0	0	0	0	0	0	0	1	1	2	0	0	0	0	0	0	N	N	N	N	N	Y	N	N	N	N	N	N	N	N	N	N	N	N	0.0091	0.0000	0.0274	0.0000	0.0000	0.0000	0.0067	0.0000	0.0259	0.1700	0.0000	1.2435	0.0000	0.0000	0.0000	0.1811	0.0000	1.2548	18.7547	0.0008	45.3955	0.0018	0.0016	0.0038	27.1363	0.0000	48.3736	inf	41046.3717	0.0011	0.8831	1.0173	2.0569	8.6136	5.7592	0.0027	0.0000	0.0027	0.0000	0.0000	0.0000	0.0027	0.0000	0.0027	1.9550	0.0000	1.9550	0.0001	0.0000	0.0000	1.9549	0.0000	1.9549	0.0158	0.0136	0.0022	0.0010	0.0009	0.0000	0.0148	0.0127	0.0021	0.1042	0.0612	0.0431	0.0322	0.0295	0.0027	0.0720	0.0316	0.0404
88	135	0.1263	18	1	0	0	0	0	0	0	0	0	1	1	2	0	0	0	0	0	0	N	N	N	N	N	Y	N	N	N	N	N	N	N	N	N	N	N	N	0.0000	0.0000	0.0000	0.0001	0.0001	0.0000	0.0000	0.0000	0.0000	0.0000	0.0000	0.0000	0.0001	0.0001	0.0000	0.0000	0.0000	0.0000	0.2622	0.2998	0.2094	0.5700	0.6230	0.0000	0.1266	0.0023	0.2234	0.0000	0.4979	-0.0000	-0.0072	1.0173	1.0111	8.6136	8.8059	0.0000	0.0000	0.0000	0.0000	0.0000	0.0000	0.0000	0.0000	0.0000	0.0332	0.0222	0.0110	0.0221	0.0221	0.0000	0.0111	0.0001	0.0110	0.0075	0.0064	0.0010	0.0004	0.0004	0.0000	0.0071	0.0061	0.0010	0.1268	0.0740	0.0527	0.0388	0.0355	0.0033	0.0880	0.0385	0.0494
88	138	0.1030	16	2	0	1	0	0	0	0	0	0	0	2	1	0	0	0	0	0	0	Y	N	N	N	Y	N	N	N	N	N	N	N	N	N	N	N	N	N	0.5798	1.6520	0.0000	2.1366	2.0212	0.0000	0.0000	0.0000	0.0000	0.0007	0.0008	0.0000	0.0021	0.0021	0.0000	0.0000	0.0000	0.0000	0.0012	0.0005	0.0021	0.0010	0.0010	0.0004	0.0013	0.0000	0.0023	0.0000	2.9544	-0.0000	0.0000	1.0173	0.0010	8.6136	4.0030	0.0000	0.0000	0.0000	0.0000	0.0000	0.0000	0.0000	0.0000	0.0000	0.0001	0.0000	0.0000	0.0000	0.0000	0.0000	0.0000	0.0000	0.0000	0.0000	0.0000	0.0000	0.0000	0.0000	0.0000	0.0000	0.0000	0.0000	0.0522	0.0305	0.0217	0.0164	0.0147	0.0016	0.0358	0.0158	0.0201
88	139	0.0774	15	2	0	1	0	0	0	0	0	1	0	2	1	0	0	0	0	0	0	Y	N	N	N	Y	N	N	N	N	N	N	N	N	N	N	N	N	N	0.1738	0.4839	0.0000	9.3639	8.7619	0.0000	0.0000	0.0000	0.0000	0.0324	0.0377	0.0000	1.5015	1.5300	0.0000	0.0000	0.0000	0.0000	0.1867	0.0779	0.3330	0.1604	0.1746	0.0002	0.1966	0.0027	0.3515	0.0000	3.1745	-0.0004	0.0076	1.0173	2.9989	8.6136	12.3267	0.0007	0.0007	0.0000	0.0007	0.0007	0.0000	0.0000	0.0000	0.0000	0.0360	0.0086	0.0274	0.0085	0.0085	0.0000	0.0276	0.0002	0.0274	0.0216	0.0186	0.0030	0.0005	0.0005	0.0000	0.0211	0.0181	0.0030	0.1930	0.1108	0.0823	0.0528	0.0485	0.0043	0.1403	0.0623	0.0780
88	140	0.0766	14	2	0	1	0	1	0	1	0	0	0	1	1	0	0	0	0	0	0	Y	N	N	N	N	N	N	N	N	N	N	N	N	N	N	N	N	N	0.5817	0.9440	0.0000	2.9860	2.8158	0.0000	0.0000	0.0000	0.0000	0.0019	0.0023	0.0000	0.0133	0.0133	0.0000	0.0000	0.0000	0.0000	0.0033	0.0024	0.0047	0.0045	0.0047	0.0002	0.0028	0.0002	0.0049	0.0000	1.3648	-0.0000	0.0000	1.0173	0.0011	8.6136	0.8290	0.0000	0.0000	0.0000	0.0000	0.0000	0.0000	0.0000	0.0000	0.0000	0.0000	0.0000	0.0000	0.0000	0.0000	0.0000	0.0000	0.0000	0.0000	0.0000	0.0000	0.0000	0.0000	0.0000	0.0000	0.0000	0.0000	0.0000	0.0129	0.0076	0.0053	0.0039	0.0037	0.0002	0.0089	0.0039	0.0051
88	141	0.0997	16	2	0	1	0	0	0	0	0	0	0	1	1	0	0	0	0	0	0	Y	N	N	N	N	N	N	N	N	N	N	N	N	N	N	N	N	N	0.0000	0.0000	0.0000	0.0000	0.0000	0.0000	0.0000	0.0000	0.0000	0.0000	0.0000	0.0000	0.0000	0.0000	0.0000	0.0000	0.0000	0.0000	2.6173	4.5867	0.0424	8.3159	9.2216	0.0063	0.0409	0.0350	0.0452		0.0071	0.0000	-0.1726	1.0173	0.0243	8.6136	8.8037	0.0000	0.0000	0.0000	0.0000	0.0000	0.0000	0.0000	0.0000	0.0000	0.3189	0.3166	0.0022	0.3154	0.3154	0.0000	0.0034	0.0012	0.0022	0.0003	0.0003	0.0000	0.0001	0.0001	0.0000	0.0002	0.0002	0.0000	0.1218	0.0690	0.0528	0.0379	0.0342	0.0037	0.0839	0.0348	0.0491
88	142	0.0831	15	2	0	1	0	1	0	1	0	0	0	1	1	0	0	0	0	0	0	Y	N	N	N	N	N	N	N	N	N	N	N	N	N	N	N	N	N	0.0000	0.0000	0.0000	0.0000	0.0000	0.0000	0.0000	0.0000	0.0000	0.0000	0.0000	0.0000	0.0000	0.0000	0.0000	0.0000	0.0000	0.0000	3.2583	2.8683	3.7602	5.6189	6.1188	0.0253	2.3074	0.0035	3.9728		1.0189	0.0000	-0.0186	1.0173	4.9785	8.6136	5.0554	0.0000	0.0000	0.0000	0.0000	0.0000	0.0000	0.0000	0.0000	0.0000	0.4272	0.2116	0.2156	0.2116	0.2115	0.0001	0.2157	0.0001	0.2155	0.0356	0.0306	0.0050	0.0008	0.0008	0.0000	0.0348	0.0298	0.0050	0.1311	0.0738	0.0573	0.0377	0.0346	0.0031	0.0935	0.0392	0.0543
88	143	0.1222	20	2	0	1	0	0	0	0	0	0	0	2	1	0	0	0	0	0	0	Y	N	N	N	Y	N	N	N	N	N	N	N	N	N	N	N	N	N	0.0000	0.0000	0.0000	0.0000	0.0000	0.0000	0.0000	0.0000	0.0000	0.0000	0.0000	0.0000	0.0000	0.0000	0.0000	0.0000	0.0000	0.0000	0.0001	0.0000	0.0002	0.0001	0.0001	0.0000	0.0001	0.0000	0.0002		2.8193	0.0000	0.0000	1.0173	0.0000	8.6136	3.0055	0.0000	0.0000	0.0000	0.0000	0.0000	0.0000	0.0000	0.0000	0.0000	0.0000	0.0000	0.0000	0.0000	0.0000	0.0000	0.0000	0.0000	0.0000	0.0000	0.0000	0.0000	0.0000	0.0000	0.0000	0.0000	0.0000	0.0000	0.0370	0.0217	0.0153	0.0113	0.0103	0.0010	0.0256	0.0114	0.0142
88	144	0.1091	19	2	0	1	0	0	0	0	0	1	0	2	1	0	0	0	0	0	0	Y	N	N	N	Y	N	N	N	N	N	N	N	N	N	N	N	N	N	0.0012	0.0029	0.0000	0.0312	0.0294	0.0000	0.0000	0.0000	0.0000	0.0000	0.0001	0.0000	0.0010	0.0010	0.0000	0.0000	0.0000	0.0000	0.0373	0.0171	0.0642	0.0319	0.0347	0.0000	0.0397	0.0000	0.0681	0.0000	2.8249	-0.0000	0.0007	1.0173	2.0192	8.6136	6.0784	0.0000	0.0000	0.0000	0.0000	0.0000	0.0000	0.0000	0.0000	0.0000	0.0039	0.0010	0.0029	0.0010	0.0010	0.0000	0.0029	0.0000	0.0029	0.0149	0.0128	0.0021	0.0006	0.0006	0.0000	0.0142	0.0122	0.0021	0.1054	0.0601	0.0452	0.0322	0.0296	0.0026	0.0732	0.0305	0.0426
88	145	0.1044	18	2	0	1	0	1	0	0	0	0	0	1	1	0	0	0	0	0	0	Y	N	N	N	N	N	N	N	N	N	N	N	N	N	N	N	N	N	0.0000	0.0000	0.0001	0.0000	0.0000	0.0000	0.0000	0.0000	0.0001	0.0000	0.0000	0.0003	0.0000	0.0000	0.0000	0.0000	0.0000	0.0003	1.4185	0.6550	2.4220	1.3134	1.4474	0.0001	1.4600	0.0000	2.5785	inf	2.8129	0.0000	0.0098	1.0173	1.9811	8.6136	0.9869	0.0000	0.0000	0.0000	0.0000	0.0000	0.0000	0.0000	0.0000	0.0000	0.0520	0.0136	0.0383	0.0136	0.0136	0.0000	0.0383	0.0000	0.0383	0.0143	0.0123	0.0020	0.0004	0.0004	0.0000	0.0139	0.0119	0.0020	0.0366	0.0208	0.0158	0.0104	0.0094	0.0010	0.0263	0.0114	0.0149
89	90	0.0706	6	2	0	1	0	0	0	1	0	0	0	1	1	0	0	0	0	0	0	Y	N	N	N	N	N	N	N	N	N	N	N	N	N	N	N	N	N	0.0000	0.0000	0.0000	0.0000	0.0000	0.0000	0.0000	0.0000	0.0000	0.0000	0.0000	0.0000	0.0000	0.0000	0.0000	0.0000	0.0000	0.0000	0.1426	0.1640	0.1170	0.4097	0.4317	0.0260	0.0676	0.0000	0.1194		0.5936	0.0000	-0.0093	2.9990	2.0138	17.4729	11.8132	0.0000	0.0000	0.0000	0.0000	0.0000	0.0000	0.0000	0.0000	0.0000	0.0530	0.0332	0.0197	0.0334	0.0332	0.0001	0.0196	0.0000	0.0196	0.0420	0.0361	0.0059	0.0005	0.0005	0.0000	0.0415	0.0356	0.0059	0.3714	0.2027	0.1687	0.0814	0.0770	0.0044	0.2900	0.1257	0.1643
89	91	0.0621	5	2	0	1	0	0	0	1	0	1	1	1	1	0	0	0	0	0	0	Y	N	N	N	N	N	N	N	N	N	N	N	N	N	N	N	N	N	0.0013	0.0600	0.0000	2.8769	2.7366	0.0000	0.0000	0.0000	0.0000	0.0104	0.0121	0.0000	1.4499	1.4510	0.0000	0.0000	0.0000	0.0000	8.0678	0.2021	17.6724	0.5040	0.5302	0.0235	10.1926	0.0026	18.1290	0.0000	71.5956	-0.0003	0.6200	2.9990	1.9725	17.4729	4.2763	0.0004	0.0004	0.0000	0.0004	0.0004	0.0000	0.0000	0.0000	0.0000	1.4156	0.0195	1.3961	0.0194	0.0193	0.0000	1.3962	0.0002	1.3960	0.0412	0.0354	0.0058	0.0003	0.0003	0.0000	0.0409	0.0351	0.0058	0.1755	0.0965	0.0790	0.0385	0.0365	0.0020	0.1370	0.0600	0.0770
89	98	0.0921	6	2	0	1	1	0	0	1	1	0	0	1	1	0	0	0	0	0	0	Y	N	N	N	N	N	N	N	N	N	N	N	N	N	N	N	N	N	0.0000	0.0000	0.0000	0.0000	0.0000	0.0000	0.0000	0.0000	0.0000	0.0000	0.0000	0.0000	0.0000	0.0000	0.0000	0.0000	0.0000	0.0000	0.0001	0.0000	0.0003	0.0000	0.0000	0.0000	0.0002	0.0000	0.0003		231.3040	0.0000	0.0000	2.9990	2.9999	17.4729	3.9821	0.0000	0.0000	0.0000	0.0000	0.0000	0.0000	0.0000	0.0000	0.0000	0.0000	0.0000	0.0000	0.0000	0.0000	0.0000	0.0000	0.0000	0.0000	0.0617	0.0531	0.0086	0.0004	0.0004	0.0000	0.0613	0.0527	0.0086	0.1536	0.0794	0.0742	0.0239	0.0214	0.0025	0.1298	0.0580	0.0717
89	99	0.0890	5	2	0	1	0	0	0	1	0	0	0	1	1	0	0	0	0	0	0	Y	N	N	N	N	N	N	N	N	N	N	N	N	N	N	N	N	N	3676.0828	0.0000	65084.6651	0.0000	0.0000	0.0000	15541.5678	0.0000	63174.0308	3.1848	0.0000	28.1728	0.0000	0.0000	0.0000	3.8522	0.0000	28.2510	0.0009	0.0013	0.0004	0.0038	0.0042	0.0000	0.0002	0.0000	0.0004	inf	0.3102	0.0000	-0.0000	2.9990	0.0003	17.4729	2.0601	0.0000	0.0000	0.0000	0.0000	0.0000	0.0000	0.0000	0.0000	0.0000	0.0000	0.0000	0.0000	0.0000	0.0000	0.0000	0.0000	0.0000	0.0000	0.0000	0.0000	0.0000	0.0000	0.0000	0.0000	0.0000	0.0000	0.0000	0.0487	0.0256	0.0231	0.0084	0.0077	0.0007	0.0403	0.0180	0.0224
89	100	0.0691	4	2	0	1	0	0	0	1	0	1	1	1	1	0	0	0	0	0	0	Y	N	N	N	N	N	N	N	N	N	N	N	N	N	N	N	N	N	127.0352	0.0011	441.8471	44.5290	0.2328	11470.4231	109.0763	0.0000	431.7362	16.1547	0.0000	114.9802	0.3029	0.0009	424.6933	16.1717	0.0000	114.9785	0.1272	0.0010	0.2602	0.0068	0.0039	0.0370	0.1483	0.0000	0.2663	16467987.7790	236.3855	0.4158	0.0158	2.9990	3.0014	17.4729	9.1620	0.9975	0.0000	0.9975	0.0000	0.0000	0.0000	0.9975	0.0000	0.9975	0.0353	0.0001	0.0352	0.0003	0.0001	0.0001	0.0351	0.0000	0.0351	0.0617	0.0531	0.0087	0.0001	0.0001	0.0000	0.0617	0.0530	0.0087	0.2780	0.1427	0.1353	0.0414	0.0379	0.0036	0.2365	0.1048	0.1317
89	101	0.0563	3	2	0	1	0	0	0	1	0	0	0	0	0	0	0	0	0	0	0	Y	N	N	N	N	N	N	N	N	N	N	N	N	N	N	N	N	N	1.4751	942.0681	3.7423	4406.4453	5297.4052	0.0000	0.9536	73.7597	3.6606	16.6383	5.9342	83.9446	123.5171	123.5177	0.0000	12.1248	0.1401	83.9447	11.2793	0.0063	22.4315	0.0280	0.0233	0.0718	12.7151	0.0019	22.9321	2.2497	3599.5912	0.0003	0.8885	2.9990	0.0077	17.4729	8.0757	0.0029	0.0009	0.0020	0.0009	0.0009	0.0000	0.0020	0.0000	0.0020	1.9680	0.0005	1.9674	0.0006	0.0004	0.0001	1.9674	0.0001	1.9673	0.0002	0.0001	0.0000	0.0000	0.0000	0.0000	0.0002	0.0001	0.0000	0.1745	0.0868	0.0877	0.0197	0.0178	0.0019	0.1547	0.0689	0.0858
89	102	0.0547	2	2	0	1	0	0	0	1	0	0	0	0	0	0	0	0	0	0	0	Y	N	N	N	N	N	N	N	N	N	N	N	N	N	N	N	N	N	1358.2163	489550.7855	4336.1055	1135068.4283	1349124.4366	0.0000	1090.2511	0.0000	4245.1593	39.3948	7.0590	249.0818	96.9179	96.9180	0.0000	35.5203	0.0000	249.0820	0.0290	0.0000	0.0574	0.0001	0.0001	0.0002	0.0326	0.0000	0.0587	5.4414	4061.0257	0.0003	0.0003	2.9990	0.0011	17.4729	1.0060	0.0010	0.0002	0.0009	0.0002	0.0002	0.0000	0.0009	0.0000	0.0009	0.0006	0.0000	0.0006	0.0000	0.0000	0.0000	0.0006	0.0000	0.0006	0.0000	0.0000	0.0000	0.0000	0.0000	0.0000	0.0000	0.0000	0.0000	0.0221	0.0109	0.0112	0.0024	0.0022	0.0002	0.0197	0.0087	0.0109
89	113	0.0547	4	2	0	1	0	0	0	1	0	0	0	0	0	0	0	0	0	0	0	Y	N	N	N	N	N	N	N	N	N	N	N	N	N	N	N	N	N	4.9603	1365.8388	13.0037	103227.3568	95225.8611	0.0000	3.2338	0.0000	12.7294	1.5434	0.4868	8.0121	94.2929	94.2956	0.0000	1.1299	0.0000	8.0122	0.3112	0.0004	0.6161	0.0009	0.0010	0.0002	0.3494	0.0002	0.6294	2.6882	1761.5573	0.0001	0.0143	2.9990	0.0182	17.4729	4.6661	0.0006	0.0002	0.0004	0.0002	0.0002	0.0000	0.0004	0.0000	0.0004	0.0316	0.0000	0.0316	0.0000	0.0000	0.0000	0.0316	0.0000	0.0316	0.0004	0.0003	0.0001	0.0000	0.0000	0.0000	0.0004	0.0003	0.0001	0.1016	0.0503	0.0513	0.0112	0.0101	0.0011	0.0904	0.0402	0.0502
89	114	0.0547	3	2	0	1	0	0	0	1	0	0	0	0	0	0	0	0	0	0	0	Y	N	N	N	N	N	N	N	N	N	N	N	N	N	N	N	N	N	91.9127	inf	158.1742	inf	inf	0.0000	42.3104	0.0000	155.2612	27.5784	15.7494	110.7921	97.0989	97.0990	0.0000	16.0716	0.0000	110.7921	0.3001	0.0000	0.7004	0.0000	0.0000	0.0000	0.3798	0.0000	0.7136	1.0000	inf	-0.0000	0.0000	2.9990	0.0004	17.4729	0.0007	0.0003	0.0002	0.0002	0.0002	0.0002	0.0000	0.0002	0.0000	0.0002	0.0000	0.0000	0.0000	0.0000	0.0000	0.0000	0.0000	0.0000	0.0000	0.0000	0.0000	0.0000	0.0000	0.0000	0.0000	0.0000	0.0000	0.0000	0.0000	0.0000	0.0000	0.0000	0.0000	0.0000	0.0000	0.0000	0.0000
89	115	0.0547	2	2	0	1	0	0	0	1	0	0	0	0	0	0	0	0	0	0	0	Y	N	N	N	N	N	N	N	N	N	N	N	N	N	N	N	N	N	5735.4175	2153.2880	inf	6198.7847	6107.8126	0.0000	inf	0.0000	inf	27.5784	15.7494	110.7921	97.0989	97.0990	0.0000	16.0716	0.0000	110.7921	0.0048	0.0073	0.0000	0.0157	0.0159	0.0000	0.0000	0.0000	0.0000	1.0000	0.0029	-0.0000	-0.0000	2.9990	0.0004	17.4729	0.0002	0.0003	0.0002	0.0002	0.0002	0.0002	0.0000	0.0002	0.0000	0.0002	0.0000	0.0000	0.0000	0.0000	0.0000	0.0000	0.0000	0.0000	0.0000	0.0000	0.0000	0.0000	0.0000	0.0000	0.0000	0.0000	0.0000	0.0000	0.0000	0.0000	0.0000	0.0000	0.0000	0.0000	0.0000	0.0000	0.0000
89	121	0.0726	7	2	0	1	0	0	0	1	0	0	0	0	0	0	0	0	0	0	0	Y	N	N	N	N	N	N	N	N	N	N	N	N	N	N	N	N	N	0.0000	0.0000	0.0000	0.0000	0.0000	0.0000	0.0000	0.0000	0.0000	0.0000	0.0000	0.0000	0.0000	0.0000	0.0000	0.0000	0.0000	0.0000	0.0105	0.0089	0.0126	0.0105	0.0107	0.0004	0.0104	0.0064	0.0128		1.0709	0.0000	-0.0000	2.9990	0.0000	17.4729	1.2022	0.0000	0.0000	0.0000	0.0000	0.0000	0.0000	0.0000	0.0000	0.0000	0.0006	0.0003	0.0003	0.0002	0.0002	0.0000	0.0004	0.0001	0.0003	0.0000	0.0000	0.0000	0.0000	0.0000	0.0000	0.0000	0.0000	0.0000	0.0582	0.0331	0.0251	0.0196	0.0191	0.0004	0.0386	0.0140	0.0247
89	122	0.0513	6	2	0	1	0	1	0	1	0	0	0	0	0	0	0	0	0	0	0	Y	N	N	N	N	N	N	N	N	N	N	N	N	N	N	N	N	N	0.0000	0.0000	0.0000	0.0000	0.0000	0.0000	0.0000	0.0000	0.0000	0.0000	0.0000	0.0000	0.0000	0.0000	0.0000	0.0000	0.0000	0.0000	1.1601	0.0240	2.5215	0.0700	0.0736	0.0035	1.4066	0.0005	2.5755		87.8596	0.0000	0.1697	2.9990	0.0041	17.4729	12.5856	0.0000	0.0000	0.0000	0.0000	0.0000	0.0000	0.0000	0.0000	0.0000	0.3852	0.0043	0.3809	0.0043	0.0043	0.0000	0.3809	0.0001	0.3809	0.0002	0.0001	0.0000	0.0000	0.0000	0.0000	0.0001	0.0001	0.0000	0.3321	0.1810	0.1511	0.0612	0.0581	0.0032	0.2708	0.1229	0.1479
90	92	0.0796	11	2	0	1	0	1	0	1	0	0	0	1	1	0	0	0	0	0	0	Y	N	N	N	N	N	N	N	N	N	N	N	N	N	N	N	N	N	0.0000	0.0002	0.0000	0.0042	0.0039	0.0000	0.0000	0.0000	0.0000	0.0000	0.0000	0.0000	0.0007	0.0008	0.0000	0.0000	0.0000	0.0000	1.8051	0.0766	3.8556	0.1782	0.1956	0.0027	2.3010	0.0000	4.0420	0.0000	42.4306	-0.0000	0.5536	2.0138	5.0000	11.8132	42.2706	0.0000	0.0000	0.0000	0.0000	0.0000	0.0000	0.0000	0.0000	0.0000	1.2913	0.0297	1.2616	0.0298	0.0297	0.0000	1.2616	0.0000	1.2616	0.0695	0.0598	0.0097	0.0009	0.0009	0.0000	0.0686	0.0589	0.0097	0.7154	0.3882	0.3272	0.1671	0.1520	0.0151	0.5483	0.2361	0.3121
90	93	0.1133	13	1	0	0	0	0	0	0	0	0	0	1	2	0	0	0	0	0	0	N	N	N	N	N	Y	N	N	N	N	N	N	N	N	N	N	N	N	0.0000	0.0000	0.0000	0.0000	0.0000	0.0000	0.0000	0.0000	0.0000	0.0000	0.0000	0.0000	0.0000	0.0000	0.0000	0.0000	0.0000	0.0000	0.0007	0.0002	0.0013	0.0003	0.0004	0.0000	0.0008	0.0000	0.0014		6.3580	0.0000	0.0000	2.0138	0.0000	11.8132	0.9594	0.0000	0.0000	0.0000	0.0000	0.0000	0.0000	0.0000	0.0000	0.0000	0.0000	0.0000	0.0000	0.0000	0.0000	0.0000	0.0000	0.0000	0.0000	0.0000	0.0000	0.0000	0.0000	0.0000	0.0000	0.0000	0.0000	0.0000	0.0171	0.0095	0.0076	0.0047	0.0043	0.0004	0.0125	0.0053	0.0072
90	94	0.0819	12	1	0	0	0	0	0	0	0	0	1	1	2	0	0	0	0	0	0	N	N	N	N	N	Y	N	N	N	N	N	N	N	N	N	N	N	N	0.0000	0.0000	0.0000	0.0000	0.0000	0.0000	0.0000	0.0000	0.0000	0.0000	0.0000	0.0000	0.0000	0.0000	0.0000	0.0000	0.0000	0.0000	0.8205	0.0627	1.7764	0.1364	0.1473	0.0062	1.0575	0.0000	1.8594		22.4492	0.0000	0.1133	2.0138	0.0000	11.8132	18.8906	0.0000	0.0000	0.0000	0.0000	0.0000	0.0000	0.0000	0.0000	0.0000	0.2769	0.0118	0.2651	0.0119	0.0118	0.0000	0.2651	0.0000	0.2651	0.0000	0.0000	0.0000	0.0000	0.0000	0.0000	0.0000	0.0000	0.0000	0.3376	0.1883	0.1493	0.0869	0.0802	0.0067	0.2507	0.1081	0.1426
90	97	0.0977	12	2	0	1	0	0	0	1	0	0	0	1	1	0	0	0	0	0	0	Y	N	N	N	N	N	N	N	N	N	N	N	N	N	N	N	N	N	0.0000	0.0000	0.0000	0.0000	0.0000	0.0000	0.0000	0.0000	0.0000	0.0000	0.0000	0.0000	0.0000	0.0000	0.0000	0.0000	0.0000	0.0000	4.7037	4.3401	5.1403	9.4802	10.4360	0.0000	3.1142	0.0031	5.4127		0.9863	0.0000	-0.1034	2.0138	2.0000	11.8132	24.9502	0.0000	0.0000	0.0000	0.0000	0.0000	0.0000	0.0000	0.0000	0.0000	1.9999	1.0068	0.9931	1.0064	1.0064	0.0000	0.9935	0.0004	0.9931	0.0281	0.0242	0.0039	0.0004	0.0004	0.0000	0.0277	0.0238	0.0039	0.4252	0.2320	0.1932	0.1062	0.0964	0.0097	0.3190	0.1355	0.1835
90	98	0.0763	9	2	0	0	1	0	0	0	1	0	0	2	2	0	0	0	0	0	0	Y	N	N	N	Y	Y	N	N	N	N	N	N	N	N	N	N	N	N	0.0000	0.0000	0.0000	0.0000	0.0000	0.0000	0.0000	0.0000	0.0000	0.0000	0.0000	0.0000	0.0000	0.0000	0.0000	0.0000	0.0000	0.0000	0.0000	0.0000	0.0000	0.0000	0.0000	0.0000	0.0000	0.0000	0.0000			0.0000	0.0000	2.0138	2.9999	11.8132	3.9821	0.0000	0.0000	0.0000	0.0000	0.0000	0.0000	0.0000	0.0000	0.0000	0.0000	0.0000	0.0000	0.0000	0.0000	0.0000	0.0000	0.0000	0.0000	0.0421	0.0362	0.0059	0.0008	0.0008	0.0000	0.0413	0.0354	0.0058	0.1155	0.0611	0.0544	0.0225	0.0208	0.0017	0.0930	0.0403	0.0527
90	99	0.0732	8	2	0	0	0	0	0	0	0	0	0	2	2	0	0	0	0	0	0	Y	N	N	N	Y	Y	N	N	N	N	N	N	N	N	N	N	N	N	462.1387	0.0000	1846.1588	0.0000	0.0000	0.0000	446.8922	0.0000	1797.4791	4.6562	0.0000	40.1682	0.0000	0.0000	0.0000	5.6949	0.0000	40.3479	0.0101	0.0000	0.0218	0.0000	0.0000	0.0000	0.0127	0.0000	0.0224	inf	inf	0.0000	0.0002	2.0138	0.0003	11.8132	2.0601	0.0000	0.0000	0.0000	0.0000	0.0000	0.0000	0.0000	0.0000	0.0000	0.0004	0.0000	0.0004	0.0000	0.0000	0.0000	0.0004	0.0000	0.0004	0.0000	0.0000	0.0000	0.0000	0.0000	0.0000	0.0000	0.0000	0.0000	0.0365	0.0196	0.0169	0.0076	0.0071	0.0005	0.0289	0.0125	0.0164
90	100	0.0534	7	2	0	0	0	0	0	0	0	1	1	2	2	0	0	0	0	0	0	Y	N	N	N	Y	Y	N	N	N	N	N	N	N	N	N	N	N	N	5.0241	0.0008	17.0707	0.0176	0.0169	0.0000	4.1422	0.0000	16.6759	23.7128	0.0000	169.3628	0.0000	0.0000	0.0000	24.0414	0.0000	169.7448	4.7199	0.0006	9.9212	0.0018	0.0019	0.0000	5.8041	0.0000	10.1791	54609837.1118	14007.8435	0.4163	0.4433	2.0138	3.0014	11.8132	9.1620	0.9987	0.0000	0.9987	0.0000	0.0000	0.0000	0.9987	0.0000	0.9987	0.9816	0.0001	0.9815	0.0001	0.0001	0.0000	0.9815	0.0000	0.9815	0.0421	0.0362	0.0059	0.0006	0.0006	0.0000	0.0415	0.0357	0.0059	0.2080	0.1090	0.0989	0.0389	0.0364	0.0025	0.1691	0.0727	0.0964
90	101	0.0405	6	2	0	0	0	0	0	0	0	0	0	1	1	0	0	0	0	0	0	Y	N	N	N	N	N	N	N	N	N	N	N	N	N	N	N	N	N	46.3910	0.0000	210.2726	0.0000	0.0000	0.0000	51.4379	0.0000	208.5833	5.2019	0.0000	38.8584	0.0000	0.0000	0.0000	5.4640	0.0000	38.9436	0.1121	0.0412	0.1848	0.1483	0.1539	0.0001	0.1062	0.0001	0.1867	inf	4.3760	0.0003	0.0040	2.0138	0.0077	11.8132	8.0757	0.0006	0.0000	0.0006	0.0000	0.0000	0.0000	0.0006	0.0000	0.0006	0.0151	0.0028	0.0123	0.0028	0.0028	0.0000	0.0123	0.0000	0.0123	0.0001	0.0001	0.0000	0.0000	0.0000	0.0000	0.0001	0.0001	0.0000	0.1345	0.0681	0.0664	0.0189	0.0182	0.0007	0.1156	0.0499	0.0657
90	102	0.0389	5	2	0	0	0	0	0	0	0	0	0	1	1	0	0	0	0	0	0	Y	N	N	N	N	N	N	N	N	N	N	N	N	N	N	N	N	N	0.0126	0.2021	0.0276	0.7550	0.7381	0.0000	0.0068	0.0000	0.0274	0.0021	0.0010	0.0090	0.0124	0.0125	0.0000	0.0013	0.0000	0.0090	0.1637	0.0050	0.3253	0.0165	0.0169	0.0049	0.1858	0.0011	0.3285	1.3333	63.5818	-0.0000	0.0012	2.0138	0.0011	11.8132	1.0060	0.0000	0.0000	0.0000	0.0000	0.0000	0.0000	0.0000	0.0000	0.0000	0.0027	0.0000	0.0027	0.0000	0.0000	0.0000	0.0027	0.0000	0.0027	0.0000	0.0000	0.0000	0.0000	0.0000	0.0000	0.0000	0.0000	0.0000	0.0167	0.0084	0.0083	0.0022	0.0021	0.0001	0.0145	0.0063	0.0082
90	106	0.0858	15	2	0	1	0	0	0	0	0	0	0	1	1	0	0	0	0	0	0	Y	N	N	N	N	N	N	N	N	N	N	N	N	N	N	N	N	N	0.0002	8.4445	0.0000	205.0920	192.8936	0.0000	0.0000	0.0000	0.0000	0.0005	0.0006	0.0000	0.0343	0.0352	0.0000	0.0000	0.0000	0.0000	3.2034	0.0001	7.2623	0.0002	0.0002	0.0000	4.2759	0.0000	7.6884	0.0000	77591.0106	-0.0000	0.4502	2.0138	4.0001	11.8132	15.3361	0.0000	0.0000	0.0000	0.0000	0.0000	0.0000	0.0000	0.0000	0.0000	0.9966	0.0000	0.9966	0.0000	0.0000	0.0000	0.9966	0.0000	0.9966	0.0559	0.0481	0.0078	0.0009	0.0009	0.0000	0.0550	0.0472	0.0078	0.3111	0.1739	0.1372	0.0780	0.0704	0.0076	0.2331	0.1035	0.1296
90	107	0.1136	17	2	0	1	0	0	0	0	0	0	0	1	1	0	0	0	0	0	0	Y	N	N	N	N	N	N	N	N	N	N	N	N	N	N	N	N	N	25.8617	16.9106	0.0000	312.3646	296.7524	0.0000	0.0000	0.0000	0.0000	69.9077	81.2655	0.0000	3215.1533	3344.2358	0.0000	0.0000	0.0000	0.0000	2.7031	4.8056	0.0372	10.2929	11.2694	0.0018	0.0222	0.0001	0.0392	0.0000	0.0061	-0.5821	-0.3720	2.0138	1.0040	11.8132	14.1141	0.9981	0.9981	0.0000	0.9981	0.9981	0.0000	0.0000	0.0000	0.0000	0.6862	0.6820	0.0042	0.6820	0.6820	0.0000	0.0042	0.0000	0.0042	0.0143	0.0123	0.0020	0.0003	0.0003	0.0000	0.0140	0.0120	0.0020	0.2538	0.1419	0.1119	0.0663	0.0605	0.0057	0.1876	0.0814	0.1062
90	108	0.1057	16	2	0	1	0	1	0	1	0	0	0	1	1	0	0	0	0	0	0	Y	N	N	N	N	N	N	N	N	N	N	N	N	N	N	N	N	N	5.3246	3.4164	0.0000	34.5868	33.0477	0.0000	158.5982	339.6204	0.0000	0.1568	0.1823	0.0000	4.1884	4.3703	0.0000	0.0764	0.0890	0.0000	0.0294	0.0534	0.0006	0.1211	0.1322	0.0000	0.0005	0.0003	0.0006	0.0000	0.0096	-0.0013	-0.0013	2.0138	1.0065	11.8132	3.9764	0.0022	0.0022	0.0000	0.0012	0.0012	0.0000	0.0011	0.0011	0.0000	0.0024	0.0024	0.0000	0.0024	0.0024	0.0000	0.0000	0.0000	0.0000	0.0143	0.0123	0.0020	0.0003	0.0003	0.0000	0.0140	0.0120	0.0020	0.0820	0.0448	0.0372	0.0197	0.0180	0.0017	0.0623	0.0268	0.0355
90	112	0.0315	2	2	0	1	0	0	0	1	0	0	0	1	1	0	0	0	0	0	0	Y	N	N	N	N	N	N	N	N	N	N	N	N	N	N	N	N	N	0.0132	0.0227	0.0000	0.5632	0.5696	0.0000	0.0000	0.0000	0.0000	0.0158	0.0185	0.0000	0.6679	0.6766	0.0000	0.0000	0.0000	0.0000	1.1981	0.8127	1.6011	1.1859	1.1879	0.2727	1.2047	0.0000	1.6032	0.0000	1.8846	-0.0004	0.0754	2.0138	3.0154	11.8132	11.4025	0.0007	0.0007	0.0000	0.0007	0.0007	0.0000	0.0000	0.0000	0.0000	0.7178	0.2488	0.4690	0.2490	0.2488	0.0001	0.4688	0.0000	0.4688	0.0432	0.0369	0.0063	0.0010	0.0010	0.0000	0.0422	0.0359	0.0063	0.5991	0.3062	0.2929	0.2099	0.2095	0.0005	0.3892	0.0967	0.2924
90	119	0.1015	14	2	0	1	0	0	0	0	0	0	0	1	1	0	0	0	0	0	0	Y	N	N	N	N	N	N	N	N	N	N	N	N	N	N	N	N	N	0.0000	0.0000	0.0000	0.0000	0.0000	0.0000	0.0000	0.0000	0.0000	0.0000	0.0000	0.0000	0.0000	0.0000	0.0000	0.0000	0.0000	0.0000	5.4174	0.0007	12.0812	0.0011	0.0011	0.0011	7.3061	0.0005	12.7195	inf	13272.1818	0.0000	1.0008	2.0138	6.0007	11.8132	19.0307	0.0000	0.0000	0.0000	0.0000	0.0000	0.0000	0.0000	0.0000	0.0000	2.2159	0.0002	2.2157	0.0001	0.0001	0.0000	2.2157	0.0001	2.2157	0.0832	0.0716	0.0116	0.0012	0.0012	0.0000	0.0820	0.0704	0.0116	0.4090	0.2256	0.1834	0.1058	0.0965	0.0092	0.3033	0.1291	0.1742
90	120	0.0980	13	2	0	1	0	0	0	1	0	0	0	1	1	0	0	0	0	0	0	Y	N	N	N	N	N	N	N	N	N	N	N	N	N	N	N	N	N	0.0000	0.0053	0.0000	0.1704	0.1641	0.0000	0.0000	0.0000	0.0000	0.0002	0.0003	0.0000	0.0159	0.0163	0.0000	0.0000	0.0000	0.0000	11.0640	0.0522	25.5688	0.0935	0.0995	0.0001	15.8538	0.0044	26.7050	0.0000	371.8084	-0.0000	0.3441	2.0138	0.0034	11.8132	3.2312	0.0000	0.0000	0.0000	0.0000	0.0000	0.0000	0.0000	0.0000	0.0000	0.7664	0.0021	0.7643	0.0020	0.0020	0.0000	0.7644	0.0001	0.7643	0.0000	0.0000	0.0000	0.0000	0.0000	0.0000	0.0000	0.0000	0.0000	0.0693	0.0394	0.0299	0.0211	0.0198	0.0013	0.0482	0.0196	0.0286
90	121	0.0977	12	2	0	0	0	0	0	0	0	0	0	1	1	0	0	0	0	0	0	Y	N	N	N	N	N	N	N	N	N	N	N	N	N	N	N	N	N	0.0000	0.0000	0.0000	0.0000	0.0000	0.0000	0.0000	0.0000	0.0000	0.0000	0.0000	0.0000	0.0000	0.0000	0.0000	0.0000	0.0000	0.0000	0.3469	0.2749	0.4466	0.3953	0.4080	0.0009	0.3175	0.0472	0.4595		1.1739	0.0000	-0.0001	2.0138	0.0000	11.8132	1.2022	0.0000	0.0000	0.0000	0.0000	0.0000	0.0000	0.0000	0.0000	0.0000	0.0144	0.0066	0.0078	0.0062	0.0062	0.0000	0.0082	0.0004	0.0078	0.0000	0.0000	0.0000	0.0000	0.0000	0.0000	0.0000	0.0000	0.0000	0.0415	0.0241	0.0174	0.0157	0.0152	0.0005	0.0258	0.0089	0.0169
90	122	0.0764	11	2	0	0	0	1	0	0	0	0	0	1	1	0	0	0	0	0	0	Y	N	N	N	N	N	N	N	N	N	N	N	N	N	N	N	N	N	0.0000	0.0000	0.0000	0.0000	0.0000	0.0000	0.0000	0.0000	0.0000	0.0000	0.0000	0.0000	0.0000	0.0000	0.0000	0.0000	0.0000	0.0000	5.2554	7.1953	2.6676	0.0048	0.0046	0.0073	7.1676	12.7442	2.7844		0.2779	0.0000	-0.4211	2.0138	0.0041	11.8132	12.5856	0.0000	0.0000	0.0000	0.0000	0.0000	0.0000	0.0000	0.0000	0.0000	1.2729	0.9961	0.2768	0.0003	0.0003	0.0000	1.2726	0.9958	0.2768	0.0001	0.0001	0.0000	0.0000	0.0000	0.0000	0.0001	0.0001	0.0000	0.2422	0.1384	0.1038	0.0647	0.0603	0.0044	0.1775	0.0781	0.0994
90	126	0.1113	17	1	0	1	0	0	0	0	0	1	0	2	1	0	0	0	0	0	0	N	N	N	N	Y	N	N	N	N	N	N	N	N	N	N	N	N	N	0.0000	0.0000	0.0000	0.0000	0.0000	0.0000	0.0000	0.0000	0.0000	0.0000	0.0000	0.0000	0.0000	0.0000	0.0000	0.0000	0.0000	0.0000	6.2792	11.2803	0.0000	23.3117	25.8702	0.0002	0.0000	0.0000	0.0000		0.0000	0.0000	-0.1755	2.0138	0.0003	11.8132	3.0192	0.0000	0.0000	0.0000	0.0000	0.0000	0.0000	0.0000	0.0000	0.0000	0.3202	0.3202	0.0000	0.3202	0.3202	0.0000	0.0000	0.0000	0.0000	0.0000	0.0000	0.0000	0.0000	0.0000	0.0000	0.0000	0.0000	0.0000	0.0510	0.0284	0.0226	0.0137	0.0124	0.0014	0.0373	0.0160	0.0212
90	131	0.1176	19	2	0	1	0	0	0	0	0	0	0	1	1	0	0	0	0	0	0	Y	N	N	N	N	N	N	N	N	N	N	N	N	N	N	N	N	N	0.0150	0.0000	0.0937	0.0000	0.0000	0.0000	0.0226	0.0000	0.0887	0.1789	0.0000	1.2682	0.0000	0.0000	0.0000	0.1875	0.0000	1.2786	11.9199	10.6602	13.5298	21.1068	23.3475	0.0000	8.2877	0.0000	14.4233	inf	0.9931	0.0011	-0.0993	2.0138	1.0211	11.8132	9.0731	0.0027	0.0000	0.0027	0.0000	0.0000	0.0000	0.0027	0.0000	0.0027	1.9869	0.9969	0.9900	0.9969	0.9969	0.0000	0.9900	0.0000	0.9900	0.0150	0.0129	0.0021	0.0007	0.0007	0.0000	0.0143	0.0122	0.0021	0.1667	0.0935	0.0732	0.0472	0.0427	0.0045	0.1195	0.0508	0.0686
90	132	0.1383	19	1	0	0	0	0	0	0	0	0	1	1	2	0	0	0	0	0	0	N	N	N	N	N	Y	N	N	N	N	N	N	N	N	N	N	N	N	0.0000	0.0000	0.0000	0.0000	0.0000	0.0000	0.0000	0.0000	0.0000	0.0000	0.0000	0.0000	0.0000	0.0000	0.0000	0.0000	0.0000	0.0000	0.1896	0.3370	0.0000	0.6642	0.7392	0.0000	0.0000	0.0000	0.0000		0.0000	0.0000	-0.0035	2.0138	0.0075	11.8132	1.9743	0.0000	0.0000	0.0000	0.0000	0.0000	0.0000	0.0000	0.0000	0.0000	0.0063	0.0063	0.0000	0.0063	0.0063	0.0000	0.0000	0.0000	0.0000	0.0003	0.0002	0.0001	0.0001	0.0001	0.0000	0.0002	0.0001	0.0001	0.0334	0.0188	0.0146	0.0095	0.0086	0.0010	0.0239	0.0102	0.0137
90	134	0.1331	17	1	0	0	0	0	0	0	0	0	1	1	2	0	0	0	0	0	0	N	N	N	N	N	Y	N	N	N	N	N	N	N	N	N	N	N	N	0.9816	0.0000	2567.7365	0.0000	0.0000	0.0000	622.1640	0.0000	2432.8613	0.0872	0.0000	0.6397	0.0000	0.0000	0.0000	0.0924	0.0000	0.6456	0.0889	0.1539	0.0002	0.3028	0.3341	0.0000	0.0001	0.0000	0.0003	inf	0.0012	0.0011	-0.0066	2.0138	2.0569	11.8132	5.7592	0.0027	0.0000	0.0027	0.0000	0.0000	0.0000	0.0027	0.0000	0.0027	0.0121	0.0121	0.0000	0.0121	0.0121	0.0000	0.0000	0.0000	0.0000	0.0307	0.0265	0.0042	0.0017	0.0017	0.0000	0.0290	0.0248	0.0041	0.1367	0.0789	0.0579	0.0401	0.0363	0.0038	0.0967	0.0426	0.0541
90	135	0.1347	18	1	0	0	0	0	0	0	0	0	1	1	2	0	0	0	0	0	0	N	N	N	N	N	Y	N	N	N	N	N	N	N	N	N	N	N	N	0.0005	0.0018	0.0000	0.0171	0.0161	0.0000	0.0000	0.0000	0.0000	0.0000	0.0000	0.0000	0.0000	0.0000	0.0000	0.0000	0.0000	0.0000	0.0036	0.0012	0.0068	0.0023	0.0025	0.0000	0.0041	0.0000	0.0073	0.0000	4.4126	-0.0000	0.0002	2.0138	1.0111	11.8132	8.8059	0.0000	0.0000	0.0000	0.0000	0.0000	0.0000	0.0000	0.0000	0.0000	0.0006	0.0001	0.0005	0.0001	0.0001	0.0000	0.0005	0.0000	0.0005	0.0146	0.0126	0.0020	0.0007	0.0007	0.0000	0.0139	0.0119	0.0020	0.1661	0.0952	0.0709	0.0481	0.0434	0.0047	0.1180	0.0518	0.0662
90	138	0.1114	16	2	0	1	0	0	0	0	0	0	0	2	1	0	0	0	0	0	0	Y	N	N	N	Y	N	N	N	N	N	N	N	N	N	N	N	N	N	2215.5647	1584.2580	0.0000	0.0000	0.0000	0.0000	231159.4473	inf	0.0000	0.4976	0.6130	0.0000	0.0000	0.0000	0.0000	0.7388	1.0238	0.0000	0.0002	0.0004	0.0000	0.0007	0.0008	0.0000	0.0000	0.0000	0.0000	0.0000	0.0101	-0.0000	-0.0000	2.0138	0.0010	11.8132	4.0030	0.0000	0.0000	0.0000	0.0000	0.0000	0.0000	0.0000	0.0000	0.0000	0.0000	0.0000	0.0000	0.0000	0.0000	0.0000	0.0000	0.0000	0.0000	0.0000	0.0000	0.0000	0.0000	0.0000	0.0000	0.0000	0.0000	0.0000	0.0684	0.0393	0.0291	0.0204	0.0181	0.0023	0.0480	0.0212	0.0268
90	139	0.0858	15	2	0	1	0	0	0	0	0	1	0	2	1	0	0	0	0	0	0	Y	N	N	N	Y	N	N	N	N	N	N	N	N	N	N	N	N	N	665.8200	435.6106	0.0000	0.0000	0.0000	0.0000	174859308.5240	827791148.3460	0.0000	23.7728	27.6327	0.0000	0.0000	0.0000	0.0000	24.1520	28.1328	0.0000	0.0357	0.0634	0.0000	0.1402	0.1548	0.0000	0.0000	0.0000	0.0000	0.0000	0.0000	-0.5827	-0.0050	2.0138	2.9989	11.8132	12.3267	0.9992	0.9992	0.0000	0.0000	0.0000	0.0000	0.9992	0.9992	0.0000	0.0090	0.0090	0.0000	0.0090	0.0090	0.0000	0.0000	0.0000	0.0000	0.0420	0.0362	0.0059	0.0007	0.0006	0.0000	0.0414	0.0355	0.0059	0.2531	0.1425	0.1107	0.0645	0.0584	0.0061	0.1887	0.0841	0.1045
90	140	0.0851	14	2	0	1	0	1	0	1	0	0	0	1	1	0	0	0	0	0	0	Y	N	N	N	N	N	N	N	N	N	N	N	N	N	N	N	N	N	59.7897	456.8747	0.0000	0.0000	0.0000	0.0000	54.1291	inf	0.0000	1.4179	1.6579	0.0000	0.0000	0.0000	0.0000	1.6543	1.9896	0.0000	0.0237	0.0036	0.0513	0.0072	0.0077	0.0001	0.0306	0.0000	0.0538	0.0000	10.2968	-0.0000	0.0001	2.0138	0.0011	11.8132	0.8290	0.0000	0.0000	0.0000	0.0000	0.0000	0.0000	0.0000	0.0000	0.0000	0.0004	0.0000	0.0004	0.0000	0.0000	0.0000	0.0004	0.0000	0.0004	0.0000	0.0000	0.0000	0.0000	0.0000	0.0000	0.0000	0.0000	0.0000	0.0171	0.0099	0.0072	0.0050	0.0047	0.0003	0.0121	0.0052	0.0069
90	141	0.1082	16	2	0	1	0	0	0	0	0	0	0	1	1	0	0	0	0	0	0	Y	N	N	N	N	N	N	N	N	N	N	N	N	N	N	N	N	N	0.0000	0.0000	0.0000	0.0000	0.0000	0.0000	0.0000	0.0000	0.0000	0.0000	0.0000	0.0000	0.0000	0.0000	0.0000	0.0000	0.0000	0.0000	4.4797	7.9710	0.1004	0.2132	0.2369	0.0136	6.1896	14.5549	0.1068		0.0100	0.0000	-0.3746	2.0138	0.0243	11.8132	8.8037	0.0000	0.0000	0.0000	0.0000	0.0000	0.0000	0.0000	0.0000	0.0000	0.6959	0.6890	0.0069	0.0095	0.0094	0.0001	0.6864	0.6795	0.0069	0.0007	0.0006	0.0001	0.0002	0.0002	0.0000	0.0005	0.0004	0.0001	0.1553	0.0864	0.0689	0.0444	0.0397	0.0047	0.1109	0.0467	0.0642
90	142	0.0916	15	2	0	1	0	1	0	1	0	0	0	1	1	0	0	0	0	0	0	Y	N	N	N	N	N	N	N	N	N	N	N	N	N	N	N	N	N	0.0000	0.0000	0.0000	0.0000	0.0000	0.0000	0.0000	0.0000	0.0000	0.0000	0.0000	0.0000	0.0000	0.0000	0.0000	0.0000	0.0000	0.0000	4.0644	0.0494	9.0027	0.0064	0.0019	0.0493	5.5489	0.0866	9.5445		148.1418	0.0000	0.3087	2.0138	4.9785	11.8132	5.0554	0.0000	0.0000	0.0000	0.0000	0.0000	0.0000	0.0000	0.0000	0.0000	0.6938	0.0047	0.6891	0.0003	0.0001	0.0002	0.6935	0.0046	0.6889	0.0693	0.0597	0.0097	0.0011	0.0011	0.0000	0.0682	0.0586	0.0096	0.1707	0.0941	0.0765	0.0457	0.0413	0.0044	0.1250	0.0528	0.0722
90	143	0.1306	20	2	0	1	0	0	0	0	0	0	0	2	1	0	0	0	0	0	0	Y	N	N	N	Y	N	N	N	N	N	N	N	N	N	N	N	N	N	0.0000	0.0000	0.0000	0.0000	0.0000	0.0000	0.0000	0.0000	0.0000	0.0000	0.0000	0.0000	0.0000	0.0000	0.0000	0.0000	0.0000	0.0000	0.0000	0.0000	0.0000	0.0001	0.0001	0.0000	0.0000	0.0000	0.0000		0.0001	0.0000	-0.0000	2.0138	0.0000	11.8132	3.0055	0.0000	0.0000	0.0000	0.0000	0.0000	0.0000	0.0000	0.0000	0.0000	0.0000	0.0000	0.0000	0.0000	0.0000	0.0000	0.0000	0.0000	0.0000	0.0000	0.0000	0.0000	0.0000	0.0000	0.0000	0.0000	0.0000	0.0000	0.0482	0.0278	0.0204	0.0139	0.0125	0.0015	0.0342	0.0153	0.0190
90	144	0.1176	19	2	0	1	0	0	0	0	0	1	0	2	1	0	0	0	0	0	0	Y	N	N	N	Y	N	N	N	N	N	N	N	N	N	N	N	N	N	0.0005	0.0004	0.0000	0.0045	0.0042	0.0000	0.0000	0.0000	0.0000	0.0000	0.0000	0.0000	0.0006	0.0006	0.0000	0.0000	0.0000	0.0000	0.0472	0.0667	0.0223	0.1309	0.1438	0.0055	0.0135	0.0000	0.0234	0.0000	0.2616	-0.0000	-0.0022	2.0138	2.0192	11.8132	6.0784	0.0000	0.0000	0.0000	0.0000	0.0000	0.0000	0.0000	0.0000	0.0000	0.0064	0.0051	0.0013	0.0051	0.0051	0.0000	0.0013	0.0000	0.0013	0.0290	0.0250	0.0040	0.0011	0.0011	0.0000	0.0279	0.0239	0.0040	0.1366	0.0766	0.0601	0.0392	0.0355	0.0037	0.0974	0.0410	0.0564
90	145	0.1128	18	2	0	1	0	1	0	0	0	0	0	1	1	0	0	0	0	0	0	Y	N	N	N	N	N	N	N	N	N	N	N	N	N	N	N	N	N	0.0001	0.0000	0.0009	0.0000	0.0000	0.0000	0.0002	0.0000	0.0008	0.0000	0.0000	0.0002	0.0000	0.0000	0.0000	0.0000	0.0000	0.0002	0.4099	0.5849	0.1909	1.2319	1.3809	0.0000	0.1152	0.0000	0.2039	inf	0.2608	0.0000	-0.0067	2.0138	1.9811	11.8132	0.9869	0.0000	0.0000	0.0000	0.0000	0.0000	0.0000	0.0000	0.0000	0.0000	0.0196	0.0155	0.0040	0.0155	0.0155	0.0000	0.0040	0.0000	0.0040	0.0279	0.0240	0.0039	0.0006	0.0006	0.0000	0.0273	0.0234	0.0039	0.0478	0.0265	0.0212	0.0126	0.0112	0.0014	0.0352	0.0153	0.0199
91	92	0.0566	10	2	0	1	0	1	0	1	0	1	1	1	1	0	0	0	0	0	0	Y	N	N	N	N	N	N	N	N	N	N	N	N	N	N	N	N	N	0.0036	0.0097	0.0000	0.4712	0.4409	0.0000	0.0000	0.0000	0.0000	0.0009	0.0010	0.0000	0.1142	0.1147	0.0000	0.0000	0.0000	0.0000	0.2416	0.1033	0.4117	0.2423	0.2601	0.0346	0.2414	0.0002	0.4282	0.0002	3.2377	-0.0000	0.0184	1.9725	5.0000	4.2763	42.2706	0.0001	0.0001	0.0000	0.0001	0.0001	0.0000	0.0000	0.0000	0.0000	0.0853	0.0201	0.0652	0.0203	0.0201	0.0002	0.0650	0.0000	0.0649	0.0682	0.0587	0.0096	0.0005	0.0005	0.0000	0.0677	0.0581	0.0096	0.3531	0.1948	0.1583	0.0839	0.0773	0.0066	0.2691	0.1175	0.1517
91	93	0.0903	12	1	0	0	0	0	0	0	0	1	1	1	2	0	0	0	0	0	0	N	N	N	N	N	Y	N	N	N	N	N	N	N	N	N	N	N	N	0.0000	0.0000	0.0000	0.0000	0.0000	0.0000	0.0000	0.0000	0.0000	0.0000	0.0000	0.0000	0.0000	0.0000	0.0000	0.0000	0.0000	0.0000	0.0003	0.0002	0.0004	0.0005	0.0005	0.0000	0.0003	0.0000	0.0005		1.4304	0.0000	0.0000	1.9725	0.0000	4.2763	0.9594	0.0000	0.0000	0.0000	0.0000	0.0000	0.0000	0.0000	0.0000	0.0000	0.0000	0.0000	0.0000	0.0000	0.0000	0.0000	0.0000	0.0000	0.0000	0.0000	0.0000	0.0000	0.0000	0.0000	0.0000	0.0000	0.0000	0.0000	0.0084	0.0048	0.0037	0.0023	0.0021	0.0002	0.0061	0.0026	0.0035
91	94	0.0589	11	1	0	0	0	0	0	0	0	1	2	1	2	0	0	0	0	0	0	N	N	N	N	N	Y	N	N	N	N	N	N	N	N	N	N	N	N	0.0000	0.0000	0.0000	0.0000	0.0000	0.0000	0.0000	0.0000	0.0000	0.0000	0.0000	0.0000	0.0000	0.0000	0.0000	0.0000	0.0000	0.0000	0.0974	0.0401	0.1720	0.0869	0.0933	0.0000	0.1011	0.0006	0.1793		3.2927	0.0000	0.0035	1.9725	0.0000	4.2763	18.8906	0.0000	0.0000	0.0000	0.0000	0.0000	0.0000	0.0000	0.0000	0.0000	0.0161	0.0038	0.0123	0.0037	0.0037	0.0000	0.0124	0.0000	0.0123	0.0000	0.0000	0.0000	0.0000	0.0000	0.0000	0.0000	0.0000	0.0000	0.1653	0.0935	0.0718	0.0428	0.0398	0.0029	0.1225	0.0536	0.0689
91	97	0.0747	11	2	0	1	0	0	0	1	0	1	1	1	1	0	0	0	0	0	0	Y	N	N	N	N	N	N	N	N	N	N	N	N	N	N	N	N	N	0.0000	0.0000	0.0000	0.0000	0.0000	0.0000	0.0000	0.0000	0.0000	0.0000	0.0000	0.0000	0.0000	0.0000	0.0000	0.0000	0.0000	0.0000	0.0642	0.0292	0.1079	0.0621	0.0673	0.0031	0.0649	0.0016	0.1129		2.9691	0.0000	0.0027	1.9725	2.0000	4.2763	24.9502	0.0000	0.0000	0.0000	0.0000	0.0000	0.0000	0.0000	0.0000	0.0000	0.0135	0.0034	0.0101	0.0033	0.0033	0.0000	0.0102	0.0001	0.0101	0.0276	0.0237	0.0039	0.0002	0.0002	0.0000	0.0274	0.0235	0.0039	0.2103	0.1167	0.0936	0.0532	0.0489	0.0043	0.1571	0.0678	0.0893
91	98	0.0533	8	2	0	0	1	0	0	0	1	1	1	2	2	0	0	0	0	0	0	Y	N	N	N	Y	Y	N	N	N	N	N	N	N	N	N	N	N	N	0.0000	0.0000	0.0000	0.0000	0.0000	0.0000	0.0000	0.0000	0.0000	0.0000	0.0000	0.0000	0.0000	0.0000	0.0000	0.0000	0.0000	0.0000	0.0000	0.0000	0.0000	0.0000	0.0000	0.0000	0.0000	0.0000	0.0000			0.0000	0.0000	1.9725	2.9999	4.2763	3.9821	0.0000	0.0000	0.0000	0.0000	0.0000	0.0000	0.0000	0.0000	0.0000	0.0000	0.0000	0.0000	0.0000	0.0000	0.0000	0.0000	0.0000	0.0000	0.0413	0.0355	0.0058	0.0006	0.0006	0.0000	0.0407	0.0350	0.0058	0.0572	0.0308	0.0263	0.0115	0.0108	0.0007	0.0456	0.0200	0.0256
91	99	0.0502	7	2	0	0	0	0	0	0	0	1	1	2	2	0	0	0	0	0	0	Y	N	N	N	Y	Y	N	N	N	N	N	N	N	N	N	N	N	N	43.2729	474.1246	108.5320	931.6437	879.3558	0.0000	26.1467	0.0000	105.8595	0.0054	0.0023	0.0292	0.0116	0.0116	0.0000	0.0041	0.0000	0.0292	0.0001	0.0000	0.0003	0.0000	0.0000	0.0000	0.0002	0.0000	0.0003	1.6279	45.6950	0.0000	0.0000	1.9725	0.0003	4.2763	2.0601	0.0000	0.0000	0.0000	0.0000	0.0000	0.0000	0.0000	0.0000	0.0000	0.0000	0.0000	0.0000	0.0000	0.0000	0.0000	0.0000	0.0000	0.0000	0.0000	0.0000	0.0000	0.0000	0.0000	0.0000	0.0000	0.0000	0.0000	0.0180	0.0098	0.0082	0.0039	0.0036	0.0002	0.0141	0.0062	0.0079
91	100	0.0304	6	2	0	0	0	0	0	0	0	2	2	2	2	0	0	0	0	0	0	Y	N	N	N	Y	Y	N	N	N	N	N	N	N	N	N	N	N	N	0.4654	4.5082	0.9777	175.7835	166.6998	0.0000	0.2404	0.0000	0.9561	0.0273	0.0121	0.1202	1.3013	1.3023	0.0000	0.0171	0.0000	0.1202	0.0587	0.0027	0.1229	0.0074	0.0078	0.0002	0.0710	0.0000	0.1257	1.6302	39.9727	0.0000	0.0026	1.9725	3.0014	4.2763	9.1620	0.0011	0.0004	0.0007	0.0004	0.0004	0.0000	0.0007	0.0000	0.0007	0.0060	0.0001	0.0059	0.0001	0.0001	0.0000	0.0059	0.0000	0.0059	0.0413	0.0355	0.0058	0.0003	0.0003	0.0000	0.0410	0.0352	0.0058	0.1026	0.0548	0.0478	0.0198	0.0188	0.0011	0.0827	0.0360	0.0467
91	101	0.0175	5	2	0	0	0	0	0	0	0	1	1	1	1	0	0	0	0	0	0	Y	N	N	N	N	N	N	N	N	N	N	N	N	N	N	N	N	N	0.5215	0.3523	1.6150	1.9477	1.9082	0.0000	0.4076	0.0000	1.6065	0.0146	0.0088	0.0506	0.1562	0.1562	0.0000	0.0074	0.0000	0.0506	0.0281	0.0250	0.0314	0.0802	0.0819	0.0095	0.0182	0.0005	0.0315	0.9307	1.1709	-0.0000	-0.0000	1.9725	0.0077	4.2763	8.0757	0.0000	0.0000	0.0000	0.0000	0.0000	0.0000	0.0000	0.0000	0.0000	0.0019	0.0009	0.0010	0.0009	0.0009	0.0000	0.0010	0.0000	0.0010	0.0001	0.0001	0.0000	0.0000	0.0000	0.0000	0.0001	0.0001	0.0000	0.0683	0.0353	0.0330	0.0109	0.0106	0.0003	0.0574	0.0247	0.0327
91	102	0.0159	4	2	0	0	0	0	0	0	0	1	1	1	1	0	0	0	0	0	0	Y	N	N	N	N	N	N	N	N	N	N	N	N	N	N	N	N	N	0.1448	0.1365	0.2168	0.4430	0.4322	0.0000	0.0572	0.0000	0.2153	0.0300	0.0274	0.0465	0.3218	0.3219	0.0000	0.0069	0.0000	0.0465	0.2073	0.2007	0.2145	0.7265	0.7447	0.0036	0.1213	0.0008	0.2160	0.2724	1.0013	-0.0000	-0.0001	1.9725	0.0011	4.2763	1.0060	0.0000	0.0000	0.0000	0.0000	0.0000	0.0000	0.0000	0.0000	0.0000	0.0017	0.0009	0.0009	0.0009	0.0009	0.0000	0.0009	0.0000	0.0009	0.0000	0.0000	0.0000	0.0000	0.0000	0.0000	0.0000	0.0000	0.0000	0.0083	0.0043	0.0040	0.0012	0.0012	0.0000	0.0071	0.0031	0.0040
91	106	0.0629	14	2	0	1	0	0	0	0	0	1	1	1	1	0	0	0	0	0	0	Y	N	N	N	N	N	N	N	N	N	N	N	N	N	N	N	N	N	0.0000	0.0009	0.0000	0.0387	0.0360	0.0000	0.0000	0.0000	0.0000	0.0000	0.0000	0.0000	0.0000	0.0000	0.0000	0.0000	0.0000	0.0000	0.0200	0.0005	0.0456	0.0010	0.0011	0.0001	0.0265	0.0001	0.0481	0.0000	73.2380	-0.0000	0.0014	1.9725	4.0001	4.2763	15.3361	0.0000	0.0000	0.0000	0.0000	0.0000	0.0000	0.0000	0.0000	0.0000	0.0031	0.0000	0.0030	0.0000	0.0000	0.0000	0.0030	0.0000	0.0030	0.0548	0.0471	0.0077	0.0005	0.0005	0.0000	0.0543	0.0466	0.0077	0.1539	0.0873	0.0666	0.0391	0.0357	0.0034	0.1148	0.0516	0.0632
91	107	0.0906	16	2	0	1	0	0	0	0	0	1	1	1	1	0	0	0	0	0	0	Y	N	N	N	N	N	N	N	N	N	N	N	N	N	N	N	N	N	0.0150	0.0100	0.0000	0.5245	0.4959	0.0000	0.0000	0.0000	0.0000	0.0499	0.0581	0.0000	3.1467	3.2366	0.0000	0.0000	0.0000	0.0000	3.3285	5.7861	0.0018	5.9990	6.5272	0.0161	2.2858	5.1831	0.0010	0.0000	0.0002	-0.0004	-0.2382	1.9725	1.0040	4.2763	14.1141	0.0007	0.0007	0.0000	0.0007	0.0007	0.0000	0.0000	0.0000	0.0000	0.4347	0.4346	0.0001	0.2200	0.2199	0.0000	0.2147	0.2146	0.0001	0.0140	0.0120	0.0020	0.0002	0.0002	0.0000	0.0138	0.0118	0.0020	0.1306	0.0751	0.0555	0.0367	0.0337	0.0030	0.0939	0.0414	0.0525
91	108	0.0827	15	2	0	1	0	1	0	1	0	1	1	1	1	0	0	0	0	0	0	Y	N	N	N	N	N	N	N	N	N	N	N	N	N	N	N	N	N	0.0031	0.0020	0.0000	0.0608	0.0584	0.0000	0.0022	0.0011	0.0000	0.0001	0.0001	0.0000	0.0043	0.0044	0.0000	0.0001	0.0001	0.0000	0.0366	0.0649	0.0002	0.0704	0.0756	0.0002	0.0249	0.0569	0.0002	0.0000	0.0020	-0.0000	-0.0008	1.9725	1.0065	4.2763	3.9764	0.0000	0.0000	0.0000	0.0000	0.0000	0.0000	0.0000	0.0000	0.0000	0.0015	0.0015	0.0000	0.0008	0.0008	0.0000	0.0008	0.0008	0.0000	0.0140	0.0120	0.0020	0.0002	0.0002	0.0000	0.0138	0.0118	0.0020	0.0419	0.0236	0.0183	0.0108	0.0100	0.0007	0.0311	0.0136	0.0176
91	119	0.0785	13	2	0	1	0	0	0	0	0	1	1	1	1	0	0	0	0	0	0	Y	N	N	N	N	N	N	N	N	N	N	N	N	N	N	N	N	N	0.0419	0.1248	0.0000	14.7421	14.5436	0.0000	0.0000	0.0000	0.0000	0.0072	0.0084	0.0000	0.8364	0.8414	0.0000	0.0000	0.0000	0.0000	0.1727	0.0674	0.3074	0.0567	0.0579	0.0442	0.2138	0.0745	0.3209	0.0000	3.5663	-0.0003	0.0081	1.9725	6.0007	4.2763	19.0307	0.0006	0.0006	0.0000	0.0006	0.0006	0.0000	0.0000	0.0000	0.0000	0.0348	0.0076	0.0272	0.0030	0.0028	0.0002	0.0318	0.0048	0.0270	0.0816	0.0702	0.0114	0.0007	0.0007	0.0000	0.0809	0.0695	0.0114	0.2014	0.1130	0.0883	0.0527	0.0484	0.0043	0.1486	0.0646	0.0840
91	120	0.0750	12	2	0	1	0	0	0	1	0	1	1	1	1	0	0	0	0	0	0	Y	N	N	N	N	N	N	N	N	N	N	N	N	N	N	N	N	N	0.0172	0.0381	0.0053	1.9687	1.8716	0.0000	0.0012	0.0000	0.0051	0.0033	0.0035	0.0017	0.3341	0.3359	0.0000	0.0002	0.0000	0.0017	0.1900	0.0926	0.3218	0.1697	0.1795	0.0050	0.1988	0.0062	0.3350	0.0793	2.5664	-0.0000	0.0011	1.9725	0.0034	4.2763	3.2312	0.0000	0.0000	0.0000	0.0000	0.0000	0.0000	0.0000	0.0000	0.0000	0.0064	0.0018	0.0046	0.0017	0.0017	0.0000	0.0047	0.0001	0.0046	0.0000	0.0000	0.0000	0.0000	0.0000	0.0000	0.0000	0.0000	0.0000	0.0338	0.0194	0.0143	0.0103	0.0097	0.0006	0.0235	0.0097	0.0138
91	121	0.0747	11	2	0	0	0	0	0	0	0	1	1	1	1	0	0	0	0	0	0	Y	N	N	N	N	N	N	N	N	N	N	N	N	N	N	N	N	N	0.0000	0.0000	0.0000	0.0000	0.0000	0.0000	0.0000	0.0000	0.0000	0.0000	0.0000	0.0000	0.0000	0.0000	0.0000	0.0000	0.0000	0.0000	0.0157	0.0116	0.0215	0.0196	0.0184	0.0574	0.0133	0.0002	0.0205		1.3184	0.0000	0.0000	1.9725	0.0000	4.2763	1.2022	0.0000	0.0000	0.0000	0.0000	0.0000	0.0000	0.0000	0.0000	0.0000	0.0003	0.0001	0.0002	0.0001	0.0001	0.0000	0.0002	0.0000	0.0002	0.0000	0.0000	0.0000	0.0000	0.0000	0.0000	0.0000	0.0000	0.0000	0.0198	0.0116	0.0082	0.0074	0.0072	0.0002	0.0124	0.0044	0.0080
91	122	0.0534	10	2	0	0	0	1	0	0	0	1	1	1	1	0	0	0	0	0	0	Y	N	N	N	N	N	N	N	N	N	N	N	N	N	N	N	N	N	0.0000	0.0000	0.0000	0.0000	0.0000	0.0000	0.0000	0.0000	0.0000	0.0000	0.0000	0.0000	0.0000	0.0000	0.0000	0.0000	0.0000	0.0000	0.0166	0.0170	0.0161	0.0010	0.0010	0.0001	0.0223	0.0292	0.0167		0.6900	0.0000	-0.0003	1.9725	0.0041	4.2763	12.5856	0.0000	0.0000	0.0000	0.0000	0.0000	0.0000	0.0000	0.0000	0.0000	0.0020	0.0012	0.0008	0.0000	0.0000	0.0000	0.0019	0.0011	0.0008	0.0001	0.0001	0.0000	0.0000	0.0000	0.0000	0.0001	0.0001	0.0000	0.1180	0.0682	0.0497	0.0315	0.0296	0.0019	0.0865	0.0386	0.0478
91	126	0.0883	16	1	0	1	0	0	0	0	0	2	1	2	1	0	0	0	0	0	0	N	N	N	N	Y	N	N	N	N	N	N	N	N	N	N	N	N	N	0.0000	0.0000	0.0000	0.0000	0.0000	0.0000	0.0000	0.0000	0.0000	0.0000	0.0000	0.0000	0.0000	0.0000	0.0000	0.0000	0.0000	0.0000	16.7528	14.7095	19.3903	29.9195	32.6780	0.0000	11.7077	0.0000	20.4878		1.0212	0.0000	-0.0186	1.9725	0.0003	4.2763	3.0192	0.0000	0.0000	0.0000	0.0000	0.0000	0.0000	0.0000	0.0000	0.0000	0.4334	0.2144	0.2190	0.2144	0.2144	0.0000	0.2190	0.0000	0.2190	0.0000	0.0000	0.0000	0.0000	0.0000	0.0000	0.0000	0.0000	0.0000	0.0259	0.0146	0.0113	0.0072	0.0066	0.0006	0.0187	0.0080	0.0107
91	131	0.0946	18	2	0	1	0	0	0	0	0	1	1	1	1	0	0	0	0	0	0	Y	N	N	N	N	N	N	N	N	N	N	N	N	N	N	N	N	N	504.2088	0.0081	2516.8888	0.0932	0.0838	inf	606.9023	0.0000	2394.0953	67.6032	0.0007	476.4077	0.0166	0.0162	0.0324	70.4453	0.0000	479.3645	0.1341	0.0919	0.1893	0.1777	0.1934	0.0000	0.1161	0.0008	0.2002	105648.0269	1.5721	0.4142	0.0007	1.9725	1.0211	4.2763	9.0731	0.9936	0.0000	0.9936	0.0000	0.0000	0.0000	0.9936	0.0000	0.9936	0.0115	0.0045	0.0070	0.0044	0.0044	0.0000	0.0070	0.0000	0.0070	0.0147	0.0126	0.0021	0.0006	0.0006	0.0000	0.0141	0.0120	0.0021	0.0854	0.0484	0.0370	0.0249	0.0229	0.0020	0.0605	0.0255	0.0350
91	132	0.1154	18	1	0	0	0	0	0	0	0	1	2	1	2	0	0	0	0	0	0	N	N	N	N	N	Y	N	N	N	N	N	N	N	N	N	N	N	N	0.0000	0.0000	0.0000	0.0000	0.0000	0.0000	0.0000	0.0000	0.0000	0.0000	0.0000	0.0000	0.0000	0.0000	0.0000	0.0000	0.0000	0.0000	0.3937	0.0074	0.9118	0.0144	0.0159	0.0000	0.5526	0.0000	0.9757		91.7041	0.0000	0.0028	1.9725	0.0075	4.2763	1.9743	0.0000	0.0000	0.0000	0.0000	0.0000	0.0000	0.0000	0.0000	0.0000	0.0064	0.0001	0.0063	0.0001	0.0001	0.0000	0.0063	0.0000	0.0063	0.0003	0.0002	0.0001	0.0001	0.0001	0.0000	0.0002	0.0001	0.0001	0.0163	0.0093	0.0070	0.0048	0.0043	0.0005	0.0115	0.0050	0.0065
91	134	0.1102	16	1	0	0	0	0	0	0	0	1	2	1	2	0	0	0	0	0	0	N	N	N	N	N	Y	N	N	N	N	N	N	N	N	N	N	N	N	173.5310	0.1025	530.8733	0.9770	0.9098	0.0000	128.4604	0.0000	500.7195	32.9608	0.0004	240.3166	0.0061	0.0063	0.0000	34.7234	0.0000	242.0156	0.1899	0.0035	0.4527	0.0063	0.0069	0.0000	0.2703	0.0005	0.4833	105647.9825	91.0313	0.4140	0.0056	1.9725	2.0569	4.2763	5.7592	0.9932	0.0000	0.9932	0.0000	0.0000	0.0000	0.9932	0.0000	0.9932	0.0128	0.0001	0.0126	0.0001	0.0001	0.0000	0.0126	0.0000	0.0126	0.0301	0.0260	0.0041	0.0015	0.0015	0.0000	0.0286	0.0245	0.0041	0.0672	0.0393	0.0279	0.0204	0.0187	0.0018	0.0467	0.0206	0.0261
91	135	0.1117	17	1	0	0	0	0	0	0	0	1	2	1	2	0	0	0	0	0	0	N	N	N	N	N	Y	N	N	N	N	N	N	N	N	N	N	N	N	0.0036	0.0610	0.0000	0.6180	0.6263	0.0000	0.0000	0.0000	0.0000	0.0007	0.0008	0.0000	0.0168	0.0175	0.0000	0.0000	0.0000	0.0000	0.1925	0.0132	0.4417	0.0271	0.0280	0.0182	0.2639	0.0000	0.4708	0.0000	24.0083	-0.0000	0.0065	1.9725	1.0111	4.2763	8.8059	0.0000	0.0000	0.0000	0.0000	0.0000	0.0000	0.0000	0.0000	0.0000	0.0158	0.0006	0.0151	0.0007	0.0006	0.0000	0.0151	0.0000	0.0151	0.0143	0.0123	0.0020	0.0006	0.0006	0.0000	0.0137	0.0118	0.0020	0.0818	0.0476	0.0342	0.0247	0.0225	0.0022	0.0571	0.0251	0.0320
91	138	0.0884	15	2	0	1	0	0	0	0	0	1	1	2	1	0	0	0	0	0	0	Y	N	N	N	Y	N	N	N	N	N	N	N	N	N	N	N	N	N	0.3471	0.4424	0.0000	0.0000	0.0000	0.0000	0.8343	206.1308	0.0000	0.0004	0.0004	0.0000	0.0000	0.0000	0.0000	0.0005	0.0007	0.0000	0.0010	0.0010	0.0011	0.0020	0.0021	0.0003	0.0006	0.0000	0.0011	0.0000	0.7791	-0.0000	-0.0000	1.9725	0.0010	4.2763	4.0030	0.0000	0.0000	0.0000	0.0000	0.0000	0.0000	0.0000	0.0000	0.0000	0.0000	0.0000	0.0000	0.0000	0.0000	0.0000	0.0000	0.0000	0.0000	0.0000	0.0000	0.0000	0.0000	0.0000	0.0000	0.0000	0.0000	0.0000	0.0338	0.0197	0.0142	0.0101	0.0091	0.0010	0.0237	0.0106	0.0131
91	139	0.0629	14	2	0	1	0	0	0	0	0	2	1	2	1	0	0	0	0	0	0	Y	N	N	N	Y	N	N	N	N	N	N	N	N	N	N	N	N	N	0.1084	0.1279	0.0000	0.0000	0.0000	0.0000	0.1857	36.6487	0.0000	0.0170	0.0197	0.0000	0.0000	0.0000	0.0000	0.0171	0.0200	0.0000	0.1565	0.1544	0.1592	0.3414	0.3727	0.0003	0.0923	0.0005	0.1677	0.0000	0.7754	-0.0004	-0.0022	1.9725	2.9989	4.2763	12.3267	0.0007	0.0007	0.0000	0.0000	0.0000	0.0000	0.0007	0.0007	0.0000	0.0196	0.0110	0.0086	0.0110	0.0110	0.0000	0.0086	0.0000	0.0085	0.0412	0.0355	0.0058	0.0004	0.0004	0.0000	0.0408	0.0350	0.0058	0.1251	0.0714	0.0537	0.0322	0.0295	0.0027	0.0929	0.0419	0.0510
91	140	0.0621	13	2	0	1	0	1	0	1	0	1	1	1	1	0	0	0	0	0	0	Y	N	N	N	N	N	N	N	N	N	N	N	N	N	N	N	N	N	0.2926	0.3063	0.0000	0.0000	0.0000	0.0000	0.4018	0.5041	0.0000	0.0010	0.0012	0.0000	0.0000	0.0000	0.0000	0.0012	0.0014	0.0000	0.0035	0.0039	0.0029	0.0048	0.0051	0.0000	0.0029	0.0028	0.0030	0.0000	0.5312	-0.0000	-0.0000	1.9725	0.0011	4.2763	0.8290	0.0000	0.0000	0.0000	0.0000	0.0000	0.0000	0.0000	0.0000	0.0000	0.0000	0.0000	0.0000	0.0000	0.0000	0.0000	0.0000	0.0000	0.0000	0.0000	0.0000	0.0000	0.0000	0.0000	0.0000	0.0000	0.0000	0.0000	0.0084	0.0049	0.0035	0.0024	0.0023	0.0002	0.0059	0.0026	0.0033
91	141	0.0852	15	2	0	1	0	0	0	0	0	1	1	1	1	0	0	0	0	0	0	Y	N	N	N	N	N	N	N	N	N	N	N	N	N	N	N	N	N	0.0000	0.0000	0.0000	0.0000	0.0000	0.0000	0.0000	0.0000	0.0000	0.0000	0.0000	0.0000	0.0000	0.0000	0.0000	0.0000	0.0000	0.0000	5.5652	9.5721	0.1010	9.0993	10.3592	0.0191	4.0288	8.8983	0.1089		0.0077	0.0000	-0.2339	1.9725	0.0243	4.2763	8.8037	0.0000	0.0000	0.0000	0.0000	0.0000	0.0000	0.0000	0.0000	0.0000	0.4326	0.4293	0.0033	0.2143	0.2143	0.0001	0.2183	0.2150	0.0033	0.0006	0.0006	0.0001	0.0002	0.0002	0.0000	0.0005	0.0004	0.0001	0.0777	0.0448	0.0329	0.0236	0.0207	0.0029	0.0542	0.0242	0.0300
91	142	0.0686	14	2	0	1	0	1	0	1	0	1	1	1	1	0	0	0	0	0	0	Y	N	N	N	N	N	N	N	N	N	N	N	N	N	N	N	N	N	0.0000	0.0000	0.0000	0.0000	0.0000	0.0000	0.0000	0.0000	0.0000	0.0000	0.0000	0.0000	0.0000	0.0000	0.0000	0.0000	0.0000	0.0000	3.9604	0.1545	8.8238	0.2627	0.2766	0.1179	5.3032	0.0611	9.3129		44.7036	0.0000	0.1414	1.9725	4.9785	4.2763	5.0554	0.0000	0.0000	0.0000	0.0000	0.0000	0.0000	0.0000	0.0000	0.0000	0.3289	0.0072	0.3217	0.0058	0.0056	0.0002	0.3231	0.0016	0.3215	0.0680	0.0585	0.0095	0.0007	0.0007	0.0000	0.0673	0.0578	0.0095	0.0830	0.0466	0.0365	0.0221	0.0202	0.0019	0.0609	0.0264	0.0345
91	143	0.1077	19	2	0	1	0	0	0	0	0	1	1	2	1	0	0	0	0	0	0	Y	N	N	N	Y	N	N	N	N	N	N	N	N	N	N	N	N	N	72.9635	88.8648	0.0000	132.8373	123.8292	0.0000	0.0000	0.0000	0.0000	0.0073	0.0085	0.0000	0.0255	0.0262	0.0000	0.0000	0.0000	0.0000	0.0001	0.0001	0.0001	0.0002	0.0002	0.0000	0.0001	0.0000	0.0001	0.0000	0.7876	-0.0000	-0.0000	1.9725	0.0000	4.2763	3.0055	0.0000	0.0000	0.0000	0.0000	0.0000	0.0000	0.0000	0.0000	0.0000	0.0000	0.0000	0.0000	0.0000	0.0000	0.0000	0.0000	0.0000	0.0000	0.0000	0.0000	0.0000	0.0000	0.0000	0.0000	0.0000	0.0000	0.0000	0.0239	0.0140	0.0100	0.0069	0.0063	0.0006	0.0170	0.0077	0.0093
91	144	0.0946	18	2	0	1	0	0	0	0	0	2	1	2	1	0	0	0	0	0	0	Y	N	N	N	Y	N	N	N	N	N	N	N	N	N	N	N	N	N	0.6888	0.8057	0.0000	11.2490	10.6609	0.0000	0.0000	0.0000	0.0000	0.0235	0.0273	0.0000	0.7268	0.7470	0.0000	0.0000	0.0000	0.0000	0.0341	0.0339	0.0343	0.0646	0.0701	0.0000	0.0212	0.0000	0.0363	0.0000	0.7770	-0.0004	-0.0003	1.9725	2.0192	4.2763	6.0784	0.0007	0.0007	0.0000	0.0007	0.0007	0.0000	0.0000	0.0000	0.0000	0.0024	0.0014	0.0011	0.0014	0.0014	0.0000	0.0011	0.0000	0.0011	0.0285	0.0245	0.0040	0.0009	0.0009	0.0000	0.0275	0.0236	0.0040	0.0705	0.0399	0.0306	0.0209	0.0193	0.0016	0.0496	0.0206	0.0290
91	145	0.0899	17	2	0	1	0	1	0	0	0	1	1	1	1	0	0	0	0	0	0	Y	N	N	N	N	N	N	N	N	N	N	N	N	N	N	N	N	N	0.0065	0.0000	0.0461	0.0003	0.0003	0.0000	0.0110	0.0000	0.0435	0.0087	0.0000	0.0621	0.0009	0.0010	0.0000	0.0088	0.0000	0.0624	1.3321	1.3192	1.3488	2.7922	3.0880	0.0000	0.8010	0.0000	1.4329	568.7610	0.7887	0.0001	-0.0034	1.9725	1.9811	4.2763	0.9869	0.0002	0.0000	0.0002	0.0000	0.0000	0.0000	0.0002	0.0000	0.0002	0.0316	0.0177	0.0139	0.0177	0.0177	0.0000	0.0139	0.0000	0.0139	0.0274	0.0236	0.0038	0.0005	0.0004	0.0000	0.0270	0.0231	0.0038	0.0237	0.0134	0.0103	0.0063	0.0057	0.0006	0.0174	0.0077	0.0097
92	98	0.1615	11	2	0	1	1	1	0	1	1	0	0	1	1	0	0	0	0	0	0	Y	N	N	N	N	N	N	N	N	N	N	N	N	N	N	N	N	N	0.0000	0.0000	0.0000	0.0000	0.0000	0.0000	0.0000	0.0000	0.0000	0.0000	0.0000	0.0000	0.0000	0.0000	0.0000	0.0000	0.0000	0.0000	0.0217	0.0415	0.0004	0.1174	0.1364	0.0000	0.0002	0.0000	0.0004		0.0085	0.0000	-0.0037	5.0000	2.9999	42.2706	3.9821	0.0000	0.0000	0.0000	0.0000	0.0000	0.0000	0.0000	0.0000	0.0000	0.0068	0.0067	0.0001	0.0067	0.0067	0.0000	0.0001	0.0000	0.0001	0.1021	0.0879	0.0143	0.0007	0.0007	0.0001	0.1014	0.0872	0.0142	0.3123	0.1618	0.1505	0.0572	0.0493	0.0080	0.2551	0.1126	0.1425
92	99	0.1584	10	2	0	1	0	1	0	1	0	0	0	1	1	0	0	0	0	0	0	Y	N	N	N	N	N	N	N	N	N	N	N	N	N	N	N	N	N	0.0000	0.0000	0.0000	0.0000	0.0000	0.0000	0.0000	0.0000	0.0000	0.0000	0.0000	0.0000	0.0000	0.0000	0.0000	0.0000	0.0000	0.0000	0.1503	0.0093	0.3073	0.0172	0.0195	0.0000	0.1845	0.0040	0.3236		29.6567	0.0000	0.0063	5.0000	0.0003	42.2706	2.0601	0.0000	0.0000	0.0000	0.0000	0.0000	0.0000	0.0000	0.0000	0.0000	0.0151	0.0005	0.0146	0.0004	0.0004	0.0000	0.0148	0.0001	0.0146	0.0000	0.0000	0.0000	0.0000	0.0000	0.0000	0.0000	0.0000	0.0000	0.1007	0.0531	0.0477	0.0206	0.0182	0.0024	0.0802	0.0349	0.0453
92	100	0.1386	9	2	0	1	0	1	0	1	0	1	1	1	1	0	0	0	0	0	0	Y	N	N	N	N	N	N	N	N	N	N	N	N	N	N	N	N	N	5.2424	3.1983	0.0000	0.0000	0.0000	0.0000	4.5033	2.3409	0.0000	9.7851	11.3804	0.0000	0.0000	0.0000	0.0000	9.7985	11.3981	0.0000	1.8665	3.5583	0.0762	0.4041	0.4609	0.0033	2.1759	4.8691	0.0796	0.0000	0.0202	-0.5831	-0.5578	5.0000	3.0014	42.2706	9.1620	0.9999	0.9999	0.0000	0.0000	0.0000	0.0000	0.9999	0.9999	0.0000	1.0555	1.0346	0.0209	0.0399	0.0399	0.0000	1.0157	0.9948	0.0209	0.1022	0.0879	0.0143	0.0001	0.0001	0.0000	0.1020	0.0877	0.0143	0.5655	0.2908	0.2747	0.0987	0.0865	0.0123	0.4668	0.2043	0.2625
92	101	0.1257	8	2	0	1	0	1	0	1	0	0	0	0	0	0	0	0	0	0	0	Y	N	N	N	N	N	N	N	N	N	N	N	N	N	N	N	N	N	0.1226	11.1124	0.0000	0.0000	0.0000	0.0000	0.1096	11.1746	0.0000	0.3514	0.4057	0.0000	0.0000	0.0000	0.0000	0.3649	0.4237	0.0000	2.8655	0.0365	5.6696	0.0274	0.0321	0.0000	3.3289	0.0379	5.9109	0.0000	156.6826	-0.0001	0.4531	5.0000	0.0077	42.2706	8.0757	0.0001	0.0001	0.0000	0.0000	0.0000	0.0000	0.0001	0.0001	0.0000	1.0174	0.0065	1.0110	0.0014	0.0014	0.0000	1.0161	0.0051	1.0110	0.0003	0.0002	0.0000	0.0000	0.0000	0.0000	0.0003	0.0002	0.0000	0.3551	0.1767	0.1783	0.0498	0.0426	0.0073	0.3052	0.1342	0.1710
92	102	0.1241	7	2	0	1	0	1	0	1	0	0	0	0	0	0	0	0	0	0	0	Y	N	N	N	N	N	N	N	N	N	N	N	N	N	N	N	N	N	0.0000	0.0000	0.0000	0.0000	0.0000	0.0000	0.0000	0.0000	0.0000	0.0000	0.0000	0.0000	0.0000	0.0000	0.0000	0.0000	0.0000	0.0000	0.0324	0.0274	0.0373	0.0000	0.0000	0.0001	0.0375	0.0358	0.0388		1.3850	0.0000	0.0000	5.0000	0.0011	42.2706	1.0060	0.0000	0.0000	0.0000	0.0000	0.0000	0.0000	0.0000	0.0000	0.0000	0.0015	0.0006	0.0008	0.0000	0.0000	0.0000	0.0015	0.0006	0.0008	0.0000	0.0000	0.0000	0.0000	0.0000	0.0000	0.0000	0.0000	0.0000	0.0449	0.0222	0.0226	0.0061	0.0052	0.0009	0.0387	0.0170	0.0217
92	113	0.1241	9	2	0	1	0	1	0	1	0	0	0	0	0	0	0	0	0	0	0	Y	N	N	N	N	N	N	N	N	N	N	N	N	N	N	N	N	N	0.0001	0.6206	0.0000	396.6098	664.3576	0.0000	0.0000	0.0000	0.0000	0.0013	0.0015	0.0000	0.2847	0.2866	0.0000	0.0000	0.0000	0.0000	9.6332	0.0024	19.0956	0.0007	0.0004	0.0024	11.1522	0.0029	19.8841	0.0000	8269.3900	-0.0000	0.8976	5.0000	0.0182	42.2706	4.6661	0.0000	0.0000	0.0000	0.0000	0.0000	0.0000	0.0000	0.0000	0.0000	1.9875	0.0002	1.9873	0.0000	0.0000	0.0000	1.9875	0.0002	1.9873	0.0006	0.0005	0.0001	0.0000	0.0000	0.0000	0.0006	0.0005	0.0001	0.2063	0.1023	0.1041	0.0281	0.0240	0.0041	0.1782	0.0783	0.0999
92	114	0.1241	8	2	0	1	0	1	0	1	0	0	0	0	0	0	0	0	0	0	0	Y	N	N	N	N	N	N	N	N	N	N	N	N	N	N	N	N	N	0.0000	0.0000	0.0000	0.0000	0.0000	0.0000	0.0000	0.0000	0.0000	0.0000	0.0000	0.0000	0.0000	0.0000	0.0000	0.0000	0.0000	0.0000	0.1476	0.0000	0.3456	0.0000	0.0000	0.0000	0.1920	0.0000	0.3580		inf	0.0000	0.0000	5.0000	0.0004	42.2706	0.0007	0.0000	0.0000	0.0000	0.0000	0.0000	0.0000	0.0000	0.0000	0.0000	0.0000	0.0000	0.0000	0.0000	0.0000	0.0000	0.0000	0.0000	0.0000	0.0000	0.0000	0.0000	0.0000	0.0000	0.0000	0.0000	0.0000	0.0000	0.0001	0.0000	0.0000	0.0000	0.0000	0.0000	0.0001	0.0000	0.0000
92	115	0.1241	7	2	0	1	0	1	0	1	0	0	0	0	0	0	0	0	0	0	0	Y	N	N	N	N	N	N	N	N	N	N	N	N	N	N	N	N	N	0.0000	0.0000	0.0000	0.0000	0.0000	0.0000	0.0000	0.0000	0.0000	0.0000	0.0000	0.0000	0.0000	0.0000	0.0000	0.0000	0.0000	0.0000	0.0000	0.0000	0.0000	0.0000	0.0000	0.0000	0.0000	0.0000	0.0000			0.0000	0.0000	5.0000	0.0004	42.2706	0.0002	0.0000	0.0000	0.0000	0.0000	0.0000	0.0000	0.0000	0.0000	0.0000	0.0000	0.0000	0.0000	0.0000	0.0000	0.0000	0.0000	0.0000	0.0000	0.0000	0.0000	0.0000	0.0000	0.0000	0.0000	0.0000	0.0000	0.0000	0.0001	0.0000	0.0000	0.0000	0.0000	0.0000	0.0000	0.0000	0.0000
92	116	0.1037	6	2	0	1	0	1	0	1	0	0	0	0	0	0	0	0	0	0	0	Y	N	N	N	N	N	N	N	N	N	N	N	N	N	N	N	N	N	0.0000	0.0000	0.0000	0.0000	0.0000	0.0000	0.0000	0.0000	0.0000	0.0000	0.0000	0.0000	0.0000	0.0000	0.0000	0.0000	0.0000	0.0000	1.5608	0.1076	3.2244	0.3551	0.3819	0.0065	1.7938	0.0000	3.3061		26.1761	0.0000	0.4283	5.0000	0.0012	42.2706	12.6705	0.0000	0.0000	0.0000	0.0000	0.0000	0.0000	0.0000	0.0000	0.0000	1.0322	0.0380	0.9942	0.0380	0.0380	0.0001	0.9942	0.0000	0.9942	0.0001	0.0001	0.0000	0.0000	0.0000	0.0000	0.0001	0.0000	0.0000	0.6613	0.3530	0.3083	0.1071	0.0995	0.0076	0.5542	0.2535	0.3007
92	117	0.0989	5	2	0	1	0	1	0	1	0	0	0	0	0	0	0	0	0	0	0	Y	N	N	N	N	N	N	N	N	N	N	N	N	N	N	N	N	N	0.0000	0.0000	0.0000	0.0000	0.0000	0.0000	0.0000	0.0000	0.0000	0.0000	0.0000	0.0000	0.0000	0.0000	0.0000	0.0000	0.0000	0.0000	0.2347	0.2853	0.1648	0.4016	0.4151	0.0001	0.1883	0.2116	0.1676		0.4185	0.0000	-0.0142	5.0000	0.0012	42.2706	3.6220	0.0000	0.0000	0.0000	0.0000	0.0000	0.0000	0.0000	0.0000	0.0000	0.0560	0.0395	0.0165	0.0208	0.0208	0.0000	0.0352	0.0187	0.0165	0.0000	0.0000	0.0000	0.0000	0.0000	0.0000	0.0000	0.0000	0.0000	0.2385	0.1383	0.1002	0.0518	0.0501	0.0017	0.1867	0.0882	0.0986
92	118	0.0954	4	2	0	1	0	2	0	1	0	0	0	0	0	0	0	0	0	0	0	Y	N	N	N	N	N	N	N	N	N	N	N	N	N	N	N	N	N	0.0000	0.0000	0.0000	0.0000	0.0000	0.0000	0.0000	0.0000	0.0000	0.0000	0.0000	0.0000	0.0000	0.0000	0.0000	0.0000	0.0000	0.0000	0.1585	0.2237	0.0644	0.1886	0.1905	0.0000	0.1476	0.2507	0.0648		0.1993	0.0000	-0.0131	5.0000	0.0004	42.2706	2.6029	0.0000	0.0000	0.0000	0.0000	0.0000	0.0000	0.0000	0.0000	0.0000	0.0344	0.0287	0.0057	0.0109	0.0109	0.0000	0.0234	0.0177	0.0057	0.0000	0.0000	0.0000	0.0000	0.0000	0.0000	0.0000	0.0000	0.0000	0.2169	0.1282	0.0887	0.0580	0.0575	0.0006	0.1589	0.0707	0.0882
92	121	0.1209	6	2	0	1	0	1	0	1	0	0	0	0	0	0	0	0	0	0	0	Y	N	N	N	N	N	N	N	N	N	N	N	N	N	N	N	N	N	0.0000	0.0000	0.0000	0.0000	0.0000	0.0000	0.0000	0.0000	0.0000	0.0000	0.0000	0.0000	0.0000	0.0000	0.0000	0.0000	0.0000	0.0000	0.0126	0.0129	0.0123	0.0185	0.0186	0.0162	0.0094	0.0044	0.0122		0.6776	0.0000	-0.0003	5.0000	0.0000	42.2706	1.2022	0.0000	0.0000	0.0000	0.0000	0.0000	0.0000	0.0000	0.0000	0.0000	0.0018	0.0011	0.0007	0.0009	0.0009	0.0000	0.0009	0.0002	0.0007	0.0000	0.0000	0.0000	0.0000	0.0000	0.0000	0.0000	0.0000	0.0000	0.1441	0.0842	0.0599	0.0509	0.0503	0.0006	0.0932	0.0339	0.0593
92	122	0.0996	5	2	0	1	0	2	0	1	0	0	0	0	0	0	0	0	0	0	0	Y	N	N	N	N	N	N	N	N	N	N	N	N	N	N	N	N	N	0.0000	0.0000	0.0000	0.0000	0.0000	0.0000	0.0000	0.0000	0.0000	0.0000	0.0000	0.0000	0.0000	0.0000	0.0000	0.0000	0.0000	0.0000	3.0137	0.0162	6.3711	0.0378	0.0393	0.0046	3.8646	0.0007	6.5049		350.6122	0.0000	1.1043	5.0000	0.0041	42.2706	12.5856	0.0000	0.0000	0.0000	0.0000	0.0000	0.0000	0.0000	0.0000	0.0000	2.4602	0.0070	2.4532	0.0069	0.0068	0.0000	2.4533	0.0002	2.4531	0.0003	0.0002	0.0000	0.0001	0.0001	0.0000	0.0002	0.0002	0.0000	0.8163	0.4313	0.3850	0.1815	0.1736	0.0079	0.6348	0.2577	0.3771
93	98	0.1133	13	1	0	0	1	0	0	0	1	0	0	1	2	0	0	0	0	0	0	N	N	N	N	N	Y	N	N	N	N	N	N	N	N	N	N	N	N	0.0000	0.0000	0.0000	0.0000	0.0000	0.0000	0.0000	0.0000	0.0000	0.0000	0.0000	0.0000	0.0000	0.0000	0.0000	0.0000	0.0000	0.0000	0.0001	0.0000	0.0002	0.0000	0.0000	0.0000	0.0001	0.0000	0.0002		inf	0.0000	0.0000	0.0000	2.9999	0.9594	3.9821	0.0000	0.0000	0.0000	0.0000	0.0000	0.0000	0.0000	0.0000	0.0000	0.0000	0.0000	0.0000	0.0000	0.0000	0.0000	0.0000	0.0000	0.0000	0.0000	0.0000	0.0000	0.0000	0.0000	0.0000	0.0000	0.0000	0.0000	0.0075	0.0040	0.0035	0.0017	0.0015	0.0002	0.0058	0.0025	0.0033
93	99	0.1102	12	1	0	0	0	0	0	0	0	0	0	1	2	0	0	0	0	0	0	N	N	N	N	N	Y	N	N	N	N	N	N	N	N	N	N	N	N	0.0000	0.0000	0.0000	0.0000	0.0000	0.0000	0.0000	0.0000	0.0000	0.0000	0.0000	0.0000	0.0000	0.0000	0.0000	0.0000	0.0000	0.0000	0.0373	0.0000	0.0811	0.0000	0.0000	0.0000	0.0492	0.0000	0.0861		21322.9114	0.0000	0.0000	0.0000	0.0003	0.9594	2.0601	0.0000	0.0000	0.0000	0.0000	0.0000	0.0000	0.0000	0.0000	0.0000	0.0001	0.0000	0.0001	0.0000	0.0000	0.0000	0.0001	0.0000	0.0001	0.0000	0.0000	0.0000	0.0000	0.0000	0.0000	0.0000	0.0000	0.0000	0.0024	0.0013	0.0011	0.0006	0.0005	0.0001	0.0018	0.0008	0.0010
93	100	0.0904	11	1	0	0	0	0	0	0	0	1	1	1	2	0	0	0	0	0	0	N	N	N	N	N	Y	N	N	N	N	N	N	N	N	N	N	N	N	0.0000	0.0000	0.0000	0.0000	0.0000	0.0000	0.0000	0.0000	0.0000	0.0000	0.0000	0.0000	0.0000	0.0000	0.0000	0.0000	0.0000	0.0000	0.0001	0.0000	0.0001	0.0000	0.0000	0.0003	0.0001	0.0000	0.0001		92.0032	0.0000	0.0000	0.0000	3.0014	0.9594	9.1620	0.0000	0.0000	0.0000	0.0000	0.0000	0.0000	0.0000	0.0000	0.0000	0.0000	0.0000	0.0000	0.0000	0.0000	0.0000	0.0000	0.0000	0.0000	0.0000	0.0000	0.0000	0.0000	0.0000	0.0000	0.0000	0.0000	0.0000	0.0136	0.0072	0.0064	0.0030	0.0026	0.0003	0.0106	0.0045	0.0061
93	132	0.1134	15	0	0	0	0	0	0	0	0	0	1	0	2	0	0	0	0	0	0	N	N	N	N	N	Y	N	N	N	N	N	N	N	N	N	N	N	N	0.0000	0.0000	0.0000	0.0000	0.0000	0.0000	0.0000	0.0000	0.0000	0.0000	0.0000	0.0000	0.0000	0.0000	0.0000	0.0000	0.0000	0.0000	0.0000	0.0000	0.0000	0.0000	0.0000	0.0000	0.0000	0.0000	0.0000		inf	0.0000	0.0000	0.0000	0.0075	0.9594	1.9743	0.0000	0.0000	0.0000	0.0000	0.0000	0.0000	0.0000	0.0000	0.0000	0.0000	0.0000	0.0000	0.0000	0.0000	0.0000	0.0000	0.0000	0.0000	0.0000	0.0000	0.0000	0.0000	0.0000	0.0000	0.0000	0.0000	0.0000	0.0021	0.0011	0.0010	0.0004	0.0004	0.0000	0.0017	0.0007	0.0009
93	134	0.1082	13	0	0	0	0	0	0	0	0	0	1	0	2	0	0	0	0	0	0	N	N	N	N	N	Y	N	N	N	N	N	N	N	N	N	N	N	N	0.0000	0.0000	0.0000	0.0000	0.0000	0.0000	0.0000	0.0000	0.0000	0.0000	0.0000	0.0000	0.0000	0.0000	0.0000	0.0000	0.0000	0.0000	0.0168	0.0016	0.0355	0.0042	0.0045	0.0000	0.0203	0.0000	0.0370		17.7912	0.0000	0.0001	0.0000	2.0569	0.9594	5.7592	0.0000	0.0000	0.0000	0.0000	0.0000	0.0000	0.0000	0.0000	0.0000	0.0001	0.0000	0.0001	0.0000	0.0000	0.0000	0.0001	0.0000	0.0001	0.0000	0.0000	0.0000	0.0000	0.0000	0.0000	0.0000	0.0000	0.0000	0.0087	0.0048	0.0039	0.0019	0.0017	0.0002	0.0069	0.0031	0.0038
93	135	0.1097	14	0	0	0	0	0	0	0	0	0	1	0	2	0	0	0	0	0	0	N	N	N	N	N	Y	N	N	N	N	N	N	N	N	N	N	N	N	0.0000	0.0000	0.0000	0.0000	0.0000	0.0000	0.0000	0.0000	0.0000	0.0000	0.0000	0.0000	0.0000	0.0000	0.0000	0.0000	0.0000	0.0000	0.0007	0.0014	0.0000	0.0035	0.0039	0.0000	0.0000	0.0000	0.0000		0.0000	0.0000	-0.0000	0.0000	1.0111	0.9594	8.8059	0.0000	0.0000	0.0000	0.0000	0.0000	0.0000	0.0000	0.0000	0.0000	0.0000	0.0000	0.0000	0.0000	0.0000	0.0000	0.0000	0.0000	0.0000	0.0000	0.0000	0.0000	0.0000	0.0000	0.0000	0.0000	0.0000	0.0000	0.0106	0.0058	0.0048	0.0022	0.0020	0.0002	0.0084	0.0038	0.0046
94	98	0.1118	12	1	0	0	1	0	0	0	1	0	1	1	2	0	0	0	0	0	0	N	N	N	N	N	Y	N	N	N	N	N	N	N	N	N	N	N	N	0.0000	0.0000	0.0000	0.0000	0.0000	0.0000	0.0000	0.0000	0.0000	0.0000	0.0000	0.0000	0.0000	0.0000	0.0000	0.0000	0.0000	0.0000	0.0443	0.0000	0.0956	0.0001	0.0000	0.0011	0.0562	0.0000	0.1007		50744.9936	0.0000	0.0030	0.0000	2.9999	18.8906	3.9821	0.0000	0.0000	0.0000	0.0000	0.0000	0.0000	0.0000	0.0000	0.0000	0.0066	0.0000	0.0066	0.0000	0.0000	0.0000	0.0066	0.0000	0.0066	0.0000	0.0000	0.0000	0.0000	0.0000	0.0000	0.0000	0.0000	0.0000	0.1486	0.0798	0.0688	0.0317	0.0281	0.0035	0.1170	0.0517	0.0653
94	99	0.1087	11	1	0	0	0	0	0	0	0	0	1	1	2	0	0	0	0	0	0	N	N	N	N	N	Y	N	N	N	N	N	N	N	N	N	N	N	N	0.0000	0.0000	0.0000	0.0000	0.0000	0.0000	0.0000	0.0000	0.0000	0.0000	0.0000	0.0000	0.0000	0.0000	0.0000	0.0000	0.0000	0.0000	20.8762	0.0024	45.7271	0.0617	0.0062	0.5700	27.0051	0.0000	48.0549		16338.7222	0.0000	0.4448	0.0000	0.0003	18.8906	2.0601	0.0000	0.0000	0.0000	0.0000	0.0000	0.0000	0.0000	0.0000	0.0000	0.9848	0.0001	0.9847	0.0007	0.0001	0.0006	0.9841	0.0000	0.9841	0.0000	0.0000	0.0000	0.0000	0.0000	0.0000	0.0000	0.0000	0.0000	0.0472	0.0256	0.0215	0.0107	0.0097	0.0011	0.0364	0.0160	0.0205
94	100	0.0888	10	1	0	0	0	0	0	0	0	1	2	1	2	0	0	0	0	0	0	N	N	N	N	N	Y	N	N	N	N	N	N	N	N	N	N	N	N	0.0000	0.0000	0.0000	0.0000	0.0000	0.0000	0.0000	0.0000	0.0000	0.0000	0.0000	0.0000	0.0000	0.0000	0.0000	0.0000	0.0000	0.0000	0.0264	0.0004	0.0560	0.0010	0.0010	0.0011	0.0328	0.0000	0.0584		139.9129	0.0000	0.0031	0.0000	3.0014	18.8906	9.1620	0.0000	0.0000	0.0000	0.0000	0.0000	0.0000	0.0000	0.0000	0.0000	0.0071	0.0001	0.0070	0.0001	0.0001	0.0000	0.0070	0.0000	0.0070	0.0000	0.0000	0.0000	0.0000	0.0000	0.0000	0.0000	0.0000	0.0000	0.2681	0.1427	0.1254	0.0546	0.0492	0.0054	0.2134	0.0935	0.1200
94	132	0.1118	14	0	0	0	0	0	0	0	0	0	2	0	2	0	0	0	0	0	0	N	N	N	N	N	Y	N	N	N	N	N	N	N	N	N	N	N	N	0.0000	0.0000	0.0000	0.0000	0.0000	0.0000	0.0000	0.0000	0.0000	0.0000	0.0000	0.0000	0.0000	0.0000	0.0000	0.0000	0.0000	0.0000	0.0013	0.0000	0.0027	0.0000	0.0000	0.0000	0.0016	0.0000	0.0028		18678.9801	0.0000	0.0000	0.0000	0.0075	18.8906	1.9743	0.0000	0.0000	0.0000	0.0000	0.0000	0.0000	0.0000	0.0000	0.0000	0.0001	0.0000	0.0001	0.0000	0.0000	0.0000	0.0001	0.0000	0.0001	0.0000	0.0000	0.0000	0.0000	0.0000	0.0000	0.0000	0.0000	0.0000	0.0426	0.0230	0.0196	0.0082	0.0075	0.0007	0.0344	0.0155	0.0189
94	134	0.1066	12	0	0	0	0	0	0	0	0	0	2	0	2	0	0	0	0	0	0	N	N	N	N	N	Y	N	N	N	N	N	N	N	N	N	N	N	N	0.0000	0.0000	0.0000	0.0000	0.0000	0.0000	0.0000	0.0000	0.0000	0.0000	0.0000	0.0000	0.0000	0.0000	0.0000	0.0000	0.0000	0.0000	4.3337	0.9030	8.3214	1.6298	1.6892	0.0037	5.4807	0.0000	8.5146		7.9285	0.0000	0.3743	0.0000	2.0569	18.8906	5.7592	0.0000	0.0000	0.0000	0.0000	0.0000	0.0000	0.0000	0.0000	0.0000	1.1017	0.1234	0.9783	0.1234	0.1234	0.0000	0.9783	0.0000	0.9783	0.0000	0.0000	0.0000	0.0000	0.0000	0.0000	0.0000	0.0000	0.0000	0.2542	0.1367	0.1176	0.0757	0.0731	0.0027	0.1785	0.0636	0.1149
94	135	0.1082	13	0	0	0	0	0	0	0	0	0	2	0	2	0	0	0	0	0	0	N	N	N	N	N	Y	N	N	N	N	N	N	N	N	N	N	N	N	0.0000	0.0000	0.0000	0.0000	0.0000	0.0000	0.0000	0.0000	0.0000	0.0000	0.0000	0.0000	0.0000	0.0000	0.0000	0.0000	0.0000	0.0000	0.4264	0.7942	0.0000	1.5165	1.5804	0.0000	0.0000	0.0000	0.0001		0.0001	0.0000	-0.0680	0.0000	1.0111	18.8906	8.8059	0.0000	0.0000	0.0000	0.0000	0.0000	0.0000	0.0000	0.0000	0.0000	0.1240	0.1240	0.0000	0.1240	0.1240	0.0000	0.0000	0.0000	0.0000	0.0000	0.0000	0.0000	0.0000	0.0000	0.0000	0.0000	0.0000	0.0000	0.2908	0.1561	0.1347	0.0818	0.0785	0.0033	0.2090	0.0777	0.1314
97	98	0.1410	12	2	0	1	1	0	0	1	1	0	0	1	1	0	0	0	0	0	0	Y	N	N	N	N	N	N	N	N	N	N	N	N	N	N	N	N	N	0.0000	0.0000	0.0000	0.0000	0.0000	0.0000	0.0000	0.0000	0.0000	0.0000	0.0000	0.0000	0.0000	0.0000	0.0000	0.0000	0.0000	0.0000	0.0012	0.0023	0.0000	0.0061	0.0070	0.0000	0.0000	0.0000	0.0000		0.0000	0.0000	-0.0001	2.0000	2.9999	24.9502	3.9821	0.0000	0.0000	0.0000	0.0000	0.0000	0.0000	0.0000	0.0000	0.0000	0.0002	0.0002	0.0000	0.0002	0.0002	0.0000	0.0000	0.0000	0.0000	0.0413	0.0355	0.0058	0.0003	0.0003	0.0000	0.0410	0.0352	0.0058	0.1849	0.0958	0.0891	0.0361	0.0312	0.0050	0.1488	0.0646	0.0842
97	99	0.1379	11	2	0	1	0	0	0	1	0	0	0	1	1	0	0	0	0	0	0	Y	N	N	N	N	N	N	N	N	N	N	N	N	N	N	N	N	N	0.0000	0.0000	0.0000	0.0000	0.0000	0.0000	0.0000	0.0000	0.0000	0.0000	0.0000	0.0000	0.0000	0.0000	0.0000	0.0000	0.0000	0.0000	0.0001	0.0001	0.0000	0.0002	0.0003	0.0000	0.0000	0.0000	0.0000		0.1243	0.0000	-0.0000	2.0000	0.0003	24.9502	2.0601	0.0000	0.0000	0.0000	0.0000	0.0000	0.0000	0.0000	0.0000	0.0000	0.0000	0.0000	0.0000	0.0000	0.0000	0.0000	0.0000	0.0000	0.0000	0.0000	0.0000	0.0000	0.0000	0.0000	0.0000	0.0000	0.0000	0.0000	0.0589	0.0311	0.0278	0.0125	0.0110	0.0015	0.0465	0.0201	0.0263
97	100	0.1181	10	2	0	1	0	0	0	1	0	1	1	1	1	0	0	0	0	0	0	Y	N	N	N	N	N	N	N	N	N	N	N	N	N	N	N	N	N	0.0000	0.0000	0.0000	0.0000	0.0000	0.0000	0.0000	0.0000	0.0000	0.0000	0.0000	0.0000	0.0000	0.0000	0.0000	0.0000	0.0000	0.0000	0.0347	0.0674	0.0001	0.1831	0.2106	0.0000	0.0001	0.0000	0.0001		0.0016	0.0000	-0.0064	2.0000	3.0014	24.9502	9.1620	0.0000	0.0000	0.0000	0.0000	0.0000	0.0000	0.0000	0.0000	0.0000	0.0117	0.0116	0.0000	0.0116	0.0116	0.0000	0.0000	0.0000	0.0000	0.0413	0.0355	0.0058	0.0001	0.0001	0.0000	0.0412	0.0354	0.0058	0.3359	0.1727	0.1632	0.0636	0.0553	0.0083	0.2723	0.1174	0.1549
97	101	0.1052	9	2	0	1	0	0	0	1	0	0	0	0	0	0	0	0	0	0	0	Y	N	N	N	N	N	N	N	N	N	N	N	N	N	N	N	N	N	0.0000	0.0000	0.0000	0.0000	0.0000	0.0000	0.0000	0.0000	0.0000	0.0000	0.0000	0.0000	0.0000	0.0000	0.0000	0.0000	0.0000	0.0000	0.0314	0.0054	0.0574	0.0160	0.0187	0.0000	0.0343	0.0005	0.0601		10.7482	0.0000	0.0024	2.0000	0.0077	24.9502	8.0757	0.0000	0.0000	0.0000	0.0000	0.0000	0.0000	0.0000	0.0000	0.0000	0.0066	0.0006	0.0060	0.0005	0.0005	0.0000	0.0061	0.0000	0.0060	0.0001	0.0001	0.0000	0.0000	0.0000	0.0000	0.0001	0.0001	0.0000	0.2099	0.1048	0.1051	0.0328	0.0281	0.0047	0.1771	0.0767	0.1004
97	102	0.1036	8	2	0	1	0	0	0	1	0	0	0	0	0	0	0	0	0	0	0	Y	N	N	N	N	N	N	N	N	N	N	N	N	N	N	N	N	N	0.0000	0.0000	0.0000	0.0000	0.0000	0.0000	0.0000	0.0000	0.0000	0.0000	0.0000	0.0000	0.0000	0.0000	0.0000	0.0000	0.0000	0.0000	0.0154	0.0000	0.0307	0.0000	0.0000	0.0000	0.0182	0.0000	0.0321		3001.5659	0.0000	0.0002	2.0000	0.0011	24.9502	1.0060	0.0000	0.0000	0.0000	0.0000	0.0000	0.0000	0.0000	0.0000	0.0000	0.0004	0.0000	0.0004	0.0000	0.0000	0.0000	0.0004	0.0000	0.0004	0.0000	0.0000	0.0000	0.0000	0.0000	0.0000	0.0000	0.0000	0.0000	0.0266	0.0132	0.0134	0.0041	0.0035	0.0006	0.0225	0.0097	0.0128
97	113	0.1036	10	2	0	1	0	0	0	1	0	0	0	0	0	0	0	0	0	0	0	Y	N	N	N	N	N	N	N	N	N	N	N	N	N	N	N	N	N	0.0000	0.0000	0.0000	0.0000	0.0000	0.0000	0.0000	0.0000	0.0000	0.0000	0.0000	0.0000	0.0000	0.0000	0.0000	0.0000	0.0000	0.0000	0.0022	0.0009	0.0034	0.0030	0.0035	0.0000	0.0020	0.0000	0.0036		3.7916	0.0000	0.0001	2.0000	0.0182	24.9502	4.6661	0.0000	0.0000	0.0000	0.0000	0.0000	0.0000	0.0000	0.0000	0.0000	0.0003	0.0001	0.0002	0.0001	0.0001	0.0000	0.0002	0.0000	0.0002	0.0003	0.0002	0.0000	0.0000	0.0000	0.0000	0.0003	0.0002	0.0000	0.1221	0.0607	0.0614	0.0187	0.0160	0.0027	0.1035	0.0447	0.0587
97	114	0.1036	9	2	0	1	0	0	0	1	0	0	0	0	0	0	0	0	0	0	0	Y	N	N	N	N	N	N	N	N	N	N	N	N	N	N	N	N	N	0.0000	0.0000	0.0000	0.0000	0.0000	0.0000	0.0000	0.0000	0.0000	0.0000	0.0000	0.0000	0.0000	0.0000	0.0000	0.0000	0.0000	0.0000	0.0000	0.0000	0.0000	0.0000	0.0000	0.0000	0.0000	0.0000	0.0000			0.0000	0.0000	2.0000	0.0004	24.9502	0.0007	0.0000	0.0000	0.0000	0.0000	0.0000	0.0000	0.0000	0.0000	0.0000	0.0000	0.0000	0.0000	0.0000	0.0000	0.0000	0.0000	0.0000	0.0000	0.0000	0.0000	0.0000	0.0000	0.0000	0.0000	0.0000	0.0000	0.0000	0.0000	0.0000	0.0000	0.0000	0.0000	0.0000	0.0000	0.0000	0.0000
97	115	0.1036	8	2	0	1	0	0	0	1	0	0	0	0	0	0	0	0	0	0	0	Y	N	N	N	N	N	N	N	N	N	N	N	N	N	N	N	N	N	0.0000	0.0000	0.0000	0.0000	0.0000	0.0000	0.0000	0.0000	0.0000	0.0000	0.0000	0.0000	0.0000	0.0000	0.0000	0.0000	0.0000	0.0000	0.0000	0.0000	0.0000	0.0000	0.0000	0.0000	0.0000	0.0000	0.0000			0.0000	0.0000	2.0000	0.0004	24.9502	0.0002	0.0000	0.0000	0.0000	0.0000	0.0000	0.0000	0.0000	0.0000	0.0000	0.0000	0.0000	0.0000	0.0000	0.0000	0.0000	0.0000	0.0000	0.0000	0.0000	0.0000	0.0000	0.0000	0.0000	0.0000	0.0000	0.0000	0.0000	0.0000	0.0000	0.0000	0.0000	0.0000	0.0000	0.0000	0.0000	0.0000
97	116	0.0832	7	2	0	1	0	0	0	1	0	0	0	0	0	0	0	0	0	0	0	Y	N	N	N	N	N	N	N	N	N	N	N	N	N	N	N	N	N	0.0000	0.0000	0.0000	0.0000	0.0000	0.0000	0.0000	0.0000	0.0000	0.0000	0.0000	0.0000	0.0000	0.0000	0.0000	0.0000	0.0000	0.0000	2.7050	0.0156	5.8318	0.0516	0.0482	0.0941	3.2851	0.0010	6.0014		321.1784	0.0000	0.4767	2.0000	0.0012	24.9502	12.6705	0.0000	0.0000	0.0000	0.0000	0.0000	0.0000	0.0000	0.0000	0.0000	1.0627	0.0033	1.0594	0.0036	0.0031	0.0005	1.0590	0.0001	1.0589	0.0000	0.0000	0.0000	0.0000	0.0000	0.0000	0.0000	0.0000	0.0000	0.3928	0.2112	0.1816	0.0705	0.0653	0.0052	0.3224	0.1459	0.1764
97	117	0.0784	6	2	0	1	0	0	0	1	0	0	0	0	0	0	0	0	0	0	0	Y	N	N	N	N	N	N	N	N	N	N	N	N	N	N	N	N	N	0.0000	0.0000	0.0000	0.0000	0.0000	0.0000	0.0000	0.0000	0.0000	0.0000	0.0000	0.0000	0.0000	0.0000	0.0000	0.0000	0.0000	0.0000	6.5613	0.0352	15.6616	0.0293	0.0287	0.0466	8.5368	0.0393	15.9915		318.9224	0.0000	0.4184	2.0000	0.0012	24.9502	3.6220	0.0000	0.0000	0.0000	0.0000	0.0000	0.0000	0.0000	0.0000	0.0000	0.9328	0.0029	0.9298	0.0010	0.0009	0.0001	0.9318	0.0020	0.9298	0.0000	0.0000	0.0000	0.0000	0.0000	0.0000	0.0000	0.0000	0.0000	0.1422	0.0828	0.0594	0.0330	0.0318	0.0012	0.1091	0.0510	0.0581
97	118	0.0749	5	2	0	1	0	1	0	1	0	0	0	0	0	0	0	0	0	0	0	Y	N	N	N	N	N	N	N	N	N	N	N	N	N	N	N	N	N	0.0000	0.0000	0.0000	0.0000	0.0000	0.0000	0.0000	0.0000	0.0000	0.0000	0.0000	0.0000	0.0000	0.0000	0.0000	0.0000	0.0000	0.0000	0.2605	0.1135	0.4762	0.2515	0.2550	0.0321	0.2638	0.0020	0.4809		2.8617	0.0000	0.0061	2.0000	0.0004	24.9502	2.6029	0.0000	0.0000	0.0000	0.0000	0.0000	0.0000	0.0000	0.0000	0.0000	0.0318	0.0082	0.0236	0.0082	0.0082	0.0000	0.0236	0.0001	0.0236	0.0000	0.0000	0.0000	0.0000	0.0000	0.0000	0.0000	0.0000	0.0000	0.1221	0.0726	0.0495	0.0325	0.0320	0.0005	0.0896	0.0406	0.0490
98	106	0.0955	15	2	0	1	1	0	0	0	1	0	0	1	1	0	0	0	0	0	0	Y	N	N	N	N	N	N	N	N	N	N	N	N	N	N	N	N	N	0.0000	0.0000	0.0000	0.0000	0.0000	0.0000	0.0000	0.0000	0.0000	0.0000	0.0000	0.0000	0.0000	0.0000	0.0000	0.0000	0.0000	0.0000	7.4059	13.8568	0.0000	0.0004	0.0004	0.0000	9.2136	20.1669	0.0000		0.0000	0.0000	-0.5481	2.9999	4.0001	3.9821	15.3361	0.0000	0.0000	0.0000	0.0000	0.0000	0.0000	0.0000	0.0000	0.0000	0.9998	0.9998	0.0000	0.0000	0.0000	0.0000	0.9998	0.9998	0.0000	0.0820	0.0706	0.0114	0.0008	0.0008	0.0000	0.0812	0.0698	0.0114	0.1350	0.0722	0.0628	0.0265	0.0226	0.0039	0.1085	0.0496	0.0589
98	107	0.1232	17	2	0	1	1	0	0	0	1	0	0	1	1	0	0	0	0	0	0	Y	N	N	N	N	N	N	N	N	N	N	N	N	N	N	N	N	N	2118.7521	1307.8033	0.0000	50702.1748	46642.1281	0.0000	0.0000	0.0000	0.0000	0.0019	0.0022	0.0000	0.1988	0.2120	0.0000	0.0000	0.0000	0.0000	0.0000	0.0000	0.0000	0.0000	0.0000	0.0000	0.0000	0.0000	0.0000	0.0000	0.0000	-0.0000	-0.0000	2.9999	1.0040	3.9821	14.1141	0.0000	0.0000	0.0000	0.0000	0.0000	0.0000	0.0000	0.0000	0.0000	0.0000	0.0000	0.0000	0.0000	0.0000	0.0000	0.0000	0.0000	0.0000	0.0210	0.0181	0.0029	0.0002	0.0002	0.0000	0.0208	0.0179	0.0029	0.1088	0.0577	0.0511	0.0249	0.0215	0.0034	0.0839	0.0362	0.0476
98	108	0.1154	16	2	0	1	1	1	0	1	1	0	0	1	1	0	0	0	0	0	0	Y	N	N	N	N	N	N	N	N	N	N	N	N	N	N	N	N	N	683.3987	0.0000	2395.0508	inf	0.0000	inf	567.5593	0.0000	2281.1706	0.0019	0.0000	0.0136	0.0000	0.0000	0.0001	0.0019	0.0000	0.0136	0.0000	0.0000	0.0000	0.0000	0.0000	0.0000	0.0000	0.0000	0.0000	inf	inf	0.0000	0.0000	2.9999	1.0065	3.9821	3.9764	0.0000	0.0000	0.0000	0.0000	0.0000	0.0000	0.0000	0.0000	0.0000	0.0000	0.0000	0.0000	0.0000	0.0000	0.0000	0.0000	0.0000	0.0000	0.0210	0.0180	0.0029	0.0002	0.0001	0.0000	0.0208	0.0179	0.0029	0.0350	0.0178	0.0172	0.0062	0.0053	0.0009	0.0289	0.0126	0.0163
98	112	0.0560	8	2	0	1	1	0	0	1	1	0	0	1	1	0	0	0	0	0	0	Y	N	N	N	N	N	N	N	N	N	N	N	N	N	N	N	N	N	0.0000	0.0000	0.0000	0.0000	0.0000	0.0000	0.0000	0.0000	0.0000	0.0000	0.0000	0.0000	0.0000	0.0000	0.0000	0.0000	0.0000	0.0000	0.0000	0.0000	0.0000	0.0000	0.0000	0.0000	0.0000	0.0000	0.0000			0.0000	0.0000	2.9999	3.0154	3.9821	11.4025	0.0000	0.0000	0.0000	0.0000	0.0000	0.0000	0.0000	0.0000	0.0000	0.0000	0.0000	0.0000	0.0000	0.0000	0.0000	0.0000	0.0000	0.0000	0.0626	0.0538	0.0088	0.0007	0.0007	0.0000	0.0619	0.0531	0.0087	0.1116	0.0569	0.0546	0.0173	0.0157	0.0017	0.0942	0.0413	0.0529
98	113	0.0486	7	2	0	0	1	0	0	0	1	0	0	1	1	0	0	0	0	0	0	Y	N	N	N	N	N	N	N	N	N	N	N	N	N	N	N	N	N	0.0000	0.0000	0.0000	0.0000	0.0000	0.0000	0.0000	0.0000	0.0000	0.0000	0.0000	0.0000	0.0000	0.0000	0.0000	0.0000	0.0000	0.0000	0.0000	0.0000	0.0000	0.0000	0.0000	0.0000	0.0000	0.0000	0.0000			0.0000	0.0000	2.9999	0.0182	3.9821	4.6661	0.0000	0.0000	0.0000	0.0000	0.0000	0.0000	0.0000	0.0000	0.0000	0.0000	0.0000	0.0000	0.0000	0.0000	0.0000	0.0000	0.0000	0.0000	0.0004	0.0003	0.0001	0.0000	0.0000	0.0000	0.0004	0.0003	0.0001	0.0330	0.0157	0.0174	0.0028	0.0023	0.0004	0.0303	0.0133	0.0169
98	114	0.0486	6	2	0	0	1	0	0	0	1	0	0	1	1	0	0	0	0	0	0	Y	N	N	N	N	N	N	N	N	N	N	N	N	N	N	N	N	N	0.0000	0.0000	0.0000	0.0000	0.0000	0.0000	0.0000	0.0000	0.0000	0.0000	0.0000	0.0000	0.0000	0.0000	0.0000	0.0000	0.0000	0.0000	0.0000	0.0000	0.0000	0.0000	0.0000	0.0000	0.0000	0.0000	0.0000			0.0000	0.0000	2.9999	0.0004	3.9821	0.0007	0.0000	0.0000	0.0000	0.0000	0.0000	0.0000	0.0000	0.0000	0.0000	0.0000	0.0000	0.0000	0.0000	0.0000	0.0000	0.0000	0.0000	0.0000	0.0000	0.0000	0.0000	0.0000	0.0000	0.0000	0.0000	0.0000	0.0000	0.0000	0.0000	0.0000	0.0000	0.0000	0.0000	0.0000	0.0000	0.0000
98	115	0.0486	5	2	0	0	1	0	0	0	1	0	0	1	1	0	0	0	0	0	0	Y	N	N	N	N	N	N	N	N	N	N	N	N	N	N	N	N	N	0.0000	0.0000	0.0000	0.0000	0.0000	0.0000	0.0000	0.0000	0.0000	0.0000	0.0000	0.0000	0.0000	0.0000	0.0000	0.0000	0.0000	0.0000	0.0000	0.0000	0.0000	0.0000	0.0000	0.0000	0.0000	0.0000	0.0000			0.0000	0.0000	2.9999	0.0004	3.9821	0.0002	0.0000	0.0000	0.0000	0.0000	0.0000	0.0000	0.0000	0.0000	0.0000	0.0000	0.0000	0.0000	0.0000	0.0000	0.0000	0.0000	0.0000	0.0000	0.0000	0.0000	0.0000	0.0000	0.0000	0.0000	0.0000	0.0000	0.0000	0.0000	0.0000	0.0000	0.0000	0.0000	0.0000	0.0000	0.0000	0.0000
98	119	0.1111	14	2	0	1	1	0	0	0	1	0	0	1	1	0	0	0	0	0	0	Y	N	N	N	N	N	N	N	N	N	N	N	N	N	N	N	N	N	0.0000	0.0000	0.0000	0.0000	0.0000	0.0000	0.0000	0.0000	0.0000	0.0000	0.0000	0.0000	0.0000	0.0000	0.0000	0.0000	0.0000	0.0000	0.0005	0.0010	0.0000	0.0025	0.0028	0.0000	0.0000	0.0000	0.0000		0.0013	0.0000	-0.0000	2.9999	6.0007	3.9821	19.0307	0.0000	0.0000	0.0000	0.0000	0.0000	0.0000	0.0000	0.0000	0.0000	0.0001	0.0001	0.0000	0.0001	0.0001	0.0000	0.0000	0.0000	0.0000	0.1221	0.1051	0.0170	0.0010	0.0010	0.0001	0.1211	0.1042	0.0169	0.1785	0.0933	0.0852	0.0364	0.0316	0.0047	0.1421	0.0616	0.0805
98	120	0.1077	13	2	0	1	1	0	0	1	1	0	0	1	1	0	0	0	0	0	0	Y	N	N	N	N	N	N	N	N	N	N	N	N	N	N	N	N	N	0.0000	0.0000	0.0000	0.0000	0.0000	0.0000	0.0000	0.0000	0.0000	0.0000	0.0000	0.0000	0.0000	0.0000	0.0000	0.0000	0.0000	0.0000	0.0118	0.0163	0.0064	0.0333	0.0361	0.0000	0.0039	0.0000	0.0067		0.3216	0.0000	-0.0001	2.9999	0.0034	3.9821	3.2312	0.0000	0.0000	0.0000	0.0000	0.0000	0.0000	0.0000	0.0000	0.0000	0.0004	0.0003	0.0001	0.0003	0.0003	0.0000	0.0001	0.0000	0.0001	0.0001	0.0001	0.0000	0.0000	0.0000	0.0000	0.0001	0.0001	0.0000	0.0312	0.0172	0.0141	0.0084	0.0077	0.0006	0.0228	0.0094	0.0134
98	121	0.1073	12	2	0	0	1	0	0	0	1	0	0	1	1	0	0	0	0	0	0	Y	N	N	N	N	N	N	N	N	N	N	N	N	N	N	N	N	N	0.0000	0.0000	0.0000	0.0000	0.0000	0.0000	0.0000	0.0000	0.0000	0.0000	0.0000	0.0000	0.0000	0.0000	0.0000	0.0000	0.0000	0.0000	0.0253	0.0195	0.0330	0.0307	0.0318	0.0000	0.0223	0.0000	0.0340		1.2728	0.0000	0.0000	2.9999	0.0000	3.9821	1.2022	0.0000	0.0000	0.0000	0.0000	0.0000	0.0000	0.0000	0.0000	0.0000	0.0005	0.0002	0.0003	0.0002	0.0002	0.0000	0.0003	0.0000	0.0003	0.0000	0.0000	0.0000	0.0000	0.0000	0.0000	0.0000	0.0000	0.0000	0.0197	0.0112	0.0084	0.0071	0.0069	0.0002	0.0125	0.0043	0.0082
98	122	0.0860	11	2	0	0	1	1	0	0	1	0	0	1	1	0	0	0	0	0	0	Y	N	N	N	N	N	N	N	N	N	N	N	N	N	N	N	N	N	0.0000	0.0000	0.0000	0.0000	0.0000	0.0000	0.0000	0.0000	0.0000	0.0000	0.0000	0.0000	0.0000	0.0000	0.0000	0.0000	0.0000	0.0000	0.0021	0.0000	0.0047	0.0000	0.0000	0.0000	0.0026	0.0000	0.0049		inf	0.0000	0.0001	2.9999	0.0041	3.9821	12.5856	0.0000	0.0000	0.0000	0.0000	0.0000	0.0000	0.0000	0.0000	0.0000	0.0002	0.0000	0.0002	0.0000	0.0000	0.0000	0.0002	0.0000	0.0002	0.0002	0.0001	0.0000	0.0000	0.0000	0.0000	0.0001	0.0001	0.0000	0.1064	0.0597	0.0467	0.0235	0.0213	0.0023	0.0829	0.0385	0.0445
98	126	0.1210	17	1	0	1	1	0	0	0	1	1	0	2	1	0	0	0	0	0	0	N	N	N	N	Y	N	N	N	N	N	N	N	N	N	N	N	N	N	0.0000	0.0000	0.0000	0.0000	0.0000	0.0000	0.0000	0.0000	0.0000	0.0000	0.0000	0.0000	0.0000	0.0000	0.0000	0.0000	0.0000	0.0000	0.0000	0.0000	0.0000	0.0000	0.0000	0.0000	0.0000	0.0000	0.0000		0.0000	0.0000	-0.0000	2.9999	0.0003	3.9821	3.0192	0.0000	0.0000	0.0000	0.0000	0.0000	0.0000	0.0000	0.0000	0.0000	0.0000	0.0000	0.0000	0.0000	0.0000	0.0000	0.0000	0.0000	0.0000	0.0000	0.0000	0.0000	0.0000	0.0000	0.0000	0.0000	0.0000	0.0000	0.0215	0.0115	0.0101	0.0050	0.0041	0.0009	0.0165	0.0073	0.0092
98	131	0.1272	19	2	0	1	1	0	0	0	1	0	0	1	1	0	0	0	0	0	0	Y	N	N	N	N	N	N	N	N	N	N	N	N	N	N	N	N	N	inf	inf	0.0000	inf	inf	0.0000	inf	inf	0.0000	0.0404	0.0470	0.0000	0.0109	0.0114	0.0000	0.0417	0.0488	0.0000	0.0000	0.0000	0.0000	0.0000	0.0000	0.0000	0.0000	0.0000	0.0000	0.0000		-0.0005	0.0000	2.9999	1.0211	3.9821	9.0731	0.0009	0.0009	0.0000	0.0000	0.0000	0.0000	0.0009	0.0009	0.0000	0.0000	0.0000	0.0000	0.0000	0.0000	0.0000	0.0000	0.0000	0.0000	0.0220	0.0189	0.0031	0.0009	0.0009	0.0000	0.0211	0.0180	0.0031	0.0708	0.0381	0.0327	0.0179	0.0150	0.0029	0.0529	0.0232	0.0298
98	132	0.1480	19	1	0	0	1	0	0	0	1	0	1	1	2	0	0	0	0	0	0	N	N	N	N	N	Y	N	N	N	N	N	N	N	N	N	N	N	N	0.0000	0.0000	0.0000	0.0000	0.0000	0.0000	0.0000	0.0000	0.0000	0.0000	0.0000	0.0000	0.0000	0.0000	0.0000	0.0000	0.0000	0.0000	0.0000	0.0000	0.0000	0.0000	0.0000	0.0000	0.0000	0.0000	0.0000			0.0000	0.0000	2.9999	0.0075	3.9821	1.9743	0.0000	0.0000	0.0000	0.0000	0.0000	0.0000	0.0000	0.0000	0.0000	0.0000	0.0000	0.0000	0.0000	0.0000	0.0000	0.0000	0.0000	0.0000	0.0004	0.0004	0.0001	0.0001	0.0001	0.0000	0.0003	0.0002	0.0001	0.0142	0.0075	0.0067	0.0034	0.0028	0.0006	0.0107	0.0047	0.0061
98	134	0.1428	17	1	0	0	1	0	0	0	1	0	1	1	2	0	0	0	0	0	0	N	N	N	N	N	Y	N	N	N	N	N	N	N	N	N	N	N	N	0.0000	0.0000	0.0000	0.0000	0.0000	0.0000	0.0000	0.0000	0.0000	0.0000	0.0000	0.0000	0.0000	0.0000	0.0000	0.0000	0.0000	0.0000	0.0000	0.0000	0.0000	0.0000	0.0000	0.0000	0.0000	0.0000	0.0000			0.0000	0.0000	2.9999	2.0569	3.9821	5.7592	0.0000	0.0000	0.0000	0.0000	0.0000	0.0000	0.0000	0.0000	0.0000	0.0000	0.0000	0.0000	0.0000	0.0000	0.0000	0.0000	0.0000	0.0000	0.0451	0.0390	0.0061	0.0023	0.0022	0.0001	0.0428	0.0367	0.0061	0.0594	0.0327	0.0267	0.0150	0.0129	0.0021	0.0444	0.0198	0.0246
98	135	0.1444	18	1	0	0	1	0	0	0	1	0	1	1	2	0	0	0	0	0	0	N	N	N	N	N	Y	N	N	N	N	N	N	N	N	N	N	N	N	0.0000	0.0000	0.0000	0.0000	0.0000	0.0000	0.0000	0.0000	0.0000	0.0000	0.0000	0.0000	0.0000	0.0000	0.0000	0.0000	0.0000	0.0000	0.0000	0.0000	0.0000	0.0000	0.0000	0.0000	0.0000	0.0000	0.0000			0.0000	0.0000	2.9999	1.0111	3.9821	8.8059	0.0000	0.0000	0.0000	0.0000	0.0000	0.0000	0.0000	0.0000	0.0000	0.0000	0.0000	0.0000	0.0000	0.0000	0.0000	0.0000	0.0000	0.0000	0.0214	0.0185	0.0030	0.0009	0.0008	0.0000	0.0205	0.0176	0.0029	0.0719	0.0392	0.0327	0.0178	0.0152	0.0027	0.0541	0.0241	0.0300
98	138	0.1211	16	2	0	1	1	0	0	0	1	0	0	2	1	0	0	0	0	0	0	Y	N	N	N	Y	N	N	N	N	N	N	N	N	N	N	N	N	N	0.0000	0.0000	0.0000	0.0000	0.0000	0.0000	0.0000	0.0000	0.0000	0.0000	0.0000	0.0000	0.0000	0.0000	0.0000	0.0000	0.0000	0.0000	0.0000	0.0000	0.0000	0.0000	0.0000	0.0000	0.0000	0.0000	0.0000		inf	0.0000	0.0000	2.9999	0.0010	3.9821	4.0030	0.0000	0.0000	0.0000	0.0000	0.0000	0.0000	0.0000	0.0000	0.0000	0.0000	0.0000	0.0000	0.0000	0.0000	0.0000	0.0000	0.0000	0.0000	0.0001	0.0000	0.0000	0.0000	0.0000	0.0000	0.0000	0.0000	0.0000	0.0299	0.0165	0.0135	0.0075	0.0064	0.0011	0.0225	0.0101	0.0123
98	139	0.0955	15	2	0	1	1	0	0	0	1	1	0	2	1	0	0	0	0	0	0	Y	N	N	N	Y	N	N	N	N	N	N	N	N	N	N	N	N	N	0.0000	0.0000	0.0000	0.0000	0.0000	0.0000	0.0000	0.0000	0.0000	0.0000	0.0000	0.0000	0.0000	0.0000	0.0000	0.0000	0.0000	0.0000	0.0006	0.0010	0.0000	0.0027	0.0032	0.0000	0.0000	0.0000	0.0000		0.0000	0.0000	-0.0000	2.9999	2.9989	3.9821	12.3267	0.0000	0.0000	0.0000	0.0000	0.0000	0.0000	0.0000	0.0000	0.0000	0.0001	0.0001	0.0000	0.0001	0.0001	0.0000	0.0000	0.0000	0.0000	0.0617	0.0531	0.0086	0.0006	0.0006	0.0000	0.0611	0.0525	0.0086	0.1101	0.0594	0.0507	0.0222	0.0190	0.0031	0.0879	0.0404	0.0475
98	140	0.0947	14	2	0	1	1	1	0	1	1	0	0	1	1	0	0	0	0	0	0	Y	N	N	N	N	N	N	N	N	N	N	N	N	N	N	N	N	N	0.0000	0.0000	0.0000	0.0000	0.0000	0.0000	0.0000	0.0000	0.0000	0.0000	0.0000	0.0000	0.0000	0.0000	0.0000	0.0000	0.0000	0.0000	0.0080	0.0137	0.0000	0.0000	0.0000	0.0000	0.0107	0.0224	0.0000		0.0011	0.0000	-0.0000	2.9999	0.0011	3.9821	0.8290	0.0000	0.0000	0.0000	0.0000	0.0000	0.0000	0.0000	0.0000	0.0000	0.0001	0.0001	0.0000	0.0000	0.0000	0.0000	0.0001	0.0001	0.0000	0.0000	0.0000	0.0000	0.0000	0.0000	0.0000	0.0000	0.0000	0.0000	0.0075	0.0044	0.0031	0.0019	0.0017	0.0002	0.0056	0.0027	0.0029
98	141	0.1178	16	2	0	1	1	0	0	0	1	0	0	1	1	0	0	0	0	0	0	Y	N	N	N	N	N	N	N	N	N	N	N	N	N	N	N	N	N	0.0000	0.0000	0.0000	0.0000	0.0000	0.0000	0.0000	0.0000	0.0000	0.0000	0.0000	0.0000	0.0000	0.0000	0.0000	0.0000	0.0000	0.0000	0.0000	0.0000	0.0000	0.0000	0.0000	0.0000	0.0000	0.0000	0.0000		6.8782	0.0000	0.0000	2.9999	0.0243	3.9821	8.8037	0.0000	0.0000	0.0000	0.0000	0.0000	0.0000	0.0000	0.0000	0.0000	0.0000	0.0000	0.0000	0.0000	0.0000	0.0000	0.0000	0.0000	0.0000	0.0010	0.0009	0.0001	0.0002	0.0002	0.0000	0.0007	0.0006	0.0001	0.0619	0.0332	0.0287	0.0146	0.0125	0.0021	0.0473	0.0207	0.0265
98	142	0.1012	15	2	0	1	1	1	0	1	1	0	0	1	1	0	0	0	0	0	0	Y	N	N	N	N	N	N	N	N	N	N	N	N	N	N	N	N	N	0.0000	0.0000	0.0000	0.0000	0.0000	0.0000	0.0000	0.0000	0.0000	0.0000	0.0000	0.0000	0.0000	0.0000	0.0000	0.0000	0.0000	0.0000	0.0007	0.0000	0.0015	0.0000	0.0001	0.0000	0.0009	0.0000	0.0016		68.2447	0.0000	0.0000	2.9999	4.9785	3.9821	5.0554	0.0000	0.0000	0.0000	0.0000	0.0000	0.0000	0.0000	0.0000	0.0000	0.0001	0.0000	0.0001	0.0000	0.0000	0.0000	0.0001	0.0000	0.0001	0.1018	0.0876	0.0142	0.0010	0.0010	0.0001	0.1008	0.0866	0.0141	0.0730	0.0383	0.0347	0.0156	0.0133	0.0023	0.0574	0.0250	0.0323
98	143	0.1403	20	2	0	1	1	0	0	0	1	0	0	2	1	0	0	0	0	0	0	Y	N	N	N	Y	N	N	N	N	N	N	N	N	N	N	N	N	N	0.0000	0.0000	0.0000	0.0000	0.0000	0.0000	0.0000	0.0000	0.0000	0.0000	0.0000	0.0000	0.0000	0.0000	0.0000	0.0000	0.0000	0.0000	0.0000	0.0000	0.0000	0.0000	0.0000	0.0000	0.0000	0.0000	0.0000			0.0000	0.0000	2.9999	0.0000	3.9821	3.0055	0.0000	0.0000	0.0000	0.0000	0.0000	0.0000	0.0000	0.0000	0.0000	0.0000	0.0000	0.0000	0.0000	0.0000	0.0000	0.0000	0.0000	0.0000	0.0000	0.0000	0.0000	0.0000	0.0000	0.0000	0.0000	0.0000	0.0000	0.0207	0.0115	0.0092	0.0054	0.0045	0.0009	0.0152	0.0069	0.0083
98	144	0.1272	19	2	0	1	1	0	0	0	1	1	0	2	1	0	0	0	0	0	0	Y	N	N	N	Y	N	N	N	N	N	N	N	N	N	N	N	N	N	inf	inf	0.0000	inf	inf	0.0000	inf	inf	0.0000	0.0209	0.0243	0.0000	0.0071	0.0075	0.0000	0.0214	0.0249	0.0000	0.0000	0.0000	0.0000	0.0000	0.0000	0.0000	0.0000	0.0000	0.0000	0.0000		-0.0005	0.0000	2.9999	2.0192	3.9821	6.0784	0.0009	0.0009	0.0000	0.0000	0.0000	0.0000	0.0009	0.0009	0.0000	0.0000	0.0000	0.0000	0.0000	0.0000	0.0000	0.0000	0.0000	0.0000	0.0426	0.0367	0.0059	0.0014	0.0013	0.0001	0.0412	0.0353	0.0059	0.0579	0.0312	0.0267	0.0148	0.0125	0.0024	0.0431	0.0187	0.0244
98	145	0.1225	18	2	0	1	1	1	0	0	1	0	0	1	1	0	0	0	0	0	0	Y	N	N	N	N	N	N	N	N	N	N	N	N	N	N	N	N	N	inf	inf	0.0000	inf	inf	0.0000	inf	inf	0.0000	24.3549	28.2891	0.0000	0.0444	0.0472	0.0000	24.7612	28.8058	0.0000	0.0000	0.0000	0.0000	0.0000	0.0000	0.0000	0.0000	0.0000	0.0000	0.0000		-0.5826	0.0000	2.9999	1.9811	3.9821	0.9869	0.9991	0.9991	0.0000	0.0000	0.0000	0.0000	0.9991	0.9991	0.0000	0.0000	0.0000	0.0000	0.0000	0.0000	0.0000	0.0000	0.0000	0.0000	0.0410	0.0353	0.0057	0.0007	0.0006	0.0000	0.0403	0.0347	0.0057	0.0205	0.0108	0.0097	0.0048	0.0039	0.0009	0.0158	0.0070	0.0088
99	106	0.0844	14	2	0	1	0	0	0	0	0	0	0	1	1	0	0	0	0	0	0	Y	N	N	N	N	N	N	N	N	N	N	N	N	N	N	N	N	N	0.0000	0.0000	0.0000	0.0000	0.0000	0.0000	0.0000	0.0000	0.0000	0.0000	0.0000	0.0000	0.0000	0.0000	0.0000	0.0000	0.0000	0.0000	0.0040	0.0073	0.0000	0.0000	0.0000	0.0000	0.0050	0.0110	0.0000		0.0028	-0.0000	-0.0001	0.0003	4.0001	2.0601	15.3361	0.0000	0.0000	0.0000	0.0000	0.0000	0.0000	0.0000	0.0000	0.0000	0.0002	0.0002	0.0000	0.0000	0.0000	0.0000	0.0002	0.0002	0.0000	0.0000	0.0000	0.0000	0.0000	0.0000	0.0000	0.0000	0.0000	0.0000	0.0430	0.0234	0.0196	0.0092	0.0080	0.0012	0.0339	0.0154	0.0185
99	107	0.1121	16	2	0	1	0	0	0	0	0	0	0	1	1	0	0	0	0	0	0	Y	N	N	N	N	N	N	N	N	N	N	N	N	N	N	N	N	N	14715.1037	8946.3577	3089.1812	14338.1277	13532.6323	inf	0.0000	0.0000	0.0000	8.3204	9.3361	0.0153	33.1847	35.6510	0.0894	0.0000	0.0000	0.0000	0.0006	0.0010	0.0000	0.0023	0.0026	0.0000	0.0000	0.0000	0.0000	0.0002	0.0040	-0.0000	-0.0000	0.0003	1.0040	2.0601	14.1141	0.0000	0.0000	0.0000	0.0000	0.0000	0.0000	0.0000	0.0000	0.0000	0.0000	0.0000	0.0000	0.0000	0.0000	0.0000	0.0000	0.0000	0.0000	0.0000	0.0000	0.0000	0.0000	0.0000	0.0000	0.0000	0.0000	0.0000	0.0346	0.0187	0.0159	0.0084	0.0074	0.0010	0.0262	0.0113	0.0149
99	108	0.1042	15	2	0	1	0	1	0	1	0	0	0	1	1	0	0	0	0	0	0	Y	N	N	N	N	N	N	N	N	N	N	N	N	N	N	N	N	N	24.1928	871.3847	0.0000	654.6751	612.7249	0.0000	11.9042	inf	0.0000	0.0211	0.0233	0.0000	0.0470	0.0501	0.0000	0.0126	0.0141	0.0000	0.0009	0.0000	0.0018	0.0001	0.0001	0.0000	0.0011	0.0000	0.0019	0.0108	61.6123	-0.0000	0.0000	0.0003	1.0065	2.0601	3.9764	0.0000	0.0000	0.0000	0.0000	0.0000	0.0000	0.0000	0.0000	0.0000	0.0000	0.0000	0.0000	0.0000	0.0000	0.0000	0.0000	0.0000	0.0000	0.0000	0.0000	0.0000	0.0000	0.0000	0.0000	0.0000	0.0000	0.0000	0.0112	0.0058	0.0054	0.0022	0.0019	0.0003	0.0090	0.0039	0.0051
99	112	0.0448	7	2	0	1	0	0	0	1	0	0	0	1	1	0	0	0	0	0	0	Y	N	N	N	N	N	N	N	N	N	N	N	N	N	N	N	N	N	2306783.3045	0.0000	inf	0.0000	0.0000	0.0000	inf	0.0000	inf	3.1495	0.0000	27.8142	0.0000	0.0000	0.0000	3.8185	0.0000	27.8917	0.0000	0.0000	0.0000	0.0000	0.0000	0.0000	0.0000	0.0000	0.0000	inf	0.0042	0.0000	-0.0000	0.0003	3.0154	2.0601	11.4025	0.0000	0.0000	0.0000	0.0000	0.0000	0.0000	0.0000	0.0000	0.0000	0.0000	0.0000	0.0000	0.0000	0.0000	0.0000	0.0000	0.0000	0.0000	0.0000	0.0000	0.0000	0.0000	0.0000	0.0000	0.0000	0.0000	0.0000	0.0354	0.0184	0.0170	0.0061	0.0056	0.0005	0.0293	0.0128	0.0165
99	113	0.0374	6	2	0	0	0	0	0	0	0	0	0	1	1	0	0	0	0	0	0	Y	N	N	N	N	N	N	N	N	N	N	N	N	N	N	N	N	N	49942.6755	inf	90599.3048	inf	inf	0.0000	43837.5259	0.0000	88632.7321	0.2287	0.0782	0.8055	0.2427	0.2430	0.0000	0.2239	0.0000	0.8064	0.0000	0.0000	0.0000	0.0000	0.0000	0.0000	0.0000	0.0000	0.0000	2.6882	inf	0.0000	0.0000	0.0003	0.0182	2.0601	4.6661	0.0000	0.0000	0.0000	0.0000	0.0000	0.0000	0.0000	0.0000	0.0000	0.0000	0.0000	0.0000	0.0000	0.0000	0.0000	0.0000	0.0000	0.0000	0.0000	0.0000	0.0000	0.0000	0.0000	0.0000	0.0000	0.0000	0.0000	0.0105	0.0051	0.0054	0.0011	0.0010	0.0001	0.0094	0.0041	0.0053
99	114	0.0374	5	2	0	0	0	0	0	0	0	0	0	1	1	0	0	0	0	0	0	Y	N	N	N	N	N	N	N	N	N	N	N	N	N	N	N	N	N	inf	inf	inf	inf	inf	0.0000	inf	0.0000	inf	0.4528	0.4195	0.4918	0.4712	0.4712	0.0000	0.4357	0.0000	0.4918	0.0000	0.0000	0.0000	0.0000	0.0000	0.0000	0.0000	0.0000	0.0000	1.0000		-0.0000	0.0000	0.0003	0.0004	2.0601	0.0007	0.0000	0.0000	0.0000	0.0000	0.0000	0.0000	0.0000	0.0000	0.0000	0.0000	0.0000	0.0000	0.0000	0.0000	0.0000	0.0000	0.0000	0.0000	0.0000	0.0000	0.0000	0.0000	0.0000	0.0000	0.0000	0.0000	0.0000	0.0000	0.0000	0.0000	0.0000	0.0000	0.0000	0.0000	0.0000	0.0000
99	115	0.0374	4	2	0	0	0	0	0	0	0	0	0	1	1	0	0	0	0	0	0	Y	N	N	N	N	N	N	N	N	N	N	N	N	N	N	N	N	N	inf	inf	inf	inf	inf	0.0000	inf	0.0000	inf	0.4528	0.4195	0.4918	0.4712	0.4712	0.0000	0.4357	0.0000	0.4918	0.0000	0.0000	0.0000	0.0000	0.0000	0.0000	0.0000	0.0000	0.0000	1.0000		-0.0000	0.0000	0.0003	0.0004	2.0601	0.0002	0.0000	0.0000	0.0000	0.0000	0.0000	0.0000	0.0000	0.0000	0.0000	0.0000	0.0000	0.0000	0.0000	0.0000	0.0000	0.0000	0.0000	0.0000	0.0000	0.0000	0.0000	0.0000	0.0000	0.0000	0.0000	0.0000	0.0000	0.0000	0.0000	0.0000	0.0000	0.0000	0.0000	0.0000	0.0000	0.0000
99	119	0.1000	13	2	0	1	0	0	0	0	0	0	0	1	1	0	0	0	0	0	0	Y	N	N	N	N	N	N	N	N	N	N	N	N	N	N	N	N	N	761.4158	0.0000	3500.7255	0.0000	0.0000	0.0000	782.6873	0.0000	3325.3848	1.6121	0.0000	14.5210	0.0000	0.0000	0.0000	1.9509	0.0000	14.5662	0.0021	0.0003	0.0041	0.0008	0.0009	0.0000	0.0025	0.0000	0.0044	inf	11.1066	0.0000	0.0000	0.0003	6.0007	2.0601	19.0307	0.0000	0.0000	0.0000	0.0000	0.0000	0.0000	0.0000	0.0000	0.0000	0.0001	0.0000	0.0001	0.0000	0.0000	0.0000	0.0001	0.0000	0.0001	0.0000	0.0000	0.0000	0.0000	0.0000	0.0000	0.0000	0.0000	0.0000	0.0571	0.0303	0.0267	0.0126	0.0112	0.0014	0.0445	0.0192	0.0253
99	120	0.0965	12	2	0	1	0	0	0	1	0	0	0	1	1	0	0	0	0	0	0	Y	N	N	N	N	N	N	N	N	N	N	N	N	N	N	N	N	N	22.9194	0.0000	96.9614	0.0000	0.0000	0.0000	21.1532	0.0000	92.9421	0.7257	0.0000	6.5214	0.0000	0.0000	0.0000	0.8761	0.0000	6.5417	0.0317	0.0032	0.0673	0.0064	0.0068	0.0000	0.0414	0.0000	0.0704	inf	16.8904	0.0000	0.0001	0.0003	0.0034	2.0601	3.2312	0.0000	0.0000	0.0000	0.0000	0.0000	0.0000	0.0000	0.0000	0.0000	0.0003	0.0000	0.0003	0.0000	0.0000	0.0000	0.0003	0.0000	0.0003	0.0000	0.0000	0.0000	0.0000	0.0000	0.0000	0.0000	0.0000	0.0000	0.0098	0.0055	0.0044	0.0027	0.0025	0.0002	0.0071	0.0029	0.0042
99	121	0.0962	11	2	0	0	0	0	0	0	0	0	0	1	1	0	0	0	0	0	0	Y	N	N	N	N	N	N	N	N	N	N	N	N	N	N	N	N	N	0.0000	0.0000	0.0000	0.0000	0.0000	0.0000	0.0000	0.0000	0.0000	0.0000	0.0000	0.0000	0.0000	0.0000	0.0000	0.0000	0.0000	0.0000	0.0012	0.0009	0.0015	0.0015	0.0015	0.0000	0.0010	0.0000	0.0016		1.2233	0.0000	0.0000	0.0003	0.0000	2.0601	1.2022	0.0000	0.0000	0.0000	0.0000	0.0000	0.0000	0.0000	0.0000	0.0000	0.0000	0.0000	0.0000	0.0000	0.0000	0.0000	0.0000	0.0000	0.0000	0.0000	0.0000	0.0000	0.0000	0.0000	0.0000	0.0000	0.0000	0.0000	0.0061	0.0035	0.0026	0.0022	0.0021	0.0001	0.0038	0.0013	0.0025
99	122	0.0749	10	2	0	0	0	1	0	0	0	0	0	1	1	0	0	0	0	0	0	Y	N	N	N	N	N	N	N	N	N	N	N	N	N	N	N	N	N	0.0000	0.0000	0.0000	0.0000	0.0000	0.0000	0.0000	0.0000	0.0000	0.0000	0.0000	0.0000	0.0000	0.0000	0.0000	0.0000	0.0000	0.0000	0.0005	0.0005	0.0005	0.0013	0.0014	0.0000	0.0003	0.0000	0.0005		0.6405	0.0000	-0.0000	0.0003	0.0041	2.0601	12.5856	0.0000	0.0000	0.0000	0.0000	0.0000	0.0000	0.0000	0.0000	0.0000	0.0000	0.0000	0.0000	0.0000	0.0000	0.0000	0.0000	0.0000	0.0000	0.0000	0.0000	0.0000	0.0000	0.0000	0.0000	0.0000	0.0000	0.0000	0.0336	0.0191	0.0145	0.0079	0.0072	0.0007	0.0258	0.0119	0.0139
99	126	0.1098	16	1	0	1	0	0	0	0	0	1	0	2	1	0	0	0	0	0	0	N	N	N	N	Y	N	N	N	N	N	N	N	N	N	N	N	N	N	0.0000	0.0000	0.0000	0.0000	0.0000	0.0000	0.0000	0.0000	0.0000	0.0000	0.0000	0.0000	0.0000	0.0000	0.0000	0.0000	0.0000	0.0000	0.0000	0.0000	0.0000	0.0000	0.0000	0.0000	0.0000	0.0000	0.0000		15.7532	0.0000	0.0000	0.0003	0.0003	2.0601	3.0192	0.0000	0.0000	0.0000	0.0000	0.0000	0.0000	0.0000	0.0000	0.0000	0.0000	0.0000	0.0000	0.0000	0.0000	0.0000	0.0000	0.0000	0.0000	0.0000	0.0000	0.0000	0.0000	0.0000	0.0000	0.0000	0.0000	0.0000	0.0069	0.0037	0.0031	0.0017	0.0014	0.0003	0.0052	0.0023	0.0029
99	131	0.1161	18	2	0	1	0	0	0	0	0	0	0	1	1	0	0	0	0	0	0	Y	N	N	N	N	N	N	N	N	N	N	N	N	N	N	N	N	N	2.7333	22.7485	0.0000	18.0685	17.1123	0.0000	0.7990	inf	0.0000	0.0482	0.0549	0.0000	0.0896	0.0993	0.0000	0.0178	0.0207	0.0000	0.0176	0.0024	0.0360	0.0050	0.0058	0.0000	0.0222	0.0000	0.0394	0.0000	12.3501	-0.0000	0.0002	0.0003	1.0211	2.0601	9.0731	0.0000	0.0000	0.0000	0.0000	0.0000	0.0000	0.0000	0.0000	0.0000	0.0004	0.0000	0.0004	0.0000	0.0000	0.0000	0.0004	0.0000	0.0004	0.0000	0.0000	0.0000	0.0000	0.0000	0.0000	0.0000	0.0000	0.0000	0.0226	0.0124	0.0102	0.0060	0.0051	0.0009	0.0166	0.0072	0.0094
99	132	0.1369	18	1	0	0	0	0	0	0	0	0	1	1	2	0	0	0	0	0	0	N	N	N	N	N	Y	N	N	N	N	N	N	N	N	N	N	N	N	0.0000	0.0000	0.0000	0.0000	0.0000	0.0000	0.0000	0.0000	0.0000	0.0000	0.0000	0.0000	0.0000	0.0000	0.0000	0.0000	0.0000	0.0000	0.0000	0.0000	0.0000	0.0000	0.0000	0.0000	0.0000	0.0000	0.0000			0.0000	0.0000	0.0003	0.0075	2.0601	1.9743	0.0000	0.0000	0.0000	0.0000	0.0000	0.0000	0.0000	0.0000	0.0000	0.0000	0.0000	0.0000	0.0000	0.0000	0.0000	0.0000	0.0000	0.0000	0.0000	0.0000	0.0000	0.0000	0.0000	0.0000	0.0000	0.0000	0.0000	0.0044	0.0024	0.0020	0.0011	0.0009	0.0002	0.0033	0.0015	0.0018
99	134	0.1317	16	1	0	0	0	0	0	0	0	0	1	1	2	0	0	0	0	0	0	N	N	N	N	N	Y	N	N	N	N	N	N	N	N	N	N	N	N	0.0000	0.0000	0.0000	0.0000	0.0000	0.0000	0.0000	0.0000	0.0000	0.0000	0.0000	0.0000	0.0000	0.0000	0.0000	0.0000	0.0000	0.0000	0.0000	0.0000	0.0000	0.0000	0.0000	0.0000	0.0000	0.0000	0.0000		0.0000	0.0000	-0.0000	0.0003	2.0569	2.0601	5.7592	0.0000	0.0000	0.0000	0.0000	0.0000	0.0000	0.0000	0.0000	0.0000	0.0000	0.0000	0.0000	0.0000	0.0000	0.0000	0.0000	0.0000	0.0000	0.0000	0.0000	0.0000	0.0000	0.0000	0.0000	0.0000	0.0000	0.0000	0.0184	0.0103	0.0081	0.0048	0.0042	0.0006	0.0136	0.0062	0.0074
99	135	0.1332	17	1	0	0	0	0	0	0	0	0	1	1	2	0	0	0	0	0	0	N	N	N	N	N	Y	N	N	N	N	N	N	N	N	N	N	N	N	0.0000	0.0000	0.0000	0.0000	0.0000	0.0000	0.0000	0.0000	0.0000	0.0000	0.0000	0.0000	0.0000	0.0000	0.0000	0.0000	0.0000	0.0000	0.0000	0.0000	0.0000	0.0000	0.0000	0.0000	0.0000	0.0000	0.0000		0.0000	0.0000	-0.0000	0.0003	1.0111	2.0601	8.8059	0.0000	0.0000	0.0000	0.0000	0.0000	0.0000	0.0000	0.0000	0.0000	0.0000	0.0000	0.0000	0.0000	0.0000	0.0000	0.0000	0.0000	0.0000	0.0000	0.0000	0.0000	0.0000	0.0000	0.0000	0.0000	0.0000	0.0000	0.0223	0.0124	0.0099	0.0058	0.0049	0.0008	0.0166	0.0075	0.0091
99	138	0.1099	15	2	0	1	0	0	0	0	0	0	0	2	1	0	0	0	0	0	0	Y	N	N	N	Y	N	N	N	N	N	N	N	N	N	N	N	N	N	0.0000	0.0000	0.0000	0.0000	0.0000	0.0000	0.0000	0.0000	0.0000	0.0000	0.0000	0.0000	0.0000	0.0000	0.0000	0.0000	0.0000	0.0000	0.0078	0.0001	0.0174	0.0002	0.0002	0.0000	0.0105	0.0000	0.0188		138.0569	-0.0000	0.0000	0.0003	0.0010	2.0601	4.0030	0.0000	0.0000	0.0000	0.0000	0.0000	0.0000	0.0000	0.0000	0.0000	0.0001	0.0000	0.0001	0.0000	0.0000	0.0000	0.0001	0.0000	0.0001	0.0000	0.0000	0.0000	0.0000	0.0000	0.0000	0.0000	0.0000	0.0000	0.0098	0.0055	0.0044	0.0026	0.0023	0.0003	0.0072	0.0032	0.0040
99	139	0.0844	14	2	0	1	0	0	0	0	0	1	0	2	1	0	0	0	0	0	0	Y	N	N	N	Y	N	N	N	N	N	N	N	N	N	N	N	N	N	1309.6890	812.5085	0.0000	0.0000	0.0000	0.0000	195927.0052	inf	0.0000	3.2021	3.6010	0.0000	0.0000	0.0000	0.0000	3.8741	4.4706	0.0000	0.0024	0.0044	0.0000	0.0112	0.0128	0.0000	0.0000	0.0000	0.0000	0.0000	0.0064	-0.0000	-0.0000	0.0003	2.9989	2.0601	12.3267	0.0000	0.0000	0.0000	0.0000	0.0000	0.0000	0.0000	0.0000	0.0000	0.0001	0.0001	0.0000	0.0001	0.0001	0.0000	0.0000	0.0000	0.0000	0.0000	0.0000	0.0000	0.0000	0.0000	0.0000	0.0000	0.0000	0.0000	0.0350	0.0192	0.0158	0.0076	0.0067	0.0009	0.0274	0.0125	0.0149
99	140	0.0836	13	2	0	1	0	1	0	1	0	0	0	1	1	0	0	0	0	0	0	Y	N	N	N	N	N	N	N	N	N	N	N	N	N	N	N	N	N	0.0000	0.0000	0.0000	0.0000	0.0000	0.0000	0.0000	0.0000	0.0000	0.0000	0.0000	0.0000	0.0000	0.0000	0.0000	0.0000	0.0000	0.0000	0.0004	0.0004	0.0005	0.0008	0.0009	0.0000	0.0003	0.0000	0.0005		0.8381	-0.0000	-0.0000	0.0003	0.0011	2.0601	0.8290	0.0000	0.0000	0.0000	0.0000	0.0000	0.0000	0.0000	0.0000	0.0000	0.0000	0.0000	0.0000	0.0000	0.0000	0.0000	0.0000	0.0000	0.0000	0.0000	0.0000	0.0000	0.0000	0.0000	0.0000	0.0000	0.0000	0.0000	0.0024	0.0014	0.0010	0.0006	0.0006	0.0001	0.0017	0.0008	0.0009
99	141	0.1067	15	2	0	1	0	0	0	0	0	0	0	1	1	0	0	0	0	0	0	Y	N	N	N	N	N	N	N	N	N	N	N	N	N	N	N	N	N	0.0000	0.0000	0.0000	0.0000	0.0000	0.0000	0.0000	0.0000	0.0000	0.0000	0.0000	0.0000	0.0000	0.0000	0.0000	0.0000	0.0000	0.0000	0.0005	0.0010	0.0000	0.0021	0.0024	0.0000	0.0000	0.0000	0.0000		0.0017	0.0000	-0.0000	0.0003	0.0243	2.0601	8.8037	0.0000	0.0000	0.0000	0.0000	0.0000	0.0000	0.0000	0.0000	0.0000	0.0000	0.0000	0.0000	0.0000	0.0000	0.0000	0.0000	0.0000	0.0000	0.0000	0.0000	0.0000	0.0000	0.0000	0.0000	0.0000	0.0000	0.0000	0.0198	0.0108	0.0090	0.0050	0.0043	0.0006	0.0148	0.0065	0.0083
99	142	0.0901	14	2	0	1	0	1	0	1	0	0	0	1	1	0	0	0	0	0	0	Y	N	N	N	N	N	N	N	N	N	N	N	N	N	N	N	N	N	0.0000	0.0000	0.0000	0.0000	0.0000	0.0000	0.0000	0.0000	0.0000	0.0000	0.0000	0.0000	0.0000	0.0000	0.0000	0.0000	0.0000	0.0000	0.0032	0.0052	0.0011	0.0121	0.0139	0.0000	0.0006	0.0000	0.0011		0.1772	0.0000	-0.0000	0.0003	4.9785	2.0601	5.0554	0.0000	0.0000	0.0000	0.0000	0.0000	0.0000	0.0000	0.0000	0.0000	0.0001	0.0001	0.0000	0.0001	0.0001	0.0000	0.0000	0.0000	0.0000	0.0000	0.0000	0.0000	0.0000	0.0000	0.0000	0.0000	0.0000	0.0000	0.0232	0.0124	0.0108	0.0053	0.0046	0.0007	0.0179	0.0078	0.0101
99	143	0.1292	19	2	0	1	0	0	0	0	0	0	0	2	1	0	0	0	0	0	0	Y	N	N	N	Y	N	N	N	N	N	N	N	N	N	N	N	N	N	0.0000	0.0000	0.0000	0.0000	0.0000	0.0000	0.0000	0.0000	0.0000	0.0000	0.0000	0.0000	0.0000	0.0000	0.0000	0.0000	0.0000	0.0000	0.0000	0.0000	0.0000	0.0000	0.0000	0.0000	0.0000	0.0000	0.0000			-0.0000	0.0000	0.0003	0.0000	2.0601	3.0055	0.0000	0.0000	0.0000	0.0000	0.0000	0.0000	0.0000	0.0000	0.0000	0.0000	0.0000	0.0000	0.0000	0.0000	0.0000	0.0000	0.0000	0.0000	0.0000	0.0000	0.0000	0.0000	0.0000	0.0000	0.0000	0.0000	0.0000	0.0066	0.0037	0.0029	0.0018	0.0016	0.0003	0.0048	0.0022	0.0026
99	144	0.1161	18	2	0	1	0	0	0	0	0	1	0	2	1	0	0	0	0	0	0	Y	N	N	N	Y	N	N	N	N	N	N	N	N	N	N	N	N	N	42961.1959	29287.4091	0.0000	143.8651	131.7437	0.0000	531219.8957	inf	0.0000	3.8838	4.3682	0.0000	0.0436	0.0465	0.0000	6.4053	7.4639	0.0000	0.0001	0.0001	0.0000	0.0003	0.0004	0.0000	0.0000	0.0000	0.0000	0.0000	0.1081	-0.0000	-0.0000	0.0003	2.0192	2.0601	6.0784	0.0000	0.0000	0.0000	0.0000	0.0000	0.0000	0.0000	0.0000	0.0000	0.0000	0.0000	0.0000	0.0000	0.0000	0.0000	0.0000	0.0000	0.0000	0.0000	0.0000	0.0000	0.0000	0.0000	0.0000	0.0000	0.0000	0.0000	0.0185	0.0101	0.0084	0.0050	0.0043	0.0007	0.0135	0.0058	0.0077
99	145	0.1114	17	2	0	1	0	1	0	0	0	0	0	1	1	0	0	0	0	0	0	Y	N	N	N	N	N	N	N	N	N	N	N	N	N	N	N	N	N	126263.9650	783323.9775	0.0000	1355387.7276	1138869.8314	0.0000	32004.2248	inf	0.0000	32.1578	36.1518	0.0000	136.1129	136.6112	0.0000	9.7740	11.2796	0.0000	0.0003	0.0000	0.0005	0.0001	0.0001	0.0000	0.0003	0.0000	0.0005	0.0000	9.2513	-0.0001	0.0000	0.0003	1.9811	2.0601	0.9869	0.0002	0.0002	0.0000	0.0001	0.0001	0.0000	0.0000	0.0000	0.0000	0.0000	0.0000	0.0000	0.0000	0.0000	0.0000	0.0000	0.0000	0.0000	0.0000	0.0000	0.0000	0.0000	0.0000	0.0000	0.0000	0.0000	0.0000	0.0066	0.0035	0.0030	0.0016	0.0014	0.0003	0.0049	0.0022	0.0028
100	106	0.0813	13	2	0	1	0	0	0	0	0	1	1	1	1	0	0	0	0	0	0	Y	N	N	N	N	N	N	N	N	N	N	N	N	N	N	N	N	N	0.0916	3.2950	0.0000	235.1357	233.5490	0.0000	0.0000	0.0000	0.0000	0.0004	0.0004	0.0000	0.0933	0.0955	0.0000	0.0000	0.0000	0.0000	0.0040	0.0001	0.0084	0.0004	0.0004	0.0003	0.0049	0.0000	0.0089	0.0000	57.3685	-0.0000	0.0004	3.0014	4.0001	9.1620	15.3361	0.0000	0.0000	0.0000	0.0000	0.0000	0.0000	0.0000	0.0000	0.0000	0.0010	0.0000	0.0010	0.0000	0.0000	0.0000	0.0010	0.0000	0.0010	0.0821	0.0706	0.0115	0.0003	0.0003	0.0000	0.0818	0.0703	0.0115	0.2482	0.1315	0.1167	0.0474	0.0413	0.0061	0.2008	0.0902	0.1106
100	107	0.1090	15	2	0	1	0	0	0	0	0	1	1	1	1	0	0	0	0	0	0	Y	N	N	N	N	N	N	N	N	N	N	N	N	N	N	N	N	N	405.4263	251.6333	2.4528	12804.8546	11758.3891	6.8385	0.0080	0.0000	2.3397	47.4530	55.2232	0.0030	4243.1560	4440.0006	0.0018	0.0004	0.0000	0.0030	0.1170	0.2195	0.0012	0.3314	0.3776	0.0003	0.0542	0.1246	0.0013	0.0000	0.0050	-0.5821	-0.0124	3.0014	1.0040	9.1620	14.1141	0.9982	0.9982	0.0000	0.9982	0.9982	0.0000	0.0000	0.0000	0.0000	0.0229	0.0228	0.0001	0.0147	0.0147	0.0000	0.0082	0.0081	0.0001	0.0210	0.0181	0.0030	0.0002	0.0002	0.0000	0.0208	0.0179	0.0029	0.1954	0.1037	0.0917	0.0443	0.0389	0.0054	0.1511	0.0648	0.0863
100	108	0.1012	14	2	0	1	0	1	0	1	0	1	1	1	1	0	0	0	0	0	0	Y	N	N	N	N	N	N	N	N	N	N	N	N	N	N	N	N	N	0.4549	0.2699	0.0000	5.0561	4.6877	0.0000	42.2517	21.6414	0.0000	0.1070	0.1245	0.0000	6.9144	7.3411	0.0000	0.0513	0.0598	0.0000	0.2353	0.4612	0.0000	1.3675	1.5661	0.0000	0.0012	0.0028	0.0000	0.0000	0.0000	-0.0013	-0.0080	3.0014	1.0065	9.1620	3.9764	0.0022	0.0022	0.0000	0.0012	0.0012	0.0000	0.0011	0.0011	0.0000	0.0146	0.0146	0.0000	0.0146	0.0146	0.0000	0.0001	0.0001	0.0000	0.0210	0.0180	0.0029	0.0002	0.0002	0.0000	0.0208	0.0179	0.0029	0.0622	0.0317	0.0305	0.0107	0.0093	0.0014	0.0516	0.0224	0.0291
100	112	0.0417	6	2	0	1	0	0	0	1	0	1	1	1	1	0	0	0	0	0	0	Y	N	N	N	N	N	N	N	N	N	N	N	N	N	N	N	N	N	14834.6146	0.0005	38486578.3037	7.9552	0.0221	2311332.2351	11472304.2314	0.0000	46103995.7159	15.9262	0.0000	113.2532	0.0575	0.0002	52.4813	16.0150	0.0000	113.2558	0.0011	0.0021	0.0000	0.0072	0.0079	0.0000	0.0000	0.0000	0.0000	16467987.8009	0.0014	0.4158	-0.0001	3.0014	3.0154	9.1620	11.4025	0.9975	0.0000	0.9975	0.0000	0.0000	0.0000	0.9975	0.0000	0.9975	0.0002	0.0002	0.0000	0.0002	0.0002	0.0000	0.0000	0.0000	0.0000	0.0626	0.0538	0.0088	0.0003	0.0003	0.0000	0.0623	0.0535	0.0088	0.2014	0.1020	0.0994	0.0299	0.0275	0.0024	0.1716	0.0745	0.0970
100	113	0.0343	5	2	0	0	0	0	0	0	0	1	1	1	1	0	0	0	0	0	0	Y	N	N	N	N	N	N	N	N	N	N	N	N	N	N	N	N	N	571.7943	420.1708	1952.4383	9380.0533	8322.8865	inf	484.2996	0.0000	1918.9055	1.5333	0.4842	7.9084	63.9782	64.0616	2.5422	1.1249	0.0000	7.9088	0.0027	0.0012	0.0041	0.0068	0.0077	0.0000	0.0023	0.0000	0.0041	2.6882	3.9272	0.0001	0.0000	3.0014	0.0182	9.1620	4.6661	0.0006	0.0002	0.0004	0.0002	0.0002	0.0000	0.0004	0.0000	0.0004	0.0002	0.0000	0.0001	0.0000	0.0000	0.0000	0.0001	0.0000	0.0001	0.0004	0.0003	0.0001	0.0000	0.0000	0.0000	0.0004	0.0003	0.0001	0.0601	0.0284	0.0317	0.0048	0.0042	0.0005	0.0553	0.0241	0.0311
100	114	0.0343	4	2	0	0	0	0	0	0	0	1	1	1	1	0	0	0	0	0	0	Y	N	N	N	N	N	N	N	N	N	N	N	N	N	N	N	N	N	62657.1889	40233.4475	185181.0987	62257.1354	66034.9189	inf	69866.7953	0.0000	203557.6522	25.3028	14.9498	82.2909	73.9784	74.0863	1.0049	15.2611	0.0000	82.4245	0.0004	0.0004	0.0004	0.0012	0.0011	0.0000	0.0002	0.0000	0.0004	1.0000	0.9512	-0.0000	-0.0000	3.0014	0.0004	9.1620	0.0007	0.0003	0.0002	0.0002	0.0002	0.0002	0.0000	0.0002	0.0000	0.0002	0.0000	0.0000	0.0000	0.0000	0.0000	0.0000	0.0000	0.0000	0.0000	0.0000	0.0000	0.0000	0.0000	0.0000	0.0000	0.0000	0.0000	0.0000	0.0000	0.0000	0.0000	0.0000	0.0000	0.0000	0.0000	0.0000	0.0000
100	115	0.0343	3	2	0	0	0	0	0	0	0	1	1	1	1	0	0	0	0	0	0	Y	N	N	N	N	N	N	N	N	N	N	N	N	N	N	N	N	N	1029.8307	390.8965	142704.6025	948.8427	937.5533	inf	55827.5706	0.0000	157323.1722	25.3028	14.9498	82.2909	73.9784	74.0863	1.0049	15.2611	0.0000	82.4245	0.0246	0.0382	0.0006	0.0780	0.0790	0.0000	0.0003	0.0000	0.0005	1.0000	0.0086	-0.0000	-0.0000	3.0014	0.0004	9.1620	0.0002	0.0003	0.0002	0.0002	0.0002	0.0002	0.0000	0.0002	0.0000	0.0002	0.0000	0.0000	0.0000	0.0000	0.0000	0.0000	0.0000	0.0000	0.0000	0.0000	0.0000	0.0000	0.0000	0.0000	0.0000	0.0000	0.0000	0.0000	0.0000	0.0000	0.0000	0.0000	0.0000	0.0000	0.0000	0.0000	0.0000
100	119	0.0969	12	2	0	1	0	0	0	0	0	1	1	1	1	0	0	0	0	0	0	Y	N	N	N	N	N	N	N	N	N	N	N	N	N	N	N	N	N	21.8351	0.0002	74.8557	7.3485	0.0200	33398.4267	17.4356	0.0000	71.1115	16.3429	0.0000	116.8076	0.0645	0.0002	3.4713	16.3844	0.0000	116.8458	0.7485	0.0035	1.5604	0.0088	0.0099	0.0001	0.9397	0.0000	1.6431	32972279.0479	414.2492	0.8327	0.1106	3.0014	6.0007	9.1620	19.0307	1.9976	0.0000	1.9976	0.0000	0.0000	0.0000	1.9975	0.0000	1.9975	0.2461	0.0006	0.2455	0.0006	0.0006	0.0000	0.2455	0.0000	0.2455	0.1222	0.1051	0.0171	0.0003	0.0003	0.0000	0.1219	0.1048	0.0171	0.3288	0.1715	0.1573	0.0675	0.0596	0.0079	0.2612	0.1118	0.1494
100	120	0.0934	11	2	0	1	0	0	0	1	0	1	1	1	1	0	0	0	0	0	0	Y	N	N	N	N	N	N	N	N	N	N	N	N	N	N	N	N	N	0.2919	0.0000	0.9458	0.2039	0.0000	5937.9614	0.2165	0.0000	0.9060	3.9317	0.0000	27.9305	0.0248	0.0000	1.5781	3.9433	0.0000	27.9392	13.4691	0.0757	29.5299	0.1217	0.1314	0.0003	18.2139	0.0309	30.8390	inf	325.5106	0.0001	0.3397	3.0014	0.0034	9.1620	3.2312	0.0003	0.0000	0.0003	0.0000	0.0000	0.0000	0.0003	0.0000	0.0003	0.7571	0.0023	0.7548	0.0018	0.0018	0.0000	0.7553	0.0005	0.7548	0.0001	0.0001	0.0000	0.0000	0.0000	0.0000	0.0001	0.0001	0.0000	0.0562	0.0307	0.0256	0.0147	0.0137	0.0011	0.0415	0.0170	0.0245
100	121	0.0931	10	2	0	0	0	0	0	0	0	1	1	1	1	0	0	0	0	0	0	Y	N	N	N	N	N	N	N	N	N	N	N	N	N	N	N	N	N	0.0000	0.0000	0.0000	0.0000	0.0000	0.0000	0.0000	0.0000	0.0000	0.0000	0.0000	0.0000	0.0000	0.0000	0.0000	0.0000	0.0000	0.0000	0.3803	0.2919	0.4962	0.4629	0.4791	0.0023	0.3343	0.0000	0.5105		1.2979	0.0000	0.0002	3.0014	0.0000	9.1620	1.2022	0.0000	0.0000	0.0000	0.0000	0.0000	0.0000	0.0000	0.0000	0.0000	0.0133	0.0058	0.0075	0.0058	0.0058	0.0000	0.0075	0.0000	0.0075	0.0000	0.0000	0.0000	0.0000	0.0000	0.0000	0.0000	0.0000	0.0000	0.0349	0.0198	0.0151	0.0125	0.0121	0.0004	0.0224	0.0077	0.0147
100	122	0.0718	9	2	0	0	0	1	0	0	0	1	1	1	1	0	0	0	0	0	0	Y	N	N	N	N	N	N	N	N	N	N	N	N	N	N	N	N	N	0.0000	0.0000	0.0000	0.0000	0.0000	0.0000	0.0000	0.0000	0.0000	0.0000	0.0000	0.0000	0.0000	0.0000	0.0000	0.0000	0.0000	0.0000	0.1316	0.1195	0.1465	0.2794	0.3004	0.0044	0.0859	0.0001	0.1519		0.9974	0.0000	-0.0013	3.0014	0.0041	9.1620	12.5856	0.0000	0.0000	0.0000	0.0000	0.0000	0.0000	0.0000	0.0000	0.0000	0.0275	0.0137	0.0137	0.0138	0.0137	0.0000	0.0137	0.0000	0.0137	0.0002	0.0001	0.0000	0.0000	0.0000	0.0000	0.0001	0.0001	0.0000	0.2087	0.1151	0.0936	0.0492	0.0457	0.0035	0.1595	0.0693	0.0901
100	126	0.1067	15	1	0	1	0	0	0	0	0	2	1	2	1	0	0	0	0	0	0	N	N	N	N	Y	N	N	N	N	N	N	N	N	N	N	N	N	N	0.0000	0.0000	0.0000	0.0000	0.0000	0.0000	0.0000	0.0000	0.0000	0.0000	0.0000	0.0000	0.0000	0.0000	0.0000	0.0000	0.0000	0.0000	0.0005	0.0009	0.0000	0.0010	0.0011	0.0002	0.0003	0.0008	0.0000		0.0371	0.0000	-0.0000	3.0014	0.0003	9.1620	3.0192	0.0000	0.0000	0.0000	0.0000	0.0000	0.0000	0.0000	0.0000	0.0000	0.0000	0.0000	0.0000	0.0000	0.0000	0.0000	0.0000	0.0000	0.0000	0.0000	0.0000	0.0000	0.0000	0.0000	0.0000	0.0000	0.0000	0.0000	0.0391	0.0208	0.0183	0.0090	0.0076	0.0014	0.0301	0.0132	0.0170
100	131	0.1130	17	2	0	1	0	0	0	0	0	1	1	1	1	0	0	0	0	0	0	Y	N	N	N	N	N	N	N	N	N	N	N	N	N	N	N	N	N	0.0056	0.0965	0.0000	1.0998	0.9693	0.0000	0.0000	252.8576	0.0000	0.0440	0.0512	0.0000	1.2560	1.2907	0.0000	0.0000	0.0000	0.0000	7.8902	0.5308	16.4175	1.1420	1.3316	0.0000	10.1334	0.0000	17.7805	0.0000	26.6939	-0.0006	0.4240	3.0014	1.0211	9.1620	9.0731	0.0010	0.0010	0.0000	0.0010	0.0010	0.0000	0.0000	0.0000	0.0000	1.0202	0.0368	0.9834	0.0368	0.0368	0.0000	0.9834	0.0000	0.9834	0.0220	0.0189	0.0031	0.0008	0.0007	0.0000	0.0213	0.0182	0.0031	0.1293	0.0694	0.0599	0.0323	0.0277	0.0046	0.0970	0.0417	0.0553
100	132	0.1338	17	1	0	0	0	0	0	0	0	1	2	1	2	0	0	0	0	0	0	N	N	N	N	N	Y	N	N	N	N	N	N	N	N	N	N	N	N	0.0000	0.0000	0.0000	0.0000	0.0000	0.0000	0.0000	0.0000	0.0000	0.0000	0.0000	0.0000	0.0000	0.0000	0.0000	0.0000	0.0000	0.0000	0.2644	0.4967	0.0000	0.1133	0.1340	0.0000	0.3131	0.7262	0.0000		0.0000	0.0000	-0.0038	3.0014	0.0075	9.1620	1.9743	0.0000	0.0000	0.0000	0.0000	0.0000	0.0000	0.0000	0.0000	0.0000	0.0069	0.0069	0.0000	0.0007	0.0007	0.0000	0.0062	0.0062	0.0000	0.0004	0.0004	0.0001	0.0001	0.0001	0.0000	0.0003	0.0002	0.0001	0.0260	0.0138	0.0122	0.0063	0.0054	0.0010	0.0196	0.0085	0.0112
100	134	0.1286	15	1	0	0	0	0	0	0	0	1	2	1	2	0	0	0	0	0	0	N	N	N	N	N	Y	N	N	N	N	N	N	N	N	N	N	N	N	0.0455	0.0000	36.1367	0.0000	0.0000	0.0000	8.7203	0.0000	34.3361	0.0000	0.0000	0.0001	0.0000	0.0000	0.0000	0.0000	0.0000	0.0001	0.0004	0.0007	0.0000	0.0016	0.0018	0.0000	0.0000	0.0000	0.0000	inf	0.0042	0.0000	-0.0000	3.0014	2.0569	9.1620	5.7592	0.0000	0.0000	0.0000	0.0000	0.0000	0.0000	0.0000	0.0000	0.0000	0.0000	0.0000	0.0000	0.0000	0.0000	0.0000	0.0000	0.0000	0.0000	0.0451	0.0390	0.0062	0.0020	0.0020	0.0000	0.0431	0.0370	0.0061	0.1081	0.0595	0.0486	0.0273	0.0239	0.0034	0.0808	0.0356	0.0452
100	135	0.1301	16	1	0	0	0	0	0	0	0	1	2	1	2	0	0	0	0	0	0	N	N	N	N	N	Y	N	N	N	N	N	N	N	N	N	N	N	N	0.0000	0.0000	0.0000	0.0000	0.0000	0.0000	0.0000	0.0000	0.0000	0.0000	0.0000	0.0000	0.0000	0.0000	0.0000	0.0000	0.0000	0.0000	0.0628	0.0005	0.1376	0.0048	0.0013	0.0286	0.0818	0.0000	0.1459		220.3753	0.0000	0.0037	3.0014	1.0111	9.1620	8.8059	0.0000	0.0000	0.0000	0.0000	0.0000	0.0000	0.0000	0.0000	0.0000	0.0082	0.0000	0.0082	0.0002	0.0000	0.0001	0.0081	0.0000	0.0081	0.0214	0.0185	0.0030	0.0008	0.0007	0.0000	0.0207	0.0177	0.0029	0.1310	0.0715	0.0595	0.0324	0.0282	0.0042	0.0986	0.0433	0.0553
100	138	0.1069	14	2	0	1	0	0	0	0	0	1	1	2	1	0	0	0	0	0	0	Y	N	N	N	Y	N	N	N	N	N	N	N	N	N	N	N	N	N	197.2926	134.2428	0.0000	0.0000	0.0000	0.0000	4862.4439	3526.3533	0.0000	0.3366	0.4147	0.0000	0.0000	0.0000	0.0000	0.4972	0.6881	0.0000	0.0017	0.0031	0.0000	0.0067	0.0078	0.0001	0.0001	0.0002	0.0000	0.0000	0.0083	-0.0000	-0.0000	3.0014	0.0010	9.1620	4.0030	0.0000	0.0000	0.0000	0.0000	0.0000	0.0000	0.0000	0.0000	0.0000	0.0001	0.0001	0.0000	0.0001	0.0001	0.0000	0.0000	0.0000	0.0000	0.0001	0.0000	0.0000	0.0000	0.0000	0.0000	0.0000	0.0000	0.0000	0.0541	0.0296	0.0245	0.0131	0.0112	0.0019	0.0410	0.0184	0.0226
100	139	0.0813	13	2	0	1	0	0	0	0	0	2	1	2	1	0	0	0	0	0	0	Y	N	N	N	Y	N	N	N	N	N	N	N	N	N	N	N	N	N	122.6780	76.5245	0.0000	0.0024	0.0021	0.0000	422.6198	224.6786	0.0000	16.1740	18.8110	0.0000	0.0012	0.0013	0.0000	16.2387	18.8965	0.0000	0.1318	0.2458	0.0009	0.5129	0.5846	0.0000	0.0384	0.0841	0.0010	0.0000	0.0032	-0.5827	-0.0146	3.0014	2.9989	9.1620	12.3267	0.9993	0.9993	0.0000	0.0000	0.0000	0.0000	0.9993	0.9993	0.0000	0.0267	0.0267	0.0001	0.0205	0.0205	0.0000	0.0063	0.0062	0.0001	0.0618	0.0531	0.0087	0.0002	0.0002	0.0000	0.0615	0.0529	0.0087	0.2028	0.1084	0.0944	0.0399	0.0350	0.0049	0.1629	0.0734	0.0895
100	140	0.0805	12	2	0	1	0	1	0	1	0	1	1	1	1	0	0	0	0	0	0	Y	N	N	N	N	N	N	N	N	N	N	N	N	N	N	N	N	N	7.5380	10.4370	0.2826	1.1877	1.1243	0.0000	12.8567	1929.5208	0.2727	0.8394	1.0533	0.0353	0.2303	0.2304	0.0000	0.9938	1.3363	0.0353	0.1114	0.1009	0.1248	0.1939	0.2049	0.0067	0.0773	0.0007	0.1293	0.0089	0.9630	-0.0000	-0.0001	3.0014	0.0011	9.1620	0.8290	0.0000	0.0000	0.0000	0.0000	0.0000	0.0000	0.0000	0.0000	0.0000	0.0019	0.0010	0.0009	0.0010	0.0010	0.0000	0.0009	0.0000	0.0009	0.0000	0.0000	0.0000	0.0000	0.0000	0.0000	0.0000	0.0000	0.0000	0.0169	0.0095	0.0074	0.0049	0.0047	0.0003	0.0119	0.0048	0.0071
100	141	0.1036	14	2	0	1	0	0	0	0	0	1	1	1	1	0	0	0	0	0	0	Y	N	N	N	N	N	N	N	N	N	N	N	N	N	N	N	N	N	0.0000	0.0000	0.0000	0.0000	0.0000	0.0000	0.0000	0.0000	0.0000	0.0000	0.0000	0.0000	0.0000	0.0000	0.0000	0.0000	0.0000	0.0000	0.0016	0.0030	0.0000	0.0071	0.0082	0.0000	0.0000	0.0000	0.0000		0.0038	0.0000	-0.0001	3.0014	0.0243	9.1620	8.8037	0.0000	0.0000	0.0000	0.0000	0.0000	0.0000	0.0000	0.0000	0.0000	0.0002	0.0002	0.0000	0.0002	0.0002	0.0000	0.0000	0.0000	0.0000	0.0010	0.0009	0.0001	0.0002	0.0002	0.0000	0.0007	0.0006	0.0001	0.1122	0.0597	0.0525	0.0251	0.0217	0.0034	0.0871	0.0380	0.0491
100	142	0.0870	13	2	0	1	0	1	0	1	0	1	1	1	1	0	0	0	0	0	0	Y	N	N	N	N	N	N	N	N	N	N	N	N	N	N	N	N	N	0.0001	0.0000	0.0000	0.0037	0.0033	0.0000	0.0000	0.0000	0.0000	0.0000	0.0000	0.0000	0.0011	0.0011	0.0000	0.0000	0.0000	0.0000	0.0614	0.1170	0.0005	0.2983	0.3441	0.0000	0.0012	0.0021	0.0005	0.0000	0.0037	-0.0000	-0.0044	3.0014	4.9785	9.1620	5.0554	0.0000	0.0000	0.0000	0.0000	0.0000	0.0000	0.0000	0.0000	0.0000	0.0081	0.0081	0.0000	0.0080	0.0080	0.0000	0.0001	0.0001	0.0000	0.1019	0.0876	0.0143	0.0004	0.0004	0.0000	0.1014	0.0872	0.0142	0.1325	0.0692	0.0633	0.0268	0.0233	0.0036	0.1056	0.0460	0.0597
100	143	0.1261	18	2	0	1	0	0	0	0	0	1	1	2	1	0	0	0	0	0	0	Y	N	N	N	Y	N	N	N	N	N	N	N	N	N	N	N	N	N	1609527.9793	19920167.6800	0.0000	0.0000	0.0000	0.0000	1828783.6720	inf	0.0000	10.5290	12.3744	0.0000	0.0000	0.0000	0.0000	15.2773	18.7373	0.0000	0.0000	0.0000	0.0000	0.0000	0.0000	0.0000	0.0000	0.0000	0.0000	0.0000	18.0992	-0.0000	0.0000	3.0014	0.0000	9.1620	3.0055	0.0000	0.0000	0.0000	0.0000	0.0000	0.0000	0.0000	0.0000	0.0000	0.0000	0.0000	0.0000	0.0000	0.0000	0.0000	0.0000	0.0000	0.0000	0.0000	0.0000	0.0000	0.0000	0.0000	0.0000	0.0000	0.0000	0.0000	0.0376	0.0208	0.0169	0.0097	0.0082	0.0015	0.0279	0.0125	0.0154
100	144	0.1130	17	2	0	1	0	0	0	0	0	2	1	2	1	0	0	0	0	0	0	Y	N	N	N	Y	N	N	N	N	N	N	N	N	N	N	N	N	N	582.5111	381.1706	0.0000	0.1164	0.1039	0.0000	9645.4334	inf	0.0000	23.3840	27.1846	0.0000	0.0176	0.0182	0.0000	24.0257	28.0251	0.0000	0.0401	0.0713	0.0040	0.1512	0.1755	0.0002	0.0025	0.0000	0.0043	0.0000	0.0487	-0.5814	-0.0021	3.0014	2.0192	9.1620	6.0784	0.9970	0.9970	0.0000	0.0000	0.0000	0.0000	0.9969	0.9969	0.0000	0.0042	0.0041	0.0002	0.0041	0.0041	0.0000	0.0002	0.0000	0.0002	0.0426	0.0367	0.0060	0.0011	0.0011	0.0000	0.0415	0.0356	0.0059	0.1058	0.0568	0.0490	0.0268	0.0231	0.0037	0.0790	0.0337	0.0453
100	145	0.1083	16	2	0	1	0	1	0	0	0	1	1	1	1	0	0	0	0	0	0	Y	N	N	N	N	N	N	N	N	N	N	N	N	N	N	N	N	N	0.2399	2.8846	0.0000	0.0017	0.0015	0.0000	0.1971	inf	0.0000	0.0272	0.0316	0.0000	0.0000	0.0000	0.0000	0.0275	0.0320	0.0000	0.1135	0.0110	0.2282	0.0253	0.0302	0.0000	0.1396	0.0000	0.2475	0.0000	18.5927	-0.0007	0.0017	3.0014	1.9811	9.1620	0.9869	0.0011	0.0011	0.0000	0.0000	0.0000	0.0000	0.0011	0.0011	0.0000	0.0042	0.0002	0.0040	0.0002	0.0002	0.0000	0.0040	0.0000	0.0040	0.0411	0.0353	0.0057	0.0004	0.0004	0.0000	0.0406	0.0349	0.0057	0.0373	0.0197	0.0176	0.0085	0.0072	0.0014	0.0288	0.0125	0.0162
101	106	0.0614	12	2	0	1	0	0	0	0	0	0	0	0	0	0	0	0	0	0	0	Y	N	N	N	N	N	N	N	N	N	N	N	N	N	N	N	N	N	0.0043	0.0132	0.0149	0.0897	0.0760	0.0000	0.0036	0.0000	0.0142	0.0013	0.0001	0.0093	0.0020	0.0021	0.0000	0.0013	0.0000	0.0093	0.3056	0.0070	0.6221	0.0228	0.0270	0.0000	0.3583	0.0001	0.6549	15.4536	83.5926	0.0000	0.0206	0.0077	4.0001	8.0757	15.3361	0.0000	0.0000	0.0000	0.0000	0.0000	0.0000	0.0000	0.0000	0.0000	0.0469	0.0006	0.0463	0.0005	0.0005	0.0000	0.0463	0.0000	0.0463	0.0002	0.0002	0.0000	0.0000	0.0000	0.0000	0.0002	0.0002	0.0000	0.1534	0.0790	0.0745	0.0241	0.0204	0.0037	0.1293	0.0586	0.0707
101	107	0.0891	14	2	0	1	0	0	0	0	0	0	0	0	0	0	0	0	0	0	0	Y	N	N	N	N	N	N	N	N	N	N	N	N	N	N	N	N	N	1.0746	0.6308	0.0000	44.7478	39.1373	0.0000	0.0000	0.0000	0.0000	9.3207	10.5879	0.0000	94.2077	94.5515	0.0000	0.0000	0.0000	0.0000	8.6740	16.7839	0.2361	2.1053	2.4159	0.0000	9.9668	22.4007	0.2468	0.0000	0.0135	-0.0004	-0.5582	0.0077	1.0040	8.0757	14.1141	0.0006	0.0006	0.0000	0.0006	0.0006	0.0000	0.0000	0.0000	0.0000	1.0435	1.0296	0.0139	0.0417	0.0417	0.0000	1.0019	0.9880	0.0139	0.0001	0.0001	0.0000	0.0000	0.0000	0.0000	0.0001	0.0001	0.0000	0.1203	0.0613	0.0590	0.0198	0.0172	0.0025	0.1005	0.0441	0.0564
101	108	0.0813	13	2	0	1	0	1	0	1	0	0	0	0	0	0	0	0	0	0	0	Y	N	N	N	N	N	N	N	N	N	N	N	N	N	N	N	N	N	0.0064	0.0005	99.1993	0.0006	0.0005	0.0000	0.6864	0.0241	95.3672	0.1559	0.0234	1.1316	0.1104	0.1108	0.0000	0.1608	0.0126	1.1348	24.5431	49.7150	0.0114	175.4908	206.8864	0.0001	0.2343	0.5214	0.0119	6.5712	0.0002	0.0000	-0.5217	0.0077	1.0065	8.0757	3.9764	0.0000	0.0000	0.0000	0.0000	0.0000	0.0000	0.0000	0.0000	0.0000	0.9519	0.9517	0.0002	0.9440	0.9440	0.0000	0.0078	0.0076	0.0002	0.0001	0.0001	0.0000	0.0000	0.0000	0.0000	0.0001	0.0001	0.0000	0.0388	0.0191	0.0196	0.0054	0.0046	0.0008	0.0334	0.0146	0.0188
101	112	0.0219	5	2	0	1	0	0	0	1	0	0	0	0	0	0	0	0	0	0	0	Y	N	N	N	N	N	N	N	N	N	N	N	N	N	N	N	N	N	773.9704	141.2036	71324.7405	534.0733	510.3342	0.0000	16118.4738	706.0416	70736.3927	16.5806	6.0521	82.6501	114.8584	114.8715	0.0000	12.0079	0.1389	82.6531	0.0214	0.0429	0.0012	0.2151	0.2251	0.0000	0.0007	0.0002	0.0012	2.1762	0.0286	0.0003	-0.0014	0.0077	3.0154	8.0757	11.4025	0.0029	0.0009	0.0020	0.0009	0.0009	0.0000	0.0020	0.0000	0.0020	0.0028	0.0027	0.0001	0.0027	0.0027	0.0000	0.0001	0.0000	0.0001	0.0002	0.0002	0.0000	0.0000	0.0000	0.0000	0.0002	0.0001	0.0000	0.1299	0.0631	0.0668	0.0125	0.0120	0.0006	0.1174	0.0511	0.0662
101	113	0.0145	4	2	0	0	0	0	0	0	0	0	0	0	0	0	0	0	0	0	0	Y	N	N	N	N	N	N	N	N	N	N	N	N	N	N	N	N	N	31.3327	8.1036	2018.7232	0.3123	0.2830	0.0000	841.2801	16.1767	2017.1916	1.0619	0.6043	2.3629	2.2261	2.2261	0.0000	0.7737	0.0098	2.3629	0.0339	0.0746	0.0012	7.1279	7.8647	0.0000	0.0009	0.0006	0.0012	1.3752	0.0195	-0.0000	-0.0007	0.0077	0.0182	8.0757	4.6661	0.0000	0.0000	0.0000	0.0000	0.0000	0.0000	0.0000	0.0000	0.0000	0.0013	0.0012	0.0000	0.0012	0.0012	0.0000	0.0000	0.0000	0.0000	0.0000	0.0000	0.0000	0.0000	0.0000	0.0000	0.0000	0.0000	0.0000	0.0375	0.0167	0.0208	0.0002	0.0002	0.0000	0.0373	0.0166	0.0208
101	114	0.0145	3	2	0	0	0	0	0	0	0	0	0	0	0	0	0	0	0	0	0	Y	N	N	N	N	N	N	N	N	N	N	N	N	N	N	N	N	N	52.2039	54.5312	49.7268	17.6618	17.6351	0.0000	84.4615	inf	49.8157	1.5643	1.5137	1.6191	1.6232	1.6232	0.0000	1.5095	0.1407	1.6191	0.0300	0.0278	0.0326	0.0919	0.0920	0.0000	0.0179	0.0000	0.0325	0.9863	0.9970	-0.0000	-0.0000	0.0077	0.0004	8.0757	0.0007	0.0000	0.0000	0.0000	0.0000	0.0000	0.0000	0.0000	0.0000	0.0000	0.0000	0.0000	0.0000	0.0000	0.0000	0.0000	0.0000	0.0000	0.0000	0.0000	0.0000	0.0000	0.0000	0.0000	0.0000	0.0000	0.0000	0.0000	0.0000	0.0000	0.0000	0.0000	0.0000	0.0000	0.0000	0.0000	0.0000
101	115	0.0145	2	2	0	0	0	0	0	0	0	0	0	0	0	0	0	0	0	0	0	Y	N	N	N	N	N	N	N	N	N	N	N	N	N	N	N	N	N	0.6089	0.3702	35.4780	0.1778	0.1777	0.0000	63.4211	inf	35.5447	1.5643	1.5137	1.6191	1.6232	1.6232	0.0000	1.5095	0.1407	1.6191	2.5689	4.0888	0.0456	9.1284	9.1360	0.0000	0.0238	0.0000	0.0456	0.9863	0.0067	-0.0000	-0.0000	0.0077	0.0004	8.0757	0.0002	0.0000	0.0000	0.0000	0.0000	0.0000	0.0000	0.0000	0.0000	0.0000	0.0000	0.0000	0.0000	0.0000	0.0000	0.0000	0.0000	0.0000	0.0000	0.0000	0.0000	0.0000	0.0000	0.0000	0.0000	0.0000	0.0000	0.0000	0.0000	0.0000	0.0000	0.0000	0.0000	0.0000	0.0000	0.0000	0.0000
101	119	0.0770	11	2	0	1	0	0	0	0	0	0	0	0	0	0	0	0	0	0	0	Y	N	N	N	N	N	N	N	N	N	N	N	N	N	N	N	N	N	1.7925	144.0319	4.6185	1031.5946	896.2374	0.0000	1.1053	171.6278	4.4125	8.7480	3.0058	45.7224	64.7923	64.8632	0.0000	6.4582	0.0708	45.7370	4.8804	0.0209	9.8998	0.0628	0.0724	0.0003	5.8430	0.0004	10.3654	2.3623	459.2580	0.0004	0.4410	0.0077	6.0007	8.0757	19.0307	0.0030	0.0009	0.0021	0.0009	0.0009	0.0000	0.0021	0.0000	0.0021	0.9810	0.0021	0.9789	0.0021	0.0021	0.0000	0.9789	0.0000	0.9789	0.0003	0.0003	0.0000	0.0000	0.0000	0.0000	0.0003	0.0003	0.0000	0.2010	0.1021	0.0989	0.0335	0.0290	0.0044	0.1675	0.0731	0.0944
101	120	0.0736	10	2	0	1	0	0	0	1	0	0	0	0	0	0	0	0	0	0	0	Y	N	N	N	N	N	N	N	N	N	N	N	N	N	N	N	N	N	9.0772	12.7209	25.1390	2825.7224	2624.8294	0.0000	5.0528	0.1834	24.2101	3.8048	1.3489	19.6299	30.0638	30.0974	0.0000	2.7685	0.0317	19.6361	0.4192	0.1060	0.7809	0.0106	0.0115	0.0000	0.5479	0.1731	0.8111	2.2584	6.3749	0.0000	0.0047	0.0077	0.0034	8.0757	3.2312	0.0000	0.0000	0.0000	0.0000	0.0000	0.0000	0.0000	0.0000	0.0000	0.0149	0.0020	0.0129	0.0001	0.0001	0.0000	0.0148	0.0019	0.0129	0.0000	0.0000	0.0000	0.0000	0.0000	0.0000	0.0000	0.0000	0.0000	0.0355	0.0190	0.0165	0.0085	0.0079	0.0006	0.0270	0.0111	0.0159
101	121	0.0733	9	2	0	0	0	0	0	0	0	0	0	0	0	0	0	0	0	0	0	Y	N	N	N	N	N	N	N	N	N	N	N	N	N	N	N	N	N	0.0000	0.0000	0.0000	0.0000	0.0000	0.0000	0.0000	0.0000	0.0000	0.0000	0.0000	0.0000	0.0000	0.0000	0.0000	0.0000	0.0000	0.0000	0.0243	0.0131	0.0387	0.0204	0.0211	0.0000	0.0263	0.0012	0.0396		2.2968	0.0000	0.0001	0.0077	0.0000	8.0757	1.2022	0.0000	0.0000	0.0000	0.0000	0.0000	0.0000	0.0000	0.0000	0.0000	0.0005	0.0002	0.0004	0.0002	0.0002	0.0000	0.0004	0.0000	0.0004	0.0000	0.0000	0.0000	0.0000	0.0000	0.0000	0.0000	0.0000	0.0000	0.0225	0.0127	0.0098	0.0078	0.0076	0.0002	0.0147	0.0051	0.0096
101	122	0.0519	8	2	0	0	0	1	0	0	0	0	0	0	0	0	0	0	0	0	0	Y	N	N	N	N	N	N	N	N	N	N	N	N	N	N	N	N	N	0.0000	0.0000	0.0000	0.0000	0.0000	0.0000	0.0000	0.0000	0.0000	0.0000	0.0000	0.0000	0.0000	0.0000	0.0000	0.0000	0.0000	0.0000	3.1680	0.2103	6.5972	0.0072	0.0075	0.0048	3.9070	0.3065	6.8456		27.0534	0.0000	0.1611	0.0077	0.0041	8.0757	12.5856	0.0000	0.0000	0.0000	0.0000	0.0000	0.0000	0.0000	0.0000	0.0000	0.3871	0.0138	0.3733	0.0002	0.0002	0.0000	0.3870	0.0136	0.3733	0.0000	0.0000	0.0000	0.0000	0.0000	0.0000	0.0000	0.0000	0.0000	0.1222	0.0656	0.0566	0.0232	0.0211	0.0021	0.0990	0.0445	0.0545
101	131	0.0932	16	2	0	1	0	0	0	0	0	0	0	0	0	0	0	0	0	0	0	Y	N	N	N	N	N	N	N	N	N	N	N	N	N	N	N	N	N	0.0710	12.3563	0.0731	156.9935	113.1942	1120.0818	0.0000	0.0000	0.0000	0.0434	0.0354	0.0925	0.4258	0.3442	0.9474	0.0000	0.0000	0.0000	0.6120	0.0029	1.2656	0.0027	0.0030	0.0008	0.7540	0.0028	1.3445	0.4302	412.0470	-0.0000	0.0221	0.0077	1.0211	8.0757	9.0731	0.0000	0.0000	0.0000	0.0000	0.0000	0.0000	0.0000	0.0000	0.0000	0.0491	0.0001	0.0490	0.0000	0.0000	0.0000	0.0491	0.0001	0.0490	0.0001	0.0001	0.0000	0.0000	0.0000	0.0000	0.0001	0.0000	0.0000	0.0803	0.0415	0.0387	0.0152	0.0129	0.0023	0.0651	0.0286	0.0364
101	138	0.0870	13	2	0	1	0	0	0	0	0	0	0	1	0	0	0	0	0	0	0	Y	N	N	N	N	N	N	N	N	N	N	N	N	N	N	N	N	N	2.2400	1.4680	0.0000	0.0000	0.0000	0.0000	5.2891	3.2956	0.0000	0.0774	0.0950	0.0000	0.0000	0.0000	0.0000	0.1150	0.1587	0.0000	0.0345	0.0647	0.0000	0.0814	0.0974	0.0000	0.0217	0.0482	0.0000	0.0000	0.0002	-0.0000	-0.0006	0.0077	0.0010	8.0757	4.0030	0.0000	0.0000	0.0000	0.0000	0.0000	0.0000	0.0000	0.0000	0.0000	0.0012	0.0012	0.0000	0.0006	0.0006	0.0000	0.0006	0.0006	0.0000	0.0000	0.0000	0.0000	0.0000	0.0000	0.0000	0.0000	0.0000	0.0000	0.0337	0.0180	0.0157	0.0072	0.0060	0.0012	0.0265	0.0120	0.0145
101	139	0.0614	12	2	0	1	0	0	0	0	0	1	0	1	0	0	0	0	0	0	0	Y	N	N	N	N	N	N	N	N	N	N	N	N	N	N	N	N	N	0.2308	0.1385	1.5774	0.0000	0.0000	0.0000	0.3898	0.2060	1.4999	3.5488	4.0948	0.0123	0.0000	0.0000	0.0000	3.6931	4.2878	0.0123	15.3793	29.5733	0.0078	45.6805	53.5480	0.0000	9.4754	20.8152	0.0082	0.0005	0.0002	-0.0004	-1.0549	0.0077	2.9989	8.0757	12.3267	0.0006	0.0006	0.0000	0.0000	0.0000	0.0000	0.0006	0.0006	0.0000	1.9250	1.9245	0.0005	0.9324	0.9324	0.0000	0.9926	0.9921	0.0005	0.0002	0.0001	0.0000	0.0000	0.0000	0.0000	0.0002	0.0001	0.0000	0.1252	0.0651	0.0601	0.0204	0.0174	0.0030	0.1048	0.0477	0.0571
101	140	0.0606	11	2	0	1	0	1	0	1	0	0	0	0	0	0	0	0	0	0	0	Y	N	N	N	N	N	N	N	N	N	N	N	N	N	N	N	N	N	2.4212	0.4386	13.6279	0.9584	0.8775	0.0000	3.8418	1.6604	13.0628	24.4551	4.1184	149.2563	21.5840	21.5929	0.0000	24.9781	0.3050	149.3241	10.1004	9.3904	10.9523	22.5212	24.6075	0.0000	6.5017	0.1837	11.4312	5.9057	0.9721	0.0000	-0.0049	0.0077	0.0011	8.0757	0.8290	0.0000	0.0000	0.0000	0.0000	0.0000	0.0000	0.0000	0.0000	0.0000	0.0882	0.0447	0.0435	0.0442	0.0442	0.0000	0.0440	0.0005	0.0435	0.0000	0.0000	0.0000	0.0000	0.0000	0.0000	0.0000	0.0000	0.0000	0.0087	0.0048	0.0040	0.0020	0.0018	0.0002	0.0068	0.0030	0.0038
101	141	0.0837	13	2	0	1	0	0	0	0	0	0	0	0	0	0	0	0	0	0	0	Y	N	N	N	N	N	N	N	N	N	N	N	N	N	N	N	N	N	0.0000	0.0000	0.0000	0.0000	0.0000	0.0000	0.0000	0.0000	0.0000	0.0000	0.0000	0.0000	0.0000	0.0000	0.0000	0.0000	0.0000	0.0000	0.0568	0.1087	0.0006	0.2779	0.3277	0.0000	0.0016	0.0028	0.0007		0.0055	0.0000	-0.0022	0.0077	0.0243	8.0757	8.8037	0.0000	0.0000	0.0000	0.0000	0.0000	0.0000	0.0000	0.0000	0.0000	0.0040	0.0040	0.0000	0.0039	0.0039	0.0000	0.0001	0.0001	0.0000	0.0000	0.0000	0.0000	0.0000	0.0000	0.0000	0.0000	0.0000	0.0000	0.0704	0.0366	0.0338	0.0141	0.0119	0.0021	0.0563	0.0247	0.0317
101	142	0.0671	12	2	0	1	0	1	0	1	0	0	0	0	0	0	0	0	0	0	0	Y	N	N	N	N	N	N	N	N	N	N	N	N	N	N	N	N	N	0.0928	0.0000	0.3802	0.0000	0.0000	0.0000	0.0873	0.0000	0.3603	0.0017	0.0000	0.0128	0.0000	0.0000	0.0000	0.0018	0.0000	0.0128	0.0184	0.0036	0.0337	0.0090	0.0106	0.0001	0.0204	0.0007	0.0356	inf	9.1356	0.0000	0.0005	0.0077	4.9785	8.0757	5.0554	0.0000	0.0000	0.0000	0.0000	0.0000	0.0000	0.0000	0.0000	0.0000	0.0015	0.0002	0.0014	0.0001	0.0001	0.0000	0.0014	0.0000	0.0014	0.0003	0.0002	0.0000	0.0000	0.0000	0.0000	0.0003	0.0002	0.0000	0.0827	0.0419	0.0407	0.0143	0.0121	0.0022	0.0684	0.0298	0.0386
101	143	0.1062	17	2	0	1	0	0	0	0	0	0	0	1	0	0	0	0	0	0	0	Y	N	N	N	N	N	N	N	N	N	N	N	N	N	N	N	N	N	20336.4175	14446.2459	0.0000	1693.5548	2109.7981	0.0000	2853004.0176	4124840.9061	0.0000	0.7751	1.0248	0.0000	0.3227	0.4784	0.0000	1.9539	2.0149	0.0000	0.0000	0.0001	0.0000	0.0002	0.0002	0.0000	0.0000	0.0000	0.0000	0.0000	0.0098	-0.0000	-0.0000	0.0077	0.0000	8.0757	3.0055	0.0000	0.0000	0.0000	0.0000	0.0000	0.0000	0.0000	0.0000	0.0000	0.0000	0.0000	0.0000	0.0000	0.0000	0.0000	0.0000	0.0000	0.0000	0.0000	0.0000	0.0000	0.0000	0.0000	0.0000	0.0000	0.0000	0.0000	0.0234	0.0125	0.0110	0.0046	0.0039	0.0007	0.0188	0.0086	0.0102
101	144	0.0932	16	2	0	1	0	0	0	0	0	1	0	1	0	0	0	0	0	0	0	Y	N	N	N	N	N	N	N	N	N	N	N	N	N	N	N	N	N	856.2128	519.8864	0.0000	646.4152	612.7627	0.0000	30036.0078	48531.3829	0.0000	23.6747	27.4260	0.0000	90.8454	100.6977	0.0000	17.9614	20.8875	0.0000	0.0277	0.0528	0.0007	0.1405	0.1643	0.0000	0.0006	0.0004	0.0007	0.0000	0.0121	-0.0017	-0.0010	0.0077	2.0192	8.0757	6.0784	0.0029	0.0029	0.0000	0.0009	0.0009	0.0000	0.0020	0.0020	0.0000	0.0018	0.0018	0.0000	0.0018	0.0018	0.0000	0.0000	0.0000	0.0000	0.0001	0.0001	0.0000	0.0000	0.0000	0.0000	0.0001	0.0001	0.0000	0.0656	0.0340	0.0316	0.0127	0.0109	0.0018	0.0529	0.0231	0.0298
101	145	0.0884	15	2	0	1	0	1	0	0	0	0	0	0	0	0	0	0	0	0	0	Y	N	N	N	N	N	N	N	N	N	N	N	N	N	N	N	N	N	2.1087	73.0540	0.0000	160.0327	133.0876	0.0000	1.3072	284.7462	0.0000	0.0245	0.0283	0.0000	0.1633	0.1650	0.0000	0.0179	0.0208	0.0000	0.0116	0.0004	0.0232	0.0010	0.0012	0.0000	0.0137	0.0001	0.0246	0.0000	58.2186	-0.0000	0.0001	0.0077	1.9811	8.0757	0.9869	0.0000	0.0000	0.0000	0.0000	0.0000	0.0000	0.0000	0.0000	0.0000	0.0003	0.0000	0.0003	0.0000	0.0000	0.0000	0.0003	0.0000	0.0003	0.0001	0.0001	0.0000	0.0000	0.0000	0.0000	0.0001	0.0001	0.0000	0.0232	0.0118	0.0115	0.0039	0.0032	0.0007	0.0194	0.0086	0.0108
102	106	0.0486	11	2	0	1	0	0	0	0	0	0	0	0	0	0	0	0	0	0	0	Y	N	N	N	N	N	N	N	N	N	N	N	N	N	N	N	N	N	0.0000	0.0000	0.0000	0.0000	0.0000	0.0000	0.0000	0.0000	0.0000	0.0000	0.0000	0.0000	0.0000	0.0000	0.0000	0.0000	0.0000	0.0000	0.0005	0.0000	0.0010	0.0000	0.0000	0.0000	0.0006	0.0000	0.0010		109.6218	0.0000	0.0000	0.0011	4.0001	1.0060	15.3361	0.0000	0.0000	0.0000	0.0000	0.0000	0.0000	0.0000	0.0000	0.0000	0.0000	0.0000	0.0000	0.0000	0.0000	0.0000	0.0000	0.0000	0.0000	0.0000	0.0000	0.0000	0.0000	0.0000	0.0000	0.0000	0.0000	0.0000	0.0194	0.0100	0.0095	0.0030	0.0025	0.0005	0.0164	0.0074	0.0090
102	107	0.0763	13	2	0	1	0	0	0	0	0	0	0	0	0	0	0	0	0	0	0	Y	N	N	N	N	N	N	N	N	N	N	N	N	N	N	N	N	N	0.0000	0.0000	0.0000	0.0000	0.0000	0.0000	0.0000	0.0000	0.0000	0.0000	0.0000	0.0000	0.0000	0.0000	0.0000	0.0000	0.0000	0.0000	0.2832	0.5512	0.0068	1.6037	1.8362	0.0316	0.0297	0.0604	0.0057		0.0120	0.0000	-0.0023	0.0011	1.0040	1.0060	14.1141	0.0000	0.0000	0.0000	0.0000	0.0000	0.0000	0.0000	0.0000	0.0000	0.0043	0.0043	0.0001	0.0039	0.0039	0.0000	0.0004	0.0003	0.0000	0.0000	0.0000	0.0000	0.0000	0.0000	0.0000	0.0000	0.0000	0.0000	0.0152	0.0077	0.0075	0.0024	0.0021	0.0003	0.0128	0.0056	0.0072
102	108	0.0684	12	2	0	1	0	1	0	1	0	0	0	0	0	0	0	0	0	0	0	Y	N	N	N	N	N	N	N	N	N	N	N	N	N	N	N	N	N	0.0000	0.0000	0.0000	0.0000	0.0000	0.0000	0.0000	0.0000	0.0000	0.0000	0.0000	0.0000	0.0000	0.0000	0.0000	0.0000	0.0000	0.0000	0.0600	0.1101	0.0117	0.3964	0.4681	0.0003	0.0074	0.0013	0.0122		0.1100	0.0000	-0.0001	0.0011	1.0065	1.0060	3.9764	0.0000	0.0000	0.0000	0.0000	0.0000	0.0000	0.0000	0.0000	0.0000	0.0003	0.0003	0.0000	0.0003	0.0003	0.0000	0.0000	0.0000	0.0000	0.0000	0.0000	0.0000	0.0000	0.0000	0.0000	0.0000	0.0000	0.0000	0.0049	0.0024	0.0025	0.0007	0.0006	0.0001	0.0042	0.0018	0.0024
102	112	0.0090	4	2	0	1	0	0	0	1	0	0	0	0	0	0	0	0	0	0	0	Y	N	N	N	N	N	N	N	N	N	N	N	N	N	N	N	N	N	240.7418	839.8358	774.8798	2028.4557	1940.4943	0.0000	198.8323	0.0000	768.9564	41.3539	8.6905	250.2242	109.9927	110.0004	0.0000	36.3202	0.0000	250.2330	0.1718	0.0103	0.3229	0.0542	0.0567	0.0048	0.1827	0.0011	0.3254	4.5027	33.3303	0.0003	0.0012	0.0011	3.0154	1.0060	11.4025	0.0011	0.0002	0.0009	0.0002	0.0002	0.0000	0.0009	0.0000	0.0009	0.0028	0.0001	0.0027	0.0001	0.0001	0.0000	0.0027	0.0000	0.0027	0.0000	0.0000	0.0000	0.0000	0.0000	0.0000	0.0000	0.0000	0.0000	0.0161	0.0078	0.0083	0.0014	0.0013	0.0001	0.0147	0.0065	0.0083
102	113	0.0016	3	2	0	0	0	0	0	0	0	0	0	0	0	0	0	0	0	0	0	Y	N	N	N	N	N	N	N	N	N	N	N	N	N	N	N	N	N	9.2503	87.2442	12.0768	0.3057	0.3052	0.0000	7.9344	0.0000	12.0768	2.4613	1.2307	5.6339	3.7145	3.7145	0.0000	2.0683	0.0000	5.6339	0.2661	0.0141	0.4665	12.1517	12.1708	0.0000	0.2607	0.0016	0.4665	1.7757	41.5748	0.0000	0.0005	0.0011	0.0182	1.0060	4.6661	0.0000	0.0000	0.0000	0.0000	0.0000	0.0000	0.0000	0.0000	0.0000	0.0013	0.0000	0.0012	0.0000	0.0000	0.0000	0.0012	0.0000	0.0012	0.0000	0.0000	0.0000	0.0000	0.0000	0.0000	0.0000	0.0000	0.0000	0.0047	0.0021	0.0026	0.0000	0.0000	0.0000	0.0047	0.0021	0.0026
102	114	0.0016	2	2	0	0	0	0	0	0	0	0	0	0	0	0	0	0	0	0	0	Y	N	N	N	N	N	N	N	N	N	N	N	N	N	N	N	N	N	11.7850	12.1873	11.3316	3.4741	3.4656	0.0000	19.8644	0.0000	11.3316	2.9557	2.8651	3.0523	3.0383	3.0383	0.0000	2.8776	0.0000	3.0523	0.2508	0.2351	0.2694	0.8746	0.8767	0.0000	0.1449	0.0000	0.2694	1.0000	0.9704	-0.0000	-0.0000	0.0011	0.0004	1.0060	0.0007	0.0000	0.0000	0.0000	0.0000	0.0000	0.0000	0.0000	0.0000	0.0000	0.0000	0.0000	0.0000	0.0000	0.0000	0.0000	0.0000	0.0000	0.0000	0.0000	0.0000	0.0000	0.0000	0.0000	0.0000	0.0000	0.0000	0.0000	0.0000	0.0000	0.0000	0.0000	0.0000	0.0000	0.0000	0.0000	0.0000
102	119	0.0642	10	2	0	1	0	0	0	0	0	0	0	0	0	0	0	0	0	0	0	Y	N	N	N	N	N	N	N	N	N	N	N	N	N	N	N	N	N	248.8626	3484.5002	802.1212	15958.9595	13842.4184	0.0000	188.5429	0.0000	766.9576	20.0417	3.5775	129.9427	50.6713	50.7050	0.0000	18.0379	0.0000	129.9834	0.0805	0.0010	0.1620	0.0032	0.0037	0.0000	0.0957	0.0000	0.1695	5.4414	153.9919	0.0003	0.0009	0.0011	6.0007	1.0060	19.0307	0.0010	0.0002	0.0009	0.0002	0.0002	0.0000	0.0009	0.0000	0.0009	0.0020	0.0000	0.0020	0.0000	0.0000	0.0000	0.0020	0.0000	0.0020	0.0001	0.0000	0.0000	0.0000	0.0000	0.0000	0.0000	0.0000	0.0000	0.0254	0.0129	0.0126	0.0042	0.0036	0.0006	0.0213	0.0093	0.0120
102	120	0.0607	9	2	0	1	0	0	0	1	0	0	0	0	0	0	0	0	0	0	0	Y	N	N	N	N	N	N	N	N	N	N	N	N	N	N	N	N	N	2270.6080	2003.6799	7699.2379	196756.4534	182772.5415	0.0000	1565.9795	0.0000	7419.5066	9.0053	1.6069	58.5153	23.4256	23.4415	0.0000	8.0900	0.0000	58.5335	0.0040	0.0008	0.0076	0.0001	0.0001	0.0000	0.0052	0.0013	0.0079	5.4414	8.2506	0.0000	0.0000	0.0011	0.0034	1.0060	3.2312	0.0000	0.0000	0.0000	0.0000	0.0000	0.0000	0.0000	0.0000	0.0000	0.0000	0.0000	0.0000	0.0000	0.0000	0.0000	0.0000	0.0000	0.0000	0.0000	0.0000	0.0000	0.0000	0.0000	0.0000	0.0000	0.0000	0.0000	0.0045	0.0024	0.0021	0.0011	0.0010	0.0001	0.0034	0.0014	0.0020
102	121	0.0604	8	2	0	0	0	0	0	0	0	0	0	0	0	0	0	0	0	0	0	Y	N	N	N	N	N	N	N	N	N	N	N	N	N	N	N	N	N	0.0000	0.0000	0.0000	0.0000	0.0000	0.0000	0.0000	0.0000	0.0000	0.0000	0.0000	0.0000	0.0000	0.0000	0.0000	0.0000	0.0000	0.0000	0.0001	0.0001	0.0002	0.0002	0.0002	0.0000	0.0001	0.0000	0.0002		1.2693	0.0000	0.0000	0.0011	0.0000	1.0060	1.2022	0.0000	0.0000	0.0000	0.0000	0.0000	0.0000	0.0000	0.0000	0.0000	0.0000	0.0000	0.0000	0.0000	0.0000	0.0000	0.0000	0.0000	0.0000	0.0000	0.0000	0.0000	0.0000	0.0000	0.0000	0.0000	0.0000	0.0000	0.0029	0.0016	0.0012	0.0010	0.0010	0.0000	0.0019	0.0006	0.0012
102	122	0.0391	7	2	0	0	0	1	0	0	0	0	0	0	0	0	0	0	0	0	0	Y	N	N	N	N	N	N	N	N	N	N	N	N	N	N	N	N	N	0.0000	0.0000	0.0000	0.0000	0.0000	0.0000	0.0000	0.0000	0.0000	0.0000	0.0000	0.0000	0.0000	0.0000	0.0000	0.0000	0.0000	0.0000	0.0039	0.0012	0.0069	0.0000	0.0000	0.0000	0.0047	0.0018	0.0072		4.9641	0.0000	0.0000	0.0011	0.0041	1.0060	12.5856	0.0000	0.0000	0.0000	0.0000	0.0000	0.0000	0.0000	0.0000	0.0000	0.0001	0.0000	0.0000	0.0000	0.0000	0.0000	0.0001	0.0000	0.0000	0.0000	0.0000	0.0000	0.0000	0.0000	0.0000	0.0000	0.0000	0.0000	0.0155	0.0083	0.0072	0.0029	0.0026	0.0003	0.0126	0.0056	0.0069
102	131	0.0803	15	2	0	1	0	0	0	0	0	0	0	0	0	0	0	0	0	0	0	Y	N	N	N	N	N	N	N	N	N	N	N	N	N	N	N	N	N	23.9420	149.9517	14.1308	431.6952	355.5863	inf	0.0000	0.0000	0.0000	0.1020	0.1001	0.1143	0.7967	0.7726	0.9594	0.0000	0.0000	0.0000	0.0043	0.0007	0.0081	0.0018	0.0022	0.0000	0.0048	0.0000	0.0086	0.1838	11.3841	-0.0000	0.0000	0.0011	1.0211	1.0060	9.0731	0.0000	0.0000	0.0000	0.0000	0.0000	0.0000	0.0000	0.0000	0.0000	0.0000	0.0000	0.0000	0.0000	0.0000	0.0000	0.0000	0.0000	0.0000	0.0000	0.0000	0.0000	0.0000	0.0000	0.0000	0.0000	0.0000	0.0000	0.0102	0.0052	0.0049	0.0019	0.0016	0.0003	0.0083	0.0036	0.0046
102	138	0.0741	12	2	0	1	0	0	0	0	0	0	0	1	0	0	0	0	0	0	0	Y	N	N	N	N	N	N	N	N	N	N	N	N	N	N	N	N	N	0.0000	0.0000	0.0000	0.0000	0.0000	0.0000	0.0000	0.0000	0.0000	0.0000	0.0000	0.0000	0.0000	0.0000	0.0000	0.0000	0.0000	0.0000	0.0001	0.0001	0.0000	0.0002	0.0002	0.0000	0.0000	0.0001	0.0000		0.0097	0.0000	-0.0000	0.0011	0.0010	1.0060	4.0030	0.0000	0.0000	0.0000	0.0000	0.0000	0.0000	0.0000	0.0000	0.0000	0.0000	0.0000	0.0000	0.0000	0.0000	0.0000	0.0000	0.0000	0.0000	0.0000	0.0000	0.0000	0.0000	0.0000	0.0000	0.0000	0.0000	0.0000	0.0043	0.0023	0.0020	0.0009	0.0008	0.0001	0.0034	0.0015	0.0018
102	139	0.0486	11	2	0	1	0	0	0	0	0	1	0	1	0	0	0	0	0	0	0	Y	N	N	N	N	N	N	N	N	N	N	N	N	N	N	N	N	N	0.0000	0.0000	0.0000	0.0000	0.0000	0.0000	0.0000	0.0000	0.0000	0.0000	0.0000	0.0000	0.0000	0.0000	0.0000	0.0000	0.0000	0.0000	0.0200	0.0382	0.0004	0.0645	0.0757	0.0000	0.0115	0.0248	0.0004		0.0091	0.0000	-0.0002	0.0011	2.9989	1.0060	12.3267	0.0000	0.0000	0.0000	0.0000	0.0000	0.0000	0.0000	0.0000	0.0000	0.0003	0.0003	0.0000	0.0002	0.0002	0.0000	0.0002	0.0001	0.0000	0.0000	0.0000	0.0000	0.0000	0.0000	0.0000	0.0000	0.0000	0.0000	0.0158	0.0082	0.0076	0.0025	0.0022	0.0004	0.0133	0.0060	0.0073
102	140	0.0478	10	2	0	1	0	1	0	1	0	0	0	0	0	0	0	0	0	0	0	Y	N	N	N	N	N	N	N	N	N	N	N	N	N	N	N	N	N	0.0000	0.0000	0.0000	0.0000	0.0000	0.0000	0.0000	0.0000	0.0000	0.0000	0.0000	0.0000	0.0000	0.0000	0.0000	0.0000	0.0000	0.0000	0.0171	0.0100	0.0255	0.0243	0.0265	0.0000	0.0150	0.0002	0.0266		2.1258	0.0000	0.0000	0.0011	0.0011	1.0060	0.8290	0.0000	0.0000	0.0000	0.0000	0.0000	0.0000	0.0000	0.0000	0.0000	0.0000	0.0000	0.0000	0.0000	0.0000	0.0000	0.0000	0.0000	0.0000	0.0000	0.0000	0.0000	0.0000	0.0000	0.0000	0.0000	0.0000	0.0000	0.0011	0.0006	0.0005	0.0002	0.0002	0.0000	0.0009	0.0004	0.0005
102	141	0.0709	12	2	0	1	0	0	0	0	0	0	0	0	0	0	0	0	0	0	0	Y	N	N	N	N	N	N	N	N	N	N	N	N	N	N	N	N	N	0.0000	0.0000	0.0000	0.0000	0.0000	0.0000	0.0000	0.0000	0.0000	0.0000	0.0000	0.0000	0.0000	0.0000	0.0000	0.0000	0.0000	0.0000	0.4445	0.8566	0.0023	0.0299	0.0353	0.0000	0.5461	1.2473	0.0025		0.0025	0.0000	-0.0022	0.0011	0.0243	1.0060	8.8037	0.0000	0.0000	0.0000	0.0000	0.0000	0.0000	0.0000	0.0000	0.0000	0.0040	0.0039	0.0000	0.0001	0.0001	0.0000	0.0039	0.0039	0.0000	0.0000	0.0000	0.0000	0.0000	0.0000	0.0000	0.0000	0.0000	0.0000	0.0089	0.0046	0.0043	0.0018	0.0015	0.0003	0.0071	0.0031	0.0040
102	142	0.0543	11	2	0	1	0	1	0	1	0	0	0	0	0	0	0	0	0	0	0	Y	N	N	N	N	N	N	N	N	N	N	N	N	N	N	N	N	N	0.0000	0.0000	0.0000	0.0000	0.0000	0.0000	0.0000	0.0000	0.0000	0.0000	0.0000	0.0000	0.0000	0.0000	0.0000	0.0000	0.0000	0.0000	0.0028	0.0050	0.0006	0.0004	0.0004	0.0000	0.0033	0.0068	0.0006		0.1096	0.0000	-0.0000	0.0011	4.9785	1.0060	5.0554	0.0000	0.0000	0.0000	0.0000	0.0000	0.0000	0.0000	0.0000	0.0000	0.0000	0.0000	0.0000	0.0000	0.0000	0.0000	0.0000	0.0000	0.0000	0.0000	0.0000	0.0000	0.0000	0.0000	0.0000	0.0000	0.0000	0.0000	0.0105	0.0053	0.0052	0.0018	0.0015	0.0003	0.0087	0.0038	0.0049
102	143	0.0934	16	2	0	1	0	0	0	0	0	0	0	1	0	0	0	0	0	0	0	Y	N	N	N	N	N	N	N	N	N	N	N	N	N	N	N	N	N	6974.1770	10474.8895	0.0000	inf	inf	0.0000	17485.7126	17471.8008	0.0000	1.5217	2.0151	0.0000	0.3242	0.4818	0.0000	4.7358	4.8548	0.0000	0.0002	0.0002	0.0002	0.0000	0.0000	0.0000	0.0003	0.0003	0.0003	0.0000	1.1381	-0.0000	-0.0000	0.0011	0.0000	1.0060	3.0055	0.0000	0.0000	0.0000	0.0000	0.0000	0.0000	0.0000	0.0000	0.0000	0.0000	0.0000	0.0000	0.0000	0.0000	0.0000	0.0000	0.0000	0.0000	0.0000	0.0000	0.0000	0.0000	0.0000	0.0000	0.0000	0.0000	0.0000	0.0030	0.0016	0.0014	0.0006	0.0005	0.0001	0.0024	0.0011	0.0013
102	144	0.0803	15	2	0	1	0	0	0	0	0	1	0	1	0	0	0	0	0	0	0	Y	N	N	N	N	N	N	N	N	N	N	N	N	N	N	N	N	N	302.2491	384.8647	0.0000	570824.9239	575650.1064	0.0000	230.1428	249.1529	0.0000	55.8751	64.4752	0.0000	84.8247	93.1374	0.0000	52.5774	61.0239	0.0000	0.1849	0.1675	0.2033	0.0001	0.0002	0.0001	0.2285	0.2449	0.2157	0.0000	1.1386	-0.0006	-0.0000	0.0011	2.0192	1.0060	6.0784	0.0010	0.0010	0.0000	0.0002	0.0002	0.0000	0.0009	0.0009	0.0000	0.0015	0.0007	0.0008	0.0000	0.0000	0.0000	0.0015	0.0007	0.0008	0.0000	0.0000	0.0000	0.0000	0.0000	0.0000	0.0000	0.0000	0.0000	0.0083	0.0043	0.0040	0.0016	0.0014	0.0002	0.0067	0.0029	0.0038
102	145	0.0755	14	2	0	1	0	1	0	0	0	0	0	0	0	0	0	0	0	0	0	Y	N	N	N	N	N	N	N	N	N	N	N	N	N	N	N	N	N	46.2183	60.0401	0.0000	inf	inf	0.0000	35.0151	40.3484	0.0000	0.0582	0.0668	0.0000	0.1356	0.1365	0.0000	0.0526	0.0610	0.0000	0.0013	0.0011	0.0014	0.0000	0.0000	0.0000	0.0015	0.0015	0.0015	0.0000	1.2408	-0.0000	0.0000	0.0011	1.9811	1.0060	0.9869	0.0000	0.0000	0.0000	0.0000	0.0000	0.0000	0.0000	0.0000	0.0000	0.0000	0.0000	0.0000	0.0000	0.0000	0.0000	0.0000	0.0000	0.0000	0.0000	0.0000	0.0000	0.0000	0.0000	0.0000	0.0000	0.0000	0.0000	0.0029	0.0015	0.0015	0.0005	0.0004	0.0001	0.0025	0.0011	0.0014
106	113	0.0790	13	2	0	1	0	0	0	0	0	0	0	0	0	0	0	0	0	0	0	Y	N	N	N	N	N	N	N	N	N	N	N	N	N	N	N	N	N	0.0000	0.0000	0.0000	0.0000	0.0000	0.0000	0.0000	0.0000	0.0000	0.0000	0.0000	0.0000	0.0000	0.0000	0.0000	0.0000	0.0000	0.0000	0.0005	0.0002	0.0007	0.0008	0.0010	0.0000	0.0004	0.0000	0.0007		2.6452	0.0000	0.0000	4.0001	0.0182	15.3361	4.6661	0.0000	0.0000	0.0000	0.0000	0.0000	0.0000	0.0000	0.0000	0.0000	0.0000	0.0000	0.0000	0.0000	0.0000	0.0000	0.0000	0.0000	0.0000	0.0005	0.0004	0.0001	0.0000	0.0000	0.0000	0.0005	0.0004	0.0001	0.0893	0.0458	0.0435	0.0137	0.0116	0.0021	0.0756	0.0342	0.0414
106	114	0.0790	12	2	0	1	0	0	0	0	0	0	0	0	0	0	0	0	0	0	0	Y	N	N	N	N	N	N	N	N	N	N	N	N	N	N	N	N	N	0.0000	0.0000	0.0000	0.0000	0.0000	0.0000	0.0000	0.0000	0.0000	0.0000	0.0000	0.0000	0.0000	0.0000	0.0000	0.0000	0.0000	0.0000	0.0027	0.0023	0.0033	0.0056	0.0059	0.0000	0.0018	0.0000	0.0034		1.0000	0.0000	-0.0000	4.0001	0.0004	15.3361	0.0007	0.0000	0.0000	0.0000	0.0000	0.0000	0.0000	0.0000	0.0000	0.0000	0.0000	0.0000	0.0000	0.0000	0.0000	0.0000	0.0000	0.0000	0.0000	0.0000	0.0000	0.0000	0.0000	0.0000	0.0000	0.0000	0.0000	0.0000	0.0000	0.0000	0.0000	0.0000	0.0000	0.0000	0.0000	0.0000	0.0000
106	115	0.0790	11	2	0	1	0	0	0	0	0	0	0	0	0	0	0	0	0	0	0	Y	N	N	N	N	N	N	N	N	N	N	N	N	N	N	N	N	N	0.0000	0.0000	0.0000	0.0000	0.0000	0.0000	0.0000	0.0000	0.0000	0.0000	0.0000	0.0000	0.0000	0.0000	0.0000	0.0000	0.0000	0.0000	0.0032	0.0024	0.0048	0.0049	0.0049	0.0000	0.0023	0.0000	0.0049		1.0000	0.0000	-0.0000	4.0001	0.0004	15.3361	0.0002	0.0000	0.0000	0.0000	0.0000	0.0000	0.0000	0.0000	0.0000	0.0000	0.0000	0.0000	0.0000	0.0000	0.0000	0.0000	0.0000	0.0000	0.0000	0.0000	0.0000	0.0000	0.0000	0.0000	0.0000	0.0000	0.0000	0.0000	0.0000	0.0000	0.0000	0.0000	0.0000	0.0000	0.0000	0.0000	0.0000
106	116	0.0586	10	2	0	1	0	0	0	0	0	0	0	0	0	0	0	0	0	0	0	Y	N	N	N	N	N	N	N	N	N	N	N	N	N	N	N	N	N	0.0000	0.0000	0.0000	0.0000	0.0000	0.0000	0.0000	0.0000	0.0000	0.0000	0.0000	0.0000	0.0000	0.0000	0.0000	0.0000	0.0000	0.0000	0.0137	0.0249	0.0000	0.0777	0.0845	0.0000	0.0000	0.0000	0.0000		0.0000	0.0000	-0.0022	4.0001	0.0012	15.3361	12.6705	0.0000	0.0000	0.0000	0.0000	0.0000	0.0000	0.0000	0.0000	0.0000	0.0039	0.0039	0.0000	0.0039	0.0039	0.0000	0.0000	0.0000	0.0000	0.0001	0.0000	0.0000	0.0000	0.0000	0.0000	0.0000	0.0000	0.0000	0.2876	0.1577	0.1298	0.0506	0.0465	0.0041	0.2370	0.1112	0.1258
106	117	0.0538	9	2	0	1	0	0	0	0	0	0	0	0	0	0	0	0	0	0	0	Y	N	N	N	N	N	N	N	N	N	N	N	N	N	N	N	N	N	0.0027	0.0000	0.1946	0.2626	0.0000	337.6150	0.0000	0.0000	0.0000	0.0000	0.0000	0.0003	0.0005	0.0000	0.3290	0.0000	0.0000	0.0000	0.0142	0.0230	0.0015	0.0018	0.0019	0.0010	0.0179	0.0355	0.0015	inf	0.0438	0.0000	-0.0007	4.0001	0.0012	15.3361	3.6220	0.0000	0.0000	0.0000	0.0000	0.0000	0.0000	0.0000	0.0000	0.0000	0.0015	0.0014	0.0001	0.0000	0.0000	0.0000	0.0014	0.0014	0.0001	0.0000	0.0000	0.0000	0.0000	0.0000	0.0000	0.0000	0.0000	0.0000	0.1039	0.0614	0.0425	0.0238	0.0228	0.0010	0.0801	0.0386	0.0415
106	118	0.0503	8	2	0	1	0	1	0	0	0	0	0	0	0	0	0	0	0	0	0	Y	N	N	N	N	N	N	N	N	N	N	N	N	N	N	N	N	N	2089.7280	0.0156	3087535.3690	0.0293	0.0284	0.0000	26191.5599	0.0000	3297397.4913	6.7385	0.0001	53.0905	0.0003	0.0003	0.0000	8.5229	0.0000	53.1130	0.0032	0.0053	0.0000	0.0118	0.0121	0.0001	0.0003	0.0007	0.0000	93322.0001	0.0021	0.0001	-0.0001	4.0001	0.0004	15.3361	2.6029	0.0001	0.0000	0.0001	0.0000	0.0000	0.0000	0.0001	0.0000	0.0001	0.0003	0.0003	0.0000	0.0003	0.0003	0.0000	0.0000	0.0000	0.0000	0.0000	0.0000	0.0000	0.0000	0.0000	0.0000	0.0000	0.0000	0.0000	0.0845	0.0514	0.0331	0.0214	0.0207	0.0007	0.0631	0.0307	0.0324
106	121	0.0629	6	2	0	1	0	0	0	0	0	0	0	0	0	0	0	0	0	0	0	Y	N	N	N	N	N	N	N	N	N	N	N	N	N	N	N	N	N	2615.7894	2062.6483	0.0000	6728.6125	4768.3122	0.0000	0.0000	0.0000	0.0000	5.0891	5.5556	0.0000	17.5579	17.5591	0.0000	0.0000	0.0000	0.0000	0.0019	0.0027	0.0011	0.0026	0.0037	0.0000	0.0013	0.0006	0.0016	0.0000	0.3929	-0.0000	-0.0000	4.0001	0.0000	15.3361	1.2022	0.0000	0.0000	0.0000	0.0000	0.0000	0.0000	0.0000	0.0000	0.0000	0.0001	0.0001	0.0000	0.0001	0.0001	0.0000	0.0000	0.0000	0.0000	0.0000	0.0000	0.0000	0.0000	0.0000	0.0000	0.0000	0.0000	0.0000	0.0605	0.0314	0.0291	0.0303	0.0214	0.0089	0.0302	0.0100	0.0202
106	122	0.0415	5	2	0	1	0	1	0	0	0	0	0	0	0	0	0	0	0	0	0	Y	N	N	N	N	N	N	N	N	N	N	N	N	N	N	N	N	N	314.8660	2979.1106	2.3231	4120.7322	3680.8288	0.0000	0.8543	0.0000	2.2092	18.1703	21.6821	0.2683	72.7159	72.7227	0.0000	0.0586	0.0000	0.2683	0.0577	0.0073	0.1155	0.0176	0.0198	0.0001	0.0686	0.0003	0.1215	0.0024	13.8494	-0.0024	0.0074	4.0001	0.0041	15.3361	12.5856	0.0041	0.0041	0.0000	0.0041	0.0041	0.0000	0.0000	0.0000	0.0000	0.0194	0.0013	0.0181	0.0013	0.0013	0.0000	0.0181	0.0000	0.0181	0.0002	0.0002	0.0000	0.0001	0.0001	0.0000	0.0002	0.0001	0.0000	0.3357	0.1793	0.1565	0.0718	0.0641	0.0077	0.2639	0.1152	0.1488
107	113	0.0997	15	2	0	1	0	0	0	0	0	0	0	0	0	0	0	0	0	0	0	Y	N	N	N	N	N	N	N	N	N	N	N	N	N	N	N	N	N	0.0000	0.0000	0.0000	0.0000	0.0000	0.0000	0.0000	0.0000	0.0000	0.0000	0.0000	0.0000	0.0000	0.0000	0.0000	0.0000	0.0000	0.0000	4.4885	8.8409	0.0017	27.9500	32.0931	0.0412	0.0006	0.0015	0.0000		0.0002	0.0000	-0.1719	1.0040	0.0182	14.1141	4.6661	0.0000	0.0000	0.0000	0.0000	0.0000	0.0000	0.0000	0.0000	0.0000	0.3137	0.3136	0.0001	0.3137	0.3136	0.0001	0.0000	0.0000	0.0000	0.0001	0.0001	0.0000	0.0000	0.0000	0.0000	0.0001	0.0001	0.0000	0.0699	0.0355	0.0344	0.0112	0.0098	0.0015	0.0587	0.0257	0.0330
107	114	0.0997	14	2	0	1	0	0	0	0	0	0	0	0	0	0	0	0	0	0	0	Y	N	N	N	N	N	N	N	N	N	N	N	N	N	N	N	N	N	0.0000	0.0000	0.0000	0.0000	0.0000	0.0000	0.0000	0.0000	0.0000	0.0000	0.0000	0.0000	0.0000	0.0000	0.0000	0.0000	0.0000	0.0000	3.8765	6.4782	0.0000	6.8547	7.3768	0.0000	2.7024	5.7748	0.0000		0.0000	0.0000	-0.0001	1.0040	0.0004	14.1141	0.0007	0.0000	0.0000	0.0000	0.0000	0.0000	0.0000	0.0000	0.0000	0.0000	0.0001	0.0001	0.0000	0.0000	0.0000	0.0000	0.0000	0.0000	0.0000	0.0000	0.0000	0.0000	0.0000	0.0000	0.0000	0.0000	0.0000	0.0000	0.0000	0.0000	0.0000	0.0000	0.0000	0.0000	0.0000	0.0000	0.0000
107	115	0.0997	13	2	0	1	0	0	0	0	0	0	0	0	0	0	0	0	0	0	0	Y	N	N	N	N	N	N	N	N	N	N	N	N	N	N	N	N	N	0.0000	0.0000	0.0000	0.0000	0.0000	0.0000	0.0000	0.0000	0.0000	0.0000	0.0000	0.0000	0.0000	0.0000	0.0000	0.0000	0.0000	0.0000	3.8268	5.8893	0.1334	4.9458	5.1364	0.0369	3.1346	6.9008	0.1374		0.0127	0.0000	-0.0001	1.0040	0.0004	14.1141	0.0002	0.0000	0.0000	0.0000	0.0000	0.0000	0.0000	0.0000	0.0000	0.0000	0.0001	0.0001	0.0000	0.0000	0.0000	0.0000	0.0001	0.0000	0.0000	0.0000	0.0000	0.0000	0.0000	0.0000	0.0000	0.0000	0.0000	0.0000	0.0000	0.0000	0.0000	0.0000	0.0000	0.0000	0.0000	0.0000	0.0000
107	116	0.0793	12	2	0	1	0	0	0	0	0	0	0	0	0	0	0	0	0	0	0	Y	N	N	N	N	N	N	N	N	N	N	N	N	N	N	N	N	N	0.0627	0.0000	0.2771	0.5218	0.0000	8.2228	0.0014	0.0000	0.0056	0.0125	0.0000	0.1141	0.0422	0.0000	0.9889	0.0003	0.0000	0.0024	0.1995	0.0272	0.4119	0.0808	0.0774	0.1203	0.2311	0.0000	0.4232	inf	12.3010	0.0000	0.0170	1.0040	0.0012	14.1141	12.6705	0.0000	0.0000	0.0000	0.0000	0.0000	0.0000	0.0000	0.0000	0.0000	0.0452	0.0034	0.0418	0.0039	0.0034	0.0005	0.0414	0.0000	0.0414	0.0000	0.0000	0.0000	0.0000	0.0000	0.0000	0.0000	0.0000	0.0000	0.2267	0.1252	0.1015	0.0477	0.0439	0.0038	0.1790	0.0812	0.0978
107	117	0.0745	11	2	0	1	0	0	0	0	0	0	0	0	0	0	0	0	0	0	0	Y	N	N	N	N	N	N	N	N	N	N	N	N	N	N	N	N	N	0.6826	0.5638	0.0000	2.5779	2.4640	0.0000	0.0000	0.0000	0.0000	0.0236	0.0273	0.0000	0.2824	0.2836	0.0000	0.0000	0.0000	0.0000	0.0346	0.0483	0.0145	0.1095	0.1151	0.0033	0.0083	0.0009	0.0149	0.0000	0.2054	-0.0000	-0.0011	1.0040	0.0012	14.1141	3.6220	0.0000	0.0000	0.0000	0.0000	0.0000	0.0000	0.0000	0.0000	0.0000	0.0028	0.0023	0.0005	0.0023	0.0023	0.0000	0.0005	0.0000	0.0005	0.0000	0.0000	0.0000	0.0000	0.0000	0.0000	0.0000	0.0000	0.0000	0.0819	0.0486	0.0333	0.0212	0.0202	0.0011	0.0606	0.0284	0.0322
107	118	0.0710	10	2	0	1	0	1	0	0	0	0	0	0	0	0	0	0	0	0	0	Y	N	N	N	N	N	N	N	N	N	N	N	N	N	N	N	N	N	9.0632	0.0000	630.8195	0.0000	0.0000	0.0000	205.6761	0.0000	609.1257	7.3404	0.0000	52.2440	0.0000	0.0000	0.0000	9.4090	0.0000	52.3375	0.8099	1.2745	0.0828	2.6680	2.8046	0.0007	0.0457	0.0004	0.0859	inf	0.0415	0.0000	-0.0282	1.0040	0.0004	14.1141	2.6029	0.0000	0.0000	0.0000	0.0000	0.0000	0.0000	0.0000	0.0000	0.0000	0.0554	0.0532	0.0022	0.0532	0.0532	0.0000	0.0022	0.0000	0.0022	0.0000	0.0000	0.0000	0.0000	0.0000	0.0000	0.0000	0.0000	0.0000	0.0684	0.0418	0.0267	0.0199	0.0190	0.0010	0.0485	0.0228	0.0257
107	121	0.0836	8	2	0	1	0	0	0	0	0	0	0	0	0	0	0	0	0	0	0	Y	N	N	N	N	N	N	N	N	N	N	N	N	N	N	N	N	N	0.0000	0.0000	0.0000	0.0000	0.0000	0.0000	0.0000	0.0000	0.0000	0.0000	0.0000	0.0000	0.0000	0.0000	0.0000	0.0000	0.0000	0.0000	0.1176	0.1222	0.1125	0.1192	0.1604	0.0001	0.1157	0.0085	0.1562		0.8505	0.0000	-0.0006	1.0040	0.0000	14.1141	1.2022	0.0000	0.0000	0.0000	0.0000	0.0000	0.0000	0.0000	0.0000	0.0000	0.0063	0.0034	0.0029	0.0034	0.0034	0.0000	0.0030	0.0001	0.0029	0.0000	0.0000	0.0000	0.0000	0.0000	0.0000	0.0000	0.0000	0.0000	0.0538	0.0280	0.0259	0.0282	0.0210	0.0072	0.0257	0.0070	0.0186
107	122	0.0622	7	2	0	1	0	1	0	0	0	0	0	0	0	0	0	0	0	0	0	Y	N	N	N	N	N	N	N	N	N	N	N	N	N	N	N	N	N	0.0000	0.0000	0.0000	0.0000	0.0000	0.0000	0.0000	0.0000	0.0000	0.0000	0.0000	0.0000	0.0000	0.0000	0.0000	0.0000	0.0000	0.0000	0.0947	0.1102	0.0755	0.2618	0.3051	0.0001	0.0447	0.0019	0.0814		0.5542	0.0000	-0.0043	1.0040	0.0041	14.1141	12.5856	0.0000	0.0000	0.0000	0.0000	0.0000	0.0000	0.0000	0.0000	0.0000	0.0223	0.0144	0.0080	0.0142	0.0142	0.0000	0.0081	0.0002	0.0080	0.0001	0.0000	0.0000	0.0000	0.0000	0.0000	0.0000	0.0000	0.0000	0.2358	0.1304	0.1055	0.0543	0.0466	0.0077	0.1816	0.0838	0.0978
108	113	0.0746	14	2	0	1	0	1	0	1	0	0	0	0	0	0	0	0	0	0	0	Y	N	N	N	N	N	N	N	N	N	N	N	N	N	N	N	N	N	0.0000	0.0000	0.0000	0.0000	0.0000	0.0000	0.0000	0.0000	0.0000	0.0000	0.0000	0.0000	0.0000	0.0000	0.0000	0.0000	0.0000	0.0000	0.0485	0.0987	0.0001	0.3563	0.4211	0.0004	0.0006	0.0012	0.0001		0.0008	0.0000	-0.0006	1.0065	0.0182	3.9764	4.6661	0.0000	0.0000	0.0000	0.0000	0.0000	0.0000	0.0000	0.0000	0.0000	0.0011	0.0011	0.0000	0.0011	0.0011	0.0000	0.0000	0.0000	0.0000	0.0001	0.0001	0.0000	0.0000	0.0000	0.0000	0.0001	0.0001	0.0000	0.0225	0.0111	0.0115	0.0030	0.0026	0.0005	0.0195	0.0085	0.0110
108	114	0.0746	13	2	0	1	0	1	0	1	0	0	0	0	0	0	0	0	0	0	0	Y	N	N	N	N	N	N	N	N	N	N	N	N	N	N	N	N	N	0.0000	0.0000	0.0000	0.0000	0.0000	0.0000	0.0000	0.0000	0.0000	0.0000	0.0000	0.0000	0.0000	0.0000	0.0000	0.0000	0.0000	0.0000	0.0418	0.0710	0.0000	0.0808	0.0854	0.0000	0.0282	0.0607	0.0000		0.0023	0.0000	-0.0000	1.0065	0.0004	3.9764	0.0007	0.0000	0.0000	0.0000	0.0000	0.0000	0.0000	0.0000	0.0000	0.0000	0.0000	0.0000	0.0000	0.0000	0.0000	0.0000	0.0000	0.0000	0.0000	0.0000	0.0000	0.0000	0.0000	0.0000	0.0000	0.0000	0.0000	0.0000	0.0000	0.0000	0.0000	0.0000	0.0000	0.0000	0.0000	0.0000	0.0000
108	115	0.0746	12	2	0	1	0	1	0	1	0	0	0	0	0	0	0	0	0	0	0	Y	N	N	N	N	N	N	N	N	N	N	N	N	N	N	N	N	N	0.0000	0.0000	0.0000	0.0000	0.0000	0.0000	0.0000	0.0000	0.0000	0.0000	0.0000	0.0000	0.0000	0.0000	0.0000	0.0000	0.0000	0.0000	3.9896	0.0730	12.0250	0.0688	0.0706	0.0000	6.0434	0.0753	12.3599		80.3259	0.0000	0.0000	1.0065	0.0004	3.9764	0.0002	0.0000	0.0000	0.0000	0.0000	0.0000	0.0000	0.0000	0.0000	0.0000	0.0000	0.0000	0.0000	0.0000	0.0000	0.0000	0.0000	0.0000	0.0000	0.0000	0.0000	0.0000	0.0000	0.0000	0.0000	0.0000	0.0000	0.0000	0.0000	0.0000	0.0000	0.0000	0.0000	0.0000	0.0000	0.0000	0.0000
108	116	0.0542	11	2	0	1	0	1	0	1	0	0	0	0	0	0	0	0	0	0	0	Y	N	N	N	N	N	N	N	N	N	N	N	N	N	N	N	N	N	0.0018	1.0474	0.0034	6.9318	22.1628	7.0874	0.0000	0.0000	0.0001	0.0229	0.0142	0.0949	0.0791	0.0457	0.9850	0.0003	0.0000	0.0024	13.0286	0.0135	27.9893	0.0114	0.0021	0.1390	15.6026	0.0181	28.6809	0.8142	1802.1320	-0.0000	0.4319	1.0065	0.0012	3.9764	12.6705	0.0000	0.0000	0.0000	0.0000	0.0000	0.0000	0.0000	0.0000	0.0000	0.9573	0.0005	0.9567	0.0001	0.0000	0.0001	0.9571	0.0005	0.9566	0.0000	0.0000	0.0000	0.0000	0.0000	0.0000	0.0000	0.0000	0.0000	0.0735	0.0393	0.0342	0.0121	0.0113	0.0008	0.0613	0.0280	0.0334
108	117	0.0494	10	2	0	1	0	1	0	1	0	0	0	0	0	0	0	0	0	0	0	Y	N	N	N	N	N	N	N	N	N	N	N	N	N	N	N	N	N	0.2581	3.7666	0.0086	16.7797	16.2193	0.0000	0.1224	2.4441	0.0085	0.0428	0.0490	0.0033	0.2348	0.2358	0.0000	0.0257	0.0295	0.0033	0.1659	0.0130	0.3772	0.0140	0.0145	0.0000	0.2100	0.0121	0.3849	0.0103	21.0079	-0.0000	0.0018	1.0065	0.0012	3.9764	3.6220	0.0000	0.0000	0.0000	0.0000	0.0000	0.0000	0.0000	0.0000	0.0000	0.0044	0.0002	0.0042	0.0001	0.0001	0.0000	0.0044	0.0001	0.0042	0.0000	0.0000	0.0000	0.0000	0.0000	0.0000	0.0000	0.0000	0.0000	0.0268	0.0155	0.0113	0.0060	0.0058	0.0002	0.0208	0.0097	0.0110
108	118	0.0460	9	2	0	1	0	2	0	1	0	0	0	0	0	0	0	0	0	0	0	Y	N	N	N	N	N	N	N	N	N	N	N	N	N	N	N	N	N	0.7547	0.3033	6.6524	0.5158	0.4953	0.0000	2.1557	0.0000	6.4884	0.0165	0.0092	0.0618	0.0361	0.0361	0.0000	0.0110	0.0000	0.0619	0.0218	0.0302	0.0093	0.0700	0.0730	0.0000	0.0051	0.0003	0.0095	1.0936	0.2041	-0.0000	-0.0002	1.0065	0.0004	3.9764	2.6029	0.0000	0.0000	0.0000	0.0000	0.0000	0.0000	0.0000	0.0000	0.0000	0.0005	0.0004	0.0001	0.0004	0.0004	0.0000	0.0001	0.0000	0.0001	0.0000	0.0000	0.0000	0.0000	0.0000	0.0000	0.0000	0.0000	0.0000	0.0221	0.0133	0.0088	0.0057	0.0055	0.0002	0.0164	0.0078	0.0086
108	121	0.0585	7	2	0	1	0	1	0	1	0	0	0	0	0	0	0	0	0	0	0	Y	N	N	N	N	N	N	N	N	N	N	N	N	N	N	N	N	N	0.0000	0.0000	0.0000	0.0000	0.0000	0.0000	0.0000	0.0000	0.0000	0.0000	0.0000	0.0000	0.0000	0.0000	0.0000	0.0000	0.0000	0.0000	0.1697	0.0472	0.2993	0.0468	0.0666	0.0000	0.2992	0.0015	0.4358		5.9962	0.0000	0.0008	1.0065	0.0000	3.9764	1.2022	0.0000	0.0000	0.0000	0.0000	0.0000	0.0000	0.0000	0.0000	0.0000	0.0027	0.0004	0.0023	0.0004	0.0004	0.0000	0.0023	0.0000	0.0023	0.0000	0.0000	0.0000	0.0000	0.0000	0.0000	0.0000	0.0000	0.0000	0.0159	0.0082	0.0077	0.0081	0.0057	0.0024	0.0077	0.0024	0.0053
108	122	0.0372	6	2	0	1	0	2	0	1	0	0	0	0	0	0	0	0	0	0	0	Y	N	N	N	N	N	N	N	N	N	N	N	N	N	N	N	N	N	0.0000	0.0000	0.0000	0.0000	0.0000	0.0000	0.0000	0.0000	0.0000	0.0000	0.0000	0.0000	0.0000	0.0000	0.0000	0.0000	0.0000	0.0000	0.1573	0.1832	0.1273	0.0035	0.0042	0.0000	0.1931	0.2597	0.1356		0.5999	0.0000	-0.0021	1.0065	0.0041	3.9764	12.5856	0.0000	0.0000	0.0000	0.0000	0.0000	0.0000	0.0000	0.0000	0.0000	0.0121	0.0076	0.0045	0.0001	0.0001	0.0000	0.0120	0.0075	0.0045	0.0001	0.0000	0.0000	0.0000	0.0000	0.0000	0.0000	0.0000	0.0000	0.0768	0.0412	0.0356	0.0145	0.0123	0.0022	0.0623	0.0289	0.0334
112	121	0.0897	11	2	0	1	0	0	0	1	0	0	0	0	0	0	0	0	0	0	0	Y	N	N	N	N	N	N	N	N	N	N	N	N	N	N	N	N	N	0.0000	0.0000	0.0000	0.0000	0.0000	0.0000	0.0000	0.0000	0.0000	0.0000	0.0000	0.0000	0.0000	0.0000	0.0000	0.0000	0.0000	0.0000	0.4043	0.7020	0.0029	0.4906	0.5072	0.0002	0.3545	1.0156	0.0030		0.0031	0.0000	-0.0092	3.0154	0.0000	11.4025	1.2022	0.0000	0.0000	0.0000	0.0000	0.0000	0.0000	0.0000	0.0000	0.0000	0.0168	0.0168	0.0001	0.0075	0.0075	0.0000	0.0093	0.0093	0.0001	0.0000	0.0000	0.0000	0.0000	0.0000	0.0000	0.0000	0.0000	0.0000	0.0416	0.0239	0.0177	0.0152	0.0147	0.0005	0.0264	0.0091	0.0172
112	122	0.0684	10	2	0	1	0	1	0	1	0	0	0	0	0	0	0	0	0	0	0	Y	N	N	N	N	N	N	N	N	N	N	N	N	N	N	N	N	N	0.0000	0.0000	0.0000	0.0000	0.0000	0.0000	0.0000	0.0000	0.0000	0.0000	0.0000	0.0000	0.0000	0.0000	0.0000	0.0000	0.0000	0.0000	0.0614	0.1095	0.0004	0.1240	0.1344	0.0000	0.0420	0.0935	0.0004		0.0028	0.0000	-0.0079	3.0154	0.0041	11.4025	12.5856	0.0000	0.0000	0.0000	0.0000	0.0000	0.0000	0.0000	0.0000	0.0000	0.0144	0.0144	0.0000	0.0069	0.0069	0.0000	0.0075	0.0075	0.0000	0.0002	0.0001	0.0000	0.0000	0.0000	0.0000	0.0001	0.0001	0.0000	0.2352	0.1315	0.1037	0.0557	0.0514	0.0043	0.1795	0.0801	0.0994
113	119	0.0700	12	2	0	1	0	0	0	0	0	0	0	0	0	0	0	0	0	0	0	Y	N	N	N	N	N	N	N	N	N	N	N	N	N	N	N	N	N	0.0587	0.0146	0.3288	1484.0170	1630.2973	0.0000	0.0388	0.0000	0.3144	0.9918	0.2459	5.5878	37.2835	37.5880	0.0000	0.7848	0.0000	5.5897	16.9059	16.8197	16.9943	0.0251	0.0231	0.0385	20.2020	23.3418	17.7774	3.6887	0.9860	0.0002	-0.1024	0.0182	6.0007	4.6661	19.0307	0.0007	0.0002	0.0006	0.0002	0.0002	0.0000	0.0006	0.0000	0.0006	1.9777	0.9958	0.9819	0.0005	0.0004	0.0001	1.9772	0.9954	0.9818	0.0008	0.0007	0.0001	0.0000	0.0000	0.0000	0.0008	0.0006	0.0001	0.1170	0.0592	0.0578	0.0191	0.0166	0.0026	0.0979	0.0426	0.0552
113	120	0.0665	11	2	0	1	0	0	0	1	0	0	0	0	0	0	0	0	0	0	0	Y	N	N	N	N	N	N	N	N	N	N	N	N	N	N	N	N	N	1.9440	0.4625	12.0820	5333.9382	4991.0064	0.0000	1.1603	0.0000	11.6432	0.4218	0.1101	2.3298	15.9281	16.0504	0.0000	0.3292	0.0000	2.3305	0.2170	0.2380	0.1928	0.0030	0.0032	0.0000	0.2837	0.4029	0.2002	3.4578	0.7053	0.0000	-0.0006	0.0182	0.0034	4.6661	3.2312	0.0000	0.0000	0.0000	0.0000	0.0000	0.0000	0.0000	0.0000	0.0000	0.0045	0.0026	0.0019	0.0000	0.0000	0.0000	0.0045	0.0026	0.0019	0.0000	0.0000	0.0000	0.0000	0.0000	0.0000	0.0000	0.0000	0.0000	0.0207	0.0111	0.0096	0.0049	0.0046	0.0004	0.0158	0.0065	0.0093
113	121	0.0662	10	2	0	0	0	0	0	0	0	0	0	0	0	0	0	0	0	0	0	Y	N	N	N	N	N	N	N	N	N	N	N	N	N	N	N	N	N	0.0000	0.0000	0.0000	0.0000	0.0000	0.0000	0.0000	0.0000	0.0000	0.0000	0.0000	0.0000	0.0000	0.0000	0.0000	0.0000	0.0000	0.0000	0.0034	0.0043	0.0022	0.0034	0.0035	0.0000	0.0034	0.0055	0.0023		0.4010	0.0000	-0.0000	0.0182	0.0000	4.6661	1.2022	0.0000	0.0000	0.0000	0.0000	0.0000	0.0000	0.0000	0.0000	0.0000	0.0000	0.0000	0.0000	0.0000	0.0000	0.0000	0.0000	0.0000	0.0000	0.0000	0.0000	0.0000	0.0000	0.0000	0.0000	0.0000	0.0000	0.0000	0.0131	0.0074	0.0057	0.0045	0.0044	0.0001	0.0086	0.0030	0.0056
113	122	0.0449	9	2	0	0	0	1	0	0	0	0	0	0	0	0	0	0	0	0	0	Y	N	N	N	N	N	N	N	N	N	N	N	N	N	N	N	N	N	0.0000	0.0000	0.0000	0.0000	0.0000	0.0000	0.0000	0.0000	0.0000	0.0000	0.0000	0.0000	0.0000	0.0000	0.0000	0.0000	0.0000	0.0000	0.0005	0.0007	0.0002	0.0003	0.0003	0.0000	0.0005	0.0009	0.0002		0.2784	0.0000	-0.0000	0.0182	0.0041	4.6661	12.5856	0.0000	0.0000	0.0000	0.0000	0.0000	0.0000	0.0000	0.0000	0.0000	0.0000	0.0000	0.0000	0.0000	0.0000	0.0000	0.0000	0.0000	0.0000	0.0000	0.0000	0.0000	0.0000	0.0000	0.0000	0.0000	0.0000	0.0000	0.0711	0.0381	0.0330	0.0133	0.0121	0.0012	0.0579	0.0260	0.0319
113	131	0.0861	17	2	0	1	0	0	0	0	0	0	0	0	0	0	0	0	0	0	0	Y	N	N	N	N	N	N	N	N	N	N	N	N	N	N	N	N	N	736.8411	0.6571	2737.6628	22.0660	14.3543	inf	641.0445	0.0000	2615.2857	25.6804	0.0036	181.2274	0.1032	0.0791	0.5751	26.7615	0.0000	183.7794	0.0349	0.0054	0.0662	0.0047	0.0055	0.0000	0.0417	0.0054	0.0703	8415.0310	11.4914	0.0015	0.0006	0.0182	1.0211	4.6661	9.0731	0.0035	0.0000	0.0035	0.0000	0.0000	0.0000	0.0035	0.0000	0.0035	0.0016	0.0001	0.0015	0.0000	0.0000	0.0000	0.0016	0.0001	0.0015	0.0001	0.0001	0.0000	0.0000	0.0000	0.0000	0.0001	0.0001	0.0000	0.0467	0.0241	0.0226	0.0087	0.0074	0.0013	0.0380	0.0167	0.0213
113	138	0.0799	14	2	0	1	0	0	0	0	0	0	0	1	0	0	0	0	0	0	0	Y	N	N	N	N	N	N	N	N	N	N	N	N	N	N	N	N	N	0.0000	0.0000	0.0000	0.0000	0.0000	0.0000	0.0000	0.0000	0.0000	0.0000	0.0000	0.0000	0.0000	0.0000	0.0000	0.0000	0.0000	0.0000	0.0010	0.0000	0.0021	0.0001	0.0001	0.0005	0.0012	0.0000	0.0022		50.2816	0.0000	0.0000	0.0182	0.0010	4.6661	4.0030	0.0000	0.0000	0.0000	0.0000	0.0000	0.0000	0.0000	0.0000	0.0000	0.0000	0.0000	0.0000	0.0000	0.0000	0.0000	0.0000	0.0000	0.0000	0.0000	0.0000	0.0000	0.0000	0.0000	0.0000	0.0000	0.0000	0.0000	0.0196	0.0104	0.0092	0.0042	0.0035	0.0007	0.0155	0.0070	0.0085
113	139	0.0543	13	2	0	1	0	0	0	0	0	1	0	1	0	0	0	0	0	0	0	Y	N	N	N	N	N	N	N	N	N	N	N	N	N	N	N	N	N	0.0000	0.0000	0.0000	0.0000	0.0000	0.0000	0.0000	0.0000	0.0000	0.0000	0.0000	0.0000	0.0000	0.0000	0.0000	0.0000	0.0000	0.0000	0.1529	0.0029	0.3142	0.0034	0.0040	0.0001	0.1814	0.0025	0.3304		100.6162	0.0000	0.0049	0.0182	2.9989	4.6661	12.3267	0.0000	0.0000	0.0000	0.0000	0.0000	0.0000	0.0000	0.0000	0.0000	0.0111	0.0001	0.0110	0.0000	0.0000	0.0000	0.0111	0.0001	0.0110	0.0004	0.0003	0.0001	0.0000	0.0000	0.0000	0.0004	0.0003	0.0001	0.0728	0.0377	0.0351	0.0116	0.0099	0.0017	0.0612	0.0278	0.0334
113	140	0.0536	12	2	0	1	0	1	0	1	0	0	0	0	0	0	0	0	0	0	0	Y	N	N	N	N	N	N	N	N	N	N	N	N	N	N	N	N	N	0.0000	0.0000	0.0000	0.0000	0.0000	0.0000	0.0000	0.0000	0.0000	0.0000	0.0000	0.0000	0.0000	0.0000	0.0000	0.0000	0.0000	0.0000	0.0023	0.0002	0.0048	0.0003	0.0004	0.0000	0.0029	0.0002	0.0050		16.6372	0.0000	0.0000	0.0182	0.0011	4.6661	0.8290	0.0000	0.0000	0.0000	0.0000	0.0000	0.0000	0.0000	0.0000	0.0000	0.0000	0.0000	0.0000	0.0000	0.0000	0.0000	0.0000	0.0000	0.0000	0.0000	0.0000	0.0000	0.0000	0.0000	0.0000	0.0000	0.0000	0.0000	0.0051	0.0028	0.0023	0.0011	0.0010	0.0001	0.0040	0.0017	0.0022
113	141	0.0767	14	2	0	1	0	0	0	0	0	0	0	0	0	0	0	0	0	0	0	Y	N	N	N	N	N	N	N	N	N	N	N	N	N	N	N	N	N	0.0000	0.0000	0.0000	0.0000	0.0000	0.0000	0.0000	0.0000	0.0000	0.0000	0.0000	0.0000	0.0000	0.0000	0.0000	0.0000	0.0000	0.0000	8.1942	15.4507	0.4101	1.8486	2.1515	0.1613	9.7435	21.7517	0.4265		0.0247	0.0000	-0.1757	0.0182	0.0243	4.6661	8.8037	0.0000	0.0000	0.0000	0.0000	0.0000	0.0000	0.0000	0.0000	0.0000	0.3353	0.3272	0.0081	0.0148	0.0146	0.0002	0.3204	0.3125	0.0079	0.0000	0.0000	0.0000	0.0000	0.0000	0.0000	0.0000	0.0000	0.0000	0.0409	0.0212	0.0197	0.0080	0.0068	0.0012	0.0329	0.0144	0.0185
113	142	0.0601	13	2	0	1	0	1	0	1	0	0	0	0	0	0	0	0	0	0	0	Y	N	N	N	N	N	N	N	N	N	N	N	N	N	N	N	N	N	0.0000	0.0000	0.0000	0.0000	0.0000	0.0000	0.0000	0.0000	0.0000	0.0000	0.0000	0.0000	0.0000	0.0000	0.0000	0.0000	0.0000	0.0000	20.6674	0.1099	41.6469	0.0204	0.0141	0.0550	24.8804	0.1480	43.9470		371.2647	0.0000	0.4465	0.0182	4.9785	4.6661	5.0554	0.0000	0.0000	0.0000	0.0000	0.0000	0.0000	0.0000	0.0000	0.0000	0.9943	0.0027	0.9916	0.0002	0.0001	0.0001	0.9941	0.0026	0.9916	0.0006	0.0005	0.0001	0.0000	0.0000	0.0000	0.0006	0.0005	0.0001	0.0481	0.0243	0.0238	0.0082	0.0069	0.0012	0.0400	0.0174	0.0226
113	143	0.0991	18	2	0	1	0	0	0	0	0	0	0	1	0	0	0	0	0	0	0	Y	N	N	N	N	N	N	N	N	N	N	N	N	N	N	N	N	N	5055.4810	inf	0.0000	inf	inf	0.0000	6367.9589	inf	0.0000	0.5014	0.6272	0.0000	0.2549	0.3432	0.0000	0.7834	0.9060	0.0000	0.0001	0.0000	0.0002	0.0000	0.0000	0.0000	0.0001	0.0000	0.0002	0.0000	inf	-0.0000	0.0000	0.0182	0.0000	4.6661	3.0055	0.0000	0.0000	0.0000	0.0000	0.0000	0.0000	0.0000	0.0000	0.0000	0.0000	0.0000	0.0000	0.0000	0.0000	0.0000	0.0000	0.0000	0.0000	0.0000	0.0000	0.0000	0.0000	0.0000	0.0000	0.0000	0.0000	0.0000	0.0136	0.0072	0.0064	0.0026	0.0022	0.0004	0.0110	0.0050	0.0060
113	144	0.0861	17	2	0	1	0	0	0	0	0	1	0	1	0	0	0	0	0	0	0	Y	N	N	N	N	N	N	N	N	N	N	N	N	N	N	N	N	N	63.1955	17627.7437	0.0000	49190.0081	44089.7737	0.0000	38.5091	inf	0.0000	2.2347	2.5977	0.0000	19.6452	20.6051	0.0000	1.6785	1.9578	0.0000	0.0354	0.0001	0.0729	0.0004	0.0005	0.0000	0.0436	0.0000	0.0773	0.0000	464.1003	-0.0003	0.0006	0.0182	2.0192	4.6661	6.0784	0.0006	0.0006	0.0000	0.0002	0.0002	0.0000	0.0004	0.0004	0.0000	0.0014	0.0000	0.0013	0.0000	0.0000	0.0000	0.0013	0.0000	0.0013	0.0003	0.0002	0.0000	0.0000	0.0000	0.0000	0.0003	0.0002	0.0000	0.0382	0.0197	0.0185	0.0073	0.0062	0.0011	0.0309	0.0135	0.0174
113	145	0.0813	16	2	0	1	0	1	0	0	0	0	0	0	0	0	0	0	0	0	0	Y	N	N	N	N	N	N	N	N	N	N	N	N	N	N	N	N	N	0.0042	1.2905	0.0089	7.3452	6.2595	0.0000	0.0032	29.6694	0.0084	0.0056	0.0026	0.0238	0.0452	0.0470	0.0000	0.0050	0.0019	0.0239	1.3284	0.0020	2.6812	0.0062	0.0075	0.0000	1.5849	0.0001	2.8485	1.4723	1295.1549	0.0000	0.0081	0.0182	1.9811	4.6661	0.9869	0.0000	0.0000	0.0000	0.0000	0.0000	0.0000	0.0000	0.0000	0.0000	0.0180	0.0000	0.0179	0.0000	0.0000	0.0000	0.0179	0.0000	0.0179	0.0003	0.0002	0.0000	0.0000	0.0000	0.0000	0.0003	0.0002	0.0000	0.0135	0.0068	0.0067	0.0022	0.0018	0.0004	0.0113	0.0050	0.0063
114	119	0.0626	11	2	0	1	0	0	0	0	0	0	0	0	0	0	0	0	0	0	0	Y	N	N	N	N	N	N	N	N	N	N	N	N	N	N	N	N	N	1.0327	1.1279	2.6311	50.3455	47.1880	0.0000	0.4558	0.0000	2.5310	14.1521	8.0183	60.2130	51.4631	51.4757	0.0000	8.2041	0.0000	60.2303	13.7040	7.1088	22.8848	1.0222	1.0909	0.0066	17.9996	11.2434	23.7967	1.0000	2.3125	-0.0000	0.0001	0.0004	6.0007	0.0007	19.0307	0.0003	0.0002	0.0002	0.0002	0.0002	0.0000	0.0002	0.0000	0.0002	0.0005	0.0002	0.0004	0.0000	0.0000	0.0000	0.0005	0.0001	0.0004	0.0000	0.0000	0.0000	0.0000	0.0000	0.0000	0.0000	0.0000	0.0000	0.0000	0.0000	0.0000	0.0000	0.0000	0.0000	0.0000	0.0000	0.0000
114	120	0.0591	10	2	0	1	0	0	0	1	0	0	0	0	0	0	0	0	0	0	0	Y	N	N	N	N	N	N	N	N	N	N	N	N	N	N	N	N	N	74.0936	80.9151	188.4149	4196.7223	4010.0608	0.0000	30.6992	0.0000	182.3439	6.3980	3.6171	27.6730	23.9023	23.9083	0.0000	3.6933	0.0000	27.6810	0.0864	0.0447	0.1469	0.0057	0.0060	0.0000	0.1203	0.0801	0.1518	1.0000	2.2609	-0.0000	0.0000	0.0004	0.0034	0.0007	3.2312	0.0000	0.0000	0.0000	0.0000	0.0000	0.0000	0.0000	0.0000	0.0000	0.0000	0.0000	0.0000	0.0000	0.0000	0.0000	0.0000	0.0000	0.0000	0.0000	0.0000	0.0000	0.0000	0.0000	0.0000	0.0000	0.0000	0.0000	0.0000	0.0000	0.0000	0.0000	0.0000	0.0000	0.0000	0.0000	0.0000
114	121	0.0588	9	2	0	0	0	0	0	0	0	0	0	0	0	0	0	0	0	0	0	Y	N	N	N	N	N	N	N	N	N	N	N	N	N	N	N	N	N	0.0000	0.0000	0.0000	0.0000	0.0000	0.0000	0.0000	0.0000	0.0000	0.0000	0.0000	0.0000	0.0000	0.0000	0.0000	0.0000	0.0000	0.0000	0.0000	0.0000	0.0000	0.0000	0.0000	0.0000	0.0000	0.0000	0.0000			0.0000	0.0000	0.0004	0.0000	0.0007	1.2022	0.0000	0.0000	0.0000	0.0000	0.0000	0.0000	0.0000	0.0000	0.0000	0.0000	0.0000	0.0000	0.0000	0.0000	0.0000	0.0000	0.0000	0.0000	0.0000	0.0000	0.0000	0.0000	0.0000	0.0000	0.0000	0.0000	0.0000	0.0000	0.0000	0.0000	0.0000	0.0000	0.0000	0.0000	0.0000	0.0000
114	122	0.0375	8	2	0	0	0	1	0	0	0	0	0	0	0	0	0	0	0	0	0	Y	N	N	N	N	N	N	N	N	N	N	N	N	N	N	N	N	N	0.0000	0.0000	0.0000	0.0000	0.0000	0.0000	0.0000	0.0000	0.0000	0.0000	0.0000	0.0000	0.0000	0.0000	0.0000	0.0000	0.0000	0.0000	0.0000	0.0000	0.0000	0.0000	0.0000	0.0000	0.0000	0.0000	0.0000			0.0000	0.0000	0.0004	0.0041	0.0007	12.5856	0.0000	0.0000	0.0000	0.0000	0.0000	0.0000	0.0000	0.0000	0.0000	0.0000	0.0000	0.0000	0.0000	0.0000	0.0000	0.0000	0.0000	0.0000	0.0000	0.0000	0.0000	0.0000	0.0000	0.0000	0.0000	0.0000	0.0000	0.0000	0.0000	0.0000	0.0000	0.0000	0.0000	0.0000	0.0000	0.0000
114	131	0.0787	16	2	0	1	0	0	0	0	0	0	0	0	0	0	0	0	0	0	0	Y	N	N	N	N	N	N	N	N	N	N	N	N	N	N	N	N	N	1.5149	inf	2.2865	inf	inf	inf	0.0000	0.0000	0.0000	0.0673	0.0389	0.2498	0.2877	0.1684	0.9870	0.0000	0.0000	0.0000	0.0445	0.0000	0.1093	0.0000	0.0000	0.0000	0.0612	0.0000	0.1150	1.0000	inf	-0.0000	0.0000	0.0004	1.0211	0.0007	9.0731	0.0000	0.0000	0.0000	0.0000	0.0000	0.0000	0.0000	0.0000	0.0000	0.0000	0.0000	0.0000	0.0000	0.0000	0.0000	0.0000	0.0000	0.0000	0.0000	0.0000	0.0000	0.0000	0.0000	0.0000	0.0000	0.0000	0.0000	0.0000	0.0000	0.0000	0.0000	0.0000	0.0000	0.0000	0.0000	0.0000
114	138	0.0725	13	2	0	1	0	0	0	0	0	0	0	1	0	0	0	0	0	0	0	Y	N	N	N	N	N	N	N	N	N	N	N	N	N	N	N	N	N	0.0000	0.0000	0.0000	0.0000	0.0000	0.0000	0.0000	0.0000	0.0000	0.0000	0.0000	0.0000	0.0000	0.0000	0.0000	0.0000	0.0000	0.0000	0.0208	0.0177	0.0254	0.0358	0.0385	0.0071	0.0145	0.0000	0.0266		0.9986	0.0000	-0.0000	0.0004	0.0010	0.0007	4.0030	0.0000	0.0000	0.0000	0.0000	0.0000	0.0000	0.0000	0.0000	0.0000	0.0000	0.0000	0.0000	0.0000	0.0000	0.0000	0.0000	0.0000	0.0000	0.0000	0.0000	0.0000	0.0000	0.0000	0.0000	0.0000	0.0000	0.0000	0.0000	0.0000	0.0000	0.0000	0.0000	0.0000	0.0000	0.0000	0.0000
114	139	0.0469	12	2	0	1	0	0	0	0	0	1	0	1	0	0	0	0	0	0	0	Y	N	N	N	N	N	N	N	N	N	N	N	N	N	N	N	N	N	0.0000	0.0000	0.0000	0.0000	0.0000	0.0000	0.0000	0.0000	0.0000	0.0000	0.0000	0.0000	0.0000	0.0000	0.0000	0.0000	0.0000	0.0000	3.2808	2.7728	4.0168	6.4778	6.9515	0.0000	2.1966	0.0001	4.1939		0.9999	0.0000	-0.0000	0.0004	2.9989	0.0007	12.3267	0.0000	0.0000	0.0000	0.0000	0.0000	0.0000	0.0000	0.0000	0.0000	0.0001	0.0000	0.0000	0.0000	0.0000	0.0000	0.0000	0.0000	0.0000	0.0000	0.0000	0.0000	0.0000	0.0000	0.0000	0.0000	0.0000	0.0000	0.0000	0.0000	0.0000	0.0000	0.0000	0.0000	0.0000	0.0000	0.0000
114	140	0.0462	11	2	0	1	0	1	0	1	0	0	0	0	0	0	0	0	0	0	0	Y	N	N	N	N	N	N	N	N	N	N	N	N	N	N	N	N	N	0.0000	0.0000	0.0000	0.0000	0.0000	0.0000	0.0000	0.0000	0.0000	0.0000	0.0000	0.0000	0.0000	0.0000	0.0000	0.0000	0.0000	0.0000	0.0522	0.0442	0.0643	0.0908	0.0975	0.0000	0.0366	0.0000	0.0667		0.9626	0.0000	-0.0000	0.0004	0.0011	0.0007	0.8290	0.0000	0.0000	0.0000	0.0000	0.0000	0.0000	0.0000	0.0000	0.0000	0.0000	0.0000	0.0000	0.0000	0.0000	0.0000	0.0000	0.0000	0.0000	0.0000	0.0000	0.0000	0.0000	0.0000	0.0000	0.0000	0.0000	0.0000	0.0000	0.0000	0.0000	0.0000	0.0000	0.0000	0.0000	0.0000	0.0000
114	141	0.0693	13	2	0	1	0	0	0	0	0	0	0	0	0	0	0	0	0	0	0	Y	N	N	N	N	N	N	N	N	N	N	N	N	N	N	N	N	N	0.0000	0.0000	0.0000	0.0000	0.0000	0.0000	0.0000	0.0000	0.0000	0.0000	0.0000	0.0000	0.0000	0.0000	0.0000	0.0000	0.0000	0.0000	6.6055	10.8771	0.0000	10.2867	11.7810	0.0000	4.8643	10.1018	0.0000		0.0000	0.0000	-0.0001	0.0004	0.0243	0.0007	8.8037	0.0000	0.0000	0.0000	0.0000	0.0000	0.0000	0.0000	0.0000	0.0000	0.0001	0.0001	0.0000	0.0000	0.0000	0.0000	0.0000	0.0000	0.0000	0.0000	0.0000	0.0000	0.0000	0.0000	0.0000	0.0000	0.0000	0.0000	0.0000	0.0000	0.0000	0.0000	0.0000	0.0000	0.0000	0.0000	0.0000
114	142	0.0527	12	2	0	1	0	1	0	1	0	0	0	0	0	0	0	0	0	0	0	Y	N	N	N	N	N	N	N	N	N	N	N	N	N	N	N	N	N	0.0000	0.0000	0.0000	0.0000	0.0000	0.0000	0.0000	0.0000	0.0000	0.0000	0.0000	0.0000	0.0000	0.0000	0.0000	0.0000	0.0000	0.0000	0.0419	0.0711	0.0009	0.0808	0.0870	0.0000	0.0282	0.0600	0.0009		0.0093	0.0000	-0.0000	0.0004	4.9785	0.0007	5.0554	0.0000	0.0000	0.0000	0.0000	0.0000	0.0000	0.0000	0.0000	0.0000	0.0000	0.0000	0.0000	0.0000	0.0000	0.0000	0.0000	0.0000	0.0000	0.0000	0.0000	0.0000	0.0000	0.0000	0.0000	0.0000	0.0000	0.0000	0.0000	0.0000	0.0000	0.0000	0.0000	0.0000	0.0000	0.0000	0.0000
114	143	0.0917	17	2	0	1	0	0	0	0	0	0	0	1	0	0	0	0	0	0	0	Y	N	N	N	N	N	N	N	N	N	N	N	N	N	N	N	N	N	inf	inf	0.0000	inf	inf	0.0000	inf	inf	0.0000	0.4875	0.6484	0.0000	0.3281	0.4902	0.0000	0.9479	0.9573	0.0000	0.0000	0.0000	0.0000	0.0000	0.0000	0.0000	0.0000	0.0000	0.0000	0.0000		-0.0000	0.0000	0.0004	0.0000	0.0007	3.0055	0.0000	0.0000	0.0000	0.0000	0.0000	0.0000	0.0000	0.0000	0.0000	0.0000	0.0000	0.0000	0.0000	0.0000	0.0000	0.0000	0.0000	0.0000	0.0000	0.0000	0.0000	0.0000	0.0000	0.0000	0.0000	0.0000	0.0000	0.0000	0.0000	0.0000	0.0000	0.0000	0.0000	0.0000	0.0000	0.0000
114	144	0.0787	16	2	0	1	0	0	0	0	0	1	0	1	0	0	0	0	0	0	0	Y	N	N	N	N	N	N	N	N	N	N	N	N	N	N	N	N	N	698.9128	inf	0.0000	inf	inf	0.0000	314.0436	inf	0.0000	38.1395	43.5993	0.0000	98.3002	108.9817	0.0000	23.6596	27.2506	0.0000	0.0546	0.0000	0.1338	0.0000	0.0000	0.0000	0.0753	0.0000	0.1408	0.0000	inf	-0.0002	0.0000	0.0004	2.0192	0.0007	6.0784	0.0003	0.0003	0.0000	0.0002	0.0002	0.0000	0.0002	0.0002	0.0000	0.0000	0.0000	0.0000	0.0000	0.0000	0.0000	0.0000	0.0000	0.0000	0.0000	0.0000	0.0000	0.0000	0.0000	0.0000	0.0000	0.0000	0.0000	0.0000	0.0000	0.0000	0.0000	0.0000	0.0000	0.0000	0.0000	0.0000
114	145	0.0739	15	2	0	1	0	1	0	0	0	0	0	0	0	0	0	0	0	0	0	Y	N	N	N	N	N	N	N	N	N	N	N	N	N	N	N	N	N	0.0204	inf	0.0000	inf	inf	0.0000	0.0088	inf	0.0000	0.0413	0.0467	0.0000	0.1478	0.1482	0.0000	0.0240	0.0277	0.0000	2.0196	0.0000	4.9011	0.0000	0.0000	0.0000	2.7283	0.0000	5.1612	0.0000	inf	-0.0000	0.0000	0.0004	1.9811	0.0007	0.9869	0.0000	0.0000	0.0000	0.0000	0.0000	0.0000	0.0000	0.0000	0.0000	0.0000	0.0000	0.0000	0.0000	0.0000	0.0000	0.0000	0.0000	0.0000	0.0000	0.0000	0.0000	0.0000	0.0000	0.0000	0.0000	0.0000	0.0000	0.0000	0.0000	0.0000	0.0000	0.0000	0.0000	0.0000	0.0000	0.0000
115	119	0.0626	10	2	0	1	0	0	0	0	0	0	0	0	0	0	0	0	0	0	0	Y	N	N	N	N	N	N	N	N	N	N	N	N	N	N	N	N	N	23.3204	17.6185	66.1390	56.7137	54.9066	0.0000	17.9974	0.0000	64.0271	14.1521	8.0183	60.2130	51.4631	51.4757	0.0000	8.2041	0.0000	60.2303	0.6069	0.4551	0.9104	0.9074	0.9375	0.0000	0.4558	0.0000	0.9407	1.0000	1.0000	-0.0000	-0.0000	0.0004	6.0007	0.0002	19.0307	0.0003	0.0002	0.0002	0.0002	0.0002	0.0000	0.0002	0.0000	0.0002	0.0000	0.0000	0.0000	0.0000	0.0000	0.0000	0.0000	0.0000	0.0000	0.0000	0.0000	0.0000	0.0000	0.0000	0.0000	0.0000	0.0000	0.0000	0.0000	0.0000	0.0000	0.0000	0.0000	0.0000	0.0000	0.0000	0.0000
115	120	0.0591	9	2	0	1	0	0	0	1	0	0	0	0	0	0	0	0	0	0	0	Y	N	N	N	N	N	N	N	N	N	N	N	N	N	N	N	N	N	1528.9533	1098.5786	4649.2880	4063.5956	3783.8211	0.0000	1137.3102	0.0000	4520.5210	6.3980	3.6171	27.6730	23.9023	23.9083	0.0000	3.6933	0.0000	27.6810	0.0042	0.0033	0.0060	0.0059	0.0063	0.0000	0.0032	0.0000	0.0061	1.0000	0.9123	-0.0000	-0.0000	0.0004	0.0034	0.0002	3.2312	0.0000	0.0000	0.0000	0.0000	0.0000	0.0000	0.0000	0.0000	0.0000	0.0000	0.0000	0.0000	0.0000	0.0000	0.0000	0.0000	0.0000	0.0000	0.0000	0.0000	0.0000	0.0000	0.0000	0.0000	0.0000	0.0000	0.0000	0.0000	0.0000	0.0000	0.0000	0.0000	0.0000	0.0000	0.0000	0.0000
115	121	0.0588	8	2	0	0	0	0	0	0	0	0	0	0	0	0	0	0	0	0	0	Y	N	N	N	N	N	N	N	N	N	N	N	N	N	N	N	N	N	0.0000	0.0000	0.0000	0.0000	0.0000	0.0000	0.0000	0.0000	0.0000	0.0000	0.0000	0.0000	0.0000	0.0000	0.0000	0.0000	0.0000	0.0000	0.0000	0.0000	0.0000	0.0000	0.0000	0.0000	0.0000	0.0000	0.0000			0.0000	0.0000	0.0004	0.0000	0.0002	1.2022	0.0000	0.0000	0.0000	0.0000	0.0000	0.0000	0.0000	0.0000	0.0000	0.0000	0.0000	0.0000	0.0000	0.0000	0.0000	0.0000	0.0000	0.0000	0.0000	0.0000	0.0000	0.0000	0.0000	0.0000	0.0000	0.0000	0.0000	0.0000	0.0000	0.0000	0.0000	0.0000	0.0000	0.0000	0.0000	0.0000
115	122	0.0375	7	2	0	0	0	1	0	0	0	0	0	0	0	0	0	0	0	0	0	Y	N	N	N	N	N	N	N	N	N	N	N	N	N	N	N	N	N	0.0000	0.0000	0.0000	0.0000	0.0000	0.0000	0.0000	0.0000	0.0000	0.0000	0.0000	0.0000	0.0000	0.0000	0.0000	0.0000	0.0000	0.0000	0.0000	0.0000	0.0000	0.0000	0.0000	0.0000	0.0000	0.0000	0.0000			0.0000	0.0000	0.0004	0.0041	0.0002	12.5856	0.0000	0.0000	0.0000	0.0000	0.0000	0.0000	0.0000	0.0000	0.0000	0.0000	0.0000	0.0000	0.0000	0.0000	0.0000	0.0000	0.0000	0.0000	0.0000	0.0000	0.0000	0.0000	0.0000	0.0000	0.0000	0.0000	0.0000	0.0000	0.0000	0.0000	0.0000	0.0000	0.0000	0.0000	0.0000	0.0000
115	131	0.0787	15	2	0	1	0	0	0	0	0	0	0	0	0	0	0	0	0	0	0	Y	N	N	N	N	N	N	N	N	N	N	N	N	N	N	N	N	N	inf	inf	inf	inf	inf	inf	0.0000	0.0000	0.0000	0.0673	0.0389	0.2498	0.2877	0.1684	0.9870	0.0000	0.0000	0.0000	0.0000	0.0000	0.0000	0.0000	0.0000	0.0000	0.0000	0.0000	0.0000	1.0000		-0.0000	0.0000	0.0004	1.0211	0.0002	9.0731	0.0000	0.0000	0.0000	0.0000	0.0000	0.0000	0.0000	0.0000	0.0000	0.0000	0.0000	0.0000	0.0000	0.0000	0.0000	0.0000	0.0000	0.0000	0.0000	0.0000	0.0000	0.0000	0.0000	0.0000	0.0000	0.0000	0.0000	0.0000	0.0000	0.0000	0.0000	0.0000	0.0000	0.0000	0.0000	0.0000
115	138	0.0725	12	2	0	1	0	0	0	0	0	0	0	1	0	0	0	0	0	0	0	Y	N	N	N	N	N	N	N	N	N	N	N	N	N	N	N	N	N	0.0000	0.0000	0.0000	0.0000	0.0000	0.0000	0.0000	0.0000	0.0000	0.0000	0.0000	0.0000	0.0000	0.0000	0.0000	0.0000	0.0000	0.0000	0.0242	0.0182	0.0360	0.0337	0.0347	0.0124	0.0187	0.0000	0.0372		1.0000	0.0000	-0.0000	0.0004	0.0010	0.0002	4.0030	0.0000	0.0000	0.0000	0.0000	0.0000	0.0000	0.0000	0.0000	0.0000	0.0000	0.0000	0.0000	0.0000	0.0000	0.0000	0.0000	0.0000	0.0000	0.0000	0.0000	0.0000	0.0000	0.0000	0.0000	0.0000	0.0000	0.0000	0.0000	0.0000	0.0000	0.0000	0.0000	0.0000	0.0000	0.0000	0.0000
115	139	0.0469	11	2	0	1	0	0	0	0	0	1	0	1	0	0	0	0	0	0	0	Y	N	N	N	N	N	N	N	N	N	N	N	N	N	N	N	N	N	0.0000	0.0000	0.0000	0.0000	0.0000	0.0000	0.0000	0.0000	0.0000	0.0000	0.0000	0.0000	0.0000	0.0000	0.0000	0.0000	0.0000	0.0000	3.8289	2.8435	5.8596	5.7071	5.9101	0.0000	2.8808	0.0002	6.0738		0.9999	0.0000	-0.0000	0.0004	2.9989	0.0002	12.3267	0.0000	0.0000	0.0000	0.0000	0.0000	0.0000	0.0000	0.0000	0.0000	0.0001	0.0000	0.0000	0.0000	0.0000	0.0000	0.0000	0.0000	0.0000	0.0000	0.0000	0.0000	0.0000	0.0000	0.0000	0.0000	0.0000	0.0000	0.0000	0.0000	0.0000	0.0000	0.0000	0.0000	0.0000	0.0000	0.0000
115	140	0.0461	10	2	0	1	0	1	0	1	0	0	0	0	0	0	0	0	0	0	0	Y	N	N	N	N	N	N	N	N	N	N	N	N	N	N	N	N	N	0.0000	0.0000	0.0000	0.0000	0.0000	0.0000	0.0000	0.0000	0.0000	0.0000	0.0000	0.0000	0.0000	0.0000	0.0000	0.0000	0.0000	0.0000	0.0639	0.0484	0.0958	0.0909	0.0954	0.0000	0.0492	0.0000	0.0988		0.9626	0.0000	-0.0000	0.0004	0.0011	0.0002	0.8290	0.0000	0.0000	0.0000	0.0000	0.0000	0.0000	0.0000	0.0000	0.0000	0.0000	0.0000	0.0000	0.0000	0.0000	0.0000	0.0000	0.0000	0.0000	0.0000	0.0000	0.0000	0.0000	0.0000	0.0000	0.0000	0.0000	0.0000	0.0000	0.0000	0.0000	0.0000	0.0000	0.0000	0.0000	0.0000	0.0000
115	141	0.0693	12	2	0	1	0	0	0	0	0	0	0	0	0	0	0	0	0	0	0	Y	N	N	N	N	N	N	N	N	N	N	N	N	N	N	N	N	N	0.0000	0.0000	0.0000	0.0000	0.0000	0.0000	0.0000	0.0000	0.0000	0.0000	0.0000	0.0000	0.0000	0.0000	0.0000	0.0000	0.0000	0.0000	7.5264	10.9955	0.0000	9.5555	10.5396	0.0000	6.2078	11.4928	0.0000		0.0000	0.0000	-0.0001	0.0004	0.0243	0.0002	8.8037	0.0000	0.0000	0.0000	0.0000	0.0000	0.0000	0.0000	0.0000	0.0000	0.0001	0.0001	0.0000	0.0000	0.0000	0.0000	0.0000	0.0000	0.0000	0.0000	0.0000	0.0000	0.0000	0.0000	0.0000	0.0000	0.0000	0.0000	0.0000	0.0000	0.0000	0.0000	0.0000	0.0000	0.0000	0.0000	0.0000
115	142	0.0527	11	2	0	1	0	1	0	1	0	0	0	0	0	0	0	0	0	0	0	Y	N	N	N	N	N	N	N	N	N	N	N	N	N	N	N	N	N	0.0000	0.0000	0.0000	0.0000	0.0000	0.0000	0.0000	0.0000	0.0000	0.0000	0.0000	0.0000	0.0000	0.0000	0.0000	0.0000	0.0000	0.0000	0.0490	0.0727	0.0013	0.0726	0.0753	0.0000	0.0369	0.0701	0.0013		0.0090	0.0000	-0.0000	0.0004	4.9785	0.0002	5.0554	0.0000	0.0000	0.0000	0.0000	0.0000	0.0000	0.0000	0.0000	0.0000	0.0000	0.0000	0.0000	0.0000	0.0000	0.0000	0.0000	0.0000	0.0000	0.0000	0.0000	0.0000	0.0000	0.0000	0.0000	0.0000	0.0000	0.0000	0.0000	0.0000	0.0000	0.0000	0.0000	0.0000	0.0000	0.0000	0.0000
115	143	0.0917	16	2	0	1	0	0	0	0	0	0	0	1	0	0	0	0	0	0	0	Y	N	N	N	N	N	N	N	N	N	N	N	N	N	N	N	N	N	inf	inf	0.0000	inf	inf	0.0000	inf	inf	0.0000	0.4875	0.6484	0.0000	0.3281	0.4902	0.0000	0.9479	0.9573	0.0000	0.0000	0.0000	0.0000	0.0000	0.0000	0.0000	0.0000	0.0000	0.0000	0.0000		-0.0000	0.0000	0.0004	0.0000	0.0002	3.0055	0.0000	0.0000	0.0000	0.0000	0.0000	0.0000	0.0000	0.0000	0.0000	0.0000	0.0000	0.0000	0.0000	0.0000	0.0000	0.0000	0.0000	0.0000	0.0000	0.0000	0.0000	0.0000	0.0000	0.0000	0.0000	0.0000	0.0000	0.0000	0.0000	0.0000	0.0000	0.0000	0.0000	0.0000	0.0000	0.0000
115	144	0.0787	15	2	0	1	0	0	0	0	0	1	0	1	0	0	0	0	0	0	0	Y	N	N	N	N	N	N	N	N	N	N	N	N	N	N	N	N	N	inf	inf	0.0000	inf	inf	0.0000	inf	inf	0.0000	38.1395	43.5993	0.0000	98.3002	108.9817	0.0000	23.6596	27.2506	0.0000	0.0000	0.0000	0.0000	0.0000	0.0000	0.0000	0.0000	0.0000	0.0000	0.0000		-0.0002	0.0000	0.0004	2.0192	0.0002	6.0784	0.0003	0.0003	0.0000	0.0002	0.0002	0.0000	0.0002	0.0002	0.0000	0.0000	0.0000	0.0000	0.0000	0.0000	0.0000	0.0000	0.0000	0.0000	0.0000	0.0000	0.0000	0.0000	0.0000	0.0000	0.0000	0.0000	0.0000	0.0000	0.0000	0.0000	0.0000	0.0000	0.0000	0.0000	0.0000	0.0000
115	145	0.0739	14	2	0	1	0	1	0	0	0	0	0	0	0	0	0	0	0	0	0	Y	N	N	N	N	N	N	N	N	N	N	N	N	N	N	N	N	N	inf	inf	0.0000	inf	inf	0.0000	inf	inf	0.0000	0.0413	0.0467	0.0000	0.1478	0.1482	0.0000	0.0240	0.0277	0.0000	0.0000	0.0000	0.0000	0.0000	0.0000	0.0000	0.0000	0.0000	0.0000	0.0000		-0.0000	0.0000	0.0004	1.9811	0.0002	0.9869	0.0000	0.0000	0.0000	0.0000	0.0000	0.0000	0.0000	0.0000	0.0000	0.0000	0.0000	0.0000	0.0000	0.0000	0.0000	0.0000	0.0000	0.0000	0.0000	0.0000	0.0000	0.0000	0.0000	0.0000	0.0000	0.0000	0.0000	0.0000	0.0000	0.0000	0.0000	0.0000	0.0000	0.0000	0.0000	0.0000
116	119	0.0626	9	2	0	1	0	0	0	0	0	0	0	0	0	0	0	0	0	0	0	Y	N	N	N	N	N	N	N	N	N	N	N	N	N	N	N	N	N	365.4661	168.3902	55664.3918	254.8355	236.9071	0.0000	7758.7554	0.0000	55835.4486	7.2623	6.1114	15.0685	26.6493	26.6530	0.0000	2.4198	0.0000	15.0718	0.0199	0.0363	0.0003	0.1046	0.1125	0.0003	0.0003	0.0004	0.0003	0.3635	0.0062	-0.0002	-0.0040	0.0012	6.0007	12.6705	19.0307	0.0006	0.0004	0.0002	0.0004	0.0004	0.0000	0.0002	0.0000	0.0002	0.0074	0.0074	0.0000	0.0074	0.0073	0.0000	0.0001	0.0001	0.0000	0.0001	0.0001	0.0000	0.0000	0.0000	0.0000	0.0001	0.0001	0.0000	0.3747	0.2039	0.1708	0.0703	0.0653	0.0050	0.3044	0.1386	0.1659
116	120	0.0591	8	2	0	1	0	0	0	1	0	0	0	0	0	0	0	0	0	0	0	Y	N	N	N	N	N	N	N	N	N	N	N	N	N	N	N	N	N	32.0131	26.0803	69.9156	51.7466	49.6483	0.0000	18.5468	0.0000	68.4993	3.2823	2.7580	6.8806	12.2251	12.2268	0.0000	1.0897	0.0000	6.8821	0.1025	0.1057	0.0984	0.2362	0.2463	0.0166	0.0588	0.0039	0.1005	0.3635	0.7277	-0.0000	-0.0008	0.0012	0.0034	12.6705	3.2312	0.0000	0.0000	0.0000	0.0000	0.0000	0.0000	0.0000	0.0000	0.0000	0.0065	0.0038	0.0028	0.0037	0.0037	0.0000	0.0028	0.0001	0.0027	0.0000	0.0000	0.0000	0.0000	0.0000	0.0000	0.0000	0.0000	0.0000	0.0638	0.0358	0.0280	0.0157	0.0150	0.0007	0.0480	0.0207	0.0273
116	121	0.0588	7	2	0	0	0	0	0	0	0	0	0	0	0	0	0	0	0	0	0	Y	N	N	N	N	N	N	N	N	N	N	N	N	N	N	N	N	N	0.0000	0.0000	0.0000	0.0000	0.0000	0.0000	0.0000	0.0000	0.0000	0.0000	0.0000	0.0000	0.0000	0.0000	0.0000	0.0000	0.0000	0.0000	0.0625	0.0951	0.0183	0.1495	0.1518	0.0390	0.0173	0.0163	0.0179		0.1415	0.0000	-0.0010	0.0012	0.0000	12.6705	1.2022	0.0000	0.0000	0.0000	0.0000	0.0000	0.0000	0.0000	0.0000	0.0000	0.0024	0.0021	0.0003	0.0019	0.0019	0.0000	0.0004	0.0001	0.0003	0.0000	0.0000	0.0000	0.0000	0.0000	0.0000	0.0000	0.0000	0.0000	0.0381	0.0220	0.0162	0.0130	0.0128	0.0003	0.0251	0.0092	0.0159
116	122	0.0375	6	2	0	0	0	1	0	0	0	0	0	0	0	0	0	0	0	0	0	Y	N	N	N	N	N	N	N	N	N	N	N	N	N	N	N	N	N	0.0000	0.0000	0.0000	0.0000	0.0000	0.0000	0.0000	0.0000	0.0000	0.0000	0.0000	0.0000	0.0000	0.0000	0.0000	0.0000	0.0000	0.0000	6.7811	7.9390	5.3183	0.0144	0.0150	0.0005	8.5351	12.2501	5.4311		0.5303	0.0000	-0.3083	0.0012	0.0041	12.6705	12.5856	0.0000	0.0000	0.0000	0.0000	0.0000	0.0000	0.0000	0.0000	0.0000	1.5282	0.9986	0.5295	0.0007	0.0007	0.0000	1.5275	0.9980	0.5295	0.0000	0.0000	0.0000	0.0000	0.0000	0.0000	0.0000	0.0000	0.0000	0.2254	0.1258	0.0996	0.0464	0.0443	0.0021	0.1790	0.0815	0.0975
116	131	0.0787	14	2	0	1	0	0	0	0	0	0	0	0	0	0	0	0	0	0	0	Y	N	N	N	N	N	N	N	N	N	N	N	N	N	N	N	N	N	0.0058	1.8064	0.0136	8.0945	2.3873	37.4849	0.0000	0.0000	0.0000	0.0381	0.0110	0.2015	0.1391	0.0387	0.9873	0.0000	0.0000	0.0000	6.5468	0.0061	14.7994	0.0172	0.0162	0.0263	8.5266	0.0000	15.5883	3.0202	1919.8850	0.0000	0.4496	0.0012	1.0211	12.6705	9.0731	0.0000	0.0000	0.0000	0.0000	0.0000	0.0000	0.0000	0.0000	0.0000	0.9964	0.0005	0.9958	0.0006	0.0005	0.0001	0.9958	0.0000	0.9958	0.0000	0.0000	0.0000	0.0000	0.0000	0.0000	0.0000	0.0000	0.0000	0.1522	0.0849	0.0673	0.0354	0.0320	0.0034	0.1168	0.0529	0.0639
116	138	0.0725	11	2	0	1	0	0	0	0	0	0	0	1	0	0	0	0	0	0	0	Y	N	N	N	N	N	N	N	N	N	N	N	N	N	N	N	N	N	0.0000	0.0000	0.0000	0.0000	0.0000	0.0000	0.0000	0.0000	0.0000	0.0000	0.0000	0.0000	0.0000	0.0000	0.0000	0.0000	0.0000	0.0000	0.0196	0.0345	0.0000	0.0027	0.0030	0.0000	0.0249	0.0533	0.0000		0.0005	0.0000	-0.0007	0.0012	0.0010	12.6705	4.0030	0.0000	0.0000	0.0000	0.0000	0.0000	0.0000	0.0000	0.0000	0.0000	0.0012	0.0012	0.0000	0.0000	0.0000	0.0000	0.0012	0.0012	0.0000	0.0000	0.0000	0.0000	0.0000	0.0000	0.0000	0.0000	0.0000	0.0000	0.0632	0.0360	0.0273	0.0149	0.0134	0.0015	0.0483	0.0225	0.0258
116	139	0.0469	10	2	0	1	0	0	0	0	0	1	0	1	0	0	0	0	0	0	0	Y	N	N	N	N	N	N	N	N	N	N	N	N	N	N	N	N	N	0.0000	0.0000	0.0000	0.0000	0.0000	0.0000	0.0000	0.0000	0.0000	0.0000	0.0000	0.0000	0.0000	0.0000	0.0000	0.0000	0.0000	0.0000	4.2538	7.6944	0.0083	0.0455	0.0494	0.0001	5.1821	10.9995	0.0086		0.0009	0.0000	-0.5448	0.0012	2.9989	12.6705	12.3267	0.0000	0.0000	0.0000	0.0000	0.0000	0.0000	0.0000	0.0000	0.0000	0.9953	0.9944	0.0009	0.0019	0.0019	0.0000	0.9934	0.9925	0.0009	0.0000	0.0000	0.0000	0.0000	0.0000	0.0000	0.0000	0.0000	0.0000	0.2340	0.1292	0.1047	0.0423	0.0390	0.0033	0.1917	0.0902	0.1015
116	140	0.0461	9	2	0	1	0	1	0	1	0	0	0	0	0	0	0	0	0	0	0	Y	N	N	N	N	N	N	N	N	N	N	N	N	N	N	N	N	N	0.0000	0.0000	0.0000	0.0000	0.0000	0.0000	0.0000	0.0000	0.0000	0.0000	0.0000	0.0000	0.0000	0.0000	0.0000	0.0000	0.0000	0.0000	0.4895	0.6533	0.2751	1.4195	1.4920	0.0004	0.2065	0.1136	0.2825		0.3218	0.0000	-0.0024	0.0012	0.0011	12.6705	0.8290	0.0000	0.0000	0.0000	0.0000	0.0000	0.0000	0.0000	0.0000	0.0000	0.0078	0.0059	0.0019	0.0053	0.0053	0.0000	0.0025	0.0006	0.0019	0.0000	0.0000	0.0000	0.0000	0.0000	0.0000	0.0000	0.0000	0.0000	0.0160	0.0090	0.0069	0.0037	0.0035	0.0002	0.0122	0.0055	0.0067
116	141	0.0692	11	2	0	1	0	0	0	0	0	0	0	0	0	0	0	0	0	0	0	Y	N	N	N	N	N	N	N	N	N	N	N	N	N	N	N	N	N	0.0000	0.0000	0.0000	0.0000	0.0000	0.0000	0.0000	0.0000	0.0000	0.0000	0.0000	0.0000	0.0000	0.0000	0.0000	0.0000	0.0000	0.0000	7.4394	0.0012	16.6531	0.0057	0.0016	0.0481	9.4333	0.0010	17.3775		11016.6412	0.0000	0.4461	0.0012	0.0243	12.6705	8.8037	0.0000	0.0000	0.0000	0.0000	0.0000	0.0000	0.0000	0.0000	0.0000	0.9878	0.0001	0.9877	0.0002	0.0000	0.0001	0.9877	0.0000	0.9876	0.0000	0.0000	0.0000	0.0000	0.0000	0.0000	0.0000	0.0000	0.0000	0.1328	0.0735	0.0593	0.0281	0.0256	0.0025	0.1047	0.0479	0.0568
116	142	0.0527	10	2	0	1	0	1	0	1	0	0	0	0	0	0	0	0	0	0	0	Y	N	N	N	N	N	N	N	N	N	N	N	N	N	N	N	N	N	0.0000	0.0000	0.0000	0.0000	0.0000	0.0000	0.0000	0.0000	0.0000	0.0000	0.0000	0.0000	0.0000	0.0000	0.0000	0.0000	0.0000	0.0000	0.0774	0.0645	0.0926	0.1827	0.1995	0.0001	0.0529	0.0012	0.0959		1.2141	0.0000	0.0000	0.0012	4.9785	12.6705	5.0554	0.0000	0.0000	0.0000	0.0000	0.0000	0.0000	0.0000	0.0000	0.0000	0.0120	0.0054	0.0066	0.0053	0.0053	0.0000	0.0066	0.0001	0.0066	0.0001	0.0001	0.0000	0.0000	0.0000	0.0000	0.0001	0.0000	0.0000	0.1548	0.0839	0.0709	0.0292	0.0268	0.0025	0.1256	0.0571	0.0685
116	143	0.0917	15	2	0	1	0	0	0	0	0	0	0	1	0	0	0	0	0	0	0	Y	N	N	N	N	N	N	N	N	N	N	N	N	N	N	N	N	N	37805.5925	28757.3150	0.0000	9411.3773	12586.1835	0.0000	inf	inf	0.0000	0.3150	0.4190	0.0000	0.3281	0.4898	0.0000	0.2771	0.2798	0.0000	0.0000	0.0000	0.0000	0.0000	0.0000	0.0000	0.0000	0.0000	0.0000	0.0000	0.0005	-0.0000	-0.0000	0.0012	0.0000	12.6705	3.0055	0.0000	0.0000	0.0000	0.0000	0.0000	0.0000	0.0000	0.0000	0.0000	0.0000	0.0000	0.0000	0.0000	0.0000	0.0000	0.0000	0.0000	0.0000	0.0000	0.0000	0.0000	0.0000	0.0000	0.0000	0.0000	0.0000	0.0000	0.0445	0.0254	0.0190	0.0106	0.0095	0.0011	0.0338	0.0159	0.0179
116	144	0.0787	14	2	0	1	0	0	0	0	0	1	0	1	0	0	0	0	0	0	0	Y	N	N	N	N	N	N	N	N	N	N	N	N	N	N	N	N	N	1979.3236	1275.5202	0.0000	1550.7547	1504.0361	0.0000	755021.2206	196764876.5371	0.0000	27.1476	31.3625	0.0000	89.9715	96.2894	0.0000	6.9930	8.2900	0.0000	0.0137	0.0246	0.0000	0.0580	0.0640	0.0000	0.0000	0.0000	0.0000	0.0000	0.0005	-0.0005	-0.0009	0.0012	2.0192	12.6705	6.0784	0.0008	0.0008	0.0000	0.0007	0.0007	0.0000	0.0002	0.0002	0.0000	0.0017	0.0017	0.0000	0.0017	0.0017	0.0000	0.0000	0.0000	0.0000	0.0000	0.0000	0.0000	0.0000	0.0000	0.0000	0.0000	0.0000	0.0000	0.1244	0.0694	0.0551	0.0294	0.0266	0.0028	0.0950	0.0427	0.0523
116	145	0.0739	13	2	0	1	0	1	0	0	0	0	0	0	0	0	0	0	0	0	0	Y	N	N	N	N	N	N	N	N	N	N	N	N	N	N	N	N	N	0.1600	0.1278	0.0000	0.1615	0.1442	0.0000	0.1835	6.7015	0.0000	0.0227	0.0260	0.0000	0.0845	0.0846	0.0000	0.0071	0.0084	0.0000	0.1419	0.2033	0.0666	0.5231	0.5870	0.0001	0.0386	0.0013	0.0702	0.0000	0.2667	-0.0000	-0.0021	0.0012	1.9811	12.6705	0.9869	0.0000	0.0000	0.0000	0.0000	0.0000	0.0000	0.0000	0.0000	0.0000	0.0063	0.0049	0.0013	0.0049	0.0049	0.0000	0.0013	0.0000	0.0013	0.0000	0.0000	0.0000	0.0000	0.0000	0.0000	0.0000	0.0000	0.0000	0.0441	0.0243	0.0198	0.0094	0.0084	0.0010	0.0347	0.0159	0.0188
117	119	0.0421	8	2	0	1	0	0	0	0	0	0	0	0	0	0	0	0	0	0	0	Y	N	N	N	N	N	N	N	N	N	N	N	N	N	N	N	N	N	397.9240	18.5989	15307.3762	343.4181	332.0653	0.0000	397.3740	0.0000	15120.8906	7.9956	0.5893	55.9205	6.5270	6.5303	0.0000	8.1202	0.0000	55.9369	0.0201	0.0317	0.0037	0.0190	0.0197	0.0015	0.0204	0.0395	0.0037	14.6646	0.0813	0.0002	-0.0013	0.0012	6.0007	3.6220	19.0307	0.0005	0.0000	0.0004	0.0000	0.0000	0.0000	0.0004	0.0000	0.0004	0.0027	0.0025	0.0002	0.0006	0.0006	0.0000	0.0021	0.0019	0.0002	0.0001	0.0001	0.0000	0.0000	0.0000	0.0000	0.0001	0.0000	0.0000	0.1356	0.0795	0.0561	0.0324	0.0312	0.0012	0.1032	0.0483	0.0549
117	120	0.0387	7	2	0	1	0	0	0	1	0	0	0	0	0	0	0	0	0	0	0	Y	N	N	N	N	N	N	N	N	N	N	N	N	N	N	N	N	N	91.2676	2.8286	1224.5729	14.9905	14.6517	0.0000	307.8023	0.0000	1215.0356	3.4732	0.1421	24.8759	1.5731	1.5738	0.0000	3.6344	0.0000	24.8831	0.0381	0.0503	0.0203	0.1049	0.1074	0.0112	0.0118	0.0009	0.0205	27.2381	0.2779	0.0000	-0.0003	0.0012	0.0034	3.6220	3.2312	0.0000	0.0000	0.0000	0.0000	0.0000	0.0000	0.0000	0.0000	0.0000	0.0009	0.0007	0.0002	0.0007	0.0007	0.0000	0.0002	0.0000	0.0002	0.0000	0.0000	0.0000	0.0000	0.0000	0.0000	0.0000	0.0000	0.0000	0.0224	0.0133	0.0091	0.0063	0.0062	0.0002	0.0161	0.0071	0.0090
117	121	0.0384	6	2	0	0	0	0	0	0	0	0	0	0	0	0	0	0	0	0	0	Y	N	N	N	N	N	N	N	N	N	N	N	N	N	N	N	N	N	0.0000	0.0000	0.0000	0.0000	0.0000	0.0000	0.0000	0.0000	0.0000	0.0000	0.0000	0.0000	0.0000	0.0000	0.0000	0.0000	0.0000	0.0000	0.0155	0.0160	0.0147	0.0266	0.0267	0.0143	0.0093	0.0005	0.0147		0.6243	0.0000	-0.0000	0.0012	0.0000	3.6220	1.2022	0.0000	0.0000	0.0000	0.0000	0.0000	0.0000	0.0000	0.0000	0.0000	0.0002	0.0001	0.0001	0.0001	0.0001	0.0000	0.0001	0.0000	0.0001	0.0000	0.0000	0.0000	0.0000	0.0000	0.0000	0.0000	0.0000	0.0000	0.0127	0.0076	0.0052	0.0045	0.0045	0.0001	0.0082	0.0031	0.0051
117	122	0.0170	5	2	0	0	0	1	0	0	0	0	0	0	0	0	0	0	0	0	0	Y	N	N	N	N	N	N	N	N	N	N	N	N	N	N	N	N	N	0.0000	0.0000	0.0000	0.0000	0.0000	0.0000	0.0000	0.0000	0.0000	0.0000	0.0000	0.0000	0.0000	0.0000	0.0000	0.0000	0.0000	0.0000	0.0699	0.0592	0.0856	0.0496	0.0501	0.0304	0.0765	0.0653	0.0865		0.9879	0.0000	-0.0003	0.0012	0.0041	3.6220	12.5856	0.0000	0.0000	0.0000	0.0000	0.0000	0.0000	0.0000	0.0000	0.0000	0.0055	0.0028	0.0027	0.0010	0.0009	0.0000	0.0045	0.0018	0.0027	0.0000	0.0000	0.0000	0.0000	0.0000	0.0000	0.0000	0.0000	0.0000	0.0786	0.0467	0.0319	0.0193	0.0188	0.0005	0.0593	0.0279	0.0314
117	131	0.0583	13	2	0	1	0	0	0	0	0	0	0	0	0	0	0	0	0	0	0	Y	N	N	N	N	N	N	N	N	N	N	N	N	N	N	N	N	N	0.5488	1.4995	0.0000	6.2209	5.8960	0.0000	0.0000	0.0000	0.0000	0.0446	0.0515	0.0000	0.4330	0.4361	0.0000	0.0000	0.0000	0.0000	0.0812	0.0344	0.1513	0.0696	0.0740	0.0001	0.0856	0.0043	0.1577	0.0000	2.9400	-0.0000	0.0009	0.0012	1.0211	3.6220	9.0731	0.0000	0.0000	0.0000	0.0000	0.0000	0.0000	0.0000	0.0000	0.0000	0.0045	0.0011	0.0033	0.0011	0.0011	0.0000	0.0034	0.0001	0.0033	0.0000	0.0000	0.0000	0.0000	0.0000	0.0000	0.0000	0.0000	0.0000	0.0549	0.0329	0.0220	0.0151	0.0142	0.0009	0.0398	0.0187	0.0211
117	138	0.0521	10	2	0	1	0	0	0	0	0	0	0	1	0	0	0	0	0	0	0	Y	N	N	N	N	N	N	N	N	N	N	N	N	N	N	N	N	N	66.1865	51.4555	0.0000	388.5639	450.2833	0.0000	0.0000	0.0000	0.0000	0.1068	0.1355	0.0000	0.2077	0.2625	0.0000	0.0000	0.0000	0.0000	0.0016	0.0026	0.0000	0.0005	0.0006	0.0000	0.0021	0.0044	0.0000	0.0000	0.0011	-0.0000	-0.0000	0.0012	0.0010	3.6220	4.0030	0.0000	0.0000	0.0000	0.0000	0.0000	0.0000	0.0000	0.0000	0.0000	0.0000	0.0000	0.0000	0.0000	0.0000	0.0000	0.0000	0.0000	0.0000	0.0000	0.0000	0.0000	0.0000	0.0000	0.0000	0.0000	0.0000	0.0000	0.0232	0.0142	0.0090	0.0071	0.0065	0.0006	0.0161	0.0077	0.0084
117	139	0.0265	9	2	0	1	0	0	0	0	0	1	0	1	0	0	0	0	0	0	0	Y	N	N	N	N	N	N	N	N	N	N	N	N	N	N	N	N	N	1.8178	1.2476	0.0000	57.3388	55.2142	0.0000	0.0000	0.0000	0.0000	1.0102	1.1666	0.0000	12.7462	12.7668	0.0000	0.0000	0.0000	0.0000	0.5557	0.9351	0.0012	0.2223	0.2312	0.0121	0.6567	1.3585	0.0009	0.0000	0.0009	-0.0000	-0.0257	0.0012	2.9989	3.6220	12.3267	0.0000	0.0000	0.0000	0.0000	0.0000	0.0000	0.0000	0.0000	0.0000	0.0469	0.0468	0.0000	0.0044	0.0043	0.0000	0.0425	0.0425	0.0000	0.0000	0.0000	0.0000	0.0000	0.0000	0.0000	0.0000	0.0000	0.0000	0.0843	0.0501	0.0343	0.0196	0.0188	0.0008	0.0647	0.0313	0.0335
117	140	0.0257	8	2	0	1	0	1	0	1	0	0	0	0	0	0	0	0	0	0	0	Y	N	N	N	N	N	N	N	N	N	N	N	N	N	N	N	N	N	4.3738	4.7730	0.0000	13.7644	13.3660	0.0000	0.0000	0.0000	0.0000	0.1045	0.1215	0.0000	0.5897	0.5899	0.0000	0.0000	0.0000	0.0000	0.0239	0.0255	0.0215	0.0428	0.0441	0.0004	0.0170	0.0113	0.0220	0.0000	0.5633	-0.0000	-0.0000	0.0012	0.0011	3.6220	0.8290	0.0000	0.0000	0.0000	0.0000	0.0000	0.0000	0.0000	0.0000	0.0000	0.0001	0.0001	0.0000	0.0001	0.0001	0.0000	0.0001	0.0000	0.0000	0.0000	0.0000	0.0000	0.0000	0.0000	0.0000	0.0000	0.0000	0.0000	0.0055	0.0033	0.0022	0.0015	0.0014	0.0000	0.0040	0.0019	0.0022
117	141	0.0488	10	2	0	1	0	0	0	0	0	0	0	0	0	0	0	0	0	0	0	Y	N	N	N	N	N	N	N	N	N	N	N	N	N	N	N	N	N	0.8180	2.2537	0.0000	1.6667	1.5843	0.0000	0.0000	0.0000	0.0000	0.1424	0.2121	0.0000	0.3538	0.3541	0.0000	0.0000	0.0000	0.0000	0.1741	0.0941	0.2916	0.2123	0.2235	0.0006	0.1607	0.0030	0.3013	0.0000	2.1086	-0.0000	0.0011	0.0012	0.0243	3.6220	8.8037	0.0000	0.0000	0.0000	0.0000	0.0000	0.0000	0.0000	0.0000	0.0000	0.0084	0.0027	0.0057	0.0026	0.0026	0.0000	0.0057	0.0000	0.0057	0.0000	0.0000	0.0000	0.0000	0.0000	0.0000	0.0000	0.0000	0.0000	0.0482	0.0287	0.0195	0.0125	0.0118	0.0006	0.0357	0.0168	0.0189
117	142	0.0322	9	2	0	1	0	1	0	1	0	0	0	0	0	0	0	0	0	0	0	Y	N	N	N	N	N	N	N	N	N	N	N	N	N	N	N	N	N	945.6642	1267.9332	0.0000	6595.5712	6323.8475	0.0000	0.0000	0.0000	0.0000	2.2306	2.5808	0.0000	27.3032	27.3349	0.0000	0.0000	0.0000	0.0000	0.0024	0.0020	0.0028	0.0041	0.0043	0.0003	0.0018	0.0006	0.0029	0.0000	0.9813	-0.0001	-0.0000	0.0012	4.9785	3.6220	5.0554	0.0001	0.0001	0.0000	0.0001	0.0001	0.0000	0.0000	0.0000	0.0000	0.0001	0.0001	0.0001	0.0001	0.0001	0.0000	0.0001	0.0000	0.0001	0.0000	0.0000	0.0000	0.0000	0.0000	0.0000	0.0000	0.0000	0.0000	0.0559	0.0327	0.0232	0.0134	0.0128	0.0006	0.0425	0.0199	0.0226
117	143	0.0713	14	2	0	1	0	0	0	0	0	0	0	1	0	0	0	0	0	0	0	Y	N	N	N	N	N	N	N	N	N	N	N	N	N	N	N	N	N	604749.2386	inf	0.0000	0.0000	0.0000	0.0000	633369.9751	inf	0.0000	14.3461	inf	0.0000	0.0000	0.0000	0.0000	20.1376	inf	0.0000	0.0000	0.0000	0.0001	0.0000	0.0000	0.0000	0.0000	0.0000	0.0001	0.0000	24.9775	-0.0000	0.0000	0.0012	0.0000	3.6220	3.0055	0.0000	0.0000	0.0000	0.0000	0.0000	0.0000	0.0000	0.0000	0.0000	0.0000	0.0000	0.0000	0.0000	0.0000	0.0000	0.0000	0.0000	0.0000	0.0000	0.0000	0.0000	0.0000	0.0000	0.0000	0.0000	0.0000	0.0000	0.0162	0.0099	0.0063	0.0046	0.0043	0.0003	0.0116	0.0056	0.0060
117	144	0.0583	13	2	0	1	0	0	0	0	0	1	0	1	0	0	0	0	0	0	0	Y	N	N	N	N	N	N	N	N	N	N	N	N	N	N	N	N	N	3683.2542	50479.9302	0.0000	0.0000	0.0000	0.0000	3104.1419	91730494.2020	0.0000	32.3048	37.2983	0.0000	0.0000	0.0000	0.0000	35.7752	41.9624	0.0000	0.0088	0.0007	0.0208	0.0016	0.0017	0.0000	0.0115	0.0000	0.0216	0.0000	18.8223	-0.0004	0.0002	0.0012	2.0192	3.6220	6.0784	0.0007	0.0007	0.0000	0.0000	0.0000	0.0000	0.0007	0.0007	0.0000	0.0004	0.0000	0.0004	0.0000	0.0000	0.0000	0.0004	0.0000	0.0004	0.0000	0.0000	0.0000	0.0000	0.0000	0.0000	0.0000	0.0000	0.0000	0.0447	0.0268	0.0179	0.0124	0.0117	0.0007	0.0323	0.0151	0.0172
117	145	0.0535	12	2	0	1	0	1	0	0	0	0	0	0	0	0	0	0	0	0	0	Y	N	N	N	N	N	N	N	N	N	N	N	N	N	N	N	N	N	0.0746	1.3225	0.0000	0.0000	0.0000	0.0000	0.0626	744.3979	0.0000	0.0238	0.0274	0.0000	0.0000	0.0000	0.0000	0.0260	0.0304	0.0000	0.3184	0.0207	0.7545	0.0471	0.0502	0.0000	0.4146	0.0000	0.7867	0.0000	24.8311	-0.0000	0.0021	0.0012	1.9811	3.6220	0.9869	0.0000	0.0000	0.0000	0.0000	0.0000	0.0000	0.0000	0.0000	0.0000	0.0051	0.0002	0.0049	0.0002	0.0002	0.0000	0.0049	0.0000	0.0049	0.0000	0.0000	0.0000	0.0000	0.0000	0.0000	0.0000	0.0000	0.0000	0.0161	0.0096	0.0065	0.0042	0.0039	0.0003	0.0119	0.0056	0.0063
118	119	0.0373	7	2	0	1	0	1	0	0	0	0	0	0	0	0	0	0	0	0	0	Y	N	N	N	N	N	N	N	N	N	N	N	N	N	N	N	N	N	24.6407	0.0000	103.0713	0.0000	0.0000	0.0000	27.3281	0.0000	102.3209	0.9724	0.0000	7.7448	0.0000	0.0000	0.0000	1.2275	0.0000	7.7465	0.0395	0.0154	0.0751	0.0249	0.0249	0.0216	0.0449	0.0078	0.0757	inf	3.2782	0.0000	0.0010	0.0004	6.0007	2.6029	19.0307	0.0000	0.0000	0.0000	0.0000	0.0000	0.0000	0.0000	0.0000	0.0000	0.0046	0.0011	0.0035	0.0008	0.0008	0.0000	0.0038	0.0003	0.0035	0.0000	0.0000	0.0000	0.0000	0.0000	0.0000	0.0000	0.0000	0.0000	0.1164	0.0695	0.0468	0.0316	0.0311	0.0005	0.0848	0.0384	0.0463
118	120	0.0339	6	2	0	1	0	1	0	1	0	0	0	0	0	0	0	0	0	0	0	Y	N	N	N	N	N	N	N	N	N	N	N	N	N	N	N	N	N	1.2299	0.0000	7.1926	0.0000	0.0000	0.0000	1.7448	0.0000	7.1607	0.2346	0.0000	1.8600	0.0000	0.0000	0.0000	0.2960	0.0000	1.8604	0.1908	0.1408	0.2586	0.2293	0.2305	0.0896	0.1697	0.0011	0.2598	inf	1.3520	0.0000	0.0001	0.0004	0.0034	2.6029	3.2312	0.0000	0.0000	0.0000	0.0000	0.0000	0.0000	0.0000	0.0000	0.0000	0.0048	0.0020	0.0027	0.0020	0.0020	0.0000	0.0027	0.0000	0.0027	0.0000	0.0000	0.0000	0.0000	0.0000	0.0000	0.0000	0.0000	0.0000	0.0250	0.0144	0.0106	0.0089	0.0088	0.0001	0.0162	0.0056	0.0105
118	121	0.0336	5	2	0	0	0	1	0	0	0	0	0	0	0	0	0	0	0	0	0	Y	N	N	N	N	N	N	N	N	N	N	N	N	N	N	N	N	N	0.0000	0.0000	0.0000	0.0000	0.0000	0.0000	0.0000	0.0000	0.0000	0.0000	0.0000	0.0000	0.0000	0.0000	0.0000	0.0000	0.0000	0.0000	0.2315	0.2146	0.2531	0.2870	0.2873	0.2376	0.1914	0.0018	0.2532		0.9249	0.0000	-0.0003	0.0004	0.0000	2.6029	1.2022	0.0000	0.0000	0.0000	0.0000	0.0000	0.0000	0.0000	0.0000	0.0000	0.0039	0.0020	0.0019	0.0021	0.0020	0.0000	0.0019	0.0000	0.0019	0.0000	0.0000	0.0000	0.0000	0.0000	0.0000	0.0000	0.0000	0.0000	0.0170	0.0095	0.0075	0.0071	0.0071	0.0000	0.0099	0.0024	0.0074
118	122	0.0122	4	2	0	0	0	2	0	0	0	0	0	0	0	0	0	0	0	0	0	Y	N	N	N	N	N	N	N	N	N	N	N	N	N	N	N	N	N	1.7395	2.5295	0.0000	1.4480	1.4736	0.0000	0.0000	0.0000	0.0000	0.2476	0.4904	0.0000	0.4979	0.4979	0.0000	0.0000	0.0000	0.0000	0.1423	0.1939	0.0706	0.3439	0.3379	0.5799	0.0377	0.0006	0.0601	0.0000	0.2614	-0.0000	-0.0044	0.0004	0.0041	2.6029	12.5856	0.0000	0.0000	0.0000	0.0000	0.0000	0.0000	0.0000	0.0000	0.0000	0.0129	0.0102	0.0027	0.0107	0.0102	0.0004	0.0022	0.0000	0.0022	0.0000	0.0000	0.0000	0.0000	0.0000	0.0000	0.0000	0.0000	0.0000	0.0907	0.0528	0.0379	0.0310	0.0303	0.0008	0.0597	0.0226	0.0371
118	131	0.0535	12	2	0	1	0	1	0	0	0	0	0	0	0	0	0	0	0	0	0	Y	N	N	N	N	N	N	N	N	N	N	N	N	N	N	N	N	N	0.0000	0.0000	0.0000	0.0000	0.0000	0.0000	0.0000	0.0000	0.0000	0.0000	0.0000	0.0000	0.0000	0.0000	0.0000	0.0000	0.0000	0.0000	0.1989	0.2945	0.0455	0.6137	0.6448	0.0000	0.0251	0.0007	0.0473		0.0963	0.0000	-0.0041	0.0004	1.0211	2.6029	9.0731	0.0000	0.0000	0.0000	0.0000	0.0000	0.0000	0.0000	0.0000	0.0000	0.0089	0.0081	0.0008	0.0081	0.0081	0.0000	0.0008	0.0000	0.0008	0.0000	0.0000	0.0000	0.0000	0.0000	0.0000	0.0000	0.0000	0.0000	0.0447	0.0276	0.0172	0.0132	0.0126	0.0006	0.0315	0.0150	0.0165
118	138	0.0473	9	2	0	1	0	1	0	0	0	0	0	1	0	0	0	0	0	0	0	Y	N	N	N	N	N	N	N	N	N	N	N	N	N	N	N	N	N	10.9267	9.0210	0.0000	0.0000	0.0000	0.0000	10.9133	8.8363	0.0000	0.3937	0.5225	0.0000	0.0000	0.0000	0.0000	0.5534	0.9290	0.0000	0.0360	0.0579	0.0000	0.0018	0.0019	0.0000	0.0507	0.1051	0.0000	0.0000	0.0000	-0.0000	-0.0004	0.0004	0.0010	2.6029	4.0030	0.0000	0.0000	0.0000	0.0000	0.0000	0.0000	0.0000	0.0000	0.0000	0.0007	0.0007	0.0000	0.0000	0.0000	0.0000	0.0007	0.0007	0.0000	0.0000	0.0000	0.0000	0.0000	0.0000	0.0000	0.0000	0.0000	0.0000	0.0185	0.0115	0.0070	0.0055	0.0053	0.0003	0.0130	0.0062	0.0067
118	139	0.0217	8	2	0	1	0	1	0	0	0	1	0	1	0	0	0	0	0	0	0	Y	N	N	N	N	N	N	N	N	N	N	N	N	N	N	N	N	N	0.3175	0.2221	0.0000	2600.0484	2518.6701	0.0000	0.1280	0.0743	0.0000	4.4746	5.1282	0.0000	12.2009	12.2040	0.0000	2.4255	2.8915	0.0000	14.0913	23.0922	0.0011	0.0047	0.0048	0.0001	18.9464	38.9108	0.0011	0.0000	0.0000	-0.0000	-0.5289	0.0004	2.9989	2.6029	12.3267	0.0001	0.0001	0.0000	0.0000	0.0000	0.0000	0.0000	0.0000	0.0000	0.9648	0.9648	0.0000	0.0001	0.0001	0.0000	0.9647	0.9647	0.0000	0.0000	0.0000	0.0000	0.0000	0.0000	0.0000	0.0000	0.0000	0.0000	0.0685	0.0418	0.0267	0.0175	0.0170	0.0006	0.0509	0.0248	0.0261
118	140	0.0209	7	2	0	1	0	2	0	1	0	0	0	0	0	0	0	0	0	0	0	Y	N	N	N	N	N	N	N	N	N	N	N	N	N	N	N	N	N	50.3078	4.9462	30355.2406	429.9641	424.7505	0.0000	45.9572	2.1640	30535.6808	2.7902	0.4449	18.2661	0.6633	0.6634	0.0000	3.5332	0.3521	18.2723	0.0555	0.0899	0.0006	0.0015	0.0016	0.0008	0.0769	0.1627	0.0006	6.2222	0.0042	0.0000	-0.0001	0.0004	0.0011	2.6029	0.8290	0.0000	0.0000	0.0000	0.0000	0.0000	0.0000	0.0000	0.0000	0.0000	0.0002	0.0002	0.0000	0.0000	0.0000	0.0000	0.0002	0.0002	0.0000	0.0000	0.0000	0.0000	0.0000	0.0000	0.0000	0.0000	0.0000	0.0000	0.0044	0.0027	0.0017	0.0013	0.0012	0.0000	0.0032	0.0015	0.0017
118	141	0.0440	9	2	0	1	0	1	0	0	0	0	0	0	0	0	0	0	0	0	0	Y	N	N	N	N	N	N	N	N	N	N	N	N	N	N	N	N	N	5.1730	0.0000	40.6125	0.0000	0.0000	0.0000	11.5072	0.0000	39.6583	0.7397	0.0000	7.0707	0.0000	0.0000	0.0000	1.0812	0.0000	7.1138	0.1430	0.1233	0.1741	0.2686	0.2800	0.0004	0.0940	0.0000	0.1794	inf	0.8961	0.0000	-0.0004	0.0004	0.0243	2.6029	8.8037	0.0000	0.0000	0.0000	0.0000	0.0000	0.0000	0.0000	0.0000	0.0000	0.0056	0.0030	0.0027	0.0030	0.0030	0.0000	0.0027	0.0000	0.0027	0.0000	0.0000	0.0000	0.0000	0.0000	0.0000	0.0000	0.0000	0.0000	0.0393	0.0240	0.0152	0.0110	0.0106	0.0004	0.0283	0.0135	0.0148
118	142	0.0274	8	2	0	1	0	2	0	1	0	0	0	0	0	0	0	0	0	0	0	Y	N	N	N	N	N	N	N	N	N	N	N	N	N	N	N	N	N	3337.0402	0.0000	18555.1806	0.0000	0.0000	0.0000	5401.0513	0.0000	18157.5939	4.2731	0.0000	34.0354	0.0000	0.0000	0.0000	5.3994	0.0000	34.0501	0.0013	0.0009	0.0018	0.0021	0.0021	0.0002	0.0010	0.0000	0.0019	inf	1.3227	0.0000	0.0000	0.0004	4.9785	2.6029	5.0554	0.0001	0.0000	0.0001	0.0000	0.0000	0.0000	0.0001	0.0000	0.0001	0.0001	0.0000	0.0000	0.0000	0.0000	0.0000	0.0000	0.0000	0.0000	0.0000	0.0000	0.0000	0.0000	0.0000	0.0000	0.0000	0.0000	0.0000	0.0454	0.0273	0.0180	0.0119	0.0115	0.0004	0.0335	0.0159	0.0176
118	143	0.0665	13	2	0	1	0	1	0	0	0	0	0	1	0	0	0	0	0	0	0	Y	N	N	N	N	N	N	N	N	N	N	N	N	N	N	N	N	N	0.0000	0.0000	0.0000	0.0000	0.0000	0.0000	0.0000	0.0000	0.0000	0.0000	0.0000	0.0000	0.0000	0.0000	0.0000	0.0000	0.0000	0.0000	0.0000	0.0000	0.0000	0.0000	0.0000	0.0000	0.0000	0.0000	0.0000		inf	0.0000	0.0000	0.0004	0.0000	2.6029	3.0055	0.0000	0.0000	0.0000	0.0000	0.0000	0.0000	0.0000	0.0000	0.0000	0.0000	0.0000	0.0000	0.0000	0.0000	0.0000	0.0000	0.0000	0.0000	0.0000	0.0000	0.0000	0.0000	0.0000	0.0000	0.0000	0.0000	0.0000	0.0133	0.0083	0.0050	0.0040	0.0038	0.0002	0.0093	0.0045	0.0048
118	144	0.0535	12	2	0	1	0	1	0	0	0	1	0	1	0	0	0	0	0	0	0	Y	N	N	N	N	N	N	N	N	N	N	N	N	N	N	N	N	N	0.0000	0.0000	0.0000	0.0000	0.0000	0.0000	0.0000	0.0000	0.0000	0.0000	0.0000	0.0000	0.0000	0.0000	0.0000	0.0000	0.0000	0.0000	0.0008	0.0006	0.0011	0.0013	0.0014	0.0000	0.0006	0.0000	0.0011		1.0322	0.0000	-0.0000	0.0004	2.0192	2.6029	6.0784	0.0000	0.0000	0.0000	0.0000	0.0000	0.0000	0.0000	0.0000	0.0000	0.0000	0.0000	0.0000	0.0000	0.0000	0.0000	0.0000	0.0000	0.0000	0.0000	0.0000	0.0000	0.0000	0.0000	0.0000	0.0000	0.0000	0.0000	0.0364	0.0224	0.0140	0.0108	0.0103	0.0005	0.0256	0.0121	0.0135
118	145	0.0487	11	2	0	1	0	2	0	0	0	0	0	0	0	0	0	0	0	0	0	Y	N	N	N	N	N	N	N	N	N	N	N	N	N	N	N	N	N	0.0000	0.0000	0.0000	0.0000	0.0000	0.0000	0.0000	0.0000	0.0000	0.0000	0.0000	0.0000	0.0000	0.0000	0.0000	0.0000	0.0000	0.0000	0.0160	0.0014	0.0388	0.0031	0.0033	0.0004	0.0211	0.0000	0.0403		17.1723	0.0000	0.0001	0.0004	1.9811	2.6029	0.9869	0.0000	0.0000	0.0000	0.0000	0.0000	0.0000	0.0000	0.0000	0.0000	0.0002	0.0000	0.0002	0.0000	0.0000	0.0000	0.0002	0.0000	0.0002	0.0000	0.0000	0.0000	0.0000	0.0000	0.0000	0.0000	0.0000	0.0000	0.0131	0.0080	0.0051	0.0037	0.0035	0.0002	0.0094	0.0045	0.0049
121	131	0.0629	10	2	0	1	0	0	0	0	0	0	0	0	0	0	0	0	0	0	0	Y	N	N	N	N	N	N	N	N	N	N	N	N	N	N	N	N	N	0.0000	0.0000	0.0000	0.0000	0.0000	0.0000	0.0000	0.0000	0.0000	0.0000	0.0000	0.0000	0.0000	0.0000	0.0000	0.0000	0.0000	0.0000	14.7779	26.9926	0.4919	26.4748	36.2908	0.0040	0.6331	0.4324	0.7228		0.0156	0.0000	-0.2634	0.0000	1.0211	1.2022	9.0731	0.0000	0.0000	0.0000	0.0000	0.0000	0.0000	0.0000	0.0000	0.0000	0.4943	0.4868	0.0076	0.4848	0.4847	0.0000	0.0096	0.0020	0.0076	0.0000	0.0000	0.0000	0.0000	0.0000	0.0000	0.0000	0.0000	0.0000	0.0335	0.0180	0.0154	0.0183	0.0134	0.0050	0.0151	0.0047	0.0105
121	138	0.0567	7	2	0	1	0	0	0	0	0	0	0	1	0	0	0	0	0	0	0	Y	N	N	N	N	N	N	N	N	N	N	N	N	N	N	N	N	N	0.0000	0.0000	0.0000	0.0000	0.0000	0.0000	0.0000	0.0000	0.0000	0.0000	0.0000	0.0000	0.0000	0.0000	0.0000	0.0000	0.0000	0.0000	0.0001	0.0001	0.0002	0.0001	0.0001	0.0000	0.0002	0.0000	0.0003		2.3420	0.0000	0.0000	0.0000	0.0010	1.2022	4.0030	0.0000	0.0000	0.0000	0.0000	0.0000	0.0000	0.0000	0.0000	0.0000	0.0000	0.0000	0.0000	0.0000	0.0000	0.0000	0.0000	0.0000	0.0000	0.0000	0.0000	0.0000	0.0000	0.0000	0.0000	0.0000	0.0000	0.0000	0.0132	0.0070	0.0062	0.0070	0.0050	0.0020	0.0062	0.0020	0.0042
121	139	0.0311	6	2	0	1	0	0	0	0	0	1	0	1	0	0	0	0	0	0	0	Y	N	N	N	N	N	N	N	N	N	N	N	N	N	N	N	N	N	0.0000	0.0000	0.0000	0.0000	0.0000	0.0000	0.0000	0.0000	0.0000	0.0000	0.0000	0.0000	0.0000	0.0000	0.0000	0.0000	0.0000	0.0000	0.0221	0.0197	0.0247	0.0202	0.0285	0.0000	0.0240	0.0007	0.0356		1.1559	0.0000	-0.0000	0.0000	2.9989	1.2022	12.3267	0.0000	0.0000	0.0000	0.0000	0.0000	0.0000	0.0000	0.0000	0.0000	0.0011	0.0005	0.0006	0.0005	0.0005	0.0000	0.0006	0.0000	0.0006	0.0000	0.0000	0.0000	0.0000	0.0000	0.0000	0.0000	0.0000	0.0000	0.0489	0.0255	0.0234	0.0245	0.0173	0.0072	0.0244	0.0081	0.0163
121	140	0.0303	5	2	0	1	0	1	0	1	0	0	0	0	0	0	0	0	0	0	0	Y	N	N	N	N	N	N	N	N	N	N	N	N	N	N	N	N	N	0.0000	0.0000	0.0000	0.0000	0.0000	0.0000	0.0000	0.0000	0.0000	0.0000	0.0000	0.0000	0.0000	0.0000	0.0000	0.0000	0.0000	0.0000	0.0623	0.0886	0.0312	0.0867	0.1177	0.0015	0.0378	0.0271	0.0435		0.2988	-0.0000	-0.0001	0.0000	0.0011	1.2022	0.8290	0.0000	0.0000	0.0000	0.0000	0.0000	0.0000	0.0000	0.0000	0.0000	0.0002	0.0001	0.0000	0.0001	0.0001	0.0000	0.0001	0.0000	0.0000	0.0000	0.0000	0.0000	0.0000	0.0000	0.0000	0.0000	0.0000	0.0000	0.0030	0.0016	0.0014	0.0015	0.0011	0.0004	0.0015	0.0005	0.0010
121	141	0.0534	7	2	0	1	0	0	0	0	0	0	0	0	0	0	0	0	0	0	0	Y	N	N	N	N	N	N	N	N	N	N	N	N	N	N	N	N	N	0.0000	0.0000	0.0000	0.0000	0.0000	0.0000	0.0000	0.0000	0.0000	0.0000	0.0000	0.0000	0.0000	0.0000	0.0000	0.0000	0.0000	0.0000	0.1204	0.0330	0.2128	0.0329	0.0420	0.0000	0.2134	0.0000	0.2758		6.0960	0.0000	0.0014	0.0000	0.0243	1.2022	8.8037	0.0000	0.0000	0.0000	0.0000	0.0000	0.0000	0.0000	0.0000	0.0000	0.0046	0.0007	0.0040	0.0007	0.0007	0.0000	0.0040	0.0000	0.0040	0.0000	0.0000	0.0000	0.0000	0.0000	0.0000	0.0000	0.0000	0.0000	0.0386	0.0198	0.0188	0.0199	0.0156	0.0043	0.0187	0.0042	0.0145
121	142	0.0368	6	2	0	1	0	1	0	1	0	0	0	0	0	0	0	0	0	0	0	Y	N	N	N	N	N	N	N	N	N	N	N	N	N	N	N	N	N	0.0000	0.0000	0.0000	0.0000	0.0000	0.0000	0.0000	0.0000	0.0000	0.0000	0.0000	0.0000	0.0000	0.0000	0.0000	0.0000	0.0000	0.0000	10.3337	2.8366	18.2478	2.8771	3.8959	0.0000	17.9761	0.0028	25.0685		6.0942	0.0000	0.1170	0.0000	4.9785	1.2022	5.0554	0.0000	0.0000	0.0000	0.0000	0.0000	0.0000	0.0000	0.0000	0.0000	0.3764	0.0531	0.3234	0.0530	0.0530	0.0000	0.3234	0.0000	0.3234	0.0000	0.0000	0.0000	0.0000	0.0000	0.0000	0.0000	0.0000	0.0000	0.0364	0.0187	0.0177	0.0184	0.0136	0.0048	0.0180	0.0051	0.0129
121	143	0.0759	11	2	0	1	0	0	0	0	0	0	0	1	0	0	0	0	0	0	0	Y	N	N	N	N	N	N	N	N	N	N	N	N	N	N	N	N	N	0.0000	0.0000	0.0000	0.0000	0.0000	0.0000	0.0000	0.0000	0.0000	0.0000	0.0000	0.0000	0.0000	0.0000	0.0000	0.0000	0.0000	0.0000	0.0000	0.0000	0.0000	0.0000	0.0000	0.0000	0.0000	0.0000	0.0000			0.0000	0.0000	0.0000	0.0000	1.2022	3.0055	0.0000	0.0000	0.0000	0.0000	0.0000	0.0000	0.0000	0.0000	0.0000	0.0000	0.0000	0.0000	0.0000	0.0000	0.0000	0.0000	0.0000	0.0000	0.0000	0.0000	0.0000	0.0000	0.0000	0.0000	0.0000	0.0000	0.0000	0.0096	0.0051	0.0045	0.0052	0.0037	0.0015	0.0044	0.0014	0.0030
121	144	0.0629	10	2	0	1	0	0	0	0	0	1	0	1	0	0	0	0	0	0	0	Y	N	N	N	N	N	N	N	N	N	N	N	N	N	N	N	N	N	0.0000	0.0000	0.0000	0.0000	0.0000	0.0000	0.0000	0.0000	0.0000	0.0000	0.0000	0.0000	0.0000	0.0000	0.0000	0.0000	0.0000	0.0000	0.0268	0.0477	0.0020	0.0466	0.0632	0.0004	0.0025	0.0019	0.0028		0.0357	0.0000	-0.0004	0.0000	2.0192	1.2022	6.0784	0.0000	0.0000	0.0000	0.0000	0.0000	0.0000	0.0000	0.0000	0.0000	0.0007	0.0007	0.0000	0.0007	0.0007	0.0000	0.0000	0.0000	0.0000	0.0000	0.0000	0.0000	0.0000	0.0000	0.0000	0.0000	0.0000	0.0000	0.0274	0.0149	0.0125	0.0151	0.0111	0.0040	0.0123	0.0038	0.0085
121	145	0.0581	9	2	0	1	0	1	0	0	0	0	0	0	0	0	0	0	0	0	0	Y	N	N	N	N	N	N	N	N	N	N	N	N	N	N	N	N	N	0.0000	0.0000	0.0000	0.0000	0.0000	0.0000	0.0000	0.0000	0.0000	0.0000	0.0000	0.0000	0.0000	0.0000	0.0000	0.0000	0.0000	0.0000	0.0774	0.1417	0.0083	0.1401	0.1973	0.0049	0.0077	0.0027	0.0100		0.0548	0.0000	-0.0004	0.0000	1.9811	1.2022	0.9869	0.0000	0.0000	0.0000	0.0000	0.0000	0.0000	0.0000	0.0000	0.0000	0.0007	0.0007	0.0000	0.0007	0.0007	0.0000	0.0000	0.0000	0.0000	0.0000	0.0000	0.0000	0.0000	0.0000	0.0000	0.0000	0.0000	0.0000	0.0095	0.0049	0.0046	0.0050	0.0035	0.0015	0.0045	0.0014	0.0031
122	131	0.0626	9	2	0	1	0	1	0	0	0	0	0	0	0	0	0	0	0	0	0	Y	N	N	N	N	N	N	N	N	N	N	N	N	N	N	N	N	N	0.0000	0.0000	0.0000	0.0000	0.0000	0.0000	0.0000	0.0000	0.0000	0.0000	0.0000	0.0000	0.0000	0.0000	0.0000	0.0000	0.0000	0.0000	9.4852	17.0403	0.0841	11.0506	12.9409	0.0050	9.0018	19.3797	0.0907		0.0040	0.0000	-0.8195	0.0041	1.0211	12.5856	9.0731	0.0000	0.0000	0.0000	0.0000	0.0000	0.0000	0.0000	0.0000	0.0000	1.5056	1.4997	0.0059	0.4138	0.4138	0.0000	1.0918	1.0859	0.0059	0.0001	0.0000	0.0000	0.0000	0.0000	0.0000	0.0000	0.0000	0.0000	0.1587	0.0880	0.0707	0.0374	0.0320	0.0055	0.1213	0.0560	0.0653
122	138	0.0564	6	2	0	1	0	1	0	0	0	0	0	1	0	0	0	0	0	0	0	Y	N	N	N	N	N	N	N	N	N	N	N	N	N	N	N	N	N	0.0000	0.0000	0.0000	0.0000	0.0000	0.0000	0.0000	0.0000	0.0000	0.0000	0.0000	0.0000	0.0000	0.0000	0.0000	0.0000	0.0000	0.0000	0.0210	0.0059	0.0397	0.0132	0.0154	0.0000	0.0236	0.0000	0.0430		5.5188	0.0000	0.0004	0.0041	0.0010	12.5856	4.0030	0.0000	0.0000	0.0000	0.0000	0.0000	0.0000	0.0000	0.0000	0.0000	0.0014	0.0002	0.0012	0.0002	0.0002	0.0000	0.0012	0.0000	0.0012	0.0000	0.0000	0.0000	0.0000	0.0000	0.0000	0.0000	0.0000	0.0000	0.0663	0.0365	0.0298	0.0162	0.0139	0.0023	0.0501	0.0227	0.0274
122	139	0.0308	5	2	0	1	0	1	0	0	0	1	0	1	0	0	0	0	0	0	0	Y	N	N	N	N	N	N	N	N	N	N	N	N	N	N	N	N	N	0.0006	0.0000	0.0023	0.0000	0.0000	0.0000	0.0008	0.0000	0.0022	0.0029	0.0000	0.0175	0.0000	0.0000	0.0000	0.0038	0.0000	0.0175	4.8501	2.4149	7.6692	5.7393	6.3599	0.0000	4.5909	0.0001	8.0519	inf	2.7433	0.0000	0.2514	0.0041	2.9989	12.5856	12.3267	0.0000	0.0000	0.0000	0.0000	0.0000	0.0000	0.0000	0.0000	0.0000	1.3622	0.3639	0.9983	0.3639	0.3639	0.0000	0.9983	0.0000	0.9983	0.0002	0.0001	0.0000	0.0000	0.0000	0.0000	0.0001	0.0001	0.0000	0.2809	0.1507	0.1302	0.0634	0.0572	0.0062	0.2174	0.0935	0.1240
122	140	0.0300	4	2	0	1	0	2	0	1	0	0	0	0	0	0	0	0	0	0	0	Y	N	N	N	N	N	N	N	N	N	N	N	N	N	N	N	N	N	10.5306	12.4365	0.0000	30.1274	29.7241	0.0000	0.0000	0.0000	0.0000	6.6751	7.9488	0.0000	23.3575	23.3591	0.0000	0.0000	0.0000	0.0000	0.6339	0.6391	0.6282	0.7753	0.7859	0.0013	0.5284	0.0037	0.6358	0.0010	0.9113	-0.0000	-0.0027	0.0041	0.0011	12.5856	0.8290	0.0000	0.0000	0.0000	0.0000	0.0000	0.0000	0.0000	0.0000	0.0000	0.0383	0.0200	0.0182	0.0200	0.0200	0.0000	0.0183	0.0000	0.0182	0.0000	0.0000	0.0000	0.0000	0.0000	0.0000	0.0000	0.0000	0.0000	0.0604	0.0313	0.0290	0.0258	0.0254	0.0003	0.0346	0.0059	0.0287
122	141	0.0531	6	2	0	1	0	1	0	0	0	0	0	0	0	0	0	0	0	0	0	Y	N	N	N	N	N	N	N	N	N	N	N	N	N	N	N	N	N	0.0000	0.0000	0.0000	0.0000	0.0000	0.0000	0.0000	0.0000	0.0000	0.0000	0.0000	0.0000	0.0000	0.0000	0.0000	0.0000	0.0000	0.0000	0.0567	0.0002	0.1238	0.0006	0.0007	0.0000	0.0718	0.0000	0.1326		443.6009	0.0000	0.0035	0.0041	0.0243	12.5856	8.8037	0.0000	0.0000	0.0000	0.0000	0.0000	0.0000	0.0000	0.0000	0.0000	0.0078	0.0000	0.0078	0.0000	0.0000	0.0000	0.0078	0.0000	0.0078	0.0000	0.0000	0.0000	0.0000	0.0000	0.0000	0.0000	0.0000	0.0000	0.1375	0.0746	0.0629	0.0290	0.0248	0.0042	0.1085	0.0498	0.0587
122	142	0.0365	5	2	0	1	0	2	0	1	0	0	0	0	0	0	0	0	0	0	0	Y	N	N	N	N	N	N	N	N	N	N	N	N	N	N	N	N	N	0.0000	0.0000	0.0000	0.0000	0.0000	0.0000	0.0000	0.0000	0.0000	0.0000	0.0000	0.0000	0.0000	0.0000	0.0000	0.0000	0.0000	0.0000	3.8295	0.0315	8.1282	0.0836	0.0965	0.0000	4.7617	0.0002	8.6162		227.7464	0.0000	0.2833	0.0041	4.9785	12.5856	5.0554	0.0000	0.0000	0.0000	0.0000	0.0000	0.0000	0.0000	0.0000	0.0000	0.6334	0.0028	0.6306	0.0028	0.0028	0.0000	0.6306	0.0000	0.6306	0.0003	0.0002	0.0000	0.0001	0.0001	0.0000	0.0002	0.0002	0.0000	0.1654	0.0878	0.0776	0.0330	0.0286	0.0044	0.1324	0.0592	0.0732
122	143	0.0756	10	2	0	1	0	1	0	0	0	0	0	1	0	0	0	0	0	0	0	Y	N	N	N	N	N	N	N	N	N	N	N	N	N	N	N	N	N	0.0000	0.0000	0.0000	0.0000	0.0000	0.0000	0.0000	0.0000	0.0000	0.0000	0.0000	0.0000	0.0000	0.0000	0.0000	0.0000	0.0000	0.0000	0.0000	0.0000	0.0000	0.0000	0.0000	0.0000	0.0000	0.0000	0.0000			0.0000	0.0000	0.0041	0.0000	12.5856	3.0055	0.0000	0.0000	0.0000	0.0000	0.0000	0.0000	0.0000	0.0000	0.0000	0.0000	0.0000	0.0000	0.0000	0.0000	0.0000	0.0000	0.0000	0.0000	0.0000	0.0000	0.0000	0.0000	0.0000	0.0000	0.0000	0.0000	0.0000	0.0464	0.0262	0.0202	0.0111	0.0094	0.0017	0.0354	0.0168	0.0185
122	144	0.0626	9	2	0	1	0	1	0	0	0	1	0	1	0	0	0	0	0	0	0	Y	N	N	N	N	N	N	N	N	N	N	N	N	N	N	N	N	N	0.0000	0.0000	0.0000	0.0000	0.0000	0.0000	0.0000	0.0000	0.0000	0.0000	0.0000	0.0000	0.0000	0.0000	0.0000	0.0000	0.0000	0.0000	0.0339	0.0610	0.0000	0.1407	0.1641	0.0004	0.0001	0.0001	0.0000		0.0005	0.0000	-0.0024	0.0041	2.0192	12.5856	6.0784	0.0000	0.0000	0.0000	0.0000	0.0000	0.0000	0.0000	0.0000	0.0000	0.0044	0.0044	0.0000	0.0044	0.0044	0.0000	0.0000	0.0000	0.0000	0.0001	0.0001	0.0000	0.0000	0.0000	0.0000	0.0001	0.0001	0.0000	0.1297	0.0720	0.0577	0.0312	0.0267	0.0044	0.0986	0.0453	0.0533
122	145	0.0578	8	2	0	1	0	2	0	0	0	0	0	0	0	0	0	0	0	0	0	Y	N	N	N	N	N	N	N	N	N	N	N	N	N	N	N	N	N	0.0000	0.0000	0.0000	0.0000	0.0000	0.0000	0.0000	0.0000	0.0000	0.0000	0.0000	0.0000	0.0000	0.0000	0.0000	0.0000	0.0000	0.0000	0.0955	0.1737	0.0020	0.0594	0.0702	0.0041	0.1053	0.2243	0.0018		0.0096	0.0000	-0.0024	0.0041	1.9811	12.5856	0.9869	0.0000	0.0000	0.0000	0.0000	0.0000	0.0000	0.0000	0.0000	0.0000	0.0044	0.0044	0.0000	0.0006	0.0006	0.0000	0.0038	0.0038	0.0000	0.0001	0.0001	0.0000	0.0000	0.0000	0.0000	0.0001	0.0001	0.0000	0.0460	0.0250	0.0210	0.0098	0.0082	0.0016	0.0362	0.0168	0.0193
132	134	0.0083	3	0	0	0	0	0	0	0	0	0	2	0	2	0	0	0	0	0	0	N	N	N	N	N	Y	N	N	N	N	N	N	N	N	N	N	N	N	0.0019	0.0000	0.0036	0.0000	0.0000	0.0000	0.0027	0.0000	0.0036	0.0881	0.0000	0.3264	0.0000	0.0000	0.0000	0.1447	0.0000	0.3266	47.1576	0.0273	91.1825	0.1103	0.1106	0.0000	53.5574	0.0000	91.2425	inf	3569.9734	0.0000	0.4298	0.0075	2.0569	1.9743	5.7592	0.0000	0.0000	0.0000	0.0000	0.0000	0.0000	0.0000	0.0000	0.0000	0.9520	0.0003	0.9517	0.0003	0.0003	0.0000	0.9517	0.0000	0.9517	0.0005	0.0004	0.0001	0.0002	0.0002	0.0000	0.0003	0.0002	0.0001	0.0202	0.0098	0.0104	0.0024	0.0024	0.0000	0.0178	0.0073	0.0104
132	135	0.0067	2	0	0	0	0	0	0	0	0	0	2	0	2	0	0	0	0	0	0	N	N	N	N	N	Y	N	N	N	N	N	N	N	N	N	N	N	N	0.1395	0.0001	inf	0.0000	0.0000	0.0000	inf	0.0000	inf	0.1279	0.0002	0.3919	0.0003	0.0003	0.0000	0.2186	0.0000	0.3919	0.9170	1.9230	0.0000	9.2620	9.2952	0.0000	0.0000	0.0000	0.0000	1163.1304	0.0000	0.0000	-0.0120	0.0075	1.0111	1.9743	8.8059	0.0000	0.0000	0.0000	0.0000	0.0000	0.0000	0.0000	0.0000	0.0000	0.0220	0.0220	0.0000	0.0220	0.0220	0.0000	0.0000	0.0000	0.0000	0.0003	0.0002	0.0001	0.0001	0.0001	0.0000	0.0002	0.0001	0.0001	0.0239	0.0114	0.0125	0.0024	0.0024	0.0000	0.0216	0.0091	0.0125
134	135	0.0141	2	0	0	0	0	0	0	0	0	0	2	0	2	0	0	0	0	0	0	N	N	N	N	N	Y	N	N	N	N	N	N	N	N	N	N	N	N	0.0082	0.1275	0.0020	0.9246	0.9363	0.0000	0.0005	0.0000	0.0021	0.0266	0.0294	0.0127	0.3416	0.3455	0.0000	0.0022	0.0000	0.0128	3.2573	0.2303	6.2390	0.3695	0.3690	1.2960	4.5534	0.0000	6.2405	0.0850	27.5059	-0.0002	0.2657	2.0569	1.0111	5.7592	8.8059	0.0004	0.0004	0.0000	0.0004	0.0004	0.0000	0.0000	0.0000	0.0000	0.6376	0.0224	0.6152	0.0224	0.0224	0.0000	0.6152	0.0000	0.6152	0.0167	0.0139	0.0027	0.0012	0.0012	0.0000	0.0155	0.0127	0.0027	0.1958	0.0971	0.0986	0.0606	0.0606	0.0000	0.1351	0.0365	0.0986
