arity	elapsed_sec	cutoff_stat	fg_enrichment_factor	mode	dSC_calibration	num_all	num_fg_beak	num_fg_beak2	num_fg_beakless	num_fg_fork	num_fg_pink	num_fg_purple2	num_fg_red	num_fg_red2	num_fg_red3	num_fg_tube	num_fg_tube2	num_fg_white	num_fg_yellow	num_fg_yellow2	num_mf_beak	num_mf_beak2	num_mf_beakless	num_mf_fork	num_mf_pink	num_mf_purple2	num_mf_red	num_mf_red2	num_mf_red3	num_mf_tube	num_mf_tube2	num_mf_white	num_mf_yellow	num_mf_yellow2	num_mg_beak	num_mg_beak2	num_mg_beakless	num_mg_fork	num_mg_pink	num_mg_purple2	num_mg_red	num_mg_red2	num_mg_red3	num_mg_tube	num_mg_tube2	num_mg_white	num_mg_yellow	num_mg_yellow2	num_qualified_all	num_qualified_fg_beak	num_qualified_fg_beak2	num_qualified_fg_beakless	num_qualified_fg_fork	num_qualified_fg_pink	num_qualified_fg_purple2	num_qualified_fg_red	num_qualified_fg_red2	num_qualified_fg_red3	num_qualified_fg_tube	num_qualified_fg_tube2	num_qualified_fg_white	num_qualified_fg_yellow	num_qualified_fg_yellow2	num_qualified_mf_beak	num_qualified_mf_beak2	num_qualified_mf_beakless	num_qualified_mf_fork	num_qualified_mf_pink	num_qualified_mf_purple2	num_qualified_mf_red	num_qualified_mf_red2	num_qualified_mf_red3	num_qualified_mf_tube	num_qualified_mf_tube2	num_qualified_mf_white	num_qualified_mf_yellow	num_qualified_mf_yellow2	num_qualified_mg_beak	num_qualified_mg_beak2	num_qualified_mg_beakless	num_qualified_mg_fork	num_qualified_mg_pink	num_qualified_mg_purple2	num_qualified_mg_red	num_qualified_mg_red2	num_qualified_mg_red3	num_qualified_mg_tube	num_qualified_mg_tube2	num_qualified_mg_white	num_qualified_mg_yellow	num_qualified_mg_yellow2	fg_enrichment_factor_beak	fg_enrichment_factor_beak2	fg_enrichment_factor_beakless	fg_enrichment_factor_fork	fg_enrichment_factor_pink	fg_enrichment_factor_purple2	fg_enrichment_factor_red	fg_enrichment_factor_red2	fg_enrichment_factor_red3	fg_enrichment_factor_tube	fg_enrichment_factor_tube2	fg_enrichment_factor_white	fg_enrichment_factor_yellow	fg_enrichment_factor_yellow2	median_dist_bl_all	median_dist_bl_fg_beak	median_dist_bl_fg_beak2	median_dist_bl_fg_beakless	median_dist_bl_fg_fork	median_dist_bl_fg_pink	median_dist_bl_fg_purple2	median_dist_bl_fg_red	median_dist_bl_fg_red2	median_dist_bl_fg_red3	median_dist_bl_fg_tube	median_dist_bl_fg_tube2	median_dist_bl_fg_white	median_dist_bl_fg_yellow	median_dist_bl_fg_yellow2	median_dist_bl_mf_beak	median_dist_bl_mf_beak2	median_dist_bl_mf_beakless	median_dist_bl_mf_fork	median_dist_bl_mf_pink	median_dist_bl_mf_purple2	median_dist_bl_mf_red	median_dist_bl_mf_red2	median_dist_bl_mf_red3	median_dist_bl_mf_tube	median_dist_bl_mf_tube2	median_dist_bl_mf_white	median_dist_bl_mf_yellow	median_dist_bl_mf_yellow2	median_dist_bl_mg_beak	median_dist_bl_mg_beak2	median_dist_bl_mg_beakless	median_dist_bl_mg_fork	median_dist_bl_mg_pink	median_dist_bl_mg_purple2	median_dist_bl_mg_red	median_dist_bl_mg_red2	median_dist_bl_mg_red3	median_dist_bl_mg_tube	median_dist_bl_mg_tube2	median_dist_bl_mg_white	median_dist_bl_mg_yellow	median_dist_bl_mg_yellow2	median_dist_node_num_all	median_dist_node_num_fg_beak	median_dist_node_num_fg_beak2	median_dist_node_num_fg_beakless	median_dist_node_num_fg_fork	median_dist_node_num_fg_pink	median_dist_node_num_fg_purple2	median_dist_node_num_fg_red	median_dist_node_num_fg_red2	median_dist_node_num_fg_red3	median_dist_node_num_fg_tube	median_dist_node_num_fg_tube2	median_dist_node_num_fg_white	median_dist_node_num_fg_yellow	median_dist_node_num_fg_yellow2	median_dist_node_num_mf_beak	median_dist_node_num_mf_beak2	median_dist_node_num_mf_beakless	median_dist_node_num_mf_fork	median_dist_node_num_mf_pink	median_dist_node_num_mf_purple2	median_dist_node_num_mf_red	median_dist_node_num_mf_red2	median_dist_node_num_mf_red3	median_dist_node_num_mf_tube	median_dist_node_num_mf_tube2	median_dist_node_num_mf_white	median_dist_node_num_mf_yellow	median_dist_node_num_mf_yellow2	median_dist_node_num_mg_beak	median_dist_node_num_mg_beak2	median_dist_node_num_mg_beakless	median_dist_node_num_mg_fork	median_dist_node_num_mg_pink	median_dist_node_num_mg_purple2	median_dist_node_num_mg_red	median_dist_node_num_mg_red2	median_dist_node_num_mg_red3	median_dist_node_num_mg_tube	median_dist_node_num_mg_tube2	median_dist_node_num_mg_white	median_dist_node_num_mg_yellow	median_dist_node_num_mg_yellow2	median_omegaCany2any_all	median_omegaCany2any_fg_beak	median_omegaCany2any_fg_beak2	median_omegaCany2any_fg_beakless	median_omegaCany2any_fg_fork	median_omegaCany2any_fg_pink	median_omegaCany2any_fg_purple2	median_omegaCany2any_fg_red	median_omegaCany2any_fg_red2	median_omegaCany2any_fg_red3	median_omegaCany2any_fg_tube	median_omegaCany2any_fg_tube2	median_omegaCany2any_fg_white	median_omegaCany2any_fg_yellow	median_omegaCany2any_fg_yellow2	median_omegaCany2any_mf_beak	median_omegaCany2any_mf_beak2	median_omegaCany2any_mf_beakless	median_omegaCany2any_mf_fork	median_omegaCany2any_mf_pink	median_omegaCany2any_mf_purple2	median_omegaCany2any_mf_red	median_omegaCany2any_mf_red2	median_omegaCany2any_mf_red3	median_omegaCany2any_mf_tube	median_omegaCany2any_mf_tube2	median_omegaCany2any_mf_white	median_omegaCany2any_mf_yellow	median_omegaCany2any_mf_yellow2	median_omegaCany2any_mg_beak	median_omegaCany2any_mg_beak2	median_omegaCany2any_mg_beakless	median_omegaCany2any_mg_fork	median_omegaCany2any_mg_pink	median_omegaCany2any_mg_purple2	median_omegaCany2any_mg_red	median_omegaCany2any_mg_red2	median_omegaCany2any_mg_red3	median_omegaCany2any_mg_tube	median_omegaCany2any_mg_tube2	median_omegaCany2any_mg_white	median_omegaCany2any_mg_yellow	median_omegaCany2any_mg_yellow2	median_omegaCany2any_nocalib_all	median_omegaCany2any_nocalib_fg_beak	median_omegaCany2any_nocalib_fg_beak2	median_omegaCany2any_nocalib_fg_beakless	median_omegaCany2any_nocalib_fg_fork	median_omegaCany2any_nocalib_fg_pink	median_omegaCany2any_nocalib_fg_purple2	median_omegaCany2any_nocalib_fg_red	median_omegaCany2any_nocalib_fg_red2	median_omegaCany2any_nocalib_fg_red3	median_omegaCany2any_nocalib_fg_tube	median_omegaCany2any_nocalib_fg_tube2	median_omegaCany2any_nocalib_fg_white	median_omegaCany2any_nocalib_fg_yellow	median_omegaCany2any_nocalib_fg_yellow2	median_omegaCany2any_nocalib_mf_beak	median_omegaCany2any_nocalib_mf_beak2	median_omegaCany2any_nocalib_mf_beakless	median_omegaCany2any_nocalib_mf_fork	median_omegaCany2any_nocalib_mf_pink	median_omegaCany2any_nocalib_mf_purple2	median_omegaCany2any_nocalib_mf_red	median_omegaCany2any_nocalib_mf_red2	median_omegaCany2any_nocalib_mf_red3	median_omegaCany2any_nocalib_mf_tube	median_omegaCany2any_nocalib_mf_tube2	median_omegaCany2any_nocalib_mf_white	median_omegaCany2any_nocalib_mf_yellow	median_omegaCany2any_nocalib_mf_yellow2	median_omegaCany2any_nocalib_mg_beak	median_omegaCany2any_nocalib_mg_beak2	median_omegaCany2any_nocalib_mg_beakless	median_omegaCany2any_nocalib_mg_fork	median_omegaCany2any_nocalib_mg_pink	median_omegaCany2any_nocalib_mg_purple2	median_omegaCany2any_nocalib_mg_red	median_omegaCany2any_nocalib_mg_red2	median_omegaCany2any_nocalib_mg_red3	median_omegaCany2any_nocalib_mg_tube	median_omegaCany2any_nocalib_mg_tube2	median_omegaCany2any_nocalib_mg_white	median_omegaCany2any_nocalib_mg_yellow	median_omegaCany2any_nocalib_mg_yellow2	median_omegaCany2dif_all	median_omegaCany2dif_fg_beak	median_omegaCany2dif_fg_beak2	median_omegaCany2dif_fg_beakless	median_omegaCany2dif_fg_fork	median_omegaCany2dif_fg_pink	median_omegaCany2dif_fg_purple2	median_omegaCany2dif_fg_red	median_omegaCany2dif_fg_red2	median_omegaCany2dif_fg_red3	median_omegaCany2dif_fg_tube	median_omegaCany2dif_fg_tube2	median_omegaCany2dif_fg_white	median_omegaCany2dif_fg_yellow	median_omegaCany2dif_fg_yellow2	median_omegaCany2dif_mf_beak	median_omegaCany2dif_mf_beak2	median_omegaCany2dif_mf_beakless	median_omegaCany2dif_mf_fork	median_omegaCany2dif_mf_pink	median_omegaCany2dif_mf_purple2	median_omegaCany2dif_mf_red	median_omegaCany2dif_mf_red2	median_omegaCany2dif_mf_red3	median_omegaCany2dif_mf_tube	median_omegaCany2dif_mf_tube2	median_omegaCany2dif_mf_white	median_omegaCany2dif_mf_yellow	median_omegaCany2dif_mf_yellow2	median_omegaCany2dif_mg_beak	median_omegaCany2dif_mg_beak2	median_omegaCany2dif_mg_beakless	median_omegaCany2dif_mg_fork	median_omegaCany2dif_mg_pink	median_omegaCany2dif_mg_purple2	median_omegaCany2dif_mg_red	median_omegaCany2dif_mg_red2	median_omegaCany2dif_mg_red3	median_omegaCany2dif_mg_tube	median_omegaCany2dif_mg_tube2	median_omegaCany2dif_mg_white	median_omegaCany2dif_mg_yellow	median_omegaCany2dif_mg_yellow2	median_omegaCany2dif_nocalib_all	median_omegaCany2dif_nocalib_fg_beak	median_omegaCany2dif_nocalib_fg_beak2	median_omegaCany2dif_nocalib_fg_beakless	median_omegaCany2dif_nocalib_fg_fork	median_omegaCany2dif_nocalib_fg_pink	median_omegaCany2dif_nocalib_fg_purple2	median_omegaCany2dif_nocalib_fg_red	median_omegaCany2dif_nocalib_fg_red2	median_omegaCany2dif_nocalib_fg_red3	median_omegaCany2dif_nocalib_fg_tube	median_omegaCany2dif_nocalib_fg_tube2	median_omegaCany2dif_nocalib_fg_white	median_omegaCany2dif_nocalib_fg_yellow	median_omegaCany2dif_nocalib_fg_yellow2	median_omegaCany2dif_nocalib_mf_beak	median_omegaCany2dif_nocalib_mf_beak2	median_omegaCany2dif_nocalib_mf_beakless	median_omegaCany2dif_nocalib_mf_fork	median_omegaCany2dif_nocalib_mf_pink	median_omegaCany2dif_nocalib_mf_purple2	median_omegaCany2dif_nocalib_mf_red	median_omegaCany2dif_nocalib_mf_red2	median_omegaCany2dif_nocalib_mf_red3	median_omegaCany2dif_nocalib_mf_tube	median_omegaCany2dif_nocalib_mf_tube2	median_omegaCany2dif_nocalib_mf_white	median_omegaCany2dif_nocalib_mf_yellow	median_omegaCany2dif_nocalib_mf_yellow2	median_omegaCany2dif_nocalib_mg_beak	median_omegaCany2dif_nocalib_mg_beak2	median_omegaCany2dif_nocalib_mg_beakless	median_omegaCany2dif_nocalib_mg_fork	median_omegaCany2dif_nocalib_mg_pink	median_omegaCany2dif_nocalib_mg_purple2	median_omegaCany2dif_nocalib_mg_red	median_omegaCany2dif_nocalib_mg_red2	median_omegaCany2dif_nocalib_mg_red3	median_omegaCany2dif_nocalib_mg_tube	median_omegaCany2dif_nocalib_mg_tube2	median_omegaCany2dif_nocalib_mg_white	median_omegaCany2dif_nocalib_mg_yellow	median_omegaCany2dif_nocalib_mg_yellow2	median_omegaCany2spe_all	median_omegaCany2spe_fg_beak	median_omegaCany2spe_fg_beak2	median_omegaCany2spe_fg_beakless	median_omegaCany2spe_fg_fork	median_omegaCany2spe_fg_pink	median_omegaCany2spe_fg_purple2	median_omegaCany2spe_fg_red	median_omegaCany2spe_fg_red2	median_omegaCany2spe_fg_red3	median_omegaCany2spe_fg_tube	median_omegaCany2spe_fg_tube2	median_omegaCany2spe_fg_white	median_omegaCany2spe_fg_yellow	median_omegaCany2spe_fg_yellow2	median_omegaCany2spe_mf_beak	median_omegaCany2spe_mf_beak2	median_omegaCany2spe_mf_beakless	median_omegaCany2spe_mf_fork	median_omegaCany2spe_mf_pink	median_omegaCany2spe_mf_purple2	median_omegaCany2spe_mf_red	median_omegaCany2spe_mf_red2	median_omegaCany2spe_mf_red3	median_omegaCany2spe_mf_tube	median_omegaCany2spe_mf_tube2	median_omegaCany2spe_mf_white	median_omegaCany2spe_mf_yellow	median_omegaCany2spe_mf_yellow2	median_omegaCany2spe_mg_beak	median_omegaCany2spe_mg_beak2	median_omegaCany2spe_mg_beakless	median_omegaCany2spe_mg_fork	median_omegaCany2spe_mg_pink	median_omegaCany2spe_mg_purple2	median_omegaCany2spe_mg_red	median_omegaCany2spe_mg_red2	median_omegaCany2spe_mg_red3	median_omegaCany2spe_mg_tube	median_omegaCany2spe_mg_tube2	median_omegaCany2spe_mg_white	median_omegaCany2spe_mg_yellow	median_omegaCany2spe_mg_yellow2	median_omegaCany2spe_nocalib_all	median_omegaCany2spe_nocalib_fg_beak	median_omegaCany2spe_nocalib_fg_beak2	median_omegaCany2spe_nocalib_fg_beakless	median_omegaCany2spe_nocalib_fg_fork	median_omegaCany2spe_nocalib_fg_pink	median_omegaCany2spe_nocalib_fg_purple2	median_omegaCany2spe_nocalib_fg_red	median_omegaCany2spe_nocalib_fg_red2	median_omegaCany2spe_nocalib_fg_red3	median_omegaCany2spe_nocalib_fg_tube	median_omegaCany2spe_nocalib_fg_tube2	median_omegaCany2spe_nocalib_fg_white	median_omegaCany2spe_nocalib_fg_yellow	median_omegaCany2spe_nocalib_fg_yellow2	median_omegaCany2spe_nocalib_mf_beak	median_omegaCany2spe_nocalib_mf_beak2	median_omegaCany2spe_nocalib_mf_beakless	median_omegaCany2spe_nocalib_mf_fork	median_omegaCany2spe_nocalib_mf_pink	median_omegaCany2spe_nocalib_mf_purple2	median_omegaCany2spe_nocalib_mf_red	median_omegaCany2spe_nocalib_mf_red2	median_omegaCany2spe_nocalib_mf_red3	median_omegaCany2spe_nocalib_mf_tube	median_omegaCany2spe_nocalib_mf_tube2	median_omegaCany2spe_nocalib_mf_white	median_omegaCany2spe_nocalib_mf_yellow	median_omegaCany2spe_nocalib_mf_yellow2	median_omegaCany2spe_nocalib_mg_beak	median_omegaCany2spe_nocalib_mg_beak2	median_omegaCany2spe_nocalib_mg_beakless	median_omegaCany2spe_nocalib_mg_fork	median_omegaCany2spe_nocalib_mg_pink	median_omegaCany2spe_nocalib_mg_purple2	median_omegaCany2spe_nocalib_mg_red	median_omegaCany2spe_nocalib_mg_red2	median_omegaCany2spe_nocalib_mg_red3	median_omegaCany2spe_nocalib_mg_tube	median_omegaCany2spe_nocalib_mg_tube2	median_omegaCany2spe_nocalib_mg_white	median_omegaCany2spe_nocalib_mg_yellow	median_omegaCany2spe_nocalib_mg_yellow2	median_omegaCdif2any_all	median_omegaCdif2any_fg_beak	median_omegaCdif2any_fg_beak2	median_omegaCdif2any_fg_beakless	median_omegaCdif2any_fg_fork	median_omegaCdif2any_fg_pink	median_omegaCdif2any_fg_purple2	median_omegaCdif2any_fg_red	median_omegaCdif2any_fg_red2	median_omegaCdif2any_fg_red3	median_omegaCdif2any_fg_tube	median_omegaCdif2any_fg_tube2	median_omegaCdif2any_fg_white	median_omegaCdif2any_fg_yellow	median_omegaCdif2any_fg_yellow2	median_omegaCdif2any_mf_beak	median_omegaCdif2any_mf_beak2	median_omegaCdif2any_mf_beakless	median_omegaCdif2any_mf_fork	median_omegaCdif2any_mf_pink	median_omegaCdif2any_mf_purple2	median_omegaCdif2any_mf_red	median_omegaCdif2any_mf_red2	median_omegaCdif2any_mf_red3	median_omegaCdif2any_mf_tube	median_omegaCdif2any_mf_tube2	median_omegaCdif2any_mf_white	median_omegaCdif2any_mf_yellow	median_omegaCdif2any_mf_yellow2	median_omegaCdif2any_mg_beak	median_omegaCdif2any_mg_beak2	median_omegaCdif2any_mg_beakless	median_omegaCdif2any_mg_fork	median_omegaCdif2any_mg_pink	median_omegaCdif2any_mg_purple2	median_omegaCdif2any_mg_red	median_omegaCdif2any_mg_red2	median_omegaCdif2any_mg_red3	median_omegaCdif2any_mg_tube	median_omegaCdif2any_mg_tube2	median_omegaCdif2any_mg_white	median_omegaCdif2any_mg_yellow	median_omegaCdif2any_mg_yellow2	median_omegaCdif2any_nocalib_all	median_omegaCdif2any_nocalib_fg_beak	median_omegaCdif2any_nocalib_fg_beak2	median_omegaCdif2any_nocalib_fg_beakless	median_omegaCdif2any_nocalib_fg_fork	median_omegaCdif2any_nocalib_fg_pink	median_omegaCdif2any_nocalib_fg_purple2	median_omegaCdif2any_nocalib_fg_red	median_omegaCdif2any_nocalib_fg_red2	median_omegaCdif2any_nocalib_fg_red3	median_omegaCdif2any_nocalib_fg_tube	median_omegaCdif2any_nocalib_fg_tube2	median_omegaCdif2any_nocalib_fg_white	median_omegaCdif2any_nocalib_fg_yellow	median_omegaCdif2any_nocalib_fg_yellow2	median_omegaCdif2any_nocalib_mf_beak	median_omegaCdif2any_nocalib_mf_beak2	median_omegaCdif2any_nocalib_mf_beakless	median_omegaCdif2any_nocalib_mf_fork	median_omegaCdif2any_nocalib_mf_pink	median_omegaCdif2any_nocalib_mf_purple2	median_omegaCdif2any_nocalib_mf_red	median_omegaCdif2any_nocalib_mf_red2	median_omegaCdif2any_nocalib_mf_red3	median_omegaCdif2any_nocalib_mf_tube	median_omegaCdif2any_nocalib_mf_tube2	median_omegaCdif2any_nocalib_mf_white	median_omegaCdif2any_nocalib_mf_yellow	median_omegaCdif2any_nocalib_mf_yellow2	median_omegaCdif2any_nocalib_mg_beak	median_omegaCdif2any_nocalib_mg_beak2	median_omegaCdif2any_nocalib_mg_beakless	median_omegaCdif2any_nocalib_mg_fork	median_omegaCdif2any_nocalib_mg_pink	median_omegaCdif2any_nocalib_mg_purple2	median_omegaCdif2any_nocalib_mg_red	median_omegaCdif2any_nocalib_mg_red2	median_omegaCdif2any_nocalib_mg_red3	median_omegaCdif2any_nocalib_mg_tube	median_omegaCdif2any_nocalib_mg_tube2	median_omegaCdif2any_nocalib_mg_white	median_omegaCdif2any_nocalib_mg_yellow	median_omegaCdif2any_nocalib_mg_yellow2	median_omegaCdif2dif_all	median_omegaCdif2dif_fg_beak	median_omegaCdif2dif_fg_beak2	median_omegaCdif2dif_fg_beakless	median_omegaCdif2dif_fg_fork	median_omegaCdif2dif_fg_pink	median_omegaCdif2dif_fg_purple2	median_omegaCdif2dif_fg_red	median_omegaCdif2dif_fg_red2	median_omegaCdif2dif_fg_red3	median_omegaCdif2dif_fg_tube	median_omegaCdif2dif_fg_tube2	median_omegaCdif2dif_fg_white	median_omegaCdif2dif_fg_yellow	median_omegaCdif2dif_fg_yellow2	median_omegaCdif2dif_mf_beak	median_omegaCdif2dif_mf_beak2	median_omegaCdif2dif_mf_beakless	median_omegaCdif2dif_mf_fork	median_omegaCdif2dif_mf_pink	median_omegaCdif2dif_mf_purple2	median_omegaCdif2dif_mf_red	median_omegaCdif2dif_mf_red2	median_omegaCdif2dif_mf_red3	median_omegaCdif2dif_mf_tube	median_omegaCdif2dif_mf_tube2	median_omegaCdif2dif_mf_white	median_omegaCdif2dif_mf_yellow	median_omegaCdif2dif_mf_yellow2	median_omegaCdif2dif_mg_beak	median_omegaCdif2dif_mg_beak2	median_omegaCdif2dif_mg_beakless	median_omegaCdif2dif_mg_fork	median_omegaCdif2dif_mg_pink	median_omegaCdif2dif_mg_purple2	median_omegaCdif2dif_mg_red	median_omegaCdif2dif_mg_red2	median_omegaCdif2dif_mg_red3	median_omegaCdif2dif_mg_tube	median_omegaCdif2dif_mg_tube2	median_omegaCdif2dif_mg_white	median_omegaCdif2dif_mg_yellow	median_omegaCdif2dif_mg_yellow2	median_omegaCdif2dif_nocalib_all	median_omegaCdif2dif_nocalib_fg_beak	median_omegaCdif2dif_nocalib_fg_beak2	median_omegaCdif2dif_nocalib_fg_beakless	median_omegaCdif2dif_nocalib_fg_fork	median_omegaCdif2dif_nocalib_fg_pink	median_omegaCdif2dif_nocalib_fg_purple2	median_omegaCdif2dif_nocalib_fg_red	median_omegaCdif2dif_nocalib_fg_red2	median_omegaCdif2dif_nocalib_fg_red3	median_omegaCdif2dif_nocalib_fg_tube	median_omegaCdif2dif_nocalib_fg_tube2	median_omegaCdif2dif_nocalib_fg_white	median_omegaCdif2dif_nocalib_fg_yellow	median_omegaCdif2dif_nocalib_fg_yellow2	median_omegaCdif2dif_nocalib_mf_beak	median_omegaCdif2dif_nocalib_mf_beak2	median_omegaCdif2dif_nocalib_mf_beakless	median_omegaCdif2dif_nocalib_mf_fork	median_omegaCdif2dif_nocalib_mf_pink	median_omegaCdif2dif_nocalib_mf_purple2	median_omegaCdif2dif_nocalib_mf_red	median_omegaCdif2dif_nocalib_mf_red2	median_omegaCdif2dif_nocalib_mf_red3	median_omegaCdif2dif_nocalib_mf_tube	median_omegaCdif2dif_nocalib_mf_tube2	median_omegaCdif2dif_nocalib_mf_white	median_omegaCdif2dif_nocalib_mf_yellow	median_omegaCdif2dif_nocalib_mf_yellow2	median_omegaCdif2dif_nocalib_mg_beak	median_omegaCdif2dif_nocalib_mg_beak2	median_omegaCdif2dif_nocalib_mg_beakless	median_omegaCdif2dif_nocalib_mg_fork	median_omegaCdif2dif_nocalib_mg_pink	median_omegaCdif2dif_nocalib_mg_purple2	median_omegaCdif2dif_nocalib_mg_red	median_omegaCdif2dif_nocalib_mg_red2	median_omegaCdif2dif_nocalib_mg_red3	median_omegaCdif2dif_nocalib_mg_tube	median_omegaCdif2dif_nocalib_mg_tube2	median_omegaCdif2dif_nocalib_mg_white	median_omegaCdif2dif_nocalib_mg_yellow	median_omegaCdif2dif_nocalib_mg_yellow2	median_omegaCdif2spe_all	median_omegaCdif2spe_fg_beak	median_omegaCdif2spe_fg_beak2	median_omegaCdif2spe_fg_beakless	median_omegaCdif2spe_fg_fork	median_omegaCdif2spe_fg_pink	median_omegaCdif2spe_fg_purple2	median_omegaCdif2spe_fg_red	median_omegaCdif2spe_fg_red2	median_omegaCdif2spe_fg_red3	median_omegaCdif2spe_fg_tube	median_omegaCdif2spe_fg_tube2	median_omegaCdif2spe_fg_white	median_omegaCdif2spe_fg_yellow	median_omegaCdif2spe_fg_yellow2	median_omegaCdif2spe_mf_beak	median_omegaCdif2spe_mf_beak2	median_omegaCdif2spe_mf_beakless	median_omegaCdif2spe_mf_fork	median_omegaCdif2spe_mf_pink	median_omegaCdif2spe_mf_purple2	median_omegaCdif2spe_mf_red	median_omegaCdif2spe_mf_red2	median_omegaCdif2spe_mf_red3	median_omegaCdif2spe_mf_tube	median_omegaCdif2spe_mf_tube2	median_omegaCdif2spe_mf_white	median_omegaCdif2spe_mf_yellow	median_omegaCdif2spe_mf_yellow2	median_omegaCdif2spe_mg_beak	median_omegaCdif2spe_mg_beak2	median_omegaCdif2spe_mg_beakless	median_omegaCdif2spe_mg_fork	median_omegaCdif2spe_mg_pink	median_omegaCdif2spe_mg_purple2	median_omegaCdif2spe_mg_red	median_omegaCdif2spe_mg_red2	median_omegaCdif2spe_mg_red3	median_omegaCdif2spe_mg_tube	median_omegaCdif2spe_mg_tube2	median_omegaCdif2spe_mg_white	median_omegaCdif2spe_mg_yellow	median_omegaCdif2spe_mg_yellow2	median_omegaCdif2spe_nocalib_all	median_omegaCdif2spe_nocalib_fg_beak	median_omegaCdif2spe_nocalib_fg_beak2	median_omegaCdif2spe_nocalib_fg_beakless	median_omegaCdif2spe_nocalib_fg_fork	median_omegaCdif2spe_nocalib_fg_pink	median_omegaCdif2spe_nocalib_fg_purple2	median_omegaCdif2spe_nocalib_fg_red	median_omegaCdif2spe_nocalib_fg_red2	median_omegaCdif2spe_nocalib_fg_red3	median_omegaCdif2spe_nocalib_fg_tube	median_omegaCdif2spe_nocalib_fg_tube2	median_omegaCdif2spe_nocalib_fg_white	median_omegaCdif2spe_nocalib_fg_yellow	median_omegaCdif2spe_nocalib_fg_yellow2	median_omegaCdif2spe_nocalib_mf_beak	median_omegaCdif2spe_nocalib_mf_beak2	median_omegaCdif2spe_nocalib_mf_beakless	median_omegaCdif2spe_nocalib_mf_fork	median_omegaCdif2spe_nocalib_mf_pink	median_omegaCdif2spe_nocalib_mf_purple2	median_omegaCdif2spe_nocalib_mf_red	median_omegaCdif2spe_nocalib_mf_red2	median_omegaCdif2spe_nocalib_mf_red3	median_omegaCdif2spe_nocalib_mf_tube	median_omegaCdif2spe_nocalib_mf_tube2	median_omegaCdif2spe_nocalib_mf_white	median_omegaCdif2spe_nocalib_mf_yellow	median_omegaCdif2spe_nocalib_mf_yellow2	median_omegaCdif2spe_nocalib_mg_beak	median_omegaCdif2spe_nocalib_mg_beak2	median_omegaCdif2spe_nocalib_mg_beakless	median_omegaCdif2spe_nocalib_mg_fork	median_omegaCdif2spe_nocalib_mg_pink	median_omegaCdif2spe_nocalib_mg_purple2	median_omegaCdif2spe_nocalib_mg_red	median_omegaCdif2spe_nocalib_mg_red2	median_omegaCdif2spe_nocalib_mg_red3	median_omegaCdif2spe_nocalib_mg_tube	median_omegaCdif2spe_nocalib_mg_tube2	median_omegaCdif2spe_nocalib_mg_white	median_omegaCdif2spe_nocalib_mg_yellow	median_omegaCdif2spe_nocalib_mg_yellow2	median_omegaCspe2any_all	median_omegaCspe2any_fg_beak	median_omegaCspe2any_fg_beak2	median_omegaCspe2any_fg_beakless	median_omegaCspe2any_fg_fork	median_omegaCspe2any_fg_pink	median_omegaCspe2any_fg_purple2	median_omegaCspe2any_fg_red	median_omegaCspe2any_fg_red2	median_omegaCspe2any_fg_red3	median_omegaCspe2any_fg_tube	median_omegaCspe2any_fg_tube2	median_omegaCspe2any_fg_white	median_omegaCspe2any_fg_yellow	median_omegaCspe2any_fg_yellow2	median_omegaCspe2any_mf_beak	median_omegaCspe2any_mf_beak2	median_omegaCspe2any_mf_beakless	median_omegaCspe2any_mf_fork	median_omegaCspe2any_mf_pink	median_omegaCspe2any_mf_purple2	median_omegaCspe2any_mf_red	median_omegaCspe2any_mf_red2	median_omegaCspe2any_mf_red3	median_omegaCspe2any_mf_tube	median_omegaCspe2any_mf_tube2	median_omegaCspe2any_mf_white	median_omegaCspe2any_mf_yellow	median_omegaCspe2any_mf_yellow2	median_omegaCspe2any_mg_beak	median_omegaCspe2any_mg_beak2	median_omegaCspe2any_mg_beakless	median_omegaCspe2any_mg_fork	median_omegaCspe2any_mg_pink	median_omegaCspe2any_mg_purple2	median_omegaCspe2any_mg_red	median_omegaCspe2any_mg_red2	median_omegaCspe2any_mg_red3	median_omegaCspe2any_mg_tube	median_omegaCspe2any_mg_tube2	median_omegaCspe2any_mg_white	median_omegaCspe2any_mg_yellow	median_omegaCspe2any_mg_yellow2	median_omegaCspe2any_nocalib_all	median_omegaCspe2any_nocalib_fg_beak	median_omegaCspe2any_nocalib_fg_beak2	median_omegaCspe2any_nocalib_fg_beakless	median_omegaCspe2any_nocalib_fg_fork	median_omegaCspe2any_nocalib_fg_pink	median_omegaCspe2any_nocalib_fg_purple2	median_omegaCspe2any_nocalib_fg_red	median_omegaCspe2any_nocalib_fg_red2	median_omegaCspe2any_nocalib_fg_red3	median_omegaCspe2any_nocalib_fg_tube	median_omegaCspe2any_nocalib_fg_tube2	median_omegaCspe2any_nocalib_fg_white	median_omegaCspe2any_nocalib_fg_yellow	median_omegaCspe2any_nocalib_fg_yellow2	median_omegaCspe2any_nocalib_mf_beak	median_omegaCspe2any_nocalib_mf_beak2	median_omegaCspe2any_nocalib_mf_beakless	median_omegaCspe2any_nocalib_mf_fork	median_omegaCspe2any_nocalib_mf_pink	median_omegaCspe2any_nocalib_mf_purple2	median_omegaCspe2any_nocalib_mf_red	median_omegaCspe2any_nocalib_mf_red2	median_omegaCspe2any_nocalib_mf_red3	median_omegaCspe2any_nocalib_mf_tube	median_omegaCspe2any_nocalib_mf_tube2	median_omegaCspe2any_nocalib_mf_white	median_omegaCspe2any_nocalib_mf_yellow	median_omegaCspe2any_nocalib_mf_yellow2	median_omegaCspe2any_nocalib_mg_beak	median_omegaCspe2any_nocalib_mg_beak2	median_omegaCspe2any_nocalib_mg_beakless	median_omegaCspe2any_nocalib_mg_fork	median_omegaCspe2any_nocalib_mg_pink	median_omegaCspe2any_nocalib_mg_purple2	median_omegaCspe2any_nocalib_mg_red	median_omegaCspe2any_nocalib_mg_red2	median_omegaCspe2any_nocalib_mg_red3	median_omegaCspe2any_nocalib_mg_tube	median_omegaCspe2any_nocalib_mg_tube2	median_omegaCspe2any_nocalib_mg_white	median_omegaCspe2any_nocalib_mg_yellow	median_omegaCspe2any_nocalib_mg_yellow2	median_omegaCspe2dif_all	median_omegaCspe2dif_fg_beak	median_omegaCspe2dif_fg_beak2	median_omegaCspe2dif_fg_beakless	median_omegaCspe2dif_fg_fork	median_omegaCspe2dif_fg_pink	median_omegaCspe2dif_fg_purple2	median_omegaCspe2dif_fg_red	median_omegaCspe2dif_fg_red2	median_omegaCspe2dif_fg_red3	median_omegaCspe2dif_fg_tube	median_omegaCspe2dif_fg_tube2	median_omegaCspe2dif_fg_white	median_omegaCspe2dif_fg_yellow	median_omegaCspe2dif_fg_yellow2	median_omegaCspe2dif_mf_beak	median_omegaCspe2dif_mf_beak2	median_omegaCspe2dif_mf_beakless	median_omegaCspe2dif_mf_fork	median_omegaCspe2dif_mf_pink	median_omegaCspe2dif_mf_purple2	median_omegaCspe2dif_mf_red	median_omegaCspe2dif_mf_red2	median_omegaCspe2dif_mf_red3	median_omegaCspe2dif_mf_tube	median_omegaCspe2dif_mf_tube2	median_omegaCspe2dif_mf_white	median_omegaCspe2dif_mf_yellow	median_omegaCspe2dif_mf_yellow2	median_omegaCspe2dif_mg_beak	median_omegaCspe2dif_mg_beak2	median_omegaCspe2dif_mg_beakless	median_omegaCspe2dif_mg_fork	median_omegaCspe2dif_mg_pink	median_omegaCspe2dif_mg_purple2	median_omegaCspe2dif_mg_red	median_omegaCspe2dif_mg_red2	median_omegaCspe2dif_mg_red3	median_omegaCspe2dif_mg_tube	median_omegaCspe2dif_mg_tube2	median_omegaCspe2dif_mg_white	median_omegaCspe2dif_mg_yellow	median_omegaCspe2dif_mg_yellow2	median_omegaCspe2dif_nocalib_all	median_omegaCspe2dif_nocalib_fg_beak	median_omegaCspe2dif_nocalib_fg_beak2	median_omegaCspe2dif_nocalib_fg_beakless	median_omegaCspe2dif_nocalib_fg_fork	median_omegaCspe2dif_nocalib_fg_pink	median_omegaCspe2dif_nocalib_fg_purple2	median_omegaCspe2dif_nocalib_fg_red	median_omegaCspe2dif_nocalib_fg_red2	median_omegaCspe2dif_nocalib_fg_red3	median_omegaCspe2dif_nocalib_fg_tube	median_omegaCspe2dif_nocalib_fg_tube2	median_omegaCspe2dif_nocalib_fg_white	median_omegaCspe2dif_nocalib_fg_yellow	median_omegaCspe2dif_nocalib_fg_yellow2	median_omegaCspe2dif_nocalib_mf_beak	median_omegaCspe2dif_nocalib_mf_beak2	median_omegaCspe2dif_nocalib_mf_beakless	median_omegaCspe2dif_nocalib_mf_fork	median_omegaCspe2dif_nocalib_mf_pink	median_omegaCspe2dif_nocalib_mf_purple2	median_omegaCspe2dif_nocalib_mf_red	median_omegaCspe2dif_nocalib_mf_red2	median_omegaCspe2dif_nocalib_mf_red3	median_omegaCspe2dif_nocalib_mf_tube	median_omegaCspe2dif_nocalib_mf_tube2	median_omegaCspe2dif_nocalib_mf_white	median_omegaCspe2dif_nocalib_mf_yellow	median_omegaCspe2dif_nocalib_mf_yellow2	median_omegaCspe2dif_nocalib_mg_beak	median_omegaCspe2dif_nocalib_mg_beak2	median_omegaCspe2dif_nocalib_mg_beakless	median_omegaCspe2dif_nocalib_mg_fork	median_omegaCspe2dif_nocalib_mg_pink	median_omegaCspe2dif_nocalib_mg_purple2	median_omegaCspe2dif_nocalib_mg_red	median_omegaCspe2dif_nocalib_mg_red2	median_omegaCspe2dif_nocalib_mg_red3	median_omegaCspe2dif_nocalib_mg_tube	median_omegaCspe2dif_nocalib_mg_tube2	median_omegaCspe2dif_nocalib_mg_white	median_omegaCspe2dif_nocalib_mg_yellow	median_omegaCspe2dif_nocalib_mg_yellow2	median_omegaCspe2spe_all	median_omegaCspe2spe_fg_beak	median_omegaCspe2spe_fg_beak2	median_omegaCspe2spe_fg_beakless	median_omegaCspe2spe_fg_fork	median_omegaCspe2spe_fg_pink	median_omegaCspe2spe_fg_purple2	median_omegaCspe2spe_fg_red	median_omegaCspe2spe_fg_red2	median_omegaCspe2spe_fg_red3	median_omegaCspe2spe_fg_tube	median_omegaCspe2spe_fg_tube2	median_omegaCspe2spe_fg_white	median_omegaCspe2spe_fg_yellow	median_omegaCspe2spe_fg_yellow2	median_omegaCspe2spe_mf_beak	median_omegaCspe2spe_mf_beak2	median_omegaCspe2spe_mf_beakless	median_omegaCspe2spe_mf_fork	median_omegaCspe2spe_mf_pink	median_omegaCspe2spe_mf_purple2	median_omegaCspe2spe_mf_red	median_omegaCspe2spe_mf_red2	median_omegaCspe2spe_mf_red3	median_omegaCspe2spe_mf_tube	median_omegaCspe2spe_mf_tube2	median_omegaCspe2spe_mf_white	median_omegaCspe2spe_mf_yellow	median_omegaCspe2spe_mf_yellow2	median_omegaCspe2spe_mg_beak	median_omegaCspe2spe_mg_beak2	median_omegaCspe2spe_mg_beakless	median_omegaCspe2spe_mg_fork	median_omegaCspe2spe_mg_pink	median_omegaCspe2spe_mg_purple2	median_omegaCspe2spe_mg_red	median_omegaCspe2spe_mg_red2	median_omegaCspe2spe_mg_red3	median_omegaCspe2spe_mg_tube	median_omegaCspe2spe_mg_tube2	median_omegaCspe2spe_mg_white	median_omegaCspe2spe_mg_yellow	median_omegaCspe2spe_mg_yellow2	median_omegaCspe2spe_nocalib_all	median_omegaCspe2spe_nocalib_fg_beak	median_omegaCspe2spe_nocalib_fg_beak2	median_omegaCspe2spe_nocalib_fg_beakless	median_omegaCspe2spe_nocalib_fg_fork	median_omegaCspe2spe_nocalib_fg_pink	median_omegaCspe2spe_nocalib_fg_purple2	median_omegaCspe2spe_nocalib_fg_red	median_omegaCspe2spe_nocalib_fg_red2	median_omegaCspe2spe_nocalib_fg_red3	median_omegaCspe2spe_nocalib_fg_tube	median_omegaCspe2spe_nocalib_fg_tube2	median_omegaCspe2spe_nocalib_fg_white	median_omegaCspe2spe_nocalib_fg_yellow	median_omegaCspe2spe_nocalib_fg_yellow2	median_omegaCspe2spe_nocalib_mf_beak	median_omegaCspe2spe_nocalib_mf_beak2	median_omegaCspe2spe_nocalib_mf_beakless	median_omegaCspe2spe_nocalib_mf_fork	median_omegaCspe2spe_nocalib_mf_pink	median_omegaCspe2spe_nocalib_mf_purple2	median_omegaCspe2spe_nocalib_mf_red	median_omegaCspe2spe_nocalib_mf_red2	median_omegaCspe2spe_nocalib_mf_red3	median_omegaCspe2spe_nocalib_mf_tube	median_omegaCspe2spe_nocalib_mf_tube2	median_omegaCspe2spe_nocalib_mf_white	median_omegaCspe2spe_nocalib_mf_yellow	median_omegaCspe2spe_nocalib_mf_yellow2	median_omegaCspe2spe_nocalib_mg_beak	median_omegaCspe2spe_nocalib_mg_beak2	median_omegaCspe2spe_nocalib_mg_beakless	median_omegaCspe2spe_nocalib_mg_fork	median_omegaCspe2spe_nocalib_mg_pink	median_omegaCspe2spe_nocalib_mg_purple2	median_omegaCspe2spe_nocalib_mg_red	median_omegaCspe2spe_nocalib_mg_red2	median_omegaCspe2spe_nocalib_mg_red3	median_omegaCspe2spe_nocalib_mg_tube	median_omegaCspe2spe_nocalib_mg_tube2	median_omegaCspe2spe_nocalib_mg_white	median_omegaCspe2spe_nocalib_mg_yellow	median_omegaCspe2spe_nocalib_mg_yellow2	total_ECNany2any_all	total_ECNany2any_fg_beak	total_ECNany2any_fg_beak2	total_ECNany2any_fg_beakless	total_ECNany2any_fg_fork	total_ECNany2any_fg_pink	total_ECNany2any_fg_purple2	total_ECNany2any_fg_red	total_ECNany2any_fg_red2	total_ECNany2any_fg_red3	total_ECNany2any_fg_tube	total_ECNany2any_fg_tube2	total_ECNany2any_fg_white	total_ECNany2any_fg_yellow	total_ECNany2any_fg_yellow2	total_ECNany2any_mf_beak	total_ECNany2any_mf_beak2	total_ECNany2any_mf_beakless	total_ECNany2any_mf_fork	total_ECNany2any_mf_pink	total_ECNany2any_mf_purple2	total_ECNany2any_mf_red	total_ECNany2any_mf_red2	total_ECNany2any_mf_red3	total_ECNany2any_mf_tube	total_ECNany2any_mf_tube2	total_ECNany2any_mf_white	total_ECNany2any_mf_yellow	total_ECNany2any_mf_yellow2	total_ECNany2any_mg_beak	total_ECNany2any_mg_beak2	total_ECNany2any_mg_beakless	total_ECNany2any_mg_fork	total_ECNany2any_mg_pink	total_ECNany2any_mg_purple2	total_ECNany2any_mg_red	total_ECNany2any_mg_red2	total_ECNany2any_mg_red3	total_ECNany2any_mg_tube	total_ECNany2any_mg_tube2	total_ECNany2any_mg_white	total_ECNany2any_mg_yellow	total_ECNany2any_mg_yellow2	total_ECNany2dif_all	total_ECNany2dif_fg_beak	total_ECNany2dif_fg_beak2	total_ECNany2dif_fg_beakless	total_ECNany2dif_fg_fork	total_ECNany2dif_fg_pink	total_ECNany2dif_fg_purple2	total_ECNany2dif_fg_red	total_ECNany2dif_fg_red2	total_ECNany2dif_fg_red3	total_ECNany2dif_fg_tube	total_ECNany2dif_fg_tube2	total_ECNany2dif_fg_white	total_ECNany2dif_fg_yellow	total_ECNany2dif_fg_yellow2	total_ECNany2dif_mf_beak	total_ECNany2dif_mf_beak2	total_ECNany2dif_mf_beakless	total_ECNany2dif_mf_fork	total_ECNany2dif_mf_pink	total_ECNany2dif_mf_purple2	total_ECNany2dif_mf_red	total_ECNany2dif_mf_red2	total_ECNany2dif_mf_red3	total_ECNany2dif_mf_tube	total_ECNany2dif_mf_tube2	total_ECNany2dif_mf_white	total_ECNany2dif_mf_yellow	total_ECNany2dif_mf_yellow2	total_ECNany2dif_mg_beak	total_ECNany2dif_mg_beak2	total_ECNany2dif_mg_beakless	total_ECNany2dif_mg_fork	total_ECNany2dif_mg_pink	total_ECNany2dif_mg_purple2	total_ECNany2dif_mg_red	total_ECNany2dif_mg_red2	total_ECNany2dif_mg_red3	total_ECNany2dif_mg_tube	total_ECNany2dif_mg_tube2	total_ECNany2dif_mg_white	total_ECNany2dif_mg_yellow	total_ECNany2dif_mg_yellow2	total_ECNany2spe_all	total_ECNany2spe_fg_beak	total_ECNany2spe_fg_beak2	total_ECNany2spe_fg_beakless	total_ECNany2spe_fg_fork	total_ECNany2spe_fg_pink	total_ECNany2spe_fg_purple2	total_ECNany2spe_fg_red	total_ECNany2spe_fg_red2	total_ECNany2spe_fg_red3	total_ECNany2spe_fg_tube	total_ECNany2spe_fg_tube2	total_ECNany2spe_fg_white	total_ECNany2spe_fg_yellow	total_ECNany2spe_fg_yellow2	total_ECNany2spe_mf_beak	total_ECNany2spe_mf_beak2	total_ECNany2spe_mf_beakless	total_ECNany2spe_mf_fork	total_ECNany2spe_mf_pink	total_ECNany2spe_mf_purple2	total_ECNany2spe_mf_red	total_ECNany2spe_mf_red2	total_ECNany2spe_mf_red3	total_ECNany2spe_mf_tube	total_ECNany2spe_mf_tube2	total_ECNany2spe_mf_white	total_ECNany2spe_mf_yellow	total_ECNany2spe_mf_yellow2	total_ECNany2spe_mg_beak	total_ECNany2spe_mg_beak2	total_ECNany2spe_mg_beakless	total_ECNany2spe_mg_fork	total_ECNany2spe_mg_pink	total_ECNany2spe_mg_purple2	total_ECNany2spe_mg_red	total_ECNany2spe_mg_red2	total_ECNany2spe_mg_red3	total_ECNany2spe_mg_tube	total_ECNany2spe_mg_tube2	total_ECNany2spe_mg_white	total_ECNany2spe_mg_yellow	total_ECNany2spe_mg_yellow2	total_ECNdif2any_all	total_ECNdif2any_fg_beak	total_ECNdif2any_fg_beak2	total_ECNdif2any_fg_beakless	total_ECNdif2any_fg_fork	total_ECNdif2any_fg_pink	total_ECNdif2any_fg_purple2	total_ECNdif2any_fg_red	total_ECNdif2any_fg_red2	total_ECNdif2any_fg_red3	total_ECNdif2any_fg_tube	total_ECNdif2any_fg_tube2	total_ECNdif2any_fg_white	total_ECNdif2any_fg_yellow	total_ECNdif2any_fg_yellow2	total_ECNdif2any_mf_beak	total_ECNdif2any_mf_beak2	total_ECNdif2any_mf_beakless	total_ECNdif2any_mf_fork	total_ECNdif2any_mf_pink	total_ECNdif2any_mf_purple2	total_ECNdif2any_mf_red	total_ECNdif2any_mf_red2	total_ECNdif2any_mf_red3	total_ECNdif2any_mf_tube	total_ECNdif2any_mf_tube2	total_ECNdif2any_mf_white	total_ECNdif2any_mf_yellow	total_ECNdif2any_mf_yellow2	total_ECNdif2any_mg_beak	total_ECNdif2any_mg_beak2	total_ECNdif2any_mg_beakless	total_ECNdif2any_mg_fork	total_ECNdif2any_mg_pink	total_ECNdif2any_mg_purple2	total_ECNdif2any_mg_red	total_ECNdif2any_mg_red2	total_ECNdif2any_mg_red3	total_ECNdif2any_mg_tube	total_ECNdif2any_mg_tube2	total_ECNdif2any_mg_white	total_ECNdif2any_mg_yellow	total_ECNdif2any_mg_yellow2	total_ECNdif2dif_all	total_ECNdif2dif_fg_beak	total_ECNdif2dif_fg_beak2	total_ECNdif2dif_fg_beakless	total_ECNdif2dif_fg_fork	total_ECNdif2dif_fg_pink	total_ECNdif2dif_fg_purple2	total_ECNdif2dif_fg_red	total_ECNdif2dif_fg_red2	total_ECNdif2dif_fg_red3	total_ECNdif2dif_fg_tube	total_ECNdif2dif_fg_tube2	total_ECNdif2dif_fg_white	total_ECNdif2dif_fg_yellow	total_ECNdif2dif_fg_yellow2	total_ECNdif2dif_mf_beak	total_ECNdif2dif_mf_beak2	total_ECNdif2dif_mf_beakless	total_ECNdif2dif_mf_fork	total_ECNdif2dif_mf_pink	total_ECNdif2dif_mf_purple2	total_ECNdif2dif_mf_red	total_ECNdif2dif_mf_red2	total_ECNdif2dif_mf_red3	total_ECNdif2dif_mf_tube	total_ECNdif2dif_mf_tube2	total_ECNdif2dif_mf_white	total_ECNdif2dif_mf_yellow	total_ECNdif2dif_mf_yellow2	total_ECNdif2dif_mg_beak	total_ECNdif2dif_mg_beak2	total_ECNdif2dif_mg_beakless	total_ECNdif2dif_mg_fork	total_ECNdif2dif_mg_pink	total_ECNdif2dif_mg_purple2	total_ECNdif2dif_mg_red	total_ECNdif2dif_mg_red2	total_ECNdif2dif_mg_red3	total_ECNdif2dif_mg_tube	total_ECNdif2dif_mg_tube2	total_ECNdif2dif_mg_white	total_ECNdif2dif_mg_yellow	total_ECNdif2dif_mg_yellow2	total_ECNdif2spe_all	total_ECNdif2spe_fg_beak	total_ECNdif2spe_fg_beak2	total_ECNdif2spe_fg_beakless	total_ECNdif2spe_fg_fork	total_ECNdif2spe_fg_pink	total_ECNdif2spe_fg_purple2	total_ECNdif2spe_fg_red	total_ECNdif2spe_fg_red2	total_ECNdif2spe_fg_red3	total_ECNdif2spe_fg_tube	total_ECNdif2spe_fg_tube2	total_ECNdif2spe_fg_white	total_ECNdif2spe_fg_yellow	total_ECNdif2spe_fg_yellow2	total_ECNdif2spe_mf_beak	total_ECNdif2spe_mf_beak2	total_ECNdif2spe_mf_beakless	total_ECNdif2spe_mf_fork	total_ECNdif2spe_mf_pink	total_ECNdif2spe_mf_purple2	total_ECNdif2spe_mf_red	total_ECNdif2spe_mf_red2	total_ECNdif2spe_mf_red3	total_ECNdif2spe_mf_tube	total_ECNdif2spe_mf_tube2	total_ECNdif2spe_mf_white	total_ECNdif2spe_mf_yellow	total_ECNdif2spe_mf_yellow2	total_ECNdif2spe_mg_beak	total_ECNdif2spe_mg_beak2	total_ECNdif2spe_mg_beakless	total_ECNdif2spe_mg_fork	total_ECNdif2spe_mg_pink	total_ECNdif2spe_mg_purple2	total_ECNdif2spe_mg_red	total_ECNdif2spe_mg_red2	total_ECNdif2spe_mg_red3	total_ECNdif2spe_mg_tube	total_ECNdif2spe_mg_tube2	total_ECNdif2spe_mg_white	total_ECNdif2spe_mg_yellow	total_ECNdif2spe_mg_yellow2	total_ECNspe2any_all	total_ECNspe2any_fg_beak	total_ECNspe2any_fg_beak2	total_ECNspe2any_fg_beakless	total_ECNspe2any_fg_fork	total_ECNspe2any_fg_pink	total_ECNspe2any_fg_purple2	total_ECNspe2any_fg_red	total_ECNspe2any_fg_red2	total_ECNspe2any_fg_red3	total_ECNspe2any_fg_tube	total_ECNspe2any_fg_tube2	total_ECNspe2any_fg_white	total_ECNspe2any_fg_yellow	total_ECNspe2any_fg_yellow2	total_ECNspe2any_mf_beak	total_ECNspe2any_mf_beak2	total_ECNspe2any_mf_beakless	total_ECNspe2any_mf_fork	total_ECNspe2any_mf_pink	total_ECNspe2any_mf_purple2	total_ECNspe2any_mf_red	total_ECNspe2any_mf_red2	total_ECNspe2any_mf_red3	total_ECNspe2any_mf_tube	total_ECNspe2any_mf_tube2	total_ECNspe2any_mf_white	total_ECNspe2any_mf_yellow	total_ECNspe2any_mf_yellow2	total_ECNspe2any_mg_beak	total_ECNspe2any_mg_beak2	total_ECNspe2any_mg_beakless	total_ECNspe2any_mg_fork	total_ECNspe2any_mg_pink	total_ECNspe2any_mg_purple2	total_ECNspe2any_mg_red	total_ECNspe2any_mg_red2	total_ECNspe2any_mg_red3	total_ECNspe2any_mg_tube	total_ECNspe2any_mg_tube2	total_ECNspe2any_mg_white	total_ECNspe2any_mg_yellow	total_ECNspe2any_mg_yellow2	total_ECNspe2dif_all	total_ECNspe2dif_fg_beak	total_ECNspe2dif_fg_beak2	total_ECNspe2dif_fg_beakless	total_ECNspe2dif_fg_fork	total_ECNspe2dif_fg_pink	total_ECNspe2dif_fg_purple2	total_ECNspe2dif_fg_red	total_ECNspe2dif_fg_red2	total_ECNspe2dif_fg_red3	total_ECNspe2dif_fg_tube	total_ECNspe2dif_fg_tube2	total_ECNspe2dif_fg_white	total_ECNspe2dif_fg_yellow	total_ECNspe2dif_fg_yellow2	total_ECNspe2dif_mf_beak	total_ECNspe2dif_mf_beak2	total_ECNspe2dif_mf_beakless	total_ECNspe2dif_mf_fork	total_ECNspe2dif_mf_pink	total_ECNspe2dif_mf_purple2	total_ECNspe2dif_mf_red	total_ECNspe2dif_mf_red2	total_ECNspe2dif_mf_red3	total_ECNspe2dif_mf_tube	total_ECNspe2dif_mf_tube2	total_ECNspe2dif_mf_white	total_ECNspe2dif_mf_yellow	total_ECNspe2dif_mf_yellow2	total_ECNspe2dif_mg_beak	total_ECNspe2dif_mg_beak2	total_ECNspe2dif_mg_beakless	total_ECNspe2dif_mg_fork	total_ECNspe2dif_mg_pink	total_ECNspe2dif_mg_purple2	total_ECNspe2dif_mg_red	total_ECNspe2dif_mg_red2	total_ECNspe2dif_mg_red3	total_ECNspe2dif_mg_tube	total_ECNspe2dif_mg_tube2	total_ECNspe2dif_mg_white	total_ECNspe2dif_mg_yellow	total_ECNspe2dif_mg_yellow2	total_ECNspe2spe_all	total_ECNspe2spe_fg_beak	total_ECNspe2spe_fg_beak2	total_ECNspe2spe_fg_beakless	total_ECNspe2spe_fg_fork	total_ECNspe2spe_fg_pink	total_ECNspe2spe_fg_purple2	total_ECNspe2spe_fg_red	total_ECNspe2spe_fg_red2	total_ECNspe2spe_fg_red3	total_ECNspe2spe_fg_tube	total_ECNspe2spe_fg_tube2	total_ECNspe2spe_fg_white	total_ECNspe2spe_fg_yellow	total_ECNspe2spe_fg_yellow2	total_ECNspe2spe_mf_beak	total_ECNspe2spe_mf_beak2	total_ECNspe2spe_mf_beakless	total_ECNspe2spe_mf_fork	total_ECNspe2spe_mf_pink	total_ECNspe2spe_mf_purple2	total_ECNspe2spe_mf_red	total_ECNspe2spe_mf_red2	total_ECNspe2spe_mf_red3	total_ECNspe2spe_mf_tube	total_ECNspe2spe_mf_tube2	total_ECNspe2spe_mf_white	total_ECNspe2spe_mf_yellow	total_ECNspe2spe_mf_yellow2	total_ECNspe2spe_mg_beak	total_ECNspe2spe_mg_beak2	total_ECNspe2spe_mg_beakless	total_ECNspe2spe_mg_fork	total_ECNspe2spe_mg_pink	total_ECNspe2spe_mg_purple2	total_ECNspe2spe_mg_red	total_ECNspe2spe_mg_red2	total_ECNspe2spe_mg_red3	total_ECNspe2spe_mg_tube	total_ECNspe2spe_mg_tube2	total_ECNspe2spe_mg_white	total_ECNspe2spe_mg_yellow	total_ECNspe2spe_mg_yellow2	total_ECSany2any_all	total_ECSany2any_fg_beak	total_ECSany2any_fg_beak2	total_ECSany2any_fg_beakless	total_ECSany2any_fg_fork	total_ECSany2any_fg_pink	total_ECSany2any_fg_purple2	total_ECSany2any_fg_red	total_ECSany2any_fg_red2	total_ECSany2any_fg_red3	total_ECSany2any_fg_tube	total_ECSany2any_fg_tube2	total_ECSany2any_fg_white	total_ECSany2any_fg_yellow	total_ECSany2any_fg_yellow2	total_ECSany2any_mf_beak	total_ECSany2any_mf_beak2	total_ECSany2any_mf_beakless	total_ECSany2any_mf_fork	total_ECSany2any_mf_pink	total_ECSany2any_mf_purple2	total_ECSany2any_mf_red	total_ECSany2any_mf_red2	total_ECSany2any_mf_red3	total_ECSany2any_mf_tube	total_ECSany2any_mf_tube2	total_ECSany2any_mf_white	total_ECSany2any_mf_yellow	total_ECSany2any_mf_yellow2	total_ECSany2any_mg_beak	total_ECSany2any_mg_beak2	total_ECSany2any_mg_beakless	total_ECSany2any_mg_fork	total_ECSany2any_mg_pink	total_ECSany2any_mg_purple2	total_ECSany2any_mg_red	total_ECSany2any_mg_red2	total_ECSany2any_mg_red3	total_ECSany2any_mg_tube	total_ECSany2any_mg_tube2	total_ECSany2any_mg_white	total_ECSany2any_mg_yellow	total_ECSany2any_mg_yellow2	total_ECSany2dif_all	total_ECSany2dif_fg_beak	total_ECSany2dif_fg_beak2	total_ECSany2dif_fg_beakless	total_ECSany2dif_fg_fork	total_ECSany2dif_fg_pink	total_ECSany2dif_fg_purple2	total_ECSany2dif_fg_red	total_ECSany2dif_fg_red2	total_ECSany2dif_fg_red3	total_ECSany2dif_fg_tube	total_ECSany2dif_fg_tube2	total_ECSany2dif_fg_white	total_ECSany2dif_fg_yellow	total_ECSany2dif_fg_yellow2	total_ECSany2dif_mf_beak	total_ECSany2dif_mf_beak2	total_ECSany2dif_mf_beakless	total_ECSany2dif_mf_fork	total_ECSany2dif_mf_pink	total_ECSany2dif_mf_purple2	total_ECSany2dif_mf_red	total_ECSany2dif_mf_red2	total_ECSany2dif_mf_red3	total_ECSany2dif_mf_tube	total_ECSany2dif_mf_tube2	total_ECSany2dif_mf_white	total_ECSany2dif_mf_yellow	total_ECSany2dif_mf_yellow2	total_ECSany2dif_mg_beak	total_ECSany2dif_mg_beak2	total_ECSany2dif_mg_beakless	total_ECSany2dif_mg_fork	total_ECSany2dif_mg_pink	total_ECSany2dif_mg_purple2	total_ECSany2dif_mg_red	total_ECSany2dif_mg_red2	total_ECSany2dif_mg_red3	total_ECSany2dif_mg_tube	total_ECSany2dif_mg_tube2	total_ECSany2dif_mg_white	total_ECSany2dif_mg_yellow	total_ECSany2dif_mg_yellow2	total_ECSany2spe_all	total_ECSany2spe_fg_beak	total_ECSany2spe_fg_beak2	total_ECSany2spe_fg_beakless	total_ECSany2spe_fg_fork	total_ECSany2spe_fg_pink	total_ECSany2spe_fg_purple2	total_ECSany2spe_fg_red	total_ECSany2spe_fg_red2	total_ECSany2spe_fg_red3	total_ECSany2spe_fg_tube	total_ECSany2spe_fg_tube2	total_ECSany2spe_fg_white	total_ECSany2spe_fg_yellow	total_ECSany2spe_fg_yellow2	total_ECSany2spe_mf_beak	total_ECSany2spe_mf_beak2	total_ECSany2spe_mf_beakless	total_ECSany2spe_mf_fork	total_ECSany2spe_mf_pink	total_ECSany2spe_mf_purple2	total_ECSany2spe_mf_red	total_ECSany2spe_mf_red2	total_ECSany2spe_mf_red3	total_ECSany2spe_mf_tube	total_ECSany2spe_mf_tube2	total_ECSany2spe_mf_white	total_ECSany2spe_mf_yellow	total_ECSany2spe_mf_yellow2	total_ECSany2spe_mg_beak	total_ECSany2spe_mg_beak2	total_ECSany2spe_mg_beakless	total_ECSany2spe_mg_fork	total_ECSany2spe_mg_pink	total_ECSany2spe_mg_purple2	total_ECSany2spe_mg_red	total_ECSany2spe_mg_red2	total_ECSany2spe_mg_red3	total_ECSany2spe_mg_tube	total_ECSany2spe_mg_tube2	total_ECSany2spe_mg_white	total_ECSany2spe_mg_yellow	total_ECSany2spe_mg_yellow2	total_ECSdif2any_all	total_ECSdif2any_fg_beak	total_ECSdif2any_fg_beak2	total_ECSdif2any_fg_beakless	total_ECSdif2any_fg_fork	total_ECSdif2any_fg_pink	total_ECSdif2any_fg_purple2	total_ECSdif2any_fg_red	total_ECSdif2any_fg_red2	total_ECSdif2any_fg_red3	total_ECSdif2any_fg_tube	total_ECSdif2any_fg_tube2	total_ECSdif2any_fg_white	total_ECSdif2any_fg_yellow	total_ECSdif2any_fg_yellow2	total_ECSdif2any_mf_beak	total_ECSdif2any_mf_beak2	total_ECSdif2any_mf_beakless	total_ECSdif2any_mf_fork	total_ECSdif2any_mf_pink	total_ECSdif2any_mf_purple2	total_ECSdif2any_mf_red	total_ECSdif2any_mf_red2	total_ECSdif2any_mf_red3	total_ECSdif2any_mf_tube	total_ECSdif2any_mf_tube2	total_ECSdif2any_mf_white	total_ECSdif2any_mf_yellow	total_ECSdif2any_mf_yellow2	total_ECSdif2any_mg_beak	total_ECSdif2any_mg_beak2	total_ECSdif2any_mg_beakless	total_ECSdif2any_mg_fork	total_ECSdif2any_mg_pink	total_ECSdif2any_mg_purple2	total_ECSdif2any_mg_red	total_ECSdif2any_mg_red2	total_ECSdif2any_mg_red3	total_ECSdif2any_mg_tube	total_ECSdif2any_mg_tube2	total_ECSdif2any_mg_white	total_ECSdif2any_mg_yellow	total_ECSdif2any_mg_yellow2	total_ECSdif2dif_all	total_ECSdif2dif_fg_beak	total_ECSdif2dif_fg_beak2	total_ECSdif2dif_fg_beakless	total_ECSdif2dif_fg_fork	total_ECSdif2dif_fg_pink	total_ECSdif2dif_fg_purple2	total_ECSdif2dif_fg_red	total_ECSdif2dif_fg_red2	total_ECSdif2dif_fg_red3	total_ECSdif2dif_fg_tube	total_ECSdif2dif_fg_tube2	total_ECSdif2dif_fg_white	total_ECSdif2dif_fg_yellow	total_ECSdif2dif_fg_yellow2	total_ECSdif2dif_mf_beak	total_ECSdif2dif_mf_beak2	total_ECSdif2dif_mf_beakless	total_ECSdif2dif_mf_fork	total_ECSdif2dif_mf_pink	total_ECSdif2dif_mf_purple2	total_ECSdif2dif_mf_red	total_ECSdif2dif_mf_red2	total_ECSdif2dif_mf_red3	total_ECSdif2dif_mf_tube	total_ECSdif2dif_mf_tube2	total_ECSdif2dif_mf_white	total_ECSdif2dif_mf_yellow	total_ECSdif2dif_mf_yellow2	total_ECSdif2dif_mg_beak	total_ECSdif2dif_mg_beak2	total_ECSdif2dif_mg_beakless	total_ECSdif2dif_mg_fork	total_ECSdif2dif_mg_pink	total_ECSdif2dif_mg_purple2	total_ECSdif2dif_mg_red	total_ECSdif2dif_mg_red2	total_ECSdif2dif_mg_red3	total_ECSdif2dif_mg_tube	total_ECSdif2dif_mg_tube2	total_ECSdif2dif_mg_white	total_ECSdif2dif_mg_yellow	total_ECSdif2dif_mg_yellow2	total_ECSdif2spe_all	total_ECSdif2spe_fg_beak	total_ECSdif2spe_fg_beak2	total_ECSdif2spe_fg_beakless	total_ECSdif2spe_fg_fork	total_ECSdif2spe_fg_pink	total_ECSdif2spe_fg_purple2	total_ECSdif2spe_fg_red	total_ECSdif2spe_fg_red2	total_ECSdif2spe_fg_red3	total_ECSdif2spe_fg_tube	total_ECSdif2spe_fg_tube2	total_ECSdif2spe_fg_white	total_ECSdif2spe_fg_yellow	total_ECSdif2spe_fg_yellow2	total_ECSdif2spe_mf_beak	total_ECSdif2spe_mf_beak2	total_ECSdif2spe_mf_beakless	total_ECSdif2spe_mf_fork	total_ECSdif2spe_mf_pink	total_ECSdif2spe_mf_purple2	total_ECSdif2spe_mf_red	total_ECSdif2spe_mf_red2	total_ECSdif2spe_mf_red3	total_ECSdif2spe_mf_tube	total_ECSdif2spe_mf_tube2	total_ECSdif2spe_mf_white	total_ECSdif2spe_mf_yellow	total_ECSdif2spe_mf_yellow2	total_ECSdif2spe_mg_beak	total_ECSdif2spe_mg_beak2	total_ECSdif2spe_mg_beakless	total_ECSdif2spe_mg_fork	total_ECSdif2spe_mg_pink	total_ECSdif2spe_mg_purple2	total_ECSdif2spe_mg_red	total_ECSdif2spe_mg_red2	total_ECSdif2spe_mg_red3	total_ECSdif2spe_mg_tube	total_ECSdif2spe_mg_tube2	total_ECSdif2spe_mg_white	total_ECSdif2spe_mg_yellow	total_ECSdif2spe_mg_yellow2	total_ECSspe2any_all	total_ECSspe2any_fg_beak	total_ECSspe2any_fg_beak2	total_ECSspe2any_fg_beakless	total_ECSspe2any_fg_fork	total_ECSspe2any_fg_pink	total_ECSspe2any_fg_purple2	total_ECSspe2any_fg_red	total_ECSspe2any_fg_red2	total_ECSspe2any_fg_red3	total_ECSspe2any_fg_tube	total_ECSspe2any_fg_tube2	total_ECSspe2any_fg_white	total_ECSspe2any_fg_yellow	total_ECSspe2any_fg_yellow2	total_ECSspe2any_mf_beak	total_ECSspe2any_mf_beak2	total_ECSspe2any_mf_beakless	total_ECSspe2any_mf_fork	total_ECSspe2any_mf_pink	total_ECSspe2any_mf_purple2	total_ECSspe2any_mf_red	total_ECSspe2any_mf_red2	total_ECSspe2any_mf_red3	total_ECSspe2any_mf_tube	total_ECSspe2any_mf_tube2	total_ECSspe2any_mf_white	total_ECSspe2any_mf_yellow	total_ECSspe2any_mf_yellow2	total_ECSspe2any_mg_beak	total_ECSspe2any_mg_beak2	total_ECSspe2any_mg_beakless	total_ECSspe2any_mg_fork	total_ECSspe2any_mg_pink	total_ECSspe2any_mg_purple2	total_ECSspe2any_mg_red	total_ECSspe2any_mg_red2	total_ECSspe2any_mg_red3	total_ECSspe2any_mg_tube	total_ECSspe2any_mg_tube2	total_ECSspe2any_mg_white	total_ECSspe2any_mg_yellow	total_ECSspe2any_mg_yellow2	total_ECSspe2dif_all	total_ECSspe2dif_fg_beak	total_ECSspe2dif_fg_beak2	total_ECSspe2dif_fg_beakless	total_ECSspe2dif_fg_fork	total_ECSspe2dif_fg_pink	total_ECSspe2dif_fg_purple2	total_ECSspe2dif_fg_red	total_ECSspe2dif_fg_red2	total_ECSspe2dif_fg_red3	total_ECSspe2dif_fg_tube	total_ECSspe2dif_fg_tube2	total_ECSspe2dif_fg_white	total_ECSspe2dif_fg_yellow	total_ECSspe2dif_fg_yellow2	total_ECSspe2dif_mf_beak	total_ECSspe2dif_mf_beak2	total_ECSspe2dif_mf_beakless	total_ECSspe2dif_mf_fork	total_ECSspe2dif_mf_pink	total_ECSspe2dif_mf_purple2	total_ECSspe2dif_mf_red	total_ECSspe2dif_mf_red2	total_ECSspe2dif_mf_red3	total_ECSspe2dif_mf_tube	total_ECSspe2dif_mf_tube2	total_ECSspe2dif_mf_white	total_ECSspe2dif_mf_yellow	total_ECSspe2dif_mf_yellow2	total_ECSspe2dif_mg_beak	total_ECSspe2dif_mg_beak2	total_ECSspe2dif_mg_beakless	total_ECSspe2dif_mg_fork	total_ECSspe2dif_mg_pink	total_ECSspe2dif_mg_purple2	total_ECSspe2dif_mg_red	total_ECSspe2dif_mg_red2	total_ECSspe2dif_mg_red3	total_ECSspe2dif_mg_tube	total_ECSspe2dif_mg_tube2	total_ECSspe2dif_mg_white	total_ECSspe2dif_mg_yellow	total_ECSspe2dif_mg_yellow2	total_ECSspe2spe_all	total_ECSspe2spe_fg_beak	total_ECSspe2spe_fg_beak2	total_ECSspe2spe_fg_beakless	total_ECSspe2spe_fg_fork	total_ECSspe2spe_fg_pink	total_ECSspe2spe_fg_purple2	total_ECSspe2spe_fg_red	total_ECSspe2spe_fg_red2	total_ECSspe2spe_fg_red3	total_ECSspe2spe_fg_tube	total_ECSspe2spe_fg_tube2	total_ECSspe2spe_fg_white	total_ECSspe2spe_fg_yellow	total_ECSspe2spe_fg_yellow2	total_ECSspe2spe_mf_beak	total_ECSspe2spe_mf_beak2	total_ECSspe2spe_mf_beakless	total_ECSspe2spe_mf_fork	total_ECSspe2spe_mf_pink	total_ECSspe2spe_mf_purple2	total_ECSspe2spe_mf_red	total_ECSspe2spe_mf_red2	total_ECSspe2spe_mf_red3	total_ECSspe2spe_mf_tube	total_ECSspe2spe_mf_tube2	total_ECSspe2spe_mf_white	total_ECSspe2spe_mf_yellow	total_ECSspe2spe_mf_yellow2	total_ECSspe2spe_mg_beak	total_ECSspe2spe_mg_beak2	total_ECSspe2spe_mg_beakless	total_ECSspe2spe_mg_fork	total_ECSspe2spe_mg_pink	total_ECSspe2spe_mg_purple2	total_ECSspe2spe_mg_red	total_ECSspe2spe_mg_red2	total_ECSspe2spe_mg_red3	total_ECSspe2spe_mg_tube	total_ECSspe2spe_mg_tube2	total_ECSspe2spe_mg_white	total_ECSspe2spe_mg_yellow	total_ECSspe2spe_mg_yellow2	total_OCNany2any_all	total_OCNany2any_fg_beak	total_OCNany2any_fg_beak2	total_OCNany2any_fg_beakless	total_OCNany2any_fg_fork	total_OCNany2any_fg_pink	total_OCNany2any_fg_purple2	total_OCNany2any_fg_red	total_OCNany2any_fg_red2	total_OCNany2any_fg_red3	total_OCNany2any_fg_tube	total_OCNany2any_fg_tube2	total_OCNany2any_fg_white	total_OCNany2any_fg_yellow	total_OCNany2any_fg_yellow2	total_OCNany2any_mf_beak	total_OCNany2any_mf_beak2	total_OCNany2any_mf_beakless	total_OCNany2any_mf_fork	total_OCNany2any_mf_pink	total_OCNany2any_mf_purple2	total_OCNany2any_mf_red	total_OCNany2any_mf_red2	total_OCNany2any_mf_red3	total_OCNany2any_mf_tube	total_OCNany2any_mf_tube2	total_OCNany2any_mf_white	total_OCNany2any_mf_yellow	total_OCNany2any_mf_yellow2	total_OCNany2any_mg_beak	total_OCNany2any_mg_beak2	total_OCNany2any_mg_beakless	total_OCNany2any_mg_fork	total_OCNany2any_mg_pink	total_OCNany2any_mg_purple2	total_OCNany2any_mg_red	total_OCNany2any_mg_red2	total_OCNany2any_mg_red3	total_OCNany2any_mg_tube	total_OCNany2any_mg_tube2	total_OCNany2any_mg_white	total_OCNany2any_mg_yellow	total_OCNany2any_mg_yellow2	total_OCNany2dif_all	total_OCNany2dif_fg_beak	total_OCNany2dif_fg_beak2	total_OCNany2dif_fg_beakless	total_OCNany2dif_fg_fork	total_OCNany2dif_fg_pink	total_OCNany2dif_fg_purple2	total_OCNany2dif_fg_red	total_OCNany2dif_fg_red2	total_OCNany2dif_fg_red3	total_OCNany2dif_fg_tube	total_OCNany2dif_fg_tube2	total_OCNany2dif_fg_white	total_OCNany2dif_fg_yellow	total_OCNany2dif_fg_yellow2	total_OCNany2dif_mf_beak	total_OCNany2dif_mf_beak2	total_OCNany2dif_mf_beakless	total_OCNany2dif_mf_fork	total_OCNany2dif_mf_pink	total_OCNany2dif_mf_purple2	total_OCNany2dif_mf_red	total_OCNany2dif_mf_red2	total_OCNany2dif_mf_red3	total_OCNany2dif_mf_tube	total_OCNany2dif_mf_tube2	total_OCNany2dif_mf_white	total_OCNany2dif_mf_yellow	total_OCNany2dif_mf_yellow2	total_OCNany2dif_mg_beak	total_OCNany2dif_mg_beak2	total_OCNany2dif_mg_beakless	total_OCNany2dif_mg_fork	total_OCNany2dif_mg_pink	total_OCNany2dif_mg_purple2	total_OCNany2dif_mg_red	total_OCNany2dif_mg_red2	total_OCNany2dif_mg_red3	total_OCNany2dif_mg_tube	total_OCNany2dif_mg_tube2	total_OCNany2dif_mg_white	total_OCNany2dif_mg_yellow	total_OCNany2dif_mg_yellow2	total_OCNany2spe_all	total_OCNany2spe_fg_beak	total_OCNany2spe_fg_beak2	total_OCNany2spe_fg_beakless	total_OCNany2spe_fg_fork	total_OCNany2spe_fg_pink	total_OCNany2spe_fg_purple2	total_OCNany2spe_fg_red	total_OCNany2spe_fg_red2	total_OCNany2spe_fg_red3	total_OCNany2spe_fg_tube	total_OCNany2spe_fg_tube2	total_OCNany2spe_fg_white	total_OCNany2spe_fg_yellow	total_OCNany2spe_fg_yellow2	total_OCNany2spe_mf_beak	total_OCNany2spe_mf_beak2	total_OCNany2spe_mf_beakless	total_OCNany2spe_mf_fork	total_OCNany2spe_mf_pink	total_OCNany2spe_mf_purple2	total_OCNany2spe_mf_red	total_OCNany2spe_mf_red2	total_OCNany2spe_mf_red3	total_OCNany2spe_mf_tube	total_OCNany2spe_mf_tube2	total_OCNany2spe_mf_white	total_OCNany2spe_mf_yellow	total_OCNany2spe_mf_yellow2	total_OCNany2spe_mg_beak	total_OCNany2spe_mg_beak2	total_OCNany2spe_mg_beakless	total_OCNany2spe_mg_fork	total_OCNany2spe_mg_pink	total_OCNany2spe_mg_purple2	total_OCNany2spe_mg_red	total_OCNany2spe_mg_red2	total_OCNany2spe_mg_red3	total_OCNany2spe_mg_tube	total_OCNany2spe_mg_tube2	total_OCNany2spe_mg_white	total_OCNany2spe_mg_yellow	total_OCNany2spe_mg_yellow2	total_OCNdif2any_all	total_OCNdif2any_fg_beak	total_OCNdif2any_fg_beak2	total_OCNdif2any_fg_beakless	total_OCNdif2any_fg_fork	total_OCNdif2any_fg_pink	total_OCNdif2any_fg_purple2	total_OCNdif2any_fg_red	total_OCNdif2any_fg_red2	total_OCNdif2any_fg_red3	total_OCNdif2any_fg_tube	total_OCNdif2any_fg_tube2	total_OCNdif2any_fg_white	total_OCNdif2any_fg_yellow	total_OCNdif2any_fg_yellow2	total_OCNdif2any_mf_beak	total_OCNdif2any_mf_beak2	total_OCNdif2any_mf_beakless	total_OCNdif2any_mf_fork	total_OCNdif2any_mf_pink	total_OCNdif2any_mf_purple2	total_OCNdif2any_mf_red	total_OCNdif2any_mf_red2	total_OCNdif2any_mf_red3	total_OCNdif2any_mf_tube	total_OCNdif2any_mf_tube2	total_OCNdif2any_mf_white	total_OCNdif2any_mf_yellow	total_OCNdif2any_mf_yellow2	total_OCNdif2any_mg_beak	total_OCNdif2any_mg_beak2	total_OCNdif2any_mg_beakless	total_OCNdif2any_mg_fork	total_OCNdif2any_mg_pink	total_OCNdif2any_mg_purple2	total_OCNdif2any_mg_red	total_OCNdif2any_mg_red2	total_OCNdif2any_mg_red3	total_OCNdif2any_mg_tube	total_OCNdif2any_mg_tube2	total_OCNdif2any_mg_white	total_OCNdif2any_mg_yellow	total_OCNdif2any_mg_yellow2	total_OCNdif2dif_all	total_OCNdif2dif_fg_beak	total_OCNdif2dif_fg_beak2	total_OCNdif2dif_fg_beakless	total_OCNdif2dif_fg_fork	total_OCNdif2dif_fg_pink	total_OCNdif2dif_fg_purple2	total_OCNdif2dif_fg_red	total_OCNdif2dif_fg_red2	total_OCNdif2dif_fg_red3	total_OCNdif2dif_fg_tube	total_OCNdif2dif_fg_tube2	total_OCNdif2dif_fg_white	total_OCNdif2dif_fg_yellow	total_OCNdif2dif_fg_yellow2	total_OCNdif2dif_mf_beak	total_OCNdif2dif_mf_beak2	total_OCNdif2dif_mf_beakless	total_OCNdif2dif_mf_fork	total_OCNdif2dif_mf_pink	total_OCNdif2dif_mf_purple2	total_OCNdif2dif_mf_red	total_OCNdif2dif_mf_red2	total_OCNdif2dif_mf_red3	total_OCNdif2dif_mf_tube	total_OCNdif2dif_mf_tube2	total_OCNdif2dif_mf_white	total_OCNdif2dif_mf_yellow	total_OCNdif2dif_mf_yellow2	total_OCNdif2dif_mg_beak	total_OCNdif2dif_mg_beak2	total_OCNdif2dif_mg_beakless	total_OCNdif2dif_mg_fork	total_OCNdif2dif_mg_pink	total_OCNdif2dif_mg_purple2	total_OCNdif2dif_mg_red	total_OCNdif2dif_mg_red2	total_OCNdif2dif_mg_red3	total_OCNdif2dif_mg_tube	total_OCNdif2dif_mg_tube2	total_OCNdif2dif_mg_white	total_OCNdif2dif_mg_yellow	total_OCNdif2dif_mg_yellow2	total_OCNdif2spe_all	total_OCNdif2spe_fg_beak	total_OCNdif2spe_fg_beak2	total_OCNdif2spe_fg_beakless	total_OCNdif2spe_fg_fork	total_OCNdif2spe_fg_pink	total_OCNdif2spe_fg_purple2	total_OCNdif2spe_fg_red	total_OCNdif2spe_fg_red2	total_OCNdif2spe_fg_red3	total_OCNdif2spe_fg_tube	total_OCNdif2spe_fg_tube2	total_OCNdif2spe_fg_white	total_OCNdif2spe_fg_yellow	total_OCNdif2spe_fg_yellow2	total_OCNdif2spe_mf_beak	total_OCNdif2spe_mf_beak2	total_OCNdif2spe_mf_beakless	total_OCNdif2spe_mf_fork	total_OCNdif2spe_mf_pink	total_OCNdif2spe_mf_purple2	total_OCNdif2spe_mf_red	total_OCNdif2spe_mf_red2	total_OCNdif2spe_mf_red3	total_OCNdif2spe_mf_tube	total_OCNdif2spe_mf_tube2	total_OCNdif2spe_mf_white	total_OCNdif2spe_mf_yellow	total_OCNdif2spe_mf_yellow2	total_OCNdif2spe_mg_beak	total_OCNdif2spe_mg_beak2	total_OCNdif2spe_mg_beakless	total_OCNdif2spe_mg_fork	total_OCNdif2spe_mg_pink	total_OCNdif2spe_mg_purple2	total_OCNdif2spe_mg_red	total_OCNdif2spe_mg_red2	total_OCNdif2spe_mg_red3	total_OCNdif2spe_mg_tube	total_OCNdif2spe_mg_tube2	total_OCNdif2spe_mg_white	total_OCNdif2spe_mg_yellow	total_OCNdif2spe_mg_yellow2	total_OCNspe2any_all	total_OCNspe2any_fg_beak	total_OCNspe2any_fg_beak2	total_OCNspe2any_fg_beakless	total_OCNspe2any_fg_fork	total_OCNspe2any_fg_pink	total_OCNspe2any_fg_purple2	total_OCNspe2any_fg_red	total_OCNspe2any_fg_red2	total_OCNspe2any_fg_red3	total_OCNspe2any_fg_tube	total_OCNspe2any_fg_tube2	total_OCNspe2any_fg_white	total_OCNspe2any_fg_yellow	total_OCNspe2any_fg_yellow2	total_OCNspe2any_mf_beak	total_OCNspe2any_mf_beak2	total_OCNspe2any_mf_beakless	total_OCNspe2any_mf_fork	total_OCNspe2any_mf_pink	total_OCNspe2any_mf_purple2	total_OCNspe2any_mf_red	total_OCNspe2any_mf_red2	total_OCNspe2any_mf_red3	total_OCNspe2any_mf_tube	total_OCNspe2any_mf_tube2	total_OCNspe2any_mf_white	total_OCNspe2any_mf_yellow	total_OCNspe2any_mf_yellow2	total_OCNspe2any_mg_beak	total_OCNspe2any_mg_beak2	total_OCNspe2any_mg_beakless	total_OCNspe2any_mg_fork	total_OCNspe2any_mg_pink	total_OCNspe2any_mg_purple2	total_OCNspe2any_mg_red	total_OCNspe2any_mg_red2	total_OCNspe2any_mg_red3	total_OCNspe2any_mg_tube	total_OCNspe2any_mg_tube2	total_OCNspe2any_mg_white	total_OCNspe2any_mg_yellow	total_OCNspe2any_mg_yellow2	total_OCNspe2dif_all	total_OCNspe2dif_fg_beak	total_OCNspe2dif_fg_beak2	total_OCNspe2dif_fg_beakless	total_OCNspe2dif_fg_fork	total_OCNspe2dif_fg_pink	total_OCNspe2dif_fg_purple2	total_OCNspe2dif_fg_red	total_OCNspe2dif_fg_red2	total_OCNspe2dif_fg_red3	total_OCNspe2dif_fg_tube	total_OCNspe2dif_fg_tube2	total_OCNspe2dif_fg_white	total_OCNspe2dif_fg_yellow	total_OCNspe2dif_fg_yellow2	total_OCNspe2dif_mf_beak	total_OCNspe2dif_mf_beak2	total_OCNspe2dif_mf_beakless	total_OCNspe2dif_mf_fork	total_OCNspe2dif_mf_pink	total_OCNspe2dif_mf_purple2	total_OCNspe2dif_mf_red	total_OCNspe2dif_mf_red2	total_OCNspe2dif_mf_red3	total_OCNspe2dif_mf_tube	total_OCNspe2dif_mf_tube2	total_OCNspe2dif_mf_white	total_OCNspe2dif_mf_yellow	total_OCNspe2dif_mf_yellow2	total_OCNspe2dif_mg_beak	total_OCNspe2dif_mg_beak2	total_OCNspe2dif_mg_beakless	total_OCNspe2dif_mg_fork	total_OCNspe2dif_mg_pink	total_OCNspe2dif_mg_purple2	total_OCNspe2dif_mg_red	total_OCNspe2dif_mg_red2	total_OCNspe2dif_mg_red3	total_OCNspe2dif_mg_tube	total_OCNspe2dif_mg_tube2	total_OCNspe2dif_mg_white	total_OCNspe2dif_mg_yellow	total_OCNspe2dif_mg_yellow2	total_OCNspe2spe_all	total_OCNspe2spe_fg_beak	total_OCNspe2spe_fg_beak2	total_OCNspe2spe_fg_beakless	total_OCNspe2spe_fg_fork	total_OCNspe2spe_fg_pink	total_OCNspe2spe_fg_purple2	total_OCNspe2spe_fg_red	total_OCNspe2spe_fg_red2	total_OCNspe2spe_fg_red3	total_OCNspe2spe_fg_tube	total_OCNspe2spe_fg_tube2	total_OCNspe2spe_fg_white	total_OCNspe2spe_fg_yellow	total_OCNspe2spe_fg_yellow2	total_OCNspe2spe_mf_beak	total_OCNspe2spe_mf_beak2	total_OCNspe2spe_mf_beakless	total_OCNspe2spe_mf_fork	total_OCNspe2spe_mf_pink	total_OCNspe2spe_mf_purple2	total_OCNspe2spe_mf_red	total_OCNspe2spe_mf_red2	total_OCNspe2spe_mf_red3	total_OCNspe2spe_mf_tube	total_OCNspe2spe_mf_tube2	total_OCNspe2spe_mf_white	total_OCNspe2spe_mf_yellow	total_OCNspe2spe_mf_yellow2	total_OCNspe2spe_mg_beak	total_OCNspe2spe_mg_beak2	total_OCNspe2spe_mg_beakless	total_OCNspe2spe_mg_fork	total_OCNspe2spe_mg_pink	total_OCNspe2spe_mg_purple2	total_OCNspe2spe_mg_red	total_OCNspe2spe_mg_red2	total_OCNspe2spe_mg_red3	total_OCNspe2spe_mg_tube	total_OCNspe2spe_mg_tube2	total_OCNspe2spe_mg_white	total_OCNspe2spe_mg_yellow	total_OCNspe2spe_mg_yellow2	total_OCSany2any_all	total_OCSany2any_fg_beak	total_OCSany2any_fg_beak2	total_OCSany2any_fg_beakless	total_OCSany2any_fg_fork	total_OCSany2any_fg_pink	total_OCSany2any_fg_purple2	total_OCSany2any_fg_red	total_OCSany2any_fg_red2	total_OCSany2any_fg_red3	total_OCSany2any_fg_tube	total_OCSany2any_fg_tube2	total_OCSany2any_fg_white	total_OCSany2any_fg_yellow	total_OCSany2any_fg_yellow2	total_OCSany2any_mf_beak	total_OCSany2any_mf_beak2	total_OCSany2any_mf_beakless	total_OCSany2any_mf_fork	total_OCSany2any_mf_pink	total_OCSany2any_mf_purple2	total_OCSany2any_mf_red	total_OCSany2any_mf_red2	total_OCSany2any_mf_red3	total_OCSany2any_mf_tube	total_OCSany2any_mf_tube2	total_OCSany2any_mf_white	total_OCSany2any_mf_yellow	total_OCSany2any_mf_yellow2	total_OCSany2any_mg_beak	total_OCSany2any_mg_beak2	total_OCSany2any_mg_beakless	total_OCSany2any_mg_fork	total_OCSany2any_mg_pink	total_OCSany2any_mg_purple2	total_OCSany2any_mg_red	total_OCSany2any_mg_red2	total_OCSany2any_mg_red3	total_OCSany2any_mg_tube	total_OCSany2any_mg_tube2	total_OCSany2any_mg_white	total_OCSany2any_mg_yellow	total_OCSany2any_mg_yellow2	total_OCSany2dif_all	total_OCSany2dif_fg_beak	total_OCSany2dif_fg_beak2	total_OCSany2dif_fg_beakless	total_OCSany2dif_fg_fork	total_OCSany2dif_fg_pink	total_OCSany2dif_fg_purple2	total_OCSany2dif_fg_red	total_OCSany2dif_fg_red2	total_OCSany2dif_fg_red3	total_OCSany2dif_fg_tube	total_OCSany2dif_fg_tube2	total_OCSany2dif_fg_white	total_OCSany2dif_fg_yellow	total_OCSany2dif_fg_yellow2	total_OCSany2dif_mf_beak	total_OCSany2dif_mf_beak2	total_OCSany2dif_mf_beakless	total_OCSany2dif_mf_fork	total_OCSany2dif_mf_pink	total_OCSany2dif_mf_purple2	total_OCSany2dif_mf_red	total_OCSany2dif_mf_red2	total_OCSany2dif_mf_red3	total_OCSany2dif_mf_tube	total_OCSany2dif_mf_tube2	total_OCSany2dif_mf_white	total_OCSany2dif_mf_yellow	total_OCSany2dif_mf_yellow2	total_OCSany2dif_mg_beak	total_OCSany2dif_mg_beak2	total_OCSany2dif_mg_beakless	total_OCSany2dif_mg_fork	total_OCSany2dif_mg_pink	total_OCSany2dif_mg_purple2	total_OCSany2dif_mg_red	total_OCSany2dif_mg_red2	total_OCSany2dif_mg_red3	total_OCSany2dif_mg_tube	total_OCSany2dif_mg_tube2	total_OCSany2dif_mg_white	total_OCSany2dif_mg_yellow	total_OCSany2dif_mg_yellow2	total_OCSany2spe_all	total_OCSany2spe_fg_beak	total_OCSany2spe_fg_beak2	total_OCSany2spe_fg_beakless	total_OCSany2spe_fg_fork	total_OCSany2spe_fg_pink	total_OCSany2spe_fg_purple2	total_OCSany2spe_fg_red	total_OCSany2spe_fg_red2	total_OCSany2spe_fg_red3	total_OCSany2spe_fg_tube	total_OCSany2spe_fg_tube2	total_OCSany2spe_fg_white	total_OCSany2spe_fg_yellow	total_OCSany2spe_fg_yellow2	total_OCSany2spe_mf_beak	total_OCSany2spe_mf_beak2	total_OCSany2spe_mf_beakless	total_OCSany2spe_mf_fork	total_OCSany2spe_mf_pink	total_OCSany2spe_mf_purple2	total_OCSany2spe_mf_red	total_OCSany2spe_mf_red2	total_OCSany2spe_mf_red3	total_OCSany2spe_mf_tube	total_OCSany2spe_mf_tube2	total_OCSany2spe_mf_white	total_OCSany2spe_mf_yellow	total_OCSany2spe_mf_yellow2	total_OCSany2spe_mg_beak	total_OCSany2spe_mg_beak2	total_OCSany2spe_mg_beakless	total_OCSany2spe_mg_fork	total_OCSany2spe_mg_pink	total_OCSany2spe_mg_purple2	total_OCSany2spe_mg_red	total_OCSany2spe_mg_red2	total_OCSany2spe_mg_red3	total_OCSany2spe_mg_tube	total_OCSany2spe_mg_tube2	total_OCSany2spe_mg_white	total_OCSany2spe_mg_yellow	total_OCSany2spe_mg_yellow2	total_OCSdif2any_all	total_OCSdif2any_fg_beak	total_OCSdif2any_fg_beak2	total_OCSdif2any_fg_beakless	total_OCSdif2any_fg_fork	total_OCSdif2any_fg_pink	total_OCSdif2any_fg_purple2	total_OCSdif2any_fg_red	total_OCSdif2any_fg_red2	total_OCSdif2any_fg_red3	total_OCSdif2any_fg_tube	total_OCSdif2any_fg_tube2	total_OCSdif2any_fg_white	total_OCSdif2any_fg_yellow	total_OCSdif2any_fg_yellow2	total_OCSdif2any_mf_beak	total_OCSdif2any_mf_beak2	total_OCSdif2any_mf_beakless	total_OCSdif2any_mf_fork	total_OCSdif2any_mf_pink	total_OCSdif2any_mf_purple2	total_OCSdif2any_mf_red	total_OCSdif2any_mf_red2	total_OCSdif2any_mf_red3	total_OCSdif2any_mf_tube	total_OCSdif2any_mf_tube2	total_OCSdif2any_mf_white	total_OCSdif2any_mf_yellow	total_OCSdif2any_mf_yellow2	total_OCSdif2any_mg_beak	total_OCSdif2any_mg_beak2	total_OCSdif2any_mg_beakless	total_OCSdif2any_mg_fork	total_OCSdif2any_mg_pink	total_OCSdif2any_mg_purple2	total_OCSdif2any_mg_red	total_OCSdif2any_mg_red2	total_OCSdif2any_mg_red3	total_OCSdif2any_mg_tube	total_OCSdif2any_mg_tube2	total_OCSdif2any_mg_white	total_OCSdif2any_mg_yellow	total_OCSdif2any_mg_yellow2	total_OCSdif2dif_all	total_OCSdif2dif_fg_beak	total_OCSdif2dif_fg_beak2	total_OCSdif2dif_fg_beakless	total_OCSdif2dif_fg_fork	total_OCSdif2dif_fg_pink	total_OCSdif2dif_fg_purple2	total_OCSdif2dif_fg_red	total_OCSdif2dif_fg_red2	total_OCSdif2dif_fg_red3	total_OCSdif2dif_fg_tube	total_OCSdif2dif_fg_tube2	total_OCSdif2dif_fg_white	total_OCSdif2dif_fg_yellow	total_OCSdif2dif_fg_yellow2	total_OCSdif2dif_mf_beak	total_OCSdif2dif_mf_beak2	total_OCSdif2dif_mf_beakless	total_OCSdif2dif_mf_fork	total_OCSdif2dif_mf_pink	total_OCSdif2dif_mf_purple2	total_OCSdif2dif_mf_red	total_OCSdif2dif_mf_red2	total_OCSdif2dif_mf_red3	total_OCSdif2dif_mf_tube	total_OCSdif2dif_mf_tube2	total_OCSdif2dif_mf_white	total_OCSdif2dif_mf_yellow	total_OCSdif2dif_mf_yellow2	total_OCSdif2dif_mg_beak	total_OCSdif2dif_mg_beak2	total_OCSdif2dif_mg_beakless	total_OCSdif2dif_mg_fork	total_OCSdif2dif_mg_pink	total_OCSdif2dif_mg_purple2	total_OCSdif2dif_mg_red	total_OCSdif2dif_mg_red2	total_OCSdif2dif_mg_red3	total_OCSdif2dif_mg_tube	total_OCSdif2dif_mg_tube2	total_OCSdif2dif_mg_white	total_OCSdif2dif_mg_yellow	total_OCSdif2dif_mg_yellow2	total_OCSdif2spe_all	total_OCSdif2spe_fg_beak	total_OCSdif2spe_fg_beak2	total_OCSdif2spe_fg_beakless	total_OCSdif2spe_fg_fork	total_OCSdif2spe_fg_pink	total_OCSdif2spe_fg_purple2	total_OCSdif2spe_fg_red	total_OCSdif2spe_fg_red2	total_OCSdif2spe_fg_red3	total_OCSdif2spe_fg_tube	total_OCSdif2spe_fg_tube2	total_OCSdif2spe_fg_white	total_OCSdif2spe_fg_yellow	total_OCSdif2spe_fg_yellow2	total_OCSdif2spe_mf_beak	total_OCSdif2spe_mf_beak2	total_OCSdif2spe_mf_beakless	total_OCSdif2spe_mf_fork	total_OCSdif2spe_mf_pink	total_OCSdif2spe_mf_purple2	total_OCSdif2spe_mf_red	total_OCSdif2spe_mf_red2	total_OCSdif2spe_mf_red3	total_OCSdif2spe_mf_tube	total_OCSdif2spe_mf_tube2	total_OCSdif2spe_mf_white	total_OCSdif2spe_mf_yellow	total_OCSdif2spe_mf_yellow2	total_OCSdif2spe_mg_beak	total_OCSdif2spe_mg_beak2	total_OCSdif2spe_mg_beakless	total_OCSdif2spe_mg_fork	total_OCSdif2spe_mg_pink	total_OCSdif2spe_mg_purple2	total_OCSdif2spe_mg_red	total_OCSdif2spe_mg_red2	total_OCSdif2spe_mg_red3	total_OCSdif2spe_mg_tube	total_OCSdif2spe_mg_tube2	total_OCSdif2spe_mg_white	total_OCSdif2spe_mg_yellow	total_OCSdif2spe_mg_yellow2	total_OCSspe2any_all	total_OCSspe2any_fg_beak	total_OCSspe2any_fg_beak2	total_OCSspe2any_fg_beakless	total_OCSspe2any_fg_fork	total_OCSspe2any_fg_pink	total_OCSspe2any_fg_purple2	total_OCSspe2any_fg_red	total_OCSspe2any_fg_red2	total_OCSspe2any_fg_red3	total_OCSspe2any_fg_tube	total_OCSspe2any_fg_tube2	total_OCSspe2any_fg_white	total_OCSspe2any_fg_yellow	total_OCSspe2any_fg_yellow2	total_OCSspe2any_mf_beak	total_OCSspe2any_mf_beak2	total_OCSspe2any_mf_beakless	total_OCSspe2any_mf_fork	total_OCSspe2any_mf_pink	total_OCSspe2any_mf_purple2	total_OCSspe2any_mf_red	total_OCSspe2any_mf_red2	total_OCSspe2any_mf_red3	total_OCSspe2any_mf_tube	total_OCSspe2any_mf_tube2	total_OCSspe2any_mf_white	total_OCSspe2any_mf_yellow	total_OCSspe2any_mf_yellow2	total_OCSspe2any_mg_beak	total_OCSspe2any_mg_beak2	total_OCSspe2any_mg_beakless	total_OCSspe2any_mg_fork	total_OCSspe2any_mg_pink	total_OCSspe2any_mg_purple2	total_OCSspe2any_mg_red	total_OCSspe2any_mg_red2	total_OCSspe2any_mg_red3	total_OCSspe2any_mg_tube	total_OCSspe2any_mg_tube2	total_OCSspe2any_mg_white	total_OCSspe2any_mg_yellow	total_OCSspe2any_mg_yellow2	total_OCSspe2dif_all	total_OCSspe2dif_fg_beak	total_OCSspe2dif_fg_beak2	total_OCSspe2dif_fg_beakless	total_OCSspe2dif_fg_fork	total_OCSspe2dif_fg_pink	total_OCSspe2dif_fg_purple2	total_OCSspe2dif_fg_red	total_OCSspe2dif_fg_red2	total_OCSspe2dif_fg_red3	total_OCSspe2dif_fg_tube	total_OCSspe2dif_fg_tube2	total_OCSspe2dif_fg_white	total_OCSspe2dif_fg_yellow	total_OCSspe2dif_fg_yellow2	total_OCSspe2dif_mf_beak	total_OCSspe2dif_mf_beak2	total_OCSspe2dif_mf_beakless	total_OCSspe2dif_mf_fork	total_OCSspe2dif_mf_pink	total_OCSspe2dif_mf_purple2	total_OCSspe2dif_mf_red	total_OCSspe2dif_mf_red2	total_OCSspe2dif_mf_red3	total_OCSspe2dif_mf_tube	total_OCSspe2dif_mf_tube2	total_OCSspe2dif_mf_white	total_OCSspe2dif_mf_yellow	total_OCSspe2dif_mf_yellow2	total_OCSspe2dif_mg_beak	total_OCSspe2dif_mg_beak2	total_OCSspe2dif_mg_beakless	total_OCSspe2dif_mg_fork	total_OCSspe2dif_mg_pink	total_OCSspe2dif_mg_purple2	total_OCSspe2dif_mg_red	total_OCSspe2dif_mg_red2	total_OCSspe2dif_mg_red3	total_OCSspe2dif_mg_tube	total_OCSspe2dif_mg_tube2	total_OCSspe2dif_mg_white	total_OCSspe2dif_mg_yellow	total_OCSspe2dif_mg_yellow2	total_OCSspe2spe_all	total_OCSspe2spe_fg_beak	total_OCSspe2spe_fg_beak2	total_OCSspe2spe_fg_beakless	total_OCSspe2spe_fg_fork	total_OCSspe2spe_fg_pink	total_OCSspe2spe_fg_purple2	total_OCSspe2spe_fg_red	total_OCSspe2spe_fg_red2	total_OCSspe2spe_fg_red3	total_OCSspe2spe_fg_tube	total_OCSspe2spe_fg_tube2	total_OCSspe2spe_fg_white	total_OCSspe2spe_fg_yellow	total_OCSspe2spe_fg_yellow2	total_OCSspe2spe_mf_beak	total_OCSspe2spe_mf_beak2	total_OCSspe2spe_mf_beakless	total_OCSspe2spe_mf_fork	total_OCSspe2spe_mf_pink	total_OCSspe2spe_mf_purple2	total_OCSspe2spe_mf_red	total_OCSspe2spe_mf_red2	total_OCSspe2spe_mf_red3	total_OCSspe2spe_mf_tube	total_OCSspe2spe_mf_tube2	total_OCSspe2spe_mf_white	total_OCSspe2spe_mf_yellow	total_OCSspe2spe_mf_yellow2	total_OCSspe2spe_mg_beak	total_OCSspe2spe_mg_beak2	total_OCSspe2spe_mg_beakless	total_OCSspe2spe_mg_fork	total_OCSspe2spe_mg_pink	total_OCSspe2spe_mg_purple2	total_OCSspe2spe_mg_red	total_OCSspe2spe_mg_red2	total_OCSspe2spe_mg_red3	total_OCSspe2spe_mg_tube	total_OCSspe2spe_mg_tube2	total_OCSspe2spe_mg_white	total_OCSspe2spe_mg_yellow	total_OCSspe2spe_mg_yellow2
2	35	OCNany2spe,2.0|omegaCany2spe,5.0		exhaustive	Y	9954	3350	3664	348	3	1886	3	12	25	64	770	689	6	561	3	0	0	0	0	0	0	0	0	0	0	0	0	0	0	0	0	0	0	0	0	0	0	0	0	0	0	0	0	0	0	0	0	0	0	0	0	0	0	0	0	0	0	0	0	0	0	0	0	0	0	0	0	0	0	0	0	0	0	0	0	0	0	0	0	0	0	0	0	0	0	0	0.0000	0.0000	0.0000	0.0000	0.0000	0.0000	0.0000	0.0000	0.0000	0.0000	0.0000	0.0000	0.0000	0.0000	0.3170	0.3968	0.4436	0.0591	0.7662	0.3153	0.1411	0.5479	0.5407	0.5288	0.4940	0.5000	0.1725	0.4654	0.0684																													12.0000	14.0000	14.0000	13.0000	20.0000	12.0000	8.0000	24.5000	25.0000	24.0000	18.0000	19.0000	12.0000	16.0000	7.0000																													0.0000	0.0002	0.0000	0.0000	1.1852	0.0000	0.0000	0.0000	0.0000	0.0000	0.0000	0.0000	0.0000	0.0000	2.5739																													0.0000	0.0000	0.0000	0.0000	1.1852	0.0000	0.0000	0.0000	0.0000	0.0000	0.0000	0.0000	0.0000	0.0000	2.5739																													0.0000	0.0000	0.0000	0.0000	25.3550	0.0000	0.0000	0.0000	0.0000	0.0000	0.0000	0.0000	0.0000	0.0000	0.0000																													0.0000	0.0000	0.0000	0.0000	0.7716	0.0000	0.0000	0.0000	0.0000	0.0000	0.0000	0.0000	0.0000	0.0000	0.0000																													0.0000	0.0000	0.0000	0.0000	4.4059	0.0000	0.0000	0.0000	0.0000	0.0000	0.0000	0.0000	0.0000	0.0000	213642.8474																													0.0000	0.0000	0.0000	0.0000	0.0000	0.0000	0.0000	0.0000	0.0000	0.0000	0.0000	0.0000	0.0000	0.0000	213642.8474																													0.0000	0.0000	0.0000	0.0000	1.1122	0.0000	0.0000	0.0000	0.0000	0.0000	0.0000	0.0000	0.0000	0.0000	0.0000																													0.0000	0.0000	0.0000	0.0000	1.1122	0.0000	0.0000	0.0000	0.0000	0.0000	0.0000	0.0000	0.0000	0.0000	0.0000																													0.0000	0.0000	0.0000	0.0000	29.8939	0.0000	0.0000	0.0000	0.0000	0.0000	0.0000	0.0000	0.0000	0.0000	0.0000																													0.0000	0.0000	0.0000	0.0000	0.9930	0.0000	0.0000	0.0000	0.0000	0.0000	0.0000	0.0000	0.0000	0.0000	0.0000																													0.0000	0.0000	0.0000	0.0000	3.4240	0.0000	0.0000		267.5488	267.5488	0.0000	0.0000	0.0000	0.0000	0.0000																													0.0000	0.0000	0.0000	0.0000	0.0000	0.0000	0.0000	0.0000	0.0000	0.0000	0.0000	0.0000	0.0000	0.0000	0.0000																													0.0000	0.0000	0.0000	0.0000		0.0000	0.0000	0.0000	0.0000	0.9417	0.0000	0.0000	0.0156	0.0000	2.2087																													0.0000	0.0000	0.0000	0.0000	0.0000	0.0000	0.0000	0.0000	0.0000	0.0000	0.0000	0.0000	0.0000	0.0000	2.2087																													0.0000	0.0000	0.0000	0.0000		0.0000	0.0000	0.0000	0.0000	77.2055	0.0000	0.0000	0.6374	0.0000	0.0000																													0.0000	0.0000	0.0000	0.0000	0.0000	0.0000	0.0000	0.0000	0.0000	0.0000	0.0000	0.0000	0.0000	0.0000	0.0000																													0.0000	0.0000	0.0000	0.0000		0.0000	0.0000	0.0000	1.5013	1.5013	0.0000	0.0000	0.0000	0.0000	214070.0867																													0.0000	0.0000	0.0000	0.0000	0.0000	0.0000	0.0000	0.0000	0.0000	0.0000	0.0000	0.0000	0.0000	0.0000	214070.0867																													321.3836	55.1209	64.6078	2.8617	0.0702	37.6531	0.0000	0.4666	0.6346	1.0902	10.7728	10.0463	0.0620	9.6229	0.0829	0.0000	0.0000	0.0000	0.0000	0.0000	0.0000	0.0000	0.0000	0.0000	0.0000	0.0000	0.0000	0.0000	0.0000	0.0000	0.0000	0.0000	0.0000	0.0000	0.0000	0.0000	0.0000	0.0000	0.0000	0.0000	0.0000	0.0000	0.0000	278.1880	47.6432	55.6269	2.4736	0.0624	32.5208	0.0000	0.4016	0.5489	0.9421	9.2505	8.6251	0.0537	8.2769	0.0716	0.0000	0.0000	0.0000	0.0000	0.0000	0.0000	0.0000	0.0000	0.0000	0.0000	0.0000	0.0000	0.0000	0.0000	0.0000	0.0000	0.0000	0.0000	0.0000	0.0000	0.0000	0.0000	0.0000	0.0000	0.0000	0.0000	0.0000	0.0000	43.1955	7.4776	8.9809	0.3880	0.0078	5.1323	0.0000	0.0650	0.0857	0.1482	1.5223	1.4212	0.0083	1.3460	0.0113	0.0000	0.0000	0.0000	0.0000	0.0000	0.0000	0.0000	0.0000	0.0000	0.0000	0.0000	0.0000	0.0000	0.0000	0.0000	0.0000	0.0000	0.0000	0.0000	0.0000	0.0000	0.0000	0.0000	0.0000	0.0000	0.0000	0.0000	0.0000	71.4152	8.5174	11.1424	1.0443	0.0186	8.6230	0.0000	0.0349	0.0617	0.0986	0.9980	0.8931	0.0121	2.6638	0.0031	0.0000	0.0000	0.0000	0.0000	0.0000	0.0000	0.0000	0.0000	0.0000	0.0000	0.0000	0.0000	0.0000	0.0000	0.0000	0.0000	0.0000	0.0000	0.0000	0.0000	0.0000	0.0000	0.0000	0.0000	0.0000	0.0000	0.0000	0.0000	66.1957	7.9142	10.2260	0.9679	0.0179	7.8570	0.0000	0.0321	0.0581	0.0928	0.9541	0.8511	0.0112	2.4050	0.0031	0.0000	0.0000	0.0000	0.0000	0.0000	0.0000	0.0000	0.0000	0.0000	0.0000	0.0000	0.0000	0.0000	0.0000	0.0000	0.0000	0.0000	0.0000	0.0000	0.0000	0.0000	0.0000	0.0000	0.0000	0.0000	0.0000	0.0000	0.0000	5.2195	0.6032	0.9164	0.0765	0.0007	0.7660	0.0000	0.0028	0.0036	0.0059	0.0439	0.0420	0.0009	0.2589	0.0000	0.0000	0.0000	0.0000	0.0000	0.0000	0.0000	0.0000	0.0000	0.0000	0.0000	0.0000	0.0000	0.0000	0.0000	0.0000	0.0000	0.0000	0.0000	0.0000	0.0000	0.0000	0.0000	0.0000	0.0000	0.0000	0.0000	0.0000	0.0000	249.9684	46.6035	53.4654	1.8173	0.0516	29.0301	0.0000	0.4317	0.5729	0.9916	9.7748	9.1532	0.0499	6.9591	0.0798	0.0000	0.0000	0.0000	0.0000	0.0000	0.0000	0.0000	0.0000	0.0000	0.0000	0.0000	0.0000	0.0000	0.0000	0.0000	0.0000	0.0000	0.0000	0.0000	0.0000	0.0000	0.0000	0.0000	0.0000	0.0000	0.0000	0.0000	0.0000	211.9923	39.7291	45.4009	1.5058	0.0446	24.6638	0.0000	0.3695	0.4908	0.8493	8.2964	7.7740	0.0425	5.8720	0.0685	0.0000	0.0000	0.0000	0.0000	0.0000	0.0000	0.0000	0.0000	0.0000	0.0000	0.0000	0.0000	0.0000	0.0000	0.0000	0.0000	0.0000	0.0000	0.0000	0.0000	0.0000	0.0000	0.0000	0.0000	0.0000	0.0000	0.0000	0.0000	37.9760	6.8744	8.0645	0.3115	0.0070	4.3662	0.0000	0.0622	0.0821	0.1423	1.4784	1.3792	0.0074	1.0871	0.0112	0.0000	0.0000	0.0000	0.0000	0.0000	0.0000	0.0000	0.0000	0.0000	0.0000	0.0000	0.0000	0.0000	0.0000	0.0000	0.0000	0.0000	0.0000	0.0000	0.0000	0.0000	0.0000	0.0000	0.0000	0.0000	0.0000	0.0000	0.0000	503.4370	92.2915	102.4792	6.0601	0.0183	63.4460	0.0575	0.4203	0.5389	0.8251	14.3075	12.1186	0.1673	11.0764	0.1288	0.0000	0.0000	0.0000	0.0000	0.0000	0.0000	0.0000	0.0000	0.0000	0.0000	0.0000	0.0000	0.0000	0.0000	0.0000	0.0000	0.0000	0.0000	0.0000	0.0000	0.0000	0.0000	0.0000	0.0000	0.0000	0.0000	0.0000	0.0000	297.6509	52.2907	57.9208	3.4053	0.0106	35.7524	0.0389	0.2226	0.2861	0.4344	7.4240	6.2921	0.1052	6.1385	0.0698	0.0000	0.0000	0.0000	0.0000	0.0000	0.0000	0.0000	0.0000	0.0000	0.0000	0.0000	0.0000	0.0000	0.0000	0.0000	0.0000	0.0000	0.0000	0.0000	0.0000	0.0000	0.0000	0.0000	0.0000	0.0000	0.0000	0.0000	0.0000	205.7861	40.0008	44.5584	2.6549	0.0077	27.6936	0.0186	0.1977	0.2527	0.3907	6.8836	5.8265	0.0622	4.9378	0.0589	0.0000	0.0000	0.0000	0.0000	0.0000	0.0000	0.0000	0.0000	0.0000	0.0000	0.0000	0.0000	0.0000	0.0000	0.0000	0.0000	0.0000	0.0000	0.0000	0.0000	0.0000	0.0000	0.0000	0.0000	0.0000	0.0000	0.0000	0.0000	139.8328	17.9860	19.4987	1.4858	0.0043	12.3942	0.0243	0.0363	0.0464	0.0619	1.0861	0.8574	0.0706	2.1743	0.0257	0.0000	0.0000	0.0000	0.0000	0.0000	0.0000	0.0000	0.0000	0.0000	0.0000	0.0000	0.0000	0.0000	0.0000	0.0000	0.0000	0.0000	0.0000	0.0000	0.0000	0.0000	0.0000	0.0000	0.0000	0.0000	0.0000	0.0000	0.0000	121.7277	15.4175	16.7244	1.2594	0.0037	10.8580	0.0221	0.0316	0.0407	0.0542	0.9008	0.7305	0.0565	1.7951	0.0251	0.0000	0.0000	0.0000	0.0000	0.0000	0.0000	0.0000	0.0000	0.0000	0.0000	0.0000	0.0000	0.0000	0.0000	0.0000	0.0000	0.0000	0.0000	0.0000	0.0000	0.0000	0.0000	0.0000	0.0000	0.0000	0.0000	0.0000	0.0000	18.1051	2.5684	2.7742	0.2264	0.0006	1.5362	0.0021	0.0047	0.0056	0.0077	0.1853	0.1269	0.0141	0.3792	0.0007	0.0000	0.0000	0.0000	0.0000	0.0000	0.0000	0.0000	0.0000	0.0000	0.0000	0.0000	0.0000	0.0000	0.0000	0.0000	0.0000	0.0000	0.0000	0.0000	0.0000	0.0000	0.0000	0.0000	0.0000	0.0000	0.0000	0.0000	0.0000	363.6042	74.3055	82.9805	4.5743	0.0140	51.0518	0.0332	0.3840	0.4925	0.7633	13.2214	11.2612	0.0968	8.9021	0.1030	0.0000	0.0000	0.0000	0.0000	0.0000	0.0000	0.0000	0.0000	0.0000	0.0000	0.0000	0.0000	0.0000	0.0000	0.0000	0.0000	0.0000	0.0000	0.0000	0.0000	0.0000	0.0000	0.0000	0.0000	0.0000	0.0000	0.0000	0.0000	175.9232	36.8732	41.1964	2.1459	0.0069	24.8944	0.0167	0.1909	0.2454	0.3802	6.5231	5.5617	0.0487	4.3434	0.0448	0.0000	0.0000	0.0000	0.0000	0.0000	0.0000	0.0000	0.0000	0.0000	0.0000	0.0000	0.0000	0.0000	0.0000	0.0000	0.0000	0.0000	0.0000	0.0000	0.0000	0.0000	0.0000	0.0000	0.0000	0.0000	0.0000	0.0000	0.0000	187.6810	37.4324	41.7841	2.4284	0.0071	26.1574	0.0165	0.1931	0.2471	0.3831	6.6983	5.6996	0.0481	4.5587	0.0582	0.0000	0.0000	0.0000	0.0000	0.0000	0.0000	0.0000	0.0000	0.0000	0.0000	0.0000	0.0000	0.0000	0.0000	0.0000	0.0000	0.0000	0.0000	0.0000	0.0000	0.0000	0.0000	0.0000	0.0000	0.0000	0.0000	0.0000	0.0000	375.6719	113.2603	114.2606	3.9708	0.0020	67.6283	0.0000	0.0000	1.6037	2.6053	18.2562	17.2737	0.0000	9.8499	0.0276	0.0000	0.0000	0.0000	0.0000	0.0000	0.0000	0.0000	0.0000	0.0000	0.0000	0.0000	0.0000	0.0000	0.0000	0.0000	0.0000	0.0000	0.0000	0.0000	0.0000	0.0000	0.0000	0.0000	0.0000	0.0000	0.0000	0.0000	0.0000	206.9524	51.8774	52.8777	2.9670	0.0020	36.6849	0.0000	0.0000	0.0004	1.0021	3.8850	3.8825	0.0000	5.1926	0.0000	0.0000	0.0000	0.0000	0.0000	0.0000	0.0000	0.0000	0.0000	0.0000	0.0000	0.0000	0.0000	0.0000	0.0000	0.0000	0.0000	0.0000	0.0000	0.0000	0.0000	0.0000	0.0000	0.0000	0.0000	0.0000	0.0000	0.0000	0.0000	168.7195	61.3829	61.3829	1.0038	0.0000	30.9434	0.0000	0.0000	1.6032	1.6032	14.3712	13.3912	0.0000	4.6573	0.0276	0.0000	0.0000	0.0000	0.0000	0.0000	0.0000	0.0000	0.0000	0.0000	0.0000	0.0000	0.0000	0.0000	0.0000	0.0000	0.0000	0.0000	0.0000	0.0000	0.0000	0.0000	0.0000	0.0000	0.0000	0.0000	0.0000	0.0000	0.0000	90.6023	24.2830	24.2832	2.0012	0.0020	16.0476	0.0000	0.0000	0.0005	0.0021	2.8850	2.8824	0.0000	3.1945	0.0000	0.0000	0.0000	0.0000	0.0000	0.0000	0.0000	0.0000	0.0000	0.0000	0.0000	0.0000	0.0000	0.0000	0.0000	0.0000	0.0000	0.0000	0.0000	0.0000	0.0000	0.0000	0.0000	0.0000	0.0000	0.0000	0.0000	0.0000	0.0000	87.1930	23.8929	23.8931	2.0010	0.0020	15.6586	0.0000	0.0000	0.0004	0.0021	2.8848	2.8822	0.0000	3.1944	0.0000	0.0000	0.0000	0.0000	0.0000	0.0000	0.0000	0.0000	0.0000	0.0000	0.0000	0.0000	0.0000	0.0000	0.0000	0.0000	0.0000	0.0000	0.0000	0.0000	0.0000	0.0000	0.0000	0.0000	0.0000	0.0000	0.0000	0.0000	0.0000	3.4093	0.3901	0.3901	0.0001	0.0000	0.3890	0.0000	0.0000	0.0000	0.0000	0.0002	0.0002	0.0000	0.0001	0.0000	0.0000	0.0000	0.0000	0.0000	0.0000	0.0000	0.0000	0.0000	0.0000	0.0000	0.0000	0.0000	0.0000	0.0000	0.0000	0.0000	0.0000	0.0000	0.0000	0.0000	0.0000	0.0000	0.0000	0.0000	0.0000	0.0000	0.0000	0.0000	285.0696	88.9773	89.9774	1.9696	0.0000	51.5807	0.0000	0.0000	1.6032	2.6032	15.3712	14.3913	0.0000	6.6555	0.0276	0.0000	0.0000	0.0000	0.0000	0.0000	0.0000	0.0000	0.0000	0.0000	0.0000	0.0000	0.0000	0.0000	0.0000	0.0000	0.0000	0.0000	0.0000	0.0000	0.0000	0.0000	0.0000	0.0000	0.0000	0.0000	0.0000	0.0000	0.0000	119.7594	27.9845	28.9846	0.9660	0.0000	21.0263	0.0000	0.0000	0.0000	1.0000	1.0002	1.0002	0.0000	1.9982	0.0000	0.0000	0.0000	0.0000	0.0000	0.0000	0.0000	0.0000	0.0000	0.0000	0.0000	0.0000	0.0000	0.0000	0.0000	0.0000	0.0000	0.0000	0.0000	0.0000	0.0000	0.0000	0.0000	0.0000	0.0000	0.0000	0.0000	0.0000	0.0000	165.3102	60.9928	60.9928	1.0036	0.0000	30.5544	0.0000	0.0000	1.6032	1.6032	14.3710	13.3911	0.0000	4.6572	0.0276	0.0000	0.0000	0.0000	0.0000	0.0000	0.0000	0.0000	0.0000	0.0000	0.0000	0.0000	0.0000	0.0000	0.0000	0.0000	0.0000	0.0000	0.0000	0.0000	0.0000	0.0000	0.0000	0.0000	0.0000	0.0000	0.0000	0.0000	0.0000	695.2518	166.9370	190.4547	15.3031	0.0000	124.0782	0.1266	2.0105	3.0059	3.0060	22.6799	22.2249	0.9907	22.8564	0.0240	0.0000	0.0000	0.0000	0.0000	0.0000	0.0000	0.0000	0.0000	0.0000	0.0000	0.0000	0.0000	0.0000	0.0000	0.0000	0.0000	0.0000	0.0000	0.0000	0.0000	0.0000	0.0000	0.0000	0.0000	0.0000	0.0000	0.0000	0.0000	325.0167	60.7975	79.0055	3.4638	0.0000	39.0062	0.1265	2.0104	2.0104	2.0105	10.5728	10.1178	0.9895	8.2556	0.0240	0.0000	0.0000	0.0000	0.0000	0.0000	0.0000	0.0000	0.0000	0.0000	0.0000	0.0000	0.0000	0.0000	0.0000	0.0000	0.0000	0.0000	0.0000	0.0000	0.0000	0.0000	0.0000	0.0000	0.0000	0.0000	0.0000	0.0000	0.0000	370.2351	106.1395	111.4492	11.8393	0.0000	85.0720	0.0001	0.0000	0.9955	0.9955	12.1071	12.1071	0.0012	14.6007	0.0000	0.0000	0.0000	0.0000	0.0000	0.0000	0.0000	0.0000	0.0000	0.0000	0.0000	0.0000	0.0000	0.0000	0.0000	0.0000	0.0000	0.0000	0.0000	0.0000	0.0000	0.0000	0.0000	0.0000	0.0000	0.0000	0.0000	0.0000	0.0000	140.3877	26.1537	31.3917	0.7657	0.0000	13.5861	0.0518	0.9978	0.9979	0.9979	7.5594	7.1044	0.0010	3.2568	0.0005	0.0000	0.0000	0.0000	0.0000	0.0000	0.0000	0.0000	0.0000	0.0000	0.0000	0.0000	0.0000	0.0000	0.0000	0.0000	0.0000	0.0000	0.0000	0.0000	0.0000	0.0000	0.0000	0.0000	0.0000	0.0000	0.0000	0.0000	0.0000	130.2817	25.9184	31.1536	0.7615	0.0000	13.4554	0.0518	0.9978	0.9978	0.9979	7.5526	7.0976	0.0008	3.1382	0.0005	0.0000	0.0000	0.0000	0.0000	0.0000	0.0000	0.0000	0.0000	0.0000	0.0000	0.0000	0.0000	0.0000	0.0000	0.0000	0.0000	0.0000	0.0000	0.0000	0.0000	0.0000	0.0000	0.0000	0.0000	0.0000	0.0000	0.0000	0.0000	10.1060	0.2353	0.2380	0.0041	0.0000	0.1308	0.0000	0.0000	0.0000	0.0000	0.0068	0.0068	0.0001	0.1187	0.0000	0.0000	0.0000	0.0000	0.0000	0.0000	0.0000	0.0000	0.0000	0.0000	0.0000	0.0000	0.0000	0.0000	0.0000	0.0000	0.0000	0.0000	0.0000	0.0000	0.0000	0.0000	0.0000	0.0000	0.0000	0.0000	0.0000	0.0000	0.0000	554.8641	140.7833	159.0630	14.5375	0.0000	110.4921	0.0748	1.0126	2.0081	2.0081	15.1205	15.1205	0.9898	19.5995	0.0235	0.0000	0.0000	0.0000	0.0000	0.0000	0.0000	0.0000	0.0000	0.0000	0.0000	0.0000	0.0000	0.0000	0.0000	0.0000	0.0000	0.0000	0.0000	0.0000	0.0000	0.0000	0.0000	0.0000	0.0000	0.0000	0.0000	0.0000	0.0000	194.7350	34.8791	47.8519	2.7022	0.0000	25.5508	0.0747	1.0126	1.0126	1.0126	3.0202	3.0202	0.9887	5.1175	0.0235	0.0000	0.0000	0.0000	0.0000	0.0000	0.0000	0.0000	0.0000	0.0000	0.0000	0.0000	0.0000	0.0000	0.0000	0.0000	0.0000	0.0000	0.0000	0.0000	0.0000	0.0000	0.0000	0.0000	0.0000	0.0000	0.0000	0.0000	0.0000	360.1291	105.9042	111.2111	11.8352	0.0000	84.9413	0.0001	0.0000	0.9955	0.9955	12.1003	12.1003	0.0011	14.4820	0.0000	0.0000	0.0000	0.0000	0.0000	0.0000	0.0000	0.0000	0.0000	0.0000	0.0000	0.0000	0.0000	0.0000	0.0000	0.0000	0.0000	0.0000	0.0000	0.0000	0.0000	0.0000	0.0000	0.0000	0.0000	0.0000	0.0000	0.0000	0.0000
