branch_id_1	branch_id_2	dist_bl	dist_node_num	branch_num_fg_beak	branch_num_fg_fork	branch_num_fg_pink	branch_num_fg_red	branch_num_fg_stem_beak	branch_num_fg_stem_fork	branch_num_fg_stem_pink	branch_num_fg_stem_red	branch_num_fg_stem_tube	branch_num_fg_stem_yellow	branch_num_fg_tube	branch_num_fg_yellow	branch_num_mg_beak	branch_num_mg_fork	branch_num_mg_pink	branch_num_mg_red	branch_num_mg_tube	branch_num_mg_yellow	is_fg_beak	is_fg_fork	is_fg_pink	is_fg_red	is_fg_tube	is_fg_yellow	is_mf_beak	is_mf_fork	is_mf_pink	is_mf_red	is_mf_tube	is_mf_yellow	is_mg_beak	is_mg_fork	is_mg_pink	is_mg_red	is_mg_tube	is_mg_yellow	omegaCany2any	omegaCany2dif	omegaCany2spe	omegaCdif2any	omegaCdif2dif	omegaCdif2spe	omegaCspe2any	omegaCspe2dif	omegaCspe2spe	dNCany2any	dNCany2dif	dNCany2spe	dNCdif2any	dNCdif2dif	dNCdif2spe	dNCspe2any	dNCspe2dif	dNCspe2spe	dSCany2any	dSCany2dif	dSCany2spe	dSCdif2any	dSCdif2dif	dSCdif2spe	dSCspe2any	dSCspe2dif	dSCspe2spe	OCNCoD	OCSCoD	OCN_linreg_residual	OCS_linreg_residual	N_sub_1	N_sub_2	S_sub_1	S_sub_2	OCNany2any	OCNany2dif	OCNany2spe	OCNdif2any	OCNdif2dif	OCNdif2spe	OCNspe2any	OCNspe2dif	OCNspe2spe	OCSany2any	OCSany2dif	OCSany2spe	OCSdif2any	OCSdif2dif	OCSdif2spe	OCSspe2any	OCSspe2dif	OCSspe2spe	ECNany2any	ECNany2dif	ECNany2spe	ECNdif2any	ECNdif2dif	ECNdif2spe	ECNspe2any	ECNspe2dif	ECNspe2spe	ECSany2any	ECSany2dif	ECSany2spe	ECSdif2any	ECSdif2dif	ECSdif2spe	ECSspe2any	ECSspe2dif	ECSspe2spe
0	3	0.1063	17	2	1	1	0	1	0	1	0	1	0	2	1	0	0	0	0	0	0	Y	N	N	N	Y	N	N	N	N	N	N	N	N	N	N	N	N	N	0.0000	0.0000	0.0000	0.0000	0.0000	0.0000	0.0000	0.0000	0.0000	0.0000	0.0000	0.0000	0.0000	0.0000	0.0000	0.0000	0.0000	0.0000	0.0000	0.0000	0.0000	0.0000	0.0000	0.0000	0.0000	0.0000	0.0000		0.0000	0.0000	-0.0000	5.0637	0.0000	11.0815	2.0016	0.0000	0.0000	0.0000	0.0000	0.0000	0.0000	0.0000	0.0000	0.0000	0.0000	0.0000	0.0000	0.0000	0.0000	0.0000	0.0000	0.0000	0.0000	0.0000	0.0000	0.0000	0.0000	0.0000	0.0000	0.0000	0.0000	0.0000	0.0456	0.0262	0.0194	0.0053	0.0046	0.0008	0.0402	0.0216	0.0186
0	6	0.1021	15	2	0	1	0	1	0	1	0	1	0	2	1	0	0	0	0	0	0	Y	N	N	N	Y	N	N	N	N	N	N	N	N	N	N	N	N	N	0.0000	0.0000	0.0000	0.0000	0.0000	0.0000	0.0000	0.0000	0.0000	0.0000	0.0000	0.0000	0.0000	0.0000	0.0000	0.0000	0.0000	0.0000	0.0092	0.0102	0.0078	0.0018	0.0000	0.0132	0.0102	0.0125	0.0076		0.5551	0.0000	-0.0001	5.0637	0.0000	11.0815	2.0096	0.0000	0.0000	0.0000	0.0000	0.0000	0.0000	0.0000	0.0000	0.0000	0.0004	0.0003	0.0002	0.0000	0.0000	0.0000	0.0004	0.0003	0.0001	0.0000	0.0000	0.0000	0.0000	0.0000	0.0000	0.0000	0.0000	0.0000	0.0470	0.0272	0.0198	0.0057	0.0050	0.0008	0.0413	0.0222	0.0191
0	8	0.1063	17	2	1	1	0	1	0	1	0	1	0	2	1	0	0	0	0	0	0	Y	N	N	N	Y	N	N	N	N	N	N	N	N	N	N	N	N	N	0.0000	0.0000	0.0000	0.0000	0.0000	0.0000	0.0000	0.0000	0.0000	0.0000	0.0000	0.0000	0.0000	0.0000	0.0000	0.0000	0.0000	0.0000	0.0000	0.0000	0.0000	0.0000	0.0000	0.0000	0.0000	0.0000	0.0000		0.0000	0.0000	-0.0000	5.0637	0.0000	11.0815	6.0016	0.0000	0.0000	0.0000	0.0000	0.0000	0.0000	0.0000	0.0000	0.0000	0.0000	0.0000	0.0000	0.0000	0.0000	0.0000	0.0000	0.0000	0.0000	0.0000	0.0000	0.0000	0.0000	0.0000	0.0000	0.0000	0.0000	0.0000	0.1343	0.0772	0.0571	0.0156	0.0133	0.0023	0.1187	0.0639	0.0548
0	9	0.1063	16	2	1	1	0	1	1	1	0	1	0	2	1	0	0	0	0	0	0	Y	N	N	N	Y	N	N	N	N	N	N	N	N	N	N	N	N	N	0.0000	0.0000	0.0000	0.0000	0.0000	0.0000	0.0000	0.0000	0.0000	0.0000	0.0000	0.0000	0.0000	0.0000	0.0000	0.0000	0.0000	0.0000	0.0001	0.0001	0.0002	0.0001	0.0001	0.0000	0.0001	0.0000	0.0002		0.9460	0.0000	-0.0000	5.0637	0.0000	11.0815	0.0034	0.0000	0.0000	0.0000	0.0000	0.0000	0.0000	0.0000	0.0000	0.0000	0.0000	0.0000	0.0000	0.0000	0.0000	0.0000	0.0000	0.0000	0.0000	0.0000	0.0000	0.0000	0.0000	0.0000	0.0000	0.0000	0.0000	0.0000	0.0003	0.0002	0.0001	0.0001	0.0001	0.0000	0.0002	0.0001	0.0001
0	33	0.1036	16	2	0	1	1	1	0	1	1	1	0	2	1	0	0	0	0	0	0	Y	N	N	N	Y	N	N	N	N	N	N	N	N	N	N	N	N	N	0.0000	0.0000	0.0000	0.0000	0.0000	0.0000	0.0000	0.0000	0.0000	0.0000	0.0000	0.0000	0.0000	0.0000	0.0000	0.0000	0.0000	0.0000	0.0000	0.0000	0.0000	0.0000	0.0000	0.0000	0.0000	0.0000	0.0000			0.0000	0.0000	5.0637	1.0004	11.0815	4.0090	0.0000	0.0000	0.0000	0.0000	0.0000	0.0000	0.0000	0.0000	0.0000	0.0000	0.0000	0.0000	0.0000	0.0000	0.0000	0.0000	0.0000	0.0000	0.0370	0.0322	0.0048	0.0029	0.0027	0.0002	0.0341	0.0294	0.0046	0.1060	0.0608	0.0452	0.0102	0.0087	0.0015	0.0958	0.0521	0.0436
0	34	0.1086	17	2	0	1	0	1	0	1	0	1	0	2	1	0	0	0	0	0	0	Y	N	N	N	Y	N	N	N	N	N	N	N	N	N	N	N	N	N	0.0001	0.0000	inf	0.0000	0.0000	0.0000	18.9692	0.0000	inf	0.0000	0.0000	0.0000	0.0000	0.0000	0.0000	0.0000	0.0000	0.0000	0.0066	0.0114	0.0000	0.0659	0.0772	0.0000	0.0000	0.0000	0.0000	inf	0.0000	0.0000	-0.0006	5.0637	0.8079	11.0815	8.0263	0.0000	0.0000	0.0000	0.0000	0.0000	0.0000	0.0000	0.0000	0.0000	0.0013	0.0013	0.0000	0.0013	0.0013	0.0000	0.0000	0.0000	0.0000	0.0505	0.0448	0.0057	0.0117	0.0116	0.0001	0.0388	0.0332	0.0056	0.1982	0.1138	0.0844	0.0197	0.0168	0.0029	0.1785	0.0969	0.0816
0	45	0.1086	17	2	0	1	0	1	0	1	0	1	0	2	1	0	0	0	0	0	0	Y	N	N	N	Y	N	N	N	N	N	N	N	N	N	N	N	N	N	12.8927	inf	0.0000	453.8458	inf	0.0000	0.0000	0.0000	0.0000	0.0001	0.0001	0.0000	0.0007	0.0007	0.0000	0.0000	0.0000	0.0000	0.0000	0.0000	0.0000	0.0000	0.0000	0.0000	0.0000	0.0000	0.0000	0.0000	inf	-0.0000	0.0000	5.0637	1.9986	11.0815	3.0240	0.0000	0.0000	0.0000	0.0000	0.0000	0.0000	0.0000	0.0000	0.0000	0.0000	0.0000	0.0000	0.0000	0.0000	0.0000	0.0000	0.0000	0.0000	0.0971	0.0853	0.0118	0.0152	0.0149	0.0003	0.0819	0.0704	0.0114	0.1151	0.0661	0.0490	0.0118	0.0101	0.0017	0.1033	0.0560	0.0473
0	46	0.1036	16	2	0	1	0	1	0	1	0	1	0	2	1	0	0	0	0	0	0	Y	N	N	N	Y	N	N	N	N	N	N	N	N	N	N	N	N	N	0.0004	0.0003	0.0000	0.0247	0.0223	0.0000	0.0000	0.0000	0.0000	0.0000	0.0000	0.0000	0.0000	0.0000	0.0000	0.0000	0.0000	0.0000	0.0008	0.0014	0.0000	0.0002	0.0002	0.0000	0.0009	0.0016	0.0000	0.0000	0.0000	-0.0000	-0.0000	5.0637	1.1966	11.0815	1.0046	0.0000	0.0000	0.0000	0.0000	0.0000	0.0000	0.0000	0.0000	0.0000	0.0000	0.0000	0.0000	0.0000	0.0000	0.0000	0.0000	0.0000	0.0000	0.0477	0.0415	0.0062	0.0037	0.0035	0.0002	0.0439	0.0379	0.0060	0.0511	0.0294	0.0217	0.0050	0.0043	0.0007	0.0460	0.0250	0.0210
0	47	0.1016	15	2	0	1	0	1	0	1	0	2	1	2	1	0	0	0	0	0	0	Y	N	N	N	Y	N	N	N	N	N	N	N	N	N	N	N	N	N	0.0000	0.0000	0.0000	0.0000	0.0000	0.0000	0.0000	0.0000	0.0000	0.0000	0.0000	0.0000	0.0000	0.0000	0.0000	0.0000	0.0000	0.0000	0.0001	0.0000	0.0002	0.0000	0.0000	0.0005	0.0001	0.0000	0.0002		183.1875	0.0000	0.0000	5.0637	0.0039	11.0815	1.0628	0.0000	0.0000	0.0000	0.0000	0.0000	0.0000	0.0000	0.0000	0.0000	0.0000	0.0000	0.0000	0.0000	0.0000	0.0000	0.0000	0.0000	0.0000	0.0004	0.0004	0.0001	0.0001	0.0001	0.0000	0.0003	0.0002	0.0001	0.0274	0.0155	0.0119	0.0038	0.0035	0.0003	0.0235	0.0120	0.0116
0	48	0.0994	14	2	0	1	0	1	0	1	0	1	0	1	0	0	0	0	0	0	0	Y	N	N	N	N	N	N	N	N	N	N	N	N	N	N	N	N	N	16.0301	10.6955	0.0000	6.8441	6.3084	0.0000	0.0000	0.0000	0.0000	0.1012	0.1206	0.0000	0.3122	0.3138	0.0000	0.0000	0.0000	0.0000	0.0063	0.0113	0.0000	0.0456	0.0497	0.0000	0.0000	0.0000	0.0000	0.0000	0.0013	-0.0001	-0.0001	5.0637	0.0093	11.0815	1.1245	0.0001	0.0001	0.0000	0.0001	0.0001	0.0000	0.0000	0.0000	0.0000	0.0002	0.0002	0.0000	0.0002	0.0002	0.0000	0.0000	0.0000	0.0000	0.0009	0.0007	0.0001	0.0003	0.0003	0.0000	0.0006	0.0005	0.0001	0.0289	0.0162	0.0127	0.0040	0.0037	0.0003	0.0249	0.0125	0.0124
0	53	0.0953	13	2	0	1	0	1	0	1	0	1	0	1	0	0	0	0	0	0	0	Y	N	N	N	N	N	N	N	N	N	N	N	N	N	N	N	N	N	0.6402	0.0000	2.1163	0.0000	0.0000	0.0000	0.6140	0.0000	2.1183	0.0023	0.0000	0.0173	0.0000	0.0000	0.0000	0.0025	0.0000	0.0178	0.0036	0.0000	0.0082	0.0000	0.0000	0.0000	0.0040	0.0000	0.0084	inf	802.2830	0.0000	0.0001	5.0637	0.9898	11.0815	1.1155	0.0001	0.0000	0.0001	0.0000	0.0000	0.0000	0.0001	0.0000	0.0001	0.0002	0.0000	0.0002	0.0000	0.0000	0.0000	0.0002	0.0000	0.0002	0.0394	0.0342	0.0052	0.0029	0.0027	0.0001	0.0365	0.0314	0.0050	0.0504	0.0285	0.0219	0.0057	0.0050	0.0006	0.0447	0.0234	0.0213
0	54	0.0696	7	2	0	1	0	2	0	1	0	1	0	1	0	0	0	0	0	0	0	Y	N	N	N	N	N	N	N	N	N	N	N	N	N	N	N	N	N	29.1262	0.0000	96.7013	0.0000	0.0000	0.0000	27.9790	0.0000	95.4745	5.1697	0.0000	39.1624	0.0000	0.0000	0.0000	5.3574	0.0000	39.5266	0.1775	0.0002	0.4050	0.0151	0.0013	0.0907	0.1915	0.0000	0.4140	inf	2003.0442	0.4246	0.0404	5.0637	5.0000	11.0815	15.9866	0.9999	0.0000	0.9999	0.0000	0.0000	0.0000	0.9999	0.0000	0.9999	0.0800	0.0000	0.0800	0.0005	0.0000	0.0005	0.0795	0.0000	0.0795	0.1934	0.1679	0.0255	0.0068	0.0065	0.0002	0.1866	0.1613	0.0253	0.4510	0.2534	0.1976	0.0358	0.0302	0.0055	0.4152	0.2232	0.1921
0	55	0.3888	10	1	0	1	0	1	0	1	0	2	0	2	0	0	0	0	0	0	0	N	N	N	N	Y	N	N	N	N	N	N	N	N	N	N	N	N	N	0.6831	0.0112	7.8235	1.8694	0.0277	548.1018	0.0408	0.0000	0.1444	0.1124	0.0021	0.9589	0.4524	0.0078	9.5741	0.0032	0.0000	0.0232	0.1646	0.1830	0.1226	0.2420	0.2830	0.0175	0.0784	0.0048	0.1609	60.8315	0.2929	0.0399	-0.0917	5.0637	17.6796	11.0815	56.5727	0.0977	0.0016	0.0961	0.0956	0.0016	0.0940	0.0021	0.0000	0.0021	0.3414	0.2640	0.0773	0.2645	0.2615	0.0029	0.0769	0.0025	0.0744	0.8688	0.7686	0.1002	0.2113	0.2015	0.0098	0.6575	0.5671	0.0904	2.0737	1.4427	0.6309	1.0928	0.9240	0.1687	0.9809	0.5187	0.4622
0	58	0.1021	15	2	0	1	0	1	0	1	0	1	0	2	1	0	0	0	0	0	0	Y	N	N	N	Y	N	N	N	N	N	N	N	N	N	N	N	N	N	0.0000	0.0000	0.0000	0.0000	0.0000	0.0000	0.0000	0.0000	0.0000	0.0000	0.0000	0.0000	0.0000	0.0000	0.0000	0.0000	0.0000	0.0000	0.4733	0.8184	0.0000	3.8776	4.4756	0.0000	0.0000	0.0000	0.0000		0.0000	0.0000	-0.0110	5.0637	0.0000	11.0815	2.0010	0.0000	0.0000	0.0000	0.0000	0.0000	0.0000	0.0000	0.0000	0.0000	0.0222	0.0222	0.0000	0.0222	0.0222	0.0000	0.0000	0.0000	0.0000	0.0000	0.0000	0.0000	0.0000	0.0000	0.0000	0.0000	0.0000	0.0000	0.0468	0.0271	0.0197	0.0057	0.0050	0.0008	0.0411	0.0221	0.0190
0	59	0.0953	14	2	0	1	0	1	0	1	0	2	0	2	1	0	0	0	0	0	0	Y	N	N	N	Y	N	N	N	N	N	N	N	N	N	N	N	N	N	0.0000	0.0000	0.0000	0.0000	0.0000	0.0000	0.0000	0.0000	0.0000	0.0000	0.0000	0.0000	0.0000	0.0000	0.0000	0.0000	0.0000	0.0000	0.0023	0.0041	0.0000	0.0219	0.0248	0.0000	0.0000	0.0000	0.0000		0.0000	0.0000	-0.0001	5.0637	0.0042	11.0815	3.0766	0.0000	0.0000	0.0000	0.0000	0.0000	0.0000	0.0000	0.0000	0.0000	0.0002	0.0002	0.0000	0.0002	0.0002	0.0000	0.0000	0.0000	0.0000	0.0005	0.0004	0.0001	0.0002	0.0002	0.0000	0.0003	0.0002	0.0001	0.0719	0.0407	0.0312	0.0075	0.0066	0.0009	0.0644	0.0341	0.0303
0	60	0.0953	13	2	0	1	0	1	0	1	0	1	1	1	1	0	0	0	0	0	0	Y	N	N	N	N	N	N	N	N	N	N	N	N	N	N	N	N	N	0.0000	0.0000	0.0000	0.0000	0.0000	0.0000	0.0000	0.0000	0.0000	0.0000	0.0000	0.0000	0.0000	0.0000	0.0000	0.0000	0.0000	0.0000	0.0000	0.0000	0.0000	0.0000	0.0000	0.0000	0.0000	0.0000	0.0000		0.8571	0.0000	-0.0000	5.0637	0.0086	11.0815	0.1203	0.0000	0.0000	0.0000	0.0000	0.0000	0.0000	0.0000	0.0000	0.0000	0.0000	0.0000	0.0000	0.0000	0.0000	0.0000	0.0000	0.0000	0.0000	0.0007	0.0006	0.0001	0.0002	0.0002	0.0000	0.0005	0.0004	0.0001	0.0060	0.0032	0.0028	0.0018	0.0017	0.0000	0.0042	0.0014	0.0027
0	61	0.0909	12	2	0	1	0	1	0	1	0	1	0	1	0	0	0	0	0	0	0	Y	N	N	N	N	N	N	N	N	N	N	N	N	N	N	N	N	N	0.0000	0.0000	0.0000	0.0000	0.0000	0.0000	0.0000	0.0000	0.0000	0.0000	0.0000	0.0000	0.0000	0.0000	0.0000	0.0000	0.0000	0.0000	0.0000	0.0000	0.0000	0.0000	0.0000	0.0000	0.0000	0.0000	0.0000		0.0000	0.0000	-0.0000	5.0637	2.0089	11.0815	0.1204	0.0000	0.0000	0.0000	0.0000	0.0000	0.0000	0.0000	0.0000	0.0000	0.0000	0.0000	0.0000	0.0000	0.0000	0.0000	0.0000	0.0000	0.0000	0.0789	0.0685	0.0104	0.0054	0.0051	0.0003	0.0735	0.0634	0.0101	0.0508	0.0287	0.0221	0.0057	0.0051	0.0006	0.0451	0.0236	0.0215
0	62	0.0886	11	2	0	1	0	1	0	1	0	1	0	1	0	0	0	0	0	0	0	Y	N	N	N	N	N	N	N	N	N	N	N	N	N	N	N	N	N	0.0000	0.0000	0.0000	0.0000	0.0000	0.0000	0.0000	0.0000	0.0000	0.0000	0.0000	0.0000	0.0000	0.0000	0.0000	0.0000	0.0000	0.0000	0.0000	0.0000	0.0000	0.0000	0.0000	0.0000	0.0000	0.0000	0.0000			0.0000	0.0000	5.0637	1.4554	11.0815	0.0966	0.0000	0.0000	0.0000	0.0000	0.0000	0.0000	0.0000	0.0000	0.0000	0.0000	0.0000	0.0000	0.0000	0.0000	0.0000	0.0000	0.0000	0.0000	0.0571	0.0496	0.0075	0.0035	0.0033	0.0002	0.0536	0.0462	0.0073	0.0367	0.0207	0.0160	0.0039	0.0034	0.0004	0.0328	0.0173	0.0155
0	63	0.0871	10	2	0	1	0	1	0	1	0	1	0	1	0	0	0	0	0	0	0	Y	N	N	N	N	N	N	N	N	N	N	N	N	N	N	N	N	N	7590.8341	0.0000	242648.0255	0.0931	0.0000	5.6284	114934.4072	0.0000	466261.4994	0.3013	0.0000	2.5839	0.0000	0.0000	0.0016	0.3794	0.0000	2.6260	0.0000	0.0001	0.0000	0.0002	0.0002	0.0003	0.0000	0.0000	0.0000	inf	0.1395	0.0001	-0.0000	5.0637	0.0090	11.0815	0.8380	0.0002	0.0000	0.0002	0.0000	0.0000	0.0000	0.0002	0.0000	0.0002	0.0000	0.0000	0.0000	0.0000	0.0000	0.0000	0.0000	0.0000	0.0000	0.0005	0.0005	0.0001	0.0001	0.0001	0.0000	0.0004	0.0004	0.0001	0.0301	0.0164	0.0137	0.0071	0.0068	0.0002	0.0230	0.0095	0.0135
0	73	0.0738	9	2	0	1	0	1	0	1	0	1	0	1	0	0	0	0	0	0	0	Y	N	N	N	N	N	N	N	N	N	N	N	N	N	N	N	N	N	77338.6788	0.0001	2011904.1232	1.7318	0.0003	243.7570	694953.4398	0.0000	2363778.0677	6.4100	0.0000	48.5738	0.0015	0.0000	0.0336	6.6884	0.0000	49.2893	0.0001	0.0001	0.0000	0.0009	0.0010	0.0001	0.0000	0.0000	0.0000	624887506.7232	0.1453	0.4226	-0.0000	5.0637	4.0025	11.0815	2.2111	0.9952	0.0000	0.9952	0.0000	0.0000	0.0000	0.9952	0.0000	0.9952	0.0000	0.0000	0.0000	0.0000	0.0000	0.0000	0.0000	0.0000	0.0000	0.1553	0.1348	0.0205	0.0065	0.0062	0.0003	0.1488	0.1286	0.0202	0.1401	0.0791	0.0610	0.0116	0.0099	0.0017	0.1285	0.0692	0.0593
0	74	0.0738	8	2	0	1	0	2	0	1	0	1	0	1	0	0	0	0	0	0	0	Y	N	N	N	N	N	N	N	N	N	N	N	N	N	N	N	N	N	3093.9692	1885.1559	13075.2607	2574.7751	3884.5599	0.0000	5923.1889	0.0000	27590.9385	2.6573	1.4896	12.2996	5.1321	5.1524	0.0000	1.7928	0.0000	12.4170	0.0009	0.0008	0.0009	0.0020	0.0013	0.0432	0.0003	0.0000	0.0005	1.0000	1.0000	-0.0000	0.0000	5.0637	0.0001	11.0815	0.0180	0.0000	0.0000	0.0000	0.0000	0.0000	0.0000	0.0000	0.0000	0.0000	0.0000	0.0000	0.0000	0.0000	0.0000	0.0000	0.0000	0.0000	0.0000	0.0000	0.0000	0.0000	0.0000	0.0000	0.0000	0.0000	0.0000	0.0000	0.0010	0.0006	0.0005	0.0003	0.0003	0.0000	0.0007	0.0002	0.0005
1	3	0.0984	17	1	1	0	0	0	0	0	0	0	1	1	2	0	0	0	0	0	0	N	N	N	N	N	Y	N	N	N	N	N	N	N	N	N	N	N	N	0.0000	0.0000	0.0000	0.0000	0.0000	0.0000	0.0000	0.0000	0.0000	0.0000	0.0000	0.0000	0.0000	0.0000	0.0000	0.0000	0.0000	0.0000	0.0000	0.0000	0.0000	0.0000	0.0000	0.0000	0.0000	0.0000	0.0000			0.0000	0.0000	3.9332	0.0000	12.1381	2.0016	0.0000	0.0000	0.0000	0.0000	0.0000	0.0000	0.0000	0.0000	0.0000	0.0000	0.0000	0.0000	0.0000	0.0000	0.0000	0.0000	0.0000	0.0000	0.0000	0.0000	0.0000	0.0000	0.0000	0.0000	0.0000	0.0000	0.0000	0.0438	0.0247	0.0191	0.0041	0.0034	0.0006	0.0397	0.0213	0.0184
1	5	0.0792	4	0	0	0	0	0	0	0	0	0	2	0	2	0	0	0	0	0	0	N	N	N	N	N	Y	N	N	N	N	N	N	N	N	N	N	N	N	0.0208	0.0135	0.0000	0.0008	0.0008	0.0000	62.4624	123.8636	0.0000	0.0041	0.0048	0.0000	0.0025	0.0027	0.0000	0.0042	0.0049	0.0000	0.1990	0.3531	0.0001	3.1209	3.3367	0.0001	0.0001	0.0000	0.0001	0.0000	0.0002	-0.0001	-0.0091	3.9332	1.9996	12.1381	2.0426	0.0003	0.0003	0.0000	0.0000	0.0000	0.0000	0.0002	0.0002	0.0000	0.0184	0.0184	0.0000	0.0184	0.0184	0.0000	0.0000	0.0000	0.0000	0.0608	0.0529	0.0079	0.0033	0.0031	0.0003	0.0574	0.0498	0.0077	0.0927	0.0522	0.0405	0.0059	0.0055	0.0004	0.0868	0.0467	0.0401
1	6	0.0943	15	1	0	0	0	0	0	0	0	0	1	1	2	0	0	0	0	0	0	N	N	N	N	N	Y	N	N	N	N	N	N	N	N	N	N	N	N	0.0000	0.0000	0.0000	0.0000	0.0000	0.0000	0.0000	0.0000	0.0000	0.0000	0.0000	0.0000	0.0000	0.0000	0.0000	0.0000	0.0000	0.0000	0.0000	0.0000	0.0000	0.0000	0.0000	0.0000	0.0000	0.0000	0.0000			0.0000	-0.0000	3.9332	0.0000	12.1381	2.0096	0.0000	0.0000	0.0000	0.0000	0.0000	0.0000	0.0000	0.0000	0.0000	0.0000	0.0000	0.0000	0.0000	0.0000	0.0000	0.0000	0.0000	0.0000	0.0000	0.0000	0.0000	0.0000	0.0000	0.0000	0.0000	0.0000	0.0000	0.0448	0.0255	0.0194	0.0042	0.0036	0.0006	0.0406	0.0219	0.0187
1	8	0.0984	17	1	1	0	0	0	0	0	0	0	1	1	2	0	0	0	0	0	0	N	N	N	N	N	Y	N	N	N	N	N	N	N	N	N	N	N	N	0.0000	0.0000	0.0000	0.0000	0.0000	0.0000	0.0000	0.0000	0.0000	0.0000	0.0000	0.0000	0.0000	0.0000	0.0000	0.0000	0.0000	0.0000	0.0000	0.0000	0.0000	0.0000	0.0000	0.0000	0.0000	0.0000	0.0000			0.0000	0.0000	3.9332	0.0000	12.1381	6.0016	0.0000	0.0000	0.0000	0.0000	0.0000	0.0000	0.0000	0.0000	0.0000	0.0000	0.0000	0.0000	0.0000	0.0000	0.0000	0.0000	0.0000	0.0000	0.0000	0.0000	0.0000	0.0000	0.0000	0.0000	0.0000	0.0000	0.0000	0.1291	0.0729	0.0563	0.0118	0.0099	0.0019	0.1173	0.0629	0.0544
1	9	0.0984	16	1	1	0	0	0	1	0	0	0	1	1	2	0	0	0	0	0	0	N	N	N	N	N	Y	N	N	N	N	N	N	N	N	N	N	N	N	0.0000	0.0000	0.0000	0.0000	0.0000	0.0000	0.0000	0.0000	0.0000	0.0000	0.0000	0.0000	0.0000	0.0000	0.0000	0.0000	0.0000	0.0000	0.0000	0.0000	0.0000	0.0000	0.0000	0.0000	0.0000	0.0000	0.0000			0.0000	0.0000	3.9332	0.0000	12.1381	0.0034	0.0000	0.0000	0.0000	0.0000	0.0000	0.0000	0.0000	0.0000	0.0000	0.0000	0.0000	0.0000	0.0000	0.0000	0.0000	0.0000	0.0000	0.0000	0.0000	0.0000	0.0000	0.0000	0.0000	0.0000	0.0000	0.0000	0.0000	0.0003	0.0002	0.0001	0.0001	0.0001	0.0000	0.0002	0.0001	0.0001
1	11	0.1266	17	0	0	0	0	0	0	0	0	0	1	0	2	0	0	0	0	0	0	N	N	N	N	N	Y	N	N	N	N	N	N	N	N	N	N	N	N	0.0000	0.0000	0.0000	0.0000	0.0000	0.0000	0.0000	0.0000	0.0000	0.0000	0.0000	0.0000	0.0000	0.0000	0.0000	0.0000	0.0000	0.0000	0.0203	0.0346	0.0000	0.1254	0.1496	0.0000	0.0000	0.0000	0.0000		0.0000	0.0000	-0.0004	3.9332	0.9992	12.1381	0.9994	0.0000	0.0000	0.0000	0.0000	0.0000	0.0000	0.0000	0.0000	0.0000	0.0009	0.0009	0.0000	0.0009	0.0009	0.0000	0.0000	0.0000	0.0000	0.0303	0.0264	0.0039	0.0018	0.0017	0.0001	0.0285	0.0247	0.0038	0.0433	0.0254	0.0180	0.0070	0.0059	0.0011	0.0363	0.0195	0.0168
1	22	0.0823	6	0	0	1	0	0	0	1	0	0	2	0	2	0	0	0	0	0	0	N	N	N	N	N	Y	N	N	N	N	N	N	N	N	N	N	N	N	0.0000	0.0000	0.0000	0.0000	0.0000	0.0000	0.0000	0.0000	0.0000	0.0000	0.0000	0.0000	0.0000	0.0000	0.0000	0.0000	0.0000	0.0000	11.2811	19.4101	0.0016	0.0095	0.0111	0.0000	12.8105	23.5737	0.0017		0.0001	0.0000	-0.4908	3.9332	1.9867	12.1381	2.0019	0.0000	0.0000	0.0000	0.0000	0.0000	0.0000	0.0000	0.0000	0.0000	0.9912	0.9912	0.0001	0.0001	0.0001	0.0000	0.9911	0.9911	0.0001	0.0573	0.0498	0.0074	0.0016	0.0015	0.0000	0.0557	0.0483	0.0074	0.0879	0.0511	0.0368	0.0105	0.0090	0.0015	0.0774	0.0420	0.0353
1	33	0.0958	16	1	0	0	1	0	0	0	1	0	1	1	2	0	0	0	0	0	0	N	N	N	N	N	Y	N	N	N	N	N	N	N	N	N	N	N	N	0.0000	0.0000	0.0000	0.0000	0.0000	0.0000	0.0000	0.0000	0.0000	0.0000	0.0000	0.0000	0.0000	0.0000	0.0000	0.0000	0.0000	0.0000	0.0053	0.0094	0.0000	0.0753	0.0899	0.0000	0.0000	0.0000	0.0000		0.0000	0.0000	-0.0003	3.9332	1.0004	12.1381	4.0090	0.0000	0.0000	0.0000	0.0000	0.0000	0.0000	0.0000	0.0000	0.0000	0.0005	0.0005	0.0000	0.0005	0.0005	0.0000	0.0000	0.0000	0.0000	0.0284	0.0247	0.0037	0.0019	0.0018	0.0001	0.0264	0.0229	0.0035	0.1020	0.0573	0.0447	0.0072	0.0060	0.0012	0.0948	0.0513	0.0435
1	34	0.1007	17	1	0	0	0	0	0	0	0	0	1	1	2	0	0	0	0	0	0	N	N	N	N	N	Y	N	N	N	N	N	N	N	N	N	N	N	N	0.0000	0.0000	0.0000	0.0000	0.0000	0.0000	0.0000	0.0000	0.0000	0.0000	0.0000	0.0000	0.0000	0.0000	0.0000	0.0000	0.0000	0.0000	5.2339	9.3119	0.0000	0.0099	0.0118	0.0000	5.6502	10.4708	0.0000		0.0000	0.0000	-0.4946	3.9332	0.8079	12.1381	8.0263	0.0000	0.0000	0.0000	0.0000	0.0000	0.0000	0.0000	0.0000	0.0000	0.9987	0.9987	0.0000	0.0001	0.0001	0.0000	0.9985	0.9985	0.0000	0.0390	0.0346	0.0044	0.0088	0.0087	0.0001	0.0301	0.0258	0.0043	0.1908	0.1072	0.0836	0.0141	0.0119	0.0022	0.1767	0.0954	0.0814
1	35	0.0914	13	1	0	1	1	0	0	0	1	0	1	1	2	0	0	0	0	0	0	N	N	N	N	N	Y	N	N	N	N	N	N	N	N	N	N	N	N	0.0000	0.0000	0.0000	0.0000	0.0000	0.0000	0.0000	0.0000	0.0000	0.0000	0.0000	0.0000	0.0000	0.0000	0.0000	0.0000	0.0000	0.0000	0.0000	0.0000	0.0000	0.0000	0.0000	0.0000	0.0000	0.0000	0.0000			0.0000	-0.0000	3.9332	0.0027	12.1381	3.0058	0.0000	0.0000	0.0000	0.0000	0.0000	0.0000	0.0000	0.0000	0.0000	0.0000	0.0000	0.0000	0.0000	0.0000	0.0000	0.0000	0.0000	0.0000	0.0003	0.0002	0.0000	0.0001	0.0001	0.0000	0.0002	0.0001	0.0000	0.0641	0.0358	0.0283	0.0049	0.0042	0.0007	0.0592	0.0316	0.0276
1	36	0.0914	13	1	0	1	0	0	0	0	0	0	1	1	2	0	0	0	0	0	0	N	N	N	N	N	Y	N	N	N	N	N	N	N	N	N	N	N	N	0.0000	0.0000	0.0000	0.0000	0.0000	0.0000	0.0000	0.0000	0.0000	0.0000	0.0000	0.0000	0.0000	0.0000	0.0000	0.0000	0.0000	0.0000	0.0000	0.0000	0.0000	0.0000	0.0000	0.0000	0.0000	0.0000	0.0000		inf	0.0000	0.0000	3.9332	1.0024	12.1381	3.0051	0.0000	0.0000	0.0000	0.0000	0.0000	0.0000	0.0000	0.0000	0.0000	0.0000	0.0000	0.0000	0.0000	0.0000	0.0000	0.0000	0.0000	0.0000	0.0301	0.0262	0.0039	0.0023	0.0022	0.0001	0.0278	0.0240	0.0038	0.0848	0.0473	0.0374	0.0064	0.0054	0.0010	0.0784	0.0419	0.0365
1	37	0.0830	12	1	0	1	0	0	0	1	0	1	2	1	2	0	0	0	0	0	0	N	N	N	N	N	Y	N	N	N	N	N	N	N	N	N	N	N	N	0.0000	0.0000	0.0000	0.0000	0.0000	0.0000	0.0000	0.0000	0.0000	0.0000	0.0000	0.0000	0.0000	0.0000	0.0000	0.0000	0.0000	0.0000	0.0000	0.0000	0.0000	0.0000	0.0000	0.0000	0.0000	0.0000	0.0000		0.0048	0.0000	-0.0000	3.9332	1.9948	12.1381	1.9571	0.0000	0.0000	0.0000	0.0000	0.0000	0.0000	0.0000	0.0000	0.0000	0.0000	0.0000	0.0000	0.0000	0.0000	0.0000	0.0000	0.0000	0.0000	0.0602	0.0523	0.0079	0.0035	0.0033	0.0002	0.0566	0.0490	0.0077	0.0879	0.0489	0.0391	0.0068	0.0060	0.0008	0.0811	0.0429	0.0382
1	44	0.0874	14	1	0	1	0	0	0	1	0	0	1	0	2	0	0	0	0	0	0	N	N	N	N	N	Y	N	N	N	N	N	N	N	N	N	N	N	N	0.1664	0.1066	0.0000	0.1842	0.1670	0.0000	0.0000	0.0000	0.0000	0.0008	0.0009	0.0000	0.0131	0.0139	0.0000	0.0000	0.0000	0.0000	0.0047	0.0085	0.0000	0.0709	0.0833	0.0000	0.0000	0.0000	0.0000	0.0000	0.0000	-0.0001	-0.0008	3.9332	6.0042	12.1381	9.9410	0.0001	0.0001	0.0000	0.0001	0.0001	0.0000	0.0000	0.0000	0.0000	0.0016	0.0016	0.0000	0.0016	0.0016	0.0000	0.0000	0.0000	0.0000	0.1784	0.1552	0.0231	0.0107	0.0101	0.0007	0.1676	0.1452	0.0225	0.3327	0.1856	0.1471	0.0222	0.0189	0.0033	0.3106	0.1668	0.1438
1	45	0.1007	17	1	0	0	0	0	0	0	0	0	1	1	2	0	0	0	0	0	0	N	N	N	N	N	Y	N	N	N	N	N	N	N	N	N	N	N	N	0.0000	0.0000	0.0000	0.0000	0.0000	0.0000	0.0000	0.0000	0.0000	0.0000	0.0000	0.0000	0.0000	0.0000	0.0000	0.0000	0.0000	0.0000	0.0097	0.0172	0.0000	0.1257	0.1476	0.0000	0.0000	0.0000	0.0000		0.0000	0.0000	-0.0005	3.9332	1.9986	12.1381	3.0240	0.0000	0.0000	0.0000	0.0000	0.0000	0.0000	0.0000	0.0000	0.0000	0.0011	0.0011	0.0000	0.0011	0.0011	0.0000	0.0000	0.0000	0.0000	0.0747	0.0657	0.0090	0.0112	0.0109	0.0003	0.0636	0.0548	0.0088	0.1108	0.0624	0.0485	0.0085	0.0072	0.0013	0.1023	0.0551	0.0472
1	46	0.0958	16	1	0	0	0	0	0	0	0	0	1	1	2	0	0	0	0	0	0	N	N	N	N	N	Y	N	N	N	N	N	N	N	N	N	N	N	N	0.0000	0.0000	0.0000	0.0000	0.0000	0.0000	0.0000	0.0000	0.0000	0.0000	0.0000	0.0000	0.0000	0.0000	0.0000	0.0000	0.0000	0.0000	0.0218	0.0386	0.0000	0.0001	0.0001	0.0001	0.0235	0.0434	0.0000		0.0001	0.0000	-0.0005	3.9332	1.1966	12.1381	1.0046	0.0000	0.0000	0.0000	0.0000	0.0000	0.0000	0.0000	0.0000	0.0000	0.0011	0.0011	0.0000	0.0000	0.0000	0.0000	0.0011	0.0011	0.0000	0.0366	0.0319	0.0047	0.0025	0.0024	0.0002	0.0341	0.0295	0.0046	0.0492	0.0277	0.0215	0.0036	0.0030	0.0006	0.0456	0.0246	0.0209
1	47	0.0937	15	1	0	0	0	0	0	0	0	1	2	1	2	0	0	0	0	0	0	N	N	N	N	N	Y	N	N	N	N	N	N	N	N	N	N	N	N	0.0000	0.0000	0.0000	0.0000	0.0000	0.0000	0.0000	0.0000	0.0000	0.0000	0.0000	0.0000	0.0000	0.0000	0.0000	0.0000	0.0000	0.0000	0.0000	0.0000	0.0000	0.0000	0.0000	0.0000	0.0000	0.0000	0.0000		0.0483	0.0000	-0.0000	3.9332	0.0039	12.1381	1.0628	0.0000	0.0000	0.0000	0.0000	0.0000	0.0000	0.0000	0.0000	0.0000	0.0000	0.0000	0.0000	0.0000	0.0000	0.0000	0.0000	0.0000	0.0000	0.0003	0.0003	0.0001	0.0001	0.0001	0.0000	0.0002	0.0002	0.0001	0.0265	0.0147	0.0117	0.0032	0.0029	0.0002	0.0233	0.0118	0.0115
1	57	0.0984	16	1	0	1	0	0	0	1	0	0	1	1	2	0	0	0	0	0	0	N	N	N	N	N	Y	N	N	N	N	N	N	N	N	N	N	N	N	0.0000	0.0000	0.0000	0.0000	0.0000	0.0000	0.0000	0.0000	0.0000	0.0000	0.0000	0.0000	0.0000	0.0000	0.0000	0.0000	0.0000	0.0000	0.0000	0.0000	0.0000	0.0000	0.0000	0.0000	0.0000	0.0000	0.0000			0.0000	0.0000	3.9332	1.0000	12.1381	4.9984	0.0000	0.0000	0.0000	0.0000	0.0000	0.0000	0.0000	0.0000	0.0000	0.0000	0.0000	0.0000	0.0000	0.0000	0.0000	0.0000	0.0000	0.0000	0.0302	0.0262	0.0039	0.0018	0.0017	0.0001	0.0284	0.0246	0.0038	0.1291	0.0728	0.0563	0.0118	0.0099	0.0019	0.1173	0.0629	0.0544
1	58	0.0943	15	1	0	0	0	0	0	0	0	0	1	1	2	0	0	0	0	0	0	N	N	N	N	N	Y	N	N	N	N	N	N	N	N	N	N	N	N	0.0000	0.0000	0.0000	0.0000	0.0000	0.0000	0.0000	0.0000	0.0000	0.0000	0.0000	0.0000	0.0000	0.0000	0.0000	0.0000	0.0000	0.0000	0.0000	0.0000	0.0000	0.0000	0.0000	0.0000	0.0000	0.0000	0.0000			0.0000	-0.0000	3.9332	0.0000	12.1381	2.0010	0.0000	0.0000	0.0000	0.0000	0.0000	0.0000	0.0000	0.0000	0.0000	0.0000	0.0000	0.0000	0.0000	0.0000	0.0000	0.0000	0.0000	0.0000	0.0000	0.0000	0.0000	0.0000	0.0000	0.0000	0.0000	0.0000	0.0000	0.0446	0.0254	0.0193	0.0042	0.0036	0.0006	0.0404	0.0218	0.0187
1	59	0.0874	14	1	0	0	0	0	0	0	0	1	1	1	2	0	0	0	0	0	0	N	N	N	N	N	Y	N	N	N	N	N	N	N	N	N	N	N	N	0.0000	0.0000	0.0000	0.0000	0.0000	0.0000	0.0000	0.0000	0.0000	0.0000	0.0000	0.0000	0.0000	0.0000	0.0000	0.0000	0.0000	0.0000	0.0000	0.0000	0.0000	0.0000	0.0000	0.0000	0.0000	0.0000	0.0000		0.0023	0.0000	-0.0000	3.9332	0.0042	12.1381	3.0766	0.0000	0.0000	0.0000	0.0000	0.0000	0.0000	0.0000	0.0000	0.0000	0.0000	0.0000	0.0000	0.0000	0.0000	0.0000	0.0000	0.0000	0.0000	0.0004	0.0003	0.0001	0.0001	0.0001	0.0000	0.0003	0.0002	0.0001	0.0694	0.0385	0.0309	0.0057	0.0050	0.0007	0.0638	0.0335	0.0302
1	60	0.0874	13	1	0	0	0	0	0	0	0	0	2	0	2	0	0	0	0	0	0	N	N	N	N	N	Y	N	N	N	N	N	N	N	N	N	N	N	N	0.0000	0.0000	0.0000	0.0000	0.0000	0.0000	0.0000	0.0000	0.0000	0.0000	0.0000	0.0000	0.0000	0.0000	0.0000	0.0000	0.0000	0.0000	0.0000	0.0000	0.0000	0.0000	0.0000	0.0000	0.0000	0.0000	0.0000		0.9953	0.0000	0.0000	3.9332	0.0086	12.1381	0.1203	0.0000	0.0000	0.0000	0.0000	0.0000	0.0000	0.0000	0.0000	0.0000	0.0000	0.0000	0.0000	0.0000	0.0000	0.0000	0.0000	0.0000	0.0000	0.0006	0.0005	0.0001	0.0002	0.0002	0.0000	0.0004	0.0003	0.0001	0.0058	0.0031	0.0028	0.0017	0.0017	0.0000	0.0042	0.0014	0.0027
1	65	0.0857	9	0	0	0	0	0	0	0	0	0	2	0	2	0	0	0	0	0	0	N	N	N	N	N	Y	N	N	N	N	N	N	N	N	N	N	N	N	0.0006	inf	0.0000	0.2064	inf	0.0000	0.0000	0.0000	0.0000	0.0000	0.0000	0.0000	0.0001	0.0001	0.0000	0.0000	0.0000	0.0000	0.0093	0.0000	0.0226	0.0006	0.0000	0.0055	0.0106	0.0000	0.0233	0.0000	inf	-0.0000	0.0006	3.9332	3.0012	12.1381	1.7329	0.0000	0.0000	0.0000	0.0000	0.0000	0.0000	0.0000	0.0000	0.0000	0.0011	0.0000	0.0011	0.0000	0.0000	0.0000	0.0011	0.0000	0.0011	0.0894	0.0778	0.0116	0.0037	0.0035	0.0002	0.0857	0.0743	0.0115	0.1175	0.0693	0.0482	0.0156	0.0138	0.0018	0.1019	0.0555	0.0464
1	81	0.1245	14	0	0	0	0	0	0	0	0	0	2	0	2	0	0	0	0	0	0	N	N	N	N	N	Y	N	N	N	N	N	N	N	N	N	N	N	N	0.0000	0.0000	0.0000	0.0000	0.0000	0.0000	0.0000	0.0000	0.0000	0.0000	0.0000	0.0000	0.0000	0.0000	0.0000	0.0000	0.0000	0.0000	0.0000	0.0000	0.0000	0.0000	0.0000	0.0000	0.0000	0.0000	0.0000			0.0000	0.0000	3.9332	0.0000	12.1381	2.0000	0.0000	0.0000	0.0000	0.0000	0.0000	0.0000	0.0000	0.0000	0.0000	0.0000	0.0000	0.0000	0.0000	0.0000	0.0000	0.0000	0.0000	0.0000	0.0000	0.0000	0.0000	0.0000	0.0000	0.0000	0.0000	0.0000	0.0000	0.0429	0.0250	0.0179	0.0068	0.0056	0.0011	0.0362	0.0194	0.0168
1	82	0.1266	17	0	0	0	0	0	0	0	0	0	1	0	2	0	0	0	0	0	0	N	N	N	N	N	Y	N	N	N	N	N	N	N	N	N	N	N	N	0.0000	0.0000	0.0000	0.0000	0.0000	0.0000	0.0000	0.0000	0.0000	0.0000	0.0000	0.0000	0.0000	0.0000	0.0000	0.0000	0.0000	0.0000	11.6264	0.0000	28.0011	0.0000	0.0000	0.0000	13.8394	0.0000	29.8946		inf	0.0000	0.5038	3.9332	1.0008	12.1381	3.0055	0.0000	0.0000	0.0000	0.0000	0.0000	0.0000	0.0000	0.0000	0.0000	0.9980	0.0000	0.9980	0.0000	0.0000	0.0000	0.9980	0.0000	0.9980	0.0303	0.0264	0.0039	0.0018	0.0017	0.0001	0.0286	0.0247	0.0038	0.0858	0.0502	0.0356	0.0137	0.0115	0.0023	0.0721	0.0387	0.0334
1	83	0.1245	16	0	0	0	0	0	0	0	0	0	2	0	2	0	0	0	0	0	0	N	N	N	N	N	Y	N	N	N	N	N	N	N	N	N	N	N	N	0.0000	0.0000	0.0000	0.0000	0.0000	0.0000	0.0000	0.0000	0.0000	0.0000	0.0000	0.0000	0.0000	0.0000	0.0000	0.0000	0.0000	0.0000	0.0407	0.0000	0.0976	0.0000	0.0000	0.0000	0.0483	0.0000	0.1041		inf	0.0000	0.0004	3.9332	0.0009	12.1381	1.0031	0.0000	0.0000	0.0000	0.0000	0.0000	0.0000	0.0000	0.0000	0.0000	0.0009	0.0000	0.0009	0.0000	0.0000	0.0000	0.0009	0.0000	0.0009	0.0000	0.0000	0.0000	0.0000	0.0000	0.0000	0.0000	0.0000	0.0000	0.0216	0.0126	0.0090	0.0034	0.0028	0.0006	0.0182	0.0098	0.0084
1	85	0.1245	15	0	0	0	0	0	0	0	0	0	2	0	2	0	0	0	0	0	0	N	N	N	N	N	Y	N	N	N	N	N	N	N	N	N	N	N	N	0.0000	0.0000	0.0000	0.0000	0.0000	0.0000	0.0000	0.0000	0.0000	0.0000	0.0000	0.0000	0.0000	0.0000	0.0000	0.0000	0.0000	0.0000	0.0000	0.0000	0.0000	0.0000	0.0000	0.0000	0.0000	0.0000	0.0000			0.0000	0.0000	3.9332	0.0000	12.1381	0.0000	0.0000	0.0000	0.0000	0.0000	0.0000	0.0000	0.0000	0.0000	0.0000	0.0000	0.0000	0.0000	0.0000	0.0000	0.0000	0.0000	0.0000	0.0000	0.0000	0.0000	0.0000	0.0000	0.0000	0.0000	0.0000	0.0000	0.0000	0.0000	0.0000	0.0000	0.0000	0.0000	0.0000	0.0000	0.0000	0.0000
3	4	0.0541	14	2	1	1	0	0	0	0	0	0	0	1	1	0	0	0	0	0	0	Y	N	N	N	N	N	N	N	N	N	N	N	N	N	N	N	N	N	0.0000	0.0000	0.0000	0.0000	0.0000	0.0000	0.0000	0.0000	0.0000	0.0000	0.0000	0.0000	0.0000	0.0000	0.0000	0.0000	0.0000	0.0000	0.0400	0.0709	0.0000	0.3738	0.4183	0.0000	0.0000	0.0000	0.0000		0.0000	0.0000	-0.0009	0.0000	1.0225	2.0016	14.4224	0.0000	0.0000	0.0000	0.0000	0.0000	0.0000	0.0000	0.0000	0.0000	0.0018	0.0018	0.0000	0.0018	0.0018	0.0000	0.0000	0.0000	0.0000	0.0000	0.0000	0.0000	0.0000	0.0000	0.0000	0.0000	0.0000	0.0000	0.0453	0.0255	0.0198	0.0048	0.0043	0.0005	0.0405	0.0212	0.0192
3	5	0.1058	18	1	1	0	0	0	0	0	0	0	1	1	2	0	0	0	0	0	0	N	N	N	N	N	Y	N	N	N	N	N	N	N	N	N	N	N	N	0.0000	0.0000	0.0000	0.0000	0.0000	0.0000	0.0000	0.0000	0.0000	0.0000	0.0000	0.0000	0.0000	0.0000	0.0000	0.0000	0.0000	0.0000	0.0000	0.0000	0.0000	0.0000	0.0000	0.0000	0.0000	0.0000	0.0000			0.0000	0.0000	0.0000	1.9996	2.0016	2.0426	0.0000	0.0000	0.0000	0.0000	0.0000	0.0000	0.0000	0.0000	0.0000	0.0000	0.0000	0.0000	0.0000	0.0000	0.0000	0.0000	0.0000	0.0000	0.0000	0.0000	0.0000	0.0000	0.0000	0.0000	0.0000	0.0000	0.0000	0.0115	0.0066	0.0049	0.0013	0.0011	0.0002	0.0102	0.0055	0.0047
3	6	0.0083	3	2	1	0	0	0	0	0	0	0	0	2	2	0	0	0	0	0	0	Y	N	N	N	Y	Y	N	N	N	N	N	N	N	N	N	N	N	N	0.0000	0.0000	0.0000	0.0000	0.0000	0.0000	0.0000	0.0000	0.0000	0.0000	0.0000	0.0000	0.0000	0.0000	0.0000	0.0000	0.0000	0.0000	0.0010	0.0000	0.0021	0.0004	0.0004	0.0000	0.0010	0.0000	0.0021		65.9525	0.0000	0.0000	0.0000	0.0000	2.0016	2.0096	0.0000	0.0000	0.0000	0.0000	0.0000	0.0000	0.0000	0.0000	0.0000	0.0000	0.0000	0.0000	0.0000	0.0000	0.0000	0.0000	0.0000	0.0000	0.0000	0.0000	0.0000	0.0000	0.0000	0.0000	0.0000	0.0000	0.0000	0.0061	0.0033	0.0028	0.0002	0.0002	0.0000	0.0059	0.0031	0.0028
3	7	0.0946	16	1	1	1	0	0	0	0	0	0	0	2	1	0	0	0	0	0	0	N	N	N	N	Y	N	N	N	N	N	N	N	N	N	N	N	N	N	0.0000	0.0000	0.0000	0.0000	0.0000	0.0000	0.0000	0.0000	0.0000	0.0000	0.0000	0.0000	0.0000	0.0000	0.0000	0.0000	0.0000	0.0000	0.0000	0.0000	0.0000	0.0000	0.0000	0.0000	0.0000	0.0000	0.0000			0.0000	0.0000	0.0000	0.0002	2.0016	0.0000	0.0000	0.0000	0.0000	0.0000	0.0000	0.0000	0.0000	0.0000	0.0000	0.0000	0.0000	0.0000	0.0000	0.0000	0.0000	0.0000	0.0000	0.0000	0.0000	0.0000	0.0000	0.0000	0.0000	0.0000	0.0000	0.0000	0.0000	0.0000	0.0000	0.0000	0.0000	0.0000	0.0000	0.0000	0.0000	0.0000
3	10	0.0278	8	2	1	1	0	0	0	0	0	0	0	2	1	0	0	0	0	0	0	Y	N	N	N	Y	N	N	N	N	N	N	N	N	N	N	N	N	N	0.0000	0.0000	0.0000	0.0000	0.0000	0.0000	0.0000	0.0000	0.0000	0.0000	0.0000	0.0000	0.0000	0.0000	0.0000	0.0000	0.0000	0.0000	0.0008	0.0000	0.0019	0.0000	0.0000	0.0000	0.0009	0.0000	0.0019		inf	0.0000	0.0000	0.0000	0.8668	2.0016	6.8776	0.0000	0.0000	0.0000	0.0000	0.0000	0.0000	0.0000	0.0000	0.0000	0.0000	0.0000	0.0000	0.0000	0.0000	0.0000	0.0000	0.0000	0.0000	0.0000	0.0000	0.0000	0.0000	0.0000	0.0000	0.0000	0.0000	0.0000	0.0243	0.0139	0.0104	0.0023	0.0021	0.0002	0.0220	0.0118	0.0102
3	11	0.0973	19	1	1	0	0	0	0	0	0	0	0	1	2	0	0	0	0	0	0	N	N	N	N	N	Y	N	N	N	N	N	N	N	N	N	N	N	N	0.0000	0.0000	0.0000	0.0000	0.0000	0.0000	0.0000	0.0000	0.0000	0.0000	0.0000	0.0000	0.0000	0.0000	0.0000	0.0000	0.0000	0.0000	0.0000	0.0000	0.0000	0.0000	0.0000	0.0000	0.0000	0.0000	0.0000			0.0000	0.0000	0.0000	0.9992	2.0016	0.9994	0.0000	0.0000	0.0000	0.0000	0.0000	0.0000	0.0000	0.0000	0.0000	0.0000	0.0000	0.0000	0.0000	0.0000	0.0000	0.0000	0.0000	0.0000	0.0000	0.0000	0.0000	0.0000	0.0000	0.0000	0.0000	0.0000	0.0000	0.0055	0.0032	0.0023	0.0008	0.0007	0.0001	0.0047	0.0025	0.0022
3	15	0.0432	10	2	1	1	0	0	0	0	0	1	0	2	1	0	0	0	0	0	0	Y	N	N	N	Y	N	N	N	N	N	N	N	N	N	N	N	N	N	0.0000	0.0000	0.0000	0.0000	0.0000	0.0000	0.0000	0.0000	0.0000	0.0000	0.0000	0.0000	0.0000	0.0000	0.0000	0.0000	0.0000	0.0000	0.0000	0.0000	0.0000	0.0000	0.0000	0.0000	0.0000	0.0000	0.0000			0.0000	0.0000	0.0000	2.9875	2.0016	6.8646	0.0000	0.0000	0.0000	0.0000	0.0000	0.0000	0.0000	0.0000	0.0000	0.0000	0.0000	0.0000	0.0000	0.0000	0.0000	0.0000	0.0000	0.0000	0.0000	0.0000	0.0000	0.0000	0.0000	0.0000	0.0000	0.0000	0.0000	0.0287	0.0161	0.0126	0.0021	0.0020	0.0001	0.0266	0.0141	0.0125
3	16	0.0672	16	2	1	1	0	0	0	0	0	0	0	1	1	0	0	0	0	0	0	Y	N	N	N	N	N	N	N	N	N	N	N	N	N	N	N	N	N	0.0000	0.0000	0.0000	0.0000	0.0000	0.0000	0.0000	0.0000	0.0000	0.0000	0.0000	0.0000	0.0000	0.0000	0.0000	0.0000	0.0000	0.0000	0.0000	0.0000	0.0000	0.0000	0.0000	0.0000	0.0000	0.0000	0.0000			0.0000	0.0000	0.0000	0.0003	2.0016	4.3365	0.0000	0.0000	0.0000	0.0000	0.0000	0.0000	0.0000	0.0000	0.0000	0.0000	0.0000	0.0000	0.0000	0.0000	0.0000	0.0000	0.0000	0.0000	0.0000	0.0000	0.0000	0.0000	0.0000	0.0000	0.0000	0.0000	0.0000	0.0142	0.0085	0.0057	0.0021	0.0020	0.0001	0.0121	0.0065	0.0056
3	17	0.0278	8	2	1	1	0	0	0	0	0	0	0	2	1	0	0	0	0	0	0	Y	N	N	N	Y	N	N	N	N	N	N	N	N	N	N	N	N	N	0.0000	0.0000	0.0000	0.0000	0.0000	0.0000	0.0000	0.0000	0.0000	0.0000	0.0000	0.0000	0.0000	0.0000	0.0000	0.0000	0.0000	0.0000	0.0000	0.0000	0.0000	0.0000	0.0000	0.0000	0.0000	0.0000	0.0000		0.0000	0.0000	-0.0000	0.0000	2.7647	2.0016	5.8236	0.0000	0.0000	0.0000	0.0000	0.0000	0.0000	0.0000	0.0000	0.0000	0.0000	0.0000	0.0000	0.0000	0.0000	0.0000	0.0000	0.0000	0.0000	0.0000	0.0000	0.0000	0.0000	0.0000	0.0000	0.0000	0.0000	0.0000	0.0266	0.0151	0.0115	0.0024	0.0022	0.0002	0.0242	0.0129	0.0113
3	18	0.0219	7	2	1	1	0	0	0	1	0	1	0	2	1	0	0	0	0	0	0	Y	N	N	N	Y	N	N	N	N	N	N	N	N	N	N	N	N	N	0.0000	0.0000	0.0000	0.0000	0.0000	0.0000	0.0000	0.0000	0.0000	0.0000	0.0000	0.0000	0.0000	0.0000	0.0000	0.0000	0.0000	0.0000	0.0000	0.0000	0.0000	0.0001	0.0001	0.0000	0.0000	0.0000	0.0000		4.5269	0.0000	0.0000	0.0000	1.3564	2.0016	1.3957	0.0000	0.0000	0.0000	0.0000	0.0000	0.0000	0.0000	0.0000	0.0000	0.0000	0.0000	0.0000	0.0000	0.0000	0.0000	0.0000	0.0000	0.0000	0.0000	0.0000	0.0000	0.0000	0.0000	0.0000	0.0000	0.0000	0.0000	0.0080	0.0043	0.0037	0.0004	0.0003	0.0000	0.0076	0.0040	0.0036
3	19	0.0672	16	2	1	1	0	0	0	0	0	0	0	1	1	0	0	0	0	0	0	Y	N	N	N	N	N	N	N	N	N	N	N	N	N	N	N	N	N	0.0000	0.0000	0.0000	0.0000	0.0000	0.0000	0.0000	0.0000	0.0000	0.0000	0.0000	0.0000	0.0000	0.0000	0.0000	0.0000	0.0000	0.0000	0.0000	0.0000	0.0000	0.0000	0.0000	0.0000	0.0000	0.0000	0.0000			0.0000	0.0000	0.0000	2.8857	2.0016	5.7708	0.0000	0.0000	0.0000	0.0000	0.0000	0.0000	0.0000	0.0000	0.0000	0.0000	0.0000	0.0000	0.0000	0.0000	0.0000	0.0000	0.0000	0.0000	0.0000	0.0000	0.0000	0.0000	0.0000	0.0000	0.0000	0.0000	0.0000	0.0254	0.0147	0.0107	0.0029	0.0026	0.0002	0.0226	0.0121	0.0105
3	20	0.0649	15	2	1	1	0	1	0	1	0	0	0	1	1	0	0	0	0	0	0	Y	N	N	N	N	N	N	N	N	N	N	N	N	N	N	N	N	N	0.0000	0.0000	0.0000	0.0000	0.0000	0.0000	0.0000	0.0000	0.0000	0.0000	0.0000	0.0000	0.0000	0.0000	0.0000	0.0000	0.0000	0.0000	0.0000	0.0000	0.0000	0.0000	0.0000	0.0000	0.0000	0.0000	0.0000			0.0000	0.0000	0.0000	0.1176	2.0016	1.3493	0.0000	0.0000	0.0000	0.0000	0.0000	0.0000	0.0000	0.0000	0.0000	0.0000	0.0000	0.0000	0.0000	0.0000	0.0000	0.0000	0.0000	0.0000	0.0000	0.0000	0.0000	0.0000	0.0000	0.0000	0.0000	0.0000	0.0000	0.0060	0.0039	0.0021	0.0013	0.0012	0.0000	0.0047	0.0027	0.0021
3	21	0.0215	7	2	1	1	0	0	0	1	0	0	0	1	1	0	0	0	0	0	0	Y	N	N	N	N	N	N	N	N	N	N	N	N	N	N	N	N	N	0.0000	0.0000	0.0000	0.0000	0.0000	0.0000	0.0000	0.0000	0.0000	0.0000	0.0000	0.0000	0.0000	0.0000	0.0000	0.0000	0.0000	0.0000	0.0000	0.0000	0.0000	0.0000	0.0000	0.0000	0.0000	0.0000	0.0000			0.0000	0.0000	0.0000	4.0000	2.0016	6.9517	0.0000	0.0000	0.0000	0.0000	0.0000	0.0000	0.0000	0.0000	0.0000	0.0000	0.0000	0.0000	0.0000	0.0000	0.0000	0.0000	0.0000	0.0000	0.0000	0.0000	0.0000	0.0000	0.0000	0.0000	0.0000	0.0000	0.0000	0.0304	0.0166	0.0138	0.0013	0.0012	0.0002	0.0291	0.0154	0.0136
3	22	0.1047	18	1	1	1	0	0	0	1	0	0	1	1	2	0	0	0	0	0	0	N	N	N	N	N	Y	N	N	N	N	N	N	N	N	N	N	N	N	0.0000	0.0000	0.0000	0.0000	0.0000	0.0000	0.0000	0.0000	0.0000	0.0000	0.0000	0.0000	0.0000	0.0000	0.0000	0.0000	0.0000	0.0000	0.0000	0.0000	0.0000	0.0000	0.0000	0.0000	0.0000	0.0000	0.0000			0.0000	0.0000	0.0000	1.9867	2.0016	2.0019	0.0000	0.0000	0.0000	0.0000	0.0000	0.0000	0.0000	0.0000	0.0000	0.0000	0.0000	0.0000	0.0000	0.0000	0.0000	0.0000	0.0000	0.0000	0.0000	0.0000	0.0000	0.0000	0.0000	0.0000	0.0000	0.0000	0.0000	0.0106	0.0061	0.0044	0.0016	0.0013	0.0003	0.0090	0.0048	0.0042
3	25	0.0447	11	2	1	1	0	0	0	0	0	0	0	1	1	0	0	0	0	0	0	Y	N	N	N	N	N	N	N	N	N	N	N	N	N	N	N	N	N	0.0000	0.0000	0.0000	0.0000	0.0000	0.0000	0.0000	0.0000	0.0000	0.0000	0.0000	0.0000	0.0000	0.0000	0.0000	0.0000	0.0000	0.0000	0.0000	0.0000	0.0000	0.0000	0.0000	0.0000	0.0000	0.0000	0.0000			0.0000	0.0000	0.0000	5.0123	2.0016	5.9631	0.0000	0.0000	0.0000	0.0000	0.0000	0.0000	0.0000	0.0000	0.0000	0.0000	0.0000	0.0000	0.0000	0.0000	0.0000	0.0000	0.0000	0.0000	0.0000	0.0000	0.0000	0.0000	0.0000	0.0000	0.0000	0.0000	0.0000	0.0324	0.0181	0.0143	0.0027	0.0025	0.0002	0.0297	0.0156	0.0141
3	26	0.0840	15	2	1	1	0	1	0	0	0	0	0	2	1	0	0	0	0	0	0	Y	N	N	N	Y	N	N	N	N	N	N	N	N	N	N	N	N	N	0.0000	0.0000	0.0000	0.0000	0.0000	0.0000	0.0000	0.0000	0.0000	0.0000	0.0000	0.0000	0.0000	0.0000	0.0000	0.0000	0.0000	0.0000	0.0000	0.0000	0.0000	0.0000	0.0000	0.0000	0.0000	0.0000	0.0000			0.0000	0.0000	0.0000	0.0003	2.0016	1.9853	0.0000	0.0000	0.0000	0.0000	0.0000	0.0000	0.0000	0.0000	0.0000	0.0000	0.0000	0.0000	0.0000	0.0000	0.0000	0.0000	0.0000	0.0000	0.0000	0.0000	0.0000	0.0000	0.0000	0.0000	0.0000	0.0000	0.0000	0.0056	0.0032	0.0024	0.0009	0.0007	0.0001	0.0048	0.0025	0.0023
3	29	0.0541	14	2	1	1	0	0	0	0	0	1	0	2	1	0	0	0	0	0	0	Y	N	N	N	Y	N	N	N	N	N	N	N	N	N	N	N	N	N	0.0000	0.0000	0.0000	0.0000	0.0000	0.0000	0.0000	0.0000	0.0000	0.0000	0.0000	0.0000	0.0000	0.0000	0.0000	0.0000	0.0000	0.0000	16.4000	0.0000	37.3344	0.0000	0.0000	0.0000	18.1115	0.0000	38.3322		63175956.5239	0.0000	0.5038	0.0000	4.0221	2.0016	17.8334	0.0000	0.0000	0.0000	0.0000	0.0000	0.0000	0.0000	0.0000	0.0000	0.9982	0.0000	0.9982	0.0000	0.0000	0.0000	0.9982	0.0000	0.9982	0.0000	0.0000	0.0000	0.0000	0.0000	0.0000	0.0000	0.0000	0.0000	0.0609	0.0341	0.0267	0.0058	0.0051	0.0007	0.0551	0.0291	0.0260
3	30	0.0465	13	2	1	1	0	1	0	1	0	0	0	1	1	0	0	0	0	0	0	Y	N	N	N	N	N	N	N	N	N	N	N	N	N	N	N	N	N	0.0000	0.0000	0.0000	0.0000	0.0000	0.0000	0.0000	0.0000	0.0000	0.0000	0.0000	0.0000	0.0000	0.0000	0.0000	0.0000	0.0000	0.0000	0.1275	0.0000	0.2812	0.0000	0.0001	0.0000	0.1432	0.0000	0.2866		23716.0978	0.0000	0.0009	0.0000	0.9816	2.0016	3.4928	0.0000	0.0000	0.0000	0.0000	0.0000	0.0000	0.0000	0.0000	0.0000	0.0018	0.0000	0.0018	0.0000	0.0000	0.0000	0.0018	0.0000	0.0018	0.0000	0.0000	0.0000	0.0000	0.0000	0.0000	0.0000	0.0000	0.0000	0.0141	0.0077	0.0064	0.0016	0.0014	0.0001	0.0126	0.0063	0.0063
3	33	0.0236	8	2	1	0	1	0	0	0	1	0	0	2	2	0	0	0	0	0	0	Y	N	N	N	Y	Y	N	N	N	N	N	N	N	N	N	N	N	N	0.0000	0.0000	0.0000	0.0000	0.0000	0.0000	0.0000	0.0000	0.0000	0.0000	0.0000	0.0000	0.0000	0.0000	0.0000	0.0000	0.0000	0.0000	0.0000	0.0000	0.0000	0.0000	0.0000	0.0000	0.0000	0.0000	0.0000			0.0000	0.0000	0.0000	1.0004	2.0016	4.0090	0.0000	0.0000	0.0000	0.0000	0.0000	0.0000	0.0000	0.0000	0.0000	0.0000	0.0000	0.0000	0.0000	0.0000	0.0000	0.0000	0.0000	0.0000	0.0000	0.0000	0.0000	0.0000	0.0000	0.0000	0.0000	0.0000	0.0000	0.0135	0.0075	0.0060	0.0006	0.0005	0.0001	0.0129	0.0069	0.0060
3	34	0.0285	9	2	1	0	0	0	0	0	0	0	0	2	2	0	0	0	0	0	0	Y	N	N	N	Y	Y	N	N	N	N	N	N	N	N	N	N	N	N	0.0000	0.0000	0.0000	0.0000	0.0000	0.0000	0.0000	0.0000	0.0000	0.0000	0.0000	0.0000	0.0000	0.0000	0.0000	0.0000	0.0000	0.0000	0.0635	0.1153	0.0000	0.0080	0.0094	0.0000	0.0664	0.1243	0.0000		0.0000	0.0000	-0.0008	0.0000	0.8079	2.0016	8.0263	0.0000	0.0000	0.0000	0.0000	0.0000	0.0000	0.0000	0.0000	0.0000	0.0016	0.0016	0.0000	0.0000	0.0000	0.0000	0.0016	0.0016	0.0000	0.0000	0.0000	0.0000	0.0000	0.0000	0.0000	0.0000	0.0000	0.0000	0.0250	0.0138	0.0112	0.0013	0.0011	0.0002	0.0237	0.0127	0.0111
3	35	0.0280	7	2	1	1	1	0	0	0	1	0	0	2	2	0	0	0	0	0	0	Y	N	N	N	Y	Y	N	N	N	N	N	N	N	N	N	N	N	N	0.0000	0.0000	0.0000	0.0000	0.0000	0.0000	0.0000	0.0000	0.0000	0.0000	0.0000	0.0000	0.0000	0.0000	0.0000	0.0000	0.0000	0.0000	0.0000	0.0000	0.0000	0.0000	0.0000	0.0000	0.0000	0.0000	0.0000			0.0000	0.0000	0.0000	0.0027	2.0016	3.0058	0.0000	0.0000	0.0000	0.0000	0.0000	0.0000	0.0000	0.0000	0.0000	0.0000	0.0000	0.0000	0.0000	0.0000	0.0000	0.0000	0.0000	0.0000	0.0000	0.0000	0.0000	0.0000	0.0000	0.0000	0.0000	0.0000	0.0000	0.0084	0.0045	0.0038	0.0004	0.0003	0.0000	0.0080	0.0042	0.0038
3	36	0.0280	7	2	1	1	0	0	0	0	0	0	0	2	2	0	0	0	0	0	0	Y	N	N	N	Y	Y	N	N	N	N	N	N	N	N	N	N	N	N	0.0000	0.0000	0.0000	0.0000	0.0000	0.0000	0.0000	0.0000	0.0000	0.0000	0.0000	0.0000	0.0000	0.0000	0.0000	0.0000	0.0000	0.0000	0.0000	0.0000	0.0000	0.0000	0.0000	0.0000	0.0000	0.0000	0.0000			0.0000	0.0000	0.0000	1.0024	2.0016	3.0051	0.0000	0.0000	0.0000	0.0000	0.0000	0.0000	0.0000	0.0000	0.0000	0.0000	0.0000	0.0000	0.0000	0.0000	0.0000	0.0000	0.0000	0.0000	0.0000	0.0000	0.0000	0.0000	0.0000	0.0000	0.0000	0.0000	0.0000	0.0111	0.0060	0.0051	0.0005	0.0004	0.0001	0.0106	0.0056	0.0050
3	37	0.0196	6	2	1	1	0	0	0	1	0	1	1	2	2	0	0	0	0	0	0	Y	N	N	N	Y	Y	N	N	N	N	N	N	N	N	N	N	N	N	0.0000	0.0000	0.0000	0.0000	0.0000	0.0000	0.0000	0.0000	0.0000	0.0000	0.0000	0.0000	0.0000	0.0000	0.0000	0.0000	0.0000	0.0000	0.0000	0.0000	0.0000	0.0000	0.0000	0.0000	0.0000	0.0000	0.0000			0.0000	-0.0000	0.0000	1.9948	2.0016	1.9571	0.0000	0.0000	0.0000	0.0000	0.0000	0.0000	0.0000	0.0000	0.0000	0.0000	0.0000	0.0000	0.0000	0.0000	0.0000	0.0000	0.0000	0.0000	0.0000	0.0000	0.0000	0.0000	0.0000	0.0000	0.0000	0.0000	0.0000	0.0115	0.0062	0.0053	0.0005	0.0005	0.0001	0.0110	0.0057	0.0053
3	44	0.0152	4	2	1	1	0	0	0	1	0	0	0	1	2	0	0	0	0	0	0	Y	N	N	N	N	Y	N	N	N	N	N	N	N	N	N	N	N	N	0.0000	0.0000	0.0000	0.0000	0.0000	0.0000	0.0000	0.0000	0.0000	0.0000	0.0000	0.0000	0.0000	0.0000	0.0000	0.0000	0.0000	0.0000	0.0000	0.0000	0.0000	0.0001	0.0002	0.0000	0.0000	0.0000	0.0000		0.0000	0.0000	-0.0000	0.0000	6.0042	2.0016	9.9410	0.0000	0.0000	0.0000	0.0000	0.0000	0.0000	0.0000	0.0000	0.0000	0.0000	0.0000	0.0000	0.0000	0.0000	0.0000	0.0000	0.0000	0.0000	0.0000	0.0000	0.0000	0.0000	0.0000	0.0000	0.0000	0.0000	0.0000	0.0440	0.0238	0.0201	0.0015	0.0013	0.0002	0.0424	0.0225	0.0199
3	45	0.0285	9	2	1	0	0	0	0	0	0	0	0	2	2	0	0	0	0	0	0	Y	N	N	N	Y	Y	N	N	N	N	N	N	N	N	N	N	N	N	0.0000	0.0000	0.0000	0.0000	0.0000	0.0000	0.0000	0.0000	0.0000	0.0000	0.0000	0.0000	0.0000	0.0000	0.0000	0.0000	0.0000	0.0000	0.0002	0.0004	0.0000	0.0035	0.0041	0.0000	0.0000	0.0000	0.0000		0.0000	0.0000	-0.0000	0.0000	1.9986	2.0016	3.0240	0.0000	0.0000	0.0000	0.0000	0.0000	0.0000	0.0000	0.0000	0.0000	0.0000	0.0000	0.0000	0.0000	0.0000	0.0000	0.0000	0.0000	0.0000	0.0000	0.0000	0.0000	0.0000	0.0000	0.0000	0.0000	0.0000	0.0000	0.0145	0.0080	0.0065	0.0008	0.0007	0.0001	0.0137	0.0073	0.0064
3	46	0.0236	8	2	1	0	0	0	0	0	0	0	0	2	2	0	0	0	0	0	0	Y	N	N	N	Y	Y	N	N	N	N	N	N	N	N	N	N	N	N	0.0000	0.0000	0.0000	0.0000	0.0000	0.0000	0.0000	0.0000	0.0000	0.0000	0.0000	0.0000	0.0000	0.0000	0.0000	0.0000	0.0000	0.0000	0.0020	0.0007	0.0035	0.0000	0.0000	0.0000	0.0021	0.0008	0.0035		3.7700	0.0000	0.0000	0.0000	1.1966	2.0016	1.0046	0.0000	0.0000	0.0000	0.0000	0.0000	0.0000	0.0000	0.0000	0.0000	0.0000	0.0000	0.0000	0.0000	0.0000	0.0000	0.0000	0.0000	0.0000	0.0000	0.0000	0.0000	0.0000	0.0000	0.0000	0.0000	0.0000	0.0000	0.0065	0.0036	0.0029	0.0003	0.0003	0.0000	0.0062	0.0033	0.0029
3	47	0.0215	7	2	1	0	0	0	0	0	0	1	1	2	2	0	0	0	0	0	0	Y	N	N	N	Y	Y	N	N	N	N	N	N	N	N	N	N	N	N	0.0000	0.0000	0.0000	0.0000	0.0000	0.0000	0.0000	0.0000	0.0000	0.0000	0.0000	0.0000	0.0000	0.0000	0.0000	0.0000	0.0000	0.0000	0.0000	0.0000	0.0000	0.0000	0.0000	0.0000	0.0000	0.0000	0.0000			0.0000	0.0000	0.0000	0.0039	2.0016	1.0628	0.0000	0.0000	0.0000	0.0000	0.0000	0.0000	0.0000	0.0000	0.0000	0.0000	0.0000	0.0000	0.0000	0.0000	0.0000	0.0000	0.0000	0.0000	0.0000	0.0000	0.0000	0.0000	0.0000	0.0000	0.0000	0.0000	0.0000	0.0035	0.0019	0.0016	0.0004	0.0003	0.0000	0.0032	0.0016	0.0016
3	48	0.0193	6	2	1	0	0	0	0	0	0	0	0	1	1	0	0	0	0	0	0	Y	N	N	N	N	N	N	N	N	N	N	N	N	N	N	N	N	N	0.0000	0.0000	0.0000	0.0000	0.0000	0.0000	0.0000	0.0000	0.0000	0.0000	0.0000	0.0000	0.0000	0.0000	0.0000	0.0000	0.0000	0.0000	0.0000	0.0000	0.0000	0.0000	0.0000	0.0000	0.0000	0.0000	0.0000			0.0000	0.0000	0.0000	0.0093	2.0016	1.1245	0.0000	0.0000	0.0000	0.0000	0.0000	0.0000	0.0000	0.0000	0.0000	0.0000	0.0000	0.0000	0.0000	0.0000	0.0000	0.0000	0.0000	0.0000	0.0000	0.0000	0.0000	0.0000	0.0000	0.0000	0.0000	0.0000	0.0000	0.0038	0.0021	0.0017	0.0004	0.0004	0.0000	0.0034	0.0017	0.0017
3	49	0.0447	11	2	1	1	0	0	0	0	0	1	0	2	1	0	0	0	0	0	0	Y	N	N	N	Y	N	N	N	N	N	N	N	N	N	N	N	N	N	0.0000	0.0000	0.0000	0.0000	0.0000	0.0000	0.0000	0.0000	0.0000	0.0000	0.0000	0.0000	0.0000	0.0000	0.0000	0.0000	0.0000	0.0000	0.0000	0.0000	0.0000	0.0000	0.0000	0.0000	0.0000	0.0000	0.0000			0.0000	0.0000	0.0000	1.9876	2.0016	9.5024	0.0000	0.0000	0.0000	0.0000	0.0000	0.0000	0.0000	0.0000	0.0000	0.0000	0.0000	0.0000	0.0000	0.0000	0.0000	0.0000	0.0000	0.0000	0.0000	0.0000	0.0000	0.0000	0.0000	0.0000	0.0000	0.0000	0.0000	0.0337	0.0188	0.0149	0.0027	0.0026	0.0002	0.0310	0.0163	0.0147
3	50	0.0432	10	2	1	1	0	0	0	0	0	0	0	1	1	0	0	0	0	0	0	Y	N	N	N	N	N	N	N	N	N	N	N	N	N	N	N	N	N	0.0000	0.0000	0.0000	0.0000	0.0000	0.0000	0.0000	0.0000	0.0000	0.0000	0.0000	0.0000	0.0000	0.0000	0.0000	0.0000	0.0000	0.0000	0.0000	0.0000	0.0000	0.0000	0.0000	0.0000	0.0000	0.0000	0.0000			0.0000	-0.0000	0.0000	0.0279	2.0016	1.3258	0.0000	0.0000	0.0000	0.0000	0.0000	0.0000	0.0000	0.0000	0.0000	0.0000	0.0000	0.0000	0.0000	0.0000	0.0000	0.0000	0.0000	0.0000	0.0000	0.0000	0.0000	0.0000	0.0000	0.0000	0.0000	0.0000	0.0000	0.0059	0.0036	0.0023	0.0012	0.0012	0.0000	0.0047	0.0024	0.0023
3	51	0.0367	9	2	1	1	0	0	0	1	0	0	0	1	1	0	0	0	0	0	0	Y	N	N	N	N	N	N	N	N	N	N	N	N	N	N	N	N	N	0.0000	0.0000	0.0000	0.0000	0.0000	0.0000	0.0000	0.0000	0.0000	0.0000	0.0000	0.0000	0.0000	0.0000	0.0000	0.0000	0.0000	0.0000	0.0000	0.0000	0.0000	0.0000	0.0000	0.0000	0.0000	0.0000	0.0000			0.0000	0.0000	0.0000	0.0135	2.0016	3.2161	0.0000	0.0000	0.0000	0.0000	0.0000	0.0000	0.0000	0.0000	0.0000	0.0000	0.0000	0.0000	0.0000	0.0000	0.0000	0.0000	0.0000	0.0000	0.0000	0.0000	0.0000	0.0000	0.0000	0.0000	0.0000	0.0000	0.0000	0.0090	0.0049	0.0041	0.0004	0.0003	0.0000	0.0086	0.0046	0.0041
3	52	0.0193	6	2	1	1	0	0	0	1	0	1	0	2	1	0	0	0	0	0	0	Y	N	N	N	Y	N	N	N	N	N	N	N	N	N	N	N	N	N	0.0000	0.0000	0.0000	0.0000	0.0000	0.0000	0.0000	0.0000	0.0000	0.0000	0.0000	0.0000	0.0000	0.0000	0.0000	0.0000	0.0000	0.0000	0.0000	0.0000	0.0000	0.0000	0.0000	0.0000	0.0000	0.0000	0.0000			0.0000	0.0000	0.0000	1.0059	2.0016	8.9560	0.0000	0.0000	0.0000	0.0000	0.0000	0.0000	0.0000	0.0000	0.0000	0.0000	0.0000	0.0000	0.0000	0.0000	0.0000	0.0000	0.0000	0.0000	0.0000	0.0000	0.0000	0.0000	0.0000	0.0000	0.0000	0.0000	0.0000	0.0280	0.0152	0.0127	0.0012	0.0011	0.0001	0.0267	0.0142	0.0126
3	53	0.0152	5	2	1	0	0	0	0	0	0	0	0	1	1	0	0	0	0	0	0	Y	N	N	N	N	N	N	N	N	N	N	N	N	N	N	N	N	N	0.0000	0.0000	0.0000	0.0000	0.0000	0.0000	0.0000	0.0000	0.0000	0.0000	0.0000	0.0000	0.0000	0.0000	0.0000	0.0000	0.0000	0.0000	0.0000	0.0001	0.0000	0.0005	0.0005	0.0000	0.0000	0.0000	0.0000		0.0000	0.0000	-0.0000	0.0000	0.9898	2.0016	1.1155	0.0000	0.0000	0.0000	0.0000	0.0000	0.0000	0.0000	0.0000	0.0000	0.0000	0.0000	0.0000	0.0000	0.0000	0.0000	0.0000	0.0000	0.0000	0.0000	0.0000	0.0000	0.0000	0.0000	0.0000	0.0000	0.0000	0.0000	0.0064	0.0035	0.0030	0.0004	0.0004	0.0000	0.0060	0.0031	0.0029
3	54	0.0409	11	2	1	0	0	1	0	0	0	0	0	1	1	0	0	0	0	0	0	Y	N	N	N	N	N	N	N	N	N	N	N	N	N	N	N	N	N	0.0000	0.0000	0.0000	0.0000	0.0000	0.0000	0.0000	0.0000	0.0000	0.0000	0.0000	0.0000	0.0000	0.0000	0.0000	0.0000	0.0000	0.0000	0.0290	0.0000	0.0639	0.0000	0.0000	0.0000	0.0302	0.0000	0.0647		inf	0.0000	0.0008	0.0000	5.0000	2.0016	15.9866	0.0000	0.0000	0.0000	0.0000	0.0000	0.0000	0.0000	0.0000	0.0000	0.0016	0.0000	0.0016	0.0000	0.0000	0.0000	0.0016	0.0000	0.0016	0.0000	0.0000	0.0000	0.0000	0.0000	0.0000	0.0000	0.0000	0.0000	0.0546	0.0299	0.0247	0.0023	0.0020	0.0003	0.0523	0.0279	0.0244
3	55	0.3601	16	1	1	0	0	0	0	0	0	1	0	2	1	0	0	0	0	0	0	N	N	N	N	Y	N	N	N	N	N	N	N	N	N	N	N	N	N	0.0000	0.0000	0.0000	0.0000	0.0000	0.0000	0.0000	0.0000	0.0000	0.0000	0.0000	0.0000	0.0000	0.0000	0.0000	0.0000	0.0000	0.0000	0.0216	0.0024	0.0640	0.0032	0.0038	0.0000	0.0409	0.0000	0.0850		12.1776	0.0000	0.0024	0.0000	17.6796	2.0016	56.5727	0.0000	0.0000	0.0000	0.0000	0.0000	0.0000	0.0000	0.0000	0.0000	0.0055	0.0004	0.0051	0.0004	0.0004	0.0000	0.0051	0.0000	0.0051	0.0000	0.0000	0.0000	0.0000	0.0000	0.0000	0.0000	0.0000	0.0000	0.2546	0.1752	0.0794	0.1303	0.1107	0.0196	0.1242	0.0644	0.0598
3	57	0.0042	2	2	1	1	0	0	0	1	0	0	0	2	2	0	0	0	0	0	0	Y	N	N	N	Y	Y	N	N	N	N	N	N	N	N	N	N	N	N	0.0000	0.0000	0.0000	0.0000	0.0000	0.0000	0.0000	0.0000	0.0000	0.0000	0.0000	0.0000	0.0000	0.0000	0.0000	0.0000	0.0000	0.0000	0.0939	0.1761	0.0000	26.1919	26.2363	0.0000	0.0000	0.0000	0.0000		0.0000	0.0000	-0.0008	0.0000	1.0000	2.0016	4.9984	0.0000	0.0000	0.0000	0.0000	0.0000	0.0000	0.0000	0.0000	0.0000	0.0016	0.0016	0.0000	0.0016	0.0016	0.0000	0.0000	0.0000	0.0000	0.0000	0.0000	0.0000	0.0000	0.0000	0.0000	0.0000	0.0000	0.0000	0.0172	0.0092	0.0080	0.0001	0.0001	0.0000	0.0172	0.0091	0.0080
3	64	0.0549	14	2	1	1	0	1	0	1	0	0	0	1	1	0	0	0	0	0	0	Y	N	N	N	N	N	N	N	N	N	N	N	N	N	N	N	N	N	0.0000	0.0000	0.0000	0.0000	0.0000	0.0000	0.0000	0.0000	0.0000	0.0000	0.0000	0.0000	0.0000	0.0000	0.0000	0.0000	0.0000	0.0000	0.0238	0.0003	0.0529	0.0022	0.0025	0.0002	0.0254	0.0000	0.0539		157.7930	0.0000	0.0008	0.0000	3.9919	2.0016	21.4457	0.0000	0.0000	0.0000	0.0000	0.0000	0.0000	0.0000	0.0000	0.0000	0.0016	0.0000	0.0016	0.0000	0.0000	0.0000	0.0016	0.0000	0.0016	0.0000	0.0000	0.0000	0.0000	0.0000	0.0000	0.0000	0.0000	0.0000	0.0666	0.0368	0.0298	0.0046	0.0041	0.0005	0.0620	0.0327	0.0293
3	65	0.0649	15	1	1	0	0	0	0	0	0	0	1	1	2	0	0	0	0	0	0	N	N	N	N	N	Y	N	N	N	N	N	N	N	N	N	N	N	N	0.0000	0.0000	0.0000	0.0000	0.0000	0.0000	0.0000	0.0000	0.0000	0.0000	0.0000	0.0000	0.0000	0.0000	0.0000	0.0000	0.0000	0.0000	0.0000	0.0000	0.0000	0.0000	0.0000	0.0000	0.0000	0.0000	0.0000			0.0000	0.0000	0.0000	3.0012	2.0016	1.7329	0.0000	0.0000	0.0000	0.0000	0.0000	0.0000	0.0000	0.0000	0.0000	0.0000	0.0000	0.0000	0.0000	0.0000	0.0000	0.0000	0.0000	0.0000	0.0000	0.0000	0.0000	0.0000	0.0000	0.0000	0.0000	0.0000	0.0000	0.0147	0.0087	0.0060	0.0018	0.0017	0.0001	0.0129	0.0070	0.0059
3	71	0.0465	12	2	1	1	0	1	0	1	0	0	0	1	1	0	0	0	0	0	0	Y	N	N	N	N	N	N	N	N	N	N	N	N	N	N	N	N	N	0.0000	0.0000	0.0000	0.0000	0.0000	0.0000	0.0000	0.0000	0.0000	0.0000	0.0000	0.0000	0.0000	0.0000	0.0000	0.0000	0.0000	0.0000	0.0000	0.0000	0.0000	0.0000	0.0000	0.0000	0.0000	0.0000	0.0000			0.0000	0.0000	0.0000	7.9989	2.0016	11.5475	0.0000	0.0000	0.0000	0.0000	0.0000	0.0000	0.0000	0.0000	0.0000	0.0000	0.0000	0.0000	0.0000	0.0000	0.0000	0.0000	0.0000	0.0000	0.0000	0.0000	0.0000	0.0000	0.0000	0.0000	0.0000	0.0000	0.0000	0.0587	0.0342	0.0245	0.0083	0.0070	0.0013	0.0504	0.0272	0.0232
3	72	0.0234	8	2	1	1	0	0	0	1	0	0	0	1	1	0	0	0	0	0	0	Y	N	N	N	N	N	N	N	N	N	N	N	N	N	N	N	N	N	0.0000	0.0000	0.0000	0.0000	0.0000	0.0000	0.0000	0.0000	0.0000	0.0000	0.0000	0.0000	0.0000	0.0000	0.0000	0.0000	0.0000	0.0000	0.0008	0.0005	0.0011	0.0053	0.0058	0.0000	0.0005	0.0000	0.0011		1.9979	0.0000	0.0000	0.0000	3.9977	2.0016	10.1847	0.0000	0.0000	0.0000	0.0000	0.0000	0.0000	0.0000	0.0000	0.0000	0.0000	0.0000	0.0000	0.0000	0.0000	0.0000	0.0000	0.0000	0.0000	0.0000	0.0000	0.0000	0.0000	0.0000	0.0000	0.0000	0.0000	0.0000	0.0396	0.0215	0.0181	0.0019	0.0017	0.0002	0.0377	0.0197	0.0180
3	77	0.0946	16	1	1	1	0	0	0	0	0	0	0	2	1	0	0	0	0	0	0	N	N	N	N	Y	N	N	N	N	N	N	N	N	N	N	N	N	N	0.0000	0.0000	0.0000	0.0000	0.0000	0.0000	0.0000	0.0000	0.0000	0.0000	0.0000	0.0000	0.0000	0.0000	0.0000	0.0000	0.0000	0.0000	0.0000	0.0000	0.0000	0.0000	0.0000	0.0000	0.0000	0.0000	0.0000			0.0000	0.0000	0.0000	0.0000	2.0016	0.0000	0.0000	0.0000	0.0000	0.0000	0.0000	0.0000	0.0000	0.0000	0.0000	0.0000	0.0000	0.0000	0.0000	0.0000	0.0000	0.0000	0.0000	0.0000	0.0000	0.0000	0.0000	0.0000	0.0000	0.0000	0.0000	0.0000	0.0000	0.0000	0.0000	0.0000	0.0000	0.0000	0.0000	0.0000	0.0000	0.0000
3	78	0.0840	15	1	1	1	0	0	0	0	0	0	0	2	1	0	0	0	0	0	0	N	N	N	N	Y	N	N	N	N	N	N	N	N	N	N	N	N	N	0.0000	0.0000	0.0000	0.0000	0.0000	0.0000	0.0000	0.0000	0.0000	0.0000	0.0000	0.0000	0.0000	0.0000	0.0000	0.0000	0.0000	0.0000	0.0000	0.0000	0.0000	0.0000	0.0000	0.0000	0.0000	0.0000	0.0000			0.0000	0.0000	0.0000	0.9998	2.0016	4.0242	0.0000	0.0000	0.0000	0.0000	0.0000	0.0000	0.0000	0.0000	0.0000	0.0000	0.0000	0.0000	0.0000	0.0000	0.0000	0.0000	0.0000	0.0000	0.0000	0.0000	0.0000	0.0000	0.0000	0.0000	0.0000	0.0000	0.0000	0.0137	0.0078	0.0059	0.0020	0.0017	0.0003	0.0118	0.0061	0.0056
3	79	0.0756	14	1	1	1	0	0	0	1	0	1	0	2	1	0	0	0	0	0	0	N	N	N	N	Y	N	N	N	N	N	N	N	N	N	N	N	N	N	0.0000	0.0000	0.0000	0.0000	0.0000	0.0000	0.0000	0.0000	0.0000	0.0000	0.0000	0.0000	0.0000	0.0000	0.0000	0.0000	0.0000	0.0000	0.0000	0.0000	0.0000	0.0000	0.0000	0.0000	0.0000	0.0000	0.0000			0.0000	0.0000	0.0000	2.0024	2.0016	2.0159	0.0000	0.0000	0.0000	0.0000	0.0000	0.0000	0.0000	0.0000	0.0000	0.0000	0.0000	0.0000	0.0000	0.0000	0.0000	0.0000	0.0000	0.0000	0.0000	0.0000	0.0000	0.0000	0.0000	0.0000	0.0000	0.0000	0.0000	0.0119	0.0070	0.0050	0.0017	0.0015	0.0002	0.0102	0.0054	0.0048
3	81	0.0952	16	1	1	0	0	0	0	0	0	0	1	1	2	0	0	0	0	0	0	N	N	N	N	N	Y	N	N	N	N	N	N	N	N	N	N	N	N	0.0000	0.0000	0.0000	0.0000	0.0000	0.0000	0.0000	0.0000	0.0000	0.0000	0.0000	0.0000	0.0000	0.0000	0.0000	0.0000	0.0000	0.0000	0.0000	0.0000	0.0000	0.0000	0.0000	0.0000	0.0000	0.0000	0.0000			0.0000	0.0000	0.0000	0.0000	2.0016	2.0000	0.0000	0.0000	0.0000	0.0000	0.0000	0.0000	0.0000	0.0000	0.0000	0.0000	0.0000	0.0000	0.0000	0.0000	0.0000	0.0000	0.0000	0.0000	0.0000	0.0000	0.0000	0.0000	0.0000	0.0000	0.0000	0.0000	0.0000	0.0055	0.0031	0.0023	0.0008	0.0006	0.0001	0.0047	0.0025	0.0022
3	82	0.0973	19	1	1	0	0	0	0	0	0	0	0	1	2	0	0	0	0	0	0	N	N	N	N	N	Y	N	N	N	N	N	N	N	N	N	N	N	N	0.0000	0.0000	0.0000	0.0000	0.0000	0.0000	0.0000	0.0000	0.0000	0.0000	0.0000	0.0000	0.0000	0.0000	0.0000	0.0000	0.0000	0.0000	0.0000	0.0000	0.0000	0.0000	0.0000	0.0000	0.0000	0.0000	0.0000			0.0000	0.0000	0.0000	1.0008	2.0016	3.0055	0.0000	0.0000	0.0000	0.0000	0.0000	0.0000	0.0000	0.0000	0.0000	0.0000	0.0000	0.0000	0.0000	0.0000	0.0000	0.0000	0.0000	0.0000	0.0000	0.0000	0.0000	0.0000	0.0000	0.0000	0.0000	0.0000	0.0000	0.0109	0.0063	0.0047	0.0016	0.0013	0.0002	0.0094	0.0049	0.0044
3	83	0.0952	18	1	1	0	0	0	0	0	0	0	1	1	2	0	0	0	0	0	0	N	N	N	N	N	Y	N	N	N	N	N	N	N	N	N	N	N	N	0.0000	0.0000	0.0000	0.0000	0.0000	0.0000	0.0000	0.0000	0.0000	0.0000	0.0000	0.0000	0.0000	0.0000	0.0000	0.0000	0.0000	0.0000	0.0000	0.0000	0.0000	0.0000	0.0000	0.0000	0.0000	0.0000	0.0000			0.0000	0.0000	0.0000	0.0009	2.0016	1.0031	0.0000	0.0000	0.0000	0.0000	0.0000	0.0000	0.0000	0.0000	0.0000	0.0000	0.0000	0.0000	0.0000	0.0000	0.0000	0.0000	0.0000	0.0000	0.0000	0.0000	0.0000	0.0000	0.0000	0.0000	0.0000	0.0000	0.0000	0.0027	0.0016	0.0012	0.0004	0.0003	0.0001	0.0024	0.0012	0.0011
3	85	0.0952	17	1	1	0	0	0	0	0	0	0	1	1	2	0	0	0	0	0	0	N	N	N	N	N	Y	N	N	N	N	N	N	N	N	N	N	N	N	0.0000	0.0000	0.0000	0.0000	0.0000	0.0000	0.0000	0.0000	0.0000	0.0000	0.0000	0.0000	0.0000	0.0000	0.0000	0.0000	0.0000	0.0000	0.0000	0.0000	0.0000	0.0000	0.0000	0.0000	0.0000	0.0000	0.0000			0.0000	0.0000	0.0000	0.0000	2.0016	0.0000	0.0000	0.0000	0.0000	0.0000	0.0000	0.0000	0.0000	0.0000	0.0000	0.0000	0.0000	0.0000	0.0000	0.0000	0.0000	0.0000	0.0000	0.0000	0.0000	0.0000	0.0000	0.0000	0.0000	0.0000	0.0000	0.0000	0.0000	0.0000	0.0000	0.0000	0.0000	0.0000	0.0000	0.0000	0.0000	0.0000
3	90	0.0443	11	2	1	1	0	1	0	1	0	1	0	2	1	0	0	0	0	0	0	Y	N	N	N	Y	N	N	N	N	N	N	N	N	N	N	N	N	N	0.0000	0.0000	0.0000	0.0000	0.0000	0.0000	0.0000	0.0000	0.0000	0.0000	0.0000	0.0000	0.0000	0.0000	0.0000	0.0000	0.0000	0.0000	0.0000	0.0000	0.0000	0.0000	0.0000	0.0000	0.0000	0.0000	0.0000			0.0000	0.0000	0.0000	6.9987	2.0016	5.3508	0.0000	0.0000	0.0000	0.0000	0.0000	0.0000	0.0000	0.0000	0.0000	0.0000	0.0000	0.0000	0.0000	0.0000	0.0000	0.0000	0.0000	0.0000	0.0000	0.0000	0.0000	0.0000	0.0000	0.0000	0.0000	0.0000	0.0000	0.0411	0.0245	0.0166	0.0072	0.0061	0.0011	0.0339	0.0184	0.0155
3	91	0.0509	13	2	1	1	0	1	0	1	0	0	0	1	1	0	0	0	0	0	0	Y	N	N	N	N	N	N	N	N	N	N	N	N	N	N	N	N	N	0.0000	0.0000	0.0000	0.0000	0.0000	0.0000	0.0000	0.0000	0.0000	0.0000	0.0000	0.0000	0.0000	0.0000	0.0000	0.0000	0.0000	0.0000	0.0000	0.0000	0.0000	0.0000	0.0000	0.0000	0.0000	0.0000	0.0000			0.0000	0.0000	0.0000	1.0039	2.0016	13.1994	0.0000	0.0000	0.0000	0.0000	0.0000	0.0000	0.0000	0.0000	0.0000	0.0000	0.0000	0.0000	0.0000	0.0000	0.0000	0.0000	0.0000	0.0000	0.0000	0.0000	0.0000	0.0000	0.0000	0.0000	0.0000	0.0000	0.0000	0.0412	0.0237	0.0175	0.0054	0.0047	0.0008	0.0358	0.0191	0.0167
4	6	0.0809	12	2	0	1	0	0	0	0	0	0	0	1	1	0	0	0	0	0	0	Y	N	N	N	N	N	N	N	N	N	N	N	N	N	N	N	N	N	0.0000	0.0000	0.0000	0.0000	0.0000	0.0000	0.0000	0.0000	0.0000	0.0000	0.0000	0.0000	0.0000	0.0000	0.0000	0.0000	0.0000	0.0000	0.0000	0.0000	0.0000	0.0001	0.0001	0.0001	0.0000	0.0000	0.0000		0.1723	0.0000	-0.0000	1.0225	0.0000	14.4224	2.0096	0.0000	0.0000	0.0000	0.0000	0.0000	0.0000	0.0000	0.0000	0.0000	0.0000	0.0000	0.0000	0.0000	0.0000	0.0000	0.0000	0.0000	0.0000	0.0000	0.0000	0.0000	0.0000	0.0000	0.0000	0.0000	0.0000	0.0000	0.0463	0.0263	0.0200	0.0050	0.0045	0.0005	0.0413	0.0218	0.0196
4	8	0.0850	14	2	1	1	0	0	0	0	0	0	0	1	1	0	0	0	0	0	0	Y	N	N	N	N	N	N	N	N	N	N	N	N	N	N	N	N	N	0.0000	0.0000	0.0000	0.0000	0.0000	0.0000	0.0000	0.0000	0.0000	0.0000	0.0000	0.0000	0.0000	0.0000	0.0000	0.0000	0.0000	0.0000	0.0004	0.0007	0.0000	0.0035	0.0040	0.0000	0.0000	0.0000	0.0000		0.0007	0.0000	-0.0000	1.0225	0.0000	14.4224	6.0016	0.0000	0.0000	0.0000	0.0000	0.0000	0.0000	0.0000	0.0000	0.0000	0.0000	0.0000	0.0000	0.0000	0.0000	0.0000	0.0000	0.0000	0.0000	0.0000	0.0000	0.0000	0.0000	0.0000	0.0000	0.0000	0.0000	0.0000	0.1336	0.0753	0.0583	0.0141	0.0126	0.0015	0.1195	0.0627	0.0568
4	9	0.0850	13	2	1	1	0	0	1	0	0	0	0	1	1	0	0	0	0	0	0	Y	N	N	N	N	N	N	N	N	N	N	N	N	N	N	N	N	N	0.0000	0.0000	0.0000	0.0000	0.0000	0.0000	0.0000	0.0000	0.0000	0.0000	0.0000	0.0000	0.0000	0.0000	0.0000	0.0000	0.0000	0.0000	0.0702	0.0495	0.1209	0.0897	0.0904	0.0000	0.0577	0.0000	0.1223		0.9999	0.0000	0.0000	1.0225	0.0000	14.4224	0.0034	0.0000	0.0000	0.0000	0.0000	0.0000	0.0000	0.0000	0.0000	0.0000	0.0000	0.0000	0.0000	0.0000	0.0000	0.0000	0.0000	0.0000	0.0000	0.0000	0.0000	0.0000	0.0000	0.0000	0.0000	0.0000	0.0000	0.0000	0.0003	0.0002	0.0001	0.0001	0.0001	0.0000	0.0002	0.0001	0.0001
4	33	0.0824	13	2	0	1	1	0	0	0	1	0	0	1	1	0	0	0	0	0	0	Y	N	N	N	N	N	N	N	N	N	N	N	N	N	N	N	N	N	0.0000	0.0000	0.0000	0.0000	0.0000	0.0000	0.0000	0.0000	0.0000	0.0000	0.0000	0.0000	0.0000	0.0000	0.0000	0.0000	0.0000	0.0000	0.0222	0.0395	0.0000	0.2554	0.2822	0.0000	0.0000	0.0000	0.0000		0.0000	0.0000	-0.0012	1.0225	1.0004	14.4224	4.0090	0.0000	0.0000	0.0000	0.0000	0.0000	0.0000	0.0000	0.0000	0.0000	0.0023	0.0023	0.0000	0.0023	0.0023	0.0000	0.0000	0.0000	0.0000	0.0075	0.0066	0.0010	0.0005	0.0005	0.0000	0.0070	0.0061	0.0010	0.1059	0.0594	0.0465	0.0092	0.0083	0.0009	0.0967	0.0511	0.0456
4	34	0.0874	14	2	0	1	0	0	0	0	0	0	0	1	1	0	0	0	0	0	0	Y	N	N	N	N	N	N	N	N	N	N	N	N	N	N	N	N	N	0.0000	0.0000	0.0000	0.0000	0.0000	0.0000	0.0000	0.0000	0.0000	0.0000	0.0000	0.0000	0.0000	0.0000	0.0000	0.0000	0.0000	0.0000	4.2901	7.6366	0.0000	4.3495	4.8139	0.0000	4.2841	8.1273	0.0000		0.0000	0.0000	-0.4226	1.0225	0.8079	14.4224	8.0263	0.0000	0.0000	0.0000	0.0000	0.0000	0.0000	0.0000	0.0000	0.0000	0.8533	0.8533	0.0000	0.0797	0.0797	0.0000	0.7736	0.7736	0.0000	0.0104	0.0092	0.0012	0.0024	0.0023	0.0000	0.0080	0.0068	0.0012	0.1989	0.1117	0.0872	0.0183	0.0165	0.0018	0.1806	0.0952	0.0854
4	45	0.0874	14	2	0	1	0	0	0	0	0	0	0	1	1	0	0	0	0	0	0	Y	N	N	N	N	N	N	N	N	N	N	N	N	N	N	N	N	N	0.0000	0.0000	0.0000	0.0000	0.0000	0.0000	0.0000	0.0000	0.0000	0.0000	0.0000	0.0000	0.0000	0.0000	0.0000	0.0000	0.0000	0.0000	0.0079	0.0140	0.0000	0.0744	0.0823	0.0000	0.0008	0.0015	0.0000		0.0000	0.0000	-0.0005	1.0225	1.9986	14.4224	3.0240	0.0000	0.0000	0.0000	0.0000	0.0000	0.0000	0.0000	0.0000	0.0000	0.0009	0.0009	0.0000	0.0008	0.0008	0.0000	0.0001	0.0001	0.0000	0.0199	0.0174	0.0024	0.0030	0.0029	0.0001	0.0169	0.0145	0.0024	0.1158	0.0651	0.0506	0.0112	0.0101	0.0011	0.1046	0.0551	0.0496
4	46	0.0824	13	2	0	1	0	0	0	0	0	0	0	1	1	0	0	0	0	0	0	Y	N	N	N	N	N	N	N	N	N	N	N	N	N	N	N	N	N	0.0000	0.0000	0.0000	0.0000	0.0000	0.0000	0.0000	0.0000	0.0000	0.0000	0.0000	0.0000	0.0000	0.0000	0.0000	0.0000	0.0000	0.0000	0.0189	0.0322	0.0017	0.0188	0.0204	0.0027	0.0189	0.0343	0.0017		0.0418	0.0000	-0.0004	1.0225	1.1966	14.4224	1.0046	0.0000	0.0000	0.0000	0.0000	0.0000	0.0000	0.0000	0.0000	0.0000	0.0010	0.0009	0.0000	0.0001	0.0001	0.0000	0.0009	0.0008	0.0000	0.0097	0.0085	0.0013	0.0007	0.0006	0.0000	0.0091	0.0078	0.0012	0.0510	0.0287	0.0223	0.0046	0.0042	0.0004	0.0465	0.0245	0.0219
4	47	0.0803	12	2	0	1	0	0	0	0	0	1	1	1	1	0	0	0	0	0	0	Y	N	N	N	N	N	N	N	N	N	N	N	N	N	N	N	N	N	0.0000	0.0000	0.0000	0.0000	0.0000	0.0000	0.0000	0.0000	0.0000	0.0000	0.0000	0.0000	0.0000	0.0000	0.0000	0.0000	0.0000	0.0000	0.0015	0.0026	0.0000	0.0113	0.0118	0.0004	0.0000	0.0000	0.0000		0.0018	0.0000	-0.0000	1.0225	0.0039	14.4224	1.0628	0.0000	0.0000	0.0000	0.0000	0.0000	0.0000	0.0000	0.0000	0.0000	0.0000	0.0000	0.0000	0.0000	0.0000	0.0000	0.0000	0.0000	0.0000	0.0001	0.0001	0.0000	0.0000	0.0000	0.0000	0.0001	0.0000	0.0000	0.0272	0.0151	0.0121	0.0036	0.0034	0.0002	0.0236	0.0117	0.0119
4	48	0.0781	11	2	0	1	0	0	0	0	0	0	0	0	0	0	0	0	0	0	0	Y	N	N	N	N	N	N	N	N	N	N	N	N	N	N	N	N	N	0.0225	0.0000	0.1884	0.0135	0.0000	84.3135	0.0000	0.0000	0.0000	0.0001	0.0000	0.0006	0.0003	0.0000	0.0565	0.0000	0.0000	0.0000	0.0042	0.0051	0.0031	0.0216	0.0227	0.0007	0.0016	0.0000	0.0031	inf	0.4984	0.0000	-0.0000	1.0225	0.0093	14.4224	1.1245	0.0000	0.0000	0.0000	0.0000	0.0000	0.0000	0.0000	0.0000	0.0000	0.0001	0.0001	0.0000	0.0001	0.0001	0.0000	0.0000	0.0000	0.0000	0.0002	0.0002	0.0000	0.0001	0.0001	0.0000	0.0001	0.0001	0.0000	0.0287	0.0158	0.0130	0.0037	0.0035	0.0002	0.0250	0.0123	0.0128
4	53	0.0740	10	2	0	1	0	0	0	0	0	0	0	0	0	0	0	0	0	0	0	Y	N	N	N	N	N	N	N	N	N	N	N	N	N	N	N	N	N	0.0012	0.0009	0.0000	1.0242	1.0251	0.0000	0.0000	0.0000	0.0000	0.0000	0.0000	0.0000	0.0000	0.0000	0.0000	0.0000	0.0000	0.0000	0.0018	0.0029	0.0004	0.0000	0.0000	0.0000	0.0020	0.0035	0.0004	0.0000	0.1234	-0.0000	-0.0000	1.0225	0.9898	14.4224	1.1155	0.0000	0.0000	0.0000	0.0000	0.0000	0.0000	0.0000	0.0000	0.0000	0.0001	0.0001	0.0000	0.0000	0.0000	0.0000	0.0001	0.0001	0.0000	0.0080	0.0070	0.0011	0.0005	0.0005	0.0000	0.0075	0.0065	0.0010	0.0502	0.0278	0.0224	0.0052	0.0048	0.0003	0.0450	0.0229	0.0221
4	54	0.0484	4	2	0	1	0	1	0	0	0	0	0	0	0	0	0	0	0	0	0	Y	N	N	N	N	N	N	N	N	N	N	N	N	N	N	N	N	N	0.0000	0.0000	0.0000	0.0000	0.0000	0.0000	0.0000	0.0000	0.0000	0.0000	0.0000	0.0000	0.0000	0.0000	0.0000	0.0000	0.0000	0.0000	4.0119	7.2348	0.0000	2.1386	2.4359	0.0000	4.1852	7.9778	0.0000		0.0000	0.0000	-0.9122	1.0225	5.0000	14.4224	15.9866	0.0000	0.0000	0.0000	0.0000	0.0000	0.0000	0.0000	0.0000	0.0000	1.8419	1.8419	0.0000	0.0831	0.0831	0.0000	1.7588	1.7588	0.0000	0.0395	0.0342	0.0053	0.0009	0.0009	0.0000	0.0386	0.0333	0.0052	0.4591	0.2546	0.2045	0.0389	0.0341	0.0047	0.4202	0.2205	0.1998
4	58	0.0809	12	2	0	1	0	0	0	0	0	0	0	1	1	0	0	0	0	0	0	Y	N	N	N	N	N	N	N	N	N	N	N	N	N	N	N	N	N	0.0000	0.0000	0.0000	0.0000	0.0000	0.0000	0.0000	0.0000	0.0000	0.0000	0.0000	0.0000	0.0000	0.0000	0.0000	0.0000	0.0000	0.0000	0.0004	0.0004	0.0005	0.0021	0.0023	0.0000	0.0002	0.0000	0.0005		0.9587	0.0000	-0.0000	1.0225	0.0000	14.4224	2.0010	0.0000	0.0000	0.0000	0.0000	0.0000	0.0000	0.0000	0.0000	0.0000	0.0000	0.0000	0.0000	0.0000	0.0000	0.0000	0.0000	0.0000	0.0000	0.0000	0.0000	0.0000	0.0000	0.0000	0.0000	0.0000	0.0000	0.0000	0.0461	0.0262	0.0200	0.0050	0.0045	0.0005	0.0411	0.0217	0.0195
4	59	0.0740	11	2	0	1	0	0	0	0	0	1	0	1	1	0	0	0	0	0	0	Y	N	N	N	N	N	N	N	N	N	N	N	N	N	N	N	N	N	0.0000	0.0000	0.0000	0.0000	0.0000	0.0000	0.0000	0.0000	0.0000	0.0000	0.0000	0.0000	0.0000	0.0000	0.0000	0.0000	0.0000	0.0000	0.0117	0.0211	0.0000	0.1222	0.1314	0.0000	0.0000	0.0000	0.0000		0.0000	0.0000	-0.0004	1.0225	0.0042	14.4224	3.0766	0.0000	0.0000	0.0000	0.0000	0.0000	0.0000	0.0000	0.0000	0.0000	0.0008	0.0008	0.0000	0.0008	0.0008	0.0000	0.0000	0.0000	0.0000	0.0001	0.0001	0.0000	0.0000	0.0000	0.0000	0.0001	0.0001	0.0000	0.0717	0.0398	0.0319	0.0069	0.0064	0.0005	0.0648	0.0334	0.0314
4	60	0.0740	10	2	0	1	0	0	0	0	0	0	1	0	1	0	0	0	0	0	0	Y	N	N	N	N	N	N	N	N	N	N	N	N	N	N	N	N	N	0.0000	0.0000	0.0000	0.0000	0.0000	0.0000	0.0000	0.0000	0.0000	0.0000	0.0000	0.0000	0.0000	0.0000	0.0000	0.0000	0.0000	0.0000	0.0000	0.0000	0.0000	0.0000	0.0000	0.0001	0.0000	0.0000	0.0000		0.9924	0.0000	0.0000	1.0225	0.0086	14.4224	0.1203	0.0000	0.0000	0.0000	0.0000	0.0000	0.0000	0.0000	0.0000	0.0000	0.0000	0.0000	0.0000	0.0000	0.0000	0.0000	0.0000	0.0000	0.0000	0.0001	0.0001	0.0000	0.0000	0.0000	0.0000	0.0001	0.0001	0.0000	0.0058	0.0031	0.0028	0.0017	0.0017	0.0000	0.0041	0.0014	0.0027
4	61	0.0696	9	2	0	1	0	0	0	0	0	0	0	0	0	0	0	0	0	0	0	Y	N	N	N	N	N	N	N	N	N	N	N	N	N	N	N	N	N	0.0000	0.0000	0.0000	0.0000	0.0000	0.0000	0.0000	0.0000	0.0000	0.0000	0.0000	0.0000	0.0000	0.0000	0.0000	0.0000	0.0000	0.0000	0.0000	0.0000	0.0000	0.0000	0.0000	0.0000	0.0000	0.0000	0.0000		0.9728	0.0000	-0.0000	1.0225	2.0089	14.4224	0.1204	0.0000	0.0000	0.0000	0.0000	0.0000	0.0000	0.0000	0.0000	0.0000	0.0000	0.0000	0.0000	0.0000	0.0000	0.0000	0.0000	0.0000	0.0000	0.0161	0.0140	0.0021	0.0010	0.0009	0.0001	0.0151	0.0130	0.0021	0.0506	0.0280	0.0226	0.0052	0.0049	0.0003	0.0454	0.0231	0.0222
4	62	0.0673	8	2	0	1	0	0	0	0	0	0	0	0	0	0	0	0	0	0	0	Y	N	N	N	N	N	N	N	N	N	N	N	N	N	N	N	N	N	0.0000	0.0000	0.0000	0.0000	0.0000	0.0000	0.0000	0.0000	0.0000	0.0000	0.0000	0.0000	0.0000	0.0000	0.0000	0.0000	0.0000	0.0000	0.0000	0.0000	0.0000	0.0000	0.0000	0.0000	0.0000	0.0000	0.0000		0.3476	0.0000	-0.0000	1.0225	1.4554	14.4224	0.0966	0.0000	0.0000	0.0000	0.0000	0.0000	0.0000	0.0000	0.0000	0.0000	0.0000	0.0000	0.0000	0.0000	0.0000	0.0000	0.0000	0.0000	0.0000	0.0116	0.0101	0.0015	0.0006	0.0006	0.0000	0.0110	0.0095	0.0015	0.0365	0.0202	0.0163	0.0035	0.0033	0.0002	0.0330	0.0169	0.0161
4	63	0.0659	7	2	0	1	0	0	0	0	0	0	0	0	0	0	0	0	0	0	0	Y	N	N	N	N	N	N	N	N	N	N	N	N	N	N	N	N	N	0.0000	0.0000	0.0000	0.0000	0.0000	0.0000	0.0000	0.0000	0.0000	0.0000	0.0000	0.0000	0.0000	0.0000	0.0000	0.0000	0.0000	0.0000	0.0003	0.0005	0.0000	0.0012	0.0012	0.0018	0.0000	0.0000	0.0000		0.0360	0.0000	-0.0000	1.0225	0.0090	14.4224	0.8380	0.0000	0.0000	0.0000	0.0000	0.0000	0.0000	0.0000	0.0000	0.0000	0.0000	0.0000	0.0000	0.0000	0.0000	0.0000	0.0000	0.0000	0.0000	0.0001	0.0001	0.0000	0.0000	0.0000	0.0000	0.0001	0.0001	0.0000	0.0296	0.0159	0.0137	0.0067	0.0066	0.0001	0.0229	0.0093	0.0136
4	73	0.0525	6	2	0	1	0	0	0	0	0	0	0	0	0	0	0	0	0	0	0	Y	N	N	N	N	N	N	N	N	N	N	N	N	N	N	N	N	N	0.0001	0.0001	0.0000	0.0003	0.0003	0.0000	0.0000	0.0000	0.0000	0.0000	0.0000	0.0000	0.0000	0.0000	0.0000	0.0000	0.0000	0.0000	0.0020	0.0036	0.0000	0.0269	0.0295	0.0000	0.0000	0.0000	0.0000	0.0000	0.0004	-0.0000	-0.0001	1.0225	4.0025	14.4224	2.2111	0.0000	0.0000	0.0000	0.0000	0.0000	0.0000	0.0000	0.0000	0.0000	0.0003	0.0003	0.0000	0.0003	0.0003	0.0000	0.0000	0.0000	0.0000	0.0317	0.0275	0.0042	0.0009	0.0009	0.0000	0.0308	0.0266	0.0042	0.1399	0.0774	0.0625	0.0104	0.0095	0.0009	0.1295	0.0678	0.0616
4	74	0.0525	5	2	0	1	0	1	0	0	0	0	0	0	0	0	0	0	0	0	0	Y	N	N	N	N	N	N	N	N	N	N	N	N	N	N	N	N	N	0.0189	0.0061	0.5883	0.0234	0.0232	0.0000	0.0177	0.0000	0.5885	0.0110	0.0061	0.0509	0.0217	0.0218	0.0000	0.0073	0.0000	0.0513	0.5805	1.0027	0.0866	0.9300	0.9396	0.0121	0.4138	1.0944	0.0871	1.0000	0.0738	-0.0000	-0.0002	1.0225	0.0001	14.4224	0.0180	0.0000	0.0000	0.0000	0.0000	0.0000	0.0000	0.0000	0.0000	0.0000	0.0006	0.0005	0.0000	0.0003	0.0003	0.0000	0.0003	0.0002	0.0000	0.0000	0.0000	0.0000	0.0000	0.0000	0.0000	0.0000	0.0000	0.0000	0.0010	0.0005	0.0005	0.0003	0.0003	0.0000	0.0007	0.0002	0.0005
5	6	0.1062	16	1	0	0	0	0	0	0	0	0	1	1	2	0	0	0	0	0	0	N	N	N	N	N	Y	N	N	N	N	N	N	N	N	N	N	N	N	0.0000	0.0000	0.0000	0.0000	0.0000	0.0000	0.0000	0.0000	0.0000	0.0000	0.0000	0.0000	0.0000	0.0000	0.0000	0.0000	0.0000	0.0000	0.0000	0.0000	0.0000	0.0000	0.0000	0.0000	0.0000	0.0000	0.0000			0.0000	0.0000	1.9996	0.0000	2.0426	2.0096	0.0000	0.0000	0.0000	0.0000	0.0000	0.0000	0.0000	0.0000	0.0000	0.0000	0.0000	0.0000	0.0000	0.0000	0.0000	0.0000	0.0000	0.0000	0.0000	0.0000	0.0000	0.0000	0.0000	0.0000	0.0000	0.0000	0.0000	0.0117	0.0068	0.0050	0.0014	0.0012	0.0002	0.0104	0.0056	0.0048
5	8	0.1103	18	1	1	0	0	0	0	0	0	0	1	1	2	0	0	0	0	0	0	N	N	N	N	N	Y	N	N	N	N	N	N	N	N	N	N	N	N	0.0000	0.0000	0.0000	0.0000	0.0000	0.0000	0.0000	0.0000	0.0000	0.0000	0.0000	0.0000	0.0000	0.0000	0.0000	0.0000	0.0000	0.0000	0.0000	0.0000	0.0000	0.0000	0.0000	0.0000	0.0000	0.0000	0.0000			0.0000	0.0000	1.9996	0.0000	2.0426	6.0016	0.0000	0.0000	0.0000	0.0000	0.0000	0.0000	0.0000	0.0000	0.0000	0.0000	0.0000	0.0000	0.0000	0.0000	0.0000	0.0000	0.0000	0.0000	0.0000	0.0000	0.0000	0.0000	0.0000	0.0000	0.0000	0.0000	0.0000	0.0338	0.0194	0.0145	0.0038	0.0033	0.0006	0.0300	0.0161	0.0139
5	9	0.1103	17	1	1	0	0	0	1	0	0	0	1	1	2	0	0	0	0	0	0	N	N	N	N	N	Y	N	N	N	N	N	N	N	N	N	N	N	N	0.0000	0.0000	0.0000	0.0000	0.0000	0.0000	0.0000	0.0000	0.0000	0.0000	0.0000	0.0000	0.0000	0.0000	0.0000	0.0000	0.0000	0.0000	0.0000	0.0000	0.0000	0.0000	0.0000	0.0000	0.0000	0.0000	0.0000			0.0000	0.0000	1.9996	0.0000	2.0426	0.0034	0.0000	0.0000	0.0000	0.0000	0.0000	0.0000	0.0000	0.0000	0.0000	0.0000	0.0000	0.0000	0.0000	0.0000	0.0000	0.0000	0.0000	0.0000	0.0000	0.0000	0.0000	0.0000	0.0000	0.0000	0.0000	0.0000	0.0000	0.0001	0.0001	0.0000	0.0000	0.0000	0.0000	0.0000	0.0000	0.0000
5	11	0.1385	18	0	0	0	0	0	0	0	0	0	1	0	2	0	0	0	0	0	0	N	N	N	N	N	Y	N	N	N	N	N	N	N	N	N	N	N	N	0.0000	0.0000	0.0000	0.0000	0.0000	0.0000	0.0000	0.0000	0.0000	0.0000	0.0000	0.0000	0.0000	0.0000	0.0000	0.0000	0.0000	0.0000	0.0000	0.0000	0.0000	0.0000	0.0000	0.0000	0.0000	0.0000	0.0000			0.0000	0.0000	1.9996	0.9992	2.0426	0.9994	0.0000	0.0000	0.0000	0.0000	0.0000	0.0000	0.0000	0.0000	0.0000	0.0000	0.0000	0.0000	0.0000	0.0000	0.0000	0.0000	0.0000	0.0000	0.0152	0.0132	0.0020	0.0012	0.0011	0.0001	0.0140	0.0121	0.0019	0.0113	0.0066	0.0046	0.0021	0.0017	0.0004	0.0092	0.0049	0.0043
5	22	0.0942	7	0	0	1	0	0	0	1	0	0	2	0	2	0	0	0	0	0	0	N	N	N	N	N	Y	N	N	N	N	N	N	N	N	N	N	N	N	0.0000	0.0000	0.0000	0.0000	0.0000	0.0000	0.0000	0.0000	0.0000	0.0000	0.0000	0.0000	0.0000	0.0000	0.0000	0.0000	0.0000	0.0000	0.0000	0.0000	0.0000	0.0001	0.0001	0.0000	0.0000	0.0000	0.0000		0.0781	0.0000	-0.0000	1.9996	1.9867	2.0426	2.0019	0.0000	0.0000	0.0000	0.0000	0.0000	0.0000	0.0000	0.0000	0.0000	0.0000	0.0000	0.0000	0.0000	0.0000	0.0000	0.0000	0.0000	0.0000	0.0287	0.0250	0.0037	0.0016	0.0015	0.0001	0.0270	0.0234	0.0036	0.0222	0.0129	0.0093	0.0031	0.0027	0.0005	0.0191	0.0102	0.0089
5	33	0.1077	17	1	0	0	1	0	0	0	1	0	1	1	2	0	0	0	0	0	0	N	N	N	N	N	Y	N	N	N	N	N	N	N	N	N	N	N	N	0.0002	0.0000	inf	0.0000	0.0000	0.0000	21.2946	0.0000	inf	0.0000	0.0000	0.0001	0.0000	0.0000	0.0000	0.0000	0.0000	0.0001	0.0744	0.1305	0.0000	0.8359	0.9759	0.0000	0.0000	0.0000	0.0000	inf	0.0000	0.0000	-0.0010	1.9996	1.0004	2.0426	4.0090	0.0000	0.0000	0.0000	0.0000	0.0000	0.0000	0.0000	0.0000	0.0000	0.0020	0.0020	0.0000	0.0020	0.0020	0.0000	0.0000	0.0000	0.0000	0.0144	0.0126	0.0018	0.0013	0.0012	0.0001	0.0131	0.0114	0.0018	0.0266	0.0152	0.0114	0.0024	0.0020	0.0003	0.0243	0.0131	0.0111
5	34	0.1126	18	1	0	0	0	0	0	0	0	0	1	1	2	0	0	0	0	0	0	N	N	N	N	N	Y	N	N	N	N	N	N	N	N	N	N	N	N	0.0001	0.0000	0.0000	0.0000	0.0000	0.0000	0.0000	0.0000	0.0000	0.0000	0.0000	0.0000	0.0001	0.0001	0.0000	0.0000	0.0000	0.0000	0.3732	0.6553	0.0000	3.9553	4.6056	0.0000	0.0000	0.0000	0.0000	0.0000	0.0000	-0.0000	-0.0091	1.9996	0.8079	2.0426	8.0263	0.0000	0.0000	0.0000	0.0000	0.0000	0.0000	0.0000	0.0000	0.0000	0.0184	0.0184	0.0000	0.0184	0.0184	0.0000	0.0000	0.0000	0.0000	0.0198	0.0176	0.0022	0.0049	0.0049	0.0001	0.0148	0.0127	0.0021	0.0494	0.0281	0.0213	0.0047	0.0040	0.0007	0.0447	0.0241	0.0206
5	35	0.1033	14	1	0	1	1	0	0	0	1	0	1	1	2	0	0	0	0	0	0	N	N	N	N	N	Y	N	N	N	N	N	N	N	N	N	N	N	N	0.0000	0.0000	0.0000	0.0000	0.0000	0.0000	0.0000	0.0000	0.0000	0.0000	0.0000	0.0000	0.0000	0.0000	0.0000	0.0000	0.0000	0.0000	0.0000	0.0000	0.0000	0.0000	0.0000	0.0000	0.0000	0.0000	0.0000			0.0000	0.0000	1.9996	0.0027	2.0426	3.0058	0.0000	0.0000	0.0000	0.0000	0.0000	0.0000	0.0000	0.0000	0.0000	0.0000	0.0000	0.0000	0.0000	0.0000	0.0000	0.0000	0.0000	0.0000	0.0001	0.0001	0.0000	0.0001	0.0001	0.0000	0.0001	0.0001	0.0000	0.0166	0.0094	0.0072	0.0017	0.0014	0.0002	0.0150	0.0080	0.0070
5	36	0.1033	14	1	0	1	0	0	0	0	0	0	1	1	2	0	0	0	0	0	0	N	N	N	N	N	Y	N	N	N	N	N	N	N	N	N	N	N	N	0.0000	0.0000	0.0000	0.0000	0.0000	0.0000	0.0000	0.0000	0.0000	0.0000	0.0000	0.0000	0.0000	0.0000	0.0000	0.0000	0.0000	0.0000	0.0000	0.0000	0.0000	0.0001	0.0000	0.0005	0.0000	0.0000	0.0000		inf	0.0000	0.0000	1.9996	1.0024	2.0426	3.0051	0.0000	0.0000	0.0000	0.0000	0.0000	0.0000	0.0000	0.0000	0.0000	0.0000	0.0000	0.0000	0.0000	0.0000	0.0000	0.0000	0.0000	0.0000	0.0151	0.0131	0.0019	0.0016	0.0015	0.0001	0.0135	0.0117	0.0018	0.0220	0.0125	0.0095	0.0022	0.0019	0.0003	0.0198	0.0106	0.0092
5	37	0.0949	13	1	0	1	0	0	0	1	0	1	2	1	2	0	0	0	0	0	0	N	N	N	N	N	Y	N	N	N	N	N	N	N	N	N	N	N	N	1.8091	1.1699	0.0000	2.0719	1.9506	0.0000	0.0000	0.0000	0.0000	0.0000	0.0000	0.0000	0.0002	0.0002	0.0000	0.0000	0.0000	0.0000	0.0000	0.0000	0.0000	0.0001	0.0001	0.0000	0.0000	0.0000	0.0000	0.0000	0.0000	-0.0000	-0.0000	1.9996	1.9948	2.0426	1.9571	0.0000	0.0000	0.0000	0.0000	0.0000	0.0000	0.0000	0.0000	0.0000	0.0000	0.0000	0.0000	0.0000	0.0000	0.0000	0.0000	0.0000	0.0000	0.0302	0.0263	0.0039	0.0026	0.0024	0.0002	0.0276	0.0238	0.0037	0.0228	0.0129	0.0100	0.0023	0.0020	0.0003	0.0206	0.0109	0.0097
5	44	0.0993	15	1	0	1	0	0	0	1	0	0	1	0	2	0	0	0	0	0	0	N	N	N	N	N	Y	N	N	N	N	N	N	N	N	N	N	N	N	inf	0.0000	inf	0.0000	0.0000	0.0000	inf	0.0000	inf	0.0000	0.0000	0.0000	0.0000	0.0000	0.0000	0.0000	0.0000	0.0000	0.0000	0.0000	0.0000	0.0000	0.0000	0.0000	0.0000	0.0000	0.0000	inf		0.0000	0.0000	1.9996	6.0042	2.0426	9.9410	0.0000	0.0000	0.0000	0.0000	0.0000	0.0000	0.0000	0.0000	0.0000	0.0000	0.0000	0.0000	0.0000	0.0000	0.0000	0.0000	0.0000	0.0000	0.0905	0.0789	0.0117	0.0073	0.0067	0.0005	0.0833	0.0721	0.0111	0.0872	0.0494	0.0378	0.0077	0.0066	0.0011	0.0795	0.0428	0.0367
5	45	0.1126	18	1	0	0	0	0	0	0	0	0	1	1	2	0	0	0	0	0	0	N	N	N	N	N	Y	N	N	N	N	N	N	N	N	N	N	N	N	0.0185	inf	0.0000	0.0104	inf	0.0000	0.0000	0.0000	0.0000	0.0000	0.0000	0.0000	0.0001	0.0001	0.0000	0.0000	0.0000	0.0000	0.0007	0.0000	0.0016	0.0069	0.0000	0.0506	0.0000	0.0000	0.0000	0.0000	inf	-0.0000	0.0000	1.9996	1.9986	2.0426	3.0240	0.0000	0.0000	0.0000	0.0000	0.0000	0.0000	0.0000	0.0000	0.0000	0.0000	0.0000	0.0000	0.0000	0.0000	0.0000	0.0000	0.0000	0.0000	0.0377	0.0332	0.0045	0.0066	0.0064	0.0002	0.0310	0.0267	0.0043	0.0287	0.0164	0.0123	0.0028	0.0024	0.0004	0.0259	0.0140	0.0119
5	46	0.1077	17	1	0	0	0	0	0	0	0	0	1	1	2	0	0	0	0	0	0	N	N	N	N	N	Y	N	N	N	N	N	N	N	N	N	N	N	N	19.5940	13.0432	0.0000	19.9106	18.7130	0.0000	0.0000	0.0000	0.0000	0.0306	0.0351	0.0000	0.3384	0.3635	0.0000	0.0000	0.0000	0.0000	0.0016	0.0027	0.0001	0.0170	0.0194	0.0018	0.0000	0.0000	0.0000	0.0000	0.0160	-0.0003	-0.0000	1.9996	1.1966	2.0426	1.0046	0.0006	0.0006	0.0000	0.0006	0.0006	0.0000	0.0000	0.0000	0.0000	0.0000	0.0000	0.0000	0.0000	0.0000	0.0000	0.0000	0.0000	0.0000	0.0186	0.0162	0.0024	0.0017	0.0016	0.0001	0.0169	0.0146	0.0023	0.0128	0.0073	0.0055	0.0012	0.0010	0.0002	0.0117	0.0063	0.0053
5	47	0.1056	16	1	0	0	0	0	0	0	0	1	2	1	2	0	0	0	0	0	0	N	N	N	N	N	Y	N	N	N	N	N	N	N	N	N	N	N	N	44.5886	19.3565	inf	11.2693	10.4463	0.0000	inf	0.0000	inf	0.0020	0.0016	0.0046	0.0037	0.0037	0.0000	0.0011	0.0000	0.0047	0.0000	0.0001	0.0000	0.0003	0.0004	0.0000	0.0000	0.0000	0.0000	0.5365	0.0009	-0.0000	-0.0000	1.9996	0.0039	2.0426	1.0628	0.0000	0.0000	0.0000	0.0000	0.0000	0.0000	0.0000	0.0000	0.0000	0.0000	0.0000	0.0000	0.0000	0.0000	0.0000	0.0000	0.0000	0.0000	0.0002	0.0001	0.0000	0.0001	0.0001	0.0000	0.0001	0.0001	0.0000	0.0069	0.0039	0.0030	0.0010	0.0009	0.0001	0.0060	0.0030	0.0029
5	57	0.1103	17	1	0	1	0	0	0	1	0	0	1	1	2	0	0	0	0	0	0	N	N	N	N	N	Y	N	N	N	N	N	N	N	N	N	N	N	N	0.0000	0.0000	0.0000	0.0000	0.0000	0.0000	0.0000	0.0000	0.0000	0.0000	0.0000	0.0000	0.0000	0.0000	0.0000	0.0000	0.0000	0.0000	0.0000	0.0000	0.0000	0.0000	0.0000	0.0000	0.0000	0.0000	0.0000			0.0000	0.0000	1.9996	1.0000	2.0426	4.9984	0.0000	0.0000	0.0000	0.0000	0.0000	0.0000	0.0000	0.0000	0.0000	0.0000	0.0000	0.0000	0.0000	0.0000	0.0000	0.0000	0.0000	0.0000	0.0153	0.0133	0.0020	0.0012	0.0011	0.0001	0.0141	0.0122	0.0019	0.0338	0.0194	0.0144	0.0038	0.0033	0.0006	0.0300	0.0161	0.0139
5	58	0.1062	16	1	0	0	0	0	0	0	0	0	1	1	2	0	0	0	0	0	0	N	N	N	N	N	Y	N	N	N	N	N	N	N	N	N	N	N	N	0.0000	0.0000	0.0000	0.0000	0.0000	0.0000	0.0000	0.0000	0.0000	0.0000	0.0000	0.0000	0.0000	0.0000	0.0000	0.0000	0.0000	0.0000	0.0000	0.0000	0.0000	0.0000	0.0000	0.0000	0.0000	0.0000	0.0000			0.0000	0.0000	1.9996	0.0000	2.0426	2.0010	0.0000	0.0000	0.0000	0.0000	0.0000	0.0000	0.0000	0.0000	0.0000	0.0000	0.0000	0.0000	0.0000	0.0000	0.0000	0.0000	0.0000	0.0000	0.0000	0.0000	0.0000	0.0000	0.0000	0.0000	0.0000	0.0000	0.0000	0.0117	0.0067	0.0050	0.0014	0.0012	0.0002	0.0103	0.0056	0.0048
5	59	0.0993	15	1	0	0	0	0	0	0	0	1	1	1	2	0	0	0	0	0	0	N	N	N	N	N	Y	N	N	N	N	N	N	N	N	N	N	N	N	inf	0.0000	inf	0.0000	0.0000	0.0000	inf	0.0000	inf	0.0000	0.0000	0.0002	0.0000	0.0000	0.0000	0.0000	0.0000	0.0002	0.0000	0.0000	0.0000	0.0000	0.0000	0.0000	0.0000	0.0000	0.0000	inf		0.0000	0.0000	1.9996	0.0042	2.0426	3.0766	0.0000	0.0000	0.0000	0.0000	0.0000	0.0000	0.0000	0.0000	0.0000	0.0000	0.0000	0.0000	0.0000	0.0000	0.0000	0.0000	0.0000	0.0000	0.0002	0.0002	0.0000	0.0001	0.0001	0.0000	0.0001	0.0001	0.0000	0.0182	0.0102	0.0079	0.0019	0.0016	0.0002	0.0163	0.0086	0.0077
5	60	0.0993	14	1	0	0	0	0	0	0	0	0	2	0	2	0	0	0	0	0	0	N	N	N	N	N	Y	N	N	N	N	N	N	N	N	N	N	N	N	inf	inf	inf	inf	inf	0.0000	inf	0.0000	inf	0.0001	0.0000	0.0003	0.0001	0.0001	0.0000	0.0001	0.0000	0.0003	0.0000	0.0000	0.0000	0.0000	0.0000	0.0000	0.0000	0.0000	0.0000	2.0000		0.0000	0.0000	1.9996	0.0086	2.0426	0.1203	0.0000	0.0000	0.0000	0.0000	0.0000	0.0000	0.0000	0.0000	0.0000	0.0000	0.0000	0.0000	0.0000	0.0000	0.0000	0.0000	0.0000	0.0000	0.0003	0.0002	0.0000	0.0001	0.0001	0.0000	0.0002	0.0002	0.0000	0.0015	0.0008	0.0007	0.0005	0.0004	0.0000	0.0011	0.0004	0.0007
5	65	0.0976	10	0	0	0	0	0	0	0	0	0	2	0	2	0	0	0	0	0	0	N	N	N	N	N	Y	N	N	N	N	N	N	N	N	N	N	N	N	0.0000	0.0000	0.0000	0.0000	0.0000	0.0000	0.0000	0.0000	0.0000	0.0000	0.0000	0.0000	0.0000	0.0000	0.0000	0.0000	0.0000	0.0000	0.0000	0.0000	0.0000	0.0000	0.0000	0.0000	0.0000	0.0000	0.0000			0.0000	-0.0000	1.9996	3.0012	2.0426	1.7329	0.0000	0.0000	0.0000	0.0000	0.0000	0.0000	0.0000	0.0000	0.0000	0.0000	0.0000	0.0000	0.0000	0.0000	0.0000	0.0000	0.0000	0.0000	0.0448	0.0390	0.0058	0.0031	0.0029	0.0002	0.0416	0.0361	0.0056	0.0313	0.0191	0.0122	0.0051	0.0045	0.0006	0.0261	0.0145	0.0116
5	81	0.1364	15	0	0	0	0	0	0	0	0	0	2	0	2	0	0	0	0	0	0	N	N	N	N	N	Y	N	N	N	N	N	N	N	N	N	N	N	N	0.0000	0.0000	0.0000	0.0000	0.0000	0.0000	0.0000	0.0000	0.0000	0.0000	0.0000	0.0000	0.0000	0.0000	0.0000	0.0000	0.0000	0.0000	0.0000	0.0000	0.0000	0.0000	0.0000	0.0000	0.0000	0.0000	0.0000			0.0000	0.0000	1.9996	0.0000	2.0426	2.0000	0.0000	0.0000	0.0000	0.0000	0.0000	0.0000	0.0000	0.0000	0.0000	0.0000	0.0000	0.0000	0.0000	0.0000	0.0000	0.0000	0.0000	0.0000	0.0000	0.0000	0.0000	0.0000	0.0000	0.0000	0.0000	0.0000	0.0000	0.0112	0.0065	0.0046	0.0020	0.0017	0.0004	0.0091	0.0049	0.0043
5	82	0.1385	18	0	0	0	0	0	0	0	0	0	1	0	2	0	0	0	0	0	0	N	N	N	N	N	Y	N	N	N	N	N	N	N	N	N	N	N	N	0.0000	0.0000	0.0000	0.0000	0.0000	0.0000	0.0000	0.0000	0.0000	0.0000	0.0000	0.0000	0.0000	0.0000	0.0000	0.0000	0.0000	0.0000	0.0000	0.0000	0.0000	0.0000	0.0000	0.0000	0.0000	0.0000	0.0000			0.0000	0.0000	1.9996	1.0008	2.0426	3.0055	0.0000	0.0000	0.0000	0.0000	0.0000	0.0000	0.0000	0.0000	0.0000	0.0000	0.0000	0.0000	0.0000	0.0000	0.0000	0.0000	0.0000	0.0000	0.0152	0.0132	0.0020	0.0012	0.0011	0.0001	0.0140	0.0121	0.0019	0.0223	0.0131	0.0092	0.0041	0.0034	0.0007	0.0182	0.0097	0.0085
5	83	0.1364	17	0	0	0	0	0	0	0	0	0	2	0	2	0	0	0	0	0	0	N	N	N	N	N	Y	N	N	N	N	N	N	N	N	N	N	N	N	0.0000	0.0000	0.0000	0.0000	0.0000	0.0000	0.0000	0.0000	0.0000	0.0000	0.0000	0.0000	0.0000	0.0000	0.0000	0.0000	0.0000	0.0000	0.0000	0.0000	0.0000	0.0000	0.0000	0.0000	0.0000	0.0000	0.0000			0.0000	0.0000	1.9996	0.0009	2.0426	1.0031	0.0000	0.0000	0.0000	0.0000	0.0000	0.0000	0.0000	0.0000	0.0000	0.0000	0.0000	0.0000	0.0000	0.0000	0.0000	0.0000	0.0000	0.0000	0.0000	0.0000	0.0000	0.0000	0.0000	0.0000	0.0000	0.0000	0.0000	0.0056	0.0033	0.0023	0.0010	0.0008	0.0002	0.0046	0.0024	0.0021
5	85	0.1364	16	0	0	0	0	0	0	0	0	0	2	0	2	0	0	0	0	0	0	N	N	N	N	N	Y	N	N	N	N	N	N	N	N	N	N	N	N	0.0000	0.0000	0.0000	0.0000	0.0000	0.0000	0.0000	0.0000	0.0000	0.0000	0.0000	0.0000	0.0000	0.0000	0.0000	0.0000	0.0000	0.0000	0.0000	0.0000	0.0000	0.0000	0.0000	0.0000	0.0000	0.0000	0.0000			0.0000	0.0000	1.9996	0.0000	2.0426	0.0000	0.0000	0.0000	0.0000	0.0000	0.0000	0.0000	0.0000	0.0000	0.0000	0.0000	0.0000	0.0000	0.0000	0.0000	0.0000	0.0000	0.0000	0.0000	0.0000	0.0000	0.0000	0.0000	0.0000	0.0000	0.0000	0.0000	0.0000	0.0000	0.0000	0.0000	0.0000	0.0000	0.0000	0.0000	0.0000	0.0000
6	7	0.0905	14	1	0	1	0	0	0	0	0	0	0	2	1	0	0	0	0	0	0	N	N	N	N	Y	N	N	N	N	N	N	N	N	N	N	N	N	N	0.0000	0.0000	0.0000	0.0000	0.0000	0.0000	0.0000	0.0000	0.0000	0.0000	0.0000	0.0000	0.0000	0.0000	0.0000	0.0000	0.0000	0.0000	0.0000	0.0000	0.0000	0.0000	0.0000	0.0000	0.0000	0.0000	0.0000			0.0000	0.0000	0.0000	0.0002	2.0096	0.0000	0.0000	0.0000	0.0000	0.0000	0.0000	0.0000	0.0000	0.0000	0.0000	0.0000	0.0000	0.0000	0.0000	0.0000	0.0000	0.0000	0.0000	0.0000	0.0000	0.0000	0.0000	0.0000	0.0000	0.0000	0.0000	0.0000	0.0000	0.0000	0.0000	0.0000	0.0000	0.0000	0.0000	0.0000	0.0000	0.0000
6	8	0.0084	3	2	1	0	0	0	0	0	0	0	0	2	2	0	0	0	0	0	0	Y	N	N	N	Y	Y	N	N	N	N	N	N	N	N	N	N	N	N	0.0000	0.0000	0.0000	0.0000	0.0000	0.0000	0.0000	0.0000	0.0000	0.0000	0.0000	0.0000	0.0000	0.0000	0.0000	0.0000	0.0000	0.0000	0.0003	0.0000	0.0007	0.0002	0.0002	0.0000	0.0003	0.0000	0.0007		65.9525	0.0000	0.0000	0.0000	0.0000	2.0096	6.0016	0.0000	0.0000	0.0000	0.0000	0.0000	0.0000	0.0000	0.0000	0.0000	0.0000	0.0000	0.0000	0.0000	0.0000	0.0000	0.0000	0.0000	0.0000	0.0000	0.0000	0.0000	0.0000	0.0000	0.0000	0.0000	0.0000	0.0000	0.0180	0.0098	0.0082	0.0006	0.0006	0.0000	0.0174	0.0092	0.0082
6	9	0.0084	2	2	1	0	0	0	1	0	0	0	0	2	2	0	0	0	0	0	0	Y	N	N	N	Y	Y	N	N	N	N	N	N	N	N	N	N	N	N	0.0000	0.0000	0.0000	0.0000	0.0000	0.0000	0.0000	0.0000	0.0000	0.0000	0.0000	0.0000	0.0000	0.0000	0.0000	0.0000	0.0000	0.0000	0.1861	0.1490	0.2437	0.2131	0.2132	0.0000	0.1662	0.0000	0.2437		1.0562	0.0000	0.0000	0.0000	0.0000	2.0096	0.0034	0.0000	0.0000	0.0000	0.0000	0.0000	0.0000	0.0000	0.0000	0.0000	0.0000	0.0000	0.0000	0.0000	0.0000	0.0000	0.0000	0.0000	0.0000	0.0000	0.0000	0.0000	0.0000	0.0000	0.0000	0.0000	0.0000	0.0000	0.0001	0.0000	0.0000	0.0000	0.0000	0.0000	0.0000	0.0000	0.0000
6	10	0.0237	6	2	0	1	0	0	0	0	0	0	0	2	1	0	0	0	0	0	0	Y	N	N	N	Y	N	N	N	N	N	N	N	N	N	N	N	N	N	0.0000	0.0000	0.0000	0.0000	0.0000	0.0000	0.0000	0.0000	0.0000	0.0000	0.0000	0.0000	0.0000	0.0000	0.0000	0.0000	0.0000	0.0000	0.1765	0.3054	0.0000	1.7216	1.8493	0.0000	0.0000	0.0000	0.0000		0.0000	0.0000	-0.0022	0.0000	0.8668	2.0096	6.8776	0.0000	0.0000	0.0000	0.0000	0.0000	0.0000	0.0000	0.0000	0.0000	0.0044	0.0044	0.0000	0.0044	0.0044	0.0000	0.0000	0.0000	0.0000	0.0000	0.0000	0.0000	0.0000	0.0000	0.0000	0.0000	0.0000	0.0000	0.0252	0.0146	0.0106	0.0026	0.0024	0.0002	0.0226	0.0122	0.0105
6	11	0.0932	17	1	0	0	0	0	0	0	0	0	0	1	2	0	0	0	0	0	0	N	N	N	N	N	Y	N	N	N	N	N	N	N	N	N	N	N	N	0.0000	0.0000	0.0000	0.0000	0.0000	0.0000	0.0000	0.0000	0.0000	0.0000	0.0000	0.0000	0.0000	0.0000	0.0000	0.0000	0.0000	0.0000	0.0000	0.0000	0.0000	0.0000	0.0000	0.0000	0.0000	0.0000	0.0000			0.0000	0.0000	0.0000	0.9992	2.0096	0.9994	0.0000	0.0000	0.0000	0.0000	0.0000	0.0000	0.0000	0.0000	0.0000	0.0000	0.0000	0.0000	0.0000	0.0000	0.0000	0.0000	0.0000	0.0000	0.0000	0.0000	0.0000	0.0000	0.0000	0.0000	0.0000	0.0000	0.0000	0.0056	0.0033	0.0024	0.0008	0.0007	0.0001	0.0048	0.0026	0.0023
6	15	0.0391	8	2	0	1	0	0	0	0	0	1	0	2	1	0	0	0	0	0	0	Y	N	N	N	Y	N	N	N	N	N	N	N	N	N	N	N	N	N	0.0000	0.0000	0.0000	0.0000	0.0000	0.0000	0.0000	0.0000	0.0000	0.0000	0.0000	0.0000	0.0000	0.0000	0.0000	0.0000	0.0000	0.0000	0.0000	0.0000	0.0000	0.0001	0.0001	0.0000	0.0000	0.0000	0.0000		0.0000	0.0000	-0.0000	0.0000	2.9875	2.0096	6.8646	0.0000	0.0000	0.0000	0.0000	0.0000	0.0000	0.0000	0.0000	0.0000	0.0000	0.0000	0.0000	0.0000	0.0000	0.0000	0.0000	0.0000	0.0000	0.0000	0.0000	0.0000	0.0000	0.0000	0.0000	0.0000	0.0000	0.0000	0.0294	0.0165	0.0128	0.0022	0.0021	0.0001	0.0271	0.0144	0.0127
6	16	0.0630	14	2	0	1	0	0	0	0	0	0	0	1	1	0	0	0	0	0	0	Y	N	N	N	N	N	N	N	N	N	N	N	N	N	N	N	N	N	0.0000	0.0000	0.0000	0.0000	0.0000	0.0000	0.0000	0.0000	0.0000	0.0000	0.0000	0.0000	0.0000	0.0000	0.0000	0.0000	0.0000	0.0000	0.0000	0.0000	0.0000	0.0000	0.0000	0.0000	0.0000	0.0000	0.0000			0.0000	0.0000	0.0000	0.0003	2.0096	4.3365	0.0000	0.0000	0.0000	0.0000	0.0000	0.0000	0.0000	0.0000	0.0000	0.0000	0.0000	0.0000	0.0000	0.0000	0.0000	0.0000	0.0000	0.0000	0.0000	0.0000	0.0000	0.0000	0.0000	0.0000	0.0000	0.0000	0.0000	0.0145	0.0087	0.0058	0.0021	0.0020	0.0001	0.0124	0.0067	0.0057
6	17	0.0237	6	2	0	1	0	0	0	0	0	0	0	2	1	0	0	0	0	0	0	Y	N	N	N	Y	N	N	N	N	N	N	N	N	N	N	N	N	N	51.0061	inf	0.0000	246.1435	inf	0.0000	0.0000	0.0000	0.0000	0.4506	0.8465	0.0000	0.9169	0.9189	0.0000	0.0000	0.0000	0.0000	0.0088	0.0000	0.0208	0.0037	0.0000	0.0530	0.0094	0.0000	0.0203	0.0000	inf	-0.0000	0.0001	0.0000	2.7647	2.0096	5.8236	0.0000	0.0000	0.0000	0.0000	0.0000	0.0000	0.0000	0.0000	0.0000	0.0002	0.0000	0.0002	0.0000	0.0000	0.0000	0.0002	0.0000	0.0002	0.0000	0.0000	0.0000	0.0000	0.0000	0.0000	0.0000	0.0000	0.0000	0.0275	0.0159	0.0117	0.0027	0.0025	0.0002	0.0249	0.0134	0.0115
6	18	0.0178	5	2	0	1	0	0	0	1	0	1	0	2	1	0	0	0	0	0	0	Y	N	N	N	Y	N	N	N	N	N	N	N	N	N	N	N	N	N	145.8636	129.2841	220.3653	12.9965	12.0626	901.3203	442.2207	3618.3207	218.9363	0.5326	0.6801	0.3752	0.7085	0.7090	0.4708	0.3597	0.0184	0.3750	0.0037	0.0053	0.0017	0.0545	0.0588	0.0005	0.0008	0.0000	0.0017	0.5168	0.2672	-0.0000	-0.0000	0.0000	1.3564	2.0096	1.3957	0.0000	0.0000	0.0000	0.0000	0.0000	0.0000	0.0000	0.0000	0.0000	0.0000	0.0000	0.0000	0.0000	0.0000	0.0000	0.0000	0.0000	0.0000	0.0000	0.0000	0.0000	0.0000	0.0000	0.0000	0.0000	0.0000	0.0000	0.0083	0.0045	0.0037	0.0004	0.0004	0.0000	0.0078	0.0041	0.0037
6	19	0.0630	14	2	0	1	0	0	0	0	0	0	0	1	1	0	0	0	0	0	0	Y	N	N	N	N	N	N	N	N	N	N	N	N	N	N	N	N	N	0.0000	0.0000	0.0000	0.0000	0.0000	0.0000	0.0000	0.0000	0.0000	0.0000	0.0000	0.0000	0.0000	0.0000	0.0000	0.0000	0.0000	0.0000	0.0000	0.0000	0.0000	0.0000	0.0000	0.0000	0.0000	0.0000	0.0000		0.0000	0.0000	-0.0000	0.0000	2.8857	2.0096	5.7708	0.0000	0.0000	0.0000	0.0000	0.0000	0.0000	0.0000	0.0000	0.0000	0.0000	0.0000	0.0000	0.0000	0.0000	0.0000	0.0000	0.0000	0.0000	0.0000	0.0000	0.0000	0.0000	0.0000	0.0000	0.0000	0.0000	0.0000	0.0260	0.0151	0.0109	0.0030	0.0027	0.0002	0.0231	0.0124	0.0107
6	20	0.0607	13	2	0	1	0	1	0	1	0	0	0	1	1	0	0	0	0	0	0	Y	N	N	N	N	N	N	N	N	N	N	N	N	N	N	N	N	N	0.0000	0.0000	0.0000	0.0000	0.0000	0.0000	0.0000	0.0000	0.0000	0.0000	0.0000	0.0000	0.0000	0.0000	0.0000	0.0000	0.0000	0.0000	0.0000	0.0000	0.0000	0.0000	0.0000	0.0000	0.0000	0.0000	0.0000		0.0000	0.0000	-0.0000	0.0000	0.1176	2.0096	1.3493	0.0000	0.0000	0.0000	0.0000	0.0000	0.0000	0.0000	0.0000	0.0000	0.0000	0.0000	0.0000	0.0000	0.0000	0.0000	0.0000	0.0000	0.0000	0.0000	0.0000	0.0000	0.0000	0.0000	0.0000	0.0000	0.0000	0.0000	0.0061	0.0040	0.0021	0.0013	0.0012	0.0000	0.0048	0.0027	0.0021
6	21	0.0174	5	2	0	1	0	0	0	1	0	0	0	1	1	0	0	0	0	0	0	Y	N	N	N	N	N	N	N	N	N	N	N	N	N	N	N	N	N	0.0000	0.0000	0.0000	0.0000	0.0000	0.0000	0.0000	0.0000	0.0000	0.0000	0.0000	0.0000	0.0000	0.0000	0.0000	0.0000	0.0000	0.0000	31.8257	57.4011	0.0000	4.2879	4.7104	0.0000	33.3308	62.3014	0.0000		0.0000	0.0000	-0.4962	0.0000	4.0000	2.0096	6.9517	0.0000	0.0000	0.0000	0.0000	0.0000	0.0000	0.0000	0.0000	0.0000	1.0020	1.0020	0.0000	0.0070	0.0070	0.0000	0.9950	0.9950	0.0000	0.0000	0.0000	0.0000	0.0000	0.0000	0.0000	0.0000	0.0000	0.0000	0.0315	0.0175	0.0140	0.0016	0.0015	0.0001	0.0299	0.0160	0.0139
6	22	0.1006	16	1	0	1	0	0	0	1	0	0	1	1	2	0	0	0	0	0	0	N	N	N	N	N	Y	N	N	N	N	N	N	N	N	N	N	N	N	0.0000	0.0000	0.0000	0.0000	0.0000	0.0000	0.0000	0.0000	0.0000	0.0000	0.0000	0.0000	0.0000	0.0000	0.0000	0.0000	0.0000	0.0000	0.0002	0.0003	0.0000	0.0011	0.0013	0.0000	0.0000	0.0000	0.0000		0.0000	0.0000	-0.0000	0.0000	1.9867	2.0096	2.0019	0.0000	0.0000	0.0000	0.0000	0.0000	0.0000	0.0000	0.0000	0.0000	0.0000	0.0000	0.0000	0.0000	0.0000	0.0000	0.0000	0.0000	0.0000	0.0000	0.0000	0.0000	0.0000	0.0000	0.0000	0.0000	0.0000	0.0000	0.0109	0.0064	0.0045	0.0018	0.0015	0.0003	0.0091	0.0048	0.0042
6	25	0.0406	9	2	0	1	0	0	0	0	0	0	0	1	1	0	0	0	0	0	0	Y	N	N	N	N	N	N	N	N	N	N	N	N	N	N	N	N	N	0.0000	0.0000	0.0000	0.0000	0.0000	0.0000	0.0000	0.0000	0.0000	0.0000	0.0000	0.0000	0.0000	0.0000	0.0000	0.0000	0.0000	0.0000	0.0000	0.0000	0.0000	0.0000	0.0000	0.0000	0.0000	0.0000	0.0000		0.0000	0.0000	-0.0000	0.0000	5.0123	2.0096	5.9631	0.0000	0.0000	0.0000	0.0000	0.0000	0.0000	0.0000	0.0000	0.0000	0.0000	0.0000	0.0000	0.0000	0.0000	0.0000	0.0000	0.0000	0.0000	0.0000	0.0000	0.0000	0.0000	0.0000	0.0000	0.0000	0.0000	0.0000	0.0331	0.0186	0.0145	0.0028	0.0026	0.0001	0.0303	0.0160	0.0144
6	26	0.0799	13	2	0	1	0	1	0	0	0	0	0	2	1	0	0	0	0	0	0	Y	N	N	N	Y	N	N	N	N	N	N	N	N	N	N	N	N	N	0.0000	0.0000	0.0000	0.0000	0.0000	0.0000	0.0000	0.0000	0.0000	0.0000	0.0000	0.0000	0.0000	0.0000	0.0000	0.0000	0.0000	0.0000	0.0000	0.0000	0.0000	0.0000	0.0000	0.0000	0.0000	0.0000	0.0000			0.0000	-0.0000	0.0000	0.0003	2.0096	1.9853	0.0000	0.0000	0.0000	0.0000	0.0000	0.0000	0.0000	0.0000	0.0000	0.0000	0.0000	0.0000	0.0000	0.0000	0.0000	0.0000	0.0000	0.0000	0.0000	0.0000	0.0000	0.0000	0.0000	0.0000	0.0000	0.0000	0.0000	0.0058	0.0033	0.0024	0.0009	0.0008	0.0001	0.0049	0.0026	0.0023
6	29	0.0500	12	2	0	1	0	0	0	0	0	1	0	2	1	0	0	0	0	0	0	Y	N	N	N	Y	N	N	N	N	N	N	N	N	N	N	N	N	N	0.0000	0.0000	0.0000	0.0000	0.0000	0.0000	0.0000	0.0000	0.0000	0.0000	0.0000	0.0000	0.0000	0.0000	0.0000	0.0000	0.0000	0.0000	0.0071	0.0000	0.0162	0.0034	0.0000	0.0305	0.0075	0.0000	0.0159		11885.7973	0.0000	0.0002	0.0000	4.0221	2.0096	17.8334	0.0000	0.0000	0.0000	0.0000	0.0000	0.0000	0.0000	0.0000	0.0000	0.0004	0.0000	0.0004	0.0000	0.0000	0.0000	0.0004	0.0000	0.0004	0.0000	0.0000	0.0000	0.0000	0.0000	0.0000	0.0000	0.0000	0.0000	0.0623	0.0351	0.0271	0.0060	0.0053	0.0007	0.0563	0.0298	0.0265
6	30	0.0423	11	2	0	1	0	1	0	1	0	0	0	1	1	0	0	0	0	0	0	Y	N	N	N	N	N	N	N	N	N	N	N	N	N	N	N	N	N	0.0000	0.0000	0.0000	0.0000	0.0000	0.0000	0.0000	0.0000	0.0000	0.0000	0.0000	0.0000	0.0000	0.0000	0.0000	0.0000	0.0000	0.0000	0.0000	0.0000	0.0001	0.0001	0.0000	0.0001	0.0000	0.0000	0.0000		2.3751	0.0000	0.0000	0.0000	0.9816	2.0096	3.4928	0.0000	0.0000	0.0000	0.0000	0.0000	0.0000	0.0000	0.0000	0.0000	0.0000	0.0000	0.0000	0.0000	0.0000	0.0000	0.0000	0.0000	0.0000	0.0000	0.0000	0.0000	0.0000	0.0000	0.0000	0.0000	0.0000	0.0000	0.0144	0.0079	0.0065	0.0016	0.0015	0.0001	0.0128	0.0065	0.0064
6	33	0.0194	6	2	0	0	1	0	0	0	1	0	0	2	2	0	0	0	0	0	0	Y	N	N	N	Y	Y	N	N	N	N	N	N	N	N	N	N	N	N	0.0000	0.0000	0.0000	0.0000	0.0000	0.0000	0.0000	0.0000	0.0000	0.0000	0.0000	0.0000	0.0000	0.0000	0.0000	0.0000	0.0000	0.0000	0.0000	0.0000	0.0000	0.0000	0.0000	0.0000	0.0000	0.0000	0.0000		inf	0.0000	0.0000	0.0000	1.0004	2.0096	4.0090	0.0000	0.0000	0.0000	0.0000	0.0000	0.0000	0.0000	0.0000	0.0000	0.0000	0.0000	0.0000	0.0000	0.0000	0.0000	0.0000	0.0000	0.0000	0.0000	0.0000	0.0000	0.0000	0.0000	0.0000	0.0000	0.0000	0.0000	0.0140	0.0079	0.0062	0.0008	0.0007	0.0001	0.0132	0.0072	0.0061
6	34	0.0244	7	2	0	0	0	0	0	0	0	0	0	2	2	0	0	0	0	0	0	Y	N	N	N	Y	Y	N	N	N	N	N	N	N	N	N	N	N	N	0.0000	0.0000	0.0000	0.0000	0.0000	0.0000	0.0000	0.0000	0.0000	0.0000	0.0000	0.0000	0.0000	0.0000	0.0000	0.0000	0.0000	0.0000	0.1504	0.2537	0.0192	0.0068	0.0003	0.0584	0.1593	0.2797	0.0186		0.0597	0.0000	-0.0017	0.0000	0.8079	2.0096	8.0263	0.0000	0.0000	0.0000	0.0000	0.0000	0.0000	0.0000	0.0000	0.0000	0.0039	0.0037	0.0002	0.0000	0.0000	0.0000	0.0039	0.0037	0.0002	0.0000	0.0000	0.0000	0.0000	0.0000	0.0000	0.0000	0.0000	0.0000	0.0260	0.0145	0.0114	0.0015	0.0014	0.0002	0.0244	0.0132	0.0113
6	35	0.0239	5	2	0	1	1	0	0	0	1	0	0	2	2	0	0	0	0	0	0	Y	N	N	N	Y	Y	N	N	N	N	N	N	N	N	N	N	N	N	0.0000	0.0000	0.0000	0.0000	0.0000	0.0000	0.0000	0.0000	0.0000	0.0000	0.0000	0.0000	0.0000	0.0000	0.0000	0.0000	0.0000	0.0000	0.0000	0.0000	0.0000	0.0005	0.0005	0.0000	0.0000	0.0000	0.0000		0.0009	0.0000	-0.0000	0.0000	0.0027	2.0096	3.0058	0.0000	0.0000	0.0000	0.0000	0.0000	0.0000	0.0000	0.0000	0.0000	0.0000	0.0000	0.0000	0.0000	0.0000	0.0000	0.0000	0.0000	0.0000	0.0000	0.0000	0.0000	0.0000	0.0000	0.0000	0.0000	0.0000	0.0000	0.0087	0.0048	0.0039	0.0005	0.0004	0.0000	0.0082	0.0044	0.0039
6	36	0.0239	5	2	0	1	0	0	0	0	0	0	0	2	2	0	0	0	0	0	0	Y	N	N	N	Y	Y	N	N	N	N	N	N	N	N	N	N	N	N	0.0000	0.0000	0.0000	0.0000	0.0000	0.0000	0.0000	0.0000	0.0000	0.0000	0.0000	0.0000	0.0000	0.0000	0.0000	0.0000	0.0000	0.0000	0.0000	0.0000	0.0000	0.0004	0.0004	0.0000	0.0000	0.0000	0.0000		0.0009	0.0000	-0.0000	0.0000	1.0024	2.0096	3.0051	0.0000	0.0000	0.0000	0.0000	0.0000	0.0000	0.0000	0.0000	0.0000	0.0000	0.0000	0.0000	0.0000	0.0000	0.0000	0.0000	0.0000	0.0000	0.0000	0.0000	0.0000	0.0000	0.0000	0.0000	0.0000	0.0000	0.0000	0.0115	0.0063	0.0052	0.0006	0.0005	0.0001	0.0109	0.0058	0.0051
6	37	0.0155	4	2	0	1	0	0	0	1	0	1	1	2	2	0	0	0	0	0	0	Y	N	N	N	Y	Y	N	N	N	N	N	N	N	N	N	N	N	N	0.0000	0.0000	0.0000	0.0000	0.0000	0.0000	0.0000	0.0000	0.0000	0.0000	0.0000	0.0000	0.0000	0.0000	0.0000	0.0000	0.0000	0.0000	0.0039	0.0072	0.0000	0.0711	0.0764	0.0000	0.0000	0.0000	0.0000		0.0020	0.0000	-0.0000	0.0000	1.9948	2.0096	1.9571	0.0000	0.0000	0.0000	0.0000	0.0000	0.0000	0.0000	0.0000	0.0000	0.0000	0.0000	0.0000	0.0000	0.0000	0.0000	0.0000	0.0000	0.0000	0.0000	0.0000	0.0000	0.0000	0.0000	0.0000	0.0000	0.0000	0.0000	0.0119	0.0065	0.0054	0.0007	0.0006	0.0000	0.0113	0.0059	0.0054
6	44	0.0111	2	2	0	1	0	0	0	1	0	0	0	1	2	0	0	0	0	0	0	Y	N	N	N	N	Y	N	N	N	N	N	N	N	N	N	N	N	N	0.0000	0.0000	0.0000	0.0000	0.0000	0.0000	0.0000	0.0000	0.0000	0.0000	0.0000	0.0000	0.0000	0.0000	0.0000	0.0000	0.0000	0.0000	21.8726	39.7478	0.0000	0.0347	0.0382	0.0000	22.8481	42.7627	0.0000		0.0000	0.0000	-0.4928	0.0000	6.0042	2.0096	9.9410	0.0000	0.0000	0.0000	0.0000	0.0000	0.0000	0.0000	0.0000	0.0000	0.9951	0.9951	0.0000	0.0001	0.0001	0.0000	0.9950	0.9950	0.0000	0.0000	0.0000	0.0000	0.0000	0.0000	0.0000	0.0000	0.0000	0.0000	0.0455	0.0250	0.0205	0.0019	0.0018	0.0002	0.0436	0.0233	0.0203
6	45	0.0244	7	2	0	0	0	0	0	0	0	0	0	2	2	0	0	0	0	0	0	Y	N	N	N	Y	Y	N	N	N	N	N	N	N	N	N	N	N	N	0.0000	0.0000	0.0000	0.0000	0.0000	0.0000	0.0000	0.0000	0.0000	0.0000	0.0000	0.0000	0.0000	0.0000	0.0000	0.0000	0.0000	0.0000	0.0004	0.0008	0.0000	0.0071	0.0079	0.0000	0.0000	0.0000	0.0000		0.0001	0.0000	-0.0000	0.0000	1.9986	2.0096	3.0240	0.0000	0.0000	0.0000	0.0000	0.0000	0.0000	0.0000	0.0000	0.0000	0.0000	0.0000	0.0000	0.0000	0.0000	0.0000	0.0000	0.0000	0.0000	0.0000	0.0000	0.0000	0.0000	0.0000	0.0000	0.0000	0.0000	0.0000	0.0151	0.0085	0.0066	0.0010	0.0008	0.0001	0.0141	0.0076	0.0065
6	46	0.0194	6	2	0	0	0	0	0	0	0	0	0	2	2	0	0	0	0	0	0	Y	N	N	N	Y	Y	N	N	N	N	N	N	N	N	N	N	N	N	0.0000	0.0000	0.0000	0.0000	0.0000	0.0000	0.0000	0.0000	0.0000	0.0000	0.0000	0.0000	0.0000	0.0000	0.0000	0.0000	0.0000	0.0000	0.0010	0.0017	0.0002	0.0000	0.0000	0.0002	0.0011	0.0018	0.0002		0.0735	0.0000	-0.0000	0.0000	1.1966	2.0096	1.0046	0.0000	0.0000	0.0000	0.0000	0.0000	0.0000	0.0000	0.0000	0.0000	0.0000	0.0000	0.0000	0.0000	0.0000	0.0000	0.0000	0.0000	0.0000	0.0000	0.0000	0.0000	0.0000	0.0000	0.0000	0.0000	0.0000	0.0000	0.0068	0.0038	0.0030	0.0004	0.0004	0.0000	0.0064	0.0034	0.0029
6	47	0.0174	5	2	0	0	0	0	0	0	0	1	1	2	2	0	0	0	0	0	0	Y	N	N	N	Y	Y	N	N	N	N	N	N	N	N	N	N	N	N	0.0000	0.0000	0.0000	0.0000	0.0000	0.0000	0.0000	0.0000	0.0000	0.0000	0.0000	0.0000	0.0000	0.0000	0.0000	0.0000	0.0000	0.0000	0.0147	0.0244	0.0023	0.1255	0.1306	0.0001	0.0012	0.0000	0.0024		0.0759	0.0000	-0.0000	0.0000	0.0039	2.0096	1.0628	0.0000	0.0000	0.0000	0.0000	0.0000	0.0000	0.0000	0.0000	0.0000	0.0001	0.0000	0.0000	0.0000	0.0000	0.0000	0.0000	0.0000	0.0000	0.0000	0.0000	0.0000	0.0000	0.0000	0.0000	0.0000	0.0000	0.0000	0.0036	0.0020	0.0016	0.0004	0.0004	0.0000	0.0033	0.0017	0.0016
6	48	0.0152	4	2	0	0	0	0	0	0	0	0	0	1	1	0	0	0	0	0	0	Y	N	N	N	N	N	N	N	N	N	N	N	N	N	N	N	N	N	0.0000	0.0000	0.0000	0.0000	0.0000	0.0000	0.0000	0.0000	0.0000	0.0000	0.0000	0.0000	0.0000	0.0000	0.0000	0.0000	0.0000	0.0000	0.0146	0.0248	0.0018	0.0089	0.0092	0.0000	0.0152	0.0284	0.0018		0.0572	0.0000	-0.0000	0.0000	0.0093	2.0096	1.1245	0.0000	0.0000	0.0000	0.0000	0.0000	0.0000	0.0000	0.0000	0.0000	0.0001	0.0001	0.0000	0.0000	0.0000	0.0000	0.0001	0.0000	0.0000	0.0000	0.0000	0.0000	0.0000	0.0000	0.0000	0.0000	0.0000	0.0000	0.0039	0.0022	0.0017	0.0004	0.0004	0.0000	0.0035	0.0018	0.0017
6	49	0.0406	9	2	0	1	0	0	0	0	0	1	0	2	1	0	0	0	0	0	0	Y	N	N	N	Y	N	N	N	N	N	N	N	N	N	N	N	N	N	0.0000	0.0000	0.0000	0.0000	0.0000	0.0000	0.0000	0.0000	0.0000	0.0000	0.0000	0.0000	0.0000	0.0000	0.0000	0.0000	0.0000	0.0000	0.0000	0.0000	0.0000	0.0000	0.0000	0.0000	0.0000	0.0000	0.0000		0.0000	0.0000	-0.0000	0.0000	1.9876	2.0096	9.5024	0.0000	0.0000	0.0000	0.0000	0.0000	0.0000	0.0000	0.0000	0.0000	0.0000	0.0000	0.0000	0.0000	0.0000	0.0000	0.0000	0.0000	0.0000	0.0000	0.0000	0.0000	0.0000	0.0000	0.0000	0.0000	0.0000	0.0000	0.0345	0.0194	0.0151	0.0029	0.0027	0.0002	0.0316	0.0167	0.0149
6	50	0.0391	8	2	0	1	0	0	0	0	0	0	0	1	1	0	0	0	0	0	0	Y	N	N	N	N	N	N	N	N	N	N	N	N	N	N	N	N	N	0.0000	0.0000	0.0000	0.0000	0.0000	0.0000	0.0000	0.0000	0.0000	0.0000	0.0000	0.0000	0.0000	0.0000	0.0000	0.0000	0.0000	0.0000	0.0000	0.0001	0.0000	0.0002	0.0002	0.0000	0.0000	0.0000	0.0000		0.2163	0.0000	-0.0000	0.0000	0.0279	2.0096	1.3258	0.0000	0.0000	0.0000	0.0000	0.0000	0.0000	0.0000	0.0000	0.0000	0.0000	0.0000	0.0000	0.0000	0.0000	0.0000	0.0000	0.0000	0.0000	0.0000	0.0000	0.0000	0.0000	0.0000	0.0000	0.0000	0.0000	0.0000	0.0060	0.0036	0.0024	0.0012	0.0012	0.0000	0.0048	0.0024	0.0023
6	51	0.0326	7	2	0	1	0	0	0	1	0	0	0	1	1	0	0	0	0	0	0	Y	N	N	N	N	N	N	N	N	N	N	N	N	N	N	N	N	N	0.0000	0.0000	0.0000	0.0000	0.0000	0.0000	0.0000	0.0000	0.0000	0.0000	0.0000	0.0000	0.0000	0.0000	0.0000	0.0000	0.0000	0.0000	0.0054	0.0099	0.0000	0.1248	0.1387	0.0017	0.0000	0.0000	0.0000		0.0014	0.0000	-0.0000	0.0000	0.0135	2.0096	3.2161	0.0000	0.0000	0.0000	0.0000	0.0000	0.0000	0.0000	0.0000	0.0000	0.0000	0.0000	0.0000	0.0000	0.0000	0.0000	0.0000	0.0000	0.0000	0.0000	0.0000	0.0000	0.0000	0.0000	0.0000	0.0000	0.0000	0.0000	0.0092	0.0050	0.0042	0.0004	0.0004	0.0000	0.0088	0.0047	0.0041
6	52	0.0152	4	2	0	1	0	0	0	1	0	1	0	2	1	0	0	0	0	0	0	Y	N	N	N	Y	N	N	N	N	N	N	N	N	N	N	N	N	N	0.0000	0.0000	0.0000	0.0000	0.0000	0.0000	0.0000	0.0000	0.0000	0.0000	0.0000	0.0000	0.0000	0.0000	0.0000	0.0000	0.0000	0.0000	0.0168	0.0304	0.0000	0.0455	0.0494	0.0000	0.0153	0.0286	0.0000		0.0001	0.0000	-0.0002	0.0000	1.0059	2.0096	8.9560	0.0000	0.0000	0.0000	0.0000	0.0000	0.0000	0.0000	0.0000	0.0000	0.0005	0.0005	0.0000	0.0001	0.0001	0.0000	0.0004	0.0004	0.0000	0.0000	0.0000	0.0000	0.0000	0.0000	0.0000	0.0000	0.0000	0.0000	0.0289	0.0160	0.0129	0.0015	0.0014	0.0001	0.0275	0.0147	0.0128
6	53	0.0111	3	2	0	0	0	0	0	0	0	0	0	1	1	0	0	0	0	0	0	Y	N	N	N	N	N	N	N	N	N	N	N	N	N	N	N	N	N	0.0000	0.0000	0.0000	0.0000	0.0000	0.0000	0.0000	0.0000	0.0000	0.0000	0.0000	0.0000	0.0000	0.0000	0.0000	0.0000	0.0000	0.0000	0.0024	0.0037	0.0009	0.0301	0.0319	0.0000	0.0005	0.0000	0.0009		0.2065	0.0000	-0.0000	0.0000	0.9898	2.0096	1.1155	0.0000	0.0000	0.0000	0.0000	0.0000	0.0000	0.0000	0.0000	0.0000	0.0000	0.0000	0.0000	0.0000	0.0000	0.0000	0.0000	0.0000	0.0000	0.0000	0.0000	0.0000	0.0000	0.0000	0.0000	0.0000	0.0000	0.0000	0.0066	0.0036	0.0030	0.0004	0.0004	0.0000	0.0062	0.0032	0.0030
6	54	0.0368	9	2	0	0	0	1	0	0	0	0	0	1	1	0	0	0	0	0	0	Y	N	N	N	N	N	N	N	N	N	N	N	N	N	N	N	N	N	0.0000	0.0000	0.0000	0.0000	0.0000	0.0000	0.0000	0.0000	0.0000	0.0000	0.0000	0.0000	0.0000	0.0000	0.0000	0.0000	0.0000	0.0000	0.0660	0.0000	0.1472	0.0000	0.0000	0.0000	0.0691	0.0000	0.1486		inf	0.0000	0.0019	0.0000	5.0000	2.0096	15.9866	0.0000	0.0000	0.0000	0.0000	0.0000	0.0000	0.0000	0.0000	0.0000	0.0037	0.0000	0.0037	0.0000	0.0000	0.0000	0.0037	0.0000	0.0037	0.0000	0.0000	0.0000	0.0000	0.0000	0.0000	0.0000	0.0000	0.0000	0.0559	0.0308	0.0251	0.0025	0.0022	0.0002	0.0534	0.0286	0.0248
6	55	0.3559	14	1	0	0	0	0	0	0	0	1	0	2	1	0	0	0	0	0	0	N	N	N	N	Y	N	N	N	N	N	N	N	N	N	N	N	N	N	0.0000	0.0000	0.0000	0.0000	0.0000	0.0000	0.0000	0.0000	0.0000	0.0000	0.0000	0.0000	0.0000	0.0000	0.0000	0.0000	0.0000	0.0000	0.4343	0.6228	0.0144	0.8436	0.9890	0.0123	0.0072	0.0000	0.0151		0.0104	0.0000	-0.0558	0.0000	17.6796	2.0096	56.5727	0.0000	0.0000	0.0000	0.0000	0.0000	0.0000	0.0000	0.0000	0.0000	0.1150	0.1138	0.0012	0.1141	0.1138	0.0002	0.0009	0.0000	0.0009	0.0000	0.0000	0.0000	0.0000	0.0000	0.0000	0.0000	0.0000	0.0000	0.2649	0.1828	0.0821	0.1353	0.1151	0.0201	0.1296	0.0677	0.0619
6	57	0.0084	2	2	0	1	0	0	0	1	0	0	0	2	2	0	0	0	0	0	0	Y	N	N	N	Y	Y	N	N	N	N	N	N	N	N	N	N	N	N	0.0000	0.0000	0.0000	0.0000	0.0000	0.0000	0.0000	0.0000	0.0000	0.0000	0.0000	0.0000	0.0000	0.0000	0.0000	0.0000	0.0000	0.0000	0.2049	0.3754	0.0000	6.2556	6.3868	0.0000	0.0000	0.0000	0.0000		0.0000	0.0000	-0.0018	0.0000	1.0000	2.0096	4.9984	0.0000	0.0000	0.0000	0.0000	0.0000	0.0000	0.0000	0.0000	0.0000	0.0037	0.0037	0.0000	0.0037	0.0037	0.0000	0.0000	0.0000	0.0000	0.0000	0.0000	0.0000	0.0000	0.0000	0.0000	0.0000	0.0000	0.0000	0.0180	0.0098	0.0082	0.0006	0.0006	0.0000	0.0174	0.0092	0.0082
6	64	0.0508	12	2	0	1	0	1	0	1	0	0	0	1	1	0	0	0	0	0	0	Y	N	N	N	N	N	N	N	N	N	N	N	N	N	N	N	N	N	0.0000	0.0000	0.0000	0.0000	0.0000	0.0000	0.0000	0.0000	0.0000	0.0000	0.0000	0.0000	0.0000	0.0000	0.0000	0.0000	0.0000	0.0000	0.0540	0.0000	0.1218	0.0001	0.0000	0.0006	0.0581	0.0000	0.1237		inf	0.0000	0.0019	0.0000	3.9919	2.0096	21.4457	0.0000	0.0000	0.0000	0.0000	0.0000	0.0000	0.0000	0.0000	0.0000	0.0037	0.0000	0.0037	0.0000	0.0000	0.0000	0.0037	0.0000	0.0037	0.0000	0.0000	0.0000	0.0000	0.0000	0.0000	0.0000	0.0000	0.0000	0.0682	0.0380	0.0303	0.0048	0.0044	0.0005	0.0634	0.0336	0.0298
6	65	0.0607	13	1	0	0	0	0	0	0	0	0	1	1	2	0	0	0	0	0	0	N	N	N	N	N	Y	N	N	N	N	N	N	N	N	N	N	N	N	0.0000	0.0000	0.0000	0.0000	0.0000	0.0000	0.0000	0.0000	0.0000	0.0000	0.0000	0.0000	0.0000	0.0000	0.0000	0.0000	0.0000	0.0000	0.0000	0.0000	0.0000	0.0000	0.0000	0.0000	0.0000	0.0000	0.0000			0.0000	0.0000	0.0000	3.0012	2.0096	1.7329	0.0000	0.0000	0.0000	0.0000	0.0000	0.0000	0.0000	0.0000	0.0000	0.0000	0.0000	0.0000	0.0000	0.0000	0.0000	0.0000	0.0000	0.0000	0.0000	0.0000	0.0000	0.0000	0.0000	0.0000	0.0000	0.0000	0.0000	0.0151	0.0089	0.0061	0.0018	0.0017	0.0001	0.0132	0.0072	0.0060
6	71	0.0424	10	2	0	1	0	1	0	1	0	0	0	1	1	0	0	0	0	0	0	Y	N	N	N	N	N	N	N	N	N	N	N	N	N	N	N	N	N	0.0000	0.0000	0.0000	0.0000	0.0000	0.0000	0.0000	0.0000	0.0000	0.0000	0.0000	0.0000	0.0000	0.0000	0.0000	0.0000	0.0000	0.0000	0.0944	0.1583	0.0000	0.6107	0.7180	0.0000	0.0000	0.0000	0.0000		0.0000	0.0000	-0.0029	0.0000	7.9989	2.0096	11.5475	0.0000	0.0000	0.0000	0.0000	0.0000	0.0000	0.0000	0.0000	0.0000	0.0059	0.0059	0.0000	0.0059	0.0059	0.0000	0.0000	0.0000	0.0000	0.0000	0.0000	0.0000	0.0000	0.0000	0.0000	0.0000	0.0000	0.0000	0.0624	0.0372	0.0252	0.0096	0.0082	0.0014	0.0527	0.0290	0.0237
6	72	0.0192	6	2	0	1	0	0	0	1	0	0	0	1	1	0	0	0	0	0	0	Y	N	N	N	N	N	N	N	N	N	N	N	N	N	N	N	N	N	0.0000	0.0000	0.0000	0.0000	0.0000	0.0000	0.0000	0.0000	0.0000	0.0000	0.0000	0.0000	0.0000	0.0000	0.0000	0.0000	0.0000	0.0000	0.1133	0.1961	0.0119	1.9462	2.0881	0.0626	0.0054	0.0000	0.0115		0.0497	0.0000	-0.0021	0.0000	3.9977	2.0096	10.1847	0.0000	0.0000	0.0000	0.0000	0.0000	0.0000	0.0000	0.0000	0.0000	0.0046	0.0044	0.0002	0.0044	0.0044	0.0000	0.0002	0.0000	0.0002	0.0000	0.0000	0.0000	0.0000	0.0000	0.0000	0.0000	0.0000	0.0000	0.0410	0.0226	0.0184	0.0023	0.0021	0.0002	0.0387	0.0204	0.0183
6	77	0.0905	14	1	0	1	0	0	0	0	0	0	0	2	1	0	0	0	0	0	0	N	N	N	N	Y	N	N	N	N	N	N	N	N	N	N	N	N	N	0.0000	0.0000	0.0000	0.0000	0.0000	0.0000	0.0000	0.0000	0.0000	0.0000	0.0000	0.0000	0.0000	0.0000	0.0000	0.0000	0.0000	0.0000	0.0000	0.0000	0.0000	0.0000	0.0000	0.0000	0.0000	0.0000	0.0000			0.0000	0.0000	0.0000	0.0000	2.0096	0.0000	0.0000	0.0000	0.0000	0.0000	0.0000	0.0000	0.0000	0.0000	0.0000	0.0000	0.0000	0.0000	0.0000	0.0000	0.0000	0.0000	0.0000	0.0000	0.0000	0.0000	0.0000	0.0000	0.0000	0.0000	0.0000	0.0000	0.0000	0.0000	0.0000	0.0000	0.0000	0.0000	0.0000	0.0000	0.0000	0.0000
6	78	0.0799	13	1	0	1	0	0	0	0	0	0	0	2	1	0	0	0	0	0	0	N	N	N	N	Y	N	N	N	N	N	N	N	N	N	N	N	N	N	0.0000	0.0000	0.0000	0.0000	0.0000	0.0000	0.0000	0.0000	0.0000	0.0000	0.0000	0.0000	0.0000	0.0000	0.0000	0.0000	0.0000	0.0000	0.0000	0.0000	0.0000	0.0000	0.0000	0.0000	0.0000	0.0000	0.0000			0.0000	-0.0000	0.0000	0.9998	2.0096	4.0242	0.0000	0.0000	0.0000	0.0000	0.0000	0.0000	0.0000	0.0000	0.0000	0.0000	0.0000	0.0000	0.0000	0.0000	0.0000	0.0000	0.0000	0.0000	0.0000	0.0000	0.0000	0.0000	0.0000	0.0000	0.0000	0.0000	0.0000	0.0141	0.0080	0.0060	0.0020	0.0017	0.0003	0.0120	0.0063	0.0057
6	79	0.0715	12	1	0	1	0	0	0	1	0	1	0	2	1	0	0	0	0	0	0	N	N	N	N	Y	N	N	N	N	N	N	N	N	N	N	N	N	N	0.0000	0.0000	0.0000	0.0000	0.0000	0.0000	0.0000	0.0000	0.0000	0.0000	0.0000	0.0000	0.0000	0.0000	0.0000	0.0000	0.0000	0.0000	0.0001	0.0000	0.0003	0.0010	0.0001	0.0075	0.0000	0.0000	0.0000		7.8817	0.0000	0.0000	0.0000	2.0024	2.0096	2.0159	0.0000	0.0000	0.0000	0.0000	0.0000	0.0000	0.0000	0.0000	0.0000	0.0000	0.0000	0.0000	0.0000	0.0000	0.0000	0.0000	0.0000	0.0000	0.0000	0.0000	0.0000	0.0000	0.0000	0.0000	0.0000	0.0000	0.0000	0.0122	0.0072	0.0051	0.0018	0.0016	0.0002	0.0104	0.0056	0.0049
6	81	0.0911	14	1	0	0	0	0	0	0	0	0	1	1	2	0	0	0	0	0	0	N	N	N	N	N	Y	N	N	N	N	N	N	N	N	N	N	N	N	0.0000	0.0000	0.0000	0.0000	0.0000	0.0000	0.0000	0.0000	0.0000	0.0000	0.0000	0.0000	0.0000	0.0000	0.0000	0.0000	0.0000	0.0000	0.0000	0.0000	0.0000	0.0000	0.0000	0.0000	0.0000	0.0000	0.0000			0.0000	0.0000	0.0000	0.0000	2.0096	2.0000	0.0000	0.0000	0.0000	0.0000	0.0000	0.0000	0.0000	0.0000	0.0000	0.0000	0.0000	0.0000	0.0000	0.0000	0.0000	0.0000	0.0000	0.0000	0.0000	0.0000	0.0000	0.0000	0.0000	0.0000	0.0000	0.0000	0.0000	0.0056	0.0032	0.0024	0.0008	0.0007	0.0001	0.0048	0.0025	0.0023
6	82	0.0932	17	1	0	0	0	0	0	0	0	0	0	1	2	0	0	0	0	0	0	N	N	N	N	N	Y	N	N	N	N	N	N	N	N	N	N	N	N	0.0000	0.0000	0.0000	0.0000	0.0000	0.0000	0.0000	0.0000	0.0000	0.0000	0.0000	0.0000	0.0000	0.0000	0.0000	0.0000	0.0000	0.0000	0.0000	0.0000	0.0000	0.0000	0.0000	0.0000	0.0000	0.0000	0.0000			0.0000	0.0000	0.0000	1.0008	2.0096	3.0055	0.0000	0.0000	0.0000	0.0000	0.0000	0.0000	0.0000	0.0000	0.0000	0.0000	0.0000	0.0000	0.0000	0.0000	0.0000	0.0000	0.0000	0.0000	0.0000	0.0000	0.0000	0.0000	0.0000	0.0000	0.0000	0.0000	0.0000	0.0112	0.0065	0.0047	0.0016	0.0014	0.0002	0.0096	0.0051	0.0045
6	83	0.0911	16	1	0	0	0	0	0	0	0	0	1	1	2	0	0	0	0	0	0	N	N	N	N	N	Y	N	N	N	N	N	N	N	N	N	N	N	N	0.0000	0.0000	0.0000	0.0000	0.0000	0.0000	0.0000	0.0000	0.0000	0.0000	0.0000	0.0000	0.0000	0.0000	0.0000	0.0000	0.0000	0.0000	0.0000	0.0000	0.0000	0.0000	0.0000	0.0000	0.0000	0.0000	0.0000			0.0000	0.0000	0.0000	0.0009	2.0096	1.0031	0.0000	0.0000	0.0000	0.0000	0.0000	0.0000	0.0000	0.0000	0.0000	0.0000	0.0000	0.0000	0.0000	0.0000	0.0000	0.0000	0.0000	0.0000	0.0000	0.0000	0.0000	0.0000	0.0000	0.0000	0.0000	0.0000	0.0000	0.0028	0.0016	0.0012	0.0004	0.0003	0.0001	0.0024	0.0013	0.0011
6	85	0.0911	15	1	0	0	0	0	0	0	0	0	1	1	2	0	0	0	0	0	0	N	N	N	N	N	Y	N	N	N	N	N	N	N	N	N	N	N	N	0.0000	0.0000	0.0000	0.0000	0.0000	0.0000	0.0000	0.0000	0.0000	0.0000	0.0000	0.0000	0.0000	0.0000	0.0000	0.0000	0.0000	0.0000	0.0000	0.0000	0.0000	0.0000	0.0000	0.0000	0.0000	0.0000	0.0000			0.0000	0.0000	0.0000	0.0000	2.0096	0.0000	0.0000	0.0000	0.0000	0.0000	0.0000	0.0000	0.0000	0.0000	0.0000	0.0000	0.0000	0.0000	0.0000	0.0000	0.0000	0.0000	0.0000	0.0000	0.0000	0.0000	0.0000	0.0000	0.0000	0.0000	0.0000	0.0000	0.0000	0.0000	0.0000	0.0000	0.0000	0.0000	0.0000	0.0000	0.0000	0.0000
6	90	0.0402	9	2	0	1	0	1	0	1	0	1	0	2	1	0	0	0	0	0	0	Y	N	N	N	Y	N	N	N	N	N	N	N	N	N	N	N	N	N	0.0000	0.0000	0.0000	0.0000	0.0000	0.0000	0.0000	0.0000	0.0000	0.0000	0.0000	0.0000	0.0000	0.0000	0.0000	0.0000	0.0000	0.0000	0.1326	0.2158	0.0000	0.6945	0.8141	0.0000	0.0000	0.0000	0.0000		0.0000	0.0000	-0.0029	0.0000	6.9987	2.0096	5.3508	0.0000	0.0000	0.0000	0.0000	0.0000	0.0000	0.0000	0.0000	0.0000	0.0059	0.0059	0.0000	0.0059	0.0059	0.0000	0.0000	0.0000	0.0000	0.0000	0.0000	0.0000	0.0000	0.0000	0.0000	0.0000	0.0000	0.0000	0.0444	0.0273	0.0171	0.0085	0.0072	0.0012	0.0359	0.0201	0.0159
6	91	0.0468	11	2	0	1	0	1	0	1	0	0	0	1	1	0	0	0	0	0	0	Y	N	N	N	N	N	N	N	N	N	N	N	N	N	N	N	N	N	0.0000	0.0000	0.0000	0.0000	0.0000	0.0000	0.0000	0.0000	0.0000	0.0000	0.0000	0.0000	0.0000	0.0000	0.0000	0.0000	0.0000	0.0000	0.0046	0.0000	0.0110	0.0337	0.0000	0.2530	0.0000	0.0000	0.0000		inf	0.0000	0.0001	0.0000	1.0039	2.0096	13.1994	0.0000	0.0000	0.0000	0.0000	0.0000	0.0000	0.0000	0.0000	0.0000	0.0002	0.0000	0.0002	0.0002	0.0000	0.0002	0.0000	0.0000	0.0000	0.0000	0.0000	0.0000	0.0000	0.0000	0.0000	0.0000	0.0000	0.0000	0.0427	0.0249	0.0178	0.0058	0.0050	0.0008	0.0369	0.0198	0.0170
7	8	0.0904	16	1	1	1	0	0	0	0	0	0	0	2	1	0	0	0	0	0	0	N	N	N	N	Y	N	N	N	N	N	N	N	N	N	N	N	N	N	0.0000	0.0000	0.0000	0.0000	0.0000	0.0000	0.0000	0.0000	0.0000	0.0000	0.0000	0.0000	0.0000	0.0000	0.0000	0.0000	0.0000	0.0000	0.0000	0.0000	0.0000	0.0000	0.0000	0.0000	0.0000	0.0000	0.0000			0.0000	0.0000	0.0002	0.0000	0.0000	6.0016	0.0000	0.0000	0.0000	0.0000	0.0000	0.0000	0.0000	0.0000	0.0000	0.0000	0.0000	0.0000	0.0000	0.0000	0.0000	0.0000	0.0000	0.0000	0.0000	0.0000	0.0000	0.0000	0.0000	0.0000	0.0000	0.0000	0.0000	0.0000	0.0000	0.0000	0.0000	0.0000	0.0000	0.0000	0.0000	0.0000
7	9	0.0904	15	1	1	1	0	0	1	0	0	0	0	2	1	0	0	0	0	0	0	N	N	N	N	Y	N	N	N	N	N	N	N	N	N	N	N	N	N	0.0000	0.0000	0.0000	0.0000	0.0000	0.0000	0.0000	0.0000	0.0000	0.0000	0.0000	0.0000	0.0000	0.0000	0.0000	0.0000	0.0000	0.0000	0.0000	0.0000	0.0000	0.0000	0.0000	0.0000	0.0000	0.0000	0.0000			0.0000	0.0000	0.0002	0.0000	0.0000	0.0034	0.0000	0.0000	0.0000	0.0000	0.0000	0.0000	0.0000	0.0000	0.0000	0.0000	0.0000	0.0000	0.0000	0.0000	0.0000	0.0000	0.0000	0.0000	0.0000	0.0000	0.0000	0.0000	0.0000	0.0000	0.0000	0.0000	0.0000	0.0000	0.0000	0.0000	0.0000	0.0000	0.0000	0.0000	0.0000	0.0000
7	33	0.0878	15	1	0	1	1	0	0	0	1	0	0	2	1	0	0	0	0	0	0	N	N	N	N	Y	N	N	N	N	N	N	N	N	N	N	N	N	N	0.0000	0.0000	0.0000	0.0000	0.0000	0.0000	0.0000	0.0000	0.0000	0.0000	0.0000	0.0000	0.0000	0.0000	0.0000	0.0000	0.0000	0.0000	0.0000	0.0000	0.0000	0.0000	0.0000	0.0000	0.0000	0.0000	0.0000			0.0000	0.0000	0.0002	1.0004	0.0000	4.0090	0.0000	0.0000	0.0000	0.0000	0.0000	0.0000	0.0000	0.0000	0.0000	0.0000	0.0000	0.0000	0.0000	0.0000	0.0000	0.0000	0.0000	0.0000	0.0000	0.0000	0.0000	0.0000	0.0000	0.0000	0.0000	0.0000	0.0000	0.0000	0.0000	0.0000	0.0000	0.0000	0.0000	0.0000	0.0000	0.0000
7	34	0.0927	16	1	0	1	0	0	0	0	0	0	0	2	1	0	0	0	0	0	0	N	N	N	N	Y	N	N	N	N	N	N	N	N	N	N	N	N	N	0.0000	0.0000	0.0000	0.0000	0.0000	0.0000	0.0000	0.0000	0.0000	0.0000	0.0000	0.0000	0.0000	0.0000	0.0000	0.0000	0.0000	0.0000	0.0000	0.0000	0.0000	0.0000	0.0000	0.0000	0.0000	0.0000	0.0000			0.0000	0.0000	0.0002	0.8079	0.0000	8.0263	0.0000	0.0000	0.0000	0.0000	0.0000	0.0000	0.0000	0.0000	0.0000	0.0000	0.0000	0.0000	0.0000	0.0000	0.0000	0.0000	0.0000	0.0000	0.0000	0.0000	0.0000	0.0000	0.0000	0.0000	0.0000	0.0000	0.0000	0.0000	0.0000	0.0000	0.0000	0.0000	0.0000	0.0000	0.0000	0.0000
7	45	0.0927	16	1	0	1	0	0	0	0	0	0	0	2	1	0	0	0	0	0	0	N	N	N	N	Y	N	N	N	N	N	N	N	N	N	N	N	N	N	0.0000	0.0000	0.0000	0.0000	0.0000	0.0000	0.0000	0.0000	0.0000	0.0000	0.0000	0.0000	0.0000	0.0000	0.0000	0.0000	0.0000	0.0000	0.0000	0.0000	0.0000	0.0000	0.0000	0.0000	0.0000	0.0000	0.0000			0.0000	0.0000	0.0002	1.9986	0.0000	3.0240	0.0000	0.0000	0.0000	0.0000	0.0000	0.0000	0.0000	0.0000	0.0000	0.0000	0.0000	0.0000	0.0000	0.0000	0.0000	0.0000	0.0000	0.0000	0.0000	0.0000	0.0000	0.0000	0.0000	0.0000	0.0000	0.0000	0.0000	0.0000	0.0000	0.0000	0.0000	0.0000	0.0000	0.0000	0.0000	0.0000
7	46	0.0878	15	1	0	1	0	0	0	0	0	0	0	2	1	0	0	0	0	0	0	N	N	N	N	Y	N	N	N	N	N	N	N	N	N	N	N	N	N	0.0000	0.0000	0.0000	0.0000	0.0000	0.0000	0.0000	0.0000	0.0000	0.0000	0.0000	0.0000	0.0000	0.0000	0.0000	0.0000	0.0000	0.0000	0.0000	0.0000	0.0000	0.0000	0.0000	0.0000	0.0000	0.0000	0.0000			0.0000	0.0000	0.0002	1.1966	0.0000	1.0046	0.0000	0.0000	0.0000	0.0000	0.0000	0.0000	0.0000	0.0000	0.0000	0.0000	0.0000	0.0000	0.0000	0.0000	0.0000	0.0000	0.0000	0.0000	0.0000	0.0000	0.0000	0.0000	0.0000	0.0000	0.0000	0.0000	0.0000	0.0000	0.0000	0.0000	0.0000	0.0000	0.0000	0.0000	0.0000	0.0000
7	47	0.0857	14	1	0	1	0	0	0	0	0	1	1	2	1	0	0	0	0	0	0	N	N	N	N	Y	N	N	N	N	N	N	N	N	N	N	N	N	N	0.0000	0.0000	0.0000	0.0000	0.0000	0.0000	0.0000	0.0000	0.0000	0.0000	0.0000	0.0000	0.0000	0.0000	0.0000	0.0000	0.0000	0.0000	0.0000	0.0000	0.0000	0.0000	0.0000	0.0000	0.0000	0.0000	0.0000			0.0000	0.0000	0.0002	0.0039	0.0000	1.0628	0.0000	0.0000	0.0000	0.0000	0.0000	0.0000	0.0000	0.0000	0.0000	0.0000	0.0000	0.0000	0.0000	0.0000	0.0000	0.0000	0.0000	0.0000	0.0000	0.0000	0.0000	0.0000	0.0000	0.0000	0.0000	0.0000	0.0000	0.0000	0.0000	0.0000	0.0000	0.0000	0.0000	0.0000	0.0000	0.0000
7	55	0.3813	13	0	0	1	0	0	0	0	0	1	0	2	0	0	0	0	0	0	0	N	N	N	N	Y	N	N	N	N	N	N	N	N	N	N	N	N	N	0.0000	0.0000	0.0000	0.0000	0.0000	0.0000	0.0000	0.0000	0.0000	0.0000	0.0000	0.0000	0.0000	0.0000	0.0000	0.0000	0.0000	0.0000	0.0000	0.0000	0.0000	0.0000	0.0000	0.0000	0.0000	0.0000	0.0000			0.0000	0.0000	0.0002	17.6796	0.0000	56.5727	0.0000	0.0000	0.0000	0.0000	0.0000	0.0000	0.0000	0.0000	0.0000	0.0000	0.0000	0.0000	0.0000	0.0000	0.0000	0.0000	0.0000	0.0000	0.0000	0.0000	0.0000	0.0000	0.0000	0.0000	0.0000	0.0000	0.0000	0.0000	0.0000	0.0000	0.0000	0.0000	0.0000	0.0000	0.0000	0.0000
7	58	0.0863	14	1	0	1	0	0	0	0	0	0	0	2	1	0	0	0	0	0	0	N	N	N	N	Y	N	N	N	N	N	N	N	N	N	N	N	N	N	0.0000	0.0000	0.0000	0.0000	0.0000	0.0000	0.0000	0.0000	0.0000	0.0000	0.0000	0.0000	0.0000	0.0000	0.0000	0.0000	0.0000	0.0000	0.0000	0.0000	0.0000	0.0000	0.0000	0.0000	0.0000	0.0000	0.0000			0.0000	0.0000	0.0002	0.0000	0.0000	2.0010	0.0000	0.0000	0.0000	0.0000	0.0000	0.0000	0.0000	0.0000	0.0000	0.0000	0.0000	0.0000	0.0000	0.0000	0.0000	0.0000	0.0000	0.0000	0.0000	0.0000	0.0000	0.0000	0.0000	0.0000	0.0000	0.0000	0.0000	0.0000	0.0000	0.0000	0.0000	0.0000	0.0000	0.0000	0.0000	0.0000
7	59	0.0794	13	1	0	1	0	0	0	0	0	1	0	2	1	0	0	0	0	0	0	N	N	N	N	Y	N	N	N	N	N	N	N	N	N	N	N	N	N	0.0000	0.0000	0.0000	0.0000	0.0000	0.0000	0.0000	0.0000	0.0000	0.0000	0.0000	0.0000	0.0000	0.0000	0.0000	0.0000	0.0000	0.0000	0.0000	0.0000	0.0000	0.0000	0.0000	0.0000	0.0000	0.0000	0.0000			0.0000	0.0000	0.0002	0.0042	0.0000	3.0766	0.0000	0.0000	0.0000	0.0000	0.0000	0.0000	0.0000	0.0000	0.0000	0.0000	0.0000	0.0000	0.0000	0.0000	0.0000	0.0000	0.0000	0.0000	0.0000	0.0000	0.0000	0.0000	0.0000	0.0000	0.0000	0.0000	0.0000	0.0000	0.0000	0.0000	0.0000	0.0000	0.0000	0.0000	0.0000	0.0000
8	10	0.0363	8	2	1	1	0	0	0	0	0	0	0	2	1	0	0	0	0	0	0	Y	N	N	N	Y	N	N	N	N	N	N	N	N	N	N	N	N	N	0.0000	0.0000	0.0000	0.0000	0.0000	0.0000	0.0000	0.0000	0.0000	0.0000	0.0000	0.0000	0.0000	0.0000	0.0000	0.0000	0.0000	0.0000	0.0003	0.0000	0.0006	0.0000	0.0000	0.0000	0.0003	0.0000	0.0007		inf	0.0000	0.0000	0.0000	0.8668	6.0016	6.8776	0.0000	0.0000	0.0000	0.0000	0.0000	0.0000	0.0000	0.0000	0.0000	0.0000	0.0000	0.0000	0.0000	0.0000	0.0000	0.0000	0.0000	0.0000	0.0000	0.0000	0.0000	0.0000	0.0000	0.0000	0.0000	0.0000	0.0000	0.0718	0.0410	0.0308	0.0068	0.0063	0.0006	0.0650	0.0348	0.0302
8	11	0.1058	19	1	1	0	0	0	0	0	0	0	0	1	2	0	0	0	0	0	0	N	N	N	N	N	Y	N	N	N	N	N	N	N	N	N	N	N	N	0.0000	0.0000	0.0000	0.0000	0.0000	0.0000	0.0000	0.0000	0.0000	0.0000	0.0000	0.0000	0.0000	0.0000	0.0000	0.0000	0.0000	0.0000	0.0000	0.0000	0.0000	0.0000	0.0000	0.0000	0.0000	0.0000	0.0000			0.0000	0.0000	0.0000	0.9992	6.0016	0.9994	0.0000	0.0000	0.0000	0.0000	0.0000	0.0000	0.0000	0.0000	0.0000	0.0000	0.0000	0.0000	0.0000	0.0000	0.0000	0.0000	0.0000	0.0000	0.0000	0.0000	0.0000	0.0000	0.0000	0.0000	0.0000	0.0000	0.0000	0.0162	0.0093	0.0069	0.0023	0.0020	0.0004	0.0139	0.0074	0.0066
8	15	0.0517	10	2	1	1	0	0	0	0	0	1	0	2	1	0	0	0	0	0	0	Y	N	N	N	Y	N	N	N	N	N	N	N	N	N	N	N	N	N	0.0000	0.0000	0.0000	0.0000	0.0000	0.0000	0.0000	0.0000	0.0000	0.0000	0.0000	0.0000	0.0000	0.0000	0.0000	0.0000	0.0000	0.0000	0.0000	0.0000	0.0000	0.0000	0.0000	0.0000	0.0000	0.0000	0.0000			0.0000	0.0000	0.0000	2.9875	6.0016	6.8646	0.0000	0.0000	0.0000	0.0000	0.0000	0.0000	0.0000	0.0000	0.0000	0.0000	0.0000	0.0000	0.0000	0.0000	0.0000	0.0000	0.0000	0.0000	0.0000	0.0000	0.0000	0.0000	0.0000	0.0000	0.0000	0.0000	0.0000	0.0846	0.0473	0.0373	0.0062	0.0058	0.0004	0.0784	0.0416	0.0369
8	16	0.0756	16	2	1	1	0	0	0	0	0	0	0	1	1	0	0	0	0	0	0	Y	N	N	N	N	N	N	N	N	N	N	N	N	N	N	N	N	N	0.0000	0.0000	0.0000	0.0000	0.0000	0.0000	0.0000	0.0000	0.0000	0.0000	0.0000	0.0000	0.0000	0.0000	0.0000	0.0000	0.0000	0.0000	0.0000	0.0000	0.0000	0.0000	0.0000	0.0000	0.0000	0.0000	0.0000			0.0000	0.0000	0.0000	0.0003	6.0016	4.3365	0.0000	0.0000	0.0000	0.0000	0.0000	0.0000	0.0000	0.0000	0.0000	0.0000	0.0000	0.0000	0.0000	0.0000	0.0000	0.0000	0.0000	0.0000	0.0000	0.0000	0.0000	0.0000	0.0000	0.0000	0.0000	0.0000	0.0000	0.0419	0.0251	0.0168	0.0061	0.0057	0.0003	0.0358	0.0194	0.0164
8	17	0.0363	8	2	1	1	0	0	0	0	0	0	0	2	1	0	0	0	0	0	0	Y	N	N	N	Y	N	N	N	N	N	N	N	N	N	N	N	N	N	0.0000	0.0000	0.0000	0.0000	0.0000	0.0000	0.0000	0.0000	0.0000	0.0000	0.0000	0.0000	0.0000	0.0000	0.0000	0.0000	0.0000	0.0000	0.0000	0.0000	0.0000	0.0000	0.0000	0.0000	0.0000	0.0000	0.0000		0.0000	0.0000	-0.0000	0.0000	2.7647	6.0016	5.8236	0.0000	0.0000	0.0000	0.0000	0.0000	0.0000	0.0000	0.0000	0.0000	0.0000	0.0000	0.0000	0.0000	0.0000	0.0000	0.0000	0.0000	0.0000	0.0000	0.0000	0.0000	0.0000	0.0000	0.0000	0.0000	0.0000	0.0000	0.0785	0.0446	0.0339	0.0071	0.0065	0.0006	0.0715	0.0382	0.0333
8	18	0.0303	7	2	1	1	0	0	0	1	0	1	0	2	1	0	0	0	0	0	0	Y	N	N	N	Y	N	N	N	N	N	N	N	N	N	N	N	N	N	0.0000	0.0000	0.0000	0.0000	0.0000	0.0000	0.0000	0.0000	0.0000	0.0000	0.0000	0.0000	0.0000	0.0000	0.0000	0.0000	0.0000	0.0000	0.0000	0.0000	0.0000	0.0000	0.0000	0.0000	0.0000	0.0000	0.0000		4.5269	0.0000	0.0000	0.0000	1.3564	6.0016	1.3957	0.0000	0.0000	0.0000	0.0000	0.0000	0.0000	0.0000	0.0000	0.0000	0.0000	0.0000	0.0000	0.0000	0.0000	0.0000	0.0000	0.0000	0.0000	0.0000	0.0000	0.0000	0.0000	0.0000	0.0000	0.0000	0.0000	0.0000	0.0235	0.0127	0.0108	0.0010	0.0009	0.0001	0.0225	0.0118	0.0107
8	19	0.0756	16	2	1	1	0	0	0	0	0	0	0	1	1	0	0	0	0	0	0	Y	N	N	N	N	N	N	N	N	N	N	N	N	N	N	N	N	N	0.0000	0.0000	0.0000	0.0000	0.0000	0.0000	0.0000	0.0000	0.0000	0.0000	0.0000	0.0000	0.0000	0.0000	0.0000	0.0000	0.0000	0.0000	0.0000	0.0000	0.0000	0.0000	0.0000	0.0000	0.0000	0.0000	0.0000			0.0000	0.0000	0.0000	2.8857	6.0016	5.7708	0.0000	0.0000	0.0000	0.0000	0.0000	0.0000	0.0000	0.0000	0.0000	0.0000	0.0000	0.0000	0.0000	0.0000	0.0000	0.0000	0.0000	0.0000	0.0000	0.0000	0.0000	0.0000	0.0000	0.0000	0.0000	0.0000	0.0000	0.0751	0.0434	0.0316	0.0084	0.0077	0.0007	0.0667	0.0357	0.0310
8	20	0.0733	15	2	1	1	0	1	0	1	0	0	0	1	1	0	0	0	0	0	0	Y	N	N	N	N	N	N	N	N	N	N	N	N	N	N	N	N	N	0.0000	0.0000	0.0000	0.0000	0.0000	0.0000	0.0000	0.0000	0.0000	0.0000	0.0000	0.0000	0.0000	0.0000	0.0000	0.0000	0.0000	0.0000	0.0000	0.0000	0.0000	0.0000	0.0000	0.0000	0.0000	0.0000	0.0000			0.0000	0.0000	0.0000	0.1176	6.0016	1.3493	0.0000	0.0000	0.0000	0.0000	0.0000	0.0000	0.0000	0.0000	0.0000	0.0000	0.0000	0.0000	0.0000	0.0000	0.0000	0.0000	0.0000	0.0000	0.0000	0.0000	0.0000	0.0000	0.0000	0.0000	0.0000	0.0000	0.0000	0.0177	0.0115	0.0062	0.0037	0.0036	0.0001	0.0140	0.0079	0.0061
8	21	0.0299	7	2	1	1	0	0	0	1	0	0	0	1	1	0	0	0	0	0	0	Y	N	N	N	N	N	N	N	N	N	N	N	N	N	N	N	N	N	0.0000	0.0000	0.0000	0.0000	0.0000	0.0000	0.0000	0.0000	0.0000	0.0000	0.0000	0.0000	0.0000	0.0000	0.0000	0.0000	0.0000	0.0000	0.0000	0.0000	0.0000	0.0000	0.0000	0.0000	0.0000	0.0000	0.0000			0.0000	0.0000	0.0000	4.0000	6.0016	6.9517	0.0000	0.0000	0.0000	0.0000	0.0000	0.0000	0.0000	0.0000	0.0000	0.0000	0.0000	0.0000	0.0000	0.0000	0.0000	0.0000	0.0000	0.0000	0.0000	0.0000	0.0000	0.0000	0.0000	0.0000	0.0000	0.0000	0.0000	0.0897	0.0489	0.0407	0.0038	0.0033	0.0005	0.0858	0.0456	0.0402
8	22	0.1131	18	1	1	1	0	0	0	1	0	0	1	1	2	0	0	0	0	0	0	N	N	N	N	N	Y	N	N	N	N	N	N	N	N	N	N	N	N	0.0000	0.0000	0.0000	0.0000	0.0000	0.0000	0.0000	0.0000	0.0000	0.0000	0.0000	0.0000	0.0000	0.0000	0.0000	0.0000	0.0000	0.0000	0.0006	0.0011	0.0000	0.0043	0.0053	0.0000	0.0000	0.0000	0.0000		0.0000	0.0000	-0.0000	0.0000	1.9867	6.0016	2.0019	0.0000	0.0000	0.0000	0.0000	0.0000	0.0000	0.0000	0.0000	0.0000	0.0000	0.0000	0.0000	0.0000	0.0000	0.0000	0.0000	0.0000	0.0000	0.0000	0.0000	0.0000	0.0000	0.0000	0.0000	0.0000	0.0000	0.0000	0.0311	0.0180	0.0131	0.0046	0.0038	0.0008	0.0265	0.0142	0.0123
8	25	0.0531	11	2	1	1	0	0	0	0	0	0	0	1	1	0	0	0	0	0	0	Y	N	N	N	N	N	N	N	N	N	N	N	N	N	N	N	N	N	0.0000	0.0000	0.0000	0.0000	0.0000	0.0000	0.0000	0.0000	0.0000	0.0000	0.0000	0.0000	0.0000	0.0000	0.0000	0.0000	0.0000	0.0000	0.0003	0.0006	0.0000	0.0039	0.0041	0.0000	0.0000	0.0000	0.0000		0.0000	0.0000	-0.0000	0.0000	5.0123	6.0016	5.9631	0.0000	0.0000	0.0000	0.0000	0.0000	0.0000	0.0000	0.0000	0.0000	0.0000	0.0000	0.0000	0.0000	0.0000	0.0000	0.0000	0.0000	0.0000	0.0000	0.0000	0.0000	0.0000	0.0000	0.0000	0.0000	0.0000	0.0000	0.0955	0.0533	0.0422	0.0078	0.0073	0.0005	0.0877	0.0461	0.0417
8	26	0.0924	15	2	1	1	0	1	0	0	0	0	0	2	1	0	0	0	0	0	0	Y	N	N	N	Y	N	N	N	N	N	N	N	N	N	N	N	N	N	0.0000	0.0000	0.0000	0.0000	0.0000	0.0000	0.0000	0.0000	0.0000	0.0000	0.0000	0.0000	0.0000	0.0000	0.0000	0.0000	0.0000	0.0000	0.0000	0.0000	0.0000	0.0000	0.0000	0.0000	0.0000	0.0000	0.0000			0.0000	0.0000	0.0000	0.0003	6.0016	1.9853	0.0000	0.0000	0.0000	0.0000	0.0000	0.0000	0.0000	0.0000	0.0000	0.0000	0.0000	0.0000	0.0000	0.0000	0.0000	0.0000	0.0000	0.0000	0.0000	0.0000	0.0000	0.0000	0.0000	0.0000	0.0000	0.0000	0.0000	0.0166	0.0095	0.0071	0.0025	0.0022	0.0004	0.0141	0.0074	0.0067
8	29	0.0625	14	2	1	1	0	0	0	0	0	1	0	2	1	0	0	0	0	0	0	Y	N	N	N	Y	N	N	N	N	N	N	N	N	N	N	N	N	N	0.0000	0.0000	0.0000	0.0000	0.0000	0.0000	0.0000	0.0000	0.0000	0.0000	0.0000	0.0000	0.0000	0.0000	0.0000	0.0000	0.0000	0.0000	0.0001	0.0002	0.0000	0.0012	0.0014	0.0000	0.0000	0.0000	0.0000		0.0038	0.0000	-0.0000	0.0000	4.0221	6.0016	17.8334	0.0000	0.0000	0.0000	0.0000	0.0000	0.0000	0.0000	0.0000	0.0000	0.0000	0.0000	0.0000	0.0000	0.0000	0.0000	0.0000	0.0000	0.0000	0.0000	0.0000	0.0000	0.0000	0.0000	0.0000	0.0000	0.0000	0.0000	0.1795	0.1006	0.0789	0.0167	0.0147	0.0021	0.1627	0.0859	0.0769
8	30	0.0549	13	2	1	1	0	1	0	1	0	0	0	1	1	0	0	0	0	0	0	Y	N	N	N	N	N	N	N	N	N	N	N	N	N	N	N	N	N	0.0000	0.0000	0.0000	0.0000	0.0000	0.0000	0.0000	0.0000	0.0000	0.0000	0.0000	0.0000	0.0000	0.0000	0.0000	0.0000	0.0000	0.0000	0.0010	0.0000	0.0021	0.0000	0.0000	0.0000	0.0011	0.0000	0.0022		358.8958	0.0000	0.0000	0.0000	0.9816	6.0016	3.4928	0.0000	0.0000	0.0000	0.0000	0.0000	0.0000	0.0000	0.0000	0.0000	0.0000	0.0000	0.0000	0.0000	0.0000	0.0000	0.0000	0.0000	0.0000	0.0000	0.0000	0.0000	0.0000	0.0000	0.0000	0.0000	0.0000	0.0000	0.0417	0.0228	0.0189	0.0045	0.0042	0.0004	0.0371	0.0186	0.0185
8	33	0.0320	8	2	1	0	1	0	0	0	1	0	0	2	2	0	0	0	0	0	0	Y	N	N	N	Y	Y	N	N	N	N	N	N	N	N	N	N	N	N	0.0000	0.0000	0.0000	0.0000	0.0000	0.0000	0.0000	0.0000	0.0000	0.0000	0.0000	0.0000	0.0000	0.0000	0.0000	0.0000	0.0000	0.0000	0.0000	0.0000	0.0000	0.0000	0.0000	0.0000	0.0000	0.0000	0.0000			0.0000	0.0000	0.0000	1.0004	6.0016	4.0090	0.0000	0.0000	0.0000	0.0000	0.0000	0.0000	0.0000	0.0000	0.0000	0.0000	0.0000	0.0000	0.0000	0.0000	0.0000	0.0000	0.0000	0.0000	0.0000	0.0000	0.0000	0.0000	0.0000	0.0000	0.0000	0.0000	0.0000	0.0398	0.0220	0.0179	0.0018	0.0015	0.0003	0.0380	0.0204	0.0176
8	34	0.0369	9	2	1	0	0	0	0	0	0	0	0	2	2	0	0	0	0	0	0	Y	N	N	N	Y	Y	N	N	N	N	N	N	N	N	N	N	N	N	0.0000	0.0000	0.0000	0.0000	0.0000	0.0000	0.0000	0.0000	0.0000	0.0000	0.0000	0.0000	0.0000	0.0000	0.0000	0.0000	0.0000	0.0000	0.0214	0.0389	0.0000	0.0000	0.0001	0.0000	0.0225	0.0421	0.0000		0.0000	0.0000	-0.0008	0.0000	0.8079	6.0016	8.0263	0.0000	0.0000	0.0000	0.0000	0.0000	0.0000	0.0000	0.0000	0.0000	0.0016	0.0016	0.0000	0.0000	0.0000	0.0000	0.0016	0.0016	0.0000	0.0000	0.0000	0.0000	0.0000	0.0000	0.0000	0.0000	0.0000	0.0000	0.0737	0.0406	0.0332	0.0036	0.0031	0.0005	0.0701	0.0375	0.0326
8	35	0.0364	7	2	1	1	1	0	0	0	1	0	0	2	2	0	0	0	0	0	0	Y	N	N	N	Y	Y	N	N	N	N	N	N	N	N	N	N	N	N	0.0000	0.0000	0.0000	0.0000	0.0000	0.0000	0.0000	0.0000	0.0000	0.0000	0.0000	0.0000	0.0000	0.0000	0.0000	0.0000	0.0000	0.0000	0.0000	0.0000	0.0000	0.0000	0.0000	0.0000	0.0000	0.0000	0.0000			0.0000	0.0000	0.0000	0.0027	6.0016	3.0058	0.0000	0.0000	0.0000	0.0000	0.0000	0.0000	0.0000	0.0000	0.0000	0.0000	0.0000	0.0000	0.0000	0.0000	0.0000	0.0000	0.0000	0.0000	0.0000	0.0000	0.0000	0.0000	0.0000	0.0000	0.0000	0.0000	0.0000	0.0247	0.0134	0.0113	0.0011	0.0009	0.0001	0.0236	0.0124	0.0112
8	36	0.0364	7	2	1	1	0	0	0	0	0	0	0	2	2	0	0	0	0	0	0	Y	N	N	N	Y	Y	N	N	N	N	N	N	N	N	N	N	N	N	0.0000	0.0000	0.0000	0.0000	0.0000	0.0000	0.0000	0.0000	0.0000	0.0000	0.0000	0.0000	0.0000	0.0000	0.0000	0.0000	0.0000	0.0000	0.0000	0.0000	0.0000	0.0000	0.0000	0.0000	0.0000	0.0000	0.0000			0.0000	0.0000	0.0000	1.0024	6.0016	3.0051	0.0000	0.0000	0.0000	0.0000	0.0000	0.0000	0.0000	0.0000	0.0000	0.0000	0.0000	0.0000	0.0000	0.0000	0.0000	0.0000	0.0000	0.0000	0.0000	0.0000	0.0000	0.0000	0.0000	0.0000	0.0000	0.0000	0.0000	0.0326	0.0176	0.0150	0.0014	0.0012	0.0002	0.0313	0.0165	0.0148
8	37	0.0281	6	2	1	1	0	0	0	1	0	1	1	2	2	0	0	0	0	0	0	Y	N	N	N	Y	Y	N	N	N	N	N	N	N	N	N	N	N	N	0.0000	0.0000	0.0000	0.0000	0.0000	0.0000	0.0000	0.0000	0.0000	0.0000	0.0000	0.0000	0.0000	0.0000	0.0000	0.0000	0.0000	0.0000	0.0000	0.0000	0.0000	0.0000	0.0000	0.0000	0.0000	0.0000	0.0000			0.0000	-0.0000	0.0000	1.9948	6.0016	1.9571	0.0000	0.0000	0.0000	0.0000	0.0000	0.0000	0.0000	0.0000	0.0000	0.0000	0.0000	0.0000	0.0000	0.0000	0.0000	0.0000	0.0000	0.0000	0.0000	0.0000	0.0000	0.0000	0.0000	0.0000	0.0000	0.0000	0.0000	0.0340	0.0183	0.0157	0.0016	0.0014	0.0002	0.0324	0.0169	0.0155
8	44	0.0236	4	2	1	1	0	0	0	1	0	0	0	1	2	0	0	0	0	0	0	Y	N	N	N	N	Y	N	N	N	N	N	N	N	N	N	N	N	N	0.0000	0.0000	0.0000	0.0000	0.0000	0.0000	0.0000	0.0000	0.0000	0.0000	0.0000	0.0000	0.0000	0.0000	0.0000	0.0000	0.0000	0.0000	0.0000	0.0000	0.0000	0.0001	0.0001	0.0000	0.0000	0.0000	0.0000		0.0000	0.0000	-0.0000	0.0000	6.0042	6.0016	9.9410	0.0000	0.0000	0.0000	0.0000	0.0000	0.0000	0.0000	0.0000	0.0000	0.0000	0.0000	0.0000	0.0000	0.0000	0.0000	0.0000	0.0000	0.0000	0.0000	0.0000	0.0000	0.0000	0.0000	0.0000	0.0000	0.0000	0.0000	0.1296	0.0702	0.0594	0.0043	0.0037	0.0006	0.1253	0.0664	0.0588
8	45	0.0369	9	2	1	0	0	0	0	0	0	0	0	2	2	0	0	0	0	0	0	Y	N	N	N	Y	Y	N	N	N	N	N	N	N	N	N	N	N	N	0.0000	0.0000	0.0000	0.0000	0.0000	0.0000	0.0000	0.0000	0.0000	0.0000	0.0000	0.0000	0.0000	0.0000	0.0000	0.0000	0.0000	0.0000	0.0001	0.0001	0.0000	0.0012	0.0014	0.0000	0.0000	0.0000	0.0000		0.0000	0.0000	-0.0000	0.0000	1.9986	6.0016	3.0240	0.0000	0.0000	0.0000	0.0000	0.0000	0.0000	0.0000	0.0000	0.0000	0.0000	0.0000	0.0000	0.0000	0.0000	0.0000	0.0000	0.0000	0.0000	0.0000	0.0000	0.0000	0.0000	0.0000	0.0000	0.0000	0.0000	0.0000	0.0429	0.0236	0.0192	0.0023	0.0019	0.0003	0.0406	0.0217	0.0189
8	46	0.0320	8	2	1	0	0	0	0	0	0	0	0	2	2	0	0	0	0	0	0	Y	N	N	N	Y	Y	N	N	N	N	N	N	N	N	N	N	N	N	0.0000	0.0000	0.0000	0.0000	0.0000	0.0000	0.0000	0.0000	0.0000	0.0000	0.0000	0.0000	0.0000	0.0000	0.0000	0.0000	0.0000	0.0000	0.0001	0.0003	0.0000	0.0000	0.0000	0.0000	0.0002	0.0003	0.0000		0.0471	0.0000	-0.0000	0.0000	1.1966	6.0016	1.0046	0.0000	0.0000	0.0000	0.0000	0.0000	0.0000	0.0000	0.0000	0.0000	0.0000	0.0000	0.0000	0.0000	0.0000	0.0000	0.0000	0.0000	0.0000	0.0000	0.0000	0.0000	0.0000	0.0000	0.0000	0.0000	0.0000	0.0000	0.0192	0.0106	0.0086	0.0009	0.0008	0.0001	0.0183	0.0098	0.0085
8	47	0.0299	7	2	1	0	0	0	0	0	0	1	1	2	2	0	0	0	0	0	0	Y	N	N	N	Y	Y	N	N	N	N	N	N	N	N	N	N	N	N	0.0000	0.0000	0.0000	0.0000	0.0000	0.0000	0.0000	0.0000	0.0000	0.0000	0.0000	0.0000	0.0000	0.0000	0.0000	0.0000	0.0000	0.0000	0.0000	0.0000	0.0000	0.0000	0.0000	0.0000	0.0000	0.0000	0.0000			0.0000	0.0000	0.0000	0.0039	6.0016	1.0628	0.0000	0.0000	0.0000	0.0000	0.0000	0.0000	0.0000	0.0000	0.0000	0.0000	0.0000	0.0000	0.0000	0.0000	0.0000	0.0000	0.0000	0.0000	0.0000	0.0000	0.0000	0.0000	0.0000	0.0000	0.0000	0.0000	0.0000	0.0104	0.0057	0.0047	0.0011	0.0010	0.0001	0.0093	0.0047	0.0046
8	48	0.0277	6	2	1	0	0	0	0	0	0	0	0	1	1	0	0	0	0	0	0	Y	N	N	N	N	N	N	N	N	N	N	N	N	N	N	N	N	N	0.0000	0.0000	0.0000	0.0000	0.0000	0.0000	0.0000	0.0000	0.0000	0.0000	0.0000	0.0000	0.0000	0.0000	0.0000	0.0000	0.0000	0.0000	0.0000	0.0000	0.0000	0.0000	0.0000	0.0000	0.0000	0.0000	0.0000			0.0000	0.0000	0.0000	0.0093	6.0016	1.1245	0.0000	0.0000	0.0000	0.0000	0.0000	0.0000	0.0000	0.0000	0.0000	0.0000	0.0000	0.0000	0.0000	0.0000	0.0000	0.0000	0.0000	0.0000	0.0000	0.0000	0.0000	0.0000	0.0000	0.0000	0.0000	0.0000	0.0000	0.0111	0.0061	0.0050	0.0011	0.0011	0.0000	0.0100	0.0050	0.0050
8	49	0.0531	11	2	1	1	0	0	0	0	0	1	0	2	1	0	0	0	0	0	0	Y	N	N	N	Y	N	N	N	N	N	N	N	N	N	N	N	N	N	0.0000	0.0000	0.0000	0.0000	0.0000	0.0000	0.0000	0.0000	0.0000	0.0000	0.0000	0.0000	0.0000	0.0000	0.0000	0.0000	0.0000	0.0000	0.0000	0.0000	0.0000	0.0000	0.0000	0.0000	0.0000	0.0000	0.0000			0.0000	0.0000	0.0000	1.9876	6.0016	9.5024	0.0000	0.0000	0.0000	0.0000	0.0000	0.0000	0.0000	0.0000	0.0000	0.0000	0.0000	0.0000	0.0000	0.0000	0.0000	0.0000	0.0000	0.0000	0.0000	0.0000	0.0000	0.0000	0.0000	0.0000	0.0000	0.0000	0.0000	0.0994	0.0555	0.0439	0.0079	0.0074	0.0005	0.0915	0.0481	0.0434
8	50	0.0517	10	2	1	1	0	0	0	0	0	0	0	1	1	0	0	0	0	0	0	Y	N	N	N	N	N	N	N	N	N	N	N	N	N	N	N	N	N	0.0000	0.0000	0.0000	0.0000	0.0000	0.0000	0.0000	0.0000	0.0000	0.0000	0.0000	0.0000	0.0000	0.0000	0.0000	0.0000	0.0000	0.0000	0.0017	0.0000	0.0044	0.0000	0.0000	0.0000	0.0022	0.0000	0.0044		inf	0.0000	0.0000	0.0000	0.0279	6.0016	1.3258	0.0000	0.0000	0.0000	0.0000	0.0000	0.0000	0.0000	0.0000	0.0000	0.0000	0.0000	0.0000	0.0000	0.0000	0.0000	0.0000	0.0000	0.0000	0.0000	0.0000	0.0000	0.0000	0.0000	0.0000	0.0000	0.0000	0.0000	0.0174	0.0105	0.0069	0.0036	0.0035	0.0001	0.0138	0.0070	0.0068
8	51	0.0451	9	2	1	1	0	0	0	1	0	0	0	1	1	0	0	0	0	0	0	Y	N	N	N	N	N	N	N	N	N	N	N	N	N	N	N	N	N	0.0000	0.0000	0.0000	0.0000	0.0000	0.0000	0.0000	0.0000	0.0000	0.0000	0.0000	0.0000	0.0000	0.0000	0.0000	0.0000	0.0000	0.0000	0.0000	0.0000	0.0000	0.0000	0.0000	0.0000	0.0000	0.0000	0.0000			0.0000	0.0000	0.0000	0.0135	6.0016	3.2161	0.0000	0.0000	0.0000	0.0000	0.0000	0.0000	0.0000	0.0000	0.0000	0.0000	0.0000	0.0000	0.0000	0.0000	0.0000	0.0000	0.0000	0.0000	0.0000	0.0000	0.0000	0.0000	0.0000	0.0000	0.0000	0.0000	0.0000	0.0265	0.0144	0.0122	0.0010	0.0009	0.0001	0.0255	0.0135	0.0120
8	52	0.0277	6	2	1	1	0	0	0	1	0	1	0	2	1	0	0	0	0	0	0	Y	N	N	N	Y	N	N	N	N	N	N	N	N	N	N	N	N	N	0.0000	0.0000	0.0000	0.0000	0.0000	0.0000	0.0000	0.0000	0.0000	0.0000	0.0000	0.0000	0.0000	0.0000	0.0000	0.0000	0.0000	0.0000	0.0000	0.0000	0.0000	0.0000	0.0000	0.0000	0.0000	0.0000	0.0000			0.0000	0.0000	0.0000	1.0059	6.0016	8.9560	0.0000	0.0000	0.0000	0.0000	0.0000	0.0000	0.0000	0.0000	0.0000	0.0000	0.0000	0.0000	0.0000	0.0000	0.0000	0.0000	0.0000	0.0000	0.0000	0.0000	0.0000	0.0000	0.0000	0.0000	0.0000	0.0000	0.0000	0.0824	0.0449	0.0375	0.0034	0.0030	0.0004	0.0790	0.0419	0.0371
8	53	0.0236	5	2	1	0	0	0	0	0	0	0	0	1	1	0	0	0	0	0	0	Y	N	N	N	N	N	N	N	N	N	N	N	N	N	N	N	N	N	0.0000	0.0000	0.0000	0.0000	0.0000	0.0000	0.0000	0.0000	0.0000	0.0000	0.0000	0.0000	0.0000	0.0000	0.0000	0.0000	0.0000	0.0000	0.0000	0.0000	0.0000	0.0002	0.0002	0.0000	0.0000	0.0000	0.0000		0.0000	0.0000	-0.0000	0.0000	0.9898	6.0016	1.1155	0.0000	0.0000	0.0000	0.0000	0.0000	0.0000	0.0000	0.0000	0.0000	0.0000	0.0000	0.0000	0.0000	0.0000	0.0000	0.0000	0.0000	0.0000	0.0000	0.0000	0.0000	0.0000	0.0000	0.0000	0.0000	0.0000	0.0000	0.0189	0.0102	0.0087	0.0011	0.0010	0.0001	0.0178	0.0092	0.0087
8	54	0.0493	11	2	1	0	0	1	0	0	0	0	0	1	1	0	0	0	0	0	0	Y	N	N	N	N	N	N	N	N	N	N	N	N	N	N	N	N	N	0.0000	0.0000	0.0000	0.0000	0.0000	0.0000	0.0000	0.0000	0.0000	0.0000	0.0000	0.0000	0.0000	0.0000	0.0000	0.0000	0.0000	0.0000	0.0098	0.0000	0.0217	0.0000	0.0000	0.0000	0.0102	0.0000	0.0219		inf	0.0000	0.0008	0.0000	5.0000	6.0016	15.9866	0.0000	0.0000	0.0000	0.0000	0.0000	0.0000	0.0000	0.0000	0.0000	0.0016	0.0000	0.0016	0.0000	0.0000	0.0000	0.0016	0.0000	0.0016	0.0000	0.0000	0.0000	0.0000	0.0000	0.0000	0.0000	0.0000	0.0000	0.1609	0.0880	0.0729	0.0064	0.0056	0.0008	0.1545	0.0824	0.0721
8	55	0.3685	16	1	1	0	0	0	0	0	0	1	0	2	1	0	0	0	0	0	0	N	N	N	N	Y	N	N	N	N	N	N	N	N	N	N	N	N	N	0.0000	0.0000	0.0000	0.0000	0.0000	0.0000	0.0000	0.0000	0.0000	0.0000	0.0000	0.0000	0.0000	0.0000	0.0000	0.0000	0.0000	0.0000	0.1285	0.0053	0.3999	0.0072	0.0084	0.0000	0.2553	0.0000	0.5304		34.1035	0.0000	0.0459	0.0000	17.6796	6.0016	56.5727	0.0000	0.0000	0.0000	0.0000	0.0000	0.0000	0.0000	0.0000	0.0000	0.0964	0.0027	0.0937	0.0027	0.0027	0.0000	0.0937	0.0000	0.0937	0.0000	0.0000	0.0000	0.0000	0.0000	0.0000	0.0000	0.0000	0.0000	0.7505	0.5163	0.2342	0.3836	0.3260	0.0576	0.3669	0.1903	0.1766
8	57	0.0126	2	2	1	1	0	0	0	1	0	0	0	2	2	0	0	0	0	0	0	Y	N	N	N	Y	Y	N	N	N	N	N	N	N	N	N	N	N	N	0.0000	0.0000	0.0000	0.0000	0.0000	0.0000	0.0000	0.0000	0.0000	0.0000	0.0000	0.0000	0.0000	0.0000	0.0000	0.0000	0.0000	0.0000	0.0319	0.0598	0.0000	17.9817	18.0435	0.0000	0.0000	0.0000	0.0000		0.0000	0.0000	-0.0008	0.0000	1.0000	6.0016	4.9984	0.0000	0.0000	0.0000	0.0000	0.0000	0.0000	0.0000	0.0000	0.0000	0.0016	0.0016	0.0000	0.0016	0.0016	0.0000	0.0000	0.0000	0.0000	0.0000	0.0000	0.0000	0.0000	0.0000	0.0000	0.0000	0.0000	0.0000	0.0508	0.0270	0.0237	0.0001	0.0001	0.0000	0.0507	0.0270	0.0237
8	64	0.0633	14	2	1	1	0	1	0	1	0	0	0	1	1	0	0	0	0	0	0	Y	N	N	N	N	N	N	N	N	N	N	N	N	N	N	N	N	N	0.0000	0.0000	0.0000	0.0000	0.0000	0.0000	0.0000	0.0000	0.0000	0.0000	0.0000	0.0000	0.0000	0.0000	0.0000	0.0000	0.0000	0.0000	0.0081	0.0001	0.0179	0.0008	0.0009	0.0001	0.0086	0.0000	0.0183		157.7915	0.0000	0.0008	0.0000	3.9919	6.0016	21.4457	0.0000	0.0000	0.0000	0.0000	0.0000	0.0000	0.0000	0.0000	0.0000	0.0016	0.0000	0.0016	0.0000	0.0000	0.0000	0.0016	0.0000	0.0016	0.0000	0.0000	0.0000	0.0000	0.0000	0.0000	0.0000	0.0000	0.0000	0.1964	0.1085	0.0880	0.0133	0.0118	0.0015	0.1832	0.0967	0.0864
8	65	0.0733	15	1	1	0	0	0	0	0	0	0	1	1	2	0	0	0	0	0	0	N	N	N	N	N	Y	N	N	N	N	N	N	N	N	N	N	N	N	0.0000	0.0000	0.0000	0.0000	0.0000	0.0000	0.0000	0.0000	0.0000	0.0000	0.0000	0.0000	0.0000	0.0000	0.0000	0.0000	0.0000	0.0000	0.0000	0.0000	0.0000	0.0000	0.0000	0.0000	0.0000	0.0000	0.0000			0.0000	0.0000	0.0000	3.0012	6.0016	1.7329	0.0000	0.0000	0.0000	0.0000	0.0000	0.0000	0.0000	0.0000	0.0000	0.0000	0.0000	0.0000	0.0000	0.0000	0.0000	0.0000	0.0000	0.0000	0.0000	0.0000	0.0000	0.0000	0.0000	0.0000	0.0000	0.0000	0.0000	0.0435	0.0256	0.0178	0.0053	0.0049	0.0003	0.0382	0.0207	0.0175
8	71	0.0549	12	2	1	1	0	1	0	1	0	0	0	1	1	0	0	0	0	0	0	Y	N	N	N	N	N	N	N	N	N	N	N	N	N	N	N	N	N	0.0000	0.0000	0.0000	0.0000	0.0000	0.0000	0.0000	0.0000	0.0000	0.0000	0.0000	0.0000	0.0000	0.0000	0.0000	0.0000	0.0000	0.0000	0.0000	0.0000	0.0000	0.0000	0.0000	0.0000	0.0000	0.0000	0.0000			0.0000	0.0000	0.0000	7.9989	6.0016	11.5475	0.0000	0.0000	0.0000	0.0000	0.0000	0.0000	0.0000	0.0000	0.0000	0.0000	0.0000	0.0000	0.0000	0.0000	0.0000	0.0000	0.0000	0.0000	0.0000	0.0000	0.0000	0.0000	0.0000	0.0000	0.0000	0.0000	0.0000	0.1731	0.1008	0.0724	0.0242	0.0204	0.0038	0.1489	0.0804	0.0686
8	72	0.0318	8	2	1	1	0	0	0	1	0	0	0	1	1	0	0	0	0	0	0	Y	N	N	N	N	N	N	N	N	N	N	N	N	N	N	N	N	N	0.0000	0.0000	0.0000	0.0000	0.0000	0.0000	0.0000	0.0000	0.0000	0.0000	0.0000	0.0000	0.0000	0.0000	0.0000	0.0000	0.0000	0.0000	8.5580	0.0000	18.6649	0.0000	0.0000	0.0000	8.9764	0.0000	18.8571		inf	0.0000	0.5045	0.0000	3.9977	6.0016	10.1847	0.0000	0.0000	0.0000	0.0000	0.0000	0.0000	0.0000	0.0000	0.0000	0.9995	0.0000	0.9995	0.0000	0.0000	0.0000	0.9995	0.0000	0.9995	0.0000	0.0000	0.0000	0.0000	0.0000	0.0000	0.0000	0.0000	0.0000	0.1168	0.0632	0.0536	0.0054	0.0049	0.0005	0.1114	0.0583	0.0530
8	77	0.1030	16	1	1	1	0	0	0	0	0	0	0	2	1	0	0	0	0	0	0	N	N	N	N	Y	N	N	N	N	N	N	N	N	N	N	N	N	N	0.0000	0.0000	0.0000	0.0000	0.0000	0.0000	0.0000	0.0000	0.0000	0.0000	0.0000	0.0000	0.0000	0.0000	0.0000	0.0000	0.0000	0.0000	0.0000	0.0000	0.0000	0.0000	0.0000	0.0000	0.0000	0.0000	0.0000			0.0000	0.0000	0.0000	0.0000	6.0016	0.0000	0.0000	0.0000	0.0000	0.0000	0.0000	0.0000	0.0000	0.0000	0.0000	0.0000	0.0000	0.0000	0.0000	0.0000	0.0000	0.0000	0.0000	0.0000	0.0000	0.0000	0.0000	0.0000	0.0000	0.0000	0.0000	0.0000	0.0000	0.0000	0.0000	0.0000	0.0000	0.0000	0.0000	0.0000	0.0000	0.0000
8	78	0.0924	15	1	1	1	0	0	0	0	0	0	0	2	1	0	0	0	0	0	0	N	N	N	N	Y	N	N	N	N	N	N	N	N	N	N	N	N	N	0.0000	0.0000	0.0000	0.0000	0.0000	0.0000	0.0000	0.0000	0.0000	0.0000	0.0000	0.0000	0.0000	0.0000	0.0000	0.0000	0.0000	0.0000	0.0000	0.0000	0.0000	0.0000	0.0000	0.0000	0.0000	0.0000	0.0000			0.0000	0.0000	0.0000	0.9998	6.0016	4.0242	0.0000	0.0000	0.0000	0.0000	0.0000	0.0000	0.0000	0.0000	0.0000	0.0000	0.0000	0.0000	0.0000	0.0000	0.0000	0.0000	0.0000	0.0000	0.0000	0.0000	0.0000	0.0000	0.0000	0.0000	0.0000	0.0000	0.0000	0.0405	0.0230	0.0175	0.0058	0.0049	0.0009	0.0347	0.0181	0.0166
8	79	0.0840	14	1	1	1	0	0	0	1	0	1	0	2	1	0	0	0	0	0	0	N	N	N	N	Y	N	N	N	N	N	N	N	N	N	N	N	N	N	0.0000	0.0000	0.0000	0.0000	0.0000	0.0000	0.0000	0.0000	0.0000	0.0000	0.0000	0.0000	0.0000	0.0000	0.0000	0.0000	0.0000	0.0000	0.0014	0.0024	0.0000	0.0098	0.0112	0.0000	0.0000	0.0000	0.0000		0.0000	0.0000	-0.0000	0.0000	2.0024	6.0016	2.0159	0.0000	0.0000	0.0000	0.0000	0.0000	0.0000	0.0000	0.0000	0.0000	0.0000	0.0000	0.0000	0.0000	0.0000	0.0000	0.0000	0.0000	0.0000	0.0000	0.0000	0.0000	0.0000	0.0000	0.0000	0.0000	0.0000	0.0000	0.0352	0.0205	0.0147	0.0051	0.0045	0.0006	0.0301	0.0160	0.0141
8	81	0.1037	16	1	1	0	0	0	0	0	0	0	1	1	2	0	0	0	0	0	0	N	N	N	N	N	Y	N	N	N	N	N	N	N	N	N	N	N	N	0.0000	0.0000	0.0000	0.0000	0.0000	0.0000	0.0000	0.0000	0.0000	0.0000	0.0000	0.0000	0.0000	0.0000	0.0000	0.0000	0.0000	0.0000	0.0000	0.0000	0.0000	0.0000	0.0000	0.0000	0.0000	0.0000	0.0000			0.0000	0.0000	0.0000	0.0000	6.0016	2.0000	0.0000	0.0000	0.0000	0.0000	0.0000	0.0000	0.0000	0.0000	0.0000	0.0000	0.0000	0.0000	0.0000	0.0000	0.0000	0.0000	0.0000	0.0000	0.0000	0.0000	0.0000	0.0000	0.0000	0.0000	0.0000	0.0000	0.0000	0.0161	0.0092	0.0069	0.0022	0.0019	0.0004	0.0138	0.0073	0.0065
8	82	0.1058	19	1	1	0	0	0	0	0	0	0	0	1	2	0	0	0	0	0	0	N	N	N	N	N	Y	N	N	N	N	N	N	N	N	N	N	N	N	0.0000	0.0000	0.0000	0.0000	0.0000	0.0000	0.0000	0.0000	0.0000	0.0000	0.0000	0.0000	0.0000	0.0000	0.0000	0.0000	0.0000	0.0000	0.0000	0.0000	0.0000	0.0000	0.0000	0.0000	0.0000	0.0000	0.0000			0.0000	0.0000	0.0000	1.0008	6.0016	3.0055	0.0000	0.0000	0.0000	0.0000	0.0000	0.0000	0.0000	0.0000	0.0000	0.0000	0.0000	0.0000	0.0000	0.0000	0.0000	0.0000	0.0000	0.0000	0.0000	0.0000	0.0000	0.0000	0.0000	0.0000	0.0000	0.0000	0.0000	0.0322	0.0184	0.0137	0.0046	0.0038	0.0007	0.0276	0.0146	0.0130
8	83	0.1037	18	1	1	0	0	0	0	0	0	0	1	1	2	0	0	0	0	0	0	N	N	N	N	N	Y	N	N	N	N	N	N	N	N	N	N	N	N	0.0000	0.0000	0.0000	0.0000	0.0000	0.0000	0.0000	0.0000	0.0000	0.0000	0.0000	0.0000	0.0000	0.0000	0.0000	0.0000	0.0000	0.0000	0.0000	0.0000	0.0000	0.0000	0.0000	0.0000	0.0000	0.0000	0.0000			0.0000	0.0000	0.0000	0.0009	6.0016	1.0031	0.0000	0.0000	0.0000	0.0000	0.0000	0.0000	0.0000	0.0000	0.0000	0.0000	0.0000	0.0000	0.0000	0.0000	0.0000	0.0000	0.0000	0.0000	0.0000	0.0000	0.0000	0.0000	0.0000	0.0000	0.0000	0.0000	0.0000	0.0081	0.0046	0.0035	0.0011	0.0009	0.0002	0.0070	0.0037	0.0033
8	85	0.1037	17	1	1	0	0	0	0	0	0	0	1	1	2	0	0	0	0	0	0	N	N	N	N	N	Y	N	N	N	N	N	N	N	N	N	N	N	N	0.0000	0.0000	0.0000	0.0000	0.0000	0.0000	0.0000	0.0000	0.0000	0.0000	0.0000	0.0000	0.0000	0.0000	0.0000	0.0000	0.0000	0.0000	0.0000	0.0000	0.0000	0.0000	0.0000	0.0000	0.0000	0.0000	0.0000			0.0000	0.0000	0.0000	0.0000	6.0016	0.0000	0.0000	0.0000	0.0000	0.0000	0.0000	0.0000	0.0000	0.0000	0.0000	0.0000	0.0000	0.0000	0.0000	0.0000	0.0000	0.0000	0.0000	0.0000	0.0000	0.0000	0.0000	0.0000	0.0000	0.0000	0.0000	0.0000	0.0000	0.0000	0.0000	0.0000	0.0000	0.0000	0.0000	0.0000	0.0000	0.0000
8	90	0.0527	11	2	1	1	0	1	0	1	0	1	0	2	1	0	0	0	0	0	0	Y	N	N	N	Y	N	N	N	N	N	N	N	N	N	N	N	N	N	0.0000	0.0000	0.0000	0.0000	0.0000	0.0000	0.0000	0.0000	0.0000	0.0000	0.0000	0.0000	0.0000	0.0000	0.0000	0.0000	0.0000	0.0000	0.0000	0.0000	0.0000	0.0000	0.0000	0.0000	0.0000	0.0000	0.0000			0.0000	0.0000	0.0000	6.9987	6.0016	5.3508	0.0000	0.0000	0.0000	0.0000	0.0000	0.0000	0.0000	0.0000	0.0000	0.0000	0.0000	0.0000	0.0000	0.0000	0.0000	0.0000	0.0000	0.0000	0.0000	0.0000	0.0000	0.0000	0.0000	0.0000	0.0000	0.0000	0.0000	0.1212	0.0722	0.0489	0.0210	0.0179	0.0032	0.1001	0.0544	0.0458
8	91	0.0594	13	2	1	1	0	1	0	1	0	0	0	1	1	0	0	0	0	0	0	Y	N	N	N	N	N	N	N	N	N	N	N	N	N	N	N	N	N	0.0000	0.0000	0.0000	0.0000	0.0000	0.0000	0.0000	0.0000	0.0000	0.0000	0.0000	0.0000	0.0000	0.0000	0.0000	0.0000	0.0000	0.0000	0.0000	0.0000	0.0000	0.0000	0.0000	0.0000	0.0000	0.0000	0.0000			0.0000	0.0000	0.0000	1.0039	6.0016	13.1994	0.0000	0.0000	0.0000	0.0000	0.0000	0.0000	0.0000	0.0000	0.0000	0.0000	0.0000	0.0000	0.0000	0.0000	0.0000	0.0000	0.0000	0.0000	0.0000	0.0000	0.0000	0.0000	0.0000	0.0000	0.0000	0.0000	0.0000	0.1216	0.0699	0.0516	0.0158	0.0136	0.0022	0.1057	0.0563	0.0494
9	10	0.0237	7	2	1	1	0	0	1	0	0	0	0	2	1	0	0	0	0	0	0	Y	N	N	N	Y	N	N	N	N	N	N	N	N	N	N	N	N	N	0.0000	0.0000	0.0000	0.0000	0.0000	0.0000	0.0000	0.0000	0.0000	0.0000	0.0000	0.0000	0.0000	0.0000	0.0000	0.0000	0.0000	0.0000	0.2678	0.1888	0.4603	0.3472	0.3492	0.0000	0.2179	0.0000	0.4638		1.0000	0.0000	0.0000	0.0000	0.8668	0.0034	6.8776	0.0000	0.0000	0.0000	0.0000	0.0000	0.0000	0.0000	0.0000	0.0000	0.0000	0.0000	0.0000	0.0000	0.0000	0.0000	0.0000	0.0000	0.0000	0.0000	0.0000	0.0000	0.0000	0.0000	0.0000	0.0000	0.0000	0.0000	0.0001	0.0001	0.0000	0.0001	0.0001	0.0000	0.0001	0.0000	0.0000
9	11	0.0932	18	1	1	0	0	0	1	0	0	0	0	1	2	0	0	0	0	0	0	N	N	N	N	N	Y	N	N	N	N	N	N	N	N	N	N	N	N	0.0000	0.0000	0.0000	0.0000	0.0000	0.0000	0.0000	0.0000	0.0000	0.0000	0.0000	0.0000	0.0000	0.0000	0.0000	0.0000	0.0000	0.0000	0.0000	0.0000	0.0000	0.0000	0.0000	0.0000	0.0000	0.0000	0.0000			0.0000	0.0000	0.0000	0.9992	0.0034	0.9994	0.0000	0.0000	0.0000	0.0000	0.0000	0.0000	0.0000	0.0000	0.0000	0.0000	0.0000	0.0000	0.0000	0.0000	0.0000	0.0000	0.0000	0.0000	0.0000	0.0000	0.0000	0.0000	0.0000	0.0000	0.0000	0.0000	0.0000	0.0000	0.0000	0.0000	0.0000	0.0000	0.0000	0.0000	0.0000	0.0000
9	15	0.0390	9	2	1	1	0	0	1	0	0	1	0	2	1	0	0	0	0	0	0	Y	N	N	N	Y	N	N	N	N	N	N	N	N	N	N	N	N	N	0.0000	0.0000	0.0000	0.0000	0.0000	0.0000	0.0000	0.0000	0.0000	0.0000	0.0000	0.0000	0.0000	0.0000	0.0000	0.0000	0.0000	0.0000	0.0000	0.0000	0.0000	0.0000	0.0000	0.0000	0.0000	0.0000	0.0000			0.0000	0.0000	0.0000	2.9875	0.0034	6.8646	0.0000	0.0000	0.0000	0.0000	0.0000	0.0000	0.0000	0.0000	0.0000	0.0000	0.0000	0.0000	0.0000	0.0000	0.0000	0.0000	0.0000	0.0000	0.0000	0.0000	0.0000	0.0000	0.0000	0.0000	0.0000	0.0000	0.0000	0.0002	0.0001	0.0001	0.0001	0.0001	0.0000	0.0001	0.0001	0.0001
9	16	0.0630	15	2	1	1	0	0	1	0	0	0	0	1	1	0	0	0	0	0	0	Y	N	N	N	N	N	N	N	N	N	N	N	N	N	N	N	N	N	0.0000	0.0000	0.0000	0.0000	0.0000	0.0000	0.0000	0.0000	0.0000	0.0000	0.0000	0.0000	0.0000	0.0000	0.0000	0.0000	0.0000	0.0000	0.0000	0.0000	0.0000	0.0000	0.0000	0.0000	0.0000	0.0000	0.0000			0.0000	0.0000	0.0000	0.0003	0.0034	4.3365	0.0000	0.0000	0.0000	0.0000	0.0000	0.0000	0.0000	0.0000	0.0000	0.0000	0.0000	0.0000	0.0000	0.0000	0.0000	0.0000	0.0000	0.0000	0.0000	0.0000	0.0000	0.0000	0.0000	0.0000	0.0000	0.0000	0.0000	0.0001	0.0001	0.0000	0.0000	0.0000	0.0000	0.0001	0.0000	0.0000
9	17	0.0237	7	2	1	1	0	0	1	0	0	0	0	2	1	0	0	0	0	0	0	Y	N	N	N	Y	N	N	N	N	N	N	N	N	N	N	N	N	N	0.0000	0.0000	0.0000	0.0000	0.0000	0.0000	0.0000	0.0000	0.0000	0.0000	0.0000	0.0000	0.0000	0.0000	0.0000	0.0000	0.0000	0.0000	0.0013	0.0009	0.0022	0.0016	0.0016	0.0000	0.0010	0.0000	0.0022		1.0000	0.0000	0.0000	0.0000	2.7647	0.0034	5.8236	0.0000	0.0000	0.0000	0.0000	0.0000	0.0000	0.0000	0.0000	0.0000	0.0000	0.0000	0.0000	0.0000	0.0000	0.0000	0.0000	0.0000	0.0000	0.0000	0.0000	0.0000	0.0000	0.0000	0.0000	0.0000	0.0000	0.0000	0.0002	0.0001	0.0000	0.0001	0.0001	0.0000	0.0001	0.0001	0.0000
9	18	0.0177	6	2	1	1	0	0	1	1	0	1	0	2	1	0	0	0	0	0	0	Y	N	N	N	Y	N	N	N	N	N	N	N	N	N	N	N	N	N	0.0000	0.0000	0.0000	0.0000	0.0000	0.0000	0.0000	0.0000	0.0000	0.0000	0.0000	0.0000	0.0000	0.0000	0.0000	0.0000	0.0000	0.0000	0.0048	0.0034	0.0081	0.0063	0.0063	0.0000	0.0039	0.0000	0.0081		1.0000	0.0000	0.0000	0.0000	1.3564	0.0034	1.3957	0.0000	0.0000	0.0000	0.0000	0.0000	0.0000	0.0000	0.0000	0.0000	0.0000	0.0000	0.0000	0.0000	0.0000	0.0000	0.0000	0.0000	0.0000	0.0000	0.0000	0.0000	0.0000	0.0000	0.0000	0.0000	0.0000	0.0000	0.0001	0.0000	0.0000	0.0000	0.0000	0.0000	0.0000	0.0000	0.0000
9	19	0.0630	15	2	1	1	0	0	1	0	0	0	0	1	1	0	0	0	0	0	0	Y	N	N	N	N	N	N	N	N	N	N	N	N	N	N	N	N	N	0.0000	0.0000	0.0000	0.0000	0.0000	0.0000	0.0000	0.0000	0.0000	0.0000	0.0000	0.0000	0.0000	0.0000	0.0000	0.0000	0.0000	0.0000	0.0000	0.0000	0.0000	0.0000	0.0000	0.0000	0.0000	0.0000	0.0000			0.0000	0.0000	0.0000	2.8857	0.0034	5.7708	0.0000	0.0000	0.0000	0.0000	0.0000	0.0000	0.0000	0.0000	0.0000	0.0000	0.0000	0.0000	0.0000	0.0000	0.0000	0.0000	0.0000	0.0000	0.0000	0.0000	0.0000	0.0000	0.0000	0.0000	0.0000	0.0000	0.0000	0.0002	0.0001	0.0000	0.0001	0.0001	0.0000	0.0001	0.0001	0.0000
9	20	0.0607	14	2	1	1	0	1	1	1	0	0	0	1	1	0	0	0	0	0	0	Y	N	N	N	N	N	N	N	N	N	N	N	N	N	N	N	N	N	0.0000	0.0000	0.0000	0.0000	0.0000	0.0000	0.0000	0.0000	0.0000	0.0000	0.0000	0.0000	0.0000	0.0000	0.0000	0.0000	0.0000	0.0000	0.0000	0.0000	0.0000	0.0000	0.0000	0.0000	0.0000	0.0000	0.0000			0.0000	0.0000	0.0000	0.1176	0.0034	1.3493	0.0000	0.0000	0.0000	0.0000	0.0000	0.0000	0.0000	0.0000	0.0000	0.0000	0.0000	0.0000	0.0000	0.0000	0.0000	0.0000	0.0000	0.0000	0.0000	0.0000	0.0000	0.0000	0.0000	0.0000	0.0000	0.0000	0.0000	0.0000	0.0000	0.0000	0.0000	0.0000	0.0000	0.0000	0.0000	0.0000
9	21	0.0173	6	2	1	1	0	0	1	1	0	0	0	1	1	0	0	0	0	0	0	Y	N	N	N	N	N	N	N	N	N	N	N	N	N	N	N	N	N	0.0000	0.0000	0.0000	0.0000	0.0000	0.0000	0.0000	0.0000	0.0000	0.0000	0.0000	0.0000	0.0000	0.0000	0.0000	0.0000	0.0000	0.0000	0.0000	0.0000	0.0000	0.0000	0.0000	0.0000	0.0000	0.0000	0.0000			0.0000	0.0000	0.0000	4.0000	0.0034	6.9517	0.0000	0.0000	0.0000	0.0000	0.0000	0.0000	0.0000	0.0000	0.0000	0.0000	0.0000	0.0000	0.0000	0.0000	0.0000	0.0000	0.0000	0.0000	0.0000	0.0000	0.0000	0.0000	0.0000	0.0000	0.0000	0.0000	0.0000	0.0002	0.0001	0.0001	0.0001	0.0001	0.0000	0.0001	0.0001	0.0001
9	22	0.1005	17	1	1	1	0	0	1	1	0	0	1	1	2	0	0	0	0	0	0	N	N	N	N	N	Y	N	N	N	N	N	N	N	N	N	N	N	N	0.0000	0.0000	0.0000	0.0000	0.0000	0.0000	0.0000	0.0000	0.0000	0.0000	0.0000	0.0000	0.0000	0.0000	0.0000	0.0000	0.0000	0.0000	0.0000	0.0000	0.0000	0.0000	0.0000	0.0000	0.0000	0.0000	0.0000			0.0000	0.0000	0.0000	1.9867	0.0034	2.0019	0.0000	0.0000	0.0000	0.0000	0.0000	0.0000	0.0000	0.0000	0.0000	0.0000	0.0000	0.0000	0.0000	0.0000	0.0000	0.0000	0.0000	0.0000	0.0000	0.0000	0.0000	0.0000	0.0000	0.0000	0.0000	0.0000	0.0000	0.0001	0.0001	0.0000	0.0000	0.0000	0.0000	0.0000	0.0000	0.0000
9	25	0.0405	10	2	1	1	0	0	1	0	0	0	0	1	1	0	0	0	0	0	0	Y	N	N	N	N	N	N	N	N	N	N	N	N	N	N	N	N	N	0.0000	0.0000	0.0000	0.0000	0.0000	0.0000	0.0000	0.0000	0.0000	0.0000	0.0000	0.0000	0.0000	0.0000	0.0000	0.0000	0.0000	0.0000	0.0000	0.0000	0.0000	0.0000	0.0000	0.0000	0.0000	0.0000	0.0000			0.0000	0.0000	0.0000	5.0123	0.0034	5.9631	0.0000	0.0000	0.0000	0.0000	0.0000	0.0000	0.0000	0.0000	0.0000	0.0000	0.0000	0.0000	0.0000	0.0000	0.0000	0.0000	0.0000	0.0000	0.0000	0.0000	0.0000	0.0000	0.0000	0.0000	0.0000	0.0000	0.0000	0.0002	0.0001	0.0001	0.0001	0.0001	0.0000	0.0001	0.0001	0.0001
9	26	0.0798	14	2	1	1	0	1	1	0	0	0	0	2	1	0	0	0	0	0	0	Y	N	N	N	Y	N	N	N	N	N	N	N	N	N	N	N	N	N	0.0000	0.0000	0.0000	0.0000	0.0000	0.0000	0.0000	0.0000	0.0000	0.0000	0.0000	0.0000	0.0000	0.0000	0.0000	0.0000	0.0000	0.0000	0.0000	0.0000	0.0000	0.0000	0.0000	0.0000	0.0000	0.0000	0.0000			0.0000	0.0000	0.0000	0.0003	0.0034	1.9853	0.0000	0.0000	0.0000	0.0000	0.0000	0.0000	0.0000	0.0000	0.0000	0.0000	0.0000	0.0000	0.0000	0.0000	0.0000	0.0000	0.0000	0.0000	0.0000	0.0000	0.0000	0.0000	0.0000	0.0000	0.0000	0.0000	0.0000	0.0000	0.0000	0.0000	0.0000	0.0000	0.0000	0.0000	0.0000	0.0000
9	29	0.0499	13	2	1	1	0	0	1	0	0	1	0	2	1	0	0	0	0	0	0	Y	N	N	N	Y	N	N	N	N	N	N	N	N	N	N	N	N	N	0.0000	0.0000	0.0000	0.0000	0.0000	0.0000	0.0000	0.0000	0.0000	0.0000	0.0000	0.0000	0.0000	0.0000	0.0000	0.0000	0.0000	0.0000	0.1031	0.0726	0.1782	0.1321	0.1332	0.0000	0.0846	0.0000	0.1801		1.0000	0.0000	0.0000	0.0000	4.0221	0.0034	17.8334	0.0000	0.0000	0.0000	0.0000	0.0000	0.0000	0.0000	0.0000	0.0000	0.0000	0.0000	0.0000	0.0000	0.0000	0.0000	0.0000	0.0000	0.0000	0.0000	0.0000	0.0000	0.0000	0.0000	0.0000	0.0000	0.0000	0.0000	0.0004	0.0003	0.0001	0.0002	0.0002	0.0000	0.0002	0.0001	0.0001
9	30	0.0423	12	2	1	1	0	1	1	1	0	0	0	1	1	0	0	0	0	0	0	Y	N	N	N	N	N	N	N	N	N	N	N	N	N	N	N	N	N	0.0000	0.0000	0.0000	0.0000	0.0000	0.0000	0.0000	0.0000	0.0000	0.0000	0.0000	0.0000	0.0000	0.0000	0.0000	0.0000	0.0000	0.0000	0.0030	0.0021	0.0050	0.0038	0.0038	0.0000	0.0024	0.0000	0.0051		1.0070	0.0000	0.0000	0.0000	0.9816	0.0034	3.4928	0.0000	0.0000	0.0000	0.0000	0.0000	0.0000	0.0000	0.0000	0.0000	0.0000	0.0000	0.0000	0.0000	0.0000	0.0000	0.0000	0.0000	0.0000	0.0000	0.0000	0.0000	0.0000	0.0000	0.0000	0.0000	0.0000	0.0000	0.0001	0.0001	0.0000	0.0000	0.0000	0.0000	0.0001	0.0000	0.0000
9	33	0.0194	7	2	1	0	1	0	1	0	1	0	0	2	2	0	0	0	0	0	0	Y	N	N	N	Y	Y	N	N	N	N	N	N	N	N	N	N	N	N	0.0000	0.0000	0.0000	0.0000	0.0000	0.0000	0.0000	0.0000	0.0000	0.0000	0.0000	0.0000	0.0000	0.0000	0.0000	0.0000	0.0000	0.0000	0.0000	0.0000	0.0000	0.0000	0.0000	0.0000	0.0000	0.0000	0.0000			0.0000	0.0000	0.0000	1.0004	0.0034	4.0090	0.0000	0.0000	0.0000	0.0000	0.0000	0.0000	0.0000	0.0000	0.0000	0.0000	0.0000	0.0000	0.0000	0.0000	0.0000	0.0000	0.0000	0.0000	0.0000	0.0000	0.0000	0.0000	0.0000	0.0000	0.0000	0.0000	0.0000	0.0001	0.0001	0.0000	0.0000	0.0000	0.0000	0.0001	0.0000	0.0000
9	34	0.0243	8	2	1	0	0	0	1	0	0	0	0	2	2	0	0	0	0	0	0	Y	N	N	N	Y	Y	N	N	N	N	N	N	N	N	N	N	N	N	0.0000	0.0000	0.0000	0.0000	0.0000	0.0000	0.0000	0.0000	0.0000	0.0000	0.0000	0.0000	0.0000	0.0000	0.0000	0.0000	0.0000	0.0000	17.5641	24.6373	0.0000	20.8403	21.7197	0.0000	15.2901	28.2243	0.0000		0.0000	0.0000	-0.0016	0.0000	0.8079	0.0034	8.0263	0.0000	0.0000	0.0000	0.0000	0.0000	0.0000	0.0000	0.0000	0.0000	0.0032	0.0032	0.0000	0.0016	0.0016	0.0000	0.0017	0.0017	0.0000	0.0000	0.0000	0.0000	0.0000	0.0000	0.0000	0.0000	0.0000	0.0000	0.0002	0.0001	0.0001	0.0001	0.0001	0.0000	0.0001	0.0001	0.0000
9	35	0.0238	6	2	1	1	1	0	1	0	1	0	0	2	2	0	0	0	0	0	0	Y	N	N	N	Y	Y	N	N	N	N	N	N	N	N	N	N	N	N	0.0000	0.0000	0.0000	0.0000	0.0000	0.0000	0.0000	0.0000	0.0000	0.0000	0.0000	0.0000	0.0000	0.0000	0.0000	0.0000	0.0000	0.0000	0.0000	0.0000	0.0000	0.0000	0.0000	0.0000	0.0000	0.0000	0.0000			0.0000	0.0000	0.0000	0.0027	0.0034	3.0058	0.0000	0.0000	0.0000	0.0000	0.0000	0.0000	0.0000	0.0000	0.0000	0.0000	0.0000	0.0000	0.0000	0.0000	0.0000	0.0000	0.0000	0.0000	0.0000	0.0000	0.0000	0.0000	0.0000	0.0000	0.0000	0.0000	0.0000	0.0001	0.0000	0.0000	0.0000	0.0000	0.0000	0.0000	0.0000	0.0000
9	36	0.0238	6	2	1	1	0	0	1	0	0	0	0	2	2	0	0	0	0	0	0	Y	N	N	N	Y	Y	N	N	N	N	N	N	N	N	N	N	N	N	0.0000	0.0000	0.0000	0.0000	0.0000	0.0000	0.0000	0.0000	0.0000	0.0000	0.0000	0.0000	0.0000	0.0000	0.0000	0.0000	0.0000	0.0000	0.0000	0.0000	0.0000	0.0000	0.0000	0.0000	0.0000	0.0000	0.0000			0.0000	0.0000	0.0000	1.0024	0.0034	3.0051	0.0000	0.0000	0.0000	0.0000	0.0000	0.0000	0.0000	0.0000	0.0000	0.0000	0.0000	0.0000	0.0000	0.0000	0.0000	0.0000	0.0000	0.0000	0.0000	0.0000	0.0000	0.0000	0.0000	0.0000	0.0000	0.0000	0.0000	0.0001	0.0001	0.0000	0.0000	0.0000	0.0000	0.0000	0.0000	0.0000
9	37	0.0154	5	2	1	1	0	0	1	1	0	1	1	2	2	0	0	0	0	0	0	Y	N	N	N	Y	Y	N	N	N	N	N	N	N	N	N	N	N	N	0.0000	0.0000	0.0000	0.0000	0.0000	0.0000	0.0000	0.0000	0.0000	0.0000	0.0000	0.0000	0.0000	0.0000	0.0000	0.0000	0.0000	0.0000	0.0000	0.0000	0.0000	0.0000	0.0000	0.0000	0.0000	0.0000	0.0000			0.0000	0.0000	0.0000	1.9948	0.0034	1.9571	0.0000	0.0000	0.0000	0.0000	0.0000	0.0000	0.0000	0.0000	0.0000	0.0000	0.0000	0.0000	0.0000	0.0000	0.0000	0.0000	0.0000	0.0000	0.0000	0.0000	0.0000	0.0000	0.0000	0.0000	0.0000	0.0000	0.0000	0.0001	0.0001	0.0000	0.0000	0.0000	0.0000	0.0000	0.0000	0.0000
9	44	0.0110	3	2	1	1	0	0	1	1	0	0	0	1	2	0	0	0	0	0	0	Y	N	N	N	N	Y	N	N	N	N	N	N	N	N	N	N	N	N	0.0000	0.0000	0.0000	0.0000	0.0000	0.0000	0.0000	0.0000	0.0000	0.0000	0.0000	0.0000	0.0000	0.0000	0.0000	0.0000	0.0000	0.0000	0.0016	0.0011	0.0026	0.0021	0.0021	0.0000	0.0012	0.0000	0.0026		0.9460	0.0000	-0.0000	0.0000	6.0042	0.0034	9.9410	0.0000	0.0000	0.0000	0.0000	0.0000	0.0000	0.0000	0.0000	0.0000	0.0000	0.0000	0.0000	0.0000	0.0000	0.0000	0.0000	0.0000	0.0000	0.0000	0.0000	0.0000	0.0000	0.0000	0.0000	0.0000	0.0000	0.0000	0.0003	0.0002	0.0001	0.0001	0.0001	0.0000	0.0002	0.0001	0.0001
9	45	0.0243	8	2	1	0	0	0	1	0	0	0	0	2	2	0	0	0	0	0	0	Y	N	N	N	Y	Y	N	N	N	N	N	N	N	N	N	N	N	N	0.0000	0.0000	0.0000	0.0000	0.0000	0.0000	0.0000	0.0000	0.0000	0.0000	0.0000	0.0000	0.0000	0.0000	0.0000	0.0000	0.0000	0.0000	0.0517	0.0372	0.0877	0.1190	0.0667	0.9022	0.0020	0.0000	0.0043		0.9460	0.0000	-0.0000	0.0000	1.9986	0.0034	3.0240	0.0000	0.0000	0.0000	0.0000	0.0000	0.0000	0.0000	0.0000	0.0000	0.0000	0.0000	0.0000	0.0000	0.0000	0.0000	0.0000	0.0000	0.0000	0.0000	0.0000	0.0000	0.0000	0.0000	0.0000	0.0000	0.0000	0.0000	0.0001	0.0001	0.0000	0.0000	0.0000	0.0000	0.0001	0.0000	0.0000
9	46	0.0194	7	2	1	0	0	0	1	0	0	0	0	2	2	0	0	0	0	0	0	Y	N	N	N	Y	Y	N	N	N	N	N	N	N	N	N	N	N	N	0.0000	0.0000	0.0000	0.0000	0.0000	0.0000	0.0000	0.0000	0.0000	0.0000	0.0000	0.0000	0.0000	0.0000	0.0000	0.0000	0.0000	0.0000	0.1295	0.1779	0.0104	0.1629	0.1636	0.0000	0.1084	0.1949	0.0104		0.0237	0.0000	-0.0000	0.0000	1.1966	0.0034	1.0046	0.0000	0.0000	0.0000	0.0000	0.0000	0.0000	0.0000	0.0000	0.0000	0.0000	0.0000	0.0000	0.0000	0.0000	0.0000	0.0000	0.0000	0.0000	0.0000	0.0000	0.0000	0.0000	0.0000	0.0000	0.0000	0.0000	0.0000	0.0000	0.0000	0.0000	0.0000	0.0000	0.0000	0.0000	0.0000	0.0000
9	47	0.0173	6	2	1	0	0	0	1	0	0	1	1	2	2	0	0	0	0	0	0	Y	N	N	N	Y	Y	N	N	N	N	N	N	N	N	N	N	N	N	0.0000	0.0000	0.0000	0.0000	0.0000	0.0000	0.0000	0.0000	0.0000	0.0000	0.0000	0.0000	0.0000	0.0000	0.0000	0.0000	0.0000	0.0000	0.0000	0.0000	0.0000	0.0000	0.0000	0.0000	0.0000	0.0000	0.0000			0.0000	0.0000	0.0000	0.0039	0.0034	1.0628	0.0000	0.0000	0.0000	0.0000	0.0000	0.0000	0.0000	0.0000	0.0000	0.0000	0.0000	0.0000	0.0000	0.0000	0.0000	0.0000	0.0000	0.0000	0.0000	0.0000	0.0000	0.0000	0.0000	0.0000	0.0000	0.0000	0.0000	0.0000	0.0000	0.0000	0.0000	0.0000	0.0000	0.0000	0.0000	0.0000
9	48	0.0151	5	2	1	0	0	0	1	0	0	0	0	1	1	0	0	0	0	0	0	Y	N	N	N	N	N	N	N	N	N	N	N	N	N	N	N	N	N	0.0000	0.0000	0.0000	0.0000	0.0000	0.0000	0.0000	0.0000	0.0000	0.0000	0.0000	0.0000	0.0000	0.0000	0.0000	0.0000	0.0000	0.0000	0.0000	0.0000	0.0000	0.0000	0.0000	0.0000	0.0000	0.0000	0.0000			0.0000	0.0000	0.0000	0.0093	0.0034	1.1245	0.0000	0.0000	0.0000	0.0000	0.0000	0.0000	0.0000	0.0000	0.0000	0.0000	0.0000	0.0000	0.0000	0.0000	0.0000	0.0000	0.0000	0.0000	0.0000	0.0000	0.0000	0.0000	0.0000	0.0000	0.0000	0.0000	0.0000	0.0000	0.0000	0.0000	0.0000	0.0000	0.0000	0.0000	0.0000	0.0000
9	49	0.0405	10	2	1	1	0	0	1	0	0	1	0	2	1	0	0	0	0	0	0	Y	N	N	N	Y	N	N	N	N	N	N	N	N	N	N	N	N	N	0.0000	0.0000	0.0000	0.0000	0.0000	0.0000	0.0000	0.0000	0.0000	0.0000	0.0000	0.0000	0.0000	0.0000	0.0000	0.0000	0.0000	0.0000	0.0000	0.0000	0.0000	0.0000	0.0000	0.0000	0.0000	0.0000	0.0000			0.0000	0.0000	0.0000	1.9876	0.0034	9.5024	0.0000	0.0000	0.0000	0.0000	0.0000	0.0000	0.0000	0.0000	0.0000	0.0000	0.0000	0.0000	0.0000	0.0000	0.0000	0.0000	0.0000	0.0000	0.0000	0.0000	0.0000	0.0000	0.0000	0.0000	0.0000	0.0000	0.0000	0.0002	0.0002	0.0001	0.0001	0.0001	0.0000	0.0001	0.0001	0.0001
9	50	0.0390	9	2	1	1	0	0	1	0	0	0	0	1	1	0	0	0	0	0	0	Y	N	N	N	N	N	N	N	N	N	N	N	N	N	N	N	N	N	0.0000	0.0000	0.0000	0.0000	0.0000	0.0000	0.0000	0.0000	0.0000	0.0000	0.0000	0.0000	0.0000	0.0000	0.0000	0.0000	0.0000	0.0000	0.0000	0.0000	0.0000	0.0000	0.0000	0.0000	0.0000	0.0000	0.0000			0.0000	0.0000	0.0000	0.0279	0.0034	1.3258	0.0000	0.0000	0.0000	0.0000	0.0000	0.0000	0.0000	0.0000	0.0000	0.0000	0.0000	0.0000	0.0000	0.0000	0.0000	0.0000	0.0000	0.0000	0.0000	0.0000	0.0000	0.0000	0.0000	0.0000	0.0000	0.0000	0.0000	0.0000	0.0000	0.0000	0.0000	0.0000	0.0000	0.0000	0.0000	0.0000
9	51	0.0325	8	2	1	1	0	0	1	1	0	0	0	1	1	0	0	0	0	0	0	Y	N	N	N	N	N	N	N	N	N	N	N	N	N	N	N	N	N	0.0000	0.0000	0.0000	0.0000	0.0000	0.0000	0.0000	0.0000	0.0000	0.0000	0.0000	0.0000	0.0000	0.0000	0.0000	0.0000	0.0000	0.0000	0.0000	0.0000	0.0000	0.0000	0.0000	0.0000	0.0000	0.0000	0.0000			0.0000	0.0000	0.0000	0.0135	0.0034	3.2161	0.0000	0.0000	0.0000	0.0000	0.0000	0.0000	0.0000	0.0000	0.0000	0.0000	0.0000	0.0000	0.0000	0.0000	0.0000	0.0000	0.0000	0.0000	0.0000	0.0000	0.0000	0.0000	0.0000	0.0000	0.0000	0.0000	0.0000	0.0001	0.0000	0.0000	0.0000	0.0000	0.0000	0.0000	0.0000	0.0000
9	52	0.0151	5	2	1	1	0	0	1	1	0	1	0	2	1	0	0	0	0	0	0	Y	N	N	N	Y	N	N	N	N	N	N	N	N	N	N	N	N	N	0.0000	0.0000	0.0000	0.0000	0.0000	0.0000	0.0000	0.0000	0.0000	0.0000	0.0000	0.0000	0.0000	0.0000	0.0000	0.0000	0.0000	0.0000	0.0000	0.0000	0.0000	0.0000	0.0000	0.0000	0.0000	0.0000	0.0000			0.0000	0.0000	0.0000	1.0059	0.0034	8.9560	0.0000	0.0000	0.0000	0.0000	0.0000	0.0000	0.0000	0.0000	0.0000	0.0000	0.0000	0.0000	0.0000	0.0000	0.0000	0.0000	0.0000	0.0000	0.0000	0.0000	0.0000	0.0000	0.0000	0.0000	0.0000	0.0000	0.0000	0.0002	0.0001	0.0001	0.0001	0.0001	0.0000	0.0001	0.0001	0.0001
9	53	0.0110	4	2	1	0	0	0	1	0	0	0	0	1	1	0	0	0	0	0	0	Y	N	N	N	N	N	N	N	N	N	N	N	N	N	N	N	N	N	0.0000	0.0000	0.0000	0.0000	0.0000	0.0000	0.0000	0.0000	0.0000	0.0000	0.0000	0.0000	0.0000	0.0000	0.0000	0.0000	0.0000	0.0000	0.0094	0.0069	0.0151	0.0126	0.0127	0.0000	0.0074	0.0000	0.0152		0.9460	0.0000	-0.0000	0.0000	0.9898	0.0034	1.1155	0.0000	0.0000	0.0000	0.0000	0.0000	0.0000	0.0000	0.0000	0.0000	0.0000	0.0000	0.0000	0.0000	0.0000	0.0000	0.0000	0.0000	0.0000	0.0000	0.0000	0.0000	0.0000	0.0000	0.0000	0.0000	0.0000	0.0000	0.0000	0.0000	0.0000	0.0000	0.0000	0.0000	0.0000	0.0000	0.0000
9	54	0.0367	10	2	1	0	0	1	1	0	0	0	0	1	1	0	0	0	0	0	0	Y	N	N	N	N	N	N	N	N	N	N	N	N	N	N	N	N	N	0.0000	0.0000	0.0000	0.0000	0.0000	0.0000	0.0000	0.0000	0.0000	0.0000	0.0000	0.0000	0.0000	0.0000	0.0000	0.0000	0.0000	0.0000	8.8411	6.0542	15.6611	11.2457	11.2855	0.0000	7.3536	0.0000	15.7341		1.0571	0.0000	0.0001	0.0000	5.0000	0.0034	15.9866	0.0000	0.0000	0.0000	0.0000	0.0000	0.0000	0.0000	0.0000	0.0000	0.0032	0.0016	0.0017	0.0016	0.0016	0.0000	0.0017	0.0000	0.0017	0.0000	0.0000	0.0000	0.0000	0.0000	0.0000	0.0000	0.0000	0.0000	0.0004	0.0003	0.0001	0.0001	0.0001	0.0000	0.0002	0.0001	0.0001
9	55	0.3559	15	1	1	0	0	0	1	0	0	1	0	2	1	0	0	0	0	0	0	N	N	N	N	Y	N	N	N	N	N	N	N	N	N	N	N	N	N	0.0000	0.0000	0.0000	0.0000	0.0000	0.0000	0.0000	0.0000	0.0000	0.0000	0.0000	0.0000	0.0000	0.0000	0.0000	0.0000	0.0000	0.0000	0.4070	0.2903	0.7069	0.5757	0.4174	1.2427	0.1322	0.0000	0.3119		0.9473	0.0000	-0.0000	0.0000	17.6796	0.0034	56.5727	0.0000	0.0000	0.0000	0.0000	0.0000	0.0000	0.0000	0.0000	0.0000	0.0009	0.0004	0.0004	0.0008	0.0004	0.0003	0.0001	0.0000	0.0001	0.0000	0.0000	0.0000	0.0000	0.0000	0.0000	0.0000	0.0000	0.0000	0.0021	0.0015	0.0006	0.0013	0.0011	0.0003	0.0008	0.0005	0.0003
9	64	0.0507	13	2	1	1	0	1	1	1	0	0	0	1	1	0	0	0	0	0	0	Y	N	N	N	N	N	N	N	N	N	N	N	N	N	N	N	N	N	0.0000	0.0000	0.0000	0.0000	0.0000	0.0000	0.0000	0.0000	0.0000	0.0000	0.0000	0.0000	0.0000	0.0000	0.0000	0.0000	0.0000	0.0000	7.2440	4.9775	12.7264	9.0454	9.0972	0.1325	6.0955	0.0000	12.8240		1.0571	0.0000	0.0001	0.0000	3.9919	0.0034	21.4457	0.0000	0.0000	0.0000	0.0000	0.0000	0.0000	0.0000	0.0000	0.0000	0.0032	0.0016	0.0017	0.0016	0.0016	0.0000	0.0017	0.0000	0.0017	0.0000	0.0000	0.0000	0.0000	0.0000	0.0000	0.0000	0.0000	0.0000	0.0004	0.0003	0.0001	0.0002	0.0002	0.0000	0.0003	0.0001	0.0001
9	65	0.0607	14	1	1	0	0	0	1	0	0	0	1	1	2	0	0	0	0	0	0	N	N	N	N	N	Y	N	N	N	N	N	N	N	N	N	N	N	N	0.0000	0.0000	0.0000	0.0000	0.0000	0.0000	0.0000	0.0000	0.0000	0.0000	0.0000	0.0000	0.0000	0.0000	0.0000	0.0000	0.0000	0.0000	0.0000	0.0000	0.0000	0.0000	0.0000	0.0000	0.0000	0.0000	0.0000			0.0000	0.0000	0.0000	3.0012	0.0034	1.7329	0.0000	0.0000	0.0000	0.0000	0.0000	0.0000	0.0000	0.0000	0.0000	0.0000	0.0000	0.0000	0.0000	0.0000	0.0000	0.0000	0.0000	0.0000	0.0000	0.0000	0.0000	0.0000	0.0000	0.0000	0.0000	0.0000	0.0000	0.0001	0.0001	0.0000	0.0000	0.0000	0.0000	0.0001	0.0000	0.0000
9	71	0.0423	11	2	1	1	0	1	1	1	0	0	0	1	1	0	0	0	0	0	0	Y	N	N	N	N	N	N	N	N	N	N	N	N	N	N	N	N	N	0.0000	0.0000	0.0000	0.0000	0.0000	0.0000	0.0000	0.0000	0.0000	0.0000	0.0000	0.0000	0.0000	0.0000	0.0000	0.0000	0.0000	0.0000	0.0000	0.0000	0.0000	0.0000	0.0000	0.0000	0.0000	0.0000	0.0000			0.0000	0.0000	0.0000	7.9989	0.0034	11.5475	0.0000	0.0000	0.0000	0.0000	0.0000	0.0000	0.0000	0.0000	0.0000	0.0000	0.0000	0.0000	0.0000	0.0000	0.0000	0.0000	0.0000	0.0000	0.0000	0.0000	0.0000	0.0000	0.0000	0.0000	0.0000	0.0000	0.0000	0.0004	0.0003	0.0001	0.0001	0.0001	0.0000	0.0002	0.0001	0.0001
9	72	0.0192	7	2	1	1	0	0	1	1	0	0	0	1	1	0	0	0	0	0	0	Y	N	N	N	N	N	N	N	N	N	N	N	N	N	N	N	N	N	0.0000	0.0000	0.0000	0.0000	0.0000	0.0000	0.0000	0.0000	0.0000	0.0000	0.0000	0.0000	0.0000	0.0000	0.0000	0.0000	0.0000	0.0000	0.2322	0.1645	0.3950	0.3055	0.3064	0.0000	0.1873	0.0000	0.3967		1.0000	0.0000	0.0000	0.0000	3.9977	0.0034	10.1847	0.0000	0.0000	0.0000	0.0000	0.0000	0.0000	0.0000	0.0000	0.0000	0.0001	0.0000	0.0000	0.0000	0.0000	0.0000	0.0000	0.0000	0.0000	0.0000	0.0000	0.0000	0.0000	0.0000	0.0000	0.0000	0.0000	0.0000	0.0003	0.0002	0.0001	0.0001	0.0001	0.0000	0.0002	0.0001	0.0001
9	77	0.0904	15	1	1	1	0	0	1	0	0	0	0	2	1	0	0	0	0	0	0	N	N	N	N	Y	N	N	N	N	N	N	N	N	N	N	N	N	N	0.0000	0.0000	0.0000	0.0000	0.0000	0.0000	0.0000	0.0000	0.0000	0.0000	0.0000	0.0000	0.0000	0.0000	0.0000	0.0000	0.0000	0.0000	0.0000	0.0000	0.0000	0.0000	0.0000	0.0000	0.0000	0.0000	0.0000			0.0000	0.0000	0.0000	0.0000	0.0034	0.0000	0.0000	0.0000	0.0000	0.0000	0.0000	0.0000	0.0000	0.0000	0.0000	0.0000	0.0000	0.0000	0.0000	0.0000	0.0000	0.0000	0.0000	0.0000	0.0000	0.0000	0.0000	0.0000	0.0000	0.0000	0.0000	0.0000	0.0000	0.0000	0.0000	0.0000	0.0000	0.0000	0.0000	0.0000	0.0000	0.0000
9	78	0.0798	14	1	1	1	0	0	1	0	0	0	0	2	1	0	0	0	0	0	0	N	N	N	N	Y	N	N	N	N	N	N	N	N	N	N	N	N	N	0.0000	0.0000	0.0000	0.0000	0.0000	0.0000	0.0000	0.0000	0.0000	0.0000	0.0000	0.0000	0.0000	0.0000	0.0000	0.0000	0.0000	0.0000	0.0000	0.0000	0.0000	0.0000	0.0000	0.0000	0.0000	0.0000	0.0000			0.0000	0.0000	0.0000	0.9998	0.0034	4.0242	0.0000	0.0000	0.0000	0.0000	0.0000	0.0000	0.0000	0.0000	0.0000	0.0000	0.0000	0.0000	0.0000	0.0000	0.0000	0.0000	0.0000	0.0000	0.0000	0.0000	0.0000	0.0000	0.0000	0.0000	0.0000	0.0000	0.0000	0.0001	0.0001	0.0000	0.0000	0.0000	0.0000	0.0001	0.0000	0.0000
9	79	0.0714	13	1	1	1	0	0	1	1	0	1	0	2	1	0	0	0	0	0	0	N	N	N	N	Y	N	N	N	N	N	N	N	N	N	N	N	N	N	0.0000	0.0000	0.0000	0.0000	0.0000	0.0000	0.0000	0.0000	0.0000	0.0000	0.0000	0.0000	0.0000	0.0000	0.0000	0.0000	0.0000	0.0000	0.0000	0.0000	0.0000	0.0000	0.0000	0.0000	0.0000	0.0000	0.0000			0.0000	0.0000	0.0000	2.0024	0.0034	2.0159	0.0000	0.0000	0.0000	0.0000	0.0000	0.0000	0.0000	0.0000	0.0000	0.0000	0.0000	0.0000	0.0000	0.0000	0.0000	0.0000	0.0000	0.0000	0.0000	0.0000	0.0000	0.0000	0.0000	0.0000	0.0000	0.0000	0.0000	0.0001	0.0001	0.0000	0.0000	0.0000	0.0000	0.0000	0.0000	0.0000
9	81	0.0910	15	1	1	0	0	0	1	0	0	0	1	1	2	0	0	0	0	0	0	N	N	N	N	N	Y	N	N	N	N	N	N	N	N	N	N	N	N	0.0000	0.0000	0.0000	0.0000	0.0000	0.0000	0.0000	0.0000	0.0000	0.0000	0.0000	0.0000	0.0000	0.0000	0.0000	0.0000	0.0000	0.0000	0.0000	0.0000	0.0000	0.0000	0.0000	0.0000	0.0000	0.0000	0.0000			0.0000	0.0000	0.0000	0.0000	0.0034	2.0000	0.0000	0.0000	0.0000	0.0000	0.0000	0.0000	0.0000	0.0000	0.0000	0.0000	0.0000	0.0000	0.0000	0.0000	0.0000	0.0000	0.0000	0.0000	0.0000	0.0000	0.0000	0.0000	0.0000	0.0000	0.0000	0.0000	0.0000	0.0000	0.0000	0.0000	0.0000	0.0000	0.0000	0.0000	0.0000	0.0000
9	82	0.0932	18	1	1	0	0	0	1	0	0	0	0	1	2	0	0	0	0	0	0	N	N	N	N	N	Y	N	N	N	N	N	N	N	N	N	N	N	N	0.0000	0.0000	0.0000	0.0000	0.0000	0.0000	0.0000	0.0000	0.0000	0.0000	0.0000	0.0000	0.0000	0.0000	0.0000	0.0000	0.0000	0.0000	0.0000	0.0000	0.0000	0.0000	0.0000	0.0000	0.0000	0.0000	0.0000			0.0000	0.0000	0.0000	1.0008	0.0034	3.0055	0.0000	0.0000	0.0000	0.0000	0.0000	0.0000	0.0000	0.0000	0.0000	0.0000	0.0000	0.0000	0.0000	0.0000	0.0000	0.0000	0.0000	0.0000	0.0000	0.0000	0.0000	0.0000	0.0000	0.0000	0.0000	0.0000	0.0000	0.0001	0.0001	0.0000	0.0000	0.0000	0.0000	0.0000	0.0000	0.0000
9	83	0.0911	17	1	1	0	0	0	1	0	0	0	1	1	2	0	0	0	0	0	0	N	N	N	N	N	Y	N	N	N	N	N	N	N	N	N	N	N	N	0.0000	0.0000	0.0000	0.0000	0.0000	0.0000	0.0000	0.0000	0.0000	0.0000	0.0000	0.0000	0.0000	0.0000	0.0000	0.0000	0.0000	0.0000	0.0000	0.0000	0.0000	0.0000	0.0000	0.0000	0.0000	0.0000	0.0000			0.0000	0.0000	0.0000	0.0009	0.0034	1.0031	0.0000	0.0000	0.0000	0.0000	0.0000	0.0000	0.0000	0.0000	0.0000	0.0000	0.0000	0.0000	0.0000	0.0000	0.0000	0.0000	0.0000	0.0000	0.0000	0.0000	0.0000	0.0000	0.0000	0.0000	0.0000	0.0000	0.0000	0.0000	0.0000	0.0000	0.0000	0.0000	0.0000	0.0000	0.0000	0.0000
9	85	0.0911	16	1	1	0	0	0	1	0	0	0	1	1	2	0	0	0	0	0	0	N	N	N	N	N	Y	N	N	N	N	N	N	N	N	N	N	N	N	0.0000	0.0000	0.0000	0.0000	0.0000	0.0000	0.0000	0.0000	0.0000	0.0000	0.0000	0.0000	0.0000	0.0000	0.0000	0.0000	0.0000	0.0000	0.0000	0.0000	0.0000	0.0000	0.0000	0.0000	0.0000	0.0000	0.0000			0.0000	0.0000	0.0000	0.0000	0.0034	0.0000	0.0000	0.0000	0.0000	0.0000	0.0000	0.0000	0.0000	0.0000	0.0000	0.0000	0.0000	0.0000	0.0000	0.0000	0.0000	0.0000	0.0000	0.0000	0.0000	0.0000	0.0000	0.0000	0.0000	0.0000	0.0000	0.0000	0.0000	0.0000	0.0000	0.0000	0.0000	0.0000	0.0000	0.0000	0.0000	0.0000
9	90	0.0401	10	2	1	1	0	1	1	1	0	1	0	2	1	0	0	0	0	0	0	Y	N	N	N	Y	N	N	N	N	N	N	N	N	N	N	N	N	N	0.0000	0.0000	0.0000	0.0000	0.0000	0.0000	0.0000	0.0000	0.0000	0.0000	0.0000	0.0000	0.0000	0.0000	0.0000	0.0000	0.0000	0.0000	0.0000	0.0000	0.0000	0.0000	0.0000	0.0000	0.0000	0.0000	0.0000			0.0000	0.0000	0.0000	6.9987	0.0034	5.3508	0.0000	0.0000	0.0000	0.0000	0.0000	0.0000	0.0000	0.0000	0.0000	0.0000	0.0000	0.0000	0.0000	0.0000	0.0000	0.0000	0.0000	0.0000	0.0000	0.0000	0.0000	0.0000	0.0000	0.0000	0.0000	0.0000	0.0000	0.0002	0.0002	0.0001	0.0001	0.0001	0.0000	0.0001	0.0001	0.0001
9	91	0.0468	12	2	1	1	0	1	1	1	0	0	0	1	1	0	0	0	0	0	0	Y	N	N	N	N	N	N	N	N	N	N	N	N	N	N	N	N	N	0.0000	0.0000	0.0000	0.0000	0.0000	0.0000	0.0000	0.0000	0.0000	0.0000	0.0000	0.0000	0.0000	0.0000	0.0000	0.0000	0.0000	0.0000	0.0000	0.0000	0.0000	0.0000	0.0000	0.0000	0.0000	0.0000	0.0000			0.0000	0.0000	0.0000	1.0039	0.0034	13.1994	0.0000	0.0000	0.0000	0.0000	0.0000	0.0000	0.0000	0.0000	0.0000	0.0000	0.0000	0.0000	0.0000	0.0000	0.0000	0.0000	0.0000	0.0000	0.0000	0.0000	0.0000	0.0000	0.0000	0.0000	0.0000	0.0000	0.0000	0.0003	0.0002	0.0001	0.0001	0.0001	0.0000	0.0002	0.0001	0.0001
10	33	0.0373	7	2	0	1	1	0	0	0	1	0	0	2	1	0	0	0	0	0	0	Y	N	N	N	Y	N	N	N	N	N	N	N	N	N	N	N	N	N	2.9433	1.8764	0.0000	0.7098	0.6889	0.0000	inf	inf	0.0000	0.0292	0.0324	0.0000	0.0860	0.0886	0.0000	0.0073	0.0084	0.0000	0.0099	0.0173	0.0000	0.1212	0.1286	0.0000	0.0000	0.0000	0.0000	0.0000	0.0000	-0.0002	-0.0003	0.8668	1.0004	6.8776	4.0090	0.0004	0.0004	0.0000	0.0003	0.0003	0.0000	0.0001	0.0001	0.0000	0.0006	0.0006	0.0000	0.0006	0.0006	0.0000	0.0000	0.0000	0.0000	0.0121	0.0109	0.0012	0.0034	0.0033	0.0001	0.0088	0.0077	0.0011	0.0570	0.0328	0.0242	0.0047	0.0044	0.0003	0.0523	0.0284	0.0240
10	34	0.0423	8	2	0	1	0	0	0	0	0	0	0	2	1	0	0	0	0	0	0	Y	N	N	N	Y	N	N	N	N	N	N	N	N	N	N	N	N	N	4.1768	2.7635	0.0000	0.2206	0.2198	0.0000	2160708.7437	1572937.6136	0.0000	0.0705	0.0813	0.0000	0.0463	0.0489	0.0000	0.0798	0.0954	0.0000	0.0169	0.0294	0.0000	0.2098	0.2226	0.0000	0.0000	0.0000	0.0000	0.0000	0.0000	-0.0004	-0.0009	0.8668	0.8079	6.8776	8.0263	0.0007	0.0007	0.0000	0.0001	0.0001	0.0000	0.0006	0.0006	0.0000	0.0018	0.0018	0.0000	0.0018	0.0018	0.0000	0.0000	0.0000	0.0000	0.0103	0.0089	0.0014	0.0029	0.0027	0.0002	0.0074	0.0062	0.0012	0.1060	0.0608	0.0452	0.0085	0.0080	0.0005	0.0975	0.0528	0.0447
10	45	0.0423	8	2	0	1	0	0	0	0	0	0	0	2	1	0	0	0	0	0	0	Y	N	N	N	Y	N	N	N	N	N	N	N	N	N	N	N	N	N	206.8637	153.5728	0.0000	17.0730	17.4526	0.0000	2047.0393	inf	0.0000	0.0373	0.0430	0.0000	0.0336	0.0357	0.0000	0.0383	0.0450	0.0000	0.0002	0.0003	0.0000	0.0020	0.0020	0.0006	0.0000	0.0000	0.0000	0.0000	0.1236	-0.0004	-0.0000	0.8668	1.9986	6.8776	3.0240	0.0007	0.0007	0.0000	0.0001	0.0001	0.0000	0.0006	0.0006	0.0000	0.0000	0.0000	0.0000	0.0000	0.0000	0.0000	0.0000	0.0000	0.0000	0.0194	0.0169	0.0025	0.0039	0.0037	0.0002	0.0155	0.0132	0.0023	0.0615	0.0353	0.0262	0.0051	0.0048	0.0003	0.0564	0.0305	0.0259
10	46	0.0373	7	2	0	1	0	0	0	0	0	0	0	2	1	0	0	0	0	0	0	Y	N	N	N	Y	N	N	N	N	N	N	N	N	N	N	N	N	N	2602.9232	1716.9858	0.0000	151.8619	147.3653	0.0000	79288.6581	inf	0.0000	55.5253	61.4674	0.0000	36.8553	37.8592	0.0000	62.6085	71.4127	0.0000	0.0213	0.0358	0.0017	0.2427	0.2569	0.0000	0.0008	0.0000	0.0017	0.0000	0.0351	-0.4959	-0.0003	0.8668	1.1966	6.8776	1.0046	0.8619	0.8619	0.0000	0.1574	0.1574	0.0000	0.7046	0.7046	0.0000	0.0006	0.0006	0.0000	0.0006	0.0006	0.0000	0.0000	0.0000	0.0000	0.0155	0.0140	0.0015	0.0043	0.0042	0.0001	0.0113	0.0099	0.0014	0.0275	0.0158	0.0117	0.0023	0.0022	0.0001	0.0251	0.0136	0.0115
10	47	0.0353	6	2	0	1	0	0	0	0	0	1	1	2	1	0	0	0	0	0	0	Y	N	N	N	Y	N	N	N	N	N	N	N	N	N	N	N	N	N	0.5119	0.4139	0.0084	0.0831	0.0961	0.0000	61.5548	inf	0.0112	1.6791	2.4387	0.0005	1.2738	1.4918	0.0000	2.1631	4.4065	0.0007	3.2798	5.8920	0.0618	15.3340	15.5198	0.0000	0.0351	0.0000	0.0621	0.0001	0.0085	-0.0003	-0.0302	0.8668	0.0039	6.8776	1.0628	0.0006	0.0006	0.0000	0.0002	0.0002	0.0000	0.0003	0.0003	0.0000	0.0621	0.0616	0.0005	0.0616	0.0616	0.0000	0.0005	0.0000	0.0005	0.0003	0.0002	0.0001	0.0002	0.0002	0.0000	0.0001	0.0001	0.0001	0.0189	0.0104	0.0085	0.0040	0.0040	0.0000	0.0149	0.0065	0.0084
10	48	0.0331	5	2	0	1	0	0	0	0	0	0	0	1	0	0	0	0	0	0	0	Y	N	N	N	N	N	N	N	N	N	N	N	N	N	N	N	N	N	0.1387	0.1866	0.0189	0.0385	0.0390	0.0000	0.2739	7237665.6967	0.0196	0.8075	1.0105	0.1190	0.5490	0.5625	0.0000	0.9886	1.4973	0.1245	5.8219	5.4149	6.3136	14.2477	14.4261	0.0000	3.6098	0.0000	6.3497	0.0347	0.9650	-0.0001	-0.0005	0.8668	0.0093	6.8776	1.1245	0.0002	0.0002	0.0000	0.0001	0.0001	0.0000	0.0002	0.0002	0.0000	0.1155	0.0588	0.0567	0.0588	0.0588	0.0000	0.0567	0.0000	0.0567	0.0003	0.0002	0.0001	0.0001	0.0001	0.0000	0.0002	0.0001	0.0001	0.0198	0.0109	0.0090	0.0041	0.0041	0.0001	0.0157	0.0068	0.0089
10	53	0.0290	4	2	0	1	0	0	0	0	0	0	0	1	0	0	0	0	0	0	0	Y	N	N	N	N	N	N	N	N	N	N	N	N	N	N	N	N	N	0.0597	0.0755	0.0000	0.0705	0.0702	0.0000	0.0009	0.1970	0.0000	0.2187	0.2416	0.0001	0.8427	0.8567	0.0000	0.0019	0.0022	0.0001	3.6631	3.1993	4.2370	11.9525	12.2021	0.0000	2.2270	0.0110	4.2658	0.0000	1.0702	-0.0015	0.0025	0.8668	0.9898	6.8776	1.1155	0.0027	0.0027	0.0000	0.0026	0.0026	0.0000	0.0000	0.0000	0.0000	0.1137	0.0549	0.0588	0.0548	0.0548	0.0000	0.0589	0.0001	0.0588	0.0122	0.0110	0.0012	0.0031	0.0031	0.0001	0.0091	0.0079	0.0011	0.0310	0.0172	0.0139	0.0046	0.0045	0.0001	0.0264	0.0127	0.0138
10	54	0.0413	6	2	0	1	0	1	0	0	0	0	0	1	0	0	0	0	0	0	0	Y	N	N	N	N	N	N	N	N	N	N	N	N	N	N	N	N	N	0.0000	0.0000	0.0000	0.0000	0.0000	0.0000	0.0000	0.0000	0.0000	0.0000	0.0000	0.0000	0.0000	0.0000	0.0000	0.0000	0.0000	0.0000	0.0000	0.0001	0.0000	0.0006	0.0006	0.0000	0.0000	0.0000	0.0000		0.0000	0.0000	-0.0000	0.8668	5.0000	6.8776	15.9866	0.0000	0.0000	0.0000	0.0000	0.0000	0.0000	0.0000	0.0000	0.0000	0.0000	0.0000	0.0000	0.0000	0.0000	0.0000	0.0000	0.0000	0.0000	0.0375	0.0326	0.0048	0.0046	0.0043	0.0003	0.0329	0.0284	0.0045	0.2326	0.1327	0.0999	0.0173	0.0164	0.0009	0.2153	0.1162	0.0990
10	55	0.3604	11	1	0	1	0	0	0	0	0	1	0	2	0	0	0	0	0	0	0	N	N	N	N	Y	N	N	N	N	N	N	N	N	N	N	N	N	N	0.0000	0.0000	0.0001	0.0001	0.0000	0.0004	0.0000	0.0000	0.0001	0.0000	0.0000	0.0002	0.0001	0.0000	0.0009	0.0000	0.0000	0.0001	1.0159	0.3966	2.4352	0.4633	0.1350	2.1340	1.6676	0.8814	2.5597	inf	2.6797	0.0000	0.2947	0.8668	17.6796	6.8776	56.5727	0.0000	0.0000	0.0000	0.0000	0.0000	0.0000	0.0000	0.0000	0.0000	1.2650	0.3438	0.9212	0.3121	0.0760	0.2361	0.9529	0.2677	0.6851	0.1432	0.1265	0.0167	0.0364	0.0341	0.0022	0.1068	0.0924	0.0144	1.2452	0.8669	0.3783	0.6737	0.5631	0.1106	0.5714	0.3037	0.2677
10	58	0.0358	6	2	0	1	0	0	0	0	0	0	0	2	1	0	0	0	0	0	0	Y	N	N	N	Y	N	N	N	N	N	N	N	N	N	N	N	N	N	0.0000	0.0000	0.0000	0.0000	0.0000	0.0000	0.0000	0.0000	0.0000	0.0000	0.0000	0.0000	0.0000	0.0000	0.0000	0.0000	0.0000	0.0000	39.4756	0.0034	93.5256	0.0192	0.0206	0.0000	43.9859	0.0000	95.1205		20019.9302	0.0000	0.4999	0.8668	0.0000	6.8776	2.0010	0.0000	0.0000	0.0000	0.0000	0.0000	0.0000	0.0000	0.0000	0.0000	0.9905	0.0000	0.9904	0.0000	0.0000	0.0000	0.9904	0.0000	0.9904	0.0000	0.0000	0.0000	0.0000	0.0000	0.0000	0.0000	0.0000	0.0000	0.0251	0.0145	0.0106	0.0026	0.0024	0.0002	0.0225	0.0121	0.0104
10	59	0.0290	5	2	0	1	0	0	0	0	0	1	0	2	1	0	0	0	0	0	0	Y	N	N	N	Y	N	N	N	N	N	N	N	N	N	N	N	N	N	0.0779	0.0270	1.1343	0.0087	0.0087	0.0000	1.1137	inf	1.1649	0.1176	0.0683	0.2672	0.0972	0.0991	0.0000	0.1332	0.0284	0.2764	1.5107	2.5274	0.2356	11.1543	11.4457	0.0000	0.1196	0.0000	0.2373	1.2915	0.0743	-0.0000	-0.0274	0.8668	0.0042	6.8776	3.0766	0.0000	0.0000	0.0000	0.0000	0.0000	0.0000	0.0000	0.0000	0.0000	0.0643	0.0598	0.0044	0.0598	0.0598	0.0000	0.0044	0.0000	0.0044	0.0002	0.0001	0.0000	0.0001	0.0001	0.0000	0.0001	0.0001	0.0000	0.0425	0.0237	0.0189	0.0054	0.0052	0.0001	0.0372	0.0184	0.0187
10	60	0.0290	4	2	0	1	0	0	0	0	0	0	1	1	1	0	0	0	0	0	0	Y	N	N	N	N	N	N	N	N	N	N	N	N	N	N	N	N	N	0.0138	0.0138	0.0146	0.0155	0.0159	0.0000	0.0122	inf	0.0154	0.2061	0.2009	0.2249	0.2836	0.2922	0.0000	0.1542	0.1103	0.2377	14.9653	14.5522	15.4026	18.3558	18.3915	0.0005	12.6321	0.0000	15.4277	0.3130	1.0000	-0.0000	0.0005	0.8668	0.0086	6.8776	0.1203	0.0000	0.0000	0.0000	0.0000	0.0000	0.0000	0.0000	0.0000	0.0000	0.1092	0.0546	0.0546	0.0546	0.0546	0.0000	0.0546	0.0000	0.0546	0.0002	0.0002	0.0001	0.0001	0.0001	0.0000	0.0001	0.0001	0.0000	0.0073	0.0038	0.0035	0.0030	0.0030	0.0000	0.0043	0.0008	0.0035
10	61	0.0245	3	2	0	1	0	0	0	0	0	0	0	1	0	0	0	0	0	0	0	Y	N	N	N	N	N	N	N	N	N	N	N	N	N	N	N	N	N	1.0554	2.1269	0.0000	0.5227	0.5152	0.0000	0.6276	inf	0.0000	3.6916	6.7469	0.0001	6.3404	6.3779	0.0000	1.2811	9.1248	0.0001	3.4980	3.1722	3.8995	12.1313	12.3807	0.0000	2.0413	0.0000	3.9250	0.0000	0.9973	-0.4961	0.0004	0.8668	2.0089	6.8776	0.1204	0.8623	0.8623	0.0000	0.7057	0.7057	0.0000	0.1567	0.1567	0.0000	0.1094	0.0548	0.0546	0.0548	0.0548	0.0000	0.0546	0.0000	0.0546	0.2336	0.1278	0.1058	0.1113	0.1106	0.0007	0.1223	0.0172	0.1051	0.0313	0.0173	0.0140	0.0045	0.0044	0.0001	0.0267	0.0128	0.0139
10	62	0.0223	2	2	0	1	0	0	0	0	0	0	0	1	0	0	0	0	0	0	0	Y	N	N	N	N	N	N	N	N	N	N	N	N	N	N	N	N	N	0.0015	0.0064	0.0000	0.0007	0.0007	0.0000	0.0016	28.2005	0.0000	0.0052	0.0097	0.0000	0.0056	0.0056	0.0000	0.0049	0.0468	0.0000	3.5777	1.5191	6.1695	7.5395	7.7884	0.0007	3.0770	0.0017	6.2199	0.0031	3.2258	-0.0007	0.0201	0.8668	1.4554	6.8776	0.0966	0.0013	0.0013	0.0000	0.0007	0.0007	0.0000	0.0006	0.0006	0.0000	0.0749	0.0177	0.0572	0.0177	0.0177	0.0000	0.0572	0.0000	0.0572	0.2483	0.1329	0.1154	0.1203	0.1196	0.0006	0.1280	0.0133	0.1147	0.0209	0.0117	0.0093	0.0023	0.0023	0.0001	0.0186	0.0094	0.0092
11	22	0.1329	18	0	0	1	0	0	0	1	0	0	1	0	2	0	0	0	0	0	0	N	N	N	N	N	Y	N	N	N	N	N	N	N	N	N	N	N	N	0.0000	0.0000	0.0000	0.0000	0.0000	0.0000	0.0000	0.0000	0.0000	0.0000	0.0000	0.0000	0.0000	0.0000	0.0000	0.0000	0.0000	0.0000	0.0000	0.0000	0.0000	0.0000	0.0000	0.0000	0.0000	0.0000	0.0000		inf	0.0000	0.0000	0.9992	1.9867	0.9994	2.0019	0.0000	0.0000	0.0000	0.0000	0.0000	0.0000	0.0000	0.0000	0.0000	0.0000	0.0000	0.0000	0.0000	0.0000	0.0000	0.0000	0.0000	0.0000	0.0144	0.0125	0.0018	0.0010	0.0010	0.0001	0.0134	0.0116	0.0018	0.0104	0.0062	0.0042	0.0021	0.0018	0.0003	0.0084	0.0044	0.0040
11	33	0.0948	18	1	0	0	1	0	0	0	1	0	0	1	2	0	0	0	0	0	0	N	N	N	N	N	Y	N	N	N	N	N	N	N	N	N	N	N	N	inf	0.0000	inf	0.0000	0.0000	0.0000	inf	0.0000	inf	0.0028	0.0000	0.0216	0.0000	0.0000	0.0000	0.0030	0.0000	0.0221	0.0000	0.0000	0.0000	0.0000	0.0000	0.0000	0.0000	0.0000	0.0000	inf		0.0000	0.0000	0.9992	1.0004	0.9994	4.0090	0.0000	0.0000	0.0000	0.0000	0.0000	0.0000	0.0000	0.0000	0.0000	0.0000	0.0000	0.0000	0.0000	0.0000	0.0000	0.0000	0.0000	0.0000	0.0072	0.0063	0.0009	0.0004	0.0004	0.0000	0.0068	0.0058	0.0009	0.0128	0.0073	0.0055	0.0015	0.0013	0.0002	0.0113	0.0060	0.0053
11	34	0.0997	19	1	0	0	0	0	0	0	0	0	0	1	2	0	0	0	0	0	0	N	N	N	N	N	Y	N	N	N	N	N	N	N	N	N	N	N	N	0.0000	0.0000	0.0000	0.0000	0.0000	0.0000	0.0000	0.0000	0.0000	0.0000	0.0000	0.0000	0.0000	0.0000	0.0000	0.0000	0.0000	0.0000	0.0000	0.0000	0.0000	0.0000	0.0000	0.0000	0.0000	0.0000	0.0000		inf	0.0000	0.0000	0.9992	0.8079	0.9994	8.0263	0.0000	0.0000	0.0000	0.0000	0.0000	0.0000	0.0000	0.0000	0.0000	0.0000	0.0000	0.0000	0.0000	0.0000	0.0000	0.0000	0.0000	0.0000	0.0100	0.0089	0.0011	0.0022	0.0022	0.0000	0.0077	0.0066	0.0011	0.0239	0.0136	0.0103	0.0028	0.0023	0.0004	0.0212	0.0113	0.0099
11	35	0.0904	15	1	0	1	1	0	0	0	1	0	0	1	2	0	0	0	0	0	0	N	N	N	N	N	Y	N	N	N	N	N	N	N	N	N	N	N	N	inf	0.0000	inf	0.0000	0.0000	0.0000	inf	0.0000	inf	24.5940	0.0000	141.5850	0.0000	0.0000	0.0000	39.9588	0.0000	142.3798	0.0000	0.0000	0.0000	0.0000	0.0000	0.0000	0.0000	0.0000	0.0000	inf		0.0008	0.0000	0.9992	0.0027	0.9994	3.0058	0.0019	0.0000	0.0019	0.0000	0.0000	0.0000	0.0019	0.0000	0.0019	0.0000	0.0000	0.0000	0.0000	0.0000	0.0000	0.0000	0.0000	0.0000	0.0001	0.0001	0.0000	0.0000	0.0000	0.0000	0.0000	0.0000	0.0000	0.0081	0.0046	0.0035	0.0009	0.0008	0.0001	0.0072	0.0038	0.0034
11	36	0.0904	15	1	0	1	0	0	0	0	0	0	0	1	2	0	0	0	0	0	0	N	N	N	N	N	Y	N	N	N	N	N	N	N	N	N	N	N	N	inf	0.0000	inf	0.0000	0.0000	0.0000	inf	0.0000	inf	0.2480	0.0000	1.9169	0.0000	0.0000	0.0000	0.2669	0.0000	1.9719	0.0000	0.0000	0.0000	0.0000	0.0000	0.0000	0.0000	0.0000	0.0000	inf		0.0008	0.0000	0.9992	1.0024	0.9994	3.0051	0.0019	0.0000	0.0019	0.0000	0.0000	0.0000	0.0019	0.0000	0.0019	0.0000	0.0000	0.0000	0.0000	0.0000	0.0000	0.0000	0.0000	0.0000	0.0076	0.0066	0.0010	0.0005	0.0005	0.0000	0.0071	0.0061	0.0010	0.0107	0.0060	0.0047	0.0012	0.0010	0.0002	0.0095	0.0051	0.0045
11	37	0.0820	14	1	0	1	0	0	0	1	0	1	1	1	2	0	0	0	0	0	0	N	N	N	N	N	Y	N	N	N	N	N	N	N	N	N	N	N	N	inf	inf	inf	inf	inf	0.0000	inf	0.0000	inf	65.0930	0.0007	497.2025	0.0108	0.0114	0.0000	68.7984	0.0000	508.4283	0.0000	0.0000	0.0000	0.0000	0.0000	0.0000	0.0000	0.0000	0.0000	111596.2721		0.4215	0.0000	0.9992	1.9948	0.9994	1.9571	0.9926	0.0000	0.9926	0.0000	0.0000	0.0000	0.9926	0.0000	0.9926	0.0000	0.0000	0.0000	0.0000	0.0000	0.0000	0.0000	0.0000	0.0000	0.0152	0.0133	0.0020	0.0008	0.0008	0.0000	0.0144	0.0125	0.0020	0.0109	0.0062	0.0047	0.0013	0.0011	0.0002	0.0096	0.0050	0.0046
11	44	0.0864	16	1	0	1	0	0	0	1	0	0	0	0	2	0	0	0	0	0	0	N	N	N	N	N	Y	N	N	N	N	N	N	N	N	N	N	N	N	inf	inf	0.0000	inf	inf	0.0000	0.0000	0.0000	0.0000	0.0927	0.1065	0.0000	1.7025	1.8071	0.0000	0.0000	0.0000	0.0000	0.0000	0.0000	0.0000	0.0000	0.0000	0.0000	0.0000	0.0000	0.0000	0.0000		-0.0024	0.0000	0.9992	6.0042	0.9994	9.9410	0.0042	0.0042	0.0000	0.0042	0.0042	0.0000	0.0000	0.0000	0.0000	0.0000	0.0000	0.0000	0.0000	0.0000	0.0000	0.0000	0.0000	0.0000	0.0452	0.0393	0.0059	0.0025	0.0023	0.0001	0.0427	0.0370	0.0057	0.0417	0.0237	0.0180	0.0048	0.0041	0.0007	0.0369	0.0196	0.0173
11	45	0.0997	19	1	0	0	0	0	0	0	0	0	0	1	2	0	0	0	0	0	0	N	N	N	N	N	Y	N	N	N	N	N	N	N	N	N	N	N	N	0.0000	0.0000	0.0000	0.0000	0.0000	0.0000	0.0000	0.0000	0.0000	0.0000	0.0000	0.0000	0.0000	0.0000	0.0000	0.0000	0.0000	0.0000	0.0000	0.0000	0.0000	0.0000	0.0000	0.0000	0.0000	0.0000	0.0000			0.0000	0.0000	0.9992	1.9986	0.9994	3.0240	0.0000	0.0000	0.0000	0.0000	0.0000	0.0000	0.0000	0.0000	0.0000	0.0000	0.0000	0.0000	0.0000	0.0000	0.0000	0.0000	0.0000	0.0000	0.0190	0.0167	0.0023	0.0028	0.0027	0.0001	0.0163	0.0140	0.0022	0.0139	0.0079	0.0060	0.0016	0.0014	0.0002	0.0122	0.0065	0.0057
11	46	0.0948	18	1	0	0	0	0	0	0	0	0	0	1	2	0	0	0	0	0	0	N	N	N	N	N	Y	N	N	N	N	N	N	N	N	N	N	N	N	4428.1380	0.0000	inf	0.0000	0.0000	0.0000	inf	0.0000	inf	0.0022	0.0000	0.0167	0.0000	0.0000	0.0000	0.0023	0.0000	0.0172	0.0000	0.0000	0.0000	0.0000	0.0000	0.0000	0.0000	0.0000	0.0000	inf	0.0000	0.0000	-0.0000	0.9992	1.1966	0.9994	1.0046	0.0000	0.0000	0.0000	0.0000	0.0000	0.0000	0.0000	0.0000	0.0000	0.0000	0.0000	0.0000	0.0000	0.0000	0.0000	0.0000	0.0000	0.0000	0.0093	0.0081	0.0012	0.0006	0.0005	0.0000	0.0087	0.0075	0.0012	0.0062	0.0035	0.0026	0.0007	0.0006	0.0001	0.0054	0.0029	0.0025
11	47	0.0927	17	1	0	0	0	0	0	0	0	1	1	1	2	0	0	0	0	0	0	N	N	N	N	N	Y	N	N	N	N	N	N	N	N	N	N	N	N	inf	inf	inf	inf	inf	0.0000	inf	0.0000	inf	31.5331	0.2656	158.6302	0.5959	0.5977	0.0000	48.7622	0.0000	159.4974	0.0000	0.0000	0.0000	0.0000	0.0000	0.0000	0.0000	0.0000	0.0000	146.9276		0.0012	0.0000	0.9992	0.0039	0.9994	1.0628	0.0029	0.0000	0.0029	0.0000	0.0000	0.0000	0.0029	0.0000	0.0029	0.0000	0.0000	0.0000	0.0000	0.0000	0.0000	0.0000	0.0000	0.0000	0.0001	0.0001	0.0000	0.0000	0.0000	0.0000	0.0001	0.0000	0.0000	0.0032	0.0018	0.0014	0.0005	0.0004	0.0001	0.0027	0.0014	0.0013
11	57	0.0974	18	1	0	1	0	0	0	1	0	0	0	1	2	0	0	0	0	0	0	N	N	N	N	N	Y	N	N	N	N	N	N	N	N	N	N	N	N	0.0000	0.0000	0.0000	0.0000	0.0000	0.0000	0.0000	0.0000	0.0000	0.0000	0.0000	0.0000	0.0000	0.0000	0.0000	0.0000	0.0000	0.0000	0.0000	0.0000	0.0000	0.0000	0.0000	0.0000	0.0000	0.0000	0.0000			0.0000	0.0000	0.9992	1.0000	0.9994	4.9984	0.0000	0.0000	0.0000	0.0000	0.0000	0.0000	0.0000	0.0000	0.0000	0.0000	0.0000	0.0000	0.0000	0.0000	0.0000	0.0000	0.0000	0.0000	0.0076	0.0066	0.0010	0.0004	0.0004	0.0000	0.0072	0.0063	0.0010	0.0162	0.0093	0.0069	0.0023	0.0020	0.0004	0.0139	0.0073	0.0066
11	58	0.0933	17	1	0	0	0	0	0	0	0	0	0	1	2	0	0	0	0	0	0	N	N	N	N	N	Y	N	N	N	N	N	N	N	N	N	N	N	N	0.0000	0.0000	0.0000	0.0000	0.0000	0.0000	0.0000	0.0000	0.0000	0.0000	0.0000	0.0000	0.0000	0.0000	0.0000	0.0000	0.0000	0.0000	0.0000	0.0000	0.0000	0.0000	0.0000	0.0000	0.0000	0.0000	0.0000			0.0000	0.0000	0.9992	0.0000	0.9994	2.0010	0.0000	0.0000	0.0000	0.0000	0.0000	0.0000	0.0000	0.0000	0.0000	0.0000	0.0000	0.0000	0.0000	0.0000	0.0000	0.0000	0.0000	0.0000	0.0000	0.0000	0.0000	0.0000	0.0000	0.0000	0.0000	0.0000	0.0000	0.0056	0.0033	0.0024	0.0008	0.0007	0.0001	0.0048	0.0026	0.0023
11	59	0.0864	16	1	0	0	0	0	0	0	0	1	0	1	2	0	0	0	0	0	0	N	N	N	N	N	Y	N	N	N	N	N	N	N	N	N	N	N	N	inf	inf	0.0000	inf	inf	0.0000	0.0000	0.0000	0.0000	34.9740	44.0459	0.0000	92.0821	92.2910	0.0000	0.0000	0.0000	0.0000	0.0000	0.0000	0.0000	0.0000	0.0000	0.0000	0.0000	0.0000	0.0000	0.0000		-0.0024	0.0000	0.9992	0.0042	0.9994	3.0766	0.0042	0.0042	0.0000	0.0042	0.0042	0.0000	0.0000	0.0000	0.0000	0.0000	0.0000	0.0000	0.0000	0.0000	0.0000	0.0000	0.0000	0.0000	0.0001	0.0001	0.0000	0.0000	0.0000	0.0000	0.0001	0.0000	0.0000	0.0086	0.0049	0.0037	0.0011	0.0009	0.0001	0.0075	0.0039	0.0036
11	60	0.0864	15	1	0	0	0	0	0	0	0	0	1	0	2	0	0	0	0	0	0	N	N	N	N	N	Y	N	N	N	N	N	N	N	N	N	N	N	N	inf	inf	inf	inf	inf	0.0000	inf	0.0000	inf	54.2075	34.1872	139.3046	88.4595	88.8365	0.0000	38.6119	0.0000	140.2826	0.0000	0.0000	0.0000	0.0000	0.0000	0.0000	0.0000	0.0000	0.0000	0.9586		-0.0007	0.0000	0.9992	0.0086	0.9994	0.1203	0.0085	0.0043	0.0042	0.0043	0.0043	0.0000	0.0042	0.0000	0.0042	0.0000	0.0000	0.0000	0.0000	0.0000	0.0000	0.0000	0.0000	0.0000	0.0002	0.0001	0.0000	0.0000	0.0000	0.0000	0.0001	0.0001	0.0000	0.0006	0.0003	0.0003	0.0002	0.0002	0.0000	0.0004	0.0002	0.0003
11	65	0.0931	15	0	0	0	0	0	0	0	0	0	1	0	2	0	0	0	0	0	0	N	N	N	N	N	Y	N	N	N	N	N	N	N	N	N	N	N	N	inf	inf	0.0000	0.0000	0.0000	0.0000	inf	inf	0.0000	0.0031	0.0036	0.0000	0.0000	0.0000	0.0000	0.0033	0.0038	0.0000	0.0000	0.0000	0.0000	0.0000	0.0000	0.0000	0.0000	0.0000	0.0000	0.0000		-0.0000	0.0000	0.9992	3.0012	0.9994	1.7329	0.0001	0.0001	0.0000	0.0000	0.0000	0.0000	0.0001	0.0001	0.0000	0.0000	0.0000	0.0000	0.0000	0.0000	0.0000	0.0000	0.0000	0.0000	0.0226	0.0196	0.0029	0.0011	0.0010	0.0001	0.0215	0.0186	0.0029	0.0147	0.0090	0.0057	0.0026	0.0024	0.0002	0.0121	0.0066	0.0055
11	81	0.0064	4	0	0	0	0	0	0	0	0	0	1	0	2	0	0	0	0	0	0	N	N	N	N	N	Y	N	N	N	N	N	N	N	N	N	N	N	N	0.0000	0.0000	0.0000	0.0000	0.0000	0.0000	0.0000	0.0000	0.0000	0.0000	0.0000	0.0000	0.0000	0.0000	0.0000	0.0000	0.0000	0.0000	0.0000	0.0000	0.0000	0.0000	0.0000	0.0000	0.0000	0.0000	0.0000			0.0000	0.0000	0.9992	0.0000	0.9994	2.0000	0.0000	0.0000	0.0000	0.0000	0.0000	0.0000	0.0000	0.0000	0.0000	0.0000	0.0000	0.0000	0.0000	0.0000	0.0000	0.0000	0.0000	0.0000	0.0000	0.0000	0.0000	0.0000	0.0000	0.0000	0.0000	0.0000	0.0000	0.0058	0.0031	0.0027	0.0000	0.0000	0.0000	0.0058	0.0031	0.0027
11	85	0.0064	3	0	0	0	0	0	0	0	0	0	1	0	2	0	0	0	0	0	0	N	N	N	N	N	Y	N	N	N	N	N	N	N	N	N	N	N	N	0.0000	0.0000	0.0000	0.0000	0.0000	0.0000	0.0000	0.0000	0.0000	0.0000	0.0000	0.0000	0.0000	0.0000	0.0000	0.0000	0.0000	0.0000	0.0000	0.0000	0.0000	0.0000	0.0000	0.0000	0.0000	0.0000	0.0000			0.0000	0.0000	0.9992	0.0000	0.9994	0.0000	0.0000	0.0000	0.0000	0.0000	0.0000	0.0000	0.0000	0.0000	0.0000	0.0000	0.0000	0.0000	0.0000	0.0000	0.0000	0.0000	0.0000	0.0000	0.0000	0.0000	0.0000	0.0000	0.0000	0.0000	0.0000	0.0000	0.0000	0.0000	0.0000	0.0000	0.0000	0.0000	0.0000	0.0000	0.0000	0.0000
15	33	0.0618	9	2	0	1	1	0	0	0	1	1	0	2	1	0	0	0	0	0	0	Y	N	N	N	Y	N	N	N	N	N	N	N	N	N	N	N	N	N	0.0000	0.0000	0.0000	0.0000	0.0000	0.0000	0.0000	0.0000	0.0000	0.0000	0.0000	0.0000	0.0000	0.0000	0.0000	0.0000	0.0000	0.0000	0.0000	0.0001	0.0000	0.0008	0.0008	0.0000	0.0000	0.0000	0.0000		0.0000	0.0000	-0.0000	2.9875	1.0004	6.8646	4.0090	0.0000	0.0000	0.0000	0.0000	0.0000	0.0000	0.0000	0.0000	0.0000	0.0000	0.0000	0.0000	0.0000	0.0000	0.0000	0.0000	0.0000	0.0000	0.0213	0.0185	0.0028	0.0009	0.0008	0.0001	0.0204	0.0177	0.0027	0.0669	0.0372	0.0297	0.0034	0.0033	0.0001	0.0635	0.0339	0.0296
15	34	0.0668	10	2	0	1	0	0	0	0	0	1	0	2	1	0	0	0	0	0	0	Y	N	N	N	Y	N	N	N	N	N	N	N	N	N	N	N	N	N	231.6905	145.5211	0.0000	58.9628	57.7915	0.0000	0.0000	0.0000	0.0000	0.0563	0.0636	0.0000	0.2629	0.2659	0.0000	0.0000	0.0000	0.0000	0.0002	0.0004	0.0000	0.0045	0.0046	0.0000	0.0000	0.0000	0.0000	0.0000	0.0000	-0.0010	-0.0000	2.9875	0.8079	6.8646	8.0263	0.0017	0.0017	0.0000	0.0017	0.0017	0.0000	0.0000	0.0000	0.0000	0.0000	0.0000	0.0000	0.0000	0.0000	0.0000	0.0000	0.0000	0.0000	0.0296	0.0262	0.0034	0.0063	0.0063	0.0001	0.0233	0.0200	0.0033	0.1252	0.0697	0.0555	0.0068	0.0066	0.0002	0.1183	0.0631	0.0553
15	45	0.0668	10	2	0	1	0	0	0	0	0	1	0	2	1	0	0	0	0	0	0	Y	N	N	N	Y	N	N	N	N	N	N	N	N	N	N	N	N	N	27128964.6389	17217376.3390	0.0000	0.0000	0.0000	0.0000	inf	inf	0.0000	17.4677	19.8888	0.0000	0.0000	0.0000	0.0000	20.0869	23.2769	0.0000	0.0000	0.0000	0.0000	0.0000	0.0000	0.0000	0.0000	0.0000	0.0000	0.0000	0.0000	-0.5672	-0.0000	2.9875	1.9986	6.8646	3.0240	0.9858	0.9858	0.0000	0.0000	0.0000	0.0000	0.9858	0.9858	0.0000	0.0000	0.0000	0.0000	0.0000	0.0000	0.0000	0.0000	0.0000	0.0000	0.0564	0.0496	0.0069	0.0074	0.0072	0.0001	0.0491	0.0424	0.0067	0.0727	0.0405	0.0322	0.0042	0.0041	0.0001	0.0685	0.0364	0.0320
15	46	0.0618	9	2	0	1	0	0	0	0	0	1	0	2	1	0	0	0	0	0	0	Y	N	N	N	Y	N	N	N	N	N	N	N	N	N	N	N	N	N	59.1951	49.3530	0.0000	0.0000	0.0000	0.0000	63.5112	52.2428	0.0000	0.0608	0.0699	0.0000	0.0000	0.0000	0.0000	0.0634	0.0732	0.0000	0.0010	0.0014	0.0005	0.0015	0.0016	0.0000	0.0010	0.0014	0.0005	0.0000	0.3002	-0.0010	-0.0000	2.9875	1.1966	6.8646	1.0046	0.0017	0.0017	0.0000	0.0000	0.0000	0.0000	0.0017	0.0017	0.0000	0.0000	0.0000	0.0000	0.0000	0.0000	0.0000	0.0000	0.0000	0.0000	0.0274	0.0239	0.0036	0.0011	0.0011	0.0001	0.0263	0.0228	0.0035	0.0322	0.0180	0.0143	0.0017	0.0017	0.0001	0.0305	0.0163	0.0142
15	47	0.0598	8	2	0	1	0	0	0	0	0	2	1	2	1	0	0	0	0	0	0	Y	N	N	N	Y	N	N	N	N	N	N	N	N	N	N	N	N	N	0.0000	0.0000	0.0000	0.0000	0.0000	0.0000	0.0000	0.0000	0.0000	0.0000	0.0000	0.0000	0.0000	0.0000	0.0000	0.0000	0.0000	0.0000	0.0201	0.0362	0.0003	0.1860	0.1870	0.0000	0.0002	0.0000	0.0003		0.0072	0.0000	-0.0002	2.9875	0.0039	6.8646	1.0628	0.0000	0.0000	0.0000	0.0000	0.0000	0.0000	0.0000	0.0000	0.0000	0.0004	0.0003	0.0000	0.0003	0.0003	0.0000	0.0000	0.0000	0.0000	0.0002	0.0002	0.0000	0.0001	0.0001	0.0000	0.0002	0.0001	0.0000	0.0175	0.0096	0.0078	0.0019	0.0019	0.0000	0.0156	0.0078	0.0078
15	48	0.0576	7	2	0	1	0	0	0	0	0	1	0	1	0	0	0	0	0	0	0	Y	N	N	N	N	N	N	N	N	N	N	N	N	N	N	N	N	N	0.0000	0.0000	0.0000	0.0000	0.0000	0.0000	0.0000	0.0000	0.0000	0.0000	0.0000	0.0000	0.0000	0.0000	0.0000	0.0000	0.0000	0.0000	0.0331	0.0278	0.0393	0.1444	0.1452	0.0000	0.0200	0.0000	0.0393		1.1819	0.0000	0.0000	2.9875	0.0093	6.8646	1.1245	0.0000	0.0000	0.0000	0.0000	0.0000	0.0000	0.0000	0.0000	0.0000	0.0006	0.0003	0.0003	0.0003	0.0003	0.0000	0.0003	0.0000	0.0003	0.0005	0.0004	0.0001	0.0002	0.0002	0.0000	0.0004	0.0003	0.0001	0.0185	0.0101	0.0084	0.0019	0.0019	0.0000	0.0165	0.0081	0.0084
15	53	0.0535	6	2	0	1	0	0	0	0	0	1	0	1	0	0	0	0	0	0	0	Y	N	N	N	N	N	N	N	N	N	N	N	N	N	N	N	N	N	0.0000	0.0000	0.0000	0.0000	0.0000	0.0000	0.0000	0.0000	0.0000	0.0000	0.0000	0.0000	0.0000	0.0000	0.0000	0.0000	0.0000	0.0000	0.0169	0.0148	0.0194	0.1079	0.1088	0.0000	0.0095	0.0000	0.0195		1.0811	0.0000	0.0000	2.9875	0.9898	6.8646	1.1155	0.0000	0.0000	0.0000	0.0000	0.0000	0.0000	0.0000	0.0000	0.0000	0.0005	0.0003	0.0003	0.0003	0.0003	0.0000	0.0003	0.0000	0.0003	0.0227	0.0197	0.0030	0.0009	0.0008	0.0001	0.0218	0.0189	0.0030	0.0320	0.0176	0.0144	0.0024	0.0024	0.0000	0.0296	0.0152	0.0144
15	54	0.0362	4	2	0	1	0	1	0	0	0	1	0	1	0	0	0	0	0	0	0	Y	N	N	N	N	N	N	N	N	N	N	N	N	N	N	N	N	N	inf	inf	0.0000	0.0000	0.0000	0.0000	inf	inf	0.0000	8.9773	10.3478	0.0000	0.0000	0.0000	0.0000	9.0597	10.4485	0.0000	0.0000	0.0000	0.0000	0.0000	0.0000	0.0000	0.0000	0.0000	0.0000	0.0000		-0.5753	0.0000	2.9875	5.0000	6.8646	15.9866	1.0000	1.0000	0.0000	0.0000	0.0000	0.0000	1.0000	1.0000	0.0000	0.0000	0.0000	0.0000	0.0000	0.0000	0.0000	0.0000	0.0000	0.0000	0.1114	0.0966	0.0148	0.0010	0.0009	0.0001	0.1104	0.0957	0.0147	0.2824	0.1566	0.1258	0.0124	0.0123	0.0001	0.2700	0.1443	0.1257
15	55	0.3554	9	1	0	1	0	0	0	0	0	2	0	2	0	0	0	0	0	0	0	N	N	N	N	Y	N	N	N	N	N	N	N	N	N	N	N	N	N	0.0001	0.0001	0.0000	0.0026	0.0057	0.0000	0.0000	0.0000	0.0000	0.0001	0.0001	0.0000	0.0004	0.0004	0.0000	0.0000	0.0000	0.0000	1.5037	1.0395	2.4741	0.1487	0.0739	0.6311	2.8479	2.7368	2.9540	0.0010	1.1387	-0.0000	0.0767	2.9875	17.6796	6.8646	56.5727	0.0001	0.0001	0.0000	0.0000	0.0000	0.0000	0.0000	0.0000	0.0000	2.0619	0.9641	1.0978	0.1015	0.0437	0.0579	1.9604	0.9204	1.0400	0.4875	0.4301	0.0574	0.1147	0.1072	0.0075	0.3728	0.3229	0.0499	1.3712	0.9275	0.4437	0.6828	0.5912	0.0917	0.6884	0.3363	0.3520
15	58	0.0603	8	2	0	1	0	0	0	0	0	1	0	2	1	0	0	0	0	0	0	Y	N	N	N	Y	N	N	N	N	N	N	N	N	N	N	N	N	N	0.0000	0.0000	0.0000	0.0000	0.0000	0.0000	0.0000	0.0000	0.0000	0.0000	0.0000	0.0000	0.0000	0.0000	0.0000	0.0000	0.0000	0.0000	0.0000	0.0000	0.0000	0.0001	0.0001	0.0000	0.0000	0.0000	0.0000		0.0000	0.0000	-0.0000	2.9875	0.0000	6.8646	2.0010	0.0000	0.0000	0.0000	0.0000	0.0000	0.0000	0.0000	0.0000	0.0000	0.0000	0.0000	0.0000	0.0000	0.0000	0.0000	0.0000	0.0000	0.0000	0.0000	0.0000	0.0000	0.0000	0.0000	0.0000	0.0000	0.0000	0.0000	0.0292	0.0165	0.0128	0.0022	0.0021	0.0001	0.0270	0.0144	0.0126
15	59	0.0535	7	2	0	1	0	0	0	0	0	2	0	2	1	0	0	0	0	0	0	Y	N	N	N	Y	N	N	N	N	N	N	N	N	N	N	N	N	N	0.0000	0.0000	0.0000	0.0000	0.0000	0.0000	0.0000	0.0000	0.0000	0.0000	0.0000	0.0000	0.0000	0.0000	0.0000	0.0000	0.0000	0.0000	0.0061	0.0110	0.0000	0.0919	0.0928	0.0000	0.0000	0.0000	0.0000		0.0008	0.0000	-0.0001	2.9875	0.0042	6.8646	3.0766	0.0000	0.0000	0.0000	0.0000	0.0000	0.0000	0.0000	0.0000	0.0000	0.0003	0.0003	0.0000	0.0003	0.0003	0.0000	0.0000	0.0000	0.0000	0.0003	0.0003	0.0001	0.0001	0.0001	0.0000	0.0002	0.0001	0.0001	0.0456	0.0251	0.0205	0.0030	0.0030	0.0000	0.0426	0.0221	0.0205
15	60	0.0535	6	2	0	1	0	0	0	0	0	1	1	1	1	0	0	0	0	0	0	Y	N	N	N	N	N	N	N	N	N	N	N	N	N	N	N	N	N	0.0000	0.0000	0.0000	0.0000	0.0000	0.0000	0.0000	0.0000	0.0000	0.0000	0.0000	0.0000	0.0000	0.0000	0.0000	0.0000	0.0000	0.0000	0.1313	0.1251	0.1383	0.2275	0.2277	0.0000	0.0923	0.0000	0.1384		1.0000	0.0000	0.0000	2.9875	0.0086	6.8646	0.1203	0.0000	0.0000	0.0000	0.0000	0.0000	0.0000	0.0000	0.0000	0.0000	0.0005	0.0003	0.0003	0.0003	0.0003	0.0000	0.0003	0.0000	0.0003	0.0004	0.0004	0.0001	0.0001	0.0001	0.0000	0.0003	0.0002	0.0001	0.0040	0.0021	0.0019	0.0011	0.0011	0.0000	0.0028	0.0009	0.0019
15	61	0.0491	5	2	0	1	0	0	0	0	0	1	0	1	0	0	0	0	0	0	0	Y	N	N	N	N	N	N	N	N	N	N	N	N	N	N	N	N	N	0.0000	0.0000	0.0000	0.0000	0.0000	0.0000	0.0000	0.0000	0.0000	0.0000	0.0000	0.0000	0.0000	0.0000	0.0000	0.0000	0.0000	0.0000	0.0162	0.0147	0.0179	0.1083	0.1092	0.0000	0.0087	0.0000	0.0179		0.9975	0.0000	0.0000	2.9875	2.0089	6.8646	0.1204	0.0000	0.0000	0.0000	0.0000	0.0000	0.0000	0.0000	0.0000	0.0000	0.0005	0.0003	0.0003	0.0003	0.0003	0.0000	0.0003	0.0000	0.0003	0.0455	0.0395	0.0060	0.0015	0.0014	0.0001	0.0440	0.0381	0.0059	0.0323	0.0177	0.0146	0.0024	0.0024	0.0000	0.0299	0.0153	0.0145
15	62	0.0468	4	2	0	1	0	0	0	0	0	1	0	1	0	0	0	0	0	0	0	Y	N	N	N	N	N	N	N	N	N	N	N	N	N	N	N	N	N	0.0000	0.0000	0.0000	0.0000	0.0000	0.0000	0.0000	0.0000	0.0000	0.0000	0.0000	0.0000	0.0000	0.0000	0.0000	0.0000	0.0000	0.0000	0.0152	0.0062	0.0262	0.0514	0.0519	0.0000	0.0126	0.0000	0.0262		3.4616	0.0000	0.0001	2.9875	1.4554	6.8646	0.0966	0.0000	0.0000	0.0000	0.0000	0.0000	0.0000	0.0000	0.0000	0.0000	0.0004	0.0001	0.0003	0.0001	0.0001	0.0000	0.0003	0.0000	0.0003	0.0328	0.0285	0.0043	0.0008	0.0008	0.0000	0.0320	0.0277	0.0043	0.0231	0.0127	0.0104	0.0015	0.0015	0.0000	0.0216	0.0112	0.0104
15	63	0.0453	3	2	0	1	0	0	0	0	0	1	0	1	0	0	0	0	0	0	0	Y	N	N	N	N	N	N	N	N	N	N	N	N	N	N	N	N	N	0.0000	0.0000	0.0000	0.0000	0.0000	0.0000	0.0000	0.0000	0.0000	0.0000	0.0000	0.0000	0.0000	0.0000	0.0000	0.0000	0.0000	0.0000	0.0049	0.0010	0.0094	0.0024	0.0024	0.0000	0.0056	0.0000	0.0094		8.5436	0.0000	0.0000	2.9875	0.0090	6.8646	0.8380	0.0000	0.0000	0.0000	0.0000	0.0000	0.0000	0.0000	0.0000	0.0000	0.0001	0.0000	0.0001	0.0000	0.0000	0.0000	0.0001	0.0000	0.0001	0.0002	0.0002	0.0000	0.0000	0.0000	0.0000	0.0002	0.0002	0.0000	0.0191	0.0102	0.0089	0.0040	0.0040	0.0000	0.0151	0.0062	0.0089
15	73	0.0320	2	2	0	1	0	0	0	0	0	1	0	1	0	0	0	0	0	0	0	Y	N	N	N	N	N	N	N	N	N	N	N	N	N	N	N	N	N	0.0000	0.0000	0.0000	0.0000	0.0000	0.0000	0.0000	0.0000	0.0000	0.0000	0.0000	0.0000	0.0000	0.0000	0.0000	0.0000	0.0000	0.0000	0.0002	0.0001	0.0003	0.0016	0.0017	0.0000	0.0001	0.0000	0.0003		1.6015	0.0000	0.0000	2.9875	4.0025	6.8646	2.2111	0.0000	0.0000	0.0000	0.0000	0.0000	0.0000	0.0000	0.0000	0.0000	0.0000	0.0000	0.0000	0.0000	0.0000	0.0000	0.0000	0.0000	0.0000	0.0896	0.0777	0.0119	0.0002	0.0002	0.0000	0.0894	0.0775	0.0119	0.0885	0.0487	0.0398	0.0038	0.0037	0.0000	0.0848	0.0450	0.0398
16	33	0.0701	15	2	0	1	1	0	0	0	1	0	0	1	1	0	0	0	0	0	0	Y	N	N	N	N	N	N	N	N	N	N	N	N	N	N	N	N	N	0.0000	0.0000	0.0000	0.0000	0.0000	0.0000	0.0000	0.0000	0.0000	0.0000	0.0000	0.0000	0.0000	0.0000	0.0000	0.0000	0.0000	0.0000	0.0936	0.1562	0.0000	0.7208	0.7490	0.0000	0.0000	0.0000	0.0000		0.0000	0.0000	-0.0015	0.0003	1.0004	4.3365	4.0090	0.0000	0.0000	0.0000	0.0000	0.0000	0.0000	0.0000	0.0000	0.0000	0.0031	0.0031	0.0000	0.0031	0.0031	0.0000	0.0000	0.0000	0.0000	0.0012	0.0011	0.0001	0.0006	0.0006	0.0000	0.0006	0.0005	0.0001	0.0333	0.0200	0.0134	0.0043	0.0042	0.0002	0.0290	0.0158	0.0132
16	34	0.0750	16	2	0	1	0	0	0	0	0	0	0	1	1	0	0	0	0	0	0	Y	N	N	N	N	N	N	N	N	N	N	N	N	N	N	N	N	N	0.0000	0.0000	0.0000	0.0000	0.0000	0.0000	0.0000	0.0000	0.0000	0.0000	0.0000	0.0000	0.0000	0.0000	0.0000	0.0000	0.0000	0.0000	0.3743	0.0000	0.9339	0.0000	0.0000	0.0001	0.4324	0.0000	0.9455		inf	0.0000	0.0118	0.0003	0.8079	4.3365	8.0263	0.0000	0.0000	0.0000	0.0000	0.0000	0.0000	0.0000	0.0000	0.0000	0.0235	0.0000	0.0235	0.0000	0.0000	0.0000	0.0235	0.0000	0.0235	0.0010	0.0010	0.0001	0.0005	0.0005	0.0000	0.0005	0.0004	0.0001	0.0627	0.0376	0.0251	0.0084	0.0081	0.0003	0.0542	0.0294	0.0248
16	45	0.0750	16	2	0	1	0	0	0	0	0	0	0	1	1	0	0	0	0	0	0	Y	N	N	N	N	N	N	N	N	N	N	N	N	N	N	N	N	N	0.0000	0.0000	0.0000	0.0000	0.0000	0.0000	0.0000	0.0000	0.0000	0.0000	0.0000	0.0000	0.0000	0.0000	0.0000	0.0000	0.0000	0.0000	0.6435	0.0000	1.6050	0.0000	0.0000	0.0000	0.7462	0.0000	1.6246		inf	0.0000	0.0118	0.0003	1.9986	4.3365	3.0240	0.0000	0.0000	0.0000	0.0000	0.0000	0.0000	0.0000	0.0000	0.0000	0.0235	0.0000	0.0235	0.0000	0.0000	0.0000	0.0235	0.0000	0.0235	0.0026	0.0024	0.0002	0.0013	0.0013	0.0000	0.0013	0.0011	0.0002	0.0365	0.0218	0.0146	0.0050	0.0048	0.0002	0.0314	0.0170	0.0144
16	46	0.0701	15	2	0	1	0	0	0	0	0	0	0	1	1	0	0	0	0	0	0	Y	N	N	N	N	N	N	N	N	N	N	N	N	N	N	N	N	N	0.0000	0.0000	0.0000	0.0000	0.0000	0.0000	0.0000	0.0000	0.0000	0.0000	0.0000	0.0000	0.0000	0.0000	0.0000	0.0000	0.0000	0.0000	60.3912	0.0076	150.8427	0.0345	0.0359	0.0000	69.5957	0.0000	152.6874		13211.3157	0.0000	0.4898	0.0003	1.1966	4.3365	1.0046	0.0000	0.0000	0.0000	0.0000	0.0000	0.0000	0.0000	0.0000	0.0000	0.9705	0.0001	0.9704	0.0001	0.0001	0.0000	0.9704	0.0000	0.9704	0.0015	0.0014	0.0001	0.0008	0.0008	0.0000	0.0008	0.0006	0.0001	0.0161	0.0096	0.0064	0.0021	0.0020	0.0001	0.0139	0.0076	0.0064
16	47	0.0680	14	2	0	1	0	0	0	0	0	1	1	1	1	0	0	0	0	0	0	Y	N	N	N	N	N	N	N	N	N	N	N	N	N	N	N	N	N	0.0000	0.0000	0.0000	0.0000	0.0000	0.0000	0.0000	0.0000	0.0000	0.0000	0.0000	0.0000	0.0000	0.0000	0.0000	0.0000	0.0000	0.0000	0.3826	0.0220	0.8984	0.0791	0.0808	0.0000	0.4420	0.0000	0.9060		28.5407	0.0000	0.0015	0.0003	0.0039	4.3365	1.0628	0.0000	0.0000	0.0000	0.0000	0.0000	0.0000	0.0000	0.0000	0.0000	0.0032	0.0001	0.0031	0.0001	0.0001	0.0000	0.0031	0.0000	0.0031	0.0000	0.0000	0.0000	0.0000	0.0000	0.0000	0.0000	0.0000	0.0000	0.0084	0.0050	0.0035	0.0014	0.0014	0.0000	0.0071	0.0036	0.0034
16	48	0.0658	13	2	0	1	0	0	0	0	0	0	0	0	0	0	0	0	0	0	0	Y	N	N	N	N	N	N	N	N	N	N	N	N	N	N	N	N	N	0.0000	0.0000	0.0000	0.0000	0.0000	0.0000	0.0000	0.0000	0.0000	0.0000	0.0000	0.0000	0.0000	0.0000	0.0000	0.0000	0.0000	0.0000	0.0155	0.0014	0.0352	0.0050	0.0051	0.0001	0.0177	0.0000	0.0356		17.8118	0.0000	0.0001	0.0003	0.0093	4.3365	1.1245	0.0000	0.0000	0.0000	0.0000	0.0000	0.0000	0.0000	0.0000	0.0000	0.0001	0.0000	0.0001	0.0000	0.0000	0.0000	0.0001	0.0000	0.0001	0.0000	0.0000	0.0000	0.0000	0.0000	0.0000	0.0000	0.0000	0.0000	0.0090	0.0052	0.0038	0.0015	0.0015	0.0000	0.0075	0.0038	0.0037
16	53	0.0617	12	2	0	1	0	0	0	0	0	0	0	0	0	0	0	0	0	0	0	Y	N	N	N	N	N	N	N	N	N	N	N	N	N	N	N	N	N	0.0000	0.0000	0.0000	0.0000	0.0000	0.0000	0.0000	0.0000	0.0000	0.0000	0.0000	0.0000	0.0000	0.0000	0.0000	0.0000	0.0000	0.0000	0.0019	0.0033	0.0000	0.0105	0.0107	0.0000	0.0006	0.0011	0.0000		0.0000	0.0000	-0.0000	0.0003	0.9898	4.3365	1.1155	0.0000	0.0000	0.0000	0.0000	0.0000	0.0000	0.0000	0.0000	0.0000	0.0000	0.0000	0.0000	0.0000	0.0000	0.0000	0.0000	0.0000	0.0000	0.0012	0.0011	0.0001	0.0006	0.0006	0.0000	0.0006	0.0005	0.0001	0.0157	0.0092	0.0064	0.0022	0.0021	0.0001	0.0135	0.0071	0.0064
16	54	0.0360	6	2	0	1	0	1	0	0	0	0	0	0	0	0	0	0	0	0	0	Y	N	N	N	N	N	N	N	N	N	N	N	N	N	N	N	N	N	0.0000	0.0000	0.0000	0.0000	0.0000	0.0000	0.0000	0.0000	0.0000	0.0000	0.0000	0.0000	0.0000	0.0000	0.0000	0.0000	0.0000	0.0000	0.0000	0.0000	0.0000	0.0000	0.0000	0.0000	0.0000	0.0000	0.0000		0.0000	0.0000	-0.0000	0.0003	5.0000	4.3365	15.9866	0.0000	0.0000	0.0000	0.0000	0.0000	0.0000	0.0000	0.0000	0.0000	0.0000	0.0000	0.0000	0.0000	0.0000	0.0000	0.0000	0.0000	0.0000	0.0059	0.0054	0.0005	0.0029	0.0029	0.0000	0.0029	0.0025	0.0005	0.1407	0.0829	0.0578	0.0160	0.0155	0.0005	0.1248	0.0674	0.0573
16	58	0.0685	14	2	0	1	0	0	0	0	0	0	0	1	1	0	0	0	0	0	0	Y	N	N	N	N	N	N	N	N	N	N	N	N	N	N	N	N	N	0.0000	0.0000	0.0000	0.0000	0.0000	0.0000	0.0000	0.0000	0.0000	0.0000	0.0000	0.0000	0.0000	0.0000	0.0000	0.0000	0.0000	0.0000	0.0000	0.0000	0.0000	0.0000	0.0000	0.0000	0.0000	0.0000	0.0000			0.0000	0.0000	0.0003	0.0000	4.3365	2.0010	0.0000	0.0000	0.0000	0.0000	0.0000	0.0000	0.0000	0.0000	0.0000	0.0000	0.0000	0.0000	0.0000	0.0000	0.0000	0.0000	0.0000	0.0000	0.0000	0.0000	0.0000	0.0000	0.0000	0.0000	0.0000	0.0000	0.0000	0.0144	0.0087	0.0057	0.0021	0.0020	0.0001	0.0123	0.0067	0.0056
16	59	0.0617	13	2	0	1	0	0	0	0	0	1	0	1	1	0	0	0	0	0	0	Y	N	N	N	N	N	N	N	N	N	N	N	N	N	N	N	N	N	0.0000	0.0000	0.0000	0.0000	0.0000	0.0000	0.0000	0.0000	0.0000	0.0000	0.0000	0.0000	0.0000	0.0000	0.0000	0.0000	0.0000	0.0000	0.0000	0.0000	0.0000	0.0000	0.0000	0.0000	0.0000	0.0000	0.0000			0.0000	0.0000	0.0003	0.0042	4.3365	3.0766	0.0000	0.0000	0.0000	0.0000	0.0000	0.0000	0.0000	0.0000	0.0000	0.0000	0.0000	0.0000	0.0000	0.0000	0.0000	0.0000	0.0000	0.0000	0.0000	0.0000	0.0000	0.0000	0.0000	0.0000	0.0000	0.0000	0.0000	0.0224	0.0132	0.0092	0.0030	0.0029	0.0001	0.0194	0.0103	0.0091
16	60	0.0617	12	2	0	1	0	0	0	0	0	0	1	0	1	0	0	0	0	0	0	Y	N	N	N	N	N	N	N	N	N	N	N	N	N	N	N	N	N	0.0000	0.0000	0.0000	0.0000	0.0000	0.0000	0.0000	0.0000	0.0000	0.0000	0.0000	0.0000	0.0000	0.0000	0.0000	0.0000	0.0000	0.0000	0.0000	0.0000	0.0000	0.0000	0.0000	0.0000	0.0000	0.0000	0.0000			0.0000	0.0000	0.0003	0.0086	4.3365	0.1203	0.0000	0.0000	0.0000	0.0000	0.0000	0.0000	0.0000	0.0000	0.0000	0.0000	0.0000	0.0000	0.0000	0.0000	0.0000	0.0000	0.0000	0.0000	0.0000	0.0000	0.0000	0.0000	0.0000	0.0000	0.0000	0.0000	0.0000	0.0018	0.0010	0.0008	0.0005	0.0005	0.0000	0.0012	0.0004	0.0008
16	61	0.0573	11	2	0	1	0	0	0	0	0	0	0	0	0	0	0	0	0	0	0	Y	N	N	N	N	N	N	N	N	N	N	N	N	N	N	N	N	N	0.0000	0.0000	0.0000	0.0000	0.0000	0.0000	0.0000	0.0000	0.0000	0.0000	0.0000	0.0000	0.0000	0.0000	0.0000	0.0000	0.0000	0.0000	0.0000	0.0000	0.0000	0.0000	0.0000	0.0000	0.0000	0.0000	0.0000			0.0000	0.0000	0.0003	2.0089	4.3365	0.1204	0.0000	0.0000	0.0000	0.0000	0.0000	0.0000	0.0000	0.0000	0.0000	0.0000	0.0000	0.0000	0.0000	0.0000	0.0000	0.0000	0.0000	0.0000	0.0024	0.0022	0.0002	0.0012	0.0012	0.0000	0.0012	0.0010	0.0002	0.0158	0.0093	0.0065	0.0022	0.0022	0.0001	0.0136	0.0071	0.0064
16	62	0.0550	10	2	0	1	0	0	0	0	0	0	0	0	0	0	0	0	0	0	0	Y	N	N	N	N	N	N	N	N	N	N	N	N	N	N	N	N	N	0.0000	0.0000	0.0000	0.0000	0.0000	0.0000	0.0000	0.0000	0.0000	0.0000	0.0000	0.0000	0.0000	0.0000	0.0000	0.0000	0.0000	0.0000	0.0070	0.0119	0.0000	0.0522	0.0537	0.0000	0.0000	0.0000	0.0000		0.0000	0.0000	-0.0000	0.0003	1.4554	4.3365	0.0966	0.0000	0.0000	0.0000	0.0000	0.0000	0.0000	0.0000	0.0000	0.0000	0.0001	0.0001	0.0000	0.0001	0.0001	0.0000	0.0000	0.0000	0.0000	0.0017	0.0016	0.0001	0.0009	0.0009	0.0000	0.0009	0.0007	0.0001	0.0114	0.0067	0.0047	0.0015	0.0015	0.0000	0.0099	0.0052	0.0047
16	63	0.0535	9	2	0	1	0	0	0	0	0	0	0	0	0	0	0	0	0	0	0	Y	N	N	N	N	N	N	N	N	N	N	N	N	N	N	N	N	N	0.0366	0.0223	0.0000	0.0283	0.0281	0.0000	0.0000	0.0000	0.0000	0.0009	0.0010	0.0000	0.0018	0.0018	0.0000	0.0000	0.0000	0.0000	0.0243	0.0433	0.0000	0.0626	0.0633	0.0000	0.0117	0.0279	0.0000	0.0000	0.0000	-0.0000	-0.0001	0.0003	0.0090	4.3365	0.8380	0.0000	0.0000	0.0000	0.0000	0.0000	0.0000	0.0000	0.0000	0.0000	0.0002	0.0002	0.0000	0.0001	0.0001	0.0000	0.0001	0.0001	0.0000	0.0000	0.0000	0.0000	0.0000	0.0000	0.0000	0.0000	0.0000	0.0000	0.0091	0.0051	0.0040	0.0022	0.0022	0.0000	0.0068	0.0029	0.0040
16	73	0.0402	8	2	0	1	0	0	0	0	0	0	0	0	0	0	0	0	0	0	0	Y	N	N	N	N	N	N	N	N	N	N	N	N	N	N	N	N	N	2.3120	3.3789	0.0000	4.2692	4.1432	0.0000	0.0000	0.0000	0.0000	0.0085	0.0092	0.0000	0.0169	0.0169	0.0000	0.0000	0.0000	0.0000	0.0037	0.0027	0.0050	0.0040	0.0041	0.0001	0.0036	0.0024	0.0050	0.0000	1.2859	-0.0000	0.0000	0.0003	4.0025	4.3365	2.2111	0.0000	0.0000	0.0000	0.0000	0.0000	0.0000	0.0000	0.0000	0.0000	0.0002	0.0001	0.0001	0.0000	0.0000	0.0000	0.0001	0.0000	0.0001	0.0047	0.0044	0.0004	0.0024	0.0024	0.0000	0.0024	0.0020	0.0004	0.0437	0.0258	0.0180	0.0051	0.0049	0.0002	0.0387	0.0209	0.0178
16	74	0.0402	7	2	0	1	0	1	0	0	0	0	0	0	0	0	0	0	0	0	0	Y	N	N	N	N	N	N	N	N	N	N	N	N	N	N	N	N	N	0.0000	0.0000	0.0000	0.0000	0.0000	0.0000	0.0000	0.0000	0.0000	0.0000	0.0000	0.0000	0.0000	0.0000	0.0000	0.0000	0.0000	0.0000	0.1336	0.1204	0.1500	0.2006	0.2015	0.0044	0.1001	0.0000	0.1505		1.0000	0.0000	0.0000	0.0003	0.0001	4.3365	0.0180	0.0000	0.0000	0.0000	0.0000	0.0000	0.0000	0.0000	0.0000	0.0000	0.0000	0.0000	0.0000	0.0000	0.0000	0.0000	0.0000	0.0000	0.0000	0.0000	0.0000	0.0000	0.0000	0.0000	0.0000	0.0000	0.0000	0.0000	0.0003	0.0002	0.0001	0.0001	0.0001	0.0000	0.0002	0.0001	0.0001
17	33	0.0384	7	2	0	1	1	0	0	0	1	0	0	2	1	0	0	0	0	0	0	Y	N	N	N	Y	N	N	N	N	N	N	N	N	N	N	N	N	N	0.0544	0.0000	0.2005	2.4627	0.0000	4.3787	0.0352	0.0000	0.1243	0.0055	0.0000	0.0473	0.0157	0.0000	0.4758	0.0038	0.0000	0.0295	0.1009	0.0000	0.2359	0.0064	0.0000	0.1087	0.1087	0.0000	0.2372	inf	303628.4299	0.0001	0.0032	2.7647	1.0004	5.8236	4.0090	0.0001	0.0000	0.0001	0.0001	0.0000	0.0001	0.0001	0.0000	0.0001	0.0063	0.0000	0.0063	0.0000	0.0000	0.0000	0.0063	0.0000	0.0063	0.0256	0.0226	0.0030	0.0036	0.0035	0.0001	0.0220	0.0192	0.0029	0.0623	0.0356	0.0266	0.0047	0.0045	0.0003	0.0575	0.0312	0.0264
17	34	0.0434	8	2	0	1	0	0	0	0	0	0	0	2	1	0	0	0	0	0	0	Y	N	N	N	Y	N	N	N	N	N	N	N	N	N	N	N	N	N	0.0010	32.2152	0.0000	1.8041	15.7017	0.0000	0.0000	0.0000	0.0000	0.0086	0.0097	0.0000	0.0374	0.0384	0.0000	0.0000	0.0000	0.0000	8.6121	0.0003	20.0703	0.0207	0.0024	0.3182	9.3068	0.0000	20.2719	0.0000	49939.4984	-0.0001	0.5036	2.7647	0.8079	5.8236	8.0263	0.0002	0.0002	0.0000	0.0002	0.0002	0.0000	0.0000	0.0000	0.0000	0.9978	0.0000	0.9978	0.0002	0.0000	0.0002	0.9976	0.0000	0.9976	0.0289	0.0254	0.0035	0.0066	0.0064	0.0002	0.0223	0.0190	0.0033	0.1159	0.0661	0.0497	0.0087	0.0082	0.0005	0.1072	0.0580	0.0492
17	45	0.0434	8	2	0	1	0	0	0	0	0	0	0	2	1	0	0	0	0	0	0	Y	N	N	N	Y	N	N	N	N	N	N	N	N	N	N	N	N	N	0.3936	0.2871	0.0000	0.2334	0.2284	0.0000	0.0000	0.0000	0.0000	0.0045	0.0051	0.0000	0.0309	0.0320	0.0000	0.0000	0.0000	0.0000	0.0114	0.0179	0.0028	0.1322	0.1400	0.0000	0.0013	0.0000	0.0028	0.0000	0.1163	-0.0001	-0.0003	2.7647	1.9986	5.8236	3.0240	0.0002	0.0002	0.0000	0.0002	0.0002	0.0000	0.0000	0.0000	0.0000	0.0008	0.0007	0.0001	0.0007	0.0007	0.0000	0.0001	0.0000	0.0001	0.0550	0.0481	0.0069	0.0080	0.0077	0.0003	0.0469	0.0403	0.0066	0.0672	0.0384	0.0288	0.0052	0.0049	0.0003	0.0620	0.0335	0.0285
17	46	0.0384	7	2	0	1	0	0	0	0	0	0	0	2	1	0	0	0	0	0	0	Y	N	N	N	Y	N	N	N	N	N	N	N	N	N	N	N	N	N	37.9336	1089.5953	0.0098	1393.5528	1872.1146	0.0015	0.0028	0.0000	0.0101	8.9361	10.1002	0.0053	64.2688	66.2861	0.0003	0.0007	0.0000	0.0055	0.2356	0.0093	0.5395	0.0461	0.0354	0.2277	0.2519	0.0053	0.5427	0.0001	43.3391	-0.1693	0.0034	2.7647	1.1966	5.8236	1.0046	0.2942	0.2942	0.0000	0.2942	0.2942	0.0000	0.0000	0.0000	0.0000	0.0071	0.0002	0.0069	0.0001	0.0001	0.0000	0.0070	0.0001	0.0069	0.0329	0.0291	0.0038	0.0046	0.0044	0.0001	0.0283	0.0247	0.0037	0.0300	0.0172	0.0128	0.0024	0.0022	0.0001	0.0276	0.0150	0.0127
17	47	0.0363	6	2	0	1	0	0	0	0	0	1	1	2	1	0	0	0	0	0	0	Y	N	N	N	Y	N	N	N	N	N	N	N	N	N	N	N	N	N	0.1321	44.3402	0.2187	23.8073	40.6462	0.9648	0.1892	0.0000	0.2704	6.4157	0.3893	23.6589	0.7404	0.6856	1.1783	11.5210	0.0000	29.4091	48.5533	0.0088	108.2026	0.0311	0.0169	1.2213	60.8796	0.0042	108.7765	21.2388	10029.2078	0.0012	0.4971	2.7647	0.0039	5.8236	1.0628	0.0031	0.0001	0.0030	0.0002	0.0001	0.0000	0.0030	0.0000	0.0030	0.9850	0.0001	0.9849	0.0001	0.0001	0.0001	0.9849	0.0000	0.9848	0.0005	0.0004	0.0001	0.0002	0.0002	0.0000	0.0003	0.0002	0.0001	0.0203	0.0112	0.0091	0.0041	0.0041	0.0000	0.0162	0.0071	0.0091
17	48	0.0342	5	2	0	1	0	0	0	0	0	0	0	1	0	0	0	0	0	0	0	Y	N	N	N	N	N	N	N	N	N	N	N	N	N	N	N	N	N	26.5490	54.7765	47.0512	46.5640	46.6169	70.2965	24.5820	0.0000	47.9957	14.4942	5.9682	50.4442	13.6451	13.8219	0.9228	14.9592	0.0000	51.7297	0.5459	0.1090	1.0721	0.2930	0.2965	0.0131	0.6085	0.0040	1.0778	2.0045	8.1720	0.0008	0.0046	2.7647	0.0093	5.8236	1.1245	0.0089	0.0030	0.0060	0.0030	0.0030	0.0000	0.0059	0.0000	0.0059	0.0116	0.0013	0.0103	0.0012	0.0012	0.0000	0.0104	0.0000	0.0103	0.0006	0.0005	0.0001	0.0002	0.0002	0.0000	0.0004	0.0003	0.0001	0.0213	0.0116	0.0096	0.0042	0.0042	0.0001	0.0170	0.0074	0.0096
17	53	0.0301	4	2	0	1	0	0	0	0	0	0	0	1	0	0	0	0	0	0	0	Y	N	N	N	N	N	N	N	N	N	N	N	N	N	N	N	N	N	439.4247	0.0152	4065.1901	0.0290	0.0267	1779.7305	1037.0331	0.0000	4133.1791	37.1304	0.0014	320.1288	0.0103	0.0097	0.0395	42.5364	0.0000	327.5447	0.0845	0.0892	0.0787	0.3537	0.3610	0.0000	0.0410	0.0000	0.0792	30889.3432	0.7180	0.4191	-0.0002	2.7647	0.9898	5.8236	1.1155	0.9871	0.0000	0.9870	0.0000	0.0000	0.0000	0.9870	0.0000	0.9870	0.0028	0.0016	0.0012	0.0016	0.0016	0.0000	0.0012	0.0000	0.0012	0.0266	0.0235	0.0031	0.0034	0.0033	0.0001	0.0232	0.0202	0.0030	0.0335	0.0185	0.0150	0.0047	0.0046	0.0001	0.0289	0.0139	0.0149
17	54	0.0424	6	2	0	1	0	1	0	0	0	0	0	1	0	0	0	0	0	0	0	Y	N	N	N	N	N	N	N	N	N	N	N	N	N	N	N	N	N	0.0000	0.0000	0.0000	0.0000	0.0000	0.0000	0.0000	0.0000	0.0000	0.0000	0.0000	0.0000	0.0000	0.0000	0.0000	0.0000	0.0000	0.0000	0.0000	0.0000	0.0000	0.0000	0.0000	0.0000	0.0000	0.0000	0.0000		inf	0.0000	0.0000	2.7647	5.0000	5.8236	15.9866	0.0000	0.0000	0.0000	0.0000	0.0000	0.0000	0.0000	0.0000	0.0000	0.0000	0.0000	0.0000	0.0000	0.0000	0.0000	0.0000	0.0000	0.0000	0.1073	0.0933	0.0140	0.0067	0.0062	0.0005	0.1007	0.0871	0.0135	0.2542	0.1443	0.1099	0.0175	0.0166	0.0009	0.2367	0.1277	0.1090
17	55	0.3615	11	1	0	1	0	0	0	0	0	1	0	2	0	0	0	0	0	0	0	N	N	N	N	Y	N	N	N	N	N	N	N	N	N	N	N	N	N	0.0063	0.0106	0.0000	0.0318	0.0635	0.0000	0.0000	0.0000	0.0000	0.0082	0.0092	0.0000	0.0321	0.0342	0.0000	0.0000	0.0000	0.0000	1.2989	0.8710	2.2765	1.0112	0.5394	3.4361	1.6335	1.4789	1.8083	0.0000	1.1442	-0.0021	0.0671	2.7647	17.6796	5.8236	56.5727	0.0037	0.0037	0.0000	0.0037	0.0037	0.0000	0.0000	0.0000	0.0000	1.7471	0.8148	0.9323	0.7312	0.3265	0.4047	1.0159	0.4883	0.5276	0.4532	0.4006	0.0526	0.1150	0.1080	0.0070	0.3382	0.2926	0.0455	1.3450	0.9355	0.4095	0.7231	0.6053	0.1178	0.6219	0.3301	0.2918
17	58	0.0369	6	2	0	1	0	0	0	0	0	0	0	2	1	0	0	0	0	0	0	Y	N	N	N	Y	N	N	N	N	N	N	N	N	N	N	N	N	N	2.3160	2.6122	0.0000	0.4786	0.4468	0.0000	0.0000	0.0000	0.0000	0.4506	0.8465	0.0000	0.9169	0.9189	0.0000	0.0000	0.0000	0.0000	0.1946	0.3240	0.0190	1.9158	2.0564	0.0533	0.0085	0.0000	0.0184	0.0000	0.0431	-0.0000	-0.0024	2.7647	0.0000	5.8236	2.0010	0.0000	0.0000	0.0000	0.0000	0.0000	0.0000	0.0000	0.0000	0.0000	0.0053	0.0051	0.0002	0.0051	0.0051	0.0000	0.0002	0.0000	0.0002	0.0000	0.0000	0.0000	0.0000	0.0000	0.0000	0.0000	0.0000	0.0000	0.0274	0.0158	0.0116	0.0027	0.0025	0.0002	0.0248	0.0133	0.0115
17	59	0.0301	5	2	0	1	0	0	0	0	0	1	0	2	1	0	0	0	0	0	0	Y	N	N	N	Y	N	N	N	N	N	N	N	N	N	N	N	N	N	0.5281	10910.5563	0.0008	1300.1454	6684.3868	1.3159	0.0003	0.0000	0.0004	11.4420	14.3567	0.0396	29.5011	29.7951	0.9538	0.0070	0.0000	0.0215	21.6680	0.0013	48.6487	0.0227	0.0045	0.7249	24.5683	0.0005	48.9726	0.0007	29689.3814	-0.0024	0.5044	2.7647	0.0042	5.8236	3.0766	0.0042	0.0042	0.0000	0.0042	0.0042	0.0000	0.0000	0.0000	0.0000	0.9993	0.0000	0.9993	0.0001	0.0000	0.0001	0.9992	0.0000	0.9992	0.0004	0.0003	0.0001	0.0001	0.0001	0.0000	0.0002	0.0002	0.0001	0.0461	0.0256	0.0205	0.0054	0.0053	0.0001	0.0407	0.0203	0.0204
17	60	0.0301	4	2	0	1	0	0	0	0	0	0	1	1	1	0	0	0	0	0	0	Y	N	N	N	N	N	N	N	N	N	N	N	N	N	N	N	N	N	55.8338	36.0322	142.4221	68.7715	69.8075	1845.1176	49.0206	0.0000	146.6474	16.9459	10.6307	44.5043	25.9840	26.4259	0.9499	12.4325	0.0000	45.8971	0.3035	0.2950	0.3125	0.3778	0.3786	0.0005	0.2536	0.0000	0.3130	0.9594	1.0000	-0.0007	0.0000	2.7647	0.0086	5.8236	0.1203	0.0085	0.0043	0.0042	0.0043	0.0043	0.0000	0.0042	0.0000	0.0042	0.0023	0.0012	0.0012	0.0012	0.0012	0.0000	0.0012	0.0000	0.0012	0.0005	0.0004	0.0001	0.0002	0.0002	0.0000	0.0003	0.0002	0.0001	0.0076	0.0039	0.0037	0.0030	0.0030	0.0000	0.0045	0.0009	0.0037
17	61	0.0256	3	2	0	1	0	0	0	0	0	0	0	1	0	0	0	0	0	0	0	Y	N	N	N	N	N	N	N	N	N	N	N	N	N	N	N	N	N	16.7462	0.4802	36.3500	5.0066	0.1622	6182642.0100	26.7613	0.0000	19.5988	1.1426	0.0297	2.7621	1.2571	0.0415	202.7904	1.0574	0.0000	1.4983	0.0682	0.0619	0.0760	0.2511	0.2562	0.0000	0.0395	0.0000	0.0764	63.8611	1.0021	0.1241	0.0000	2.7647	2.0089	5.8236	0.1204	0.3034	0.0047	0.2987	0.1424	0.0047	0.1377	0.1610	0.0000	0.1610	0.0023	0.0012	0.0012	0.0012	0.0012	0.0000	0.0012	0.0000	0.0012	0.2655	0.1574	0.1081	0.1132	0.1126	0.0007	0.1523	0.0448	0.1075	0.0338	0.0186	0.0152	0.0046	0.0045	0.0001	0.0292	0.0141	0.0151
17	62	0.0234	2	2	0	1	0	0	0	0	0	0	0	1	0	0	0	0	0	0	0	Y	N	N	N	N	N	N	N	N	N	N	N	N	N	N	N	N	N	8.6567	5.7422	21.9413	1.3885	1.3477	48.8202	34.1575	74.2785	21.8588	0.8042	0.7873	0.8268	1.0070	1.0086	0.6932	0.6395	0.0079	0.8275	0.0929	0.1371	0.0377	0.7252	0.7484	0.0142	0.0187	0.0001	0.0379	0.7846	0.2201	-0.0297	-0.0007	2.7647	1.4554	5.8236	0.0966	0.2191	0.1228	0.0963	0.1230	0.1225	0.0004	0.0962	0.0003	0.0959	0.0021	0.0017	0.0004	0.0017	0.0017	0.0000	0.0004	0.0000	0.0004	0.2725	0.1560	0.1165	0.1221	0.1215	0.0006	0.1504	0.0345	0.1159	0.0227	0.0126	0.0101	0.0024	0.0023	0.0001	0.0204	0.0103	0.0100
18	33	0.0210	6	2	0	1	1	0	0	1	1	1	0	2	1	0	0	0	0	0	0	Y	N	N	N	Y	N	N	N	N	N	N	N	N	N	N	N	N	N	23.6585	5.8406	117.2450	0.0214	0.0220	0.0000	39.8114	351.4254	118.4722	0.0357	0.0067	0.2261	0.0005	0.0006	0.0000	0.0365	0.0069	0.2285	0.0015	0.0012	0.0019	0.0243	0.0251	0.0018	0.0009	0.0000	0.0019	5.1102	1.4219	0.0001	0.0000	1.3564	1.0004	1.3957	4.0090	0.0003	0.0001	0.0003	0.0000	0.0000	0.0000	0.0003	0.0001	0.0003	0.0000	0.0000	0.0000	0.0000	0.0000	0.0000	0.0000	0.0000	0.0000	0.0097	0.0084	0.0013	0.0002	0.0002	0.0000	0.0095	0.0082	0.0013	0.0185	0.0100	0.0085	0.0005	0.0005	0.0000	0.0181	0.0096	0.0085
18	34	0.0260	7	2	0	1	0	0	0	1	0	1	0	2	1	0	0	0	0	0	0	Y	N	N	N	Y	N	N	N	N	N	N	N	N	N	N	N	N	N	0.8076	1.8912	0.0006	0.5110	0.4956	0.0000	0.0003	0.0016	0.0006	0.0527	0.0595	0.0001	0.2618	0.2630	0.0000	0.0000	0.0000	0.0001	0.0653	0.0315	0.1051	0.5123	0.5306	0.0030	0.0526	0.0056	0.1053	0.0001	2.8326	-0.0004	0.0006	1.3564	0.8079	1.3957	8.0263	0.0007	0.0007	0.0000	0.0007	0.0007	0.0000	0.0000	0.0000	0.0000	0.0023	0.0006	0.0017	0.0005	0.0005	0.0000	0.0018	0.0001	0.0017	0.0134	0.0119	0.0015	0.0027	0.0027	0.0000	0.0107	0.0092	0.0015	0.0346	0.0187	0.0159	0.0010	0.0009	0.0000	0.0336	0.0178	0.0158
18	45	0.0260	7	2	0	1	0	0	0	1	0	1	0	2	1	0	0	0	0	0	0	Y	N	N	N	Y	N	N	N	N	N	N	N	N	N	N	N	N	N	275.5694	241.5208	0.4591	104.1576	104.1263	0.0000	0.2656	17.7672	0.4865	0.0276	0.0315	0.0000	0.2415	0.2440	0.0000	0.0000	0.0000	0.0000	0.0001	0.0001	0.0001	0.0023	0.0023	0.0015	0.0000	0.0000	0.0001	0.0001	0.4186	-0.0004	-0.0000	1.3564	1.9986	1.3957	3.0240	0.0007	0.0007	0.0000	0.0007	0.0007	0.0000	0.0000	0.0000	0.0000	0.0000	0.0000	0.0000	0.0000	0.0000	0.0000	0.0000	0.0000	0.0000	0.0256	0.0225	0.0032	0.0029	0.0029	0.0000	0.0227	0.0196	0.0031	0.0201	0.0109	0.0092	0.0006	0.0006	0.0000	0.0195	0.0103	0.0092
18	46	0.0210	6	2	0	1	0	0	0	1	0	1	0	2	1	0	0	0	0	0	0	Y	N	N	N	Y	N	N	N	N	N	N	N	N	N	N	N	N	N	20111.2964	30571.5634	15.6809	65054.8017	67245.6965	0.0000	8.2635	113.6633	15.8430	67.4310	77.6753	0.0676	2927.8630	3115.7549	0.0000	0.0172	0.0093	0.0684	0.0034	0.0025	0.0043	0.0450	0.0463	0.0037	0.0021	0.0001	0.0043	0.0001	1.4349	-0.4842	0.0000	1.3564	1.1966	1.3957	1.0046	0.8418	0.8417	0.0001	0.8416	0.8416	0.0000	0.0002	0.0001	0.0001	0.0000	0.0000	0.0000	0.0000	0.0000	0.0000	0.0000	0.0000	0.0000	0.0125	0.0108	0.0016	0.0003	0.0003	0.0000	0.0122	0.0106	0.0016	0.0089	0.0049	0.0041	0.0003	0.0003	0.0000	0.0087	0.0046	0.0041
18	47	0.0189	5	2	0	1	0	0	0	1	0	2	1	2	1	0	0	0	0	0	0	Y	N	N	N	Y	N	N	N	N	N	N	N	N	N	N	N	N	N	10.8683	13.3704	11.9064	14.7852	14.8024	0.0000	6.8507	39.1008	11.9295	4.1444	3.6722	5.9220	7.5941	7.6029	0.0000	2.2735	0.5271	5.9335	0.3813	0.2747	0.4974	0.5136	0.5136	0.6448	0.3319	0.0135	0.4974	0.4283	1.6645	-0.0001	0.0004	1.3564	0.0039	1.3957	1.0628	0.0005	0.0004	0.0002	0.0003	0.0003	0.0000	0.0002	0.0000	0.0002	0.0034	0.0013	0.0021	0.0012	0.0012	0.0000	0.0021	0.0000	0.0021	0.0001	0.0001	0.0000	0.0000	0.0000	0.0000	0.0001	0.0001	0.0000	0.0088	0.0046	0.0042	0.0024	0.0024	0.0000	0.0064	0.0022	0.0042
18	48	0.0168	4	2	0	1	0	0	0	1	0	1	0	1	0	0	0	0	0	0	0	Y	N	N	N	N	N	N	N	N	N	N	N	N	N	N	N	N	N	1.8538	2.0288	1.2703	2.5600	2.5636	0.0000	0.6355	162.9311	1.2731	0.8741	0.9435	0.6077	2.2243	2.2274	0.0000	0.2032	0.0219	0.6091	0.4715	0.4650	0.4784	0.8689	0.8689	0.0000	0.3197	0.0001	0.4784	0.1678	0.9629	-0.0001	-0.0000	1.3564	0.0093	1.3957	1.1245	0.0002	0.0002	0.0000	0.0002	0.0002	0.0000	0.0000	0.0000	0.0000	0.0045	0.0023	0.0022	0.0023	0.0023	0.0000	0.0022	0.0000	0.0022	0.0003	0.0002	0.0001	0.0001	0.0001	0.0000	0.0002	0.0001	0.0001	0.0095	0.0049	0.0046	0.0026	0.0026	0.0000	0.0069	0.0023	0.0046
18	53	0.0126	3	2	0	1	0	0	0	1	0	1	0	1	0	0	0	0	0	0	0	Y	N	N	N	N	N	N	N	N	N	N	N	N	N	N	N	N	N	0.3415	0.0908	4.5235	1.2045	1.2654	0.0000	1.0615	3.3486	4.5613	0.4025	0.1706	1.8906	6.3474	6.6683	0.0000	0.2613	0.0003	1.9064	1.1788	1.8797	0.4179	5.2699	5.2699	0.0000	0.2461	0.0001	0.4179	1.7274	0.2048	0.0002	-0.0049	1.3564	0.9898	1.3957	1.1155	0.0042	0.0015	0.0026	0.0015	0.0015	0.0000	0.0026	0.0000	0.0026	0.0151	0.0125	0.0026	0.0125	0.0125	0.0000	0.0026	0.0000	0.0026	0.0104	0.0090	0.0014	0.0002	0.0002	0.0000	0.0101	0.0087	0.0014	0.0128	0.0067	0.0061	0.0024	0.0024	0.0000	0.0104	0.0043	0.0061
18	54	0.0249	5	2	0	1	0	1	0	1	0	1	0	1	0	0	0	0	0	0	0	Y	N	N	N	N	N	N	N	N	N	N	N	N	N	N	N	N	N	0.0000	0.0000	0.0000	0.0000	0.0000	0.0000	0.0000	0.0000	0.0000	0.0000	0.0000	0.0000	0.0000	0.0000	0.0000	0.0000	0.0000	0.0000	0.0000	0.0000	0.0000	0.0000	0.0000	0.0000	0.0000	0.0000	0.0000		0.0000	0.0000	-0.0000	1.3564	5.0000	1.3957	15.9866	0.0000	0.0000	0.0000	0.0000	0.0000	0.0000	0.0000	0.0000	0.0000	0.0000	0.0000	0.0000	0.0000	0.0000	0.0000	0.0000	0.0000	0.0000	0.0506	0.0439	0.0067	0.0015	0.0014	0.0001	0.0490	0.0425	0.0066	0.0764	0.0410	0.0354	0.0017	0.0017	0.0000	0.0746	0.0393	0.0353
18	55	0.3441	10	1	0	1	0	0	0	1	0	2	0	2	0	0	0	0	0	0	0	N	N	N	N	Y	N	N	N	N	N	N	N	N	N	N	N	N	N	0.0000	0.0000	0.0000	0.0003	0.0003	0.0000	0.0000	0.0000	0.0000	0.0000	0.0000	0.0000	0.0001	0.0001	0.0000	0.0000	0.0000	0.0000	0.7135	0.6934	0.7563	0.2750	0.2246	0.5845	1.1450	1.4806	0.8041	0.0000	0.5122	-0.0000	-0.0398	1.3564	17.6796	1.3957	56.5727	0.0000	0.0000	0.0000	0.0000	0.0000	0.0000	0.0000	0.0000	0.0000	0.2542	0.1681	0.0861	0.0486	0.0341	0.0145	0.2056	0.1340	0.0716	0.2229	0.1970	0.0259	0.0565	0.0531	0.0035	0.1663	0.1439	0.0224	0.3563	0.2425	0.1139	0.1767	0.1519	0.0248	0.1796	0.0905	0.0891
18	58	0.0195	5	2	0	1	0	0	0	1	0	1	0	2	1	0	0	0	0	0	0	Y	N	N	N	Y	N	N	N	N	N	N	N	N	N	N	N	N	N	0.7022	2.7131	0.2731	0.2731	0.2533	897.5141	0.5484	3603.4000	0.2706	0.5326	0.6801	0.3752	0.7085	0.7090	0.4708	0.3597	0.0184	0.3750	0.7585	0.2507	1.3739	2.5946	2.7990	0.0005	0.6559	0.0000	1.3858	0.5168	4.5236	-0.0000	0.0020	1.3564	0.0000	1.3957	2.0010	0.0000	0.0000	0.0000	0.0000	0.0000	0.0000	0.0000	0.0000	0.0000	0.0062	0.0011	0.0051	0.0011	0.0011	0.0000	0.0051	0.0000	0.0051	0.0000	0.0000	0.0000	0.0000	0.0000	0.0000	0.0000	0.0000	0.0000	0.0082	0.0045	0.0037	0.0004	0.0004	0.0000	0.0078	0.0041	0.0037
18	59	0.0126	4	2	0	1	0	0	0	1	0	2	0	2	1	0	0	0	0	0	0	Y	N	N	N	Y	N	N	N	N	N	N	N	N	N	N	N	N	N	0.5635	0.4672	1.0461	0.2569	0.2571	0.0000	0.6937	1.2556	1.0475	0.1546	0.0953	0.3681	0.1771	0.1772	0.0000	0.1412	0.0201	0.3686	0.2745	0.2039	0.3518	0.6892	0.6892	0.0000	0.2035	0.0160	0.3518	1.0748	1.5729	-0.0000	0.0005	1.3564	0.0042	1.3957	3.0766	0.0000	0.0000	0.0000	0.0000	0.0000	0.0000	0.0000	0.0000	0.0000	0.0045	0.0018	0.0028	0.0017	0.0017	0.0000	0.0029	0.0001	0.0028	0.0002	0.0001	0.0000	0.0001	0.0001	0.0000	0.0001	0.0001	0.0000	0.0165	0.0087	0.0079	0.0024	0.0024	0.0000	0.0141	0.0062	0.0079
18	60	0.0126	3	2	0	1	0	0	0	1	0	1	1	1	1	0	0	0	0	0	0	Y	N	N	N	N	N	N	N	N	N	N	N	N	N	N	N	N	N	0.3341	0.2011	0.8624	0.4298	0.4304	0.0000	0.2987	2245.6965	0.8644	0.2787	0.1666	0.7244	0.3973	0.3979	0.0000	0.2271	0.0254	0.7261	0.8344	0.8288	0.8400	0.9245	0.9245	0.0000	0.7603	0.0000	0.8400	1.0931	1.0001	-0.0000	0.0000	1.3564	0.0086	1.3957	0.1203	0.0001	0.0000	0.0000	0.0000	0.0000	0.0000	0.0000	0.0000	0.0000	0.0042	0.0021	0.0021	0.0021	0.0021	0.0000	0.0021	0.0000	0.0021	0.0002	0.0002	0.0000	0.0001	0.0001	0.0000	0.0002	0.0001	0.0000	0.0051	0.0026	0.0025	0.0023	0.0023	0.0000	0.0028	0.0003	0.0025
18	61	0.0082	2	2	0	1	0	0	0	1	0	1	0	1	0	0	0	0	0	0	0	Y	N	N	N	N	N	N	N	N	N	N	N	N	N	N	N	N	N	11.4518	3.4916	20.8113	0.0025	0.0025	0.0000	34.3979	8532428.9661	20.8998	3.7616	1.1016	7.1296	0.0022	0.0022	0.0000	6.9221	5.9130	7.1608	0.3285	0.3155	0.3426	0.8898	0.8900	0.0000	0.2012	0.0000	0.3426	5.1114	0.9977	0.2198	0.0000	1.3564	2.0089	1.3957	0.1204	0.8422	0.1378	0.7044	0.0002	0.0002	0.0000	0.8420	0.1376	0.7044	0.0042	0.0021	0.0021	0.0021	0.0021	0.0000	0.0021	0.0000	0.0021	0.2239	0.1251	0.0988	0.1023	0.1018	0.0004	0.1216	0.0233	0.0984	0.0129	0.0067	0.0062	0.0024	0.0024	0.0000	0.0105	0.0044	0.0062
19	33	0.0785	15	2	0	1	1	0	0	0	1	0	0	1	1	0	0	0	0	0	0	Y	N	N	N	N	N	N	N	N	N	N	N	N	N	N	N	N	N	0.0000	0.0000	0.0000	0.0000	0.0000	0.0000	0.0000	0.0000	0.0000	0.0000	0.0000	0.0000	0.0000	0.0000	0.0000	0.0000	0.0000	0.0000	0.0002	0.0000	0.0004	0.0000	0.0000	0.0000	0.0002	0.0000	0.0004		inf	0.0000	0.0000	2.8857	1.0004	5.7708	4.0090	0.0000	0.0000	0.0000	0.0000	0.0000	0.0000	0.0000	0.0000	0.0000	0.0000	0.0000	0.0000	0.0000	0.0000	0.0000	0.0000	0.0000	0.0000	0.0214	0.0187	0.0027	0.0018	0.0017	0.0001	0.0197	0.0170	0.0026	0.0595	0.0343	0.0252	0.0055	0.0052	0.0003	0.0540	0.0291	0.0248
19	34	0.0834	16	2	0	1	0	0	0	0	0	0	0	1	1	0	0	0	0	0	0	Y	N	N	N	N	N	N	N	N	N	N	N	N	N	N	N	N	N	0.0000	0.0000	0.0000	0.0000	0.0000	0.0000	0.0000	0.0000	0.0000	0.0000	0.0000	0.0000	0.0000	0.0000	0.0000	0.0000	0.0000	0.0000	0.0014	0.0024	0.0000	0.0140	0.0149	0.0000	0.0000	0.0000	0.0000		0.0000	0.0000	-0.0001	2.8857	0.8079	5.7708	8.0263	0.0000	0.0000	0.0000	0.0000	0.0000	0.0000	0.0000	0.0000	0.0000	0.0002	0.0002	0.0000	0.0002	0.0002	0.0000	0.0000	0.0000	0.0000	0.0292	0.0260	0.0033	0.0068	0.0068	0.0001	0.0224	0.0192	0.0032	0.1115	0.0644	0.0471	0.0108	0.0102	0.0006	0.1007	0.0542	0.0465
19	45	0.0834	16	2	0	1	0	0	0	0	0	0	0	1	1	0	0	0	0	0	0	Y	N	N	N	N	N	N	N	N	N	N	N	N	N	N	N	N	N	0.0000	0.0000	0.0000	0.0000	0.0000	0.0000	0.0000	0.0000	0.0000	0.0000	0.0000	0.0000	0.0000	0.0000	0.0000	0.0000	0.0000	0.0000	0.0011	0.0019	0.0000	0.0110	0.0117	0.0000	0.0000	0.0000	0.0000		0.0000	0.0000	-0.0000	2.8857	1.9986	5.7708	3.0240	0.0000	0.0000	0.0000	0.0000	0.0000	0.0000	0.0000	0.0000	0.0000	0.0001	0.0001	0.0000	0.0001	0.0001	0.0000	0.0000	0.0000	0.0000	0.0562	0.0495	0.0067	0.0090	0.0088	0.0002	0.0472	0.0407	0.0065	0.0648	0.0375	0.0274	0.0065	0.0061	0.0003	0.0583	0.0313	0.0270
19	46	0.0785	15	2	0	1	0	0	0	0	0	0	0	1	1	0	0	0	0	0	0	Y	N	N	N	N	N	N	N	N	N	N	N	N	N	N	N	N	N	0.0000	0.0000	0.0000	0.0000	0.0000	0.0000	0.0000	0.0000	0.0000	0.0000	0.0000	0.0000	0.0000	0.0000	0.0000	0.0000	0.0000	0.0000	0.1064	0.1822	0.0025	1.0844	1.1483	0.0000	0.0031	0.0036	0.0025		0.0100	0.0000	-0.0015	2.8857	1.1966	5.7708	1.0046	0.0000	0.0000	0.0000	0.0000	0.0000	0.0000	0.0000	0.0000	0.0000	0.0030	0.0030	0.0000	0.0030	0.0030	0.0000	0.0001	0.0000	0.0000	0.0276	0.0241	0.0035	0.0023	0.0022	0.0001	0.0253	0.0220	0.0034	0.0287	0.0166	0.0121	0.0027	0.0026	0.0002	0.0259	0.0140	0.0119
19	47	0.0764	14	2	0	1	0	0	0	0	0	1	1	1	1	0	0	0	0	0	0	Y	N	N	N	N	N	N	N	N	N	N	N	N	N	N	N	N	N	0.0000	0.0000	0.0000	0.0000	0.0000	0.0000	0.0000	0.0000	0.0000	0.0000	0.0000	0.0000	0.0000	0.0000	0.0000	0.0000	0.0000	0.0000	0.0006	0.0011	0.0001	0.0046	0.0047	0.0000	0.0000	0.0000	0.0001		0.0351	0.0000	-0.0000	2.8857	0.0039	5.7708	1.0628	0.0000	0.0000	0.0000	0.0000	0.0000	0.0000	0.0000	0.0000	0.0000	0.0000	0.0000	0.0000	0.0000	0.0000	0.0000	0.0000	0.0000	0.0000	0.0002	0.0002	0.0000	0.0001	0.0001	0.0000	0.0002	0.0001	0.0000	0.0153	0.0087	0.0066	0.0021	0.0020	0.0001	0.0132	0.0067	0.0065
19	48	0.0742	13	2	0	1	0	0	0	0	0	0	0	0	0	0	0	0	0	0	0	Y	N	N	N	N	N	N	N	N	N	N	N	N	N	N	N	N	N	0.0000	0.0000	0.0000	0.0000	0.0000	0.0000	0.0000	0.0000	0.0000	0.0000	0.0000	0.0000	0.0000	0.0000	0.0000	0.0000	0.0000	0.0000	0.0040	0.0071	0.0000	0.0292	0.0302	0.0000	0.0000	0.0000	0.0000		0.0000	0.0000	-0.0000	2.8857	0.0093	5.7708	1.1245	0.0000	0.0000	0.0000	0.0000	0.0000	0.0000	0.0000	0.0000	0.0000	0.0001	0.0001	0.0000	0.0001	0.0001	0.0000	0.0000	0.0000	0.0000	0.0005	0.0004	0.0001	0.0002	0.0002	0.0000	0.0003	0.0003	0.0001	0.0162	0.0091	0.0071	0.0022	0.0021	0.0001	0.0140	0.0070	0.0070
19	53	0.0701	12	2	0	1	0	0	0	0	0	0	0	0	0	0	0	0	0	0	0	Y	N	N	N	N	N	N	N	N	N	N	N	N	N	N	N	N	N	0.0000	0.0000	0.0000	0.0000	0.0000	0.0000	0.0000	0.0000	0.0000	0.0000	0.0000	0.0000	0.0000	0.0000	0.0000	0.0000	0.0000	0.0000	0.0023	0.0005	0.0047	0.0000	0.0000	0.0000	0.0026	0.0006	0.0047		7.6571	0.0000	0.0000	2.8857	0.9898	5.7708	1.1155	0.0000	0.0000	0.0000	0.0000	0.0000	0.0000	0.0000	0.0000	0.0000	0.0001	0.0000	0.0001	0.0000	0.0000	0.0000	0.0001	0.0000	0.0001	0.0228	0.0198	0.0029	0.0017	0.0017	0.0001	0.0210	0.0182	0.0029	0.0282	0.0160	0.0122	0.0031	0.0029	0.0001	0.0251	0.0131	0.0121
19	54	0.0444	6	2	0	1	0	1	0	0	0	0	0	0	0	0	0	0	0	0	0	Y	N	N	N	N	N	N	N	N	N	N	N	N	N	N	N	N	N	676.8764	0.0000	inf	0.0000	0.0000	0.0000	346623.3382	0.0000	inf	0.0014	0.0000	0.0111	0.0000	0.0000	0.0000	0.0015	0.0000	0.0112	0.0000	0.0000	0.0000	0.0000	0.0000	0.0000	0.0000	0.0000	0.0000	inf	0.0011	0.0001	-0.0000	2.8857	5.0000	5.7708	15.9866	0.0002	0.0000	0.0002	0.0000	0.0000	0.0000	0.0002	0.0000	0.0002	0.0000	0.0000	0.0000	0.0000	0.0000	0.0000	0.0000	0.0000	0.0000	0.1120	0.0975	0.0144	0.0045	0.0044	0.0001	0.1075	0.0932	0.0143	0.2523	0.1431	0.1092	0.0194	0.0184	0.0010	0.2329	0.1247	0.1082
19	58	0.0770	14	2	0	1	0	0	0	0	0	0	0	1	1	0	0	0	0	0	0	Y	N	N	N	N	N	N	N	N	N	N	N	N	N	N	N	N	N	0.0000	0.0000	0.0000	0.0000	0.0000	0.0000	0.0000	0.0000	0.0000	0.0000	0.0000	0.0000	0.0000	0.0000	0.0000	0.0000	0.0000	0.0000	0.0000	0.0000	0.0000	0.0000	0.0000	0.0000	0.0000	0.0000	0.0000		0.0000	0.0000	-0.0000	2.8857	0.0000	5.7708	2.0010	0.0000	0.0000	0.0000	0.0000	0.0000	0.0000	0.0000	0.0000	0.0000	0.0000	0.0000	0.0000	0.0000	0.0000	0.0000	0.0000	0.0000	0.0000	0.0000	0.0000	0.0000	0.0000	0.0000	0.0000	0.0000	0.0000	0.0000	0.0259	0.0151	0.0108	0.0029	0.0027	0.0002	0.0230	0.0123	0.0106
19	59	0.0701	13	2	0	1	0	0	0	0	0	1	0	1	1	0	0	0	0	0	0	Y	N	N	N	N	N	N	N	N	N	N	N	N	N	N	N	N	N	0.0000	0.0000	0.0000	0.0000	0.0000	0.0000	0.0000	0.0000	0.0000	0.0000	0.0000	0.0000	0.0000	0.0000	0.0000	0.0000	0.0000	0.0000	0.0002	0.0004	0.0000	0.0025	0.0026	0.0000	0.0000	0.0000	0.0000		0.0000	0.0000	-0.0000	2.8857	0.0042	5.7708	3.0766	0.0000	0.0000	0.0000	0.0000	0.0000	0.0000	0.0000	0.0000	0.0000	0.0000	0.0000	0.0000	0.0000	0.0000	0.0000	0.0000	0.0000	0.0000	0.0003	0.0003	0.0001	0.0001	0.0001	0.0000	0.0002	0.0001	0.0001	0.0403	0.0229	0.0173	0.0041	0.0039	0.0002	0.0362	0.0190	0.0172
19	60	0.0701	12	2	0	1	0	0	0	0	0	0	1	0	1	0	0	0	0	0	0	Y	N	N	N	N	N	N	N	N	N	N	N	N	N	N	N	N	N	0.0000	0.0000	0.0000	0.0000	0.0000	0.0000	0.0000	0.0000	0.0000	0.0000	0.0000	0.0000	0.0000	0.0000	0.0000	0.0000	0.0000	0.0000	0.0000	0.0000	0.0000	0.0000	0.0000	0.0000	0.0000	0.0000	0.0000			0.0000	0.0000	2.8857	0.0086	5.7708	0.1203	0.0000	0.0000	0.0000	0.0000	0.0000	0.0000	0.0000	0.0000	0.0000	0.0000	0.0000	0.0000	0.0000	0.0000	0.0000	0.0000	0.0000	0.0000	0.0004	0.0003	0.0001	0.0001	0.0001	0.0000	0.0003	0.0002	0.0001	0.0033	0.0018	0.0015	0.0010	0.0010	0.0000	0.0023	0.0008	0.0015
19	61	0.0657	11	2	0	1	0	0	0	0	0	0	0	0	0	0	0	0	0	0	0	Y	N	N	N	N	N	N	N	N	N	N	N	N	N	N	N	N	N	0.0000	0.0000	0.0000	0.0000	0.0000	0.0000	0.0000	0.0000	0.0000	0.0000	0.0000	0.0000	0.0000	0.0000	0.0000	0.0000	0.0000	0.0000	0.0000	0.0000	0.0000	0.0000	0.0000	0.0000	0.0000	0.0000	0.0000			0.0000	-0.0000	2.8857	2.0089	5.7708	0.1204	0.0000	0.0000	0.0000	0.0000	0.0000	0.0000	0.0000	0.0000	0.0000	0.0000	0.0000	0.0000	0.0000	0.0000	0.0000	0.0000	0.0000	0.0000	0.0456	0.0398	0.0059	0.0033	0.0031	0.0001	0.0424	0.0366	0.0057	0.0284	0.0162	0.0123	0.0031	0.0030	0.0001	0.0254	0.0132	0.0122
19	62	0.0634	10	2	0	1	0	0	0	0	0	0	0	0	0	0	0	0	0	0	0	Y	N	N	N	N	N	N	N	N	N	N	N	N	N	N	N	N	N	0.0000	0.0000	0.0000	0.0000	0.0000	0.0000	0.0000	0.0000	0.0000	0.0000	0.0000	0.0000	0.0000	0.0000	0.0000	0.0000	0.0000	0.0000	0.0000	0.0000	0.0000	0.0001	0.0000	0.0014	0.0000	0.0000	0.0000		inf	0.0000	0.0000	2.8857	1.4554	5.7708	0.0966	0.0000	0.0000	0.0000	0.0000	0.0000	0.0000	0.0000	0.0000	0.0000	0.0000	0.0000	0.0000	0.0000	0.0000	0.0000	0.0000	0.0000	0.0000	0.0330	0.0288	0.0042	0.0021	0.0020	0.0001	0.0309	0.0267	0.0042	0.0205	0.0116	0.0089	0.0021	0.0020	0.0001	0.0184	0.0096	0.0088
19	63	0.0619	9	2	0	1	0	0	0	0	0	0	0	0	0	0	0	0	0	0	0	Y	N	N	N	N	N	N	N	N	N	N	N	N	N	N	N	N	N	62586.2835	73508.8144	0.0000	0.0000	0.0000	0.0000	239524.4999	inf	0.0000	0.8063	0.9147	0.0000	0.0000	0.0000	0.0000	1.0177	1.1848	0.0000	0.0000	0.0000	0.0000	0.0000	0.0000	0.0011	0.0000	0.0000	0.0000	0.0000	0.8988	-0.0001	-0.0000	2.8857	0.0090	5.7708	0.8380	0.0002	0.0002	0.0000	0.0000	0.0000	0.0000	0.0002	0.0002	0.0000	0.0000	0.0000	0.0000	0.0000	0.0000	0.0000	0.0000	0.0000	0.0000	0.0003	0.0003	0.0000	0.0001	0.0001	0.0000	0.0002	0.0002	0.0000	0.0167	0.0091	0.0076	0.0039	0.0038	0.0000	0.0129	0.0053	0.0076
19	73	0.0486	8	2	0	1	0	0	0	0	0	0	0	0	0	0	0	0	0	0	0	Y	N	N	N	N	N	N	N	N	N	N	N	N	N	N	N	N	N	7430214.7459	5563187.8552	0.0000	0.0000	0.0000	0.0000	63721502.5319	inf	0.0000	11.1030	12.7457	0.0000	0.0000	0.0000	0.0000	11.6430	13.4370	0.0000	0.0000	0.0000	0.0000	0.0000	0.0000	0.0000	0.0000	0.0000	0.0000	0.0000	0.1489	-0.5752	-0.0000	2.8857	4.0025	5.7708	2.2111	0.9997	0.9997	0.0000	0.0000	0.0000	0.0000	0.9997	0.9997	0.0000	0.0000	0.0000	0.0000	0.0000	0.0000	0.0000	0.0000	0.0000	0.0000	0.0900	0.0784	0.0116	0.0042	0.0040	0.0001	0.0859	0.0744	0.0115	0.0785	0.0446	0.0339	0.0063	0.0060	0.0003	0.0722	0.0386	0.0336
19	74	0.0486	7	2	0	1	0	1	0	0	0	0	0	0	0	0	0	0	0	0	0	Y	N	N	N	N	N	N	N	N	N	N	N	N	N	N	N	N	N	0.0000	0.0000	0.0000	0.0000	0.0000	0.0000	0.0000	0.0000	0.0000	0.0000	0.0000	0.0000	0.0000	0.0000	0.0000	0.0000	0.0000	0.0000	0.0001	0.0000	0.0001	0.0001	0.0001	0.0022	0.0000	0.0000	0.0001		1.0000	0.0000	0.0000	2.8857	0.0001	5.7708	0.0180	0.0000	0.0000	0.0000	0.0000	0.0000	0.0000	0.0000	0.0000	0.0000	0.0000	0.0000	0.0000	0.0000	0.0000	0.0000	0.0000	0.0000	0.0000	0.0000	0.0000	0.0000	0.0000	0.0000	0.0000	0.0000	0.0000	0.0000	0.0006	0.0003	0.0003	0.0002	0.0002	0.0000	0.0004	0.0001	0.0003
20	33	0.0603	14	2	0	1	1	1	0	1	1	0	0	1	1	0	0	0	0	0	0	Y	N	N	N	N	N	N	N	N	N	N	N	N	N	N	N	N	N	0.0000	0.0000	0.0000	0.0000	0.0000	0.0000	0.0000	0.0000	0.0000	0.0000	0.0000	0.0000	0.0000	0.0000	0.0000	0.0000	0.0000	0.0000	0.0007	0.0010	0.0001	0.0034	0.0034	0.0000	0.0000	0.0000	0.0001		0.0294	0.0000	-0.0000	0.1176	1.0004	1.3493	4.0090	0.0000	0.0000	0.0000	0.0000	0.0000	0.0000	0.0000	0.0000	0.0000	0.0000	0.0000	0.0000	0.0000	0.0000	0.0000	0.0000	0.0000	0.0000	0.0009	0.0008	0.0001	0.0001	0.0001	0.0000	0.0008	0.0007	0.0001	0.0143	0.0093	0.0050	0.0028	0.0028	0.0000	0.0114	0.0065	0.0049
20	34	0.0653	15	2	0	1	0	1	0	1	0	0	0	1	1	0	0	0	0	0	0	Y	N	N	N	N	N	N	N	N	N	N	N	N	N	N	N	N	N	0.0000	0.0000	0.0000	0.0000	0.0000	0.0000	0.0000	0.0000	0.0000	0.0000	0.0000	0.0000	0.0000	0.0000	0.0000	0.0000	0.0000	0.0000	0.0028	0.0001	0.0077	0.0004	0.0004	0.0000	0.0034	0.0000	0.0078		33.4933	0.0000	0.0000	0.1176	0.8079	1.3493	8.0263	0.0000	0.0000	0.0000	0.0000	0.0000	0.0000	0.0000	0.0000	0.0000	0.0001	0.0000	0.0001	0.0000	0.0000	0.0000	0.0001	0.0000	0.0001	0.0012	0.0011	0.0001	0.0003	0.0003	0.0000	0.0009	0.0008	0.0001	0.0267	0.0174	0.0093	0.0054	0.0053	0.0001	0.0213	0.0121	0.0092
20	45	0.0653	15	2	0	1	0	1	0	1	0	0	0	1	1	0	0	0	0	0	0	Y	N	N	N	N	N	N	N	N	N	N	N	N	N	N	N	N	N	0.0000	0.0000	0.0000	0.0000	0.0000	0.0000	0.0000	0.0000	0.0000	0.0000	0.0000	0.0000	0.0000	0.0000	0.0000	0.0000	0.0000	0.0000	0.0048	0.0002	0.0133	0.0007	0.0007	0.0000	0.0058	0.0000	0.0134		33.9895	0.0000	0.0000	0.1176	1.9986	1.3493	3.0240	0.0000	0.0000	0.0000	0.0000	0.0000	0.0000	0.0000	0.0000	0.0000	0.0001	0.0000	0.0001	0.0000	0.0000	0.0000	0.0001	0.0000	0.0001	0.0023	0.0020	0.0003	0.0004	0.0003	0.0000	0.0019	0.0017	0.0003	0.0155	0.0101	0.0054	0.0031	0.0031	0.0000	0.0123	0.0070	0.0054
20	46	0.0603	14	2	0	1	0	1	0	1	0	0	0	1	1	0	0	0	0	0	0	Y	N	N	N	N	N	N	N	N	N	N	N	N	N	N	N	N	N	0.0000	0.0000	0.0000	0.0000	0.0000	0.0000	0.0000	0.0000	0.0000	0.0000	0.0000	0.0000	0.0000	0.0000	0.0000	0.0000	0.0000	0.0000	0.4463	0.0197	1.2408	0.0639	0.0648	0.0000	0.5420	0.0000	1.2514		33.8942	0.0000	0.0015	0.1176	1.1966	1.3493	1.0046	0.0000	0.0000	0.0000	0.0000	0.0000	0.0000	0.0000	0.0000	0.0000	0.0031	0.0001	0.0030	0.0001	0.0001	0.0000	0.0030	0.0000	0.0030	0.0011	0.0010	0.0001	0.0001	0.0001	0.0000	0.0010	0.0009	0.0001	0.0068	0.0045	0.0024	0.0014	0.0014	0.0000	0.0055	0.0031	0.0024
20	47	0.0582	13	2	0	1	0	1	0	1	0	1	1	1	1	0	0	0	0	0	0	Y	N	N	N	N	N	N	N	N	N	N	N	N	N	N	N	N	N	0.0000	0.0000	0.0000	0.0000	0.0000	0.0000	0.0000	0.0000	0.0000	0.0000	0.0000	0.0000	0.0000	0.0000	0.0000	0.0000	0.0000	0.0000	0.0029	0.0003	0.0075	0.0008	0.0008	0.0000	0.0035	0.0000	0.0075		15.5097	0.0000	0.0000	0.1176	0.0039	1.3493	1.0628	0.0000	0.0000	0.0000	0.0000	0.0000	0.0000	0.0000	0.0000	0.0000	0.0000	0.0000	0.0000	0.0000	0.0000	0.0000	0.0000	0.0000	0.0000	0.0000	0.0000	0.0000	0.0000	0.0000	0.0000	0.0000	0.0000	0.0000	0.0035	0.0022	0.0013	0.0008	0.0008	0.0000	0.0027	0.0015	0.0013
20	48	0.0561	12	2	0	1	0	1	0	1	0	0	0	0	0	0	0	0	0	0	0	Y	N	N	N	N	N	N	N	N	N	N	N	N	N	N	N	N	N	0.0000	0.0000	0.0000	0.0000	0.0000	0.0000	0.0000	0.0000	0.0000	0.0000	0.0000	0.0000	0.0000	0.0000	0.0000	0.0000	0.0000	0.0000	0.0432	0.0617	0.0120	0.1736	0.1755	0.0139	0.0057	0.0000	0.0120		0.1151	0.0000	-0.0001	0.1176	0.0093	1.3493	1.1245	0.0000	0.0000	0.0000	0.0000	0.0000	0.0000	0.0000	0.0000	0.0000	0.0002	0.0001	0.0000	0.0001	0.0001	0.0000	0.0000	0.0000	0.0000	0.0000	0.0000	0.0000	0.0000	0.0000	0.0000	0.0000	0.0000	0.0000	0.0038	0.0024	0.0014	0.0008	0.0008	0.0000	0.0029	0.0015	0.0014
20	53	0.0520	11	2	0	1	0	1	0	1	0	0	0	0	0	0	0	0	0	0	0	Y	N	N	N	N	N	N	N	N	N	N	N	N	N	N	N	N	N	0.0000	0.0000	0.0000	0.0000	0.0000	0.0000	0.0000	0.0000	0.0000	0.0000	0.0000	0.0000	0.0000	0.0000	0.0000	0.0000	0.0000	0.0000	0.0248	0.0351	0.0069	0.0125	0.0126	0.0000	0.0280	0.0453	0.0069		0.1117	0.0000	-0.0001	0.1176	0.9898	1.3493	1.1155	0.0000	0.0000	0.0000	0.0000	0.0000	0.0000	0.0000	0.0000	0.0000	0.0002	0.0001	0.0000	0.0000	0.0000	0.0000	0.0001	0.0001	0.0000	0.0009	0.0008	0.0001	0.0001	0.0001	0.0000	0.0009	0.0007	0.0001	0.0066	0.0042	0.0024	0.0013	0.0013	0.0000	0.0052	0.0029	0.0024
20	54	0.0263	5	2	0	1	0	2	0	1	0	0	0	0	0	0	0	0	0	0	0	Y	N	N	N	N	N	N	N	N	N	N	N	N	N	N	N	N	N	31.9818	16.9319	670245.1056	128.6747	130.6334	0.0000	inf	0.0000	inf	0.1495	0.1239	0.3203	3.2829	3.3697	0.0000	0.0432	0.0000	0.3224	0.0047	0.0073	0.0000	0.0255	0.0258	0.0001	0.0000	0.0000	0.0000	0.3877	0.0000	-0.0002	-0.0001	0.1176	5.0000	1.3493	15.9866	0.0007	0.0005	0.0002	0.0005	0.0005	0.0000	0.0002	0.0000	0.0002	0.0003	0.0003	0.0000	0.0003	0.0003	0.0000	0.0000	0.0000	0.0000	0.0045	0.0040	0.0006	0.0001	0.0001	0.0000	0.0044	0.0038	0.0006	0.0597	0.0382	0.0216	0.0109	0.0108	0.0001	0.0488	0.0273	0.0215
20	58	0.0588	13	2	0	1	0	1	0	1	0	0	0	1	1	0	0	0	0	0	0	Y	N	N	N	N	N	N	N	N	N	N	N	N	N	N	N	N	N	0.0000	0.0000	0.0000	0.0000	0.0000	0.0000	0.0000	0.0000	0.0000	0.0000	0.0000	0.0000	0.0000	0.0000	0.0000	0.0000	0.0000	0.0000	0.0000	0.0000	0.0000	0.0000	0.0000	0.0000	0.0000	0.0000	0.0000		0.0000	0.0000	-0.0000	0.1176	0.0000	1.3493	2.0010	0.0000	0.0000	0.0000	0.0000	0.0000	0.0000	0.0000	0.0000	0.0000	0.0000	0.0000	0.0000	0.0000	0.0000	0.0000	0.0000	0.0000	0.0000	0.0000	0.0000	0.0000	0.0000	0.0000	0.0000	0.0000	0.0000	0.0000	0.0061	0.0039	0.0021	0.0013	0.0012	0.0000	0.0048	0.0027	0.0021
20	59	0.0520	12	2	0	1	0	1	0	1	0	1	0	1	1	0	0	0	0	0	0	Y	N	N	N	N	N	N	N	N	N	N	N	N	N	N	N	N	N	0.0000	0.0000	0.0000	0.0000	0.0000	0.0000	0.0000	0.0000	0.0000	0.0000	0.0000	0.0000	0.0000	0.0000	0.0000	0.0000	0.0000	0.0000	0.0011	0.0017	0.0000	0.0000	0.0000	0.0000	0.0013	0.0024	0.0000		0.0000	0.0000	-0.0000	0.1176	0.0042	1.3493	3.0766	0.0000	0.0000	0.0000	0.0000	0.0000	0.0000	0.0000	0.0000	0.0000	0.0000	0.0000	0.0000	0.0000	0.0000	0.0000	0.0000	0.0000	0.0000	0.0000	0.0000	0.0000	0.0000	0.0000	0.0000	0.0000	0.0000	0.0000	0.0094	0.0060	0.0034	0.0019	0.0018	0.0000	0.0076	0.0042	0.0034
20	60	0.0520	11	2	0	1	0	1	0	1	0	0	1	0	1	0	0	0	0	0	0	Y	N	N	N	N	N	N	N	N	N	N	N	N	N	N	N	N	N	0.0000	0.0000	0.0000	0.0000	0.0000	0.0000	0.0000	0.0000	0.0000	0.0000	0.0000	0.0000	0.0000	0.0000	0.0000	0.0000	0.0000	0.0000	0.0000	0.0000	0.0000	0.0000	0.0000	0.0000	0.0000	0.0000	0.0000			0.0000	-0.0000	0.1176	0.0086	1.3493	0.1203	0.0000	0.0000	0.0000	0.0000	0.0000	0.0000	0.0000	0.0000	0.0000	0.0000	0.0000	0.0000	0.0000	0.0000	0.0000	0.0000	0.0000	0.0000	0.0000	0.0000	0.0000	0.0000	0.0000	0.0000	0.0000	0.0000	0.0000	0.0007	0.0004	0.0003	0.0002	0.0002	0.0000	0.0005	0.0002	0.0003
20	61	0.0475	10	2	0	1	0	1	0	1	0	0	0	0	0	0	0	0	0	0	0	Y	N	N	N	N	N	N	N	N	N	N	N	N	N	N	N	N	N	0.0000	0.0000	0.0000	0.0000	0.0000	0.0000	0.0000	0.0000	0.0000	0.0000	0.0000	0.0000	0.0000	0.0000	0.0000	0.0000	0.0000	0.0000	0.0000	0.0000	0.0000	0.0000	0.0000	0.0003	0.0000	0.0000	0.0000		inf	0.0000	0.0000	0.1176	2.0089	1.3493	0.1204	0.0000	0.0000	0.0000	0.0000	0.0000	0.0000	0.0000	0.0000	0.0000	0.0000	0.0000	0.0000	0.0000	0.0000	0.0000	0.0000	0.0000	0.0000	0.0019	0.0016	0.0002	0.0001	0.0001	0.0000	0.0017	0.0015	0.0002	0.0066	0.0042	0.0024	0.0013	0.0013	0.0000	0.0053	0.0029	0.0024
20	62	0.0453	9	2	0	1	0	1	0	1	0	0	0	0	0	0	0	0	0	0	0	Y	N	N	N	N	N	N	N	N	N	N	N	N	N	N	N	N	N	0.0000	0.0000	0.0000	0.0000	0.0000	0.0000	0.0000	0.0000	0.0000	0.0000	0.0000	0.0000	0.0000	0.0000	0.0000	0.0000	0.0000	0.0000	0.0000	0.0000	0.0000	0.0001	0.0001	0.0002	0.0000	0.0000	0.0000		0.0134	0.0000	-0.0000	0.1176	1.4554	1.3493	0.0966	0.0000	0.0000	0.0000	0.0000	0.0000	0.0000	0.0000	0.0000	0.0000	0.0000	0.0000	0.0000	0.0000	0.0000	0.0000	0.0000	0.0000	0.0000	0.0013	0.0012	0.0002	0.0001	0.0001	0.0000	0.0013	0.0011	0.0002	0.0048	0.0031	0.0017	0.0009	0.0009	0.0000	0.0038	0.0021	0.0017
20	63	0.0438	8	2	0	1	0	1	0	1	0	0	0	0	0	0	0	0	0	0	0	Y	N	N	N	N	N	N	N	N	N	N	N	N	N	N	N	N	N	13.0395	8.9690	0.0000	0.0000	0.0000	0.0000	22.6722	12.0362	0.0000	0.0008	0.0009	0.0000	0.0000	0.0000	0.0000	0.0010	0.0012	0.0000	0.0001	0.0001	0.0000	0.0001	0.0001	0.0000	0.0000	0.0001	0.0000	0.0000	0.0083	-0.0000	-0.0000	0.1176	0.0090	1.3493	0.8380	0.0000	0.0000	0.0000	0.0000	0.0000	0.0000	0.0000	0.0000	0.0000	0.0000	0.0000	0.0000	0.0000	0.0000	0.0000	0.0000	0.0000	0.0000	0.0000	0.0000	0.0000	0.0000	0.0000	0.0000	0.0000	0.0000	0.0000	0.0036	0.0022	0.0014	0.0010	0.0010	0.0000	0.0026	0.0012	0.0014
20	73	0.0305	7	2	0	1	0	1	0	1	0	0	0	0	0	0	0	0	0	0	0	Y	N	N	N	N	N	N	N	N	N	N	N	N	N	N	N	N	N	1675.0400	2372.5252	0.0000	0.0000	0.0000	0.0000	1637.3864	2348.8131	0.0000	0.0110	0.0126	0.0000	0.0000	0.0000	0.0000	0.0114	0.0132	0.0000	0.0000	0.0000	0.0000	0.0000	0.0000	0.0000	0.0000	0.0000	0.0000	0.0000	0.9252	-0.0000	-0.0000	0.1176	4.0025	1.3493	2.2111	0.0000	0.0000	0.0000	0.0000	0.0000	0.0000	0.0000	0.0000	0.0000	0.0000	0.0000	0.0000	0.0000	0.0000	0.0000	0.0000	0.0000	0.0000	0.0037	0.0032	0.0005	0.0001	0.0001	0.0000	0.0035	0.0030	0.0005	0.0185	0.0118	0.0067	0.0034	0.0034	0.0000	0.0151	0.0085	0.0066
20	74	0.0305	6	2	0	1	0	2	0	1	0	0	0	0	0	0	0	0	0	0	0	Y	N	N	N	N	N	N	N	N	N	N	N	N	N	N	N	N	N	0.0000	0.0000	0.0000	0.0000	0.0000	0.0000	0.0000	0.0000	0.0000	0.0000	0.0000	0.0000	0.0000	0.0000	0.0000	0.0000	0.0000	0.0000	0.0003	0.0003	0.0004	0.0005	0.0005	0.0000	0.0002	0.0001	0.0003		0.8155	0.0000	-0.0000	0.1176	0.0001	1.3493	0.0180	0.0000	0.0000	0.0000	0.0000	0.0000	0.0000	0.0000	0.0000	0.0000	0.0000	0.0000	0.0000	0.0000	0.0000	0.0000	0.0000	0.0000	0.0000	0.0000	0.0000	0.0000	0.0000	0.0000	0.0000	0.0000	0.0000	0.0000	0.0001	0.0001	0.0000	0.0000	0.0000	0.0000	0.0001	0.0000	0.0000
21	33	0.0496	2	2	0	1	1	0	0	1	1	0	0	1	1	0	0	0	0	0	0	Y	N	N	N	N	N	N	N	N	N	N	N	N	N	N	N	N	N	0.0000	0.0000	0.0000	0.0000	0.0000	0.0000	0.0000	0.0000	0.0000	0.0000	0.0000	0.0000	0.0000	0.0000	0.0000	0.0000	0.0000	0.0000	0.0083	0.0151	0.0003	0.4220	0.4437	0.0007	0.0001	0.0000	0.0003		0.0176	0.0000	-0.0003	4.0000	1.0004	6.9517	4.0090	0.0000	0.0000	0.0000	0.0000	0.0000	0.0000	0.0000	0.0000	0.0000	0.0006	0.0006	0.0000	0.0006	0.0006	0.0000	0.0000	0.0000	0.0000	0.0287	0.0249	0.0038	0.0000	0.0000	0.0000	0.0286	0.0248	0.0038	0.0726	0.0393	0.0333	0.0014	0.0013	0.0001	0.0712	0.0379	0.0332
21	34	0.0546	3	2	0	1	0	0	0	1	0	0	0	1	1	0	0	0	0	0	0	Y	N	N	N	N	N	N	N	N	N	N	N	N	N	N	N	N	N	0.0000	0.0000	0.0000	0.0000	0.0000	0.0000	0.0000	0.0000	0.0000	0.0000	0.0000	0.0000	0.0000	0.0000	0.0000	0.0000	0.0000	0.0000	0.0002	0.0002	0.0002	0.0048	0.0050	0.0011	0.0001	0.0000	0.0002		0.9130	0.0000	-0.0000	4.0000	0.8079	6.9517	8.0263	0.0000	0.0000	0.0000	0.0000	0.0000	0.0000	0.0000	0.0000	0.0000	0.0000	0.0000	0.0000	0.0000	0.0000	0.0000	0.0000	0.0000	0.0000	0.0392	0.0347	0.0045	0.0075	0.0075	0.0000	0.0317	0.0272	0.0045	0.1337	0.0722	0.0615	0.0027	0.0025	0.0001	0.1310	0.0697	0.0614
21	45	0.0546	3	2	0	1	0	0	0	1	0	0	0	1	1	0	0	0	0	0	0	Y	N	N	N	N	N	N	N	N	N	N	N	N	N	N	N	N	N	0.0000	0.0000	0.0000	0.0000	0.0000	0.0000	0.0000	0.0000	0.0000	0.0000	0.0000	0.0000	0.0000	0.0000	0.0000	0.0000	0.0000	0.0000	0.0551	0.1018	0.0000	2.3051	2.4029	0.0000	0.0000	0.0000	0.0000		0.0000	0.0000	-0.0021	4.0000	1.9986	6.9517	3.0240	0.0000	0.0000	0.0000	0.0000	0.0000	0.0000	0.0000	0.0000	0.0000	0.0043	0.0043	0.0000	0.0043	0.0043	0.0000	0.0000	0.0000	0.0000	0.0748	0.0656	0.0092	0.0077	0.0076	0.0000	0.0672	0.0579	0.0092	0.0777	0.0420	0.0357	0.0019	0.0018	0.0001	0.0759	0.0403	0.0356
21	46	0.0496	2	2	0	1	0	0	0	1	0	0	0	1	1	0	0	0	0	0	0	Y	N	N	N	N	N	N	N	N	N	N	N	N	N	N	N	N	N	0.0000	0.0000	0.0000	0.0000	0.0000	0.0000	0.0000	0.0000	0.0000	0.0000	0.0000	0.0000	0.0000	0.0000	0.0000	0.0000	0.0000	0.0000	0.0207	0.0372	0.0013	0.7640	0.7924	0.0015	0.0006	0.0000	0.0013		0.0284	0.0000	-0.0003	4.0000	1.1966	6.9517	1.0046	0.0000	0.0000	0.0000	0.0000	0.0000	0.0000	0.0000	0.0000	0.0000	0.0007	0.0007	0.0000	0.0007	0.0007	0.0000	0.0000	0.0000	0.0000	0.0370	0.0321	0.0049	0.0000	0.0000	0.0000	0.0369	0.0320	0.0049	0.0352	0.0191	0.0161	0.0009	0.0009	0.0000	0.0343	0.0182	0.0161
21	54	0.0795	9	2	0	1	0	1	0	1	0	0	0	0	0	0	0	0	0	0	0	Y	N	N	N	N	N	N	N	N	N	N	N	N	N	N	N	N	N	0.0000	0.0000	0.0000	0.0000	0.0000	0.0000	0.0000	0.0000	0.0000	0.0000	0.0000	0.0000	0.0000	0.0000	0.0000	0.0000	0.0000	0.0000	0.0000	0.0000	0.0000	0.0000	0.0000	0.0000	0.0000	0.0000	0.0000			0.0000	0.0000	4.0000	5.0000	6.9517	15.9866	0.0000	0.0000	0.0000	0.0000	0.0000	0.0000	0.0000	0.0000	0.0000	0.0000	0.0000	0.0000	0.0000	0.0000	0.0000	0.0000	0.0000	0.0000	0.1467	0.1276	0.0191	0.0064	0.0060	0.0005	0.1402	0.1216	0.0187	0.2863	0.1539	0.1324	0.0042	0.0040	0.0001	0.2822	0.1499	0.1323
21	58	0.0607	5	2	0	1	0	0	0	1	0	0	0	1	1	0	0	0	0	0	0	Y	N	N	N	N	N	N	N	N	N	N	N	N	N	N	N	N	N	0.0000	0.0000	0.0000	0.0000	0.0000	0.0000	0.0000	0.0000	0.0000	0.0000	0.0000	0.0000	0.0000	0.0000	0.0000	0.0000	0.0000	0.0000	31.8286	0.2885	71.0843	3.0890	3.3861	0.0686	33.4018	0.0000	71.8330		197.9364	0.0000	0.4987	4.0000	0.0000	6.9517	2.0010	0.0000	0.0000	0.0000	0.0000	0.0000	0.0000	0.0000	0.0000	0.0000	0.9980	0.0050	0.9930	0.0050	0.0050	0.0000	0.9930	0.0000	0.9930	0.0000	0.0000	0.0000	0.0000	0.0000	0.0000	0.0000	0.0000	0.0000	0.0314	0.0174	0.0140	0.0016	0.0015	0.0001	0.0297	0.0159	0.0138
21	59	0.0538	4	2	0	1	0	0	0	1	0	1	0	1	1	0	0	0	0	0	0	Y	N	N	N	N	N	N	N	N	N	N	N	N	N	N	N	N	N	0.0000	0.0000	0.0000	0.0000	0.0000	0.0000	0.0000	0.0000	0.0000	0.0000	0.0000	0.0000	0.0000	0.0000	0.0000	0.0000	0.0000	0.0000	1.1186	1.8939	0.2453	7.1784	7.2096	0.0000	0.2270	0.2052	0.2456		0.1150	0.0000	-0.0265	4.0000	0.0042	6.9517	3.0766	0.0000	0.0000	0.0000	0.0000	0.0000	0.0000	0.0000	0.0000	0.0000	0.0675	0.0606	0.0070	0.0556	0.0556	0.0000	0.0119	0.0050	0.0070	0.0003	0.0002	0.0001	0.0001	0.0001	0.0000	0.0002	0.0002	0.0001	0.0604	0.0320	0.0284	0.0077	0.0077	0.0000	0.0526	0.0243	0.0284
21	60	0.0538	3	2	0	1	0	0	0	1	0	0	1	0	1	0	0	0	0	0	0	Y	N	N	N	N	N	N	N	N	N	N	N	N	N	N	N	N	N	0.0000	0.0000	0.0000	0.0000	0.0000	0.0000	0.0000	0.0000	0.0000	0.0000	0.0000	0.0000	0.0000	0.0000	0.0000	0.0000	0.0000	0.0000	6.3847	6.3235	6.4470	7.2230	7.2246	0.0000	5.7207	0.0000	6.4482		1.0000	0.0000	0.0005	4.0000	0.0086	6.9517	0.1203	0.0000	0.0000	0.0000	0.0000	0.0000	0.0000	0.0000	0.0000	0.0000	0.1046	0.0523	0.0523	0.0523	0.0523	0.0000	0.0523	0.0000	0.0523	0.0005	0.0004	0.0001	0.0001	0.0001	0.0000	0.0004	0.0003	0.0001	0.0164	0.0083	0.0081	0.0072	0.0072	0.0000	0.0091	0.0010	0.0081
22	33	0.1062	17	1	0	1	1	0	0	1	1	0	1	1	2	0	0	0	0	0	0	N	N	N	N	N	Y	N	N	N	N	N	N	N	N	N	N	N	N	0.0000	0.0000	0.0000	0.0000	0.0000	0.0000	0.0000	0.0000	0.0000	0.0000	0.0000	0.0000	0.0000	0.0000	0.0000	0.0000	0.0000	0.0000	0.0000	0.0000	0.0000	0.0000	0.0000	0.0000	0.0000	0.0000	0.0000			0.0000	0.0000	1.9867	1.0004	2.0019	4.0090	0.0000	0.0000	0.0000	0.0000	0.0000	0.0000	0.0000	0.0000	0.0000	0.0000	0.0000	0.0000	0.0000	0.0000	0.0000	0.0000	0.0000	0.0000	0.0143	0.0124	0.0018	0.0011	0.0010	0.0001	0.0132	0.0114	0.0018	0.0257	0.0148	0.0109	0.0036	0.0030	0.0006	0.0221	0.0118	0.0103
22	34	0.1112	18	1	0	1	0	0	0	1	0	0	1	1	2	0	0	0	0	0	0	N	N	N	N	N	Y	N	N	N	N	N	N	N	N	N	N	N	N	4.4745	inf	0.0000	inf	inf	0.0000	0.0000	0.0000	0.0000	0.0847	0.0955	0.0000	0.3599	0.3645	0.0000	0.0000	0.0000	0.0000	0.0189	0.0000	0.0446	0.0000	0.0000	0.0000	0.0221	0.0000	0.0473	0.0000	inf	-0.0010	0.0005	1.9867	0.8079	2.0019	8.0263	0.0017	0.0017	0.0000	0.0017	0.0017	0.0000	0.0000	0.0000	0.0000	0.0009	0.0000	0.0009	0.0000	0.0000	0.0000	0.0009	0.0000	0.0009	0.0198	0.0175	0.0022	0.0047	0.0046	0.0001	0.0151	0.0129	0.0022	0.0480	0.0276	0.0204	0.0069	0.0057	0.0012	0.0412	0.0219	0.0192
22	45	0.1112	18	1	0	1	0	0	0	1	0	0	1	1	2	0	0	0	0	0	0	N	N	N	N	N	Y	N	N	N	N	N	N	N	N	N	N	N	N	1115851.0853	0.0000	inf	0.0000	0.0000	0.0000	inf	0.0000	inf	26.2126	0.0000	218.1293	0.0000	0.0000	0.0000	31.1660	0.0000	225.2344	0.0000	0.0000	0.0000	0.0002	0.0002	0.0000	0.0000	0.0000	0.0000	inf	0.0000	0.4204	-0.0000	1.9867	1.9986	2.0019	3.0240	0.9899	0.0000	0.9899	0.0000	0.0000	0.0000	0.9899	0.0000	0.9899	0.0000	0.0000	0.0000	0.0000	0.0000	0.0000	0.0000	0.0000	0.0000	0.0378	0.0332	0.0045	0.0060	0.0059	0.0001	0.0318	0.0274	0.0044	0.0279	0.0161	0.0118	0.0041	0.0034	0.0007	0.0238	0.0127	0.0111
22	46	0.1062	17	1	0	1	0	0	0	1	0	0	1	1	2	0	0	0	0	0	0	N	N	N	N	N	Y	N	N	N	N	N	N	N	N	N	N	N	N	1719.2029	0.0000	5695.5557	0.0000	0.0000	0.0000	1599.9015	0.0000	5573.3751	0.0910	0.0000	0.7122	0.0000	0.0000	0.0000	0.0987	0.0000	0.7388	0.0001	0.0000	0.0001	0.0000	0.0000	0.0000	0.0001	0.0000	0.0001	inf	inf	0.0007	0.0000	1.9867	1.1966	2.0019	1.0046	0.0017	0.0000	0.0017	0.0000	0.0000	0.0000	0.0017	0.0000	0.0017	0.0000	0.0000	0.0000	0.0000	0.0000	0.0000	0.0000	0.0000	0.0000	0.0184	0.0161	0.0024	0.0014	0.0013	0.0001	0.0170	0.0147	0.0023	0.0124	0.0071	0.0052	0.0018	0.0015	0.0003	0.0106	0.0057	0.0049
22	47	0.1041	16	1	0	1	0	0	0	1	0	1	2	1	2	0	0	0	0	0	0	N	N	N	N	N	Y	N	N	N	N	N	N	N	N	N	N	N	N	0.0000	0.0000	0.0000	0.0000	0.0000	0.0000	0.0000	0.0000	0.0000	0.0000	0.0000	0.0000	0.0000	0.0000	0.0000	0.0000	0.0000	0.0000	0.0000	0.0001	0.0000	0.0002	0.0002	0.0000	0.0000	0.0000	0.0000		0.0000	0.0000	-0.0000	1.9867	0.0039	2.0019	1.0628	0.0000	0.0000	0.0000	0.0000	0.0000	0.0000	0.0000	0.0000	0.0000	0.0000	0.0000	0.0000	0.0000	0.0000	0.0000	0.0000	0.0000	0.0000	0.0002	0.0001	0.0000	0.0001	0.0001	0.0000	0.0001	0.0001	0.0000	0.0064	0.0037	0.0027	0.0012	0.0011	0.0001	0.0052	0.0026	0.0026
22	58	0.1047	16	1	0	1	0	0	0	1	0	0	1	1	2	0	0	0	0	0	0	N	N	N	N	N	Y	N	N	N	N	N	N	N	N	N	N	N	N	0.0000	0.0000	0.0000	0.0000	0.0000	0.0000	0.0000	0.0000	0.0000	0.0000	0.0000	0.0000	0.0000	0.0000	0.0000	0.0000	0.0000	0.0000	0.0275	0.0000	0.0661	0.0000	0.0000	0.0000	0.0330	0.0000	0.0706		inf	0.0000	0.0002	1.9867	0.0000	2.0019	2.0010	0.0000	0.0000	0.0000	0.0000	0.0000	0.0000	0.0000	0.0000	0.0000	0.0003	0.0000	0.0003	0.0000	0.0000	0.0000	0.0003	0.0000	0.0003	0.0000	0.0000	0.0000	0.0000	0.0000	0.0000	0.0000	0.0000	0.0000	0.0108	0.0063	0.0045	0.0018	0.0015	0.0003	0.0090	0.0048	0.0042
22	59	0.0979	15	1	0	1	0	0	0	1	0	1	1	1	2	0	0	0	0	0	0	N	N	N	N	N	Y	N	N	N	N	N	N	N	N	N	N	N	N	0.0000	0.0000	0.0000	0.0000	0.0000	0.0000	0.0000	0.0000	0.0000	0.0000	0.0000	0.0000	0.0000	0.0000	0.0000	0.0000	0.0000	0.0000	0.0001	0.0000	0.0003	0.0000	0.0000	0.0000	0.0001	0.0000	0.0003		692.0000	0.0000	0.0000	1.9867	0.0042	2.0019	3.0766	0.0000	0.0000	0.0000	0.0000	0.0000	0.0000	0.0000	0.0000	0.0000	0.0000	0.0000	0.0000	0.0000	0.0000	0.0000	0.0000	0.0000	0.0000	0.0002	0.0002	0.0000	0.0001	0.0001	0.0000	0.0001	0.0001	0.0000	0.0167	0.0096	0.0072	0.0025	0.0022	0.0004	0.0142	0.0074	0.0068
22	60	0.0979	14	1	0	1	0	0	0	1	0	0	2	0	2	0	0	0	0	0	0	N	N	N	N	N	Y	N	N	N	N	N	N	N	N	N	N	N	N	0.0000	0.0000	0.0000	0.0000	0.0000	0.0000	0.0000	0.0000	0.0000	0.0000	0.0000	0.0000	0.0000	0.0000	0.0000	0.0000	0.0000	0.0000	0.0000	0.0000	0.0000	0.0000	0.0000	0.0000	0.0000	0.0000	0.0000			0.0000	0.0000	1.9867	0.0086	2.0019	0.1203	0.0000	0.0000	0.0000	0.0000	0.0000	0.0000	0.0000	0.0000	0.0000	0.0000	0.0000	0.0000	0.0000	0.0000	0.0000	0.0000	0.0000	0.0000	0.0003	0.0002	0.0000	0.0001	0.0001	0.0000	0.0002	0.0001	0.0000	0.0015	0.0008	0.0007	0.0005	0.0005	0.0000	0.0010	0.0003	0.0007
22	65	0.0962	10	0	0	1	0	0	0	1	0	0	2	0	2	0	0	0	0	0	0	N	N	N	N	N	Y	N	N	N	N	N	N	N	N	N	N	N	N	inf	inf	0.0000	0.0000	0.0000	0.0000	inf	inf	0.0000	0.0028	0.0033	0.0000	0.0000	0.0000	0.0000	0.0030	0.0034	0.0000	0.0000	0.0000	0.0000	0.0000	0.0000	0.0000	0.0000	0.0000	0.0000	0.0000		-0.0001	0.0000	1.9867	3.0012	2.0019	1.7329	0.0001	0.0001	0.0000	0.0000	0.0000	0.0000	0.0001	0.0001	0.0000	0.0000	0.0000	0.0000	0.0000	0.0000	0.0000	0.0000	0.0000	0.0000	0.0423	0.0368	0.0055	0.0018	0.0017	0.0001	0.0405	0.0351	0.0054	0.0286	0.0174	0.0112	0.0056	0.0049	0.0008	0.0230	0.0125	0.0105
22	81	0.1349	15	0	0	1	0	0	0	1	0	0	2	0	2	0	0	0	0	0	0	N	N	N	N	N	Y	N	N	N	N	N	N	N	N	N	N	N	N	0.0000	0.0000	0.0000	0.0000	0.0000	0.0000	0.0000	0.0000	0.0000	0.0000	0.0000	0.0000	0.0000	0.0000	0.0000	0.0000	0.0000	0.0000	0.0000	0.0000	0.0000	0.0000	0.0000	0.0000	0.0000	0.0000	0.0000			0.0000	0.0000	1.9867	0.0000	2.0019	2.0000	0.0000	0.0000	0.0000	0.0000	0.0000	0.0000	0.0000	0.0000	0.0000	0.0000	0.0000	0.0000	0.0000	0.0000	0.0000	0.0000	0.0000	0.0000	0.0000	0.0000	0.0000	0.0000	0.0000	0.0000	0.0000	0.0000	0.0000	0.0103	0.0061	0.0042	0.0020	0.0017	0.0003	0.0083	0.0044	0.0039
22	82	0.1370	18	0	0	1	0	0	0	1	0	0	1	0	2	0	0	0	0	0	0	N	N	N	N	N	Y	N	N	N	N	N	N	N	N	N	N	N	N	0.0000	0.0000	0.0000	0.0000	0.0000	0.0000	0.0000	0.0000	0.0000	0.0000	0.0000	0.0000	0.0000	0.0000	0.0000	0.0000	0.0000	0.0000	0.0005	0.0008	0.0000	0.0025	0.0029	0.0000	0.0000	0.0000	0.0000		0.0000	0.0000	-0.0000	1.9867	1.0008	2.0019	3.0055	0.0000	0.0000	0.0000	0.0000	0.0000	0.0000	0.0000	0.0000	0.0000	0.0000	0.0000	0.0000	0.0000	0.0000	0.0000	0.0000	0.0000	0.0000	0.0144	0.0126	0.0018	0.0010	0.0010	0.0001	0.0134	0.0116	0.0018	0.0207	0.0122	0.0084	0.0040	0.0035	0.0006	0.0166	0.0088	0.0078
22	83	0.1349	17	0	0	1	0	0	0	1	0	0	2	0	2	0	0	0	0	0	0	N	N	N	N	N	Y	N	N	N	N	N	N	N	N	N	N	N	N	0.0000	0.0000	0.0000	0.0000	0.0000	0.0000	0.0000	0.0000	0.0000	0.0000	0.0000	0.0000	0.0000	0.0000	0.0000	0.0000	0.0000	0.0000	0.0000	0.0000	0.0000	0.0000	0.0000	0.0000	0.0000	0.0000	0.0000		0.0000	0.0000	-0.0000	1.9867	0.0009	2.0019	1.0031	0.0000	0.0000	0.0000	0.0000	0.0000	0.0000	0.0000	0.0000	0.0000	0.0000	0.0000	0.0000	0.0000	0.0000	0.0000	0.0000	0.0000	0.0000	0.0000	0.0000	0.0000	0.0000	0.0000	0.0000	0.0000	0.0000	0.0000	0.0052	0.0031	0.0021	0.0010	0.0009	0.0001	0.0042	0.0022	0.0020
22	85	0.1349	16	0	0	1	0	0	0	1	0	0	2	0	2	0	0	0	0	0	0	N	N	N	N	N	Y	N	N	N	N	N	N	N	N	N	N	N	N	0.0000	0.0000	0.0000	0.0000	0.0000	0.0000	0.0000	0.0000	0.0000	0.0000	0.0000	0.0000	0.0000	0.0000	0.0000	0.0000	0.0000	0.0000	0.0000	0.0000	0.0000	0.0000	0.0000	0.0000	0.0000	0.0000	0.0000			0.0000	0.0000	1.9867	0.0000	2.0019	0.0000	0.0000	0.0000	0.0000	0.0000	0.0000	0.0000	0.0000	0.0000	0.0000	0.0000	0.0000	0.0000	0.0000	0.0000	0.0000	0.0000	0.0000	0.0000	0.0000	0.0000	0.0000	0.0000	0.0000	0.0000	0.0000	0.0000	0.0000	0.0000	0.0000	0.0000	0.0000	0.0000	0.0000	0.0000	0.0000	0.0000
25	33	0.0621	10	2	0	1	1	0	0	0	1	0	0	1	1	0	0	0	0	0	0	Y	N	N	N	N	N	N	N	N	N	N	N	N	N	N	N	N	N	0.0000	0.0000	0.0000	0.0000	0.0000	0.0000	0.0000	0.0000	0.0000	0.0000	0.0000	0.0000	0.0000	0.0000	0.0000	0.0000	0.0000	0.0000	0.0000	0.0000	0.0000	0.0001	0.0001	0.0000	0.0000	0.0000	0.0000		0.0005	0.0000	-0.0000	5.0123	1.0004	5.9631	4.0090	0.0000	0.0000	0.0000	0.0000	0.0000	0.0000	0.0000	0.0000	0.0000	0.0000	0.0000	0.0000	0.0000	0.0000	0.0000	0.0000	0.0000	0.0000	0.0354	0.0308	0.0046	0.0014	0.0013	0.0001	0.0339	0.0294	0.0045	0.0756	0.0420	0.0336	0.0046	0.0044	0.0001	0.0710	0.0375	0.0335
25	34	0.0670	11	2	0	1	0	0	0	0	0	0	0	1	1	0	0	0	0	0	0	Y	N	N	N	N	N	N	N	N	N	N	N	N	N	N	N	N	N	2.0048	0.0000	3494.9498	0.6012	0.0000	10305.0920	0.0000	0.0000	0.0000	0.0004	0.0000	0.0038	0.0020	0.0000	0.2021	0.0000	0.0000	0.0000	0.0002	0.0004	0.0000	0.0034	0.0035	0.0000	0.0000	0.0000	0.0000	inf	0.0023	0.0000	-0.0000	5.0123	0.8079	5.9631	8.0263	0.0000	0.0000	0.0000	0.0000	0.0000	0.0000	0.0000	0.0000	0.0000	0.0000	0.0000	0.0000	0.0000	0.0000	0.0000	0.0000	0.0000	0.0000	0.0491	0.0435	0.0056	0.0104	0.0103	0.0001	0.0386	0.0332	0.0055	0.1414	0.0786	0.0628	0.0090	0.0088	0.0002	0.1324	0.0698	0.0626
25	45	0.0670	11	2	0	1	0	0	0	0	0	0	0	1	1	0	0	0	0	0	0	Y	N	N	N	N	N	N	N	N	N	N	N	N	N	N	N	N	N	1086735.7810	688423.5519	0.0000	561775.7474	558151.0201	0.0000	0.0000	0.0000	0.0000	0.1337	0.1521	0.0000	1.0349	1.0546	0.0000	0.0000	0.0000	0.0000	0.0000	0.0000	0.0000	0.0000	0.0000	0.0000	0.0000	0.0000	0.0000	0.0000	0.0000	-0.0072	-0.0000	5.0123	1.9986	5.9631	3.0240	0.0125	0.0125	0.0000	0.0125	0.0125	0.0000	0.0000	0.0000	0.0000	0.0000	0.0000	0.0000	0.0000	0.0000	0.0000	0.0000	0.0000	0.0000	0.0937	0.0823	0.0114	0.0121	0.0119	0.0002	0.0816	0.0704	0.0111	0.0821	0.0457	0.0364	0.0055	0.0053	0.0001	0.0766	0.0404	0.0363
25	46	0.0621	10	2	0	1	0	0	0	0	0	0	0	1	1	0	0	0	0	0	0	Y	N	N	N	N	N	N	N	N	N	N	N	N	N	N	N	N	N	0.5451	0.4622	0.0000	40.8776	42.6787	0.0000	0.0000	0.0000	0.0000	0.0005	0.0005	0.0000	0.0115	0.0123	0.0000	0.0000	0.0000	0.0000	0.0009	0.0012	0.0005	0.0003	0.0003	0.0000	0.0009	0.0013	0.0005	0.0000	0.3246	-0.0000	-0.0000	5.0123	1.1966	5.9631	1.0046	0.0000	0.0000	0.0000	0.0000	0.0000	0.0000	0.0000	0.0000	0.0000	0.0000	0.0000	0.0000	0.0000	0.0000	0.0000	0.0000	0.0000	0.0000	0.0456	0.0397	0.0059	0.0018	0.0017	0.0001	0.0438	0.0379	0.0058	0.0364	0.0203	0.0161	0.0023	0.0022	0.0001	0.0341	0.0180	0.0161
25	47	0.0600	9	2	0	1	0	0	0	0	0	1	1	1	1	0	0	0	0	0	0	Y	N	N	N	N	N	N	N	N	N	N	N	N	N	N	N	N	N	0.0000	0.0000	0.0000	0.0000	0.0000	0.0000	0.0000	0.0000	0.0000	0.0000	0.0000	0.0000	0.0000	0.0000	0.0000	0.0000	0.0000	0.0000	0.0034	0.0060	0.0001	0.0350	0.0352	0.0000	0.0000	0.0000	0.0001		0.0089	0.0000	-0.0000	5.0123	0.0039	5.9631	1.0628	0.0000	0.0000	0.0000	0.0000	0.0000	0.0000	0.0000	0.0000	0.0000	0.0001	0.0001	0.0000	0.0001	0.0001	0.0000	0.0000	0.0000	0.0000	0.0004	0.0003	0.0001	0.0001	0.0001	0.0000	0.0003	0.0002	0.0001	0.0188	0.0104	0.0084	0.0018	0.0018	0.0000	0.0170	0.0086	0.0084
25	48	0.0578	8	2	0	1	0	0	0	0	0	0	0	0	0	0	0	0	0	0	0	Y	N	N	N	N	N	N	N	N	N	N	N	N	N	N	N	N	N	0.0000	0.0000	0.0000	0.0000	0.0000	0.0000	0.0000	0.0000	0.0000	0.0000	0.0000	0.0000	0.0000	0.0000	0.0000	0.0000	0.0000	0.0000	0.0060	0.0056	0.0065	0.0327	0.0329	0.0000	0.0033	0.0000	0.0065		0.9710	0.0000	-0.0000	5.0123	0.0093	5.9631	1.1245	0.0000	0.0000	0.0000	0.0000	0.0000	0.0000	0.0000	0.0000	0.0000	0.0001	0.0001	0.0001	0.0001	0.0001	0.0000	0.0001	0.0000	0.0001	0.0009	0.0007	0.0001	0.0003	0.0003	0.0000	0.0006	0.0005	0.0001	0.0199	0.0108	0.0090	0.0019	0.0018	0.0000	0.0180	0.0090	0.0090
25	53	0.0537	7	2	0	1	0	0	0	0	0	0	0	0	0	0	0	0	0	0	0	Y	N	N	N	N	N	N	N	N	N	N	N	N	N	N	N	N	N	0.0000	0.0000	0.0000	0.0000	0.0000	0.0000	0.0000	0.0000	0.0000	0.0000	0.0000	0.0000	0.0000	0.0000	0.0000	0.0000	0.0000	0.0000	0.0041	0.0029	0.0057	0.0220	0.0222	0.0000	0.0028	0.0000	0.0057		1.6095	0.0000	0.0000	5.0123	0.9898	5.9631	1.1155	0.0000	0.0000	0.0000	0.0000	0.0000	0.0000	0.0000	0.0000	0.0000	0.0001	0.0001	0.0001	0.0001	0.0001	0.0000	0.0001	0.0000	0.0001	0.0378	0.0328	0.0050	0.0014	0.0013	0.0001	0.0363	0.0314	0.0049	0.0352	0.0194	0.0159	0.0026	0.0025	0.0000	0.0327	0.0168	0.0158
25	54	0.0364	5	2	0	1	0	1	0	0	0	0	0	0	0	0	0	0	0	0	0	Y	N	N	N	N	N	N	N	N	N	N	N	N	N	N	N	N	N	541291.0730	348.6279	inf	3461.5279	3765.8820	0.0000	inf	0.0000	inf	5.4067	0.0063	40.8576	0.6551	0.7175	0.0000	5.4466	0.0000	41.0826	0.0000	0.0000	0.0000	0.0002	0.0002	0.0000	0.0000	0.0000	0.0000	989.9604	0.0000	0.4240	-0.0000	5.0123	5.0000	5.9631	15.9866	1.0009	0.0010	0.9999	0.0010	0.0010	0.0000	0.9999	0.0000	0.9999	0.0000	0.0000	0.0000	0.0000	0.0000	0.0000	0.0000	0.0000	0.0000	0.1851	0.1606	0.0245	0.0015	0.0014	0.0001	0.1836	0.1592	0.0243	0.3189	0.1766	0.1423	0.0168	0.0167	0.0001	0.3020	0.1599	0.1421
25	58	0.0606	9	2	0	1	0	0	0	0	0	0	0	1	1	0	0	0	0	0	0	Y	N	N	N	N	N	N	N	N	N	N	N	N	N	N	N	N	N	0.0000	0.0000	0.0000	0.0000	0.0000	0.0000	0.0000	0.0000	0.0000	0.0000	0.0000	0.0000	0.0000	0.0000	0.0000	0.0000	0.0000	0.0000	0.0000	0.0000	0.0000	0.0000	0.0000	0.0000	0.0000	0.0000	0.0000		0.0000	0.0000	-0.0000	5.0123	0.0000	5.9631	2.0010	0.0000	0.0000	0.0000	0.0000	0.0000	0.0000	0.0000	0.0000	0.0000	0.0000	0.0000	0.0000	0.0000	0.0000	0.0000	0.0000	0.0000	0.0000	0.0000	0.0000	0.0000	0.0000	0.0000	0.0000	0.0000	0.0000	0.0000	0.0330	0.0186	0.0144	0.0028	0.0026	0.0001	0.0302	0.0159	0.0143
25	59	0.0537	8	2	0	1	0	0	0	0	0	1	0	1	1	0	0	0	0	0	0	Y	N	N	N	N	N	N	N	N	N	N	N	N	N	N	N	N	N	0.0000	0.0000	0.0000	0.0000	0.0000	0.0000	0.0000	0.0000	0.0000	0.0000	0.0000	0.0000	0.0000	0.0000	0.0000	0.0000	0.0000	0.0000	0.0012	0.0022	0.0000	0.0177	0.0179	0.0000	0.0000	0.0000	0.0000		0.0008	0.0000	-0.0000	5.0123	0.0042	5.9631	3.0766	0.0000	0.0000	0.0000	0.0000	0.0000	0.0000	0.0000	0.0000	0.0000	0.0001	0.0001	0.0000	0.0001	0.0001	0.0000	0.0000	0.0000	0.0000	0.0005	0.0004	0.0001	0.0002	0.0002	0.0000	0.0003	0.0002	0.0001	0.0506	0.0279	0.0228	0.0034	0.0033	0.0000	0.0472	0.0245	0.0227
25	60	0.0537	7	2	0	1	0	0	0	0	0	0	1	0	1	0	0	0	0	0	0	Y	N	N	N	N	N	N	N	N	N	N	N	N	N	N	N	N	N	0.0000	0.0000	0.0000	0.0000	0.0000	0.0000	0.0000	0.0000	0.0000	0.0000	0.0000	0.0000	0.0000	0.0000	0.0000	0.0000	0.0000	0.0000	0.0318	0.0299	0.0339	0.0667	0.0668	0.0000	0.0209	0.0000	0.0339		1.0000	0.0000	0.0000	5.0123	0.0086	5.9631	0.1203	0.0000	0.0000	0.0000	0.0000	0.0000	0.0000	0.0000	0.0000	0.0000	0.0001	0.0001	0.0001	0.0001	0.0001	0.0000	0.0001	0.0000	0.0001	0.0007	0.0006	0.0001	0.0002	0.0002	0.0000	0.0005	0.0004	0.0001	0.0035	0.0019	0.0017	0.0008	0.0008	0.0000	0.0027	0.0010	0.0017
25	61	0.0493	6	2	0	1	0	0	0	0	0	0	0	0	0	0	0	0	0	0	0	Y	N	N	N	N	N	N	N	N	N	N	N	N	N	N	N	N	N	0.0000	0.0000	0.0000	0.0000	0.0000	0.0000	0.0000	0.0000	0.0000	0.0000	0.0000	0.0000	0.0000	0.0000	0.0000	0.0000	0.0000	0.0000	0.0032	0.0029	0.0035	0.0221	0.0223	0.0000	0.0017	0.0000	0.0035		0.9977	0.0000	0.0000	5.0123	2.0089	5.9631	0.1204	0.0000	0.0000	0.0000	0.0000	0.0000	0.0000	0.0000	0.0000	0.0000	0.0001	0.0001	0.0001	0.0001	0.0001	0.0000	0.0001	0.0000	0.0001	0.0756	0.0657	0.0100	0.0025	0.0023	0.0001	0.0732	0.0634	0.0098	0.0355	0.0195	0.0160	0.0026	0.0025	0.0000	0.0330	0.0170	0.0160
25	62	0.0470	5	2	0	1	0	0	0	0	0	0	0	0	0	0	0	0	0	0	0	Y	N	N	N	N	N	N	N	N	N	N	N	N	N	N	N	N	N	0.0000	0.0000	0.0000	0.0000	0.0000	0.0000	0.0000	0.0000	0.0000	0.0000	0.0000	0.0000	0.0000	0.0000	0.0000	0.0000	0.0000	0.0000	0.0030	0.0012	0.0051	0.0096	0.0097	0.0000	0.0025	0.0000	0.0051		3.4274	0.0000	0.0000	5.0123	1.4554	5.9631	0.0966	0.0000	0.0000	0.0000	0.0000	0.0000	0.0000	0.0000	0.0000	0.0000	0.0001	0.0000	0.0001	0.0000	0.0000	0.0000	0.0001	0.0000	0.0001	0.0545	0.0473	0.0072	0.0013	0.0012	0.0001	0.0532	0.0461	0.0071	0.0258	0.0142	0.0116	0.0018	0.0018	0.0000	0.0240	0.0124	0.0116
25	63	0.0455	4	2	0	1	0	0	0	0	0	0	0	0	0	0	0	0	0	0	0	Y	N	N	N	N	N	N	N	N	N	N	N	N	N	N	N	N	N	0.0000	0.0000	0.0000	0.0000	0.0000	0.0000	0.0000	0.0000	0.0000	0.0000	0.0000	0.0000	0.0000	0.0000	0.0000	0.0000	0.0000	0.0000	0.0042	0.0023	0.0064	0.0058	0.0058	0.0000	0.0038	0.0000	0.0064		2.3996	0.0000	0.0000	5.0123	0.0090	5.9631	0.8380	0.0000	0.0000	0.0000	0.0000	0.0000	0.0000	0.0000	0.0000	0.0000	0.0001	0.0000	0.0001	0.0000	0.0000	0.0000	0.0001	0.0000	0.0001	0.0004	0.0003	0.0000	0.0000	0.0000	0.0000	0.0004	0.0003	0.0000	0.0214	0.0114	0.0100	0.0046	0.0046	0.0000	0.0168	0.0068	0.0099
25	73	0.0322	3	2	0	1	0	0	0	0	0	0	0	0	0	0	0	0	0	0	0	Y	N	N	N	N	N	N	N	N	N	N	N	N	N	N	N	N	N	0.1911	0.2485	0.0000	12.5062	12.4520	0.0000	0.0000	0.0000	0.0000	0.0002	0.0002	0.0000	0.1254	0.1256	0.0000	0.0000	0.0000	0.0000	0.0011	0.0009	0.0012	0.0100	0.0101	0.0000	0.0006	0.0000	0.0012	0.0000	1.0531	-0.0000	0.0000	5.0123	4.0025	5.9631	2.2111	0.0000	0.0000	0.0000	0.0000	0.0000	0.0000	0.0000	0.0000	0.0000	0.0001	0.0001	0.0001	0.0001	0.0001	0.0000	0.0001	0.0000	0.0001	0.1489	0.1292	0.0197	0.0002	0.0002	0.0000	0.1487	0.1290	0.0197	0.0999	0.0549	0.0450	0.0051	0.0051	0.0000	0.0948	0.0498	0.0450
26	33	0.0814	14	2	0	1	1	1	0	0	1	0	0	2	1	0	0	0	0	0	0	Y	N	N	N	Y	N	N	N	N	N	N	N	N	N	N	N	N	N	0.0000	0.0000	0.0000	0.0000	0.0000	0.0000	0.0000	0.0000	0.0000	0.0000	0.0000	0.0000	0.0000	0.0000	0.0000	0.0000	0.0000	0.0000	0.1817	0.3188	0.0000	0.0182	0.0211	0.0000	0.2052	0.3889	0.0000		0.0000	0.0000	-0.0012	0.0003	1.0004	1.9853	4.0090	0.0000	0.0000	0.0000	0.0000	0.0000	0.0000	0.0000	0.0000	0.0000	0.0024	0.0024	0.0000	0.0000	0.0000	0.0000	0.0023	0.0023	0.0000	0.0000	0.0000	0.0000	0.0000	0.0000	0.0000	0.0000	0.0000	0.0000	0.0131	0.0075	0.0056	0.0016	0.0014	0.0002	0.0114	0.0060	0.0054
26	34	0.0864	15	2	0	1	0	1	0	0	0	0	0	2	1	0	0	0	0	0	0	Y	N	N	N	Y	N	N	N	N	N	N	N	N	N	N	N	N	N	0.0000	0.0000	0.0000	0.0000	0.0000	0.0000	0.0000	0.0000	0.0000	0.0000	0.0000	0.0000	0.0000	0.0000	0.0000	0.0000	0.0000	0.0000	0.0016	0.0028	0.0000	0.0128	0.0148	0.0000	0.0000	0.0000	0.0000		0.0004	0.0000	-0.0000	0.0003	0.8079	1.9853	8.0263	0.0000	0.0000	0.0000	0.0000	0.0000	0.0000	0.0000	0.0000	0.0000	0.0000	0.0000	0.0000	0.0000	0.0000	0.0000	0.0000	0.0000	0.0000	0.0000	0.0000	0.0000	0.0000	0.0000	0.0000	0.0000	0.0000	0.0000	0.0245	0.0140	0.0106	0.0031	0.0027	0.0004	0.0215	0.0113	0.0101
26	45	0.0864	15	2	0	1	0	1	0	0	0	0	0	2	1	0	0	0	0	0	0	Y	N	N	N	Y	N	N	N	N	N	N	N	N	N	N	N	N	N	0.0000	0.0000	0.0000	0.0000	0.0000	0.0000	0.0000	0.0000	0.0000	0.0000	0.0000	0.0000	0.0000	0.0000	0.0000	0.0000	0.0000	0.0000	0.0000	0.0000	0.0000	0.0000	0.0000	0.0000	0.0000	0.0000	0.0000			0.0000	-0.0000	0.0003	1.9986	1.9853	3.0240	0.0000	0.0000	0.0000	0.0000	0.0000	0.0000	0.0000	0.0000	0.0000	0.0000	0.0000	0.0000	0.0000	0.0000	0.0000	0.0000	0.0000	0.0000	0.0000	0.0000	0.0000	0.0000	0.0000	0.0000	0.0000	0.0000	0.0000	0.0142	0.0081	0.0061	0.0018	0.0016	0.0002	0.0124	0.0065	0.0059
26	46	0.0814	14	2	0	1	0	1	0	0	0	0	0	2	1	0	0	0	0	0	0	Y	N	N	N	Y	N	N	N	N	N	N	N	N	N	N	N	N	N	0.0000	0.0000	0.0000	0.0000	0.0000	0.0000	0.0000	0.0000	0.0000	0.0000	0.0000	0.0000	0.0000	0.0000	0.0000	0.0000	0.0000	0.0000	0.0063	0.0028	0.0109	0.0005	0.0006	0.0000	0.0072	0.0034	0.0114		2.8821	0.0000	0.0000	0.0003	1.1966	1.9853	1.0046	0.0000	0.0000	0.0000	0.0000	0.0000	0.0000	0.0000	0.0000	0.0000	0.0000	0.0000	0.0000	0.0000	0.0000	0.0000	0.0000	0.0000	0.0000	0.0000	0.0000	0.0000	0.0000	0.0000	0.0000	0.0000	0.0000	0.0000	0.0063	0.0036	0.0027	0.0008	0.0007	0.0001	0.0055	0.0029	0.0026
26	47	0.0793	13	2	0	1	0	1	0	0	0	1	1	2	1	0	0	0	0	0	0	Y	N	N	N	Y	N	N	N	N	N	N	N	N	N	N	N	N	N	0.0000	0.0000	0.0000	0.0000	0.0000	0.0000	0.0000	0.0000	0.0000	0.0000	0.0000	0.0000	0.0000	0.0000	0.0000	0.0000	0.0000	0.0000	0.0003	0.0005	0.0000	0.0012	0.0014	0.0000	0.0001	0.0003	0.0000		0.0299	0.0000	-0.0000	0.0003	0.0039	1.9853	1.0628	0.0000	0.0000	0.0000	0.0000	0.0000	0.0000	0.0000	0.0000	0.0000	0.0000	0.0000	0.0000	0.0000	0.0000	0.0000	0.0000	0.0000	0.0000	0.0000	0.0000	0.0000	0.0000	0.0000	0.0000	0.0000	0.0000	0.0000	0.0032	0.0018	0.0014	0.0005	0.0005	0.0001	0.0027	0.0014	0.0014
26	48	0.0772	12	2	0	1	0	1	0	0	0	0	0	1	0	0	0	0	0	0	0	Y	N	N	N	N	N	N	N	N	N	N	N	N	N	N	N	N	N	0.0000	0.0000	0.0000	0.0000	0.0000	0.0000	0.0000	0.0000	0.0000	0.0000	0.0000	0.0000	0.0000	0.0000	0.0000	0.0000	0.0000	0.0000	0.0003	0.0003	0.0004	0.0011	0.0013	0.0000	0.0002	0.0000	0.0004		0.9676	0.0000	-0.0000	0.0003	0.0093	1.9853	1.1245	0.0000	0.0000	0.0000	0.0000	0.0000	0.0000	0.0000	0.0000	0.0000	0.0000	0.0000	0.0000	0.0000	0.0000	0.0000	0.0000	0.0000	0.0000	0.0000	0.0000	0.0000	0.0000	0.0000	0.0000	0.0000	0.0000	0.0000	0.0034	0.0019	0.0015	0.0005	0.0005	0.0001	0.0029	0.0014	0.0015
26	53	0.0731	11	2	0	1	0	1	0	0	0	0	0	1	0	0	0	0	0	0	0	Y	N	N	N	N	N	N	N	N	N	N	N	N	N	N	N	N	N	0.0000	0.0000	0.0000	0.0000	0.0000	0.0000	0.0000	0.0000	0.0000	0.0000	0.0000	0.0000	0.0000	0.0000	0.0000	0.0000	0.0000	0.0000	0.0002	0.0002	0.0002	0.0007	0.0007	0.0000	0.0001	0.0000	0.0002		1.0811	0.0000	0.0000	0.0003	0.9898	1.9853	1.1155	0.0000	0.0000	0.0000	0.0000	0.0000	0.0000	0.0000	0.0000	0.0000	0.0000	0.0000	0.0000	0.0000	0.0000	0.0000	0.0000	0.0000	0.0000	0.0000	0.0000	0.0000	0.0000	0.0000	0.0000	0.0000	0.0000	0.0000	0.0061	0.0034	0.0027	0.0008	0.0007	0.0001	0.0053	0.0027	0.0026
26	54	0.0558	7	2	0	1	0	2	0	0	0	0	0	1	0	0	0	0	0	0	0	Y	N	N	N	N	N	N	N	N	N	N	N	N	N	N	N	N	N	0.0000	0.0000	0.0000	0.0000	0.0000	0.0000	0.0000	0.0000	0.0000	0.0000	0.0000	0.0000	0.0000	0.0000	0.0000	0.0000	0.0000	0.0000	0.0429	0.0754	0.0000	0.0045	0.0052	0.0000	0.0481	0.0911	0.0000		0.0000	0.0000	-0.0012	0.0003	5.0000	1.9853	15.9866	0.0000	0.0000	0.0000	0.0000	0.0000	0.0000	0.0000	0.0000	0.0000	0.0024	0.0024	0.0000	0.0000	0.0000	0.0000	0.0023	0.0023	0.0000	0.0000	0.0000	0.0000	0.0000	0.0000	0.0000	0.0000	0.0000	0.0000	0.0555	0.0316	0.0240	0.0067	0.0058	0.0009	0.0488	0.0258	0.0230
26	55	0.3749	12	1	0	1	0	1	0	0	0	1	0	2	0	0	0	0	0	0	0	N	N	N	N	Y	N	N	N	N	N	N	N	N	N	N	N	N	N	21.2472	18.1898	0.0000	2.2542	2.5032	0.0000	495.0479	329.4232	0.0000	0.4561	0.5599	0.0000	0.0882	0.1167	0.0000	1.0770	1.1792	0.0000	0.0215	0.0308	0.0005	0.0391	0.0466	0.0004	0.0022	0.0036	0.0006	0.0000	0.0077	-0.0000	-0.0028	0.0003	17.6796	1.9853	56.5727	0.0001	0.0001	0.0000	0.0000	0.0000	0.0000	0.0001	0.0001	0.0000	0.0057	0.0056	0.0000	0.0054	0.0054	0.0000	0.0003	0.0002	0.0000	0.0002	0.0001	0.0000	0.0001	0.0001	0.0000	0.0001	0.0001	0.0000	0.2634	0.1823	0.0811	0.1374	0.1152	0.0222	0.1259	0.0671	0.0589
26	58	0.0799	13	2	0	1	0	1	0	0	0	0	0	2	1	0	0	0	0	0	0	Y	N	N	N	Y	N	N	N	N	N	N	N	N	N	N	N	N	N	0.0000	0.0000	0.0000	0.0000	0.0000	0.0000	0.0000	0.0000	0.0000	0.0000	0.0000	0.0000	0.0000	0.0000	0.0000	0.0000	0.0000	0.0000	0.0000	0.0000	0.0000	0.0000	0.0000	0.0000	0.0000	0.0000	0.0000			0.0000	-0.0000	0.0003	0.0000	1.9853	2.0010	0.0000	0.0000	0.0000	0.0000	0.0000	0.0000	0.0000	0.0000	0.0000	0.0000	0.0000	0.0000	0.0000	0.0000	0.0000	0.0000	0.0000	0.0000	0.0000	0.0000	0.0000	0.0000	0.0000	0.0000	0.0000	0.0000	0.0000	0.0057	0.0033	0.0024	0.0009	0.0008	0.0001	0.0049	0.0026	0.0023
26	59	0.0731	12	2	0	1	0	1	0	0	0	1	0	2	1	0	0	0	0	0	0	Y	N	N	N	Y	N	N	N	N	N	N	N	N	N	N	N	N	N	0.0000	0.0000	0.0000	0.0000	0.0000	0.0000	0.0000	0.0000	0.0000	0.0000	0.0000	0.0000	0.0000	0.0000	0.0000	0.0000	0.0000	0.0000	0.0001	0.0001	0.0000	0.0005	0.0006	0.0000	0.0000	0.0000	0.0000		0.0008	0.0000	-0.0000	0.0003	0.0042	1.9853	3.0766	0.0000	0.0000	0.0000	0.0000	0.0000	0.0000	0.0000	0.0000	0.0000	0.0000	0.0000	0.0000	0.0000	0.0000	0.0000	0.0000	0.0000	0.0000	0.0000	0.0000	0.0000	0.0000	0.0000	0.0000	0.0000	0.0000	0.0000	0.0088	0.0050	0.0038	0.0012	0.0010	0.0002	0.0076	0.0039	0.0037
26	60	0.0731	11	2	0	1	0	1	0	0	0	0	1	1	1	0	0	0	0	0	0	Y	N	N	N	N	N	N	N	N	N	N	N	N	N	N	N	N	N	0.0000	0.0000	0.0000	0.0000	0.0000	0.0000	0.0000	0.0000	0.0000	0.0000	0.0000	0.0000	0.0000	0.0000	0.0000	0.0000	0.0000	0.0000	0.0019	0.0017	0.0020	0.0034	0.0036	0.0000	0.0013	0.0000	0.0021		1.0000	0.0000	0.0000	0.0003	0.0086	1.9853	0.1203	0.0000	0.0000	0.0000	0.0000	0.0000	0.0000	0.0000	0.0000	0.0000	0.0000	0.0000	0.0000	0.0000	0.0000	0.0000	0.0000	0.0000	0.0000	0.0000	0.0000	0.0000	0.0000	0.0000	0.0000	0.0000	0.0000	0.0000	0.0006	0.0003	0.0003	0.0002	0.0002	0.0000	0.0004	0.0002	0.0003
26	61	0.0686	10	2	0	1	0	1	0	0	0	0	0	1	0	0	0	0	0	0	0	Y	N	N	N	N	N	N	N	N	N	N	N	N	N	N	N	N	N	0.0000	0.0000	0.0000	0.0000	0.0000	0.0000	0.0000	0.0000	0.0000	0.0000	0.0000	0.0000	0.0000	0.0000	0.0000	0.0000	0.0000	0.0000	0.0002	0.0002	0.0002	0.0007	0.0007	0.0000	0.0001	0.0000	0.0002		0.9975	0.0000	0.0000	0.0003	2.0089	1.9853	0.1204	0.0000	0.0000	0.0000	0.0000	0.0000	0.0000	0.0000	0.0000	0.0000	0.0000	0.0000	0.0000	0.0000	0.0000	0.0000	0.0000	0.0000	0.0000	0.0000	0.0000	0.0000	0.0000	0.0000	0.0000	0.0000	0.0000	0.0000	0.0062	0.0035	0.0027	0.0009	0.0007	0.0001	0.0053	0.0027	0.0026
26	62	0.0664	9	2	0	1	0	1	0	0	0	0	0	1	0	0	0	0	0	0	0	Y	N	N	N	N	N	N	N	N	N	N	N	N	N	N	N	N	N	0.0000	0.0000	0.0000	0.0000	0.0000	0.0000	0.0000	0.0000	0.0000	0.0000	0.0000	0.0000	0.0000	0.0000	0.0000	0.0000	0.0000	0.0000	0.0002	0.0001	0.0003	0.0003	0.0003	0.0000	0.0002	0.0000	0.0003		3.4616	0.0000	0.0000	0.0003	1.4554	1.9853	0.0966	0.0000	0.0000	0.0000	0.0000	0.0000	0.0000	0.0000	0.0000	0.0000	0.0000	0.0000	0.0000	0.0000	0.0000	0.0000	0.0000	0.0000	0.0000	0.0000	0.0000	0.0000	0.0000	0.0000	0.0000	0.0000	0.0000	0.0000	0.0045	0.0025	0.0020	0.0006	0.0005	0.0001	0.0039	0.0020	0.0019
26	63	0.0649	8	2	0	1	0	1	0	0	0	0	0	1	0	0	0	0	0	0	0	Y	N	N	N	N	N	N	N	N	N	N	N	N	N	N	N	N	N	3341.9605	21637.3509	0.0000	0.0000	0.0000	0.0000	7857.7811	inf	0.0000	0.1766	0.2211	0.0000	0.0000	0.0000	0.0000	0.5039	0.5340	0.0000	0.0001	0.0000	0.0001	0.0000	0.0000	0.0000	0.0001	0.0000	0.0001	0.0000	8.5436	-0.0000	0.0000	0.0003	0.0090	1.9853	0.8380	0.0000	0.0000	0.0000	0.0000	0.0000	0.0000	0.0000	0.0000	0.0000	0.0000	0.0000	0.0000	0.0000	0.0000	0.0000	0.0000	0.0000	0.0000	0.0000	0.0000	0.0000	0.0000	0.0000	0.0000	0.0000	0.0000	0.0000	0.0038	0.0020	0.0017	0.0010	0.0009	0.0000	0.0028	0.0011	0.0017
26	73	0.0516	7	2	0	1	0	1	0	0	0	0	0	1	0	0	0	0	0	0	0	Y	N	N	N	N	N	N	N	N	N	N	N	N	N	N	N	N	N	4918549.8375	17701843.5151	0.0000	0.0000	0.0000	0.0000	6801832.3864	inf	0.0000	7.2739	7.9388	0.0000	0.0000	0.0000	0.0000	9.4609	10.6110	0.0000	0.0000	0.0000	0.0000	0.0000	0.0000	0.0000	0.0000	0.0000	0.0000	0.0000	4.8491	-0.0001	0.0000	0.0003	4.0025	1.9853	2.2111	0.0001	0.0001	0.0000	0.0000	0.0000	0.0000	0.0001	0.0001	0.0000	0.0000	0.0000	0.0000	0.0000	0.0000	0.0000	0.0000	0.0000	0.0000	0.0000	0.0000	0.0000	0.0000	0.0000	0.0000	0.0000	0.0000	0.0000	0.0174	0.0098	0.0076	0.0021	0.0018	0.0003	0.0153	0.0080	0.0073
26	74	0.0516	6	2	0	1	0	2	0	0	0	0	0	1	0	0	0	0	0	0	0	Y	N	N	N	N	N	N	N	N	N	N	N	N	N	N	N	N	N	0.0000	0.0000	0.0000	0.0000	0.0000	0.0000	0.0000	0.0000	0.0000	0.0000	0.0000	0.0000	0.0000	0.0000	0.0000	0.0000	0.0000	0.0000	0.0001	0.0001	0.0001	0.0001	0.0001	0.0000	0.0001	0.0000	0.0001		1.2223	0.0000	0.0000	0.0003	0.0001	1.9853	0.0180	0.0000	0.0000	0.0000	0.0000	0.0000	0.0000	0.0000	0.0000	0.0000	0.0000	0.0000	0.0000	0.0000	0.0000	0.0000	0.0000	0.0000	0.0000	0.0000	0.0000	0.0000	0.0000	0.0000	0.0000	0.0000	0.0000	0.0000	0.0001	0.0001	0.0001	0.0000	0.0000	0.0000	0.0001	0.0000	0.0001
29	33	0.0959	13	2	0	1	1	0	0	0	1	1	0	2	1	0	0	0	0	0	0	Y	N	N	N	Y	N	N	N	N	N	N	N	N	N	N	N	N	N	0.0000	0.0000	0.0000	0.0000	0.0000	0.0000	0.0000	0.0000	0.0000	0.0000	0.0000	0.0000	0.0000	0.0000	0.0000	0.0000	0.0000	0.0000	7.0213	12.5885	0.0000	0.0135	0.0152	0.0000	7.5742	14.2442	0.0000		0.0000	0.0000	-0.4941	4.0221	1.0004	17.8334	4.0090	0.0000	0.0000	0.0000	0.0000	0.0000	0.0000	0.0000	0.0000	0.0000	0.9976	0.9976	0.0000	0.0001	0.0001	0.0000	0.9975	0.9975	0.0000	0.0286	0.0249	0.0037	0.0017	0.0016	0.0001	0.0269	0.0233	0.0036	0.1421	0.0792	0.0628	0.0104	0.0092	0.0012	0.1317	0.0700	0.0617
29	34	0.1008	14	2	0	1	0	0	0	0	0	1	0	2	1	0	0	0	0	0	0	Y	N	N	N	Y	N	N	N	N	N	N	N	N	N	N	N	N	N	0.0000	0.0000	0.0000	0.0000	0.0000	0.0000	0.0000	0.0000	0.0000	0.0000	0.0000	0.0000	0.0000	0.0000	0.0000	0.0000	0.0000	0.0000	3.4525	0.0003	7.8164	7.0597	0.0027	63.1229	3.1478	0.0000	6.7042		18457.5698	0.0000	0.4644	4.0221	0.8079	17.8334	8.0263	0.0000	0.0000	0.0000	0.0000	0.0000	0.0000	0.0000	0.0000	0.0000	0.9201	0.0000	0.9201	0.1465	0.0000	0.1465	0.7736	0.0000	0.7736	0.0396	0.0351	0.0045	0.0088	0.0087	0.0001	0.0308	0.0264	0.0044	0.2665	0.1488	0.1177	0.0208	0.0184	0.0023	0.2458	0.1304	0.1154
29	45	0.1008	14	2	0	1	0	0	0	0	0	1	0	2	1	0	0	0	0	0	0	Y	N	N	N	Y	N	N	N	N	N	N	N	N	N	N	N	N	N	0.0000	0.0000	0.0000	0.0000	0.0000	0.0000	0.0000	0.0000	0.0000	0.0000	0.0000	0.0000	0.0000	0.0000	0.0000	0.0000	0.0000	0.0000	0.0064	0.0114	0.0000	0.0774	0.0869	0.0000	0.0000	0.0000	0.0000		0.0000	0.0000	-0.0005	4.0221	1.9986	17.8334	3.0240	0.0000	0.0000	0.0000	0.0000	0.0000	0.0000	0.0000	0.0000	0.0000	0.0010	0.0010	0.0000	0.0010	0.0010	0.0000	0.0000	0.0000	0.0000	0.0757	0.0665	0.0092	0.0108	0.0106	0.0003	0.0648	0.0559	0.0089	0.1550	0.0867	0.0683	0.0127	0.0113	0.0014	0.1423	0.0754	0.0669
29	46	0.0959	13	2	0	1	0	0	0	0	0	1	0	2	1	0	0	0	0	0	0	Y	N	N	N	Y	N	N	N	N	N	N	N	N	N	N	N	N	N	0.0000	0.0000	0.0000	0.0000	0.0000	0.0000	0.0000	0.0000	0.0000	0.0000	0.0000	0.0000	0.0000	0.0000	0.0000	0.0000	0.0000	0.0000	0.0173	0.0044	0.0337	0.0608	0.0347	0.2771	0.0137	0.0002	0.0291		6.0062	0.0000	0.0004	4.0221	1.1966	17.8334	1.0046	0.0000	0.0000	0.0000	0.0000	0.0000	0.0000	0.0000	0.0000	0.0000	0.0012	0.0002	0.0010	0.0003	0.0002	0.0002	0.0009	0.0000	0.0009	0.0369	0.0321	0.0048	0.0022	0.0020	0.0002	0.0347	0.0301	0.0046	0.0685	0.0383	0.0302	0.0052	0.0046	0.0006	0.0633	0.0336	0.0296
29	47	0.0938	12	2	0	1	0	0	0	0	0	2	1	2	1	0	0	0	0	0	0	Y	N	N	N	Y	N	N	N	N	N	N	N	N	N	N	N	N	N	0.0000	0.0000	0.0000	0.0000	0.0000	0.0000	0.0000	0.0000	0.0000	0.0000	0.0000	0.0000	0.0000	0.0000	0.0000	0.0000	0.0000	0.0000	0.0065	0.0113	0.0006	0.0181	0.0191	0.0000	0.0050	0.0093	0.0006		0.0451	0.0000	-0.0001	4.0221	0.0039	17.8334	1.0628	0.0000	0.0000	0.0000	0.0000	0.0000	0.0000	0.0000	0.0000	0.0000	0.0002	0.0002	0.0000	0.0001	0.0001	0.0000	0.0002	0.0001	0.0000	0.0003	0.0003	0.0001	0.0001	0.0001	0.0000	0.0002	0.0002	0.0001	0.0367	0.0203	0.0164	0.0044	0.0042	0.0002	0.0322	0.0161	0.0162
29	48	0.0916	11	2	0	1	0	0	0	0	0	1	0	1	0	0	0	0	0	0	0	Y	N	N	N	N	N	N	N	N	N	N	N	N	N	N	N	N	N	20.6818	13.4713	0.0000	11.5094	10.9615	0.0000	0.0000	0.0000	0.0000	0.1284	0.1530	0.0000	0.4018	0.4038	0.0000	0.0000	0.0000	0.0000	0.0062	0.0114	0.0000	0.0349	0.0368	0.0005	0.0023	0.0048	0.0000	0.0000	0.0009	-0.0001	-0.0001	4.0221	0.0093	17.8334	1.1245	0.0001	0.0001	0.0000	0.0001	0.0001	0.0000	0.0000	0.0000	0.0000	0.0002	0.0002	0.0000	0.0002	0.0002	0.0000	0.0001	0.0001	0.0000	0.0007	0.0006	0.0001	0.0002	0.0002	0.0000	0.0005	0.0004	0.0001	0.0387	0.0211	0.0176	0.0046	0.0044	0.0002	0.0341	0.0168	0.0173
29	53	0.0875	10	2	0	1	0	0	0	0	0	1	0	1	0	0	0	0	0	0	0	Y	N	N	N	N	N	N	N	N	N	N	N	N	N	N	N	N	N	1.1061	0.7885	0.0000	0.0000	0.0000	0.0000	1.1265	0.7564	0.0000	0.0029	0.0034	0.0000	0.0000	0.0000	0.0000	0.0031	0.0036	0.0000	0.0027	0.0043	0.0007	0.0016	0.0018	0.0000	0.0028	0.0048	0.0007	0.0000	0.1241	-0.0001	-0.0001	4.0221	0.9898	17.8334	1.1155	0.0001	0.0001	0.0000	0.0000	0.0000	0.0000	0.0001	0.0001	0.0000	0.0002	0.0002	0.0000	0.0000	0.0000	0.0000	0.0002	0.0001	0.0000	0.0305	0.0265	0.0040	0.0017	0.0016	0.0001	0.0289	0.0250	0.0039	0.0675	0.0372	0.0303	0.0062	0.0057	0.0004	0.0613	0.0314	0.0299
29	54	0.0618	4	2	0	1	0	1	0	0	0	1	0	1	0	0	0	0	0	0	0	Y	N	N	N	N	N	N	N	N	N	N	N	N	N	N	N	N	N	0.0000	0.0000	0.0000	0.0000	0.0000	0.0000	0.0000	0.0000	0.0000	0.0000	0.0000	0.0000	0.0000	0.0000	0.0000	0.0000	0.0000	0.0000	4.7360	2.9626	6.9084	3.5300	0.0762	25.4292	4.8239	3.3070	6.5189		1.9036	0.0000	0.4657	4.0221	5.0000	17.8334	15.9866	0.0000	0.0000	0.0000	0.0000	0.0000	0.0000	0.0000	0.0000	0.0000	2.9045	1.0003	1.9042	0.1471	0.0027	0.1444	2.7574	0.9976	1.7598	0.1501	0.1302	0.0198	0.0018	0.0017	0.0001	0.1482	0.1285	0.0197	0.6133	0.3377	0.2756	0.0417	0.0360	0.0057	0.5716	0.3017	0.2700
29	55	0.3810	7	1	0	1	0	0	0	0	0	2	0	2	0	0	0	0	0	0	0	N	N	N	N	Y	N	N	N	N	N	N	N	N	N	N	N	N	N	0.4861	0.3847	0.0000	0.5618	0.5167	0.0000	0.4341	0.2625	0.0000	0.6151	0.6970	0.0000	0.6387	0.6797	0.0000	0.6079	0.7027	0.0000	1.2652	1.8121	0.0645	1.1369	1.3155	0.1229	1.4005	2.6774	0.0455	0.0000	0.0162	-0.2323	-1.6634	4.0221	17.6796	17.8334	56.5727	0.4037	0.4037	0.0000	0.0970	0.0970	0.0000	0.3067	0.3067	0.0000	3.4705	3.4152	0.0554	1.6011	1.5752	0.0259	1.8694	1.8400	0.0294	0.6563	0.5791	0.0772	0.1518	0.1427	0.0092	0.5045	0.4365	0.0680	2.7431	1.8847	0.8585	1.4083	1.1974	0.2108	1.3348	0.6872	0.6476
29	58	0.0944	12	2	0	1	0	0	0	0	0	1	0	2	1	0	0	0	0	0	0	Y	N	N	N	Y	N	N	N	N	N	N	N	N	N	N	N	N	N	0.0000	0.0000	0.0000	0.0000	0.0000	0.0000	0.0000	0.0000	0.0000	0.0000	0.0000	0.0000	0.0000	0.0000	0.0000	0.0000	0.0000	0.0000	0.0076	0.0003	0.0170	0.0051	0.0019	0.0305	0.0078	0.0000	0.0167		45.7707	0.0000	0.0002	4.0221	0.0000	17.8334	2.0010	0.0000	0.0000	0.0000	0.0000	0.0000	0.0000	0.0000	0.0000	0.0000	0.0005	0.0000	0.0005	0.0000	0.0000	0.0000	0.0004	0.0000	0.0004	0.0000	0.0000	0.0000	0.0000	0.0000	0.0000	0.0000	0.0000	0.0000	0.0620	0.0350	0.0270	0.0059	0.0053	0.0007	0.0561	0.0297	0.0264
29	59	0.0875	11	2	0	1	0	0	0	0	0	2	0	2	1	0	0	0	0	0	0	Y	N	N	N	Y	N	N	N	N	N	N	N	N	N	N	N	N	N	0.0000	0.0000	0.0000	0.0000	0.0000	0.0000	0.0000	0.0000	0.0000	0.0000	0.0000	0.0000	0.0000	0.0000	0.0000	0.0000	0.0000	0.0000	10.3644	0.0006	23.1175	0.0211	0.0014	0.2494	11.3089	0.0004	23.4620		33224.5744	0.0000	0.5042	4.0221	0.0042	17.8334	3.0766	0.0000	0.0000	0.0000	0.0000	0.0000	0.0000	0.0000	0.0000	0.0000	0.9989	0.0000	0.9989	0.0002	0.0000	0.0002	0.9987	0.0000	0.9987	0.0004	0.0003	0.0001	0.0002	0.0002	0.0000	0.0003	0.0002	0.0001	0.0964	0.0532	0.0432	0.0081	0.0074	0.0006	0.0883	0.0457	0.0426
29	60	0.0875	10	2	0	1	0	0	0	0	0	1	1	1	1	0	0	0	0	0	0	Y	N	N	N	N	N	N	N	N	N	N	N	N	N	N	N	N	N	0.0000	0.0000	0.0000	0.0000	0.0000	0.0000	0.0000	0.0000	0.0000	0.0000	0.0000	0.0000	0.0000	0.0000	0.0000	0.0000	0.0000	0.0000	0.0025	0.0024	0.0027	0.0044	0.0044	0.0001	0.0018	0.0000	0.0027		1.0000	0.0000	0.0000	4.0221	0.0086	17.8334	0.1203	0.0000	0.0000	0.0000	0.0000	0.0000	0.0000	0.0000	0.0000	0.0000	0.0000	0.0000	0.0000	0.0000	0.0000	0.0000	0.0000	0.0000	0.0000	0.0006	0.0005	0.0001	0.0002	0.0002	0.0000	0.0004	0.0003	0.0001	0.0080	0.0042	0.0038	0.0023	0.0023	0.0000	0.0057	0.0019	0.0037
29	61	0.0831	9	2	0	1	0	0	0	0	0	1	0	1	0	0	0	0	0	0	0	Y	N	N	N	N	N	N	N	N	N	N	N	N	N	N	N	N	N	0.0000	0.0000	0.0000	0.0000	0.0000	0.0000	0.0000	0.0000	0.0000	0.0000	0.0000	0.0000	0.0000	0.0000	0.0000	0.0000	0.0000	0.0000	0.0001	0.0000	0.0003	0.0000	0.0000	0.0000	0.0002	0.0000	0.0003		254.5853	0.0000	0.0000	4.0221	2.0089	17.8334	0.1204	0.0000	0.0000	0.0000	0.0000	0.0000	0.0000	0.0000	0.0000	0.0000	0.0000	0.0000	0.0000	0.0000	0.0000	0.0000	0.0000	0.0000	0.0000	0.0612	0.0531	0.0080	0.0030	0.0028	0.0002	0.0581	0.0503	0.0078	0.0681	0.0375	0.0306	0.0062	0.0058	0.0004	0.0619	0.0317	0.0301
29	62	0.0808	8	2	0	1	0	0	0	0	0	1	0	1	0	0	0	0	0	0	0	Y	N	N	N	N	N	N	N	N	N	N	N	N	N	N	N	N	N	0.0000	0.0000	0.0000	0.0000	0.0000	0.0000	0.0000	0.0000	0.0000	0.0000	0.0000	0.0000	0.0000	0.0000	0.0000	0.0000	0.0000	0.0000	0.0000	0.0000	0.0000	0.0000	0.0000	0.0000	0.0000	0.0000	0.0000		0.3476	0.0000	-0.0000	4.0221	1.4554	17.8334	0.0966	0.0000	0.0000	0.0000	0.0000	0.0000	0.0000	0.0000	0.0000	0.0000	0.0000	0.0000	0.0000	0.0000	0.0000	0.0000	0.0000	0.0000	0.0000	0.0443	0.0384	0.0058	0.0019	0.0018	0.0001	0.0424	0.0367	0.0057	0.0491	0.0270	0.0221	0.0041	0.0038	0.0003	0.0450	0.0232	0.0218
29	63	0.0793	7	2	0	1	0	0	0	0	0	1	0	1	0	0	0	0	0	0	0	Y	N	N	N	N	N	N	N	N	N	N	N	N	N	N	N	N	N	0.0000	0.0000	0.0000	0.0000	0.0000	0.0000	0.0000	0.0000	0.0000	0.0000	0.0000	0.0000	0.0000	0.0000	0.0000	0.0000	0.0000	0.0000	0.0034	0.0064	0.0000	0.0156	0.0159	0.0000	0.0000	0.0000	0.0000		0.0002	0.0000	-0.0001	4.0221	0.0090	17.8334	0.8380	0.0000	0.0000	0.0000	0.0000	0.0000	0.0000	0.0000	0.0000	0.0000	0.0001	0.0001	0.0000	0.0001	0.0001	0.0000	0.0000	0.0000	0.0000	0.0004	0.0004	0.0000	0.0001	0.0001	0.0000	0.0003	0.0003	0.0000	0.0402	0.0215	0.0187	0.0089	0.0087	0.0002	0.0313	0.0128	0.0185
29	73	0.0660	6	2	0	1	0	0	0	0	0	1	0	1	0	0	0	0	0	0	0	Y	N	N	N	N	N	N	N	N	N	N	N	N	N	N	N	N	N	0.3058	0.0000	14.4030	0.0000	0.0000	0.0000	0.3432	0.0000	15.1303	0.0002	0.0000	0.0019	0.0000	0.0000	0.0000	0.0003	0.0000	0.0019	0.0008	0.0014	0.0001	0.0020	0.0021	0.0005	0.0007	0.0013	0.0001	inf	0.0780	0.0000	-0.0001	4.0221	4.0025	17.8334	2.2111	0.0000	0.0000	0.0000	0.0000	0.0000	0.0000	0.0000	0.0000	0.0000	0.0002	0.0001	0.0000	0.0000	0.0000	0.0000	0.0001	0.0001	0.0000	0.1207	0.1047	0.0159	0.0023	0.0021	0.0002	0.1184	0.1026	0.0158	0.1880	0.1033	0.0847	0.0115	0.0103	0.0012	0.1765	0.0930	0.0834
29	74	0.0660	5	2	0	1	0	1	0	0	0	1	0	1	0	0	0	0	0	0	0	Y	N	N	N	N	N	N	N	N	N	N	N	N	N	N	N	N	N	334.0478	102.5566	28481.7605	423.6302	433.1544	0.0000	309.8013	0.0000	62369.6301	10.3702	5.7630	51.7104	21.1404	21.2042	0.0000	6.8702	0.0000	52.0941	0.0310	0.0562	0.0018	0.0499	0.0490	0.1467	0.0222	0.0666	0.0008	1.0000	0.0278	-0.0000	-0.0000	4.0221	0.0001	17.8334	0.0180	0.0001	0.0000	0.0000	0.0000	0.0000	0.0000	0.0000	0.0000	0.0000	0.0000	0.0000	0.0000	0.0000	0.0000	0.0000	0.0000	0.0000	0.0000	0.0000	0.0000	0.0000	0.0000	0.0000	0.0000	0.0000	0.0000	0.0000	0.0014	0.0007	0.0006	0.0004	0.0004	0.0000	0.0009	0.0003	0.0006
30	33	0.0473	12	2	0	1	1	1	0	1	1	0	0	1	1	0	0	0	0	0	0	Y	N	N	N	N	N	N	N	N	N	N	N	N	N	N	N	N	N	0.0000	0.0000	0.0000	0.0000	0.0000	0.0000	0.0000	0.0000	0.0000	0.0000	0.0000	0.0000	0.0000	0.0000	0.0000	0.0000	0.0000	0.0000	0.0815	0.1495	0.0007	0.1160	0.1234	0.0000	0.0781	0.1544	0.0007		0.0037	0.0000	-0.0013	0.9816	1.0004	3.4928	4.0090	0.0000	0.0000	0.0000	0.0000	0.0000	0.0000	0.0000	0.0000	0.0000	0.0027	0.0027	0.0000	0.0003	0.0003	0.0000	0.0023	0.0023	0.0000	0.0070	0.0061	0.0009	0.0004	0.0003	0.0000	0.0066	0.0058	0.0009	0.0331	0.0180	0.0151	0.0030	0.0028	0.0002	0.0301	0.0151	0.0149
30	34	0.0522	13	2	0	1	0	1	0	1	0	0	0	1	1	0	0	0	0	0	0	Y	N	N	N	N	N	N	N	N	N	N	N	N	N	N	N	N	N	0.0000	0.0000	0.0000	0.0000	0.0000	0.0000	0.0000	0.0000	0.0000	0.0000	0.0000	0.0000	0.0000	0.0000	0.0000	0.0000	0.0000	0.0000	3.9518	4.9966	2.7077	4.4732	4.7289	0.2884	3.8972	5.0493	2.7370		0.4551	0.0000	-0.0447	0.9816	0.8079	3.4928	8.0263	0.0000	0.0000	0.0000	0.0000	0.0000	0.0000	0.0000	0.0000	0.0000	0.2452	0.1685	0.0767	0.0263	0.0262	0.0001	0.2189	0.1423	0.0766	0.0097	0.0086	0.0011	0.0021	0.0021	0.0000	0.0076	0.0065	0.0011	0.0620	0.0337	0.0283	0.0059	0.0055	0.0003	0.0562	0.0282	0.0280
30	45	0.0522	13	2	0	1	0	1	0	1	0	0	0	1	1	0	0	0	0	0	0	Y	N	N	N	N	N	N	N	N	N	N	N	N	N	N	N	N	N	0.0000	0.0000	0.0000	0.0000	0.0000	0.0000	0.0000	0.0000	0.0000	0.0000	0.0000	0.0000	0.0000	0.0000	0.0000	0.0000	0.0000	0.0000	0.0073	0.0122	0.0014	0.0667	0.0703	0.0062	0.0008	0.0003	0.0014		0.0996	0.0000	-0.0001	0.9816	1.9986	3.4928	3.0240	0.0000	0.0000	0.0000	0.0000	0.0000	0.0000	0.0000	0.0000	0.0000	0.0003	0.0002	0.0000	0.0002	0.0002	0.0000	0.0000	0.0000	0.0000	0.0186	0.0163	0.0023	0.0026	0.0025	0.0001	0.0160	0.0138	0.0022	0.0361	0.0196	0.0164	0.0035	0.0033	0.0002	0.0325	0.0163	0.0162
30	46	0.0473	12	2	0	1	0	1	0	1	0	0	0	1	1	0	0	0	0	0	0	Y	N	N	N	N	N	N	N	N	N	N	N	N	N	N	N	N	N	0.0000	0.0000	0.0000	0.0000	0.0000	0.0000	0.0000	0.0000	0.0000	0.0000	0.0000	0.0000	0.0000	0.0000	0.0000	0.0000	0.0000	0.0000	0.0165	0.0208	0.0115	0.0192	0.0203	0.0023	0.0163	0.0209	0.0116		0.4616	0.0000	-0.0000	0.9816	1.1966	3.4928	1.0046	0.0000	0.0000	0.0000	0.0000	0.0000	0.0000	0.0000	0.0000	0.0000	0.0003	0.0002	0.0001	0.0000	0.0000	0.0000	0.0002	0.0002	0.0001	0.0091	0.0079	0.0012	0.0005	0.0004	0.0000	0.0086	0.0074	0.0011	0.0159	0.0087	0.0073	0.0015	0.0014	0.0001	0.0144	0.0073	0.0072
30	47	0.0452	11	2	0	1	0	1	0	1	0	1	1	1	1	0	0	0	0	0	0	Y	N	N	N	N	N	N	N	N	N	N	N	N	N	N	N	N	N	0.0000	0.0000	0.0000	0.0000	0.0000	0.0000	0.0000	0.0000	0.0000	0.0000	0.0000	0.0000	0.0000	0.0000	0.0000	0.0000	0.0000	0.0000	0.0001	0.0002	0.0001	0.0004	0.0005	0.0000	0.0001	0.0001	0.0001		0.2816	0.0000	-0.0000	0.9816	0.0039	3.4928	1.0628	0.0000	0.0000	0.0000	0.0000	0.0000	0.0000	0.0000	0.0000	0.0000	0.0000	0.0000	0.0000	0.0000	0.0000	0.0000	0.0000	0.0000	0.0000	0.0001	0.0001	0.0000	0.0000	0.0000	0.0000	0.0001	0.0000	0.0000	0.0084	0.0046	0.0039	0.0011	0.0011	0.0000	0.0073	0.0035	0.0038
30	48	0.0430	10	2	0	1	0	1	0	1	0	0	0	0	0	0	0	0	0	0	0	Y	N	N	N	N	N	N	N	N	N	N	N	N	N	N	N	N	N	0.6745	0.6087	0.0000	0.4223	0.4158	0.0000	0.0000	0.0000	0.0000	0.0001	0.0001	0.0000	0.0003	0.0003	0.0000	0.0000	0.0000	0.0000	0.0001	0.0002	0.0001	0.0007	0.0008	0.0003	0.0001	0.0000	0.0001	0.0000	0.4154	-0.0000	-0.0000	0.9816	0.0093	3.4928	1.1245	0.0000	0.0000	0.0000	0.0000	0.0000	0.0000	0.0000	0.0000	0.0000	0.0000	0.0000	0.0000	0.0000	0.0000	0.0000	0.0000	0.0000	0.0000	0.0002	0.0001	0.0000	0.0001	0.0001	0.0000	0.0001	0.0001	0.0000	0.0089	0.0048	0.0042	0.0012	0.0011	0.0000	0.0077	0.0036	0.0041
30	53	0.0389	9	2	0	1	0	1	0	1	0	0	0	0	0	0	0	0	0	0	0	Y	N	N	N	N	N	N	N	N	N	N	N	N	N	N	N	N	N	0.0034	0.0021	0.0000	0.0000	0.0000	0.0000	0.0658	0.0386	0.0000	0.0000	0.0000	0.0000	0.0000	0.0000	0.0000	0.0000	0.0000	0.0000	0.0007	0.0012	0.0000	0.0060	0.0062	0.0000	0.0000	0.0001	0.0000	0.0000	0.0022	-0.0000	-0.0000	0.9816	0.9898	3.4928	1.1155	0.0000	0.0000	0.0000	0.0000	0.0000	0.0000	0.0000	0.0000	0.0000	0.0000	0.0000	0.0000	0.0000	0.0000	0.0000	0.0000	0.0000	0.0000	0.0075	0.0065	0.0010	0.0004	0.0003	0.0000	0.0071	0.0062	0.0010	0.0156	0.0084	0.0072	0.0017	0.0016	0.0001	0.0139	0.0068	0.0071
30	54	0.0132	3	2	0	1	0	2	0	1	0	0	0	0	0	0	0	0	0	0	0	Y	N	N	N	N	N	N	N	N	N	N	N	N	N	N	N	N	N	0.0000	0.0000	0.0000	0.0000	0.0000	0.0000	0.0000	0.0000	0.0000	0.0000	0.0000	0.0000	0.0000	0.0000	0.0000	0.0000	0.0000	0.0000	1.7515	2.2564	1.1730	2.2923	2.4044	0.1673	1.7039	2.2316	1.1818		0.4537	0.0000	-0.0456	0.9816	5.0000	3.4928	15.9866	0.0000	0.0000	0.0000	0.0000	0.0000	0.0000	0.0000	0.0000	0.0000	0.2488	0.1712	0.0777	0.0263	0.0262	0.0001	0.2225	0.1449	0.0776	0.0369	0.0320	0.0049	0.0002	0.0002	0.0000	0.0366	0.0317	0.0049	0.1421	0.0759	0.0662	0.0115	0.0109	0.0006	0.1306	0.0649	0.0656
30	58	0.0458	11	2	0	1	0	1	0	1	0	0	0	1	1	0	0	0	0	0	0	Y	N	N	N	N	N	N	N	N	N	N	N	N	N	N	N	N	N	0.0000	0.0000	0.0000	0.0000	0.0000	0.0000	0.0000	0.0000	0.0000	0.0000	0.0000	0.0000	0.0000	0.0000	0.0000	0.0000	0.0000	0.0000	0.0007	0.0013	0.0001	0.0000	0.0000	0.0001	0.0008	0.0016	0.0001		0.0443	0.0000	-0.0000	0.9816	0.0000	3.4928	2.0010	0.0000	0.0000	0.0000	0.0000	0.0000	0.0000	0.0000	0.0000	0.0000	0.0000	0.0000	0.0000	0.0000	0.0000	0.0000	0.0000	0.0000	0.0000	0.0000	0.0000	0.0000	0.0000	0.0000	0.0000	0.0000	0.0000	0.0000	0.0144	0.0079	0.0065	0.0016	0.0015	0.0001	0.0128	0.0064	0.0063
30	59	0.0389	10	2	0	1	0	1	0	1	0	1	0	1	1	0	0	0	0	0	0	Y	N	N	N	N	N	N	N	N	N	N	N	N	N	N	N	N	N	0.0000	0.0000	0.0000	0.0000	0.0000	0.0000	0.0000	0.0000	0.0000	0.0000	0.0000	0.0000	0.0000	0.0000	0.0000	0.0000	0.0000	0.0000	0.0376	0.0133	0.0661	0.0000	0.0000	0.0000	0.0418	0.0162	0.0667		4.2478	0.0000	0.0003	0.9816	0.0042	3.4928	3.0766	0.0000	0.0000	0.0000	0.0000	0.0000	0.0000	0.0000	0.0000	0.0000	0.0008	0.0002	0.0007	0.0000	0.0000	0.0000	0.0008	0.0002	0.0007	0.0001	0.0001	0.0000	0.0000	0.0000	0.0000	0.0001	0.0000	0.0000	0.0223	0.0120	0.0103	0.0022	0.0021	0.0001	0.0201	0.0099	0.0102
30	60	0.0389	9	2	0	1	0	1	0	1	0	0	1	0	1	0	0	0	0	0	0	Y	N	N	N	N	N	N	N	N	N	N	N	N	N	N	N	N	N	0.0000	0.0000	0.0000	0.0000	0.0000	0.0000	0.0000	0.0000	0.0000	0.0000	0.0000	0.0000	0.0000	0.0000	0.0000	0.0000	0.0000	0.0000	0.0001	0.0001	0.0001	0.0001	0.0001	0.0000	0.0000	0.0000	0.0001		0.9477	0.0000	-0.0000	0.9816	0.0086	3.4928	0.1203	0.0000	0.0000	0.0000	0.0000	0.0000	0.0000	0.0000	0.0000	0.0000	0.0000	0.0000	0.0000	0.0000	0.0000	0.0000	0.0000	0.0000	0.0000	0.0001	0.0001	0.0000	0.0000	0.0000	0.0000	0.0001	0.0001	0.0000	0.0018	0.0009	0.0009	0.0005	0.0005	0.0000	0.0013	0.0004	0.0008
30	61	0.0345	8	2	0	1	0	1	0	1	0	0	0	0	0	0	0	0	0	0	0	Y	N	N	N	N	N	N	N	N	N	N	N	N	N	N	N	N	N	0.0000	0.0000	0.0000	0.0000	0.0000	0.0000	0.0000	0.0000	0.0000	0.0000	0.0000	0.0000	0.0000	0.0000	0.0000	0.0000	0.0000	0.0000	0.0000	0.0000	0.0000	0.0000	0.0000	0.0000	0.0000	0.0000	0.0000		0.9604	0.0000	-0.0000	0.9816	2.0089	3.4928	0.1204	0.0000	0.0000	0.0000	0.0000	0.0000	0.0000	0.0000	0.0000	0.0000	0.0000	0.0000	0.0000	0.0000	0.0000	0.0000	0.0000	0.0000	0.0000	0.0150	0.0130	0.0020	0.0007	0.0006	0.0000	0.0143	0.0124	0.0019	0.0157	0.0085	0.0073	0.0017	0.0016	0.0001	0.0141	0.0069	0.0072
30	62	0.0322	7	2	0	1	0	1	0	1	0	0	0	0	0	0	0	0	0	0	0	Y	N	N	N	N	N	N	N	N	N	N	N	N	N	N	N	N	N	0.0000	0.0000	0.0000	0.0000	0.0000	0.0000	0.0000	0.0000	0.0000	0.0000	0.0000	0.0000	0.0000	0.0000	0.0000	0.0000	0.0000	0.0000	0.0000	0.0000	0.0000	0.0000	0.0000	0.0000	0.0000	0.0000	0.0000		2.5325	0.0000	0.0000	0.9816	1.4554	3.4928	0.0966	0.0000	0.0000	0.0000	0.0000	0.0000	0.0000	0.0000	0.0000	0.0000	0.0000	0.0000	0.0000	0.0000	0.0000	0.0000	0.0000	0.0000	0.0000	0.0109	0.0094	0.0014	0.0004	0.0004	0.0000	0.0105	0.0090	0.0014	0.0114	0.0061	0.0053	0.0011	0.0011	0.0000	0.0102	0.0050	0.0052
30	63	0.0307	6	2	0	1	0	1	0	1	0	0	0	0	0	0	0	0	0	0	0	Y	N	N	N	N	N	N	N	N	N	N	N	N	N	N	N	N	N	0.5803	9.9537	0.0000	20.2500	20.1717	0.0000	0.0000	0.0000	0.0000	0.0005	0.0006	0.0000	0.0029	0.0029	0.0000	0.0000	0.0000	0.0000	0.0009	0.0001	0.0019	0.0001	0.0001	0.0000	0.0011	0.0000	0.0019	0.0000	27.7706	-0.0000	0.0000	0.9816	0.0090	3.4928	0.8380	0.0000	0.0000	0.0000	0.0000	0.0000	0.0000	0.0000	0.0000	0.0000	0.0000	0.0000	0.0000	0.0000	0.0000	0.0000	0.0000	0.0000	0.0000	0.0001	0.0001	0.0000	0.0000	0.0000	0.0000	0.0001	0.0001	0.0000	0.0091	0.0048	0.0043	0.0021	0.0020	0.0000	0.0071	0.0028	0.0043
30	73	0.0174	5	2	0	1	0	1	0	1	0	0	0	0	0	0	0	0	0	0	0	Y	N	N	N	N	N	N	N	N	N	N	N	N	N	N	N	N	N	95.4450	147.0316	0.0212	1738.8749	1806.6954	0.0000	0.0052	0.0000	0.0212	0.0074	0.0086	0.0000	0.5668	0.6202	0.0000	0.0000	0.0000	0.0000	0.0001	0.0001	0.0001	0.0003	0.0003	0.0000	0.0001	0.0000	0.0001	0.0000	1.4896	-0.0001	0.0000	0.9816	4.0025	3.4928	2.2111	0.0002	0.0002	0.0000	0.0002	0.0002	0.0000	0.0000	0.0000	0.0000	0.0000	0.0000	0.0000	0.0000	0.0000	0.0000	0.0000	0.0000	0.0000	0.0296	0.0257	0.0039	0.0004	0.0004	0.0000	0.0292	0.0253	0.0039	0.0436	0.0234	0.0202	0.0034	0.0033	0.0002	0.0402	0.0201	0.0200
30	74	0.0174	4	2	0	1	0	2	0	1	0	0	0	0	0	0	0	0	0	0	0	Y	N	N	N	N	N	N	N	N	N	N	N	N	N	N	N	N	N	1.5478	0.5904	16.2494	2.0090	2.0033	0.0000	1.4178	0.0000	16.2903	0.0119	0.0066	0.0605	0.0246	0.0247	0.0000	0.0078	0.0000	0.0608	0.0077	0.0112	0.0037	0.0123	0.0123	0.0000	0.0055	0.0094	0.0037	1.0000	0.2934	-0.0000	-0.0000	0.9816	0.0001	3.4928	0.0180	0.0000	0.0000	0.0000	0.0000	0.0000	0.0000	0.0000	0.0000	0.0000	0.0000	0.0000	0.0000	0.0000	0.0000	0.0000	0.0000	0.0000	0.0000	0.0000	0.0000	0.0000	0.0000	0.0000	0.0000	0.0000	0.0000	0.0000	0.0003	0.0002	0.0001	0.0001	0.0001	0.0000	0.0002	0.0001	0.0001
33	34	0.0157	2	2	0	0	1	0	0	0	1	0	0	2	2	0	0	0	0	0	0	Y	N	N	N	Y	Y	N	N	N	N	N	N	N	N	N	N	N	N	0.2834	0.1740	0.0000	0.0206	0.0206	0.0000	0.0000	0.0000	0.0000	0.0072	0.0082	0.0000	0.0373	0.0373	0.0000	0.0000	0.0000	0.0000	0.0256	0.0471	0.0002	1.8075	1.8131	0.0182	0.0001	0.0000	0.0002	0.0000	0.0043	-0.0000	-0.0008	1.0004	0.8079	4.0090	8.0263	0.0001	0.0001	0.0000	0.0001	0.0001	0.0000	0.0000	0.0000	0.0000	0.0016	0.0016	0.0000	0.0016	0.0016	0.0000	0.0000	0.0000	0.0000	0.0101	0.0089	0.0012	0.0020	0.0020	0.0000	0.0081	0.0069	0.0012	0.0625	0.0338	0.0288	0.0009	0.0009	0.0000	0.0616	0.0329	0.0288
33	35	0.0319	6	2	0	1	2	0	0	0	2	0	0	2	2	0	0	0	0	0	0	Y	N	N	Y	Y	Y	N	N	N	N	N	N	N	N	N	N	N	N	15.0775	5.7339	inf	0.7101	0.6505	0.0000	inf	0.0000	inf	0.0018	0.0013	0.0054	0.0035	0.0035	0.0000	0.0011	0.0000	0.0054	0.0001	0.0002	0.0000	0.0049	0.0053	0.0000	0.0000	0.0000	0.0000	0.6462	0.0000	-0.0000	-0.0000	1.0004	0.0027	4.0090	3.0058	0.0000	0.0000	0.0000	0.0000	0.0000	0.0000	0.0000	0.0000	0.0000	0.0000	0.0000	0.0000	0.0000	0.0000	0.0000	0.0000	0.0000	0.0000	0.0001	0.0000	0.0000	0.0000	0.0000	0.0000	0.0000	0.0000	0.0000	0.0198	0.0107	0.0091	0.0005	0.0005	0.0000	0.0193	0.0103	0.0090
33	36	0.0319	6	2	0	1	1	0	0	0	1	0	0	2	2	0	0	0	0	0	0	Y	N	N	N	Y	Y	N	N	N	N	N	N	N	N	N	N	N	N	0.1453	0.0551	inf	0.0815	0.0772	0.0000	inf	0.0000	inf	0.0000	0.0000	0.0000	0.0003	0.0003	0.0000	0.0000	0.0000	0.0000	0.0001	0.0002	0.0000	0.0040	0.0044	0.0000	0.0000	0.0000	0.0000	0.6462	0.0000	-0.0000	-0.0000	1.0004	1.0024	4.0090	3.0051	0.0000	0.0000	0.0000	0.0000	0.0000	0.0000	0.0000	0.0000	0.0000	0.0000	0.0000	0.0000	0.0000	0.0000	0.0000	0.0000	0.0000	0.0000	0.0072	0.0062	0.0009	0.0002	0.0002	0.0000	0.0070	0.0060	0.0009	0.0262	0.0142	0.0120	0.0006	0.0005	0.0001	0.0256	0.0136	0.0119
33	37	0.0235	5	2	0	1	1	0	0	1	1	1	1	2	2	0	0	0	0	0	0	Y	N	N	N	Y	Y	N	N	N	N	N	N	N	N	N	N	N	N	0.3884	0.1983	902.7906	0.5755	0.5788	0.0000	256.1884	0.0000	905.1103	0.0077	0.0073	0.0105	0.3736	0.3874	0.0000	0.0014	0.0000	0.0106	0.0198	0.0367	0.0000	0.6492	0.6694	0.0000	0.0000	0.0000	0.0000	0.2201	0.0003	-0.0000	-0.0003	1.0004	1.9948	4.0090	1.9571	0.0001	0.0001	0.0000	0.0001	0.0001	0.0000	0.0000	0.0000	0.0000	0.0005	0.0005	0.0000	0.0005	0.0005	0.0000	0.0000	0.0000	0.0000	0.0143	0.0124	0.0019	0.0002	0.0002	0.0000	0.0141	0.0122	0.0019	0.0269	0.0145	0.0124	0.0008	0.0008	0.0000	0.0261	0.0138	0.0123
33	44	0.0191	5	2	0	1	1	0	0	1	1	0	0	1	2	0	0	0	0	0	0	Y	N	N	N	N	Y	N	N	N	N	N	N	N	N	N	N	N	N	0.0004	0.0002	inf	0.0011	0.0011	0.0000	inf	0.0000	inf	0.0000	0.0000	0.0000	0.0003	0.0003	0.0000	0.0000	0.0000	0.0000	0.0052	0.0096	0.0000	0.2767	0.3039	0.0000	0.0000	0.0000	0.0000	0.0489	0.0000	-0.0000	-0.0003	1.0004	6.0042	4.0090	9.9410	0.0000	0.0000	0.0000	0.0000	0.0000	0.0000	0.0000	0.0000	0.0000	0.0005	0.0005	0.0000	0.0005	0.0005	0.0000	0.0000	0.0000	0.0000	0.0430	0.0373	0.0057	0.0003	0.0003	0.0000	0.0427	0.0371	0.0057	0.1027	0.0560	0.0468	0.0019	0.0018	0.0002	0.1008	0.0542	0.0466
33	45	0.0157	2	2	0	0	1	0	0	0	1	0	0	2	2	0	0	0	0	0	0	Y	N	N	N	Y	Y	N	N	N	N	N	N	N	N	N	N	N	N	0.0003	0.0002	0.0000	0.0001	0.0001	0.0000	0.0000	0.0000	0.0000	0.0000	0.0000	0.0000	0.0002	0.0002	0.0000	0.0000	0.0000	0.0000	0.0671	0.1241	0.0000	3.4006	3.4084	0.0015	0.0000	0.0000	0.0000	0.0000	0.0002	-0.0000	-0.0012	1.0004	1.9986	4.0090	3.0240	0.0000	0.0000	0.0000	0.0000	0.0000	0.0000	0.0000	0.0000	0.0000	0.0024	0.0024	0.0000	0.0024	0.0024	0.0000	0.0000	0.0000	0.0000	0.0191	0.0167	0.0024	0.0020	0.0020	0.0000	0.0171	0.0147	0.0024	0.0365	0.0197	0.0168	0.0007	0.0007	0.0000	0.0358	0.0190	0.0167
33	49	0.0486	10	2	0	1	1	0	0	0	1	1	0	2	1	0	0	0	0	0	0	Y	N	N	N	Y	N	N	N	N	N	N	N	N	N	N	N	N	N	0.0000	0.0000	0.0000	0.0000	0.0000	0.0000	0.0000	0.0000	0.0000	0.0000	0.0000	0.0000	0.0000	0.0000	0.0000	0.0000	0.0000	0.0000	0.0000	0.0000	0.0000	0.0001	0.0001	0.0000	0.0000	0.0000	0.0000		0.0000	0.0000	-0.0000	1.0004	1.9876	4.0090	9.5024	0.0000	0.0000	0.0000	0.0000	0.0000	0.0000	0.0000	0.0000	0.0000	0.0000	0.0000	0.0000	0.0000	0.0000	0.0000	0.0000	0.0000	0.0000	0.0143	0.0124	0.0019	0.0006	0.0006	0.0000	0.0137	0.0118	0.0018	0.0787	0.0437	0.0350	0.0046	0.0045	0.0001	0.0741	0.0392	0.0349
33	50	0.0471	9	2	0	1	1	0	0	0	1	0	0	1	1	0	0	0	0	0	0	Y	N	N	N	N	N	N	N	N	N	N	N	N	N	N	N	N	N	0.0000	0.0000	0.0000	0.0000	0.0000	0.0000	0.0000	0.0000	0.0000	0.0000	0.0000	0.0000	0.0000	0.0000	0.0000	0.0000	0.0000	0.0000	0.0002	0.0003	0.0001	0.0010	0.0010	0.0000	0.0001	0.0000	0.0001		0.2150	0.0000	-0.0000	1.0004	0.0279	4.0090	1.3258	0.0000	0.0000	0.0000	0.0000	0.0000	0.0000	0.0000	0.0000	0.0000	0.0000	0.0000	0.0000	0.0000	0.0000	0.0000	0.0000	0.0000	0.0000	0.0003	0.0003	0.0000	0.0001	0.0001	0.0000	0.0002	0.0002	0.0000	0.0139	0.0084	0.0055	0.0027	0.0027	0.0000	0.0112	0.0057	0.0055
33	51	0.0406	8	2	0	1	1	0	0	1	1	0	0	1	1	0	0	0	0	0	0	Y	N	N	N	N	N	N	N	N	N	N	N	N	N	N	N	N	N	0.0000	0.0000	0.0000	0.0000	0.0000	0.0000	0.0000	0.0000	0.0000	0.0000	0.0000	0.0000	0.0000	0.0000	0.0000	0.0000	0.0000	0.0000	0.0271	0.0504	0.0000	1.9205	2.1196	0.0000	0.0000	0.0000	0.0000		0.0000	0.0000	-0.0003	1.0004	0.0135	4.0090	3.2161	0.0000	0.0000	0.0000	0.0000	0.0000	0.0000	0.0000	0.0000	0.0000	0.0006	0.0006	0.0000	0.0006	0.0006	0.0000	0.0000	0.0000	0.0000	0.0001	0.0001	0.0000	0.0000	0.0000	0.0000	0.0001	0.0001	0.0000	0.0209	0.0113	0.0097	0.0003	0.0003	0.0000	0.0206	0.0110	0.0096
33	52	0.0150	3	2	0	1	1	0	0	1	1	1	0	2	1	0	0	0	0	0	0	Y	N	N	N	Y	N	N	N	N	N	N	N	N	N	N	N	N	N	0.0019	0.0000	43.3684	0.0000	0.0000	0.0000	12.3673	0.0000	43.2111	0.0000	0.0000	0.0001	0.0000	0.0000	0.0000	0.0000	0.0000	0.0001	0.0089	0.0164	0.0000	0.3934	0.4249	0.0000	0.0000	0.0000	0.0000	inf	0.0002	0.0000	-0.0003	1.0004	1.0059	4.0090	8.9560	0.0000	0.0000	0.0000	0.0000	0.0000	0.0000	0.0000	0.0000	0.0000	0.0006	0.0006	0.0000	0.0006	0.0006	0.0000	0.0000	0.0000	0.0000	0.0074	0.0064	0.0010	0.0000	0.0000	0.0000	0.0073	0.0064	0.0010	0.0666	0.0360	0.0306	0.0015	0.0014	0.0001	0.0651	0.0346	0.0305
33	54	0.0448	10	2	0	0	1	1	0	0	1	0	0	1	1	0	0	0	0	0	0	Y	N	N	N	N	N	N	N	N	N	N	N	N	N	N	N	N	N	0.0000	0.0000	0.0000	0.0000	0.0000	0.0000	0.0000	0.0000	0.0000	0.0000	0.0000	0.0000	0.0000	0.0000	0.0000	0.0000	0.0000	0.0000	7.8842	0.0000	17.2564	0.0532	0.0000	0.5676	8.0020	0.0000	17.3073		inf	0.0000	0.5047	1.0004	5.0000	4.0090	15.9866	0.0000	0.0000	0.0000	0.0000	0.0000	0.0000	0.0000	0.0000	0.0000	0.9999	0.0000	0.9999	0.0001	0.0000	0.0001	0.9998	0.0000	0.9998	0.0351	0.0305	0.0046	0.0016	0.0015	0.0001	0.0334	0.0290	0.0044	0.1268	0.0689	0.0579	0.0019	0.0017	0.0002	0.1249	0.0672	0.0578
33	55	0.3639	15	1	0	0	1	0	0	0	1	1	0	2	1	0	0	0	0	0	0	N	N	N	N	Y	N	N	N	N	N	N	N	N	N	N	N	N	N	0.0140	0.0153	0.0000	0.1192	1.7658	0.0000	0.0000	0.0000	0.0000	0.0310	0.0351	0.0000	0.1204	0.1284	0.0000	0.0000	0.0000	0.0000	2.2184	2.2900	2.0600	1.0106	0.0727	6.4066	3.4373	5.9269	0.6950	0.0000	0.4064	-0.0029	-0.2819	1.0004	17.6796	4.0090	56.5727	0.0051	0.0051	0.0000	0.0051	0.0051	0.0000	0.0000	0.0000	0.0000	1.3669	0.9719	0.3950	0.3128	0.0192	0.2936	1.0541	0.9527	0.1014	0.1634	0.1444	0.0190	0.0421	0.0395	0.0026	0.1213	0.1049	0.0164	0.6161	0.4244	0.1918	0.3095	0.2636	0.0458	0.3067	0.1607	0.1459
33	57	0.0301	7	2	0	1	1	0	0	1	1	0	0	2	2	0	0	0	0	0	0	Y	N	N	N	Y	Y	N	N	N	N	N	N	N	N	N	N	N	N	0.0000	0.0000	0.0000	0.0000	0.0000	0.0000	0.0000	0.0000	0.0000	0.0000	0.0000	0.0000	0.0000	0.0000	0.0000	0.0000	0.0000	0.0000	0.0000	0.0000	0.0000	0.0000	0.0000	0.0000	0.0000	0.0000	0.0000			0.0000	0.0000	1.0004	1.0000	4.0090	4.9984	0.0000	0.0000	0.0000	0.0000	0.0000	0.0000	0.0000	0.0000	0.0000	0.0000	0.0000	0.0000	0.0000	0.0000	0.0000	0.0000	0.0000	0.0000	0.0073	0.0063	0.0010	0.0000	0.0000	0.0000	0.0072	0.0063	0.0010	0.0398	0.0220	0.0178	0.0018	0.0015	0.0003	0.0380	0.0204	0.0176
33	58	0.0259	6	2	0	0	1	0	0	0	1	0	0	2	2	0	0	0	0	0	0	Y	N	N	N	Y	Y	N	N	N	N	N	N	N	N	N	N	N	N	0.0000	0.0000	0.0000	0.0000	0.0000	0.0000	0.0000	0.0000	0.0000	0.0000	0.0000	0.0000	0.0000	0.0000	0.0000	0.0000	0.0000	0.0000	0.0000	0.0000	0.0000	0.0000	0.0000	0.0000	0.0000	0.0000	0.0000		inf	0.0000	0.0000	1.0004	0.0000	4.0090	2.0010	0.0000	0.0000	0.0000	0.0000	0.0000	0.0000	0.0000	0.0000	0.0000	0.0000	0.0000	0.0000	0.0000	0.0000	0.0000	0.0000	0.0000	0.0000	0.0000	0.0000	0.0000	0.0000	0.0000	0.0000	0.0000	0.0000	0.0000	0.0139	0.0078	0.0061	0.0008	0.0007	0.0001	0.0132	0.0071	0.0060
33	59	0.0191	5	2	0	0	1	0	0	0	1	1	0	2	2	0	0	0	0	0	0	Y	N	N	N	Y	Y	N	N	N	N	N	N	N	N	N	N	N	N	0.8464	150.9912	0.1148	33.4859	32.0943	0.0000	0.0522	0.0000	0.1144	0.0013	0.0015	0.0004	0.0047	0.0047	0.0000	0.0001	0.0000	0.0004	0.0016	0.0000	0.0034	0.0001	0.0001	0.0000	0.0016	0.0000	0.0034	0.0489	289.5537	-0.0000	0.0000	1.0004	0.0042	4.0090	3.0766	0.0000	0.0000	0.0000	0.0000	0.0000	0.0000	0.0000	0.0000	0.0000	0.0000	0.0000	0.0000	0.0000	0.0000	0.0000	0.0000	0.0000	0.0000	0.0001	0.0001	0.0000	0.0000	0.0000	0.0000	0.0000	0.0000	0.0000	0.0216	0.0117	0.0099	0.0008	0.0008	0.0000	0.0207	0.0109	0.0098
33	60	0.0191	4	2	0	0	1	0	0	0	1	0	1	1	2	0	0	0	0	0	0	Y	N	N	N	N	Y	N	N	N	N	N	N	N	N	N	N	N	N	0.0567	0.0346	0.1819	0.0855	0.0853	0.0000	0.0500	0.0000	0.1818	0.0018	0.0011	0.0061	0.0048	0.0048	0.0000	0.0011	0.0000	0.0061	0.0323	0.0310	0.0336	0.0564	0.0565	0.0000	0.0226	0.0001	0.0337	1.0055	0.9985	-0.0000	0.0000	1.0004	0.0086	4.0090	0.1203	0.0000	0.0000	0.0000	0.0000	0.0000	0.0000	0.0000	0.0000	0.0000	0.0001	0.0000	0.0000	0.0000	0.0000	0.0000	0.0000	0.0000	0.0000	0.0001	0.0001	0.0000	0.0000	0.0000	0.0000	0.0001	0.0001	0.0000	0.0020	0.0010	0.0009	0.0006	0.0006	0.0000	0.0014	0.0005	0.0009
33	64	0.0588	13	2	0	1	1	1	0	1	1	0	0	1	1	0	0	0	0	0	0	Y	N	N	N	N	N	N	N	N	N	N	N	N	N	N	N	N	N	0.0000	0.0000	0.0000	0.0000	0.0000	0.0000	0.0000	0.0000	0.0000	0.0000	0.0000	0.0000	0.0000	0.0000	0.0000	0.0000	0.0000	0.0000	6.4499	11.7505	0.0000	0.0058	0.0064	0.0000	6.7490	12.6803	0.0000		0.0000	0.0000	-0.4949	1.0004	3.9919	4.0090	21.4457	0.0000	0.0000	0.0000	0.0000	0.0000	0.0000	0.0000	0.0000	0.0000	0.9992	0.9992	0.0000	0.0000	0.0000	0.0000	0.9992	0.9992	0.0000	0.0307	0.0269	0.0038	0.0028	0.0027	0.0001	0.0279	0.0242	0.0037	0.1549	0.0850	0.0699	0.0069	0.0062	0.0006	0.1480	0.0788	0.0692
33	65	0.0687	14	1	0	0	1	0	0	0	1	0	1	1	2	0	0	0	0	0	0	N	N	N	N	N	Y	N	N	N	N	N	N	N	N	N	N	N	N	0.0000	0.0000	0.0000	0.0000	0.0000	0.0000	0.0000	0.0000	0.0000	0.0000	0.0000	0.0000	0.0000	0.0000	0.0000	0.0000	0.0000	0.0000	0.0000	0.0000	0.0000	0.0000	0.0000	0.0000	0.0000	0.0000	0.0000		inf	0.0000	0.0000	1.0004	3.0012	4.0090	1.7329	0.0000	0.0000	0.0000	0.0000	0.0000	0.0000	0.0000	0.0000	0.0000	0.0000	0.0000	0.0000	0.0000	0.0000	0.0000	0.0000	0.0000	0.0000	0.0211	0.0183	0.0027	0.0012	0.0012	0.0001	0.0198	0.0172	0.0026	0.0345	0.0203	0.0142	0.0036	0.0034	0.0001	0.0309	0.0169	0.0140
33	71	0.0504	11	2	0	1	1	1	0	1	1	0	0	1	1	0	0	0	0	0	0	Y	N	N	N	N	N	N	N	N	N	N	N	N	N	N	N	N	N	0.0000	0.0000	0.0000	0.0000	0.0000	0.0000	0.0000	0.0000	0.0000	0.0000	0.0000	0.0000	0.0000	0.0000	0.0000	0.0000	0.0000	0.0000	0.0231	0.0395	0.0000	0.2270	0.2467	0.0005	0.0000	0.0000	0.0000		0.0002	0.0000	-0.0015	1.0004	7.9989	4.0090	11.5475	0.0000	0.0000	0.0000	0.0000	0.0000	0.0000	0.0000	0.0000	0.0000	0.0031	0.0031	0.0000	0.0031	0.0031	0.0000	0.0000	0.0000	0.0000	0.0555	0.0483	0.0072	0.0022	0.0020	0.0001	0.0533	0.0463	0.0071	0.1356	0.0792	0.0564	0.0138	0.0127	0.0011	0.1218	0.0665	0.0553
33	72	0.0272	7	2	0	1	1	0	0	1	1	0	0	1	1	0	0	0	0	0	0	Y	N	N	N	N	N	N	N	N	N	N	N	N	N	N	N	N	N	0.0019	inf	0.0000	inf	inf	0.0000	0.0000	0.0000	0.0000	0.0000	0.0000	0.0000	0.0000	0.0000	0.0000	0.0000	0.0000	0.0000	0.0000	0.0000	0.0001	0.0000	0.0000	0.0000	0.0000	0.0000	0.0001	0.0000	inf	-0.0000	0.0000	1.0004	3.9977	4.0090	10.1847	0.0000	0.0000	0.0000	0.0000	0.0000	0.0000	0.0000	0.0000	0.0000	0.0000	0.0000	0.0000	0.0000	0.0000	0.0000	0.0000	0.0000	0.0000	0.0282	0.0245	0.0037	0.0006	0.0006	0.0000	0.0276	0.0239	0.0037	0.0926	0.0499	0.0427	0.0024	0.0023	0.0001	0.0902	0.0476	0.0427
33	77	0.0985	15	1	0	1	1	0	0	0	1	0	0	2	1	0	0	0	0	0	0	N	N	N	N	Y	N	N	N	N	N	N	N	N	N	N	N	N	N	0.0000	0.0000	0.0000	0.0000	0.0000	0.0000	0.0000	0.0000	0.0000	0.0000	0.0000	0.0000	0.0000	0.0000	0.0000	0.0000	0.0000	0.0000	0.0000	0.0000	0.0000	0.0000	0.0000	0.0000	0.0000	0.0000	0.0000			0.0000	0.0000	1.0004	0.0000	4.0090	0.0000	0.0000	0.0000	0.0000	0.0000	0.0000	0.0000	0.0000	0.0000	0.0000	0.0000	0.0000	0.0000	0.0000	0.0000	0.0000	0.0000	0.0000	0.0000	0.0000	0.0000	0.0000	0.0000	0.0000	0.0000	0.0000	0.0000	0.0000	0.0000	0.0000	0.0000	0.0000	0.0000	0.0000	0.0000	0.0000	0.0000
33	78	0.0879	14	1	0	1	1	0	0	0	1	0	0	2	1	0	0	0	0	0	0	N	N	N	N	Y	N	N	N	N	N	N	N	N	N	N	N	N	N	0.0000	0.0000	0.0000	0.0000	0.0000	0.0000	0.0000	0.0000	0.0000	0.0000	0.0000	0.0000	0.0000	0.0000	0.0000	0.0000	0.0000	0.0000	0.0747	0.1328	0.0000	0.0082	0.0098	0.0000	0.0833	0.1583	0.0000		0.0000	0.0000	-0.0012	1.0004	0.9998	4.0090	4.0242	0.0000	0.0000	0.0000	0.0000	0.0000	0.0000	0.0000	0.0000	0.0000	0.0024	0.0024	0.0000	0.0000	0.0000	0.0000	0.0023	0.0023	0.0000	0.0072	0.0063	0.0009	0.0004	0.0004	0.0000	0.0068	0.0059	0.0009	0.0318	0.0179	0.0139	0.0036	0.0031	0.0006	0.0282	0.0148	0.0134
33	79	0.0795	13	1	0	1	1	0	0	1	1	1	0	2	1	0	0	0	0	0	0	N	N	N	N	Y	N	N	N	N	N	N	N	N	N	N	N	N	N	0.0000	0.0000	0.0000	0.0000	0.0000	0.0000	0.0000	0.0000	0.0000	0.0000	0.0000	0.0000	0.0000	0.0000	0.0000	0.0000	0.0000	0.0000	35.2069	60.7022	0.0009	0.0739	0.0826	0.0005	39.9343	74.2561	0.0009		0.0000	0.0000	-0.4853	1.0004	2.0024	4.0090	2.0159	0.0000	0.0000	0.0000	0.0000	0.0000	0.0000	0.0000	0.0000	0.0000	0.9798	0.9798	0.0000	0.0002	0.0002	0.0000	0.9796	0.9796	0.0000	0.0144	0.0126	0.0019	0.0008	0.0007	0.0000	0.0136	0.0118	0.0018	0.0278	0.0161	0.0117	0.0033	0.0029	0.0004	0.0245	0.0132	0.0113
33	81	0.0991	15	1	0	0	1	0	0	0	1	0	1	1	2	0	0	0	0	0	0	N	N	N	N	N	Y	N	N	N	N	N	N	N	N	N	N	N	N	0.0000	0.0000	0.0000	0.0000	0.0000	0.0000	0.0000	0.0000	0.0000	0.0000	0.0000	0.0000	0.0000	0.0000	0.0000	0.0000	0.0000	0.0000	0.0000	0.0000	0.0000	0.0000	0.0000	0.0000	0.0000	0.0000	0.0000			0.0000	0.0000	1.0004	0.0000	4.0090	2.0000	0.0000	0.0000	0.0000	0.0000	0.0000	0.0000	0.0000	0.0000	0.0000	0.0000	0.0000	0.0000	0.0000	0.0000	0.0000	0.0000	0.0000	0.0000	0.0000	0.0000	0.0000	0.0000	0.0000	0.0000	0.0000	0.0000	0.0000	0.0126	0.0072	0.0055	0.0014	0.0012	0.0002	0.0112	0.0060	0.0052
33	82	0.1012	18	1	0	0	1	0	0	0	1	0	0	1	2	0	0	0	0	0	0	N	N	N	N	N	Y	N	N	N	N	N	N	N	N	N	N	N	N	inf	inf	0.0000	inf	inf	0.0000	0.0000	0.0000	0.0000	0.0000	0.0000	0.0000	0.0000	0.0000	0.0000	0.0000	0.0000	0.0000	0.0000	0.0000	0.0000	0.0000	0.0000	0.0000	0.0000	0.0000	0.0000	0.0000		-0.0000	0.0000	1.0004	1.0008	4.0090	3.0055	0.0000	0.0000	0.0000	0.0000	0.0000	0.0000	0.0000	0.0000	0.0000	0.0000	0.0000	0.0000	0.0000	0.0000	0.0000	0.0000	0.0000	0.0000	0.0072	0.0063	0.0009	0.0004	0.0004	0.0000	0.0068	0.0059	0.0009	0.0253	0.0144	0.0109	0.0029	0.0024	0.0004	0.0224	0.0120	0.0105
33	83	0.0991	17	1	0	0	1	0	0	0	1	0	1	1	2	0	0	0	0	0	0	N	N	N	N	N	Y	N	N	N	N	N	N	N	N	N	N	N	N	inf	0.0000	inf	0.0000	0.0000	0.0000	inf	0.0000	inf	0.0026	0.0000	0.0198	0.0000	0.0000	0.0000	0.0027	0.0000	0.0204	0.0000	0.0000	0.0000	0.0000	0.0000	0.0000	0.0000	0.0000	0.0000	inf		0.0000	0.0000	1.0004	0.0009	4.0090	1.0031	0.0000	0.0000	0.0000	0.0000	0.0000	0.0000	0.0000	0.0000	0.0000	0.0000	0.0000	0.0000	0.0000	0.0000	0.0000	0.0000	0.0000	0.0000	0.0000	0.0000	0.0000	0.0000	0.0000	0.0000	0.0000	0.0000	0.0000	0.0064	0.0036	0.0028	0.0007	0.0006	0.0001	0.0057	0.0030	0.0026
33	85	0.0991	16	1	0	0	1	0	0	0	1	0	1	1	2	0	0	0	0	0	0	N	N	N	N	N	Y	N	N	N	N	N	N	N	N	N	N	N	N	0.0000	0.0000	0.0000	0.0000	0.0000	0.0000	0.0000	0.0000	0.0000	0.0000	0.0000	0.0000	0.0000	0.0000	0.0000	0.0000	0.0000	0.0000	0.0000	0.0000	0.0000	0.0000	0.0000	0.0000	0.0000	0.0000	0.0000			0.0000	0.0000	1.0004	0.0000	4.0090	0.0000	0.0000	0.0000	0.0000	0.0000	0.0000	0.0000	0.0000	0.0000	0.0000	0.0000	0.0000	0.0000	0.0000	0.0000	0.0000	0.0000	0.0000	0.0000	0.0000	0.0000	0.0000	0.0000	0.0000	0.0000	0.0000	0.0000	0.0000	0.0000	0.0000	0.0000	0.0000	0.0000	0.0000	0.0000	0.0000	0.0000
33	90	0.0482	10	2	0	1	1	1	0	1	1	1	0	2	1	0	0	0	0	0	0	Y	N	N	N	Y	N	N	N	N	N	N	N	N	N	N	N	N	N	3.8967	0.0000	2793.2987	0.0000	0.0000	0.0000	810.4782	0.0000	2797.1222	0.0004	0.0000	0.0032	0.0000	0.0000	0.0000	0.0004	0.0000	0.0032	0.0001	0.0002	0.0000	0.0008	0.0009	0.0000	0.0000	0.0000	0.0000	inf	0.0043	0.0000	-0.0000	1.0004	6.9987	4.0090	5.3508	0.0000	0.0000	0.0000	0.0000	0.0000	0.0000	0.0000	0.0000	0.0000	0.0000	0.0000	0.0000	0.0000	0.0000	0.0000	0.0000	0.0000	0.0000	0.0487	0.0424	0.0063	0.0019	0.0018	0.0001	0.0468	0.0406	0.0062	0.0948	0.0570	0.0378	0.0122	0.0115	0.0007	0.0826	0.0455	0.0371
33	91	0.0548	12	2	0	1	1	1	0	1	1	0	0	1	1	0	0	0	0	0	0	Y	N	N	N	N	N	N	N	N	N	N	N	N	N	N	N	N	N	0.0000	0.0000	0.0000	0.0000	0.0000	0.0000	0.0000	0.0000	0.0000	0.0000	0.0000	0.0000	0.0000	0.0000	0.0000	0.0000	0.0000	0.0000	0.0671	0.0008	0.1546	0.0083	0.0054	0.0316	0.0729	0.0000	0.1575		153.8274	0.0000	0.0031	1.0004	1.0039	4.0090	13.1994	0.0000	0.0000	0.0000	0.0000	0.0000	0.0000	0.0000	0.0000	0.0000	0.0063	0.0000	0.0063	0.0001	0.0000	0.0000	0.0062	0.0000	0.0062	0.0072	0.0063	0.0009	0.0003	0.0003	0.0000	0.0069	0.0060	0.0009	0.0942	0.0536	0.0406	0.0086	0.0076	0.0010	0.0857	0.0460	0.0397
34	35	0.0467	7	2	0	1	1	0	0	0	1	0	0	2	2	0	0	0	0	0	0	Y	N	N	N	Y	Y	N	N	N	N	N	N	N	N	N	N	N	N	1066.7107	0.0000	1265002.5066	0.0272	0.0000	42180.6368	2387320.9562	0.0000	1331334.7234	1.1487	0.0000	2.5026	0.0011	0.0000	0.9535	2.2195	0.0000	2.5044	0.0011	0.0020	0.0000	0.0402	0.0437	0.0000	0.0000	0.0000	0.0000	inf	0.0008	0.0002	-0.0000	0.8079	0.0027	8.0263	3.0058	0.0005	0.0000	0.0005	0.0000	0.0000	0.0000	0.0005	0.0000	0.0005	0.0000	0.0000	0.0000	0.0000	0.0000	0.0000	0.0000	0.0000	0.0000	0.0005	0.0002	0.0002	0.0002	0.0002	0.0000	0.0002	0.0000	0.0002	0.0371	0.0201	0.0170	0.0010	0.0009	0.0001	0.0361	0.0192	0.0169
34	36	0.0467	7	2	0	1	0	0	0	0	0	0	0	2	2	0	0	0	0	0	0	Y	N	N	N	Y	Y	N	N	N	N	N	N	N	N	N	N	N	N	277.7361	0.0000	81838.0574	0.0183	0.0000	51.3511	419122.7271	0.0000	1037551.9830	0.0572	0.0000	0.3650	0.0002	0.0000	0.0449	0.0692	0.0000	0.3662	0.0002	0.0004	0.0000	0.0083	0.0090	0.0009	0.0000	0.0000	0.0000	inf	0.0100	0.0002	-0.0000	0.8079	1.0024	8.0263	3.0051	0.0005	0.0000	0.0005	0.0000	0.0000	0.0000	0.0005	0.0000	0.0005	0.0000	0.0000	0.0000	0.0000	0.0000	0.0000	0.0000	0.0000	0.0000	0.0091	0.0077	0.0014	0.0016	0.0016	0.0000	0.0076	0.0061	0.0014	0.0491	0.0266	0.0225	0.0012	0.0011	0.0001	0.0479	0.0255	0.0224
34	37	0.0383	6	2	0	1	0	0	0	1	0	1	1	2	2	0	0	0	0	0	0	Y	N	N	N	Y	Y	N	N	N	N	N	N	N	N	N	N	N	N	51514.6176	0.0012	3204426012.7399	3.7802	0.0003	inf	971736089.4323	0.0000	3208269584.8309	40.5660	0.0000	351.4072	0.0945	0.0000	43.4014	50.5206	0.0000	352.5579	0.0008	0.0015	0.0000	0.0250	0.0258	0.0000	0.0000	0.0000	0.0000	25622585.7878	0.0001	0.3416	-0.0000	0.8079	1.9948	8.0263	1.9571	0.8043	0.0000	0.8043	0.0004	0.0000	0.0004	0.8039	0.0000	0.8039	0.0000	0.0000	0.0000	0.0000	0.0000	0.0000	0.0000	0.0000	0.0000	0.0198	0.0175	0.0023	0.0039	0.0039	0.0000	0.0159	0.0136	0.0023	0.0501	0.0271	0.0230	0.0016	0.0015	0.0000	0.0485	0.0256	0.0230
34	44	0.0338	6	2	0	1	0	0	0	1	0	0	0	1	2	0	0	0	0	0	0	Y	N	N	N	N	Y	N	N	N	N	N	N	N	N	N	N	N	N	0.0001	0.0001	0.0000	0.0000	0.0000	0.0000	0.0000	0.0000	0.0000	0.0000	0.0000	0.0000	0.0000	0.0000	0.0000	0.0000	0.0000	0.0000	0.0015	0.0028	0.0000	0.0713	0.0777	0.0000	0.0000	0.0000	0.0000	0.0000	0.0000	-0.0000	-0.0001	0.8079	6.0042	8.0263	9.9410	0.0000	0.0000	0.0000	0.0000	0.0000	0.0000	0.0000	0.0000	0.0000	0.0003	0.0003	0.0000	0.0003	0.0003	0.0000	0.0000	0.0000	0.0000	0.0586	0.0520	0.0067	0.0114	0.0113	0.0000	0.0473	0.0406	0.0067	0.1900	0.1032	0.0867	0.0041	0.0037	0.0003	0.1859	0.0995	0.0864
34	49	0.0633	11	2	0	1	0	0	0	0	0	1	0	2	1	0	0	0	0	0	0	Y	N	N	N	Y	N	N	N	N	N	N	N	N	N	N	N	N	N	312.0076	258.3722	0.0000	95.2079	116.4185	0.0000	0.0000	0.0000	0.0000	0.0840	0.0948	0.0000	0.3891	0.3941	0.0000	0.0000	0.0000	0.0000	0.0003	0.0004	0.0001	0.0041	0.0034	0.0295	0.0000	0.0000	0.0000	0.0000	0.3208	-0.0010	-0.0000	0.8079	1.9876	8.0263	9.5024	0.0017	0.0017	0.0000	0.0017	0.0017	0.0000	0.0000	0.0000	0.0000	0.0000	0.0000	0.0000	0.0000	0.0000	0.0000	0.0000	0.0000	0.0000	0.0199	0.0176	0.0023	0.0043	0.0042	0.0001	0.0156	0.0134	0.0022	0.1472	0.0818	0.0654	0.0091	0.0089	0.0002	0.1381	0.0729	0.0652
34	50	0.0619	10	2	0	1	0	0	0	0	0	0	0	1	1	0	0	0	0	0	0	Y	N	N	N	N	N	N	N	N	N	N	N	N	N	N	N	N	N	164.9087	113.7848	507.4294	101.7412	100.9047	6.1462	0.0000	0.0000	0.0000	0.0936	0.0538	0.3610	0.2548	0.1465	0.9820	0.0000	0.0000	0.0000	0.0006	0.0005	0.0007	0.0025	0.0015	0.1598	0.0001	0.0000	0.0002	0.9984	0.9920	-0.0000	0.0000	0.8079	0.0279	8.0263	1.3258	0.0000	0.0000	0.0000	0.0000	0.0000	0.0000	0.0000	0.0000	0.0000	0.0000	0.0000	0.0000	0.0000	0.0000	0.0000	0.0000	0.0000	0.0000	0.0004	0.0004	0.0001	0.0002	0.0001	0.0000	0.0003	0.0002	0.0000	0.0261	0.0157	0.0104	0.0052	0.0051	0.0000	0.0209	0.0106	0.0103
34	51	0.0553	9	2	0	1	0	0	0	1	0	0	0	1	1	0	0	0	0	0	0	Y	N	N	N	N	N	N	N	N	N	N	N	N	N	N	N	N	N	206.9187	126.0213	0.0000	16.9596	15.7688	0.0000	0.0000	0.0000	0.0000	0.1571	0.1772	0.0000	0.7355	0.7415	0.0000	0.0000	0.0000	0.0000	0.0008	0.0014	0.0000	0.0434	0.0470	0.0000	0.0000	0.0000	0.0000	0.0000	0.0027	-0.0000	-0.0000	0.8079	0.0135	8.0263	3.2161	0.0000	0.0000	0.0000	0.0000	0.0000	0.0000	0.0000	0.0000	0.0000	0.0000	0.0000	0.0000	0.0000	0.0000	0.0000	0.0000	0.0000	0.0000	0.0001	0.0001	0.0000	0.0000	0.0000	0.0000	0.0001	0.0001	0.0000	0.0391	0.0211	0.0181	0.0007	0.0006	0.0001	0.0384	0.0204	0.0180
34	52	0.0297	4	2	0	1	0	0	0	1	0	1	0	2	1	0	0	0	0	0	0	Y	N	N	N	Y	N	N	N	N	N	N	N	N	N	N	N	N	N	0.0050	0.0030	0.0000	0.0006	0.0006	0.0000	0.0000	0.0000	0.0000	0.0000	0.0000	0.0000	0.0000	0.0000	0.0000	0.0000	0.0000	0.0000	0.0003	0.0006	0.0000	0.0137	0.0148	0.0000	0.0000	0.0000	0.0000	0.0000	0.0004	-0.0000	-0.0000	0.8079	1.0059	8.0263	8.9560	0.0000	0.0000	0.0000	0.0000	0.0000	0.0000	0.0000	0.0000	0.0000	0.0000	0.0000	0.0000	0.0000	0.0000	0.0000	0.0000	0.0000	0.0000	0.0101	0.0089	0.0012	0.0020	0.0020	0.0000	0.0081	0.0070	0.0012	0.1230	0.0663	0.0566	0.0030	0.0028	0.0002	0.1200	0.0636	0.0564
34	54	0.0595	11	2	0	0	0	1	0	0	0	0	0	1	1	0	0	0	0	0	0	Y	N	N	N	N	N	N	N	N	N	N	N	N	N	N	N	N	N	0.0000	0.0000	0.0000	0.0000	0.0000	0.0000	0.0000	0.0000	0.0000	0.0000	0.0000	0.0000	0.0000	0.0000	0.0000	0.0000	0.0000	0.0000	12.5599	15.4922	9.0700	0.0392	0.0376	0.0589	12.7927	15.9862	9.0981		0.4919	0.0000	-0.4933	0.8079	5.0000	8.0263	15.9866	0.0000	0.0000	0.0000	0.0000	0.0000	0.0000	0.0000	0.0000	0.0000	2.9803	1.9976	0.9827	0.0002	0.0001	0.0000	2.9801	1.9975	0.9826	0.0486	0.0431	0.0055	0.0105	0.0104	0.0001	0.0381	0.0327	0.0054	0.2373	0.1289	0.1083	0.0043	0.0040	0.0003	0.2330	0.1250	0.1080
34	55	0.3787	16	1	0	0	0	0	0	0	0	1	0	2	1	0	0	0	0	0	0	N	N	N	N	Y	N	N	N	N	N	N	N	N	N	N	N	N	N	0.0000	0.0000	0.0000	0.0000	0.0000	0.0000	0.0000	0.0000	0.0000	0.0000	0.0000	0.0000	0.0000	0.0000	0.0000	0.0000	0.0000	0.0000	1.1518	0.5094	2.5620	1.4263	0.8191	4.9793	0.8772	0.0001	1.8268		2.2916	0.0000	0.2661	0.8079	17.6796	8.0263	56.5727	0.0000	0.0000	0.0000	0.0000	0.0000	0.0000	0.0000	0.0000	0.0000	1.3240	0.4022	0.9218	0.8200	0.4022	0.4178	0.5040	0.0000	0.5039	0.2133	0.1905	0.0228	0.0731	0.0703	0.0027	0.1402	0.1202	0.0201	1.1494	0.7897	0.3598	0.5749	0.4910	0.0839	0.5745	0.2987	0.2759
34	57	0.0449	8	2	0	1	0	0	0	1	0	0	0	2	2	0	0	0	0	0	0	Y	N	N	N	Y	Y	N	N	N	N	N	N	N	N	N	N	N	N	0.0000	0.0000	0.0000	0.0000	0.0000	0.0000	0.0000	0.0000	0.0000	0.0000	0.0000	0.0000	0.0000	0.0000	0.0000	0.0000	0.0000	0.0000	13.5241	24.5845	0.0000	276.2174	324.9505	0.0000	0.0011	0.0021	0.0000		0.0000	0.0000	-0.4936	0.8079	1.0000	8.0263	4.9984	0.0000	0.0000	0.0000	0.0000	0.0000	0.0000	0.0000	0.0000	0.0000	0.9967	0.9967	0.0000	0.9966	0.9966	0.0000	0.0001	0.0001	0.0000	0.0100	0.0088	0.0011	0.0019	0.0019	0.0000	0.0080	0.0069	0.0011	0.0737	0.0405	0.0332	0.0036	0.0031	0.0005	0.0701	0.0375	0.0326
34	58	0.0407	7	2	0	0	0	0	0	0	0	0	0	2	2	0	0	0	0	0	0	Y	N	N	N	Y	Y	N	N	N	N	N	N	N	N	N	N	N	N	0.0000	0.0000	0.0000	0.0000	0.0000	0.0000	0.0000	0.0000	0.0000	0.0000	0.0000	0.0000	0.0000	0.0000	0.0000	0.0000	0.0000	0.0000	0.2150	0.3691	0.0193	1.0991	1.2306	0.0587	0.1598	0.2804	0.0187		0.0412	0.0000	-0.0025	0.8079	0.0000	8.0263	2.0010	0.0000	0.0000	0.0000	0.0000	0.0000	0.0000	0.0000	0.0000	0.0000	0.0056	0.0053	0.0002	0.0017	0.0017	0.0000	0.0039	0.0037	0.0002	0.0000	0.0000	0.0000	0.0000	0.0000	0.0000	0.0000	0.0000	0.0000	0.0259	0.0145	0.0114	0.0015	0.0013	0.0002	0.0243	0.0131	0.0112
34	59	0.0338	6	2	0	0	0	0	0	0	0	1	0	2	2	0	0	0	0	0	0	Y	N	N	N	Y	Y	N	N	N	N	N	N	N	N	N	N	N	N	0.0000	0.0000	0.0000	0.0035	0.0053	0.0000	0.0000	0.0000	0.0000	0.0001	0.0001	0.0000	0.0004	0.0004	0.0000	0.0000	0.0000	0.0000	50.1940	46.2681	54.8243	0.1030	0.0673	0.9037	52.2353	49.7064	55.0214	0.0000	1.0046	-0.0000	0.0118	0.8079	0.0042	8.0263	3.0766	0.0000	0.0000	0.0000	0.0000	0.0000	0.0000	0.0000	0.0000	0.0000	1.9936	0.9945	0.9991	0.0002	0.0001	0.0001	1.9935	0.9944	0.9991	0.0001	0.0001	0.0000	0.0000	0.0000	0.0000	0.0000	0.0000	0.0000	0.0397	0.0215	0.0182	0.0016	0.0015	0.0001	0.0382	0.0200	0.0182
34	60	0.0338	5	2	0	0	0	0	0	0	0	0	1	1	2	0	0	0	0	0	0	Y	N	N	N	N	Y	N	N	N	N	N	N	N	N	N	N	N	N	0.0023	0.0010	0.0292	0.0032	0.0032	0.0000	0.0014	0.0000	0.0292	0.0002	0.0002	0.0005	0.0005	0.0005	0.0000	0.0001	0.0000	0.0005	0.0929	0.1613	0.0185	0.1580	0.1586	0.0006	0.0681	0.1643	0.0185	0.5000	0.1053	-0.0000	-0.0001	0.8079	0.0086	8.0263	0.1203	0.0000	0.0000	0.0000	0.0000	0.0000	0.0000	0.0000	0.0000	0.0000	0.0003	0.0003	0.0000	0.0002	0.0002	0.0000	0.0002	0.0001	0.0000	0.0001	0.0001	0.0000	0.0000	0.0000	0.0000	0.0001	0.0001	0.0000	0.0035	0.0018	0.0017	0.0010	0.0009	0.0000	0.0025	0.0009	0.0017
34	64	0.0736	14	2	0	1	0	1	0	1	0	0	0	1	1	0	0	0	0	0	0	Y	N	N	N	N	N	N	N	N	N	N	N	N	N	N	N	N	N	0.0119	0.0073	0.0000	1.7673	1.6305	0.0000	0.0000	0.0000	0.0000	0.0409	0.0460	0.0000	0.1736	0.1753	0.0000	0.0000	0.0000	0.0000	3.4440	6.2708	0.0000	0.0982	0.1075	0.0000	3.6117	6.8021	0.0000	0.0000	0.0000	-0.0010	-0.4943	0.8079	3.9919	8.0263	21.4457	0.0017	0.0017	0.0000	0.0017	0.0017	0.0000	0.0000	0.0000	0.0000	0.9982	0.9982	0.0000	0.0014	0.0014	0.0000	0.9968	0.9968	0.0000	0.0413	0.0367	0.0045	0.0097	0.0096	0.0001	0.0315	0.0271	0.0044	0.2898	0.1592	0.1307	0.0138	0.0126	0.0012	0.2760	0.1465	0.1295
34	65	0.0835	15	1	0	0	0	0	0	0	0	0	1	1	2	0	0	0	0	0	0	N	N	N	N	N	Y	N	N	N	N	N	N	N	N	N	N	N	N	0.0000	0.0000	0.0000	0.0000	0.0000	0.0000	0.0000	0.0000	0.0000	0.0000	0.0000	0.0000	0.0000	0.0000	0.0000	0.0000	0.0000	0.0000	0.0000	0.0001	0.0000	0.0003	0.0003	0.0000	0.0000	0.0000	0.0000		0.0003	0.0000	-0.0000	0.8079	3.0012	8.0263	1.7329	0.0000	0.0000	0.0000	0.0000	0.0000	0.0000	0.0000	0.0000	0.0000	0.0000	0.0000	0.0000	0.0000	0.0000	0.0000	0.0000	0.0000	0.0000	0.0293	0.0260	0.0033	0.0066	0.0065	0.0001	0.0227	0.0195	0.0032	0.0646	0.0381	0.0265	0.0069	0.0066	0.0003	0.0577	0.0315	0.0263
34	71	0.0652	12	2	0	1	0	1	0	1	0	0	0	1	1	0	0	0	0	0	0	Y	N	N	N	N	N	N	N	N	N	N	N	N	N	N	N	N	N	0.0000	0.0000	0.0000	0.0000	0.0000	0.0000	0.0000	0.0000	0.0000	0.0000	0.0000	0.0000	0.0000	0.0000	0.0000	0.0000	0.0000	0.0000	0.0931	0.0001	0.2233	0.0008	0.0008	0.0000	0.1038	0.0000	0.2280		1177.5482	0.0000	0.0119	0.8079	7.9989	8.0263	11.5475	0.0000	0.0000	0.0000	0.0000	0.0000	0.0000	0.0000	0.0000	0.0000	0.0235	0.0000	0.0235	0.0000	0.0000	0.0000	0.0235	0.0000	0.0235	0.0767	0.0681	0.0086	0.0161	0.0160	0.0001	0.0606	0.0521	0.0085	0.2528	0.1474	0.1054	0.0262	0.0240	0.0022	0.2266	0.1235	0.1032
34	72	0.0420	8	2	0	1	0	0	0	1	0	0	0	1	1	0	0	0	0	0	0	Y	N	N	N	N	N	N	N	N	N	N	N	N	N	N	N	N	N	0.0000	0.0000	0.0000	0.0000	0.0000	0.0000	0.0000	0.0000	0.0000	0.0000	0.0000	0.0000	0.0000	0.0000	0.0000	0.0000	0.0000	0.0000	5.7660	0.0001	12.5030	0.0181	0.0021	0.4756	5.9354	0.0000	12.5283		100594.2837	0.0000	0.5041	0.8079	3.9977	8.0263	10.1847	0.0000	0.0000	0.0000	0.0000	0.0000	0.0000	0.0000	0.0000	0.0000	0.9988	0.0000	0.9988	0.0001	0.0000	0.0001	0.9987	0.0000	0.9987	0.0391	0.0347	0.0045	0.0078	0.0078	0.0000	0.0313	0.0269	0.0044	0.1732	0.0933	0.0799	0.0050	0.0048	0.0002	0.1683	0.0885	0.0797
34	77	0.1133	16	1	0	1	0	0	0	0	0	0	0	2	1	0	0	0	0	0	0	N	N	N	N	Y	N	N	N	N	N	N	N	N	N	N	N	N	N	0.0000	0.0000	0.0000	0.0000	0.0000	0.0000	0.0000	0.0000	0.0000	0.0000	0.0000	0.0000	0.0000	0.0000	0.0000	0.0000	0.0000	0.0000	0.0000	0.0000	0.0000	0.0000	0.0000	0.0000	0.0000	0.0000	0.0000			0.0000	0.0000	0.8079	0.0000	8.0263	0.0000	0.0000	0.0000	0.0000	0.0000	0.0000	0.0000	0.0000	0.0000	0.0000	0.0000	0.0000	0.0000	0.0000	0.0000	0.0000	0.0000	0.0000	0.0000	0.0000	0.0000	0.0000	0.0000	0.0000	0.0000	0.0000	0.0000	0.0000	0.0000	0.0000	0.0000	0.0000	0.0000	0.0000	0.0000	0.0000	0.0000
34	78	0.1026	15	1	0	1	0	0	0	0	0	0	0	2	1	0	0	0	0	0	0	N	N	N	N	Y	N	N	N	N	N	N	N	N	N	N	N	N	N	0.0000	0.0000	0.0000	0.0000	0.0000	0.0000	0.0000	0.0000	0.0000	0.0000	0.0000	0.0000	0.0000	0.0000	0.0000	0.0000	0.0000	0.0000	0.0003	0.0006	0.0000	0.0030	0.0035	0.0001	0.0000	0.0000	0.0000		0.0308	0.0000	-0.0000	0.8079	0.9998	8.0263	4.0242	0.0000	0.0000	0.0000	0.0000	0.0000	0.0000	0.0000	0.0000	0.0000	0.0000	0.0000	0.0000	0.0000	0.0000	0.0000	0.0000	0.0000	0.0000	0.0100	0.0089	0.0011	0.0022	0.0022	0.0000	0.0078	0.0067	0.0011	0.0596	0.0336	0.0261	0.0068	0.0057	0.0010	0.0529	0.0278	0.0250
34	79	0.0942	14	1	0	1	0	0	0	1	0	1	0	2	1	0	0	0	0	0	0	N	N	N	N	Y	N	N	N	N	N	N	N	N	N	N	N	N	N	0.0000	0.0000	0.0000	0.0000	0.0000	0.0000	0.0000	0.0000	0.0000	0.0000	0.0000	0.0000	0.0000	0.0000	0.0000	0.0000	0.0000	0.0000	0.0349	0.0000	0.0830	0.0050	0.0001	0.0471	0.0389	0.0000	0.0841		2684.8488	0.0000	0.0009	0.8079	2.0024	8.0263	2.0159	0.0000	0.0000	0.0000	0.0000	0.0000	0.0000	0.0000	0.0000	0.0000	0.0018	0.0000	0.0018	0.0000	0.0000	0.0000	0.0018	0.0000	0.0018	0.0200	0.0177	0.0023	0.0044	0.0044	0.0000	0.0156	0.0134	0.0022	0.0521	0.0302	0.0219	0.0061	0.0055	0.0006	0.0460	0.0247	0.0213
34	81	0.1139	16	1	0	0	0	0	0	0	0	0	1	1	2	0	0	0	0	0	0	N	N	N	N	N	Y	N	N	N	N	N	N	N	N	N	N	N	N	0.0000	0.0000	0.0000	0.0000	0.0000	0.0000	0.0000	0.0000	0.0000	0.0000	0.0000	0.0000	0.0000	0.0000	0.0000	0.0000	0.0000	0.0000	0.0000	0.0000	0.0000	0.0000	0.0000	0.0000	0.0000	0.0000	0.0000			0.0000	0.0000	0.8079	0.0000	8.0263	2.0000	0.0000	0.0000	0.0000	0.0000	0.0000	0.0000	0.0000	0.0000	0.0000	0.0000	0.0000	0.0000	0.0000	0.0000	0.0000	0.0000	0.0000	0.0000	0.0000	0.0000	0.0000	0.0000	0.0000	0.0000	0.0000	0.0000	0.0000	0.0237	0.0134	0.0102	0.0026	0.0022	0.0004	0.0211	0.0112	0.0098
34	82	0.1160	19	1	0	0	0	0	0	0	0	0	0	1	2	0	0	0	0	0	0	N	N	N	N	N	Y	N	N	N	N	N	N	N	N	N	N	N	N	0.0000	0.0000	0.0000	0.0000	0.0000	0.0000	0.0000	0.0000	0.0000	0.0000	0.0000	0.0000	0.0000	0.0000	0.0000	0.0000	0.0000	0.0000	0.0006	0.0011	0.0000	0.0056	0.0066	0.0000	0.0000	0.0000	0.0000		0.0000	0.0000	-0.0000	0.8079	1.0008	8.0263	3.0055	0.0000	0.0000	0.0000	0.0000	0.0000	0.0000	0.0000	0.0000	0.0000	0.0000	0.0000	0.0000	0.0000	0.0000	0.0000	0.0000	0.0000	0.0000	0.0100	0.0089	0.0011	0.0022	0.0022	0.0000	0.0077	0.0066	0.0011	0.0474	0.0270	0.0204	0.0053	0.0045	0.0008	0.0420	0.0224	0.0196
34	83	0.1139	18	1	0	0	0	0	0	0	0	0	1	1	2	0	0	0	0	0	0	N	N	N	N	N	Y	N	N	N	N	N	N	N	N	N	N	N	N	0.0000	0.0000	0.0000	0.0000	0.0000	0.0000	0.0000	0.0000	0.0000	0.0000	0.0000	0.0000	0.0000	0.0000	0.0000	0.0000	0.0000	0.0000	0.0000	0.0000	0.0000	0.0000	0.0000	0.0000	0.0000	0.0000	0.0000		0.0000	0.0000	-0.0000	0.8079	0.0009	8.0263	1.0031	0.0000	0.0000	0.0000	0.0000	0.0000	0.0000	0.0000	0.0000	0.0000	0.0000	0.0000	0.0000	0.0000	0.0000	0.0000	0.0000	0.0000	0.0000	0.0000	0.0000	0.0000	0.0000	0.0000	0.0000	0.0000	0.0000	0.0000	0.0119	0.0068	0.0052	0.0013	0.0011	0.0002	0.0106	0.0057	0.0050
34	85	0.1139	17	1	0	0	0	0	0	0	0	0	1	1	2	0	0	0	0	0	0	N	N	N	N	N	Y	N	N	N	N	N	N	N	N	N	N	N	N	0.0000	0.0000	0.0000	0.0000	0.0000	0.0000	0.0000	0.0000	0.0000	0.0000	0.0000	0.0000	0.0000	0.0000	0.0000	0.0000	0.0000	0.0000	0.0000	0.0000	0.0000	0.0000	0.0000	0.0000	0.0000	0.0000	0.0000			0.0000	0.0000	0.8079	0.0000	8.0263	0.0000	0.0000	0.0000	0.0000	0.0000	0.0000	0.0000	0.0000	0.0000	0.0000	0.0000	0.0000	0.0000	0.0000	0.0000	0.0000	0.0000	0.0000	0.0000	0.0000	0.0000	0.0000	0.0000	0.0000	0.0000	0.0000	0.0000	0.0000	0.0000	0.0000	0.0000	0.0000	0.0000	0.0000	0.0000	0.0000	0.0000
34	90	0.0629	11	2	0	1	0	1	0	1	0	1	0	2	1	0	0	0	0	0	0	Y	N	N	N	Y	N	N	N	N	N	N	N	N	N	N	N	N	N	431.9754	292.0730	0.0000	267.1163	251.9935	0.0000	0.0000	0.0000	0.0000	0.0251	0.0282	0.0000	0.1190	0.1200	0.0000	0.0000	0.0000	0.0000	0.0001	0.0001	0.0000	0.0004	0.0005	0.0000	0.0000	0.0000	0.0000	0.0000	0.0000	-0.0010	-0.0000	0.8079	6.9987	8.0263	5.3508	0.0017	0.0017	0.0000	0.0017	0.0017	0.0000	0.0000	0.0000	0.0000	0.0000	0.0000	0.0000	0.0000	0.0000	0.0000	0.0000	0.0000	0.0000	0.0674	0.0598	0.0076	0.0142	0.0141	0.0001	0.0532	0.0457	0.0075	0.1764	0.1058	0.0706	0.0230	0.0215	0.0015	0.1534	0.0843	0.0691
34	91	0.0696	13	2	0	1	0	1	0	1	0	0	0	1	1	0	0	0	0	0	0	Y	N	N	N	N	N	N	N	N	N	N	N	N	N	N	N	N	N	0.0000	0.0000	0.0000	0.0000	0.0000	0.0000	0.0000	0.0000	0.0000	0.0000	0.0000	0.0000	0.0000	0.0000	0.0000	0.0000	0.0000	0.0000	0.0123	0.0209	0.0011	0.1334	0.1523	0.0000	0.0005	0.0000	0.0011		0.0387	0.0000	-0.0010	0.8079	1.0039	8.0263	13.1994	0.0000	0.0000	0.0000	0.0000	0.0000	0.0000	0.0000	0.0000	0.0000	0.0021	0.0021	0.0001	0.0021	0.0021	0.0000	0.0001	0.0000	0.0001	0.0100	0.0089	0.0011	0.0021	0.0021	0.0000	0.0079	0.0068	0.0011	0.1751	0.0992	0.0760	0.0155	0.0136	0.0019	0.1596	0.0856	0.0740
35	45	0.0330	7	2	0	1	1	0	0	0	1	0	0	2	2	0	0	0	0	0	0	Y	N	N	N	Y	Y	N	N	N	N	N	N	N	N	N	N	N	N	0.0000	0.0000	0.0000	0.0000	0.0000	0.0000	0.0000	0.0000	0.0000	0.0000	0.0000	0.0000	0.0000	0.0000	0.0000	0.0000	0.0000	0.0000	0.0000	0.0000	0.0000	0.0001	0.0001	0.0000	0.0000	0.0000	0.0000		0.0000	0.0000	-0.0000	0.0027	1.9986	3.0058	3.0240	0.0000	0.0000	0.0000	0.0000	0.0000	0.0000	0.0000	0.0000	0.0000	0.0000	0.0000	0.0000	0.0000	0.0000	0.0000	0.0000	0.0000	0.0000	0.0005	0.0003	0.0002	0.0002	0.0002	0.0000	0.0003	0.0001	0.0002	0.0215	0.0117	0.0098	0.0006	0.0006	0.0000	0.0209	0.0111	0.0098
35	46	0.0280	6	2	0	1	1	0	0	0	1	0	0	2	2	0	0	0	0	0	0	Y	N	N	N	Y	Y	N	N	N	N	N	N	N	N	N	N	N	N	426.1433	0.6054	1451152.1442	0.2439	0.2263	0.0000	648.4384	0.8138	1448704.4169	1.8929	0.0049	14.1495	0.0022	0.0022	0.0000	2.7944	0.0066	14.1915	0.0044	0.0082	0.0000	0.0089	0.0096	0.0000	0.0043	0.0081	0.0000	441.0660	0.0010	0.0001	-0.0000	0.0027	1.1966	3.0058	1.0046	0.0001	0.0000	0.0001	0.0000	0.0000	0.0000	0.0001	0.0000	0.0001	0.0000	0.0000	0.0000	0.0000	0.0000	0.0000	0.0000	0.0000	0.0000	0.0001	0.0001	0.0000	0.0000	0.0000	0.0000	0.0000	0.0000	0.0000	0.0095	0.0052	0.0044	0.0003	0.0003	0.0000	0.0093	0.0049	0.0043
35	47	0.0260	5	2	0	1	1	0	0	0	1	1	1	2	2	0	0	0	0	0	0	Y	N	N	N	Y	Y	N	N	N	N	N	N	N	N	N	N	N	N	5.5871	0.0673	603.7055	0.0170	0.0169	0.0000	1111.6100	0.0000	602.5872	0.2524	0.0056	0.5035	0.0057	0.0057	0.0000	0.4973	0.0000	0.5035	0.0452	0.0837	0.0008	0.3360	0.3382	0.0000	0.0004	0.0000	0.0008	87.8687	0.0087	0.0000	-0.0001	0.0027	0.0039	3.0058	1.0628	0.0000	0.0000	0.0000	0.0000	0.0000	0.0000	0.0000	0.0000	0.0000	0.0003	0.0003	0.0000	0.0003	0.0003	0.0000	0.0000	0.0000	0.0000	0.0000	0.0000	0.0000	0.0000	0.0000	0.0000	0.0000	0.0000	0.0000	0.0059	0.0031	0.0027	0.0008	0.0008	0.0000	0.0051	0.0024	0.0027
35	48	0.0238	4	2	0	1	1	0	0	0	1	0	0	1	1	0	0	0	0	0	0	Y	N	N	N	N	N	N	N	N	N	N	N	N	N	N	N	N	N	4.5473	3.0658	5.9267	0.7594	0.7543	0.0000	10.7900	0.0000	5.9158	0.3694	0.2397	0.5017	0.2430	0.2430	0.0000	0.4947	0.0000	0.5017	0.0812	0.0782	0.0846	0.3200	0.3222	0.0000	0.0458	0.0000	0.0848	2.0519	0.9669	0.0000	-0.0000	0.0027	0.0093	3.0058	1.1245	0.0000	0.0000	0.0000	0.0000	0.0000	0.0000	0.0000	0.0000	0.0000	0.0005	0.0003	0.0002	0.0003	0.0003	0.0000	0.0002	0.0000	0.0002	0.0000	0.0000	0.0000	0.0000	0.0000	0.0000	0.0000	0.0000	0.0000	0.0062	0.0033	0.0029	0.0008	0.0008	0.0000	0.0054	0.0025	0.0029
35	53	0.0197	3	2	0	1	1	0	0	0	1	0	0	1	1	0	0	0	0	0	0	Y	N	N	N	N	N	N	N	N	N	N	N	N	N	N	N	N	N	357.7106	0.0135	1305.9057	0.0035	0.0035	0.0000	1114.3028	0.0000	1304.3438	18.2666	0.0007	70.7913	0.0012	0.0012	0.0000	30.7350	0.0000	70.8554	0.0511	0.0483	0.0542	0.3390	0.3435	0.0000	0.0276	0.0000	0.0543	37871.3229	0.9976	0.0008	0.0000	0.0027	0.9898	3.0058	1.1155	0.0019	0.0000	0.0019	0.0000	0.0000	0.0000	0.0019	0.0000	0.0019	0.0005	0.0003	0.0003	0.0003	0.0003	0.0000	0.0003	0.0000	0.0003	0.0001	0.0001	0.0000	0.0000	0.0000	0.0000	0.0001	0.0000	0.0000	0.0100	0.0053	0.0047	0.0008	0.0007	0.0000	0.0092	0.0045	0.0047
35	54	0.0365	7	2	0	1	1	1	0	0	1	0	0	1	1	0	0	0	0	0	0	Y	N	N	N	N	N	N	N	N	N	N	N	N	N	N	N	N	N	0.0000	0.0000	0.0000	0.0000	0.0000	0.0000	0.0000	0.0000	0.0000	0.0000	0.0000	0.0000	0.0000	0.0000	0.0000	0.0000	0.0000	0.0000	0.0000	0.0000	0.0000	0.0000	0.0000	0.0000	0.0000	0.0000	0.0000		0.0000	0.0000	-0.0000	0.0027	5.0000	3.0058	15.9866	0.0000	0.0000	0.0000	0.0000	0.0000	0.0000	0.0000	0.0000	0.0000	0.0000	0.0000	0.0000	0.0000	0.0000	0.0000	0.0000	0.0000	0.0000	0.0003	0.0003	0.0000	0.0001	0.0001	0.0000	0.0002	0.0002	0.0000	0.0798	0.0432	0.0366	0.0019	0.0018	0.0001	0.0779	0.0414	0.0365
35	55	0.3557	12	1	0	1	1	0	0	0	1	1	0	2	1	0	0	0	0	0	0	N	N	N	N	Y	N	N	N	N	N	N	N	N	N	N	N	N	N	0.0000	0.0000	0.0000	0.0000	0.0000	0.0000	0.0000	0.0000	0.0000	0.0000	0.0000	0.0000	0.0000	0.0000	0.0000	0.0000	0.0000	0.0000	0.1407	0.2015	0.0103	0.2761	0.3238	0.0000	0.0066	0.0003	0.0133		0.0237	0.0000	-0.0250	0.0027	17.6796	3.0058	56.5727	0.0000	0.0000	0.0000	0.0000	0.0000	0.0000	0.0000	0.0000	0.0000	0.0530	0.0517	0.0012	0.0517	0.0517	0.0000	0.0013	0.0000	0.0012	0.0007	0.0007	0.0001	0.0003	0.0003	0.0000	0.0005	0.0004	0.0001	0.3764	0.2568	0.1196	0.1873	0.1597	0.0276	0.1891	0.0971	0.0920
35	58	0.0265	5	2	0	1	1	0	0	0	1	0	0	2	2	0	0	0	0	0	0	Y	N	N	N	Y	Y	N	N	N	N	N	N	N	N	N	N	N	N	0.0000	0.0000	0.0000	0.0000	0.0000	0.0000	0.0000	0.0000	0.0000	0.0000	0.0000	0.0000	0.0000	0.0000	0.0000	0.0000	0.0000	0.0000	0.0000	0.0000	0.0000	0.0005	0.0005	0.0000	0.0000	0.0000	0.0000		0.0009	0.0000	-0.0000	0.0027	0.0000	3.0058	2.0010	0.0000	0.0000	0.0000	0.0000	0.0000	0.0000	0.0000	0.0000	0.0000	0.0000	0.0000	0.0000	0.0000	0.0000	0.0000	0.0000	0.0000	0.0000	0.0000	0.0000	0.0000	0.0000	0.0000	0.0000	0.0000	0.0000	0.0000	0.0086	0.0048	0.0039	0.0005	0.0004	0.0000	0.0082	0.0043	0.0038
35	59	0.0197	4	2	0	1	1	0	0	0	1	1	0	2	2	0	0	0	0	0	0	Y	N	N	N	Y	Y	N	N	N	N	N	N	N	N	N	N	N	N	13.7598	14.5010	0.0000	1.5946	1.5662	0.0000	0.0000	0.0000	0.0000	0.2485	0.4927	0.0000	0.4982	0.4982	0.0000	0.0000	0.0000	0.0000	0.0181	0.0340	0.0000	0.3124	0.3181	0.0000	0.0000	0.0000	0.0000	0.0000	0.0011	-0.0000	-0.0001	0.0027	0.0042	3.0058	3.0766	0.0000	0.0000	0.0000	0.0000	0.0000	0.0000	0.0000	0.0000	0.0000	0.0003	0.0003	0.0000	0.0003	0.0003	0.0000	0.0000	0.0000	0.0000	0.0000	0.0000	0.0000	0.0000	0.0000	0.0000	0.0000	0.0000	0.0000	0.0140	0.0074	0.0065	0.0008	0.0008	0.0000	0.0132	0.0066	0.0065
35	60	0.0197	3	2	0	1	1	0	0	0	1	0	1	1	2	0	0	0	0	0	0	Y	N	N	N	N	Y	N	N	N	N	N	N	N	N	N	N	N	N	1.8402	1.8907	1.7899	1.3443	1.3430	0.0000	2.3090	0.0000	1.7887	0.4804	0.4834	0.4773	0.4930	0.4930	0.0000	0.4679	0.0000	0.4773	0.2611	0.2557	0.2667	0.3667	0.3671	0.0000	0.2026	0.0000	0.2668	0.9586	1.0000	-0.0000	0.0000	0.0027	0.0086	3.0058	0.1203	0.0000	0.0000	0.0000	0.0000	0.0000	0.0000	0.0000	0.0000	0.0000	0.0005	0.0002	0.0002	0.0002	0.0002	0.0000	0.0002	0.0000	0.0002	0.0000	0.0000	0.0000	0.0000	0.0000	0.0000	0.0000	0.0000	0.0000	0.0018	0.0009	0.0009	0.0006	0.0006	0.0000	0.0012	0.0003	0.0009
35	61	0.0153	2	2	0	1	1	0	0	0	1	0	0	1	1	0	0	0	0	0	0	Y	N	N	N	N	N	N	N	N	N	N	N	N	N	N	N	N	N	2.0751	1.4548	4.3497	0.4160	0.4107	0.0000	3.0149	0.0000	4.3441	0.0976	0.0647	0.2171	0.1310	0.1310	0.0000	0.0765	0.0000	0.2172	0.0470	0.0445	0.0499	0.3148	0.3190	0.0000	0.0254	0.0000	0.0500	0.9234	0.9962	-0.0000	0.0000	0.0027	2.0089	3.0058	0.1204	0.0000	0.0000	0.0000	0.0000	0.0000	0.0000	0.0000	0.0000	0.0000	0.0005	0.0002	0.0002	0.0002	0.0002	0.0000	0.0002	0.0000	0.0002	0.0002	0.0001	0.0000	0.0001	0.0001	0.0000	0.0001	0.0001	0.0000	0.0101	0.0053	0.0047	0.0008	0.0007	0.0000	0.0093	0.0046	0.0047
35	65	0.0605	11	1	0	1	1	0	0	0	1	0	1	1	2	0	0	0	0	0	0	N	N	N	N	N	Y	N	N	N	N	N	N	N	N	N	N	N	N	0.0000	0.0000	0.0000	0.0000	0.0000	0.0000	0.0000	0.0000	0.0000	0.0000	0.0000	0.0000	0.0000	0.0000	0.0000	0.0000	0.0000	0.0000	0.0005	0.0008	0.0000	0.0043	0.0044	0.0000	0.0000	0.0000	0.0000		0.0000	0.0000	-0.0000	0.0027	3.0012	3.0058	1.7329	0.0000	0.0000	0.0000	0.0000	0.0000	0.0000	0.0000	0.0000	0.0000	0.0000	0.0000	0.0000	0.0000	0.0000	0.0000	0.0000	0.0000	0.0000	0.0002	0.0002	0.0000	0.0001	0.0001	0.0000	0.0001	0.0001	0.0000	0.0216	0.0127	0.0090	0.0023	0.0023	0.0001	0.0193	0.0104	0.0089
35	81	0.0909	12	1	0	1	1	0	0	0	1	0	1	1	2	0	0	0	0	0	0	N	N	N	N	N	Y	N	N	N	N	N	N	N	N	N	N	N	N	0.0000	0.0000	0.0000	0.0000	0.0000	0.0000	0.0000	0.0000	0.0000	0.0000	0.0000	0.0000	0.0000	0.0000	0.0000	0.0000	0.0000	0.0000	0.0000	0.0000	0.0000	0.0000	0.0000	0.0000	0.0000	0.0000	0.0000			0.0000	0.0000	0.0027	0.0000	3.0058	2.0000	0.0000	0.0000	0.0000	0.0000	0.0000	0.0000	0.0000	0.0000	0.0000	0.0000	0.0000	0.0000	0.0000	0.0000	0.0000	0.0000	0.0000	0.0000	0.0000	0.0000	0.0000	0.0000	0.0000	0.0000	0.0000	0.0000	0.0000	0.0080	0.0045	0.0035	0.0008	0.0007	0.0001	0.0072	0.0038	0.0034
35	82	0.0930	15	1	0	1	1	0	0	0	1	0	0	1	2	0	0	0	0	0	0	N	N	N	N	N	Y	N	N	N	N	N	N	N	N	N	N	N	N	inf	inf	0.0000	inf	inf	0.0000	0.0000	0.0000	0.0000	0.0209	0.0253	0.0000	0.0543	0.0545	0.0000	0.0000	0.0000	0.0000	0.0000	0.0000	0.0000	0.0000	0.0000	0.0000	0.0000	0.0000	0.0000	0.0000		-0.0000	0.0000	0.0027	1.0008	3.0058	3.0055	0.0000	0.0000	0.0000	0.0000	0.0000	0.0000	0.0000	0.0000	0.0000	0.0000	0.0000	0.0000	0.0000	0.0000	0.0000	0.0000	0.0000	0.0000	0.0001	0.0001	0.0000	0.0000	0.0000	0.0000	0.0000	0.0000	0.0000	0.0160	0.0090	0.0070	0.0017	0.0015	0.0003	0.0143	0.0076	0.0067
35	83	0.0909	14	1	0	1	1	0	0	0	1	0	1	1	2	0	0	0	0	0	0	N	N	N	N	N	Y	N	N	N	N	N	N	N	N	N	N	N	N	inf	0.0000	inf	0.0000	0.0000	0.0000	inf	0.0000	inf	24.6552	0.0000	170.6396	0.0000	0.0000	0.0000	39.3994	0.0000	171.8969	0.0000	0.0000	0.0000	0.0000	0.0000	0.0000	0.0000	0.0000	0.0000	inf		0.0000	0.0000	0.0027	0.0009	3.0058	1.0031	0.0000	0.0000	0.0000	0.0000	0.0000	0.0000	0.0000	0.0000	0.0000	0.0000	0.0000	0.0000	0.0000	0.0000	0.0000	0.0000	0.0000	0.0000	0.0000	0.0000	0.0000	0.0000	0.0000	0.0000	0.0000	0.0000	0.0000	0.0040	0.0023	0.0018	0.0004	0.0004	0.0001	0.0036	0.0019	0.0017
35	85	0.0909	13	1	0	1	1	0	0	0	1	0	1	1	2	0	0	0	0	0	0	N	N	N	N	N	Y	N	N	N	N	N	N	N	N	N	N	N	N	0.0000	0.0000	0.0000	0.0000	0.0000	0.0000	0.0000	0.0000	0.0000	0.0000	0.0000	0.0000	0.0000	0.0000	0.0000	0.0000	0.0000	0.0000	0.0000	0.0000	0.0000	0.0000	0.0000	0.0000	0.0000	0.0000	0.0000			0.0000	0.0000	0.0027	0.0000	3.0058	0.0000	0.0000	0.0000	0.0000	0.0000	0.0000	0.0000	0.0000	0.0000	0.0000	0.0000	0.0000	0.0000	0.0000	0.0000	0.0000	0.0000	0.0000	0.0000	0.0000	0.0000	0.0000	0.0000	0.0000	0.0000	0.0000	0.0000	0.0000	0.0000	0.0000	0.0000	0.0000	0.0000	0.0000	0.0000	0.0000	0.0000
36	45	0.0346	7	2	0	1	0	0	0	0	0	0	0	2	2	0	0	0	0	0	0	Y	N	N	N	Y	Y	N	N	N	N	N	N	N	N	N	N	N	N	0.0000	0.0000	0.0000	0.0000	0.0000	0.0000	0.0000	0.0000	0.0000	0.0000	0.0000	0.0000	0.0000	0.0000	0.0000	0.0000	0.0000	0.0000	0.0000	0.0000	0.0000	0.0001	0.0001	0.0000	0.0000	0.0000	0.0000		0.0000	0.0000	-0.0000	1.0024	1.9986	3.0051	3.0240	0.0000	0.0000	0.0000	0.0000	0.0000	0.0000	0.0000	0.0000	0.0000	0.0000	0.0000	0.0000	0.0000	0.0000	0.0000	0.0000	0.0000	0.0000	0.0182	0.0155	0.0026	0.0017	0.0017	0.0000	0.0165	0.0138	0.0026	0.0285	0.0154	0.0130	0.0008	0.0007	0.0001	0.0277	0.0147	0.0130
36	46	0.0297	6	2	0	1	0	0	0	0	0	0	0	2	2	0	0	0	0	0	0	Y	N	N	N	Y	Y	N	N	N	N	N	N	N	N	N	N	N	N	13.8747	0.0979	59.7444	0.0276	0.0265	0.0000	17.3178	inf	59.9469	0.0138	0.0000	0.1038	0.0002	0.0002	0.0000	0.0141	0.0000	0.1046	0.0010	0.0004	0.0017	0.0074	0.0081	0.0000	0.0008	0.0000	0.0017	441.0660	3.9827	0.0001	0.0000	1.0024	1.1966	3.0051	1.0046	0.0001	0.0000	0.0001	0.0000	0.0000	0.0000	0.0001	0.0000	0.0001	0.0000	0.0000	0.0000	0.0000	0.0000	0.0000	0.0000	0.0000	0.0000	0.0092	0.0080	0.0012	0.0002	0.0002	0.0000	0.0090	0.0078	0.0012	0.0126	0.0069	0.0058	0.0003	0.0003	0.0000	0.0123	0.0065	0.0057
36	47	0.0276	5	2	0	1	0	0	0	0	0	1	1	2	2	0	0	0	0	0	0	Y	N	N	N	Y	Y	N	N	N	N	N	N	N	N	N	N	N	N	2.0319	0.0165	433.7071	0.0085	0.0084	0.0000	302.7738	0.0000	433.5298	0.0723	0.0011	0.2857	0.0026	0.0026	0.0000	0.1047	0.0000	0.2861	0.0356	0.0658	0.0007	0.3034	0.3058	0.0000	0.0003	0.0000	0.0007	87.8687	0.0087	0.0000	-0.0001	1.0024	0.0039	3.0051	1.0628	0.0000	0.0000	0.0000	0.0000	0.0000	0.0000	0.0000	0.0000	0.0000	0.0003	0.0003	0.0000	0.0003	0.0003	0.0000	0.0000	0.0000	0.0000	0.0001	0.0001	0.0000	0.0000	0.0000	0.0000	0.0001	0.0000	0.0000	0.0074	0.0040	0.0035	0.0009	0.0009	0.0000	0.0066	0.0031	0.0034
36	48	0.0254	4	2	0	1	0	0	0	0	0	0	0	1	1	0	0	0	0	0	0	Y	N	N	N	N	N	N	N	N	N	N	N	N	N	N	N	N	N	1.5836	0.7149	4.1657	0.3873	0.3847	0.0000	2.7299	0.0000	4.1650	0.1013	0.0440	0.2780	0.1123	0.1124	0.0000	0.0967	0.0000	0.2785	0.0640	0.0615	0.0667	0.2899	0.2922	0.0000	0.0354	0.0000	0.0669	2.0519	0.9669	0.0000	-0.0000	1.0024	0.0093	3.0051	1.1245	0.0000	0.0000	0.0000	0.0000	0.0000	0.0000	0.0000	0.0000	0.0000	0.0005	0.0003	0.0002	0.0003	0.0003	0.0000	0.0002	0.0000	0.0002	0.0002	0.0001	0.0000	0.0000	0.0000	0.0000	0.0001	0.0001	0.0000	0.0078	0.0041	0.0037	0.0009	0.0009	0.0000	0.0069	0.0033	0.0037
36	53	0.0213	3	2	0	1	0	0	0	0	0	0	0	1	1	0	0	0	0	0	0	Y	N	N	N	N	N	N	N	N	N	N	N	N	N	N	N	N	N	6.2092	0.0002	43.5354	0.0006	0.0006	0.0000	12.0397	0.0000	43.8192	0.2454	0.0000	1.8267	0.0002	0.0002	0.0000	0.2538	0.0000	1.8426	0.0395	0.0374	0.0420	0.3102	0.3152	0.0000	0.0211	0.0000	0.0420	37871.3229	0.9976	0.0008	0.0000	1.0024	0.9898	3.0051	1.1155	0.0019	0.0000	0.0019	0.0000	0.0000	0.0000	0.0019	0.0000	0.0019	0.0005	0.0003	0.0003	0.0003	0.0003	0.0000	0.0003	0.0000	0.0003	0.0076	0.0066	0.0010	0.0003	0.0002	0.0000	0.0074	0.0064	0.0010	0.0129	0.0068	0.0061	0.0008	0.0008	0.0000	0.0121	0.0060	0.0061
36	54	0.0381	7	2	0	1	0	1	0	0	0	0	0	1	1	0	0	0	0	0	0	Y	N	N	N	N	N	N	N	N	N	N	N	N	N	N	N	N	N	0.0000	0.0000	0.0000	0.0000	0.0000	0.0000	0.0000	0.0000	0.0000	0.0000	0.0000	0.0000	0.0000	0.0000	0.0000	0.0000	0.0000	0.0000	0.0000	0.0000	0.0000	0.0000	0.0000	0.0000	0.0000	0.0000	0.0000		0.0000	0.0000	-0.0000	1.0024	5.0000	3.0051	15.9866	0.0000	0.0000	0.0000	0.0000	0.0000	0.0000	0.0000	0.0000	0.0000	0.0000	0.0000	0.0000	0.0000	0.0000	0.0000	0.0000	0.0000	0.0000	0.0372	0.0323	0.0049	0.0021	0.0019	0.0001	0.0351	0.0304	0.0047	0.1055	0.0570	0.0485	0.0023	0.0022	0.0002	0.1032	0.0549	0.0483
36	55	0.3573	12	1	0	1	0	0	0	0	0	1	0	2	1	0	0	0	0	0	0	N	N	N	N	Y	N	N	N	N	N	N	N	N	N	N	N	N	N	0.0000	0.0000	0.0000	0.0000	0.0000	0.0000	0.0000	0.0000	0.0000	0.0000	0.0000	0.0000	0.0000	0.0000	0.0000	0.0000	0.0000	0.0000	1.9562	2.8614	0.0091	0.0509	0.0597	0.0000	3.8379	7.4439	0.0118		0.0015	0.0000	-0.4797	1.0024	17.6796	3.0051	56.5727	0.0000	0.0000	0.0000	0.0000	0.0000	0.0000	0.0000	0.0000	0.0000	0.9714	0.9700	0.0014	0.0126	0.0126	0.0000	0.9588	0.9574	0.0014	0.1653	0.1461	0.0191	0.0442	0.0415	0.0027	0.1211	0.1046	0.0164	0.4966	0.3390	0.1576	0.2467	0.2104	0.0364	0.2498	0.1286	0.1212
36	58	0.0282	5	2	0	1	0	0	0	0	0	0	0	2	2	0	0	0	0	0	0	Y	N	N	N	Y	Y	N	N	N	N	N	N	N	N	N	N	N	N	0.0000	0.0000	0.0000	0.0000	0.0000	0.0000	0.0000	0.0000	0.0000	0.0000	0.0000	0.0000	0.0000	0.0000	0.0000	0.0000	0.0000	0.0000	0.0000	0.0000	0.0000	0.0004	0.0004	0.0000	0.0000	0.0000	0.0000		0.0009	0.0000	-0.0000	1.0024	0.0000	3.0051	2.0010	0.0000	0.0000	0.0000	0.0000	0.0000	0.0000	0.0000	0.0000	0.0000	0.0000	0.0000	0.0000	0.0000	0.0000	0.0000	0.0000	0.0000	0.0000	0.0000	0.0000	0.0000	0.0000	0.0000	0.0000	0.0000	0.0000	0.0000	0.0114	0.0063	0.0051	0.0006	0.0005	0.0001	0.0108	0.0058	0.0051
36	59	0.0213	4	2	0	1	0	0	0	0	0	1	0	2	2	0	0	0	0	0	0	Y	N	N	N	Y	Y	N	N	N	N	N	N	N	N	N	N	N	N	5.8039	4.1977	0.0000	0.8168	0.8000	0.0000	0.0000	0.0000	0.0000	0.0806	0.1097	0.0000	0.2330	0.2332	0.0000	0.0000	0.0000	0.0000	0.0139	0.0261	0.0000	0.2852	0.2915	0.0000	0.0000	0.0000	0.0000	0.0000	0.0011	-0.0000	-0.0001	1.0024	0.0042	3.0051	3.0766	0.0000	0.0000	0.0000	0.0000	0.0000	0.0000	0.0000	0.0000	0.0000	0.0003	0.0003	0.0000	0.0003	0.0003	0.0000	0.0000	0.0000	0.0000	0.0001	0.0001	0.0000	0.0000	0.0000	0.0000	0.0001	0.0000	0.0000	0.0182	0.0096	0.0085	0.0009	0.0009	0.0000	0.0173	0.0088	0.0085
36	60	0.0213	3	2	0	1	0	0	0	0	0	0	1	1	2	0	0	0	0	0	0	Y	N	N	N	N	Y	N	N	N	N	N	N	N	N	N	N	N	N	0.5297	0.3612	1.0831	0.6694	0.6700	0.0000	0.4729	0.0000	1.0849	0.1196	0.0797	0.2505	0.2260	0.2265	0.0000	0.0802	0.0000	0.2511	0.2259	0.2207	0.2313	0.3376	0.3380	0.0000	0.1697	0.0000	0.2315	0.9586	1.0000	-0.0000	0.0000	1.0024	0.0086	3.0051	0.1203	0.0000	0.0000	0.0000	0.0000	0.0000	0.0000	0.0000	0.0000	0.0000	0.0005	0.0002	0.0002	0.0002	0.0002	0.0000	0.0002	0.0000	0.0002	0.0001	0.0001	0.0000	0.0000	0.0000	0.0000	0.0001	0.0001	0.0000	0.0021	0.0011	0.0010	0.0007	0.0007	0.0000	0.0014	0.0004	0.0010
36	61	0.0169	2	2	0	1	0	0	0	0	0	0	0	1	1	0	0	0	0	0	0	Y	N	N	N	N	N	N	N	N	N	N	N	N	N	N	N	N	N	0.0308	0.0196	0.1039	0.0855	0.0870	0.0000	0.0284	0.0000	0.1043	0.0011	0.0007	0.0040	0.0246	0.0255	0.0000	0.0006	0.0000	0.0040	0.0364	0.0344	0.0386	0.2882	0.2929	0.0000	0.0194	0.0000	0.0387	0.9234	0.9962	-0.0000	0.0000	1.0024	2.0089	3.0051	0.1204	0.0000	0.0000	0.0000	0.0000	0.0000	0.0000	0.0000	0.0000	0.0000	0.0005	0.0002	0.0002	0.0002	0.0002	0.0000	0.0002	0.0000	0.0002	0.0153	0.0132	0.0020	0.0004	0.0003	0.0000	0.0149	0.0129	0.0020	0.0130	0.0069	0.0061	0.0008	0.0008	0.0000	0.0122	0.0061	0.0061
36	65	0.0621	11	1	0	1	0	0	0	0	0	0	1	1	2	0	0	0	0	0	0	N	N	N	N	N	Y	N	N	N	N	N	N	N	N	N	N	N	N	0.0000	0.0000	0.0000	0.0000	0.0000	0.0000	0.0000	0.0000	0.0000	0.0000	0.0000	0.0000	0.0000	0.0000	0.0000	0.0000	0.0000	0.0000	0.0000	0.0000	0.0000	0.0000	0.0000	0.0002	0.0000	0.0000	0.0000		1.5519	0.0000	0.0000	1.0024	3.0012	3.0051	1.7329	0.0000	0.0000	0.0000	0.0000	0.0000	0.0000	0.0000	0.0000	0.0000	0.0000	0.0000	0.0000	0.0000	0.0000	0.0000	0.0000	0.0000	0.0000	0.0224	0.0195	0.0029	0.0015	0.0014	0.0001	0.0209	0.0180	0.0028	0.0286	0.0167	0.0119	0.0031	0.0029	0.0001	0.0255	0.0138	0.0117
36	81	0.0925	12	1	0	1	0	0	0	0	0	0	1	1	2	0	0	0	0	0	0	N	N	N	N	N	Y	N	N	N	N	N	N	N	N	N	N	N	N	0.0000	0.0000	0.0000	0.0000	0.0000	0.0000	0.0000	0.0000	0.0000	0.0000	0.0000	0.0000	0.0000	0.0000	0.0000	0.0000	0.0000	0.0000	0.0000	0.0000	0.0000	0.0000	0.0000	0.0000	0.0000	0.0000	0.0000			0.0000	0.0000	1.0024	0.0000	3.0051	2.0000	0.0000	0.0000	0.0000	0.0000	0.0000	0.0000	0.0000	0.0000	0.0000	0.0000	0.0000	0.0000	0.0000	0.0000	0.0000	0.0000	0.0000	0.0000	0.0000	0.0000	0.0000	0.0000	0.0000	0.0000	0.0000	0.0000	0.0000	0.0106	0.0059	0.0047	0.0011	0.0009	0.0002	0.0095	0.0050	0.0045
36	82	0.0946	15	1	0	1	0	0	0	0	0	0	0	1	2	0	0	0	0	0	0	N	N	N	N	N	Y	N	N	N	N	N	N	N	N	N	N	N	N	inf	inf	0.0000	inf	inf	0.0000	0.0000	0.0000	0.0000	0.0002	0.0002	0.0000	0.0030	0.0031	0.0000	0.0000	0.0000	0.0000	0.0000	0.0000	0.0000	0.0000	0.0000	0.0000	0.0000	0.0000	0.0000	0.0000		-0.0000	0.0000	1.0024	1.0008	3.0051	3.0055	0.0000	0.0000	0.0000	0.0000	0.0000	0.0000	0.0000	0.0000	0.0000	0.0000	0.0000	0.0000	0.0000	0.0000	0.0000	0.0000	0.0000	0.0000	0.0076	0.0066	0.0010	0.0005	0.0005	0.0000	0.0071	0.0061	0.0010	0.0212	0.0119	0.0093	0.0023	0.0019	0.0004	0.0189	0.0100	0.0089
36	83	0.0925	14	1	0	1	0	0	0	0	0	0	1	1	2	0	0	0	0	0	0	N	N	N	N	N	Y	N	N	N	N	N	N	N	N	N	N	N	N	inf	0.0000	inf	0.0000	0.0000	0.0000	inf	0.0000	inf	0.2287	0.0000	1.7699	0.0000	0.0000	0.0000	0.2459	0.0000	1.8208	0.0000	0.0000	0.0000	0.0000	0.0000	0.0000	0.0000	0.0000	0.0000	inf		0.0000	0.0000	1.0024	0.0009	3.0051	1.0031	0.0000	0.0000	0.0000	0.0000	0.0000	0.0000	0.0000	0.0000	0.0000	0.0000	0.0000	0.0000	0.0000	0.0000	0.0000	0.0000	0.0000	0.0000	0.0000	0.0000	0.0000	0.0000	0.0000	0.0000	0.0000	0.0000	0.0000	0.0053	0.0030	0.0023	0.0006	0.0005	0.0001	0.0048	0.0025	0.0023
36	85	0.0925	13	1	0	1	0	0	0	0	0	0	1	1	2	0	0	0	0	0	0	N	N	N	N	N	Y	N	N	N	N	N	N	N	N	N	N	N	N	0.0000	0.0000	0.0000	0.0000	0.0000	0.0000	0.0000	0.0000	0.0000	0.0000	0.0000	0.0000	0.0000	0.0000	0.0000	0.0000	0.0000	0.0000	0.0000	0.0000	0.0000	0.0000	0.0000	0.0000	0.0000	0.0000	0.0000			0.0000	0.0000	1.0024	0.0000	3.0051	0.0000	0.0000	0.0000	0.0000	0.0000	0.0000	0.0000	0.0000	0.0000	0.0000	0.0000	0.0000	0.0000	0.0000	0.0000	0.0000	0.0000	0.0000	0.0000	0.0000	0.0000	0.0000	0.0000	0.0000	0.0000	0.0000	0.0000	0.0000	0.0000	0.0000	0.0000	0.0000	0.0000	0.0000	0.0000	0.0000	0.0000
37	45	0.0261	6	2	0	1	0	0	0	1	0	1	1	2	2	0	0	0	0	0	0	Y	N	N	N	Y	Y	N	N	N	N	N	N	N	N	N	N	N	N	0.0530	0.0000	79.5078	0.0000	0.0000	0.0000	25.1825	0.0000	86.3848	0.0000	0.0000	0.0001	0.0000	0.0000	0.0000	0.0000	0.0000	0.0001	0.0003	0.0006	0.0000	0.0092	0.0095	0.0001	0.0000	0.0000	0.0000	inf	0.0025	0.0000	-0.0000	1.9948	1.9986	1.9571	3.0240	0.0000	0.0000	0.0000	0.0000	0.0000	0.0000	0.0000	0.0000	0.0000	0.0000	0.0000	0.0000	0.0000	0.0000	0.0000	0.0000	0.0000	0.0000	0.0378	0.0331	0.0047	0.0041	0.0041	0.0000	0.0337	0.0290	0.0047	0.0291	0.0158	0.0133	0.0010	0.0010	0.0000	0.0281	0.0148	0.0133
37	46	0.0212	5	2	0	1	0	0	0	1	0	1	1	2	2	0	0	0	0	0	0	Y	N	N	N	Y	Y	N	N	N	N	N	N	N	N	N	N	N	N	255.4151	0.3658	50367.6126	0.2072	0.2095	0.0000	14135.8988	1717.3906	50497.6654	10.6440	0.0276	80.3377	0.2336	0.2423	0.0000	10.8220	0.0236	80.7060	0.0417	0.0756	0.0016	1.1277	1.1568	0.0000	0.0008	0.0000	0.0016	442.7110	0.0179	0.0829	-0.0003	1.9948	1.1966	1.9571	1.0046	0.1962	0.0004	0.1957	0.0001	0.0001	0.0000	0.1961	0.0004	0.1957	0.0005	0.0005	0.0000	0.0005	0.0005	0.0000	0.0000	0.0000	0.0000	0.0184	0.0160	0.0024	0.0003	0.0003	0.0000	0.0181	0.0157	0.0024	0.0130	0.0071	0.0060	0.0005	0.0005	0.0000	0.0126	0.0066	0.0060
37	47	0.0191	4	2	0	1	0	0	0	1	0	2	2	2	2	0	0	0	0	0	0	Y	N	N	N	Y	Y	N	N	N	N	N	N	N	N	N	N	N	N	4.6658	0.0629	1021.0266	0.0884	0.0884	0.0000	529.4668	0.0000	1021.6613	13.8888	0.3610	55.3125	0.7391	0.7395	0.0000	21.5510	0.0000	55.3473	2.9767	5.7429	0.0542	8.3621	8.3622	0.0000	0.0407	0.0000	0.0542	50.0375	0.0089	0.0012	-0.0284	1.9948	0.0039	1.9571	1.0628	0.0031	0.0001	0.0030	0.0001	0.0001	0.0000	0.0030	0.0000	0.0030	0.0584	0.0579	0.0005	0.0579	0.0579	0.0000	0.0005	0.0000	0.0005	0.0002	0.0002	0.0001	0.0001	0.0001	0.0000	0.0001	0.0001	0.0001	0.0196	0.0101	0.0095	0.0069	0.0069	0.0000	0.0127	0.0032	0.0095
37	48	0.0169	3	2	0	1	0	0	0	1	0	1	1	1	1	0	0	0	0	0	0	Y	N	N	N	N	N	N	N	N	N	N	N	N	N	N	N	N	N	3.5790	1.5524	9.8697	2.2991	2.3002	0.0000	4.9026	0.0000	9.8768	19.2735	8.3153	53.4497	17.9718	17.9808	0.0000	19.9756	0.0000	53.4884	5.3852	5.3563	5.4156	7.8170	7.8170	0.0000	4.0745	0.0000	5.4156	2.0611	0.9670	0.0009	-0.0004	1.9948	0.0093	1.9571	1.1245	0.0089	0.0029	0.0060	0.0029	0.0029	0.0000	0.0060	0.0000	0.0060	0.1103	0.0561	0.0542	0.0561	0.0561	0.0000	0.0542	0.0000	0.0542	0.0005	0.0003	0.0001	0.0002	0.0002	0.0000	0.0003	0.0002	0.0001	0.0205	0.0105	0.0100	0.0072	0.0072	0.0000	0.0133	0.0033	0.0100
37	53	0.0128	2	2	0	1	0	0	0	1	0	1	1	1	1	0	0	0	0	0	0	Y	N	N	N	N	N	N	N	N	N	N	N	N	N	N	N	N	N	14.2542	0.0006	101.1735	0.0139	0.0142	0.0000	21.1997	0.0000	101.4655	64.0058	0.0026	470.4062	0.1163	0.1186	0.0000	65.2751	0.0000	471.7642	4.4903	4.3405	4.6495	8.3463	8.3463	0.0000	3.0791	0.0000	4.6495	28260.8107	1.0080	0.4175	0.0008	1.9948	0.9898	1.9571	1.1155	0.9832	0.0000	0.9832	0.0000	0.0000	0.0000	0.9832	0.0000	0.9832	0.1119	0.0558	0.0562	0.0558	0.0558	0.0000	0.0562	0.0000	0.0562	0.0154	0.0133	0.0021	0.0003	0.0003	0.0000	0.0151	0.0130	0.0021	0.0249	0.0128	0.0121	0.0067	0.0067	0.0000	0.0183	0.0062	0.0121
37	54	0.0296	6	2	0	1	0	1	0	1	0	1	1	1	1	0	0	0	0	0	0	Y	N	N	N	N	N	N	N	N	N	N	N	N	N	N	N	N	N	0.0000	0.0000	0.0000	0.0000	0.0000	0.0000	0.0000	0.0000	0.0000	0.0000	0.0000	0.0000	0.0000	0.0000	0.0000	0.0000	0.0000	0.0000	0.0001	0.0002	0.0000	0.0034	0.0034	0.0000	0.0000	0.0000	0.0000		0.0000	0.0000	-0.0000	1.9948	5.0000	1.9571	15.9866	0.0000	0.0000	0.0000	0.0000	0.0000	0.0000	0.0000	0.0000	0.0000	0.0000	0.0000	0.0000	0.0000	0.0000	0.0000	0.0000	0.0000	0.0000	0.0744	0.0646	0.0098	0.0028	0.0026	0.0002	0.0716	0.0620	0.0096	0.1097	0.0591	0.0506	0.0029	0.0029	0.0000	0.1067	0.0561	0.0506
37	55	0.3488	11	1	0	1	0	0	0	1	0	2	1	2	1	0	0	0	0	0	0	N	N	N	N	Y	N	N	N	N	N	N	N	N	N	N	N	N	N	0.0000	0.0000	0.0000	0.0000	0.0000	0.0000	0.0000	0.0000	0.0000	0.0000	0.0000	0.0000	0.0000	0.0000	0.0000	0.0000	0.0000	0.0000	0.6351	0.1968	1.5376	0.1355	0.1565	0.0000	1.1265	0.2675	1.9314		3.7951	0.0000	0.1000	1.9948	17.6796	1.9571	56.5727	0.0000	0.0000	0.0000	0.0000	0.0000	0.0000	0.0000	0.0000	0.0000	0.3377	0.0704	0.2673	0.0357	0.0357	0.0000	0.3019	0.0347	0.2673	0.3283	0.2902	0.0381	0.0839	0.0786	0.0052	0.2445	0.2115	0.0329	0.5317	0.3579	0.1738	0.2637	0.2283	0.0354	0.2680	0.1297	0.1384
37	58	0.0197	4	2	0	1	0	0	0	1	0	1	1	2	2	0	0	0	0	0	0	Y	N	N	N	Y	Y	N	N	N	N	N	N	N	N	N	N	N	N	0.0000	0.0000	0.0000	0.0000	0.0000	0.0000	0.0000	0.0000	0.0000	0.0000	0.0000	0.0000	0.0000	0.0000	0.0000	0.0000	0.0000	0.0000	0.0048	0.0087	0.0000	0.0865	0.0929	0.0000	0.0000	0.0000	0.0000		0.0009	0.0000	-0.0000	1.9948	0.0000	1.9571	2.0010	0.0000	0.0000	0.0000	0.0000	0.0000	0.0000	0.0000	0.0000	0.0000	0.0001	0.0001	0.0000	0.0001	0.0001	0.0000	0.0000	0.0000	0.0000	0.0000	0.0000	0.0000	0.0000	0.0000	0.0000	0.0000	0.0000	0.0000	0.0119	0.0065	0.0054	0.0007	0.0006	0.0000	0.0112	0.0059	0.0053
37	59	0.0128	3	2	0	1	0	0	0	1	0	2	1	2	2	0	0	0	0	0	0	Y	N	N	N	Y	Y	N	N	N	N	N	N	N	N	N	N	N	N	7.9239	5.5326	0.0983	4.5219	4.5229	0.0000	0.0668	0.0000	0.0983	14.5240	19.5426	0.0005	37.2118	37.2203	0.0000	0.0002	0.0000	0.0005	1.8329	3.5323	0.0052	8.2293	8.2293	0.0000	0.0032	0.0000	0.0052	0.0000	0.0014	-0.0024	-0.0275	1.9948	0.0042	1.9571	3.0766	0.0042	0.0042	0.0000	0.0042	0.0042	0.0000	0.0000	0.0000	0.0000	0.0556	0.0555	0.0001	0.0555	0.0555	0.0000	0.0001	0.0000	0.0001	0.0003	0.0002	0.0001	0.0001	0.0001	0.0000	0.0002	0.0001	0.0001	0.0303	0.0157	0.0146	0.0067	0.0067	0.0000	0.0236	0.0090	0.0146
37	60	0.0128	2	2	0	1	0	0	0	1	0	1	2	1	2	0	0	0	0	0	0	Y	N	N	N	N	Y	N	N	N	N	N	N	N	N	N	N	N	N	3.0795	2.0626	6.3904	4.6111	4.6131	0.0000	2.3426	0.0000	6.3943	23.3064	15.5550	48.5364	36.8000	36.8164	0.0000	16.8582	0.0000	48.5662	7.5683	7.5415	7.5952	7.9808	7.9808	0.0000	7.1963	0.0000	7.5952	0.9586	1.0000	-0.0007	0.0005	1.9948	0.0086	1.9571	0.1203	0.0085	0.0043	0.0041	0.0043	0.0043	0.0000	0.0041	0.0000	0.0041	0.1045	0.0522	0.0522	0.0522	0.0522	0.0000	0.0522	0.0000	0.0522	0.0004	0.0003	0.0001	0.0001	0.0001	0.0000	0.0002	0.0002	0.0001	0.0138	0.0069	0.0069	0.0065	0.0065	0.0000	0.0073	0.0004	0.0069
37	65	0.0536	10	1	0	1	0	0	0	1	0	1	2	1	2	0	0	0	0	0	0	N	N	N	N	N	Y	N	N	N	N	N	N	N	N	N	N	N	N	0.0000	0.0000	0.0000	0.0000	0.0000	0.0000	0.0000	0.0000	0.0000	0.0000	0.0000	0.0000	0.0000	0.0000	0.0000	0.0000	0.0000	0.0000	0.0007	0.0012	0.0000	0.0063	0.0065	0.0000	0.0000	0.0000	0.0000		0.0000	0.0000	-0.0000	1.9948	3.0012	1.9571	1.7329	0.0000	0.0000	0.0000	0.0000	0.0000	0.0000	0.0000	0.0000	0.0000	0.0000	0.0000	0.0000	0.0000	0.0000	0.0000	0.0000	0.0000	0.0000	0.0448	0.0389	0.0059	0.0022	0.0021	0.0001	0.0425	0.0368	0.0057	0.0295	0.0172	0.0124	0.0032	0.0031	0.0001	0.0264	0.0141	0.0123
37	81	0.0840	11	1	0	1	0	0	0	1	0	1	2	1	2	0	0	0	0	0	0	N	N	N	N	N	Y	N	N	N	N	N	N	N	N	N	N	N	N	0.0000	0.0000	0.0000	0.0000	0.0000	0.0000	0.0000	0.0000	0.0000	0.0000	0.0000	0.0000	0.0000	0.0000	0.0000	0.0000	0.0000	0.0000	0.0000	0.0000	0.0000	0.0000	0.0000	0.0000	0.0000	0.0000	0.0000			0.0000	0.0000	1.9948	0.0000	1.9571	2.0000	0.0000	0.0000	0.0000	0.0000	0.0000	0.0000	0.0000	0.0000	0.0000	0.0000	0.0000	0.0000	0.0000	0.0000	0.0000	0.0000	0.0000	0.0000	0.0000	0.0000	0.0000	0.0000	0.0000	0.0000	0.0000	0.0000	0.0000	0.0108	0.0061	0.0047	0.0013	0.0011	0.0002	0.0095	0.0050	0.0045
37	82	0.0861	14	1	0	1	0	0	0	1	0	1	1	1	2	0	0	0	0	0	0	N	N	N	N	N	Y	N	N	N	N	N	N	N	N	N	N	N	N	inf	inf	inf	inf	inf	0.0000	inf	0.0000	inf	0.0553	0.0636	0.0000	1.0264	1.0846	0.0000	0.0000	0.0000	0.0000	0.0000	0.0000	0.0000	0.0000	0.0000	0.0000	0.0000	0.0000	0.0000	0.0000		-0.0005	0.0000	1.9948	1.0008	1.9571	3.0055	0.0008	0.0008	0.0000	0.0008	0.0008	0.0000	0.0000	0.0000	0.0000	0.0000	0.0000	0.0000	0.0000	0.0000	0.0000	0.0000	0.0000	0.0000	0.0153	0.0133	0.0020	0.0008	0.0008	0.0000	0.0144	0.0125	0.0020	0.0216	0.0122	0.0094	0.0026	0.0022	0.0004	0.0190	0.0100	0.0090
37	83	0.0840	13	1	0	1	0	0	0	1	0	1	2	1	2	0	0	0	0	0	0	N	N	N	N	N	Y	N	N	N	N	N	N	N	N	N	N	N	N	inf	inf	inf	inf	inf	0.0000	inf	0.0000	inf	60.0896	0.0006	460.0082	0.0103	0.0109	0.0000	63.4195	0.0000	470.4506	0.0000	0.0000	0.0000	0.0000	0.0000	0.0000	0.0000	0.0000	0.0000	111596.2721		0.0004	0.0000	1.9948	0.0009	1.9571	1.0031	0.0008	0.0000	0.0008	0.0000	0.0000	0.0000	0.0008	0.0000	0.0008	0.0000	0.0000	0.0000	0.0000	0.0000	0.0000	0.0000	0.0000	0.0000	0.0000	0.0000	0.0000	0.0000	0.0000	0.0000	0.0000	0.0000	0.0000	0.0054	0.0031	0.0024	0.0006	0.0005	0.0001	0.0048	0.0025	0.0023
37	85	0.0840	12	1	0	1	0	0	0	1	0	1	2	1	2	0	0	0	0	0	0	N	N	N	N	N	Y	N	N	N	N	N	N	N	N	N	N	N	N	0.0000	0.0000	0.0000	0.0000	0.0000	0.0000	0.0000	0.0000	0.0000	0.0000	0.0000	0.0000	0.0000	0.0000	0.0000	0.0000	0.0000	0.0000	0.0000	0.0000	0.0000	0.0000	0.0000	0.0000	0.0000	0.0000	0.0000			0.0000	0.0000	1.9948	0.0000	1.9571	0.0000	0.0000	0.0000	0.0000	0.0000	0.0000	0.0000	0.0000	0.0000	0.0000	0.0000	0.0000	0.0000	0.0000	0.0000	0.0000	0.0000	0.0000	0.0000	0.0000	0.0000	0.0000	0.0000	0.0000	0.0000	0.0000	0.0000	0.0000	0.0000	0.0000	0.0000	0.0000	0.0000	0.0000	0.0000	0.0000	0.0000
44	45	0.0552	6	2	0	1	0	0	0	1	0	0	0	1	2	0	0	0	0	0	0	Y	N	N	N	N	Y	N	N	N	N	N	N	N	N	N	N	N	N	0.0003	0.0005	0.0000	0.0001	0.0002	0.0000	0.0000	0.0000	0.0000	0.0000	0.0000	0.0000	0.0000	0.0000	0.0000	0.0000	0.0000	0.0000	0.0003	0.0002	0.0004	0.0071	0.0036	0.0535	0.0001	0.0000	0.0002	0.0000	2.1489	-0.0000	0.0000	6.0042	1.9986	9.9410	3.0240	0.0000	0.0000	0.0000	0.0000	0.0000	0.0000	0.0000	0.0000	0.0000	0.0000	0.0000	0.0000	0.0000	0.0000	0.0000	0.0000	0.0000	0.0000	0.1121	0.0983	0.0137	0.0119	0.0118	0.0001	0.1002	0.0865	0.0137	0.1104	0.0601	0.0503	0.0028	0.0026	0.0002	0.1076	0.0575	0.0501
44	46	0.0503	5	2	0	1	0	0	0	1	0	0	0	1	2	0	0	0	0	0	0	Y	N	N	N	N	Y	N	N	N	N	N	N	N	N	N	N	N	N	0.0138	0.0092	0.0000	0.0662	0.0634	0.0000	0.0000	0.0000	0.0000	0.0002	0.0002	0.0000	0.0302	0.0311	0.0000	0.0000	0.0000	0.0000	0.0132	0.0227	0.0018	0.4559	0.4907	0.0003	0.0025	0.0031	0.0018	0.0000	0.0640	-0.0000	-0.0003	6.0042	1.1966	9.9410	1.0046	0.0000	0.0000	0.0000	0.0000	0.0000	0.0000	0.0000	0.0000	0.0000	0.0007	0.0006	0.0000	0.0005	0.0005	0.0000	0.0001	0.0001	0.0000	0.0554	0.0481	0.0073	0.0003	0.0003	0.0000	0.0551	0.0478	0.0073	0.0497	0.0272	0.0225	0.0012	0.0011	0.0001	0.0485	0.0261	0.0224
44	47	0.0482	4	2	0	1	0	0	0	1	0	1	1	1	2	0	0	0	0	0	0	Y	N	N	N	N	Y	N	N	N	N	N	N	N	N	N	N	N	N	0.0145	0.0094	0.0302	0.0089	0.0089	0.0000	0.0141	0.0000	0.0302	0.0219	0.0266	0.0008	0.0635	0.0635	0.0000	0.0002	0.0000	0.0008	1.5110	2.8184	0.0277	7.1524	7.1673	0.0014	0.0164	0.0000	0.0277	0.0070	0.0087	-0.0000	-0.0285	6.0042	0.0039	9.9410	1.0628	0.0000	0.0000	0.0000	0.0000	0.0000	0.0000	0.0000	0.0000	0.0000	0.0587	0.0582	0.0005	0.0582	0.0582	0.0000	0.0005	0.0000	0.0005	0.0006	0.0005	0.0001	0.0002	0.0002	0.0000	0.0004	0.0003	0.0001	0.0388	0.0206	0.0182	0.0081	0.0081	0.0000	0.0307	0.0125	0.0182
44	48	0.0460	3	2	0	1	0	0	0	1	0	0	0	0	1	0	0	0	0	0	0	Y	N	N	N	N	N	N	N	N	N	N	N	N	N	N	N	N	N	0.0121	0.0105	0.0201	0.0105	0.0105	0.0000	0.0094	0.0000	0.0201	0.0327	0.0271	0.0567	0.0697	0.0698	0.0000	0.0156	0.0000	0.0567	2.6962	2.5857	2.8207	6.6222	6.6226	0.0039	1.6722	0.0000	2.8208	0.4884	0.9681	-0.0000	-0.0004	6.0042	0.0093	9.9410	1.1245	0.0000	0.0000	0.0000	0.0000	0.0000	0.0000	0.0000	0.0000	0.0000	0.1108	0.0563	0.0545	0.0563	0.0563	0.0000	0.0545	0.0000	0.0545	0.0011	0.0009	0.0002	0.0004	0.0004	0.0000	0.0008	0.0006	0.0002	0.0411	0.0218	0.0193	0.0085	0.0085	0.0000	0.0326	0.0133	0.0193
44	53	0.0419	2	2	0	1	0	0	0	1	0	0	0	0	1	0	0	0	0	0	0	Y	N	N	N	N	N	N	N	N	N	N	N	N	N	N	N	N	N	0.0502	0.0635	0.0000	2.0131	2.0141	0.0000	0.0000	0.0000	0.0000	0.0904	0.1044	0.0000	14.0748	14.0818	0.0000	0.0000	0.0000	0.0000	1.7995	1.6430	1.9734	6.9914	6.9915	0.0000	1.0667	0.0000	1.9734	0.0000	1.0811	-0.0024	0.0026	6.0042	0.9898	9.9410	1.1155	0.0041	0.0041	0.0000	0.0041	0.0041	0.0000	0.0000	0.0000	0.0000	0.1086	0.0522	0.0564	0.0522	0.0522	0.0000	0.0564	0.0000	0.0564	0.0459	0.0397	0.0062	0.0003	0.0003	0.0000	0.0456	0.0394	0.0062	0.0603	0.0318	0.0286	0.0075	0.0075	0.0000	0.0529	0.0243	0.0286
44	54	0.0676	8	2	0	1	0	1	0	1	0	0	0	0	1	0	0	0	0	0	0	Y	N	N	N	N	N	N	N	N	N	N	N	N	N	N	N	N	N	0.0000	0.0000	0.0000	0.0000	0.0000	0.0000	0.0000	0.0000	0.0000	0.0000	0.0000	0.0000	0.0000	0.0000	0.0000	0.0000	0.0000	0.0000	0.0003	0.0006	0.0000	0.0240	0.0247	0.0000	0.0000	0.0000	0.0000		0.0000	0.0000	-0.0001	6.0042	5.0000	9.9410	15.9866	0.0000	0.0000	0.0000	0.0000	0.0000	0.0000	0.0000	0.0000	0.0000	0.0001	0.0001	0.0000	0.0001	0.0001	0.0000	0.0000	0.0000	0.0000	0.2206	0.1918	0.0289	0.0086	0.0079	0.0007	0.2121	0.1838	0.0282	0.4145	0.2239	0.1906	0.0058	0.0057	0.0002	0.4087	0.2183	0.1904
44	58	0.0487	2	2	0	1	0	0	0	1	0	0	0	1	2	0	0	0	0	0	0	Y	N	N	N	N	Y	N	N	N	N	N	N	N	N	N	N	N	N	0.0000	0.0000	0.0000	0.0000	0.0000	0.0000	0.0000	0.0000	0.0000	0.0000	0.0000	0.0000	0.0000	0.0000	0.0000	0.0000	0.0000	0.0000	0.1107	0.2012	0.0000	2.5853	2.8463	0.0000	0.0000	0.0000	0.0000		0.0000	0.0000	-0.0025	6.0042	0.0000	9.9410	2.0010	0.0000	0.0000	0.0000	0.0000	0.0000	0.0000	0.0000	0.0000	0.0000	0.0050	0.0050	0.0000	0.0050	0.0050	0.0000	0.0000	0.0000	0.0000	0.0000	0.0000	0.0000	0.0000	0.0000	0.0000	0.0000	0.0000	0.0000	0.0453	0.0249	0.0204	0.0019	0.0018	0.0002	0.0434	0.0232	0.0202
44	65	0.0916	12	1	0	1	0	0	0	1	0	0	1	0	2	0	0	0	0	0	0	N	N	N	N	N	Y	N	N	N	N	N	N	N	N	N	N	N	N	0.0000	0.0000	0.0000	0.0000	0.0000	0.0000	0.0000	0.0000	0.0000	0.0000	0.0000	0.0000	0.0000	0.0000	0.0000	0.0000	0.0000	0.0000	0.0000	0.0000	0.0000	0.0000	0.0000	0.0000	0.0000	0.0000	0.0000			0.0000	0.0000	6.0042	3.0012	9.9410	1.7329	0.0000	0.0000	0.0000	0.0000	0.0000	0.0000	0.0000	0.0000	0.0000	0.0000	0.0000	0.0000	0.0000	0.0000	0.0000	0.0000	0.0000	0.0000	0.1327	0.1154	0.0173	0.0067	0.0063	0.0005	0.1260	0.1092	0.0168	0.1121	0.0655	0.0466	0.0111	0.0107	0.0003	0.1011	0.0548	0.0463
44	81	0.1219	13	1	0	1	0	0	0	1	0	0	1	0	2	0	0	0	0	0	0	N	N	N	N	N	Y	N	N	N	N	N	N	N	N	N	N	N	N	0.0000	0.0000	0.0000	0.0000	0.0000	0.0000	0.0000	0.0000	0.0000	0.0000	0.0000	0.0000	0.0000	0.0000	0.0000	0.0000	0.0000	0.0000	0.0000	0.0000	0.0000	0.0000	0.0000	0.0000	0.0000	0.0000	0.0000			0.0000	0.0000	6.0042	0.0000	9.9410	2.0000	0.0000	0.0000	0.0000	0.0000	0.0000	0.0000	0.0000	0.0000	0.0000	0.0000	0.0000	0.0000	0.0000	0.0000	0.0000	0.0000	0.0000	0.0000	0.0000	0.0000	0.0000	0.0000	0.0000	0.0000	0.0000	0.0000	0.0000	0.0413	0.0233	0.0180	0.0046	0.0039	0.0007	0.0367	0.0194	0.0173
44	82	0.1240	16	1	0	1	0	0	0	1	0	0	0	0	2	0	0	0	0	0	0	N	N	N	N	N	Y	N	N	N	N	N	N	N	N	N	N	N	N	inf	0.0000	inf	0.0000	0.0000	0.0000	inf	0.0000	inf	0.0001	0.0000	0.0006	0.0000	0.0000	0.0000	0.0001	0.0000	0.0006	0.0000	0.0000	0.0000	0.0000	0.0000	0.0000	0.0000	0.0000	0.0000	inf		0.0000	0.0000	6.0042	1.0008	9.9410	3.0055	0.0000	0.0000	0.0000	0.0000	0.0000	0.0000	0.0000	0.0000	0.0000	0.0000	0.0000	0.0000	0.0000	0.0000	0.0000	0.0000	0.0000	0.0000	0.0452	0.0394	0.0059	0.0025	0.0023	0.0001	0.0428	0.0371	0.0057	0.0826	0.0468	0.0358	0.0094	0.0080	0.0015	0.0732	0.0388	0.0344
44	83	0.1219	15	1	0	1	0	0	0	1	0	0	1	0	2	0	0	0	0	0	0	N	N	N	N	N	Y	N	N	N	N	N	N	N	N	N	N	N	N	inf	inf	0.0000	inf	inf	0.0000	0.0000	0.0000	0.0000	0.0855	0.0982	0.0000	1.6011	1.7017	0.0000	0.0000	0.0000	0.0000	0.0000	0.0000	0.0000	0.0000	0.0000	0.0000	0.0000	0.0000	0.0000	0.0000		-0.0000	0.0000	6.0042	0.0009	9.9410	1.0031	0.0000	0.0000	0.0000	0.0000	0.0000	0.0000	0.0000	0.0000	0.0000	0.0000	0.0000	0.0000	0.0000	0.0000	0.0000	0.0000	0.0000	0.0000	0.0000	0.0000	0.0000	0.0000	0.0000	0.0000	0.0000	0.0000	0.0000	0.0208	0.0117	0.0091	0.0023	0.0019	0.0004	0.0185	0.0098	0.0087
44	85	0.1219	14	1	0	1	0	0	0	1	0	0	1	0	2	0	0	0	0	0	0	N	N	N	N	N	Y	N	N	N	N	N	N	N	N	N	N	N	N	0.0000	0.0000	0.0000	0.0000	0.0000	0.0000	0.0000	0.0000	0.0000	0.0000	0.0000	0.0000	0.0000	0.0000	0.0000	0.0000	0.0000	0.0000	0.0000	0.0000	0.0000	0.0000	0.0000	0.0000	0.0000	0.0000	0.0000			0.0000	0.0000	6.0042	0.0000	9.9410	0.0000	0.0000	0.0000	0.0000	0.0000	0.0000	0.0000	0.0000	0.0000	0.0000	0.0000	0.0000	0.0000	0.0000	0.0000	0.0000	0.0000	0.0000	0.0000	0.0000	0.0000	0.0000	0.0000	0.0000	0.0000	0.0000	0.0000	0.0000	0.0000	0.0000	0.0000	0.0000	0.0000	0.0000	0.0000	0.0000	0.0000
45	49	0.0551	11	2	0	1	0	0	0	0	0	1	0	2	1	0	0	0	0	0	0	Y	N	N	N	Y	N	N	N	N	N	N	N	N	N	N	N	N	N	220483534.8989	139660687.5197	0.0000	0.0000	0.0000	0.0000	inf	inf	0.0000	26.0550	29.6718	0.0000	0.0000	0.0000	0.0000	30.0155	34.7912	0.0000	0.0000	0.0000	0.0000	0.0000	0.0000	0.0000	0.0000	0.0000	0.0000	0.0000	0.0000	-0.5672	-0.0000	1.9986	1.9876	3.0240	9.5024	0.9858	0.9858	0.0000	0.0000	0.0000	0.0000	0.9858	0.9858	0.0000	0.0000	0.0000	0.0000	0.0000	0.0000	0.0000	0.0000	0.0000	0.0000	0.0378	0.0332	0.0046	0.0050	0.0049	0.0001	0.0328	0.0283	0.0045	0.0855	0.0475	0.0379	0.0056	0.0054	0.0001	0.0799	0.0421	0.0378
45	50	0.0537	10	2	0	1	0	0	0	0	0	0	0	1	1	0	0	0	0	0	0	Y	N	N	N	N	N	N	N	N	N	N	N	N	N	N	N	N	N	7992753.1719	6653201.8193	0.0000	3386131.3887	3706315.5644	0.0000	25333324.5940	inf	0.0000	30.0382	34.1349	0.0000	52.5007	57.8879	0.0000	21.0475	24.2148	0.0000	0.0000	0.0000	0.0000	0.0000	0.0000	0.0000	0.0000	0.0000	0.0000	0.0000	0.2150	-0.0142	-0.0000	1.9986	0.0279	3.0240	1.3258	0.0247	0.0247	0.0000	0.0123	0.0123	0.0000	0.0124	0.0124	0.0000	0.0000	0.0000	0.0000	0.0000	0.0000	0.0000	0.0000	0.0000	0.0000	0.0008	0.0007	0.0001	0.0002	0.0002	0.0000	0.0006	0.0005	0.0001	0.0151	0.0091	0.0060	0.0030	0.0030	0.0000	0.0121	0.0061	0.0060
45	51	0.0471	9	2	0	1	0	0	0	1	0	0	0	1	1	0	0	0	0	0	0	Y	N	N	N	N	N	N	N	N	N	N	N	N	N	N	N	N	N	111197.0272	68279.6891	0.0000	0.0000	0.0000	0.0000	inf	inf	0.0000	48.6656	55.4263	0.0000	0.0000	0.0000	0.0000	55.9431	64.8759	0.0000	0.0004	0.0008	0.0000	0.0207	0.0221	0.0000	0.0000	0.0000	0.0000	0.0000	0.0000	-0.0072	-0.0000	1.9986	0.0135	3.0240	3.2161	0.0125	0.0125	0.0000	0.0000	0.0000	0.0000	0.0125	0.0125	0.0000	0.0000	0.0000	0.0000	0.0000	0.0000	0.0000	0.0000	0.0000	0.0000	0.0003	0.0002	0.0000	0.0000	0.0000	0.0000	0.0002	0.0002	0.0000	0.0227	0.0123	0.0105	0.0005	0.0004	0.0000	0.0223	0.0118	0.0104
45	52	0.0215	4	2	0	1	0	0	0	1	0	1	0	2	1	0	0	0	0	0	0	Y	N	N	N	Y	N	N	N	N	N	N	N	N	N	N	N	N	N	0.0000	0.0041	0.0000	0.0001	0.0017	0.0000	0.0000	0.0000	0.0000	0.0000	0.0000	0.0000	0.0000	0.0000	0.0000	0.0000	0.0000	0.0000	0.1643	0.0002	0.3573	0.0832	0.0049	1.3083	0.1667	0.0000	0.3538	0.0000	1252.9983	-0.0000	0.0059	1.9986	1.0059	3.0240	8.9560	0.0000	0.0000	0.0000	0.0000	0.0000	0.0000	0.0000	0.0000	0.0000	0.0117	0.0000	0.0117	0.0002	0.0000	0.0002	0.0116	0.0000	0.0116	0.0192	0.0169	0.0024	0.0020	0.0020	0.0000	0.0172	0.0148	0.0024	0.0715	0.0387	0.0329	0.0020	0.0019	0.0001	0.0695	0.0367	0.0327
45	54	0.0513	11	2	0	0	0	1	0	0	0	0	0	1	1	0	0	0	0	0	0	Y	N	N	N	N	N	N	N	N	N	N	N	N	N	N	N	N	N	0.0000	0.0000	0.0000	0.0000	0.0000	0.0000	0.0000	0.0000	0.0000	0.0000	0.0000	0.0000	0.0000	0.0000	0.0000	0.0000	0.0000	0.0000	0.0254	0.0467	0.0000	1.1549	1.2337	0.0000	0.0000	0.0000	0.0000		0.0000	0.0000	-0.0017	1.9986	5.0000	3.0240	15.9866	0.0000	0.0000	0.0000	0.0000	0.0000	0.0000	0.0000	0.0000	0.0000	0.0035	0.0035	0.0000	0.0035	0.0035	0.0000	0.0000	0.0000	0.0000	0.0927	0.0815	0.0113	0.0123	0.0121	0.0003	0.0804	0.0694	0.0110	0.1379	0.0750	0.0628	0.0030	0.0028	0.0002	0.1348	0.0722	0.0626
45	55	0.3705	16	1	0	0	0	0	0	0	0	1	0	2	1	0	0	0	0	0	0	N	N	N	N	Y	N	N	N	N	N	N	N	N	N	N	N	N	N	0.0000	0.0000	0.0000	0.0000	0.0000	0.0000	0.0000	0.0000	0.0000	0.0000	0.0000	0.0000	0.0000	0.0000	0.0000	0.0000	0.0000	0.0000	1.4845	2.1619	0.0026	0.0323	0.0370	0.0045	2.9441	5.6927	0.0020		0.0005	0.0000	-0.4918	1.9986	17.6796	3.0240	56.5727	0.0000	0.0000	0.0000	0.0000	0.0000	0.0000	0.0000	0.0000	0.0000	0.9940	0.9935	0.0005	0.0108	0.0106	0.0002	0.9832	0.9829	0.0003	0.4202	0.3734	0.0468	0.1267	0.1206	0.0061	0.2936	0.2528	0.0407	0.6696	0.4595	0.2101	0.3357	0.2869	0.0488	0.3340	0.1727	0.1613
45	57	0.0367	8	2	0	1	0	0	0	1	0	0	0	2	2	0	0	0	0	0	0	Y	N	N	N	Y	Y	N	N	N	N	N	N	N	N	N	N	N	N	0.0000	0.0000	0.0000	0.0000	0.0000	0.0000	0.0000	0.0000	0.0000	0.0000	0.0000	0.0000	0.0000	0.0000	0.0000	0.0000	0.0000	0.0000	0.0415	0.0000	0.0924	0.7456	0.0000	5.1385	0.0020	0.0000	0.0042		inf	0.0000	0.0009	1.9986	1.0000	3.0240	4.9984	0.0000	0.0000	0.0000	0.0000	0.0000	0.0000	0.0000	0.0000	0.0000	0.0018	0.0000	0.0018	0.0017	0.0000	0.0017	0.0001	0.0000	0.0001	0.0190	0.0167	0.0023	0.0020	0.0020	0.0000	0.0170	0.0147	0.0023	0.0428	0.0236	0.0192	0.0023	0.0019	0.0003	0.0406	0.0217	0.0189
45	58	0.0325	7	2	0	0	0	0	0	0	0	0	0	2	2	0	0	0	0	0	0	Y	N	N	N	Y	Y	N	N	N	N	N	N	N	N	N	N	N	N	0.0000	0.0000	0.0000	0.0000	0.0000	0.0000	0.0000	0.0000	0.0000	0.0000	0.0000	0.0000	0.0000	0.0000	0.0000	0.0000	0.0000	0.0000	0.0006	0.0008	0.0004	0.0100	0.0080	0.0265	0.0000	0.0000	0.0000		0.4415	0.0000	-0.0000	1.9986	0.0000	3.0240	2.0010	0.0000	0.0000	0.0000	0.0000	0.0000	0.0000	0.0000	0.0000	0.0000	0.0000	0.0000	0.0000	0.0000	0.0000	0.0000	0.0000	0.0000	0.0000	0.0000	0.0000	0.0000	0.0000	0.0000	0.0000	0.0000	0.0000	0.0000	0.0150	0.0084	0.0066	0.0010	0.0008	0.0001	0.0141	0.0076	0.0065
45	59	0.0257	6	2	0	0	0	0	0	0	0	1	0	2	2	0	0	0	0	0	0	Y	N	N	N	Y	Y	N	N	N	N	N	N	N	N	N	N	N	N	0.0005	0.0003	0.0000	0.0001	0.0001	0.0000	0.0000	0.0000	0.0000	0.0001	0.0001	0.0000	0.0002	0.0002	0.0000	0.0000	0.0000	0.0000	0.1076	0.1969	0.0019	2.5122	2.6036	0.2600	0.0005	0.0000	0.0010	0.0000	0.0083	-0.0000	-0.0012	1.9986	0.0042	3.0240	3.0766	0.0000	0.0000	0.0000	0.0000	0.0000	0.0000	0.0000	0.0000	0.0000	0.0025	0.0025	0.0000	0.0025	0.0025	0.0000	0.0000	0.0000	0.0000	0.0002	0.0001	0.0000	0.0000	0.0000	0.0000	0.0001	0.0001	0.0000	0.0231	0.0125	0.0106	0.0010	0.0009	0.0000	0.0221	0.0116	0.0105
45	60	0.0257	5	2	0	0	0	0	0	0	0	0	1	1	2	0	0	0	0	0	0	Y	N	N	N	N	Y	N	N	N	N	N	N	N	N	N	N	N	N	0.0050	0.0040	0.0113	0.0053	0.0079	0.0000	0.0062	0.0000	0.0223	0.0001	0.0001	0.0002	0.0003	0.0003	0.0000	0.0000	0.0000	0.0002	0.0208	0.0199	0.0217	0.0561	0.0378	5.3405	0.0073	0.0000	0.0111	0.5000	0.9983	-0.0000	0.0000	1.9986	0.0086	3.0240	0.1203	0.0000	0.0000	0.0000	0.0000	0.0000	0.0000	0.0000	0.0000	0.0000	0.0000	0.0000	0.0000	0.0000	0.0000	0.0000	0.0000	0.0000	0.0000	0.0002	0.0002	0.0000	0.0001	0.0001	0.0000	0.0002	0.0002	0.0000	0.0020	0.0010	0.0010	0.0006	0.0005	0.0000	0.0014	0.0005	0.0010
45	64	0.0654	14	2	0	1	0	1	0	1	0	0	0	1	1	0	0	0	0	0	0	Y	N	N	N	N	N	N	N	N	N	N	N	N	N	N	N	N	N	1173.2675	731.2239	0.0000	0.0000	0.0000	0.0000	1734565.5096	10882742.0759	0.0000	12.4685	14.1181	0.0000	0.0000	0.0000	0.0000	14.9286	17.2845	0.0000	0.0106	0.0193	0.0000	0.2080	0.2262	0.0000	0.0000	0.0000	0.0000	0.0000	0.0007	-0.5743	-0.0009	1.9986	3.9919	3.0240	21.4457	0.9982	0.9982	0.0000	0.0000	0.0000	0.0000	0.9982	0.9982	0.0000	0.0018	0.0018	0.0000	0.0018	0.0018	0.0000	0.0000	0.0000	0.0000	0.0801	0.0707	0.0094	0.0132	0.0130	0.0002	0.0669	0.0578	0.0091	0.1683	0.0926	0.0757	0.0086	0.0079	0.0007	0.1597	0.0847	0.0751
45	65	0.0753	15	1	0	0	0	0	0	0	0	0	1	1	2	0	0	0	0	0	0	N	N	N	N	N	Y	N	N	N	N	N	N	N	N	N	N	N	N	0.0000	0.0000	0.0000	0.0000	0.0000	0.0000	0.0000	0.0000	0.0000	0.0000	0.0000	0.0000	0.0000	0.0000	0.0000	0.0000	0.0000	0.0000	0.0001	0.0001	0.0000	0.0005	0.0005	0.0000	0.0000	0.0000	0.0000		0.0000	0.0000	-0.0000	1.9986	3.0012	3.0240	1.7329	0.0000	0.0000	0.0000	0.0000	0.0000	0.0000	0.0000	0.0000	0.0000	0.0000	0.0000	0.0000	0.0000	0.0000	0.0000	0.0000	0.0000	0.0000	0.0559	0.0491	0.0067	0.0081	0.0079	0.0002	0.0478	0.0413	0.0066	0.0375	0.0221	0.0154	0.0041	0.0039	0.0001	0.0334	0.0182	0.0152
45	71	0.0570	12	2	0	1	0	1	0	1	0	0	0	1	1	0	0	0	0	0	0	Y	N	N	N	N	N	N	N	N	N	N	N	N	N	N	N	N	N	0.0000	0.0000	0.0000	0.0000	0.0000	0.0000	0.0000	0.0000	0.0000	0.0000	0.0000	0.0000	0.0000	0.0000	0.0000	0.0000	0.0000	0.0000	0.1600	0.0000	0.3847	0.0000	0.0000	0.0000	0.1793	0.0000	0.3932		inf	0.0000	0.0119	1.9986	7.9989	3.0240	11.5475	0.0000	0.0000	0.0000	0.0000	0.0000	0.0000	0.0000	0.0000	0.0000	0.0235	0.0000	0.0235	0.0000	0.0000	0.0000	0.0235	0.0000	0.0235	0.1466	0.1289	0.0177	0.0186	0.0183	0.0003	0.1280	0.1106	0.0174	0.1470	0.0859	0.0612	0.0158	0.0145	0.0013	0.1312	0.0714	0.0598
45	72	0.0338	8	2	0	1	0	0	0	1	0	0	0	1	1	0	0	0	0	0	0	Y	N	N	N	N	N	N	N	N	N	N	N	N	N	N	N	N	N	0.0000	0.0000	0.0000	0.0000	0.0000	0.0000	0.0000	0.0000	0.0000	0.0000	0.0000	0.0000	0.0000	0.0000	0.0000	0.0000	0.0000	0.0000	0.0069	0.0127	0.0000	0.2137	0.2203	0.0000	0.0000	0.0000	0.0000		0.0000	0.0000	-0.0003	1.9986	3.9977	3.0240	10.1847	0.0000	0.0000	0.0000	0.0000	0.0000	0.0000	0.0000	0.0000	0.0000	0.0007	0.0007	0.0000	0.0007	0.0007	0.0000	0.0000	0.0000	0.0000	0.0747	0.0655	0.0092	0.0085	0.0084	0.0001	0.0662	0.0572	0.0091	0.1006	0.0543	0.0463	0.0032	0.0031	0.0001	0.0974	0.0512	0.0462
45	77	0.1051	16	1	0	1	0	0	0	0	0	0	0	2	1	0	0	0	0	0	0	N	N	N	N	Y	N	N	N	N	N	N	N	N	N	N	N	N	N	0.0000	0.0000	0.0000	0.0000	0.0000	0.0000	0.0000	0.0000	0.0000	0.0000	0.0000	0.0000	0.0000	0.0000	0.0000	0.0000	0.0000	0.0000	0.0000	0.0000	0.0000	0.0000	0.0000	0.0000	0.0000	0.0000	0.0000			0.0000	0.0000	1.9986	0.0000	3.0240	0.0000	0.0000	0.0000	0.0000	0.0000	0.0000	0.0000	0.0000	0.0000	0.0000	0.0000	0.0000	0.0000	0.0000	0.0000	0.0000	0.0000	0.0000	0.0000	0.0000	0.0000	0.0000	0.0000	0.0000	0.0000	0.0000	0.0000	0.0000	0.0000	0.0000	0.0000	0.0000	0.0000	0.0000	0.0000	0.0000	0.0000
45	78	0.0944	15	1	0	1	0	0	0	0	0	0	0	2	1	0	0	0	0	0	0	N	N	N	N	Y	N	N	N	N	N	N	N	N	N	N	N	N	N	0.0000	0.0000	0.0000	0.0000	0.0000	0.0000	0.0000	0.0000	0.0000	0.0000	0.0000	0.0000	0.0000	0.0000	0.0000	0.0000	0.0000	0.0000	0.0000	0.0000	0.0000	0.0000	0.0000	0.0000	0.0000	0.0000	0.0000			0.0000	-0.0000	1.9986	0.9998	3.0240	4.0242	0.0000	0.0000	0.0000	0.0000	0.0000	0.0000	0.0000	0.0000	0.0000	0.0000	0.0000	0.0000	0.0000	0.0000	0.0000	0.0000	0.0000	0.0000	0.0191	0.0168	0.0023	0.0027	0.0027	0.0001	0.0164	0.0142	0.0023	0.0346	0.0195	0.0151	0.0041	0.0035	0.0006	0.0306	0.0160	0.0145
45	79	0.0860	14	1	0	1	0	0	0	1	0	1	0	2	1	0	0	0	0	0	0	N	N	N	N	Y	N	N	N	N	N	N	N	N	N	N	N	N	N	0.0000	0.0000	0.0000	0.0000	0.0000	0.0000	0.0000	0.0000	0.0000	0.0000	0.0000	0.0000	0.0000	0.0000	0.0000	0.0000	0.0000	0.0000	0.0001	0.0001	0.0000	0.0005	0.0006	0.0000	0.0000	0.0000	0.0000		0.0001	0.0000	-0.0000	1.9986	2.0024	3.0240	2.0159	0.0000	0.0000	0.0000	0.0000	0.0000	0.0000	0.0000	0.0000	0.0000	0.0000	0.0000	0.0000	0.0000	0.0000	0.0000	0.0000	0.0000	0.0000	0.0381	0.0335	0.0046	0.0053	0.0052	0.0001	0.0328	0.0283	0.0045	0.0302	0.0175	0.0127	0.0037	0.0033	0.0004	0.0266	0.0143	0.0123
45	81	0.1057	16	1	0	0	0	0	0	0	0	0	1	1	2	0	0	0	0	0	0	N	N	N	N	N	Y	N	N	N	N	N	N	N	N	N	N	N	N	0.0000	0.0000	0.0000	0.0000	0.0000	0.0000	0.0000	0.0000	0.0000	0.0000	0.0000	0.0000	0.0000	0.0000	0.0000	0.0000	0.0000	0.0000	0.0000	0.0000	0.0000	0.0000	0.0000	0.0000	0.0000	0.0000	0.0000			0.0000	0.0000	1.9986	0.0000	3.0240	2.0000	0.0000	0.0000	0.0000	0.0000	0.0000	0.0000	0.0000	0.0000	0.0000	0.0000	0.0000	0.0000	0.0000	0.0000	0.0000	0.0000	0.0000	0.0000	0.0000	0.0000	0.0000	0.0000	0.0000	0.0000	0.0000	0.0000	0.0000	0.0137	0.0078	0.0059	0.0016	0.0013	0.0002	0.0122	0.0065	0.0057
45	82	0.1078	19	1	0	0	0	0	0	0	0	0	0	1	2	0	0	0	0	0	0	N	N	N	N	N	Y	N	N	N	N	N	N	N	N	N	N	N	N	0.0000	0.0000	0.0000	0.0000	0.0000	0.0000	0.0000	0.0000	0.0000	0.0000	0.0000	0.0000	0.0000	0.0000	0.0000	0.0000	0.0000	0.0000	0.0000	0.0000	0.0000	0.0000	0.0000	0.0000	0.0000	0.0000	0.0000			0.0000	0.0000	1.9986	1.0008	3.0240	3.0055	0.0000	0.0000	0.0000	0.0000	0.0000	0.0000	0.0000	0.0000	0.0000	0.0000	0.0000	0.0000	0.0000	0.0000	0.0000	0.0000	0.0000	0.0000	0.0191	0.0168	0.0023	0.0028	0.0027	0.0001	0.0163	0.0140	0.0022	0.0275	0.0157	0.0118	0.0032	0.0027	0.0005	0.0243	0.0129	0.0114
45	83	0.1057	18	1	0	0	0	0	0	0	0	0	1	1	2	0	0	0	0	0	0	N	N	N	N	N	Y	N	N	N	N	N	N	N	N	N	N	N	N	0.0000	0.0000	0.0000	0.0000	0.0000	0.0000	0.0000	0.0000	0.0000	0.0000	0.0000	0.0000	0.0000	0.0000	0.0000	0.0000	0.0000	0.0000	0.0000	0.0000	0.0000	0.0000	0.0000	0.0000	0.0000	0.0000	0.0000			0.0000	0.0000	1.9986	0.0009	3.0240	1.0031	0.0000	0.0000	0.0000	0.0000	0.0000	0.0000	0.0000	0.0000	0.0000	0.0000	0.0000	0.0000	0.0000	0.0000	0.0000	0.0000	0.0000	0.0000	0.0000	0.0000	0.0000	0.0000	0.0000	0.0000	0.0000	0.0000	0.0000	0.0069	0.0039	0.0030	0.0008	0.0007	0.0001	0.0061	0.0033	0.0029
45	85	0.1057	17	1	0	0	0	0	0	0	0	0	1	1	2	0	0	0	0	0	0	N	N	N	N	N	Y	N	N	N	N	N	N	N	N	N	N	N	N	0.0000	0.0000	0.0000	0.0000	0.0000	0.0000	0.0000	0.0000	0.0000	0.0000	0.0000	0.0000	0.0000	0.0000	0.0000	0.0000	0.0000	0.0000	0.0000	0.0000	0.0000	0.0000	0.0000	0.0000	0.0000	0.0000	0.0000			0.0000	0.0000	1.9986	0.0000	3.0240	0.0000	0.0000	0.0000	0.0000	0.0000	0.0000	0.0000	0.0000	0.0000	0.0000	0.0000	0.0000	0.0000	0.0000	0.0000	0.0000	0.0000	0.0000	0.0000	0.0000	0.0000	0.0000	0.0000	0.0000	0.0000	0.0000	0.0000	0.0000	0.0000	0.0000	0.0000	0.0000	0.0000	0.0000	0.0000	0.0000	0.0000
45	90	0.0548	11	2	0	1	0	1	0	1	0	1	0	2	1	0	0	0	0	0	0	Y	N	N	N	Y	N	N	N	N	N	N	N	N	N	N	N	N	N	3376186.0174	0.0000	inf	0.0000	0.0000	0.0000	inf	0.0000	inf	7.7467	0.0000	63.9798	0.0000	0.0000	0.0000	8.8749	0.0000	65.1593	0.0000	0.0000	0.0000	0.0000	0.0000	0.0000	0.0000	0.0000	0.0000	inf	0.0008	0.4239	-0.0000	1.9986	6.9987	3.0240	5.3508	0.9982	0.0000	0.9982	0.0000	0.0000	0.0000	0.9982	0.0000	0.9982	0.0000	0.0000	0.0000	0.0000	0.0000	0.0000	0.0000	0.0000	0.0000	0.1288	0.1132	0.0156	0.0164	0.0161	0.0003	0.1125	0.0972	0.0153	0.1026	0.0616	0.0410	0.0138	0.0129	0.0009	0.0889	0.0488	0.0401
45	91	0.0614	13	2	0	1	0	1	0	1	0	0	0	1	1	0	0	0	0	0	0	Y	N	N	N	N	N	N	N	N	N	N	N	N	N	N	N	N	N	0.0000	0.0000	0.0000	0.0000	0.0000	0.0000	0.0000	0.0000	0.0000	0.0000	0.0000	0.0000	0.0000	0.0000	0.0000	0.0000	0.0000	0.0000	0.0008	0.0000	0.0019	0.0001	0.0001	0.0001	0.0009	0.0000	0.0019		174.5935	0.0000	0.0000	1.9986	1.0039	3.0240	13.1994	0.0000	0.0000	0.0000	0.0000	0.0000	0.0000	0.0000	0.0000	0.0000	0.0001	0.0000	0.0001	0.0000	0.0000	0.0000	0.0001	0.0000	0.0001	0.0191	0.0168	0.0023	0.0025	0.0025	0.0000	0.0167	0.0144	0.0023	0.1020	0.0579	0.0441	0.0096	0.0084	0.0012	0.0924	0.0495	0.0429
46	49	0.0428	10	2	0	1	0	0	0	0	0	1	0	2	1	0	0	0	0	0	0	Y	N	N	N	Y	N	N	N	N	N	N	N	N	N	N	N	N	N	85.5283	54.7468	0.0000	0.0000	0.0000	0.0000	112.3571	68.6344	0.0000	0.0908	0.1044	0.0000	0.0000	0.0000	0.0000	0.0948	0.1094	0.0000	0.0011	0.0019	0.0000	0.0044	0.0045	0.0000	0.0008	0.0016	0.0000	0.0000	0.0003	-0.0010	-0.0000	1.1966	1.9876	1.0046	9.5024	0.0017	0.0017	0.0000	0.0000	0.0000	0.0000	0.0017	0.0017	0.0000	0.0000	0.0000	0.0000	0.0000	0.0000	0.0000	0.0000	0.0000	0.0000	0.0184	0.0160	0.0024	0.0008	0.0007	0.0000	0.0176	0.0153	0.0023	0.0379	0.0211	0.0168	0.0023	0.0023	0.0001	0.0356	0.0188	0.0167
46	50	0.0414	9	2	0	1	0	0	0	0	0	0	0	1	1	0	0	0	0	0	0	Y	N	N	N	N	N	N	N	N	N	N	N	N	N	N	N	N	N	40.4884	31.8101	0.0000	37.5642	37.7145	0.0000	45.3144	38.5656	0.0000	0.1091	0.1224	0.0000	0.2865	0.2892	0.0000	0.0674	0.0777	0.0000	0.0027	0.0038	0.0009	0.0076	0.0077	0.0000	0.0015	0.0020	0.0009	0.0000	0.1617	-0.0000	-0.0000	1.1966	0.0279	1.0046	1.3258	0.0000	0.0000	0.0000	0.0000	0.0000	0.0000	0.0000	0.0000	0.0000	0.0000	0.0000	0.0000	0.0000	0.0000	0.0000	0.0000	0.0000	0.0000	0.0004	0.0003	0.0000	0.0001	0.0001	0.0000	0.0003	0.0003	0.0000	0.0067	0.0040	0.0027	0.0013	0.0013	0.0000	0.0054	0.0027	0.0027
46	51	0.0348	8	2	0	1	0	0	0	1	0	0	0	1	1	0	0	0	0	0	0	Y	N	N	N	N	N	N	N	N	N	N	N	N	N	N	N	N	N	2.8616	1.8137	0.0000	0.0000	0.0000	0.0000	59.0952	62.5284	0.0000	0.1693	0.1948	0.0000	0.0000	0.0000	0.0000	0.1766	0.2039	0.0000	0.0592	0.1074	0.0027	3.1820	3.4388	0.0000	0.0030	0.0033	0.0027	0.0000	0.0212	-0.0000	-0.0003	1.1966	0.0135	1.0046	3.2161	0.0000	0.0000	0.0000	0.0000	0.0000	0.0000	0.0000	0.0000	0.0000	0.0006	0.0006	0.0000	0.0006	0.0006	0.0000	0.0000	0.0000	0.0000	0.0001	0.0001	0.0000	0.0000	0.0000	0.0000	0.0001	0.0001	0.0000	0.0101	0.0054	0.0046	0.0002	0.0002	0.0000	0.0099	0.0053	0.0046
46	52	0.0092	3	2	0	1	0	0	0	1	0	1	0	2	1	0	0	0	0	0	0	Y	N	N	N	Y	N	N	N	N	N	N	N	N	N	N	N	N	N	0.1131	0.0756	0.0339	0.8347	0.7870	0.0000	0.0097	0.0000	0.0341	0.0021	0.0024	0.0001	0.5099	0.5101	0.0000	0.0000	0.0000	0.0001	0.0187	0.0321	0.0028	0.6109	0.6482	0.0080	0.0013	0.0000	0.0028	0.0060	0.0731	-0.0000	-0.0003	1.1966	1.0059	1.0046	8.9560	0.0000	0.0000	0.0000	0.0000	0.0000	0.0000	0.0000	0.0000	0.0000	0.0006	0.0006	0.0000	0.0006	0.0006	0.0000	0.0000	0.0000	0.0000	0.0095	0.0082	0.0013	0.0000	0.0000	0.0000	0.0095	0.0082	0.0013	0.0323	0.0175	0.0148	0.0009	0.0009	0.0001	0.0313	0.0166	0.0147
46	54	0.0390	10	2	0	0	0	1	0	0	0	0	0	1	1	0	0	0	0	0	0	Y	N	N	N	N	N	N	N	N	N	N	N	N	N	N	N	N	N	0.0000	0.0000	0.0000	0.0000	0.0000	0.0000	0.0000	0.0000	0.0000	0.0000	0.0000	0.0000	0.0000	0.0000	0.0000	0.0000	0.0000	0.0000	0.0602	0.0757	0.0418	0.1421	0.1536	0.0001	0.0587	0.0731	0.0419		0.4615	0.0000	-0.0007	1.1966	5.0000	1.0046	15.9866	0.0000	0.0000	0.0000	0.0000	0.0000	0.0000	0.0000	0.0000	0.0000	0.0037	0.0025	0.0012	0.0002	0.0002	0.0000	0.0035	0.0024	0.0012	0.0452	0.0393	0.0059	0.0021	0.0019	0.0002	0.0431	0.0374	0.0057	0.0611	0.0333	0.0278	0.0011	0.0010	0.0001	0.0600	0.0323	0.0278
46	55	0.3582	15	1	0	0	0	0	0	0	0	1	0	2	1	0	0	0	0	0	0	N	N	N	N	Y	N	N	N	N	N	N	N	N	N	N	N	N	N	0.0000	0.0000	0.0047	0.0000	0.0000	0.0172	0.0000	0.0000	0.0005	0.0000	0.0000	0.0000	0.0000	0.0000	0.0002	0.0000	0.0000	0.0000	0.3465	0.4998	0.0067	0.6638	0.7781	0.0122	0.0211	0.0358	0.0049	inf	0.0060	0.0000	-0.0507	1.1966	17.6796	1.0046	56.5727	0.0000	0.0000	0.0000	0.0000	0.0000	0.0000	0.0000	0.0000	0.0000	0.1036	0.1030	0.0006	0.1005	0.1002	0.0003	0.0031	0.0028	0.0003	0.2107	0.1862	0.0245	0.0543	0.0509	0.0034	0.1565	0.1353	0.0211	0.2990	0.2061	0.0929	0.1514	0.1288	0.0226	0.1476	0.0773	0.0703
46	57	0.0243	7	2	0	1	0	0	0	1	0	0	0	2	2	0	0	0	0	0	0	Y	N	N	N	Y	Y	N	N	N	N	N	N	N	N	N	N	N	N	0.0000	0.0000	0.0000	0.0000	0.0000	0.0000	0.0000	0.0000	0.0000	0.0000	0.0000	0.0000	0.0000	0.0000	0.0000	0.0000	0.0000	0.0000	0.0925	0.1670	0.0000	1.8928	2.1888	0.0000	0.0000	0.0000	0.0000		0.0000	0.0000	-0.0009	1.1966	1.0000	1.0046	4.9984	0.0000	0.0000	0.0000	0.0000	0.0000	0.0000	0.0000	0.0000	0.0000	0.0018	0.0018	0.0000	0.0018	0.0018	0.0000	0.0000	0.0000	0.0000	0.0094	0.0081	0.0012	0.0001	0.0001	0.0000	0.0093	0.0081	0.0012	0.0192	0.0106	0.0086	0.0009	0.0008	0.0001	0.0183	0.0098	0.0084
46	58	0.0202	6	2	0	0	0	0	0	0	0	0	0	2	2	0	0	0	0	0	0	Y	N	N	N	Y	Y	N	N	N	N	N	N	N	N	N	N	N	N	0.0000	0.0000	0.0000	0.0000	0.0000	0.0000	0.0000	0.0000	0.0000	0.0000	0.0000	0.0000	0.0000	0.0000	0.0000	0.0000	0.0000	0.0000	0.0014	0.0024	0.0002	0.0076	0.0084	0.0002	0.0011	0.0018	0.0002		0.0500	0.0000	-0.0000	1.1966	0.0000	1.0046	2.0010	0.0000	0.0000	0.0000	0.0000	0.0000	0.0000	0.0000	0.0000	0.0000	0.0000	0.0000	0.0000	0.0000	0.0000	0.0000	0.0000	0.0000	0.0000	0.0000	0.0000	0.0000	0.0000	0.0000	0.0000	0.0000	0.0000	0.0000	0.0067	0.0038	0.0029	0.0004	0.0004	0.0000	0.0063	0.0034	0.0029
46	59	0.0133	5	2	0	0	0	0	0	0	0	1	0	2	2	0	0	0	0	0	0	Y	N	N	N	Y	Y	N	N	N	N	N	N	N	N	N	N	N	N	0.4960	0.4560	0.0000	282.2845	282.7191	0.0000	0.0000	0.0000	0.0000	0.1183	0.1404	0.0000	0.4387	0.4388	0.0000	0.0000	0.0000	0.0000	0.2385	0.3079	0.1557	0.0016	0.0016	0.0016	0.2497	0.3346	0.1562	0.0000	0.4238	-0.0000	-0.0005	1.1966	0.0042	1.0046	3.0766	0.0000	0.0000	0.0000	0.0000	0.0000	0.0000	0.0000	0.0000	0.0000	0.0025	0.0018	0.0007	0.0000	0.0000	0.0000	0.0025	0.0018	0.0007	0.0001	0.0001	0.0000	0.0000	0.0000	0.0000	0.0001	0.0000	0.0000	0.0105	0.0057	0.0048	0.0005	0.0005	0.0000	0.0100	0.0052	0.0048
46	60	0.0133	4	2	0	0	0	0	0	0	0	0	1	1	2	0	0	0	0	0	0	Y	N	N	N	N	Y	N	N	N	N	N	N	N	N	N	N	N	N	3.6268	2.9309	7.8399	7.6927	7.6846	0.0000	2.0899	0.0000	7.8402	0.2341	0.1833	0.5232	0.8250	0.8255	0.0000	0.0965	0.0000	0.5236	0.0645	0.0625	0.0667	0.1072	0.1074	0.0355	0.0462	0.0012	0.0668	0.5020	0.9851	-0.0000	0.0000	1.1966	0.0086	1.0046	0.1203	0.0000	0.0000	0.0000	0.0000	0.0000	0.0000	0.0000	0.0000	0.0000	0.0001	0.0000	0.0000	0.0000	0.0000	0.0000	0.0000	0.0000	0.0000	0.0001	0.0001	0.0000	0.0000	0.0000	0.0000	0.0001	0.0001	0.0000	0.0010	0.0005	0.0005	0.0003	0.0003	0.0000	0.0007	0.0002	0.0005
46	64	0.0530	13	2	0	1	0	1	0	1	0	0	0	1	1	0	0	0	0	0	0	Y	N	N	N	N	N	N	N	N	N	N	N	N	N	N	N	N	N	1.6416	1.0758	0.0000	0.0000	0.0000	0.0000	1.8776	1.2061	0.0000	0.0426	0.0487	0.0000	0.0000	0.0000	0.0000	0.0469	0.0541	0.0000	0.0260	0.0452	0.0024	0.0453	0.0495	0.0000	0.0250	0.0449	0.0024	0.0000	0.0430	-0.0010	-0.0009	1.1966	3.9919	1.0046	21.4457	0.0017	0.0017	0.0000	0.0000	0.0000	0.0000	0.0017	0.0017	0.0000	0.0019	0.0019	0.0001	0.0002	0.0002	0.0000	0.0018	0.0017	0.0001	0.0396	0.0347	0.0049	0.0036	0.0035	0.0001	0.0360	0.0312	0.0048	0.0747	0.0411	0.0336	0.0036	0.0033	0.0003	0.0711	0.0378	0.0333
46	65	0.0630	14	1	0	0	0	0	0	0	0	0	1	1	2	0	0	0	0	0	0	N	N	N	N	N	Y	N	N	N	N	N	N	N	N	N	N	N	N	0.0000	0.0000	0.0000	0.0000	0.0000	0.0000	0.0000	0.0000	0.0000	0.0000	0.0000	0.0000	0.0000	0.0000	0.0000	0.0000	0.0000	0.0000	0.0053	0.0089	0.0000	0.0499	0.0518	0.0000	0.0000	0.0000	0.0000		0.0001	0.0000	-0.0000	1.1966	3.0012	1.0046	1.7329	0.0000	0.0000	0.0000	0.0000	0.0000	0.0000	0.0000	0.0000	0.0000	0.0001	0.0001	0.0000	0.0001	0.0001	0.0000	0.0000	0.0000	0.0000	0.0272	0.0237	0.0035	0.0016	0.0015	0.0001	0.0256	0.0222	0.0034	0.0166	0.0098	0.0068	0.0018	0.0017	0.0001	0.0149	0.0081	0.0067
46	71	0.0446	11	2	0	1	0	1	0	1	0	0	0	1	1	0	0	0	0	0	0	Y	N	N	N	N	N	N	N	N	N	N	N	N	N	N	N	N	N	0.0000	0.0000	0.0000	0.0000	0.0000	0.0000	0.0000	0.0000	0.0000	0.0000	0.0000	0.0000	0.0000	0.0000	0.0000	0.0000	0.0000	0.0000	14.8990	0.0079	35.9245	0.0444	0.0481	0.0009	16.6303	0.0000	36.6381		3217.0335	0.0000	0.4911	1.1966	7.9989	1.0046	11.5475	0.0000	0.0000	0.0000	0.0000	0.0000	0.0000	0.0000	0.0000	0.0000	0.9735	0.0003	0.9732	0.0003	0.0003	0.0000	0.9732	0.0000	0.9732	0.0716	0.0623	0.0093	0.0028	0.0026	0.0002	0.0688	0.0597	0.0091	0.0653	0.0383	0.0271	0.0068	0.0063	0.0005	0.0585	0.0320	0.0266
46	72	0.0215	7	2	0	1	0	0	0	1	0	0	0	1	1	0	0	0	0	0	0	Y	N	N	N	N	N	N	N	N	N	N	N	N	N	N	N	N	N	0.0000	0.0000	0.0000	0.0843	0.1359	0.0000	0.0000	0.0000	0.0000	0.0000	0.0000	0.0000	0.0000	0.0000	0.0000	0.0000	0.0000	0.0000	0.0157	0.0025	0.0313	0.0000	0.0000	0.0003	0.0162	0.0026	0.0314	0.0000	10.7139	-0.0000	0.0003	1.1966	3.9977	1.0046	10.1847	0.0000	0.0000	0.0000	0.0000	0.0000	0.0000	0.0000	0.0000	0.0000	0.0007	0.0001	0.0006	0.0000	0.0000	0.0000	0.0007	0.0001	0.0006	0.0364	0.0316	0.0048	0.0008	0.0007	0.0001	0.0356	0.0309	0.0047	0.0446	0.0241	0.0205	0.0013	0.0012	0.0000	0.0433	0.0229	0.0205
46	77	0.0927	15	1	0	1	0	0	0	0	0	0	0	2	1	0	0	0	0	0	0	N	N	N	N	Y	N	N	N	N	N	N	N	N	N	N	N	N	N	0.0000	0.0000	0.0000	0.0000	0.0000	0.0000	0.0000	0.0000	0.0000	0.0000	0.0000	0.0000	0.0000	0.0000	0.0000	0.0000	0.0000	0.0000	0.0000	0.0000	0.0000	0.0000	0.0000	0.0000	0.0000	0.0000	0.0000			0.0000	0.0000	1.1966	0.0000	1.0046	0.0000	0.0000	0.0000	0.0000	0.0000	0.0000	0.0000	0.0000	0.0000	0.0000	0.0000	0.0000	0.0000	0.0000	0.0000	0.0000	0.0000	0.0000	0.0000	0.0000	0.0000	0.0000	0.0000	0.0000	0.0000	0.0000	0.0000	0.0000	0.0000	0.0000	0.0000	0.0000	0.0000	0.0000	0.0000	0.0000	0.0000
46	78	0.0821	14	1	0	1	0	0	0	0	0	0	0	2	1	0	0	0	0	0	0	N	N	N	N	Y	N	N	N	N	N	N	N	N	N	N	N	N	N	0.0000	0.0000	0.0000	0.0000	0.0000	0.0000	0.0000	0.0000	0.0000	0.0000	0.0000	0.0000	0.0000	0.0000	0.0000	0.0000	0.0000	0.0000	0.0014	0.0024	0.0000	0.0006	0.0007	0.0000	0.0015	0.0028	0.0000		0.0000	0.0000	-0.0000	1.1966	0.9998	1.0046	4.0242	0.0000	0.0000	0.0000	0.0000	0.0000	0.0000	0.0000	0.0000	0.0000	0.0000	0.0000	0.0000	0.0000	0.0000	0.0000	0.0000	0.0000	0.0000	0.0093	0.0081	0.0012	0.0005	0.0005	0.0000	0.0088	0.0076	0.0012	0.0154	0.0087	0.0067	0.0018	0.0015	0.0003	0.0135	0.0071	0.0064
46	79	0.0737	13	1	0	1	0	0	0	1	0	1	0	2	1	0	0	0	0	0	0	N	N	N	N	Y	N	N	N	N	N	N	N	N	N	N	N	N	N	0.0000	0.0000	0.0000	0.0000	0.0000	0.0000	0.0000	0.0000	0.0000	0.0000	0.0000	0.0000	0.0000	0.0000	0.0000	0.0000	0.0000	0.0000	0.0121	0.0205	0.0004	0.0975	0.1087	0.0002	0.0003	0.0002	0.0004		0.0155	0.0000	-0.0001	1.1966	2.0024	1.0046	2.0159	0.0000	0.0000	0.0000	0.0000	0.0000	0.0000	0.0000	0.0000	0.0000	0.0002	0.0002	0.0000	0.0002	0.0002	0.0000	0.0000	0.0000	0.0000	0.0186	0.0162	0.0024	0.0010	0.0010	0.0001	0.0176	0.0152	0.0023	0.0134	0.0078	0.0056	0.0016	0.0015	0.0002	0.0118	0.0063	0.0054
46	81	0.0934	15	1	0	0	0	0	0	0	0	0	1	1	2	0	0	0	0	0	0	N	N	N	N	N	Y	N	N	N	N	N	N	N	N	N	N	N	N	0.0000	0.0000	0.0000	0.0000	0.0000	0.0000	0.0000	0.0000	0.0000	0.0000	0.0000	0.0000	0.0000	0.0000	0.0000	0.0000	0.0000	0.0000	0.0000	0.0000	0.0000	0.0000	0.0000	0.0000	0.0000	0.0000	0.0000			0.0000	0.0000	1.1966	0.0000	1.0046	2.0000	0.0000	0.0000	0.0000	0.0000	0.0000	0.0000	0.0000	0.0000	0.0000	0.0000	0.0000	0.0000	0.0000	0.0000	0.0000	0.0000	0.0000	0.0000	0.0000	0.0000	0.0000	0.0000	0.0000	0.0000	0.0000	0.0000	0.0000	0.0061	0.0035	0.0026	0.0007	0.0006	0.0001	0.0054	0.0029	0.0025
46	82	0.0955	18	1	0	0	0	0	0	0	0	0	0	1	2	0	0	0	0	0	0	N	N	N	N	N	Y	N	N	N	N	N	N	N	N	N	N	N	N	0.0007	0.0005	0.0000	inf	inf	0.0000	0.0000	0.0000	0.0000	0.0000	0.0000	0.0000	0.0000	0.0000	0.0000	0.0000	0.0000	0.0000	0.0025	0.0043	0.0000	0.0000	0.0000	0.0000	0.0028	0.0052	0.0000	0.0000	0.0000	-0.0000	-0.0000	1.1966	1.0008	1.0046	3.0055	0.0000	0.0000	0.0000	0.0000	0.0000	0.0000	0.0000	0.0000	0.0000	0.0000	0.0000	0.0000	0.0000	0.0000	0.0000	0.0000	0.0000	0.0000	0.0093	0.0081	0.0012	0.0006	0.0005	0.0000	0.0087	0.0076	0.0012	0.0122	0.0070	0.0052	0.0014	0.0012	0.0002	0.0108	0.0058	0.0050
46	83	0.0934	17	1	0	0	0	0	0	0	0	0	1	1	2	0	0	0	0	0	0	N	N	N	N	N	Y	N	N	N	N	N	N	N	N	N	N	N	N	2032.7968	0.0000	inf	0.0000	0.0000	0.0000	1917.3728	0.0000	inf	0.0020	0.0000	0.0154	0.0000	0.0000	0.0000	0.0021	0.0000	0.0158	0.0000	0.0000	0.0000	0.0000	0.0000	0.0000	0.0000	0.0000	0.0000	inf	0.0000	0.0000	-0.0000	1.1966	0.0009	1.0046	1.0031	0.0000	0.0000	0.0000	0.0000	0.0000	0.0000	0.0000	0.0000	0.0000	0.0000	0.0000	0.0000	0.0000	0.0000	0.0000	0.0000	0.0000	0.0000	0.0000	0.0000	0.0000	0.0000	0.0000	0.0000	0.0000	0.0000	0.0000	0.0031	0.0017	0.0013	0.0003	0.0003	0.0001	0.0027	0.0015	0.0013
46	85	0.0934	16	1	0	0	0	0	0	0	0	0	1	1	2	0	0	0	0	0	0	N	N	N	N	N	Y	N	N	N	N	N	N	N	N	N	N	N	N	0.0000	0.0000	0.0000	0.0000	0.0000	0.0000	0.0000	0.0000	0.0000	0.0000	0.0000	0.0000	0.0000	0.0000	0.0000	0.0000	0.0000	0.0000	0.0000	0.0000	0.0000	0.0000	0.0000	0.0000	0.0000	0.0000	0.0000			0.0000	0.0000	1.1966	0.0000	1.0046	0.0000	0.0000	0.0000	0.0000	0.0000	0.0000	0.0000	0.0000	0.0000	0.0000	0.0000	0.0000	0.0000	0.0000	0.0000	0.0000	0.0000	0.0000	0.0000	0.0000	0.0000	0.0000	0.0000	0.0000	0.0000	0.0000	0.0000	0.0000	0.0000	0.0000	0.0000	0.0000	0.0000	0.0000	0.0000	0.0000	0.0000
46	90	0.0424	10	2	0	1	0	1	0	1	0	1	0	2	1	0	0	0	0	0	0	Y	N	N	N	Y	N	N	N	N	N	N	N	N	N	N	N	N	N	0.3095	0.0000	63.6915	0.0000	0.0000	0.0000	0.2944	0.0000	66.2661	0.0272	0.0000	0.2093	0.0000	0.0000	0.0000	0.0283	0.0000	0.2137	0.0879	0.1438	0.0033	0.0329	0.0346	0.0065	0.0962	0.1719	0.0032	inf	0.0151	0.0007	-0.0019	1.1966	6.9987	1.0046	5.3508	0.0017	0.0000	0.0017	0.0000	0.0000	0.0000	0.0017	0.0000	0.0017	0.0040	0.0040	0.0001	0.0002	0.0002	0.0000	0.0038	0.0038	0.0001	0.0629	0.0547	0.0082	0.0025	0.0023	0.0002	0.0604	0.0524	0.0080	0.0456	0.0275	0.0182	0.0060	0.0056	0.0003	0.0397	0.0218	0.0178
46	91	0.0491	12	2	0	1	0	1	0	1	0	0	0	1	1	0	0	0	0	0	0	Y	N	N	N	N	N	N	N	N	N	N	N	N	N	N	N	N	N	0.0000	0.0000	0.0000	0.0000	0.0000	0.0000	0.0000	0.0000	0.0000	0.0000	0.0000	0.0000	0.0000	0.0000	0.0000	0.0000	0.0000	0.0000	0.1480	0.0169	0.3221	0.0317	0.0276	0.0661	0.1601	0.0150	0.3283		14.3925	0.0000	0.0030	1.1966	1.0039	1.0046	13.1994	0.0000	0.0000	0.0000	0.0000	0.0000	0.0000	0.0000	0.0000	0.0000	0.0067	0.0004	0.0063	0.0001	0.0001	0.0000	0.0066	0.0003	0.0063	0.0093	0.0081	0.0012	0.0004	0.0004	0.0000	0.0089	0.0077	0.0012	0.0454	0.0259	0.0195	0.0043	0.0038	0.0005	0.0412	0.0221	0.0191
47	49	0.0379	9	2	0	1	0	0	0	0	0	2	1	2	1	0	0	0	0	0	0	Y	N	N	N	Y	N	N	N	N	N	N	N	N	N	N	N	N	N	0.0000	0.0000	0.0000	0.0000	0.0000	0.0000	0.0000	0.0000	0.0000	0.0000	0.0000	0.0000	0.0000	0.0000	0.0000	0.0000	0.0000	0.0000	0.0032	0.0058	0.0001	0.0342	0.0344	0.0000	0.0000	0.0000	0.0001		0.0087	0.0000	-0.0000	0.0039	1.9876	1.0628	9.5024	0.0000	0.0000	0.0000	0.0000	0.0000	0.0000	0.0000	0.0000	0.0000	0.0001	0.0001	0.0000	0.0001	0.0001	0.0000	0.0000	0.0000	0.0000	0.0002	0.0001	0.0000	0.0001	0.0001	0.0000	0.0001	0.0001	0.0000	0.0195	0.0108	0.0087	0.0018	0.0018	0.0000	0.0177	0.0090	0.0087
47	50	0.0364	8	2	0	1	0	0	0	0	0	1	1	1	1	0	0	0	0	0	0	Y	N	N	N	N	N	N	N	N	N	N	N	N	N	N	N	N	N	0.0000	0.0000	0.0000	0.0000	0.0000	0.0000	0.0000	0.0000	0.0000	0.0000	0.0000	0.0000	0.0000	0.0000	0.0000	0.0000	0.0000	0.0000	0.0809	0.1152	0.0347	0.2381	0.2383	0.0000	0.0205	0.0000	0.0347		0.2233	0.0000	-0.0001	0.0039	0.0279	1.0628	1.3258	0.0000	0.0000	0.0000	0.0000	0.0000	0.0000	0.0000	0.0000	0.0000	0.0004	0.0003	0.0001	0.0003	0.0003	0.0000	0.0001	0.0000	0.0001	0.0000	0.0000	0.0000	0.0000	0.0000	0.0000	0.0000	0.0000	0.0000	0.0044	0.0025	0.0019	0.0012	0.0012	0.0000	0.0032	0.0013	0.0019
47	51	0.0298	7	2	0	1	0	0	0	1	0	1	1	1	1	0	0	0	0	0	0	Y	N	N	N	N	N	N	N	N	N	N	N	N	N	N	N	N	N	0.0000	0.0000	0.0000	0.0000	0.0000	0.0000	0.0000	0.0000	0.0000	0.0000	0.0000	0.0000	0.0000	0.0000	0.0000	0.0000	0.0000	0.0000	11.1685	20.6689	0.2065	136.1270	136.6296	0.0006	0.1044	0.0000	0.2067		0.0087	0.0000	-0.0302	0.0039	0.0135	1.0628	3.2161	0.0000	0.0000	0.0000	0.0000	0.0000	0.0000	0.0000	0.0000	0.0000	0.0620	0.0614	0.0005	0.0614	0.0614	0.0000	0.0005	0.0000	0.0005	0.0000	0.0000	0.0000	0.0000	0.0000	0.0000	0.0000	0.0000	0.0000	0.0055	0.0030	0.0026	0.0005	0.0004	0.0000	0.0051	0.0025	0.0026
47	52	0.0042	2	2	0	1	0	0	0	1	0	2	1	2	1	0	0	0	0	0	0	Y	N	N	N	Y	N	N	N	N	N	N	N	N	N	N	N	N	N	0.0707	0.0004	11.1735	0.0004	0.0004	0.0000	9.2323	0.0000	11.1724	0.1349	0.0015	0.4064	0.0025	0.0025	0.0000	0.2170	0.0000	0.4064	1.9090	3.6109	0.0364	7.1737	7.1842	0.0319	0.0235	0.0000	0.0364	137.5108	0.0092	0.0000	-0.0285	0.0039	1.0059	1.0628	8.9560	0.0000	0.0000	0.0000	0.0000	0.0000	0.0000	0.0000	0.0000	0.0000	0.0586	0.0580	0.0005	0.0580	0.0580	0.0000	0.0005	0.0000	0.0005	0.0001	0.0001	0.0000	0.0001	0.0001	0.0000	0.0001	0.0000	0.0000	0.0307	0.0161	0.0146	0.0081	0.0081	0.0000	0.0226	0.0080	0.0146
47	54	0.0340	9	2	0	0	0	1	0	0	0	1	1	1	1	0	0	0	0	0	0	Y	N	N	N	N	N	N	N	N	N	N	N	N	N	N	N	N	N	0.0000	0.0000	0.0000	0.0000	0.0000	0.0000	0.0000	0.0000	0.0000	0.0000	0.0000	0.0000	0.0000	0.0000	0.0000	0.0000	0.0000	0.0000	0.0048	0.0017	0.0085	0.0000	0.0000	0.0008	0.0052	0.0019	0.0086		4.3333	0.0000	0.0001	0.0039	5.0000	1.0628	15.9866	0.0000	0.0000	0.0000	0.0000	0.0000	0.0000	0.0000	0.0000	0.0000	0.0002	0.0000	0.0001	0.0000	0.0000	0.0000	0.0002	0.0000	0.0001	0.0004	0.0003	0.0001	0.0001	0.0001	0.0000	0.0003	0.0002	0.0001	0.0331	0.0179	0.0152	0.0025	0.0025	0.0000	0.0306	0.0154	0.0152
47	55	0.3532	14	1	0	0	0	0	0	0	0	2	1	2	1	0	0	0	0	0	0	N	N	N	N	Y	N	N	N	N	N	N	N	N	N	N	N	N	N	0.0012	0.0006	1.3774	0.0035	0.0022	8.5241	0.0001	0.0000	0.1126	0.0017	0.0013	0.0051	0.0063	0.0045	0.0348	0.0001	0.0000	0.0004	1.4176	2.1827	0.0037	1.7991	2.0439	0.0041	1.0141	2.5020	0.0036	0.5333	0.0009	-0.0000	-0.1297	0.0039	17.6796	1.0628	56.5727	0.0000	0.0000	0.0000	0.0000	0.0000	0.0000	0.0000	0.0000	0.0000	0.2625	0.2622	0.0002	0.1712	0.1712	0.0000	0.0912	0.0911	0.0002	0.0007	0.0006	0.0001	0.0002	0.0002	0.0000	0.0005	0.0004	0.0001	0.1852	0.1201	0.0650	0.0952	0.0838	0.0114	0.0900	0.0364	0.0536
47	57	0.0194	6	2	0	1	0	0	0	1	0	1	1	2	2	0	0	0	0	0	0	Y	N	N	N	Y	Y	N	N	N	N	N	N	N	N	N	N	N	N	0.0000	0.0000	0.0000	0.0000	0.0000	0.0000	0.0000	0.0000	0.0000	0.0000	0.0000	0.0000	0.0000	0.0000	0.0000	0.0000	0.0000	0.0000	0.0000	0.0000	0.0000	0.0000	0.0000	0.0000	0.0000	0.0000	0.0000			0.0000	0.0000	0.0039	1.0000	1.0628	4.9984	0.0000	0.0000	0.0000	0.0000	0.0000	0.0000	0.0000	0.0000	0.0000	0.0000	0.0000	0.0000	0.0000	0.0000	0.0000	0.0000	0.0000	0.0000	0.0001	0.0001	0.0000	0.0000	0.0000	0.0000	0.0001	0.0000	0.0000	0.0104	0.0057	0.0047	0.0011	0.0010	0.0001	0.0093	0.0047	0.0046
47	58	0.0152	5	2	0	0	0	0	0	0	0	1	1	2	2	0	0	0	0	0	0	Y	N	N	N	Y	Y	N	N	N	N	N	N	N	N	N	N	N	N	0.0000	0.0000	0.0000	0.0000	0.0000	0.0000	0.0000	0.0000	0.0000	0.0000	0.0000	0.0000	0.0000	0.0000	0.0000	0.0000	0.0000	0.0000	0.0283	0.0490	0.0021	0.2519	0.2614	0.0163	0.0010	0.0000	0.0019		0.0336	0.0000	-0.0000	0.0039	0.0000	1.0628	2.0010	0.0000	0.0000	0.0000	0.0000	0.0000	0.0000	0.0000	0.0000	0.0000	0.0001	0.0001	0.0000	0.0001	0.0001	0.0000	0.0000	0.0000	0.0000	0.0000	0.0000	0.0000	0.0000	0.0000	0.0000	0.0000	0.0000	0.0000	0.0036	0.0020	0.0016	0.0004	0.0004	0.0000	0.0032	0.0016	0.0016
47	59	0.0084	4	2	0	0	0	0	0	0	0	2	1	2	2	0	0	0	0	0	0	Y	N	N	N	Y	Y	N	N	N	N	N	N	N	N	N	N	N	N	1.2138	39.6613	0.0085	29.2998	29.2908	0.0000	0.0108	0.0000	0.0085	0.2510	0.4950	0.0035	0.4998	0.4998	0.0000	0.0035	0.0000	0.0035	0.2068	0.0125	0.4116	0.0171	0.0171	0.0068	0.3209	0.0000	0.4118	0.0070	31.2775	-0.0000	0.0018	0.0039	0.0042	1.0628	3.0766	0.0000	0.0000	0.0000	0.0000	0.0000	0.0000	0.0000	0.0000	0.0000	0.0038	0.0001	0.0037	0.0001	0.0001	0.0000	0.0037	0.0000	0.0037	0.0000	0.0000	0.0000	0.0000	0.0000	0.0000	0.0000	0.0000	0.0000	0.0183	0.0094	0.0089	0.0069	0.0069	0.0000	0.0114	0.0025	0.0089
47	60	0.0084	3	2	0	0	0	0	0	0	0	1	2	1	2	0	0	0	0	0	0	Y	N	N	N	N	Y	N	N	N	N	N	N	N	N	N	N	N	N	0.9308	0.9405	0.9209	0.9412	0.9412	0.0000	0.9199	0.0000	0.9209	0.4861	0.4904	0.4817	0.4988	0.4988	0.0000	0.4736	0.0000	0.4817	0.5223	0.5214	0.5231	0.5299	0.5299	0.1211	0.5148	0.0004	0.5231	0.9591	1.0000	-0.0000	0.0000	0.0039	0.0086	1.0628	0.1203	0.0000	0.0000	0.0000	0.0000	0.0000	0.0000	0.0000	0.0000	0.0000	0.0069	0.0035	0.0035	0.0035	0.0035	0.0000	0.0035	0.0000	0.0035	0.0001	0.0000	0.0000	0.0000	0.0000	0.0000	0.0000	0.0000	0.0000	0.0133	0.0067	0.0066	0.0066	0.0066	0.0000	0.0067	0.0001	0.0066
47	64	0.0481	12	2	0	1	0	1	0	1	0	1	1	1	1	0	0	0	0	0	0	Y	N	N	N	N	N	N	N	N	N	N	N	N	N	N	N	N	N	0.0000	0.0000	0.0000	0.0000	0.0000	0.0000	0.0000	0.0000	0.0000	0.0000	0.0000	0.0000	0.0000	0.0000	0.0000	0.0000	0.0000	0.0000	0.0040	0.0068	0.0005	0.0000	0.0000	0.0000	0.0044	0.0083	0.0005		0.0667	0.0000	-0.0001	0.0039	3.9919	1.0628	21.4457	0.0000	0.0000	0.0000	0.0000	0.0000	0.0000	0.0000	0.0000	0.0000	0.0002	0.0001	0.0000	0.0000	0.0000	0.0000	0.0002	0.0001	0.0000	0.0003	0.0003	0.0001	0.0001	0.0001	0.0000	0.0002	0.0002	0.0001	0.0404	0.0220	0.0183	0.0040	0.0039	0.0001	0.0364	0.0181	0.0182
47	65	0.0580	13	1	0	0	0	0	0	0	0	1	2	1	2	0	0	0	0	0	0	N	N	N	N	N	Y	N	N	N	N	N	N	N	N	N	N	N	N	0.0000	0.0000	0.0000	0.0000	0.0000	0.0000	0.0000	0.0000	0.0000	0.0000	0.0000	0.0000	0.0000	0.0000	0.0000	0.0000	0.0000	0.0000	0.0000	0.0001	0.0000	0.0002	0.0002	0.0000	0.0000	0.0000	0.0000		0.0350	0.0000	-0.0000	0.0039	3.0012	1.0628	1.7329	0.0000	0.0000	0.0000	0.0000	0.0000	0.0000	0.0000	0.0000	0.0000	0.0000	0.0000	0.0000	0.0000	0.0000	0.0000	0.0000	0.0000	0.0000	0.0002	0.0002	0.0000	0.0001	0.0001	0.0000	0.0002	0.0001	0.0000	0.0088	0.0051	0.0037	0.0013	0.0012	0.0000	0.0075	0.0039	0.0037
47	71	0.0397	10	2	0	1	0	1	0	1	0	1	1	1	1	0	0	0	0	0	0	Y	N	N	N	N	N	N	N	N	N	N	N	N	N	N	N	N	N	0.0000	0.0000	0.0000	0.0000	0.0000	0.0000	0.0000	0.0000	0.0000	0.0000	0.0000	0.0000	0.0000	0.0000	0.0000	0.0000	0.0000	0.0000	0.0957	0.0097	0.2126	0.0392	0.0409	0.0025	0.1052	0.0000	0.2159		16.0411	0.0000	0.0015	0.0039	7.9989	1.0628	11.5475	0.0000	0.0000	0.0000	0.0000	0.0000	0.0000	0.0000	0.0000	0.0000	0.0033	0.0002	0.0031	0.0002	0.0002	0.0000	0.0031	0.0000	0.0031	0.0006	0.0005	0.0001	0.0002	0.0002	0.0000	0.0004	0.0003	0.0001	0.0348	0.0200	0.0147	0.0050	0.0048	0.0002	0.0298	0.0153	0.0145
47	72	0.0165	6	2	0	1	0	0	0	1	0	1	1	1	1	0	0	0	0	0	0	Y	N	N	N	N	N	N	N	N	N	N	N	N	N	N	N	N	N	0.1001	4.1296	0.0020	1.8181	1.8205	0.0000	0.0009	0.0000	0.0020	0.0008	0.0010	0.0000	0.0024	0.0024	0.0000	0.0000	0.0000	0.0000	0.0080	0.0002	0.0170	0.0013	0.0013	0.0000	0.0087	0.0000	0.0170	0.0068	63.8121	-0.0000	0.0001	0.0039	3.9977	1.0628	10.1847	0.0000	0.0000	0.0000	0.0000	0.0000	0.0000	0.0000	0.0000	0.0000	0.0002	0.0000	0.0002	0.0000	0.0000	0.0000	0.0002	0.0000	0.0002	0.0003	0.0003	0.0001	0.0001	0.0001	0.0000	0.0002	0.0002	0.0001	0.0246	0.0132	0.0114	0.0023	0.0023	0.0000	0.0223	0.0109	0.0114
47	77	0.0878	14	1	0	1	0	0	0	0	0	1	1	2	1	0	0	0	0	0	0	N	N	N	N	Y	N	N	N	N	N	N	N	N	N	N	N	N	N	0.0000	0.0000	0.0000	0.0000	0.0000	0.0000	0.0000	0.0000	0.0000	0.0000	0.0000	0.0000	0.0000	0.0000	0.0000	0.0000	0.0000	0.0000	0.0000	0.0000	0.0000	0.0000	0.0000	0.0000	0.0000	0.0000	0.0000			0.0000	0.0000	0.0039	0.0000	1.0628	0.0000	0.0000	0.0000	0.0000	0.0000	0.0000	0.0000	0.0000	0.0000	0.0000	0.0000	0.0000	0.0000	0.0000	0.0000	0.0000	0.0000	0.0000	0.0000	0.0000	0.0000	0.0000	0.0000	0.0000	0.0000	0.0000	0.0000	0.0000	0.0000	0.0000	0.0000	0.0000	0.0000	0.0000	0.0000	0.0000	0.0000
47	78	0.0771	13	1	0	1	0	0	0	0	0	1	1	2	1	0	0	0	0	0	0	N	N	N	N	Y	N	N	N	N	N	N	N	N	N	N	N	N	N	0.0000	0.0000	0.0000	0.0000	0.0000	0.0000	0.0000	0.0000	0.0000	0.0000	0.0000	0.0000	0.0000	0.0000	0.0000	0.0000	0.0000	0.0000	0.0001	0.0002	0.0000	0.0005	0.0006	0.0000	0.0001	0.0001	0.0000		0.0299	0.0000	-0.0000	0.0039	0.9998	1.0628	4.0242	0.0000	0.0000	0.0000	0.0000	0.0000	0.0000	0.0000	0.0000	0.0000	0.0000	0.0000	0.0000	0.0000	0.0000	0.0000	0.0000	0.0000	0.0000	0.0001	0.0001	0.0000	0.0000	0.0000	0.0000	0.0001	0.0000	0.0000	0.0079	0.0044	0.0035	0.0012	0.0010	0.0001	0.0067	0.0034	0.0033
47	79	0.0688	12	1	0	1	0	0	0	1	0	2	1	2	1	0	0	0	0	0	0	N	N	N	N	Y	N	N	N	N	N	N	N	N	N	N	N	N	N	0.0000	0.0000	0.0000	0.0000	0.0000	0.0000	0.0000	0.0000	0.0000	0.0000	0.0000	0.0000	0.0000	0.0000	0.0000	0.0000	0.0000	0.0000	0.0516	0.0881	0.0038	0.1642	0.1742	0.0003	0.0255	0.0488	0.0038		0.0324	0.0000	-0.0002	0.0039	2.0024	1.0628	2.0159	0.0000	0.0000	0.0000	0.0000	0.0000	0.0000	0.0000	0.0000	0.0000	0.0004	0.0004	0.0000	0.0002	0.0002	0.0000	0.0002	0.0001	0.0000	0.0002	0.0001	0.0000	0.0001	0.0001	0.0000	0.0001	0.0001	0.0000	0.0077	0.0044	0.0033	0.0015	0.0014	0.0001	0.0063	0.0030	0.0033
47	81	0.0884	14	1	0	0	0	0	0	0	0	1	2	1	2	0	0	0	0	0	0	N	N	N	N	N	Y	N	N	N	N	N	N	N	N	N	N	N	N	0.0000	0.0000	0.0000	0.0000	0.0000	0.0000	0.0000	0.0000	0.0000	0.0000	0.0000	0.0000	0.0000	0.0000	0.0000	0.0000	0.0000	0.0000	0.0000	0.0000	0.0000	0.0000	0.0000	0.0000	0.0000	0.0000	0.0000			0.0000	0.0000	0.0039	0.0000	1.0628	2.0000	0.0000	0.0000	0.0000	0.0000	0.0000	0.0000	0.0000	0.0000	0.0000	0.0000	0.0000	0.0000	0.0000	0.0000	0.0000	0.0000	0.0000	0.0000	0.0000	0.0000	0.0000	0.0000	0.0000	0.0000	0.0000	0.0000	0.0000	0.0031	0.0018	0.0014	0.0005	0.0004	0.0001	0.0027	0.0014	0.0013
47	82	0.0905	17	1	0	0	0	0	0	0	0	1	1	1	2	0	0	0	0	0	0	N	N	N	N	N	Y	N	N	N	N	N	N	N	N	N	N	N	N	inf	inf	inf	inf	inf	0.0000	inf	0.0000	inf	0.0268	0.0332	0.0009	0.0744	0.0746	0.0000	0.0003	0.0000	0.0009	0.0000	0.0000	0.0000	0.0000	0.0000	0.0000	0.0000	0.0000	0.0000	0.0068		-0.0000	0.0000	0.0039	1.0008	1.0628	3.0055	0.0000	0.0000	0.0000	0.0000	0.0000	0.0000	0.0000	0.0000	0.0000	0.0000	0.0000	0.0000	0.0000	0.0000	0.0000	0.0000	0.0000	0.0000	0.0001	0.0001	0.0000	0.0000	0.0000	0.0000	0.0001	0.0000	0.0000	0.0063	0.0036	0.0027	0.0009	0.0008	0.0001	0.0054	0.0027	0.0026
47	83	0.0884	16	1	0	0	0	0	0	0	0	1	2	1	2	0	0	0	0	0	0	N	N	N	N	N	Y	N	N	N	N	N	N	N	N	N	N	N	N	inf	inf	inf	inf	inf	0.0000	inf	0.0000	inf	32.4210	0.2616	198.6674	0.6427	0.6449	0.0000	48.8673	0.0000	200.1481	0.0000	0.0000	0.0000	0.0000	0.0000	0.0000	0.0000	0.0000	0.0000	146.9276		0.0000	0.0000	0.0039	0.0009	1.0628	1.0031	0.0000	0.0000	0.0000	0.0000	0.0000	0.0000	0.0000	0.0000	0.0000	0.0000	0.0000	0.0000	0.0000	0.0000	0.0000	0.0000	0.0000	0.0000	0.0000	0.0000	0.0000	0.0000	0.0000	0.0000	0.0000	0.0000	0.0000	0.0016	0.0009	0.0007	0.0002	0.0002	0.0000	0.0014	0.0007	0.0007
47	85	0.0884	15	1	0	0	0	0	0	0	0	1	2	1	2	0	0	0	0	0	0	N	N	N	N	N	Y	N	N	N	N	N	N	N	N	N	N	N	N	0.0000	0.0000	0.0000	0.0000	0.0000	0.0000	0.0000	0.0000	0.0000	0.0000	0.0000	0.0000	0.0000	0.0000	0.0000	0.0000	0.0000	0.0000	0.0000	0.0000	0.0000	0.0000	0.0000	0.0000	0.0000	0.0000	0.0000			0.0000	0.0000	0.0039	0.0000	1.0628	0.0000	0.0000	0.0000	0.0000	0.0000	0.0000	0.0000	0.0000	0.0000	0.0000	0.0000	0.0000	0.0000	0.0000	0.0000	0.0000	0.0000	0.0000	0.0000	0.0000	0.0000	0.0000	0.0000	0.0000	0.0000	0.0000	0.0000	0.0000	0.0000	0.0000	0.0000	0.0000	0.0000	0.0000	0.0000	0.0000	0.0000
47	90	0.0375	9	2	0	1	0	1	0	1	0	2	1	2	1	0	0	0	0	0	0	Y	N	N	N	Y	N	N	N	N	N	N	N	N	N	N	N	N	N	1170.6791	5.6499	251564.8142	4.3317	4.1756	0.0000	14428.8291	0.0000	249043.5780	5.1756	0.0418	31.7020	0.1049	0.1052	0.0000	7.7133	0.0000	31.8785	0.0044	0.0074	0.0001	0.0242	0.0252	0.0000	0.0005	0.0009	0.0001	146.9276	0.0118	0.0012	-0.0001	0.0039	6.9987	1.0628	5.3508	0.0029	0.0000	0.0029	0.0000	0.0000	0.0000	0.0029	0.0000	0.0029	0.0001	0.0001	0.0000	0.0001	0.0001	0.0000	0.0000	0.0000	0.0000	0.0006	0.0005	0.0001	0.0002	0.0002	0.0000	0.0004	0.0003	0.0001	0.0240	0.0142	0.0098	0.0039	0.0038	0.0002	0.0201	0.0104	0.0097
47	91	0.0441	11	2	0	1	0	1	0	1	0	1	1	1	1	0	0	0	0	0	0	Y	N	N	N	N	N	N	N	N	N	N	N	N	N	N	N	N	N	0.0000	0.0000	0.0000	0.0000	0.0000	0.0000	0.0000	0.0000	0.0000	0.0000	0.0000	0.0000	0.0000	0.0000	0.0000	0.0000	0.0000	0.0000	39.0808	0.0063	90.1134	0.0313	0.0163	0.2630	46.2106	0.0029	92.1009		10921.1030	0.0000	0.4967	0.0039	1.0039	1.0628	13.1994	0.0000	0.0000	0.0000	0.0000	0.0000	0.0000	0.0000	0.0000	0.0000	0.9842	0.0001	0.9841	0.0001	0.0001	0.0001	0.9841	0.0000	0.9841	0.0001	0.0001	0.0000	0.0000	0.0000	0.0000	0.0001	0.0000	0.0000	0.0252	0.0143	0.0109	0.0039	0.0037	0.0002	0.0213	0.0106	0.0107
48	49	0.0358	8	2	0	1	0	0	0	0	0	1	0	1	0	0	0	0	0	0	0	Y	N	N	N	N	N	N	N	N	N	N	N	N	N	N	N	N	N	0.0000	0.0000	0.0000	0.0000	0.0000	0.0000	0.0000	0.0000	0.0000	0.0000	0.0000	0.0000	0.0000	0.0000	0.0000	0.0000	0.0000	0.0000	0.0062	0.0054	0.0073	0.0320	0.0322	0.0000	0.0036	0.0000	0.0073		1.1321	0.0000	0.0000	0.0093	1.9876	1.1245	9.5024	0.0000	0.0000	0.0000	0.0000	0.0000	0.0000	0.0000	0.0000	0.0000	0.0001	0.0001	0.0001	0.0001	0.0001	0.0000	0.0001	0.0000	0.0001	0.0003	0.0003	0.0001	0.0001	0.0001	0.0000	0.0002	0.0002	0.0001	0.0207	0.0113	0.0094	0.0019	0.0019	0.0000	0.0188	0.0094	0.0094
48	50	0.0343	7	2	0	1	0	0	0	0	0	0	0	0	0	0	0	0	0	0	0	Y	N	N	N	N	N	N	N	N	N	N	N	N	N	N	N	N	N	0.0000	0.0000	0.0000	0.0000	0.0000	0.0000	0.0000	0.0000	0.0000	0.0000	0.0000	0.0000	0.0000	0.0000	0.0000	0.0000	0.0000	0.0000	0.1453	0.1288	0.1673	0.2666	0.2669	0.0000	0.0992	0.0000	0.1674		0.9781	0.0000	-0.0000	0.0093	0.0279	1.1245	1.3258	0.0000	0.0000	0.0000	0.0000	0.0000	0.0000	0.0000	0.0000	0.0000	0.0007	0.0003	0.0003	0.0003	0.0003	0.0000	0.0003	0.0000	0.0003	0.0000	0.0000	0.0000	0.0000	0.0000	0.0000	0.0000	0.0000	0.0000	0.0046	0.0026	0.0020	0.0013	0.0013	0.0000	0.0033	0.0014	0.0020
48	51	0.0278	6	2	0	1	0	0	0	1	0	0	0	0	0	0	0	0	0	0	0	Y	N	N	N	N	N	N	N	N	N	N	N	N	N	N	N	N	N	0.0000	0.0000	0.0000	0.0000	0.0000	0.0000	0.0000	0.0000	0.0000	0.0000	0.0000	0.0000	0.0000	0.0000	0.0000	0.0000	0.0000	0.0000	19.9739	19.2212	20.8165	128.9281	129.4099	0.0000	10.6618	0.0000	20.8294		0.9676	0.0000	-0.0004	0.0093	0.0135	1.1245	3.2161	0.0000	0.0000	0.0000	0.0000	0.0000	0.0000	0.0000	0.0000	0.0000	0.1171	0.0595	0.0576	0.0595	0.0595	0.0000	0.0576	0.0000	0.0576	0.0000	0.0000	0.0000	0.0000	0.0000	0.0000	0.0000	0.0000	0.0000	0.0059	0.0031	0.0028	0.0005	0.0005	0.0000	0.0054	0.0026	0.0028
48	54	0.0320	8	2	0	0	0	1	0	0	0	0	0	0	0	0	0	0	0	0	0	Y	N	N	N	N	N	N	N	N	N	N	N	N	N	N	N	N	N	0.0000	0.0000	0.0000	0.0000	0.0000	0.0000	0.0000	0.0000	0.0000	0.0000	0.0000	0.0000	0.0000	0.0000	0.0000	0.0000	0.0000	0.0000	0.0049	0.0091	0.0000	0.0670	0.0673	0.0001	0.0000	0.0000	0.0000		0.0000	0.0000	-0.0001	0.0093	5.0000	1.1245	15.9866	0.0000	0.0000	0.0000	0.0000	0.0000	0.0000	0.0000	0.0000	0.0000	0.0002	0.0002	0.0000	0.0002	0.0002	0.0000	0.0000	0.0000	0.0000	0.0009	0.0007	0.0001	0.0003	0.0003	0.0000	0.0006	0.0005	0.0001	0.0350	0.0186	0.0163	0.0025	0.0025	0.0000	0.0324	0.0161	0.0163
48	57	0.0173	5	2	0	1	0	0	0	1	0	0	0	1	1	0	0	0	0	0	0	Y	N	N	N	N	N	N	N	N	N	N	N	N	N	N	N	N	N	0.0000	0.0000	0.0000	0.0000	0.0000	0.0000	0.0000	0.0000	0.0000	0.0000	0.0000	0.0000	0.0000	0.0000	0.0000	0.0000	0.0000	0.0000	0.0000	0.0000	0.0000	0.0000	0.0000	0.0000	0.0000	0.0000	0.0000			0.0000	0.0000	0.0093	1.0000	1.1245	4.9984	0.0000	0.0000	0.0000	0.0000	0.0000	0.0000	0.0000	0.0000	0.0000	0.0000	0.0000	0.0000	0.0000	0.0000	0.0000	0.0000	0.0000	0.0000	0.0002	0.0001	0.0000	0.0001	0.0001	0.0000	0.0001	0.0001	0.0000	0.0111	0.0061	0.0050	0.0011	0.0011	0.0000	0.0100	0.0050	0.0050
48	58	0.0131	4	2	0	0	0	0	0	0	0	0	0	1	1	0	0	0	0	0	0	Y	N	N	N	N	N	N	N	N	N	N	N	N	N	N	N	N	N	0.0000	0.0000	0.0000	0.0000	0.0000	0.0000	0.0000	0.0000	0.0000	0.0000	0.0000	0.0000	0.0000	0.0000	0.0000	0.0000	0.0000	0.0000	0.0298	0.0062	0.0595	0.0316	0.0327	0.0000	0.0296	0.0000	0.0600		7.7100	0.0000	0.0000	0.0093	0.0000	1.1245	2.0010	0.0000	0.0000	0.0000	0.0000	0.0000	0.0000	0.0000	0.0000	0.0000	0.0001	0.0000	0.0001	0.0000	0.0000	0.0000	0.0001	0.0000	0.0001	0.0000	0.0000	0.0000	0.0000	0.0000	0.0000	0.0000	0.0000	0.0000	0.0039	0.0022	0.0017	0.0004	0.0004	0.0000	0.0035	0.0017	0.0017
48	59	0.0063	3	2	0	0	0	0	0	0	0	1	0	1	1	0	0	0	0	0	0	Y	N	N	N	N	N	N	N	N	N	N	N	N	N	N	N	N	N	0.9758	1.3024	0.6448	0.9792	0.9791	0.0000	0.8026	0.0000	0.6448	0.3709	0.4948	0.2452	0.4998	0.4998	0.0000	0.2427	0.0000	0.2452	0.3800	0.3799	0.3802	0.5105	0.5105	0.0000	0.3023	0.0301	0.3802	0.4884	0.9512	-0.0000	-0.0001	0.0093	0.0042	1.1245	3.0766	0.0000	0.0000	0.0000	0.0000	0.0000	0.0000	0.0000	0.0000	0.0000	0.0073	0.0037	0.0035	0.0036	0.0036	0.0000	0.0036	0.0001	0.0035	0.0001	0.0001	0.0000	0.0000	0.0000	0.0000	0.0001	0.0000	0.0000	0.0191	0.0098	0.0093	0.0071	0.0071	0.0000	0.0120	0.0027	0.0093
48	60	0.0063	2	2	0	0	0	0	0	0	0	0	1	0	1	0	0	0	0	0	0	Y	N	N	N	N	N	N	N	N	N	N	N	N	N	N	N	N	N	0.7518	0.7484	0.7553	0.7505	0.7505	0.0000	0.7530	0.0000	0.7553	0.7183	0.7150	0.7217	0.7278	0.7278	0.0000	0.7090	0.0000	0.7217	0.9555	0.9554	0.9555	0.9699	0.9699	0.0305	0.9415	0.0867	0.9555	0.9855	0.9970	-0.0000	0.0001	0.0093	0.0086	1.1245	0.1203	0.0001	0.0000	0.0000	0.0000	0.0000	0.0000	0.0000	0.0000	0.0000	0.0132	0.0066	0.0066	0.0066	0.0066	0.0000	0.0066	0.0000	0.0066	0.0001	0.0001	0.0001	0.0001	0.0001	0.0000	0.0001	0.0000	0.0001	0.0139	0.0069	0.0069	0.0068	0.0068	0.0000	0.0070	0.0001	0.0069
48	64	0.0460	11	2	0	1	0	1	0	1	0	0	0	0	0	0	0	0	0	0	0	Y	N	N	N	N	N	N	N	N	N	N	N	N	N	N	N	N	N	0.0000	0.0000	0.0000	0.0000	0.0000	0.0000	0.0000	0.0000	0.0000	0.0000	0.0000	0.0000	0.0000	0.0000	0.0000	0.0000	0.0000	0.0000	0.0007	0.0000	0.0015	0.0000	0.0000	0.0003	0.0008	0.0000	0.0015		inf	0.0000	0.0000	0.0093	3.9919	1.1245	21.4457	0.0000	0.0000	0.0000	0.0000	0.0000	0.0000	0.0000	0.0000	0.0000	0.0000	0.0000	0.0000	0.0000	0.0000	0.0000	0.0000	0.0000	0.0000	0.0007	0.0006	0.0001	0.0002	0.0002	0.0000	0.0005	0.0004	0.0001	0.0426	0.0229	0.0197	0.0041	0.0040	0.0001	0.0385	0.0189	0.0196
48	71	0.0376	9	2	0	1	0	1	0	1	0	0	0	0	0	0	0	0	0	0	0	Y	N	N	N	N	N	N	N	N	N	N	N	N	N	N	N	N	N	0.0000	0.0000	0.0000	0.0000	0.0000	0.0000	0.0000	0.0000	0.0000	0.0000	0.0000	0.0000	0.0000	0.0000	0.0000	0.0000	0.0000	0.0000	0.0078	0.0084	0.0071	0.0176	0.0184	0.0000	0.0062	0.0053	0.0072		0.6356	0.0000	-0.0000	0.0093	7.9989	1.1245	11.5475	0.0000	0.0000	0.0000	0.0000	0.0000	0.0000	0.0000	0.0000	0.0000	0.0003	0.0002	0.0001	0.0001	0.0001	0.0000	0.0002	0.0001	0.0001	0.0014	0.0011	0.0002	0.0004	0.0004	0.0000	0.0009	0.0007	0.0002	0.0367	0.0209	0.0158	0.0052	0.0049	0.0002	0.0315	0.0159	0.0156
48	72	0.0144	5	2	0	1	0	0	0	1	0	0	0	0	0	0	0	0	0	0	0	Y	N	N	N	N	N	N	N	N	N	N	N	N	N	N	N	N	N	0.0172	0.0802	0.0181	0.0647	0.0649	0.0000	0.0075	0.0000	0.0181	0.0011	0.0009	0.0023	0.0025	0.0025	0.0000	0.0005	0.0000	0.0023	0.0668	0.0115	0.1278	0.0388	0.0388	0.0000	0.0719	0.0000	0.1278	0.4885	10.1107	-0.0000	0.0009	0.0093	3.9977	1.1245	10.1847	0.0000	0.0000	0.0000	0.0000	0.0000	0.0000	0.0000	0.0000	0.0000	0.0021	0.0002	0.0019	0.0002	0.0002	0.0000	0.0019	0.0000	0.0019	0.0007	0.0006	0.0001	0.0002	0.0002	0.0000	0.0005	0.0004	0.0001	0.0309	0.0162	0.0147	0.0048	0.0048	0.0000	0.0261	0.0114	0.0147
48	90	0.0354	8	2	0	1	0	1	0	1	0	1	0	1	0	0	0	0	0	0	0	Y	N	N	N	N	N	N	N	N	N	N	N	N	N	N	N	N	N	1768.3223	409.2593	270031.4088	3126.8468	3022.3954	0.0000	1604.0685	0.0000	267874.7701	7.3839	2.8901	30.7037	7.7377	7.7627	0.0000	7.2226	0.0000	30.8964	0.0042	0.0071	0.0001	0.0025	0.0026	0.0000	0.0045	0.0087	0.0001	2.0472	0.0114	0.0009	-0.0001	0.0093	6.9987	1.1245	5.3508	0.0089	0.0029	0.0060	0.0029	0.0029	0.0000	0.0060	0.0000	0.0060	0.0001	0.0001	0.0000	0.0000	0.0000	0.0000	0.0001	0.0001	0.0000	0.0012	0.0010	0.0002	0.0004	0.0004	0.0000	0.0008	0.0006	0.0002	0.0253	0.0148	0.0105	0.0041	0.0039	0.0001	0.0212	0.0109	0.0104
48	91	0.0420	10	2	0	1	0	1	0	1	0	0	0	0	0	0	0	0	0	0	0	Y	N	N	N	N	N	N	N	N	N	N	N	N	N	N	N	N	N	0.0000	0.0000	0.0000	0.0000	0.0000	0.0000	0.0000	0.0000	0.0000	0.0000	0.0000	0.0000	0.0000	0.0000	0.0000	0.0000	0.0000	0.0000	0.3577	0.0150	0.7927	0.0477	0.0507	0.0023	0.4131	0.0028	0.8097		41.6632	0.0000	0.0046	0.0093	1.0039	1.1245	13.1994	0.0000	0.0000	0.0000	0.0000	0.0000	0.0000	0.0000	0.0000	0.0000	0.0095	0.0002	0.0093	0.0002	0.0002	0.0000	0.0093	0.0000	0.0093	0.0002	0.0001	0.0000	0.0001	0.0001	0.0000	0.0001	0.0001	0.0000	0.0266	0.0149	0.0117	0.0040	0.0038	0.0002	0.0225	0.0111	0.0115
49	53	0.0548	7	2	0	1	0	0	0	0	0	1	0	1	0	0	0	0	0	0	0	Y	N	N	N	N	N	N	N	N	N	N	N	N	N	N	N	N	N	0.0000	0.0000	0.0000	0.0000	0.0000	0.0000	0.0000	0.0000	0.0000	0.0000	0.0000	0.0000	0.0000	0.0000	0.0000	0.0000	0.0000	0.0000	0.0032	0.0028	0.0037	0.0216	0.0218	0.0000	0.0018	0.0000	0.0037		1.0811	0.0000	0.0000	1.9876	0.9898	9.5024	1.1155	0.0000	0.0000	0.0000	0.0000	0.0000	0.0000	0.0000	0.0000	0.0000	0.0001	0.0001	0.0001	0.0001	0.0001	0.0000	0.0001	0.0000	0.0001	0.0152	0.0132	0.0020	0.0006	0.0006	0.0000	0.0146	0.0126	0.0020	0.0367	0.0202	0.0165	0.0026	0.0026	0.0000	0.0341	0.0176	0.0165
49	54	0.0375	5	2	0	1	0	1	0	0	0	1	0	1	0	0	0	0	0	0	0	Y	N	N	N	N	N	N	N	N	N	N	N	N	N	N	N	N	N	inf	inf	inf	inf	inf	inf	inf	0.0000	inf	13.3851	0.0022	101.0596	0.1882	0.1885	0.1845	13.5275	0.0000	101.6157	0.0000	0.0000	0.0000	0.0000	0.0000	0.0000	0.0000	0.0000	0.0000	7135.7143		0.4242	0.0000	1.9876	5.0000	9.5024	15.9866	0.9991	0.0001	0.9990	0.0001	0.0001	0.0000	0.9990	0.0000	0.9990	0.0000	0.0000	0.0000	0.0000	0.0000	0.0000	0.0000	0.0000	0.0000	0.0746	0.0648	0.0099	0.0008	0.0007	0.0001	0.0738	0.0640	0.0098	0.3319	0.1837	0.1482	0.0169	0.0168	0.0001	0.3150	0.1669	0.1481
49	55	0.3567	10	1	0	1	0	0	0	0	0	2	0	2	0	0	0	0	0	0	0	N	N	N	N	Y	N	N	N	N	N	N	N	N	N	N	N	N	N	0.0006	0.0005	0.0005	0.0067	0.0060	79.1308	0.0002	0.0001	0.0001	0.0005	0.0005	0.0001	0.0011	0.0011	0.0008	0.0003	0.0003	0.0000	0.7581	0.9925	0.2816	0.1588	0.1824	0.0000	1.3528	2.4768	0.3501	0.0369	0.1396	-0.0001	-0.4631	1.9876	17.6796	9.5024	56.5727	0.0002	0.0001	0.0000	0.0001	0.0001	0.0000	0.0001	0.0001	0.0000	1.2422	1.0901	0.1522	0.1296	0.1296	0.0000	1.1126	0.9605	0.1522	0.3261	0.2876	0.0385	0.0770	0.0719	0.0051	0.2492	0.2157	0.0334	1.6387	1.0983	0.5404	0.8162	0.7105	0.1057	0.8225	0.3878	0.4347
49	58	0.0617	9	2	0	1	0	0	0	0	0	1	0	2	1	0	0	0	0	0	0	Y	N	N	N	Y	N	N	N	N	N	N	N	N	N	N	N	N	N	0.0000	0.0000	0.0000	0.0000	0.0000	0.0000	0.0000	0.0000	0.0000	0.0000	0.0000	0.0000	0.0000	0.0000	0.0000	0.0000	0.0000	0.0000	0.0000	0.0000	0.0000	0.0000	0.0000	0.0000	0.0000	0.0000	0.0000		0.0000	0.0000	-0.0000	1.9876	0.0000	9.5024	2.0010	0.0000	0.0000	0.0000	0.0000	0.0000	0.0000	0.0000	0.0000	0.0000	0.0000	0.0000	0.0000	0.0000	0.0000	0.0000	0.0000	0.0000	0.0000	0.0000	0.0000	0.0000	0.0000	0.0000	0.0000	0.0000	0.0000	0.0000	0.0343	0.0193	0.0150	0.0028	0.0027	0.0002	0.0315	0.0166	0.0149
49	59	0.0548	8	2	0	1	0	0	0	0	0	2	0	2	1	0	0	0	0	0	0	Y	N	N	N	Y	N	N	N	N	N	N	N	N	N	N	N	N	N	0.0000	0.0000	0.0000	0.0000	0.0000	0.0000	0.0000	0.0000	0.0000	0.0000	0.0000	0.0000	0.0000	0.0000	0.0000	0.0000	0.0000	0.0000	0.0011	0.0021	0.0000	0.0175	0.0177	0.0000	0.0000	0.0000	0.0000		0.0008	0.0000	-0.0000	1.9876	0.0042	9.5024	3.0766	0.0000	0.0000	0.0000	0.0000	0.0000	0.0000	0.0000	0.0000	0.0000	0.0001	0.0001	0.0000	0.0001	0.0001	0.0000	0.0000	0.0000	0.0000	0.0002	0.0002	0.0000	0.0001	0.0001	0.0000	0.0001	0.0001	0.0000	0.0527	0.0290	0.0237	0.0034	0.0034	0.0000	0.0493	0.0256	0.0237
49	60	0.0548	7	2	0	1	0	0	0	0	0	1	1	1	1	0	0	0	0	0	0	Y	N	N	N	N	N	N	N	N	N	N	N	N	N	N	N	N	N	0.0000	0.0000	0.0000	0.0000	0.0000	0.0000	0.0000	0.0000	0.0000	0.0000	0.0000	0.0000	0.0000	0.0000	0.0000	0.0000	0.0000	0.0000	0.0305	0.0287	0.0325	0.0644	0.0645	0.0000	0.0200	0.0000	0.0326		1.0000	0.0000	0.0000	1.9876	0.0086	9.5024	0.1203	0.0000	0.0000	0.0000	0.0000	0.0000	0.0000	0.0000	0.0000	0.0000	0.0001	0.0001	0.0001	0.0001	0.0001	0.0000	0.0001	0.0000	0.0001	0.0003	0.0002	0.0000	0.0001	0.0001	0.0000	0.0002	0.0002	0.0000	0.0037	0.0020	0.0017	0.0009	0.0009	0.0000	0.0028	0.0011	0.0017
49	61	0.0504	6	2	0	1	0	0	0	0	0	1	0	1	0	0	0	0	0	0	0	Y	N	N	N	N	N	N	N	N	N	N	N	N	N	N	N	N	N	0.0000	0.0000	0.0000	0.0000	0.0000	0.0000	0.0000	0.0000	0.0000	0.0000	0.0000	0.0000	0.0000	0.0000	0.0000	0.0000	0.0000	0.0000	0.0030	0.0028	0.0034	0.0217	0.0219	0.0000	0.0016	0.0000	0.0034		0.9975	0.0000	0.0000	1.9876	2.0089	9.5024	0.1204	0.0000	0.0000	0.0000	0.0000	0.0000	0.0000	0.0000	0.0000	0.0000	0.0001	0.0001	0.0001	0.0001	0.0001	0.0000	0.0001	0.0000	0.0001	0.0305	0.0265	0.0040	0.0011	0.0010	0.0001	0.0294	0.0255	0.0040	0.0370	0.0203	0.0167	0.0026	0.0026	0.0000	0.0344	0.0177	0.0166
49	62	0.0481	5	2	0	1	0	0	0	0	0	1	0	1	0	0	0	0	0	0	0	Y	N	N	N	N	N	N	N	N	N	N	N	N	N	N	N	N	N	0.0000	0.0000	0.0000	0.0000	0.0000	0.0000	0.0000	0.0000	0.0000	0.0000	0.0000	0.0000	0.0000	0.0000	0.0000	0.0000	0.0000	0.0000	0.0028	0.0012	0.0049	0.0093	0.0094	0.0000	0.0024	0.0000	0.0049		3.4616	0.0000	0.0000	1.9876	1.4554	9.5024	0.0966	0.0000	0.0000	0.0000	0.0000	0.0000	0.0000	0.0000	0.0000	0.0000	0.0001	0.0000	0.0001	0.0000	0.0000	0.0000	0.0001	0.0000	0.0001	0.0220	0.0191	0.0029	0.0006	0.0006	0.0000	0.0214	0.0185	0.0029	0.0269	0.0148	0.0121	0.0018	0.0018	0.0000	0.0251	0.0130	0.0121
49	63	0.0467	4	2	0	1	0	0	0	0	0	1	0	1	0	0	0	0	0	0	0	Y	N	N	N	N	N	N	N	N	N	N	N	N	N	N	N	N	N	0.0000	0.0000	0.0000	0.0000	0.0000	0.0000	0.0000	0.0000	0.0000	0.0000	0.0000	0.0000	0.0000	0.0000	0.0000	0.0000	0.0000	0.0000	0.0009	0.0002	0.0017	0.0004	0.0004	0.0000	0.0010	0.0000	0.0017		8.5436	0.0000	0.0000	1.9876	0.0090	9.5024	0.8380	0.0000	0.0000	0.0000	0.0000	0.0000	0.0000	0.0000	0.0000	0.0000	0.0000	0.0000	0.0000	0.0000	0.0000	0.0000	0.0000	0.0000	0.0000	0.0002	0.0001	0.0000	0.0000	0.0000	0.0000	0.0001	0.0001	0.0000	0.0223	0.0119	0.0104	0.0047	0.0047	0.0000	0.0175	0.0071	0.0104
49	73	0.0333	3	2	0	1	0	0	0	0	0	1	0	1	0	0	0	0	0	0	0	Y	N	N	N	N	N	N	N	N	N	N	N	N	N	N	N	N	N	0.0018	0.0000	0.0189	0.0000	0.0000	0.0000	0.0053	0.0000	0.0189	0.0000	0.0000	0.0000	0.0000	0.0000	0.0000	0.0000	0.0000	0.0000	0.0001	0.0001	0.0000	0.0009	0.0009	0.0000	0.0000	0.0000	0.0000	inf	0.4903	0.0000	-0.0000	1.9876	4.0025	9.5024	2.2111	0.0000	0.0000	0.0000	0.0000	0.0000	0.0000	0.0000	0.0000	0.0000	0.0000	0.0000	0.0000	0.0000	0.0000	0.0000	0.0000	0.0000	0.0000	0.0600	0.0521	0.0080	0.0002	0.0002	0.0000	0.0598	0.0518	0.0080	0.1040	0.0571	0.0469	0.0051	0.0051	0.0000	0.0989	0.0520	0.0468
50	53	0.0295	6	2	0	1	0	0	0	0	0	0	0	0	0	0	0	0	0	0	0	Y	N	N	N	N	N	N	N	N	N	N	N	N	N	N	N	N	N	0.0000	0.0000	0.0000	0.0000	0.0000	0.0000	0.0000	0.0000	0.0000	0.0000	0.0000	0.0000	0.0000	0.0000	0.0000	0.0000	0.0000	0.0000	0.0934	0.0816	0.1098	0.2003	0.2007	0.0000	0.0601	0.0000	0.1099		0.9625	0.0000	-0.0000	0.0279	0.9898	1.3258	1.1155	0.0000	0.0000	0.0000	0.0000	0.0000	0.0000	0.0000	0.0000	0.0000	0.0007	0.0003	0.0003	0.0003	0.0003	0.0000	0.0003	0.0000	0.0003	0.0003	0.0003	0.0000	0.0001	0.0001	0.0000	0.0003	0.0002	0.0000	0.0073	0.0043	0.0031	0.0017	0.0017	0.0000	0.0056	0.0025	0.0031
50	54	0.0122	4	2	0	1	0	1	0	0	0	0	0	0	0	0	0	0	0	0	0	Y	N	N	N	N	N	N	N	N	N	N	N	N	N	N	N	N	N	11651.0161	6665.5496	49220.3282	10493.6518	10509.0583	inf	13300.2432	inf	49410.4367	1.2541	0.5970	6.6294	3.0382	3.0467	0.0130	0.8808	0.0088	6.6592	0.0001	0.0001	0.0001	0.0003	0.0003	0.0000	0.0001	0.0000	0.0001	1.3575	1.0048	0.0000	0.0000	0.0279	5.0000	1.3258	15.9866	0.0020	0.0008	0.0011	0.0008	0.0008	0.0000	0.0011	0.0000	0.0011	0.0000	0.0000	0.0000	0.0000	0.0000	0.0000	0.0000	0.0000	0.0000	0.0016	0.0014	0.0002	0.0003	0.0003	0.0000	0.0013	0.0011	0.0002	0.0579	0.0347	0.0232	0.0107	0.0107	0.0000	0.0472	0.0240	0.0232
50	58	0.0363	8	2	0	1	0	0	0	0	0	0	0	1	1	0	0	0	0	0	0	Y	N	N	N	N	N	N	N	N	N	N	N	N	N	N	N	N	N	0.0000	0.0000	0.0000	0.0000	0.0000	0.0000	0.0000	0.0000	0.0000	0.0000	0.0000	0.0000	0.0000	0.0000	0.0000	0.0000	0.0000	0.0000	0.0000	0.0001	0.0000	0.0002	0.0002	0.0000	0.0000	0.0000	0.0000		0.2176	0.0000	-0.0000	0.0279	0.0000	1.3258	2.0010	0.0000	0.0000	0.0000	0.0000	0.0000	0.0000	0.0000	0.0000	0.0000	0.0000	0.0000	0.0000	0.0000	0.0000	0.0000	0.0000	0.0000	0.0000	0.0000	0.0000	0.0000	0.0000	0.0000	0.0000	0.0000	0.0000	0.0000	0.0060	0.0036	0.0024	0.0012	0.0012	0.0000	0.0047	0.0024	0.0023
50	59	0.0295	7	2	0	1	0	0	0	0	0	1	0	1	1	0	0	0	0	0	0	Y	N	N	N	N	N	N	N	N	N	N	N	N	N	N	N	N	N	0.0000	0.0000	0.0000	0.0000	0.0000	0.0000	0.0000	0.0000	0.0000	0.0000	0.0000	0.0000	0.0000	0.0000	0.0000	0.0000	0.0000	0.0000	0.0332	0.0465	0.0143	0.1223	0.1225	0.0000	0.0076	0.0000	0.0143		0.2162	0.0000	-0.0001	0.0279	0.0042	1.3258	3.0766	0.0000	0.0000	0.0000	0.0000	0.0000	0.0000	0.0000	0.0000	0.0000	0.0003	0.0003	0.0001	0.0003	0.0003	0.0000	0.0001	0.0000	0.0001	0.0000	0.0000	0.0000	0.0000	0.0000	0.0000	0.0000	0.0000	0.0000	0.0101	0.0060	0.0042	0.0023	0.0023	0.0000	0.0079	0.0037	0.0042
50	60	0.0295	6	2	0	1	0	0	0	0	0	0	1	0	1	0	0	0	0	0	0	Y	N	N	N	N	N	N	N	N	N	N	N	N	N	N	N	N	N	0.0000	0.0000	0.0000	0.0000	0.0000	0.0000	0.0000	0.0000	0.0000	0.0000	0.0000	0.0000	0.0000	0.0000	0.0000	0.0000	0.0000	0.0000	0.4032	0.3847	0.4237	0.4751	0.4752	0.0000	0.3503	0.0000	0.4238		1.0000	0.0000	0.0000	0.0279	0.0086	1.3258	0.1203	0.0000	0.0000	0.0000	0.0000	0.0000	0.0000	0.0000	0.0000	0.0000	0.0006	0.0003	0.0003	0.0003	0.0003	0.0000	0.0003	0.0000	0.0003	0.0000	0.0000	0.0000	0.0000	0.0000	0.0000	0.0000	0.0000	0.0000	0.0016	0.0008	0.0007	0.0007	0.0007	0.0000	0.0009	0.0002	0.0007
50	61	0.0251	5	2	0	1	0	0	0	0	0	0	0	0	0	0	0	0	0	0	0	Y	N	N	N	N	N	N	N	N	N	N	N	N	N	N	N	N	N	0.0000	0.0000	0.0000	0.0000	0.0000	0.0000	0.0000	0.0000	0.0000	0.0000	0.0000	0.0000	0.0000	0.0000	0.0000	0.0000	0.0000	0.0000	0.0857	0.0736	0.1027	0.1809	0.1812	0.0000	0.0562	0.0000	0.1028		0.9983	0.0000	0.0000	0.0279	2.0089	1.3258	0.1204	0.0000	0.0000	0.0000	0.0000	0.0000	0.0000	0.0000	0.0000	0.0000	0.0006	0.0003	0.0003	0.0003	0.0003	0.0000	0.0003	0.0000	0.0003	0.0006	0.0006	0.0001	0.0001	0.0001	0.0000	0.0005	0.0005	0.0001	0.0074	0.0043	0.0031	0.0018	0.0018	0.0000	0.0056	0.0026	0.0031
50	62	0.0228	4	2	0	1	0	0	0	0	0	0	0	0	0	0	0	0	0	0	0	Y	N	N	N	N	N	N	N	N	N	N	N	N	N	N	N	N	N	0.0000	0.0000	0.0000	0.0000	0.0000	0.0000	0.0000	0.0000	0.0000	0.0000	0.0000	0.0000	0.0000	0.0000	0.0000	0.0000	0.0000	0.0000	0.0862	0.0470	0.1425	0.1296	0.1298	0.0000	0.0743	0.0000	0.1427		2.1053	0.0000	0.0001	0.0279	1.4554	1.3258	0.0966	0.0000	0.0000	0.0000	0.0000	0.0000	0.0000	0.0000	0.0000	0.0000	0.0004	0.0001	0.0003	0.0001	0.0001	0.0000	0.0003	0.0000	0.0003	0.0005	0.0004	0.0001	0.0001	0.0001	0.0000	0.0004	0.0003	0.0001	0.0050	0.0029	0.0020	0.0011	0.0011	0.0000	0.0039	0.0019	0.0020
50	63	0.0213	3	2	0	1	0	0	0	0	0	0	0	0	0	0	0	0	0	0	0	Y	N	N	N	N	N	N	N	N	N	N	N	N	N	N	N	N	N	0.0000	0.0000	0.0000	0.0000	0.0000	0.0000	0.0000	0.0000	0.0000	0.0000	0.0000	0.0000	0.0000	0.0000	0.0000	0.0000	0.0000	0.0000	0.0621	0.0350	0.0976	0.0694	0.0694	0.0000	0.0591	0.0000	0.0976		2.1216	0.0000	0.0000	0.0279	0.0090	1.3258	0.8380	0.0000	0.0000	0.0000	0.0000	0.0000	0.0000	0.0000	0.0000	0.0000	0.0002	0.0001	0.0002	0.0001	0.0001	0.0000	0.0002	0.0000	0.0002	0.0000	0.0000	0.0000	0.0000	0.0000	0.0000	0.0000	0.0000	0.0000	0.0037	0.0021	0.0016	0.0010	0.0010	0.0000	0.0026	0.0010	0.0016
50	73	0.0080	2	2	0	1	0	0	0	0	0	0	0	0	0	0	0	0	0	0	0	Y	N	N	N	N	N	N	N	N	N	N	N	N	N	N	N	N	N	0.0005	0.0006	0.0000	0.0011	0.0011	0.0000	0.0000	0.0000	0.0000	0.0000	0.0000	0.0000	0.0000	0.0000	0.0000	0.0000	0.0000	0.0000	0.0119	0.0095	0.0155	0.0301	0.0302	0.0000	0.0077	0.0000	0.0155	0.1304	1.1134	-0.0000	0.0000	0.0279	4.0025	1.3258	2.2111	0.0000	0.0000	0.0000	0.0000	0.0000	0.0000	0.0000	0.0000	0.0000	0.0002	0.0001	0.0001	0.0001	0.0001	0.0000	0.0001	0.0000	0.0001	0.0013	0.0011	0.0001	0.0002	0.0002	0.0000	0.0011	0.0009	0.0001	0.0183	0.0109	0.0074	0.0034	0.0034	0.0000	0.0149	0.0075	0.0074
51	53	0.0280	5	2	0	1	0	0	0	1	0	0	0	0	0	0	0	0	0	0	0	Y	N	N	N	N	N	N	N	N	N	N	N	N	N	N	N	N	N	0.0000	0.0000	0.0000	0.0000	0.0000	0.0000	0.0000	0.0000	0.0000	0.0000	0.0000	0.0000	0.0000	0.0000	0.0000	0.0000	0.0000	0.0000	11.3612	10.2584	12.6155	122.9268	123.8006	0.0000	6.1763	0.0000	12.6240		1.0811	0.0000	0.0028	0.0135	0.9898	3.2161	1.1155	0.0000	0.0000	0.0000	0.0000	0.0000	0.0000	0.0000	0.0000	0.0000	0.1148	0.0552	0.0597	0.0552	0.0552	0.0000	0.0597	0.0000	0.0597	0.0001	0.0001	0.0000	0.0000	0.0000	0.0000	0.0001	0.0001	0.0000	0.0101	0.0054	0.0047	0.0004	0.0004	0.0000	0.0097	0.0049	0.0047
51	54	0.0107	3	2	0	1	0	1	0	1	0	0	0	0	0	0	0	0	0	0	0	Y	N	N	N	N	N	N	N	N	N	N	N	N	N	N	N	N	N	543.4462	8.1798	157607.3377	0.0000	0.0000	0.0000	46213.9093	inf	158466.6008	1.6317	0.0453	11.9915	0.0000	0.0000	0.0000	1.6481	0.0458	12.0573	0.0030	0.0055	0.0001	0.3453	0.3459	0.0000	0.0000	0.0000	0.0001	40.5000	0.0119	0.0003	-0.0001	0.0135	5.0000	3.2161	15.9866	0.0008	0.0000	0.0008	0.0000	0.0000	0.0000	0.0008	0.0000	0.0008	0.0003	0.0003	0.0000	0.0003	0.0003	0.0000	0.0000	0.0000	0.0000	0.0005	0.0004	0.0001	0.0000	0.0000	0.0000	0.0005	0.0004	0.0001	0.0889	0.0476	0.0413	0.0008	0.0008	0.0000	0.0882	0.0468	0.0413
51	58	0.0349	7	2	0	1	0	0	0	1	0	0	0	1	1	0	0	0	0	0	0	Y	N	N	N	N	N	N	N	N	N	N	N	N	N	N	N	N	N	0.0000	0.0000	0.0000	0.0000	0.0000	0.0000	0.0000	0.0000	0.0000	0.0000	0.0000	0.0000	0.0000	0.0000	0.0000	0.0000	0.0000	0.0000	0.0065	0.0119	0.0000	0.1500	0.1669	0.0000	0.0000	0.0000	0.0000		0.0000	0.0000	-0.0000	0.0135	0.0000	3.2161	2.0010	0.0000	0.0000	0.0000	0.0000	0.0000	0.0000	0.0000	0.0000	0.0000	0.0001	0.0001	0.0000	0.0001	0.0001	0.0000	0.0000	0.0000	0.0000	0.0000	0.0000	0.0000	0.0000	0.0000	0.0000	0.0000	0.0000	0.0000	0.0092	0.0050	0.0042	0.0004	0.0004	0.0000	0.0088	0.0047	0.0041
51	59	0.0280	6	2	0	1	0	0	0	1	0	1	0	1	1	0	0	0	0	0	0	Y	N	N	N	N	N	N	N	N	N	N	N	N	N	N	N	N	N	0.0000	0.0000	0.0000	0.0000	0.0000	0.0000	0.0000	0.0000	0.0000	0.0000	0.0000	0.0000	0.0000	0.0000	0.0000	0.0000	0.0000	0.0000	4.1033	7.6931	0.0070	121.0364	122.1949	0.0000	0.0034	0.0000	0.0070		0.0008	0.0000	-0.0292	0.0135	0.0042	3.2161	3.0766	0.0000	0.0000	0.0000	0.0000	0.0000	0.0000	0.0000	0.0000	0.0000	0.0590	0.0589	0.0000	0.0589	0.0589	0.0000	0.0000	0.0000	0.0000	0.0000	0.0000	0.0000	0.0000	0.0000	0.0000	0.0000	0.0000	0.0000	0.0144	0.0077	0.0067	0.0005	0.0005	0.0000	0.0139	0.0072	0.0067
51	60	0.0280	5	2	0	1	0	0	0	1	0	0	1	0	1	0	0	0	0	0	0	Y	N	N	N	N	N	N	N	N	N	N	N	N	N	N	N	N	N	0.0000	0.0000	0.0000	0.0000	0.0000	0.0000	0.0000	0.0000	0.0000	0.0000	0.0000	0.0000	0.0000	0.0000	0.0000	0.0000	0.0000	0.0000	84.6964	82.0694	87.4971	149.5635	149.6421	0.0000	59.0750	0.0000	87.5240		1.0000	0.0000	0.0005	0.0135	0.0086	3.2161	0.1203	0.0000	0.0000	0.0000	0.0000	0.0000	0.0000	0.0000	0.0000	0.0000	0.1109	0.0554	0.0554	0.0554	0.0554	0.0000	0.0554	0.0000	0.0554	0.0000	0.0000	0.0000	0.0000	0.0000	0.0000	0.0000	0.0000	0.0000	0.0013	0.0007	0.0006	0.0004	0.0004	0.0000	0.0009	0.0003	0.0006
51	61	0.0236	4	2	0	1	0	0	0	1	0	0	0	0	0	0	0	0	0	0	0	Y	N	N	N	N	N	N	N	N	N	N	N	N	N	N	N	N	N	0.0000	0.0000	0.0000	0.0000	0.0000	0.0000	0.0000	0.0000	0.0000	0.0000	0.0000	0.0000	0.0000	0.0000	0.0000	0.0000	0.0000	0.0000	10.8927	10.2454	11.6294	123.8100	124.7037	0.0059	5.6902	0.0000	11.6372		0.9975	0.0000	0.0005	0.0135	2.0089	3.2161	0.1204	0.0000	0.0000	0.0000	0.0000	0.0000	0.0000	0.0000	0.0000	0.0000	0.1110	0.0556	0.0554	0.0556	0.0556	0.0000	0.0554	0.0000	0.0554	0.0002	0.0002	0.0000	0.0000	0.0000	0.0000	0.0002	0.0002	0.0000	0.0102	0.0054	0.0048	0.0004	0.0004	0.0000	0.0097	0.0050	0.0048
51	62	0.0213	3	2	0	1	0	0	0	1	0	0	0	0	0	0	0	0	0	0	0	Y	N	N	N	N	N	N	N	N	N	N	N	N	N	N	N	N	N	0.0000	0.0000	0.0000	0.0000	0.0000	0.0000	0.0000	0.0000	0.0000	0.0000	0.0000	0.0000	0.0000	0.0000	0.0000	0.0000	0.0000	0.0000	10.2254	4.3141	16.9250	67.4085	68.0458	0.0000	8.2128	0.0000	16.9365		3.4616	0.0000	0.0210	0.0135	1.4554	3.2161	0.0966	0.0000	0.0000	0.0000	0.0000	0.0000	0.0000	0.0000	0.0000	0.0000	0.0748	0.0168	0.0580	0.0168	0.0168	0.0000	0.0580	0.0000	0.0580	0.0002	0.0001	0.0000	0.0000	0.0000	0.0000	0.0001	0.0001	0.0000	0.0073	0.0039	0.0034	0.0002	0.0002	0.0000	0.0071	0.0036	0.0034
51	63	0.0199	2	2	0	1	0	0	0	1	0	0	0	0	0	0	0	0	0	0	0	Y	N	N	N	N	N	N	N	N	N	N	N	N	N	N	N	N	N	0.0003	0.0019	0.0000	0.0031	0.0032	0.0000	0.0000	0.0000	0.0000	0.0011	0.0013	0.0000	0.0052	0.0052	0.0000	0.0000	0.0000	0.0000	3.1600	0.6464	5.8906	1.6551	1.6568	0.0000	3.5441	0.0000	5.8931	0.0000	8.3883	-0.0000	0.0080	0.0135	0.0090	3.2161	0.8380	0.0000	0.0000	0.0000	0.0000	0.0000	0.0000	0.0000	0.0000	0.0000	0.0200	0.0021	0.0178	0.0021	0.0021	0.0000	0.0178	0.0000	0.0178	0.0000	0.0000	0.0000	0.0000	0.0000	0.0000	0.0000	0.0000	0.0000	0.0063	0.0033	0.0030	0.0013	0.0013	0.0000	0.0050	0.0020	0.0030
52	54	0.0511	8	2	0	1	0	1	0	1	0	1	0	1	0	0	0	0	0	0	0	Y	N	N	N	N	N	N	N	N	N	N	N	N	N	N	N	N	N	0.0000	0.0000	0.0000	0.0000	0.0000	0.0000	0.0000	0.0000	0.0000	0.0000	0.0000	0.0000	0.0000	0.0000	0.0000	0.0000	0.0000	0.0000	3.8017	0.0001	8.2043	0.0025	0.0025	0.0000	3.8607	0.0000	8.2109		99997.9997	0.0000	0.5047	1.0059	5.0000	8.9560	15.9866	0.0000	0.0000	0.0000	0.0000	0.0000	0.0000	0.0000	0.0000	0.0000	0.9998	0.0000	0.9998	0.0000	0.0000	0.0000	0.9998	0.0000	0.9998	0.0379	0.0330	0.0050	0.0019	0.0017	0.0001	0.0361	0.0312	0.0049	0.2630	0.1411	0.1219	0.0040	0.0039	0.0001	0.2590	0.1372	0.1218
52	55	0.3703	13	1	0	1	0	0	0	1	0	2	0	2	0	0	0	0	0	0	0	N	N	N	N	Y	N	N	N	N	N	N	N	N	N	N	N	N	N	0.0000	0.0000	0.0000	0.0000	0.0000	0.0000	0.0000	0.0000	0.0000	0.0000	0.0000	0.0000	0.0000	0.0000	0.0000	0.0000	0.0000	0.0000	0.8405	0.4847	1.6003	0.5195	0.4642	0.8581	1.1555	0.5189	1.8072		1.5460	0.0000	0.1187	1.0059	17.6796	8.9560	56.5727	0.0000	0.0000	0.0000	0.0000	0.0000	0.0000	0.0000	0.0000	0.0000	1.0597	0.4162	0.6435	0.3244	0.2492	0.0752	0.7353	0.1671	0.5683	0.1665	0.1471	0.0194	0.0424	0.0398	0.0026	0.1240	0.1073	0.0167	1.2608	0.8587	0.4021	0.6245	0.5368	0.0877	0.6364	0.3219	0.3144
52	58	0.0323	4	2	0	1	0	0	0	1	0	1	0	2	1	0	0	0	0	0	0	Y	N	N	N	Y	N	N	N	N	N	N	N	N	N	N	N	N	N	0.0000	0.0000	0.0000	0.0000	0.0000	0.0000	0.0000	0.0000	0.0000	0.0000	0.0000	0.0000	0.0000	0.0000	0.0000	0.0000	0.0000	0.0000	0.0172	0.0311	0.0000	0.0524	0.0569	0.0000	0.0153	0.0287	0.0000		0.0000	0.0000	-0.0002	1.0059	0.0000	8.9560	2.0010	0.0000	0.0000	0.0000	0.0000	0.0000	0.0000	0.0000	0.0000	0.0000	0.0005	0.0005	0.0000	0.0001	0.0001	0.0000	0.0004	0.0004	0.0000	0.0000	0.0000	0.0000	0.0000	0.0000	0.0000	0.0000	0.0000	0.0000	0.0288	0.0160	0.0129	0.0015	0.0014	0.0001	0.0274	0.0146	0.0128
52	59	0.0254	3	2	0	1	0	0	0	1	0	2	0	2	1	0	0	0	0	0	0	Y	N	N	N	Y	N	N	N	N	N	N	N	N	N	N	N	N	N	0.0081	0.0067	0.0000	0.0526	0.0526	0.0000	0.0000	0.0000	0.0000	0.1501	0.2340	0.0000	0.3727	0.3727	0.0000	0.0000	0.0000	0.0000	18.5021	35.0220	0.0020	7.0847	7.0854	0.1544	20.3210	44.8426	0.0020	0.0000	0.0001	-0.0000	-0.5224	1.0059	0.0042	8.9560	3.0766	0.0000	0.0000	0.0000	0.0000	0.0000	0.0000	0.0000	0.0000	0.0000	1.0550	1.0549	0.0001	0.0555	0.0555	0.0000	0.9994	0.9994	0.0001	0.0002	0.0001	0.0001	0.0001	0.0001	0.0000	0.0001	0.0000	0.0001	0.0570	0.0301	0.0269	0.0078	0.0078	0.0000	0.0492	0.0223	0.0269
52	60	0.0254	2	2	0	1	0	0	0	1	0	1	1	1	1	0	0	0	0	0	0	Y	N	N	N	N	N	N	N	N	N	N	N	N	N	N	N	N	N	0.0390	0.0297	0.0588	0.0524	0.0524	0.0000	0.0320	0.0000	0.0588	0.2456	0.1851	0.3730	0.3686	0.3687	0.0000	0.1822	0.0000	0.3731	6.2928	6.2404	6.3461	7.0353	7.0354	0.8243	5.6921	0.0106	6.3462	0.9587	0.9996	-0.0000	0.0005	1.0059	0.0086	8.9560	0.1203	0.0001	0.0000	0.0000	0.0000	0.0000	0.0000	0.0000	0.0000	0.0000	0.1045	0.0522	0.0522	0.0522	0.0522	0.0000	0.0522	0.0000	0.0522	0.0002	0.0001	0.0001	0.0001	0.0001	0.0000	0.0001	0.0001	0.0001	0.0166	0.0084	0.0082	0.0074	0.0074	0.0000	0.0092	0.0009	0.0082
53	54	0.0298	7	2	0	0	0	1	0	0	0	0	0	0	0	0	0	0	0	0	0	Y	N	N	N	N	N	N	N	N	N	N	N	N	N	N	N	N	N	0.0000	0.0000	0.0000	0.0000	0.0000	0.0000	0.0000	0.0000	0.0000	0.0000	0.0000	0.0000	0.0000	0.0000	0.0000	0.0000	0.0000	0.0000	0.0048	0.0037	0.0060	0.0481	0.0485	0.0000	0.0029	0.0000	0.0061		1.4167	0.0000	0.0000	0.9898	5.0000	1.1155	15.9866	0.0000	0.0000	0.0000	0.0000	0.0000	0.0000	0.0000	0.0000	0.0000	0.0003	0.0001	0.0002	0.0001	0.0001	0.0000	0.0002	0.0000	0.0002	0.0374	0.0325	0.0049	0.0016	0.0015	0.0001	0.0358	0.0310	0.0048	0.0607	0.0326	0.0281	0.0025	0.0025	0.0000	0.0583	0.0302	0.0281
53	57	0.0151	4	2	0	1	0	0	0	1	0	0	0	1	1	0	0	0	0	0	0	Y	N	N	N	N	N	N	N	N	N	N	N	N	N	N	N	N	N	0.0000	0.0000	0.0000	0.0000	0.0000	0.0000	0.0000	0.0000	0.0000	0.0000	0.0000	0.0000	0.0000	0.0000	0.0000	0.0000	0.0000	0.0000	0.0063	0.0000	0.0137	0.0000	0.0000	0.0000	0.0067	0.0000	0.0138		inf	0.0000	0.0001	0.9898	1.0000	1.1155	4.9984	0.0000	0.0000	0.0000	0.0000	0.0000	0.0000	0.0000	0.0000	0.0000	0.0001	0.0000	0.0001	0.0000	0.0000	0.0000	0.0001	0.0000	0.0001	0.0078	0.0067	0.0010	0.0000	0.0000	0.0000	0.0077	0.0067	0.0010	0.0189	0.0102	0.0087	0.0011	0.0010	0.0001	0.0178	0.0092	0.0087
53	58	0.0110	3	2	0	0	0	0	0	0	0	0	0	1	1	0	0	0	0	0	0	Y	N	N	N	N	N	N	N	N	N	N	N	N	N	N	N	N	N	0.0000	0.0000	0.0000	0.0000	0.0000	0.0000	0.0000	0.0000	0.0000	0.0000	0.0000	0.0000	0.0000	0.0000	0.0000	0.0000	0.0000	0.0000	0.0040	0.0037	0.0043	0.0301	0.0318	0.0000	0.0021	0.0000	0.0043		0.9645	0.0000	-0.0000	0.9898	0.0000	1.1155	2.0010	0.0000	0.0000	0.0000	0.0000	0.0000	0.0000	0.0000	0.0000	0.0000	0.0000	0.0000	0.0000	0.0000	0.0000	0.0000	0.0000	0.0000	0.0000	0.0000	0.0000	0.0000	0.0000	0.0000	0.0000	0.0000	0.0000	0.0000	0.0066	0.0036	0.0030	0.0004	0.0004	0.0000	0.0062	0.0032	0.0030
53	59	0.0041	2	2	0	0	0	0	0	0	0	1	0	1	1	0	0	0	0	0	0	Y	N	N	N	N	N	N	N	N	N	N	N	N	N	N	N	N	N	45.9336	47.7066	0.0067	47.7227	47.7227	0.0000	0.0048	0.0000	0.0067	23.3566	33.4750	0.0020	57.1529	57.1530	0.0000	0.0010	0.0000	0.0020	0.5085	0.7017	0.3042	1.1976	1.1976	0.0000	0.2194	0.0307	0.3042	0.0000	0.4101	-0.0024	-0.0023	0.9898	0.0042	1.1155	3.0766	0.0041	0.0041	0.0000	0.0041	0.0041	0.0000	0.0000	0.0000	0.0000	0.0114	0.0081	0.0033	0.0079	0.0079	0.0000	0.0035	0.0001	0.0033	0.0002	0.0001	0.0001	0.0001	0.0001	0.0000	0.0001	0.0001	0.0001	0.0224	0.0115	0.0109	0.0066	0.0066	0.0000	0.0158	0.0049	0.0109
53	64	0.0438	10	2	0	1	0	1	0	1	0	0	0	0	0	0	0	0	0	0	0	Y	N	N	N	N	N	N	N	N	N	N	N	N	N	N	N	N	N	0.0000	0.0000	0.0000	0.0000	0.0000	0.0000	0.0000	0.0000	0.0000	0.0000	0.0000	0.0000	0.0000	0.0000	0.0000	0.0000	0.0000	0.0000	0.0016	0.0030	0.0000	0.0242	0.0252	0.0000	0.0000	0.0000	0.0000		0.0000	0.0000	-0.0001	0.9898	3.9919	1.1155	21.4457	0.0000	0.0000	0.0000	0.0000	0.0000	0.0000	0.0000	0.0000	0.0000	0.0001	0.0001	0.0000	0.0001	0.0001	0.0000	0.0000	0.0000	0.0000	0.0326	0.0285	0.0041	0.0028	0.0027	0.0001	0.0298	0.0258	0.0040	0.0741	0.0402	0.0339	0.0050	0.0048	0.0002	0.0691	0.0354	0.0337
53	71	0.0354	8	2	0	1	0	1	0	1	0	0	0	0	0	0	0	0	0	0	0	Y	N	N	N	N	N	N	N	N	N	N	N	N	N	N	N	N	N	0.0000	0.0000	0.0000	0.0000	0.0000	0.0000	0.0000	0.0000	0.0000	0.0000	0.0000	0.0000	0.0000	0.0000	0.0000	0.0000	0.0000	0.0000	0.0014	0.0003	0.0030	0.0002	0.0003	0.0000	0.0016	0.0003	0.0030		7.9294	0.0000	0.0000	0.9898	7.9989	1.1155	11.5475	0.0000	0.0000	0.0000	0.0000	0.0000	0.0000	0.0000	0.0000	0.0000	0.0001	0.0000	0.0001	0.0000	0.0000	0.0000	0.0001	0.0000	0.0001	0.0592	0.0514	0.0078	0.0022	0.0020	0.0001	0.0571	0.0494	0.0077	0.0641	0.0369	0.0272	0.0075	0.0071	0.0004	0.0566	0.0298	0.0268
53	72	0.0123	4	2	0	1	0	0	0	1	0	0	0	0	0	0	0	0	0	0	0	Y	N	N	N	N	N	N	N	N	N	N	N	N	N	N	N	N	N	0.0007	0.5131	0.0000	3.1033	3.2863	0.0000	0.0000	0.0000	0.0000	0.0030	0.0034	0.0000	0.1470	0.1557	0.0000	0.0000	0.0000	0.0000	4.0370	0.0067	8.5928	0.0474	0.0474	0.0000	4.3582	0.0000	8.5928	0.0000	1142.5828	-0.0001	0.0952	0.9898	3.9977	1.1155	10.1847	0.0001	0.0001	0.0000	0.0001	0.0001	0.0000	0.0000	0.0000	0.0000	0.1889	0.0002	0.1888	0.0002	0.0002	0.0000	0.1888	0.0000	0.1888	0.0301	0.0261	0.0040	0.0006	0.0006	0.0000	0.0295	0.0255	0.0040	0.0468	0.0248	0.0220	0.0035	0.0035	0.0000	0.0433	0.0213	0.0220
53	90	0.0332	7	2	0	1	0	1	0	1	0	1	0	1	0	0	0	0	0	0	0	Y	N	N	N	N	N	N	N	N	N	N	N	N	N	N	N	N	N	78249.7863	1.5671	2364183.3819	71.6462	73.1045	0.0000	78568.1688	0.0000	2369786.6968	19.0224	0.0006	144.2101	0.0138	0.0148	0.0000	19.7386	0.0000	146.7593	0.0002	0.0004	0.0001	0.0002	0.0002	0.0000	0.0003	0.0004	0.0001	37871.3229	0.1144	0.4202	-0.0000	0.9898	6.9987	1.1155	5.3508	0.9896	0.0000	0.9895	0.0000	0.0000	0.0000	0.9895	0.0000	0.9895	0.0000	0.0000	0.0000	0.0000	0.0000	0.0000	0.0000	0.0000	0.0000	0.0520	0.0452	0.0069	0.0019	0.0018	0.0001	0.0501	0.0434	0.0067	0.0444	0.0263	0.0182	0.0062	0.0059	0.0003	0.0382	0.0203	0.0179
53	91	0.0399	9	2	0	1	0	1	0	1	0	0	0	0	0	0	0	0	0	0	0	Y	N	N	N	N	N	N	N	N	N	N	N	N	N	N	N	N	N	0.0000	0.0000	0.0000	0.0000	0.0000	0.0000	0.0000	0.0000	0.0000	0.0000	0.0000	0.0000	0.0000	0.0000	0.0000	0.0000	0.0000	0.0000	0.0067	0.0048	0.0092	0.0217	0.0236	0.0000	0.0046	0.0000	0.0094		1.4879	0.0000	0.0000	0.9898	1.0039	1.1155	13.1994	0.0000	0.0000	0.0000	0.0000	0.0000	0.0000	0.0000	0.0000	0.0000	0.0003	0.0001	0.0002	0.0001	0.0001	0.0000	0.0002	0.0000	0.0002	0.0077	0.0067	0.0010	0.0003	0.0003	0.0000	0.0074	0.0064	0.0010	0.0460	0.0260	0.0200	0.0057	0.0052	0.0005	0.0403	0.0207	0.0195
54	57	0.0829	10	2	0	1	0	1	0	1	0	0	0	1	1	0	0	0	0	0	0	Y	N	N	N	N	N	N	N	N	N	N	N	N	N	N	N	N	N	4.3161	0.0000	inf	0.0000	0.0000	0.0000	inf	0.0000	inf	26.7927	0.0000	203.4429	0.0000	0.0000	0.0000	27.8569	0.0000	208.2531	6.2076	11.3522	0.0000	155.3577	178.9441	0.0000	0.0000	0.0000	0.0000	inf	0.0000	0.4247	-0.4944	5.0000	1.0000	15.9866	4.9984	1.0000	0.0000	1.0000	0.0000	0.0000	0.0000	1.0000	0.0000	1.0000	0.9983	0.9983	0.0000	0.9983	0.9983	0.0000	0.0000	0.0000	0.0000	0.0373	0.0324	0.0049	0.0014	0.0013	0.0001	0.0359	0.0311	0.0048	0.1608	0.0879	0.0729	0.0064	0.0056	0.0008	0.1544	0.0824	0.0720
54	58	0.0788	9	2	0	0	0	1	0	0	0	0	0	1	1	0	0	0	0	0	0	Y	N	N	N	N	N	N	N	N	N	N	N	N	N	N	N	N	N	0.0000	0.0000	0.0000	0.0000	0.0000	0.0000	0.0000	0.0000	0.0000	0.0000	0.0000	0.0000	0.0000	0.0000	0.0000	0.0000	0.0000	0.0000	0.0961	0.0542	0.1475	0.6799	0.7568	0.0000	0.0692	0.0000	0.1490		2.2141	0.0000	0.0010	5.0000	0.0000	15.9866	2.0010	0.0000	0.0000	0.0000	0.0000	0.0000	0.0000	0.0000	0.0000	0.0000	0.0053	0.0017	0.0037	0.0017	0.0017	0.0000	0.0037	0.0000	0.0037	0.0000	0.0000	0.0000	0.0000	0.0000	0.0000	0.0000	0.0000	0.0000	0.0557	0.0307	0.0250	0.0024	0.0022	0.0002	0.0532	0.0285	0.0247
54	59	0.0719	8	2	0	0	0	1	0	0	0	1	0	1	1	0	0	0	0	0	0	Y	N	N	N	N	N	N	N	N	N	N	N	N	N	N	N	N	N	0.0000	0.0000	0.0000	0.0000	0.0000	0.0000	0.0000	0.0000	0.0000	0.0000	0.0000	0.0000	0.0000	0.0000	0.0000	0.0000	0.0000	0.0000	11.5024	0.0000	24.8979	0.0002	0.0002	0.0000	11.8778	0.0000	24.9168		1928320.7836	0.0000	0.5028	5.0000	0.0042	15.9866	3.0766	0.0000	0.0000	0.0000	0.0000	0.0000	0.0000	0.0000	0.0000	0.0000	0.9961	0.0000	0.9961	0.0000	0.0000	0.0000	0.9961	0.0000	0.9961	0.0005	0.0004	0.0001	0.0002	0.0002	0.0000	0.0003	0.0002	0.0001	0.0866	0.0466	0.0400	0.0027	0.0027	0.0000	0.0839	0.0439	0.0400
54	60	0.0719	7	2	0	0	0	1	0	0	0	0	1	0	1	0	0	0	0	0	0	Y	N	N	N	N	N	N	N	N	N	N	N	N	N	N	N	N	N	0.0000	0.0000	0.0000	0.0000	0.0000	0.0000	0.0000	0.0000	0.0000	0.0000	0.0000	0.0000	0.0000	0.0000	0.0000	0.0000	0.0000	0.0000	0.0350	0.0311	0.0393	0.0603	0.0603	0.0000	0.0258	0.0000	0.0393		1.1667	0.0000	0.0000	5.0000	0.0086	15.9866	0.1203	0.0000	0.0000	0.0000	0.0000	0.0000	0.0000	0.0000	0.0000	0.0000	0.0003	0.0001	0.0001	0.0001	0.0001	0.0000	0.0001	0.0000	0.0001	0.0007	0.0006	0.0001	0.0002	0.0002	0.0000	0.0005	0.0004	0.0001	0.0074	0.0039	0.0036	0.0020	0.0020	0.0000	0.0054	0.0019	0.0036
54	61	0.0675	6	2	0	0	0	1	0	0	0	0	0	0	0	0	0	0	0	0	0	Y	N	N	N	N	N	N	N	N	N	N	N	N	N	N	N	N	N	0.0000	0.0000	0.0000	0.0000	0.0000	0.0000	0.0000	0.0000	0.0000	0.0000	0.0000	0.0000	0.0000	0.0000	0.0000	0.0000	0.0000	0.0000	0.0020	0.0000	0.0042	0.0000	0.0000	0.0002	0.0020	0.0000	0.0042		inf	0.0000	0.0001	5.0000	2.0089	15.9866	0.1204	0.0000	0.0000	0.0000	0.0000	0.0000	0.0000	0.0000	0.0000	0.0000	0.0001	0.0000	0.0001	0.0000	0.0000	0.0000	0.0001	0.0000	0.0001	0.0749	0.0651	0.0099	0.0028	0.0026	0.0002	0.0721	0.0624	0.0097	0.0612	0.0329	0.0283	0.0025	0.0025	0.0000	0.0588	0.0304	0.0283
54	62	0.0652	5	2	0	0	0	1	0	0	0	0	0	0	0	0	0	0	0	0	0	Y	N	N	N	N	N	N	N	N	N	N	N	N	N	N	N	N	N	0.0000	0.0000	0.0000	0.0000	0.0000	0.0000	0.0000	0.0000	0.0000	0.0000	0.0000	0.0000	0.0000	0.0000	0.0000	0.0000	0.0000	0.0000	0.0000	0.0000	0.0000	0.0000	0.0000	0.0000	0.0000	0.0000	0.0000		0.0000	0.0000	-0.0000	5.0000	1.4554	15.9866	0.0966	0.0000	0.0000	0.0000	0.0000	0.0000	0.0000	0.0000	0.0000	0.0000	0.0000	0.0000	0.0000	0.0000	0.0000	0.0000	0.0000	0.0000	0.0000	0.0542	0.0471	0.0071	0.0016	0.0015	0.0001	0.0526	0.0455	0.0070	0.0441	0.0237	0.0205	0.0014	0.0014	0.0000	0.0427	0.0222	0.0205
54	63	0.0638	4	2	0	0	0	1	0	0	0	0	0	0	0	0	0	0	0	0	0	Y	N	N	N	N	N	N	N	N	N	N	N	N	N	N	N	N	N	0.0000	0.0000	0.0000	0.0000	0.0000	0.0000	0.0000	0.0000	0.0000	0.0000	0.0000	0.0000	0.0000	0.0000	0.0000	0.0000	0.0000	0.0000	0.0001	0.0002	0.0000	0.0005	0.0005	0.0000	0.0000	0.0000	0.0000		0.0083	0.0000	-0.0000	5.0000	0.0090	15.9866	0.8380	0.0000	0.0000	0.0000	0.0000	0.0000	0.0000	0.0000	0.0000	0.0000	0.0000	0.0000	0.0000	0.0000	0.0000	0.0000	0.0000	0.0000	0.0000	0.0005	0.0004	0.0001	0.0001	0.0001	0.0000	0.0004	0.0003	0.0001	0.0369	0.0194	0.0176	0.0071	0.0071	0.0000	0.0298	0.0123	0.0176
54	64	0.0603	4	2	0	1	0	2	0	1	0	0	0	0	0	0	0	0	0	0	0	Y	N	N	N	N	N	N	N	N	N	N	N	N	N	N	N	N	N	0.0006	0.0015	0.0000	1.0051	1.0187	0.0000	0.0000	0.0000	0.0000	0.0036	0.0041	0.0000	0.0713	0.0723	0.0000	0.0000	0.0000	0.0000	6.0229	2.8058	9.7782	0.0709	0.0710	0.0700	6.2146	2.9593	9.8329	0.0000	2.9855	-0.0003	1.0123	5.0000	3.9919	15.9866	21.4457	0.0006	0.0006	0.0000	0.0006	0.0006	0.0000	0.0000	0.0000	0.0000	3.9878	1.0006	2.9872	0.0015	0.0013	0.0001	3.9863	0.9992	2.9871	0.1606	0.1404	0.0203	0.0081	0.0080	0.0001	0.1525	0.1323	0.0202	0.6621	0.3566	0.3055	0.0207	0.0189	0.0017	0.6414	0.3377	0.3038
54	71	0.0603	4	2	0	1	0	2	0	1	0	0	0	0	0	0	0	0	0	0	0	Y	N	N	N	N	N	N	N	N	N	N	N	N	N	N	N	N	N	6.1346	2.1787	168.7993	0.0227	0.0235	0.0000	97.1676	inf	167.0939	6.8848	3.9664	26.1039	0.2629	0.2931	0.0000	6.9311	3.9930	26.2467	1.1223	1.8206	0.1546	11.5892	12.4770	0.0000	0.0713	0.0000	0.1571	0.9993	0.0613	-0.1510	-0.2798	5.0000	7.9989	15.9866	11.5475	1.9993	1.0000	0.9993	0.0005	0.0005	0.0000	1.9987	0.9994	0.9993	0.6395	0.6026	0.0369	0.6026	0.6026	0.0000	0.0369	0.0000	0.0369	0.2904	0.2521	0.0383	0.0020	0.0018	0.0002	0.2884	0.2503	0.0381	0.5699	0.3310	0.2389	0.0520	0.0483	0.0037	0.5179	0.2827	0.2352
54	72	0.0638	4	2	0	1	0	1	0	1	0	0	0	0	0	0	0	0	0	0	0	Y	N	N	N	N	N	N	N	N	N	N	N	N	N	N	N	N	N	0.0000	0.0000	0.0000	0.0000	0.0000	0.0000	0.0000	0.0000	0.0000	0.0000	0.0000	0.0000	0.0000	0.0000	0.0000	0.0000	0.0000	0.0000	0.0013	0.0000	0.0028	0.0000	0.0000	0.0000	0.0013	0.0000	0.0028		inf	0.0000	0.0003	5.0000	3.9977	15.9866	10.1847	0.0000	0.0000	0.0000	0.0000	0.0000	0.0000	0.0000	0.0000	0.0000	0.0005	0.0000	0.0005	0.0000	0.0000	0.0000	0.0005	0.0000	0.0005	0.1473	0.1279	0.0193	0.0042	0.0039	0.0003	0.1431	0.1241	0.0190	0.3822	0.2044	0.1778	0.0091	0.0089	0.0001	0.3731	0.1955	0.1776
54	73	0.0504	3	2	0	0	0	1	0	0	0	0	0	0	0	0	0	0	0	0	0	Y	N	N	N	N	N	N	N	N	N	N	N	N	N	N	N	N	N	0.0000	0.0000	0.0000	0.0000	0.0000	0.0000	0.0000	0.0000	0.0000	0.0000	0.0000	0.0000	0.0000	0.0000	0.0000	0.0000	0.0000	0.0000	0.0016	0.0029	0.0000	0.2396	0.2402	0.0000	0.0000	0.0000	0.0000		0.0134	0.0000	-0.0001	5.0000	4.0025	15.9866	2.2111	0.0000	0.0000	0.0000	0.0000	0.0000	0.0000	0.0000	0.0000	0.0000	0.0003	0.0003	0.0000	0.0003	0.0003	0.0000	0.0000	0.0000	0.0000	0.1478	0.1282	0.0196	0.0010	0.0009	0.0001	0.1468	0.1273	0.0195	0.1687	0.0903	0.0783	0.0011	0.0011	0.0000	0.1676	0.0892	0.0783
54	74	0.0504	2	2	0	0	0	2	0	0	0	0	0	0	0	0	0	0	0	0	0	Y	N	N	N	N	N	N	N	N	N	N	N	N	N	N	N	N	N	0.0000	0.0000	0.0000	0.0000	0.0000	0.0000	0.0000	0.0000	0.0000	0.0000	0.0000	0.0000	0.0000	0.0000	0.0000	0.0000	0.0000	0.0000	0.4278	0.4176	0.4394	0.7231	0.7232	0.0000	0.2973	0.0000	0.4394		0.9296	0.0000	-0.0000	5.0000	0.0001	15.9866	0.0180	0.0000	0.0000	0.0000	0.0000	0.0000	0.0000	0.0000	0.0000	0.0000	0.0005	0.0003	0.0003	0.0003	0.0003	0.0000	0.0003	0.0000	0.0003	0.0000	0.0000	0.0000	0.0000	0.0000	0.0000	0.0000	0.0000	0.0000	0.0013	0.0007	0.0006	0.0004	0.0004	0.0000	0.0009	0.0003	0.0006
54	90	0.0580	3	2	0	1	0	2	0	1	0	1	0	1	0	0	0	0	0	0	0	Y	N	N	N	N	N	N	N	N	N	N	N	N	N	N	N	N	N	3.1378	0.0000	11.9222	0.0000	0.0000	0.0000	3.4571	0.0000	11.8079	3.9105	0.0000	29.6257	0.0000	0.0000	0.0000	3.9374	0.0000	29.7875	1.2463	0.4035	2.4849	2.0588	2.1714	0.0206	1.1389	0.0000	2.5227	inf	4.1903	0.4244	0.1544	5.0000	6.9987	15.9866	5.3508	0.9993	0.0000	0.9993	0.0000	0.0000	0.0000	0.9993	0.0000	0.9993	0.4948	0.0953	0.3995	0.0954	0.0953	0.0000	0.3994	0.0000	0.3994	0.2555	0.2218	0.0337	0.0017	0.0016	0.0002	0.2538	0.2202	0.0335	0.3970	0.2363	0.1608	0.0463	0.0439	0.0024	0.3507	0.1924	0.1583
54	91	0.0647	5	2	0	1	0	2	0	1	0	0	0	0	0	0	0	0	0	0	0	Y	N	N	N	N	N	N	N	N	N	N	N	N	N	N	N	N	N	0.2112	2.7067	0.0000	39.4045	40.7766	0.0000	0.0000	0.0000	0.0000	0.0209	0.0241	0.0000	2.2795	2.4761	0.0000	0.0000	0.0000	0.0000	0.0990	0.0089	0.2191	0.0578	0.0607	0.0341	0.1033	0.0000	0.2236	0.0000	18.4389	-0.0005	0.0181	5.0000	1.0039	15.9866	13.1994	0.0008	0.0008	0.0000	0.0008	0.0008	0.0000	0.0000	0.0000	0.0000	0.0400	0.0021	0.0379	0.0022	0.0021	0.0001	0.0378	0.0000	0.0378	0.0378	0.0328	0.0050	0.0003	0.0003	0.0000	0.0374	0.0324	0.0050	0.4039	0.2308	0.1731	0.0380	0.0339	0.0041	0.3659	0.1970	0.1690
55	57	0.6992	15	1	0	1	0	0	0	1	0	1	0	2	1	0	0	0	0	0	0	N	N	N	N	Y	N	N	N	N	N	N	N	N	N	N	N	N	N	0.0003	0.0451	0.0000	0.0036	0.1051	0.0000	0.0000	0.0000	0.0000	0.0006	0.0007	0.0000	0.0024	0.0025	0.0000	0.0000	0.0000	0.0000	1.8479	0.0152	5.8883	0.6520	0.0241	4.2051	3.0984	0.0000	6.4374	0.0000	175.5624	-0.0001	0.6919	17.6796	1.0000	56.5727	4.9984	0.0001	0.0001	0.0000	0.0001	0.0001	0.0000	0.0000	0.0000	0.0000	1.3863	0.0079	1.3784	0.2500	0.0079	0.2422	1.1362	0.0000	1.1362	0.1651	0.1459	0.0192	0.0421	0.0395	0.0026	0.1230	0.1064	0.0166	0.7502	0.5161	0.2341	0.3835	0.3259	0.0576	0.3667	0.1902	0.1765
55	58	0.6951	14	1	0	0	0	0	0	0	0	1	0	2	1	0	0	0	0	0	0	N	N	N	N	Y	N	N	N	N	N	N	N	N	N	N	N	N	N	0.0000	0.0000	0.0000	0.0000	0.0000	0.0000	0.0000	0.0000	0.0000	0.0000	0.0000	0.0000	0.0000	0.0000	0.0000	0.0000	0.0000	0.0000	0.5678	0.8169	0.0129	1.1096	1.2972	0.0369	0.0025	0.0000	0.0051		0.0071	0.0000	-0.0731	17.6796	0.0000	56.5727	2.0010	0.0000	0.0000	0.0000	0.0000	0.0000	0.0000	0.0000	0.0000	0.0000	0.1498	0.1487	0.0011	0.1495	0.1487	0.0007	0.0003	0.0000	0.0003	0.0000	0.0000	0.0000	0.0000	0.0000	0.0000	0.0000	0.0000	0.0000	0.2638	0.1821	0.0817	0.1347	0.1147	0.0201	0.1291	0.0674	0.0617
55	59	0.6882	13	1	0	0	0	0	0	0	0	2	0	2	1	0	0	0	0	0	0	N	N	N	N	Y	N	N	N	N	N	N	N	N	N	N	N	N	N	0.0000	0.0000	0.0000	0.0000	0.0000	0.0000	0.0000	0.0000	0.0000	0.0000	0.0000	0.0000	0.0000	0.0000	0.0000	0.0000	0.0000	0.0000	2.6941	0.9673	6.1930	3.1653	1.5037	14.1461	2.2305	0.0000	4.2389		3.1598	0.0000	0.3023	17.6796	0.0042	56.5727	3.0766	0.0000	0.0000	0.0000	0.0000	0.0000	0.0000	0.0000	0.0000	0.0000	1.1434	0.2749	0.8685	0.6661	0.2748	0.3913	0.4772	0.0000	0.4772	0.0007	0.0006	0.0001	0.0002	0.0002	0.0000	0.0005	0.0004	0.0001	0.4244	0.2842	0.1402	0.2104	0.1828	0.0277	0.2139	0.1014	0.1126
55	77	0.7246	13	0	0	1	0	0	0	0	0	1	0	2	0	0	0	0	0	0	0	N	N	N	N	Y	N	N	N	N	N	N	N	N	N	N	N	N	N	0.0000	0.0000	0.0000	0.0000	0.0000	0.0000	0.0000	0.0000	0.0000	0.0000	0.0000	0.0000	0.0000	0.0000	0.0000	0.0000	0.0000	0.0000	0.0000	0.0000	0.0000	0.0000	0.0000	0.0000	0.0000	0.0000	0.0000			0.0000	0.0000	17.6796	0.0000	56.5727	0.0000	0.0000	0.0000	0.0000	0.0000	0.0000	0.0000	0.0000	0.0000	0.0000	0.0000	0.0000	0.0000	0.0000	0.0000	0.0000	0.0000	0.0000	0.0000	0.0000	0.0000	0.0000	0.0000	0.0000	0.0000	0.0000	0.0000	0.0000	0.0000	0.0000	0.0000	0.0000	0.0000	0.0000	0.0000	0.0000	0.0000
55	78	0.7140	12	0	0	1	0	0	0	0	0	1	0	2	0	0	0	0	0	0	0	N	N	N	N	Y	N	N	N	N	N	N	N	N	N	N	N	N	N	0.0053	0.0041	0.0000	0.0013	0.0011	0.0000	0.5834	0.3865	0.0000	0.0004	0.0005	0.0000	0.0002	0.0002	0.0000	0.0005	0.0006	0.0000	0.0785	0.1137	0.0002	0.1527	0.1806	0.0003	0.0008	0.0015	0.0001	0.0000	0.0007	-0.0000	-0.0245	17.6796	0.9998	56.5727	4.0242	0.0001	0.0001	0.0000	0.0000	0.0000	0.0000	0.0001	0.0001	0.0000	0.0496	0.0496	0.0000	0.0494	0.0494	0.0000	0.0003	0.0002	0.0000	0.1683	0.1488	0.0195	0.0439	0.0411	0.0028	0.1243	0.1076	0.0167	0.6325	0.4361	0.1964	0.3234	0.2732	0.0501	0.3091	0.1629	0.1463
55	79	0.7056	11	0	0	1	0	0	0	1	0	2	0	2	0	0	0	0	0	0	0	N	N	N	N	Y	N	N	N	N	N	N	N	N	N	N	N	N	N	2.8016	2.2043	0.0000	0.9436	0.8616	0.0000	6.3787	3.9162	0.0000	2.0931	2.3732	0.0000	1.0272	1.1059	0.0000	2.4472	2.8245	0.0000	0.7471	1.0766	0.0078	1.0886	1.2835	0.0019	0.3836	0.7212	0.0099	0.0000	0.0032	-0.4011	-0.1990	17.6796	2.0024	56.5727	2.0159	0.6972	0.6972	0.0000	0.0853	0.0853	0.0000	0.6119	0.6119	0.0000	0.4045	0.4032	0.0013	0.3039	0.3038	0.0001	0.1006	0.0994	0.0012	0.3331	0.2938	0.0393	0.0831	0.0771	0.0059	0.2500	0.2166	0.0334	0.5414	0.3745	0.1669	0.2791	0.2367	0.0425	0.2623	0.1378	0.1245
55	90	0.6743	8	1	0	1	0	1	0	1	0	2	0	2	0	0	0	0	0	0	0	N	N	N	N	Y	N	N	N	N	N	N	N	N	N	N	N	N	N	0.3438	0.0003	81.2913	0.8254	0.0008	26361.2460	0.0625	0.0000	1.3284	0.0861	0.0001	0.7349	0.3581	0.0004	5.5023	0.0023	0.0000	0.0169	0.2505	0.3522	0.0090	0.4338	0.5181	0.0002	0.0361	0.0554	0.0128	964.1364	0.0108	0.0409	-0.2348	17.6796	6.9987	56.5727	5.3508	0.0964	0.0001	0.0963	0.0945	0.0001	0.0944	0.0019	0.0000	0.0019	0.4846	0.4794	0.0052	0.4524	0.4524	0.0000	0.0322	0.0270	0.0051	1.1200	0.9889	0.1311	0.2640	0.2468	0.0172	0.8560	0.7421	0.1139	1.9349	1.3613	0.5736	1.0430	0.8733	0.1697	0.8919	0.4880	0.4039
57	65	0.0733	14	1	0	1	0	0	0	1	0	0	1	1	2	0	0	0	0	0	0	N	N	N	N	N	Y	N	N	N	N	N	N	N	N	N	N	N	N	0.0000	0.0000	0.0000	0.0000	0.0000	0.0000	0.0000	0.0000	0.0000	0.0000	0.0000	0.0000	0.0000	0.0000	0.0000	0.0000	0.0000	0.0000	0.0000	0.0000	0.0000	0.0000	0.0000	0.0000	0.0000	0.0000	0.0000			0.0000	0.0000	1.0000	3.0012	4.9984	1.7329	0.0000	0.0000	0.0000	0.0000	0.0000	0.0000	0.0000	0.0000	0.0000	0.0000	0.0000	0.0000	0.0000	0.0000	0.0000	0.0000	0.0000	0.0000	0.0224	0.0195	0.0029	0.0011	0.0010	0.0001	0.0213	0.0185	0.0029	0.0435	0.0256	0.0178	0.0053	0.0049	0.0003	0.0382	0.0207	0.0175
57	81	0.1037	15	1	0	1	0	0	0	1	0	0	1	1	2	0	0	0	0	0	0	N	N	N	N	N	Y	N	N	N	N	N	N	N	N	N	N	N	N	0.0000	0.0000	0.0000	0.0000	0.0000	0.0000	0.0000	0.0000	0.0000	0.0000	0.0000	0.0000	0.0000	0.0000	0.0000	0.0000	0.0000	0.0000	0.0000	0.0000	0.0000	0.0000	0.0000	0.0000	0.0000	0.0000	0.0000			0.0000	0.0000	1.0000	0.0000	4.9984	2.0000	0.0000	0.0000	0.0000	0.0000	0.0000	0.0000	0.0000	0.0000	0.0000	0.0000	0.0000	0.0000	0.0000	0.0000	0.0000	0.0000	0.0000	0.0000	0.0000	0.0000	0.0000	0.0000	0.0000	0.0000	0.0000	0.0000	0.0000	0.0161	0.0092	0.0069	0.0022	0.0019	0.0004	0.0138	0.0073	0.0065
57	82	0.1058	18	1	0	1	0	0	0	1	0	0	0	1	2	0	0	0	0	0	0	N	N	N	N	N	Y	N	N	N	N	N	N	N	N	N	N	N	N	0.0000	0.0000	0.0000	0.0000	0.0000	0.0000	0.0000	0.0000	0.0000	0.0000	0.0000	0.0000	0.0000	0.0000	0.0000	0.0000	0.0000	0.0000	0.0000	0.0000	0.0000	0.0000	0.0000	0.0000	0.0000	0.0000	0.0000			0.0000	0.0000	1.0000	1.0008	4.9984	3.0055	0.0000	0.0000	0.0000	0.0000	0.0000	0.0000	0.0000	0.0000	0.0000	0.0000	0.0000	0.0000	0.0000	0.0000	0.0000	0.0000	0.0000	0.0000	0.0077	0.0067	0.0010	0.0004	0.0004	0.0000	0.0072	0.0063	0.0010	0.0322	0.0184	0.0137	0.0046	0.0038	0.0007	0.0276	0.0146	0.0130
57	83	0.1037	17	1	0	1	0	0	0	1	0	0	1	1	2	0	0	0	0	0	0	N	N	N	N	N	Y	N	N	N	N	N	N	N	N	N	N	N	N	0.0000	0.0000	0.0000	0.0000	0.0000	0.0000	0.0000	0.0000	0.0000	0.0000	0.0000	0.0000	0.0000	0.0000	0.0000	0.0000	0.0000	0.0000	0.0000	0.0000	0.0000	0.0000	0.0000	0.0000	0.0000	0.0000	0.0000			0.0000	0.0000	1.0000	0.0009	4.9984	1.0031	0.0000	0.0000	0.0000	0.0000	0.0000	0.0000	0.0000	0.0000	0.0000	0.0000	0.0000	0.0000	0.0000	0.0000	0.0000	0.0000	0.0000	0.0000	0.0000	0.0000	0.0000	0.0000	0.0000	0.0000	0.0000	0.0000	0.0000	0.0081	0.0046	0.0035	0.0011	0.0009	0.0002	0.0070	0.0037	0.0033
57	85	0.1037	16	1	0	1	0	0	0	1	0	0	1	1	2	0	0	0	0	0	0	N	N	N	N	N	Y	N	N	N	N	N	N	N	N	N	N	N	N	0.0000	0.0000	0.0000	0.0000	0.0000	0.0000	0.0000	0.0000	0.0000	0.0000	0.0000	0.0000	0.0000	0.0000	0.0000	0.0000	0.0000	0.0000	0.0000	0.0000	0.0000	0.0000	0.0000	0.0000	0.0000	0.0000	0.0000			0.0000	0.0000	1.0000	0.0000	4.9984	0.0000	0.0000	0.0000	0.0000	0.0000	0.0000	0.0000	0.0000	0.0000	0.0000	0.0000	0.0000	0.0000	0.0000	0.0000	0.0000	0.0000	0.0000	0.0000	0.0000	0.0000	0.0000	0.0000	0.0000	0.0000	0.0000	0.0000	0.0000	0.0000	0.0000	0.0000	0.0000	0.0000	0.0000	0.0000	0.0000	0.0000
58	64	0.0507	12	2	0	1	0	1	0	1	0	0	0	1	1	0	0	0	0	0	0	Y	N	N	N	N	N	N	N	N	N	N	N	N	N	N	N	N	N	0.0000	0.0000	0.0000	0.0000	0.0000	0.0000	0.0000	0.0000	0.0000	0.0000	0.0000	0.0000	0.0000	0.0000	0.0000	0.0000	0.0000	0.0000	0.0786	0.0440	0.1221	0.3448	0.3818	0.0006	0.0583	0.0000	0.1240		2.2141	0.0000	0.0010	0.0000	3.9919	2.0010	21.4457	0.0000	0.0000	0.0000	0.0000	0.0000	0.0000	0.0000	0.0000	0.0000	0.0053	0.0017	0.0037	0.0017	0.0017	0.0000	0.0037	0.0000	0.0037	0.0000	0.0000	0.0000	0.0000	0.0000	0.0000	0.0000	0.0000	0.0000	0.0679	0.0378	0.0301	0.0048	0.0044	0.0005	0.0631	0.0335	0.0297
58	65	0.0607	13	1	0	0	0	0	0	0	0	0	1	1	2	0	0	0	0	0	0	N	N	N	N	N	Y	N	N	N	N	N	N	N	N	N	N	N	N	0.0000	0.0000	0.0000	0.0000	0.0000	0.0000	0.0000	0.0000	0.0000	0.0000	0.0000	0.0000	0.0000	0.0000	0.0000	0.0000	0.0000	0.0000	0.0000	0.0000	0.0000	0.0000	0.0000	0.0000	0.0000	0.0000	0.0000			0.0000	0.0000	0.0000	3.0012	2.0010	1.7329	0.0000	0.0000	0.0000	0.0000	0.0000	0.0000	0.0000	0.0000	0.0000	0.0000	0.0000	0.0000	0.0000	0.0000	0.0000	0.0000	0.0000	0.0000	0.0000	0.0000	0.0000	0.0000	0.0000	0.0000	0.0000	0.0000	0.0000	0.0150	0.0089	0.0061	0.0018	0.0017	0.0001	0.0132	0.0071	0.0060
58	71	0.0423	10	2	0	1	0	1	0	1	0	0	0	1	1	0	0	0	0	0	0	Y	N	N	N	N	N	N	N	N	N	N	N	N	N	N	N	N	N	0.0000	0.0000	0.0000	0.0000	0.0000	0.0000	0.0000	0.0000	0.0000	0.0000	0.0000	0.0000	0.0000	0.0000	0.0000	0.0000	0.0000	0.0000	13.5825	22.7710	0.0000	0.0029	0.0035	0.0000	16.0687	29.2162	0.0000		0.0000	0.0000	-0.4180	0.0000	7.9989	2.0010	11.5475	0.0000	0.0000	0.0000	0.0000	0.0000	0.0000	0.0000	0.0000	0.0000	0.8441	0.8441	0.0000	0.0000	0.0000	0.0000	0.8440	0.8440	0.0000	0.0000	0.0000	0.0000	0.0000	0.0000	0.0000	0.0000	0.0000	0.0000	0.0621	0.0371	0.0251	0.0096	0.0082	0.0014	0.0525	0.0289	0.0236
58	72	0.0192	6	2	0	1	0	0	0	1	0	0	0	1	1	0	0	0	0	0	0	Y	N	N	N	N	N	N	N	N	N	N	N	N	N	N	N	N	N	0.0000	0.0000	0.0000	0.0000	0.0000	0.0000	0.0000	0.0000	0.0000	0.0000	0.0000	0.0000	0.0000	0.0000	0.0000	0.0000	0.0000	0.0000	24.3450	0.0001	54.1324	0.0053	0.0009	0.0632	25.7792	0.0000	54.6045		497077.1655	0.0000	0.5019	0.0000	3.9977	2.0010	10.1847	0.0000	0.0000	0.0000	0.0000	0.0000	0.0000	0.0000	0.0000	0.0000	0.9943	0.0000	0.9943	0.0000	0.0000	0.0000	0.9943	0.0000	0.9943	0.0000	0.0000	0.0000	0.0000	0.0000	0.0000	0.0000	0.0000	0.0000	0.0408	0.0225	0.0184	0.0023	0.0021	0.0002	0.0386	0.0204	0.0182
58	77	0.0904	14	1	0	1	0	0	0	0	0	0	0	2	1	0	0	0	0	0	0	N	N	N	N	Y	N	N	N	N	N	N	N	N	N	N	N	N	N	0.0000	0.0000	0.0000	0.0000	0.0000	0.0000	0.0000	0.0000	0.0000	0.0000	0.0000	0.0000	0.0000	0.0000	0.0000	0.0000	0.0000	0.0000	0.0000	0.0000	0.0000	0.0000	0.0000	0.0000	0.0000	0.0000	0.0000			0.0000	0.0000	0.0000	0.0000	2.0010	0.0000	0.0000	0.0000	0.0000	0.0000	0.0000	0.0000	0.0000	0.0000	0.0000	0.0000	0.0000	0.0000	0.0000	0.0000	0.0000	0.0000	0.0000	0.0000	0.0000	0.0000	0.0000	0.0000	0.0000	0.0000	0.0000	0.0000	0.0000	0.0000	0.0000	0.0000	0.0000	0.0000	0.0000	0.0000	0.0000	0.0000
58	78	0.0798	13	1	0	1	0	0	0	0	0	0	0	2	1	0	0	0	0	0	0	N	N	N	N	Y	N	N	N	N	N	N	N	N	N	N	N	N	N	0.0000	0.0000	0.0000	0.0000	0.0000	0.0000	0.0000	0.0000	0.0000	0.0000	0.0000	0.0000	0.0000	0.0000	0.0000	0.0000	0.0000	0.0000	0.0000	0.0000	0.0000	0.0000	0.0000	0.0000	0.0000	0.0000	0.0000			0.0000	-0.0000	0.0000	0.9998	2.0010	4.0242	0.0000	0.0000	0.0000	0.0000	0.0000	0.0000	0.0000	0.0000	0.0000	0.0000	0.0000	0.0000	0.0000	0.0000	0.0000	0.0000	0.0000	0.0000	0.0000	0.0000	0.0000	0.0000	0.0000	0.0000	0.0000	0.0000	0.0000	0.0140	0.0080	0.0060	0.0020	0.0017	0.0003	0.0120	0.0063	0.0057
58	79	0.0714	12	1	0	1	0	0	0	1	0	1	0	2	1	0	0	0	0	0	0	N	N	N	N	Y	N	N	N	N	N	N	N	N	N	N	N	N	N	0.0000	0.0000	0.0000	0.0000	0.0000	0.0000	0.0000	0.0000	0.0000	0.0000	0.0000	0.0000	0.0000	0.0000	0.0000	0.0000	0.0000	0.0000	0.0180	0.0307	0.0000	0.1230	0.1388	0.0000	0.0000	0.0000	0.0000		0.0000	0.0000	-0.0001	0.0000	2.0024	2.0010	2.0159	0.0000	0.0000	0.0000	0.0000	0.0000	0.0000	0.0000	0.0000	0.0000	0.0002	0.0002	0.0000	0.0002	0.0002	0.0000	0.0000	0.0000	0.0000	0.0000	0.0000	0.0000	0.0000	0.0000	0.0000	0.0000	0.0000	0.0000	0.0122	0.0071	0.0050	0.0018	0.0016	0.0002	0.0104	0.0056	0.0048
58	81	0.0910	14	1	0	0	0	0	0	0	0	0	1	1	2	0	0	0	0	0	0	N	N	N	N	N	Y	N	N	N	N	N	N	N	N	N	N	N	N	0.0000	0.0000	0.0000	0.0000	0.0000	0.0000	0.0000	0.0000	0.0000	0.0000	0.0000	0.0000	0.0000	0.0000	0.0000	0.0000	0.0000	0.0000	0.0000	0.0000	0.0000	0.0000	0.0000	0.0000	0.0000	0.0000	0.0000			0.0000	0.0000	0.0000	0.0000	2.0010	2.0000	0.0000	0.0000	0.0000	0.0000	0.0000	0.0000	0.0000	0.0000	0.0000	0.0000	0.0000	0.0000	0.0000	0.0000	0.0000	0.0000	0.0000	0.0000	0.0000	0.0000	0.0000	0.0000	0.0000	0.0000	0.0000	0.0000	0.0000	0.0056	0.0032	0.0024	0.0008	0.0007	0.0001	0.0048	0.0025	0.0022
58	82	0.0932	17	1	0	0	0	0	0	0	0	0	0	1	2	0	0	0	0	0	0	N	N	N	N	N	Y	N	N	N	N	N	N	N	N	N	N	N	N	0.0000	0.0000	0.0000	0.0000	0.0000	0.0000	0.0000	0.0000	0.0000	0.0000	0.0000	0.0000	0.0000	0.0000	0.0000	0.0000	0.0000	0.0000	0.0000	0.0000	0.0000	0.0000	0.0000	0.0000	0.0000	0.0000	0.0000			0.0000	0.0000	0.0000	1.0008	2.0010	3.0055	0.0000	0.0000	0.0000	0.0000	0.0000	0.0000	0.0000	0.0000	0.0000	0.0000	0.0000	0.0000	0.0000	0.0000	0.0000	0.0000	0.0000	0.0000	0.0000	0.0000	0.0000	0.0000	0.0000	0.0000	0.0000	0.0000	0.0000	0.0111	0.0064	0.0047	0.0016	0.0014	0.0002	0.0095	0.0051	0.0045
58	83	0.0911	16	1	0	0	0	0	0	0	0	0	1	1	2	0	0	0	0	0	0	N	N	N	N	N	Y	N	N	N	N	N	N	N	N	N	N	N	N	0.0000	0.0000	0.0000	0.0000	0.0000	0.0000	0.0000	0.0000	0.0000	0.0000	0.0000	0.0000	0.0000	0.0000	0.0000	0.0000	0.0000	0.0000	0.0000	0.0000	0.0000	0.0000	0.0000	0.0000	0.0000	0.0000	0.0000			0.0000	0.0000	0.0000	0.0009	2.0010	1.0031	0.0000	0.0000	0.0000	0.0000	0.0000	0.0000	0.0000	0.0000	0.0000	0.0000	0.0000	0.0000	0.0000	0.0000	0.0000	0.0000	0.0000	0.0000	0.0000	0.0000	0.0000	0.0000	0.0000	0.0000	0.0000	0.0000	0.0000	0.0028	0.0016	0.0012	0.0004	0.0003	0.0001	0.0024	0.0013	0.0011
58	85	0.0910	15	1	0	0	0	0	0	0	0	0	1	1	2	0	0	0	0	0	0	N	N	N	N	N	Y	N	N	N	N	N	N	N	N	N	N	N	N	0.0000	0.0000	0.0000	0.0000	0.0000	0.0000	0.0000	0.0000	0.0000	0.0000	0.0000	0.0000	0.0000	0.0000	0.0000	0.0000	0.0000	0.0000	0.0000	0.0000	0.0000	0.0000	0.0000	0.0000	0.0000	0.0000	0.0000			0.0000	0.0000	0.0000	0.0000	2.0010	0.0000	0.0000	0.0000	0.0000	0.0000	0.0000	0.0000	0.0000	0.0000	0.0000	0.0000	0.0000	0.0000	0.0000	0.0000	0.0000	0.0000	0.0000	0.0000	0.0000	0.0000	0.0000	0.0000	0.0000	0.0000	0.0000	0.0000	0.0000	0.0000	0.0000	0.0000	0.0000	0.0000	0.0000	0.0000	0.0000	0.0000
58	90	0.0401	9	2	0	1	0	1	0	1	0	1	0	2	1	0	0	0	0	0	0	Y	N	N	N	Y	N	N	N	N	N	N	N	N	N	N	N	N	N	0.0000	0.0000	0.0000	0.0000	0.0000	0.0000	0.0000	0.0000	0.0000	0.0000	0.0000	0.0000	0.0000	0.0000	0.0000	0.0000	0.0000	0.0000	19.0679	31.0387	0.0000	0.0034	0.0039	0.0000	23.5705	42.2427	0.0000		0.0000	0.0000	-0.4178	0.0000	6.9987	2.0010	5.3508	0.0000	0.0000	0.0000	0.0000	0.0000	0.0000	0.0000	0.0000	0.0000	0.8437	0.8437	0.0000	0.0000	0.0000	0.0000	0.8436	0.8436	0.0000	0.0000	0.0000	0.0000	0.0000	0.0000	0.0000	0.0000	0.0000	0.0000	0.0442	0.0272	0.0171	0.0085	0.0072	0.0012	0.0358	0.0200	0.0158
58	91	0.0468	11	2	0	1	0	1	0	1	0	0	0	1	1	0	0	0	0	0	0	Y	N	N	N	N	N	N	N	N	N	N	N	N	N	N	N	N	N	0.0000	0.0000	0.0000	0.0000	0.0000	0.0000	0.0000	0.0000	0.0000	0.0000	0.0000	0.0000	0.0000	0.0000	0.0000	0.0000	0.0000	0.0000	0.6610	1.1345	0.0000	4.8474	5.5911	0.0000	0.0000	0.0000	0.0000		0.0000	0.0000	-0.0139	0.0000	1.0039	2.0010	13.1994	0.0000	0.0000	0.0000	0.0000	0.0000	0.0000	0.0000	0.0000	0.0000	0.0281	0.0281	0.0000	0.0281	0.0281	0.0000	0.0000	0.0000	0.0000	0.0000	0.0000	0.0000	0.0000	0.0000	0.0000	0.0000	0.0000	0.0000	0.0425	0.0248	0.0177	0.0058	0.0050	0.0008	0.0367	0.0197	0.0170
59	64	0.0466	11	2	0	1	0	1	0	1	0	1	0	1	1	0	0	0	0	0	0	Y	N	N	N	N	N	N	N	N	N	N	N	N	N	N	N	N	N	0.0000	0.0000	0.0000	0.0000	0.0000	0.0000	0.0000	0.0000	0.0000	0.0000	0.0000	0.0000	0.0000	0.0000	0.0000	0.0000	0.0000	0.0000	9.4163	0.0000	20.6238	0.0130	0.0001	0.2692	10.0002	0.0000	20.7495		1928320.7830	0.0000	0.5021	0.0042	3.9919	3.0766	21.4457	0.0000	0.0000	0.0000	0.0000	0.0000	0.0000	0.0000	0.0000	0.0000	0.9948	0.0000	0.9948	0.0001	0.0000	0.0001	0.9948	0.0000	0.9948	0.0004	0.0004	0.0001	0.0002	0.0002	0.0000	0.0003	0.0002	0.0001	0.1057	0.0574	0.0482	0.0062	0.0059	0.0003	0.0995	0.0515	0.0479
59	65	0.0565	12	1	0	0	0	0	0	0	0	1	1	1	2	0	0	0	0	0	0	N	N	N	N	N	Y	N	N	N	N	N	N	N	N	N	N	N	N	0.0000	0.0000	0.0000	0.0000	0.0000	0.0000	0.0000	0.0000	0.0000	0.0000	0.0000	0.0000	0.0000	0.0000	0.0000	0.0000	0.0000	0.0000	0.0000	0.0000	0.0000	0.0000	0.0000	0.0000	0.0000	0.0000	0.0000			0.0000	0.0000	0.0042	3.0012	3.0766	1.7329	0.0000	0.0000	0.0000	0.0000	0.0000	0.0000	0.0000	0.0000	0.0000	0.0000	0.0000	0.0000	0.0000	0.0000	0.0000	0.0000	0.0000	0.0000	0.0003	0.0003	0.0001	0.0001	0.0001	0.0000	0.0002	0.0001	0.0001	0.0233	0.0135	0.0098	0.0026	0.0025	0.0001	0.0207	0.0110	0.0097
59	71	0.0382	9	2	0	1	0	1	0	1	0	1	0	1	1	0	0	0	0	0	0	Y	N	N	N	N	N	N	N	N	N	N	N	N	N	N	N	N	N	0.0000	0.0000	0.0000	0.0000	0.0000	0.0000	0.0000	0.0000	0.0000	0.0000	0.0000	0.0000	0.0000	0.0000	0.0000	0.0000	0.0000	0.0000	0.0643	0.1113	0.0003	0.0000	0.0000	0.0000	0.0722	0.1356	0.0003		0.0017	0.0000	-0.0029	0.0042	7.9989	3.0766	11.5475	0.0000	0.0000	0.0000	0.0000	0.0000	0.0000	0.0000	0.0000	0.0000	0.0059	0.0059	0.0000	0.0000	0.0000	0.0000	0.0059	0.0059	0.0000	0.0008	0.0007	0.0001	0.0003	0.0003	0.0000	0.0005	0.0004	0.0001	0.0916	0.0528	0.0388	0.0101	0.0094	0.0006	0.0816	0.0434	0.0382
59	72	0.0150	5	2	0	1	0	0	0	1	0	1	0	1	1	0	0	0	0	0	0	Y	N	N	N	N	N	N	N	N	N	N	N	N	N	N	N	N	N	0.0001	0.0000	0.0002	0.0000	0.0000	0.0000	0.0001	0.0000	0.0002	0.0009	0.0000	0.0054	0.0000	0.0000	0.0000	0.0014	0.0000	0.0054	15.3250	0.0237	32.7067	0.2195	0.2143	79.6900	16.2552	0.0003	32.7063	inf	1217.0942	0.0000	0.5062	0.0042	3.9977	3.0766	10.1847	0.0000	0.0000	0.0000	0.0000	0.0000	0.0000	0.0000	0.0000	0.0000	1.0045	0.0008	1.0037	0.0008	0.0008	0.0000	1.0037	0.0000	1.0037	0.0004	0.0003	0.0001	0.0001	0.0001	0.0000	0.0003	0.0002	0.0001	0.0655	0.0349	0.0307	0.0038	0.0038	0.0000	0.0617	0.0311	0.0307
59	77	0.0863	13	1	0	1	0	0	0	0	0	1	0	2	1	0	0	0	0	0	0	N	N	N	N	Y	N	N	N	N	N	N	N	N	N	N	N	N	N	0.0000	0.0000	0.0000	0.0000	0.0000	0.0000	0.0000	0.0000	0.0000	0.0000	0.0000	0.0000	0.0000	0.0000	0.0000	0.0000	0.0000	0.0000	0.0000	0.0000	0.0000	0.0000	0.0000	0.0000	0.0000	0.0000	0.0000			0.0000	0.0000	0.0042	0.0000	3.0766	0.0000	0.0000	0.0000	0.0000	0.0000	0.0000	0.0000	0.0000	0.0000	0.0000	0.0000	0.0000	0.0000	0.0000	0.0000	0.0000	0.0000	0.0000	0.0000	0.0000	0.0000	0.0000	0.0000	0.0000	0.0000	0.0000	0.0000	0.0000	0.0000	0.0000	0.0000	0.0000	0.0000	0.0000	0.0000	0.0000	0.0000
59	78	0.0756	12	1	0	1	0	0	0	0	0	1	0	2	1	0	0	0	0	0	0	N	N	N	N	Y	N	N	N	N	N	N	N	N	N	N	N	N	N	0.0000	0.0000	0.0000	0.0000	0.0000	0.0000	0.0000	0.0000	0.0000	0.0000	0.0000	0.0000	0.0000	0.0000	0.0000	0.0000	0.0000	0.0000	0.0000	0.0000	0.0000	0.0002	0.0003	0.0000	0.0000	0.0000	0.0000		0.0008	0.0000	-0.0000	0.0042	0.9998	3.0766	4.0242	0.0000	0.0000	0.0000	0.0000	0.0000	0.0000	0.0000	0.0000	0.0000	0.0000	0.0000	0.0000	0.0000	0.0000	0.0000	0.0000	0.0000	0.0000	0.0001	0.0001	0.0000	0.0000	0.0000	0.0000	0.0001	0.0001	0.0000	0.0214	0.0119	0.0095	0.0026	0.0023	0.0004	0.0188	0.0097	0.0091
59	79	0.0672	11	1	0	1	0	0	0	1	0	2	0	2	1	0	0	0	0	0	0	N	N	N	N	Y	N	N	N	N	N	N	N	N	N	N	N	N	N	0.0000	0.0000	0.0000	0.0000	0.0000	0.0000	0.0000	0.0000	0.0000	0.0000	0.0000	0.0000	0.0000	0.0000	0.0000	0.0000	0.0000	0.0000	0.0119	0.0208	0.0001	0.0835	0.0914	0.0000	0.0000	0.0000	0.0001		0.0033	0.0000	-0.0001	0.0042	2.0024	3.0766	2.0159	0.0000	0.0000	0.0000	0.0000	0.0000	0.0000	0.0000	0.0000	0.0000	0.0002	0.0002	0.0000	0.0002	0.0002	0.0000	0.0000	0.0000	0.0000	0.0002	0.0002	0.0000	0.0001	0.0001	0.0000	0.0001	0.0001	0.0000	0.0194	0.0111	0.0083	0.0028	0.0025	0.0002	0.0166	0.0086	0.0081
59	81	0.0869	13	1	0	0	0	0	0	0	0	1	1	1	2	0	0	0	0	0	0	N	N	N	N	N	Y	N	N	N	N	N	N	N	N	N	N	N	N	0.0000	0.0000	0.0000	0.0000	0.0000	0.0000	0.0000	0.0000	0.0000	0.0000	0.0000	0.0000	0.0000	0.0000	0.0000	0.0000	0.0000	0.0000	0.0000	0.0000	0.0000	0.0000	0.0000	0.0000	0.0000	0.0000	0.0000			0.0000	0.0000	0.0042	0.0000	3.0766	2.0000	0.0000	0.0000	0.0000	0.0000	0.0000	0.0000	0.0000	0.0000	0.0000	0.0000	0.0000	0.0000	0.0000	0.0000	0.0000	0.0000	0.0000	0.0000	0.0000	0.0000	0.0000	0.0000	0.0000	0.0000	0.0000	0.0000	0.0000	0.0085	0.0048	0.0037	0.0010	0.0009	0.0001	0.0075	0.0039	0.0036
59	82	0.0890	16	1	0	0	0	0	0	0	0	1	0	1	2	0	0	0	0	0	0	N	N	N	N	N	Y	N	N	N	N	N	N	N	N	N	N	N	N	inf	0.0000	inf	0.0000	0.0000	0.0000	inf	0.0000	inf	0.0297	0.0000	0.1443	0.0000	0.0000	0.0000	0.0479	0.0000	0.1449	0.0000	0.0000	0.0000	0.0000	0.0000	0.0000	0.0000	0.0000	0.0000	inf		0.0000	0.0000	0.0042	1.0008	3.0766	3.0055	0.0000	0.0000	0.0000	0.0000	0.0000	0.0000	0.0000	0.0000	0.0000	0.0000	0.0000	0.0000	0.0000	0.0000	0.0000	0.0000	0.0000	0.0000	0.0001	0.0001	0.0000	0.0000	0.0000	0.0000	0.0001	0.0000	0.0000	0.0170	0.0096	0.0074	0.0021	0.0018	0.0003	0.0149	0.0078	0.0071
59	83	0.0869	15	1	0	0	0	0	0	0	0	1	1	1	2	0	0	0	0	0	0	N	N	N	N	N	Y	N	N	N	N	N	N	N	N	N	N	N	N	inf	inf	0.0000	inf	inf	0.0000	0.0000	0.0000	0.0000	36.4578	43.7720	0.0000	100.1952	100.4639	0.0000	0.0000	0.0000	0.0000	0.0000	0.0000	0.0000	0.0000	0.0000	0.0000	0.0000	0.0000	0.0000	0.0000		-0.0000	0.0000	0.0042	0.0009	3.0766	1.0031	0.0000	0.0000	0.0000	0.0000	0.0000	0.0000	0.0000	0.0000	0.0000	0.0000	0.0000	0.0000	0.0000	0.0000	0.0000	0.0000	0.0000	0.0000	0.0000	0.0000	0.0000	0.0000	0.0000	0.0000	0.0000	0.0000	0.0000	0.0043	0.0024	0.0019	0.0005	0.0004	0.0001	0.0038	0.0020	0.0018
59	85	0.0869	14	1	0	0	0	0	0	0	0	1	1	1	2	0	0	0	0	0	0	N	N	N	N	N	Y	N	N	N	N	N	N	N	N	N	N	N	N	0.0000	0.0000	0.0000	0.0000	0.0000	0.0000	0.0000	0.0000	0.0000	0.0000	0.0000	0.0000	0.0000	0.0000	0.0000	0.0000	0.0000	0.0000	0.0000	0.0000	0.0000	0.0000	0.0000	0.0000	0.0000	0.0000	0.0000			0.0000	0.0000	0.0042	0.0000	3.0766	0.0000	0.0000	0.0000	0.0000	0.0000	0.0000	0.0000	0.0000	0.0000	0.0000	0.0000	0.0000	0.0000	0.0000	0.0000	0.0000	0.0000	0.0000	0.0000	0.0000	0.0000	0.0000	0.0000	0.0000	0.0000	0.0000	0.0000	0.0000	0.0000	0.0000	0.0000	0.0000	0.0000	0.0000	0.0000	0.0000	0.0000
59	90	0.0360	8	2	0	1	0	1	0	1	0	2	0	2	1	0	0	0	0	0	0	Y	N	N	N	Y	N	N	N	N	N	N	N	N	N	N	N	N	N	62.8449	44.7714	0.0000	991318.2227	948162.2241	0.0000	0.0000	0.0000	0.0000	5.8206	6.9886	0.0000	16.2794	16.3122	0.0000	0.0000	0.0000	0.0000	0.0926	0.1561	0.0004	0.0000	0.0000	0.0000	0.1069	0.1989	0.0004	0.0000	0.0016	-0.0024	-0.0029	0.0042	6.9987	3.0766	5.3508	0.0042	0.0042	0.0000	0.0042	0.0042	0.0000	0.0000	0.0000	0.0000	0.0059	0.0059	0.0000	0.0000	0.0000	0.0000	0.0059	0.0059	0.0000	0.0007	0.0006	0.0001	0.0003	0.0003	0.0000	0.0005	0.0003	0.0001	0.0636	0.0377	0.0259	0.0085	0.0081	0.0004	0.0551	0.0296	0.0255
59	91	0.0426	10	2	0	1	0	1	0	1	0	1	0	1	1	0	0	0	0	0	0	Y	N	N	N	N	N	N	N	N	N	N	N	N	N	N	N	N	N	0.0000	0.0000	0.0000	0.0000	0.0000	0.0000	0.0000	0.0000	0.0000	0.0000	0.0000	0.0000	0.0000	0.0000	0.0000	0.0000	0.0000	0.0000	0.0049	0.0053	0.0043	0.0259	0.0284	0.0000	0.0021	0.0000	0.0044		0.6219	0.0000	-0.0000	0.0042	1.0039	3.0766	13.1994	0.0000	0.0000	0.0000	0.0000	0.0000	0.0000	0.0000	0.0000	0.0000	0.0003	0.0002	0.0001	0.0002	0.0002	0.0000	0.0001	0.0000	0.0001	0.0001	0.0001	0.0000	0.0000	0.0000	0.0000	0.0001	0.0001	0.0000	0.0654	0.0371	0.0283	0.0076	0.0069	0.0007	0.0578	0.0302	0.0277
60	64	0.0397	10	2	0	1	0	1	0	1	0	0	1	0	1	0	0	0	0	0	0	Y	N	N	N	N	N	N	N	N	N	N	N	N	N	N	N	N	N	0.0000	0.0000	0.0000	0.0000	0.0000	0.0000	0.0000	0.0000	0.0000	0.0000	0.0000	0.0000	0.0000	0.0000	0.0000	0.0000	0.0000	0.0000	0.0290	0.0256	0.0327	0.0478	0.0481	0.0009	0.0216	0.0000	0.0327		1.1667	0.0000	0.0000	0.0086	3.9919	0.1203	21.4457	0.0000	0.0000	0.0000	0.0000	0.0000	0.0000	0.0000	0.0000	0.0000	0.0003	0.0001	0.0001	0.0001	0.0001	0.0000	0.0001	0.0000	0.0001	0.0006	0.0005	0.0001	0.0002	0.0002	0.0000	0.0004	0.0003	0.0001	0.0090	0.0047	0.0043	0.0025	0.0025	0.0000	0.0065	0.0022	0.0043
60	65	0.0497	11	1	0	0	0	0	0	0	0	0	2	0	2	0	0	0	0	0	0	N	N	N	N	N	Y	N	N	N	N	N	N	N	N	N	N	N	N	0.0000	0.0000	0.0000	0.0000	0.0000	0.0000	0.0000	0.0000	0.0000	0.0000	0.0000	0.0000	0.0000	0.0000	0.0000	0.0000	0.0000	0.0000	0.0000	0.0000	0.0000	0.0000	0.0000	0.0000	0.0000	0.0000	0.0000			0.0000	0.0000	0.0086	3.0012	0.1203	1.7329	0.0000	0.0000	0.0000	0.0000	0.0000	0.0000	0.0000	0.0000	0.0000	0.0000	0.0000	0.0000	0.0000	0.0000	0.0000	0.0000	0.0000	0.0000	0.0004	0.0004	0.0001	0.0001	0.0001	0.0000	0.0003	0.0002	0.0001	0.0019	0.0010	0.0009	0.0006	0.0005	0.0000	0.0013	0.0005	0.0009
60	71	0.0313	8	2	0	1	0	1	0	1	0	0	1	0	1	0	0	0	0	0	0	Y	N	N	N	N	N	N	N	N	N	N	N	N	N	N	N	N	N	0.0000	0.0000	0.0000	0.0000	0.0000	0.0000	0.0000	0.0000	0.0000	0.0000	0.0000	0.0000	0.0000	0.0000	0.0000	0.0000	0.0000	0.0000	0.0005	0.0004	0.0005	0.0008	0.0008	0.0000	0.0003	0.0000	0.0005		1.0000	0.0000	0.0000	0.0086	7.9989	0.1203	11.5475	0.0000	0.0000	0.0000	0.0000	0.0000	0.0000	0.0000	0.0000	0.0000	0.0000	0.0000	0.0000	0.0000	0.0000	0.0000	0.0000	0.0000	0.0000	0.0011	0.0009	0.0002	0.0003	0.0003	0.0000	0.0008	0.0006	0.0002	0.0074	0.0040	0.0034	0.0022	0.0022	0.0000	0.0052	0.0018	0.0034
60	72	0.0082	4	2	0	1	0	0	0	1	0	0	1	0	1	0	0	0	0	0	0	Y	N	N	N	N	N	N	N	N	N	N	N	N	N	N	N	N	N	0.0058	0.0034	0.0179	0.0071	0.0071	0.0000	0.0053	0.0000	0.0180	0.0014	0.0008	0.0043	0.0024	0.0024	0.0000	0.0010	0.0000	0.0044	0.2373	0.2325	0.2423	0.3411	0.3411	0.0000	0.1818	0.0000	0.2423	1.0431	0.9960	-0.0000	0.0000	0.0086	3.9977	0.1203	10.1847	0.0000	0.0000	0.0000	0.0000	0.0000	0.0000	0.0000	0.0000	0.0000	0.0019	0.0010	0.0010	0.0010	0.0010	0.0000	0.0010	0.0000	0.0010	0.0006	0.0005	0.0001	0.0002	0.0002	0.0000	0.0004	0.0003	0.0001	0.0081	0.0041	0.0040	0.0028	0.0028	0.0000	0.0053	0.0013	0.0040
60	81	0.0800	12	1	0	0	0	0	0	0	0	0	2	0	2	0	0	0	0	0	0	N	N	N	N	N	Y	N	N	N	N	N	N	N	N	N	N	N	N	0.0000	0.0000	0.0000	0.0000	0.0000	0.0000	0.0000	0.0000	0.0000	0.0000	0.0000	0.0000	0.0000	0.0000	0.0000	0.0000	0.0000	0.0000	0.0000	0.0000	0.0000	0.0000	0.0000	0.0000	0.0000	0.0000	0.0000			0.0000	0.0000	0.0086	0.0000	0.1203	2.0000	0.0000	0.0000	0.0000	0.0000	0.0000	0.0000	0.0000	0.0000	0.0000	0.0000	0.0000	0.0000	0.0000	0.0000	0.0000	0.0000	0.0000	0.0000	0.0000	0.0000	0.0000	0.0000	0.0000	0.0000	0.0000	0.0000	0.0000	0.0006	0.0003	0.0003	0.0002	0.0001	0.0000	0.0004	0.0002	0.0003
60	82	0.0821	15	1	0	0	0	0	0	0	0	0	1	0	2	0	0	0	0	0	0	N	N	N	N	N	Y	N	N	N	N	N	N	N	N	N	N	N	N	inf	inf	inf	inf	inf	0.0000	inf	0.0000	inf	0.0461	0.0278	0.1235	0.0720	0.0724	0.0000	0.0342	0.0000	0.1243	0.0000	0.0000	0.0000	0.0000	0.0000	0.0000	0.0000	0.0000	0.0000	1.0431		-0.0000	0.0000	0.0086	1.0008	0.1203	3.0055	0.0000	0.0000	0.0000	0.0000	0.0000	0.0000	0.0000	0.0000	0.0000	0.0000	0.0000	0.0000	0.0000	0.0000	0.0000	0.0000	0.0000	0.0000	0.0002	0.0001	0.0000	0.0000	0.0000	0.0000	0.0001	0.0001	0.0000	0.0012	0.0006	0.0005	0.0003	0.0003	0.0000	0.0009	0.0003	0.0005
60	83	0.0800	14	1	0	0	0	0	0	0	0	0	2	0	2	0	0	0	0	0	0	N	N	N	N	N	Y	N	N	N	N	N	N	N	N	N	N	N	N	inf	inf	inf	inf	inf	0.0000	inf	0.0000	inf	55.0332	33.4032	169.5805	95.7103	96.1900	0.0000	38.1292	0.0000	171.1583	0.0000	0.0000	0.0000	0.0000	0.0000	0.0000	0.0000	0.0000	0.0000	0.9586		-0.0000	0.0000	0.0086	0.0009	0.1203	1.0031	0.0000	0.0000	0.0000	0.0000	0.0000	0.0000	0.0000	0.0000	0.0000	0.0000	0.0000	0.0000	0.0000	0.0000	0.0000	0.0000	0.0000	0.0000	0.0000	0.0000	0.0000	0.0000	0.0000	0.0000	0.0000	0.0000	0.0000	0.0003	0.0002	0.0001	0.0001	0.0001	0.0000	0.0002	0.0001	0.0001
60	85	0.0800	13	1	0	0	0	0	0	0	0	0	2	0	2	0	0	0	0	0	0	N	N	N	N	N	Y	N	N	N	N	N	N	N	N	N	N	N	N	0.0000	0.0000	0.0000	0.0000	0.0000	0.0000	0.0000	0.0000	0.0000	0.0000	0.0000	0.0000	0.0000	0.0000	0.0000	0.0000	0.0000	0.0000	0.0000	0.0000	0.0000	0.0000	0.0000	0.0000	0.0000	0.0000	0.0000			0.0000	0.0000	0.0086	0.0000	0.1203	0.0000	0.0000	0.0000	0.0000	0.0000	0.0000	0.0000	0.0000	0.0000	0.0000	0.0000	0.0000	0.0000	0.0000	0.0000	0.0000	0.0000	0.0000	0.0000	0.0000	0.0000	0.0000	0.0000	0.0000	0.0000	0.0000	0.0000	0.0000	0.0000	0.0000	0.0000	0.0000	0.0000	0.0000	0.0000	0.0000	0.0000
60	90	0.0291	7	2	0	1	0	1	0	1	0	1	1	1	1	0	0	0	0	0	0	Y	N	N	N	N	N	N	N	N	N	N	N	N	N	N	N	N	N	19565.6551	13087.1827	54073.6601	21188.7786	21029.6274	0.0000	18692.5280	0.0000	54031.2128	8.7870	5.3350	27.0335	15.7985	15.8588	0.0000	6.0063	0.0000	27.2183	0.0004	0.0004	0.0005	0.0007	0.0008	0.0000	0.0003	0.0000	0.0005	0.9586	1.0000	-0.0007	0.0000	0.0086	6.9987	0.1203	5.3508	0.0085	0.0044	0.0042	0.0044	0.0044	0.0000	0.0042	0.0000	0.0042	0.0000	0.0000	0.0000	0.0000	0.0000	0.0000	0.0000	0.0000	0.0000	0.0010	0.0008	0.0002	0.0003	0.0003	0.0000	0.0007	0.0005	0.0002	0.0050	0.0027	0.0022	0.0015	0.0015	0.0000	0.0035	0.0013	0.0022
60	91	0.0357	9	2	0	1	0	1	0	1	0	0	1	0	1	0	0	0	0	0	0	Y	N	N	N	N	N	N	N	N	N	N	N	N	N	N	N	N	N	0.0000	0.0000	0.0000	0.0000	0.0000	0.0000	0.0000	0.0000	0.0000	0.0000	0.0000	0.0000	0.0000	0.0000	0.0000	0.0000	0.0000	0.0000	0.0396	0.0372	0.0424	0.0627	0.0636	0.0000	0.0290	0.0000	0.0428		1.0000	0.0000	0.0000	0.0086	1.0039	0.1203	13.1994	0.0000	0.0000	0.0000	0.0000	0.0000	0.0000	0.0000	0.0000	0.0000	0.0002	0.0001	0.0001	0.0001	0.0001	0.0000	0.0001	0.0000	0.0001	0.0001	0.0001	0.0000	0.0000	0.0000	0.0000	0.0001	0.0001	0.0000	0.0058	0.0031	0.0027	0.0018	0.0018	0.0000	0.0040	0.0013	0.0027
61	64	0.0397	9	2	0	1	0	1	0	1	0	0	0	0	0	0	0	0	0	0	0	Y	N	N	N	N	N	N	N	N	N	N	N	N	N	N	N	N	N	2.0707	1.6939	0.0000	0.0000	0.0000	0.0000	8.7194	441797.2731	0.0000	0.0138	0.0158	0.0000	0.0000	0.0000	0.0000	0.0150	0.0173	0.0000	0.0067	0.0093	0.0035	0.0754	0.0786	0.0000	0.0017	0.0000	0.0035	0.0000	0.3179	-0.0005	-0.0001	2.0089	3.9919	0.1204	21.4457	0.0009	0.0009	0.0000	0.0000	0.0000	0.0000	0.0009	0.0009	0.0000	0.0005	0.0004	0.0001	0.0004	0.0004	0.0000	0.0001	0.0000	0.0001	0.0654	0.0571	0.0082	0.0053	0.0051	0.0002	0.0600	0.0520	0.0080	0.0747	0.0405	0.0342	0.0050	0.0048	0.0002	0.0697	0.0357	0.0340
61	71	0.0313	7	2	0	1	0	1	0	1	0	0	0	0	0	0	0	0	0	0	0	Y	N	N	N	N	N	N	N	N	N	N	N	N	N	N	N	N	N	0.0000	0.0000	0.0000	0.0000	0.0000	0.0000	0.0000	0.0000	0.0000	0.0000	0.0000	0.0000	0.0000	0.0000	0.0000	0.0000	0.0000	0.0000	0.0001	0.0000	0.0001	0.0002	0.0002	0.0000	0.0000	0.0000	0.0001		1.0002	0.0000	0.0000	2.0089	7.9989	0.1204	11.5475	0.0000	0.0000	0.0000	0.0000	0.0000	0.0000	0.0000	0.0000	0.0000	0.0000	0.0000	0.0000	0.0000	0.0000	0.0000	0.0000	0.0000	0.0000	0.1187	0.1031	0.0156	0.0037	0.0035	0.0002	0.1150	0.0996	0.0154	0.0647	0.0372	0.0275	0.0076	0.0071	0.0004	0.0571	0.0301	0.0270
61	72	0.0082	3	2	0	1	0	0	0	1	0	0	0	0	0	0	0	0	0	0	0	Y	N	N	N	N	N	N	N	N	N	N	N	N	N	N	N	N	N	0.0087	0.0109	0.0012	0.1256	0.1352	0.0000	0.0003	0.0000	0.0012	0.0003	0.0004	0.0001	0.0332	0.0357	0.0000	0.0000	0.0000	0.0001	0.0394	0.0356	0.0437	0.2642	0.2642	0.0000	0.0221	0.0000	0.0437	0.0207	1.0837	-0.0000	0.0000	2.0089	3.9977	0.1204	10.1847	0.0000	0.0000	0.0000	0.0000	0.0000	0.0000	0.0000	0.0000	0.0000	0.0019	0.0009	0.0010	0.0009	0.0009	0.0000	0.0010	0.0000	0.0010	0.0603	0.0523	0.0081	0.0006	0.0006	0.0000	0.0597	0.0517	0.0080	0.0470	0.0250	0.0221	0.0034	0.0034	0.0000	0.0436	0.0216	0.0221
61	90	0.0291	6	2	0	1	0	1	0	1	0	1	0	1	0	0	0	0	0	0	0	Y	N	N	N	N	N	N	N	N	N	N	N	N	N	N	N	N	N	1488.6262	918.0975	5209.8537	6067.5736	6176.8730	0.0000	1486.1992	0.0000	5205.1826	0.0867	0.0518	0.3172	1.4437	1.5411	0.0000	0.0431	0.0000	0.3221	0.0001	0.0001	0.0001	0.0002	0.0002	0.0000	0.0000	0.0000	0.0001	0.9275	0.7476	-0.0009	-0.0000	2.0089	6.9987	0.1204	5.3508	0.0090	0.0047	0.0043	0.0047	0.0047	0.0000	0.0043	0.0000	0.0043	0.0000	0.0000	0.0000	0.0000	0.0000	0.0000	0.0000	0.0000	0.0000	0.1042	0.0905	0.0137	0.0032	0.0030	0.0002	0.1010	0.0875	0.0135	0.0448	0.0265	0.0183	0.0063	0.0060	0.0003	0.0386	0.0205	0.0181
61	91	0.0357	8	2	0	1	0	1	0	1	0	0	0	0	0	0	0	0	0	0	0	Y	N	N	N	N	N	N	N	N	N	N	N	N	N	N	N	N	N	0.0000	0.0000	0.0000	0.0000	0.0000	0.0000	0.0000	0.0000	0.0000	0.0000	0.0000	0.0000	0.0000	0.0000	0.0000	0.0000	0.0000	0.0000	0.0050	0.0044	0.0057	0.0199	0.0217	0.0000	0.0028	0.0000	0.0058		1.0025	0.0000	0.0000	2.0089	1.0039	0.1204	13.1994	0.0000	0.0000	0.0000	0.0000	0.0000	0.0000	0.0000	0.0000	0.0000	0.0002	0.0001	0.0001	0.0001	0.0001	0.0000	0.0001	0.0000	0.0001	0.0154	0.0134	0.0020	0.0005	0.0005	0.0000	0.0149	0.0129	0.0020	0.0463	0.0262	0.0202	0.0058	0.0053	0.0005	0.0406	0.0209	0.0197
62	64	0.0353	8	2	0	1	0	1	0	1	0	0	0	0	0	0	0	0	0	0	0	Y	N	N	N	N	N	N	N	N	N	N	N	N	N	N	N	N	N	3016.6229	35510.0192	0.0000	0.1138	2.1241	0.0000	3074.3808	34765.8815	0.0000	21.1228	24.1617	0.0000	0.0000	0.0000	0.0000	22.8205	26.3353	0.0000	0.0070	0.0007	0.0145	0.0003	0.0000	0.0064	0.0074	0.0008	0.0145	0.0000	18.0000	-0.5747	0.0002	1.4554	3.9919	0.0966	21.4457	0.9990	0.9990	0.0000	0.0000	0.0000	0.0000	0.9990	0.9990	0.0000	0.0004	0.0000	0.0004	0.0000	0.0000	0.0000	0.0004	0.0000	0.0004	0.0473	0.0413	0.0059	0.0035	0.0034	0.0001	0.0438	0.0379	0.0058	0.0538	0.0292	0.0247	0.0032	0.0030	0.0001	0.0507	0.0261	0.0245
62	71	0.0269	6	2	0	1	0	1	0	1	0	0	0	0	0	0	0	0	0	0	0	Y	N	N	N	N	N	N	N	N	N	N	N	N	N	N	N	N	N	0.0000	0.0000	0.0000	0.0000	0.0000	0.0000	0.0000	0.0000	0.0000	0.0000	0.0000	0.0000	0.0000	0.0000	0.0000	0.0000	0.0000	0.0000	0.0000	0.0001	0.0000	0.0003	0.0004	0.0000	0.0000	0.0000	0.0000		0.2896	0.0000	-0.0000	1.4554	7.9989	0.0966	11.5475	0.0000	0.0000	0.0000	0.0000	0.0000	0.0000	0.0000	0.0000	0.0000	0.0000	0.0000	0.0000	0.0000	0.0000	0.0000	0.0000	0.0000	0.0000	0.0855	0.0743	0.0112	0.0019	0.0018	0.0001	0.0836	0.0724	0.0111	0.0465	0.0268	0.0197	0.0051	0.0048	0.0003	0.0414	0.0220	0.0194
62	72	0.0037	2	2	0	1	0	0	0	1	0	0	0	0	0	0	0	0	0	0	0	Y	N	N	N	N	N	N	N	N	N	N	N	N	N	N	N	N	N	0.0001	0.0001	0.0005	0.0032	0.0032	0.0000	0.0001	0.0000	0.0005	0.0000	0.0000	0.0000	0.0029	0.0029	0.0000	0.0000	0.0000	0.0000	0.1214	0.1905	0.0446	0.8970	0.8970	0.0000	0.0237	0.0000	0.0446	0.3194	0.2102	-0.0000	-0.0015	1.4554	3.9977	0.0966	10.1847	0.0000	0.0000	0.0000	0.0000	0.0000	0.0000	0.0000	0.0000	0.0000	0.0046	0.0038	0.0008	0.0038	0.0038	0.0000	0.0008	0.0000	0.0008	0.0437	0.0379	0.0059	0.0001	0.0001	0.0000	0.0436	0.0377	0.0059	0.0380	0.0200	0.0180	0.0043	0.0043	0.0000	0.0338	0.0158	0.0180
62	90	0.0247	5	2	0	1	0	1	0	1	0	1	0	1	0	0	0	0	0	0	0	Y	N	N	N	N	N	N	N	N	N	N	N	N	N	N	N	N	N	1418.7877	287.3530	18656.4790	3176.5163	3197.5914	0.0000	2497.4380	0.0000	18549.0069	0.0825	0.0232	0.4742	0.8551	0.9026	0.0000	0.0639	0.0000	0.4787	0.0001	0.0001	0.0000	0.0003	0.0003	0.0000	0.0000	0.0000	0.0000	3.0883	0.2179	0.0011	-0.0000	1.4554	6.9987	0.0966	5.3508	0.0062	0.0015	0.0047	0.0015	0.0015	0.0000	0.0047	0.0000	0.0047	0.0000	0.0000	0.0000	0.0000	0.0000	0.0000	0.0000	0.0000	0.0000	0.0754	0.0655	0.0099	0.0018	0.0017	0.0001	0.0736	0.0638	0.0098	0.0324	0.0191	0.0133	0.0043	0.0041	0.0002	0.0280	0.0150	0.0131
62	91	0.0313	7	2	0	1	0	1	0	1	0	0	0	0	0	0	0	0	0	0	0	Y	N	N	N	N	N	N	N	N	N	N	N	N	N	N	N	N	N	0.0000	0.0000	0.0000	0.0000	0.0000	0.0000	0.0000	0.0000	0.0000	0.0000	0.0000	0.0000	0.0000	0.0000	0.0000	0.0000	0.0000	0.0000	0.0047	0.0064	0.0024	0.0314	0.0344	0.0000	0.0012	0.0000	0.0025		0.2889	0.0000	-0.0000	1.4554	1.0039	0.0966	13.1994	0.0000	0.0000	0.0000	0.0000	0.0000	0.0000	0.0000	0.0000	0.0000	0.0002	0.0001	0.0000	0.0001	0.0001	0.0000	0.0000	0.0000	0.0000	0.0111	0.0097	0.0015	0.0003	0.0003	0.0000	0.0108	0.0094	0.0015	0.0332	0.0188	0.0144	0.0038	0.0035	0.0003	0.0293	0.0153	0.0140
63	64	0.0330	7	2	0	1	0	1	0	1	0	0	0	0	0	0	0	0	0	0	0	Y	N	N	N	N	N	N	N	N	N	N	N	N	N	N	N	N	N	150054.6724	inf	0.0000	133.4254	inf	0.0000	195022.7956	inf	0.0000	0.3325	0.3765	0.0000	0.0003	0.0003	0.0000	0.4215	0.4899	0.0000	0.0000	0.0000	0.0000	0.0000	0.0000	0.0003	0.0000	0.0000	0.0000	0.0000	inf	-0.0001	0.0000	0.0090	3.9919	0.8380	21.4457	0.0001	0.0001	0.0000	0.0000	0.0000	0.0000	0.0001	0.0001	0.0000	0.0000	0.0000	0.0000	0.0000	0.0000	0.0000	0.0000	0.0000	0.0000	0.0004	0.0004	0.0000	0.0001	0.0001	0.0000	0.0003	0.0003	0.0000	0.0447	0.0236	0.0211	0.0093	0.0092	0.0001	0.0354	0.0144	0.0210
63	71	0.0246	5	2	0	1	0	1	0	1	0	0	0	0	0	0	0	0	0	0	0	Y	N	N	N	N	N	N	N	N	N	N	N	N	N	N	N	N	N	0.0000	0.0000	0.0000	0.0000	0.0000	0.0000	0.0000	0.0000	0.0000	0.0000	0.0000	0.0000	0.0000	0.0000	0.0000	0.0000	0.0000	0.0000	0.0035	0.0063	0.0000	0.0046	0.0047	0.0000	0.0031	0.0074	0.0000		0.0027	0.0000	-0.0001	0.0090	7.9989	0.8380	11.5475	0.0000	0.0000	0.0000	0.0000	0.0000	0.0000	0.0000	0.0000	0.0000	0.0001	0.0001	0.0000	0.0000	0.0000	0.0000	0.0001	0.0001	0.0000	0.0006	0.0005	0.0001	0.0000	0.0000	0.0000	0.0006	0.0005	0.0001	0.0374	0.0207	0.0167	0.0087	0.0086	0.0002	0.0287	0.0121	0.0166
63	90	0.0224	4	2	0	1	0	1	0	1	0	1	0	1	0	0	0	0	0	0	0	Y	N	N	N	N	N	N	N	N	N	N	N	N	N	N	N	N	N	41227.6234	1363.9084	5582441.3035	3066.5646	3026.7568	0.0000	537942.3507	0.0000	5569243.0249	2.5713	0.1469	21.0011	0.7303	0.7340	0.0000	2.9693	0.0000	21.1644	0.0001	0.0001	0.0000	0.0002	0.0002	0.0000	0.0000	0.0000	0.0000	18.8052	0.0270	0.0007	-0.0000	0.0090	6.9987	0.8380	5.3508	0.0018	0.0001	0.0017	0.0001	0.0001	0.0000	0.0017	0.0000	0.0017	0.0000	0.0000	0.0000	0.0000	0.0000	0.0000	0.0000	0.0000	0.0000	0.0007	0.0006	0.0001	0.0001	0.0001	0.0000	0.0006	0.0005	0.0001	0.0255	0.0144	0.0111	0.0062	0.0061	0.0001	0.0193	0.0083	0.0110
63	91	0.0290	6	2	0	1	0	1	0	1	0	0	0	0	0	0	0	0	0	0	0	Y	N	N	N	N	N	N	N	N	N	N	N	N	N	N	N	N	N	0.0000	0.0000	0.0000	0.0000	0.0000	0.0000	0.0000	0.0000	0.0000	0.0000	0.0000	0.0000	0.0000	0.0000	0.0000	0.0000	0.0000	0.0000	0.0015	0.0025	0.0004	0.0057	0.0059	0.0000	0.0002	0.0000	0.0004		0.1191	0.0000	-0.0000	0.0090	1.0039	0.8380	13.1994	0.0000	0.0000	0.0000	0.0000	0.0000	0.0000	0.0000	0.0000	0.0000	0.0000	0.0000	0.0000	0.0000	0.0000	0.0000	0.0000	0.0000	0.0000	0.0001	0.0001	0.0000	0.0000	0.0000	0.0000	0.0001	0.0001	0.0000	0.0270	0.0147	0.0123	0.0065	0.0063	0.0002	0.0205	0.0084	0.0121
64	73	0.0765	6	2	0	1	0	1	0	1	0	0	0	0	0	0	0	0	0	0	0	Y	N	N	N	N	N	N	N	N	N	N	N	N	N	N	N	N	N	4.1615	2.5770	0.0000	0.6067	0.5762	0.0000	7402.4507	4520.0595	0.0000	0.0058	0.0067	0.0000	0.0245	0.0251	0.0000	0.0047	0.0054	0.0000	0.0014	0.0026	0.0000	0.0404	0.0436	0.0000	0.0000	0.0000	0.0000	0.0000	0.0000	-0.0004	-0.0001	3.9919	4.0025	21.4457	2.2111	0.0007	0.0007	0.0000	0.0002	0.0002	0.0000	0.0006	0.0006	0.0000	0.0003	0.0003	0.0000	0.0003	0.0003	0.0000	0.0000	0.0000	0.0000	0.1290	0.1127	0.0163	0.0073	0.0072	0.0002	0.1216	0.1055	0.0161	0.2055	0.1112	0.0943	0.0071	0.0066	0.0005	0.1984	0.1046	0.0938
64	74	0.0765	5	2	0	1	0	2	0	1	0	0	0	0	0	0	0	0	0	0	0	Y	N	N	N	N	N	N	N	N	N	N	N	N	N	N	N	N	N	0.0066	0.0066	0.0000	0.0082	0.0089	0.0000	0.0053	0.0113	0.0000	0.0025	0.0029	0.0000	0.0052	0.0057	0.0000	0.0015	0.0017	0.0000	0.3875	0.4360	0.3321	0.6365	0.6390	0.0050	0.2732	0.1470	0.3330	0.0000	0.6661	-0.0000	-0.0001	3.9919	0.0001	21.4457	0.0180	0.0000	0.0000	0.0000	0.0000	0.0000	0.0000	0.0000	0.0000	0.0000	0.0006	0.0004	0.0002	0.0003	0.0003	0.0000	0.0003	0.0000	0.0002	0.0000	0.0000	0.0000	0.0000	0.0000	0.0000	0.0000	0.0000	0.0000	0.0015	0.0008	0.0007	0.0005	0.0005	0.0000	0.0011	0.0003	0.0007
65	81	0.0968	12	0	0	0	0	0	0	0	0	0	2	0	2	0	0	0	0	0	0	N	N	N	N	N	Y	N	N	N	N	N	N	N	N	N	N	N	N	0.0000	0.0000	0.0000	0.0000	0.0000	0.0000	0.0000	0.0000	0.0000	0.0000	0.0000	0.0000	0.0000	0.0000	0.0000	0.0000	0.0000	0.0000	0.0000	0.0000	0.0000	0.0000	0.0000	0.0000	0.0000	0.0000	0.0000			0.0000	0.0000	3.0012	0.0000	1.7329	2.0000	0.0000	0.0000	0.0000	0.0000	0.0000	0.0000	0.0000	0.0000	0.0000	0.0000	0.0000	0.0000	0.0000	0.0000	0.0000	0.0000	0.0000	0.0000	0.0000	0.0000	0.0000	0.0000	0.0000	0.0000	0.0000	0.0000	0.0000	0.0146	0.0089	0.0057	0.0026	0.0023	0.0002	0.0120	0.0065	0.0055
65	82	0.0989	15	0	0	0	0	0	0	0	0	0	1	0	2	0	0	0	0	0	0	N	N	N	N	N	Y	N	N	N	N	N	N	N	N	N	N	N	N	inf	inf	0.0000	inf	inf	0.0000	0.0000	0.0000	0.0000	44.1956	50.8026	0.0000	904.4747	964.6818	0.0000	0.0000	0.0000	0.0000	0.0000	0.0000	0.0000	0.0000	0.0000	0.0000	0.0000	0.0000	0.0000	0.0000		-0.5750	0.0000	3.0012	1.0008	1.7329	3.0055	0.9994	0.9994	0.0000	0.9994	0.9994	0.0000	0.0000	0.0000	0.0000	0.0000	0.0000	0.0000	0.0000	0.0000	0.0000	0.0000	0.0000	0.0000	0.0226	0.0197	0.0029	0.0011	0.0010	0.0001	0.0215	0.0186	0.0029	0.0292	0.0178	0.0114	0.0052	0.0047	0.0005	0.0240	0.0131	0.0109
65	83	0.0968	14	0	0	0	0	0	0	0	0	0	2	0	2	0	0	0	0	0	0	N	N	N	N	N	Y	N	N	N	N	N	N	N	N	N	N	N	N	inf	inf	0.0000	inf	inf	0.0000	0.0000	0.0000	0.0000	3.3591	3.8617	0.0000	70.1237	74.8993	0.0000	0.0000	0.0000	0.0000	0.0000	0.0000	0.0000	0.0000	0.0000	0.0000	0.0000	0.0000	0.0000	0.0000		-0.0000	0.0000	3.0012	0.0009	1.7329	1.0031	0.0001	0.0001	0.0000	0.0001	0.0001	0.0000	0.0000	0.0000	0.0000	0.0000	0.0000	0.0000	0.0000	0.0000	0.0000	0.0000	0.0000	0.0000	0.0000	0.0000	0.0000	0.0000	0.0000	0.0000	0.0000	0.0000	0.0000	0.0074	0.0045	0.0029	0.0013	0.0012	0.0001	0.0061	0.0033	0.0028
65	85	0.0968	13	0	0	0	0	0	0	0	0	0	2	0	2	0	0	0	0	0	0	N	N	N	N	N	Y	N	N	N	N	N	N	N	N	N	N	N	N	0.0000	0.0000	0.0000	0.0000	0.0000	0.0000	0.0000	0.0000	0.0000	0.0000	0.0000	0.0000	0.0000	0.0000	0.0000	0.0000	0.0000	0.0000	0.0000	0.0000	0.0000	0.0000	0.0000	0.0000	0.0000	0.0000	0.0000			0.0000	0.0000	3.0012	0.0000	1.7329	0.0000	0.0000	0.0000	0.0000	0.0000	0.0000	0.0000	0.0000	0.0000	0.0000	0.0000	0.0000	0.0000	0.0000	0.0000	0.0000	0.0000	0.0000	0.0000	0.0000	0.0000	0.0000	0.0000	0.0000	0.0000	0.0000	0.0000	0.0000	0.0000	0.0000	0.0000	0.0000	0.0000	0.0000	0.0000	0.0000	0.0000
71	73	0.0554	4	2	0	1	0	1	0	1	0	0	0	0	0	0	0	0	0	0	0	Y	N	N	N	N	N	N	N	N	N	N	N	N	N	N	N	N	N	0.0755	0.1024	0.0000	69.5165	69.6601	0.0000	0.0000	0.0000	0.0000	0.0001	0.0001	0.0000	0.6017	0.6033	0.0000	0.0000	0.0000	0.0000	0.0017	0.0014	0.0021	0.0087	0.0087	0.0086	0.0010	0.0002	0.0019	0.0000	1.0414	-0.0000	0.0000	7.9989	4.0025	11.5475	2.2111	0.0000	0.0000	0.0000	0.0000	0.0000	0.0000	0.0000	0.0000	0.0000	0.0003	0.0001	0.0002	0.0001	0.0001	0.0000	0.0002	0.0000	0.0001	0.2336	0.2027	0.0309	0.0000	0.0000	0.0000	0.2336	0.2027	0.0309	0.1786	0.1030	0.0756	0.0160	0.0149	0.0012	0.1625	0.0881	0.0744
71	74	0.0554	3	2	0	1	0	2	0	1	0	0	0	0	0	0	0	0	0	0	0	Y	N	N	N	N	N	N	N	N	N	N	N	N	N	N	N	N	N	23.8823	26.7480	0.0000	42.9759	42.6835	0.0000	18.8746	61.5041	0.0000	6.1033	6.7907	0.0000	15.3612	15.3680	0.0000	3.8081	4.3582	0.0000	0.2556	0.2539	0.2575	0.3574	0.3600	0.0037	0.2018	0.0709	0.2590	0.0000	0.8571	-0.0000	-0.0000	7.9989	0.0001	11.5475	0.0180	0.0001	0.0001	0.0000	0.0000	0.0000	0.0000	0.0000	0.0000	0.0000	0.0004	0.0002	0.0002	0.0002	0.0002	0.0000	0.0002	0.0000	0.0002	0.0000	0.0000	0.0000	0.0000	0.0000	0.0000	0.0000	0.0000	0.0000	0.0014	0.0008	0.0006	0.0005	0.0005	0.0000	0.0009	0.0003	0.0006
73	90	0.0209	3	2	0	1	0	1	0	1	0	1	0	1	0	0	0	0	0	0	0	Y	N	N	N	N	N	N	N	N	N	N	N	N	N	N	N	N	N	5608.3039	0.0000	696771.2544	0.0083	0.0079	0.0000	229794.8066	0.0000	843171.8700	4.8638	0.0000	36.7776	0.0001	0.0001	0.0000	4.8644	0.0000	36.7777	0.0009	0.0014	0.0001	0.0073	0.0077	0.0007	0.0000	0.0000	0.0000	624943756.6079	0.0255	0.4246	-0.0001	4.0025	6.9987	2.2111	5.3508	0.9999	0.0000	0.9999	0.0000	0.0000	0.0000	0.9999	0.0000	0.9999	0.0001	0.0001	0.0000	0.0001	0.0001	0.0000	0.0000	0.0000	0.0000	0.2056	0.1784	0.0272	0.0000	0.0000	0.0000	0.2055	0.1784	0.0272	0.1245	0.0736	0.0509	0.0144	0.0136	0.0008	0.1101	0.0600	0.0501
73	91	0.0276	5	2	0	1	0	1	0	1	0	0	0	0	0	0	0	0	0	0	0	Y	N	N	N	N	N	N	N	N	N	N	N	N	N	N	N	N	N	0.0000	0.0000	0.0000	0.0000	0.0000	0.0000	0.0000	0.0000	0.0000	0.0000	0.0000	0.0000	0.0000	0.0000	0.0000	0.0000	0.0000	0.0000	0.0001	0.0002	0.0000	0.0011	0.0013	0.0000	0.0000	0.0000	0.0000		0.1025	0.0000	-0.0000	4.0025	1.0039	2.2111	13.1994	0.0000	0.0000	0.0000	0.0000	0.0000	0.0000	0.0000	0.0000	0.0000	0.0000	0.0000	0.0000	0.0000	0.0000	0.0000	0.0000	0.0000	0.0000	0.0304	0.0263	0.0041	0.0001	0.0001	0.0000	0.0303	0.0263	0.0041	0.1264	0.0717	0.0547	0.0116	0.0103	0.0013	0.1148	0.0614	0.0534
74	90	0.0076	2	2	0	1	0	2	0	1	0	1	0	1	0	0	0	0	0	0	0	Y	N	N	N	N	N	N	N	N	N	N	N	N	N	N	N	N	N	10.3139	6.0152	48.7619	16.7788	16.6931	0.0000	8.6851	0.0000	48.5809	2.1787	1.2105	10.8809	5.0455	5.0458	0.0000	1.3893	0.0000	10.8821	0.2112	0.2012	0.2231	0.3007	0.3023	0.0518	0.1600	0.0000	0.2240	1.0000	0.9303	-0.0000	-0.0000	0.0001	6.9987	0.0180	5.3508	0.0000	0.0000	0.0000	0.0000	0.0000	0.0000	0.0000	0.0000	0.0000	0.0002	0.0001	0.0001	0.0001	0.0001	0.0000	0.0001	0.0000	0.0001	0.0000	0.0000	0.0000	0.0000	0.0000	0.0000	0.0000	0.0000	0.0000	0.0010	0.0006	0.0005	0.0004	0.0004	0.0000	0.0007	0.0002	0.0005
74	91	0.0143	4	2	0	1	0	2	0	1	0	0	0	0	0	0	0	0	0	0	0	Y	N	N	N	N	N	N	N	N	N	N	N	N	N	N	N	N	N	0.0000	0.0000	0.0000	0.0000	0.0000	0.0000	0.0000	0.0000	0.0000	0.0000	0.0000	0.0000	0.0000	0.0000	0.0000	0.0000	0.0000	0.0000	0.0224	0.0216	0.0235	0.0358	0.0361	0.0121	0.0159	0.0000	0.0236		0.9172	0.0000	-0.0000	0.0001	1.0039	0.0180	13.1994	0.0000	0.0000	0.0000	0.0000	0.0000	0.0000	0.0000	0.0000	0.0000	0.0000	0.0000	0.0000	0.0000	0.0000	0.0000	0.0000	0.0000	0.0000	0.0000	0.0000	0.0000	0.0000	0.0000	0.0000	0.0000	0.0000	0.0000	0.0009	0.0005	0.0004	0.0003	0.0003	0.0000	0.0006	0.0002	0.0004
81	82	0.0063	4	0	0	0	0	0	0	0	0	0	1	0	2	0	0	0	0	0	0	N	N	N	N	N	Y	N	N	N	N	N	N	N	N	N	N	N	N	0.0000	0.0000	0.0000	0.0000	0.0000	0.0000	0.0000	0.0000	0.0000	0.0000	0.0000	0.0000	0.0000	0.0000	0.0000	0.0000	0.0000	0.0000	0.0000	0.0000	0.0000	0.0000	0.0000	0.0000	0.0000	0.0000	0.0000			0.0000	0.0000	0.0000	1.0008	2.0000	3.0055	0.0000	0.0000	0.0000	0.0000	0.0000	0.0000	0.0000	0.0000	0.0000	0.0000	0.0000	0.0000	0.0000	0.0000	0.0000	0.0000	0.0000	0.0000	0.0000	0.0000	0.0000	0.0000	0.0000	0.0000	0.0000	0.0000	0.0000	0.0115	0.0061	0.0054	0.0000	0.0000	0.0000	0.0115	0.0061	0.0054
81	83	0.0042	3	0	0	0	0	0	0	0	0	0	2	0	2	0	0	0	0	0	0	N	N	N	N	N	Y	N	N	N	N	N	N	N	N	N	N	N	N	0.0000	0.0000	0.0000	0.0000	0.0000	0.0000	0.0000	0.0000	0.0000	0.0000	0.0000	0.0000	0.0000	0.0000	0.0000	0.0000	0.0000	0.0000	0.0000	0.0000	0.0000	0.0000	0.0000	0.0000	0.0000	0.0000	0.0000			0.0000	0.0000	0.0000	0.0009	2.0000	1.0031	0.0000	0.0000	0.0000	0.0000	0.0000	0.0000	0.0000	0.0000	0.0000	0.0000	0.0000	0.0000	0.0000	0.0000	0.0000	0.0000	0.0000	0.0000	0.0000	0.0000	0.0000	0.0000	0.0000	0.0000	0.0000	0.0000	0.0000	0.0029	0.0015	0.0014	0.0000	0.0000	0.0000	0.0029	0.0015	0.0014
81	85	0.0042	2	0	0	0	0	0	0	0	0	0	2	0	2	0	0	0	0	0	0	N	N	N	N	N	Y	N	N	N	N	N	N	N	N	N	N	N	N	0.0000	0.0000	0.0000	0.0000	0.0000	0.0000	0.0000	0.0000	0.0000	0.0000	0.0000	0.0000	0.0000	0.0000	0.0000	0.0000	0.0000	0.0000	0.0000	0.0000	0.0000	0.0000	0.0000	0.0000	0.0000	0.0000	0.0000			0.0000	0.0000	0.0000	0.0000	2.0000	0.0000	0.0000	0.0000	0.0000	0.0000	0.0000	0.0000	0.0000	0.0000	0.0000	0.0000	0.0000	0.0000	0.0000	0.0000	0.0000	0.0000	0.0000	0.0000	0.0000	0.0000	0.0000	0.0000	0.0000	0.0000	0.0000	0.0000	0.0000	0.0000	0.0000	0.0000	0.0000	0.0000	0.0000	0.0000	0.0000	0.0000
82	85	0.0106	3	0	0	0	0	0	0	0	0	0	1	0	2	0	0	0	0	0	0	N	N	N	N	N	Y	N	N	N	N	N	N	N	N	N	N	N	N	0.0000	0.0000	0.0000	0.0000	0.0000	0.0000	0.0000	0.0000	0.0000	0.0000	0.0000	0.0000	0.0000	0.0000	0.0000	0.0000	0.0000	0.0000	0.0000	0.0000	0.0000	0.0000	0.0000	0.0000	0.0000	0.0000	0.0000			0.0000	0.0000	1.0008	0.0000	3.0055	0.0000	0.0000	0.0000	0.0000	0.0000	0.0000	0.0000	0.0000	0.0000	0.0000	0.0000	0.0000	0.0000	0.0000	0.0000	0.0000	0.0000	0.0000	0.0000	0.0000	0.0000	0.0000	0.0000	0.0000	0.0000	0.0000	0.0000	0.0000	0.0000	0.0000	0.0000	0.0000	0.0000	0.0000	0.0000	0.0000	0.0000
83	85	0.0021	2	0	0	0	0	0	0	0	0	0	2	0	2	0	0	0	0	0	0	N	N	N	N	N	Y	N	N	N	N	N	N	N	N	N	N	N	N	0.0000	0.0000	0.0000	0.0000	0.0000	0.0000	0.0000	0.0000	0.0000	0.0000	0.0000	0.0000	0.0000	0.0000	0.0000	0.0000	0.0000	0.0000	0.0000	0.0000	0.0000	0.0000	0.0000	0.0000	0.0000	0.0000	0.0000			0.0000	0.0000	0.0009	0.0000	1.0031	0.0000	0.0000	0.0000	0.0000	0.0000	0.0000	0.0000	0.0000	0.0000	0.0000	0.0000	0.0000	0.0000	0.0000	0.0000	0.0000	0.0000	0.0000	0.0000	0.0000	0.0000	0.0000	0.0000	0.0000	0.0000	0.0000	0.0000	0.0000	0.0000	0.0000	0.0000	0.0000	0.0000	0.0000	0.0000	0.0000	0.0000
