branch_id_1	branch_id_2	dist_bl	dist_node_num	branch_num_fg_beak	branch_num_fg_fork	branch_num_fg_pink	branch_num_fg_red	branch_num_fg_stem_beak	branch_num_fg_stem_fork	branch_num_fg_stem_pink	branch_num_fg_stem_red	branch_num_fg_stem_tube	branch_num_fg_stem_yellow	branch_num_fg_tube	branch_num_fg_yellow	branch_num_mg_beak	branch_num_mg_fork	branch_num_mg_pink	branch_num_mg_red	branch_num_mg_tube	branch_num_mg_yellow	is_fg_beak	is_fg_fork	is_fg_pink	is_fg_red	is_fg_tube	is_fg_yellow	is_mf_beak	is_mf_fork	is_mf_pink	is_mf_red	is_mf_tube	is_mf_yellow	is_mg_beak	is_mg_fork	is_mg_pink	is_mg_red	is_mg_tube	is_mg_yellow	omegaCany2any	omegaCany2dif	omegaCany2spe	omegaCdif2any	omegaCdif2dif	omegaCdif2spe	omegaCspe2any	omegaCspe2dif	omegaCspe2spe	dNCany2any	dNCany2dif	dNCany2spe	dNCdif2any	dNCdif2dif	dNCdif2spe	dNCspe2any	dNCspe2dif	dNCspe2spe	dSCany2any	dSCany2dif	dSCany2spe	dSCdif2any	dSCdif2dif	dSCdif2spe	dSCspe2any	dSCspe2dif	dSCspe2spe	OCNCoD	OCSCoD	OCN_linreg_residual	OCS_linreg_residual	N_sub_1	N_sub_2	S_sub_1	S_sub_2	OCNany2any	OCNany2dif	OCNany2spe	OCNdif2any	OCNdif2dif	OCNdif2spe	OCNspe2any	OCNspe2dif	OCNspe2spe	OCSany2any	OCSany2dif	OCSany2spe	OCSdif2any	OCSdif2dif	OCSdif2spe	OCSspe2any	OCSspe2dif	OCSspe2spe	ECNany2any	ECNany2dif	ECNany2spe	ECNdif2any	ECNdif2dif	ECNdif2spe	ECNspe2any	ECNspe2dif	ECNspe2spe	ECSany2any	ECSany2dif	ECSany2spe	ECSdif2any	ECSdif2dif	ECSdif2spe	ECSspe2any	ECSspe2dif	ECSspe2spe
0	3	0.1405	18	2	1	1	0	0	1	0	0	1	0	2	1	0	0	0	0	0	0	Y	N	N	N	Y	N	N	N	N	N	N	N	N	N	N	N	N	N	0.0000	0.0000	0.0000	0.0000	0.0000	0.0000	0.0000	0.0000	0.0000	0.0000	0.0000	0.0000	0.0000	0.0000	0.0000	0.0000	0.0000	0.0000	0.0000	0.0000	0.0000	0.0000	0.0000	0.0000	0.0000	0.0000	0.0000		0.0000	0.0000	-0.0000	0.0002	1.9998	0.9695	1.0077	0.0000	0.0000	0.0000	0.0000	0.0000	0.0000	0.0000	0.0000	0.0000	0.0000	0.0000	0.0000	0.0000	0.0000	0.0000	0.0000	0.0000	0.0000	0.0000	0.0000	0.0000	0.0000	0.0000	0.0000	0.0000	0.0000	0.0000	0.0100	0.0068	0.0031	0.0032	0.0030	0.0002	0.0068	0.0039	0.0030
0	7	0.1405	18	2	0	1	0	0	0	0	0	1	0	2	1	0	0	0	0	0	0	Y	N	N	N	Y	N	N	N	N	N	N	N	N	N	N	N	N	N	0.0000	0.0000	0.0000	0.0000	0.0000	0.0000	0.0000	0.0000	0.0000	0.0000	0.0000	0.0000	0.0000	0.0000	0.0000	0.0000	0.0000	0.0000	0.0000	0.0000	0.0000	0.0000	0.0000	0.0000	0.0000	0.0000	0.0000		0.0000	0.0000	-0.0000	0.0002	0.0002	0.9695	2.0046	0.0000	0.0000	0.0000	0.0000	0.0000	0.0000	0.0000	0.0000	0.0000	0.0000	0.0000	0.0000	0.0000	0.0000	0.0000	0.0000	0.0000	0.0000	0.0000	0.0000	0.0000	0.0000	0.0000	0.0000	0.0000	0.0000	0.0000	0.0067	0.0046	0.0021	0.0021	0.0020	0.0001	0.0046	0.0026	0.0020
0	8	0.1373	17	2	0	1	0	0	0	0	0	1	0	2	1	0	0	0	0	0	0	Y	N	N	N	Y	N	N	N	N	N	N	N	N	N	N	N	N	N	0.0000	0.0000	0.0000	0.0000	0.0000	0.0000	0.0000	0.0000	0.0000	0.0000	0.0000	0.0000	0.0000	0.0000	0.0000	0.0000	0.0000	0.0000	0.0005	0.0008	0.0000	0.0017	0.0018	0.0000	0.0000	0.0000	0.0000		0.0151	0.0000	-0.0000	0.0002	0.0003	0.9695	0.9949	0.0000	0.0000	0.0000	0.0000	0.0000	0.0000	0.0000	0.0000	0.0000	0.0000	0.0000	0.0000	0.0000	0.0000	0.0000	0.0000	0.0000	0.0000	0.0000	0.0000	0.0000	0.0000	0.0000	0.0000	0.0000	0.0000	0.0000	0.0034	0.0023	0.0011	0.0011	0.0010	0.0001	0.0023	0.0013	0.0010
0	10	0.1405	18	2	1	1	0	0	1	0	0	1	0	2	1	0	0	0	0	0	0	Y	N	N	N	Y	N	N	N	N	N	N	N	N	N	N	N	N	N	0.0000	0.0000	0.0000	0.0000	0.0000	0.0000	0.0000	0.0000	0.0000	0.0000	0.0000	0.0000	0.0000	0.0000	0.0000	0.0000	0.0000	0.0000	0.0000	0.0000	0.0000	0.0000	0.0000	0.0000	0.0000	0.0000	0.0000		0.0000	0.0000	-0.0000	0.0002	1.0000	0.9695	3.0034	0.0000	0.0000	0.0000	0.0000	0.0000	0.0000	0.0000	0.0000	0.0000	0.0000	0.0000	0.0000	0.0000	0.0000	0.0000	0.0000	0.0000	0.0000	0.0000	0.0000	0.0000	0.0000	0.0000	0.0000	0.0000	0.0000	0.0000	0.0133	0.0091	0.0042	0.0042	0.0040	0.0003	0.0090	0.0051	0.0039
0	12	0.0765	8	2	0	1	0	0	0	0	0	1	1	1	1	0	0	0	0	0	0	Y	N	N	N	N	N	N	N	N	N	N	N	N	N	N	N	N	N	0.0049	0.0069	0.0000	0.0068	0.0068	0.0000	0.0000	0.0000	0.0000	0.0000	0.0000	0.0000	0.0001	0.0001	0.0000	0.0000	0.0000	0.0000	0.0069	0.0055	0.0099	0.0124	0.0124	0.0098	0.0045	0.0000	0.0099	0.0000	0.8438	-0.0000	-0.0000	0.0002	3.5195	0.9695	3.1401	0.0000	0.0000	0.0000	0.0000	0.0000	0.0000	0.0000	0.0000	0.0000	0.0002	0.0001	0.0001	0.0001	0.0001	0.0000	0.0001	0.0000	0.0001	0.0000	0.0000	0.0000	0.0000	0.0000	0.0000	0.0000	0.0000	0.0000	0.0268	0.0182	0.0085	0.0082	0.0081	0.0002	0.0185	0.0102	0.0084
0	22	0.1374	19	2	0	1	1	0	0	0	1	1	0	2	1	0	0	0	0	0	0	Y	N	N	N	Y	N	N	N	N	N	N	N	N	N	N	N	N	N	0.0000	0.0000	0.0000	0.0000	0.0000	0.0000	0.0000	0.0000	0.0000	0.0000	0.0000	0.0000	0.0000	0.0000	0.0000	0.0000	0.0000	0.0000	0.0000	0.0000	0.0000	0.0000	0.0000	0.0001	0.0000	0.0000	0.0000		inf	0.0000	0.0000	0.0002	2.0010	0.9695	1.9996	0.0000	0.0000	0.0000	0.0000	0.0000	0.0000	0.0000	0.0000	0.0000	0.0000	0.0000	0.0000	0.0000	0.0000	0.0000	0.0000	0.0000	0.0000	0.0000	0.0000	0.0000	0.0000	0.0000	0.0000	0.0000	0.0000	0.0000	0.0131	0.0089	0.0042	0.0041	0.0038	0.0002	0.0091	0.0051	0.0040
0	36	0.1071	9	2	0	1	0	0	0	0	0	1	1	1	1	0	0	0	0	0	0	Y	N	N	N	N	N	N	N	N	N	N	N	N	N	N	N	N	N	0.0000	0.0000	0.0000	0.0000	0.0000	0.0000	0.0000	0.0000	0.0000	0.0000	0.0000	0.0000	0.0000	0.0000	0.0000	0.0000	0.0000	0.0000	0.0002	0.0001	0.0003	0.0005	0.0003	0.0075	0.0000	0.0000	0.0001		0.9255	0.0000	-0.0000	0.0002	11.0150	0.9695	4.0316	0.0000	0.0000	0.0000	0.0000	0.0000	0.0000	0.0000	0.0000	0.0000	0.0000	0.0000	0.0000	0.0000	0.0000	0.0000	0.0000	0.0000	0.0000	0.0001	0.0001	0.0000	0.0000	0.0000	0.0000	0.0001	0.0001	0.0000	0.0463	0.0315	0.0148	0.0126	0.0123	0.0003	0.0337	0.0192	0.0145
0	38	0.1330	18	2	0	1	1	0	0	0	1	1	1	2	1	0	0	0	0	0	0	Y	N	N	N	Y	N	N	N	N	N	N	N	N	N	N	N	N	N	21.1551	18.4304	0.0000	11.2423	14.2047	0.0000	35.5545	inf	0.0000	0.3107	0.3847	0.0000	0.4869	0.6470	0.0000	0.0005	0.0006	0.0000	0.0147	0.0209	0.0000	0.0433	0.0456	0.0000	0.0000	0.0000	0.0000	0.0000	0.0007	-0.0000	-0.0001	0.0002	3.1237	0.9695	0.5096	0.0000	0.0000	0.0000	0.0000	0.0000	0.0000	0.0000	0.0000	0.0000	0.0002	0.0002	0.0000	0.0002	0.0002	0.0000	0.0000	0.0000	0.0000	0.0001	0.0001	0.0000	0.0001	0.0001	0.0000	0.0000	0.0000	0.0000	0.0137	0.0096	0.0041	0.0046	0.0044	0.0002	0.0091	0.0052	0.0038
0	43	0.1228	18	2	0	1	1	0	0	0	1	1	1	2	1	0	0	0	0	0	0	Y	N	N	N	Y	N	N	N	N	N	N	N	N	N	N	N	N	N	0.0000	0.0000	0.0000	0.0000	0.0000	0.0000	0.0000	0.0000	0.0000	0.0000	0.0000	0.0000	0.0000	0.0000	0.0000	0.0000	0.0000	0.0000	0.0000	0.0000	0.0000	0.0000	0.0000	0.0000	0.0000	0.0000	0.0000			0.0000	0.0000	0.0002	2.9999	0.9695	0.9999	0.0000	0.0000	0.0000	0.0000	0.0000	0.0000	0.0000	0.0000	0.0000	0.0000	0.0000	0.0000	0.0000	0.0000	0.0000	0.0000	0.0000	0.0000	0.0000	0.0000	0.0000	0.0000	0.0000	0.0000	0.0000	0.0000	0.0000	0.0143	0.0098	0.0045	0.0046	0.0043	0.0002	0.0097	0.0055	0.0043
0	44	0.1180	17	2	0	1	0	0	0	0	0	1	0	2	0	0	0	0	0	0	0	Y	N	N	N	Y	N	N	N	N	N	N	N	N	N	N	N	N	N	0.0000	0.0000	0.0000	0.0000	0.0000	0.0000	0.0000	0.0000	0.0000	0.0000	0.0000	0.0000	0.0000	0.0000	0.0000	0.0000	0.0000	0.0000	0.0000	0.0000	0.0000	0.0000	0.0000	0.0000	0.0000	0.0000	0.0000		0.0000	0.0000	-0.0000	0.0002	1.0020	0.9695	0.0022	0.0000	0.0000	0.0000	0.0000	0.0000	0.0000	0.0000	0.0000	0.0000	0.0000	0.0000	0.0000	0.0000	0.0000	0.0000	0.0000	0.0000	0.0000	0.0000	0.0000	0.0000	0.0000	0.0000	0.0000	0.0000	0.0000	0.0000	0.0033	0.0023	0.0011	0.0010	0.0010	0.0001	0.0023	0.0013	0.0010
0	45	0.1180	17	2	0	1	0	0	0	0	0	1	0	2	1	0	0	0	0	0	0	Y	N	N	N	Y	N	N	N	N	N	N	N	N	N	N	N	N	N	0.0000	0.0000	0.0000	0.0000	0.0000	0.0000	0.0000	0.0000	0.0000	0.0000	0.0000	0.0000	0.0000	0.0000	0.0000	0.0000	0.0000	0.0000	0.0000	0.0000	0.0000	0.0000	0.0000	0.0000	0.0000	0.0000	0.0000			0.0000	0.0000	0.0002	4.0000	0.9695	1.0000	0.0000	0.0000	0.0000	0.0000	0.0000	0.0000	0.0000	0.0000	0.0000	0.0000	0.0000	0.0000	0.0000	0.0000	0.0000	0.0000	0.0000	0.0000	0.0000	0.0000	0.0000	0.0000	0.0000	0.0000	0.0000	0.0000	0.0000	0.0164	0.0111	0.0053	0.0050	0.0047	0.0003	0.0114	0.0064	0.0050
0	46	0.0716	6	2	0	1	0	0	0	0	0	1	1	1	1	0	0	0	0	0	0	Y	N	N	N	N	N	N	N	N	N	N	N	N	N	N	N	N	N	36.7701	inf	0.0000	1044.9981	inf	0.0000	20.1914	inf	0.0000	0.0130	0.0206	0.0000	0.0123	0.0153	0.0000	0.0140	0.0412	0.0000	0.0004	0.0000	0.0007	0.0000	0.0000	0.0009	0.0007	0.0000	0.0007	0.0000	inf	-0.0000	0.0000	0.0002	0.0007	0.9695	1.0103	0.0000	0.0000	0.0000	0.0000	0.0000	0.0000	0.0000	0.0000	0.0000	0.0001	0.0000	0.0001	0.0000	0.0000	0.0000	0.0001	0.0000	0.0001	0.0000	0.0000	0.0000	0.0000	0.0000	0.0000	0.0000	0.0000	0.0000	0.1525	0.0787	0.0739	0.0764	0.0754	0.0010	0.0762	0.0033	0.0729
0	47	0.0366	5	2	0	1	0	1	0	0	0	1	0	1	0	0	0	0	0	0	0	Y	N	N	N	N	N	N	N	N	N	N	N	N	N	N	N	N	N	38.7170	170.9109	0.0000	135.6244	138.5111	0.0000	7.0553	2948.2432	0.0000	1.0967	1.2216	0.0000	2.4034	2.4058	0.0000	0.2282	0.2747	0.0000	0.0283	0.0071	0.0700	0.0177	0.0174	0.0440	0.0323	0.0001	0.0703	0.0000	4.9757	-0.0000	0.0002	0.0002	6.8097	0.9695	3.8431	0.0001	0.0001	0.0000	0.0001	0.0001	0.0000	0.0000	0.0000	0.0000	0.0011	0.0002	0.0009	0.0002	0.0002	0.0000	0.0009	0.0000	0.0009	0.0001	0.0001	0.0000	0.0000	0.0000	0.0000	0.0000	0.0000	0.0000	0.0396	0.0263	0.0133	0.0109	0.0107	0.0001	0.0287	0.0155	0.0132
0	49	0.0976	8	2	0	1	0	0	0	0	0	1	0	1	0	0	0	0	0	0	0	Y	N	N	N	N	N	N	N	N	N	N	N	N	N	N	N	N	N	0.2045	0.1790	0.0000	0.1989	0.2013	0.0000	0.0000	0.0000	0.0000	0.0004	0.0004	0.0000	0.0009	0.0009	0.0000	0.0000	0.0000	0.0000	0.0018	0.0023	0.0006	0.0045	0.0044	0.0062	0.0007	0.0008	0.0005	0.0000	0.1034	-0.0000	-0.0000	0.0002	1.6285	0.9695	1.0381	0.0000	0.0000	0.0000	0.0000	0.0000	0.0000	0.0000	0.0000	0.0000	0.0000	0.0000	0.0000	0.0000	0.0000	0.0000	0.0000	0.0000	0.0000	0.0000	0.0000	0.0000	0.0000	0.0000	0.0000	0.0000	0.0000	0.0000	0.0106	0.0075	0.0030	0.0033	0.0032	0.0001	0.0073	0.0043	0.0030
0	53	0.1342	18	2	0	1	0	0	0	0	0	1	0	2	1	0	0	0	0	0	0	Y	N	N	N	Y	N	N	N	N	N	N	N	N	N	N	N	N	N	23.3671	17.6226	0.0000	17.5808	16.6084	0.0000	0.0000	0.0000	0.0000	0.0002	0.0002	0.0000	0.0004	0.0004	0.0000	0.0000	0.0000	0.0000	0.0000	0.0000	0.0000	0.0000	0.0000	0.0000	0.0000	0.0000	0.0000	0.0000	0.0000	-0.0000	-0.0000	0.0002	0.9921	0.9695	0.0076	0.0000	0.0000	0.0000	0.0000	0.0000	0.0000	0.0000	0.0000	0.0000	0.0000	0.0000	0.0000	0.0000	0.0000	0.0000	0.0000	0.0000	0.0000	0.0000	0.0000	0.0000	0.0000	0.0000	0.0000	0.0000	0.0000	0.0000	0.0034	0.0023	0.0011	0.0010	0.0010	0.0001	0.0023	0.0013	0.0010
0	60	0.1180	17	2	0	1	0	0	0	0	0	1	0	2	1	0	0	0	0	0	0	Y	N	N	N	Y	N	N	N	N	N	N	N	N	N	N	N	N	N	0.0000	0.0000	0.0000	0.0000	0.0000	0.0000	0.0000	0.0000	0.0000	0.0000	0.0000	0.0000	0.0000	0.0000	0.0000	0.0000	0.0000	0.0000	0.0746	0.0000	0.2313	0.0068	0.0000	0.1345	0.1042	0.0000	0.2361		inf	0.0000	0.0008	0.0002	2.0000	0.9695	7.0000	0.0000	0.0000	0.0000	0.0000	0.0000	0.0000	0.0000	0.0000	0.0000	0.0022	0.0000	0.0022	0.0001	0.0000	0.0001	0.0021	0.0000	0.0021	0.0000	0.0000	0.0000	0.0000	0.0000	0.0000	0.0000	0.0000	0.0000	0.0290	0.0196	0.0093	0.0088	0.0084	0.0004	0.0202	0.0113	0.0089
0	61	0.1179	16	2	0	1	0	0	0	0	0	1	1	2	1	0	0	0	0	0	0	Y	N	N	N	Y	N	N	N	N	N	N	N	N	N	N	N	N	N	0.0000	0.0000	0.0000	0.0000	0.0000	0.0000	0.0000	0.0000	0.0000	0.0000	0.0000	0.0000	0.0000	0.0000	0.0000	0.0000	0.0000	0.0000	0.0000	0.0000	0.0000	0.0000	0.0000	0.0000	0.0000	0.0000	0.0000			0.0000	0.0000	0.0002	0.0000	0.9695	0.0000	0.0000	0.0000	0.0000	0.0000	0.0000	0.0000	0.0000	0.0000	0.0000	0.0000	0.0000	0.0000	0.0000	0.0000	0.0000	0.0000	0.0000	0.0000	0.0000	0.0000	0.0000	0.0000	0.0000	0.0000	0.0000	0.0000	0.0000	0.0000	0.0000	0.0000	0.0000	0.0000	0.0000	0.0000	0.0000	0.0000
0	68	0.0976	8	2	0	1	0	0	0	0	0	1	1	1	1	0	0	0	0	0	0	Y	N	N	N	N	N	N	N	N	N	N	N	N	N	N	N	N	N	1170.2807	1024.3308	0.0000	0.0000	0.0000	0.0000	17021.5289	1918148.0935	0.0000	0.5913	0.6588	0.0000	0.0000	0.0000	0.0000	1.0304	1.2503	0.0000	0.0005	0.0006	0.0002	0.0016	0.0016	0.0026	0.0001	0.0000	0.0001	0.0000	0.1359	-0.0000	-0.0000	0.0002	1.4193	0.9695	5.2011	0.0000	0.0000	0.0000	0.0000	0.0000	0.0000	0.0000	0.0000	0.0000	0.0000	0.0000	0.0000	0.0000	0.0000	0.0000	0.0000	0.0000	0.0000	0.0000	0.0000	0.0000	0.0000	0.0000	0.0000	0.0000	0.0000	0.0000	0.0231	0.0159	0.0071	0.0066	0.0064	0.0002	0.0165	0.0095	0.0070
0	69	0.0474	7	2	0	1	0	1	0	0	0	1	0	1	0	0	0	0	0	0	0	Y	N	N	N	N	N	N	N	N	N	N	N	N	N	N	N	N	N	0.0116	0.1126	0.0000	0.0000	0.0000	0.0000	0.0157	4.2031	0.0000	0.0001	0.0001	0.0000	0.0000	0.0000	0.0000	0.0001	0.0001	0.0000	0.0063	0.0007	0.0175	0.0020	0.0018	0.0171	0.0078	0.0000	0.0176	0.0000	12.0990	-0.0000	0.0001	0.0002	9.3928	0.9695	3.6523	0.0000	0.0000	0.0000	0.0000	0.0000	0.0000	0.0000	0.0000	0.0000	0.0003	0.0000	0.0003	0.0000	0.0000	0.0000	0.0003	0.0000	0.0003	0.0001	0.0001	0.0000	0.0000	0.0000	0.0000	0.0001	0.0000	0.0000	0.0440	0.0294	0.0146	0.0115	0.0113	0.0002	0.0325	0.0180	0.0145
0	74	0.1180	17	2	0	1	0	0	0	0	0	1	0	2	0	0	0	0	0	0	0	Y	N	N	N	Y	N	N	N	N	N	N	N	N	N	N	N	N	N	62.2488	243.8994	0.0000	40608.4434	39257.9772	0.0000	0.0000	0.0000	0.0000	0.8590	0.9567	0.0000	2.0979	2.1019	0.0000	0.0000	0.0000	0.0000	0.0138	0.0039	0.0344	0.0001	0.0001	0.0000	0.0198	0.0068	0.0362	0.0000	4.2026	-0.0000	0.0000	0.0002	3.9277	0.9695	0.5227	0.0000	0.0000	0.0000	0.0000	0.0000	0.0000	0.0000	0.0000	0.0000	0.0002	0.0000	0.0002	0.0000	0.0000	0.0000	0.0002	0.0000	0.0002	0.0000	0.0000	0.0000	0.0000	0.0000	0.0000	0.0000	0.0000	0.0000	0.0146	0.0099	0.0047	0.0044	0.0042	0.0002	0.0102	0.0057	0.0045
0	75	0.1179	16	2	0	1	0	0	0	0	0	1	0	2	0	0	0	0	0	0	0	Y	N	N	N	Y	N	N	N	N	N	N	N	N	N	N	N	N	N	0.0000	0.0000	0.0000	0.0000	0.0000	0.0000	0.0000	0.0000	0.0000	0.0000	0.0000	0.0000	0.0000	0.0000	0.0000	0.0000	0.0000	0.0000	0.0000	0.0000	0.0000	0.0000	0.0000	0.0000	0.0000	0.0000	0.0000			0.0000	0.0000	0.0002	0.0009	0.9695	0.0000	0.0000	0.0000	0.0000	0.0000	0.0000	0.0000	0.0000	0.0000	0.0000	0.0000	0.0000	0.0000	0.0000	0.0000	0.0000	0.0000	0.0000	0.0000	0.0000	0.0000	0.0000	0.0000	0.0000	0.0000	0.0000	0.0000	0.0000	0.0000	0.0000	0.0000	0.0000	0.0000	0.0000	0.0000	0.0000	0.0000
0	76	0.1147	15	2	0	1	0	0	0	0	0	1	0	2	0	0	0	0	0	0	0	Y	N	N	N	Y	N	N	N	N	N	N	N	N	N	N	N	N	N	0.0000	0.0000	0.0000	0.0000	0.0000	0.0000	0.0000	0.0000	0.0000	0.0000	0.0000	0.0000	0.0000	0.0000	0.0000	0.0000	0.0000	0.0000	0.0000	0.0000	0.0000	0.0000	0.0000	0.0000	0.0000	0.0000	0.0000			0.0000	0.0000	0.0002	1.0000	0.9695	0.0000	0.0000	0.0000	0.0000	0.0000	0.0000	0.0000	0.0000	0.0000	0.0000	0.0000	0.0000	0.0000	0.0000	0.0000	0.0000	0.0000	0.0000	0.0000	0.0000	0.0000	0.0000	0.0000	0.0000	0.0000	0.0000	0.0000	0.0000	0.0033	0.0022	0.0011	0.0010	0.0010	0.0001	0.0023	0.0013	0.0010
0	77	0.0703	8	2	0	1	0	1	0	0	0	1	0	1	0	0	0	0	0	0	0	Y	N	N	N	N	N	N	N	N	N	N	N	N	N	N	N	N	N	0.0000	0.0000	0.0000	0.0000	0.0000	0.0000	0.0000	0.0000	0.0000	0.0000	0.0000	0.0000	0.0000	0.0000	0.0000	0.0000	0.0000	0.0000	0.0000	0.0000	0.0000	0.0000	0.0000	0.0000	0.0000	0.0000	0.0000		3.6424	0.0000	0.0000	0.0002	3.3326	0.9695	4.0108	0.0000	0.0000	0.0000	0.0000	0.0000	0.0000	0.0000	0.0000	0.0000	0.0000	0.0000	0.0000	0.0000	0.0000	0.0000	0.0000	0.0000	0.0000	0.0000	0.0000	0.0000	0.0000	0.0000	0.0000	0.0000	0.0000	0.0000	0.0243	0.0164	0.0079	0.0072	0.0068	0.0003	0.0171	0.0096	0.0076
0	79	0.1373	17	2	0	1	0	0	0	0	0	1	0	2	1	0	0	0	0	0	0	Y	N	N	N	Y	N	N	N	N	N	N	N	N	N	N	N	N	N	0.0000	0.0000	0.0000	0.0000	0.0000	0.0000	0.0000	0.0000	0.0000	0.0000	0.0000	0.0000	0.0000	0.0000	0.0000	0.0000	0.0000	0.0000	0.0006	0.0008	0.0000	0.0017	0.0018	0.0000	0.0000	0.0000	0.0000		0.0149	0.0000	-0.0000	0.0002	0.0001	0.9695	1.0072	0.0000	0.0000	0.0000	0.0000	0.0000	0.0000	0.0000	0.0000	0.0000	0.0000	0.0000	0.0000	0.0000	0.0000	0.0000	0.0000	0.0000	0.0000	0.0000	0.0000	0.0000	0.0000	0.0000	0.0000	0.0000	0.0000	0.0000	0.0034	0.0023	0.0011	0.0011	0.0010	0.0001	0.0023	0.0013	0.0010
0	80	0.1276	16	2	0	1	0	0	0	0	0	1	0	2	1	0	0	0	0	0	0	Y	N	N	N	Y	N	N	N	N	N	N	N	N	N	N	N	N	N	0.0000	0.0000	0.0000	0.0000	0.0000	0.0000	0.0000	0.0000	0.0000	0.0000	0.0000	0.0000	0.0000	0.0000	0.0000	0.0000	0.0000	0.0000	0.2685	0.3946	0.0000	0.8457	0.8960	0.0000	0.0000	0.0000	0.0000		0.0000	-0.0000	-0.0017	0.0002	1.0058	0.9695	1.9973	0.0000	0.0000	0.0000	0.0000	0.0000	0.0000	0.0000	0.0000	0.0000	0.0027	0.0027	0.0000	0.0027	0.0027	0.0000	0.0000	0.0000	0.0000	0.0000	0.0000	0.0000	0.0000	0.0000	0.0000	0.0000	0.0000	0.0000	0.0102	0.0069	0.0032	0.0032	0.0030	0.0002	0.0069	0.0039	0.0031
0	83	0.1276	16	2	0	1	0	0	0	0	0	1	0	2	1	0	0	0	0	0	0	Y	N	N	N	Y	N	N	N	N	N	N	N	N	N	N	N	N	N	3.0650	inf	0.0000	0.0000	0.0000	0.0000	3.6506	inf	0.0000	0.1878	0.2091	0.0000	0.0000	0.0000	0.0000	0.3181	0.3837	0.0000	0.0613	0.0000	0.1938	0.0053	0.0000	0.0952	0.0871	0.0000	0.1997	0.0000	inf	-0.0000	0.0008	0.0002	5.0069	0.9695	6.0103	0.0000	0.0000	0.0000	0.0000	0.0000	0.0000	0.0000	0.0000	0.0000	0.0022	0.0000	0.0022	0.0001	0.0000	0.0001	0.0021	0.0000	0.0021	0.0001	0.0000	0.0000	0.0000	0.0000	0.0000	0.0000	0.0000	0.0000	0.0356	0.0243	0.0112	0.0113	0.0106	0.0006	0.0243	0.0137	0.0106
0	84	0.1212	15	2	0	1	0	0	0	0	0	2	1	2	1	0	0	0	0	0	0	Y	N	N	N	Y	N	N	N	N	N	N	N	N	N	N	N	N	N	0.0000	0.0000	0.0000	0.0000	0.0000	0.0000	0.0000	0.0000	0.0000	0.0000	0.0000	0.0000	0.0000	0.0000	0.0000	0.0000	0.0000	0.0000	0.0038	0.0049	0.0014	0.0106	0.0112	0.0006	0.0007	0.0001	0.0014		0.1324	-0.0000	-0.0000	0.0002	1.9932	0.9695	0.0278	0.0000	0.0000	0.0000	0.0000	0.0000	0.0000	0.0000	0.0000	0.0000	0.0000	0.0000	0.0000	0.0000	0.0000	0.0000	0.0000	0.0000	0.0000	0.0000	0.0000	0.0000	0.0000	0.0000	0.0000	0.0000	0.0000	0.0000	0.0069	0.0047	0.0022	0.0022	0.0020	0.0001	0.0047	0.0027	0.0021
0	91	0.0596	7	2	0	1	0	0	0	0	0	1	0	1	0	0	0	0	0	0	0	Y	N	N	N	N	N	N	N	N	N	N	N	N	N	N	N	N	N	0.0006	0.0012	0.0000	0.0000	0.0000	0.0000	0.0010	1.3966	0.0000	0.0001	0.0001	0.0000	0.0000	0.0000	0.0000	0.0001	0.0002	0.0000	0.1273	0.0702	0.2386	0.1372	0.1381	0.0890	0.1221	0.0001	0.2413	0.0000	1.7417	-0.0000	0.0001	0.0002	1.5872	0.9695	4.4746	0.0000	0.0000	0.0000	0.0000	0.0000	0.0000	0.0000	0.0000	0.0000	0.0038	0.0014	0.0024	0.0014	0.0014	0.0000	0.0024	0.0000	0.0024	0.0000	0.0000	0.0000	0.0000	0.0000	0.0000	0.0000	0.0000	0.0000	0.0297	0.0196	0.0101	0.0101	0.0100	0.0002	0.0195	0.0097	0.0099
0	92	0.1342	18	2	0	1	1	0	0	0	1	1	0	2	1	0	0	0	0	0	0	Y	N	N	N	Y	N	N	N	N	N	N	N	N	N	N	N	N	N	inf	inf	0.0000	0.0000	0.0000	0.0000	inf	inf	0.0000	0.9187	1.0232	0.0000	0.0000	0.0000	0.0000	1.5639	1.8887	0.0000	0.0000	0.0000	0.0000	0.0000	0.0000	0.0000	0.0000	0.0000	0.0000	0.0000		-0.0000	0.0000	0.0002	1.0091	0.9695	1.9972	0.0000	0.0000	0.0000	0.0000	0.0000	0.0000	0.0000	0.0000	0.0000	0.0000	0.0000	0.0000	0.0000	0.0000	0.0000	0.0000	0.0000	0.0000	0.0000	0.0000	0.0000	0.0000	0.0000	0.0000	0.0000	0.0000	0.0000	0.0099	0.0067	0.0032	0.0031	0.0029	0.0002	0.0069	0.0038	0.0030
0	93	0.1179	17	2	0	1	0	0	0	0	0	1	1	2	1	0	0	0	0	0	0	Y	N	N	N	Y	N	N	N	N	N	N	N	N	N	N	N	N	N	inf	inf	0.0000	0.0000	0.0000	0.0000	inf	inf	0.0000	0.0001	0.0001	0.0000	0.0000	0.0000	0.0000	0.0001	0.0002	0.0000	0.0000	0.0000	0.0000	0.0000	0.0000	0.0000	0.0000	0.0000	0.0000	0.0000		-0.0000	0.0000	0.0002	2.0083	0.9695	3.0031	0.0000	0.0000	0.0000	0.0000	0.0000	0.0000	0.0000	0.0000	0.0000	0.0000	0.0000	0.0000	0.0000	0.0000	0.0000	0.0000	0.0000	0.0000	0.0000	0.0000	0.0000	0.0000	0.0000	0.0000	0.0000	0.0000	0.0000	0.0164	0.0111	0.0053	0.0050	0.0047	0.0003	0.0114	0.0064	0.0051
0	94	0.1179	16	2	0	1	0	0	0	0	0	1	0	2	0	0	0	0	0	0	0	Y	N	N	N	Y	N	N	N	N	N	N	N	N	N	N	N	N	N	0.0000	0.0000	0.0000	0.0000	0.0000	0.0000	0.0000	0.0000	0.0000	0.0000	0.0000	0.0000	0.0000	0.0000	0.0000	0.0000	0.0000	0.0000	0.0000	0.0000	0.0000	0.0000	0.0000	0.0000	0.0000	0.0000	0.0000			0.0000	0.0000	0.0002	0.0000	0.9695	0.0002	0.0000	0.0000	0.0000	0.0000	0.0000	0.0000	0.0000	0.0000	0.0000	0.0000	0.0000	0.0000	0.0000	0.0000	0.0000	0.0000	0.0000	0.0000	0.0000	0.0000	0.0000	0.0000	0.0000	0.0000	0.0000	0.0000	0.0000	0.0000	0.0000	0.0000	0.0000	0.0000	0.0000	0.0000	0.0000	0.0000
0	95	0.1147	15	2	0	1	0	0	0	0	0	1	0	2	0	0	0	0	0	0	0	Y	N	N	N	Y	N	N	N	N	N	N	N	N	N	N	N	N	N	0.0000	0.0000	0.0000	0.0000	0.0000	0.0000	0.0000	0.0000	0.0000	0.0000	0.0000	0.0000	0.0000	0.0000	0.0000	0.0000	0.0000	0.0000	0.0000	0.0000	0.0000	0.0000	0.0000	0.0000	0.0000	0.0000	0.0000			0.0000	0.0000	0.0002	1.0000	0.9695	0.0001	0.0000	0.0000	0.0000	0.0000	0.0000	0.0000	0.0000	0.0000	0.0000	0.0000	0.0000	0.0000	0.0000	0.0000	0.0000	0.0000	0.0000	0.0000	0.0000	0.0000	0.0000	0.0000	0.0000	0.0000	0.0000	0.0000	0.0000	0.0033	0.0022	0.0011	0.0010	0.0010	0.0001	0.0023	0.0013	0.0010
0	96	0.1147	14	2	0	1	0	0	0	0	0	2	0	2	0	0	0	0	0	0	0	Y	N	N	N	Y	N	N	N	N	N	N	N	N	N	N	N	N	N	0.0000	0.0000	0.0000	0.0000	0.0000	0.0000	0.0000	0.0000	0.0000	0.0000	0.0000	0.0000	0.0000	0.0000	0.0000	0.0000	0.0000	0.0000	0.0000	0.0000	0.0000	0.0000	0.0000	0.0000	0.0000	0.0000	0.0000			0.0000	0.0000	0.0002	0.0000	0.9695	0.0001	0.0000	0.0000	0.0000	0.0000	0.0000	0.0000	0.0000	0.0000	0.0000	0.0000	0.0000	0.0000	0.0000	0.0000	0.0000	0.0000	0.0000	0.0000	0.0000	0.0000	0.0000	0.0000	0.0000	0.0000	0.0000	0.0000	0.0000	0.0000	0.0000	0.0000	0.0000	0.0000	0.0000	0.0000	0.0000	0.0000
0	97	0.1115	13	2	0	1	0	0	0	0	0	1	0	1	0	0	0	0	0	0	0	Y	N	N	N	N	N	N	N	N	N	N	N	N	N	N	N	N	N	0.0000	0.0000	0.0000	0.0000	0.0000	0.0000	0.0000	0.0000	0.0000	0.0000	0.0000	0.0000	0.0000	0.0000	0.0000	0.0000	0.0000	0.0000	0.0000	0.0000	0.0000	0.0000	0.0000	0.0000	0.0000	0.0000	0.0000			0.0000	0.0000	0.0002	0.9999	0.9695	0.0008	0.0000	0.0000	0.0000	0.0000	0.0000	0.0000	0.0000	0.0000	0.0000	0.0000	0.0000	0.0000	0.0000	0.0000	0.0000	0.0000	0.0000	0.0000	0.0000	0.0000	0.0000	0.0000	0.0000	0.0000	0.0000	0.0000	0.0000	0.0034	0.0023	0.0011	0.0010	0.0010	0.0001	0.0024	0.0013	0.0010
0	107	0.1147	14	2	0	1	0	0	0	0	0	1	0	1	0	0	0	0	0	0	0	Y	N	N	N	N	N	N	N	N	N	N	N	N	N	N	N	N	N	0.0000	0.0000	0.0000	0.0000	0.0000	0.0000	0.0000	0.0000	0.0000	0.0000	0.0000	0.0000	0.0000	0.0000	0.0000	0.0000	0.0000	0.0000	0.0000	0.0001	0.0000	0.0001	0.0001	0.0000	0.0000	0.0000	0.0000		0.2408	0.0000	-0.0000	0.0002	1.0015	0.9695	0.9989	0.0000	0.0000	0.0000	0.0000	0.0000	0.0000	0.0000	0.0000	0.0000	0.0000	0.0000	0.0000	0.0000	0.0000	0.0000	0.0000	0.0000	0.0000	0.0000	0.0000	0.0000	0.0000	0.0000	0.0000	0.0000	0.0000	0.0000	0.0067	0.0046	0.0022	0.0020	0.0019	0.0001	0.0047	0.0026	0.0021
0	108	0.1115	13	2	0	1	0	0	0	0	0	1	0	1	0	0	0	0	0	0	0	Y	N	N	N	N	N	N	N	N	N	N	N	N	N	N	N	N	N	0.0000	0.0000	0.0000	0.0000	0.0000	0.0000	0.0000	0.0000	0.0000	0.0000	0.0000	0.0000	0.0000	0.0000	0.0000	0.0000	0.0000	0.0000	0.0000	0.0000	0.0001	0.0000	0.0000	0.0005	0.0000	0.0000	0.0000		inf	0.0000	0.0000	0.0002	1.0004	0.9695	0.0020	0.0000	0.0000	0.0000	0.0000	0.0000	0.0000	0.0000	0.0000	0.0000	0.0000	0.0000	0.0000	0.0000	0.0000	0.0000	0.0000	0.0000	0.0000	0.0000	0.0000	0.0000	0.0000	0.0000	0.0000	0.0000	0.0000	0.0000	0.0034	0.0023	0.0011	0.0010	0.0010	0.0001	0.0024	0.0013	0.0010
0	109	0.0855	12	2	0	1	0	1	0	0	0	1	0	1	0	0	0	0	0	0	0	Y	N	N	N	N	N	N	N	N	N	N	N	N	N	N	N	N	N	0.0000	0.0000	0.0000	0.0000	0.0000	0.0000	0.0000	0.0000	0.0000	0.0000	0.0000	0.0000	0.0000	0.0000	0.0000	0.0000	0.0000	0.0000	0.0001	0.0000	0.0004	0.0000	0.0000	0.0001	0.0002	0.0000	0.0005		48.6780	0.0000	0.0000	0.0002	3.0035	0.9695	5.0043	0.0000	0.0000	0.0000	0.0000	0.0000	0.0000	0.0000	0.0000	0.0000	0.0000	0.0000	0.0000	0.0000	0.0000	0.0000	0.0000	0.0000	0.0000	0.0000	0.0000	0.0000	0.0000	0.0000	0.0000	0.0000	0.0000	0.0000	0.0263	0.0178	0.0085	0.0078	0.0074	0.0004	0.0185	0.0104	0.0081
0	112	0.0461	6	2	0	1	0	1	0	0	0	1	0	1	0	0	0	0	0	0	0	Y	N	N	N	N	N	N	N	N	N	N	N	N	N	N	N	N	N	0.0000	0.0000	0.0000	0.0000	0.0000	0.0000	0.0000	0.0000	0.0000	0.0000	0.0000	0.0000	0.0000	0.0000	0.0000	0.0000	0.0000	0.0000	0.0857	0.0643	0.1277	0.1223	0.1240	0.0210	0.0662	0.0000	0.1295		1.0159	0.0000	-0.0003	0.0002	3.0209	0.9695	2.2550	0.0000	0.0000	0.0000	0.0000	0.0000	0.0000	0.0000	0.0000	0.0000	0.0024	0.0012	0.0012	0.0012	0.0012	0.0000	0.0012	0.0000	0.0012	0.0000	0.0000	0.0000	0.0000	0.0000	0.0000	0.0000	0.0000	0.0000	0.0275	0.0182	0.0093	0.0096	0.0094	0.0002	0.0179	0.0088	0.0092
1	3	0.1785	17	1	1	0	0	0	1	0	0	0	1	1	2	0	0	0	0	0	0	N	N	N	N	N	Y	N	N	N	N	N	N	N	N	N	N	N	N	0.0000	0.0000	0.0000	0.0000	0.0000	0.0000	0.0000	0.0000	0.0000	0.0000	0.0000	0.0000	0.0000	0.0000	0.0000	0.0000	0.0000	0.0000	0.0000	0.0000	0.0000	0.0000	0.0000	0.0000	0.0000	0.0000	0.0000			0.0000	0.0000	3.0807	1.9998	12.0051	1.0077	0.0000	0.0000	0.0000	0.0000	0.0000	0.0000	0.0000	0.0000	0.0000	0.0000	0.0000	0.0000	0.0000	0.0000	0.0000	0.0000	0.0000	0.0000	0.0743	0.0652	0.0091	0.0061	0.0057	0.0004	0.0682	0.0595	0.0087	0.0753	0.0395	0.0358	0.0101	0.0079	0.0021	0.0652	0.0316	0.0336
1	5	0.1056	6	0	0	0	0	0	0	0	0	0	2	0	2	0	0	0	0	0	0	N	N	N	N	N	Y	N	N	N	N	N	N	N	N	N	N	N	N	20.4490	0.0562	652415.1814	25.3155	0.1099	inf	19811.2837	0.0000	80004.1867	0.0082	0.0000	0.0663	0.1278	0.0007	3.0665	0.0011	0.0000	0.0084	0.0004	0.0008	0.0000	0.0050	0.0066	0.0000	0.0000	0.0000	0.0000	208.9284	0.0001	0.0002	-0.0000	3.0807	1.0045	12.0051	2.9992	0.0003	0.0000	0.0003	0.0003	0.0000	0.0003	0.0000	0.0000	0.0000	0.0000	0.0000	0.0000	0.0000	0.0000	0.0000	0.0000	0.0000	0.0000	0.0393	0.0344	0.0048	0.0022	0.0021	0.0001	0.0371	0.0323	0.0047	0.0997	0.0504	0.0492	0.0079	0.0060	0.0019	0.0918	0.0444	0.0474
1	7	0.1785	17	1	0	0	0	0	0	0	0	0	1	1	2	0	0	0	0	0	0	N	N	N	N	N	Y	N	N	N	N	N	N	N	N	N	N	N	N	0.0000	0.0000	0.0000	0.0000	0.0000	0.0000	0.0000	0.0000	0.0000	0.0000	0.0000	0.0000	0.0000	0.0000	0.0000	0.0000	0.0000	0.0000	0.0000	0.0000	0.0000	0.0000	0.0000	0.0000	0.0000	0.0000	0.0000			0.0000	0.0000	3.0807	0.0002	12.0051	2.0046	0.0000	0.0000	0.0000	0.0000	0.0000	0.0000	0.0000	0.0000	0.0000	0.0000	0.0000	0.0000	0.0000	0.0000	0.0000	0.0000	0.0000	0.0000	0.0000	0.0000	0.0000	0.0000	0.0000	0.0000	0.0000	0.0000	0.0000	0.0506	0.0266	0.0240	0.0068	0.0054	0.0014	0.0438	0.0212	0.0226
1	8	0.1753	16	1	0	0	0	0	0	0	0	0	1	1	2	0	0	0	0	0	0	N	N	N	N	N	Y	N	N	N	N	N	N	N	N	N	N	N	N	0.0000	0.0000	0.0000	0.0000	0.0000	0.0000	0.0000	0.0000	0.0000	0.0000	0.0000	0.0000	0.0000	0.0000	0.0000	0.0000	0.0000	0.0000	0.0000	0.0000	0.0000	0.0000	0.0000	0.0000	0.0000	0.0000	0.0000		1.1786	0.0000	-0.0000	3.0807	0.0003	12.0051	0.9949	0.0000	0.0000	0.0000	0.0000	0.0000	0.0000	0.0000	0.0000	0.0000	0.0000	0.0000	0.0000	0.0000	0.0000	0.0000	0.0000	0.0000	0.0000	0.0000	0.0000	0.0000	0.0000	0.0000	0.0000	0.0000	0.0000	0.0000	0.0253	0.0133	0.0121	0.0034	0.0027	0.0007	0.0219	0.0106	0.0114
1	10	0.1785	17	1	1	0	0	0	1	0	0	0	1	1	2	0	0	0	0	0	0	N	N	N	N	N	Y	N	N	N	N	N	N	N	N	N	N	N	N	0.0000	0.0000	0.0000	0.0000	0.0000	0.0000	0.0000	0.0000	0.0000	0.0000	0.0000	0.0000	0.0000	0.0000	0.0000	0.0000	0.0000	0.0000	0.0000	0.0001	0.0000	0.0002	0.0003	0.0000	0.0000	0.0000	0.0000		0.0001	0.0000	-0.0000	3.0807	1.0000	12.0051	3.0034	0.0000	0.0000	0.0000	0.0000	0.0000	0.0000	0.0000	0.0000	0.0000	0.0000	0.0000	0.0000	0.0000	0.0000	0.0000	0.0000	0.0000	0.0000	0.0374	0.0328	0.0046	0.0031	0.0029	0.0002	0.0343	0.0299	0.0044	0.0998	0.0522	0.0475	0.0137	0.0106	0.0031	0.0861	0.0417	0.0444
1	11	0.1531	10	0	0	0	0	0	0	0	0	0	1	0	2	0	0	0	0	0	0	N	N	N	N	N	Y	N	N	N	N	N	N	N	N	N	N	N	N	0.0093	0.0064	0.0000	0.0509	0.0409	0.0000	0.0000	0.0000	0.0000	0.0000	0.0000	0.0000	0.0000	0.0000	0.0000	0.0000	0.0000	0.0000	0.0001	0.0001	0.0000	0.0001	0.0001	0.0000	0.0000	0.0000	0.0000	0.0000	0.0000	-0.0000	-0.0000	3.0807	2.0022	12.0051	0.4909	0.0000	0.0000	0.0000	0.0000	0.0000	0.0000	0.0000	0.0000	0.0000	0.0000	0.0000	0.0000	0.0000	0.0000	0.0000	0.0000	0.0000	0.0000	0.0732	0.0642	0.0090	0.0061	0.0057	0.0004	0.0671	0.0585	0.0086	0.0946	0.0574	0.0372	0.0433	0.0326	0.0107	0.0513	0.0247	0.0265
1	12	0.1145	7	1	0	0	0	0	0	0	0	0	2	0	2	0	0	0	0	0	0	N	N	N	N	N	Y	N	N	N	N	N	N	N	N	N	N	N	N	0.4080	0.5397	0.0000	168.3853	182.4507	0.0017	0.3251	0.3724	0.0000	3.6320	4.1398	0.0000	5.4194	5.6777	0.0001	3.4734	3.9902	0.0000	8.9010	7.6700	10.5246	0.0322	0.0311	0.0657	10.6825	10.7153	10.6511	0.0000	1.0403	-0.1164	-0.2207	3.0807	3.5195	12.0051	3.1401	0.5043	0.5043	0.0000	0.0613	0.0613	0.0000	0.4430	0.4430	0.0000	2.0199	0.9900	1.0299	0.0012	0.0011	0.0001	2.0187	0.9888	1.0298	0.1389	0.1218	0.0170	0.0113	0.0108	0.0005	0.1275	0.1110	0.0165	0.2269	0.1291	0.0979	0.0380	0.0368	0.0012	0.1890	0.0923	0.0967
1	14	0.1663	20	0	0	0	0	0	0	0	0	0	2	0	2	0	0	0	0	0	0	N	N	N	N	N	Y	N	N	N	N	N	N	N	N	N	N	N	N	0.0000	0.0000	0.0000	0.0000	0.0000	0.0000	0.0000	0.0000	0.0000	0.0000	0.0000	0.0000	0.0000	0.0000	0.0000	0.0000	0.0000	0.0000	13.1625	0.0000	27.5146	0.0089	0.0000	0.0446	15.2001	0.0000	29.1326		inf	0.0000	0.3799	3.0807	1.0000	12.0051	2.0000	0.0000	0.0000	0.0000	0.0000	0.0000	0.0000	0.0000	0.0000	0.0000	0.9974	0.0000	0.9974	0.0001	0.0000	0.0001	0.9973	0.0000	0.9973	0.0365	0.0321	0.0044	0.0030	0.0029	0.0002	0.0335	0.0292	0.0043	0.0758	0.0395	0.0362	0.0102	0.0081	0.0020	0.0656	0.0314	0.0342
1	22	0.1754	18	1	0	0	1	0	0	0	1	0	1	1	2	0	0	0	0	0	0	N	N	N	N	N	Y	N	N	N	N	N	N	N	N	N	N	N	N	0.0000	0.0000	0.0000	0.0000	0.0000	0.0000	0.6896	0.6328	0.0000	0.0000	0.0000	0.0000	0.0000	0.0000	0.0000	0.0000	0.0000	0.0000	0.0158	0.0306	0.0000	0.1303	0.1682	0.0000	0.0000	0.0000	0.0000	0.0000	0.0000	-0.0000	-0.0010	3.0807	2.0010	12.0051	1.9996	0.0000	0.0000	0.0000	0.0000	0.0000	0.0000	0.0000	0.0000	0.0000	0.0016	0.0016	0.0000	0.0016	0.0016	0.0000	0.0000	0.0000	0.0000	0.0727	0.0638	0.0089	0.0060	0.0057	0.0003	0.0666	0.0581	0.0086	0.0992	0.0512	0.0480	0.0120	0.0093	0.0027	0.0872	0.0419	0.0453
1	31	0.0659	4	0	0	1	0	0	0	1	0	0	2	0	2	0	0	0	0	0	0	N	N	N	N	N	Y	N	N	N	N	N	N	N	N	N	N	N	N	0.0001	inf	0.0000	0.0558	inf	0.0000	0.0000	0.0000	0.0000	0.0029	0.0033	0.0000	0.0057	0.0062	0.0000	0.0000	0.0000	0.0000	28.4995	0.0000	64.6580	0.1018	0.0000	7.7010	31.3928	0.0000	64.8163	0.0000	inf	-0.0000	0.3801	3.0807	0.0057	12.0051	1.0792	0.0000	0.0000	0.0000	0.0000	0.0000	0.0000	0.0000	0.0000	0.0000	0.9982	0.0000	0.9982	0.0003	0.0000	0.0003	0.9978	0.0000	0.9978	0.0009	0.0008	0.0001	0.0004	0.0004	0.0000	0.0004	0.0003	0.0001	0.0350	0.0196	0.0154	0.0032	0.0032	0.0000	0.0318	0.0164	0.0154
1	36	0.1451	8	1	0	0	0	0	0	0	0	0	2	0	2	0	0	0	0	0	0	N	N	N	N	N	Y	N	N	N	N	N	N	N	N	N	N	N	N	0.0000	0.0000	0.0000	0.0275	0.0232	0.0000	0.0000	0.0000	0.0000	0.0001	0.0001	0.0000	0.0004	0.0004	0.0000	0.0000	0.0000	0.0000	2.9955	5.9583	0.0000	0.0153	0.0191	0.0011	3.1249	6.3747	0.0000	0.0000	0.0000	-0.0000	-0.6188	3.0807	11.0150	12.0051	4.0316	0.0000	0.0000	0.0000	0.0000	0.0000	0.0000	0.0000	0.0000	0.0000	0.9995	0.9995	0.0000	0.0002	0.0002	0.0000	0.9993	0.9993	0.0000	0.3744	0.3309	0.0435	0.0475	0.0451	0.0023	0.3269	0.2857	0.0412	0.3337	0.1677	0.1659	0.0139	0.0110	0.0029	0.3198	0.1568	0.1630
1	38	0.1710	17	1	0	0	1	0	0	0	1	0	2	1	2	0	0	0	0	0	0	N	N	N	N	N	Y	N	N	N	N	N	N	N	N	N	N	N	N	0.2001	0.0034	350.6568	0.0002	0.0002	0.0026	334.6364	70.4797	1402.3957	0.0012	0.0000	0.0121	0.0000	0.0000	0.0000	0.0017	0.0000	0.0133	0.0062	0.0110	0.0000	0.0379	0.0435	0.0005	0.0000	0.0000	0.0000	35.9410	0.0024	0.0002	-0.0004	3.0807	3.1237	12.0051	0.5096	0.0002	0.0000	0.0002	0.0000	0.0000	0.0000	0.0002	0.0000	0.0002	0.0007	0.0007	0.0000	0.0007	0.0007	0.0000	0.0000	0.0000	0.0000	0.1975	0.1776	0.0198	0.0512	0.0494	0.0018	0.1463	0.1282	0.0180	0.1106	0.0627	0.0479	0.0182	0.0158	0.0024	0.0924	0.0468	0.0456
1	43	0.1608	17	1	0	0	1	0	0	0	1	0	2	1	2	0	0	0	0	0	0	N	N	N	N	N	Y	N	N	N	N	N	N	N	N	N	N	N	N	4443.9807	0.0000	inf	0.0000	0.0000	0.0000	inf	0.0000	inf	6.4288	0.0000	60.8178	0.0000	0.0000	0.0000	7.6555	0.0000	62.6021	0.0014	0.0028	0.0000	0.0129	0.0162	0.0000	0.0000	0.0000	0.0000	inf	0.0000	0.7689	-0.0001	3.0807	2.9999	12.0051	0.9999	0.9996	0.0000	0.9996	0.0000	0.0000	0.0000	0.9996	0.0000	0.9996	0.0002	0.0002	0.0000	0.0002	0.0002	0.0000	0.0000	0.0000	0.0000	0.1555	0.1391	0.0164	0.0249	0.0244	0.0005	0.1306	0.1146	0.0160	0.1106	0.0571	0.0535	0.0124	0.0099	0.0025	0.0981	0.0472	0.0510
1	45	0.1560	16	1	0	0	0	0	0	0	0	0	1	1	2	0	0	0	0	0	0	N	N	N	N	N	Y	N	N	N	N	N	N	N	N	N	N	N	N	0.0000	0.0000	0.0000	0.0000	0.0000	0.0000	0.0000	0.0000	0.0000	0.0000	0.0000	0.0000	0.0000	0.0000	0.0000	0.0000	0.0000	0.0000	0.0000	0.0000	0.0000	0.0000	0.0000	0.0000	0.0000	0.0000	0.0000			0.0000	0.0000	3.0807	4.0000	12.0051	1.0000	0.0000	0.0000	0.0000	0.0000	0.0000	0.0000	0.0000	0.0000	0.0000	0.0000	0.0000	0.0000	0.0000	0.0000	0.0000	0.0000	0.0000	0.0000	0.1439	0.1262	0.0176	0.0101	0.0096	0.0005	0.1337	0.1166	0.0171	0.1234	0.0633	0.0601	0.0134	0.0107	0.0027	0.1100	0.0527	0.0573
1	46	0.1096	5	1	0	0	0	0	0	0	0	0	2	0	2	0	0	0	0	0	0	N	N	N	N	N	Y	N	N	N	N	N	N	N	N	N	N	N	N	525.5311	inf	0.0000	466.1820	inf	0.0000	0.0000	0.0000	0.0000	0.0013	0.0015	0.0000	0.0033	0.0034	0.0000	0.0000	0.0000	0.0000	0.0000	0.0000	0.0000	0.0000	0.0000	0.0004	0.0000	0.0000	0.0000	0.0000	inf	-0.0000	0.0000	3.0807	0.0007	12.0051	1.0103	0.0000	0.0000	0.0000	0.0000	0.0000	0.0000	0.0000	0.0000	0.0000	0.0000	0.0000	0.0000	0.0000	0.0000	0.0000	0.0000	0.0000	0.0000	0.0001	0.0001	0.0000	0.0000	0.0000	0.0000	0.0001	0.0001	0.0000	0.0813	0.0580	0.0233	0.0291	0.0285	0.0006	0.0523	0.0296	0.0227
1	50	0.1786	19	1	0	1	1	0	0	0	1	0	1	1	2	0	0	0	0	0	0	N	N	N	N	N	Y	N	N	N	N	N	N	N	N	N	N	N	N	0.0000	0.0000	0.0000	0.0000	0.0000	0.0000	0.0000	0.0000	0.0000	0.0000	0.0000	0.0000	0.0000	0.0000	0.0000	0.0000	0.0000	0.0000	0.0000	0.0000	0.0000	0.0000	0.0000	0.0000	0.0000	0.0000	0.0000			0.0000	0.0000	3.0807	0.0001	12.0051	0.9998	0.0000	0.0000	0.0000	0.0000	0.0000	0.0000	0.0000	0.0000	0.0000	0.0000	0.0000	0.0000	0.0000	0.0000	0.0000	0.0000	0.0000	0.0000	0.0000	0.0000	0.0000	0.0000	0.0000	0.0000	0.0000	0.0000	0.0000	0.0255	0.0132	0.0123	0.0032	0.0025	0.0007	0.0223	0.0107	0.0116
1	51	0.1786	19	1	0	1	0	0	0	0	0	0	1	1	2	0	0	0	0	0	0	N	N	N	N	N	Y	N	N	N	N	N	N	N	N	N	N	N	N	0.0000	0.0000	0.0000	0.0000	0.0000	0.0000	0.0000	0.0000	0.0000	0.0000	0.0000	0.0000	0.0000	0.0000	0.0000	0.0000	0.0000	0.0000	0.0000	0.0000	0.0000	0.0000	0.0000	0.0000	0.0000	0.0000	0.0000			0.0000	0.0000	3.0807	0.0001	12.0051	1.0003	0.0000	0.0000	0.0000	0.0000	0.0000	0.0000	0.0000	0.0000	0.0000	0.0000	0.0000	0.0000	0.0000	0.0000	0.0000	0.0000	0.0000	0.0000	0.0000	0.0000	0.0000	0.0000	0.0000	0.0000	0.0000	0.0000	0.0000	0.0255	0.0132	0.0123	0.0032	0.0025	0.0007	0.0223	0.0107	0.0116
1	52	0.1754	18	1	0	1	0	0	0	1	0	0	1	1	2	0	0	0	0	0	0	N	N	N	N	N	Y	N	N	N	N	N	N	N	N	N	N	N	N	0.0183	inf	0.0000	0.0000	0.0000	0.0000	0.2245	inf	0.0000	0.0000	0.0000	0.0000	0.0000	0.0000	0.0000	0.0000	0.0000	0.0000	0.0000	0.0000	0.0001	0.0002	0.0000	0.0008	0.0000	0.0000	0.0000	0.0000	inf	-0.0000	0.0000	3.0807	1.0000	12.0051	0.0042	0.0000	0.0000	0.0000	0.0000	0.0000	0.0000	0.0000	0.0000	0.0000	0.0000	0.0000	0.0000	0.0000	0.0000	0.0000	0.0000	0.0000	0.0000	0.0366	0.0321	0.0045	0.0030	0.0029	0.0002	0.0335	0.0292	0.0043	0.0254	0.0131	0.0123	0.0031	0.0024	0.0007	0.0223	0.0107	0.0116
1	53	0.1722	17	1	0	0	0	0	0	0	0	0	1	1	2	0	0	0	0	0	0	N	N	N	N	N	Y	N	N	N	N	N	N	N	N	N	N	N	N	9.7803	19.7384	0.1372	0.1179	0.0000	12.4505	13.4108	inf	0.0000	0.0008	0.0009	0.0000	0.0000	0.0000	0.0005	0.0009	0.0010	0.0000	0.0001	0.0000	0.0001	0.0002	0.0002	0.0000	0.0001	0.0000	0.0001	0.0025	2.4246	-0.0000	0.0000	3.0807	0.9921	12.0051	0.0076	0.0000	0.0000	0.0000	0.0000	0.0000	0.0000	0.0000	0.0000	0.0000	0.0000	0.0000	0.0000	0.0000	0.0000	0.0000	0.0000	0.0000	0.0000	0.0365	0.0320	0.0044	0.0032	0.0030	0.0002	0.0333	0.0290	0.0043	0.0256	0.0133	0.0123	0.0033	0.0026	0.0007	0.0223	0.0107	0.0116
1	58	0.1674	15	1	0	1	0	0	0	0	0	0	2	0	2	0	0	0	0	0	0	N	N	N	N	N	Y	N	N	N	N	N	N	N	N	N	N	N	N	0.0000	0.0000	0.0000	0.0000	0.0000	0.0000	0.0000	0.0000	0.0000	0.0000	0.0000	0.0000	0.0000	0.0000	0.0000	0.0000	0.0000	0.0000	0.0000	0.0000	0.0000	0.0000	0.0000	0.0001	0.0000	0.0000	0.0000		inf	0.0000	0.0000	3.0807	1.0033	12.0051	1.0015	0.0000	0.0000	0.0000	0.0000	0.0000	0.0000	0.0000	0.0000	0.0000	0.0000	0.0000	0.0000	0.0000	0.0000	0.0000	0.0000	0.0000	0.0000	0.0370	0.0325	0.0045	0.0031	0.0029	0.0002	0.0339	0.0296	0.0044	0.0699	0.0431	0.0268	0.0156	0.0144	0.0012	0.0543	0.0287	0.0255
1	60	0.1560	16	1	0	0	0	0	0	0	0	0	1	1	2	0	0	0	0	0	0	N	N	N	N	N	Y	N	N	N	N	N	N	N	N	N	N	N	N	0.0000	0.0000	0.0000	0.0000	0.0000	0.0000	0.0000	0.0000	0.0000	0.0000	0.0000	0.0000	0.0000	0.0000	0.0000	0.0000	0.0000	0.0000	4.5874	8.9309	0.0000	0.0038	0.0048	0.0000	5.1446	10.7309	0.0000		0.0000	0.0000	-0.6177	3.0807	2.0000	12.0051	7.0000	0.0000	0.0000	0.0000	0.0000	0.0000	0.0000	0.0000	0.0000	0.0000	0.9977	0.9977	0.0000	0.0001	0.0001	0.0000	0.9976	0.9976	0.0000	0.0728	0.0638	0.0090	0.0051	0.0049	0.0002	0.0677	0.0590	0.0087	0.2175	0.1117	0.1058	0.0236	0.0187	0.0048	0.1939	0.0930	0.1009
1	61	0.1559	15	1	0	0	0	0	0	0	0	0	2	1	2	0	0	0	0	0	0	N	N	N	N	N	Y	N	N	N	N	N	N	N	N	N	N	N	N	0.0000	0.0000	0.0000	0.0000	0.0000	0.0000	0.0000	0.0000	0.0000	0.0000	0.0000	0.0000	0.0000	0.0000	0.0000	0.0000	0.0000	0.0000	0.0000	0.0000	0.0000	0.0000	0.0000	0.0000	0.0000	0.0000	0.0000			0.0000	0.0000	3.0807	0.0000	12.0051	0.0000	0.0000	0.0000	0.0000	0.0000	0.0000	0.0000	0.0000	0.0000	0.0000	0.0000	0.0000	0.0000	0.0000	0.0000	0.0000	0.0000	0.0000	0.0000	0.0000	0.0000	0.0000	0.0000	0.0000	0.0000	0.0000	0.0000	0.0000	0.0000	0.0000	0.0000	0.0000	0.0000	0.0000	0.0000	0.0000	0.0000
1	68	0.1356	7	1	0	0	0	0	0	0	0	0	2	0	2	0	0	0	0	0	0	N	N	N	N	N	Y	N	N	N	N	N	N	N	N	N	N	N	N	0.0005	0.0006	0.0000	0.3345	1.9169	0.0003	0.0000	0.0000	0.0000	0.0056	0.0063	0.0000	0.0229	0.0232	0.0002	0.0000	0.0000	0.0000	10.7953	9.7449	12.1106	0.0684	0.0121	0.6992	12.1007	11.8691	12.3435	0.0001	0.9924	-0.0001	-0.2390	3.0807	1.4193	12.0051	5.2011	0.0004	0.0004	0.0000	0.0004	0.0004	0.0000	0.0000	0.0000	0.0000	1.9739	0.9907	0.9832	0.0014	0.0002	0.0011	1.9725	0.9905	0.9820	0.0787	0.0696	0.0091	0.0192	0.0189	0.0003	0.0594	0.0507	0.0088	0.1828	0.1017	0.0812	0.0198	0.0182	0.0016	0.1630	0.0834	0.0796
1	78	0.1785	17	1	0	1	0	0	0	1	0	0	1	1	2	0	0	0	0	0	0	N	N	N	N	N	Y	N	N	N	N	N	N	N	N	N	N	N	N	0.0000	0.0000	0.0000	0.0000	0.0000	0.0000	0.0000	0.0000	0.0000	0.0000	0.0000	0.0000	0.0000	0.0000	0.0000	0.0000	0.0000	0.0000	0.0414	0.0786	0.0000	0.0746	0.0992	0.0000	0.0351	0.0725	0.0000		0.0000	0.0000	-0.0007	3.0807	0.0000	12.0051	0.9988	0.0000	0.0000	0.0000	0.0000	0.0000	0.0000	0.0000	0.0000	0.0000	0.0011	0.0011	0.0000	0.0003	0.0003	0.0000	0.0008	0.0008	0.0000	0.0000	0.0000	0.0000	0.0000	0.0000	0.0000	0.0000	0.0000	0.0000	0.0260	0.0137	0.0123	0.0041	0.0031	0.0010	0.0219	0.0106	0.0113
1	79	0.1753	16	1	0	0	0	0	0	0	0	0	1	1	2	0	0	0	0	0	0	N	N	N	N	N	Y	N	N	N	N	N	N	N	N	N	N	N	N	0.0000	0.0000	0.0000	0.0000	0.0000	0.0000	0.0000	0.0000	0.0000	0.0000	0.0000	0.0000	0.0000	0.0000	0.0000	0.0000	0.0000	0.0000	0.0001	0.0003	0.0000	0.0003	0.0004	0.0000	0.0001	0.0002	0.0000		0.0071	0.0000	-0.0000	3.0807	0.0001	12.0051	1.0072	0.0000	0.0000	0.0000	0.0000	0.0000	0.0000	0.0000	0.0000	0.0000	0.0000	0.0000	0.0000	0.0000	0.0000	0.0000	0.0000	0.0000	0.0000	0.0000	0.0000	0.0000	0.0000	0.0000	0.0000	0.0000	0.0000	0.0000	0.0256	0.0134	0.0122	0.0034	0.0027	0.0007	0.0222	0.0107	0.0115
1	80	0.1656	15	1	0	0	0	0	0	0	0	0	1	1	2	0	0	0	0	0	0	N	N	N	N	N	Y	N	N	N	N	N	N	N	N	N	N	N	N	0.0061	0.0039	0.0068	0.0105	0.0086	5.0026	0.0002	0.2110	0.0000	0.0000	0.0000	0.0000	0.0002	0.0002	0.0001	0.0000	0.0000	0.0000	0.0032	0.0055	0.0006	0.0219	0.0276	0.0000	0.0003	0.0000	0.0006	0.0243	0.0904	-0.0000	-0.0001	3.0807	1.0058	12.0051	1.9973	0.0000	0.0000	0.0000	0.0000	0.0000	0.0000	0.0000	0.0000	0.0000	0.0002	0.0002	0.0000	0.0002	0.0002	0.0000	0.0000	0.0000	0.0000	0.0383	0.0336	0.0047	0.0032	0.0030	0.0002	0.0350	0.0305	0.0045	0.0757	0.0398	0.0359	0.0100	0.0080	0.0021	0.0657	0.0318	0.0339
1	83	0.1656	15	1	0	0	0	0	0	0	0	0	1	1	2	0	0	0	0	0	0	N	N	N	N	N	Y	N	N	N	N	N	N	N	N	N	N	N	N	0.0006	9.3987	0.0000	19.9905	20.8919	0.0000	0.0000	0.3781	0.0000	0.0024	0.0027	0.0000	0.0295	0.0314	0.0000	0.0000	0.0000	0.0000	3.7856	0.0003	7.9625	0.0015	0.0015	0.0014	4.3435	0.0000	8.4457	0.0000	24903.5611	-0.0001	0.3806	3.0807	5.0069	12.0051	6.0103	0.0004	0.0004	0.0000	0.0004	0.0004	0.0000	0.0000	0.0000	0.0000	0.9994	0.0000	0.9993	0.0001	0.0000	0.0000	0.9993	0.0000	0.9993	0.1843	0.1618	0.0224	0.0149	0.0141	0.0009	0.1693	0.1478	0.0216	0.2640	0.1385	0.1255	0.0339	0.0267	0.0072	0.2301	0.1118	0.1183
1	84	0.1592	14	1	0	0	0	0	0	0	0	1	2	1	2	0	0	0	0	0	0	N	N	N	N	N	Y	N	N	N	N	N	N	N	N	N	N	N	N	5.1573	970.4358	0.0000	3381.1064	2874.7337	0.0000	0.0000	0.0000	0.0000	0.0215	0.0245	0.0000	0.3346	0.3515	0.0000	0.0000	0.0000	0.0000	0.0042	0.0000	0.0088	0.0001	0.0001	0.0000	0.0048	0.0000	0.0093	0.0000	311.5843	-0.0004	0.0001	3.0807	1.9932	12.0051	0.0278	0.0016	0.0016	0.0000	0.0016	0.0016	0.0000	0.0000	0.0000	0.0000	0.0002	0.0000	0.0002	0.0000	0.0000	0.0000	0.0002	0.0000	0.0002	0.0744	0.0653	0.0092	0.0048	0.0045	0.0002	0.0697	0.0607	0.0089	0.0530	0.0280	0.0250	0.0072	0.0057	0.0014	0.0459	0.0222	0.0236
1	87	0.1531	10	0	0	0	0	0	0	0	0	0	1	0	2	0	0	0	0	0	0	N	N	N	N	N	Y	N	N	N	N	N	N	N	N	N	N	N	N	0.0134	0.0097	0.0000	19.9621	15.9269	0.0000	0.0000	0.0000	0.0000	0.0000	0.0000	0.0000	0.0000	0.0000	0.0000	0.0000	0.0000	0.0000	0.0001	0.0001	0.0000	0.0000	0.0000	0.0000	0.0002	0.0003	0.0000	0.0000	0.0000	-0.0000	-0.0000	3.0807	0.9989	12.0051	0.5152	0.0000	0.0000	0.0000	0.0000	0.0000	0.0000	0.0000	0.0000	0.0000	0.0000	0.0000	0.0000	0.0000	0.0000	0.0000	0.0000	0.0000	0.0000	0.0368	0.0323	0.0045	0.0031	0.0029	0.0002	0.0337	0.0294	0.0043	0.0719	0.0455	0.0264	0.0405	0.0304	0.0101	0.0314	0.0151	0.0162
1	88	0.1237	9	0	0	0	0	0	0	0	0	0	2	0	2	0	0	0	0	0	0	N	N	N	N	N	Y	N	N	N	N	N	N	N	N	N	N	N	N	96.5761	60.8947	0.0000	785.0176	639.6771	0.0000	0.0000	0.0000	0.0000	0.0020	0.0023	0.0000	0.0349	0.0367	0.0000	0.0000	0.0000	0.0000	0.0000	0.0000	0.0000	0.0000	0.0001	0.0000	0.0000	0.0000	0.0000	0.0000	0.0043	-0.0001	-0.0000	3.0807	6.0209	12.0051	2.4875	0.0004	0.0004	0.0000	0.0004	0.0004	0.0000	0.0000	0.0000	0.0000	0.0000	0.0000	0.0000	0.0000	0.0000	0.0000	0.0000	0.0000	0.0000	0.2203	0.1933	0.0270	0.0126	0.0120	0.0006	0.2077	0.1813	0.0264	0.2462	0.1356	0.1106	0.0578	0.0447	0.0131	0.1884	0.0909	0.0975
1	92	0.1722	17	1	0	0	1	0	0	0	1	0	1	1	2	0	0	0	0	0	0	N	N	N	N	N	Y	N	N	N	N	N	N	N	N	N	N	N	N	590.3690	inf	0.0000	46589.3078	inf	0.0000	0.0000	0.0000	0.0000	0.0119	0.0135	0.0000	0.1358	0.1427	0.0000	0.0000	0.0000	0.0000	0.0000	0.0000	0.0000	0.0000	0.0000	0.0000	0.0000	0.0000	0.0000	0.0000	inf	-0.0001	0.0000	3.0807	1.0091	12.0051	1.9972	0.0004	0.0004	0.0000	0.0004	0.0004	0.0000	0.0000	0.0000	0.0000	0.0000	0.0000	0.0000	0.0000	0.0000	0.0000	0.0000	0.0000	0.0000	0.0371	0.0326	0.0045	0.0032	0.0031	0.0002	0.0338	0.0295	0.0044	0.0753	0.0389	0.0364	0.0093	0.0072	0.0021	0.0660	0.0317	0.0343
1	93	0.1559	16	1	0	0	0	0	0	0	0	0	2	1	2	0	0	0	0	0	0	N	N	N	N	N	Y	N	N	N	N	N	N	N	N	N	N	N	N	0.0005	21.3370	0.0000	0.0194	10.3171	0.0000	0.0003	inf	0.0000	0.0000	0.0000	0.0000	0.0000	0.0000	0.0000	0.0000	0.0000	0.0000	0.0102	0.0000	0.0209	0.0007	0.0000	0.0036	0.0113	0.0000	0.0217	0.0000	80082.3160	-0.0000	0.0005	3.0807	2.0083	12.0051	3.0031	0.0000	0.0000	0.0000	0.0000	0.0000	0.0000	0.0000	0.0000	0.0000	0.0013	0.0000	0.0013	0.0000	0.0000	0.0000	0.0012	0.0000	0.0012	0.0727	0.0638	0.0089	0.0052	0.0049	0.0003	0.0675	0.0588	0.0087	0.1239	0.0636	0.0603	0.0134	0.0107	0.0028	0.1105	0.0529	0.0576
1	127	0.1599	18	0	0	0	0	0	0	0	0	0	2	0	2	0	0	0	0	0	0	N	N	N	N	N	Y	N	N	N	N	N	N	N	N	N	N	N	N	0.0000	0.0000	0.0000	0.0000	0.0000	0.0000	0.0000	0.0000	0.0000	0.0000	0.0000	0.0000	0.0000	0.0000	0.0000	0.0000	0.0000	0.0000	0.0000	0.0000	0.0000	0.0000	0.0000	0.0000	0.0000	0.0000	0.0000			0.0000	0.0000	3.0807	1.0000	12.0051	2.0000	0.0000	0.0000	0.0000	0.0000	0.0000	0.0000	0.0000	0.0000	0.0000	0.0000	0.0000	0.0000	0.0000	0.0000	0.0000	0.0000	0.0000	0.0000	0.0366	0.0321	0.0045	0.0030	0.0028	0.0001	0.0336	0.0293	0.0043	0.0759	0.0394	0.0366	0.0100	0.0080	0.0020	0.0660	0.0314	0.0345
1	128	0.1599	17	0	0	0	0	0	0	0	0	0	2	0	2	0	0	0	0	0	0	N	N	N	N	N	Y	N	N	N	N	N	N	N	N	N	N	N	N	0.0000	0.0000	0.0000	0.0000	0.0000	0.0000	0.0000	0.0000	0.0000	0.0000	0.0000	0.0000	0.0000	0.0000	0.0000	0.0000	0.0000	0.0000	0.0000	0.0000	0.0000	0.0000	0.0000	0.0000	0.0000	0.0000	0.0000			0.0000	0.0000	3.0807	3.0000	12.0051	2.0000	0.0000	0.0000	0.0000	0.0000	0.0000	0.0000	0.0000	0.0000	0.0000	0.0000	0.0000	0.0000	0.0000	0.0000	0.0000	0.0000	0.0000	0.0000	0.1084	0.0953	0.0131	0.0088	0.0084	0.0004	0.0996	0.0869	0.0127	0.1252	0.0650	0.0603	0.0164	0.0131	0.0033	0.1088	0.0519	0.0569
1	129	0.1631	19	0	0	0	0	0	0	0	0	0	2	0	2	0	0	0	0	0	0	N	N	N	N	N	Y	N	N	N	N	N	N	N	N	N	N	N	N	inf	inf	0.0000	0.0000	0.0000	0.0000	inf	inf	0.0000	13.7620	15.6623	0.0000	0.0000	0.0000	0.0000	15.0029	17.1994	0.0000	0.0000	0.0000	0.0000	0.0000	0.0000	0.0000	0.0000	0.0000	0.0000	0.0000		-0.2307	0.0000	3.0807	2.0004	12.0051	1.0045	0.9997	0.9997	0.0000	0.0000	0.0000	0.0000	0.9997	0.9997	0.0000	0.0000	0.0000	0.0000	0.0000	0.0000	0.0000	0.0000	0.0000	0.0000	0.0726	0.0638	0.0088	0.0060	0.0057	0.0003	0.0666	0.0581	0.0085	0.0761	0.0395	0.0365	0.0101	0.0081	0.0020	0.0660	0.0314	0.0345
3	4	0.1400	15	2	1	1	0	0	1	0	0	0	0	1	1	0	0	0	0	0	0	Y	N	N	N	N	N	N	N	N	N	N	N	N	N	N	N	N	N	0.3742	0.2288	0.0000	0.7072	0.5934	0.0000	0.0000	0.0000	0.0000	0.0001	0.0001	0.0000	0.0014	0.0015	0.0000	0.0000	0.0000	0.0000	0.0002	0.0004	0.0000	0.0020	0.0026	0.0000	0.0000	0.0000	0.0000	0.0000	0.0022	-0.0000	-0.0000	1.9998	5.0103	1.0077	6.0125	0.0000	0.0000	0.0000	0.0000	0.0000	0.0000	0.0000	0.0000	0.0000	0.0000	0.0000	0.0000	0.0000	0.0000	0.0000	0.0000	0.0000	0.0000	0.1156	0.1013	0.0143	0.0071	0.0066	0.0005	0.1086	0.0947	0.0138	0.0625	0.0334	0.0291	0.0072	0.0056	0.0016	0.0553	0.0278	0.0275
3	5	0.1511	16	1	1	0	0	0	1	0	0	0	1	1	2	0	0	0	0	0	0	N	N	N	N	N	Y	N	N	N	N	N	N	N	N	N	N	N	N	0.0000	0.0000	0.0000	0.0000	0.0000	0.0000	0.0000	0.0000	0.0000	0.0000	0.0000	0.0000	0.0000	0.0000	0.0000	0.0000	0.0000	0.0000	0.0000	0.0000	0.0000	0.0000	0.0000	0.0000	0.0000	0.0000	0.0000			0.0000	0.0000	1.9998	1.0045	1.0077	2.9992	0.0000	0.0000	0.0000	0.0000	0.0000	0.0000	0.0000	0.0000	0.0000	0.0000	0.0000	0.0000	0.0000	0.0000	0.0000	0.0000	0.0000	0.0000	0.0243	0.0213	0.0030	0.0021	0.0020	0.0001	0.0222	0.0193	0.0028	0.0204	0.0107	0.0097	0.0031	0.0022	0.0008	0.0173	0.0085	0.0089
3	6	0.0500	11	2	1	1	0	0	1	1	0	0	0	2	1	0	0	0	0	0	0	Y	N	N	N	Y	N	N	N	N	N	N	N	N	N	N	N	N	N	0.0000	0.0000	0.0000	0.0000	0.0000	0.0000	0.0000	0.0000	0.0000	0.0000	0.0000	0.0000	0.0000	0.0000	0.0000	0.0000	0.0000	0.0000	0.0000	0.0000	0.0000	0.0001	0.0000	0.0006	0.0000	0.0000	0.0000		inf	0.0000	0.0000	1.9998	0.9996	1.0077	0.0011	0.0000	0.0000	0.0000	0.0000	0.0000	0.0000	0.0000	0.0000	0.0000	0.0000	0.0000	0.0000	0.0000	0.0000	0.0000	0.0000	0.0000	0.0000	0.0304	0.0270	0.0034	0.0052	0.0052	0.0000	0.0251	0.0218	0.0034	0.0052	0.0025	0.0027	0.0002	0.0001	0.0000	0.0050	0.0024	0.0026
3	9	0.0945	14	1	1	1	0	0	1	0	0	0	0	2	1	0	0	0	0	0	0	N	N	N	N	Y	N	N	N	N	N	N	N	N	N	N	N	N	N	inf	inf	0.0000	inf	inf	0.0000	0.0000	0.0000	0.0000	0.0014	0.0016	0.0000	0.0332	0.0360	0.0000	0.0000	0.0000	0.0000	0.0000	0.0000	0.0000	0.0000	0.0000	0.0000	0.0000	0.0000	0.0000	0.0000		-0.0000	0.0000	1.9998	2.9998	1.0077	2.0000	0.0001	0.0001	0.0000	0.0001	0.0001	0.0000	0.0000	0.0000	0.0000	0.0000	0.0000	0.0000	0.0000	0.0000	0.0000	0.0000	0.0000	0.0000	0.0693	0.0607	0.0087	0.0030	0.0028	0.0002	0.0663	0.0579	0.0084	0.0275	0.0140	0.0136	0.0020	0.0016	0.0003	0.0256	0.0123	0.0132
3	10	0.0161	3	2	2	0	0	0	2	0	0	0	0	2	2	0	0	0	0	0	0	Y	Y	N	N	Y	Y	N	N	N	N	N	N	N	N	N	N	N	N	0.0000	0.0000	0.0000	0.0000	0.0000	0.0000	0.0000	0.0000	0.0000	0.0000	0.0000	0.0000	0.0000	0.0000	0.0000	0.0000	0.0000	0.0000	0.0184	0.0372	0.0000	1.7845	1.8328	0.0000	0.0000	0.0000	0.0000		0.0000	0.0000	-0.0003	1.9998	1.0000	1.0077	3.0034	0.0000	0.0000	0.0000	0.0000	0.0000	0.0000	0.0000	0.0000	0.0000	0.0004	0.0004	0.0000	0.0004	0.0004	0.0000	0.0000	0.0000	0.0000	0.0243	0.0212	0.0031	0.0000	0.0000	0.0000	0.0243	0.0212	0.0031	0.0240	0.0118	0.0121	0.0002	0.0002	0.0000	0.0237	0.0116	0.0121
3	11	0.1135	12	1	1	0	0	0	1	0	0	0	0	1	2	0	0	0	0	0	0	N	N	N	N	N	Y	N	N	N	N	N	N	N	N	N	N	N	N	inf	inf	0.0000	0.0000	0.0000	0.0000	inf	inf	0.0000	0.0004	0.0005	0.0000	0.0000	0.0000	0.0000	0.0005	0.0005	0.0000	0.0000	0.0000	0.0000	0.0000	0.0000	0.0000	0.0000	0.0000	0.0000	0.0000		-0.0000	0.0000	1.9998	2.0022	1.0077	0.4909	0.0000	0.0000	0.0000	0.0000	0.0000	0.0000	0.0000	0.0000	0.0000	0.0000	0.0000	0.0000	0.0000	0.0000	0.0000	0.0000	0.0000	0.0000	0.0465	0.0407	0.0058	0.0026	0.0024	0.0002	0.0438	0.0382	0.0056	0.0207	0.0124	0.0084	0.0083	0.0062	0.0021	0.0125	0.0062	0.0063
3	12	0.1344	15	2	1	0	0	0	1	0	0	0	1	1	2	0	0	0	0	0	0	Y	N	N	N	N	Y	N	N	N	N	N	N	N	N	N	N	N	N	0.0000	0.0000	0.0000	0.0000	0.0000	0.0000	0.0000	0.0000	0.0000	0.0000	0.0000	0.0000	0.0000	0.0000	0.0000	0.0000	0.0000	0.0000	0.0000	0.0000	0.0000	0.0000	0.0000	0.0000	0.0000	0.0000	0.0000		inf	0.0000	0.0000	1.9998	3.5195	1.0077	3.1401	0.0000	0.0000	0.0000	0.0000	0.0000	0.0000	0.0000	0.0000	0.0000	0.0000	0.0000	0.0000	0.0000	0.0000	0.0000	0.0000	0.0000	0.0000	0.0867	0.0760	0.0107	0.0072	0.0069	0.0004	0.0794	0.0692	0.0103	0.0482	0.0277	0.0205	0.0097	0.0087	0.0010	0.0385	0.0190	0.0195
3	13	0.0452	10	2	1	1	0	0	1	1	0	0	0	2	1	0	0	0	0	0	0	Y	N	N	N	Y	N	N	N	N	N	N	N	N	N	N	N	N	N	0.0000	0.0000	0.0000	0.0000	0.0000	0.0000	0.0000	0.0000	0.0000	0.0000	0.0000	0.0000	0.0000	0.0000	0.0000	0.0000	0.0000	0.0000	0.0000	0.0000	0.0000	0.0000	0.0000	0.0000	0.0000	0.0000	0.0000			0.0000	0.0000	1.9998	2.0000	1.0077	8.0000	0.0000	0.0000	0.0000	0.0000	0.0000	0.0000	0.0000	0.0000	0.0000	0.0000	0.0000	0.0000	0.0000	0.0000	0.0000	0.0000	0.0000	0.0000	0.0464	0.0405	0.0059	0.0011	0.0010	0.0001	0.0453	0.0395	0.0058	0.0557	0.0274	0.0283	0.0014	0.0011	0.0003	0.0543	0.0263	0.0281
3	14	0.1075	16	1	1	0	0	0	1	0	0	0	1	1	2	0	0	0	0	0	0	N	N	N	N	N	Y	N	N	N	N	N	N	N	N	N	N	N	N	0.0000	0.0000	0.0000	0.0000	0.0000	0.0000	0.0000	0.0000	0.0000	0.0000	0.0000	0.0000	0.0000	0.0000	0.0000	0.0000	0.0000	0.0000	0.0000	0.0000	0.0000	0.0000	0.0000	0.0000	0.0000	0.0000	0.0000			0.0000	0.0000	1.9998	1.0000	1.0077	2.0000	0.0000	0.0000	0.0000	0.0000	0.0000	0.0000	0.0000	0.0000	0.0000	0.0000	0.0000	0.0000	0.0000	0.0000	0.0000	0.0000	0.0000	0.0000	0.0233	0.0204	0.0029	0.0010	0.0009	0.0001	0.0224	0.0195	0.0029	0.0173	0.0089	0.0084	0.0013	0.0011	0.0002	0.0160	0.0078	0.0082
3	15	0.0387	7	2	1	1	0	0	1	0	0	0	0	1	1	0	0	0	0	0	0	Y	N	N	N	N	N	N	N	N	N	N	N	N	N	N	N	N	N	0.0000	0.0000	0.0000	0.0000	0.0000	0.0000	0.0000	0.0000	0.0000	0.0000	0.0000	0.0000	0.0000	0.0000	0.0000	0.0000	0.0000	0.0000	0.0000	0.0000	0.0000	0.0000	0.0000	0.0000	0.0000	0.0000	0.0000			0.0000	0.0000	1.9998	5.0003	1.0077	7.0080	0.0000	0.0000	0.0000	0.0000	0.0000	0.0000	0.0000	0.0000	0.0000	0.0000	0.0000	0.0000	0.0000	0.0000	0.0000	0.0000	0.0000	0.0000	0.1052	0.0920	0.0133	0.0017	0.0016	0.0001	0.1035	0.0904	0.0131	0.0613	0.0303	0.0310	0.0016	0.0013	0.0003	0.0596	0.0290	0.0306
3	18	0.0502	7	2	1	1	0	0	1	0	0	0	0	1	1	0	0	0	0	0	0	Y	N	N	N	N	N	N	N	N	N	N	N	N	N	N	N	N	N	0.0000	0.0000	0.0000	0.0000	0.0000	0.0000	0.0000	0.0000	0.0000	0.0000	0.0000	0.0000	0.0000	0.0000	0.0000	0.0000	0.0000	0.0000	0.0010	0.0019	0.0000	0.0116	0.0122	0.0007	0.0000	0.0000	0.0000		0.0065	0.0000	-0.0000	1.9998	1.0021	1.0077	3.5076	0.0000	0.0000	0.0000	0.0000	0.0000	0.0000	0.0000	0.0000	0.0000	0.0000	0.0000	0.0000	0.0000	0.0000	0.0000	0.0000	0.0000	0.0000	0.0236	0.0206	0.0030	0.0009	0.0008	0.0001	0.0227	0.0198	0.0029	0.0297	0.0161	0.0136	0.0026	0.0025	0.0001	0.0271	0.0136	0.0135
3	20	0.1048	12	2	1	1	0	0	1	0	0	0	0	2	1	0	0	0	0	0	0	Y	N	N	N	Y	N	N	N	N	N	N	N	N	N	N	N	N	N	inf	inf	0.0000	0.0000	0.0000	0.0000	inf	inf	0.0000	20.0848	22.8036	0.0000	0.0000	0.0000	0.0000	21.3458	24.3736	0.0000	0.0000	0.0000	0.0000	0.0000	0.0000	0.0000	0.0000	0.0000	0.0000	0.0000		-0.2307	0.0000	1.9998	2.0350	1.0077	3.4537	0.9995	0.9995	0.0000	0.0000	0.0000	0.0000	0.9995	0.9995	0.0000	0.0000	0.0000	0.0000	0.0000	0.0000	0.0000	0.0000	0.0000	0.0000	0.0498	0.0438	0.0059	0.0029	0.0028	0.0001	0.0468	0.0410	0.0058	0.0427	0.0268	0.0159	0.0093	0.0086	0.0007	0.0334	0.0182	0.0152
3	21	0.0812	11	2	1	1	0	1	1	1	0	0	0	1	1	0	0	0	0	0	0	Y	N	N	N	N	N	N	N	N	N	N	N	N	N	N	N	N	N	0.0000	0.0000	0.0000	0.0000	0.0000	0.0000	0.0000	0.0000	0.0000	0.0000	0.0000	0.0000	0.0000	0.0000	0.0000	0.0000	0.0000	0.0000	0.0000	0.0000	0.0000	0.0000	0.0000	0.0000	0.0000	0.0000	0.0000			0.0000	0.0000	1.9998	2.0002	1.0077	2.9143	0.0000	0.0000	0.0000	0.0000	0.0000	0.0000	0.0000	0.0000	0.0000	0.0000	0.0000	0.0000	0.0000	0.0000	0.0000	0.0000	0.0000	0.0000	0.0477	0.0417	0.0060	0.0013	0.0012	0.0001	0.0464	0.0405	0.0059	0.0313	0.0161	0.0152	0.0033	0.0030	0.0003	0.0280	0.0131	0.0149
3	22	0.0646	12	2	1	0	1	0	1	0	1	0	0	2	2	0	0	0	0	0	0	Y	N	N	N	Y	Y	N	N	N	N	N	N	N	N	N	N	N	N	0.0000	0.0000	0.0000	0.0000	0.0000	0.0000	0.0000	0.0000	0.0000	0.0000	0.0000	0.0000	0.0000	0.0000	0.0000	0.0000	0.0000	0.0000	0.0000	0.0000	0.0000	0.0000	0.0000	0.0000	0.0000	0.0000	0.0000			0.0000	0.0000	1.9998	2.0010	1.0077	1.9996	0.0000	0.0000	0.0000	0.0000	0.0000	0.0000	0.0000	0.0000	0.0000	0.0000	0.0000	0.0000	0.0000	0.0000	0.0000	0.0000	0.0000	0.0000	0.0466	0.0408	0.0058	0.0018	0.0017	0.0001	0.0448	0.0391	0.0057	0.0229	0.0114	0.0115	0.0009	0.0007	0.0002	0.0220	0.0107	0.0113
3	23	0.0847	12	2	1	1	0	0	1	0	0	0	0	1	1	0	0	0	0	0	0	Y	N	N	N	N	N	N	N	N	N	N	N	N	N	N	N	N	N	0.0000	0.0000	0.0000	0.0000	0.0000	0.0000	0.0000	0.0000	0.0000	0.0000	0.0000	0.0000	0.0000	0.0000	0.0000	0.0000	0.0000	0.0000	0.0000	0.0000	0.0000	0.0000	0.0000	0.0000	0.0000	0.0000	0.0000			0.0000	0.0000	1.9998	1.9752	1.0077	0.4846	0.0000	0.0000	0.0000	0.0000	0.0000	0.0000	0.0000	0.0000	0.0000	0.0000	0.0000	0.0000	0.0000	0.0000	0.0000	0.0000	0.0000	0.0000	0.0493	0.0432	0.0060	0.0026	0.0025	0.0001	0.0466	0.0407	0.0059	0.0217	0.0129	0.0088	0.0081	0.0061	0.0020	0.0136	0.0067	0.0069
3	24	0.0967	10	2	1	1	0	0	1	0	0	0	0	1	1	0	0	0	0	0	0	Y	N	N	N	N	N	N	N	N	N	N	N	N	N	N	N	N	N	inf	inf	0.0000	0.0000	0.0000	0.0000	inf	inf	0.0000	0.0001	0.0002	0.0000	0.0000	0.0000	0.0000	0.0001	0.0002	0.0000	0.0000	0.0000	0.0000	0.0000	0.0000	0.0000	0.0000	0.0000	0.0000	0.0000		-0.0000	0.0000	1.9998	3.0190	1.0077	4.8890	0.0000	0.0000	0.0000	0.0000	0.0000	0.0000	0.0000	0.0000	0.0000	0.0000	0.0000	0.0000	0.0000	0.0000	0.0000	0.0000	0.0000	0.0000	0.0728	0.0640	0.0089	0.0047	0.0045	0.0002	0.0681	0.0595	0.0086	0.0653	0.0396	0.0257	0.0141	0.0133	0.0008	0.0512	0.0263	0.0249
3	25	0.0452	9	2	1	1	0	0	1	1	0	0	0	2	1	0	0	0	0	0	0	Y	N	N	N	Y	N	N	N	N	N	N	N	N	N	N	N	N	N	0.0000	0.0000	0.0000	0.0000	0.0000	0.0000	0.0000	0.0000	0.0000	0.0000	0.0000	0.0000	0.0000	0.0000	0.0000	0.0000	0.0000	0.0000	0.0000	0.0000	0.0000	0.0000	0.0000	0.0000	0.0000	0.0000	0.0000			0.0000	0.0000	1.9998	1.0000	1.0077	3.0001	0.0000	0.0000	0.0000	0.0000	0.0000	0.0000	0.0000	0.0000	0.0000	0.0000	0.0000	0.0000	0.0000	0.0000	0.0000	0.0000	0.0000	0.0000	0.0233	0.0204	0.0030	0.0005	0.0005	0.0000	0.0228	0.0199	0.0029	0.0230	0.0113	0.0117	0.0006	0.0005	0.0001	0.0224	0.0108	0.0116
3	26	0.0847	12	2	1	1	0	0	1	0	0	0	0	1	1	0	0	0	0	0	0	Y	N	N	N	N	N	N	N	N	N	N	N	N	N	N	N	N	N	0.0000	0.0000	0.0000	0.0000	0.0000	0.0000	0.0000	0.0000	0.0000	0.0000	0.0000	0.0000	0.0000	0.0000	0.0000	0.0000	0.0000	0.0000	0.0000	0.0000	0.0000	0.0000	0.0000	0.0000	0.0000	0.0000	0.0000			0.0000	0.0000	1.9998	1.9514	1.0077	1.5308	0.0000	0.0000	0.0000	0.0000	0.0000	0.0000	0.0000	0.0000	0.0000	0.0000	0.0000	0.0000	0.0000	0.0000	0.0000	0.0000	0.0000	0.0000	0.0487	0.0427	0.0060	0.0026	0.0025	0.0001	0.0461	0.0402	0.0059	0.0274	0.0158	0.0116	0.0084	0.0064	0.0020	0.0190	0.0094	0.0096
3	27	0.0841	11	2	1	1	0	1	1	1	0	0	0	1	1	0	0	0	0	0	0	Y	N	N	N	N	N	N	N	N	N	N	N	N	N	N	N	N	N	inf	inf	0.0000	inf	inf	0.0000	0.0000	0.0000	0.0000	0.0035	0.0039	0.0000	0.0244	0.0248	0.0000	0.0000	0.0000	0.0000	0.0000	0.0000	0.0000	0.0000	0.0000	0.0000	0.0000	0.0000	0.0000	0.0000		-0.0000	0.0000	1.9998	0.0905	1.0077	0.5221	0.0000	0.0000	0.0000	0.0000	0.0000	0.0000	0.0000	0.0000	0.0000	0.0000	0.0000	0.0000	0.0000	0.0000	0.0000	0.0000	0.0000	0.0000	0.0029	0.0025	0.0003	0.0004	0.0004	0.0000	0.0024	0.0021	0.0003	0.0113	0.0076	0.0037	0.0076	0.0057	0.0019	0.0037	0.0019	0.0018
3	28	0.1344	17	2	1	1	0	1	1	1	0	1	0	2	1	0	0	0	0	0	0	Y	N	N	N	Y	N	N	N	N	N	N	N	N	N	N	N	N	N	0.0000	0.0000	0.0000	0.0000	0.0000	0.0000	0.0000	0.0000	0.0000	0.0000	0.0000	0.0000	0.0000	0.0000	0.0000	0.0000	0.0000	0.0000	0.0000	0.0000	0.0000	0.0000	0.0000	0.0000	0.0000	0.0000	0.0000			0.0000	0.0000	1.9998	5.0808	1.0077	12.0223	0.0000	0.0000	0.0000	0.0000	0.0000	0.0000	0.0000	0.0000	0.0000	0.0000	0.0000	0.0000	0.0000	0.0000	0.0000	0.0000	0.0000	0.0000	0.1199	0.1053	0.0147	0.0094	0.0088	0.0006	0.1105	0.0964	0.0141	0.0843	0.0442	0.0400	0.0112	0.0088	0.0024	0.0731	0.0354	0.0377
3	30	0.0420	7	2	2	1	0	0	2	1	0	0	0	1	1	0	0	0	0	0	0	Y	Y	N	N	N	N	N	N	N	N	N	N	N	N	N	N	N	N	0.0000	0.0000	0.0000	0.0000	0.0000	0.0000	0.0000	0.0000	0.0000	0.0000	0.0000	0.0000	0.0000	0.0000	0.0000	0.0000	0.0000	0.0000	0.0079	0.0161	0.0000	0.3113	0.3916	0.0000	0.0000	0.0000	0.0000		0.0000	0.0000	-0.0003	1.9998	3.0000	1.0077	7.0000	0.0000	0.0000	0.0000	0.0000	0.0000	0.0000	0.0000	0.0000	0.0000	0.0004	0.0004	0.0000	0.0004	0.0004	0.0000	0.0000	0.0000	0.0000	0.0693	0.0606	0.0087	0.0018	0.0016	0.0001	0.0675	0.0589	0.0086	0.0557	0.0274	0.0283	0.0014	0.0011	0.0003	0.0543	0.0263	0.0281
3	31	0.1411	18	1	1	1	0	0	1	1	0	0	1	1	2	0	0	0	0	0	0	N	N	N	N	N	Y	N	N	N	N	N	N	N	N	N	N	N	N	0.0000	0.0000	0.0000	0.0000	0.0000	0.0000	0.0000	0.0000	0.0000	0.0000	0.0000	0.0000	0.0000	0.0000	0.0000	0.0000	0.0000	0.0000	0.0000	0.0000	0.0000	0.0000	0.0000	0.0000	0.0000	0.0000	0.0000			0.0000	0.0000	1.9998	0.0057	1.0077	1.0792	0.0000	0.0000	0.0000	0.0000	0.0000	0.0000	0.0000	0.0000	0.0000	0.0000	0.0000	0.0000	0.0000	0.0000	0.0000	0.0000	0.0000	0.0000	0.0005	0.0005	0.0001	0.0003	0.0003	0.0000	0.0003	0.0002	0.0000	0.0070	0.0041	0.0029	0.0013	0.0012	0.0002	0.0057	0.0029	0.0027
3	32	0.0736	11	2	1	1	0	0	1	0	0	0	0	1	1	0	0	0	0	0	0	Y	N	N	N	N	N	N	N	N	N	N	N	N	N	N	N	N	N	0.0000	0.0000	0.0000	0.0000	0.0000	0.0000	0.0000	0.0000	0.0000	0.0000	0.0000	0.0000	0.0000	0.0000	0.0000	0.0000	0.0000	0.0000	0.0000	0.0000	0.0000	0.0000	0.0000	0.0000	0.0000	0.0000	0.0000			0.0000	0.0000	1.9998	7.0011	1.0077	9.2473	0.0000	0.0000	0.0000	0.0000	0.0000	0.0000	0.0000	0.0000	0.0000	0.0000	0.0000	0.0000	0.0000	0.0000	0.0000	0.0000	0.0000	0.0000	0.1614	0.1412	0.0202	0.0037	0.0034	0.0003	0.1577	0.1378	0.0199	0.0916	0.0472	0.0444	0.0070	0.0062	0.0008	0.0846	0.0410	0.0436
3	33	0.1106	15	2	1	1	0	0	1	0	0	0	0	2	1	0	0	0	0	0	0	Y	N	N	N	Y	N	N	N	N	N	N	N	N	N	N	N	N	N	inf	inf	0.0000	0.0000	0.0000	0.0000	inf	inf	0.0000	0.0048	0.0054	0.0000	0.0000	0.0000	0.0000	0.0050	0.0058	0.0000	0.0000	0.0000	0.0000	0.0000	0.0000	0.0000	0.0000	0.0000	0.0000	0.0000		-0.0001	0.0000	1.9998	4.0088	1.0077	1.0030	0.0004	0.0004	0.0000	0.0000	0.0000	0.0000	0.0004	0.0004	0.0000	0.0000	0.0000	0.0000	0.0000	0.0000	0.0000	0.0000	0.0000	0.0000	0.0926	0.0811	0.0115	0.0051	0.0047	0.0004	0.0875	0.0763	0.0111	0.0263	0.0137	0.0126	0.0023	0.0019	0.0003	0.0240	0.0117	0.0123
3	35	0.0712	9	2	1	1	0	1	1	1	0	1	0	2	1	0	0	0	0	0	0	Y	N	N	N	Y	N	N	N	N	N	N	N	N	N	N	N	N	N	inf	inf	0.0000	0.0000	0.0000	0.0000	inf	inf	0.0000	4.4161	5.0433	0.0000	0.0000	0.0000	0.0000	4.5401	5.1926	0.0000	0.0000	0.0000	0.0000	0.0000	0.0000	0.0000	0.0000	0.0000	0.0000	0.0000		-0.2308	0.0000	1.9998	10.0151	1.0077	7.9868	0.9999	0.9999	0.0000	0.0000	0.0000	0.0000	0.9999	0.9999	0.0000	0.0000	0.0000	0.0000	0.0000	0.0000	0.0000	0.0000	0.0000	0.0000	0.2264	0.1983	0.0282	0.0062	0.0057	0.0005	0.2202	0.1926	0.0277	0.0958	0.0488	0.0471	0.0038	0.0031	0.0007	0.0920	0.0457	0.0464
3	36	0.1988	20	2	1	0	0	0	1	0	0	0	1	1	2	0	0	0	0	0	0	Y	N	N	N	N	Y	N	N	N	N	N	N	N	N	N	N	N	N	8.1523	4.9335	0.0000	10.1667	8.3574	0.0000	0.0000	0.0000	0.0000	0.0001	0.0001	0.0000	0.0011	0.0011	0.0000	0.0000	0.0000	0.0000	0.0000	0.0000	0.0000	0.0001	0.0001	0.0000	0.0000	0.0000	0.0000	0.0000	0.0019	-0.0000	-0.0000	1.9998	11.0150	1.0077	4.0316	0.0000	0.0000	0.0000	0.0000	0.0000	0.0000	0.0000	0.0000	0.0000	0.0000	0.0000	0.0000	0.0000	0.0000	0.0000	0.0000	0.0000	0.0000	0.2346	0.2070	0.0276	0.0282	0.0266	0.0016	0.2064	0.1804	0.0260	0.0740	0.0395	0.0346	0.0111	0.0086	0.0025	0.0629	0.0309	0.0321
3	37	0.1634	17	2	1	1	0	0	1	1	0	0	0	1	1	0	0	0	0	0	0	Y	N	N	N	N	N	N	N	N	N	N	N	N	N	N	N	N	N	0.0000	0.0000	0.0000	0.0000	0.0000	0.0000	0.0000	0.0000	0.0000	0.0000	0.0000	0.0000	0.0000	0.0000	0.0000	0.0000	0.0000	0.0000	0.0012	0.0019	0.0000	0.0041	0.0044	0.0000	0.0000	0.0000	0.0000		0.0000	0.0000	-0.0000	1.9998	0.0015	1.0077	2.6503	0.0000	0.0000	0.0000	0.0000	0.0000	0.0000	0.0000	0.0000	0.0000	0.0000	0.0000	0.0000	0.0000	0.0000	0.0000	0.0000	0.0000	0.0000	0.0001	0.0001	0.0000	0.0000	0.0000	0.0000	0.0001	0.0000	0.0000	0.0251	0.0163	0.0088	0.0073	0.0069	0.0004	0.0178	0.0094	0.0084
3	38	0.0602	11	2	1	0	1	0	1	0	1	0	1	2	2	0	0	0	0	0	0	Y	N	N	N	Y	Y	N	N	N	N	N	N	N	N	N	N	N	N	0.0000	0.0000	0.0000	0.0000	0.0000	0.0000	0.0000	0.0000	0.0000	0.0000	0.0000	0.0000	0.0000	0.0000	0.0000	0.0000	0.0000	0.0000	0.0000	0.0000	0.0000	0.0001	0.0000	0.0010	0.0000	0.0000	0.0000		inf	0.0000	0.0000	1.9998	3.1237	1.0077	0.5096	0.0000	0.0000	0.0000	0.0000	0.0000	0.0000	0.0000	0.0000	0.0000	0.0000	0.0000	0.0000	0.0000	0.0000	0.0000	0.0000	0.0000	0.0000	0.1177	0.1057	0.0120	0.0254	0.0250	0.0004	0.0924	0.0807	0.0117	0.0230	0.0123	0.0107	0.0020	0.0018	0.0001	0.0210	0.0105	0.0106
3	39	0.1474	19	2	1	1	0	1	1	1	0	0	0	1	1	0	0	0	0	0	0	Y	N	N	N	N	N	N	N	N	N	N	N	N	N	N	N	N	N	0.0000	0.0000	0.0000	0.0000	0.0000	0.0000	0.0000	0.0000	0.0000	0.0000	0.0000	0.0000	0.0000	0.0000	0.0000	0.0000	0.0000	0.0000	0.0000	0.0000	0.0000	0.0000	0.0000	0.0000	0.0000	0.0000	0.0000			0.0000	0.0000	1.9998	5.0102	1.0077	6.9613	0.0000	0.0000	0.0000	0.0000	0.0000	0.0000	0.0000	0.0000	0.0000	0.0000	0.0000	0.0000	0.0000	0.0000	0.0000	0.0000	0.0000	0.0000	0.1170	0.1026	0.0144	0.0089	0.0082	0.0007	0.1082	0.0944	0.0138	0.0632	0.0338	0.0294	0.0091	0.0073	0.0018	0.0541	0.0266	0.0275
3	43	0.0500	11	2	1	0	1	0	1	0	1	0	1	2	2	0	0	0	0	0	0	Y	N	N	N	Y	Y	N	N	N	N	N	N	N	N	N	N	N	N	0.0000	0.0000	0.0000	0.0000	0.0000	0.0000	0.0000	0.0000	0.0000	0.0000	0.0000	0.0000	0.0000	0.0000	0.0000	0.0000	0.0000	0.0000	0.0000	0.0000	0.0000	0.0000	0.0000	0.0000	0.0000	0.0000	0.0000			0.0000	0.0000	1.9998	2.9999	1.0077	0.9999	0.0000	0.0000	0.0000	0.0000	0.0000	0.0000	0.0000	0.0000	0.0000	0.0000	0.0000	0.0000	0.0000	0.0000	0.0000	0.0000	0.0000	0.0000	0.0810	0.0713	0.0097	0.0066	0.0064	0.0001	0.0745	0.0649	0.0096	0.0232	0.0112	0.0120	0.0007	0.0005	0.0001	0.0226	0.0107	0.0119
3	44	0.0452	10	2	1	0	0	0	1	0	0	0	0	2	1	0	0	0	0	0	0	Y	N	N	N	Y	N	N	N	N	N	N	N	N	N	N	N	N	N	0.0000	0.0000	0.0000	0.0000	0.0000	0.0000	0.0000	0.0000	0.0000	0.0000	0.0000	0.0000	0.0000	0.0000	0.0000	0.0000	0.0000	0.0000	0.0000	0.0000	0.0000	0.0003	0.0003	0.0000	0.0000	0.0000	0.0000		0.0026	0.0000	-0.0000	1.9998	1.0020	1.0077	0.0022	0.0000	0.0000	0.0000	0.0000	0.0000	0.0000	0.0000	0.0000	0.0000	0.0000	0.0000	0.0000	0.0000	0.0000	0.0000	0.0000	0.0000	0.0000	0.0234	0.0204	0.0030	0.0005	0.0005	0.0000	0.0228	0.0199	0.0029	0.0059	0.0029	0.0030	0.0001	0.0001	0.0000	0.0057	0.0028	0.0030
3	45	0.0452	10	2	1	0	0	0	1	0	0	0	0	2	2	0	0	0	0	0	0	Y	N	N	N	Y	Y	N	N	N	N	N	N	N	N	N	N	N	N	0.0000	0.0000	0.0000	0.0000	0.0000	0.0000	0.0000	0.0000	0.0000	0.0000	0.0000	0.0000	0.0000	0.0000	0.0000	0.0000	0.0000	0.0000	0.0000	0.0000	0.0000	0.0000	0.0000	0.0000	0.0000	0.0000	0.0000			0.0000	0.0000	1.9998	4.0000	1.0077	1.0000	0.0000	0.0000	0.0000	0.0000	0.0000	0.0000	0.0000	0.0000	0.0000	0.0000	0.0000	0.0000	0.0000	0.0000	0.0000	0.0000	0.0000	0.0000	0.0915	0.0800	0.0115	0.0020	0.0019	0.0002	0.0895	0.0781	0.0114	0.0286	0.0140	0.0146	0.0007	0.0006	0.0002	0.0279	0.0135	0.0144
3	46	0.1634	17	2	1	0	0	0	1	0	0	0	1	1	2	0	0	0	0	0	0	Y	N	N	N	N	Y	N	N	N	N	N	N	N	N	N	N	N	N	0.0000	0.0000	0.0000	0.0000	0.0000	0.0000	0.0000	0.0000	0.0000	0.0000	0.0000	0.0000	0.0000	0.0000	0.0000	0.0000	0.0000	0.0000	0.0000	0.0000	0.0000	0.0000	0.0000	0.0000	0.0000	0.0000	0.0000			0.0000	0.0000	1.9998	0.0007	1.0077	1.0103	0.0000	0.0000	0.0000	0.0000	0.0000	0.0000	0.0000	0.0000	0.0000	0.0000	0.0000	0.0000	0.0000	0.0000	0.0000	0.0000	0.0000	0.0000	0.0001	0.0001	0.0000	0.0000	0.0000	0.0000	0.0000	0.0000	0.0000	0.0166	0.0118	0.0048	0.0063	0.0061	0.0002	0.0103	0.0057	0.0046
3	47	0.1283	16	2	1	0	0	1	1	0	0	0	0	1	1	0	0	0	0	0	0	Y	N	N	N	N	N	N	N	N	N	N	N	N	N	N	N	N	N	0.0000	0.0000	0.0000	0.0000	0.0000	0.0000	0.0000	0.0000	0.0000	0.0000	0.0000	0.0000	0.0000	0.0000	0.0000	0.0000	0.0000	0.0000	0.0005	0.0006	0.0004	0.0000	0.0000	0.0000	0.0006	0.0008	0.0004		0.5044	0.0000	-0.0000	1.9998	6.8097	1.0077	3.8431	0.0000	0.0000	0.0000	0.0000	0.0000	0.0000	0.0000	0.0000	0.0000	0.0000	0.0000	0.0000	0.0000	0.0000	0.0000	0.0000	0.0000	0.0000	0.1643	0.1447	0.0196	0.0131	0.0125	0.0007	0.1512	0.1322	0.0190	0.0602	0.0328	0.0274	0.0093	0.0078	0.0015	0.0509	0.0250	0.0259
3	48	0.1988	20	2	1	1	0	0	1	1	0	0	0	1	1	0	0	0	0	0	0	Y	N	N	N	N	N	N	N	N	N	N	N	N	N	N	N	N	N	0.0000	0.0000	0.0000	0.0000	0.0000	0.0000	0.0000	0.0000	0.0000	0.0000	0.0000	0.0000	0.0000	0.0000	0.0000	0.0000	0.0000	0.0000	0.0000	0.0000	0.0000	0.0000	0.0000	0.0000	0.0000	0.0000	0.0000			0.0000	0.0000	1.9998	0.0000	1.0077	0.0001	0.0000	0.0000	0.0000	0.0000	0.0000	0.0000	0.0000	0.0000	0.0000	0.0000	0.0000	0.0000	0.0000	0.0000	0.0000	0.0000	0.0000	0.0000	0.0000	0.0000	0.0000	0.0000	0.0000	0.0000	0.0000	0.0000	0.0000	0.0007	0.0005	0.0002	0.0004	0.0004	0.0000	0.0003	0.0001	0.0002
3	49	0.1893	19	2	1	0	0	0	1	0	0	0	0	1	1	0	0	0	0	0	0	Y	N	N	N	N	N	N	N	N	N	N	N	N	N	N	N	N	N	8.5776	21.1798	19.9554	0.0000	0.0000	0.0000	9.2619	inf	19.3565	0.0006	0.0002	0.0032	0.0000	0.0000	0.0000	0.0007	0.0003	0.0033	0.0001	0.0000	0.0002	0.0000	0.0000	0.0000	0.0001	0.0000	0.0002	1.9999	9.3344	0.0000	0.0000	1.9998	1.6285	1.0077	1.0381	0.0000	0.0000	0.0000	0.0000	0.0000	0.0000	0.0000	0.0000	0.0000	0.0000	0.0000	0.0000	0.0000	0.0000	0.0000	0.0000	0.0000	0.0000	0.0538	0.0475	0.0063	0.0126	0.0124	0.0003	0.0412	0.0352	0.0060	0.0197	0.0125	0.0072	0.0050	0.0045	0.0005	0.0147	0.0080	0.0067
3	50	0.0678	13	2	1	1	1	0	1	0	1	0	0	2	2	0	0	0	0	0	0	Y	N	N	N	Y	Y	N	N	N	N	N	N	N	N	N	N	N	N	0.0000	0.0000	0.0000	0.0000	0.0000	0.0000	0.0000	0.0000	0.0000	0.0000	0.0000	0.0000	0.0000	0.0000	0.0000	0.0000	0.0000	0.0000	0.0000	0.0000	0.0000	0.0000	0.0000	0.0000	0.0000	0.0000	0.0000			0.0000	0.0000	1.9998	0.0001	1.0077	0.9998	0.0000	0.0000	0.0000	0.0000	0.0000	0.0000	0.0000	0.0000	0.0000	0.0000	0.0000	0.0000	0.0000	0.0000	0.0000	0.0000	0.0000	0.0000	0.0000	0.0000	0.0000	0.0000	0.0000	0.0000	0.0000	0.0000	0.0000	0.0059	0.0029	0.0029	0.0003	0.0002	0.0001	0.0056	0.0027	0.0029
3	51	0.0678	13	2	1	1	0	0	1	0	0	0	0	2	2	0	0	0	0	0	0	Y	N	N	N	Y	Y	N	N	N	N	N	N	N	N	N	N	N	N	0.0000	0.0000	0.0000	0.0000	0.0000	0.0000	0.0000	0.0000	0.0000	0.0000	0.0000	0.0000	0.0000	0.0000	0.0000	0.0000	0.0000	0.0000	0.0000	0.0000	0.0000	0.0000	0.0000	0.0000	0.0000	0.0000	0.0000			0.0000	0.0000	1.9998	0.0001	1.0077	1.0003	0.0000	0.0000	0.0000	0.0000	0.0000	0.0000	0.0000	0.0000	0.0000	0.0000	0.0000	0.0000	0.0000	0.0000	0.0000	0.0000	0.0000	0.0000	0.0000	0.0000	0.0000	0.0000	0.0000	0.0000	0.0000	0.0000	0.0000	0.0059	0.0029	0.0029	0.0003	0.0002	0.0001	0.0056	0.0027	0.0029
3	52	0.0646	12	2	1	1	0	0	1	1	0	0	0	2	2	0	0	0	0	0	0	Y	N	N	N	Y	Y	N	N	N	N	N	N	N	N	N	N	N	N	0.0000	0.0000	0.0000	0.0000	0.0000	0.0000	0.0000	0.0000	0.0000	0.0000	0.0000	0.0000	0.0000	0.0000	0.0000	0.0000	0.0000	0.0000	0.0000	0.0000	0.0000	0.0000	0.0000	0.0000	0.0000	0.0000	0.0000			0.0000	0.0000	1.9998	1.0000	1.0077	0.0042	0.0000	0.0000	0.0000	0.0000	0.0000	0.0000	0.0000	0.0000	0.0000	0.0000	0.0000	0.0000	0.0000	0.0000	0.0000	0.0000	0.0000	0.0000	0.0234	0.0205	0.0029	0.0009	0.0008	0.0001	0.0225	0.0197	0.0029	0.0059	0.0029	0.0029	0.0002	0.0002	0.0001	0.0056	0.0027	0.0029
3	53	0.0615	11	2	1	0	0	0	1	0	0	0	0	2	2	0	0	0	0	0	0	Y	N	N	N	Y	Y	N	N	N	N	N	N	N	N	N	N	N	N	0.0000	0.0000	0.0000	0.0000	0.0000	0.0000	0.0000	0.0000	0.0000	0.0000	0.0000	0.0000	0.0000	0.0000	0.0000	0.0000	0.0000	0.0000	0.0000	0.0000	0.0000	0.0000	0.0000	0.0000	0.0000	0.0000	0.0000			0.0000	0.0000	1.9998	0.9921	1.0077	0.0076	0.0000	0.0000	0.0000	0.0000	0.0000	0.0000	0.0000	0.0000	0.0000	0.0000	0.0000	0.0000	0.0000	0.0000	0.0000	0.0000	0.0000	0.0000	0.0234	0.0205	0.0029	0.0008	0.0008	0.0001	0.0225	0.0197	0.0029	0.0059	0.0030	0.0030	0.0003	0.0002	0.0001	0.0056	0.0027	0.0029
3	54	0.1181	11	2	1	1	0	0	1	0	0	0	0	2	1	0	0	0	0	0	0	Y	N	N	N	Y	N	N	N	N	N	N	N	N	N	N	N	N	N	0.0000	0.0000	0.0000	0.0000	0.0000	0.0000	0.0000	0.0000	0.0000	0.0000	0.0000	0.0000	0.0000	0.0000	0.0000	0.0000	0.0000	0.0000	0.0000	0.0000	0.0000	0.0000	0.0000	0.0000	0.0000	0.0000	0.0000			0.0000	0.0000	1.9998	0.0000	1.0077	0.0000	0.0000	0.0000	0.0000	0.0000	0.0000	0.0000	0.0000	0.0000	0.0000	0.0000	0.0000	0.0000	0.0000	0.0000	0.0000	0.0000	0.0000	0.0000	0.0000	0.0000	0.0000	0.0000	0.0000	0.0000	0.0000	0.0000	0.0000	0.0000	0.0000	0.0000	0.0000	0.0000	0.0000	0.0000	0.0000	0.0000
3	58	0.0502	7	2	1	1	0	0	1	0	0	0	1	1	2	0	0	0	0	0	0	Y	N	N	N	N	Y	N	N	N	N	N	N	N	N	N	N	N	N	0.0000	0.0000	0.0000	0.0000	0.0000	0.0000	0.0000	0.0000	0.0000	0.0000	0.0000	0.0000	0.0000	0.0000	0.0000	0.0000	0.0000	0.0000	0.0000	0.0000	0.0000	0.0000	0.0000	0.0000	0.0000	0.0000	0.0000			0.0000	0.0000	1.9998	1.0033	1.0077	1.0015	0.0000	0.0000	0.0000	0.0000	0.0000	0.0000	0.0000	0.0000	0.0000	0.0000	0.0000	0.0000	0.0000	0.0000	0.0000	0.0000	0.0000	0.0000	0.0236	0.0207	0.0030	0.0009	0.0008	0.0001	0.0227	0.0198	0.0029	0.0156	0.0091	0.0064	0.0023	0.0022	0.0001	0.0133	0.0069	0.0064
3	59	0.0355	6	2	1	1	0	0	1	0	0	0	0	1	1	0	0	0	0	0	0	Y	N	N	N	N	N	N	N	N	N	N	N	N	N	N	N	N	N	0.0000	0.0000	0.0000	0.0000	0.0000	0.0000	0.0000	0.0000	0.0000	0.0000	0.0000	0.0000	0.0000	0.0000	0.0000	0.0000	0.0000	0.0000	0.0011	0.0016	0.0007	0.0003	0.0004	0.0000	0.0012	0.0016	0.0008		0.4951	0.0000	-0.0000	1.9998	2.9984	1.0077	1.5227	0.0000	0.0000	0.0000	0.0000	0.0000	0.0000	0.0000	0.0000	0.0000	0.0000	0.0000	0.0000	0.0000	0.0000	0.0000	0.0000	0.0000	0.0000	0.0707	0.0618	0.0089	0.0014	0.0013	0.0001	0.0693	0.0605	0.0088	0.0263	0.0130	0.0134	0.0007	0.0005	0.0001	0.0257	0.0125	0.0132
3	60	0.0452	10	2	1	0	0	0	1	0	0	0	0	2	2	0	0	0	0	0	0	Y	N	N	N	Y	Y	N	N	N	N	N	N	N	N	N	N	N	N	0.0000	0.0000	0.0000	0.0000	0.0000	0.0000	0.0000	0.0000	0.0000	0.0000	0.0000	0.0000	0.0000	0.0000	0.0000	0.0000	0.0000	0.0000	0.0000	0.0000	0.0000	0.0000	0.0000	0.0000	0.0000	0.0000	0.0000			0.0000	0.0000	1.9998	2.0000	1.0077	7.0000	0.0000	0.0000	0.0000	0.0000	0.0000	0.0000	0.0000	0.0000	0.0000	0.0000	0.0000	0.0000	0.0000	0.0000	0.0000	0.0000	0.0000	0.0000	0.0463	0.0405	0.0059	0.0010	0.0009	0.0001	0.0453	0.0395	0.0058	0.0504	0.0248	0.0257	0.0013	0.0010	0.0003	0.0491	0.0238	0.0254
3	61	0.0452	9	2	1	0	0	0	1	0	0	0	1	2	2	0	0	0	0	0	0	Y	N	N	N	Y	Y	N	N	N	N	N	N	N	N	N	N	N	N	0.0000	0.0000	0.0000	0.0000	0.0000	0.0000	0.0000	0.0000	0.0000	0.0000	0.0000	0.0000	0.0000	0.0000	0.0000	0.0000	0.0000	0.0000	0.0000	0.0000	0.0000	0.0000	0.0000	0.0000	0.0000	0.0000	0.0000			0.0000	0.0000	1.9998	0.0000	1.0077	0.0000	0.0000	0.0000	0.0000	0.0000	0.0000	0.0000	0.0000	0.0000	0.0000	0.0000	0.0000	0.0000	0.0000	0.0000	0.0000	0.0000	0.0000	0.0000	0.0000	0.0000	0.0000	0.0000	0.0000	0.0000	0.0000	0.0000	0.0000	0.0000	0.0000	0.0000	0.0000	0.0000	0.0000	0.0000	0.0000	0.0000
3	62	0.1048	12	2	1	1	0	0	1	0	0	0	0	2	1	0	0	0	0	0	0	Y	N	N	N	Y	N	N	N	N	N	N	N	N	N	N	N	N	N	inf	inf	0.0000	inf	inf	0.0000	0.0000	0.0000	0.0000	0.0151	0.0171	0.0000	0.1836	0.1887	0.0000	0.0000	0.0000	0.0000	0.0000	0.0000	0.0000	0.0000	0.0000	0.0000	0.0000	0.0000	0.0000	0.0000		-0.0001	0.0000	1.9998	0.9672	1.0077	2.9870	0.0004	0.0004	0.0000	0.0004	0.0004	0.0000	0.0000	0.0000	0.0000	0.0000	0.0000	0.0000	0.0000	0.0000	0.0000	0.0000	0.0000	0.0000	0.0251	0.0223	0.0029	0.0021	0.0020	0.0001	0.0231	0.0203	0.0028	0.0347	0.0227	0.0120	0.0086	0.0081	0.0005	0.0261	0.0147	0.0114
3	63	0.0736	11	2	1	1	0	0	1	0	0	1	0	2	1	0	0	0	0	0	0	Y	N	N	N	Y	N	N	N	N	N	N	N	N	N	N	N	N	N	inf	inf	0.0000	0.0000	0.0000	0.0000	inf	inf	0.0000	0.0078	0.0090	0.0000	0.0000	0.0000	0.0000	0.0080	0.0092	0.0000	0.0000	0.0000	0.0000	0.0000	0.0000	0.0000	0.0000	0.0000	0.0000	0.0000		-0.0001	0.0000	1.9998	2.0363	1.0077	7.8590	0.0004	0.0004	0.0000	0.0000	0.0000	0.0000	0.0004	0.0004	0.0000	0.0000	0.0000	0.0000	0.0000	0.0000	0.0000	0.0000	0.0000	0.0000	0.0485	0.0424	0.0061	0.0012	0.0011	0.0001	0.0474	0.0413	0.0060	0.0591	0.0305	0.0286	0.0051	0.0046	0.0005	0.0540	0.0259	0.0281
3	64	0.0679	10	2	1	1	0	0	1	0	0	0	0	1	1	0	0	0	0	0	0	Y	N	N	N	N	N	N	N	N	N	N	N	N	N	N	N	N	N	0.0000	0.0000	0.0000	0.0000	0.0000	0.0000	0.0000	0.0000	0.0000	0.0000	0.0000	0.0000	0.0000	0.0000	0.0000	0.0000	0.0000	0.0000	0.0000	0.0000	0.0000	0.0000	0.0000	0.0000	0.0000	0.0000	0.0000			0.0000	0.0000	1.9998	0.0049	1.0077	1.8223	0.0000	0.0000	0.0000	0.0000	0.0000	0.0000	0.0000	0.0000	0.0000	0.0000	0.0000	0.0000	0.0000	0.0000	0.0000	0.0000	0.0000	0.0000	0.0001	0.0001	0.0000	0.0000	0.0000	0.0000	0.0001	0.0001	0.0000	0.0108	0.0055	0.0053	0.0006	0.0005	0.0001	0.0101	0.0049	0.0052
3	65	0.0387	7	2	1	1	0	0	1	0	0	0	0	1	1	0	0	0	0	0	0	Y	N	N	N	N	N	N	N	N	N	N	N	N	N	N	N	N	N	0.0000	0.0000	0.0000	0.0000	0.0000	0.0000	0.0000	0.0000	0.0000	0.0000	0.0000	0.0000	0.0000	0.0000	0.0000	0.0000	0.0000	0.0000	0.0000	0.0000	0.0000	0.0000	0.0000	0.0000	0.0000	0.0000	0.0000			0.0000	0.0000	1.9998	2.0010	1.0077	3.9928	0.0000	0.0000	0.0000	0.0000	0.0000	0.0000	0.0000	0.0000	0.0000	0.0000	0.0000	0.0000	0.0000	0.0000	0.0000	0.0000	0.0000	0.0000	0.0474	0.0414	0.0060	0.0008	0.0007	0.0001	0.0466	0.0406	0.0059	0.0349	0.0173	0.0176	0.0010	0.0008	0.0002	0.0339	0.0164	0.0174
3	66	0.0355	6	2	1	1	0	0	1	0	0	0	0	1	1	0	0	0	0	0	0	Y	N	N	N	N	N	N	N	N	N	N	N	N	N	N	N	N	N	0.0000	0.0000	0.0000	0.0000	0.0000	0.0000	0.0000	0.0000	0.0000	0.0000	0.0000	0.0000	0.0000	0.0000	0.0000	0.0000	0.0000	0.0000	0.0000	0.0000	0.0000	0.0000	0.0000	0.0000	0.0000	0.0000	0.0000			0.0000	0.0000	1.9998	1.0002	1.0077	0.0173	0.0000	0.0000	0.0000	0.0000	0.0000	0.0000	0.0000	0.0000	0.0000	0.0000	0.0000	0.0000	0.0000	0.0000	0.0000	0.0000	0.0000	0.0000	0.0239	0.0209	0.0030	0.0005	0.0004	0.0000	0.0234	0.0204	0.0030	0.0061	0.0030	0.0031	0.0002	0.0001	0.0000	0.0059	0.0029	0.0030
3	67	0.0355	5	2	1	1	0	0	1	1	0	0	0	1	1	0	0	0	0	0	0	Y	N	N	N	N	N	N	N	N	N	N	N	N	N	N	N	N	N	0.0000	0.0000	0.0000	0.0000	0.0000	0.0000	0.0000	0.0000	0.0000	0.0000	0.0000	0.0000	0.0000	0.0000	0.0000	0.0000	0.0000	0.0000	0.0000	0.0000	0.0000	0.0000	0.0000	0.0000	0.0000	0.0000	0.0000			0.0000	0.0000	1.9998	0.0001	1.0077	0.0028	0.0000	0.0000	0.0000	0.0000	0.0000	0.0000	0.0000	0.0000	0.0000	0.0000	0.0000	0.0000	0.0000	0.0000	0.0000	0.0000	0.0000	0.0000	0.0000	0.0000	0.0000	0.0000	0.0000	0.0000	0.0000	0.0000	0.0000	0.0000	0.0000	0.0000	0.0000	0.0000	0.0000	0.0000	0.0000	0.0000
3	68	0.1893	19	2	1	0	0	0	1	0	0	0	1	1	2	0	0	0	0	0	0	Y	N	N	N	N	Y	N	N	N	N	N	N	N	N	N	N	N	N	0.0000	0.0000	0.0000	0.0000	0.0000	0.0000	0.0000	0.0000	0.0000	0.0000	0.0000	0.0000	0.0000	0.0000	0.0000	0.0000	0.0000	0.0000	0.0000	0.0000	0.0000	0.0000	0.0000	0.0000	0.0000	0.0000	0.0000		0.0008	0.0000	-0.0000	1.9998	1.4193	1.0077	5.2011	0.0000	0.0000	0.0000	0.0000	0.0000	0.0000	0.0000	0.0000	0.0000	0.0000	0.0000	0.0000	0.0000	0.0000	0.0000	0.0000	0.0000	0.0000	0.0492	0.0435	0.0057	0.0121	0.0119	0.0002	0.0370	0.0316	0.0055	0.0396	0.0230	0.0166	0.0079	0.0067	0.0012	0.0317	0.0163	0.0154
3	69	0.1391	18	2	1	0	0	1	1	0	0	0	0	1	1	0	0	0	0	0	0	Y	N	N	N	N	N	N	N	N	N	N	N	N	N	N	N	N	N	0.0000	0.0000	0.0000	0.0000	0.0000	0.0000	0.0000	0.0000	0.0000	0.0000	0.0000	0.0000	0.0000	0.0000	0.0000	0.0000	0.0000	0.0000	0.0000	0.0000	0.0000	0.0000	0.0000	0.0000	0.0000	0.0000	0.0000		inf	0.0000	0.0000	1.9998	9.3928	1.0077	3.6523	0.0000	0.0000	0.0000	0.0000	0.0000	0.0000	0.0000	0.0000	0.0000	0.0000	0.0000	0.0000	0.0000	0.0000	0.0000	0.0000	0.0000	0.0000	0.2165	0.1904	0.0261	0.0152	0.0143	0.0009	0.2013	0.1761	0.0252	0.0716	0.0385	0.0331	0.0100	0.0081	0.0019	0.0617	0.0304	0.0312
3	73	0.0602	11	2	1	1	0	0	1	1	0	0	0	2	1	0	0	0	0	0	0	Y	N	N	N	Y	N	N	N	N	N	N	N	N	N	N	N	N	N	0.0000	0.0000	0.0000	0.0000	0.0000	0.0000	0.0000	0.0000	0.0000	0.0000	0.0000	0.0000	0.0000	0.0000	0.0000	0.0000	0.0000	0.0000	0.0000	0.0000	0.0000	0.0000	0.0000	0.0000	0.0000	0.0000	0.0000			0.0000	0.0000	1.9998	3.9579	1.0077	0.9988	0.0000	0.0000	0.0000	0.0000	0.0000	0.0000	0.0000	0.0000	0.0000	0.0000	0.0000	0.0000	0.0000	0.0000	0.0000	0.0000	0.0000	0.0000	0.1366	0.1222	0.0144	0.0260	0.0256	0.0004	0.1106	0.0966	0.0140	0.0301	0.0158	0.0144	0.0022	0.0020	0.0002	0.0280	0.0138	0.0142
3	74	0.0452	10	2	1	0	0	0	1	0	0	0	0	2	1	0	0	0	0	0	0	Y	N	N	N	Y	N	N	N	N	N	N	N	N	N	N	N	N	N	0.0000	0.0000	0.0000	0.0000	0.0000	0.0000	0.0000	0.0000	0.0000	0.0000	0.0000	0.0000	0.0000	0.0000	0.0000	0.0000	0.0000	0.0000	0.0000	0.0000	0.0000	0.0004	0.0005	0.0000	0.0000	0.0000	0.0000		0.0021	0.0000	-0.0000	1.9998	3.9277	1.0077	0.5227	0.0000	0.0000	0.0000	0.0000	0.0000	0.0000	0.0000	0.0000	0.0000	0.0000	0.0000	0.0000	0.0000	0.0000	0.0000	0.0000	0.0000	0.0000	0.0899	0.0786	0.0113	0.0020	0.0018	0.0001	0.0879	0.0767	0.0112	0.0255	0.0125	0.0130	0.0006	0.0005	0.0001	0.0249	0.0120	0.0129
3	75	0.0452	9	2	1	0	0	0	1	0	0	0	0	2	1	0	0	0	0	0	0	Y	N	N	N	Y	N	N	N	N	N	N	N	N	N	N	N	N	N	0.0000	0.0000	0.0000	0.0000	0.0000	0.0000	0.0000	0.0000	0.0000	0.0000	0.0000	0.0000	0.0000	0.0000	0.0000	0.0000	0.0000	0.0000	0.0000	0.0000	0.0000	0.0000	0.0000	0.0000	0.0000	0.0000	0.0000			0.0000	0.0000	1.9998	0.0009	1.0077	0.0000	0.0000	0.0000	0.0000	0.0000	0.0000	0.0000	0.0000	0.0000	0.0000	0.0000	0.0000	0.0000	0.0000	0.0000	0.0000	0.0000	0.0000	0.0000	0.0000	0.0000	0.0000	0.0000	0.0000	0.0000	0.0000	0.0000	0.0000	0.0000	0.0000	0.0000	0.0000	0.0000	0.0000	0.0000	0.0000	0.0000
3	76	0.0420	8	2	1	0	0	0	1	0	0	0	0	2	1	0	0	0	0	0	0	Y	N	N	N	Y	N	N	N	N	N	N	N	N	N	N	N	N	N	0.0000	0.0000	0.0000	0.0000	0.0000	0.0000	0.0000	0.0000	0.0000	0.0000	0.0000	0.0000	0.0000	0.0000	0.0000	0.0000	0.0000	0.0000	0.0000	0.0000	0.0000	0.0000	0.0000	0.0000	0.0000	0.0000	0.0000			0.0000	0.0000	1.9998	1.0000	1.0077	0.0000	0.0000	0.0000	0.0000	0.0000	0.0000	0.0000	0.0000	0.0000	0.0000	0.0000	0.0000	0.0000	0.0000	0.0000	0.0000	0.0000	0.0000	0.0000	0.0234	0.0204	0.0030	0.0006	0.0005	0.0000	0.0228	0.0199	0.0029	0.0058	0.0029	0.0030	0.0001	0.0001	0.0000	0.0057	0.0027	0.0029
3	77	0.0799	11	2	1	0	0	1	1	0	0	0	0	1	1	0	0	0	0	0	0	Y	N	N	N	N	N	N	N	N	N	N	N	N	N	N	N	N	N	0.0000	0.0000	0.0000	0.0000	0.0000	0.0000	0.0000	0.0000	0.0000	0.0000	0.0000	0.0000	0.0000	0.0000	0.0000	0.0000	0.0000	0.0000	0.0000	0.0000	0.0000	0.0000	0.0000	0.0000	0.0000	0.0000	0.0000			0.0000	-0.0000	1.9998	3.3326	1.0077	4.0108	0.0000	0.0000	0.0000	0.0000	0.0000	0.0000	0.0000	0.0000	0.0000	0.0000	0.0000	0.0000	0.0000	0.0000	0.0000	0.0000	0.0000	0.0000	0.0837	0.0735	0.0102	0.0051	0.0049	0.0002	0.0786	0.0686	0.0101	0.0411	0.0210	0.0201	0.0017	0.0014	0.0003	0.0395	0.0196	0.0198
3	78	0.0161	3	2	1	1	0	0	1	1	0	0	0	2	2	0	0	0	0	0	0	Y	N	N	N	Y	Y	N	N	N	N	N	N	N	N	N	N	N	N	0.0000	0.0000	0.0000	0.0000	0.0000	0.0000	0.0000	0.0000	0.0000	0.0000	0.0000	0.0000	0.0000	0.0000	0.0000	0.0000	0.0000	0.0000	0.0001	0.0001	0.0000	0.0026	0.0020	0.0508	0.0000	0.0000	0.0000		0.3635	0.0000	-0.0000	1.9998	0.0000	1.0077	0.9988	0.0000	0.0000	0.0000	0.0000	0.0000	0.0000	0.0000	0.0000	0.0000	0.0000	0.0000	0.0000	0.0000	0.0000	0.0000	0.0000	0.0000	0.0000	0.0000	0.0000	0.0000	0.0000	0.0000	0.0000	0.0000	0.0000	0.0000	0.0062	0.0031	0.0031	0.0001	0.0001	0.0000	0.0061	0.0030	0.0031
3	79	0.0129	2	2	1	0	0	0	1	0	0	0	0	2	2	0	0	0	0	0	0	Y	N	N	N	Y	Y	N	N	N	N	N	N	N	N	N	N	N	N	1299.7982	734.2139	0.0000	196.3274	196.2569	0.0000	0.0000	0.0000	0.0000	8.6615	9.8612	0.0000	55.4130	55.4131	0.0000	0.0000	0.0000	0.0000	0.0067	0.0134	0.0001	0.2822	0.2823	0.0606	0.0000	0.0000	0.0001	0.0000	0.0065	-0.0000	-0.0000	1.9998	0.0001	1.0077	1.0072	0.0000	0.0000	0.0000	0.0000	0.0000	0.0000	0.0000	0.0000	0.0000	0.0000	0.0000	0.0000	0.0000	0.0000	0.0000	0.0000	0.0000	0.0000	0.0000	0.0000	0.0000	0.0000	0.0000	0.0000	0.0000	0.0000	0.0000	0.0063	0.0031	0.0032	0.0001	0.0001	0.0000	0.0062	0.0030	0.0032
3	81	0.0679	10	2	1	1	0	0	1	0	0	0	0	1	1	0	0	0	0	0	0	Y	N	N	N	N	N	N	N	N	N	N	N	N	N	N	N	N	N	0.0000	0.0000	0.0000	0.0000	0.0000	0.0000	0.0000	0.0000	0.0000	0.0000	0.0000	0.0000	0.0000	0.0000	0.0000	0.0000	0.0000	0.0000	0.0000	0.0000	0.0000	0.0000	0.0000	0.0000	0.0000	0.0000	0.0000			0.0000	0.0000	1.9998	7.0000	1.0077	2.0013	0.0000	0.0000	0.0000	0.0000	0.0000	0.0000	0.0000	0.0000	0.0000	0.0000	0.0000	0.0000	0.0000	0.0000	0.0000	0.0000	0.0000	0.0000	0.1612	0.1410	0.0202	0.0036	0.0033	0.0003	0.1576	0.1377	0.0199	0.0510	0.0259	0.0250	0.0029	0.0025	0.0005	0.0480	0.0234	0.0246
3	82	0.0679	9	2	1	1	0	1	1	1	0	0	0	1	1	0	0	0	0	0	0	Y	N	N	N	N	N	N	N	N	N	N	N	N	N	N	N	N	N	0.0000	0.0000	0.0000	0.0000	0.0000	0.0000	0.0000	0.0000	0.0000	0.0000	0.0000	0.0000	0.0000	0.0000	0.0000	0.0000	0.0000	0.0000	0.0000	0.0000	0.0000	0.0000	0.0000	0.0000	0.0000	0.0000	0.0000			0.0000	0.0000	1.9998	0.0005	1.0077	0.0029	0.0000	0.0000	0.0000	0.0000	0.0000	0.0000	0.0000	0.0000	0.0000	0.0000	0.0000	0.0000	0.0000	0.0000	0.0000	0.0000	0.0000	0.0000	0.0000	0.0000	0.0000	0.0000	0.0000	0.0000	0.0000	0.0000	0.0000	0.0001	0.0000	0.0000	0.0000	0.0000	0.0000	0.0000	0.0000	0.0000
3	83	0.0226	3	2	1	0	0	0	1	0	0	0	0	2	2	0	0	0	0	0	0	Y	N	N	N	Y	Y	N	N	N	N	N	N	N	N	N	N	N	N	931849.5239	0.0000	inf	0.0000	0.0000	0.0000	inf	0.0000	inf	8.4057	0.0000	66.7602	0.0000	0.0000	0.0000	8.4331	0.0000	66.8367	0.0000	0.0000	0.0000	0.0009	0.0010	0.0000	0.0000	0.0000	0.0000	inf	0.0005	0.7690	-0.0000	1.9998	5.0069	1.0077	6.0103	0.9998	0.0000	0.9998	0.0000	0.0000	0.0000	0.9998	0.0000	0.9998	0.0000	0.0000	0.0000	0.0000	0.0000	0.0000	0.0000	0.0000	0.0000	0.1189	0.1040	0.0150	0.0004	0.0004	0.0000	0.1186	0.1036	0.0150	0.0633	0.0313	0.0320	0.0006	0.0006	0.0000	0.0627	0.0307	0.0320
3	85	0.0967	10	2	1	1	0	0	1	0	0	0	0	1	1	0	0	0	0	0	0	Y	N	N	N	N	N	N	N	N	N	N	N	N	N	N	N	N	N	5.4341	3.4334	0.0000	0.0000	0.0000	0.0000	inf	inf	0.0000	0.0000	0.0001	0.0000	0.0000	0.0000	0.0000	0.0000	0.0001	0.0000	0.0000	0.0000	0.0000	0.0001	0.0001	0.0000	0.0000	0.0000	0.0000	0.0000	0.0000	-0.0000	-0.0000	1.9998	9.9670	1.0077	12.6920	0.0000	0.0000	0.0000	0.0000	0.0000	0.0000	0.0000	0.0000	0.0000	0.0000	0.0000	0.0000	0.0000	0.0000	0.0000	0.0000	0.0000	0.0000	0.2234	0.1959	0.0274	0.0113	0.0105	0.0008	0.2121	0.1854	0.0267	0.1333	0.0739	0.0594	0.0167	0.0151	0.0016	0.1166	0.0588	0.0578
3	86	0.0902	9	2	1	1	0	1	1	1	0	0	0	1	1	0	0	0	0	0	0	Y	N	N	N	N	N	N	N	N	N	N	N	N	N	N	N	N	N	300.3867	685.2272	0.0000	14.1206	13.8749	0.0000	401.1760	inf	0.0000	0.0165	0.0181	0.0000	0.0010	0.0010	0.0000	0.0201	0.0226	0.0000	0.0001	0.0000	0.0001	0.0001	0.0001	0.0000	0.0001	0.0000	0.0001	0.0000	2.1633	-0.0002	0.0000	1.9998	1.5419	1.0077	1.3342	0.0009	0.0009	0.0000	0.0000	0.0000	0.0000	0.0009	0.0009	0.0000	0.0000	0.0000	0.0000	0.0000	0.0000	0.0000	0.0000	0.0000	0.0000	0.0541	0.0491	0.0050	0.0103	0.0102	0.0001	0.0438	0.0389	0.0049	0.0293	0.0192	0.0101	0.0074	0.0072	0.0002	0.0219	0.0120	0.0099
3	87	0.1135	12	1	1	0	0	0	1	0	0	0	0	1	2	0	0	0	0	0	0	N	N	N	N	N	Y	N	N	N	N	N	N	N	N	N	N	N	N	inf	inf	0.0000	0.0000	0.0000	0.0000	inf	inf	0.0000	0.0009	0.0010	0.0000	0.0000	0.0000	0.0000	0.0009	0.0010	0.0000	0.0000	0.0000	0.0000	0.0000	0.0000	0.0000	0.0000	0.0000	0.0000	0.0000		-0.0000	0.0000	1.9998	0.9989	1.0077	0.5152	0.0000	0.0000	0.0000	0.0000	0.0000	0.0000	0.0000	0.0000	0.0000	0.0000	0.0000	0.0000	0.0000	0.0000	0.0000	0.0000	0.0000	0.0000	0.0234	0.0205	0.0029	0.0014	0.0012	0.0001	0.0220	0.0192	0.0028	0.0156	0.0097	0.0059	0.0079	0.0059	0.0020	0.0076	0.0038	0.0039
3	88	0.0841	11	1	1	0	0	0	1	0	0	0	1	1	2	0	0	0	0	0	0	N	N	N	N	N	Y	N	N	N	N	N	N	N	N	N	N	N	N	inf	inf	0.0000	0.0000	0.0000	0.0000	inf	inf	0.0000	7.1584	8.1795	0.0000	0.0000	0.0000	0.0000	7.3888	8.4590	0.0000	0.0000	0.0000	0.0000	0.0000	0.0000	0.0000	0.0000	0.0000	0.0000	0.0000		-0.2308	0.0000	1.9998	6.0209	1.0077	2.4875	0.9999	0.9999	0.0000	0.0000	0.0000	0.0000	0.9999	0.9999	0.0000	0.0000	0.0000	0.0000	0.0000	0.0000	0.0000	0.0000	0.0000	0.0000	0.1397	0.1222	0.0174	0.0044	0.0040	0.0003	0.1353	0.1182	0.0171	0.0547	0.0297	0.0250	0.0097	0.0075	0.0022	0.0450	0.0222	0.0228
3	90	0.1344	15	2	1	1	0	0	1	1	0	0	0	1	1	0	0	0	0	0	0	Y	N	N	N	N	N	N	N	N	N	N	N	N	N	N	N	N	N	0.0000	0.0000	0.0000	0.0000	0.0000	0.0000	0.0000	0.0000	0.0000	0.0000	0.0000	0.0000	0.0000	0.0000	0.0000	0.0000	0.0000	0.0000	0.0011	0.0019	0.0000	0.0068	0.0079	0.0000	0.0000	0.0000	0.0000		0.0029	0.0000	-0.0001	1.9998	5.9354	1.0077	8.3561	0.0000	0.0000	0.0000	0.0000	0.0000	0.0000	0.0000	0.0000	0.0000	0.0001	0.0001	0.0000	0.0001	0.0001	0.0000	0.0000	0.0000	0.0000	0.1407	0.1234	0.0173	0.0102	0.0096	0.0006	0.1305	0.1138	0.0167	0.0864	0.0478	0.0387	0.0134	0.0115	0.0019	0.0730	0.0363	0.0367
3	91	0.1175	14	2	1	0	0	0	1	0	0	0	0	1	1	0	0	0	0	0	0	Y	N	N	N	N	N	N	N	N	N	N	N	N	N	N	N	N	N	0.0000	0.0000	0.0000	0.0000	0.0000	0.0000	0.0000	0.0000	0.0000	0.0000	0.0000	0.0000	0.0000	0.0000	0.0000	0.0000	0.0000	0.0000	0.0020	0.0022	0.0018	0.0000	0.0000	0.0000	0.0026	0.0032	0.0019		0.5855	0.0000	-0.0000	1.9998	1.5872	1.0077	4.4746	0.0000	0.0000	0.0000	0.0000	0.0000	0.0000	0.0000	0.0000	0.0000	0.0001	0.0001	0.0000	0.0000	0.0000	0.0000	0.0001	0.0001	0.0000	0.0377	0.0330	0.0047	0.0022	0.0020	0.0001	0.0355	0.0310	0.0046	0.0474	0.0279	0.0196	0.0101	0.0093	0.0008	0.0374	0.0186	0.0188
3	92	0.0615	11	2	1	0	1	0	1	0	1	0	0	2	2	0	0	0	0	0	0	Y	N	N	N	Y	Y	N	N	N	N	N	N	N	N	N	N	N	N	0.0000	0.0000	0.0000	0.0000	0.0000	0.0000	0.0000	0.0000	0.0000	0.0000	0.0000	0.0000	0.0000	0.0000	0.0000	0.0000	0.0000	0.0000	0.0000	0.0000	0.0000	0.0000	0.0000	0.0000	0.0000	0.0000	0.0000			0.0000	0.0000	1.9998	1.0091	1.0077	1.9972	0.0000	0.0000	0.0000	0.0000	0.0000	0.0000	0.0000	0.0000	0.0000	0.0000	0.0000	0.0000	0.0000	0.0000	0.0000	0.0000	0.0000	0.0000	0.0238	0.0208	0.0030	0.0009	0.0008	0.0001	0.0229	0.0200	0.0029	0.0174	0.0087	0.0088	0.0007	0.0006	0.0002	0.0167	0.0081	0.0086
3	93	0.0452	10	2	1	0	0	0	1	0	0	0	1	2	2	0	0	0	0	0	0	Y	N	N	N	Y	Y	N	N	N	N	N	N	N	N	N	N	N	N	0.0000	0.0000	0.0000	0.0000	0.0000	0.0000	0.0000	0.0000	0.0000	0.0000	0.0000	0.0000	0.0000	0.0000	0.0000	0.0000	0.0000	0.0000	0.0000	0.0000	0.0000	0.0000	0.0000	0.0000	0.0000	0.0000	0.0000			0.0000	0.0000	1.9998	2.0083	1.0077	3.0031	0.0000	0.0000	0.0000	0.0000	0.0000	0.0000	0.0000	0.0000	0.0000	0.0000	0.0000	0.0000	0.0000	0.0000	0.0000	0.0000	0.0000	0.0000	0.0466	0.0407	0.0059	0.0011	0.0010	0.0001	0.0455	0.0397	0.0058	0.0287	0.0141	0.0146	0.0007	0.0006	0.0002	0.0279	0.0135	0.0145
3	94	0.0452	9	2	1	0	0	0	1	0	0	0	0	2	1	0	0	0	0	0	0	Y	N	N	N	Y	N	N	N	N	N	N	N	N	N	N	N	N	N	0.0000	0.0000	0.0000	0.0000	0.0000	0.0000	0.0000	0.0000	0.0000	0.0000	0.0000	0.0000	0.0000	0.0000	0.0000	0.0000	0.0000	0.0000	0.0000	0.0000	0.0000	0.0000	0.0000	0.0000	0.0000	0.0000	0.0000			0.0000	0.0000	1.9998	0.0000	1.0077	0.0002	0.0000	0.0000	0.0000	0.0000	0.0000	0.0000	0.0000	0.0000	0.0000	0.0000	0.0000	0.0000	0.0000	0.0000	0.0000	0.0000	0.0000	0.0000	0.0000	0.0000	0.0000	0.0000	0.0000	0.0000	0.0000	0.0000	0.0000	0.0000	0.0000	0.0000	0.0000	0.0000	0.0000	0.0000	0.0000	0.0000
3	95	0.0420	8	2	1	0	0	0	1	0	0	0	0	2	1	0	0	0	0	0	0	Y	N	N	N	Y	N	N	N	N	N	N	N	N	N	N	N	N	N	0.0000	0.0000	0.0000	0.0000	0.0000	0.0000	0.0000	0.0000	0.0000	0.0000	0.0000	0.0000	0.0000	0.0000	0.0000	0.0000	0.0000	0.0000	0.0000	0.0000	0.0000	0.0000	0.0000	0.0000	0.0000	0.0000	0.0000			0.0000	0.0000	1.9998	1.0000	1.0077	0.0001	0.0000	0.0000	0.0000	0.0000	0.0000	0.0000	0.0000	0.0000	0.0000	0.0000	0.0000	0.0000	0.0000	0.0000	0.0000	0.0000	0.0000	0.0000	0.0234	0.0204	0.0030	0.0006	0.0005	0.0000	0.0228	0.0199	0.0029	0.0058	0.0029	0.0030	0.0001	0.0001	0.0000	0.0057	0.0027	0.0029
3	96	0.0420	7	2	1	0	0	0	1	0	0	1	0	2	1	0	0	0	0	0	0	Y	N	N	N	Y	N	N	N	N	N	N	N	N	N	N	N	N	N	0.0000	0.0000	0.0000	0.0000	0.0000	0.0000	0.0000	0.0000	0.0000	0.0000	0.0000	0.0000	0.0000	0.0000	0.0000	0.0000	0.0000	0.0000	0.0000	0.0000	0.0000	0.0000	0.0000	0.0000	0.0000	0.0000	0.0000			0.0000	0.0000	1.9998	0.0000	1.0077	0.0001	0.0000	0.0000	0.0000	0.0000	0.0000	0.0000	0.0000	0.0000	0.0000	0.0000	0.0000	0.0000	0.0000	0.0000	0.0000	0.0000	0.0000	0.0000	0.0000	0.0000	0.0000	0.0000	0.0000	0.0000	0.0000	0.0000	0.0000	0.0000	0.0000	0.0000	0.0000	0.0000	0.0000	0.0000	0.0000	0.0000
3	97	0.0387	6	2	1	0	0	0	1	0	0	0	0	1	1	0	0	0	0	0	0	Y	N	N	N	N	N	N	N	N	N	N	N	N	N	N	N	N	N	0.0000	0.0000	0.0000	0.0000	0.0000	0.0000	0.0000	0.0000	0.0000	0.0000	0.0000	0.0000	0.0000	0.0000	0.0000	0.0000	0.0000	0.0000	0.0001	0.0000	0.0001	0.0000	0.0000	0.0000	0.0001	0.0000	0.0001		inf	0.0000	0.0000	1.9998	0.9999	1.0077	0.0008	0.0000	0.0000	0.0000	0.0000	0.0000	0.0000	0.0000	0.0000	0.0000	0.0000	0.0000	0.0000	0.0000	0.0000	0.0000	0.0000	0.0000	0.0000	0.0239	0.0208	0.0030	0.0005	0.0005	0.0000	0.0233	0.0204	0.0030	0.0059	0.0029	0.0030	0.0002	0.0001	0.0000	0.0058	0.0028	0.0030
3	99	0.0647	8	2	1	1	0	1	1	1	0	0	0	1	1	0	0	0	0	0	0	Y	N	N	N	N	N	N	N	N	N	N	N	N	N	N	N	N	N	37957037.2792	21917782.0885	0.0000	0.0000	0.0000	0.0000	inf	inf	0.0000	8.6084	9.8459	0.0000	0.0000	0.0000	0.0000	8.8034	10.0797	0.0000	0.0000	0.0000	0.0000	0.0000	0.0000	0.0000	0.0000	0.0000	0.0000	0.0000	0.0000	-0.2308	-0.0000	1.9998	5.0000	1.0077	11.0015	0.9999	0.9999	0.0000	0.0000	0.0000	0.0000	0.9999	0.9999	0.0000	0.0000	0.0000	0.0000	0.0000	0.0000	0.0000	0.0000	0.0000	0.0000	0.1162	0.1016	0.0146	0.0026	0.0024	0.0002	0.1136	0.0992	0.0144	0.0864	0.0436	0.0428	0.0034	0.0028	0.0006	0.0830	0.0409	0.0422
3	100	0.1455	18	2	1	1	0	0	1	0	0	0	0	1	1	0	0	0	0	0	0	Y	N	N	N	N	N	N	N	N	N	N	N	N	N	N	N	N	N	0.0000	0.0000	0.0000	0.0000	0.0000	0.0000	0.0000	0.0000	0.0000	0.0000	0.0000	0.0000	0.0000	0.0000	0.0000	0.0000	0.0000	0.0000	0.0009	0.0015	0.0000	0.0043	0.0051	0.0000	0.0000	0.0000	0.0000		0.0000	0.0000	-0.0000	1.9998	2.0003	1.0077	3.6794	0.0000	0.0000	0.0000	0.0000	0.0000	0.0000	0.0000	0.0000	0.0000	0.0000	0.0000	0.0000	0.0000	0.0000	0.0000	0.0000	0.0000	0.0000	0.0477	0.0418	0.0059	0.0037	0.0035	0.0002	0.0440	0.0383	0.0056	0.0349	0.0200	0.0148	0.0070	0.0059	0.0010	0.0279	0.0141	0.0138
3	101	0.1349	17	2	1	1	0	1	1	1	0	0	0	1	1	0	0	0	0	0	0	Y	N	N	N	N	N	N	N	N	N	N	N	N	N	N	N	N	N	0.0000	0.0000	0.0000	0.0000	0.0000	0.0000	0.0000	0.0000	0.0000	0.0000	0.0000	0.0000	0.0000	0.0000	0.0000	0.0000	0.0000	0.0000	0.0021	0.0029	0.0011	0.0036	0.0044	0.0000	0.0018	0.0025	0.0012		0.3363	0.0000	-0.0000	1.9998	0.0087	1.0077	3.3708	0.0000	0.0000	0.0000	0.0000	0.0000	0.0000	0.0000	0.0000	0.0000	0.0000	0.0000	0.0000	0.0000	0.0000	0.0000	0.0000	0.0000	0.0000	0.0008	0.0007	0.0001	0.0003	0.0003	0.0000	0.0005	0.0004	0.0001	0.0191	0.0103	0.0088	0.0027	0.0022	0.0005	0.0164	0.0080	0.0083
3	106	0.0290	4	2	1	1	0	0	1	1	0	0	0	1	1	0	0	0	0	0	0	Y	N	N	N	N	N	N	N	N	N	N	N	N	N	N	N	N	N	0.0000	0.0000	0.0000	0.0000	0.0000	0.0000	0.0000	0.0000	0.0000	0.0000	0.0000	0.0000	0.0000	0.0000	0.0000	0.0000	0.0000	0.0000	0.0000	0.0000	0.0000	0.0000	0.0000	0.0000	0.0000	0.0000	0.0000			0.0000	-0.0000	1.9998	3.0043	1.0077	5.0032	0.0000	0.0000	0.0000	0.0000	0.0000	0.0000	0.0000	0.0000	0.0000	0.0000	0.0000	0.0000	0.0000	0.0000	0.0000	0.0000	0.0000	0.0000	0.0711	0.0622	0.0090	0.0014	0.0013	0.0001	0.0697	0.0609	0.0089	0.0464	0.0230	0.0234	0.0006	0.0005	0.0000	0.0458	0.0224	0.0234
3	110	0.1400	15	2	1	1	0	0	1	0	0	0	0	1	1	0	0	0	0	0	0	Y	N	N	N	N	N	N	N	N	N	N	N	N	N	N	N	N	N	0.0000	0.0000	0.0000	0.0000	0.0000	0.0000	0.0000	0.0000	0.0000	0.0000	0.0000	0.0000	0.0000	0.0000	0.0000	0.0000	0.0000	0.0000	0.0289	0.0003	0.0617	0.0014	0.0017	0.0001	0.0324	0.0000	0.0651		191.2513	0.0000	0.0007	1.9998	7.0195	1.0077	5.1243	0.0000	0.0000	0.0000	0.0000	0.0000	0.0000	0.0000	0.0000	0.0000	0.0020	0.0000	0.0019	0.0000	0.0000	0.0000	0.0019	0.0000	0.0019	0.1586	0.1390	0.0196	0.0095	0.0089	0.0006	0.1491	0.1302	0.0189	0.0677	0.0361	0.0315	0.0076	0.0059	0.0017	0.0600	0.0302	0.0299
3	111	0.1175	14	2	1	1	0	0	1	1	0	0	0	1	1	0	0	0	0	0	0	Y	N	N	N	N	N	N	N	N	N	N	N	N	N	N	N	N	N	0.4725	1.1537	0.0000	0.0000	0.0000	0.0000	0.5347	31.8832	0.0000	0.0002	0.0002	0.0000	0.0000	0.0000	0.0000	0.0002	0.0003	0.0000	0.0004	0.0002	0.0008	0.0005	0.0006	0.0000	0.0004	0.0000	0.0008	0.0000	2.6091	-0.0000	0.0000	1.9998	2.0281	1.0077	3.4706	0.0000	0.0000	0.0000	0.0000	0.0000	0.0000	0.0000	0.0000	0.0000	0.0000	0.0000	0.0000	0.0000	0.0000	0.0000	0.0000	0.0000	0.0000	0.0479	0.0419	0.0060	0.0027	0.0025	0.0002	0.0452	0.0394	0.0058	0.0445	0.0263	0.0181	0.0098	0.0091	0.0007	0.0347	0.0172	0.0174
3	112	0.1041	13	2	1	0	0	1	1	0	0	0	0	1	1	0	0	0	0	0	0	Y	N	N	N	N	N	N	N	N	N	N	N	N	N	N	N	N	N	0.0000	0.0000	0.0000	0.0000	0.0000	0.0000	0.0000	0.0000	0.0000	0.0000	0.0000	0.0000	0.0000	0.0000	0.0000	0.0000	0.0000	0.0000	0.0001	0.0001	0.0002	0.0002	0.0003	0.0000	0.0001	0.0000	0.0002		1.1250	0.0000	-0.0000	1.9998	3.0209	1.0077	2.2550	0.0000	0.0000	0.0000	0.0000	0.0000	0.0000	0.0000	0.0000	0.0000	0.0000	0.0000	0.0000	0.0000	0.0000	0.0000	0.0000	0.0000	0.0000	0.0722	0.0632	0.0090	0.0033	0.0031	0.0002	0.0689	0.0601	0.0088	0.0445	0.0266	0.0178	0.0101	0.0094	0.0007	0.0344	0.0172	0.0172
3	120	0.0945	14	1	1	1	0	0	1	0	0	0	0	2	1	0	0	0	0	0	0	N	N	N	N	Y	N	N	N	N	N	N	N	N	N	N	N	N	N	inf	inf	0.0000	0.0000	0.0000	0.0000	inf	inf	0.0000	14.4219	16.4838	0.0000	0.0000	0.0000	0.0000	15.0765	17.2755	0.0000	0.0000	0.0000	0.0000	0.0000	0.0000	0.0000	0.0000	0.0000	0.0000	0.0000		-0.2307	0.0000	1.9998	2.9998	1.0077	1.0000	0.9998	0.9998	0.0000	0.0000	0.0000	0.0000	0.9998	0.9998	0.0000	0.0000	0.0000	0.0000	0.0000	0.0000	0.0000	0.0000	0.0000	0.0000	0.0693	0.0607	0.0087	0.0030	0.0028	0.0002	0.0663	0.0579	0.0084	0.0221	0.0112	0.0109	0.0016	0.0013	0.0003	0.0206	0.0099	0.0106
3	121	0.0945	13	1	1	1	0	0	1	0	0	1	0	2	1	0	0	0	0	0	0	N	N	N	N	Y	N	N	N	N	N	N	N	N	N	N	N	N	N	inf	inf	0.0000	inf	inf	0.0000	inf	inf	0.0000	12.2484	13.9689	0.0000	51.6614	53.1210	0.0000	6.9479	8.0418	0.0000	0.0000	0.0000	0.0000	0.0000	0.0000	0.0000	0.0000	0.0000	0.0000	0.0000		-0.0000	0.0000	1.9998	0.0006	1.0077	0.0007	0.0002	0.0002	0.0000	0.0001	0.0001	0.0000	0.0001	0.0001	0.0000	0.0000	0.0000	0.0000	0.0000	0.0000	0.0000	0.0000	0.0000	0.0000	0.0000	0.0000	0.0000	0.0000	0.0000	0.0000	0.0000	0.0000	0.0000	0.0000	0.0000	0.0000	0.0000	0.0000	0.0000	0.0000	0.0000	0.0000
3	126	0.0977	14	2	1	1	0	0	1	0	0	0	0	1	1	0	0	0	0	0	0	Y	N	N	N	N	N	N	N	N	N	N	N	N	N	N	N	N	N	inf	inf	0.0000	inf	inf	0.0000	0.0000	0.0000	0.0000	0.0111	0.0127	0.0000	0.2549	0.2759	0.0000	0.0000	0.0000	0.0000	0.0000	0.0000	0.0000	0.0000	0.0000	0.0000	0.0000	0.0000	0.0000	0.0000		-0.0001	0.0000	1.9998	1.0002	1.0077	2.0058	0.0003	0.0003	0.0000	0.0003	0.0003	0.0000	0.0000	0.0000	0.0000	0.0000	0.0000	0.0000	0.0000	0.0000	0.0000	0.0000	0.0000	0.0000	0.0234	0.0205	0.0029	0.0010	0.0009	0.0001	0.0224	0.0195	0.0029	0.0168	0.0085	0.0083	0.0012	0.0010	0.0002	0.0156	0.0075	0.0081
3	127	0.1010	14	1	1	0	0	0	1	0	0	0	1	1	2	0	0	0	0	0	0	N	N	N	N	N	Y	N	N	N	N	N	N	N	N	N	N	N	N	0.0000	0.0000	0.0000	0.0000	0.0000	0.0000	0.0000	0.0000	0.0000	0.0000	0.0000	0.0000	0.0000	0.0000	0.0000	0.0000	0.0000	0.0000	0.0000	0.0000	0.0000	0.0000	0.0000	0.0000	0.0000	0.0000	0.0000			0.0000	0.0000	1.9998	1.0000	1.0077	2.0000	0.0000	0.0000	0.0000	0.0000	0.0000	0.0000	0.0000	0.0000	0.0000	0.0000	0.0000	0.0000	0.0000	0.0000	0.0000	0.0000	0.0000	0.0000	0.0234	0.0204	0.0029	0.0010	0.0009	0.0001	0.0224	0.0195	0.0029	0.0173	0.0088	0.0084	0.0013	0.0010	0.0002	0.0160	0.0078	0.0082
3	128	0.1010	13	1	1	0	0	0	1	0	0	0	1	1	2	0	0	0	0	0	0	N	N	N	N	N	Y	N	N	N	N	N	N	N	N	N	N	N	N	0.0000	0.0000	0.0000	0.0000	0.0000	0.0000	0.0000	0.0000	0.0000	0.0000	0.0000	0.0000	0.0000	0.0000	0.0000	0.0000	0.0000	0.0000	0.0155	0.0302	0.0000	0.2124	0.2603	0.0000	0.0000	0.0000	0.0000		0.0000	0.0000	-0.0003	1.9998	3.0000	1.0077	2.0000	0.0000	0.0000	0.0000	0.0000	0.0000	0.0000	0.0000	0.0000	0.0000	0.0004	0.0004	0.0000	0.0004	0.0004	0.0000	0.0000	0.0000	0.0000	0.0692	0.0606	0.0087	0.0029	0.0027	0.0002	0.0663	0.0579	0.0084	0.0284	0.0146	0.0139	0.0021	0.0017	0.0004	0.0264	0.0129	0.0135
3	129	0.1043	15	1	1	0	0	0	1	0	0	0	1	1	2	0	0	0	0	0	0	N	N	N	N	N	Y	N	N	N	N	N	N	N	N	N	N	N	N	0.0000	0.0000	0.0000	0.0000	0.0000	0.0000	0.0000	0.0000	0.0000	0.0000	0.0000	0.0000	0.0000	0.0000	0.0000	0.0000	0.0000	0.0000	0.0000	0.0000	0.0000	0.0000	0.0000	0.0000	0.0000	0.0000	0.0000			0.0000	0.0000	1.9998	2.0004	1.0077	1.0045	0.0000	0.0000	0.0000	0.0000	0.0000	0.0000	0.0000	0.0000	0.0000	0.0000	0.0000	0.0000	0.0000	0.0000	0.0000	0.0000	0.0000	0.0000	0.0464	0.0406	0.0058	0.0019	0.0018	0.0001	0.0445	0.0388	0.0057	0.0174	0.0089	0.0085	0.0013	0.0011	0.0002	0.0161	0.0078	0.0082
3	133	0.1181	11	2	1	1	0	0	1	0	0	0	0	2	1	0	0	0	0	0	0	Y	N	N	N	Y	N	N	N	N	N	N	N	N	N	N	N	N	N	0.0000	0.0000	0.0000	0.0000	0.0000	0.0000	0.0000	0.0000	0.0000	0.0000	0.0000	0.0000	0.0000	0.0000	0.0000	0.0000	0.0000	0.0000	0.0000	0.0000	0.0000	0.0000	0.0000	0.0000	0.0000	0.0000	0.0000			0.0000	0.0000	1.9998	0.0000	1.0077	0.0001	0.0000	0.0000	0.0000	0.0000	0.0000	0.0000	0.0000	0.0000	0.0000	0.0000	0.0000	0.0000	0.0000	0.0000	0.0000	0.0000	0.0000	0.0000	0.0000	0.0000	0.0000	0.0000	0.0000	0.0000	0.0000	0.0000	0.0000	0.0000	0.0000	0.0000	0.0000	0.0000	0.0000	0.0000	0.0000	0.0000
3	134	0.0780	10	2	1	1	0	1	1	1	0	1	0	2	1	0	0	0	0	0	0	Y	N	N	N	Y	N	N	N	N	N	N	N	N	N	N	N	N	N	0.0000	0.0000	0.0000	0.0000	0.0000	0.0000	0.0000	0.0000	0.0000	0.0000	0.0000	0.0000	0.0000	0.0000	0.0000	0.0000	0.0000	0.0000	0.0000	0.0000	0.0000	0.0000	0.0000	0.0000	0.0000	0.0000	0.0000			0.0000	0.0000	1.9998	4.0005	1.0077	6.9251	0.0000	0.0000	0.0000	0.0000	0.0000	0.0000	0.0000	0.0000	0.0000	0.0000	0.0000	0.0000	0.0000	0.0000	0.0000	0.0000	0.0000	0.0000	0.0939	0.0821	0.0118	0.0024	0.0022	0.0002	0.0915	0.0799	0.0116	0.0632	0.0324	0.0308	0.0048	0.0042	0.0006	0.0584	0.0282	0.0302
3	135	0.1106	15	2	1	1	0	0	1	0	0	0	0	2	1	0	0	0	0	0	0	Y	N	N	N	Y	N	N	N	N	N	N	N	N	N	N	N	N	N	inf	inf	0.0000	0.0000	0.0000	0.0000	inf	inf	0.0000	0.0187	0.0214	0.0000	0.0000	0.0000	0.0000	0.0199	0.0228	0.0000	0.0000	0.0000	0.0000	0.0000	0.0000	0.0000	0.0000	0.0000	0.0000	0.0000		-0.0001	0.0000	1.9998	0.9923	1.0077	0.0060	0.0004	0.0004	0.0000	0.0000	0.0000	0.0000	0.0004	0.0004	0.0000	0.0000	0.0000	0.0000	0.0000	0.0000	0.0000	0.0000	0.0000	0.0000	0.0235	0.0206	0.0029	0.0014	0.0013	0.0001	0.0222	0.0193	0.0028	0.0054	0.0028	0.0026	0.0005	0.0004	0.0001	0.0049	0.0024	0.0025
3	136	0.0977	14	2	1	1	0	0	1	0	0	1	0	2	1	0	0	0	0	0	0	Y	N	N	N	Y	N	N	N	N	N	N	N	N	N	N	N	N	N	inf	inf	0.0000	inf	inf	0.0000	inf	inf	0.0000	21.4457	24.5172	0.0000	0.0001	0.0001	0.0000	22.4201	25.6966	0.0000	0.0000	0.0000	0.0000	0.0000	0.0000	0.0000	0.0000	0.0000	0.0000	0.0000		-0.2306	0.0000	1.9998	2.0106	1.0077	2.0023	0.9992	0.9992	0.0000	0.0000	0.0000	0.0000	0.9992	0.9992	0.0000	0.0000	0.0000	0.0000	0.0000	0.0000	0.0000	0.0000	0.0000	0.0000	0.0466	0.0408	0.0058	0.0020	0.0019	0.0002	0.0446	0.0389	0.0057	0.0222	0.0113	0.0109	0.0016	0.0014	0.0003	0.0206	0.0099	0.0107
3	137	0.0945	13	2	1	1	0	1	1	0	0	0	0	1	1	0	0	0	0	0	0	Y	N	N	N	N	N	N	N	N	N	N	N	N	N	N	N	N	N	inf	inf	0.0000	inf	inf	0.0000	inf	inf	0.0000	16.9240	19.3144	0.0000	46.5335	48.0906	0.0000	13.5969	15.7014	0.0000	0.0000	0.0000	0.0000	0.0000	0.0000	0.0000	0.0000	0.0000	0.0000	0.0000		-0.0001	0.0000	1.9998	0.0008	1.0077	1.0019	0.0004	0.0004	0.0000	0.0001	0.0001	0.0000	0.0003	0.0003	0.0000	0.0000	0.0000	0.0000	0.0000	0.0000	0.0000	0.0000	0.0000	0.0000	0.0000	0.0000	0.0000	0.0000	0.0000	0.0000	0.0000	0.0000	0.0000	0.0056	0.0029	0.0028	0.0004	0.0003	0.0001	0.0052	0.0025	0.0027
4	7	0.1664	15	2	0	1	0	0	0	0	0	0	0	1	1	0	0	0	0	0	0	Y	N	N	N	N	N	N	N	N	N	N	N	N	N	N	N	N	N	0.0000	0.0000	0.0000	0.0000	0.0000	0.0000	0.0000	0.0000	0.0000	0.0000	0.0000	0.0000	0.0000	0.0000	0.0000	0.0000	0.0000	0.0000	0.1721	0.0000	0.3702	0.0143	0.0001	0.0668	0.1929	0.0000	0.3873		35262.4552	0.0000	0.0028	5.0103	0.0002	6.0125	2.0046	0.0000	0.0000	0.0000	0.0000	0.0000	0.0000	0.0000	0.0000	0.0000	0.0072	0.0000	0.0072	0.0001	0.0000	0.0001	0.0072	0.0000	0.0072	0.0000	0.0000	0.0000	0.0000	0.0000	0.0000	0.0000	0.0000	0.0000	0.0420	0.0225	0.0195	0.0049	0.0038	0.0010	0.0371	0.0186	0.0185
4	8	0.1632	14	2	0	1	0	0	0	0	0	0	0	1	1	0	0	0	0	0	0	Y	N	N	N	N	N	N	N	N	N	N	N	N	N	N	N	N	N	0.0000	0.0000	0.0000	0.0000	0.0000	0.0000	0.0000	0.0000	0.0000	0.0000	0.0000	0.0000	0.0000	0.0000	0.0000	0.0000	0.0000	0.0000	0.0024	0.0026	0.0021	0.0121	0.0152	0.0007	0.0011	0.0000	0.0022		0.6954	-0.0000	-0.0000	5.0103	0.0003	6.0125	0.9949	0.0000	0.0000	0.0000	0.0000	0.0000	0.0000	0.0000	0.0000	0.0000	0.0000	0.0000	0.0000	0.0000	0.0000	0.0000	0.0000	0.0000	0.0000	0.0000	0.0000	0.0000	0.0000	0.0000	0.0000	0.0000	0.0000	0.0000	0.0211	0.0112	0.0098	0.0025	0.0019	0.0005	0.0186	0.0093	0.0093
4	10	0.1664	15	2	1	1	0	0	1	0	0	0	0	1	1	0	0	0	0	0	0	Y	N	N	N	N	N	N	N	N	N	N	N	N	N	N	N	N	N	0.0000	0.0000	0.0000	0.0000	0.0000	0.0000	0.0000	0.0000	0.0000	0.0000	0.0000	0.0000	0.0000	0.0000	0.0000	0.0000	0.0000	0.0000	0.0372	0.0697	0.0000	0.3086	0.4009	0.0000	0.0002	0.0003	0.0000		0.0000	0.0000	-0.0019	5.0103	1.0000	6.0125	3.0034	0.0000	0.0000	0.0000	0.0000	0.0000	0.0000	0.0000	0.0000	0.0000	0.0031	0.0031	0.0000	0.0031	0.0031	0.0000	0.0000	0.0000	0.0000	0.0582	0.0509	0.0072	0.0035	0.0033	0.0002	0.0546	0.0476	0.0070	0.0830	0.0444	0.0386	0.0100	0.0077	0.0023	0.0730	0.0367	0.0363
4	12	0.0754	3	2	0	1	0	0	0	0	0	0	1	0	1	0	0	0	0	0	0	Y	N	N	N	N	N	N	N	N	N	N	N	N	N	N	N	N	N	0.0146	0.0023	134.4210	0.0208	0.0140	34.9806	42.9669	0.0043	428.1425	0.0005	0.0001	0.0029	0.0041	0.0028	0.0473	0.0003	0.0000	0.0025	0.0328	0.0575	0.0000	0.1958	0.2018	0.0014	0.0000	0.0000	0.0000	3.1660	0.0003	0.0001	-0.0038	5.0103	3.5195	6.0125	3.1401	0.0001	0.0000	0.0001	0.0000	0.0000	0.0000	0.0001	0.0000	0.0001	0.0061	0.0061	0.0000	0.0061	0.0061	0.0000	0.0000	0.0000	0.0000	0.2190	0.1917	0.0274	0.0091	0.0089	0.0003	0.2099	0.1828	0.0271	0.1868	0.1064	0.0804	0.0312	0.0303	0.0009	0.1555	0.0761	0.0794
4	22	0.1632	16	2	0	1	1	0	0	0	1	0	0	1	1	0	0	0	0	0	0	Y	N	N	N	N	N	N	N	N	N	N	N	N	N	N	N	N	N	245.2443	0.0005	444418254.4010	0.0001	0.0001	0.0000	84419382.8730	537.8702	478778814.1693	8.7893	0.0000	71.3876	0.0001	0.0001	0.0000	9.3750	0.0000	73.4662	0.0358	0.0688	0.0000	0.3548	0.4690	0.0000	0.0000	0.0000	0.0000	266566.9005	0.0000	0.7669	-0.0018	5.0103	2.0010	6.0125	1.9996	0.9970	0.0000	0.9970	0.0000	0.0000	0.0000	0.9970	0.0000	0.9970	0.0030	0.0030	0.0000	0.0030	0.0030	0.0000	0.0000	0.0000	0.0000	0.1134	0.0995	0.0140	0.0071	0.0067	0.0004	0.1063	0.0928	0.0136	0.0831	0.0433	0.0398	0.0084	0.0064	0.0020	0.0747	0.0369	0.0378
4	36	0.1667	10	2	0	1	0	0	0	0	0	0	1	0	1	0	0	0	0	0	0	Y	N	N	N	N	N	N	N	N	N	N	N	N	N	N	N	N	N	0.0005	0.0003	0.0000	0.0002	0.0001	0.0000	0.2122	0.2070	0.0000	0.0000	0.0000	0.0000	0.0000	0.0000	0.0000	0.0000	0.0000	0.0000	0.0135	0.0256	0.0000	0.1388	0.1608	0.0006	0.0000	0.0000	0.0000	0.0002	0.0014	-0.0000	-0.0023	5.0103	11.0150	6.0125	4.0316	0.0000	0.0000	0.0000	0.0000	0.0000	0.0000	0.0000	0.0000	0.0000	0.0038	0.0038	0.0000	0.0038	0.0038	0.0000	0.0000	0.0000	0.0000	0.5822	0.5134	0.0688	0.0569	0.0539	0.0030	0.5253	0.4595	0.0658	0.2805	0.1478	0.1327	0.0273	0.0235	0.0037	0.2533	0.1243	0.1289
4	38	0.1589	15	2	0	1	1	0	0	0	1	0	1	1	1	0	0	0	0	0	0	Y	N	N	N	N	N	N	N	N	N	N	N	N	N	N	N	N	N	0.7238	0.4897	0.0000	0.4892	0.4456	0.0000	0.0000	0.0000	0.0000	0.0007	0.0007	0.0000	0.0028	0.0028	0.0000	0.0000	0.0000	0.0000	0.0009	0.0015	0.0001	0.0057	0.0064	0.0016	0.0000	0.0000	0.0001	0.0000	0.0734	-0.0000	-0.0000	5.0103	3.1237	6.0125	0.5096	0.0002	0.0002	0.0000	0.0002	0.0002	0.0000	0.0000	0.0000	0.0000	0.0001	0.0001	0.0000	0.0001	0.0001	0.0000	0.0000	0.0000	0.0000	0.2886	0.2595	0.0291	0.0678	0.0668	0.0011	0.2207	0.1927	0.0280	0.0826	0.0468	0.0358	0.0127	0.0110	0.0018	0.0699	0.0359	0.0340
4	43	0.1487	15	2	0	1	1	0	0	0	1	0	1	1	1	0	0	0	0	0	0	Y	N	N	N	N	N	N	N	N	N	N	N	N	N	N	N	N	N	0.0703	0.0414	0.0000	0.0679	0.0547	0.0000	0.0000	0.0000	0.0000	0.0001	0.0001	0.0000	0.0005	0.0005	0.0000	0.0000	0.0000	0.0000	0.0007	0.0014	0.0000	0.0069	0.0087	0.0000	0.0000	0.0000	0.0000	0.0000	0.0000	-0.0000	-0.0000	5.0103	2.9999	6.0125	0.9999	0.0000	0.0000	0.0000	0.0000	0.0000	0.0000	0.0000	0.0000	0.0000	0.0001	0.0001	0.0000	0.0001	0.0001	0.0000	0.0000	0.0000	0.0000	0.1985	0.1750	0.0234	0.0215	0.0209	0.0006	0.1770	0.1541	0.0229	0.0837	0.0435	0.0403	0.0088	0.0069	0.0019	0.0750	0.0366	0.0384
4	44	0.1438	14	2	0	1	0	0	0	0	0	0	0	1	0	0	0	0	0	0	0	Y	N	N	N	N	N	N	N	N	N	N	N	N	N	N	N	N	N	0.0000	0.0000	0.0000	0.0000	0.0000	0.0000	0.0000	0.0000	0.0000	0.0000	0.0000	0.0000	0.0000	0.0000	0.0000	0.0000	0.0000	0.0000	0.0019	0.0028	0.0010	0.0055	0.0005	0.0233	0.0016	0.0031	0.0000		0.3250	-0.0000	-0.0000	5.0103	1.0020	6.0125	0.0022	0.0000	0.0000	0.0000	0.0000	0.0000	0.0000	0.0000	0.0000	0.0000	0.0000	0.0000	0.0000	0.0000	0.0000	0.0000	0.0000	0.0000	0.0000	0.0571	0.0500	0.0071	0.0028	0.0027	0.0002	0.0543	0.0474	0.0070	0.0211	0.0110	0.0101	0.0019	0.0015	0.0004	0.0191	0.0095	0.0097
4	45	0.1438	14	2	0	1	0	0	0	0	0	0	0	1	1	0	0	0	0	0	0	Y	N	N	N	N	N	N	N	N	N	N	N	N	N	N	N	N	N	0.0000	0.0000	0.0000	0.0000	0.0000	0.0000	0.0000	0.0000	0.0000	0.0000	0.0000	0.0000	0.0000	0.0000	0.0000	0.0000	0.0000	0.0000	0.0000	0.0000	0.0000	0.0000	0.0000	0.0000	0.0000	0.0000	0.0000			0.0000	0.0000	5.0103	4.0000	6.0125	1.0000	0.0000	0.0000	0.0000	0.0000	0.0000	0.0000	0.0000	0.0000	0.0000	0.0000	0.0000	0.0000	0.0000	0.0000	0.0000	0.0000	0.0000	0.0000	0.2239	0.1962	0.0277	0.0110	0.0104	0.0006	0.2129	0.1858	0.0271	0.1028	0.0536	0.0491	0.0094	0.0074	0.0020	0.0933	0.0462	0.0471
4	46	0.1313	7	2	0	1	0	0	0	0	0	0	1	0	1	0	0	0	0	0	0	Y	N	N	N	N	N	N	N	N	N	N	N	N	N	N	N	N	N	11.5356	9.6930	0.0000	10.3952	11.1277	0.0000	27.6443	inf	0.0000	0.0018	0.0020	0.0000	0.0040	0.0041	0.0000	0.0003	0.0003	0.0000	0.0002	0.0002	0.0001	0.0004	0.0004	0.0014	0.0000	0.0000	0.0000	0.0000	0.1258	-0.0000	-0.0000	5.0103	0.0007	6.0125	1.0103	0.0000	0.0000	0.0000	0.0000	0.0000	0.0000	0.0000	0.0000	0.0000	0.0000	0.0000	0.0000	0.0000	0.0000	0.0000	0.0000	0.0000	0.0000	0.0002	0.0002	0.0000	0.0001	0.0001	0.0000	0.0001	0.0001	0.0000	0.0717	0.0485	0.0232	0.0275	0.0269	0.0006	0.0442	0.0216	0.0226
4	47	0.0962	6	2	0	1	0	1	0	0	0	0	0	0	0	0	0	0	0	0	0	Y	N	N	N	N	N	N	N	N	N	N	N	N	N	N	N	N	N	0.2629	1.6433	0.0000	3.3880	5.5023	0.0000	0.0262	1.3692	0.0000	0.0189	0.0216	0.0000	0.2973	0.3315	0.0000	0.0018	0.0021	0.0000	0.0718	0.0131	0.1414	0.0877	0.0602	0.5118	0.0698	0.0015	0.1357	0.0000	9.0921	-0.0018	0.0047	5.0103	6.8097	6.0125	3.8431	0.0076	0.0076	0.0000	0.0069	0.0069	0.0000	0.0007	0.0007	0.0000	0.0167	0.0017	0.0150	0.0023	0.0015	0.0008	0.0144	0.0002	0.0142	0.4021	0.3520	0.0501	0.0232	0.0208	0.0024	0.3789	0.3312	0.0477	0.2323	0.1259	0.1064	0.0265	0.0249	0.0016	0.2058	0.1011	0.1047
4	49	0.1572	9	2	0	1	0	0	0	0	0	0	0	0	0	0	0	0	0	0	0	Y	N	N	N	N	N	N	N	N	N	N	N	N	N	N	N	N	N	0.0233	0.0185	0.0045	0.1987	0.1901	1.4922	0.0006	0.0004	0.0002	0.0012	0.0013	0.0001	0.0055	0.0056	0.0026	0.0000	0.0000	0.0000	0.0513	0.0724	0.0167	0.0279	0.0293	0.0017	0.0576	0.0925	0.0172	0.0073	0.1406	-0.0000	-0.0019	5.0103	1.6285	6.0125	1.0381	0.0002	0.0002	0.0000	0.0002	0.0002	0.0000	0.0000	0.0000	0.0000	0.0038	0.0034	0.0005	0.0004	0.0004	0.0000	0.0034	0.0029	0.0005	0.1328	0.1173	0.0155	0.0280	0.0276	0.0004	0.1048	0.0897	0.0151	0.0746	0.0464	0.0282	0.0156	0.0148	0.0008	0.0590	0.0316	0.0274
4	53	0.1601	15	2	0	1	0	0	0	0	0	0	0	1	1	0	0	0	0	0	0	Y	N	N	N	N	N	N	N	N	N	N	N	N	N	N	N	N	N	2165.3895	3139.8488	144.2890	758.8625	692.4640	0.0000	3359.1571	171923.2944	152.7235	0.1196	0.1351	0.0099	0.1733	0.1856	0.0000	0.1157	0.1312	0.0103	0.0001	0.0000	0.0001	0.0002	0.0003	0.0001	0.0000	0.0000	0.0001	0.0103	1.4536	-0.0015	-0.0000	5.0103	0.9921	6.0125	0.0076	0.0068	0.0067	0.0001	0.0007	0.0007	0.0000	0.0062	0.0061	0.0001	0.0000	0.0000	0.0000	0.0000	0.0000	0.0000	0.0000	0.0000	0.0000	0.0570	0.0500	0.0070	0.0038	0.0036	0.0003	0.0532	0.0464	0.0068	0.0214	0.0112	0.0102	0.0023	0.0018	0.0005	0.0191	0.0094	0.0097
4	60	0.1438	14	2	0	1	0	0	0	0	0	0	0	1	1	0	0	0	0	0	0	Y	N	N	N	N	N	N	N	N	N	N	N	N	N	N	N	N	N	0.1279	0.0763	0.0000	0.2405	0.1994	0.0000	0.0000	0.0000	0.0000	0.0002	0.0002	0.0000	0.0036	0.0038	0.0000	0.0000	0.0000	0.0000	0.0014	0.0026	0.0000	0.0151	0.0192	0.0000	0.0000	0.0000	0.0000	0.0000	0.0000	-0.0000	-0.0002	5.0103	2.0000	6.0125	7.0000	0.0000	0.0000	0.0000	0.0000	0.0000	0.0000	0.0000	0.0000	0.0000	0.0003	0.0003	0.0000	0.0003	0.0003	0.0000	0.0000	0.0000	0.0000	0.1133	0.0992	0.0141	0.0055	0.0052	0.0003	0.1078	0.0940	0.0138	0.1811	0.0946	0.0865	0.0166	0.0130	0.0036	0.1645	0.0816	0.0829
4	61	0.1438	13	2	0	1	0	0	0	0	0	0	1	1	1	0	0	0	0	0	0	Y	N	N	N	N	N	N	N	N	N	N	N	N	N	N	N	N	N	0.0000	0.0000	0.0000	0.0000	0.0000	0.0000	0.0000	0.0000	0.0000	0.0000	0.0000	0.0000	0.0000	0.0000	0.0000	0.0000	0.0000	0.0000	0.0000	0.0000	0.0000	0.0000	0.0000	0.0000	0.0000	0.0000	0.0000			0.0000	0.0000	5.0103	0.0000	6.0125	0.0000	0.0000	0.0000	0.0000	0.0000	0.0000	0.0000	0.0000	0.0000	0.0000	0.0000	0.0000	0.0000	0.0000	0.0000	0.0000	0.0000	0.0000	0.0000	0.0000	0.0000	0.0000	0.0000	0.0000	0.0000	0.0000	0.0000	0.0000	0.0000	0.0000	0.0000	0.0000	0.0000	0.0000	0.0000	0.0000	0.0000
4	68	0.1572	9	2	0	1	0	0	0	0	0	0	1	0	1	0	0	0	0	0	0	Y	N	N	N	N	N	N	N	N	N	N	N	N	N	N	N	N	N	0.3640	0.2550	0.0000	0.2447	0.2398	0.0000	0.3314	4.2783	0.0000	0.0013	0.0014	0.0000	0.0056	0.0056	0.0000	0.0000	0.0000	0.0000	0.0035	0.0056	0.0006	0.0227	0.0235	0.0144	0.0001	0.0000	0.0002	0.0000	0.0851	-0.0000	-0.0003	5.0103	1.4193	6.0125	5.2011	0.0002	0.0002	0.0000	0.0002	0.0002	0.0000	0.0000	0.0000	0.0000	0.0005	0.0005	0.0000	0.0005	0.0005	0.0000	0.0000	0.0000	0.0000	0.1213	0.1072	0.0141	0.0272	0.0268	0.0004	0.0941	0.0804	0.0137	0.1511	0.0862	0.0649	0.0226	0.0207	0.0019	0.1285	0.0655	0.0629
4	69	0.1070	8	2	0	1	0	1	0	0	0	0	0	0	0	0	0	0	0	0	0	Y	N	N	N	N	N	N	N	N	N	N	N	N	N	N	N	N	N	576.3372	368.1882	0.0005	2193.0323	2112.0791	0.0000	12.7216	7.9684	0.0004	1.8827	2.1432	0.0000	39.7074	41.8570	0.0000	0.0218	0.0249	0.0000	0.0033	0.0058	0.0003	0.0181	0.0198	0.0003	0.0017	0.0031	0.0003	0.0000	0.0481	-0.2337	-0.0005	5.0103	9.3928	6.0125	3.6523	1.0127	1.0127	0.0000	1.0016	1.0016	0.0000	0.0112	0.0112	0.0000	0.0009	0.0008	0.0000	0.0005	0.0005	0.0000	0.0004	0.0004	0.0000	0.5379	0.4725	0.0654	0.0252	0.0239	0.0013	0.5127	0.4486	0.0641	0.2726	0.1460	0.1266	0.0258	0.0235	0.0023	0.2468	0.1224	0.1244
4	74	0.1438	14	2	0	1	0	0	0	0	0	0	0	1	0	0	0	0	0	0	0	Y	N	N	N	N	N	N	N	N	N	N	N	N	N	N	N	N	N	0.0483	0.0321	0.0000	27.6920	22.9988	0.0000	0.0000	0.0000	0.0000	0.0009	0.0010	0.0000	0.0175	0.0185	0.0000	0.0000	0.0000	0.0000	0.0178	0.0306	0.0038	0.0006	0.0008	0.0000	0.0195	0.0354	0.0040	0.0000	0.1152	-0.0000	-0.0008	5.0103	3.9277	6.0125	0.5227	0.0002	0.0002	0.0000	0.0002	0.0002	0.0000	0.0000	0.0000	0.0000	0.0016	0.0015	0.0002	0.0000	0.0000	0.0000	0.0016	0.0015	0.0002	0.2200	0.1927	0.0273	0.0108	0.0102	0.0006	0.2092	0.1825	0.0267	0.0917	0.0479	0.0439	0.0084	0.0066	0.0018	0.0833	0.0413	0.0421
4	75	0.1438	13	2	0	1	0	0	0	0	0	0	0	1	0	0	0	0	0	0	0	Y	N	N	N	N	N	N	N	N	N	N	N	N	N	N	N	N	N	0.0000	0.0000	0.0000	0.0000	0.0000	0.0000	0.0000	0.0000	0.0000	0.0000	0.0000	0.0000	0.0000	0.0000	0.0000	0.0000	0.0000	0.0000	0.0000	0.0000	0.0000	0.0000	0.0000	0.0000	0.0000	0.0000	0.0000			0.0000	0.0000	5.0103	0.0009	6.0125	0.0000	0.0000	0.0000	0.0000	0.0000	0.0000	0.0000	0.0000	0.0000	0.0000	0.0000	0.0000	0.0000	0.0000	0.0000	0.0000	0.0000	0.0000	0.0000	0.0001	0.0000	0.0000	0.0000	0.0000	0.0000	0.0000	0.0000	0.0000	0.0000	0.0000	0.0000	0.0000	0.0000	0.0000	0.0000	0.0000	0.0000
4	76	0.1406	12	2	0	1	0	0	0	0	0	0	0	1	0	0	0	0	0	0	0	Y	N	N	N	N	N	N	N	N	N	N	N	N	N	N	N	N	N	0.0000	0.0000	0.0000	0.0000	0.0000	0.0000	0.0000	0.0000	0.0000	0.0000	0.0000	0.0000	0.0000	0.0000	0.0000	0.0000	0.0000	0.0000	0.0000	0.0000	0.0000	0.0000	0.0000	0.0000	0.0000	0.0000	0.0000			0.0000	0.0000	5.0103	1.0000	6.0125	0.0000	0.0000	0.0000	0.0000	0.0000	0.0000	0.0000	0.0000	0.0000	0.0000	0.0000	0.0000	0.0000	0.0000	0.0000	0.0000	0.0000	0.0000	0.0000	0.0570	0.0499	0.0071	0.0027	0.0026	0.0001	0.0543	0.0474	0.0070	0.0211	0.0110	0.0101	0.0019	0.0015	0.0004	0.0191	0.0095	0.0097
4	77	0.0962	5	2	0	1	0	1	0	0	0	0	0	0	0	0	0	0	0	0	0	Y	N	N	N	N	N	N	N	N	N	N	N	N	N	N	N	N	N	0.9815	0.5843	0.0000	25.1083	20.9259	0.0000	0.0000	0.0000	0.0000	0.0321	0.0365	0.0000	0.4695	0.4811	0.0000	0.0000	0.0000	0.0000	0.0327	0.0625	0.0005	0.0187	0.0230	0.0034	0.0340	0.0679	0.0004	0.0000	0.0075	-0.0015	-0.0031	5.0103	3.3326	6.0125	4.0108	0.0067	0.0067	0.0000	0.0067	0.0067	0.0000	0.0000	0.0000	0.0000	0.0050	0.0050	0.0000	0.0002	0.0002	0.0000	0.0048	0.0047	0.0000	0.2087	0.1836	0.0251	0.0143	0.0139	0.0003	0.1944	0.1696	0.0248	0.1528	0.0794	0.0734	0.0122	0.0095	0.0027	0.1406	0.0699	0.0707
4	79	0.1632	14	2	0	1	0	0	0	0	0	0	0	1	1	0	0	0	0	0	0	Y	N	N	N	N	N	N	N	N	N	N	N	N	N	N	N	N	N	0.0000	0.0000	0.0000	0.0000	0.0000	0.0000	0.0000	0.0000	0.0000	0.0000	0.0000	0.0000	0.0000	0.0000	0.0000	0.0000	0.0000	0.0000	0.2916	0.5455	0.0020	2.5033	3.1715	0.0370	0.0001	0.0001	0.0000		0.0032	0.0000	-0.0038	5.0103	0.0001	6.0125	1.0072	0.0000	0.0000	0.0000	0.0000	0.0000	0.0000	0.0000	0.0000	0.0000	0.0062	0.0062	0.0000	0.0062	0.0062	0.0000	0.0000	0.0000	0.0000	0.0000	0.0000	0.0000	0.0000	0.0000	0.0000	0.0000	0.0000	0.0000	0.0213	0.0114	0.0100	0.0025	0.0020	0.0005	0.0188	0.0094	0.0094
4	80	0.1535	13	2	0	1	0	0	0	0	0	0	0	1	1	0	0	0	0	0	0	Y	N	N	N	N	N	N	N	N	N	N	N	N	N	N	N	N	N	0.0000	0.0000	0.0000	0.0000	0.0000	0.0000	0.0000	0.0000	0.0000	0.0000	0.0000	0.0000	0.0000	0.0000	0.0000	0.0000	0.0000	0.0000	0.2256	0.4245	0.0000	1.9594	2.4735	0.0001	0.0000	0.0000	0.0000		0.0000	0.0000	-0.0089	5.0103	1.0058	6.0125	1.9973	0.0000	0.0000	0.0000	0.0000	0.0000	0.0000	0.0000	0.0000	0.0000	0.0143	0.0143	0.0000	0.0143	0.0143	0.0000	0.0000	0.0000	0.0000	0.0595	0.0522	0.0073	0.0038	0.0035	0.0002	0.0557	0.0486	0.0071	0.0635	0.0337	0.0297	0.0073	0.0058	0.0015	0.0562	0.0279	0.0282
4	83	0.1535	13	2	0	1	0	0	0	0	0	0	0	1	1	0	0	0	0	0	0	Y	N	N	N	N	N	N	N	N	N	N	N	N	N	N	N	N	N	0.0000	0.0000	0.0000	0.0000	0.0000	0.0000	0.0000	0.0000	0.0000	0.0000	0.0000	0.0000	0.0000	0.0000	0.0000	0.0000	0.0000	0.0000	0.0011	0.0010	0.0012	0.0050	0.0064	0.0000	0.0006	0.0000	0.0012		0.9944	0.0000	-0.0000	5.0103	5.0069	6.0125	6.0103	0.0000	0.0000	0.0000	0.0000	0.0000	0.0000	0.0000	0.0000	0.0000	0.0002	0.0001	0.0001	0.0001	0.0001	0.0000	0.0001	0.0000	0.0001	0.2865	0.2513	0.0353	0.0171	0.0160	0.0011	0.2694	0.2353	0.0342	0.2199	0.1168	0.1032	0.0241	0.0187	0.0053	0.1959	0.0980	0.0978
4	84	0.1471	12	2	0	1	0	0	0	0	0	1	1	1	1	0	0	0	0	0	0	Y	N	N	N	N	N	N	N	N	N	N	N	N	N	N	N	N	N	0.0000	0.0000	0.0000	0.0000	0.0000	0.0000	0.0000	0.0000	0.0000	0.0000	0.0000	0.0000	0.0000	0.0000	0.0000	0.0000	0.0000	0.0000	0.0028	0.0051	0.0001	0.0241	0.0305	0.0000	0.0000	0.0000	0.0001		0.0111	0.0000	-0.0001	5.0103	1.9932	6.0125	0.0278	0.0000	0.0000	0.0000	0.0000	0.0000	0.0000	0.0000	0.0000	0.0000	0.0001	0.0001	0.0000	0.0001	0.0001	0.0000	0.0000	0.0000	0.0000	0.1158	0.1014	0.0144	0.0050	0.0048	0.0003	0.1107	0.0966	0.0141	0.0438	0.0234	0.0204	0.0050	0.0039	0.0010	0.0388	0.0194	0.0193
4	91	0.0586	2	2	0	1	0	0	0	0	0	0	0	0	0	0	0	0	0	0	0	Y	N	N	N	N	N	N	N	N	N	N	N	N	N	N	N	N	N	0.2960	0.2338	0.1052	5.6040	5.6862	7.4728	0.0255	0.0884	0.0961	0.0378	0.0424	0.0061	2.5467	2.6211	0.1519	0.0008	0.0001	0.0056	0.1278	0.1816	0.0580	0.4544	0.4610	0.0203	0.0332	0.0016	0.0583	0.0210	0.2461	-0.0008	-0.0116	5.0103	1.5872	6.0125	4.4746	0.0036	0.0035	0.0001	0.0035	0.0035	0.0000	0.0001	0.0000	0.0001	0.0275	0.0221	0.0054	0.0220	0.0219	0.0000	0.0055	0.0001	0.0054	0.0954	0.0833	0.0121	0.0014	0.0013	0.0000	0.0940	0.0819	0.0121	0.2152	0.1215	0.0937	0.0483	0.0476	0.0007	0.1669	0.0739	0.0930
4	92	0.1601	15	2	0	1	1	0	0	0	1	0	0	1	1	0	0	0	0	0	0	Y	N	N	N	N	N	N	N	N	N	N	N	N	N	N	N	N	N	3.6633	2.2488	0.0000	5.7932	4.7263	0.0000	0.1580	7.6728	0.0000	0.0012	0.0014	0.0000	0.0178	0.0191	0.0000	0.0000	0.0000	0.0000	0.0003	0.0006	0.0000	0.0031	0.0040	0.0000	0.0000	0.0000	0.0000	0.0000	0.0317	-0.0000	-0.0000	5.0103	1.0091	6.0125	1.9972	0.0001	0.0001	0.0000	0.0001	0.0001	0.0000	0.0000	0.0000	0.0000	0.0000	0.0000	0.0000	0.0000	0.0000	0.0000	0.0000	0.0000	0.0000	0.0580	0.0508	0.0072	0.0039	0.0036	0.0003	0.0541	0.0472	0.0069	0.0631	0.0329	0.0302	0.0065	0.0049	0.0015	0.0566	0.0280	0.0286
4	93	0.1438	14	2	0	1	0	0	0	0	0	0	1	1	1	0	0	0	0	0	0	Y	N	N	N	N	N	N	N	N	N	N	N	N	N	N	N	N	N	1623.2168	17994.2657	0.0000	165897.6240	19694760.7305	0.0000	1.2429	12.9301	0.0000	8.8020	10.0511	0.0000	176.6923	186.8155	0.0000	0.0073	0.0084	0.0000	0.0054	0.0006	0.0107	0.0011	0.0000	0.0049	0.0059	0.0006	0.0110	0.0000	17.6090	-0.2299	0.0002	5.0103	2.0083	6.0125	3.0031	0.9962	0.9962	0.0000	0.9954	0.9954	0.0000	0.0008	0.0008	0.0000	0.0006	0.0000	0.0005	0.0000	0.0000	0.0000	0.0005	0.0000	0.0005	0.1132	0.0991	0.0141	0.0056	0.0053	0.0003	0.1075	0.0938	0.0138	0.1032	0.0538	0.0493	0.0094	0.0074	0.0020	0.0937	0.0464	0.0473
4	94	0.1438	13	2	0	1	0	0	0	0	0	0	0	1	0	0	0	0	0	0	0	Y	N	N	N	N	N	N	N	N	N	N	N	N	N	N	N	N	N	0.0000	0.0000	0.0000	0.0000	0.0000	0.0000	0.0000	0.0000	0.0000	0.0000	0.0000	0.0000	0.0000	0.0000	0.0000	0.0000	0.0000	0.0000	0.0025	0.0020	0.0035	0.0050	0.0040	0.0189	0.0011	0.0000	0.0020		0.9032	0.0000	-0.0000	5.0103	0.0000	6.0125	0.0002	0.0000	0.0000	0.0000	0.0000	0.0000	0.0000	0.0000	0.0000	0.0000	0.0000	0.0000	0.0000	0.0000	0.0000	0.0000	0.0000	0.0000	0.0000	0.0000	0.0000	0.0000	0.0000	0.0000	0.0000	0.0000	0.0000	0.0000	0.0000	0.0000	0.0000	0.0000	0.0000	0.0000	0.0000	0.0000	0.0000
4	95	0.1406	12	2	0	1	0	0	0	0	0	0	0	1	0	0	0	0	0	0	0	Y	N	N	N	N	N	N	N	N	N	N	N	N	N	N	N	N	N	0.0000	0.0000	0.0000	0.0000	0.0000	0.0000	0.0000	0.0000	0.0000	0.0000	0.0000	0.0000	0.0000	0.0000	0.0000	0.0000	0.0000	0.0000	0.0000	0.0000	0.0000	0.0000	0.0000	0.0000	0.0000	0.0000	0.0000		0.8154	0.0000	-0.0000	5.0103	1.0000	6.0125	0.0001	0.0000	0.0000	0.0000	0.0000	0.0000	0.0000	0.0000	0.0000	0.0000	0.0000	0.0000	0.0000	0.0000	0.0000	0.0000	0.0000	0.0000	0.0000	0.0570	0.0499	0.0071	0.0027	0.0026	0.0001	0.0543	0.0474	0.0070	0.0211	0.0110	0.0101	0.0019	0.0015	0.0004	0.0191	0.0095	0.0097
4	96	0.1406	11	2	0	1	0	0	0	0	0	1	0	1	0	0	0	0	0	0	0	Y	N	N	N	N	N	N	N	N	N	N	N	N	N	N	N	N	N	0.0000	0.0000	0.0000	0.0000	0.0000	0.0000	0.0000	0.0000	0.0000	0.0000	0.0000	0.0000	0.0000	0.0000	0.0000	0.0000	0.0000	0.0000	0.0000	0.0000	0.0000	0.0000	0.0000	0.0000	0.0000	0.0000	0.0000			0.0000	0.0000	5.0103	0.0000	6.0125	0.0001	0.0000	0.0000	0.0000	0.0000	0.0000	0.0000	0.0000	0.0000	0.0000	0.0000	0.0000	0.0000	0.0000	0.0000	0.0000	0.0000	0.0000	0.0000	0.0000	0.0000	0.0000	0.0000	0.0000	0.0000	0.0000	0.0000	0.0000	0.0000	0.0000	0.0000	0.0000	0.0000	0.0000	0.0000	0.0000	0.0000
4	97	0.1374	10	2	0	1	0	0	0	0	0	0	0	0	0	0	0	0	0	0	0	Y	N	N	N	N	N	N	N	N	N	N	N	N	N	N	N	N	N	0.0000	0.0000	0.0000	0.0000	0.0000	0.0000	0.0000	0.0000	0.0000	0.0000	0.0000	0.0000	0.0000	0.0000	0.0000	0.0000	0.0000	0.0000	0.0001	0.0001	0.0000	0.0006	0.0008	0.0000	0.0000	0.0000	0.0000		0.0000	0.0000	-0.0000	5.0103	0.9999	6.0125	0.0008	0.0000	0.0000	0.0000	0.0000	0.0000	0.0000	0.0000	0.0000	0.0000	0.0000	0.0000	0.0000	0.0000	0.0000	0.0000	0.0000	0.0000	0.0000	0.0582	0.0510	0.0072	0.0025	0.0024	0.0001	0.0557	0.0486	0.0071	0.0213	0.0112	0.0101	0.0019	0.0015	0.0004	0.0194	0.0096	0.0097
4	107	0.1406	11	2	0	1	0	0	0	0	0	0	0	0	0	0	0	0	0	0	0	Y	N	N	N	N	N	N	N	N	N	N	N	N	N	N	N	N	N	0.0000	0.0000	0.0000	0.0000	0.0000	0.0000	0.0000	0.0000	0.0000	0.0000	0.0000	0.0000	0.0000	0.0000	0.0000	0.0000	0.0000	0.0000	0.0021	0.0041	0.0000	0.0235	0.0300	0.0000	0.0000	0.0000	0.0000		0.0023	0.0000	-0.0001	5.0103	1.0015	6.0125	0.9989	0.0000	0.0000	0.0000	0.0000	0.0000	0.0000	0.0000	0.0000	0.0000	0.0001	0.0001	0.0000	0.0001	0.0001	0.0000	0.0000	0.0000	0.0000	0.0583	0.0511	0.0073	0.0025	0.0024	0.0001	0.0558	0.0487	0.0071	0.0424	0.0223	0.0201	0.0039	0.0030	0.0008	0.0385	0.0192	0.0193
4	108	0.1374	10	2	0	1	0	0	0	0	0	0	0	0	0	0	0	0	0	0	0	Y	N	N	N	N	N	N	N	N	N	N	N	N	N	N	N	N	N	0.0000	0.0000	0.0000	0.0000	0.0000	0.0000	0.0000	0.0000	0.0000	0.0000	0.0000	0.0000	0.0000	0.0000	0.0000	0.0000	0.0000	0.0000	0.0001	0.0001	0.0000	0.0006	0.0008	0.0000	0.0000	0.0000	0.0000		0.0015	0.0000	-0.0000	5.0103	1.0004	6.0125	0.0020	0.0000	0.0000	0.0000	0.0000	0.0000	0.0000	0.0000	0.0000	0.0000	0.0000	0.0000	0.0000	0.0000	0.0000	0.0000	0.0000	0.0000	0.0000	0.0583	0.0510	0.0072	0.0025	0.0024	0.0001	0.0557	0.0486	0.0071	0.0213	0.0112	0.0101	0.0019	0.0015	0.0004	0.0194	0.0097	0.0097
4	109	0.1114	9	2	0	1	0	1	0	0	0	0	0	0	0	0	0	0	0	0	0	Y	N	N	N	N	N	N	N	N	N	N	N	N	N	N	N	N	N	0.0000	0.0000	0.0000	0.0000	0.0000	0.0000	0.0000	0.0000	0.0000	0.0000	0.0000	0.0000	0.0000	0.0000	0.0000	0.0000	0.0000	0.0000	0.0473	0.0909	0.0000	0.6022	0.7748	0.0000	0.0000	0.0000	0.0000	0.0000	0.0000	-0.0000	-0.0048	5.0103	3.0035	6.0125	5.0043	0.0000	0.0000	0.0000	0.0000	0.0000	0.0000	0.0000	0.0000	0.0000	0.0078	0.0078	0.0000	0.0078	0.0078	0.0000	0.0000	0.0000	0.0000	0.1724	0.1509	0.0215	0.0067	0.0063	0.0004	0.1658	0.1446	0.0211	0.1643	0.0856	0.0787	0.0129	0.0100	0.0029	0.1514	0.0756	0.0758
5	7	0.1543	16	1	0	0	0	0	0	0	0	0	1	1	2	0	0	0	0	0	0	N	N	N	N	N	Y	N	N	N	N	N	N	N	N	N	N	N	N	0.0000	0.0000	0.0000	0.0000	0.0000	0.0000	0.0000	0.0000	0.0000	0.0000	0.0000	0.0000	0.0000	0.0000	0.0000	0.0000	0.0000	0.0000	0.0000	0.0000	0.0000	0.0000	0.0000	0.0000	0.0000	0.0000	0.0000			0.0000	0.0000	1.0045	0.0002	2.9992	2.0046	0.0000	0.0000	0.0000	0.0000	0.0000	0.0000	0.0000	0.0000	0.0000	0.0000	0.0000	0.0000	0.0000	0.0000	0.0000	0.0000	0.0000	0.0000	0.0000	0.0000	0.0000	0.0000	0.0000	0.0000	0.0000	0.0000	0.0000	0.0137	0.0072	0.0065	0.0021	0.0015	0.0006	0.0116	0.0057	0.0060
5	8	0.1511	15	1	0	0	0	0	0	0	0	0	1	1	2	0	0	0	0	0	0	N	N	N	N	N	Y	N	N	N	N	N	N	N	N	N	N	N	N	0.0000	0.0000	0.0000	0.0000	0.0000	0.0000	0.0000	0.0000	0.0000	0.0000	0.0000	0.0000	0.0000	0.0000	0.0000	0.0000	0.0000	0.0000	0.0000	0.0000	0.0000	0.0000	0.0000	0.0000	0.0000	0.0000	0.0000			0.0000	0.0000	1.0045	0.0003	2.9992	0.9949	0.0000	0.0000	0.0000	0.0000	0.0000	0.0000	0.0000	0.0000	0.0000	0.0000	0.0000	0.0000	0.0000	0.0000	0.0000	0.0000	0.0000	0.0000	0.0000	0.0000	0.0000	0.0000	0.0000	0.0000	0.0000	0.0000	0.0000	0.0069	0.0036	0.0033	0.0010	0.0008	0.0003	0.0058	0.0028	0.0030
5	10	0.1543	16	1	1	0	0	0	1	0	0	0	1	1	2	0	0	0	0	0	0	N	N	N	N	N	Y	N	N	N	N	N	N	N	N	N	N	N	N	0.0000	0.0000	0.0000	0.0000	0.0000	0.0000	0.0000	0.0000	0.0000	0.0000	0.0000	0.0000	0.0000	0.0000	0.0000	0.0000	0.0000	0.0000	0.0000	0.0000	0.0000	0.0000	0.0000	0.0000	0.0000	0.0000	0.0000			0.0000	0.0000	1.0045	1.0000	2.9992	3.0034	0.0000	0.0000	0.0000	0.0000	0.0000	0.0000	0.0000	0.0000	0.0000	0.0000	0.0000	0.0000	0.0000	0.0000	0.0000	0.0000	0.0000	0.0000	0.0122	0.0107	0.0015	0.0011	0.0010	0.0001	0.0112	0.0097	0.0014	0.0270	0.0141	0.0129	0.0042	0.0030	0.0012	0.0229	0.0112	0.0117
5	11	0.1288	9	0	0	0	0	0	0	0	0	0	1	0	2	0	0	0	0	0	0	N	N	N	N	N	Y	N	N	N	N	N	N	N	N	N	N	N	N	inf	inf	0.0000	0.0000	0.0000	0.0000	inf	inf	0.0000	0.0000	0.0000	0.0000	0.0000	0.0000	0.0000	0.0000	0.0000	0.0000	0.0000	0.0000	0.0000	0.0000	0.0000	0.0000	0.0000	0.0000	0.0000	0.0000		-0.0000	0.0000	1.0045	2.0022	2.9992	0.4909	0.0000	0.0000	0.0000	0.0000	0.0000	0.0000	0.0000	0.0000	0.0000	0.0000	0.0000	0.0000	0.0000	0.0000	0.0000	0.0000	0.0000	0.0000	0.0242	0.0212	0.0030	0.0018	0.0017	0.0001	0.0224	0.0195	0.0029	0.0266	0.0160	0.0106	0.0121	0.0090	0.0031	0.0145	0.0071	0.0075
5	12	0.0902	6	1	0	0	0	0	0	0	0	0	2	0	2	0	0	0	0	0	0	N	N	N	N	N	Y	N	N	N	N	N	N	N	N	N	N	N	N	5.3947	3.4702	0.0000	6.3172	6.4573	0.0000	1494.6480	inf	0.0000	0.0035	0.0040	0.0000	0.0256	0.0282	0.0000	0.0004	0.0005	0.0000	0.0007	0.0012	0.0000	0.0040	0.0044	0.0000	0.0000	0.0000	0.0000	0.0000	0.0004	-0.0000	-0.0000	1.0045	3.5195	2.9992	3.1401	0.0002	0.0002	0.0000	0.0001	0.0001	0.0000	0.0000	0.0000	0.0000	0.0000	0.0000	0.0000	0.0000	0.0000	0.0000	0.0000	0.0000	0.0000	0.0460	0.0403	0.0057	0.0056	0.0051	0.0005	0.0404	0.0352	0.0052	0.0609	0.0343	0.0266	0.0098	0.0091	0.0007	0.0511	0.0252	0.0259
5	14	0.1420	19	0	0	0	0	0	0	0	0	0	2	0	2	0	0	0	0	0	0	N	N	N	N	N	Y	N	N	N	N	N	N	N	N	N	N	N	N	0.0000	0.0000	0.0000	0.0000	0.0000	0.0000	0.0000	0.0000	0.0000	0.0000	0.0000	0.0000	0.0000	0.0000	0.0000	0.0000	0.0000	0.0000	0.0000	0.0000	0.0000	0.0000	0.0000	0.0000	0.0000	0.0000	0.0000			0.0000	0.0000	1.0045	1.0000	2.9992	2.0000	0.0000	0.0000	0.0000	0.0000	0.0000	0.0000	0.0000	0.0000	0.0000	0.0000	0.0000	0.0000	0.0000	0.0000	0.0000	0.0000	0.0000	0.0000	0.0120	0.0105	0.0015	0.0010	0.0009	0.0001	0.0110	0.0096	0.0014	0.0206	0.0107	0.0099	0.0030	0.0022	0.0008	0.0176	0.0085	0.0091
5	22	0.1511	17	1	0	0	1	0	0	0	1	0	1	1	2	0	0	0	0	0	0	N	N	N	N	N	Y	N	N	N	N	N	N	N	N	N	N	N	N	0.0000	0.0000	0.0000	0.0000	0.0000	0.0000	0.0000	0.0000	0.0000	0.0000	0.0000	0.0000	0.0000	0.0000	0.0000	0.0000	0.0000	0.0000	37.1605	0.0000	76.5890	0.0000	0.0000	0.0000	43.0891	0.0000	83.4864		inf	0.0000	0.3806	1.0045	2.0010	2.9992	1.9996	0.0000	0.0000	0.0000	0.0000	0.0000	0.0000	0.0000	0.0000	0.0000	0.9992	0.0000	0.9992	0.0000	0.0000	0.0000	0.9992	0.0000	0.9992	0.0238	0.0209	0.0029	0.0021	0.0020	0.0001	0.0217	0.0189	0.0028	0.0269	0.0138	0.0130	0.0037	0.0026	0.0011	0.0232	0.0112	0.0120
5	31	0.0714	7	0	0	1	0	0	0	1	0	0	2	0	2	0	0	0	0	0	0	N	N	N	N	N	Y	N	N	N	N	N	N	N	N	N	N	N	N	inf	inf	0.0000	inf	inf	0.0000	inf	inf	0.0000	0.0932	0.1117	0.0000	0.0619	0.0799	0.0000	0.1280	0.1422	0.0000	0.0000	0.0000	0.0000	0.0000	0.0000	0.0000	0.0000	0.0000	0.0000	0.0000		-0.0000	0.0000	1.0045	0.0057	2.9992	1.0792	0.0000	0.0000	0.0000	0.0000	0.0000	0.0000	0.0000	0.0000	0.0000	0.0000	0.0000	0.0000	0.0000	0.0000	0.0000	0.0000	0.0000	0.0000	0.0002	0.0002	0.0000	0.0001	0.0001	0.0000	0.0001	0.0001	0.0000	0.0093	0.0053	0.0040	0.0014	0.0012	0.0002	0.0080	0.0041	0.0039
5	36	0.1291	9	1	0	0	0	0	0	0	0	0	2	0	2	0	0	0	0	0	0	N	N	N	N	N	Y	N	N	N	N	N	N	N	N	N	N	N	N	0.0000	0.0000	0.0000	0.0000	0.0000	0.0000	0.0000	0.0000	0.0000	0.0000	0.0000	0.0000	0.0000	0.0000	0.0000	0.0000	0.0000	0.0000	0.0000	0.0000	0.0000	0.0000	0.0000	0.0000	0.0000	0.0000	0.0000			0.0000	0.0000	1.0045	11.0150	2.9992	4.0316	0.0000	0.0000	0.0000	0.0000	0.0000	0.0000	0.0000	0.0000	0.0000	0.0000	0.0000	0.0000	0.0000	0.0000	0.0000	0.0000	0.0000	0.0000	0.1226	0.1082	0.0144	0.0148	0.0140	0.0008	0.1078	0.0942	0.0136	0.0904	0.0459	0.0445	0.0076	0.0055	0.0020	0.0829	0.0404	0.0425
5	38	0.1468	16	1	0	0	1	0	0	0	1	0	2	1	2	0	0	0	0	0	0	N	N	N	N	N	Y	N	N	N	N	N	N	N	N	N	N	N	N	2.7406	1.7173	0.0000	0.1038	0.0886	0.0000	12368.5137	inf	0.0000	0.0108	0.0119	0.0000	0.0021	0.0022	0.0000	0.0149	0.0169	0.0000	0.0039	0.0070	0.0000	0.0206	0.0253	0.0000	0.0000	0.0000	0.0000	0.0000	0.0005	-0.0002	-0.0001	1.0045	3.1237	2.9992	0.5096	0.0007	0.0007	0.0000	0.0000	0.0000	0.0000	0.0006	0.0006	0.0000	0.0001	0.0001	0.0000	0.0001	0.0001	0.0000	0.0000	0.0000	0.0000	0.0638	0.0576	0.0062	0.0205	0.0196	0.0010	0.0433	0.0381	0.0052	0.0280	0.0158	0.0122	0.0053	0.0043	0.0010	0.0226	0.0115	0.0112
5	43	0.1365	16	1	0	0	1	0	0	0	1	0	2	1	2	0	0	0	0	0	0	N	N	N	N	N	Y	N	N	N	N	N	N	N	N	N	N	N	N	inf	0.0000	inf	inf	0.0000	inf	inf	0.0000	inf	0.0067	0.0000	0.0639	0.0343	0.0000	1.4991	0.0010	0.0000	0.0083	0.0000	0.0000	0.0000	0.0000	0.0000	0.0000	0.0000	0.0000	0.0000	inf		0.0002	0.0000	1.0045	2.9999	2.9992	0.9999	0.0003	0.0000	0.0003	0.0003	0.0000	0.0003	0.0000	0.0000	0.0000	0.0000	0.0000	0.0000	0.0000	0.0000	0.0000	0.0000	0.0000	0.0000	0.0476	0.0426	0.0050	0.0082	0.0080	0.0002	0.0394	0.0346	0.0048	0.0277	0.0142	0.0135	0.0039	0.0028	0.0011	0.0238	0.0114	0.0124
5	45	0.1317	15	1	0	0	0	0	0	0	0	0	1	1	2	0	0	0	0	0	0	N	N	N	N	N	Y	N	N	N	N	N	N	N	N	N	N	N	N	0.0000	0.0000	0.0000	0.0000	0.0000	0.0000	0.0000	0.0000	0.0000	0.0000	0.0000	0.0000	0.0000	0.0000	0.0000	0.0000	0.0000	0.0000	0.0000	0.0000	0.0000	0.0000	0.0000	0.0000	0.0000	0.0000	0.0000			0.0000	0.0000	1.0045	4.0000	2.9992	1.0000	0.0000	0.0000	0.0000	0.0000	0.0000	0.0000	0.0000	0.0000	0.0000	0.0000	0.0000	0.0000	0.0000	0.0000	0.0000	0.0000	0.0000	0.0000	0.0470	0.0413	0.0058	0.0036	0.0034	0.0002	0.0435	0.0379	0.0056	0.0335	0.0171	0.0163	0.0042	0.0030	0.0012	0.0293	0.0141	0.0152
5	46	0.0937	6	1	0	0	0	0	0	0	0	0	2	0	2	0	0	0	0	0	0	N	N	N	N	N	Y	N	N	N	N	N	N	N	N	N	N	N	N	inf	0.0000	inf	0.0000	0.0000	0.0000	inf	0.0000	inf	0.0373	0.0000	0.2253	0.0000	0.0000	0.0000	0.0594	0.0000	0.2263	0.0000	0.0000	0.0000	0.0000	0.0000	0.0000	0.0000	0.0000	0.0000	inf		0.0000	0.0000	1.0045	0.0007	2.9992	1.0103	0.0000	0.0000	0.0000	0.0000	0.0000	0.0000	0.0000	0.0000	0.0000	0.0000	0.0000	0.0000	0.0000	0.0000	0.0000	0.0000	0.0000	0.0000	0.0000	0.0000	0.0000	0.0000	0.0000	0.0000	0.0000	0.0000	0.0000	0.0209	0.0153	0.0056	0.0076	0.0074	0.0002	0.0133	0.0079	0.0054
5	50	0.1543	18	1	0	1	1	0	0	0	1	0	1	1	2	0	0	0	0	0	0	N	N	N	N	N	Y	N	N	N	N	N	N	N	N	N	N	N	N	0.0000	0.0000	0.0000	0.0000	0.0000	0.0000	0.0000	0.0000	0.0000	0.0000	0.0000	0.0000	0.0000	0.0000	0.0000	0.0000	0.0000	0.0000	0.0000	0.0000	0.0000	0.0000	0.0000	0.0000	0.0000	0.0000	0.0000			0.0000	0.0000	1.0045	0.0001	2.9992	0.9998	0.0000	0.0000	0.0000	0.0000	0.0000	0.0000	0.0000	0.0000	0.0000	0.0000	0.0000	0.0000	0.0000	0.0000	0.0000	0.0000	0.0000	0.0000	0.0000	0.0000	0.0000	0.0000	0.0000	0.0000	0.0000	0.0000	0.0000	0.0069	0.0036	0.0033	0.0010	0.0007	0.0003	0.0059	0.0029	0.0031
5	51	0.1543	18	1	0	1	0	0	0	0	0	0	1	1	2	0	0	0	0	0	0	N	N	N	N	N	Y	N	N	N	N	N	N	N	N	N	N	N	N	0.0000	0.0000	0.0000	0.0000	0.0000	0.0000	0.0000	0.0000	0.0000	0.0000	0.0000	0.0000	0.0000	0.0000	0.0000	0.0000	0.0000	0.0000	0.0000	0.0000	0.0000	0.0000	0.0000	0.0000	0.0000	0.0000	0.0000			0.0000	0.0000	1.0045	0.0001	2.9992	1.0003	0.0000	0.0000	0.0000	0.0000	0.0000	0.0000	0.0000	0.0000	0.0000	0.0000	0.0000	0.0000	0.0000	0.0000	0.0000	0.0000	0.0000	0.0000	0.0000	0.0000	0.0000	0.0000	0.0000	0.0000	0.0000	0.0000	0.0000	0.0069	0.0036	0.0033	0.0010	0.0007	0.0003	0.0059	0.0029	0.0031
5	52	0.1511	17	1	0	1	0	0	0	1	0	0	1	1	2	0	0	0	0	0	0	N	N	N	N	N	Y	N	N	N	N	N	N	N	N	N	N	N	N	0.0000	0.0000	0.0000	0.0000	0.0000	0.0000	0.0000	0.0000	0.0000	0.0000	0.0000	0.0000	0.0000	0.0000	0.0000	0.0000	0.0000	0.0000	0.0218	0.0423	0.0000	0.1572	0.2214	0.0000	0.0000	0.0000	0.0000		0.0000	0.0000	-0.0001	1.0045	1.0000	2.9992	0.0042	0.0000	0.0000	0.0000	0.0000	0.0000	0.0000	0.0000	0.0000	0.0000	0.0001	0.0001	0.0000	0.0001	0.0001	0.0000	0.0000	0.0000	0.0000	0.0120	0.0105	0.0015	0.0011	0.0010	0.0001	0.0109	0.0095	0.0014	0.0069	0.0035	0.0033	0.0010	0.0007	0.0003	0.0059	0.0029	0.0031
5	53	0.1480	16	1	0	0	0	0	0	0	0	0	1	1	2	0	0	0	0	0	0	N	N	N	N	N	Y	N	N	N	N	N	N	N	N	N	N	N	N	0.0023	inf	0.0000	inf	inf	0.0000	0.0000	0.0000	0.0000	0.0000	0.0001	0.0000	0.0005	0.0006	0.0000	0.0000	0.0000	0.0000	0.0216	0.0000	0.0448	0.0000	0.0000	0.0000	0.0252	0.0000	0.0488	0.0000	inf	-0.0000	0.0001	1.0045	0.9921	2.9992	0.0076	0.0000	0.0000	0.0000	0.0000	0.0000	0.0000	0.0000	0.0000	0.0000	0.0001	0.0000	0.0001	0.0000	0.0000	0.0000	0.0001	0.0000	0.0001	0.0119	0.0105	0.0015	0.0011	0.0010	0.0001	0.0108	0.0094	0.0014	0.0069	0.0036	0.0033	0.0010	0.0007	0.0003	0.0059	0.0029	0.0031
5	58	0.1431	14	1	0	1	0	0	0	0	0	0	2	0	2	0	0	0	0	0	0	N	N	N	N	N	Y	N	N	N	N	N	N	N	N	N	N	N	N	0.0000	0.0000	0.0000	0.0000	0.0000	0.0000	0.0000	0.0000	0.0000	0.0000	0.0000	0.0000	0.0000	0.0000	0.0000	0.0000	0.0000	0.0000	0.0000	0.0000	0.0000	0.0000	0.0000	0.0000	0.0000	0.0000	0.0000			0.0000	0.0000	1.0045	1.0033	2.9992	1.0015	0.0000	0.0000	0.0000	0.0000	0.0000	0.0000	0.0000	0.0000	0.0000	0.0000	0.0000	0.0000	0.0000	0.0000	0.0000	0.0000	0.0000	0.0000	0.0121	0.0106	0.0015	0.0011	0.0010	0.0001	0.0111	0.0096	0.0014	0.0189	0.0116	0.0073	0.0044	0.0039	0.0005	0.0145	0.0077	0.0068
5	60	0.1317	15	1	0	0	0	0	0	0	0	0	1	1	2	0	0	0	0	0	0	N	N	N	N	N	Y	N	N	N	N	N	N	N	N	N	N	N	N	0.0000	0.0000	0.0000	0.0000	0.0000	0.0000	0.0000	0.0000	0.0000	0.0000	0.0000	0.0000	0.0000	0.0000	0.0000	0.0000	0.0000	0.0000	0.0007	0.0013	0.0000	0.0054	0.0075	0.0000	0.0000	0.0000	0.0000		0.0000	0.0000	-0.0000	1.0045	2.0000	2.9992	7.0000	0.0000	0.0000	0.0000	0.0000	0.0000	0.0000	0.0000	0.0000	0.0000	0.0000	0.0000	0.0000	0.0000	0.0000	0.0000	0.0000	0.0000	0.0000	0.0238	0.0209	0.0029	0.0018	0.0017	0.0001	0.0220	0.0192	0.0028	0.0590	0.0302	0.0288	0.0074	0.0053	0.0021	0.0516	0.0249	0.0267
5	61	0.1317	14	1	0	0	0	0	0	0	0	0	2	1	2	0	0	0	0	0	0	N	N	N	N	N	Y	N	N	N	N	N	N	N	N	N	N	N	N	0.0000	0.0000	0.0000	0.0000	0.0000	0.0000	0.0000	0.0000	0.0000	0.0000	0.0000	0.0000	0.0000	0.0000	0.0000	0.0000	0.0000	0.0000	0.0000	0.0000	0.0000	0.0000	0.0000	0.0000	0.0000	0.0000	0.0000			0.0000	0.0000	1.0045	0.0000	2.9992	0.0000	0.0000	0.0000	0.0000	0.0000	0.0000	0.0000	0.0000	0.0000	0.0000	0.0000	0.0000	0.0000	0.0000	0.0000	0.0000	0.0000	0.0000	0.0000	0.0000	0.0000	0.0000	0.0000	0.0000	0.0000	0.0000	0.0000	0.0000	0.0000	0.0000	0.0000	0.0000	0.0000	0.0000	0.0000	0.0000	0.0000
5	68	0.1196	8	1	0	0	0	0	0	0	0	0	2	0	2	0	0	0	0	0	0	N	N	N	N	N	Y	N	N	N	N	N	N	N	N	N	N	N	N	1367573.2193	inf	0.0000	inf	inf	0.0000	1530091.3919	inf	0.0000	0.1370	0.1550	0.0000	0.0000	0.0000	0.0000	0.1797	0.2107	0.0000	0.0000	0.0000	0.0000	0.0000	0.0000	0.0000	0.0000	0.0000	0.0000	0.0000	inf	-0.0008	0.0000	1.0045	1.4193	2.9992	5.2011	0.0035	0.0035	0.0000	0.0000	0.0000	0.0000	0.0035	0.0035	0.0000	0.0000	0.0000	0.0000	0.0000	0.0000	0.0000	0.0000	0.0000	0.0000	0.0254	0.0224	0.0029	0.0060	0.0059	0.0001	0.0194	0.0165	0.0028	0.0499	0.0280	0.0219	0.0073	0.0063	0.0010	0.0426	0.0217	0.0209
5	78	0.1543	16	1	0	1	0	0	0	1	0	0	1	1	2	0	0	0	0	0	0	N	N	N	N	N	Y	N	N	N	N	N	N	N	N	N	N	N	N	0.0000	0.0000	0.0000	0.0000	0.0000	0.0000	0.0000	0.0000	0.0000	0.0000	0.0000	0.0000	0.0000	0.0000	0.0000	0.0000	0.0000	0.0000	0.0000	0.0000	0.0000	0.0000	0.0000	0.0000	0.0000	0.0000	0.0000			0.0000	0.0000	1.0045	0.0000	2.9992	0.9988	0.0000	0.0000	0.0000	0.0000	0.0000	0.0000	0.0000	0.0000	0.0000	0.0000	0.0000	0.0000	0.0000	0.0000	0.0000	0.0000	0.0000	0.0000	0.0000	0.0000	0.0000	0.0000	0.0000	0.0000	0.0000	0.0000	0.0000	0.0070	0.0037	0.0033	0.0012	0.0009	0.0004	0.0058	0.0028	0.0030
5	79	0.1511	15	1	0	0	0	0	0	0	0	0	1	1	2	0	0	0	0	0	0	N	N	N	N	N	Y	N	N	N	N	N	N	N	N	N	N	N	N	0.0000	0.0000	0.0000	0.0000	0.0000	0.0000	0.0000	0.0000	0.0000	0.0000	0.0000	0.0000	0.0000	0.0000	0.0000	0.0000	0.0000	0.0000	0.0000	0.0000	0.0000	0.0000	0.0000	0.0000	0.0000	0.0000	0.0000			0.0000	0.0000	1.0045	0.0001	2.9992	1.0072	0.0000	0.0000	0.0000	0.0000	0.0000	0.0000	0.0000	0.0000	0.0000	0.0000	0.0000	0.0000	0.0000	0.0000	0.0000	0.0000	0.0000	0.0000	0.0000	0.0000	0.0000	0.0000	0.0000	0.0000	0.0000	0.0000	0.0000	0.0069	0.0036	0.0033	0.0010	0.0008	0.0003	0.0059	0.0029	0.0030
5	80	0.1414	14	1	0	0	0	0	0	0	0	0	1	1	2	0	0	0	0	0	0	N	N	N	N	N	Y	N	N	N	N	N	N	N	N	N	N	N	N	inf	inf	0.0000	inf	inf	0.0000	0.0000	0.0000	0.0000	0.0000	0.0000	0.0000	0.0001	0.0001	0.0000	0.0000	0.0000	0.0000	0.0000	0.0000	0.0000	0.0000	0.0000	0.0000	0.0000	0.0000	0.0000	0.0000		-0.0000	0.0000	1.0045	1.0058	2.9992	1.9973	0.0000	0.0000	0.0000	0.0000	0.0000	0.0000	0.0000	0.0000	0.0000	0.0000	0.0000	0.0000	0.0000	0.0000	0.0000	0.0000	0.0000	0.0000	0.0125	0.0110	0.0015	0.0011	0.0010	0.0001	0.0114	0.0099	0.0015	0.0205	0.0108	0.0098	0.0031	0.0022	0.0008	0.0175	0.0085	0.0089
5	83	0.1414	14	1	0	0	0	0	0	0	0	0	1	1	2	0	0	0	0	0	0	N	N	N	N	N	Y	N	N	N	N	N	N	N	N	N	N	N	N	189968.2924	inf	0.0000	0.0000	0.0000	0.0000	177654.7939	inf	0.0000	0.0578	0.0659	0.0000	0.0000	0.0000	0.0000	0.0632	0.0725	0.0000	0.0000	0.0000	0.0000	0.0000	0.0000	0.0000	0.0000	0.0000	0.0000	0.0000	inf	-0.0008	0.0000	1.0045	5.0069	2.9992	6.0103	0.0035	0.0035	0.0000	0.0000	0.0000	0.0000	0.0035	0.0035	0.0000	0.0000	0.0000	0.0000	0.0000	0.0000	0.0000	0.0000	0.0000	0.0000	0.0602	0.0528	0.0073	0.0051	0.0048	0.0003	0.0550	0.0480	0.0070	0.0716	0.0375	0.0341	0.0104	0.0075	0.0028	0.0613	0.0300	0.0313
5	84	0.1349	13	1	0	0	0	0	0	0	0	1	2	1	2	0	0	0	0	0	0	N	N	N	N	N	Y	N	N	N	N	N	N	N	N	N	N	N	N	5.4509	3.2765	0.0000	3.6319	2.8568	0.0000	inf	inf	0.0000	0.0000	0.0000	0.0000	0.0000	0.0000	0.0000	0.0000	0.0000	0.0000	0.0000	0.0000	0.0000	0.0000	0.0000	0.0000	0.0000	0.0000	0.0000	0.0000	0.0000	-0.0000	-0.0000	1.0045	1.9932	2.9992	0.0278	0.0000	0.0000	0.0000	0.0000	0.0000	0.0000	0.0000	0.0000	0.0000	0.0000	0.0000	0.0000	0.0000	0.0000	0.0000	0.0000	0.0000	0.0000	0.0243	0.0213	0.0030	0.0017	0.0016	0.0001	0.0226	0.0197	0.0029	0.0144	0.0076	0.0068	0.0022	0.0016	0.0006	0.0122	0.0060	0.0062
5	87	0.1288	9	0	0	0	0	0	0	0	0	0	1	0	2	0	0	0	0	0	0	N	N	N	N	N	Y	N	N	N	N	N	N	N	N	N	N	N	N	inf	inf	0.0000	0.0000	0.0000	0.0000	inf	inf	0.0000	0.0000	0.0000	0.0000	0.0000	0.0000	0.0000	0.0000	0.0000	0.0000	0.0000	0.0000	0.0000	0.0000	0.0000	0.0000	0.0000	0.0000	0.0000	0.0000		-0.0000	0.0000	1.0045	0.9989	2.9992	0.5152	0.0000	0.0000	0.0000	0.0000	0.0000	0.0000	0.0000	0.0000	0.0000	0.0000	0.0000	0.0000	0.0000	0.0000	0.0000	0.0000	0.0000	0.0000	0.0122	0.0107	0.0015	0.0009	0.0009	0.0001	0.0112	0.0098	0.0014	0.0201	0.0127	0.0075	0.0112	0.0083	0.0029	0.0089	0.0043	0.0046
5	88	0.0994	8	0	0	0	0	0	0	0	0	0	2	0	2	0	0	0	0	0	0	N	N	N	N	N	Y	N	N	N	N	N	N	N	N	N	N	N	N	inf	inf	0.0000	0.0000	0.0000	0.0000	inf	inf	0.0000	0.0484	0.0551	0.0000	0.0000	0.0000	0.0000	0.0516	0.0591	0.0000	0.0000	0.0000	0.0000	0.0000	0.0000	0.0000	0.0000	0.0000	0.0000	0.0000		-0.0008	0.0000	1.0045	6.0209	2.9992	2.4875	0.0035	0.0035	0.0000	0.0000	0.0000	0.0000	0.0035	0.0035	0.0000	0.0000	0.0000	0.0000	0.0000	0.0000	0.0000	0.0000	0.0000	0.0000	0.0719	0.0631	0.0088	0.0045	0.0043	0.0003	0.0674	0.0588	0.0086	0.0668	0.0367	0.0301	0.0167	0.0124	0.0043	0.0502	0.0244	0.0258
5	92	0.1480	16	1	0	0	1	0	0	0	1	0	1	1	2	0	0	0	0	0	0	N	N	N	N	N	Y	N	N	N	N	N	N	N	N	N	N	N	N	inf	inf	0.0000	0.0000	0.0000	0.0000	inf	inf	0.0000	0.2870	0.3269	0.0000	0.0000	0.0000	0.0000	0.3161	0.3628	0.0000	0.0000	0.0000	0.0000	0.0000	0.0000	0.0000	0.0000	0.0000	0.0000	0.0000		-0.0008	0.0000	1.0045	1.0091	2.9992	1.9972	0.0035	0.0035	0.0000	0.0000	0.0000	0.0000	0.0035	0.0035	0.0000	0.0000	0.0000	0.0000	0.0000	0.0000	0.0000	0.0000	0.0000	0.0000	0.0121	0.0106	0.0015	0.0011	0.0011	0.0001	0.0110	0.0096	0.0014	0.0204	0.0105	0.0099	0.0028	0.0020	0.0008	0.0176	0.0085	0.0091
5	93	0.1317	15	1	0	0	0	0	0	0	0	0	2	1	2	0	0	0	0	0	0	N	N	N	N	N	Y	N	N	N	N	N	N	N	N	N	N	N	N	inf	inf	0.0000	0.0000	0.0000	0.0000	inf	inf	0.0000	0.0000	0.0000	0.0000	0.0000	0.0000	0.0000	0.0000	0.0000	0.0000	0.0000	0.0000	0.0000	0.0000	0.0000	0.0000	0.0000	0.0000	0.0000	0.0000		-0.0000	0.0000	1.0045	2.0083	2.9992	3.0031	0.0000	0.0000	0.0000	0.0000	0.0000	0.0000	0.0000	0.0000	0.0000	0.0000	0.0000	0.0000	0.0000	0.0000	0.0000	0.0000	0.0000	0.0000	0.0238	0.0209	0.0029	0.0018	0.0017	0.0001	0.0220	0.0191	0.0028	0.0336	0.0172	0.0164	0.0042	0.0030	0.0012	0.0294	0.0142	0.0152
5	127	0.1356	17	0	0	0	0	0	0	0	0	0	2	0	2	0	0	0	0	0	0	N	N	N	N	N	Y	N	N	N	N	N	N	N	N	N	N	N	N	0.0000	0.0000	0.0000	0.0000	0.0000	0.0000	0.0000	0.0000	0.0000	0.0000	0.0000	0.0000	0.0000	0.0000	0.0000	0.0000	0.0000	0.0000	0.0000	0.0000	0.0000	0.0000	0.0000	0.0000	0.0000	0.0000	0.0000			0.0000	0.0000	1.0045	1.0000	2.9992	2.0000	0.0000	0.0000	0.0000	0.0000	0.0000	0.0000	0.0000	0.0000	0.0000	0.0000	0.0000	0.0000	0.0000	0.0000	0.0000	0.0000	0.0000	0.0000	0.0120	0.0105	0.0015	0.0010	0.0009	0.0001	0.0110	0.0096	0.0014	0.0206	0.0107	0.0100	0.0029	0.0022	0.0008	0.0177	0.0085	0.0092
5	128	0.1356	16	0	0	0	0	0	0	0	0	0	2	0	2	0	0	0	0	0	0	N	N	N	N	N	Y	N	N	N	N	N	N	N	N	N	N	N	N	0.0000	0.0000	0.0000	0.0000	0.0000	0.0000	0.0000	0.0000	0.0000	0.0000	0.0000	0.0000	0.0000	0.0000	0.0000	0.0000	0.0000	0.0000	0.0000	0.0000	0.0000	0.0000	0.0000	0.0000	0.0000	0.0000	0.0000			0.0000	0.0000	1.0045	3.0000	2.9992	2.0000	0.0000	0.0000	0.0000	0.0000	0.0000	0.0000	0.0000	0.0000	0.0000	0.0000	0.0000	0.0000	0.0000	0.0000	0.0000	0.0000	0.0000	0.0000	0.0355	0.0312	0.0044	0.0028	0.0027	0.0002	0.0327	0.0285	0.0042	0.0340	0.0176	0.0164	0.0048	0.0036	0.0013	0.0292	0.0141	0.0151
5	129	0.1389	18	0	0	0	0	0	0	0	0	0	2	0	2	0	0	0	0	0	0	N	N	N	N	N	Y	N	N	N	N	N	N	N	N	N	N	N	N	inf	inf	0.0000	inf	inf	0.0000	inf	inf	0.0000	0.0134	0.0153	0.0000	0.1452	0.1543	0.0000	0.0018	0.0021	0.0000	0.0000	0.0000	0.0000	0.0000	0.0000	0.0000	0.0000	0.0000	0.0000	0.0000		-0.0001	0.0000	1.0045	2.0004	2.9992	1.0045	0.0003	0.0003	0.0000	0.0003	0.0003	0.0000	0.0000	0.0000	0.0000	0.0000	0.0000	0.0000	0.0000	0.0000	0.0000	0.0000	0.0000	0.0000	0.0238	0.0209	0.0029	0.0019	0.0018	0.0001	0.0219	0.0191	0.0028	0.0207	0.0107	0.0100	0.0030	0.0022	0.0008	0.0177	0.0085	0.0092
6	7	0.0451	11	2	0	1	0	0	0	1	0	0	0	2	1	0	0	0	0	0	0	Y	N	N	N	Y	N	N	N	N	N	N	N	N	N	N	N	N	N	0.0000	0.0000	0.0000	0.0000	0.0000	0.0000	0.0000	0.0000	0.0000	0.0000	0.0000	0.0000	0.0000	0.0000	0.0000	0.0000	0.0000	0.0000	0.0057	0.0118	0.0000	0.1716	0.2089	0.0000	0.0000	0.0000	0.0000		0.0001	0.0000	-0.0000	0.9996	0.0002	0.0011	2.0046	0.0000	0.0000	0.0000	0.0000	0.0000	0.0000	0.0000	0.0000	0.0000	0.0000	0.0000	0.0000	0.0000	0.0000	0.0000	0.0000	0.0000	0.0000	0.0000	0.0000	0.0000	0.0000	0.0000	0.0000	0.0000	0.0000	0.0000	0.0035	0.0017	0.0018	0.0001	0.0001	0.0000	0.0034	0.0016	0.0018
6	8	0.0419	10	2	0	1	0	0	0	1	0	0	0	2	1	0	0	0	0	0	0	Y	N	N	N	Y	N	N	N	N	N	N	N	N	N	N	N	N	N	0.0000	0.0000	0.0000	0.0000	0.0000	0.0000	0.0000	0.0000	0.0000	0.0000	0.0000	0.0000	0.0000	0.0000	0.0000	0.0000	0.0000	0.0000	0.0000	0.0001	0.0000	0.0009	0.0011	0.0000	0.0000	0.0000	0.0000		0.0081	0.0000	-0.0000	0.9996	0.0003	0.0011	0.9949	0.0000	0.0000	0.0000	0.0000	0.0000	0.0000	0.0000	0.0000	0.0000	0.0000	0.0000	0.0000	0.0000	0.0000	0.0000	0.0000	0.0000	0.0000	0.0000	0.0000	0.0000	0.0000	0.0000	0.0000	0.0000	0.0000	0.0000	0.0017	0.0008	0.0009	0.0001	0.0000	0.0000	0.0017	0.0008	0.0009
6	10	0.0451	11	2	1	1	0	0	1	1	0	0	0	2	1	0	0	0	0	0	0	Y	N	N	N	Y	N	N	N	N	N	N	N	N	N	N	N	N	N	0.0000	0.0000	0.0000	0.0000	0.0000	0.0000	0.0000	0.0000	0.0000	0.0000	0.0000	0.0000	0.0000	0.0000	0.0000	0.0000	0.0000	0.0000	0.0000	0.0000	0.0000	0.0001	0.0000	0.0007	0.0000	0.0000	0.0000		inf	0.0000	0.0000	0.9996	1.0000	0.0011	3.0034	0.0000	0.0000	0.0000	0.0000	0.0000	0.0000	0.0000	0.0000	0.0000	0.0000	0.0000	0.0000	0.0000	0.0000	0.0000	0.0000	0.0000	0.0000	0.0153	0.0136	0.0017	0.0026	0.0026	0.0000	0.0126	0.0110	0.0017	0.0069	0.0033	0.0035	0.0002	0.0002	0.0000	0.0066	0.0031	0.0035
6	12	0.1118	15	2	0	1	0	0	0	1	0	0	1	1	1	0	0	0	0	0	0	Y	N	N	N	N	N	N	N	N	N	N	N	N	N	N	N	N	N	0.6154	0.3846	0.0000	0.4835	0.4468	0.0000	0.0025	0.0199	0.0000	0.0005	0.0006	0.0000	0.0027	0.0027	0.0000	0.0000	0.0000	0.0000	0.0009	0.0016	0.0001	0.0055	0.0060	0.0016	0.0000	0.0000	0.0000	0.0000	0.0461	-0.0000	-0.0000	0.9996	3.5195	0.0011	3.1401	0.0000	0.0000	0.0000	0.0000	0.0000	0.0000	0.0000	0.0000	0.0000	0.0000	0.0000	0.0000	0.0000	0.0000	0.0000	0.0000	0.0000	0.0000	0.0552	0.0492	0.0061	0.0114	0.0112	0.0002	0.0438	0.0379	0.0059	0.0129	0.0068	0.0060	0.0021	0.0018	0.0002	0.0108	0.0050	0.0058
6	22	0.0355	8	2	0	1	1	0	0	1	1	0	0	2	1	0	0	0	0	0	0	Y	N	N	N	Y	N	N	N	N	N	N	N	N	N	N	N	N	N	0.0000	0.0000	0.0000	0.0000	0.0000	0.0000	0.0000	0.0000	0.0000	0.0000	0.0000	0.0000	0.0000	0.0000	0.0000	0.0000	0.0000	0.0000	0.0000	0.0000	0.0000	0.0000	0.0000	0.0000	0.0000	0.0000	0.0000			0.0000	0.0000	0.9996	2.0010	0.0011	1.9996	0.0000	0.0000	0.0000	0.0000	0.0000	0.0000	0.0000	0.0000	0.0000	0.0000	0.0000	0.0000	0.0000	0.0000	0.0000	0.0000	0.0000	0.0000	0.0304	0.0270	0.0034	0.0052	0.0051	0.0000	0.0252	0.0219	0.0034	0.0069	0.0033	0.0036	0.0001	0.0001	0.0000	0.0068	0.0032	0.0036
6	36	0.1762	20	2	0	1	0	0	0	1	0	0	1	1	1	0	0	0	0	0	0	Y	N	N	N	N	N	N	N	N	N	N	N	N	N	N	N	N	N	1.8231	22.2251	0.0000	3.7692	22.3236	0.0000	0.0013	0.0580	0.0000	0.0000	0.0000	0.0000	0.0001	0.0001	0.0000	0.0000	0.0000	0.0000	0.0000	0.0000	0.0000	0.0000	0.0000	0.0001	0.0000	0.0000	0.0000	0.0001	19.9611	-0.0000	0.0000	0.9996	11.0150	0.0011	4.0316	0.0000	0.0000	0.0000	0.0000	0.0000	0.0000	0.0000	0.0000	0.0000	0.0000	0.0000	0.0000	0.0000	0.0000	0.0000	0.0000	0.0000	0.0000	0.1537	0.1378	0.0159	0.0391	0.0383	0.0008	0.1147	0.0996	0.0151	0.0211	0.0110	0.0101	0.0032	0.0025	0.0007	0.0179	0.0085	0.0094
6	38	0.0247	3	2	0	1	1	0	0	1	1	0	1	2	1	0	0	0	0	0	0	Y	N	N	N	Y	N	N	N	N	N	N	N	N	N	N	N	N	N	1668.4418	inf	0.0000	8.6690	inf	0.0000	3843.6003	inf	0.0000	0.0060	0.0066	0.0000	0.0002	0.0002	0.0000	0.0090	0.0103	0.0000	0.0000	0.0000	0.0000	0.0000	0.0000	0.0031	0.0000	0.0000	0.0000	0.0000	inf	-0.0001	0.0000	0.9996	3.1237	0.0011	0.5096	0.0005	0.0005	0.0000	0.0000	0.0000	0.0000	0.0005	0.0005	0.0000	0.0000	0.0000	0.0000	0.0000	0.0000	0.0000	0.0000	0.0000	0.0000	0.0779	0.0706	0.0073	0.0270	0.0259	0.0011	0.0509	0.0447	0.0062	0.0079	0.0041	0.0038	0.0005	0.0005	0.0000	0.0074	0.0036	0.0038
6	45	0.0097	4	2	0	1	0	0	0	1	0	0	0	2	1	0	0	0	0	0	0	Y	N	N	N	Y	N	N	N	N	N	N	N	N	N	N	N	N	N	0.0000	0.0000	0.0000	0.0000	0.0000	0.0000	0.0000	0.0000	0.0000	0.0000	0.0000	0.0000	0.0000	0.0000	0.0000	0.0000	0.0000	0.0000	0.0000	0.0000	0.0000	0.0000	0.0000	0.0000	0.0000	0.0000	0.0000			0.0000	0.0000	0.9996	4.0000	0.0011	1.0000	0.0000	0.0000	0.0000	0.0000	0.0000	0.0000	0.0000	0.0000	0.0000	0.0000	0.0000	0.0000	0.0000	0.0000	0.0000	0.0000	0.0000	0.0000	0.0602	0.0534	0.0068	0.0094	0.0094	0.0000	0.0508	0.0441	0.0067	0.0087	0.0041	0.0046	0.0000	0.0000	0.0000	0.0086	0.0040	0.0046
6	46	0.1407	17	2	0	1	0	0	0	1	0	0	1	1	1	0	0	0	0	0	0	Y	N	N	N	N	N	N	N	N	N	N	N	N	N	N	N	N	N	0.0000	0.0000	0.0000	0.0000	0.0000	0.0000	0.0000	0.0000	0.0000	0.0000	0.0000	0.0000	0.0000	0.0000	0.0000	0.0000	0.0000	0.0000	0.0000	0.0000	0.0000	0.0000	0.0000	0.0000	0.0000	0.0000	0.0000			0.0000	0.0000	0.9996	0.0007	0.0011	1.0103	0.0000	0.0000	0.0000	0.0000	0.0000	0.0000	0.0000	0.0000	0.0000	0.0000	0.0000	0.0000	0.0000	0.0000	0.0000	0.0000	0.0000	0.0000	0.0000	0.0000	0.0000	0.0000	0.0000	0.0000	0.0000	0.0000	0.0000	0.0052	0.0037	0.0015	0.0020	0.0019	0.0001	0.0032	0.0018	0.0015
6	47	0.1057	16	2	0	1	0	1	0	1	0	0	0	1	0	0	0	0	0	0	0	Y	N	N	N	N	N	N	N	N	N	N	N	N	N	N	N	N	N	50.6488	0.0000	205.4549	0.0367	0.0000	0.9577	122.4640	0.0000	396.9777	0.0445	0.0000	0.3847	0.0001	0.0000	0.0190	0.0631	0.0000	0.3901	0.0009	0.0000	0.0019	0.0030	0.0001	0.0199	0.0005	0.0000	0.0010	inf	77.2185	0.0053	0.0000	0.9996	6.8097	0.0011	3.8431	0.0069	0.0000	0.0069	0.0000	0.0000	0.0000	0.0069	0.0000	0.0069	0.0000	0.0000	0.0000	0.0000	0.0000	0.0000	0.0000	0.0000	0.0000	0.1545	0.1367	0.0179	0.0456	0.0453	0.0003	0.1090	0.0914	0.0176	0.0184	0.0099	0.0085	0.0027	0.0023	0.0004	0.0157	0.0075	0.0081
6	49	0.1666	19	2	0	1	0	0	0	1	0	0	0	1	0	0	0	0	0	0	0	Y	N	N	N	N	N	N	N	N	N	N	N	N	N	N	N	N	N	2.1164	1.6911	0.0000	0.0041	0.0038	0.0000	24.5516	inf	0.0000	0.0002	0.0002	0.0000	0.0000	0.0000	0.0000	0.0002	0.0003	0.0000	0.0001	0.0001	0.0000	0.0003	0.0003	0.0001	0.0000	0.0000	0.0000	0.0000	0.1243	-0.0000	-0.0000	0.9996	1.6285	0.0011	1.0381	0.0000	0.0000	0.0000	0.0000	0.0000	0.0000	0.0000	0.0000	0.0000	0.0000	0.0000	0.0000	0.0000	0.0000	0.0000	0.0000	0.0000	0.0000	0.0325	0.0290	0.0035	0.0100	0.0098	0.0001	0.0225	0.0191	0.0034	0.0060	0.0038	0.0022	0.0016	0.0014	0.0001	0.0044	0.0024	0.0021
6	53	0.0324	7	2	0	1	0	0	0	1	0	0	0	2	1	0	0	0	0	0	0	Y	N	N	N	Y	N	N	N	N	N	N	N	N	N	N	N	N	N	0.0000	0.0000	0.0000	0.0000	0.0000	0.0000	0.0000	0.0000	0.0000	0.0000	0.0000	0.0000	0.0000	0.0000	0.0000	0.0000	0.0000	0.0000	0.0000	0.0000	0.0001	0.0006	0.0000	0.0033	0.0000	0.0000	0.0000		inf	0.0000	0.0000	0.9996	0.9921	0.0011	0.0076	0.0000	0.0000	0.0000	0.0000	0.0000	0.0000	0.0000	0.0000	0.0000	0.0000	0.0000	0.0000	0.0000	0.0000	0.0000	0.0000	0.0000	0.0000	0.0152	0.0135	0.0017	0.0025	0.0025	0.0000	0.0127	0.0110	0.0017	0.0018	0.0009	0.0009	0.0000	0.0000	0.0000	0.0017	0.0008	0.0009
6	60	0.0097	4	2	0	1	0	0	0	1	0	0	0	2	1	0	0	0	0	0	0	Y	N	N	N	Y	N	N	N	N	N	N	N	N	N	N	N	N	N	0.0000	0.0000	0.0000	0.0000	0.0000	0.0000	0.0000	0.0000	0.0000	0.0000	0.0000	0.0000	0.0000	0.0000	0.0000	0.0000	0.0000	0.0000	0.0033	0.0070	0.0000	1.0540	1.0550	0.0000	0.0000	0.0000	0.0000		0.0000	0.0000	-0.0000	0.9996	2.0000	0.0011	7.0000	0.0000	0.0000	0.0000	0.0000	0.0000	0.0000	0.0000	0.0000	0.0000	0.0001	0.0001	0.0000	0.0001	0.0001	0.0000	0.0000	0.0000	0.0000	0.0304	0.0270	0.0034	0.0047	0.0047	0.0000	0.0257	0.0223	0.0034	0.0153	0.0072	0.0081	0.0000	0.0000	0.0000	0.0152	0.0071	0.0081
6	61	0.0097	3	2	0	1	0	0	0	1	0	0	1	2	1	0	0	0	0	0	0	Y	N	N	N	Y	N	N	N	N	N	N	N	N	N	N	N	N	N	0.0000	0.0000	0.0000	0.0000	0.0000	0.0000	0.0000	0.0000	0.0000	0.0000	0.0000	0.0000	0.0000	0.0000	0.0000	0.0000	0.0000	0.0000	0.0000	0.0000	0.0000	0.0000	0.0000	0.0000	0.0000	0.0000	0.0000			0.0000	0.0000	0.9996	0.0000	0.0011	0.0000	0.0000	0.0000	0.0000	0.0000	0.0000	0.0000	0.0000	0.0000	0.0000	0.0000	0.0000	0.0000	0.0000	0.0000	0.0000	0.0000	0.0000	0.0000	0.0000	0.0000	0.0000	0.0000	0.0000	0.0000	0.0000	0.0000	0.0000	0.0000	0.0000	0.0000	0.0000	0.0000	0.0000	0.0000	0.0000	0.0000
6	68	0.1666	19	2	0	1	0	0	0	1	0	0	1	1	1	0	0	0	0	0	0	Y	N	N	N	N	N	N	N	N	N	N	N	N	N	N	N	N	N	0.0000	0.0000	0.0000	0.0000	0.0000	0.0000	0.0000	0.0000	0.0000	0.0000	0.0000	0.0000	0.0000	0.0000	0.0000	0.0000	0.0000	0.0000	0.0000	0.0000	0.0000	0.0000	0.0000	0.0000	0.0000	0.0000	0.0000		3.5448	0.0000	0.0000	0.9996	1.4193	0.0011	5.2011	0.0000	0.0000	0.0000	0.0000	0.0000	0.0000	0.0000	0.0000	0.0000	0.0000	0.0000	0.0000	0.0000	0.0000	0.0000	0.0000	0.0000	0.0000	0.0294	0.0263	0.0032	0.0092	0.0091	0.0001	0.0202	0.0171	0.0031	0.0118	0.0068	0.0050	0.0024	0.0021	0.0003	0.0094	0.0047	0.0047
6	69	0.1165	18	2	0	1	0	1	0	1	0	0	0	1	0	0	0	0	0	0	0	Y	N	N	N	N	N	N	N	N	N	N	N	N	N	N	N	N	N	1.2048	0.7076	4.2453	0.8104	0.6712	inf	0.0000	0.0000	0.0000	0.0006	0.0006	0.0000	0.0029	0.0029	0.0002	0.0000	0.0000	0.0000	0.0005	0.0009	0.0000	0.0035	0.0043	0.0000	0.0000	0.0000	0.0000	0.0007	0.0009	-0.0000	-0.0000	0.9996	9.3928	0.0011	3.6523	0.0001	0.0001	0.0000	0.0001	0.0001	0.0000	0.0000	0.0000	0.0000	0.0000	0.0000	0.0000	0.0000	0.0000	0.0000	0.0000	0.0000	0.0000	0.1397	0.1247	0.0150	0.0280	0.0277	0.0003	0.1117	0.0970	0.0147	0.0211	0.0111	0.0101	0.0028	0.0023	0.0005	0.0183	0.0087	0.0095
6	74	0.0097	2	2	0	1	0	0	0	1	0	0	0	2	0	0	0	0	0	0	0	Y	N	N	N	Y	N	N	N	N	N	N	N	N	N	N	N	N	N	2291565.3005	1216365.0706	0.0000	55.6561	55.8404	0.0000	inf	inf	0.0000	8.3507	9.4435	0.0000	0.0654	0.0656	0.0000	9.9272	11.5024	0.0000	0.0000	0.0000	0.0000	0.0012	0.0012	0.0000	0.0000	0.0000	0.0000	0.0000	0.0000	-0.1151	-0.0000	0.9996	3.9277	0.0011	0.5227	0.4989	0.4989	0.0000	0.0006	0.0006	0.0000	0.4983	0.4983	0.0000	0.0000	0.0000	0.0000	0.0000	0.0000	0.0000	0.0000	0.0000	0.0000	0.0597	0.0528	0.0069	0.0096	0.0095	0.0000	0.0502	0.0433	0.0069	0.0077	0.0036	0.0041	0.0000	0.0000	0.0000	0.0077	0.0036	0.0041
6	77	0.0573	11	2	0	1	0	1	0	1	0	0	0	1	0	0	0	0	0	0	0	Y	N	N	N	N	N	N	N	N	N	N	N	N	N	N	N	N	N	0.0000	0.0000	0.0000	0.0000	0.0000	0.0000	0.0000	0.0000	0.0000	0.0000	0.0000	0.0000	0.0000	0.0000	0.0000	0.0000	0.0000	0.0000	0.0000	0.0000	0.0000	0.0002	0.0000	0.0017	0.0000	0.0000	0.0000		inf	0.0000	0.0000	0.9996	3.3326	0.0011	4.0108	0.0000	0.0000	0.0000	0.0000	0.0000	0.0000	0.0000	0.0000	0.0000	0.0000	0.0000	0.0000	0.0000	0.0000	0.0000	0.0000	0.0000	0.0000	0.0530	0.0472	0.0058	0.0099	0.0098	0.0000	0.0432	0.0374	0.0058	0.0122	0.0060	0.0062	0.0003	0.0002	0.0000	0.0119	0.0058	0.0062
6	79	0.0419	10	2	0	1	0	0	0	1	0	0	0	2	1	0	0	0	0	0	0	Y	N	N	N	Y	N	N	N	N	N	N	N	N	N	N	N	N	N	0.0000	0.0000	0.0000	0.0000	0.0000	0.0000	0.0000	0.0000	0.0000	0.0000	0.0000	0.0000	0.0000	0.0000	0.0000	0.0000	0.0000	0.0000	0.0000	0.0000	0.0000	0.0007	0.0009	0.0000	0.0000	0.0000	0.0000		0.0099	0.0000	-0.0000	0.9996	0.0001	0.0011	1.0072	0.0000	0.0000	0.0000	0.0000	0.0000	0.0000	0.0000	0.0000	0.0000	0.0000	0.0000	0.0000	0.0000	0.0000	0.0000	0.0000	0.0000	0.0000	0.0000	0.0000	0.0000	0.0000	0.0000	0.0000	0.0000	0.0000	0.0000	0.0018	0.0009	0.0009	0.0001	0.0000	0.0000	0.0017	0.0008	0.0009
6	80	0.0322	9	2	0	1	0	0	0	1	0	0	0	2	1	0	0	0	0	0	0	Y	N	N	N	Y	N	N	N	N	N	N	N	N	N	N	N	N	N	0.0000	0.0000	0.0000	0.0000	0.0000	0.0000	0.0000	0.0000	0.0000	0.0000	0.0000	0.0000	0.0000	0.0000	0.0000	0.0000	0.0000	0.0000	0.0038	0.0079	0.0000	0.1289	0.1563	0.0015	0.0000	0.0000	0.0000		0.0025	0.0000	-0.0000	0.9996	1.0058	0.0011	1.9973	0.0000	0.0000	0.0000	0.0000	0.0000	0.0000	0.0000	0.0000	0.0000	0.0000	0.0000	0.0000	0.0000	0.0000	0.0000	0.0000	0.0000	0.0000	0.0156	0.0138	0.0017	0.0027	0.0027	0.0000	0.0129	0.0112	0.0017	0.0052	0.0025	0.0027	0.0002	0.0001	0.0000	0.0051	0.0024	0.0027
6	83	0.0322	9	2	0	1	0	0	0	1	0	0	0	2	1	0	0	0	0	0	0	Y	N	N	N	Y	N	N	N	N	N	N	N	N	N	N	N	N	N	0.0000	0.0000	0.0000	0.0000	0.0000	0.0000	0.0000	0.0000	0.0000	0.0000	0.0000	0.0000	0.0000	0.0000	0.0000	0.0000	0.0000	0.0000	0.0022	0.0046	0.0000	0.0913	0.1162	0.0005	0.0000	0.0000	0.0000		0.0032	0.0000	-0.0000	0.9996	5.0069	0.0011	6.0103	0.0000	0.0000	0.0000	0.0000	0.0000	0.0000	0.0000	0.0000	0.0000	0.0000	0.0000	0.0000	0.0000	0.0000	0.0000	0.0000	0.0000	0.0000	0.0753	0.0670	0.0084	0.0129	0.0128	0.0001	0.0624	0.0542	0.0083	0.0181	0.0087	0.0094	0.0004	0.0003	0.0001	0.0177	0.0084	0.0093
6	84	0.0258	8	2	0	1	0	0	0	1	0	1	1	2	1	0	0	0	0	0	0	Y	N	N	N	Y	N	N	N	N	N	N	N	N	N	N	N	N	N	0.0000	0.0000	0.0000	0.0000	0.0000	0.0000	0.0000	0.0000	0.0000	0.0000	0.0000	0.0000	0.0000	0.0000	0.0000	0.0000	0.0000	0.0000	0.0001	0.0001	0.0000	0.0015	0.0017	0.0005	0.0000	0.0000	0.0000		0.1096	0.0000	-0.0000	0.9996	1.9932	0.0011	0.0278	0.0000	0.0000	0.0000	0.0000	0.0000	0.0000	0.0000	0.0000	0.0000	0.0000	0.0000	0.0000	0.0000	0.0000	0.0000	0.0000	0.0000	0.0000	0.0304	0.0270	0.0034	0.0049	0.0049	0.0000	0.0255	0.0221	0.0034	0.0036	0.0018	0.0019	0.0001	0.0001	0.0000	0.0035	0.0017	0.0019
6	91	0.0949	14	2	0	1	0	0	0	1	0	0	0	1	0	0	0	0	0	0	0	Y	N	N	N	N	N	N	N	N	N	N	N	N	N	N	N	N	N	0.9152	0.6075	0.1549	1.1021	1.0521	0.7965	0.0000	0.0000	0.0000	0.0014	0.0016	0.0000	0.0073	0.0073	0.0005	0.0000	0.0000	0.0000	0.0015	0.0026	0.0001	0.0066	0.0070	0.0007	0.0000	0.0000	0.0000	0.0008	0.0185	-0.0000	-0.0000	0.9996	1.5872	0.0011	4.4746	0.0000	0.0000	0.0000	0.0000	0.0000	0.0000	0.0000	0.0000	0.0000	0.0000	0.0000	0.0000	0.0000	0.0000	0.0000	0.0000	0.0000	0.0000	0.0242	0.0215	0.0027	0.0046	0.0045	0.0000	0.0196	0.0170	0.0026	0.0151	0.0088	0.0063	0.0034	0.0032	0.0002	0.0117	0.0056	0.0061
6	92	0.0324	7	2	0	1	1	0	0	1	1	0	0	2	1	0	0	0	0	0	0	Y	N	N	N	Y	N	N	N	N	N	N	N	N	N	N	N	N	N	0.0000	0.0000	0.0000	0.0000	0.0000	0.0000	0.0000	0.0000	0.0000	0.0000	0.0000	0.0000	0.0000	0.0000	0.0000	0.0000	0.0000	0.0000	0.0038	0.0079	0.0000	0.1715	0.2219	0.0000	0.0000	0.0000	0.0000		0.0000	0.0000	-0.0000	0.9996	1.0091	0.0011	1.9972	0.0000	0.0000	0.0000	0.0000	0.0000	0.0000	0.0000	0.0000	0.0000	0.0000	0.0000	0.0000	0.0000	0.0000	0.0000	0.0000	0.0000	0.0000	0.0155	0.0137	0.0017	0.0026	0.0026	0.0000	0.0129	0.0112	0.0017	0.0053	0.0025	0.0028	0.0001	0.0001	0.0000	0.0051	0.0024	0.0027
6	93	0.0161	6	2	0	1	0	0	0	1	0	0	1	2	1	0	0	0	0	0	0	Y	N	N	N	Y	N	N	N	N	N	N	N	N	N	N	N	N	N	0.0000	0.0000	0.0000	0.0000	0.0000	0.0000	0.0000	0.0000	0.0000	0.0000	0.0000	0.0000	0.0000	0.0000	0.0000	0.0000	0.0000	0.0000	0.0000	0.0000	0.0000	0.0018	0.0018	0.0000	0.0000	0.0000	0.0000		0.0105	0.0000	-0.0000	0.9996	2.0083	0.0011	3.0031	0.0000	0.0000	0.0000	0.0000	0.0000	0.0000	0.0000	0.0000	0.0000	0.0000	0.0000	0.0000	0.0000	0.0000	0.0000	0.0000	0.0000	0.0000	0.0304	0.0270	0.0034	0.0048	0.0048	0.0000	0.0256	0.0222	0.0034	0.0087	0.0041	0.0046	0.0000	0.0000	0.0000	0.0086	0.0040	0.0046
6	94	0.0161	5	2	0	1	0	0	0	1	0	0	0	2	0	0	0	0	0	0	0	Y	N	N	N	Y	N	N	N	N	N	N	N	N	N	N	N	N	N	0.0000	0.0000	0.0000	0.0000	0.0000	0.0000	0.0000	0.0000	0.0000	0.0000	0.0000	0.0000	0.0000	0.0000	0.0000	0.0000	0.0000	0.0000	0.0000	0.0000	0.0000	0.0000	0.0000	0.0000	0.0000	0.0000	0.0000			0.0000	-0.0000	0.9996	0.0000	0.0011	0.0002	0.0000	0.0000	0.0000	0.0000	0.0000	0.0000	0.0000	0.0000	0.0000	0.0000	0.0000	0.0000	0.0000	0.0000	0.0000	0.0000	0.0000	0.0000	0.0000	0.0000	0.0000	0.0000	0.0000	0.0000	0.0000	0.0000	0.0000	0.0000	0.0000	0.0000	0.0000	0.0000	0.0000	0.0000	0.0000	0.0000
6	95	0.0129	4	2	0	1	0	0	0	1	0	0	0	2	0	0	0	0	0	0	0	Y	N	N	N	Y	N	N	N	N	N	N	N	N	N	N	N	N	N	0.0000	0.0000	0.0000	0.0000	0.0000	0.0000	0.0000	0.0000	0.0000	0.0000	0.0000	0.0000	0.0000	0.0000	0.0000	0.0000	0.0000	0.0000	0.0000	0.0000	0.0000	0.0000	0.0000	0.0000	0.0000	0.0000	0.0000			0.0000	-0.0000	0.9996	1.0000	0.0011	0.0001	0.0000	0.0000	0.0000	0.0000	0.0000	0.0000	0.0000	0.0000	0.0000	0.0000	0.0000	0.0000	0.0000	0.0000	0.0000	0.0000	0.0000	0.0000	0.0153	0.0136	0.0017	0.0024	0.0024	0.0000	0.0129	0.0112	0.0017	0.0018	0.0008	0.0009	0.0000	0.0000	0.0000	0.0018	0.0008	0.0009
6	107	0.0193	7	2	0	1	0	0	0	1	0	0	0	1	0	0	0	0	0	0	0	Y	N	N	N	N	N	N	N	N	N	N	N	N	N	N	N	N	N	0.0000	0.0000	0.0000	0.0000	0.0000	0.0000	0.0000	0.0000	0.0000	0.0000	0.0000	0.0000	0.0000	0.0000	0.0000	0.0000	0.0000	0.0000	0.0000	0.0000	0.0000	0.0014	0.0014	0.0000	0.0000	0.0000	0.0000		0.0000	0.0000	-0.0000	0.9996	1.0015	0.0011	0.9989	0.0000	0.0000	0.0000	0.0000	0.0000	0.0000	0.0000	0.0000	0.0000	0.0000	0.0000	0.0000	0.0000	0.0000	0.0000	0.0000	0.0000	0.0000	0.0153	0.0136	0.0017	0.0024	0.0024	0.0000	0.0129	0.0112	0.0017	0.0035	0.0017	0.0018	0.0000	0.0000	0.0000	0.0035	0.0016	0.0018
6	108	0.0161	6	2	0	1	0	0	0	1	0	0	0	1	0	0	0	0	0	0	0	Y	N	N	N	N	N	N	N	N	N	N	N	N	N	N	N	N	N	0.0000	0.0000	0.0000	0.0000	0.0000	0.0000	0.0000	0.0000	0.0000	0.0000	0.0000	0.0000	0.0000	0.0000	0.0000	0.0000	0.0000	0.0000	0.0000	0.0000	0.0000	0.0002	0.0000	0.2098	0.0000	0.0000	0.0000		inf	0.0000	0.0000	0.9996	1.0004	0.0011	0.0020	0.0000	0.0000	0.0000	0.0000	0.0000	0.0000	0.0000	0.0000	0.0000	0.0000	0.0000	0.0000	0.0000	0.0000	0.0000	0.0000	0.0000	0.0000	0.0153	0.0136	0.0017	0.0024	0.0024	0.0000	0.0129	0.0111	0.0017	0.0018	0.0008	0.0009	0.0000	0.0000	0.0000	0.0018	0.0008	0.0009
6	112	0.0815	13	2	0	1	0	1	0	1	0	0	0	1	0	0	0	0	0	0	0	Y	N	N	N	N	N	N	N	N	N	N	N	N	N	N	N	N	N	9.9490	13.1900	0.0000	19.3635	24.4367	0.0000	0.0000	0.0000	0.0000	0.0102	0.0115	0.0000	0.0546	0.0551	0.0000	0.0000	0.0000	0.0000	0.0010	0.0009	0.0012	0.0028	0.0023	0.0131	0.0004	0.0000	0.0009	0.0000	0.9751	-0.0001	-0.0000	0.9996	3.0209	0.0011	2.2550	0.0005	0.0005	0.0000	0.0005	0.0005	0.0000	0.0000	0.0000	0.0000	0.0000	0.0000	0.0000	0.0000	0.0000	0.0000	0.0000	0.0000	0.0000	0.0472	0.0416	0.0056	0.0088	0.0087	0.0001	0.0384	0.0329	0.0055	0.0143	0.0084	0.0058	0.0034	0.0033	0.0002	0.0108	0.0052	0.0057
7	9	0.0913	14	1	0	1	0	0	0	0	0	0	0	2	1	0	0	0	0	0	0	N	N	N	N	Y	N	N	N	N	N	N	N	N	N	N	N	N	N	inf	0.0000	inf	inf	0.0000	inf	0.0000	0.0000	0.0000	0.0006	0.0000	0.0053	0.0024	0.0000	0.2464	0.0000	0.0000	0.0000	0.0000	0.0000	0.0000	0.0000	0.0000	0.0000	0.0000	0.0000	0.0000	inf		0.0000	0.0000	0.0002	2.9998	2.0046	2.0000	0.0000	0.0000	0.0000	0.0000	0.0000	0.0000	0.0000	0.0000	0.0000	0.0000	0.0000	0.0000	0.0000	0.0000	0.0000	0.0000	0.0000	0.0000	0.0000	0.0000	0.0000	0.0000	0.0000	0.0000	0.0000	0.0000	0.0000	0.0185	0.0094	0.0091	0.0013	0.0011	0.0002	0.0172	0.0083	0.0089
7	10	0.0129	3	2	1	0	0	0	1	0	0	0	0	2	2	0	0	0	0	0	0	Y	N	N	N	Y	Y	N	N	N	N	N	N	N	N	N	N	N	N	0.0000	0.0000	0.0000	0.0000	0.0000	0.0000	0.0000	0.0000	0.0000	0.0000	0.0000	0.0000	0.0000	0.0000	0.0000	0.0000	0.0000	0.0000	62.0332	125.3386	0.0000	0.1574	0.1610	0.0000	62.7804	128.3591	0.0000		0.0000	0.0000	-0.6188	0.0002	1.0000	2.0046	3.0034	0.0000	0.0000	0.0000	0.0000	0.0000	0.0000	0.0000	0.0000	0.0000	0.9994	0.9994	0.0000	0.0000	0.0000	0.0000	0.9994	0.9994	0.0000	0.0000	0.0000	0.0000	0.0000	0.0000	0.0000	0.0000	0.0000	0.0000	0.0161	0.0080	0.0081	0.0002	0.0002	0.0000	0.0159	0.0078	0.0081
7	11	0.1103	12	1	0	0	0	0	0	0	0	0	0	1	2	0	0	0	0	0	0	N	N	N	N	N	Y	N	N	N	N	N	N	N	N	N	N	N	N	inf	inf	0.0000	inf	inf	0.0000	0.0000	0.0000	0.0000	0.0002	0.0002	0.0000	0.0003	0.0004	0.0000	0.0000	0.0000	0.0000	0.0000	0.0000	0.0000	0.0000	0.0000	0.0000	0.0000	0.0000	0.0000	0.0000		-0.0000	0.0000	0.0002	2.0022	2.0046	0.4909	0.0000	0.0000	0.0000	0.0000	0.0000	0.0000	0.0000	0.0000	0.0000	0.0000	0.0000	0.0000	0.0000	0.0000	0.0000	0.0000	0.0000	0.0000	0.0000	0.0000	0.0000	0.0000	0.0000	0.0000	0.0000	0.0000	0.0000	0.0139	0.0083	0.0056	0.0056	0.0042	0.0014	0.0084	0.0041	0.0042
7	12	0.1312	15	2	0	0	0	0	0	0	0	0	1	1	2	0	0	0	0	0	0	Y	N	N	N	N	Y	N	N	N	N	N	N	N	N	N	N	N	N	0.0000	0.0000	0.0000	0.0000	0.0000	0.0000	0.0000	0.0000	0.0000	0.0000	0.0000	0.0000	0.0000	0.0000	0.0000	0.0000	0.0000	0.0000	0.0000	0.0000	0.0000	0.0000	0.0000	0.0000	0.0000	0.0000	0.0000		inf	0.0000	0.0000	0.0002	3.5195	2.0046	3.1401	0.0000	0.0000	0.0000	0.0000	0.0000	0.0000	0.0000	0.0000	0.0000	0.0000	0.0000	0.0000	0.0000	0.0000	0.0000	0.0000	0.0000	0.0000	0.0000	0.0000	0.0000	0.0000	0.0000	0.0000	0.0000	0.0000	0.0000	0.0324	0.0186	0.0137	0.0065	0.0059	0.0006	0.0258	0.0128	0.0131
7	13	0.0420	10	2	0	1	0	0	0	1	0	0	0	2	1	0	0	0	0	0	0	Y	N	N	N	Y	N	N	N	N	N	N	N	N	N	N	N	N	N	0.0000	0.0000	0.0000	0.0000	0.0000	0.0000	0.0000	0.0000	0.0000	0.0000	0.0000	0.0000	0.0000	0.0000	0.0000	0.0000	0.0000	0.0000	0.0000	0.0000	0.0000	0.0000	0.0000	0.0000	0.0000	0.0000	0.0000			0.0000	0.0000	0.0002	2.0000	2.0046	8.0000	0.0000	0.0000	0.0000	0.0000	0.0000	0.0000	0.0000	0.0000	0.0000	0.0000	0.0000	0.0000	0.0000	0.0000	0.0000	0.0000	0.0000	0.0000	0.0000	0.0000	0.0000	0.0000	0.0000	0.0000	0.0000	0.0000	0.0000	0.0375	0.0184	0.0190	0.0010	0.0008	0.0002	0.0365	0.0176	0.0188
7	14	0.1043	16	1	0	0	0	0	0	0	0	0	1	1	2	0	0	0	0	0	0	N	N	N	N	N	Y	N	N	N	N	N	N	N	N	N	N	N	N	0.0000	0.0000	0.0000	0.0000	0.0000	0.0000	0.0000	0.0000	0.0000	0.0000	0.0000	0.0000	0.0000	0.0000	0.0000	0.0000	0.0000	0.0000	0.0000	0.0000	0.0000	0.0000	0.0000	0.0000	0.0000	0.0000	0.0000			0.0000	0.0000	0.0002	1.0000	2.0046	2.0000	0.0000	0.0000	0.0000	0.0000	0.0000	0.0000	0.0000	0.0000	0.0000	0.0000	0.0000	0.0000	0.0000	0.0000	0.0000	0.0000	0.0000	0.0000	0.0000	0.0000	0.0000	0.0000	0.0000	0.0000	0.0000	0.0000	0.0000	0.0116	0.0060	0.0056	0.0009	0.0007	0.0002	0.0107	0.0052	0.0055
7	15	0.0355	7	2	0	1	0	0	0	0	0	0	0	1	1	0	0	0	0	0	0	Y	N	N	N	N	N	N	N	N	N	N	N	N	N	N	N	N	N	0.0000	0.0000	0.0000	0.0000	0.0000	0.0000	0.0000	0.0000	0.0000	0.0000	0.0000	0.0000	0.0000	0.0000	0.0000	0.0000	0.0000	0.0000	0.0005	0.0010	0.0000	0.0170	0.0207	0.0000	0.0000	0.0000	0.0000		0.0000	0.0000	-0.0000	0.0002	5.0003	2.0046	7.0080	0.0000	0.0000	0.0000	0.0000	0.0000	0.0000	0.0000	0.0000	0.0000	0.0000	0.0000	0.0000	0.0000	0.0000	0.0000	0.0000	0.0000	0.0000	0.0000	0.0000	0.0000	0.0000	0.0000	0.0000	0.0000	0.0000	0.0000	0.0412	0.0204	0.0208	0.0012	0.0010	0.0002	0.0400	0.0194	0.0206
7	18	0.0470	7	2	0	1	0	0	0	0	0	0	0	1	1	0	0	0	0	0	0	Y	N	N	N	N	N	N	N	N	N	N	N	N	N	N	N	N	N	0.0000	0.0000	0.0000	0.0000	0.0000	0.0000	0.0000	0.0000	0.0000	0.0000	0.0000	0.0000	0.0000	0.0000	0.0000	0.0000	0.0000	0.0000	0.0050	0.0092	0.0000	0.0564	0.0594	0.0002	0.0000	0.0000	0.0000		0.0002	0.0000	-0.0001	0.0002	1.0021	2.0046	3.5076	0.0000	0.0000	0.0000	0.0000	0.0000	0.0000	0.0000	0.0000	0.0000	0.0001	0.0001	0.0000	0.0001	0.0001	0.0000	0.0000	0.0000	0.0000	0.0000	0.0000	0.0000	0.0000	0.0000	0.0000	0.0000	0.0000	0.0000	0.0200	0.0108	0.0092	0.0018	0.0017	0.0001	0.0182	0.0091	0.0091
7	20	0.1016	12	2	0	1	0	0	0	0	0	0	0	2	1	0	0	0	0	0	0	Y	N	N	N	Y	N	N	N	N	N	N	N	N	N	N	N	N	N	inf	inf	0.0000	inf	inf	0.0000	0.0000	0.0000	0.0000	8.4303	9.4987	0.0000	32.7660	33.3471	0.0000	0.0000	0.0000	0.0000	0.0000	0.0000	0.0000	0.0000	0.0000	0.0000	0.0000	0.0000	0.0000	0.0000		-0.0000	0.0000	0.0002	2.0350	2.0046	3.4537	0.0001	0.0001	0.0000	0.0001	0.0001	0.0000	0.0000	0.0000	0.0000	0.0000	0.0000	0.0000	0.0000	0.0000	0.0000	0.0000	0.0000	0.0000	0.0000	0.0000	0.0000	0.0000	0.0000	0.0000	0.0000	0.0000	0.0000	0.0287	0.0180	0.0107	0.0063	0.0058	0.0005	0.0225	0.0122	0.0102
7	21	0.0780	11	2	0	1	0	1	0	1	0	0	0	1	1	0	0	0	0	0	0	Y	N	N	N	N	N	N	N	N	N	N	N	N	N	N	N	N	N	0.0000	0.0000	0.0000	0.0000	0.0000	0.0000	0.0000	0.0000	0.0000	0.0000	0.0000	0.0000	0.0000	0.0000	0.0000	0.0000	0.0000	0.0000	0.0000	0.0000	0.0000	0.0000	0.0000	0.0000	0.0000	0.0000	0.0000			0.0000	0.0000	0.0002	2.0002	2.0046	2.9143	0.0000	0.0000	0.0000	0.0000	0.0000	0.0000	0.0000	0.0000	0.0000	0.0000	0.0000	0.0000	0.0000	0.0000	0.0000	0.0000	0.0000	0.0000	0.0000	0.0000	0.0000	0.0000	0.0000	0.0000	0.0000	0.0000	0.0000	0.0210	0.0108	0.0102	0.0023	0.0020	0.0002	0.0188	0.0088	0.0100
7	22	0.0614	12	2	0	0	1	0	0	0	1	0	0	2	2	0	0	0	0	0	0	Y	N	N	N	Y	Y	N	N	N	N	N	N	N	N	N	N	N	N	0.0000	0.0000	0.0000	0.0000	0.0000	0.0000	0.0000	0.0000	0.0000	0.0000	0.0000	0.0000	0.0000	0.0000	0.0000	0.0000	0.0000	0.0000	0.0000	0.0000	0.0000	0.0000	0.0000	0.0000	0.0000	0.0000	0.0000			0.0000	0.0000	0.0002	2.0010	2.0046	1.9996	0.0000	0.0000	0.0000	0.0000	0.0000	0.0000	0.0000	0.0000	0.0000	0.0000	0.0000	0.0000	0.0000	0.0000	0.0000	0.0000	0.0000	0.0000	0.0000	0.0000	0.0000	0.0000	0.0000	0.0000	0.0000	0.0000	0.0000	0.0154	0.0077	0.0078	0.0006	0.0005	0.0002	0.0148	0.0072	0.0076
7	23	0.0815	12	2	0	1	0	0	0	0	0	0	0	1	1	0	0	0	0	0	0	Y	N	N	N	N	N	N	N	N	N	N	N	N	N	N	N	N	N	0.0000	0.0000	0.0000	0.0000	0.0000	0.0000	0.0000	0.0000	0.0000	0.0000	0.0000	0.0000	0.0000	0.0000	0.0000	0.0000	0.0000	0.0000	0.0000	0.0000	0.0000	0.0000	0.0000	0.0000	0.0000	0.0000	0.0000			0.0000	0.0000	0.0002	1.9752	2.0046	0.4846	0.0000	0.0000	0.0000	0.0000	0.0000	0.0000	0.0000	0.0000	0.0000	0.0000	0.0000	0.0000	0.0000	0.0000	0.0000	0.0000	0.0000	0.0000	0.0000	0.0000	0.0000	0.0000	0.0000	0.0000	0.0000	0.0000	0.0000	0.0146	0.0087	0.0059	0.0055	0.0041	0.0013	0.0091	0.0045	0.0046
7	24	0.0935	10	2	0	1	0	0	0	0	0	0	0	1	1	0	0	0	0	0	0	Y	N	N	N	N	N	N	N	N	N	N	N	N	N	N	N	N	N	3.2651	inf	0.0000	1.7166	inf	0.0000	0.0000	0.0000	0.0000	0.0001	0.0001	0.0000	0.0002	0.0002	0.0000	0.0000	0.0000	0.0000	0.0000	0.0000	0.0001	0.0001	0.0000	0.0022	0.0000	0.0000	0.0000	0.0000	inf	-0.0000	0.0000	0.0002	3.0190	2.0046	4.8890	0.0000	0.0000	0.0000	0.0000	0.0000	0.0000	0.0000	0.0000	0.0000	0.0000	0.0000	0.0000	0.0000	0.0000	0.0000	0.0000	0.0000	0.0000	0.0000	0.0000	0.0000	0.0000	0.0000	0.0000	0.0000	0.0000	0.0000	0.0439	0.0266	0.0172	0.0095	0.0090	0.0005	0.0344	0.0177	0.0167
7	25	0.0420	9	2	0	1	0	0	0	1	0	0	0	2	1	0	0	0	0	0	0	Y	N	N	N	Y	N	N	N	N	N	N	N	N	N	N	N	N	N	0.0000	0.0000	0.0000	0.0000	0.0000	0.0000	0.0000	0.0000	0.0000	0.0000	0.0000	0.0000	0.0000	0.0000	0.0000	0.0000	0.0000	0.0000	0.0000	0.0000	0.0000	0.0000	0.0000	0.0000	0.0000	0.0000	0.0000			0.0000	0.0000	0.0002	1.0000	2.0046	3.0001	0.0000	0.0000	0.0000	0.0000	0.0000	0.0000	0.0000	0.0000	0.0000	0.0000	0.0000	0.0000	0.0000	0.0000	0.0000	0.0000	0.0000	0.0000	0.0000	0.0000	0.0000	0.0000	0.0000	0.0000	0.0000	0.0000	0.0000	0.0155	0.0076	0.0079	0.0004	0.0003	0.0001	0.0151	0.0073	0.0078
7	26	0.0815	12	2	0	1	0	0	0	0	0	0	0	1	1	0	0	0	0	0	0	Y	N	N	N	N	N	N	N	N	N	N	N	N	N	N	N	N	N	0.0000	0.0000	0.0000	0.0000	0.0000	0.0000	0.0000	0.0000	0.0000	0.0000	0.0000	0.0000	0.0000	0.0000	0.0000	0.0000	0.0000	0.0000	0.0000	0.0000	0.0000	0.0000	0.0000	0.0000	0.0000	0.0000	0.0000			0.0000	0.0000	0.0002	1.9514	2.0046	1.5308	0.0000	0.0000	0.0000	0.0000	0.0000	0.0000	0.0000	0.0000	0.0000	0.0000	0.0000	0.0000	0.0000	0.0000	0.0000	0.0000	0.0000	0.0000	0.0000	0.0000	0.0000	0.0000	0.0000	0.0000	0.0000	0.0000	0.0000	0.0184	0.0106	0.0078	0.0056	0.0043	0.0014	0.0128	0.0063	0.0065
7	27	0.0809	11	2	0	1	0	1	0	1	0	0	0	1	1	0	0	0	0	0	0	Y	N	N	N	N	N	N	N	N	N	N	N	N	N	N	N	N	N	0.0000	0.0000	0.0000	0.0000	0.0000	0.0000	0.0000	0.0000	0.0000	0.0000	0.0000	0.0000	0.0000	0.0000	0.0000	0.0000	0.0000	0.0000	0.0000	0.0000	0.0000	0.0000	0.0000	0.0000	0.0000	0.0000	0.0000			0.0000	0.0000	0.0002	0.0905	2.0046	0.5221	0.0000	0.0000	0.0000	0.0000	0.0000	0.0000	0.0000	0.0000	0.0000	0.0000	0.0000	0.0000	0.0000	0.0000	0.0000	0.0000	0.0000	0.0000	0.0000	0.0000	0.0000	0.0000	0.0000	0.0000	0.0000	0.0000	0.0000	0.0076	0.0051	0.0025	0.0051	0.0039	0.0013	0.0025	0.0013	0.0012
7	28	0.1312	17	2	0	1	0	1	0	1	0	1	0	2	1	0	0	0	0	0	0	Y	N	N	N	Y	N	N	N	N	N	N	N	N	N	N	N	N	N	0.0000	0.0000	0.0000	0.0000	0.0000	0.0000	0.0000	0.0000	0.0000	0.0000	0.0000	0.0000	0.0000	0.0000	0.0000	0.0000	0.0000	0.0000	0.0000	0.0000	0.0000	0.0000	0.0000	0.0000	0.0000	0.0000	0.0000			0.0000	0.0000	0.0002	5.0808	2.0046	12.0223	0.0000	0.0000	0.0000	0.0000	0.0000	0.0000	0.0000	0.0000	0.0000	0.0000	0.0000	0.0000	0.0000	0.0000	0.0000	0.0000	0.0000	0.0000	0.0000	0.0000	0.0000	0.0000	0.0000	0.0000	0.0000	0.0000	0.0000	0.0567	0.0298	0.0269	0.0076	0.0060	0.0016	0.0491	0.0238	0.0253
7	30	0.0388	7	2	1	1	0	0	1	1	0	0	0	1	1	0	0	0	0	0	0	Y	N	N	N	N	N	N	N	N	N	N	N	N	N	N	N	N	N	0.0000	0.0000	0.0000	0.0000	0.0000	0.0000	0.0000	0.0000	0.0000	0.0000	0.0000	0.0000	0.0000	0.0000	0.0000	0.0000	0.0000	0.0000	26.6729	0.0000	52.4986	0.0296	0.0000	0.1541	27.4127	0.0000	53.0392		inf	0.0000	0.3807	0.0002	3.0000	2.0046	7.0000	0.0000	0.0000	0.0000	0.0000	0.0000	0.0000	0.0000	0.0000	0.0000	0.9996	0.0000	0.9996	0.0000	0.0000	0.0000	0.9996	0.0000	0.9996	0.0000	0.0000	0.0000	0.0000	0.0000	0.0000	0.0000	0.0000	0.0000	0.0375	0.0184	0.0190	0.0010	0.0008	0.0002	0.0365	0.0176	0.0188
7	31	0.1379	18	1	0	1	0	0	0	1	0	0	1	1	2	0	0	0	0	0	0	N	N	N	N	N	Y	N	N	N	N	N	N	N	N	N	N	N	N	0.0000	0.0000	0.0000	0.0000	0.0000	0.0000	0.0000	0.0000	0.0000	0.0000	0.0000	0.0000	0.0000	0.0000	0.0000	0.0000	0.0000	0.0000	0.0000	0.0000	0.0000	0.0000	0.0000	0.0000	0.0000	0.0000	0.0000			0.0000	0.0000	0.0002	0.0057	2.0046	1.0792	0.0000	0.0000	0.0000	0.0000	0.0000	0.0000	0.0000	0.0000	0.0000	0.0000	0.0000	0.0000	0.0000	0.0000	0.0000	0.0000	0.0000	0.0000	0.0000	0.0000	0.0000	0.0000	0.0000	0.0000	0.0000	0.0000	0.0000	0.0047	0.0027	0.0020	0.0009	0.0008	0.0001	0.0038	0.0020	0.0018
7	32	0.0704	11	2	0	1	0	0	0	0	0	0	0	1	1	0	0	0	0	0	0	Y	N	N	N	N	N	N	N	N	N	N	N	N	N	N	N	N	N	0.0000	0.0000	0.0000	0.0000	0.0000	0.0000	0.0000	0.0000	0.0000	0.0000	0.0000	0.0000	0.0000	0.0000	0.0000	0.0000	0.0000	0.0000	0.0000	0.0000	0.0000	0.0000	0.0000	0.0000	0.0000	0.0000	0.0000			0.0000	0.0000	0.0002	7.0011	2.0046	9.2473	0.0000	0.0000	0.0000	0.0000	0.0000	0.0000	0.0000	0.0000	0.0000	0.0000	0.0000	0.0000	0.0000	0.0000	0.0000	0.0000	0.0000	0.0000	0.0000	0.0000	0.0000	0.0000	0.0000	0.0000	0.0000	0.0000	0.0000	0.0616	0.0317	0.0299	0.0048	0.0042	0.0006	0.0568	0.0275	0.0293
7	33	0.1074	15	2	0	1	0	0	0	0	0	0	0	2	1	0	0	0	0	0	0	Y	N	N	N	Y	N	N	N	N	N	N	N	N	N	N	N	N	N	inf	inf	0.0000	inf	inf	0.0000	0.0000	0.0000	0.0000	0.0014	0.0016	0.0000	0.0026	0.0029	0.0000	0.0000	0.0000	0.0000	0.0000	0.0000	0.0000	0.0000	0.0000	0.0000	0.0000	0.0000	0.0000	0.0000		-0.0000	0.0000	0.0002	4.0088	2.0046	1.0030	0.0000	0.0000	0.0000	0.0000	0.0000	0.0000	0.0000	0.0000	0.0000	0.0000	0.0000	0.0000	0.0000	0.0000	0.0000	0.0000	0.0000	0.0000	0.0000	0.0000	0.0000	0.0000	0.0000	0.0000	0.0000	0.0000	0.0000	0.0177	0.0092	0.0085	0.0015	0.0013	0.0002	0.0161	0.0079	0.0083
7	35	0.0680	9	2	0	1	0	1	0	1	0	1	0	2	1	0	0	0	0	0	0	Y	N	N	N	Y	N	N	N	N	N	N	N	N	N	N	N	N	N	inf	inf	0.0000	inf	inf	0.0000	0.0000	0.0000	0.0000	1.8462	2.0813	0.0000	7.7770	7.8163	0.0000	0.0000	0.0000	0.0000	0.0000	0.0000	0.0000	0.0000	0.0000	0.0000	0.0000	0.0000	0.0000	0.0000		-0.0000	0.0000	0.0002	10.0151	2.0046	7.9868	0.0001	0.0001	0.0000	0.0001	0.0001	0.0000	0.0000	0.0000	0.0000	0.0000	0.0000	0.0000	0.0000	0.0000	0.0000	0.0000	0.0000	0.0000	0.0000	0.0000	0.0000	0.0000	0.0000	0.0000	0.0000	0.0000	0.0000	0.0644	0.0328	0.0316	0.0026	0.0022	0.0005	0.0618	0.0306	0.0312
7	36	0.1956	20	2	0	0	0	0	0	0	0	0	1	1	2	0	0	0	0	0	0	Y	N	N	N	N	Y	N	N	N	N	N	N	N	N	N	N	N	N	3.0373	0.0000	309.8761	0.0000	0.0000	0.0000	88.9678	0.0000	304.1461	0.0001	0.0000	0.0007	0.0000	0.0000	0.0000	0.0001	0.0000	0.0005	0.0000	0.0000	0.0000	0.0002	0.0002	0.0000	0.0000	0.0000	0.0000	inf	0.0438	0.0000	-0.0000	0.0002	11.0150	2.0046	4.0316	0.0000	0.0000	0.0000	0.0000	0.0000	0.0000	0.0000	0.0000	0.0000	0.0000	0.0000	0.0000	0.0000	0.0000	0.0000	0.0000	0.0000	0.0000	0.0000	0.0000	0.0000	0.0000	0.0000	0.0000	0.0000	0.0000	0.0000	0.0498	0.0266	0.0232	0.0075	0.0059	0.0017	0.0423	0.0207	0.0216
7	37	0.1602	17	2	0	1	0	0	0	1	0	0	0	1	1	0	0	0	0	0	0	Y	N	N	N	N	N	N	N	N	N	N	N	N	N	N	N	N	N	0.0000	0.0000	0.0000	0.0000	0.0000	0.0000	0.0000	0.0000	0.0000	0.0000	0.0000	0.0000	0.0000	0.0000	0.0000	0.0000	0.0000	0.0000	0.0071	0.0000	0.0202	0.0101	0.0000	0.1722	0.0059	0.0000	0.0124		inf	0.0000	0.0000	0.0002	0.0015	2.0046	2.6503	0.0000	0.0000	0.0000	0.0000	0.0000	0.0000	0.0000	0.0000	0.0000	0.0001	0.0000	0.0001	0.0000	0.0000	0.0000	0.0001	0.0000	0.0001	0.0000	0.0000	0.0000	0.0000	0.0000	0.0000	0.0000	0.0000	0.0000	0.0169	0.0109	0.0059	0.0049	0.0046	0.0003	0.0119	0.0063	0.0056
7	38	0.0570	11	2	0	0	1	0	0	0	1	0	1	2	2	0	0	0	0	0	0	Y	N	N	N	Y	Y	N	N	N	N	N	N	N	N	N	N	N	N	0.0000	0.0000	0.0000	0.0000	0.0000	0.0000	0.0000	0.0000	0.0000	0.0000	0.0000	0.0000	0.0000	0.0000	0.0000	0.0000	0.0000	0.0000	0.0123	0.0229	0.0000	0.1402	0.1506	0.0000	0.0000	0.0000	0.0000		0.0000	0.0000	-0.0001	0.0002	3.1237	2.0046	0.5096	0.0000	0.0000	0.0000	0.0000	0.0000	0.0000	0.0000	0.0000	0.0000	0.0002	0.0002	0.0000	0.0002	0.0002	0.0000	0.0000	0.0000	0.0000	0.0000	0.0000	0.0000	0.0000	0.0000	0.0000	0.0000	0.0000	0.0000	0.0155	0.0083	0.0072	0.0014	0.0013	0.0001	0.0141	0.0070	0.0071
7	39	0.1442	19	2	0	1	0	1	0	1	0	0	0	1	1	0	0	0	0	0	0	Y	N	N	N	N	N	N	N	N	N	N	N	N	N	N	N	N	N	0.0000	0.0000	0.0000	0.0000	0.0000	0.0000	0.0000	0.0000	0.0000	0.0000	0.0000	0.0000	0.0000	0.0000	0.0000	0.0000	0.0000	0.0000	0.0000	0.0000	0.0000	0.0000	0.0000	0.0000	0.0000	0.0000	0.0000			0.0000	0.0000	0.0002	5.0102	2.0046	6.9613	0.0000	0.0000	0.0000	0.0000	0.0000	0.0000	0.0000	0.0000	0.0000	0.0000	0.0000	0.0000	0.0000	0.0000	0.0000	0.0000	0.0000	0.0000	0.0000	0.0000	0.0000	0.0000	0.0000	0.0000	0.0000	0.0000	0.0000	0.0425	0.0228	0.0197	0.0062	0.0049	0.0012	0.0363	0.0178	0.0185
7	43	0.0468	11	2	0	0	1	0	0	0	1	0	1	2	2	0	0	0	0	0	0	Y	N	N	N	Y	Y	N	N	N	N	N	N	N	N	N	N	N	N	0.0000	0.0000	0.0000	0.0000	0.0000	0.0000	0.0000	0.0000	0.0000	0.0000	0.0000	0.0000	0.0000	0.0000	0.0000	0.0000	0.0000	0.0000	0.0000	0.0000	0.0000	0.0000	0.0000	0.0000	0.0000	0.0000	0.0000			0.0000	0.0000	0.0002	2.9999	2.0046	0.9999	0.0000	0.0000	0.0000	0.0000	0.0000	0.0000	0.0000	0.0000	0.0000	0.0000	0.0000	0.0000	0.0000	0.0000	0.0000	0.0000	0.0000	0.0000	0.0000	0.0000	0.0000	0.0000	0.0000	0.0000	0.0000	0.0000	0.0000	0.0156	0.0076	0.0081	0.0005	0.0004	0.0001	0.0152	0.0072	0.0080
7	44	0.0420	10	2	0	0	0	0	0	0	0	0	0	2	1	0	0	0	0	0	0	Y	N	N	N	Y	N	N	N	N	N	N	N	N	N	N	N	N	N	0.0000	0.0000	0.0000	0.0000	0.0000	0.0000	0.0000	0.0000	0.0000	0.0000	0.0000	0.0000	0.0000	0.0000	0.0000	0.0000	0.0000	0.0000	0.0051	0.0052	0.0050	0.0000	0.0000	0.0000	0.0052	0.0054	0.0050		0.9999	0.0000	-0.0000	0.0002	1.0020	2.0046	0.0022	0.0000	0.0000	0.0000	0.0000	0.0000	0.0000	0.0000	0.0000	0.0000	0.0000	0.0000	0.0000	0.0000	0.0000	0.0000	0.0000	0.0000	0.0000	0.0000	0.0000	0.0000	0.0000	0.0000	0.0000	0.0000	0.0000	0.0000	0.0039	0.0019	0.0020	0.0001	0.0001	0.0000	0.0038	0.0019	0.0020
7	45	0.0420	10	2	0	0	0	0	0	0	0	0	0	2	2	0	0	0	0	0	0	Y	N	N	N	Y	Y	N	N	N	N	N	N	N	N	N	N	N	N	0.0000	0.0000	0.0000	0.0000	0.0000	0.0000	0.0000	0.0000	0.0000	0.0000	0.0000	0.0000	0.0000	0.0000	0.0000	0.0000	0.0000	0.0000	0.0000	0.0000	0.0000	0.0000	0.0000	0.0000	0.0000	0.0000	0.0000			0.0000	0.0000	0.0002	4.0000	2.0046	1.0000	0.0000	0.0000	0.0000	0.0000	0.0000	0.0000	0.0000	0.0000	0.0000	0.0000	0.0000	0.0000	0.0000	0.0000	0.0000	0.0000	0.0000	0.0000	0.0000	0.0000	0.0000	0.0000	0.0000	0.0000	0.0000	0.0000	0.0000	0.0192	0.0095	0.0098	0.0005	0.0004	0.0001	0.0187	0.0090	0.0097
7	46	0.1602	17	2	0	0	0	0	0	0	0	0	1	1	2	0	0	0	0	0	0	Y	N	N	N	N	Y	N	N	N	N	N	N	N	N	N	N	N	N	0.0000	0.0000	0.0000	0.0000	0.0000	0.0000	0.0000	0.0000	0.0000	0.0000	0.0000	0.0000	0.0000	0.0000	0.0000	0.0000	0.0000	0.0000	0.0000	0.0000	0.0000	0.0000	0.0000	0.0000	0.0000	0.0000	0.0000			0.0000	0.0000	0.0002	0.0007	2.0046	1.0103	0.0000	0.0000	0.0000	0.0000	0.0000	0.0000	0.0000	0.0000	0.0000	0.0000	0.0000	0.0000	0.0000	0.0000	0.0000	0.0000	0.0000	0.0000	0.0000	0.0000	0.0000	0.0000	0.0000	0.0000	0.0000	0.0000	0.0000	0.0111	0.0079	0.0032	0.0043	0.0041	0.0001	0.0069	0.0038	0.0031
7	47	0.1251	16	2	0	0	0	1	0	0	0	0	0	1	1	0	0	0	0	0	0	Y	N	N	N	N	N	N	N	N	N	N	N	N	N	N	N	N	N	0.0000	0.0000	0.0000	0.0000	0.0000	0.0000	0.0000	0.0000	0.0000	0.0000	0.0000	0.0000	0.0000	0.0000	0.0000	0.0000	0.0000	0.0000	0.0030	0.0054	0.0000	0.0190	0.0226	0.0000	0.0000	0.0000	0.0000		0.0000	0.0000	-0.0001	0.0002	6.8097	2.0046	3.8431	0.0000	0.0000	0.0000	0.0000	0.0000	0.0000	0.0000	0.0000	0.0000	0.0001	0.0001	0.0000	0.0001	0.0001	0.0000	0.0000	0.0000	0.0000	0.0000	0.0000	0.0000	0.0000	0.0000	0.0000	0.0000	0.0000	0.0000	0.0405	0.0221	0.0184	0.0063	0.0053	0.0010	0.0342	0.0168	0.0174
7	48	0.1956	20	2	0	1	0	0	0	1	0	0	0	1	1	0	0	0	0	0	0	Y	N	N	N	N	N	N	N	N	N	N	N	N	N	N	N	N	N	0.0000	0.0000	0.0000	0.0000	0.0000	0.0000	0.0000	0.0000	0.0000	0.0000	0.0000	0.0000	0.0000	0.0000	0.0000	0.0000	0.0000	0.0000	0.0000	0.0000	0.0000	0.0000	0.0000	0.0000	0.0000	0.0000	0.0000			0.0000	0.0000	0.0002	0.0000	2.0046	0.0001	0.0000	0.0000	0.0000	0.0000	0.0000	0.0000	0.0000	0.0000	0.0000	0.0000	0.0000	0.0000	0.0000	0.0000	0.0000	0.0000	0.0000	0.0000	0.0000	0.0000	0.0000	0.0000	0.0000	0.0000	0.0000	0.0000	0.0000	0.0005	0.0003	0.0001	0.0003	0.0002	0.0000	0.0002	0.0001	0.0001
7	49	0.1861	19	2	0	0	0	0	0	0	0	0	0	1	1	0	0	0	0	0	0	Y	N	N	N	N	N	N	N	N	N	N	N	N	N	N	N	N	N	3.7761	20.8129	0.0000	22.3997	20.4158	0.0000	0.0000	0.0000	0.0000	0.0004	0.0004	0.0000	0.0012	0.0012	0.0000	0.0000	0.0000	0.0000	0.0001	0.0000	0.0002	0.0001	0.0001	0.0000	0.0001	0.0000	0.0003	0.0000	6.7378	-0.0000	0.0000	0.0002	1.6285	2.0046	1.0381	0.0000	0.0000	0.0000	0.0000	0.0000	0.0000	0.0000	0.0000	0.0000	0.0000	0.0000	0.0000	0.0000	0.0000	0.0000	0.0000	0.0000	0.0000	0.0000	0.0000	0.0000	0.0000	0.0000	0.0000	0.0000	0.0000	0.0000	0.0133	0.0084	0.0049	0.0034	0.0030	0.0003	0.0099	0.0054	0.0045
7	50	0.0646	13	2	0	1	1	0	0	0	1	0	0	2	2	0	0	0	0	0	0	Y	N	N	N	Y	Y	N	N	N	N	N	N	N	N	N	N	N	N	0.0000	0.0000	0.0000	0.0000	0.0000	0.0000	0.0000	0.0000	0.0000	0.0000	0.0000	0.0000	0.0000	0.0000	0.0000	0.0000	0.0000	0.0000	0.0000	0.0000	0.0000	0.0000	0.0000	0.0000	0.0000	0.0000	0.0000			0.0000	0.0000	0.0002	0.0001	2.0046	0.9998	0.0000	0.0000	0.0000	0.0000	0.0000	0.0000	0.0000	0.0000	0.0000	0.0000	0.0000	0.0000	0.0000	0.0000	0.0000	0.0000	0.0000	0.0000	0.0000	0.0000	0.0000	0.0000	0.0000	0.0000	0.0000	0.0000	0.0000	0.0040	0.0020	0.0020	0.0002	0.0001	0.0000	0.0038	0.0018	0.0019
7	51	0.0646	13	2	0	1	0	0	0	0	0	0	0	2	2	0	0	0	0	0	0	Y	N	N	N	Y	Y	N	N	N	N	N	N	N	N	N	N	N	N	0.0000	0.0000	0.0000	0.0000	0.0000	0.0000	0.0000	0.0000	0.0000	0.0000	0.0000	0.0000	0.0000	0.0000	0.0000	0.0000	0.0000	0.0000	0.0000	0.0000	0.0000	0.0000	0.0000	0.0000	0.0000	0.0000	0.0000			0.0000	0.0000	0.0002	0.0001	2.0046	1.0003	0.0000	0.0000	0.0000	0.0000	0.0000	0.0000	0.0000	0.0000	0.0000	0.0000	0.0000	0.0000	0.0000	0.0000	0.0000	0.0000	0.0000	0.0000	0.0000	0.0000	0.0000	0.0000	0.0000	0.0000	0.0000	0.0000	0.0000	0.0040	0.0020	0.0020	0.0002	0.0001	0.0000	0.0038	0.0018	0.0019
7	52	0.0614	12	2	0	1	0	0	0	1	0	0	0	2	2	0	0	0	0	0	0	Y	N	N	N	Y	Y	N	N	N	N	N	N	N	N	N	N	N	N	0.0000	0.0000	0.0000	0.0000	0.0000	0.0000	0.0000	0.0000	0.0000	0.0000	0.0000	0.0000	0.0000	0.0000	0.0000	0.0000	0.0000	0.0000	0.0000	0.0000	0.0000	0.0000	0.0000	0.0000	0.0000	0.0000	0.0000			0.0000	0.0000	0.0002	1.0000	2.0046	0.0042	0.0000	0.0000	0.0000	0.0000	0.0000	0.0000	0.0000	0.0000	0.0000	0.0000	0.0000	0.0000	0.0000	0.0000	0.0000	0.0000	0.0000	0.0000	0.0000	0.0000	0.0000	0.0000	0.0000	0.0000	0.0000	0.0000	0.0000	0.0039	0.0020	0.0020	0.0002	0.0001	0.0000	0.0038	0.0018	0.0019
7	53	0.0583	11	2	0	0	0	0	0	0	0	0	0	2	2	0	0	0	0	0	0	Y	N	N	N	Y	Y	N	N	N	N	N	N	N	N	N	N	N	N	0.0000	0.0000	0.0000	0.0000	0.0000	0.0000	0.0000	0.0000	0.0000	0.0000	0.0000	0.0000	0.0000	0.0000	0.0000	0.0000	0.0000	0.0000	0.0000	0.0000	0.0000	0.0000	0.0000	0.0000	0.0000	0.0000	0.0000			0.0000	0.0000	0.0002	0.9921	2.0046	0.0076	0.0000	0.0000	0.0000	0.0000	0.0000	0.0000	0.0000	0.0000	0.0000	0.0000	0.0000	0.0000	0.0000	0.0000	0.0000	0.0000	0.0000	0.0000	0.0000	0.0000	0.0000	0.0000	0.0000	0.0000	0.0000	0.0000	0.0000	0.0040	0.0020	0.0020	0.0002	0.0002	0.0000	0.0038	0.0018	0.0020
7	54	0.1149	11	2	0	1	0	0	0	0	0	0	0	2	1	0	0	0	0	0	0	Y	N	N	N	Y	N	N	N	N	N	N	N	N	N	N	N	N	N	0.0000	0.0000	0.0000	0.0000	0.0000	0.0000	0.0000	0.0000	0.0000	0.0000	0.0000	0.0000	0.0000	0.0000	0.0000	0.0000	0.0000	0.0000	0.0000	0.0000	0.0000	0.0000	0.0000	0.0000	0.0000	0.0000	0.0000			0.0000	0.0000	0.0002	0.0000	2.0046	0.0000	0.0000	0.0000	0.0000	0.0000	0.0000	0.0000	0.0000	0.0000	0.0000	0.0000	0.0000	0.0000	0.0000	0.0000	0.0000	0.0000	0.0000	0.0000	0.0000	0.0000	0.0000	0.0000	0.0000	0.0000	0.0000	0.0000	0.0000	0.0000	0.0000	0.0000	0.0000	0.0000	0.0000	0.0000	0.0000	0.0000
7	58	0.0470	7	2	0	1	0	0	0	0	0	0	1	1	2	0	0	0	0	0	0	Y	N	N	N	N	Y	N	N	N	N	N	N	N	N	N	N	N	N	0.0000	0.0000	0.0000	0.0000	0.0000	0.0000	0.0000	0.0000	0.0000	0.0000	0.0000	0.0000	0.0000	0.0000	0.0000	0.0000	0.0000	0.0000	0.0000	0.0000	0.0000	0.0000	0.0000	0.0000	0.0000	0.0000	0.0000			0.0000	0.0000	0.0002	1.0033	2.0046	1.0015	0.0000	0.0000	0.0000	0.0000	0.0000	0.0000	0.0000	0.0000	0.0000	0.0000	0.0000	0.0000	0.0000	0.0000	0.0000	0.0000	0.0000	0.0000	0.0000	0.0000	0.0000	0.0000	0.0000	0.0000	0.0000	0.0000	0.0000	0.0105	0.0061	0.0043	0.0015	0.0015	0.0000	0.0089	0.0046	0.0043
7	59	0.0323	6	2	0	1	0	0	0	0	0	0	0	1	1	0	0	0	0	0	0	Y	N	N	N	N	N	N	N	N	N	N	N	N	N	N	N	N	N	0.0000	0.0000	0.0000	0.0000	0.0000	0.0000	0.0000	0.0000	0.0000	0.0000	0.0000	0.0000	0.0000	0.0000	0.0000	0.0000	0.0000	0.0000	0.0056	0.0057	0.0056	0.0000	0.0001	0.0000	0.0058	0.0060	0.0056		0.9995	0.0000	-0.0000	0.0002	2.9984	2.0046	1.5227	0.0000	0.0000	0.0000	0.0000	0.0000	0.0000	0.0000	0.0000	0.0000	0.0001	0.0000	0.0000	0.0000	0.0000	0.0000	0.0001	0.0000	0.0000	0.0000	0.0000	0.0000	0.0000	0.0000	0.0000	0.0000	0.0000	0.0000	0.0177	0.0087	0.0090	0.0005	0.0004	0.0001	0.0172	0.0084	0.0089
7	60	0.0420	10	2	0	0	0	0	0	0	0	0	0	2	2	0	0	0	0	0	0	Y	N	N	N	Y	Y	N	N	N	N	N	N	N	N	N	N	N	N	0.0000	0.0000	0.0000	0.0000	0.0000	0.0000	0.0000	0.0000	0.0000	0.0000	0.0000	0.0000	0.0000	0.0000	0.0000	0.0000	0.0000	0.0000	0.0000	0.0000	0.0000	0.0000	0.0000	0.0000	0.0000	0.0000	0.0000			0.0000	0.0000	0.0002	2.0000	2.0046	7.0000	0.0000	0.0000	0.0000	0.0000	0.0000	0.0000	0.0000	0.0000	0.0000	0.0000	0.0000	0.0000	0.0000	0.0000	0.0000	0.0000	0.0000	0.0000	0.0000	0.0000	0.0000	0.0000	0.0000	0.0000	0.0000	0.0000	0.0000	0.0339	0.0167	0.0172	0.0009	0.0007	0.0002	0.0330	0.0159	0.0171
7	61	0.0420	9	2	0	0	0	0	0	0	0	0	1	2	2	0	0	0	0	0	0	Y	N	N	N	Y	Y	N	N	N	N	N	N	N	N	N	N	N	N	0.0000	0.0000	0.0000	0.0000	0.0000	0.0000	0.0000	0.0000	0.0000	0.0000	0.0000	0.0000	0.0000	0.0000	0.0000	0.0000	0.0000	0.0000	0.0000	0.0000	0.0000	0.0000	0.0000	0.0000	0.0000	0.0000	0.0000			0.0000	0.0000	0.0002	0.0000	2.0046	0.0000	0.0000	0.0000	0.0000	0.0000	0.0000	0.0000	0.0000	0.0000	0.0000	0.0000	0.0000	0.0000	0.0000	0.0000	0.0000	0.0000	0.0000	0.0000	0.0000	0.0000	0.0000	0.0000	0.0000	0.0000	0.0000	0.0000	0.0000	0.0000	0.0000	0.0000	0.0000	0.0000	0.0000	0.0000	0.0000	0.0000
7	62	0.1016	12	2	0	1	0	0	0	0	0	0	0	2	1	0	0	0	0	0	0	Y	N	N	N	Y	N	N	N	N	N	N	N	N	N	N	N	N	N	53451.1364	0.0000	165210.0340	inf	0.0000	inf	0.0000	0.0000	0.0000	0.0064	0.0000	0.0576	0.0237	0.0000	0.8397	0.0000	0.0000	0.0000	0.0000	0.0000	0.0000	0.0000	0.0000	0.0000	0.0000	0.0000	0.0000	inf	inf	0.0000	0.0000	0.0002	0.9672	2.0046	2.9870	0.0000	0.0000	0.0000	0.0000	0.0000	0.0000	0.0000	0.0000	0.0000	0.0000	0.0000	0.0000	0.0000	0.0000	0.0000	0.0000	0.0000	0.0000	0.0000	0.0000	0.0000	0.0000	0.0000	0.0000	0.0000	0.0000	0.0000	0.0233	0.0153	0.0080	0.0058	0.0054	0.0004	0.0175	0.0099	0.0077
7	63	0.0704	11	2	0	1	0	0	0	0	0	1	0	2	1	0	0	0	0	0	0	Y	N	N	N	Y	N	N	N	N	N	N	N	N	N	N	N	N	N	43915.6355	27439.6979	0.0000	17708.2356	15979.8038	0.0000	0.0000	0.0000	0.0000	0.0033	0.0037	0.0000	0.0143	0.0144	0.0000	0.0000	0.0000	0.0000	0.0000	0.0000	0.0000	0.0000	0.0000	0.0000	0.0000	0.0000	0.0000	0.0000	0.0714	-0.0000	-0.0000	0.0002	2.0363	2.0046	7.8590	0.0000	0.0000	0.0000	0.0000	0.0000	0.0000	0.0000	0.0000	0.0000	0.0000	0.0000	0.0000	0.0000	0.0000	0.0000	0.0000	0.0000	0.0000	0.0000	0.0000	0.0000	0.0000	0.0000	0.0000	0.0000	0.0000	0.0000	0.0397	0.0205	0.0192	0.0035	0.0031	0.0004	0.0362	0.0174	0.0189
7	64	0.0647	10	2	0	1	0	0	0	0	0	0	0	1	1	0	0	0	0	0	0	Y	N	N	N	N	N	N	N	N	N	N	N	N	N	N	N	N	N	0.0000	0.0000	0.0000	0.0000	0.0000	0.0000	0.0000	0.0000	0.0000	0.0000	0.0000	0.0000	0.0000	0.0000	0.0000	0.0000	0.0000	0.0000	0.0000	0.0000	0.0000	0.0000	0.0000	0.0000	0.0000	0.0000	0.0000			0.0000	-0.0000	0.0002	0.0049	2.0046	1.8223	0.0000	0.0000	0.0000	0.0000	0.0000	0.0000	0.0000	0.0000	0.0000	0.0000	0.0000	0.0000	0.0000	0.0000	0.0000	0.0000	0.0000	0.0000	0.0000	0.0000	0.0000	0.0000	0.0000	0.0000	0.0000	0.0000	0.0000	0.0072	0.0037	0.0036	0.0004	0.0004	0.0001	0.0068	0.0033	0.0035
7	65	0.0355	7	2	0	1	0	0	0	0	0	0	0	1	1	0	0	0	0	0	0	Y	N	N	N	N	N	N	N	N	N	N	N	N	N	N	N	N	N	0.0000	0.0000	0.0000	0.0000	0.0000	0.0000	0.0000	0.0000	0.0000	0.0000	0.0000	0.0000	0.0000	0.0000	0.0000	0.0000	0.0000	0.0000	0.0000	0.0000	0.0000	0.0000	0.0000	0.0002	0.0000	0.0000	0.0000		inf	0.0000	0.0000	0.0002	2.0010	2.0046	3.9928	0.0000	0.0000	0.0000	0.0000	0.0000	0.0000	0.0000	0.0000	0.0000	0.0000	0.0000	0.0000	0.0000	0.0000	0.0000	0.0000	0.0000	0.0000	0.0000	0.0000	0.0000	0.0000	0.0000	0.0000	0.0000	0.0000	0.0000	0.0234	0.0116	0.0118	0.0007	0.0006	0.0001	0.0227	0.0110	0.0117
7	66	0.0323	6	2	0	1	0	0	0	0	0	0	0	1	1	0	0	0	0	0	0	Y	N	N	N	N	N	N	N	N	N	N	N	N	N	N	N	N	N	0.0000	0.0000	0.0000	0.0000	0.0000	0.0000	0.0000	0.0000	0.0000	0.0000	0.0000	0.0000	0.0000	0.0000	0.0000	0.0000	0.0000	0.0000	0.0000	0.0000	0.0000	0.0002	0.0002	0.0000	0.0000	0.0000	0.0000		0.0000	0.0000	-0.0000	0.0002	1.0002	2.0046	0.0173	0.0000	0.0000	0.0000	0.0000	0.0000	0.0000	0.0000	0.0000	0.0000	0.0000	0.0000	0.0000	0.0000	0.0000	0.0000	0.0000	0.0000	0.0000	0.0000	0.0000	0.0000	0.0000	0.0000	0.0000	0.0000	0.0000	0.0000	0.0041	0.0020	0.0021	0.0001	0.0001	0.0000	0.0040	0.0019	0.0020
7	67	0.0323	5	2	0	1	0	0	0	1	0	0	0	1	1	0	0	0	0	0	0	Y	N	N	N	N	N	N	N	N	N	N	N	N	N	N	N	N	N	0.0000	0.0000	0.0000	0.0000	0.0000	0.0000	0.0000	0.0000	0.0000	0.0000	0.0000	0.0000	0.0000	0.0000	0.0000	0.0000	0.0000	0.0000	0.0000	0.0000	0.0000	0.0000	0.0000	0.0000	0.0000	0.0000	0.0000			0.0000	0.0000	0.0002	0.0001	2.0046	0.0028	0.0000	0.0000	0.0000	0.0000	0.0000	0.0000	0.0000	0.0000	0.0000	0.0000	0.0000	0.0000	0.0000	0.0000	0.0000	0.0000	0.0000	0.0000	0.0000	0.0000	0.0000	0.0000	0.0000	0.0000	0.0000	0.0000	0.0000	0.0000	0.0000	0.0000	0.0000	0.0000	0.0000	0.0000	0.0000	0.0000
7	68	0.1861	19	2	0	0	0	0	0	0	0	0	1	1	2	0	0	0	0	0	0	Y	N	N	N	N	Y	N	N	N	N	N	N	N	N	N	N	N	N	0.0000	0.0000	0.0000	0.0000	0.0000	0.0000	0.0000	0.0000	0.0000	0.0000	0.0000	0.0000	0.0000	0.0000	0.0000	0.0000	0.0000	0.0000	0.0000	0.0000	0.0000	0.0000	0.0000	0.0000	0.0000	0.0000	0.0000		0.0418	0.0000	-0.0000	0.0002	1.4193	2.0046	5.2011	0.0000	0.0000	0.0000	0.0000	0.0000	0.0000	0.0000	0.0000	0.0000	0.0000	0.0000	0.0000	0.0000	0.0000	0.0000	0.0000	0.0000	0.0000	0.0000	0.0000	0.0000	0.0000	0.0000	0.0000	0.0000	0.0000	0.0000	0.0266	0.0154	0.0112	0.0053	0.0045	0.0008	0.0213	0.0109	0.0103
7	69	0.1359	18	2	0	0	0	1	0	0	0	0	0	1	1	0	0	0	0	0	0	Y	N	N	N	N	N	N	N	N	N	N	N	N	N	N	N	N	N	0.0000	0.0000	0.0000	0.0000	0.0000	0.0000	0.0000	0.0000	0.0000	0.0000	0.0000	0.0000	0.0000	0.0000	0.0000	0.0000	0.0000	0.0000	0.0000	0.0000	0.0000	0.0000	0.0000	0.0000	0.0000	0.0000	0.0000		24.0006	0.0000	0.0000	0.0002	9.3928	2.0046	3.6523	0.0000	0.0000	0.0000	0.0000	0.0000	0.0000	0.0000	0.0000	0.0000	0.0000	0.0000	0.0000	0.0000	0.0000	0.0000	0.0000	0.0000	0.0000	0.0000	0.0000	0.0000	0.0000	0.0000	0.0000	0.0000	0.0000	0.0000	0.0481	0.0259	0.0223	0.0068	0.0055	0.0013	0.0414	0.0204	0.0210
7	73	0.0570	11	2	0	1	0	0	0	1	0	0	0	2	1	0	0	0	0	0	0	Y	N	N	N	Y	N	N	N	N	N	N	N	N	N	N	N	N	N	0.0000	0.0000	0.0000	0.0000	0.0000	0.0000	0.0000	0.0000	0.0000	0.0000	0.0000	0.0000	0.0000	0.0000	0.0000	0.0000	0.0000	0.0000	0.0000	0.0000	0.0000	0.0000	0.0000	0.0000	0.0000	0.0000	0.0000			0.0000	0.0000	0.0002	3.9579	2.0046	0.9988	0.0000	0.0000	0.0000	0.0000	0.0000	0.0000	0.0000	0.0000	0.0000	0.0000	0.0000	0.0000	0.0000	0.0000	0.0000	0.0000	0.0000	0.0000	0.0000	0.0000	0.0000	0.0000	0.0000	0.0000	0.0000	0.0000	0.0000	0.0203	0.0106	0.0097	0.0015	0.0014	0.0001	0.0188	0.0092	0.0095
7	74	0.0420	10	2	0	0	0	0	0	0	0	0	0	2	1	0	0	0	0	0	0	Y	N	N	N	Y	N	N	N	N	N	N	N	N	N	N	N	N	N	0.0000	0.0000	0.0000	0.0000	0.0000	0.0000	0.0000	0.0000	0.0000	0.0000	0.0000	0.0000	0.0000	0.0000	0.0000	0.0000	0.0000	0.0000	0.0110	0.0166	0.0057	0.0000	0.0000	0.0000	0.0114	0.0173	0.0058		0.3568	0.0000	-0.0001	0.0002	3.9277	2.0046	0.5227	0.0000	0.0000	0.0000	0.0000	0.0000	0.0000	0.0000	0.0000	0.0000	0.0002	0.0001	0.0000	0.0000	0.0000	0.0000	0.0002	0.0001	0.0000	0.0000	0.0000	0.0000	0.0000	0.0000	0.0000	0.0000	0.0000	0.0000	0.0172	0.0084	0.0087	0.0005	0.0004	0.0001	0.0167	0.0081	0.0086
7	75	0.0420	9	2	0	0	0	0	0	0	0	0	0	2	1	0	0	0	0	0	0	Y	N	N	N	Y	N	N	N	N	N	N	N	N	N	N	N	N	N	0.0000	0.0000	0.0000	0.0000	0.0000	0.0000	0.0000	0.0000	0.0000	0.0000	0.0000	0.0000	0.0000	0.0000	0.0000	0.0000	0.0000	0.0000	0.0000	0.0000	0.0000	0.0000	0.0000	0.0000	0.0000	0.0000	0.0000			0.0000	0.0000	0.0002	0.0009	2.0046	0.0000	0.0000	0.0000	0.0000	0.0000	0.0000	0.0000	0.0000	0.0000	0.0000	0.0000	0.0000	0.0000	0.0000	0.0000	0.0000	0.0000	0.0000	0.0000	0.0000	0.0000	0.0000	0.0000	0.0000	0.0000	0.0000	0.0000	0.0000	0.0000	0.0000	0.0000	0.0000	0.0000	0.0000	0.0000	0.0000	0.0000
7	76	0.0388	8	2	0	0	0	0	0	0	0	0	0	2	1	0	0	0	0	0	0	Y	N	N	N	Y	N	N	N	N	N	N	N	N	N	N	N	N	N	0.0000	0.0000	0.0000	0.0000	0.0000	0.0000	0.0000	0.0000	0.0000	0.0000	0.0000	0.0000	0.0000	0.0000	0.0000	0.0000	0.0000	0.0000	0.0000	0.0000	0.0000	0.0000	0.0000	0.0000	0.0000	0.0000	0.0000			0.0000	0.0000	0.0002	1.0000	2.0046	0.0000	0.0000	0.0000	0.0000	0.0000	0.0000	0.0000	0.0000	0.0000	0.0000	0.0000	0.0000	0.0000	0.0000	0.0000	0.0000	0.0000	0.0000	0.0000	0.0000	0.0000	0.0000	0.0000	0.0000	0.0000	0.0000	0.0000	0.0000	0.0039	0.0019	0.0020	0.0001	0.0001	0.0000	0.0038	0.0018	0.0020
7	77	0.0767	11	2	0	0	0	1	0	0	0	0	0	1	1	0	0	0	0	0	0	Y	N	N	N	N	N	N	N	N	N	N	N	N	N	N	N	N	N	0.0000	0.0000	0.0000	0.0000	0.0000	0.0000	0.0000	0.0000	0.0000	0.0000	0.0000	0.0000	0.0000	0.0000	0.0000	0.0000	0.0000	0.0000	0.0000	0.0000	0.0000	0.0000	0.0000	0.0000	0.0000	0.0000	0.0000			0.0000	-0.0000	0.0002	3.3326	2.0046	4.0108	0.0000	0.0000	0.0000	0.0000	0.0000	0.0000	0.0000	0.0000	0.0000	0.0000	0.0000	0.0000	0.0000	0.0000	0.0000	0.0000	0.0000	0.0000	0.0000	0.0000	0.0000	0.0000	0.0000	0.0000	0.0000	0.0000	0.0000	0.0277	0.0141	0.0135	0.0012	0.0010	0.0002	0.0265	0.0132	0.0133
7	78	0.0129	3	2	0	1	0	0	0	1	0	0	0	2	2	0	0	0	0	0	0	Y	N	N	N	Y	Y	N	N	N	N	N	N	N	N	N	N	N	N	0.0000	0.0000	0.0000	0.0000	0.0000	0.0000	0.0000	0.0000	0.0000	0.0000	0.0000	0.0000	0.0000	0.0000	0.0000	0.0000	0.0000	0.0000	0.0503	0.1004	0.0000	2.2471	2.2753	0.0000	0.0000	0.0000	0.0000		0.0000	0.0000	-0.0001	0.0002	0.0000	2.0046	0.9988	0.0000	0.0000	0.0000	0.0000	0.0000	0.0000	0.0000	0.0000	0.0000	0.0002	0.0002	0.0000	0.0002	0.0002	0.0000	0.0000	0.0000	0.0000	0.0000	0.0000	0.0000	0.0000	0.0000	0.0000	0.0000	0.0000	0.0000	0.0042	0.0021	0.0021	0.0001	0.0001	0.0000	0.0041	0.0020	0.0021
7	79	0.0097	2	2	0	0	0	0	0	0	0	0	0	2	2	0	0	0	0	0	0	Y	N	N	N	Y	Y	N	N	N	N	N	N	N	N	N	N	N	N	3.8048	0.0000	4317.0135	0.0000	0.0000	0.0000	9.4044	0.0000	4316.9205	0.2414	0.0000	0.4961	0.0000	0.0000	0.0000	0.4754	0.0000	0.4961	0.0634	0.1284	0.0001	0.4872	0.4874	0.0000	0.0505	0.1056	0.0001	inf	0.0009	0.0000	-0.0002	0.0002	0.0001	2.0046	1.0072	0.0000	0.0000	0.0000	0.0000	0.0000	0.0000	0.0000	0.0000	0.0000	0.0003	0.0003	0.0000	0.0001	0.0001	0.0000	0.0002	0.0002	0.0000	0.0000	0.0000	0.0000	0.0000	0.0000	0.0000	0.0000	0.0000	0.0000	0.0043	0.0021	0.0022	0.0001	0.0001	0.0000	0.0042	0.0020	0.0022
7	81	0.0647	10	2	0	1	0	0	0	0	0	0	0	1	1	0	0	0	0	0	0	Y	N	N	N	N	N	N	N	N	N	N	N	N	N	N	N	N	N	0.0000	0.0000	0.0000	0.0000	0.0000	0.0000	0.0000	0.0000	0.0000	0.0000	0.0000	0.0000	0.0000	0.0000	0.0000	0.0000	0.0000	0.0000	0.0000	0.0000	0.0000	0.0000	0.0000	0.0000	0.0000	0.0000	0.0000			0.0000	0.0000	0.0002	7.0000	2.0046	2.0013	0.0000	0.0000	0.0000	0.0000	0.0000	0.0000	0.0000	0.0000	0.0000	0.0000	0.0000	0.0000	0.0000	0.0000	0.0000	0.0000	0.0000	0.0000	0.0000	0.0000	0.0000	0.0000	0.0000	0.0000	0.0000	0.0000	0.0000	0.0343	0.0174	0.0168	0.0020	0.0017	0.0003	0.0322	0.0157	0.0165
7	82	0.0647	9	2	0	1	0	1	0	1	0	0	0	1	1	0	0	0	0	0	0	Y	N	N	N	N	N	N	N	N	N	N	N	N	N	N	N	N	N	0.0000	0.0000	0.0000	0.0000	0.0000	0.0000	0.0000	0.0000	0.0000	0.0000	0.0000	0.0000	0.0000	0.0000	0.0000	0.0000	0.0000	0.0000	0.0000	0.0000	0.0000	0.0000	0.0000	0.0000	0.0000	0.0000	0.0000			0.0000	0.0000	0.0002	0.0005	2.0046	0.0029	0.0000	0.0000	0.0000	0.0000	0.0000	0.0000	0.0000	0.0000	0.0000	0.0000	0.0000	0.0000	0.0000	0.0000	0.0000	0.0000	0.0000	0.0000	0.0000	0.0000	0.0000	0.0000	0.0000	0.0000	0.0000	0.0000	0.0000	0.0000	0.0000	0.0000	0.0000	0.0000	0.0000	0.0000	0.0000	0.0000
7	83	0.0194	3	2	0	0	0	0	0	0	0	0	0	2	2	0	0	0	0	0	0	Y	N	N	N	Y	Y	N	N	N	N	N	N	N	N	N	N	N	N	431356.8934	241325.8644	0.0000	22495.1519	21257.0398	0.0000	0.0000	0.0000	0.0000	5.7844	6.5389	0.0000	26.2440	26.2536	0.0000	0.0000	0.0000	0.0000	0.0000	0.0000	0.0000	0.0012	0.0012	0.0000	0.0000	0.0000	0.0000	0.0000	0.0002	-0.0000	-0.0000	0.0002	5.0069	2.0046	6.0103	0.0001	0.0001	0.0000	0.0001	0.0001	0.0000	0.0000	0.0000	0.0000	0.0000	0.0000	0.0000	0.0000	0.0000	0.0000	0.0000	0.0000	0.0000	0.0000	0.0000	0.0000	0.0000	0.0000	0.0000	0.0000	0.0000	0.0000	0.0426	0.0211	0.0215	0.0005	0.0005	0.0000	0.0421	0.0206	0.0215
7	85	0.0935	10	2	0	1	0	0	0	0	0	0	0	1	1	0	0	0	0	0	0	Y	N	N	N	N	N	N	N	N	N	N	N	N	N	N	N	N	N	0.1268	0.0790	0.0000	0.0385	0.0379	0.0000	0.0000	0.0000	0.0000	0.0000	0.0000	0.0000	0.0001	0.0001	0.0000	0.0000	0.0000	0.0000	0.0002	0.0004	0.0000	0.0018	0.0019	0.0000	0.0000	0.0000	0.0000	0.0000	0.0000	-0.0000	-0.0000	0.0002	9.9670	2.0046	12.6920	0.0000	0.0000	0.0000	0.0000	0.0000	0.0000	0.0000	0.0000	0.0000	0.0000	0.0000	0.0000	0.0000	0.0000	0.0000	0.0000	0.0000	0.0000	0.0000	0.0000	0.0000	0.0000	0.0000	0.0000	0.0000	0.0000	0.0000	0.0896	0.0497	0.0399	0.0113	0.0103	0.0011	0.0783	0.0394	0.0389
7	86	0.0870	9	2	0	1	0	1	0	1	0	0	0	1	1	0	0	0	0	0	0	Y	N	N	N	N	N	N	N	N	N	N	N	N	N	N	N	N	N	16.9117	104.3401	0.7324	49.5142	87.2469	0.4793	0.0000	0.0000	0.0000	0.0118	0.0130	0.0013	0.0269	0.0290	0.0036	0.0000	0.0000	0.0000	0.0007	0.0001	0.0018	0.0005	0.0003	0.0076	0.0008	0.0000	0.0017	0.0114	7.5698	-0.0000	0.0000	0.0002	1.5419	2.0046	1.3342	0.0000	0.0000	0.0000	0.0000	0.0000	0.0000	0.0000	0.0000	0.0000	0.0000	0.0000	0.0000	0.0000	0.0000	0.0000	0.0000	0.0000	0.0000	0.0000	0.0000	0.0000	0.0000	0.0000	0.0000	0.0000	0.0000	0.0000	0.0197	0.0129	0.0068	0.0050	0.0048	0.0001	0.0147	0.0080	0.0067
7	87	0.1103	12	1	0	0	0	0	0	0	0	0	0	1	2	0	0	0	0	0	0	N	N	N	N	N	Y	N	N	N	N	N	N	N	N	N	N	N	N	inf	inf	0.0000	inf	inf	0.0000	0.0000	0.0000	0.0000	0.0003	0.0003	0.0000	0.0006	0.0007	0.0000	0.0000	0.0000	0.0000	0.0000	0.0000	0.0000	0.0000	0.0000	0.0000	0.0000	0.0000	0.0000	0.0000		-0.0000	0.0000	0.0002	0.9989	2.0046	0.5152	0.0000	0.0000	0.0000	0.0000	0.0000	0.0000	0.0000	0.0000	0.0000	0.0000	0.0000	0.0000	0.0000	0.0000	0.0000	0.0000	0.0000	0.0000	0.0000	0.0000	0.0000	0.0000	0.0000	0.0000	0.0000	0.0000	0.0000	0.0105	0.0065	0.0039	0.0053	0.0040	0.0013	0.0051	0.0025	0.0026
7	88	0.0809	11	1	0	0	0	0	0	0	0	0	1	1	2	0	0	0	0	0	0	N	N	N	N	N	Y	N	N	N	N	N	N	N	N	N	N	N	N	inf	inf	0.0000	inf	inf	0.0000	0.0000	0.0000	0.0000	3.0164	3.4030	0.0000	12.7023	12.7726	0.0000	0.0000	0.0000	0.0000	0.0000	0.0000	0.0000	0.0000	0.0000	0.0000	0.0000	0.0000	0.0000	0.0000		-0.0000	0.0000	0.0002	6.0209	2.0046	2.4875	0.0001	0.0001	0.0000	0.0001	0.0001	0.0000	0.0000	0.0000	0.0000	0.0000	0.0000	0.0000	0.0000	0.0000	0.0000	0.0000	0.0000	0.0000	0.0000	0.0000	0.0000	0.0000	0.0000	0.0000	0.0000	0.0000	0.0000	0.0368	0.0200	0.0168	0.0065	0.0051	0.0015	0.0302	0.0149	0.0153
7	90	0.1312	15	2	0	1	0	0	0	1	0	0	0	1	1	0	0	0	0	0	0	Y	N	N	N	N	N	N	N	N	N	N	N	N	N	N	N	N	N	0.0000	0.0000	0.0000	0.0000	0.0000	0.0000	0.0000	0.0000	0.0000	0.0000	0.0000	0.0000	0.0000	0.0000	0.0000	0.0000	0.0000	0.0000	0.0077	0.0000	0.0173	0.0143	0.0000	0.1003	0.0065	0.0000	0.0130		inf	0.0000	0.0002	0.0002	5.9354	2.0046	8.3561	0.0000	0.0000	0.0000	0.0000	0.0000	0.0000	0.0000	0.0000	0.0000	0.0004	0.0000	0.0004	0.0001	0.0000	0.0001	0.0003	0.0000	0.0003	0.0000	0.0000	0.0000	0.0000	0.0000	0.0000	0.0000	0.0000	0.0000	0.0581	0.0321	0.0260	0.0091	0.0078	0.0013	0.0490	0.0243	0.0247
7	91	0.1143	14	2	0	0	0	0	0	0	0	0	0	1	1	0	0	0	0	0	0	Y	N	N	N	N	N	N	N	N	N	N	N	N	N	N	N	N	N	0.0000	0.0000	0.0000	0.0000	0.0000	0.0000	0.0000	0.0000	0.0000	0.0000	0.0000	0.0000	0.0000	0.0000	0.0000	0.0000	0.0000	0.0000	0.0193	0.0240	0.0125	0.0661	0.0717	0.0000	0.0066	0.0000	0.0130		0.3662	0.0000	-0.0002	0.0002	1.5872	2.0046	4.4746	0.0000	0.0000	0.0000	0.0000	0.0000	0.0000	0.0000	0.0000	0.0000	0.0006	0.0004	0.0002	0.0004	0.0004	0.0000	0.0002	0.0000	0.0002	0.0000	0.0000	0.0000	0.0000	0.0000	0.0000	0.0000	0.0000	0.0000	0.0319	0.0187	0.0131	0.0068	0.0063	0.0005	0.0251	0.0125	0.0126
7	92	0.0583	11	2	0	0	1	0	0	0	1	0	0	2	2	0	0	0	0	0	0	Y	N	N	N	Y	Y	N	N	N	N	N	N	N	N	N	N	N	N	0.0000	0.0000	0.0000	0.0000	0.0000	0.0000	0.0000	0.0000	0.0000	0.0000	0.0000	0.0000	0.0000	0.0000	0.0000	0.0000	0.0000	0.0000	0.0000	0.0000	0.0000	0.0000	0.0000	0.0000	0.0000	0.0000	0.0000			0.0000	0.0000	0.0002	1.0091	2.0046	1.9972	0.0000	0.0000	0.0000	0.0000	0.0000	0.0000	0.0000	0.0000	0.0000	0.0000	0.0000	0.0000	0.0000	0.0000	0.0000	0.0000	0.0000	0.0000	0.0000	0.0000	0.0000	0.0000	0.0000	0.0000	0.0000	0.0000	0.0000	0.0117	0.0058	0.0059	0.0005	0.0004	0.0001	0.0112	0.0054	0.0058
7	93	0.0420	10	2	0	0	0	0	0	0	0	0	1	2	2	0	0	0	0	0	0	Y	N	N	N	Y	Y	N	N	N	N	N	N	N	N	N	N	N	N	0.0000	0.0000	0.0000	0.0000	0.0000	0.0000	0.0000	0.0000	0.0000	0.0000	0.0000	0.0000	0.0000	0.0000	0.0000	0.0000	0.0000	0.0000	0.0000	0.0000	0.0000	0.0000	0.0000	0.0000	0.0000	0.0000	0.0000			0.0000	0.0000	0.0002	2.0083	2.0046	3.0031	0.0000	0.0000	0.0000	0.0000	0.0000	0.0000	0.0000	0.0000	0.0000	0.0000	0.0000	0.0000	0.0000	0.0000	0.0000	0.0000	0.0000	0.0000	0.0000	0.0000	0.0000	0.0000	0.0000	0.0000	0.0000	0.0000	0.0000	0.0193	0.0095	0.0098	0.0005	0.0004	0.0001	0.0188	0.0091	0.0097
7	94	0.0420	9	2	0	0	0	0	0	0	0	0	0	2	1	0	0	0	0	0	0	Y	N	N	N	Y	N	N	N	N	N	N	N	N	N	N	N	N	N	0.0000	0.0000	0.0000	0.0000	0.0000	0.0000	0.0000	0.0000	0.0000	0.0000	0.0000	0.0000	0.0000	0.0000	0.0000	0.0000	0.0000	0.0000	0.0000	0.0000	0.0000	0.0000	0.0000	0.0000	0.0000	0.0000	0.0000			0.0000	0.0000	0.0002	0.0000	2.0046	0.0002	0.0000	0.0000	0.0000	0.0000	0.0000	0.0000	0.0000	0.0000	0.0000	0.0000	0.0000	0.0000	0.0000	0.0000	0.0000	0.0000	0.0000	0.0000	0.0000	0.0000	0.0000	0.0000	0.0000	0.0000	0.0000	0.0000	0.0000	0.0000	0.0000	0.0000	0.0000	0.0000	0.0000	0.0000	0.0000	0.0000
7	95	0.0388	8	2	0	0	0	0	0	0	0	0	0	2	1	0	0	0	0	0	0	Y	N	N	N	Y	N	N	N	N	N	N	N	N	N	N	N	N	N	0.0000	0.0000	0.0000	0.0000	0.0000	0.0000	0.0000	0.0000	0.0000	0.0000	0.0000	0.0000	0.0000	0.0000	0.0000	0.0000	0.0000	0.0000	0.0000	0.0000	0.0000	0.0000	0.0000	0.0000	0.0000	0.0000	0.0000			0.0000	0.0000	0.0002	1.0000	2.0046	0.0001	0.0000	0.0000	0.0000	0.0000	0.0000	0.0000	0.0000	0.0000	0.0000	0.0000	0.0000	0.0000	0.0000	0.0000	0.0000	0.0000	0.0000	0.0000	0.0000	0.0000	0.0000	0.0000	0.0000	0.0000	0.0000	0.0000	0.0000	0.0039	0.0019	0.0020	0.0001	0.0001	0.0000	0.0038	0.0018	0.0020
7	96	0.0388	7	2	0	0	0	0	0	0	0	1	0	2	1	0	0	0	0	0	0	Y	N	N	N	Y	N	N	N	N	N	N	N	N	N	N	N	N	N	0.0000	0.0000	0.0000	0.0000	0.0000	0.0000	0.0000	0.0000	0.0000	0.0000	0.0000	0.0000	0.0000	0.0000	0.0000	0.0000	0.0000	0.0000	0.0000	0.0000	0.0000	0.0000	0.0000	0.0000	0.0000	0.0000	0.0000			0.0000	0.0000	0.0002	0.0000	2.0046	0.0001	0.0000	0.0000	0.0000	0.0000	0.0000	0.0000	0.0000	0.0000	0.0000	0.0000	0.0000	0.0000	0.0000	0.0000	0.0000	0.0000	0.0000	0.0000	0.0000	0.0000	0.0000	0.0000	0.0000	0.0000	0.0000	0.0000	0.0000	0.0000	0.0000	0.0000	0.0000	0.0000	0.0000	0.0000	0.0000	0.0000
7	97	0.0355	6	2	0	0	0	0	0	0	0	0	0	1	1	0	0	0	0	0	0	Y	N	N	N	N	N	N	N	N	N	N	N	N	N	N	N	N	N	0.0000	0.0000	0.0000	0.0000	0.0000	0.0000	0.0000	0.0000	0.0000	0.0000	0.0000	0.0000	0.0000	0.0000	0.0000	0.0000	0.0000	0.0000	0.0401	0.0812	0.0000	1.4458	1.7779	0.0000	0.0000	0.0000	0.0000		0.0000	0.0000	-0.0001	0.0002	0.9999	2.0046	0.0008	0.0000	0.0000	0.0000	0.0000	0.0000	0.0000	0.0000	0.0000	0.0000	0.0002	0.0002	0.0000	0.0002	0.0002	0.0000	0.0000	0.0000	0.0000	0.0000	0.0000	0.0000	0.0000	0.0000	0.0000	0.0000	0.0000	0.0000	0.0040	0.0020	0.0020	0.0001	0.0001	0.0000	0.0039	0.0019	0.0020
7	99	0.0615	8	2	0	1	0	1	0	1	0	0	0	1	1	0	0	0	0	0	0	Y	N	N	N	N	N	N	N	N	N	N	N	N	N	N	N	N	N	21108.3256	inf	0.0000	inf	inf	0.0000	0.0000	0.0000	0.0000	3.6255	4.0924	0.0000	15.5903	15.6613	0.0000	0.0000	0.0000	0.0000	0.0002	0.0000	0.0003	0.0000	0.0000	0.0000	0.0002	0.0000	0.0004	0.0000	inf	-0.0000	0.0000	0.0002	5.0000	2.0046	11.0015	0.0001	0.0001	0.0000	0.0001	0.0001	0.0000	0.0000	0.0000	0.0000	0.0000	0.0000	0.0000	0.0000	0.0000	0.0000	0.0000	0.0000	0.0000	0.0000	0.0000	0.0000	0.0000	0.0000	0.0000	0.0000	0.0000	0.0000	0.0581	0.0294	0.0287	0.0024	0.0019	0.0004	0.0558	0.0274	0.0283
7	100	0.1423	18	2	0	1	0	0	0	0	0	0	0	1	1	0	0	0	0	0	0	Y	N	N	N	N	N	N	N	N	N	N	N	N	N	N	N	N	N	0.0000	0.0000	0.0000	0.0000	0.0000	0.0000	0.0000	0.0000	0.0000	0.0000	0.0000	0.0000	0.0000	0.0000	0.0000	0.0000	0.0000	0.0000	0.0034	0.0000	0.0080	0.0064	0.0000	0.0442	0.0027	0.0000	0.0054		2904.2509	0.0000	0.0000	0.0002	2.0003	2.0046	3.6794	0.0000	0.0000	0.0000	0.0000	0.0000	0.0000	0.0000	0.0000	0.0000	0.0001	0.0000	0.0001	0.0000	0.0000	0.0000	0.0000	0.0000	0.0000	0.0000	0.0000	0.0000	0.0000	0.0000	0.0000	0.0000	0.0000	0.0000	0.0234	0.0135	0.0100	0.0047	0.0040	0.0007	0.0187	0.0094	0.0093
7	101	0.1317	17	2	0	1	0	1	0	1	0	0	0	1	1	0	0	0	0	0	0	Y	N	N	N	N	N	N	N	N	N	N	N	N	N	N	N	N	N	0.0000	0.0000	0.0000	0.0000	0.0000	0.0000	0.0000	0.0000	0.0000	0.0000	0.0000	0.0000	0.0000	0.0000	0.0000	0.0000	0.0000	0.0000	0.0070	0.0130	0.0000	0.0484	0.0588	0.0000	0.0000	0.0000	0.0000		0.0000	0.0000	-0.0001	0.0002	0.0087	2.0046	3.3708	0.0000	0.0000	0.0000	0.0000	0.0000	0.0000	0.0000	0.0000	0.0000	0.0001	0.0001	0.0000	0.0001	0.0001	0.0000	0.0000	0.0000	0.0000	0.0000	0.0000	0.0000	0.0000	0.0000	0.0000	0.0000	0.0000	0.0000	0.0129	0.0069	0.0059	0.0019	0.0015	0.0003	0.0110	0.0054	0.0056
7	106	0.0258	4	2	0	1	0	0	0	1	0	0	0	1	1	0	0	0	0	0	0	Y	N	N	N	N	N	N	N	N	N	N	N	N	N	N	N	N	N	0.0000	0.0000	0.0000	0.0000	0.0000	0.0000	0.0000	0.0000	0.0000	0.0000	0.0000	0.0000	0.0000	0.0000	0.0000	0.0000	0.0000	0.0000	0.0000	0.0000	0.0000	0.0000	0.0000	0.0000	0.0000	0.0000	0.0000			0.0000	-0.0000	0.0002	3.0043	2.0046	5.0032	0.0000	0.0000	0.0000	0.0000	0.0000	0.0000	0.0000	0.0000	0.0000	0.0000	0.0000	0.0000	0.0000	0.0000	0.0000	0.0000	0.0000	0.0000	0.0000	0.0000	0.0000	0.0000	0.0000	0.0000	0.0000	0.0000	0.0000	0.0312	0.0155	0.0157	0.0004	0.0004	0.0000	0.0307	0.0150	0.0157
7	110	0.1368	15	2	0	1	0	0	0	0	0	0	0	1	1	0	0	0	0	0	0	Y	N	N	N	N	N	N	N	N	N	N	N	N	N	N	N	N	N	0.0000	0.0000	0.0000	0.0000	0.0000	0.0000	0.0000	0.0000	0.0000	0.0000	0.0000	0.0000	0.0000	0.0000	0.0000	0.0000	0.0000	0.0000	21.7768	40.7725	0.0000	191.1201	243.6454	0.0000	0.0000	0.0000	0.0000		0.0000	0.0000	-0.6136	0.0002	7.0195	2.0046	5.1243	0.0000	0.0000	0.0000	0.0000	0.0000	0.0000	0.0000	0.0000	0.0000	0.9910	0.9910	0.0000	0.9910	0.9910	0.0000	0.0000	0.0000	0.0000	0.0000	0.0000	0.0000	0.0000	0.0000	0.0000	0.0000	0.0000	0.0000	0.0455	0.0243	0.0212	0.0052	0.0041	0.0011	0.0403	0.0202	0.0201
7	111	0.1143	14	2	0	1	0	0	0	1	0	0	0	1	1	0	0	0	0	0	0	Y	N	N	N	N	N	N	N	N	N	N	N	N	N	N	N	N	N	0.0000	0.0000	0.0000	0.0000	0.0000	0.0000	0.0000	0.0000	0.0000	0.0000	0.0000	0.0000	0.0000	0.0000	0.0000	0.0000	0.0000	0.0000	0.2532	0.4179	0.0138	1.0925	1.1785	0.0000	0.0141	0.0138	0.0144		0.0228	-0.0000	-0.0045	0.0002	2.0281	2.0046	3.4706	0.0000	0.0000	0.0000	0.0000	0.0000	0.0000	0.0000	0.0000	0.0000	0.0076	0.0074	0.0002	0.0072	0.0072	0.0000	0.0003	0.0002	0.0002	0.0000	0.0000	0.0000	0.0000	0.0000	0.0000	0.0000	0.0000	0.0000	0.0299	0.0177	0.0122	0.0066	0.0061	0.0005	0.0233	0.0116	0.0117
7	112	0.1009	13	2	0	0	0	1	0	0	0	0	0	1	1	0	0	0	0	0	0	Y	N	N	N	N	N	N	N	N	N	N	N	N	N	N	N	N	N	0.0000	0.0000	0.0000	0.0000	0.0000	0.0000	0.0000	0.0000	0.0000	0.0000	0.0000	0.0000	0.0000	0.0000	0.0000	0.0000	0.0000	0.0000	0.0055	0.0091	0.0002	0.0239	0.0256	0.0000	0.0001	0.0000	0.0002		0.0154	0.0000	-0.0001	0.0002	3.0209	2.0046	2.2550	0.0000	0.0000	0.0000	0.0000	0.0000	0.0000	0.0000	0.0000	0.0000	0.0002	0.0002	0.0000	0.0002	0.0002	0.0000	0.0000	0.0000	0.0000	0.0000	0.0000	0.0000	0.0000	0.0000	0.0000	0.0000	0.0000	0.0000	0.0299	0.0179	0.0120	0.0068	0.0063	0.0005	0.0231	0.0115	0.0115
7	120	0.0913	14	1	0	1	0	0	0	0	0	0	0	2	1	0	0	0	0	0	0	N	N	N	N	Y	N	N	N	N	N	N	N	N	N	N	N	N	N	inf	inf	0.0000	inf	inf	0.0000	0.0000	0.0000	0.0000	6.0218	6.7973	0.0000	24.3523	24.5954	0.0000	0.0000	0.0000	0.0000	0.0000	0.0000	0.0000	0.0000	0.0000	0.0000	0.0000	0.0000	0.0000	0.0000		-0.0000	0.0000	0.0002	2.9998	2.0046	1.0000	0.0001	0.0001	0.0000	0.0001	0.0001	0.0000	0.0000	0.0000	0.0000	0.0000	0.0000	0.0000	0.0000	0.0000	0.0000	0.0000	0.0000	0.0000	0.0000	0.0000	0.0000	0.0000	0.0000	0.0000	0.0000	0.0000	0.0000	0.0149	0.0076	0.0073	0.0011	0.0009	0.0002	0.0138	0.0067	0.0071
7	121	0.0913	13	1	0	1	0	0	0	0	0	1	0	2	1	0	0	0	0	0	0	N	N	N	N	Y	N	N	N	N	N	N	N	N	N	N	N	N	N	inf	inf	inf	inf	inf	inf	0.0000	0.0000	0.0000	0.4588	0.3013	0.9607	0.6458	0.4771	0.9995	0.0000	0.0000	0.0000	0.0000	0.0000	0.0000	0.0000	0.0000	0.0000	0.0000	0.0000	0.0000	1.0000		0.0000	0.0000	0.0002	0.0006	2.0046	0.0007	0.0000	0.0000	0.0000	0.0000	0.0000	0.0000	0.0000	0.0000	0.0000	0.0000	0.0000	0.0000	0.0000	0.0000	0.0000	0.0000	0.0000	0.0000	0.0000	0.0000	0.0000	0.0000	0.0000	0.0000	0.0000	0.0000	0.0000	0.0000	0.0000	0.0000	0.0000	0.0000	0.0000	0.0000	0.0000	0.0000
7	126	0.0945	14	2	0	1	0	0	0	0	0	0	0	1	1	0	0	0	0	0	0	Y	N	N	N	N	N	N	N	N	N	N	N	N	N	N	N	N	N	inf	0.0000	inf	inf	0.0000	inf	0.0000	0.0000	0.0000	0.0046	0.0000	0.0392	0.0180	0.0000	0.7177	0.0000	0.0000	0.0000	0.0000	0.0000	0.0000	0.0000	0.0000	0.0000	0.0000	0.0000	0.0000	inf		0.0000	0.0000	0.0002	1.0002	2.0046	2.0058	0.0000	0.0000	0.0000	0.0000	0.0000	0.0000	0.0000	0.0000	0.0000	0.0000	0.0000	0.0000	0.0000	0.0000	0.0000	0.0000	0.0000	0.0000	0.0000	0.0000	0.0000	0.0000	0.0000	0.0000	0.0000	0.0000	0.0000	0.0113	0.0057	0.0056	0.0009	0.0007	0.0001	0.0105	0.0050	0.0054
7	127	0.0978	14	1	0	0	0	0	0	0	0	0	1	1	2	0	0	0	0	0	0	N	N	N	N	N	Y	N	N	N	N	N	N	N	N	N	N	N	N	0.0000	0.0000	0.0000	0.0000	0.0000	0.0000	0.0000	0.0000	0.0000	0.0000	0.0000	0.0000	0.0000	0.0000	0.0000	0.0000	0.0000	0.0000	0.0000	0.0000	0.0000	0.0000	0.0000	0.0000	0.0000	0.0000	0.0000			0.0000	0.0000	0.0002	1.0000	2.0046	2.0000	0.0000	0.0000	0.0000	0.0000	0.0000	0.0000	0.0000	0.0000	0.0000	0.0000	0.0000	0.0000	0.0000	0.0000	0.0000	0.0000	0.0000	0.0000	0.0000	0.0000	0.0000	0.0000	0.0000	0.0000	0.0000	0.0000	0.0000	0.0116	0.0059	0.0057	0.0009	0.0007	0.0002	0.0107	0.0052	0.0055
7	128	0.0978	13	1	0	0	0	0	0	0	0	0	1	1	2	0	0	0	0	0	0	N	N	N	N	N	Y	N	N	N	N	N	N	N	N	N	N	N	N	0.0000	0.0000	0.0000	0.0000	0.0000	0.0000	0.0000	0.0000	0.0000	0.0000	0.0000	0.0000	0.0000	0.0000	0.0000	0.0000	0.0000	0.0000	52.2589	0.0000	107.1416	0.0211	0.0000	0.1174	56.4462	0.0000	110.1555		inf	0.0000	0.3807	0.0002	3.0000	2.0046	2.0000	0.0000	0.0000	0.0000	0.0000	0.0000	0.0000	0.0000	0.0000	0.0000	0.9996	0.0000	0.9996	0.0000	0.0000	0.0000	0.9996	0.0000	0.9996	0.0000	0.0000	0.0000	0.0000	0.0000	0.0000	0.0000	0.0000	0.0000	0.0191	0.0098	0.0093	0.0014	0.0012	0.0003	0.0177	0.0086	0.0091
7	129	0.1011	15	1	0	0	0	0	0	0	0	0	1	1	2	0	0	0	0	0	0	N	N	N	N	N	Y	N	N	N	N	N	N	N	N	N	N	N	N	0.0000	0.0000	0.0000	0.0000	0.0000	0.0000	0.0000	0.0000	0.0000	0.0000	0.0000	0.0000	0.0000	0.0000	0.0000	0.0000	0.0000	0.0000	0.0000	0.0000	0.0000	0.0000	0.0000	0.0000	0.0000	0.0000	0.0000			0.0000	0.0000	0.0002	2.0004	2.0046	1.0045	0.0000	0.0000	0.0000	0.0000	0.0000	0.0000	0.0000	0.0000	0.0000	0.0000	0.0000	0.0000	0.0000	0.0000	0.0000	0.0000	0.0000	0.0000	0.0000	0.0000	0.0000	0.0000	0.0000	0.0000	0.0000	0.0000	0.0000	0.0117	0.0060	0.0057	0.0009	0.0007	0.0002	0.0108	0.0052	0.0055
7	133	0.1149	11	2	0	1	0	0	0	0	0	0	0	2	1	0	0	0	0	0	0	Y	N	N	N	Y	N	N	N	N	N	N	N	N	N	N	N	N	N	0.0000	0.0000	0.0000	0.0000	0.0000	0.0000	0.0000	0.0000	0.0000	0.0000	0.0000	0.0000	0.0000	0.0000	0.0000	0.0000	0.0000	0.0000	0.0000	0.0000	0.0000	0.0000	0.0000	0.0000	0.0000	0.0000	0.0000			0.0000	0.0000	0.0002	0.0000	2.0046	0.0001	0.0000	0.0000	0.0000	0.0000	0.0000	0.0000	0.0000	0.0000	0.0000	0.0000	0.0000	0.0000	0.0000	0.0000	0.0000	0.0000	0.0000	0.0000	0.0000	0.0000	0.0000	0.0000	0.0000	0.0000	0.0000	0.0000	0.0000	0.0000	0.0000	0.0000	0.0000	0.0000	0.0000	0.0000	0.0000	0.0000
7	134	0.0748	10	2	0	1	0	1	0	1	0	1	0	2	1	0	0	0	0	0	0	Y	N	N	N	Y	N	N	N	N	N	N	N	N	N	N	N	N	N	0.0000	0.0000	0.0000	0.0000	0.0000	0.0000	0.0000	0.0000	0.0000	0.0000	0.0000	0.0000	0.0000	0.0000	0.0000	0.0000	0.0000	0.0000	0.0000	0.0000	0.0000	0.0000	0.0000	0.0000	0.0000	0.0000	0.0000			0.0000	0.0000	0.0002	4.0005	2.0046	6.9251	0.0000	0.0000	0.0000	0.0000	0.0000	0.0000	0.0000	0.0000	0.0000	0.0000	0.0000	0.0000	0.0000	0.0000	0.0000	0.0000	0.0000	0.0000	0.0000	0.0000	0.0000	0.0000	0.0000	0.0000	0.0000	0.0000	0.0000	0.0425	0.0218	0.0207	0.0033	0.0029	0.0004	0.0392	0.0189	0.0203
7	135	0.1074	15	2	0	1	0	0	0	0	0	0	0	2	1	0	0	0	0	0	0	Y	N	N	N	Y	N	N	N	N	N	N	N	N	N	N	N	N	N	inf	inf	0.0000	inf	inf	0.0000	0.0000	0.0000	0.0000	0.0054	0.0062	0.0000	0.0099	0.0112	0.0000	0.0000	0.0000	0.0000	0.0000	0.0000	0.0000	0.0000	0.0000	0.0000	0.0000	0.0000	0.0000	0.0000		-0.0000	0.0000	0.0002	0.9923	2.0046	0.0060	0.0000	0.0000	0.0000	0.0000	0.0000	0.0000	0.0000	0.0000	0.0000	0.0000	0.0000	0.0000	0.0000	0.0000	0.0000	0.0000	0.0000	0.0000	0.0000	0.0000	0.0000	0.0000	0.0000	0.0000	0.0000	0.0000	0.0000	0.0036	0.0019	0.0018	0.0003	0.0003	0.0000	0.0033	0.0016	0.0017
7	136	0.0945	14	2	0	1	0	0	0	0	0	1	0	2	1	0	0	0	0	0	0	Y	N	N	N	Y	N	N	N	N	N	N	N	N	N	N	N	N	N	inf	inf	0.0000	inf	inf	0.0000	0.0000	0.0000	0.0000	8.9076	10.0675	0.0000	35.5819	36.1793	0.0000	0.0000	0.0000	0.0000	0.0000	0.0000	0.0000	0.0000	0.0000	0.0000	0.0000	0.0000	0.0000	0.0000		-0.0000	0.0000	0.0002	2.0106	2.0046	2.0023	0.0001	0.0001	0.0000	0.0001	0.0001	0.0000	0.0000	0.0000	0.0000	0.0000	0.0000	0.0000	0.0000	0.0000	0.0000	0.0000	0.0000	0.0000	0.0000	0.0000	0.0000	0.0000	0.0000	0.0000	0.0000	0.0000	0.0000	0.0149	0.0076	0.0074	0.0011	0.0009	0.0002	0.0138	0.0067	0.0072
7	137	0.0913	13	2	0	1	0	1	0	0	0	0	0	1	1	0	0	0	0	0	0	Y	N	N	N	N	N	N	N	N	N	N	N	N	N	N	N	N	N	inf	inf	inf	inf	inf	inf	0.0000	0.0000	0.0000	0.8041	0.7597	0.9483	1.1518	1.2237	0.9991	0.0000	0.0000	0.0000	0.0000	0.0000	0.0000	0.0000	0.0000	0.0000	0.0000	0.0000	0.0000	0.3846		0.0000	-0.0000	0.0002	0.0008	2.0046	1.0019	0.0000	0.0000	0.0000	0.0000	0.0000	0.0000	0.0000	0.0000	0.0000	0.0000	0.0000	0.0000	0.0000	0.0000	0.0000	0.0000	0.0000	0.0000	0.0000	0.0000	0.0000	0.0000	0.0000	0.0000	0.0000	0.0000	0.0000	0.0038	0.0019	0.0019	0.0003	0.0002	0.0000	0.0035	0.0017	0.0018
8	9	0.0848	13	1	0	1	0	0	0	0	0	0	0	2	1	0	0	0	0	0	0	N	N	N	N	Y	N	N	N	N	N	N	N	N	N	N	N	N	N	inf	inf	0.0000	inf	inf	0.0000	0.0000	0.0000	0.0000	0.0005	0.0005	0.0000	0.0024	0.0025	0.0000	0.0000	0.0000	0.0000	0.0000	0.0000	0.0000	0.0000	0.0000	0.0000	0.0000	0.0000	0.0000	0.0000		-0.0000	0.0000	0.0003	2.9998	0.9949	2.0000	0.0000	0.0000	0.0000	0.0000	0.0000	0.0000	0.0000	0.0000	0.0000	0.0000	0.0000	0.0000	0.0000	0.0000	0.0000	0.0000	0.0000	0.0000	0.0000	0.0000	0.0000	0.0000	0.0000	0.0000	0.0000	0.0000	0.0000	0.0093	0.0047	0.0046	0.0007	0.0006	0.0001	0.0086	0.0041	0.0045
8	10	0.0064	2	2	1	0	0	0	1	0	0	0	0	2	2	0	0	0	0	0	0	Y	N	N	N	Y	Y	N	N	N	N	N	N	N	N	N	N	N	N	0.0000	0.0000	0.0000	0.0000	0.0000	0.0000	0.0000	0.0000	0.0000	0.0000	0.0000	0.0000	0.0000	0.0000	0.0000	0.0000	0.0000	0.0000	0.0610	0.1162	0.0073	0.5504	0.5628	0.0000	0.0552	0.1057	0.0073		0.0651	0.0000	-0.0003	0.0003	1.0000	0.9949	3.0034	0.0000	0.0000	0.0000	0.0000	0.0000	0.0000	0.0000	0.0000	0.0000	0.0005	0.0005	0.0000	0.0001	0.0001	0.0000	0.0004	0.0004	0.0000	0.0000	0.0000	0.0000	0.0000	0.0000	0.0000	0.0000	0.0000	0.0000	0.0081	0.0040	0.0041	0.0001	0.0001	0.0000	0.0080	0.0039	0.0041
8	11	0.1038	11	1	0	0	0	0	0	0	0	0	0	1	2	0	0	0	0	0	0	N	N	N	N	N	Y	N	N	N	N	N	N	N	N	N	N	N	N	inf	inf	0.0000	0.0000	0.0000	0.0000	inf	inf	0.0000	0.0001	0.0002	0.0000	0.0000	0.0000	0.0000	0.0002	0.0002	0.0000	0.0000	0.0000	0.0000	0.0000	0.0000	0.0000	0.0000	0.0000	0.0000	0.0000		-0.0000	0.0000	0.0003	2.0022	0.9949	0.4909	0.0000	0.0000	0.0000	0.0000	0.0000	0.0000	0.0000	0.0000	0.0000	0.0000	0.0000	0.0000	0.0000	0.0000	0.0000	0.0000	0.0000	0.0000	0.0000	0.0000	0.0000	0.0000	0.0000	0.0000	0.0000	0.0000	0.0000	0.0070	0.0042	0.0028	0.0028	0.0021	0.0007	0.0042	0.0021	0.0021
8	12	0.1247	14	2	0	0	0	0	0	0	0	0	1	1	2	0	0	0	0	0	0	Y	N	N	N	N	Y	N	N	N	N	N	N	N	N	N	N	N	N	0.0000	0.0000	0.0000	0.0000	0.0000	0.0000	0.0000	0.0000	0.0000	0.0000	0.0000	0.0000	0.0000	0.0000	0.0000	0.0000	0.0000	0.0000	0.0011	0.0000	0.0025	0.0001	0.0001	0.0000	0.0013	0.0000	0.0026		65.5626	0.0000	0.0000	0.0003	3.5195	0.9949	3.1401	0.0000	0.0000	0.0000	0.0000	0.0000	0.0000	0.0000	0.0000	0.0000	0.0000	0.0000	0.0000	0.0000	0.0000	0.0000	0.0000	0.0000	0.0000	0.0000	0.0000	0.0000	0.0000	0.0000	0.0000	0.0000	0.0000	0.0000	0.0162	0.0093	0.0069	0.0033	0.0030	0.0003	0.0130	0.0064	0.0066
8	13	0.0354	9	2	0	1	0	0	0	1	0	0	0	2	1	0	0	0	0	0	0	Y	N	N	N	Y	N	N	N	N	N	N	N	N	N	N	N	N	N	0.0000	0.0000	0.0000	0.0000	0.0000	0.0000	0.0000	0.0000	0.0000	0.0000	0.0000	0.0000	0.0000	0.0000	0.0000	0.0000	0.0000	0.0000	0.0000	0.0000	0.0000	0.0000	0.0000	0.0000	0.0000	0.0000	0.0000			0.0000	0.0000	0.0003	2.0000	0.9949	8.0000	0.0000	0.0000	0.0000	0.0000	0.0000	0.0000	0.0000	0.0000	0.0000	0.0000	0.0000	0.0000	0.0000	0.0000	0.0000	0.0000	0.0000	0.0000	0.0000	0.0000	0.0000	0.0000	0.0000	0.0000	0.0000	0.0000	0.0000	0.0187	0.0092	0.0096	0.0005	0.0004	0.0001	0.0183	0.0088	0.0095
8	14	0.0977	15	1	0	0	0	0	0	0	0	0	1	1	2	0	0	0	0	0	0	N	N	N	N	N	Y	N	N	N	N	N	N	N	N	N	N	N	N	0.0000	0.0000	0.0000	0.0000	0.0000	0.0000	0.0000	0.0000	0.0000	0.0000	0.0000	0.0000	0.0000	0.0000	0.0000	0.0000	0.0000	0.0000	0.0000	0.0000	0.0000	0.0000	0.0000	0.0000	0.0000	0.0000	0.0000			0.0000	0.0000	0.0003	1.0000	0.9949	2.0000	0.0000	0.0000	0.0000	0.0000	0.0000	0.0000	0.0000	0.0000	0.0000	0.0000	0.0000	0.0000	0.0000	0.0000	0.0000	0.0000	0.0000	0.0000	0.0000	0.0000	0.0000	0.0000	0.0000	0.0000	0.0000	0.0000	0.0000	0.0058	0.0030	0.0028	0.0004	0.0004	0.0001	0.0054	0.0026	0.0028
8	15	0.0290	6	2	0	1	0	0	0	0	0	0	0	1	1	0	0	0	0	0	0	Y	N	N	N	N	N	N	N	N	N	N	N	N	N	N	N	N	N	0.0000	0.0000	0.0000	0.0000	0.0000	0.0000	0.0000	0.0000	0.0000	0.0000	0.0000	0.0000	0.0000	0.0000	0.0000	0.0000	0.0000	0.0000	0.0010	0.0020	0.0000	0.0000	0.0000	0.0000	0.0010	0.0021	0.0000		0.0000	0.0000	-0.0000	0.0003	5.0003	0.9949	7.0080	0.0000	0.0000	0.0000	0.0000	0.0000	0.0000	0.0000	0.0000	0.0000	0.0000	0.0000	0.0000	0.0000	0.0000	0.0000	0.0000	0.0000	0.0000	0.0000	0.0000	0.0000	0.0000	0.0000	0.0000	0.0000	0.0000	0.0000	0.0206	0.0102	0.0105	0.0006	0.0005	0.0001	0.0200	0.0097	0.0103
8	18	0.0404	6	2	0	1	0	0	0	0	0	0	0	1	1	0	0	0	0	0	0	Y	N	N	N	N	N	N	N	N	N	N	N	N	N	N	N	N	N	0.0000	0.0000	0.0000	0.0000	0.0000	0.0000	0.0000	0.0000	0.0000	0.0000	0.0000	0.0000	0.0000	0.0000	0.0000	0.0000	0.0000	0.0000	0.0001	0.0000	0.0001	0.0003	0.0003	0.0002	0.0001	0.0000	0.0001		2.2331	0.0000	0.0000	0.0003	1.0021	0.9949	3.5076	0.0000	0.0000	0.0000	0.0000	0.0000	0.0000	0.0000	0.0000	0.0000	0.0000	0.0000	0.0000	0.0000	0.0000	0.0000	0.0000	0.0000	0.0000	0.0000	0.0000	0.0000	0.0000	0.0000	0.0000	0.0000	0.0000	0.0000	0.0100	0.0054	0.0046	0.0009	0.0008	0.0000	0.0091	0.0046	0.0046
8	20	0.0951	11	2	0	1	0	0	0	0	0	0	0	2	1	0	0	0	0	0	0	Y	N	N	N	Y	N	N	N	N	N	N	N	N	N	N	N	N	N	inf	inf	0.0000	0.0000	0.0000	0.0000	inf	inf	0.0000	6.5583	7.3509	0.0000	0.0000	0.0000	0.0000	8.1916	9.4446	0.0000	0.0000	0.0000	0.0000	0.0000	0.0000	0.0000	0.0000	0.0000	0.0000	0.0000		-0.0000	0.0000	0.0003	2.0350	0.9949	3.4537	0.0001	0.0001	0.0000	0.0000	0.0000	0.0000	0.0001	0.0001	0.0000	0.0000	0.0000	0.0000	0.0000	0.0000	0.0000	0.0000	0.0000	0.0000	0.0000	0.0000	0.0000	0.0000	0.0000	0.0000	0.0000	0.0000	0.0000	0.0144	0.0090	0.0054	0.0031	0.0029	0.0002	0.0112	0.0061	0.0051
8	21	0.0715	10	2	0	1	0	1	0	1	0	0	0	1	1	0	0	0	0	0	0	Y	N	N	N	N	N	N	N	N	N	N	N	N	N	N	N	N	N	0.0000	0.0000	0.0000	0.0000	0.0000	0.0000	0.0000	0.0000	0.0000	0.0000	0.0000	0.0000	0.0000	0.0000	0.0000	0.0000	0.0000	0.0000	0.0000	0.0000	0.0000	0.0000	0.0000	0.0000	0.0000	0.0000	0.0000			0.0000	0.0000	0.0003	2.0002	0.9949	2.9143	0.0000	0.0000	0.0000	0.0000	0.0000	0.0000	0.0000	0.0000	0.0000	0.0000	0.0000	0.0000	0.0000	0.0000	0.0000	0.0000	0.0000	0.0000	0.0000	0.0000	0.0000	0.0000	0.0000	0.0000	0.0000	0.0000	0.0000	0.0105	0.0054	0.0051	0.0011	0.0010	0.0001	0.0094	0.0044	0.0050
8	22	0.0549	11	2	0	0	1	0	0	0	1	0	0	2	2	0	0	0	0	0	0	Y	N	N	N	Y	Y	N	N	N	N	N	N	N	N	N	N	N	N	0.0000	0.0000	0.0000	0.0000	0.0000	0.0000	0.0000	0.0000	0.0000	0.0000	0.0000	0.0000	0.0000	0.0000	0.0000	0.0000	0.0000	0.0000	0.0000	0.0000	0.0000	0.0000	0.0000	0.0000	0.0000	0.0000	0.0000			0.0000	0.0000	0.0003	2.0010	0.9949	1.9996	0.0000	0.0000	0.0000	0.0000	0.0000	0.0000	0.0000	0.0000	0.0000	0.0000	0.0000	0.0000	0.0000	0.0000	0.0000	0.0000	0.0000	0.0000	0.0000	0.0000	0.0000	0.0000	0.0000	0.0000	0.0000	0.0000	0.0000	0.0077	0.0038	0.0039	0.0003	0.0002	0.0001	0.0074	0.0036	0.0038
8	23	0.0750	11	2	0	1	0	0	0	0	0	0	0	1	1	0	0	0	0	0	0	Y	N	N	N	N	N	N	N	N	N	N	N	N	N	N	N	N	N	0.0000	0.0000	0.0000	0.0000	0.0000	0.0000	0.0000	0.0000	0.0000	0.0000	0.0000	0.0000	0.0000	0.0000	0.0000	0.0000	0.0000	0.0000	0.0000	0.0000	0.0000	0.0000	0.0000	0.0000	0.0000	0.0000	0.0000			0.0000	0.0000	0.0003	1.9752	0.9949	0.4846	0.0000	0.0000	0.0000	0.0000	0.0000	0.0000	0.0000	0.0000	0.0000	0.0000	0.0000	0.0000	0.0000	0.0000	0.0000	0.0000	0.0000	0.0000	0.0000	0.0000	0.0000	0.0000	0.0000	0.0000	0.0000	0.0000	0.0000	0.0073	0.0043	0.0030	0.0027	0.0021	0.0007	0.0046	0.0023	0.0023
8	24	0.0870	9	2	0	1	0	0	0	0	0	0	0	1	1	0	0	0	0	0	0	Y	N	N	N	N	N	N	N	N	N	N	N	N	N	N	N	N	N	1.7328	1.1774	0.0000	0.0000	0.0000	0.0000	inf	inf	0.0000	0.0001	0.0001	0.0000	0.0000	0.0000	0.0000	0.0001	0.0001	0.0000	0.0001	0.0001	0.0000	0.0003	0.0003	0.0000	0.0000	0.0000	0.0000	0.0000	0.0001	-0.0000	-0.0000	0.0003	3.0190	0.9949	4.8890	0.0000	0.0000	0.0000	0.0000	0.0000	0.0000	0.0000	0.0000	0.0000	0.0000	0.0000	0.0000	0.0000	0.0000	0.0000	0.0000	0.0000	0.0000	0.0000	0.0000	0.0000	0.0000	0.0000	0.0000	0.0000	0.0000	0.0000	0.0219	0.0133	0.0087	0.0047	0.0045	0.0003	0.0172	0.0088	0.0084
8	25	0.0354	8	2	0	1	0	0	0	1	0	0	0	2	1	0	0	0	0	0	0	Y	N	N	N	Y	N	N	N	N	N	N	N	N	N	N	N	N	N	inf	0.0000	inf	0.0000	0.0000	0.0000	inf	0.0000	inf	0.0003	0.0000	0.0028	0.0000	0.0000	0.0000	0.0004	0.0000	0.0028	0.0000	0.0000	0.0000	0.0000	0.0000	0.0000	0.0000	0.0000	0.0000	inf		0.0000	0.0000	0.0003	1.0000	0.9949	3.0001	0.0000	0.0000	0.0000	0.0000	0.0000	0.0000	0.0000	0.0000	0.0000	0.0000	0.0000	0.0000	0.0000	0.0000	0.0000	0.0000	0.0000	0.0000	0.0000	0.0000	0.0000	0.0000	0.0000	0.0000	0.0000	0.0000	0.0000	0.0077	0.0038	0.0040	0.0002	0.0002	0.0000	0.0075	0.0036	0.0039
8	26	0.0750	11	2	0	1	0	0	0	0	0	0	0	1	1	0	0	0	0	0	0	Y	N	N	N	N	N	N	N	N	N	N	N	N	N	N	N	N	N	0.0000	0.0000	0.0000	0.0000	0.0000	0.0000	0.0000	0.0000	0.0000	0.0000	0.0000	0.0000	0.0000	0.0000	0.0000	0.0000	0.0000	0.0000	0.0000	0.0000	0.0000	0.0000	0.0000	0.0000	0.0000	0.0000	0.0000			0.0000	0.0000	0.0003	1.9514	0.9949	1.5308	0.0000	0.0000	0.0000	0.0000	0.0000	0.0000	0.0000	0.0000	0.0000	0.0000	0.0000	0.0000	0.0000	0.0000	0.0000	0.0000	0.0000	0.0000	0.0000	0.0000	0.0000	0.0000	0.0000	0.0000	0.0000	0.0000	0.0000	0.0092	0.0053	0.0039	0.0028	0.0021	0.0007	0.0064	0.0032	0.0032
8	27	0.0744	10	2	0	1	0	1	0	1	0	0	0	1	1	0	0	0	0	0	0	Y	N	N	N	N	N	N	N	N	N	N	N	N	N	N	N	N	N	0.0000	0.0000	0.0000	0.0000	0.0000	0.0000	0.0000	0.0000	0.0000	0.0000	0.0000	0.0000	0.0000	0.0000	0.0000	0.0000	0.0000	0.0000	0.0000	0.0000	0.0000	0.0000	0.0000	0.0000	0.0000	0.0000	0.0000			-0.0000	-0.0000	0.0003	0.0905	0.9949	0.5221	0.0000	0.0000	0.0000	0.0000	0.0000	0.0000	0.0000	0.0000	0.0000	0.0000	0.0000	0.0000	0.0000	0.0000	0.0000	0.0000	0.0000	0.0000	0.0000	0.0000	0.0000	0.0000	0.0000	0.0000	0.0000	0.0000	0.0000	0.0038	0.0026	0.0012	0.0026	0.0019	0.0006	0.0012	0.0006	0.0006
8	28	0.1247	16	2	0	1	0	1	0	1	0	1	0	2	1	0	0	0	0	0	0	Y	N	N	N	Y	N	N	N	N	N	N	N	N	N	N	N	N	N	0.0000	0.0000	0.0000	0.0000	0.0000	0.0000	0.0000	0.0000	0.0000	0.0000	0.0000	0.0000	0.0000	0.0000	0.0000	0.0000	0.0000	0.0000	0.0004	0.0000	0.0007	0.0026	0.0000	0.0126	0.0000	0.0000	0.0000		inf	0.0000	0.0000	0.0003	5.0808	0.9949	12.0223	0.0000	0.0000	0.0000	0.0000	0.0000	0.0000	0.0000	0.0000	0.0000	0.0000	0.0000	0.0000	0.0000	0.0000	0.0000	0.0000	0.0000	0.0000	0.0000	0.0000	0.0000	0.0000	0.0000	0.0000	0.0000	0.0000	0.0000	0.0284	0.0148	0.0135	0.0038	0.0030	0.0008	0.0246	0.0118	0.0127
8	30	0.0322	6	2	1	1	0	0	1	1	0	0	0	1	1	0	0	0	0	0	0	Y	N	N	N	N	N	N	N	N	N	N	N	N	N	N	N	N	N	0.0000	0.0000	0.0000	0.0000	0.0000	0.0000	0.0000	0.0000	0.0000	0.0000	0.0000	0.0000	0.0000	0.0000	0.0000	0.0000	0.0000	0.0000	0.0240	0.0044	0.0428	0.0202	0.0252	0.0000	0.0241	0.0034	0.0433		10.2512	0.0000	0.0001	0.0003	3.0000	0.9949	7.0000	0.0000	0.0000	0.0000	0.0000	0.0000	0.0000	0.0000	0.0000	0.0000	0.0004	0.0000	0.0004	0.0000	0.0000	0.0000	0.0004	0.0000	0.0004	0.0000	0.0000	0.0000	0.0000	0.0000	0.0000	0.0000	0.0000	0.0000	0.0187	0.0092	0.0096	0.0005	0.0004	0.0001	0.0183	0.0088	0.0095
8	31	0.1314	17	1	0	1	0	0	0	1	0	0	1	1	2	0	0	0	0	0	0	N	N	N	N	N	Y	N	N	N	N	N	N	N	N	N	N	N	N	0.0000	0.0000	0.0000	0.0000	0.0000	0.0000	0.0000	0.0000	0.0000	0.0000	0.0000	0.0000	0.0000	0.0000	0.0000	0.0000	0.0000	0.0000	0.0000	0.0000	0.0000	0.0000	0.0000	0.0000	0.0000	0.0000	0.0000			0.0000	0.0000	0.0003	0.0057	0.9949	1.0792	0.0000	0.0000	0.0000	0.0000	0.0000	0.0000	0.0000	0.0000	0.0000	0.0000	0.0000	0.0000	0.0000	0.0000	0.0000	0.0000	0.0000	0.0000	0.0000	0.0000	0.0000	0.0000	0.0000	0.0000	0.0000	0.0000	0.0000	0.0024	0.0014	0.0010	0.0004	0.0004	0.0001	0.0019	0.0010	0.0009
8	32	0.0639	10	2	0	1	0	0	0	0	0	0	0	1	1	0	0	0	0	0	0	Y	N	N	N	N	N	N	N	N	N	N	N	N	N	N	N	N	N	0.0000	0.0000	0.0000	0.0000	0.0000	0.0000	0.0000	0.0000	0.0000	0.0000	0.0000	0.0000	0.0000	0.0000	0.0000	0.0000	0.0000	0.0000	0.0000	0.0000	0.0000	0.0000	0.0000	0.0000	0.0000	0.0000	0.0000			0.0000	-0.0000	0.0003	7.0011	0.9949	9.2473	0.0000	0.0000	0.0000	0.0000	0.0000	0.0000	0.0000	0.0000	0.0000	0.0000	0.0000	0.0000	0.0000	0.0000	0.0000	0.0000	0.0000	0.0000	0.0000	0.0000	0.0000	0.0000	0.0000	0.0000	0.0000	0.0000	0.0000	0.0308	0.0158	0.0150	0.0024	0.0021	0.0003	0.0285	0.0137	0.0147
8	33	0.1009	14	2	0	1	0	0	0	0	0	0	0	2	1	0	0	0	0	0	0	Y	N	N	N	Y	N	N	N	N	N	N	N	N	N	N	N	N	N	inf	inf	0.0000	0.0000	0.0000	0.0000	inf	inf	0.0000	0.0015	0.0017	0.0000	0.0000	0.0000	0.0000	0.0019	0.0022	0.0000	0.0000	0.0000	0.0000	0.0000	0.0000	0.0000	0.0000	0.0000	0.0000	0.0000		-0.0000	0.0000	0.0003	4.0088	0.9949	1.0030	0.0000	0.0000	0.0000	0.0000	0.0000	0.0000	0.0000	0.0000	0.0000	0.0000	0.0000	0.0000	0.0000	0.0000	0.0000	0.0000	0.0000	0.0000	0.0000	0.0000	0.0000	0.0000	0.0000	0.0000	0.0000	0.0000	0.0000	0.0088	0.0046	0.0043	0.0008	0.0007	0.0001	0.0081	0.0039	0.0042
8	35	0.0614	8	2	0	1	0	1	0	1	0	1	0	2	1	0	0	0	0	0	0	Y	N	N	N	Y	N	N	N	N	N	N	N	N	N	N	N	N	N	inf	inf	0.0000	0.0000	0.0000	0.0000	inf	inf	0.0000	1.4312	1.6101	0.0000	0.0000	0.0000	0.0000	1.7456	2.0150	0.0000	0.0000	0.0000	0.0000	0.0000	0.0000	0.0000	0.0000	0.0000	0.0000	0.0000		-0.0000	0.0000	0.0003	10.0151	0.9949	7.9868	0.0001	0.0001	0.0000	0.0000	0.0000	0.0000	0.0001	0.0001	0.0000	0.0000	0.0000	0.0000	0.0000	0.0000	0.0000	0.0000	0.0000	0.0000	0.0001	0.0000	0.0000	0.0000	0.0000	0.0000	0.0000	0.0000	0.0000	0.0323	0.0164	0.0159	0.0013	0.0011	0.0002	0.0309	0.0153	0.0157
8	36	0.1891	19	2	0	0	0	0	0	0	0	0	1	1	2	0	0	0	0	0	0	Y	N	N	N	N	Y	N	N	N	N	N	N	N	N	N	N	N	N	179.3843	0.0045	345367.6623	0.0046	0.0037	0.0000	653445.3848	0.0000	3231747.3569	1.3569	0.0001	12.7957	0.0002	0.0002	0.0000	1.8039	0.0000	13.3605	0.0076	0.0142	0.0000	0.0502	0.0646	0.0005	0.0000	0.0000	0.0000	23530.3668	0.0023	0.0001	-0.0001	0.0003	11.0150	0.9949	4.0316	0.0001	0.0000	0.0001	0.0000	0.0000	0.0000	0.0001	0.0000	0.0001	0.0002	0.0002	0.0000	0.0002	0.0002	0.0000	0.0000	0.0000	0.0000	0.0001	0.0001	0.0000	0.0000	0.0000	0.0000	0.0000	0.0000	0.0000	0.0249	0.0132	0.0117	0.0037	0.0029	0.0008	0.0212	0.0103	0.0108
8	37	0.1536	16	2	0	1	0	0	0	1	0	0	0	1	1	0	0	0	0	0	0	Y	N	N	N	N	N	N	N	N	N	N	N	N	N	N	N	N	N	0.0000	0.0000	0.0000	0.0000	0.0000	0.0000	0.0000	0.0000	0.0000	0.0000	0.0000	0.0000	0.0000	0.0000	0.0000	0.0000	0.0000	0.0000	0.0000	0.0000	0.0001	0.0001	0.0000	0.0007	0.0000	0.0000	0.0001		10.7775	0.0000	0.0000	0.0003	0.0015	0.9949	2.6503	0.0000	0.0000	0.0000	0.0000	0.0000	0.0000	0.0000	0.0000	0.0000	0.0000	0.0000	0.0000	0.0000	0.0000	0.0000	0.0000	0.0000	0.0000	0.0000	0.0000	0.0000	0.0000	0.0000	0.0000	0.0000	0.0000	0.0000	0.0084	0.0054	0.0030	0.0025	0.0023	0.0001	0.0060	0.0031	0.0028
8	38	0.0505	10	2	0	0	1	0	0	0	1	0	1	2	2	0	0	0	0	0	0	Y	N	N	N	Y	Y	N	N	N	N	N	N	N	N	N	N	N	N	0.0000	0.0000	0.0000	0.0000	0.0000	0.0000	0.0000	0.0000	0.0000	0.0000	0.0000	0.0000	0.0000	0.0000	0.0000	0.0000	0.0000	0.0000	0.0000	0.0001	0.0000	0.0004	0.0004	0.0000	0.0000	0.0000	0.0000		0.0089	0.0000	-0.0000	0.0003	3.1237	0.9949	0.5096	0.0000	0.0000	0.0000	0.0000	0.0000	0.0000	0.0000	0.0000	0.0000	0.0000	0.0000	0.0000	0.0000	0.0000	0.0000	0.0000	0.0000	0.0000	0.0000	0.0000	0.0000	0.0000	0.0000	0.0000	0.0000	0.0000	0.0000	0.0077	0.0041	0.0036	0.0007	0.0006	0.0000	0.0071	0.0035	0.0036
8	39	0.1377	18	2	0	1	0	1	0	1	0	0	0	1	1	0	0	0	0	0	0	Y	N	N	N	N	N	N	N	N	N	N	N	N	N	N	N	N	N	0.0000	0.0000	0.0000	0.0000	0.0000	0.0000	0.0000	0.0000	0.0000	0.0000	0.0000	0.0000	0.0000	0.0000	0.0000	0.0000	0.0000	0.0000	0.0113	0.0000	0.0242	0.0000	0.0000	0.0000	0.0132	0.0000	0.0258		inf	0.0000	0.0001	0.0003	5.0102	0.9949	6.9613	0.0000	0.0000	0.0000	0.0000	0.0000	0.0000	0.0000	0.0000	0.0000	0.0002	0.0000	0.0002	0.0000	0.0000	0.0000	0.0002	0.0000	0.0002	0.0000	0.0000	0.0000	0.0000	0.0000	0.0000	0.0000	0.0000	0.0000	0.0213	0.0113	0.0099	0.0031	0.0025	0.0006	0.0182	0.0089	0.0093
8	43	0.0403	10	2	0	0	1	0	0	0	1	0	1	2	2	0	0	0	0	0	0	Y	N	N	N	Y	Y	N	N	N	N	N	N	N	N	N	N	N	N	0.0000	0.0000	0.0000	0.0000	0.0000	0.0000	0.0000	0.0000	0.0000	0.0000	0.0000	0.0000	0.0000	0.0000	0.0000	0.0000	0.0000	0.0000	0.0000	0.0000	0.0000	0.0000	0.0000	0.0000	0.0000	0.0000	0.0000			0.0000	0.0000	0.0003	2.9999	0.9949	0.9999	0.0000	0.0000	0.0000	0.0000	0.0000	0.0000	0.0000	0.0000	0.0000	0.0000	0.0000	0.0000	0.0000	0.0000	0.0000	0.0000	0.0000	0.0000	0.0000	0.0000	0.0000	0.0000	0.0000	0.0000	0.0000	0.0000	0.0000	0.0078	0.0038	0.0041	0.0002	0.0002	0.0000	0.0076	0.0036	0.0040
8	44	0.0354	9	2	0	0	0	0	0	0	0	0	0	2	1	0	0	0	0	0	0	Y	N	N	N	Y	N	N	N	N	N	N	N	N	N	N	N	N	N	0.0000	0.0000	0.0000	0.0000	0.0000	0.0000	0.0000	0.0000	0.0000	0.0000	0.0000	0.0000	0.0000	0.0000	0.0000	0.0000	0.0000	0.0000	0.0000	0.0000	0.0000	0.0000	0.0000	0.0000	0.0000	0.0000	0.0000		1.2036	0.0000	-0.0000	0.0003	1.0020	0.9949	0.0022	0.0000	0.0000	0.0000	0.0000	0.0000	0.0000	0.0000	0.0000	0.0000	0.0000	0.0000	0.0000	0.0000	0.0000	0.0000	0.0000	0.0000	0.0000	0.0000	0.0000	0.0000	0.0000	0.0000	0.0000	0.0000	0.0000	0.0000	0.0020	0.0010	0.0010	0.0001	0.0000	0.0000	0.0019	0.0009	0.0010
8	45	0.0354	9	2	0	0	0	0	0	0	0	0	0	2	2	0	0	0	0	0	0	Y	N	N	N	Y	Y	N	N	N	N	N	N	N	N	N	N	N	N	0.0000	0.0000	0.0000	0.0000	0.0000	0.0000	0.0000	0.0000	0.0000	0.0000	0.0000	0.0000	0.0000	0.0000	0.0000	0.0000	0.0000	0.0000	0.0000	0.0000	0.0000	0.0000	0.0000	0.0000	0.0000	0.0000	0.0000			0.0000	0.0000	0.0003	4.0000	0.9949	1.0000	0.0000	0.0000	0.0000	0.0000	0.0000	0.0000	0.0000	0.0000	0.0000	0.0000	0.0000	0.0000	0.0000	0.0000	0.0000	0.0000	0.0000	0.0000	0.0000	0.0000	0.0000	0.0000	0.0000	0.0000	0.0000	0.0000	0.0000	0.0096	0.0047	0.0049	0.0003	0.0002	0.0001	0.0094	0.0045	0.0049
8	46	0.1536	16	2	0	0	0	0	0	0	0	0	1	1	2	0	0	0	0	0	0	Y	N	N	N	N	Y	N	N	N	N	N	N	N	N	N	N	N	N	0.0000	0.0000	0.0000	0.0000	0.0000	0.0000	0.0000	0.0000	0.0000	0.0000	0.0000	0.0000	0.0000	0.0000	0.0000	0.0000	0.0000	0.0000	0.0000	0.0000	0.0000	0.0000	0.0000	0.0000	0.0000	0.0000	0.0000			0.0000	0.0000	0.0003	0.0007	0.9949	1.0103	0.0000	0.0000	0.0000	0.0000	0.0000	0.0000	0.0000	0.0000	0.0000	0.0000	0.0000	0.0000	0.0000	0.0000	0.0000	0.0000	0.0000	0.0000	0.0000	0.0000	0.0000	0.0000	0.0000	0.0000	0.0000	0.0000	0.0000	0.0056	0.0040	0.0016	0.0021	0.0021	0.0001	0.0034	0.0019	0.0015
8	47	0.1186	15	2	0	0	0	1	0	0	0	0	0	1	1	0	0	0	0	0	0	Y	N	N	N	N	N	N	N	N	N	N	N	N	N	N	N	N	N	0.0000	0.0000	0.0000	0.0000	0.0000	0.0000	0.0000	0.0000	0.0000	0.0000	0.0000	0.0000	0.0000	0.0000	0.0000	0.0000	0.0000	0.0000	0.0000	0.0000	0.0000	0.0001	0.0001	0.0000	0.0000	0.0000	0.0000		0.0316	0.0000	-0.0000	0.0003	6.8097	0.9949	3.8431	0.0000	0.0000	0.0000	0.0000	0.0000	0.0000	0.0000	0.0000	0.0000	0.0000	0.0000	0.0000	0.0000	0.0000	0.0000	0.0000	0.0000	0.0000	0.0000	0.0000	0.0000	0.0000	0.0000	0.0000	0.0000	0.0000	0.0000	0.0202	0.0110	0.0092	0.0031	0.0026	0.0005	0.0171	0.0084	0.0087
8	48	0.1891	19	2	0	1	0	0	0	1	0	0	0	1	1	0	0	0	0	0	0	Y	N	N	N	N	N	N	N	N	N	N	N	N	N	N	N	N	N	0.0000	0.0000	0.0000	0.0000	0.0000	0.0000	0.0000	0.0000	0.0000	0.0000	0.0000	0.0000	0.0000	0.0000	0.0000	0.0000	0.0000	0.0000	0.0000	0.0000	0.0000	0.0000	0.0000	0.0000	0.0000	0.0000	0.0000			0.0000	0.0000	0.0003	0.0000	0.9949	0.0001	0.0000	0.0000	0.0000	0.0000	0.0000	0.0000	0.0000	0.0000	0.0000	0.0000	0.0000	0.0000	0.0000	0.0000	0.0000	0.0000	0.0000	0.0000	0.0000	0.0000	0.0000	0.0000	0.0000	0.0000	0.0000	0.0000	0.0000	0.0002	0.0002	0.0001	0.0001	0.0001	0.0000	0.0001	0.0000	0.0001
8	49	0.1795	18	2	0	0	0	0	0	0	0	0	0	1	1	0	0	0	0	0	0	Y	N	N	N	N	N	N	N	N	N	N	N	N	N	N	N	N	N	0.0111	0.0307	0.0259	0.0000	0.0332	0.0000	0.0106	0.0000	0.0249	0.0003	0.0001	0.0020	0.0000	0.0004	0.0000	0.0004	0.0000	0.0021	0.0314	0.0048	0.0769	0.0120	0.0134	0.0001	0.0380	0.0000	0.0828	1.6250	9.2444	0.0000	0.0001	0.0003	1.6285	0.9949	1.0381	0.0000	0.0000	0.0000	0.0000	0.0000	0.0000	0.0000	0.0000	0.0000	0.0002	0.0000	0.0002	0.0000	0.0000	0.0000	0.0002	0.0000	0.0002	0.0000	0.0000	0.0000	0.0000	0.0000	0.0000	0.0000	0.0000	0.0000	0.0066	0.0042	0.0024	0.0017	0.0015	0.0002	0.0050	0.0027	0.0023
8	50	0.0581	12	2	0	1	1	0	0	0	1	0	0	2	2	0	0	0	0	0	0	Y	N	N	N	Y	Y	N	N	N	N	N	N	N	N	N	N	N	N	0.0000	0.0000	0.0000	0.0000	0.0000	0.0000	0.0000	0.0000	0.0000	0.0000	0.0000	0.0000	0.0000	0.0000	0.0000	0.0000	0.0000	0.0000	0.0000	0.0000	0.0000	0.0000	0.0000	0.0000	0.0000	0.0000	0.0000			0.0000	0.0000	0.0003	0.0001	0.9949	0.9998	0.0000	0.0000	0.0000	0.0000	0.0000	0.0000	0.0000	0.0000	0.0000	0.0000	0.0000	0.0000	0.0000	0.0000	0.0000	0.0000	0.0000	0.0000	0.0000	0.0000	0.0000	0.0000	0.0000	0.0000	0.0000	0.0000	0.0000	0.0020	0.0010	0.0010	0.0001	0.0001	0.0000	0.0019	0.0009	0.0010
8	51	0.0581	12	2	0	1	0	0	0	0	0	0	0	2	2	0	0	0	0	0	0	Y	N	N	N	Y	Y	N	N	N	N	N	N	N	N	N	N	N	N	0.0000	0.0000	0.0000	0.0000	0.0000	0.0000	0.0000	0.0000	0.0000	0.0000	0.0000	0.0000	0.0000	0.0000	0.0000	0.0000	0.0000	0.0000	0.0000	0.0000	0.0000	0.0000	0.0000	0.0000	0.0000	0.0000	0.0000			0.0000	0.0000	0.0003	0.0001	0.9949	1.0003	0.0000	0.0000	0.0000	0.0000	0.0000	0.0000	0.0000	0.0000	0.0000	0.0000	0.0000	0.0000	0.0000	0.0000	0.0000	0.0000	0.0000	0.0000	0.0000	0.0000	0.0000	0.0000	0.0000	0.0000	0.0000	0.0000	0.0000	0.0020	0.0010	0.0010	0.0001	0.0001	0.0000	0.0019	0.0009	0.0010
8	52	0.0549	11	2	0	1	0	0	0	1	0	0	0	2	2	0	0	0	0	0	0	Y	N	N	N	Y	Y	N	N	N	N	N	N	N	N	N	N	N	N	0.0000	0.0000	0.0000	0.0000	0.0000	0.0000	0.0000	0.0000	0.0000	0.0000	0.0000	0.0000	0.0000	0.0000	0.0000	0.0000	0.0000	0.0000	0.0000	0.0000	0.0000	0.0000	0.0000	0.0000	0.0000	0.0000	0.0000			0.0000	0.0000	0.0003	1.0000	0.9949	0.0042	0.0000	0.0000	0.0000	0.0000	0.0000	0.0000	0.0000	0.0000	0.0000	0.0000	0.0000	0.0000	0.0000	0.0000	0.0000	0.0000	0.0000	0.0000	0.0000	0.0000	0.0000	0.0000	0.0000	0.0000	0.0000	0.0000	0.0000	0.0020	0.0010	0.0010	0.0001	0.0001	0.0000	0.0019	0.0009	0.0010
8	53	0.0517	10	2	0	0	0	0	0	0	0	0	0	2	2	0	0	0	0	0	0	Y	N	N	N	Y	Y	N	N	N	N	N	N	N	N	N	N	N	N	0.0000	0.0000	0.0000	0.0000	0.0000	0.0000	0.0000	0.0000	0.0000	0.0000	0.0000	0.0000	0.0000	0.0000	0.0000	0.0000	0.0000	0.0000	0.0000	0.0000	0.0000	0.0000	0.0000	0.0000	0.0000	0.0000	0.0000			0.0000	0.0000	0.0003	0.9921	0.9949	0.0076	0.0000	0.0000	0.0000	0.0000	0.0000	0.0000	0.0000	0.0000	0.0000	0.0000	0.0000	0.0000	0.0000	0.0000	0.0000	0.0000	0.0000	0.0000	0.0000	0.0000	0.0000	0.0000	0.0000	0.0000	0.0000	0.0000	0.0000	0.0020	0.0010	0.0010	0.0001	0.0001	0.0000	0.0019	0.0009	0.0010
8	54	0.1084	10	2	0	1	0	0	0	0	0	0	0	2	1	0	0	0	0	0	0	Y	N	N	N	Y	N	N	N	N	N	N	N	N	N	N	N	N	N	0.0000	0.0000	0.0000	0.0000	0.0000	0.0000	0.0000	0.0000	0.0000	0.0000	0.0000	0.0000	0.0000	0.0000	0.0000	0.0000	0.0000	0.0000	0.0000	0.0000	0.0000	0.0000	0.0000	0.0000	0.0000	0.0000	0.0000			0.0000	0.0000	0.0003	0.0000	0.9949	0.0000	0.0000	0.0000	0.0000	0.0000	0.0000	0.0000	0.0000	0.0000	0.0000	0.0000	0.0000	0.0000	0.0000	0.0000	0.0000	0.0000	0.0000	0.0000	0.0000	0.0000	0.0000	0.0000	0.0000	0.0000	0.0000	0.0000	0.0000	0.0000	0.0000	0.0000	0.0000	0.0000	0.0000	0.0000	0.0000	0.0000
8	58	0.0404	6	2	0	1	0	0	0	0	0	0	1	1	2	0	0	0	0	0	0	Y	N	N	N	N	Y	N	N	N	N	N	N	N	N	N	N	N	N	0.0000	0.0000	0.0000	0.0000	0.0000	0.0000	0.0000	0.0000	0.0000	0.0000	0.0000	0.0000	0.0000	0.0000	0.0000	0.0000	0.0000	0.0000	0.0001	0.0000	0.0002	0.0000	0.0000	0.0003	0.0001	0.0000	0.0002		inf	0.0000	0.0000	0.0003	1.0033	0.9949	1.0015	0.0000	0.0000	0.0000	0.0000	0.0000	0.0000	0.0000	0.0000	0.0000	0.0000	0.0000	0.0000	0.0000	0.0000	0.0000	0.0000	0.0000	0.0000	0.0000	0.0000	0.0000	0.0000	0.0000	0.0000	0.0000	0.0000	0.0000	0.0052	0.0031	0.0022	0.0008	0.0007	0.0000	0.0045	0.0023	0.0021
8	59	0.0258	5	2	0	1	0	0	0	0	0	0	0	1	1	0	0	0	0	0	0	Y	N	N	N	N	N	N	N	N	N	N	N	N	N	N	N	N	N	0.0000	0.0000	0.0000	0.0000	0.0000	0.0000	0.0000	0.0000	0.0000	0.0000	0.0000	0.0000	0.0000	0.0000	0.0000	0.0000	0.0000	0.0000	0.0271	0.0000	0.0532	0.0000	0.0000	0.0000	0.0278	0.0000	0.0537		1964.1350	0.0000	0.0001	0.0003	2.9984	0.9949	1.5227	0.0000	0.0000	0.0000	0.0000	0.0000	0.0000	0.0000	0.0000	0.0000	0.0002	0.0000	0.0002	0.0000	0.0000	0.0000	0.0002	0.0000	0.0002	0.0000	0.0000	0.0000	0.0000	0.0000	0.0000	0.0000	0.0000	0.0000	0.0089	0.0044	0.0045	0.0002	0.0002	0.0000	0.0086	0.0042	0.0045
8	60	0.0354	9	2	0	0	0	0	0	0	0	0	0	2	2	0	0	0	0	0	0	Y	N	N	N	Y	Y	N	N	N	N	N	N	N	N	N	N	N	N	0.0000	0.0000	0.0000	0.0000	0.0000	0.0000	0.0000	0.0000	0.0000	0.0000	0.0000	0.0000	0.0000	0.0000	0.0000	0.0000	0.0000	0.0000	0.0000	0.0000	0.0000	0.0000	0.0000	0.0000	0.0000	0.0000	0.0000			0.0000	0.0000	0.0003	2.0000	0.9949	7.0000	0.0000	0.0000	0.0000	0.0000	0.0000	0.0000	0.0000	0.0000	0.0000	0.0000	0.0000	0.0000	0.0000	0.0000	0.0000	0.0000	0.0000	0.0000	0.0000	0.0000	0.0000	0.0000	0.0000	0.0000	0.0000	0.0000	0.0000	0.0170	0.0083	0.0087	0.0004	0.0004	0.0001	0.0165	0.0079	0.0086
8	61	0.0354	8	2	0	0	0	0	0	0	0	0	1	2	2	0	0	0	0	0	0	Y	N	N	N	Y	Y	N	N	N	N	N	N	N	N	N	N	N	N	0.0000	0.0000	0.0000	0.0000	0.0000	0.0000	0.0000	0.0000	0.0000	0.0000	0.0000	0.0000	0.0000	0.0000	0.0000	0.0000	0.0000	0.0000	0.0000	0.0000	0.0000	0.0000	0.0000	0.0000	0.0000	0.0000	0.0000			0.0000	0.0000	0.0003	0.0000	0.9949	0.0000	0.0000	0.0000	0.0000	0.0000	0.0000	0.0000	0.0000	0.0000	0.0000	0.0000	0.0000	0.0000	0.0000	0.0000	0.0000	0.0000	0.0000	0.0000	0.0000	0.0000	0.0000	0.0000	0.0000	0.0000	0.0000	0.0000	0.0000	0.0000	0.0000	0.0000	0.0000	0.0000	0.0000	0.0000	0.0000	0.0000
8	62	0.0951	11	2	0	1	0	0	0	0	0	0	0	2	1	0	0	0	0	0	0	Y	N	N	N	Y	N	N	N	N	N	N	N	N	N	N	N	N	N	20928.8342	15286.8441	0.0000	24681.2909	23335.8396	0.0000	0.0000	0.0000	0.0000	0.0050	0.0056	0.0000	0.0239	0.0241	0.0000	0.0000	0.0000	0.0000	0.0000	0.0000	0.0000	0.0000	0.0000	0.0000	0.0000	0.0000	0.0000	0.0000	0.0000	-0.0000	-0.0000	0.0003	0.9672	0.9949	2.9870	0.0000	0.0000	0.0000	0.0000	0.0000	0.0000	0.0000	0.0000	0.0000	0.0000	0.0000	0.0000	0.0000	0.0000	0.0000	0.0000	0.0000	0.0000	0.0000	0.0000	0.0000	0.0000	0.0000	0.0000	0.0000	0.0000	0.0000	0.0117	0.0076	0.0040	0.0029	0.0027	0.0002	0.0088	0.0049	0.0039
8	63	0.0639	10	2	0	1	0	0	0	0	0	1	0	2	1	0	0	0	0	0	0	Y	N	N	N	Y	N	N	N	N	N	N	N	N	N	N	N	N	N	16898.1171	inf	0.0000	0.0000	0.0000	0.0000	20066.6690	inf	0.0000	0.0026	0.0029	0.0000	0.0000	0.0000	0.0000	0.0031	0.0036	0.0000	0.0000	0.0000	0.0000	0.0000	0.0000	0.0000	0.0000	0.0000	0.0000	0.0000	inf	-0.0000	0.0000	0.0003	2.0363	0.9949	7.8590	0.0000	0.0000	0.0000	0.0000	0.0000	0.0000	0.0000	0.0000	0.0000	0.0000	0.0000	0.0000	0.0000	0.0000	0.0000	0.0000	0.0000	0.0000	0.0000	0.0000	0.0000	0.0000	0.0000	0.0000	0.0000	0.0000	0.0000	0.0199	0.0102	0.0097	0.0017	0.0015	0.0002	0.0181	0.0087	0.0095
8	64	0.0582	9	2	0	1	0	0	0	0	0	0	0	1	1	0	0	0	0	0	0	Y	N	N	N	N	N	N	N	N	N	N	N	N	N	N	N	N	N	0.0000	0.0000	0.0000	0.0000	0.0000	0.0000	0.0000	0.0000	0.0000	0.0000	0.0000	0.0000	0.0000	0.0000	0.0000	0.0000	0.0000	0.0000	0.0000	0.0000	0.0000	0.0000	0.0000	0.0000	0.0000	0.0000	0.0000			0.0000	0.0000	0.0003	0.0049	0.9949	1.8223	0.0000	0.0000	0.0000	0.0000	0.0000	0.0000	0.0000	0.0000	0.0000	0.0000	0.0000	0.0000	0.0000	0.0000	0.0000	0.0000	0.0000	0.0000	0.0000	0.0000	0.0000	0.0000	0.0000	0.0000	0.0000	0.0000	0.0000	0.0036	0.0018	0.0018	0.0002	0.0002	0.0000	0.0034	0.0017	0.0018
8	65	0.0290	6	2	0	1	0	0	0	0	0	0	0	1	1	0	0	0	0	0	0	Y	N	N	N	N	N	N	N	N	N	N	N	N	N	N	N	N	N	0.0000	0.0000	0.0000	0.0000	0.0000	0.0000	0.0000	0.0000	0.0000	0.0000	0.0000	0.0000	0.0000	0.0000	0.0000	0.0000	0.0000	0.0000	0.0000	0.0000	0.0000	0.0001	0.0001	0.0000	0.0000	0.0000	0.0000		0.0000	0.0000	-0.0000	0.0003	2.0010	0.9949	3.9928	0.0000	0.0000	0.0000	0.0000	0.0000	0.0000	0.0000	0.0000	0.0000	0.0000	0.0000	0.0000	0.0000	0.0000	0.0000	0.0000	0.0000	0.0000	0.0000	0.0000	0.0000	0.0000	0.0000	0.0000	0.0000	0.0000	0.0000	0.0117	0.0058	0.0059	0.0003	0.0003	0.0001	0.0114	0.0055	0.0059
8	66	0.0258	5	2	0	1	0	0	0	0	0	0	0	1	1	0	0	0	0	0	0	Y	N	N	N	N	N	N	N	N	N	N	N	N	N	N	N	N	N	0.0000	0.0000	0.0000	0.0000	0.0000	0.0000	0.0000	0.0000	0.0000	0.0000	0.0000	0.0000	0.0000	0.0000	0.0000	0.0000	0.0000	0.0000	0.0000	0.0000	0.0000	0.0000	0.0000	0.0000	0.0000	0.0000	0.0000		0.0426	0.0000	-0.0000	0.0003	1.0002	0.9949	0.0173	0.0000	0.0000	0.0000	0.0000	0.0000	0.0000	0.0000	0.0000	0.0000	0.0000	0.0000	0.0000	0.0000	0.0000	0.0000	0.0000	0.0000	0.0000	0.0000	0.0000	0.0000	0.0000	0.0000	0.0000	0.0000	0.0000	0.0000	0.0020	0.0010	0.0010	0.0001	0.0000	0.0000	0.0020	0.0010	0.0010
8	67	0.0258	4	2	0	1	0	0	0	1	0	0	0	1	1	0	0	0	0	0	0	Y	N	N	N	N	N	N	N	N	N	N	N	N	N	N	N	N	N	0.0000	0.0000	0.0000	0.0000	0.0000	0.0000	0.0000	0.0000	0.0000	0.0000	0.0000	0.0000	0.0000	0.0000	0.0000	0.0000	0.0000	0.0000	0.0000	0.0000	0.0000	0.0000	0.0000	0.0000	0.0000	0.0000	0.0000			0.0000	0.0000	0.0003	0.0001	0.9949	0.0028	0.0000	0.0000	0.0000	0.0000	0.0000	0.0000	0.0000	0.0000	0.0000	0.0000	0.0000	0.0000	0.0000	0.0000	0.0000	0.0000	0.0000	0.0000	0.0000	0.0000	0.0000	0.0000	0.0000	0.0000	0.0000	0.0000	0.0000	0.0000	0.0000	0.0000	0.0000	0.0000	0.0000	0.0000	0.0000	0.0000
8	68	0.1795	18	2	0	0	0	0	0	0	0	0	1	1	2	0	0	0	0	0	0	Y	N	N	N	N	Y	N	N	N	N	N	N	N	N	N	N	N	N	0.0000	0.0000	0.0000	0.0000	0.0000	0.0000	0.0000	0.0000	0.0000	0.0000	0.0000	0.0000	0.0000	0.0000	0.0000	0.0000	0.0000	0.0000	0.0015	0.0026	0.0000	0.0074	0.0088	0.0000	0.0000	0.0000	0.0000		0.0010	0.0000	-0.0000	0.0003	1.4193	0.9949	5.2011	0.0000	0.0000	0.0000	0.0000	0.0000	0.0000	0.0000	0.0000	0.0000	0.0000	0.0000	0.0000	0.0000	0.0000	0.0000	0.0000	0.0000	0.0000	0.0000	0.0000	0.0000	0.0000	0.0000	0.0000	0.0000	0.0000	0.0000	0.0133	0.0077	0.0056	0.0027	0.0023	0.0004	0.0106	0.0054	0.0052
8	69	0.1294	17	2	0	0	0	1	0	0	0	0	0	1	1	0	0	0	0	0	0	Y	N	N	N	N	N	N	N	N	N	N	N	N	N	N	N	N	N	0.0000	0.0000	0.0000	0.0000	0.0000	0.0000	0.0000	0.0000	0.0000	0.0000	0.0000	0.0000	0.0000	0.0000	0.0000	0.0000	0.0000	0.0000	0.0008	0.0000	0.0018	0.0000	0.0000	0.0000	0.0010	0.0000	0.0019		703.0299	0.0000	0.0000	0.0003	9.3928	0.9949	3.6523	0.0000	0.0000	0.0000	0.0000	0.0000	0.0000	0.0000	0.0000	0.0000	0.0000	0.0000	0.0000	0.0000	0.0000	0.0000	0.0000	0.0000	0.0000	0.0001	0.0000	0.0000	0.0000	0.0000	0.0000	0.0000	0.0000	0.0000	0.0241	0.0129	0.0112	0.0034	0.0027	0.0006	0.0207	0.0102	0.0106
8	73	0.0505	10	2	0	1	0	0	0	1	0	0	0	2	1	0	0	0	0	0	0	Y	N	N	N	Y	N	N	N	N	N	N	N	N	N	N	N	N	N	0.0000	0.0000	0.0000	0.0000	0.0000	0.0000	0.0000	0.0000	0.0000	0.0000	0.0000	0.0000	0.0000	0.0000	0.0000	0.0000	0.0000	0.0000	0.0000	0.0000	0.0000	0.0000	0.0000	0.0000	0.0000	0.0000	0.0000			0.0000	-0.0000	0.0003	3.9579	0.9949	0.9988	0.0000	0.0000	0.0000	0.0000	0.0000	0.0000	0.0000	0.0000	0.0000	0.0000	0.0000	0.0000	0.0000	0.0000	0.0000	0.0000	0.0000	0.0000	0.0000	0.0000	0.0000	0.0000	0.0000	0.0000	0.0000	0.0000	0.0000	0.0101	0.0053	0.0049	0.0007	0.0007	0.0001	0.0094	0.0046	0.0048
8	74	0.0354	9	2	0	0	0	0	0	0	0	0	0	2	1	0	0	0	0	0	0	Y	N	N	N	Y	N	N	N	N	N	N	N	N	N	N	N	N	N	0.0000	0.0000	0.0000	0.0000	0.0000	0.0000	0.0000	0.0000	0.0000	0.0000	0.0000	0.0000	0.0000	0.0000	0.0000	0.0000	0.0000	0.0000	0.0000	0.0000	0.0000	0.0000	0.0000	0.0000	0.0000	0.0000	0.0000		0.9709	0.0000	-0.0000	0.0003	3.9277	0.9949	0.5227	0.0000	0.0000	0.0000	0.0000	0.0000	0.0000	0.0000	0.0000	0.0000	0.0000	0.0000	0.0000	0.0000	0.0000	0.0000	0.0000	0.0000	0.0000	0.0000	0.0000	0.0000	0.0000	0.0000	0.0000	0.0000	0.0000	0.0000	0.0086	0.0042	0.0044	0.0002	0.0002	0.0000	0.0084	0.0040	0.0043
8	75	0.0354	8	2	0	0	0	0	0	0	0	0	0	2	1	0	0	0	0	0	0	Y	N	N	N	Y	N	N	N	N	N	N	N	N	N	N	N	N	N	0.0000	0.0000	0.0000	0.0000	0.0000	0.0000	0.0000	0.0000	0.0000	0.0000	0.0000	0.0000	0.0000	0.0000	0.0000	0.0000	0.0000	0.0000	0.0000	0.0000	0.0000	0.0000	0.0000	0.0000	0.0000	0.0000	0.0000			0.0000	0.0000	0.0003	0.0009	0.9949	0.0000	0.0000	0.0000	0.0000	0.0000	0.0000	0.0000	0.0000	0.0000	0.0000	0.0000	0.0000	0.0000	0.0000	0.0000	0.0000	0.0000	0.0000	0.0000	0.0000	0.0000	0.0000	0.0000	0.0000	0.0000	0.0000	0.0000	0.0000	0.0000	0.0000	0.0000	0.0000	0.0000	0.0000	0.0000	0.0000	0.0000
8	76	0.0322	7	2	0	0	0	0	0	0	0	0	0	2	1	0	0	0	0	0	0	Y	N	N	N	Y	N	N	N	N	N	N	N	N	N	N	N	N	N	0.0000	0.0000	0.0000	0.0000	0.0000	0.0000	0.0000	0.0000	0.0000	0.0000	0.0000	0.0000	0.0000	0.0000	0.0000	0.0000	0.0000	0.0000	0.0000	0.0000	0.0000	0.0000	0.0000	0.0000	0.0000	0.0000	0.0000			0.0000	0.0000	0.0003	1.0000	0.9949	0.0000	0.0000	0.0000	0.0000	0.0000	0.0000	0.0000	0.0000	0.0000	0.0000	0.0000	0.0000	0.0000	0.0000	0.0000	0.0000	0.0000	0.0000	0.0000	0.0000	0.0000	0.0000	0.0000	0.0000	0.0000	0.0000	0.0000	0.0000	0.0020	0.0010	0.0010	0.0001	0.0000	0.0000	0.0019	0.0009	0.0010
8	77	0.0702	10	2	0	0	0	1	0	0	0	0	0	1	1	0	0	0	0	0	0	Y	N	N	N	N	N	N	N	N	N	N	N	N	N	N	N	N	N	0.0000	0.0000	0.0000	0.0000	0.0000	0.0000	0.0000	0.0000	0.0000	0.0000	0.0000	0.0000	0.0000	0.0000	0.0000	0.0000	0.0000	0.0000	0.0000	0.0000	0.0000	0.0000	0.0001	0.0000	0.0000	0.0000	0.0000		0.0909	0.0000	-0.0000	0.0003	3.3326	0.9949	4.0108	0.0000	0.0000	0.0000	0.0000	0.0000	0.0000	0.0000	0.0000	0.0000	0.0000	0.0000	0.0000	0.0000	0.0000	0.0000	0.0000	0.0000	0.0000	0.0000	0.0000	0.0000	0.0000	0.0000	0.0000	0.0000	0.0000	0.0000	0.0138	0.0070	0.0068	0.0006	0.0005	0.0001	0.0133	0.0066	0.0067
8	78	0.0064	2	2	0	1	0	0	0	1	0	0	0	2	2	0	0	0	0	0	0	Y	N	N	N	Y	Y	N	N	N	N	N	N	N	N	N	N	N	N	0.0000	0.0000	0.0000	0.0000	0.0000	0.0000	0.0000	0.0000	0.0000	0.0000	0.0000	0.0000	0.0000	0.0000	0.0000	0.0000	0.0000	0.0000	0.0247	0.0494	0.0000	1.0502	1.0614	0.0000	0.0000	0.0000	0.0000		0.0004	0.0000	-0.0000	0.0003	0.0000	0.9949	0.9988	0.0000	0.0000	0.0000	0.0000	0.0000	0.0000	0.0000	0.0000	0.0000	0.0001	0.0001	0.0000	0.0001	0.0001	0.0000	0.0000	0.0000	0.0000	0.0000	0.0000	0.0000	0.0000	0.0000	0.0000	0.0000	0.0000	0.0000	0.0021	0.0010	0.0010	0.0000	0.0000	0.0000	0.0020	0.0010	0.0010
8	81	0.0582	9	2	0	1	0	0	0	0	0	0	0	1	1	0	0	0	0	0	0	Y	N	N	N	N	N	N	N	N	N	N	N	N	N	N	N	N	N	0.0000	0.0000	0.0000	0.0000	0.0000	0.0000	0.0000	0.0000	0.0000	0.0000	0.0000	0.0000	0.0000	0.0000	0.0000	0.0000	0.0000	0.0000	0.0000	0.0000	0.0000	0.0000	0.0000	0.0000	0.0000	0.0000	0.0000			0.0000	0.0000	0.0003	7.0000	0.9949	2.0013	0.0000	0.0000	0.0000	0.0000	0.0000	0.0000	0.0000	0.0000	0.0000	0.0000	0.0000	0.0000	0.0000	0.0000	0.0000	0.0000	0.0000	0.0000	0.0000	0.0000	0.0000	0.0000	0.0000	0.0000	0.0000	0.0000	0.0000	0.0171	0.0087	0.0085	0.0010	0.0008	0.0002	0.0161	0.0078	0.0083
8	82	0.0582	8	2	0	1	0	1	0	1	0	0	0	1	1	0	0	0	0	0	0	Y	N	N	N	N	N	N	N	N	N	N	N	N	N	N	N	N	N	0.0000	0.0000	0.0000	0.0000	0.0000	0.0000	0.0000	0.0000	0.0000	0.0000	0.0000	0.0000	0.0000	0.0000	0.0000	0.0000	0.0000	0.0000	0.0000	0.0000	0.0000	0.0000	0.0000	0.0000	0.0000	0.0000	0.0000			0.0000	0.0000	0.0003	0.0005	0.9949	0.0029	0.0000	0.0000	0.0000	0.0000	0.0000	0.0000	0.0000	0.0000	0.0000	0.0000	0.0000	0.0000	0.0000	0.0000	0.0000	0.0000	0.0000	0.0000	0.0000	0.0000	0.0000	0.0000	0.0000	0.0000	0.0000	0.0000	0.0000	0.0000	0.0000	0.0000	0.0000	0.0000	0.0000	0.0000	0.0000	0.0000
8	83	0.0129	2	2	0	0	0	0	0	0	0	0	0	2	2	0	0	0	0	0	0	Y	N	N	N	Y	Y	N	N	N	N	N	N	N	N	N	N	N	N	1439.7798	189.1369	3962475.3950	23.7975	22.5145	0.0000	1067606.8672	0.0000	3960905.8494	5.7918	1.5426	38.2829	8.3336	8.3385	0.0000	5.2942	0.0000	38.3150	0.0040	0.0082	0.0000	0.3502	0.3704	0.0000	0.0000	0.0000	0.0000	3.2455	0.0012	0.0001	-0.0001	0.0003	5.0069	0.9949	6.0103	0.0002	0.0000	0.0001	0.0000	0.0000	0.0000	0.0001	0.0000	0.0001	0.0001	0.0001	0.0000	0.0001	0.0001	0.0000	0.0000	0.0000	0.0000	0.0000	0.0000	0.0000	0.0000	0.0000	0.0000	0.0000	0.0000	0.0000	0.0213	0.0105	0.0108	0.0002	0.0002	0.0000	0.0211	0.0103	0.0108
8	85	0.0870	9	2	0	1	0	0	0	0	0	0	0	1	1	0	0	0	0	0	0	Y	N	N	N	N	N	N	N	N	N	N	N	N	N	N	N	N	N	0.0069	0.0043	0.0000	0.0000	0.0000	0.0000	0.0633	0.0365	0.0000	0.0000	0.0000	0.0000	0.0000	0.0000	0.0000	0.0000	0.0000	0.0000	0.0044	0.0079	0.0000	0.0315	0.0348	0.0000	0.0005	0.0010	0.0000	0.0000	0.0000	-0.0000	-0.0001	0.0003	9.9670	0.9949	12.6920	0.0000	0.0000	0.0000	0.0000	0.0000	0.0000	0.0000	0.0000	0.0000	0.0002	0.0002	0.0000	0.0002	0.0002	0.0000	0.0000	0.0000	0.0000	0.0001	0.0001	0.0000	0.0000	0.0000	0.0000	0.0000	0.0000	0.0000	0.0449	0.0248	0.0201	0.0056	0.0051	0.0005	0.0392	0.0197	0.0195
8	86	0.0805	8	2	0	1	0	1	0	1	0	0	0	1	1	0	0	0	0	0	0	Y	N	N	N	N	N	N	N	N	N	N	N	N	N	N	N	N	N	0.4696	1.0741	0.0000	0.3100	0.3084	0.0000	0.5502	54.6454	0.0000	0.0124	0.0136	0.0000	0.0100	0.0102	0.0000	0.0134	0.0152	0.0000	0.0263	0.0126	0.0520	0.0322	0.0332	0.0000	0.0243	0.0003	0.0532	0.0026	2.1890	-0.0000	0.0000	0.0003	1.5419	0.9949	1.3342	0.0000	0.0000	0.0000	0.0000	0.0000	0.0000	0.0000	0.0000	0.0000	0.0003	0.0001	0.0002	0.0001	0.0001	0.0000	0.0002	0.0000	0.0002	0.0000	0.0000	0.0000	0.0000	0.0000	0.0000	0.0000	0.0000	0.0000	0.0099	0.0064	0.0034	0.0025	0.0024	0.0001	0.0074	0.0040	0.0033
8	87	0.1038	11	1	0	0	0	0	0	0	0	0	0	1	2	0	0	0	0	0	0	N	N	N	N	N	Y	N	N	N	N	N	N	N	N	N	N	N	N	inf	inf	0.0000	0.0000	0.0000	0.0000	inf	inf	0.0000	0.0003	0.0003	0.0000	0.0000	0.0000	0.0000	0.0003	0.0004	0.0000	0.0000	0.0000	0.0000	0.0000	0.0000	0.0000	0.0000	0.0000	0.0000	0.0000		-0.0000	0.0000	0.0003	0.9989	0.9949	0.5152	0.0000	0.0000	0.0000	0.0000	0.0000	0.0000	0.0000	0.0000	0.0000	0.0000	0.0000	0.0000	0.0000	0.0000	0.0000	0.0000	0.0000	0.0000	0.0000	0.0000	0.0000	0.0000	0.0000	0.0000	0.0000	0.0000	0.0000	0.0052	0.0033	0.0020	0.0027	0.0020	0.0007	0.0026	0.0013	0.0013
8	88	0.0744	10	1	0	0	0	0	0	0	0	0	1	1	2	0	0	0	0	0	0	N	N	N	N	N	Y	N	N	N	N	N	N	N	N	N	N	N	N	inf	inf	0.0000	0.0000	0.0000	0.0000	inf	inf	0.0000	2.3281	2.6204	0.0000	0.0000	0.0000	0.0000	2.8446	3.2863	0.0000	0.0000	0.0000	0.0000	0.0000	0.0000	0.0000	0.0000	0.0000	0.0000	0.0000		-0.0000	-0.0000	0.0003	6.0209	0.9949	2.4875	0.0001	0.0001	0.0000	0.0000	0.0000	0.0000	0.0001	0.0001	0.0000	0.0000	0.0000	0.0000	0.0000	0.0000	0.0000	0.0000	0.0000	0.0000	0.0000	0.0000	0.0000	0.0000	0.0000	0.0000	0.0000	0.0000	0.0000	0.0184	0.0100	0.0084	0.0033	0.0025	0.0007	0.0151	0.0074	0.0077
8	90	0.1247	14	2	0	1	0	0	0	1	0	0	0	1	1	0	0	0	0	0	0	Y	N	N	N	N	N	N	N	N	N	N	N	N	N	N	N	N	N	0.0000	0.0000	0.0000	0.0000	0.0000	0.0000	0.0000	0.0000	0.0000	0.0000	0.0000	0.0000	0.0000	0.0000	0.0000	0.0000	0.0000	0.0000	0.0006	0.0000	0.0014	0.0001	0.0001	0.0004	0.0007	0.0000	0.0014		53.4672	0.0000	0.0000	0.0003	5.9354	0.9949	8.3561	0.0000	0.0000	0.0000	0.0000	0.0000	0.0000	0.0000	0.0000	0.0000	0.0000	0.0000	0.0000	0.0000	0.0000	0.0000	0.0000	0.0000	0.0000	0.0000	0.0000	0.0000	0.0000	0.0000	0.0000	0.0000	0.0000	0.0000	0.0291	0.0160	0.0131	0.0045	0.0039	0.0006	0.0246	0.0121	0.0124
8	91	0.1078	13	2	0	0	0	0	0	0	0	0	0	1	1	0	0	0	0	0	0	Y	N	N	N	N	N	N	N	N	N	N	N	N	N	N	N	N	N	0.0000	0.0000	0.0000	0.0000	0.0000	0.0000	0.0000	0.0000	0.0000	0.0000	0.0000	0.0000	0.0000	0.0000	0.0000	0.0000	0.0000	0.0000	0.0204	0.0015	0.0469	0.0039	0.0042	0.0000	0.0252	0.0000	0.0488		22.6135	0.0000	0.0001	0.0003	1.5872	0.9949	4.4746	0.0000	0.0000	0.0000	0.0000	0.0000	0.0000	0.0000	0.0000	0.0000	0.0003	0.0000	0.0003	0.0000	0.0000	0.0000	0.0003	0.0000	0.0003	0.0000	0.0000	0.0000	0.0000	0.0000	0.0000	0.0000	0.0000	0.0000	0.0166	0.0097	0.0069	0.0037	0.0034	0.0003	0.0129	0.0062	0.0066
8	92	0.0517	10	2	0	0	1	0	0	0	1	0	0	2	2	0	0	0	0	0	0	Y	N	N	N	Y	Y	N	N	N	N	N	N	N	N	N	N	N	N	0.0000	0.0000	0.0000	0.0000	0.0000	0.0000	0.0000	0.0000	0.0000	0.0000	0.0000	0.0000	0.0000	0.0000	0.0000	0.0000	0.0000	0.0000	0.0000	0.0000	0.0000	0.0000	0.0000	0.0000	0.0000	0.0000	0.0000			0.0000	0.0000	0.0003	1.0091	0.9949	1.9972	0.0000	0.0000	0.0000	0.0000	0.0000	0.0000	0.0000	0.0000	0.0000	0.0000	0.0000	0.0000	0.0000	0.0000	0.0000	0.0000	0.0000	0.0000	0.0000	0.0000	0.0000	0.0000	0.0000	0.0000	0.0000	0.0000	0.0000	0.0059	0.0029	0.0030	0.0003	0.0002	0.0001	0.0056	0.0027	0.0029
8	93	0.0354	9	2	0	0	0	0	0	0	0	0	1	2	2	0	0	0	0	0	0	Y	N	N	N	Y	Y	N	N	N	N	N	N	N	N	N	N	N	N	0.0000	0.0000	0.0000	0.0000	0.0000	0.0000	0.0000	0.0000	0.0000	0.0000	0.0000	0.0000	0.0000	0.0000	0.0000	0.0000	0.0000	0.0000	0.0000	0.0000	0.0000	0.0000	0.0000	0.0000	0.0000	0.0000	0.0000			0.0000	0.0000	0.0003	2.0083	0.9949	3.0031	0.0000	0.0000	0.0000	0.0000	0.0000	0.0000	0.0000	0.0000	0.0000	0.0000	0.0000	0.0000	0.0000	0.0000	0.0000	0.0000	0.0000	0.0000	0.0000	0.0000	0.0000	0.0000	0.0000	0.0000	0.0000	0.0000	0.0000	0.0096	0.0047	0.0049	0.0003	0.0002	0.0001	0.0094	0.0045	0.0049
8	94	0.0354	8	2	0	0	0	0	0	0	0	0	0	2	1	0	0	0	0	0	0	Y	N	N	N	Y	N	N	N	N	N	N	N	N	N	N	N	N	N	inf	0.0000	inf	0.0000	0.0000	0.0000	inf	0.0000	inf	0.3653	0.0000	0.4969	0.0000	0.0000	0.0000	0.4789	0.0000	0.4969	0.0000	0.0000	0.0000	0.0000	0.0000	0.0000	0.0000	0.0000	0.0000	inf		0.0000	0.0000	0.0003	0.0000	0.9949	0.0002	0.0000	0.0000	0.0000	0.0000	0.0000	0.0000	0.0000	0.0000	0.0000	0.0000	0.0000	0.0000	0.0000	0.0000	0.0000	0.0000	0.0000	0.0000	0.0000	0.0000	0.0000	0.0000	0.0000	0.0000	0.0000	0.0000	0.0000	0.0000	0.0000	0.0000	0.0000	0.0000	0.0000	0.0000	0.0000	0.0000
8	95	0.0322	7	2	0	0	0	0	0	0	0	0	0	2	1	0	0	0	0	0	0	Y	N	N	N	Y	N	N	N	N	N	N	N	N	N	N	N	N	N	inf	0.0000	inf	0.0000	0.0000	0.0000	inf	0.0000	inf	13.8251	0.0000	122.8790	0.0000	0.0000	0.0000	16.8534	0.0000	124.3902	0.0000	0.0000	0.0000	0.0000	0.0000	0.0000	0.0000	0.0000	0.0000	inf		0.0001	0.0000	0.0003	1.0000	0.9949	0.0001	0.0001	0.0000	0.0001	0.0000	0.0000	0.0000	0.0001	0.0000	0.0001	0.0000	0.0000	0.0000	0.0000	0.0000	0.0000	0.0000	0.0000	0.0000	0.0000	0.0000	0.0000	0.0000	0.0000	0.0000	0.0000	0.0000	0.0000	0.0020	0.0010	0.0010	0.0001	0.0000	0.0000	0.0019	0.0009	0.0010
8	96	0.0322	6	2	0	0	0	0	0	0	0	1	0	2	1	0	0	0	0	0	0	Y	N	N	N	Y	N	N	N	N	N	N	N	N	N	N	N	N	N	0.0000	0.0000	0.0000	0.0000	0.0000	0.0000	0.0000	0.0000	0.0000	0.0000	0.0000	0.0000	0.0000	0.0000	0.0000	0.0000	0.0000	0.0000	0.0000	0.0000	0.0000	0.0000	0.0000	0.0000	0.0000	0.0000	0.0000			0.0000	0.0000	0.0003	0.0000	0.9949	0.0001	0.0000	0.0000	0.0000	0.0000	0.0000	0.0000	0.0000	0.0000	0.0000	0.0000	0.0000	0.0000	0.0000	0.0000	0.0000	0.0000	0.0000	0.0000	0.0000	0.0000	0.0000	0.0000	0.0000	0.0000	0.0000	0.0000	0.0000	0.0000	0.0000	0.0000	0.0000	0.0000	0.0000	0.0000	0.0000	0.0000
8	97	0.0290	5	2	0	0	0	0	0	0	0	0	0	1	1	0	0	0	0	0	0	Y	N	N	N	N	N	N	N	N	N	N	N	N	N	N	N	N	N	0.0000	0.0000	0.0000	0.0000	0.0000	0.0000	0.0000	0.0000	0.0000	0.0000	0.0000	0.0000	0.0000	0.0000	0.0000	0.0000	0.0000	0.0000	0.0002	0.0003	0.0000	0.0058	0.0072	0.0000	0.0000	0.0000	0.0000		0.0051	0.0000	-0.0000	0.0003	0.9999	0.9949	0.0008	0.0000	0.0000	0.0000	0.0000	0.0000	0.0000	0.0000	0.0000	0.0000	0.0000	0.0000	0.0000	0.0000	0.0000	0.0000	0.0000	0.0000	0.0000	0.0000	0.0000	0.0000	0.0000	0.0000	0.0000	0.0000	0.0000	0.0000	0.0020	0.0010	0.0010	0.0001	0.0000	0.0000	0.0019	0.0009	0.0010
8	99	0.0550	7	2	0	1	0	1	0	1	0	0	0	1	1	0	0	0	0	0	0	Y	N	N	N	N	N	N	N	N	N	N	N	N	N	N	N	N	N	8119.4879	4610.8095	0.0000	0.0000	0.0000	0.0000	4833642.2397	inf	0.0000	2.7967	3.1498	0.0000	0.0000	0.0000	0.0000	3.3932	3.9204	0.0000	0.0003	0.0007	0.0000	0.0085	0.0104	0.0000	0.0000	0.0000	0.0000	0.0000	0.0020	-0.0000	-0.0000	0.0003	5.0000	0.9949	11.0015	0.0001	0.0001	0.0000	0.0000	0.0000	0.0000	0.0001	0.0001	0.0000	0.0000	0.0000	0.0000	0.0000	0.0000	0.0000	0.0000	0.0000	0.0000	0.0000	0.0000	0.0000	0.0000	0.0000	0.0000	0.0000	0.0000	0.0000	0.0291	0.0146	0.0145	0.0012	0.0010	0.0002	0.0279	0.0137	0.0142
8	100	0.1358	17	2	0	1	0	0	0	0	0	0	0	1	1	0	0	0	0	0	0	Y	N	N	N	N	N	N	N	N	N	N	N	N	N	N	N	N	N	0.0000	0.0000	0.0000	0.0000	0.0000	0.0000	0.0000	0.0000	0.0000	0.0000	0.0000	0.0000	0.0000	0.0000	0.0000	0.0000	0.0000	0.0000	0.0002	0.0003	0.0000	0.0008	0.0009	0.0002	0.0000	0.0000	0.0000		0.1002	0.0000	-0.0000	0.0003	2.0003	0.9949	3.6794	0.0000	0.0000	0.0000	0.0000	0.0000	0.0000	0.0000	0.0000	0.0000	0.0000	0.0000	0.0000	0.0000	0.0000	0.0000	0.0000	0.0000	0.0000	0.0000	0.0000	0.0000	0.0000	0.0000	0.0000	0.0000	0.0000	0.0000	0.0117	0.0067	0.0050	0.0023	0.0020	0.0003	0.0094	0.0047	0.0047
8	101	0.1252	16	2	0	1	0	1	0	1	0	0	0	1	1	0	0	0	0	0	0	Y	N	N	N	N	N	N	N	N	N	N	N	N	N	N	N	N	N	0.0000	0.0000	0.0000	0.0000	0.0000	0.0000	0.0000	0.0000	0.0000	0.0000	0.0000	0.0000	0.0000	0.0000	0.0000	0.0000	0.0000	0.0000	0.1037	0.1905	0.0033	0.7114	0.8646	0.0000	0.0018	0.0000	0.0035		0.0152	0.0000	-0.0004	0.0003	0.0087	0.9949	3.3708	0.0000	0.0000	0.0000	0.0000	0.0000	0.0000	0.0000	0.0000	0.0000	0.0007	0.0007	0.0000	0.0007	0.0007	0.0000	0.0000	0.0000	0.0000	0.0000	0.0000	0.0000	0.0000	0.0000	0.0000	0.0000	0.0000	0.0000	0.0064	0.0035	0.0030	0.0009	0.0008	0.0002	0.0055	0.0027	0.0028
8	106	0.0193	3	2	0	1	0	0	0	1	0	0	0	1	1	0	0	0	0	0	0	Y	N	N	N	N	N	N	N	N	N	N	N	N	N	N	N	N	N	0.0000	0.0000	0.0000	0.0000	0.0000	0.0000	0.0000	0.0000	0.0000	0.0000	0.0000	0.0000	0.0000	0.0000	0.0000	0.0000	0.0000	0.0000	0.0000	0.0000	0.0000	0.0003	0.0003	0.0000	0.0000	0.0000	0.0000		0.0135	0.0000	-0.0000	0.0003	3.0043	0.9949	5.0032	0.0000	0.0000	0.0000	0.0000	0.0000	0.0000	0.0000	0.0000	0.0000	0.0000	0.0000	0.0000	0.0000	0.0000	0.0000	0.0000	0.0000	0.0000	0.0000	0.0000	0.0000	0.0000	0.0000	0.0000	0.0000	0.0000	0.0000	0.0156	0.0077	0.0079	0.0002	0.0002	0.0000	0.0154	0.0075	0.0079
8	110	0.1303	14	2	0	1	0	0	0	0	0	0	0	1	1	0	0	0	0	0	0	Y	N	N	N	N	N	N	N	N	N	N	N	N	N	N	N	N	N	0.0000	0.0000	0.0000	0.0000	0.0000	0.0000	0.0000	0.0000	0.0000	0.0000	0.0000	0.0000	0.0000	0.0000	0.0000	0.0000	0.0000	0.0000	0.1718	0.3214	0.0019	1.4996	1.9103	0.0000	0.0010	0.0000	0.0020		0.0051	0.0000	-0.0024	0.0003	7.0195	0.9949	5.1243	0.0000	0.0000	0.0000	0.0000	0.0000	0.0000	0.0000	0.0000	0.0000	0.0039	0.0039	0.0000	0.0039	0.0039	0.0000	0.0000	0.0000	0.0000	0.0000	0.0000	0.0000	0.0000	0.0000	0.0000	0.0000	0.0000	0.0000	0.0228	0.0121	0.0107	0.0026	0.0020	0.0006	0.0202	0.0101	0.0101
8	111	0.1078	13	2	0	1	0	0	0	1	0	0	0	1	1	0	0	0	0	0	0	Y	N	N	N	N	N	N	N	N	N	N	N	N	N	N	N	N	N	0.0000	0.0000	0.0000	0.0000	0.0000	0.0000	0.0000	0.0000	0.0000	0.0000	0.0000	0.0000	0.0000	0.0000	0.0000	0.0000	0.0000	0.0000	0.0233	0.0375	0.0031	0.0948	0.1016	0.0000	0.0017	0.0000	0.0032		0.0584	-0.0000	-0.0002	0.0003	2.0281	0.9949	3.4706	0.0000	0.0000	0.0000	0.0000	0.0000	0.0000	0.0000	0.0000	0.0000	0.0004	0.0003	0.0000	0.0003	0.0003	0.0000	0.0000	0.0000	0.0000	0.0000	0.0000	0.0000	0.0000	0.0000	0.0000	0.0000	0.0000	0.0000	0.0156	0.0091	0.0064	0.0036	0.0034	0.0002	0.0120	0.0058	0.0062
8	112	0.0944	12	2	0	0	0	1	0	0	0	0	0	1	1	0	0	0	0	0	0	Y	N	N	N	N	N	N	N	N	N	N	N	N	N	N	N	N	N	0.0000	0.0000	0.0000	0.0000	0.0000	0.0000	0.0000	0.0000	0.0000	0.0000	0.0000	0.0000	0.0000	0.0000	0.0000	0.0000	0.0000	0.0000	0.0215	0.0182	0.0265	0.0453	0.0483	0.0000	0.0141	0.0000	0.0274		0.9973	0.0000	-0.0000	0.0003	3.0209	0.9949	2.2550	0.0000	0.0000	0.0000	0.0000	0.0000	0.0000	0.0000	0.0000	0.0000	0.0003	0.0002	0.0002	0.0002	0.0002	0.0000	0.0002	0.0000	0.0002	0.0000	0.0000	0.0000	0.0000	0.0000	0.0000	0.0000	0.0000	0.0000	0.0156	0.0092	0.0063	0.0037	0.0035	0.0002	0.0119	0.0058	0.0061
8	120	0.0848	13	1	0	1	0	0	0	0	0	0	0	2	1	0	0	0	0	0	0	N	N	N	N	Y	N	N	N	N	N	N	N	N	N	N	N	N	N	inf	inf	0.0000	0.0000	0.0000	0.0000	inf	inf	0.0000	4.6586	5.2434	0.0000	0.0000	0.0000	0.0000	5.7660	6.6678	0.0000	0.0000	0.0000	0.0000	0.0000	0.0000	0.0000	0.0000	0.0000	0.0000	0.0000		-0.0000	0.0000	0.0003	2.9998	0.9949	1.0000	0.0001	0.0001	0.0000	0.0000	0.0000	0.0000	0.0001	0.0001	0.0000	0.0000	0.0000	0.0000	0.0000	0.0000	0.0000	0.0000	0.0000	0.0000	0.0000	0.0000	0.0000	0.0000	0.0000	0.0000	0.0000	0.0000	0.0000	0.0075	0.0038	0.0037	0.0005	0.0004	0.0001	0.0069	0.0033	0.0036
8	121	0.0848	12	1	0	1	0	0	0	0	0	1	0	2	1	0	0	0	0	0	0	N	N	N	N	Y	N	N	N	N	N	N	N	N	N	N	N	N	N	inf	inf	0.0000	inf	inf	0.0000	inf	inf	0.0000	4.1934	4.7210	0.0000	inf	inf	0.0000	2.7122	3.1611	0.0000	0.0000	0.0000	0.0000	0.0000	0.0000	0.0000	0.0000	0.0000	0.0000	0.0000		-0.0000	0.0000	0.0003	0.0006	0.9949	0.0007	0.0000	0.0000	0.0000	0.0000	0.0000	0.0000	0.0000	0.0000	0.0000	0.0000	0.0000	0.0000	0.0000	0.0000	0.0000	0.0000	0.0000	0.0000	0.0000	0.0000	0.0000	0.0000	0.0000	0.0000	0.0000	0.0000	0.0000	0.0000	0.0000	0.0000	0.0000	0.0000	0.0000	0.0000	0.0000	0.0000
8	126	0.0880	13	2	0	1	0	0	0	0	0	0	0	1	1	0	0	0	0	0	0	Y	N	N	N	N	N	N	N	N	N	N	N	N	N	N	N	N	N	inf	inf	0.0000	inf	inf	0.0000	0.0000	0.0000	0.0000	0.0036	0.0040	0.0000	0.0187	0.0189	0.0000	0.0000	0.0000	0.0000	0.0000	0.0000	0.0000	0.0000	0.0000	0.0000	0.0000	0.0000	0.0000	0.0000		-0.0000	-0.0000	0.0003	1.0002	0.9949	2.0058	0.0000	0.0000	0.0000	0.0000	0.0000	0.0000	0.0000	0.0000	0.0000	0.0000	0.0000	0.0000	0.0000	0.0000	0.0000	0.0000	0.0000	0.0000	0.0000	0.0000	0.0000	0.0000	0.0000	0.0000	0.0000	0.0000	0.0000	0.0057	0.0029	0.0028	0.0004	0.0004	0.0001	0.0052	0.0025	0.0027
8	127	0.0913	13	1	0	0	0	0	0	0	0	0	1	1	2	0	0	0	0	0	0	N	N	N	N	N	Y	N	N	N	N	N	N	N	N	N	N	N	N	0.0000	0.0000	0.0000	0.0000	0.0000	0.0000	0.0000	0.0000	0.0000	0.0000	0.0000	0.0000	0.0000	0.0000	0.0000	0.0000	0.0000	0.0000	0.0000	0.0000	0.0000	0.0000	0.0000	0.0000	0.0000	0.0000	0.0000			0.0000	0.0000	0.0003	1.0000	0.9949	2.0000	0.0000	0.0000	0.0000	0.0000	0.0000	0.0000	0.0000	0.0000	0.0000	0.0000	0.0000	0.0000	0.0000	0.0000	0.0000	0.0000	0.0000	0.0000	0.0000	0.0000	0.0000	0.0000	0.0000	0.0000	0.0000	0.0000	0.0000	0.0058	0.0030	0.0028	0.0004	0.0004	0.0001	0.0054	0.0026	0.0028
8	128	0.0913	12	1	0	0	0	0	0	0	0	0	1	1	2	0	0	0	0	0	0	N	N	N	N	N	Y	N	N	N	N	N	N	N	N	N	N	N	N	0.0000	0.0000	0.0000	0.0000	0.0000	0.0000	0.0000	0.0000	0.0000	0.0000	0.0000	0.0000	0.0000	0.0000	0.0000	0.0000	0.0000	0.0000	0.0470	0.0082	0.0874	0.0142	0.0173	0.0000	0.0496	0.0070	0.0898		10.2512	0.0000	0.0001	0.0003	3.0000	0.9949	2.0000	0.0000	0.0000	0.0000	0.0000	0.0000	0.0000	0.0000	0.0000	0.0000	0.0004	0.0000	0.0004	0.0000	0.0000	0.0000	0.0004	0.0000	0.0004	0.0000	0.0000	0.0000	0.0000	0.0000	0.0000	0.0000	0.0000	0.0000	0.0096	0.0049	0.0047	0.0007	0.0006	0.0001	0.0089	0.0043	0.0046
8	129	0.0945	14	1	0	0	0	0	0	0	0	0	1	1	2	0	0	0	0	0	0	N	N	N	N	N	Y	N	N	N	N	N	N	N	N	N	N	N	N	0.0000	0.0000	0.0000	0.0000	0.0000	0.0000	0.0000	0.0000	0.0000	0.0000	0.0000	0.0000	0.0000	0.0000	0.0000	0.0000	0.0000	0.0000	0.0000	0.0000	0.0000	0.0000	0.0000	0.0000	0.0000	0.0000	0.0000			0.0000	0.0000	0.0003	2.0004	0.9949	1.0045	0.0000	0.0000	0.0000	0.0000	0.0000	0.0000	0.0000	0.0000	0.0000	0.0000	0.0000	0.0000	0.0000	0.0000	0.0000	0.0000	0.0000	0.0000	0.0000	0.0000	0.0000	0.0000	0.0000	0.0000	0.0000	0.0000	0.0000	0.0058	0.0030	0.0029	0.0004	0.0004	0.0001	0.0054	0.0026	0.0028
8	133	0.1084	10	2	0	1	0	0	0	0	0	0	0	2	1	0	0	0	0	0	0	Y	N	N	N	Y	N	N	N	N	N	N	N	N	N	N	N	N	N	0.0000	0.0000	0.0000	0.0000	0.0000	0.0000	0.0000	0.0000	0.0000	0.0000	0.0000	0.0000	0.0000	0.0000	0.0000	0.0000	0.0000	0.0000	0.0000	0.0000	0.0000	0.0000	0.0000	0.0000	0.0000	0.0000	0.0000			0.0000	0.0000	0.0003	0.0000	0.9949	0.0001	0.0000	0.0000	0.0000	0.0000	0.0000	0.0000	0.0000	0.0000	0.0000	0.0000	0.0000	0.0000	0.0000	0.0000	0.0000	0.0000	0.0000	0.0000	0.0000	0.0000	0.0000	0.0000	0.0000	0.0000	0.0000	0.0000	0.0000	0.0000	0.0000	0.0000	0.0000	0.0000	0.0000	0.0000	0.0000	0.0000
8	134	0.0683	9	2	0	1	0	1	0	1	0	1	0	2	1	0	0	0	0	0	0	Y	N	N	N	Y	N	N	N	N	N	N	N	N	N	N	N	N	N	0.0000	0.0000	0.0000	0.0000	0.0000	0.0000	0.0000	0.0000	0.0000	0.0000	0.0000	0.0000	0.0000	0.0000	0.0000	0.0000	0.0000	0.0000	0.0000	0.0000	0.0000	0.0000	0.0000	0.0000	0.0000	0.0000	0.0000			0.0000	0.0000	0.0003	4.0005	0.9949	6.9251	0.0000	0.0000	0.0000	0.0000	0.0000	0.0000	0.0000	0.0000	0.0000	0.0000	0.0000	0.0000	0.0000	0.0000	0.0000	0.0000	0.0000	0.0000	0.0000	0.0000	0.0000	0.0000	0.0000	0.0000	0.0000	0.0000	0.0000	0.0213	0.0109	0.0104	0.0016	0.0014	0.0002	0.0196	0.0094	0.0102
8	135	0.1009	14	2	0	1	0	0	0	0	0	0	0	2	1	0	0	0	0	0	0	Y	N	N	N	Y	N	N	N	N	N	N	N	N	N	N	N	N	N	inf	inf	0.0000	0.0000	0.0000	0.0000	inf	inf	0.0000	0.0061	0.0068	0.0000	0.0000	0.0000	0.0000	0.0076	0.0088	0.0000	0.0000	0.0000	0.0000	0.0000	0.0000	0.0000	0.0000	0.0000	0.0000	0.0000		-0.0000	0.0000	0.0003	0.9923	0.9949	0.0060	0.0000	0.0000	0.0000	0.0000	0.0000	0.0000	0.0000	0.0000	0.0000	0.0000	0.0000	0.0000	0.0000	0.0000	0.0000	0.0000	0.0000	0.0000	0.0000	0.0000	0.0000	0.0000	0.0000	0.0000	0.0000	0.0000	0.0000	0.0018	0.0009	0.0009	0.0002	0.0001	0.0000	0.0017	0.0008	0.0009
8	136	0.0880	13	2	0	1	0	0	0	0	0	1	0	2	1	0	0	0	0	0	0	Y	N	N	N	Y	N	N	N	N	N	N	N	N	N	N	N	N	N	inf	inf	0.0000	0.0000	0.0000	0.0000	inf	inf	0.0000	6.9313	7.8027	0.0000	0.0000	0.0000	0.0000	8.5773	9.9208	0.0000	0.0000	0.0000	0.0000	0.0000	0.0000	0.0000	0.0000	0.0000	0.0000	0.0000		-0.0000	-0.0000	0.0003	2.0106	0.9949	2.0023	0.0001	0.0001	0.0000	0.0000	0.0000	0.0000	0.0001	0.0001	0.0000	0.0000	0.0000	0.0000	0.0000	0.0000	0.0000	0.0000	0.0000	0.0000	0.0000	0.0000	0.0000	0.0000	0.0000	0.0000	0.0000	0.0000	0.0000	0.0075	0.0038	0.0037	0.0006	0.0005	0.0001	0.0069	0.0033	0.0036
8	137	0.0848	12	2	0	1	0	1	0	0	0	0	0	1	1	0	0	0	0	0	0	Y	N	N	N	N	N	N	N	N	N	N	N	N	N	N	N	N	N	inf	inf	0.0000	inf	inf	0.0000	inf	inf	0.0000	5.7165	6.4362	0.0000	7.2721	7.3412	0.0000	5.2819	6.1449	0.0000	0.0000	0.0000	0.0000	0.0000	0.0000	0.0000	0.0000	0.0000	0.0000	0.0000		-0.0000	0.0000	0.0003	0.0008	0.9949	1.0019	0.0000	0.0000	0.0000	0.0000	0.0000	0.0000	0.0000	0.0000	0.0000	0.0000	0.0000	0.0000	0.0000	0.0000	0.0000	0.0000	0.0000	0.0000	0.0000	0.0000	0.0000	0.0000	0.0000	0.0000	0.0000	0.0000	0.0000	0.0019	0.0010	0.0009	0.0001	0.0001	0.0000	0.0018	0.0008	0.0009
9	10	0.1016	14	1	1	1	0	0	1	0	0	0	0	2	1	0	0	0	0	0	0	N	N	N	N	Y	N	N	N	N	N	N	N	N	N	N	N	N	N	0.0000	0.0000	0.0000	0.0000	0.0000	0.0000	0.0000	0.0000	0.0000	0.0000	0.0000	0.0000	0.0000	0.0000	0.0000	0.0000	0.0000	0.0000	0.0000	0.0000	0.0000	0.0000	0.0000	0.0000	0.0000	0.0000	0.0000			0.0000	0.0000	2.9998	1.0000	2.0000	3.0034	0.0000	0.0000	0.0000	0.0000	0.0000	0.0000	0.0000	0.0000	0.0000	0.0000	0.0000	0.0000	0.0000	0.0000	0.0000	0.0000	0.0000	0.0000	0.0349	0.0305	0.0044	0.0015	0.0014	0.0001	0.0334	0.0291	0.0043	0.0364	0.0185	0.0180	0.0026	0.0021	0.0005	0.0339	0.0164	0.0175
9	22	0.0984	15	1	0	1	1	0	0	0	1	0	0	2	1	0	0	0	0	0	0	N	N	N	N	Y	N	N	N	N	N	N	N	N	N	N	N	N	N	0.0000	0.0000	0.0000	0.0000	0.0000	0.0000	0.0000	0.0000	0.0000	0.0000	0.0000	0.0000	0.0000	0.0000	0.0000	0.0000	0.0000	0.0000	0.0000	0.0000	0.0000	0.0000	0.0000	0.0000	0.0000	0.0000	0.0000			0.0000	0.0000	2.9998	2.0010	2.0000	1.9996	0.0000	0.0000	0.0000	0.0000	0.0000	0.0000	0.0000	0.0000	0.0000	0.0000	0.0000	0.0000	0.0000	0.0000	0.0000	0.0000	0.0000	0.0000	0.0679	0.0594	0.0084	0.0032	0.0030	0.0002	0.0646	0.0564	0.0082	0.0360	0.0177	0.0183	0.0013	0.0010	0.0003	0.0347	0.0167	0.0180
9	38	0.0941	14	1	0	1	1	0	0	0	1	0	1	2	1	0	0	0	0	0	0	N	N	N	N	Y	N	N	N	N	N	N	N	N	N	N	N	N	N	0.0000	0.0000	0.0000	0.0000	0.0000	0.0000	0.0000	0.0000	0.0000	0.0000	0.0000	0.0000	0.0000	0.0000	0.0000	0.0000	0.0000	0.0000	0.0024	0.0045	0.0000	0.0294	0.0311	0.0000	0.0000	0.0000	0.0000		0.0000	0.0000	-0.0001	2.9998	3.1237	2.0000	0.5096	0.0000	0.0000	0.0000	0.0000	0.0000	0.0000	0.0000	0.0000	0.0000	0.0001	0.0001	0.0000	0.0001	0.0001	0.0000	0.0000	0.0000	0.0000	0.1746	0.1570	0.0176	0.0425	0.0410	0.0015	0.1322	0.1160	0.0162	0.0373	0.0200	0.0173	0.0031	0.0029	0.0002	0.0343	0.0171	0.0171
9	43	0.0838	14	1	0	1	1	0	0	0	1	0	1	2	1	0	0	0	0	0	0	N	N	N	N	Y	N	N	N	N	N	N	N	N	N	N	N	N	N	0.0000	0.0000	0.0000	0.0000	0.0000	0.0000	0.0000	0.0000	0.0000	0.0000	0.0000	0.0000	0.0000	0.0000	0.0000	0.0000	0.0000	0.0000	0.0000	0.0000	0.0000	0.0000	0.0000	0.0000	0.0000	0.0000	0.0000			0.0000	0.0000	2.9998	2.9999	2.0000	0.9999	0.0000	0.0000	0.0000	0.0000	0.0000	0.0000	0.0000	0.0000	0.0000	0.0000	0.0000	0.0000	0.0000	0.0000	0.0000	0.0000	0.0000	0.0000	0.1249	0.1110	0.0139	0.0207	0.0199	0.0008	0.1042	0.0911	0.0131	0.0372	0.0180	0.0192	0.0011	0.0009	0.0002	0.0362	0.0172	0.0190
9	44	0.0790	13	1	0	1	0	0	0	0	0	0	0	2	0	0	0	0	0	0	0	N	N	N	N	Y	N	N	N	N	N	N	N	N	N	N	N	N	N	0.0000	0.0000	0.0000	0.0000	0.0000	0.0000	0.0000	0.0000	0.0000	0.0000	0.0000	0.0000	0.0000	0.0000	0.0000	0.0000	0.0000	0.0000	0.0000	0.0000	0.0000	0.0000	0.0000	0.0000	0.0000	0.0000	0.0000			0.0000	0.0000	2.9998	1.0020	2.0000	0.0022	0.0000	0.0000	0.0000	0.0000	0.0000	0.0000	0.0000	0.0000	0.0000	0.0000	0.0000	0.0000	0.0000	0.0000	0.0000	0.0000	0.0000	0.0000	0.0343	0.0300	0.0043	0.0011	0.0010	0.0001	0.0332	0.0289	0.0042	0.0092	0.0045	0.0047	0.0002	0.0002	0.0000	0.0090	0.0043	0.0047
9	45	0.0790	13	1	0	1	0	0	0	0	0	0	0	2	1	0	0	0	0	0	0	N	N	N	N	Y	N	N	N	N	N	N	N	N	N	N	N	N	N	0.0000	0.0000	0.0000	0.0000	0.0000	0.0000	0.0000	0.0000	0.0000	0.0000	0.0000	0.0000	0.0000	0.0000	0.0000	0.0000	0.0000	0.0000	0.0000	0.0000	0.0000	0.0000	0.0000	0.0000	0.0000	0.0000	0.0000			0.0000	0.0000	2.9998	4.0000	2.0000	1.0000	0.0000	0.0000	0.0000	0.0000	0.0000	0.0000	0.0000	0.0000	0.0000	0.0000	0.0000	0.0000	0.0000	0.0000	0.0000	0.0000	0.0000	0.0000	0.1342	0.1174	0.0168	0.0041	0.0039	0.0003	0.1301	0.1135	0.0165	0.0448	0.0219	0.0230	0.0011	0.0009	0.0002	0.0437	0.0210	0.0227
9	53	0.0953	14	1	0	1	0	0	0	0	0	0	0	2	1	0	0	0	0	0	0	N	N	N	N	Y	N	N	N	N	N	N	N	N	N	N	N	N	N	0.0000	0.0000	0.0000	0.0000	0.0000	0.0000	0.0000	0.0000	0.0000	0.0000	0.0000	0.0000	0.0000	0.0000	0.0000	0.0000	0.0000	0.0000	0.0000	0.0000	0.0000	0.0000	0.0000	0.0000	0.0000	0.0000	0.0000			0.0000	0.0000	2.9998	0.9921	2.0000	0.0076	0.0000	0.0000	0.0000	0.0000	0.0000	0.0000	0.0000	0.0000	0.0000	0.0000	0.0000	0.0000	0.0000	0.0000	0.0000	0.0000	0.0000	0.0000	0.0341	0.0298	0.0042	0.0015	0.0014	0.0001	0.0325	0.0284	0.0042	0.0093	0.0046	0.0047	0.0004	0.0003	0.0001	0.0089	0.0043	0.0046
9	60	0.0790	13	1	0	1	0	0	0	0	0	0	0	2	1	0	0	0	0	0	0	N	N	N	N	Y	N	N	N	N	N	N	N	N	N	N	N	N	N	inf	inf	0.0000	0.0000	0.0000	0.0000	inf	inf	0.0000	14.7256	16.8413	0.0000	0.0000	0.0000	0.0000	15.1932	17.4166	0.0000	0.0000	0.0000	0.0000	0.0000	0.0000	0.0000	0.0000	0.0000	0.0000	0.0000		-0.2308	0.0000	2.9998	2.0000	2.0000	7.0000	1.0000	1.0000	0.0000	0.0000	0.0000	0.0000	1.0000	1.0000	0.0000	0.0000	0.0000	0.0000	0.0000	0.0000	0.0000	0.0000	0.0000	0.0000	0.0679	0.0594	0.0085	0.0021	0.0020	0.0001	0.0658	0.0574	0.0084	0.0790	0.0386	0.0404	0.0020	0.0016	0.0004	0.0770	0.0370	0.0400
9	61	0.0790	12	1	0	1	0	0	0	0	0	0	1	2	1	0	0	0	0	0	0	N	N	N	N	Y	N	N	N	N	N	N	N	N	N	N	N	N	N	0.0000	0.0000	0.0000	0.0000	0.0000	0.0000	0.0000	0.0000	0.0000	0.0000	0.0000	0.0000	0.0000	0.0000	0.0000	0.0000	0.0000	0.0000	0.0000	0.0000	0.0000	0.0000	0.0000	0.0000	0.0000	0.0000	0.0000			0.0000	0.0000	2.9998	0.0000	2.0000	0.0000	0.0000	0.0000	0.0000	0.0000	0.0000	0.0000	0.0000	0.0000	0.0000	0.0000	0.0000	0.0000	0.0000	0.0000	0.0000	0.0000	0.0000	0.0000	0.0000	0.0000	0.0000	0.0000	0.0000	0.0000	0.0000	0.0000	0.0000	0.0000	0.0000	0.0000	0.0000	0.0000	0.0000	0.0000	0.0000	0.0000
9	74	0.0790	13	1	0	1	0	0	0	0	0	0	0	2	0	0	0	0	0	0	0	N	N	N	N	Y	N	N	N	N	N	N	N	N	N	N	N	N	N	0.0000	0.0000	0.0000	0.0000	0.0000	0.0000	0.0000	0.0000	0.0000	0.0000	0.0000	0.0000	0.0000	0.0000	0.0000	0.0000	0.0000	0.0000	0.0022	0.0041	0.0005	0.0000	0.0000	0.0000	0.0023	0.0043	0.0005		0.1250	0.0000	-0.0000	2.9998	3.9277	2.0000	0.5227	0.0000	0.0000	0.0000	0.0000	0.0000	0.0000	0.0000	0.0000	0.0000	0.0001	0.0001	0.0000	0.0000	0.0000	0.0000	0.0001	0.0001	0.0000	0.1319	0.1154	0.0165	0.0041	0.0039	0.0003	0.1278	0.1115	0.0163	0.0400	0.0195	0.0205	0.0010	0.0008	0.0002	0.0390	0.0187	0.0203
9	75	0.0790	12	1	0	1	0	0	0	0	0	0	0	2	0	0	0	0	0	0	0	N	N	N	N	Y	N	N	N	N	N	N	N	N	N	N	N	N	N	0.0000	0.0000	0.0000	0.0000	0.0000	0.0000	0.0000	0.0000	0.0000	0.0000	0.0000	0.0000	0.0000	0.0000	0.0000	0.0000	0.0000	0.0000	0.0000	0.0000	0.0000	0.0000	0.0000	0.0000	0.0000	0.0000	0.0000			0.0000	0.0000	2.9998	0.0009	2.0000	0.0000	0.0000	0.0000	0.0000	0.0000	0.0000	0.0000	0.0000	0.0000	0.0000	0.0000	0.0000	0.0000	0.0000	0.0000	0.0000	0.0000	0.0000	0.0000	0.0000	0.0000	0.0000	0.0000	0.0000	0.0000	0.0000	0.0000	0.0000	0.0000	0.0000	0.0000	0.0000	0.0000	0.0000	0.0000	0.0000	0.0000
9	76	0.0758	11	1	0	1	0	0	0	0	0	0	0	2	0	0	0	0	0	0	0	N	N	N	N	Y	N	N	N	N	N	N	N	N	N	N	N	N	N	0.0000	0.0000	0.0000	0.0000	0.0000	0.0000	0.0000	0.0000	0.0000	0.0000	0.0000	0.0000	0.0000	0.0000	0.0000	0.0000	0.0000	0.0000	0.0000	0.0000	0.0000	0.0000	0.0000	0.0000	0.0000	0.0000	0.0000			0.0000	0.0000	2.9998	1.0000	2.0000	0.0000	0.0000	0.0000	0.0000	0.0000	0.0000	0.0000	0.0000	0.0000	0.0000	0.0000	0.0000	0.0000	0.0000	0.0000	0.0000	0.0000	0.0000	0.0000	0.0342	0.0299	0.0043	0.0010	0.0009	0.0001	0.0332	0.0289	0.0042	0.0092	0.0045	0.0047	0.0002	0.0002	0.0000	0.0090	0.0043	0.0047
9	79	0.0984	13	1	0	1	0	0	0	0	0	0	0	2	1	0	0	0	0	0	0	N	N	N	N	Y	N	N	N	N	N	N	N	N	N	N	N	N	N	0.0000	0.0000	0.0000	0.0000	0.0000	0.0000	0.0000	0.0000	0.0000	0.0000	0.0000	0.0000	0.0000	0.0000	0.0000	0.0000	0.0000	0.0000	0.0000	0.0000	0.0000	0.0000	0.0000	0.0000	0.0000	0.0000	0.0000			0.0000	0.0000	2.9998	0.0001	2.0000	1.0072	0.0000	0.0000	0.0000	0.0000	0.0000	0.0000	0.0000	0.0000	0.0000	0.0000	0.0000	0.0000	0.0000	0.0000	0.0000	0.0000	0.0000	0.0000	0.0000	0.0000	0.0000	0.0000	0.0000	0.0000	0.0000	0.0000	0.0000	0.0094	0.0047	0.0046	0.0007	0.0006	0.0001	0.0087	0.0042	0.0045
9	80	0.0887	12	1	0	1	0	0	0	0	0	0	0	2	1	0	0	0	0	0	0	N	N	N	N	Y	N	N	N	N	N	N	N	N	N	N	N	N	N	0.0000	0.0000	0.0000	0.0000	0.0000	0.0000	0.0000	0.0000	0.0000	0.0000	0.0000	0.0000	0.0000	0.0000	0.0000	0.0000	0.0000	0.0000	0.0000	0.0000	0.0000	0.0000	0.0000	0.0000	0.0000	0.0000	0.0000			0.0000	0.0000	2.9998	1.0058	2.0000	1.9973	0.0000	0.0000	0.0000	0.0000	0.0000	0.0000	0.0000	0.0000	0.0000	0.0000	0.0000	0.0000	0.0000	0.0000	0.0000	0.0000	0.0000	0.0000	0.0357	0.0312	0.0045	0.0017	0.0015	0.0001	0.0340	0.0297	0.0043	0.0278	0.0140	0.0138	0.0019	0.0016	0.0003	0.0259	0.0124	0.0134
9	83	0.0887	12	1	0	1	0	0	0	0	0	0	0	2	1	0	0	0	0	0	0	N	N	N	N	Y	N	N	N	N	N	N	N	N	N	N	N	N	N	0.0000	0.0000	0.0000	0.0000	0.0000	0.0000	0.0000	0.0000	0.0000	0.0000	0.0000	0.0000	0.0000	0.0000	0.0000	0.0000	0.0000	0.0000	0.0000	0.0000	0.0000	0.0000	0.0000	0.0000	0.0000	0.0000	0.0000			0.0000	0.0000	2.9998	5.0069	2.0000	6.0103	0.0000	0.0000	0.0000	0.0000	0.0000	0.0000	0.0000	0.0000	0.0000	0.0000	0.0000	0.0000	0.0000	0.0000	0.0000	0.0000	0.0000	0.0000	0.1718	0.1505	0.0214	0.0072	0.0067	0.0005	0.1646	0.1438	0.0208	0.0966	0.0486	0.0480	0.0062	0.0051	0.0011	0.0904	0.0436	0.0468
9	84	0.0823	11	1	0	1	0	0	0	0	0	1	1	2	1	0	0	0	0	0	0	N	N	N	N	Y	N	N	N	N	N	N	N	N	N	N	N	N	N	0.0000	0.0000	0.0000	0.0000	0.0000	0.0000	0.0000	0.0000	0.0000	0.0000	0.0000	0.0000	0.0000	0.0000	0.0000	0.0000	0.0000	0.0000	0.0000	0.0000	0.0000	0.0000	0.0000	0.0000	0.0000	0.0000	0.0000			0.0000	0.0000	2.9998	1.9932	2.0000	0.0278	0.0000	0.0000	0.0000	0.0000	0.0000	0.0000	0.0000	0.0000	0.0000	0.0000	0.0000	0.0000	0.0000	0.0000	0.0000	0.0000	0.0000	0.0000	0.0694	0.0607	0.0087	0.0018	0.0017	0.0001	0.0676	0.0590	0.0086	0.0193	0.0098	0.0095	0.0014	0.0012	0.0002	0.0179	0.0086	0.0093
9	92	0.0953	14	1	0	1	1	0	0	0	1	0	0	2	1	0	0	0	0	0	0	N	N	N	N	Y	N	N	N	N	N	N	N	N	N	N	N	N	N	0.0000	0.0000	0.0000	0.0000	0.0000	0.0000	0.0000	0.0000	0.0000	0.0000	0.0000	0.0000	0.0000	0.0000	0.0000	0.0000	0.0000	0.0000	0.0000	0.0000	0.0000	0.0000	0.0000	0.0000	0.0000	0.0000	0.0000			0.0000	0.0000	2.9998	1.0091	2.0000	1.9972	0.0000	0.0000	0.0000	0.0000	0.0000	0.0000	0.0000	0.0000	0.0000	0.0000	0.0000	0.0000	0.0000	0.0000	0.0000	0.0000	0.0000	0.0000	0.0346	0.0303	0.0043	0.0015	0.0015	0.0001	0.0331	0.0289	0.0042	0.0274	0.0135	0.0139	0.0011	0.0008	0.0003	0.0263	0.0126	0.0137
9	93	0.0790	13	1	0	1	0	0	0	0	0	0	1	2	1	0	0	0	0	0	0	N	N	N	N	Y	N	N	N	N	N	N	N	N	N	N	N	N	N	0.0000	0.0000	0.0000	0.0000	0.0000	0.0000	0.0000	0.0000	0.0000	0.0000	0.0000	0.0000	0.0000	0.0000	0.0000	0.0000	0.0000	0.0000	0.0000	0.0000	0.0000	0.0000	0.0000	0.0000	0.0000	0.0000	0.0000			0.0000	0.0000	2.9998	2.0083	2.0000	3.0031	0.0000	0.0000	0.0000	0.0000	0.0000	0.0000	0.0000	0.0000	0.0000	0.0000	0.0000	0.0000	0.0000	0.0000	0.0000	0.0000	0.0000	0.0000	0.0678	0.0593	0.0085	0.0022	0.0020	0.0001	0.0657	0.0573	0.0084	0.0450	0.0220	0.0230	0.0011	0.0009	0.0002	0.0439	0.0210	0.0228
9	94	0.0790	12	1	0	1	0	0	0	0	0	0	0	2	0	0	0	0	0	0	0	N	N	N	N	Y	N	N	N	N	N	N	N	N	N	N	N	N	N	0.0000	0.0000	0.0000	0.0000	0.0000	0.0000	0.0000	0.0000	0.0000	0.0000	0.0000	0.0000	0.0000	0.0000	0.0000	0.0000	0.0000	0.0000	0.0000	0.0000	0.0000	0.0000	0.0000	0.0000	0.0000	0.0000	0.0000			0.0000	0.0000	2.9998	0.0000	2.0000	0.0002	0.0000	0.0000	0.0000	0.0000	0.0000	0.0000	0.0000	0.0000	0.0000	0.0000	0.0000	0.0000	0.0000	0.0000	0.0000	0.0000	0.0000	0.0000	0.0000	0.0000	0.0000	0.0000	0.0000	0.0000	0.0000	0.0000	0.0000	0.0000	0.0000	0.0000	0.0000	0.0000	0.0000	0.0000	0.0000	0.0000
9	95	0.0758	11	1	0	1	0	0	0	0	0	0	0	2	0	0	0	0	0	0	0	N	N	N	N	Y	N	N	N	N	N	N	N	N	N	N	N	N	N	0.0000	0.0000	0.0000	0.0000	0.0000	0.0000	0.0000	0.0000	0.0000	0.0000	0.0000	0.0000	0.0000	0.0000	0.0000	0.0000	0.0000	0.0000	0.0000	0.0000	0.0000	0.0000	0.0000	0.0000	0.0000	0.0000	0.0000			0.0000	0.0000	2.9998	1.0000	2.0000	0.0001	0.0000	0.0000	0.0000	0.0000	0.0000	0.0000	0.0000	0.0000	0.0000	0.0000	0.0000	0.0000	0.0000	0.0000	0.0000	0.0000	0.0000	0.0000	0.0342	0.0299	0.0043	0.0010	0.0009	0.0001	0.0332	0.0289	0.0042	0.0092	0.0045	0.0047	0.0002	0.0002	0.0000	0.0090	0.0043	0.0047
9	96	0.0758	10	1	0	1	0	0	0	0	0	1	0	2	0	0	0	0	0	0	0	N	N	N	N	Y	N	N	N	N	N	N	N	N	N	N	N	N	N	0.0000	0.0000	0.0000	0.0000	0.0000	0.0000	0.0000	0.0000	0.0000	0.0000	0.0000	0.0000	0.0000	0.0000	0.0000	0.0000	0.0000	0.0000	0.0000	0.0000	0.0000	0.0000	0.0000	0.0000	0.0000	0.0000	0.0000			0.0000	0.0000	2.9998	0.0000	2.0000	0.0001	0.0000	0.0000	0.0000	0.0000	0.0000	0.0000	0.0000	0.0000	0.0000	0.0000	0.0000	0.0000	0.0000	0.0000	0.0000	0.0000	0.0000	0.0000	0.0000	0.0000	0.0000	0.0000	0.0000	0.0000	0.0000	0.0000	0.0000	0.0000	0.0000	0.0000	0.0000	0.0000	0.0000	0.0000	0.0000	0.0000
10	11	0.1172	12	1	1	0	0	0	1	0	0	0	0	1	2	0	0	0	0	0	0	N	N	N	N	N	Y	N	N	N	N	N	N	N	N	N	N	N	N	0.0000	0.0000	0.0000	0.0000	0.0000	0.0000	0.0000	0.0000	0.0000	0.0000	0.0000	0.0000	0.0000	0.0000	0.0000	0.0000	0.0000	0.0000	0.0000	0.0000	0.0000	0.0000	0.0000	0.0000	0.0000	0.0000	0.0000			0.0000	0.0000	1.0000	2.0022	3.0034	0.4909	0.0000	0.0000	0.0000	0.0000	0.0000	0.0000	0.0000	0.0000	0.0000	0.0000	0.0000	0.0000	0.0000	0.0000	0.0000	0.0000	0.0000	0.0000	0.0234	0.0205	0.0029	0.0013	0.0012	0.0001	0.0221	0.0192	0.0028	0.0274	0.0164	0.0111	0.0109	0.0082	0.0027	0.0165	0.0082	0.0083
10	12	0.1381	15	2	1	0	0	0	1	0	0	0	1	1	2	0	0	0	0	0	0	Y	N	N	N	N	Y	N	N	N	N	N	N	N	N	N	N	N	N	0.0000	0.0000	0.0000	0.0000	0.0000	0.0000	0.0000	0.0000	0.0000	0.0000	0.0000	0.0000	0.0000	0.0000	0.0000	0.0000	0.0000	0.0000	0.0000	0.0000	0.0000	0.0000	0.0000	0.0000	0.0000	0.0000	0.0000		0.9153	0.0000	-0.0000	1.0000	3.5195	3.0034	3.1401	0.0000	0.0000	0.0000	0.0000	0.0000	0.0000	0.0000	0.0000	0.0000	0.0000	0.0000	0.0000	0.0000	0.0000	0.0000	0.0000	0.0000	0.0000	0.0436	0.0382	0.0054	0.0036	0.0034	0.0002	0.0400	0.0348	0.0052	0.0639	0.0367	0.0272	0.0130	0.0116	0.0014	0.0509	0.0251	0.0258
10	13	0.0489	10	2	1	1	0	0	1	1	0	0	0	2	1	0	0	0	0	0	0	Y	N	N	N	Y	N	N	N	N	N	N	N	N	N	N	N	N	N	0.0000	0.0000	0.0000	0.0000	0.0000	0.0000	0.0000	0.0000	0.0000	0.0000	0.0000	0.0000	0.0000	0.0000	0.0000	0.0000	0.0000	0.0000	0.0001	0.0003	0.0000	0.0055	0.0070	0.0000	0.0000	0.0000	0.0000		0.0000	0.0000	-0.0000	1.0000	2.0000	3.0034	8.0000	0.0000	0.0000	0.0000	0.0000	0.0000	0.0000	0.0000	0.0000	0.0000	0.0000	0.0000	0.0000	0.0000	0.0000	0.0000	0.0000	0.0000	0.0000	0.0233	0.0204	0.0030	0.0005	0.0005	0.0000	0.0228	0.0199	0.0029	0.0738	0.0362	0.0375	0.0018	0.0014	0.0004	0.0719	0.0348	0.0371
10	14	0.1112	16	1	1	0	0	0	1	0	0	0	1	1	2	0	0	0	0	0	0	N	N	N	N	N	Y	N	N	N	N	N	N	N	N	N	N	N	N	0.0000	0.0000	0.0000	0.0000	0.0000	0.0000	0.0000	0.0000	0.0000	0.0000	0.0000	0.0000	0.0000	0.0000	0.0000	0.0000	0.0000	0.0000	0.0000	0.0000	0.0000	0.0000	0.0000	0.0000	0.0000	0.0000	0.0000			0.0000	0.0000	1.0000	1.0000	3.0034	2.0000	0.0000	0.0000	0.0000	0.0000	0.0000	0.0000	0.0000	0.0000	0.0000	0.0000	0.0000	0.0000	0.0000	0.0000	0.0000	0.0000	0.0000	0.0000	0.0117	0.0103	0.0015	0.0005	0.0004	0.0000	0.0113	0.0098	0.0014	0.0229	0.0117	0.0111	0.0017	0.0014	0.0003	0.0212	0.0103	0.0108
10	15	0.0424	7	2	1	1	0	0	1	0	0	0	0	1	1	0	0	0	0	0	0	Y	N	N	N	N	N	N	N	N	N	N	N	N	N	N	N	N	N	0.0000	0.0000	0.0000	0.0000	0.0000	0.0000	0.0000	0.0000	0.0000	0.0000	0.0000	0.0000	0.0000	0.0000	0.0000	0.0000	0.0000	0.0000	0.0000	0.0000	0.0000	0.0000	0.0000	0.0000	0.0000	0.0000	0.0000			0.0000	0.0000	1.0000	5.0003	3.0034	7.0080	0.0000	0.0000	0.0000	0.0000	0.0000	0.0000	0.0000	0.0000	0.0000	0.0000	0.0000	0.0000	0.0000	0.0000	0.0000	0.0000	0.0000	0.0000	0.0529	0.0463	0.0067	0.0009	0.0008	0.0001	0.0521	0.0455	0.0066	0.0811	0.0401	0.0410	0.0021	0.0017	0.0004	0.0790	0.0384	0.0406
10	18	0.0539	7	2	1	1	0	0	1	0	0	0	0	1	1	0	0	0	0	0	0	Y	N	N	N	N	N	N	N	N	N	N	N	N	N	N	N	N	N	0.0000	0.0000	0.0000	0.0000	0.0000	0.0000	0.0000	0.0000	0.0000	0.0000	0.0000	0.0000	0.0000	0.0000	0.0000	0.0000	0.0000	0.0000	0.0000	0.0000	0.0000	0.0000	0.0000	0.0000	0.0000	0.0000	0.0000			0.0000	0.0000	1.0000	1.0021	3.0034	3.5076	0.0000	0.0000	0.0000	0.0000	0.0000	0.0000	0.0000	0.0000	0.0000	0.0000	0.0000	0.0000	0.0000	0.0000	0.0000	0.0000	0.0000	0.0000	0.0119	0.0104	0.0015	0.0004	0.0004	0.0000	0.0114	0.0100	0.0015	0.0394	0.0213	0.0181	0.0034	0.0032	0.0002	0.0359	0.0181	0.0179
10	20	0.1085	12	2	1	1	0	0	1	0	0	0	0	2	1	0	0	0	0	0	0	Y	N	N	N	Y	N	N	N	N	N	N	N	N	N	N	N	N	N	0.0000	0.0000	0.0000	0.0000	0.0000	0.0000	0.0000	0.0000	0.0000	0.0000	0.0000	0.0000	0.0000	0.0000	0.0000	0.0000	0.0000	0.0000	0.0000	0.0000	0.0000	0.0000	0.0000	0.0000	0.0000	0.0000	0.0000			0.0000	0.0000	1.0000	2.0350	3.0034	3.4537	0.0000	0.0000	0.0000	0.0000	0.0000	0.0000	0.0000	0.0000	0.0000	0.0000	0.0000	0.0000	0.0000	0.0000	0.0000	0.0000	0.0000	0.0000	0.0250	0.0221	0.0030	0.0015	0.0014	0.0001	0.0236	0.0206	0.0029	0.0565	0.0354	0.0211	0.0122	0.0113	0.0009	0.0443	0.0241	0.0202
10	21	0.0849	11	2	1	1	0	1	1	1	0	0	0	1	1	0	0	0	0	0	0	Y	N	N	N	N	N	N	N	N	N	N	N	N	N	N	N	N	N	0.0000	0.0000	0.0000	0.0000	0.0000	0.0000	0.0000	0.0000	0.0000	0.0000	0.0000	0.0000	0.0000	0.0000	0.0000	0.0000	0.0000	0.0000	0.0000	0.0000	0.0000	0.0000	0.0000	0.0000	0.0000	0.0000	0.0000			0.0000	0.0000	1.0000	2.0002	3.0034	2.9143	0.0000	0.0000	0.0000	0.0000	0.0000	0.0000	0.0000	0.0000	0.0000	0.0000	0.0000	0.0000	0.0000	0.0000	0.0000	0.0000	0.0000	0.0000	0.0240	0.0210	0.0030	0.0007	0.0006	0.0001	0.0233	0.0204	0.0030	0.0414	0.0213	0.0202	0.0044	0.0039	0.0004	0.0371	0.0173	0.0197
10	22	0.0683	12	2	1	0	1	0	1	0	1	0	0	2	2	0	0	0	0	0	0	Y	N	N	N	Y	Y	N	N	N	N	N	N	N	N	N	N	N	N	0.0000	0.0000	0.0000	0.0000	0.0000	0.0000	0.0000	0.0000	0.0000	0.0000	0.0000	0.0000	0.0000	0.0000	0.0000	0.0000	0.0000	0.0000	0.0000	0.0000	0.0000	0.0000	0.0000	0.0000	0.0000	0.0000	0.0000			0.0000	0.0000	1.0000	2.0010	3.0034	1.9996	0.0000	0.0000	0.0000	0.0000	0.0000	0.0000	0.0000	0.0000	0.0000	0.0000	0.0000	0.0000	0.0000	0.0000	0.0000	0.0000	0.0000	0.0000	0.0234	0.0205	0.0029	0.0009	0.0008	0.0001	0.0225	0.0197	0.0029	0.0304	0.0151	0.0153	0.0012	0.0009	0.0003	0.0292	0.0142	0.0150
10	23	0.0885	12	2	1	1	0	0	1	0	0	0	0	1	1	0	0	0	0	0	0	Y	N	N	N	N	N	N	N	N	N	N	N	N	N	N	N	N	N	0.0000	0.0000	0.0000	0.0000	0.0000	0.0000	0.0000	0.0000	0.0000	0.0000	0.0000	0.0000	0.0000	0.0000	0.0000	0.0000	0.0000	0.0000	0.0000	0.0000	0.0000	0.0000	0.0000	0.0000	0.0000	0.0000	0.0000			0.0000	0.0000	1.0000	1.9752	3.0034	0.4846	0.0000	0.0000	0.0000	0.0000	0.0000	0.0000	0.0000	0.0000	0.0000	0.0000	0.0000	0.0000	0.0000	0.0000	0.0000	0.0000	0.0000	0.0000	0.0248	0.0217	0.0030	0.0013	0.0013	0.0001	0.0235	0.0205	0.0030	0.0287	0.0170	0.0117	0.0107	0.0081	0.0026	0.0180	0.0089	0.0091
10	24	0.1004	10	2	1	1	0	0	1	0	0	0	0	1	1	0	0	0	0	0	0	Y	N	N	N	N	N	N	N	N	N	N	N	N	N	N	N	N	N	0.0000	0.0000	0.0000	0.0000	0.0000	0.0000	0.0000	0.0000	0.0000	0.0000	0.0000	0.0000	0.0000	0.0000	0.0000	0.0000	0.0000	0.0000	0.0000	0.0000	0.0000	0.0000	0.0000	0.0000	0.0000	0.0000	0.0000		inf	0.0000	0.0000	1.0000	3.0190	3.0034	4.8890	0.0000	0.0000	0.0000	0.0000	0.0000	0.0000	0.0000	0.0000	0.0000	0.0000	0.0000	0.0000	0.0000	0.0000	0.0000	0.0000	0.0000	0.0000	0.0366	0.0322	0.0045	0.0024	0.0022	0.0001	0.0343	0.0299	0.0044	0.0864	0.0524	0.0340	0.0186	0.0175	0.0011	0.0678	0.0349	0.0329
10	25	0.0489	9	2	1	1	0	0	1	1	0	0	0	2	1	0	0	0	0	0	0	Y	N	N	N	Y	N	N	N	N	N	N	N	N	N	N	N	N	N	0.0000	0.0000	0.0000	0.0000	0.0000	0.0000	0.0000	0.0000	0.0000	0.0000	0.0000	0.0000	0.0000	0.0000	0.0000	0.0000	0.0000	0.0000	0.0003	0.0007	0.0000	0.0132	0.0170	0.0000	0.0000	0.0000	0.0000		0.0000	0.0000	-0.0000	1.0000	1.0000	3.0034	3.0001	0.0000	0.0000	0.0000	0.0000	0.0000	0.0000	0.0000	0.0000	0.0000	0.0000	0.0000	0.0000	0.0000	0.0000	0.0000	0.0000	0.0000	0.0000	0.0117	0.0103	0.0015	0.0003	0.0003	0.0000	0.0115	0.0100	0.0015	0.0305	0.0149	0.0155	0.0008	0.0006	0.0002	0.0297	0.0144	0.0154
10	26	0.0885	12	2	1	1	0	0	1	0	0	0	0	1	1	0	0	0	0	0	0	Y	N	N	N	N	N	N	N	N	N	N	N	N	N	N	N	N	N	0.0000	0.0000	0.0000	0.0000	0.0000	0.0000	0.0000	0.0000	0.0000	0.0000	0.0000	0.0000	0.0000	0.0000	0.0000	0.0000	0.0000	0.0000	0.0000	0.0000	0.0000	0.0000	0.0000	0.0000	0.0000	0.0000	0.0000			0.0000	0.0000	1.0000	1.9514	3.0034	1.5308	0.0000	0.0000	0.0000	0.0000	0.0000	0.0000	0.0000	0.0000	0.0000	0.0000	0.0000	0.0000	0.0000	0.0000	0.0000	0.0000	0.0000	0.0000	0.0245	0.0215	0.0030	0.0013	0.0013	0.0001	0.0232	0.0202	0.0030	0.0363	0.0209	0.0154	0.0111	0.0084	0.0027	0.0252	0.0125	0.0127
10	27	0.0878	11	2	1	1	0	1	1	1	0	0	0	1	1	0	0	0	0	0	0	Y	N	N	N	N	N	N	N	N	N	N	N	N	N	N	N	N	N	0.0000	0.0000	0.0000	0.0000	0.0000	0.0000	0.0000	0.0000	0.0000	0.0000	0.0000	0.0000	0.0000	0.0000	0.0000	0.0000	0.0000	0.0000	0.0000	0.0000	0.0000	0.0000	0.0000	0.0000	0.0000	0.0000	0.0000			0.0000	0.0000	1.0000	0.0905	3.0034	0.5221	0.0000	0.0000	0.0000	0.0000	0.0000	0.0000	0.0000	0.0000	0.0000	0.0000	0.0000	0.0000	0.0000	0.0000	0.0000	0.0000	0.0000	0.0000	0.0014	0.0013	0.0002	0.0002	0.0002	0.0000	0.0012	0.0011	0.0002	0.0149	0.0101	0.0049	0.0101	0.0076	0.0025	0.0048	0.0025	0.0024
10	28	0.1382	17	2	1	1	0	1	1	1	0	1	0	2	1	0	0	0	0	0	0	Y	N	N	N	Y	N	N	N	N	N	N	N	N	N	N	N	N	N	0.0000	0.0000	0.0000	0.0000	0.0000	0.0000	0.0000	0.0000	0.0000	0.0000	0.0000	0.0000	0.0000	0.0000	0.0000	0.0000	0.0000	0.0000	0.0282	0.0000	0.0591	0.2060	0.0000	0.8987	0.0001	0.0000	0.0002		inf	0.0000	0.0012	1.0000	5.0808	3.0034	12.0223	0.0000	0.0000	0.0000	0.0000	0.0000	0.0000	0.0000	0.0000	0.0000	0.0031	0.0000	0.0031	0.0031	0.0000	0.0031	0.0000	0.0000	0.0000	0.0603	0.0529	0.0074	0.0047	0.0044	0.0003	0.0556	0.0485	0.0071	0.1117	0.0585	0.0532	0.0152	0.0117	0.0035	0.0965	0.0467	0.0497
10	30	0.0457	7	2	2	1	0	0	2	1	0	0	0	1	1	0	0	0	0	0	0	Y	Y	N	N	N	N	N	N	N	N	N	N	N	N	N	N	N	N	0.0000	0.0000	0.0000	0.0000	0.0000	0.0000	0.0000	0.0000	0.0000	0.0000	0.0000	0.0000	0.0000	0.0000	0.0000	0.0000	0.0000	0.0000	13.5543	27.5982	0.0000	0.0000	0.0000	0.0000	13.8979	28.7245	0.0000		0.0000	0.0000	-0.6190	1.0000	3.0000	3.0034	7.0000	0.0000	0.0000	0.0000	0.0000	0.0000	0.0000	0.0000	0.0000	0.0000	0.9998	0.9998	0.0000	0.0000	0.0000	0.0000	0.9998	0.9998	0.0000	0.0349	0.0305	0.0044	0.0009	0.0008	0.0001	0.0340	0.0296	0.0043	0.0738	0.0362	0.0375	0.0018	0.0014	0.0004	0.0719	0.0348	0.0371
10	31	0.1448	18	1	1	1	0	0	1	1	0	0	1	1	2	0	0	0	0	0	0	N	N	N	N	N	Y	N	N	N	N	N	N	N	N	N	N	N	N	0.0000	0.0000	0.0000	0.0000	0.0000	0.0000	0.0000	0.0000	0.0000	0.0000	0.0000	0.0000	0.0000	0.0000	0.0000	0.0000	0.0000	0.0000	0.0000	0.0000	0.0000	0.0000	0.0000	0.0000	0.0000	0.0000	0.0000			0.0000	0.0000	1.0000	0.0057	3.0034	1.0792	0.0000	0.0000	0.0000	0.0000	0.0000	0.0000	0.0000	0.0000	0.0000	0.0000	0.0000	0.0000	0.0000	0.0000	0.0000	0.0000	0.0000	0.0000	0.0003	0.0002	0.0000	0.0001	0.0001	0.0000	0.0001	0.0001	0.0000	0.0093	0.0054	0.0039	0.0018	0.0015	0.0003	0.0075	0.0039	0.0036
10	32	0.0774	11	2	1	1	0	0	1	0	0	0	0	1	1	0	0	0	0	0	0	Y	N	N	N	N	N	N	N	N	N	N	N	N	N	N	N	N	N	0.0000	0.0000	0.0000	0.0000	0.0000	0.0000	0.0000	0.0000	0.0000	0.0000	0.0000	0.0000	0.0000	0.0000	0.0000	0.0000	0.0000	0.0000	0.0000	0.0000	0.0000	0.0000	0.0000	0.0000	0.0000	0.0000	0.0000			0.0000	0.0000	1.0000	7.0011	3.0034	9.2473	0.0000	0.0000	0.0000	0.0000	0.0000	0.0000	0.0000	0.0000	0.0000	0.0000	0.0000	0.0000	0.0000	0.0000	0.0000	0.0000	0.0000	0.0000	0.0812	0.0710	0.0102	0.0018	0.0017	0.0002	0.0794	0.0693	0.0100	0.1213	0.0625	0.0589	0.0092	0.0081	0.0011	0.1121	0.0544	0.0577
10	33	0.1143	15	2	1	1	0	0	1	0	0	0	0	2	1	0	0	0	0	0	0	Y	N	N	N	Y	N	N	N	N	N	N	N	N	N	N	N	N	N	0.0000	0.0000	0.0000	0.0000	0.0000	0.0000	0.0000	0.0000	0.0000	0.0000	0.0000	0.0000	0.0000	0.0000	0.0000	0.0000	0.0000	0.0000	0.0000	0.0000	0.0000	0.0000	0.0000	0.0000	0.0000	0.0000	0.0000			0.0000	0.0000	1.0000	4.0088	3.0034	1.0030	0.0000	0.0000	0.0000	0.0000	0.0000	0.0000	0.0000	0.0000	0.0000	0.0000	0.0000	0.0000	0.0000	0.0000	0.0000	0.0000	0.0000	0.0000	0.0466	0.0408	0.0058	0.0026	0.0024	0.0002	0.0440	0.0384	0.0056	0.0348	0.0181	0.0167	0.0030	0.0025	0.0005	0.0318	0.0156	0.0163
10	35	0.0749	9	2	1	1	0	1	1	1	0	1	0	2	1	0	0	0	0	0	0	Y	N	N	N	Y	N	N	N	N	N	N	N	N	N	N	N	N	N	0.0000	0.0000	0.0000	0.0000	0.0000	0.0000	0.0000	0.0000	0.0000	0.0000	0.0000	0.0000	0.0000	0.0000	0.0000	0.0000	0.0000	0.0000	0.0000	0.0000	0.0000	0.0000	0.0000	0.0000	0.0000	0.0000	0.0000			0.0000	0.0000	1.0000	10.0151	3.0034	7.9868	0.0000	0.0000	0.0000	0.0000	0.0000	0.0000	0.0000	0.0000	0.0000	0.0000	0.0000	0.0000	0.0000	0.0000	0.0000	0.0000	0.0000	0.0000	0.1139	0.0997	0.0142	0.0031	0.0029	0.0002	0.1108	0.0969	0.0139	0.1269	0.0645	0.0623	0.0050	0.0040	0.0010	0.1219	0.0605	0.0614
10	36	0.2025	20	2	1	0	0	0	1	0	0	0	1	1	2	0	0	0	0	0	0	Y	N	N	N	N	Y	N	N	N	N	N	N	N	N	N	N	N	N	0.0000	0.0000	0.0000	0.0000	0.0000	0.0000	0.0000	0.0000	0.0000	0.0000	0.0000	0.0000	0.0000	0.0000	0.0000	0.0000	0.0000	0.0000	0.0001	0.0001	0.0000	0.0001	0.0001	0.0000	0.0001	0.0001	0.0000		0.0013	0.0000	-0.0000	1.0000	11.0150	3.0034	4.0316	0.0000	0.0000	0.0000	0.0000	0.0000	0.0000	0.0000	0.0000	0.0000	0.0000	0.0000	0.0000	0.0000	0.0000	0.0000	0.0000	0.0000	0.0000	0.1180	0.1041	0.0139	0.0142	0.0134	0.0008	0.1038	0.0907	0.0131	0.0981	0.0522	0.0460	0.0151	0.0114	0.0036	0.0831	0.0407	0.0423
10	37	0.1671	17	2	1	1	0	0	1	1	0	0	0	1	1	0	0	0	0	0	0	Y	N	N	N	N	N	N	N	N	N	N	N	N	N	N	N	N	N	0.0000	0.0000	0.0000	0.0000	0.0000	0.0000	0.0000	0.0000	0.0000	0.0000	0.0000	0.0000	0.0000	0.0000	0.0000	0.0000	0.0000	0.0000	0.0015	0.0023	0.0000	0.0051	0.0055	0.0000	0.0000	0.0000	0.0000		0.0000	0.0000	-0.0000	1.0000	0.0015	3.0034	2.6503	0.0000	0.0000	0.0000	0.0000	0.0000	0.0000	0.0000	0.0000	0.0000	0.0000	0.0000	0.0000	0.0000	0.0000	0.0000	0.0000	0.0000	0.0000	0.0000	0.0000	0.0000	0.0000	0.0000	0.0000	0.0000	0.0000	0.0000	0.0333	0.0215	0.0117	0.0098	0.0091	0.0006	0.0235	0.0124	0.0111
10	38	0.0639	11	2	1	0	1	0	1	0	1	0	1	2	2	0	0	0	0	0	0	Y	N	N	N	Y	Y	N	N	N	N	N	N	N	N	N	N	N	N	0.0000	0.0000	0.0000	0.0000	0.0000	0.0000	0.0000	0.0000	0.0000	0.0000	0.0000	0.0000	0.0000	0.0000	0.0000	0.0000	0.0000	0.0000	0.0069	0.0129	0.0000	0.0804	0.0868	0.0000	0.0000	0.0000	0.0000		0.0000	0.0000	-0.0001	1.0000	3.1237	3.0034	0.5096	0.0000	0.0000	0.0000	0.0000	0.0000	0.0000	0.0000	0.0000	0.0000	0.0002	0.0002	0.0000	0.0002	0.0002	0.0000	0.0000	0.0000	0.0000	0.0592	0.0532	0.0061	0.0128	0.0126	0.0002	0.0465	0.0406	0.0059	0.0304	0.0163	0.0142	0.0026	0.0024	0.0002	0.0278	0.0139	0.0140
10	39	0.1511	19	2	1	1	0	1	1	1	0	0	0	1	1	0	0	0	0	0	0	Y	N	N	N	N	N	N	N	N	N	N	N	N	N	N	N	N	N	0.0000	0.0000	0.0000	0.0000	0.0000	0.0000	0.0000	0.0000	0.0000	0.0000	0.0000	0.0000	0.0000	0.0000	0.0000	0.0000	0.0000	0.0000	0.0000	0.0000	0.0000	0.0000	0.0000	0.0000	0.0000	0.0000	0.0000			0.0000	0.0000	1.0000	5.0102	3.0034	6.9613	0.0000	0.0000	0.0000	0.0000	0.0000	0.0000	0.0000	0.0000	0.0000	0.0000	0.0000	0.0000	0.0000	0.0000	0.0000	0.0000	0.0000	0.0000	0.0589	0.0516	0.0073	0.0045	0.0041	0.0003	0.0544	0.0475	0.0069	0.0838	0.0447	0.0390	0.0123	0.0097	0.0027	0.0714	0.0351	0.0364
10	43	0.0537	11	2	1	0	1	0	1	0	1	0	1	2	2	0	0	0	0	0	0	Y	N	N	N	Y	Y	N	N	N	N	N	N	N	N	N	N	N	N	0.0000	0.0000	0.0000	0.0000	0.0000	0.0000	0.0000	0.0000	0.0000	0.0000	0.0000	0.0000	0.0000	0.0000	0.0000	0.0000	0.0000	0.0000	0.0000	0.0000	0.0000	0.0000	0.0000	0.0000	0.0000	0.0000	0.0000			0.0000	0.0000	1.0000	2.9999	3.0034	0.9999	0.0000	0.0000	0.0000	0.0000	0.0000	0.0000	0.0000	0.0000	0.0000	0.0000	0.0000	0.0000	0.0000	0.0000	0.0000	0.0000	0.0000	0.0000	0.0408	0.0358	0.0049	0.0033	0.0032	0.0001	0.0375	0.0326	0.0048	0.0308	0.0149	0.0159	0.0009	0.0007	0.0002	0.0299	0.0142	0.0157
10	44	0.0489	10	2	1	0	0	0	1	0	0	0	0	2	1	0	0	0	0	0	0	Y	N	N	N	Y	N	N	N	N	N	N	N	N	N	N	N	N	N	0.0000	0.0000	0.0000	0.0000	0.0000	0.0000	0.0000	0.0000	0.0000	0.0000	0.0000	0.0000	0.0000	0.0000	0.0000	0.0000	0.0000	0.0000	0.0000	0.0000	0.0000	0.0002	0.0002	0.0000	0.0000	0.0000	0.0000		0.0032	0.0000	-0.0000	1.0000	1.0020	3.0034	0.0022	0.0000	0.0000	0.0000	0.0000	0.0000	0.0000	0.0000	0.0000	0.0000	0.0000	0.0000	0.0000	0.0000	0.0000	0.0000	0.0000	0.0000	0.0000	0.0118	0.0103	0.0015	0.0003	0.0002	0.0000	0.0115	0.0100	0.0015	0.0078	0.0038	0.0040	0.0002	0.0001	0.0000	0.0076	0.0037	0.0039
10	45	0.0489	10	2	1	0	0	0	1	0	0	0	0	2	2	0	0	0	0	0	0	Y	N	N	N	Y	Y	N	N	N	N	N	N	N	N	N	N	N	N	0.0000	0.0000	0.0000	0.0000	0.0000	0.0000	0.0000	0.0000	0.0000	0.0000	0.0000	0.0000	0.0000	0.0000	0.0000	0.0000	0.0000	0.0000	0.0000	0.0000	0.0000	0.0000	0.0000	0.0000	0.0000	0.0000	0.0000			0.0000	0.0000	1.0000	4.0000	3.0034	1.0000	0.0000	0.0000	0.0000	0.0000	0.0000	0.0000	0.0000	0.0000	0.0000	0.0000	0.0000	0.0000	0.0000	0.0000	0.0000	0.0000	0.0000	0.0000	0.0460	0.0402	0.0058	0.0010	0.0009	0.0001	0.0450	0.0393	0.0057	0.0379	0.0186	0.0193	0.0009	0.0007	0.0002	0.0369	0.0178	0.0191
10	46	0.1671	17	2	1	0	0	0	1	0	0	0	1	1	2	0	0	0	0	0	0	Y	N	N	N	N	Y	N	N	N	N	N	N	N	N	N	N	N	N	0.0000	0.0000	0.0000	0.0000	0.0000	0.0000	0.0000	0.0000	0.0000	0.0000	0.0000	0.0000	0.0000	0.0000	0.0000	0.0000	0.0000	0.0000	0.0000	0.0000	0.0000	0.0000	0.0000	0.0000	0.0000	0.0000	0.0000			0.0000	0.0000	1.0000	0.0007	3.0034	1.0103	0.0000	0.0000	0.0000	0.0000	0.0000	0.0000	0.0000	0.0000	0.0000	0.0000	0.0000	0.0000	0.0000	0.0000	0.0000	0.0000	0.0000	0.0000	0.0000	0.0000	0.0000	0.0000	0.0000	0.0000	0.0000	0.0000	0.0000	0.0220	0.0157	0.0063	0.0084	0.0081	0.0003	0.0136	0.0075	0.0061
10	47	0.1320	16	2	1	0	0	1	1	0	0	0	0	1	1	0	0	0	0	0	0	Y	N	N	N	N	N	N	N	N	N	N	N	N	N	N	N	N	N	0.0000	0.0000	0.0000	0.0000	0.0000	0.0000	0.0000	0.0000	0.0000	0.0000	0.0000	0.0000	0.0000	0.0000	0.0000	0.0000	0.0000	0.0000	0.0006	0.0000	0.0014	0.0000	0.0000	0.0000	0.0007	0.0000	0.0015		inf	0.0000	0.0000	1.0000	6.8097	3.0034	3.8431	0.0000	0.0000	0.0000	0.0000	0.0000	0.0000	0.0000	0.0000	0.0000	0.0000	0.0000	0.0000	0.0000	0.0000	0.0000	0.0000	0.0000	0.0000	0.0827	0.0728	0.0099	0.0066	0.0063	0.0003	0.0761	0.0665	0.0096	0.0798	0.0434	0.0364	0.0126	0.0104	0.0022	0.0672	0.0330	0.0342
10	48	0.2025	20	2	1	1	0	0	1	1	0	0	0	1	1	0	0	0	0	0	0	Y	N	N	N	N	N	N	N	N	N	N	N	N	N	N	N	N	N	0.0000	0.0000	0.0000	0.0000	0.0000	0.0000	0.0000	0.0000	0.0000	0.0000	0.0000	0.0000	0.0000	0.0000	0.0000	0.0000	0.0000	0.0000	0.0000	0.0000	0.0000	0.0000	0.0000	0.0000	0.0000	0.0000	0.0000			0.0000	0.0000	1.0000	0.0000	3.0034	0.0001	0.0000	0.0000	0.0000	0.0000	0.0000	0.0000	0.0000	0.0000	0.0000	0.0000	0.0000	0.0000	0.0000	0.0000	0.0000	0.0000	0.0000	0.0000	0.0000	0.0000	0.0000	0.0000	0.0000	0.0000	0.0000	0.0000	0.0000	0.0009	0.0007	0.0002	0.0005	0.0005	0.0000	0.0004	0.0002	0.0002
10	49	0.1930	19	2	1	0	0	0	1	0	0	0	0	1	1	0	0	0	0	0	0	Y	N	N	N	N	N	N	N	N	N	N	N	N	N	N	N	N	N	0.0000	0.0000	0.0000	0.0000	0.0000	0.0000	0.0000	0.0000	0.0000	0.0000	0.0000	0.0000	0.0000	0.0000	0.0000	0.0000	0.0000	0.0000	0.0002	0.0004	0.0000	0.0009	0.0009	0.0004	0.0000	0.0001	0.0000		0.0545	0.0000	-0.0000	1.0000	1.6285	3.0034	1.0381	0.0000	0.0000	0.0000	0.0000	0.0000	0.0000	0.0000	0.0000	0.0000	0.0000	0.0000	0.0000	0.0000	0.0000	0.0000	0.0000	0.0000	0.0000	0.0271	0.0239	0.0032	0.0064	0.0062	0.0001	0.0207	0.0177	0.0030	0.0261	0.0165	0.0096	0.0067	0.0060	0.0007	0.0195	0.0106	0.0089
10	50	0.0715	13	2	1	1	1	0	1	0	1	0	0	2	2	0	0	0	0	0	0	Y	N	N	N	Y	Y	N	N	N	N	N	N	N	N	N	N	N	N	0.0000	0.0000	0.0000	0.0000	0.0000	0.0000	0.0000	0.0000	0.0000	0.0000	0.0000	0.0000	0.0000	0.0000	0.0000	0.0000	0.0000	0.0000	0.0000	0.0000	0.0000	0.0000	0.0000	0.0000	0.0000	0.0000	0.0000			0.0000	0.0000	1.0000	0.0001	3.0034	0.9998	0.0000	0.0000	0.0000	0.0000	0.0000	0.0000	0.0000	0.0000	0.0000	0.0000	0.0000	0.0000	0.0000	0.0000	0.0000	0.0000	0.0000	0.0000	0.0000	0.0000	0.0000	0.0000	0.0000	0.0000	0.0000	0.0000	0.0000	0.0078	0.0039	0.0039	0.0003	0.0003	0.0001	0.0074	0.0036	0.0038
10	51	0.0715	13	2	1	1	0	0	1	0	0	0	0	2	2	0	0	0	0	0	0	Y	N	N	N	Y	Y	N	N	N	N	N	N	N	N	N	N	N	N	0.0000	0.0000	0.0000	0.0000	0.0000	0.0000	0.0000	0.0000	0.0000	0.0000	0.0000	0.0000	0.0000	0.0000	0.0000	0.0000	0.0000	0.0000	0.0000	0.0000	0.0000	0.0000	0.0000	0.0000	0.0000	0.0000	0.0000			0.0000	0.0000	1.0000	0.0001	3.0034	1.0003	0.0000	0.0000	0.0000	0.0000	0.0000	0.0000	0.0000	0.0000	0.0000	0.0000	0.0000	0.0000	0.0000	0.0000	0.0000	0.0000	0.0000	0.0000	0.0000	0.0000	0.0000	0.0000	0.0000	0.0000	0.0000	0.0000	0.0000	0.0078	0.0039	0.0039	0.0003	0.0003	0.0001	0.0074	0.0036	0.0038
10	52	0.0683	12	2	1	1	0	0	1	1	0	0	0	2	2	0	0	0	0	0	0	Y	N	N	N	Y	Y	N	N	N	N	N	N	N	N	N	N	N	N	0.0000	0.0000	0.0000	0.0000	0.0000	0.0000	0.0000	0.0000	0.0000	0.0000	0.0000	0.0000	0.0000	0.0000	0.0000	0.0000	0.0000	0.0000	0.0000	0.0000	0.0000	0.0000	0.0000	0.0000	0.0000	0.0000	0.0000			0.0000	0.0000	1.0000	1.0000	3.0034	0.0042	0.0000	0.0000	0.0000	0.0000	0.0000	0.0000	0.0000	0.0000	0.0000	0.0000	0.0000	0.0000	0.0000	0.0000	0.0000	0.0000	0.0000	0.0000	0.0118	0.0103	0.0015	0.0005	0.0004	0.0000	0.0113	0.0099	0.0014	0.0078	0.0039	0.0039	0.0003	0.0002	0.0001	0.0074	0.0036	0.0038
10	53	0.0652	11	2	1	0	0	0	1	0	0	0	0	2	2	0	0	0	0	0	0	Y	N	N	N	Y	Y	N	N	N	N	N	N	N	N	N	N	N	N	0.0000	0.0000	0.0000	0.0000	0.0000	0.0000	0.0000	0.0000	0.0000	0.0000	0.0000	0.0000	0.0000	0.0000	0.0000	0.0000	0.0000	0.0000	0.0676	0.1355	0.0000	0.0542	0.0690	0.0000	0.0682	0.1409	0.0000		0.0000	0.0000	-0.0003	1.0000	0.9921	3.0034	0.0076	0.0000	0.0000	0.0000	0.0000	0.0000	0.0000	0.0000	0.0000	0.0000	0.0005	0.0005	0.0000	0.0000	0.0000	0.0000	0.0005	0.0005	0.0000	0.0118	0.0103	0.0015	0.0004	0.0004	0.0000	0.0113	0.0099	0.0014	0.0078	0.0039	0.0039	0.0004	0.0003	0.0001	0.0075	0.0036	0.0039
10	54	0.1218	11	2	1	1	0	0	1	0	0	0	0	2	1	0	0	0	0	0	0	Y	N	N	N	Y	N	N	N	N	N	N	N	N	N	N	N	N	N	0.0000	0.0000	0.0000	0.0000	0.0000	0.0000	0.0000	0.0000	0.0000	0.0000	0.0000	0.0000	0.0000	0.0000	0.0000	0.0000	0.0000	0.0000	0.0000	0.0000	0.0000	0.0000	0.0000	0.0000	0.0000	0.0000	0.0000			0.0000	0.0000	1.0000	0.0000	3.0034	0.0000	0.0000	0.0000	0.0000	0.0000	0.0000	0.0000	0.0000	0.0000	0.0000	0.0000	0.0000	0.0000	0.0000	0.0000	0.0000	0.0000	0.0000	0.0000	0.0000	0.0000	0.0000	0.0000	0.0000	0.0000	0.0000	0.0000	0.0000	0.0000	0.0000	0.0000	0.0000	0.0000	0.0000	0.0000	0.0000	0.0000
10	58	0.0539	7	2	1	1	0	0	1	0	0	0	1	1	2	0	0	0	0	0	0	Y	N	N	N	N	Y	N	N	N	N	N	N	N	N	N	N	N	N	0.0000	0.0000	0.0000	0.0000	0.0000	0.0000	0.0000	0.0000	0.0000	0.0000	0.0000	0.0000	0.0000	0.0000	0.0000	0.0000	0.0000	0.0000	0.0000	0.0000	0.0000	0.0000	0.0000	0.0000	0.0000	0.0000	0.0000			0.0000	0.0000	1.0000	1.0033	3.0034	1.0015	0.0000	0.0000	0.0000	0.0000	0.0000	0.0000	0.0000	0.0000	0.0000	0.0000	0.0000	0.0000	0.0000	0.0000	0.0000	0.0000	0.0000	0.0000	0.0119	0.0104	0.0015	0.0004	0.0004	0.0000	0.0114	0.0100	0.0015	0.0206	0.0121	0.0085	0.0030	0.0029	0.0001	0.0176	0.0092	0.0084
10	59	0.0392	6	2	1	1	0	0	1	0	0	0	0	1	1	0	0	0	0	0	0	Y	N	N	N	N	N	N	N	N	N	N	N	N	N	N	N	N	N	0.0000	0.0000	0.0000	0.0000	0.0000	0.0000	0.0000	0.0000	0.0000	0.0000	0.0000	0.0000	0.0000	0.0000	0.0000	0.0000	0.0000	0.0000	0.0000	0.0000	0.0000	0.0000	0.0000	0.0000	0.0000	0.0000	0.0000			0.0000	0.0000	1.0000	2.9984	3.0034	1.5227	0.0000	0.0000	0.0000	0.0000	0.0000	0.0000	0.0000	0.0000	0.0000	0.0000	0.0000	0.0000	0.0000	0.0000	0.0000	0.0000	0.0000	0.0000	0.0356	0.0311	0.0045	0.0007	0.0006	0.0001	0.0349	0.0305	0.0044	0.0349	0.0172	0.0177	0.0009	0.0007	0.0002	0.0340	0.0165	0.0175
10	60	0.0489	10	2	1	0	0	0	1	0	0	0	0	2	2	0	0	0	0	0	0	Y	N	N	N	Y	Y	N	N	N	N	N	N	N	N	N	N	N	N	0.0000	0.0000	0.0000	0.0000	0.0000	0.0000	0.0000	0.0000	0.0000	0.0000	0.0000	0.0000	0.0000	0.0000	0.0000	0.0000	0.0000	0.0000	0.0000	0.0000	0.0000	0.0000	0.0000	0.0000	0.0000	0.0000	0.0000			0.0000	0.0000	1.0000	2.0000	3.0034	7.0000	0.0000	0.0000	0.0000	0.0000	0.0000	0.0000	0.0000	0.0000	0.0000	0.0000	0.0000	0.0000	0.0000	0.0000	0.0000	0.0000	0.0000	0.0000	0.0233	0.0203	0.0029	0.0005	0.0005	0.0000	0.0228	0.0199	0.0029	0.0667	0.0328	0.0340	0.0017	0.0013	0.0004	0.0651	0.0315	0.0336
10	61	0.0489	9	2	1	0	0	0	1	0	0	0	1	2	2	0	0	0	0	0	0	Y	N	N	N	Y	Y	N	N	N	N	N	N	N	N	N	N	N	N	0.0000	0.0000	0.0000	0.0000	0.0000	0.0000	0.0000	0.0000	0.0000	0.0000	0.0000	0.0000	0.0000	0.0000	0.0000	0.0000	0.0000	0.0000	0.0000	0.0000	0.0000	0.0000	0.0000	0.0000	0.0000	0.0000	0.0000			0.0000	0.0000	1.0000	0.0000	3.0034	0.0000	0.0000	0.0000	0.0000	0.0000	0.0000	0.0000	0.0000	0.0000	0.0000	0.0000	0.0000	0.0000	0.0000	0.0000	0.0000	0.0000	0.0000	0.0000	0.0000	0.0000	0.0000	0.0000	0.0000	0.0000	0.0000	0.0000	0.0000	0.0000	0.0000	0.0000	0.0000	0.0000	0.0000	0.0000	0.0000	0.0000
10	62	0.1085	12	2	1	1	0	0	1	0	0	0	0	2	1	0	0	0	0	0	0	Y	N	N	N	Y	N	N	N	N	N	N	N	N	N	N	N	N	N	0.0000	0.0000	0.0000	0.0000	0.0000	0.0000	0.0000	0.0000	0.0000	0.0000	0.0000	0.0000	0.0000	0.0000	0.0000	0.0000	0.0000	0.0000	0.0000	0.0000	0.0000	0.0000	0.0000	0.0000	0.0000	0.0000	0.0000			0.0000	0.0000	1.0000	0.9672	3.0034	2.9870	0.0000	0.0000	0.0000	0.0000	0.0000	0.0000	0.0000	0.0000	0.0000	0.0000	0.0000	0.0000	0.0000	0.0000	0.0000	0.0000	0.0000	0.0000	0.0127	0.0112	0.0014	0.0010	0.0010	0.0000	0.0116	0.0102	0.0014	0.0459	0.0301	0.0158	0.0114	0.0106	0.0007	0.0346	0.0194	0.0151
10	63	0.0774	11	2	1	1	0	0	1	0	0	1	0	2	1	0	0	0	0	0	0	Y	N	N	N	Y	N	N	N	N	N	N	N	N	N	N	N	N	N	0.0000	0.0000	0.0000	0.0000	0.0000	0.0000	0.0000	0.0000	0.0000	0.0000	0.0000	0.0000	0.0000	0.0000	0.0000	0.0000	0.0000	0.0000	0.0000	0.0000	0.0000	0.0000	0.0000	0.0000	0.0000	0.0000	0.0000			0.0000	0.0000	1.0000	2.0363	3.0034	7.8590	0.0000	0.0000	0.0000	0.0000	0.0000	0.0000	0.0000	0.0000	0.0000	0.0000	0.0000	0.0000	0.0000	0.0000	0.0000	0.0000	0.0000	0.0000	0.0244	0.0213	0.0031	0.0006	0.0005	0.0000	0.0238	0.0208	0.0030	0.0782	0.0404	0.0379	0.0067	0.0060	0.0007	0.0715	0.0344	0.0371
10	64	0.0716	10	2	1	1	0	0	1	0	0	0	0	1	1	0	0	0	0	0	0	Y	N	N	N	N	N	N	N	N	N	N	N	N	N	N	N	N	N	0.0000	0.0000	0.0000	0.0000	0.0000	0.0000	0.0000	0.0000	0.0000	0.0000	0.0000	0.0000	0.0000	0.0000	0.0000	0.0000	0.0000	0.0000	0.0000	0.0000	0.0000	0.0000	0.0000	0.0000	0.0000	0.0000	0.0000			0.0000	0.0000	1.0000	0.0049	3.0034	1.8223	0.0000	0.0000	0.0000	0.0000	0.0000	0.0000	0.0000	0.0000	0.0000	0.0000	0.0000	0.0000	0.0000	0.0000	0.0000	0.0000	0.0000	0.0000	0.0001	0.0001	0.0000	0.0000	0.0000	0.0000	0.0001	0.0001	0.0000	0.0143	0.0073	0.0070	0.0008	0.0007	0.0001	0.0134	0.0066	0.0069
10	65	0.0424	7	2	1	1	0	0	1	0	0	0	0	1	1	0	0	0	0	0	0	Y	N	N	N	N	N	N	N	N	N	N	N	N	N	N	N	N	N	0.0000	0.0000	0.0000	0.0000	0.0000	0.0000	0.0000	0.0000	0.0000	0.0000	0.0000	0.0000	0.0000	0.0000	0.0000	0.0000	0.0000	0.0000	0.0000	0.0000	0.0000	0.0000	0.0000	0.0000	0.0000	0.0000	0.0000			0.0000	0.0000	1.0000	2.0010	3.0034	3.9928	0.0000	0.0000	0.0000	0.0000	0.0000	0.0000	0.0000	0.0000	0.0000	0.0000	0.0000	0.0000	0.0000	0.0000	0.0000	0.0000	0.0000	0.0000	0.0238	0.0208	0.0030	0.0004	0.0004	0.0000	0.0234	0.0204	0.0030	0.0461	0.0228	0.0233	0.0013	0.0010	0.0002	0.0449	0.0218	0.0231
10	66	0.0392	6	2	1	1	0	0	1	0	0	0	0	1	1	0	0	0	0	0	0	Y	N	N	N	N	N	N	N	N	N	N	N	N	N	N	N	N	N	0.0000	0.0000	0.0000	0.0000	0.0000	0.0000	0.0000	0.0000	0.0000	0.0000	0.0000	0.0000	0.0000	0.0000	0.0000	0.0000	0.0000	0.0000	0.0000	0.0000	0.0000	0.0000	0.0000	0.0000	0.0000	0.0000	0.0000			0.0000	0.0000	1.0000	1.0002	3.0034	0.0173	0.0000	0.0000	0.0000	0.0000	0.0000	0.0000	0.0000	0.0000	0.0000	0.0000	0.0000	0.0000	0.0000	0.0000	0.0000	0.0000	0.0000	0.0000	0.0120	0.0105	0.0015	0.0002	0.0002	0.0000	0.0118	0.0103	0.0015	0.0080	0.0040	0.0041	0.0002	0.0002	0.0000	0.0078	0.0038	0.0040
10	67	0.0392	5	2	1	1	0	0	1	1	0	0	0	1	1	0	0	0	0	0	0	Y	N	N	N	N	N	N	N	N	N	N	N	N	N	N	N	N	N	0.0000	0.0000	0.0000	0.0000	0.0000	0.0000	0.0000	0.0000	0.0000	0.0000	0.0000	0.0000	0.0000	0.0000	0.0000	0.0000	0.0000	0.0000	0.0000	0.0000	0.0000	0.0000	0.0000	0.0000	0.0000	0.0000	0.0000			0.0000	0.0000	1.0000	0.0001	3.0034	0.0028	0.0000	0.0000	0.0000	0.0000	0.0000	0.0000	0.0000	0.0000	0.0000	0.0000	0.0000	0.0000	0.0000	0.0000	0.0000	0.0000	0.0000	0.0000	0.0000	0.0000	0.0000	0.0000	0.0000	0.0000	0.0000	0.0000	0.0000	0.0000	0.0000	0.0000	0.0000	0.0000	0.0000	0.0000	0.0000	0.0000
10	68	0.1930	19	2	1	0	0	0	1	0	0	0	1	1	2	0	0	0	0	0	0	Y	N	N	N	N	Y	N	N	N	N	N	N	N	N	N	N	N	N	0.0000	0.0000	0.0000	0.0000	0.0000	0.0000	0.0000	0.0000	0.0000	0.0000	0.0000	0.0000	0.0000	0.0000	0.0000	0.0000	0.0000	0.0000	0.0000	0.0000	0.0000	0.0000	0.0000	0.0000	0.0000	0.0000	0.0000		0.0013	0.0000	-0.0000	1.0000	1.4193	3.0034	5.2011	0.0000	0.0000	0.0000	0.0000	0.0000	0.0000	0.0000	0.0000	0.0000	0.0000	0.0000	0.0000	0.0000	0.0000	0.0000	0.0000	0.0000	0.0000	0.0248	0.0219	0.0029	0.0061	0.0060	0.0001	0.0186	0.0159	0.0028	0.0524	0.0304	0.0221	0.0106	0.0089	0.0018	0.0418	0.0215	0.0203
10	69	0.1429	18	2	1	0	0	1	1	0	0	0	0	1	1	0	0	0	0	0	0	Y	N	N	N	N	N	N	N	N	N	N	N	N	N	N	N	N	N	0.0000	0.0000	0.0000	0.0000	0.0000	0.0000	0.0000	0.0000	0.0000	0.0000	0.0000	0.0000	0.0000	0.0000	0.0000	0.0000	0.0000	0.0000	0.0000	0.0000	0.0000	0.0000	0.0001	0.0000	0.0000	0.0000	0.0000		0.0491	0.0000	-0.0000	1.0000	9.3928	3.0034	3.6523	0.0000	0.0000	0.0000	0.0000	0.0000	0.0000	0.0000	0.0000	0.0000	0.0000	0.0000	0.0000	0.0000	0.0000	0.0000	0.0000	0.0000	0.0000	0.1089	0.0957	0.0132	0.0076	0.0072	0.0004	0.1013	0.0886	0.0127	0.0949	0.0509	0.0440	0.0135	0.0107	0.0028	0.0814	0.0401	0.0413
10	73	0.0639	11	2	1	1	0	0	1	1	0	0	0	2	1	0	0	0	0	0	0	Y	N	N	N	Y	N	N	N	N	N	N	N	N	N	N	N	N	N	0.0000	0.0000	0.0000	0.0000	0.0000	0.0000	0.0000	0.0000	0.0000	0.0000	0.0000	0.0000	0.0000	0.0000	0.0000	0.0000	0.0000	0.0000	0.0000	0.0000	0.0000	0.0000	0.0000	0.0000	0.0000	0.0000	0.0000			0.0000	0.0000	1.0000	3.9579	3.0034	0.9988	0.0000	0.0000	0.0000	0.0000	0.0000	0.0000	0.0000	0.0000	0.0000	0.0000	0.0000	0.0000	0.0000	0.0000	0.0000	0.0000	0.0000	0.0000	0.0687	0.0615	0.0073	0.0131	0.0129	0.0002	0.0556	0.0486	0.0070	0.0399	0.0209	0.0190	0.0029	0.0026	0.0003	0.0370	0.0183	0.0188
10	74	0.0489	10	2	1	0	0	0	1	0	0	0	0	2	1	0	0	0	0	0	0	Y	N	N	N	Y	N	N	N	N	N	N	N	N	N	N	N	N	N	0.0000	0.0000	0.0000	0.0000	0.0000	0.0000	0.0000	0.0000	0.0000	0.0000	0.0000	0.0000	0.0000	0.0000	0.0000	0.0000	0.0000	0.0000	0.0062	0.0036	0.0087	0.0000	0.0000	0.0000	0.0064	0.0038	0.0088		2.4999	0.0000	0.0000	1.0000	3.9277	3.0034	0.5227	0.0000	0.0000	0.0000	0.0000	0.0000	0.0000	0.0000	0.0000	0.0000	0.0002	0.0001	0.0001	0.0000	0.0000	0.0000	0.0002	0.0001	0.0001	0.0452	0.0395	0.0057	0.0010	0.0009	0.0001	0.0442	0.0386	0.0056	0.0338	0.0166	0.0172	0.0008	0.0007	0.0002	0.0330	0.0159	0.0170
10	75	0.0489	9	2	1	0	0	0	1	0	0	0	0	2	1	0	0	0	0	0	0	Y	N	N	N	Y	N	N	N	N	N	N	N	N	N	N	N	N	N	0.0000	0.0000	0.0000	0.0000	0.0000	0.0000	0.0000	0.0000	0.0000	0.0000	0.0000	0.0000	0.0000	0.0000	0.0000	0.0000	0.0000	0.0000	0.0000	0.0000	0.0000	0.0000	0.0000	0.0000	0.0000	0.0000	0.0000			0.0000	0.0000	1.0000	0.0009	3.0034	0.0000	0.0000	0.0000	0.0000	0.0000	0.0000	0.0000	0.0000	0.0000	0.0000	0.0000	0.0000	0.0000	0.0000	0.0000	0.0000	0.0000	0.0000	0.0000	0.0000	0.0000	0.0000	0.0000	0.0000	0.0000	0.0000	0.0000	0.0000	0.0000	0.0000	0.0000	0.0000	0.0000	0.0000	0.0000	0.0000	0.0000
10	76	0.0457	8	2	1	0	0	0	1	0	0	0	0	2	1	0	0	0	0	0	0	Y	N	N	N	Y	N	N	N	N	N	N	N	N	N	N	N	N	N	0.0000	0.0000	0.0000	0.0000	0.0000	0.0000	0.0000	0.0000	0.0000	0.0000	0.0000	0.0000	0.0000	0.0000	0.0000	0.0000	0.0000	0.0000	0.0000	0.0000	0.0000	0.0000	0.0000	0.0000	0.0000	0.0000	0.0000			0.0000	0.0000	1.0000	1.0000	3.0034	0.0000	0.0000	0.0000	0.0000	0.0000	0.0000	0.0000	0.0000	0.0000	0.0000	0.0000	0.0000	0.0000	0.0000	0.0000	0.0000	0.0000	0.0000	0.0000	0.0118	0.0103	0.0015	0.0003	0.0003	0.0000	0.0115	0.0100	0.0015	0.0077	0.0038	0.0039	0.0002	0.0001	0.0000	0.0075	0.0036	0.0039
10	77	0.0836	11	2	1	0	0	1	1	0	0	0	0	1	1	0	0	0	0	0	0	Y	N	N	N	N	N	N	N	N	N	N	N	N	N	N	N	N	N	0.0000	0.0000	0.0000	0.0000	0.0000	0.0000	0.0000	0.0000	0.0000	0.0000	0.0000	0.0000	0.0000	0.0000	0.0000	0.0000	0.0000	0.0000	0.0000	0.0000	0.0000	0.0003	0.0000	0.0014	0.0000	0.0000	0.0000		inf	0.0000	0.0000	1.0000	3.3326	3.0034	4.0108	0.0000	0.0000	0.0000	0.0000	0.0000	0.0000	0.0000	0.0000	0.0000	0.0000	0.0000	0.0000	0.0000	0.0000	0.0000	0.0000	0.0000	0.0000	0.0421	0.0370	0.0052	0.0026	0.0025	0.0001	0.0396	0.0345	0.0051	0.0545	0.0278	0.0267	0.0022	0.0018	0.0004	0.0523	0.0260	0.0262
10	81	0.0716	10	2	1	1	0	0	1	0	0	0	0	1	1	0	0	0	0	0	0	Y	N	N	N	N	N	N	N	N	N	N	N	N	N	N	N	N	N	0.0000	0.0000	0.0000	0.0000	0.0000	0.0000	0.0000	0.0000	0.0000	0.0000	0.0000	0.0000	0.0000	0.0000	0.0000	0.0000	0.0000	0.0000	0.0000	0.0000	0.0000	0.0000	0.0000	0.0000	0.0000	0.0000	0.0000			0.0000	0.0000	1.0000	7.0000	3.0034	2.0013	0.0000	0.0000	0.0000	0.0000	0.0000	0.0000	0.0000	0.0000	0.0000	0.0000	0.0000	0.0000	0.0000	0.0000	0.0000	0.0000	0.0000	0.0000	0.0811	0.0709	0.0102	0.0018	0.0016	0.0002	0.0793	0.0693	0.0100	0.0675	0.0343	0.0332	0.0039	0.0032	0.0006	0.0636	0.0311	0.0325
10	82	0.0716	9	2	1	1	0	1	1	1	0	0	0	1	1	0	0	0	0	0	0	Y	N	N	N	N	N	N	N	N	N	N	N	N	N	N	N	N	N	0.0000	0.0000	0.0000	0.0000	0.0000	0.0000	0.0000	0.0000	0.0000	0.0000	0.0000	0.0000	0.0000	0.0000	0.0000	0.0000	0.0000	0.0000	0.0000	0.0000	0.0000	0.0000	0.0000	0.0000	0.0000	0.0000	0.0000			0.0000	0.0000	1.0000	0.0005	3.0034	0.0029	0.0000	0.0000	0.0000	0.0000	0.0000	0.0000	0.0000	0.0000	0.0000	0.0000	0.0000	0.0000	0.0000	0.0000	0.0000	0.0000	0.0000	0.0000	0.0000	0.0000	0.0000	0.0000	0.0000	0.0000	0.0000	0.0000	0.0000	0.0001	0.0001	0.0000	0.0000	0.0000	0.0000	0.0001	0.0000	0.0000
10	83	0.0263	3	2	1	0	0	0	1	0	0	0	0	2	2	0	0	0	0	0	0	Y	N	N	N	Y	Y	N	N	N	N	N	N	N	N	N	N	N	N	0.0000	0.0000	0.0000	0.0000	0.0000	0.0000	0.0000	0.0000	0.0000	0.0000	0.0000	0.0000	0.0000	0.0000	0.0000	0.0000	0.0000	0.0000	0.0000	0.0000	0.0000	0.0001	0.0001	0.0000	0.0000	0.0000	0.0000		0.0344	0.0000	-0.0000	1.0000	5.0069	3.0034	6.0103	0.0000	0.0000	0.0000	0.0000	0.0000	0.0000	0.0000	0.0000	0.0000	0.0000	0.0000	0.0000	0.0000	0.0000	0.0000	0.0000	0.0000	0.0000	0.0598	0.0523	0.0075	0.0002	0.0002	0.0000	0.0597	0.0521	0.0075	0.0838	0.0414	0.0424	0.0008	0.0007	0.0001	0.0830	0.0407	0.0423
10	85	0.1004	10	2	1	1	0	0	1	0	0	0	0	1	1	0	0	0	0	0	0	Y	N	N	N	N	N	N	N	N	N	N	N	N	N	N	N	N	N	0.0000	0.0000	0.0000	0.0000	0.0000	0.0000	0.0000	0.0000	0.0000	0.0000	0.0000	0.0000	0.0000	0.0000	0.0000	0.0000	0.0000	0.0000	5.6427	10.1846	0.0000	0.0323	0.0358	0.0000	6.4418	12.7714	0.0000		0.0000	0.0000	-0.6164	1.0000	9.9670	3.0034	12.6920	0.0000	0.0000	0.0000	0.0000	0.0000	0.0000	0.0000	0.0000	0.0000	0.9955	0.9955	0.0000	0.0007	0.0007	0.0000	0.9948	0.9948	0.0000	0.1124	0.0985	0.0138	0.0057	0.0053	0.0004	0.1067	0.0932	0.0135	0.1764	0.0977	0.0787	0.0220	0.0199	0.0021	0.1544	0.0779	0.0765
10	86	0.0939	9	2	1	1	0	1	1	1	0	0	0	1	1	0	0	0	0	0	0	Y	N	N	N	N	N	N	N	N	N	N	N	N	N	N	N	N	N	0.0000	0.0000	0.0000	0.0000	0.0000	0.0000	0.0000	0.0000	0.0000	0.0000	0.0000	0.0000	0.0000	0.0000	0.0000	0.0000	0.0000	0.0000	0.1059	0.1422	0.0373	0.0347	0.0357	0.0006	0.1299	0.2057	0.0381		0.1386	0.0000	-0.0020	1.0000	1.5419	3.0034	1.3342	0.0000	0.0000	0.0000	0.0000	0.0000	0.0000	0.0000	0.0000	0.0000	0.0041	0.0036	0.0005	0.0003	0.0003	0.0000	0.0038	0.0033	0.0005	0.0272	0.0247	0.0025	0.0052	0.0051	0.0001	0.0220	0.0196	0.0025	0.0388	0.0254	0.0134	0.0098	0.0095	0.0003	0.0290	0.0159	0.0131
10	87	0.1172	12	1	1	0	0	0	1	0	0	0	0	1	2	0	0	0	0	0	0	N	N	N	N	N	Y	N	N	N	N	N	N	N	N	N	N	N	N	0.0000	0.0000	0.0000	0.0000	0.0000	0.0000	0.0000	0.0000	0.0000	0.0000	0.0000	0.0000	0.0000	0.0000	0.0000	0.0000	0.0000	0.0000	0.0000	0.0000	0.0000	0.0000	0.0000	0.0000	0.0000	0.0000	0.0000			0.0000	0.0000	1.0000	0.9989	3.0034	0.5152	0.0000	0.0000	0.0000	0.0000	0.0000	0.0000	0.0000	0.0000	0.0000	0.0000	0.0000	0.0000	0.0000	0.0000	0.0000	0.0000	0.0000	0.0000	0.0118	0.0103	0.0015	0.0007	0.0006	0.0001	0.0111	0.0097	0.0014	0.0206	0.0128	0.0078	0.0105	0.0078	0.0027	0.0101	0.0050	0.0051
10	88	0.0878	11	1	1	0	0	0	1	0	0	0	1	1	2	0	0	0	0	0	0	N	N	N	N	N	Y	N	N	N	N	N	N	N	N	N	N	N	N	0.0000	0.0000	0.0000	0.0000	0.0000	0.0000	0.0000	0.0000	0.0000	0.0000	0.0000	0.0000	0.0000	0.0000	0.0000	0.0000	0.0000	0.0000	0.0000	0.0000	0.0000	0.0000	0.0000	0.0000	0.0000	0.0000	0.0000			0.0000	0.0000	1.0000	6.0209	3.0034	2.4875	0.0000	0.0000	0.0000	0.0000	0.0000	0.0000	0.0000	0.0000	0.0000	0.0000	0.0000	0.0000	0.0000	0.0000	0.0000	0.0000	0.0000	0.0000	0.0703	0.0615	0.0088	0.0022	0.0020	0.0002	0.0681	0.0595	0.0086	0.0725	0.0393	0.0331	0.0128	0.0098	0.0029	0.0597	0.0295	0.0302
10	90	0.1381	15	2	1	1	0	0	1	1	0	0	0	1	1	0	0	0	0	0	0	Y	N	N	N	N	N	N	N	N	N	N	N	N	N	N	N	N	N	0.0000	0.0000	0.0000	0.0000	0.0000	0.0000	0.0000	0.0000	0.0000	0.0000	0.0000	0.0000	0.0000	0.0000	0.0000	0.0000	0.0000	0.0000	0.0002	0.0003	0.0000	0.0011	0.0013	0.0000	0.0000	0.0000	0.0000		0.0128	0.0000	-0.0000	1.0000	5.9354	3.0034	8.3561	0.0000	0.0000	0.0000	0.0000	0.0000	0.0000	0.0000	0.0000	0.0000	0.0000	0.0000	0.0000	0.0000	0.0000	0.0000	0.0000	0.0000	0.0000	0.0708	0.0620	0.0087	0.0051	0.0048	0.0003	0.0657	0.0572	0.0084	0.1146	0.0632	0.0514	0.0181	0.0153	0.0028	0.0964	0.0479	0.0485
10	91	0.1213	14	2	1	0	0	0	1	0	0	0	0	1	1	0	0	0	0	0	0	Y	N	N	N	N	N	N	N	N	N	N	N	N	N	N	N	N	N	0.0000	0.0000	0.0000	0.0000	0.0000	0.0000	0.0000	0.0000	0.0000	0.0000	0.0000	0.0000	0.0000	0.0000	0.0000	0.0000	0.0000	0.0000	0.0005	0.0001	0.0010	0.0003	0.0003	0.0001	0.0005	0.0000	0.0010		6.6927	0.0000	0.0000	1.0000	1.5872	3.0034	4.4746	0.0000	0.0000	0.0000	0.0000	0.0000	0.0000	0.0000	0.0000	0.0000	0.0000	0.0000	0.0000	0.0000	0.0000	0.0000	0.0000	0.0000	0.0000	0.0190	0.0166	0.0024	0.0011	0.0010	0.0001	0.0179	0.0156	0.0023	0.0629	0.0369	0.0260	0.0135	0.0123	0.0012	0.0494	0.0246	0.0248
10	92	0.0652	11	2	1	0	1	0	1	0	1	0	0	2	2	0	0	0	0	0	0	Y	N	N	N	Y	Y	N	N	N	N	N	N	N	N	N	N	N	N	0.0000	0.0000	0.0000	0.0000	0.0000	0.0000	0.0000	0.0000	0.0000	0.0000	0.0000	0.0000	0.0000	0.0000	0.0000	0.0000	0.0000	0.0000	0.0230	0.0462	0.0000	0.0206	0.0271	0.0000	0.0231	0.0475	0.0000		0.0000	0.0000	-0.0003	1.0000	1.0091	3.0034	1.9972	0.0000	0.0000	0.0000	0.0000	0.0000	0.0000	0.0000	0.0000	0.0000	0.0005	0.0005	0.0000	0.0000	0.0000	0.0000	0.0005	0.0005	0.0000	0.0120	0.0105	0.0015	0.0004	0.0004	0.0000	0.0115	0.0101	0.0015	0.0231	0.0115	0.0116	0.0010	0.0007	0.0002	0.0221	0.0107	0.0114
10	93	0.0489	10	2	1	0	0	0	1	0	0	0	1	2	2	0	0	0	0	0	0	Y	N	N	N	Y	Y	N	N	N	N	N	N	N	N	N	N	N	N	0.0000	0.0000	0.0000	0.0000	0.0000	0.0000	0.0000	0.0000	0.0000	0.0000	0.0000	0.0000	0.0000	0.0000	0.0000	0.0000	0.0000	0.0000	26.3241	53.6618	0.0010	0.0000	0.0000	0.0000	26.9929	55.8574	0.0010		0.0000	0.0000	-0.6187	1.0000	2.0083	3.0034	3.0031	0.0000	0.0000	0.0000	0.0000	0.0000	0.0000	0.0000	0.0000	0.0000	0.9993	0.9993	0.0000	0.0000	0.0000	0.0000	0.9993	0.9993	0.0000	0.0234	0.0205	0.0030	0.0006	0.0005	0.0000	0.0229	0.0200	0.0029	0.0380	0.0186	0.0193	0.0009	0.0007	0.0002	0.0370	0.0179	0.0191
10	94	0.0489	9	2	1	0	0	0	1	0	0	0	0	2	1	0	0	0	0	0	0	Y	N	N	N	Y	N	N	N	N	N	N	N	N	N	N	N	N	N	0.0000	0.0000	0.0000	0.0000	0.0000	0.0000	0.0000	0.0000	0.0000	0.0000	0.0000	0.0000	0.0000	0.0000	0.0000	0.0000	0.0000	0.0000	5.7747	8.9924	0.0000	10.4480	10.5705	0.0000	3.9900	7.8243	0.0000		0.0000	0.0000	-0.0000	1.0000	0.0000	3.0034	0.0002	0.0000	0.0000	0.0000	0.0000	0.0000	0.0000	0.0000	0.0000	0.0000	0.0000	0.0000	0.0000	0.0000	0.0000	0.0000	0.0000	0.0000	0.0000	0.0000	0.0000	0.0000	0.0000	0.0000	0.0000	0.0000	0.0000	0.0000	0.0000	0.0000	0.0000	0.0000	0.0000	0.0000	0.0000	0.0000	0.0000
10	95	0.0457	8	2	1	0	0	0	1	0	0	0	0	2	1	0	0	0	0	0	0	Y	N	N	N	Y	N	N	N	N	N	N	N	N	N	N	N	N	N	0.0000	0.0000	0.0000	0.0000	0.0000	0.0000	0.0000	0.0000	0.0000	0.0000	0.0000	0.0000	0.0000	0.0000	0.0000	0.0000	0.0000	0.0000	0.0013	0.0026	0.0000	0.0000	0.0000	0.0000	0.0013	0.0027	0.0000		0.0000	0.0000	-0.0000	1.0000	1.0000	3.0034	0.0001	0.0000	0.0000	0.0000	0.0000	0.0000	0.0000	0.0000	0.0000	0.0000	0.0000	0.0000	0.0000	0.0000	0.0000	0.0000	0.0000	0.0000	0.0000	0.0118	0.0103	0.0015	0.0003	0.0003	0.0000	0.0115	0.0100	0.0015	0.0077	0.0038	0.0039	0.0002	0.0001	0.0000	0.0075	0.0036	0.0039
10	96	0.0457	7	2	1	0	0	0	1	0	0	1	0	2	1	0	0	0	0	0	0	Y	N	N	N	Y	N	N	N	N	N	N	N	N	N	N	N	N	N	0.0000	0.0000	0.0000	0.0000	0.0000	0.0000	0.0000	0.0000	0.0000	0.0000	0.0000	0.0000	0.0000	0.0000	0.0000	0.0000	0.0000	0.0000	0.0000	0.0000	0.0000	0.0000	0.0000	0.0000	0.0000	0.0000	0.0000			0.0000	0.0000	1.0000	0.0000	3.0034	0.0001	0.0000	0.0000	0.0000	0.0000	0.0000	0.0000	0.0000	0.0000	0.0000	0.0000	0.0000	0.0000	0.0000	0.0000	0.0000	0.0000	0.0000	0.0000	0.0000	0.0000	0.0000	0.0000	0.0000	0.0000	0.0000	0.0000	0.0000	0.0000	0.0000	0.0000	0.0000	0.0000	0.0000	0.0000	0.0000	0.0000
10	97	0.0424	6	2	1	0	0	0	1	0	0	0	0	1	1	0	0	0	0	0	0	Y	N	N	N	N	N	N	N	N	N	N	N	N	N	N	N	N	N	0.0000	0.0000	0.0000	0.0000	0.0000	0.0000	0.0000	0.0000	0.0000	0.0000	0.0000	0.0000	0.0000	0.0000	0.0000	0.0000	0.0000	0.0000	0.0000	0.0000	0.0000	0.0000	0.0000	0.0000	0.0000	0.0000	0.0000			0.0000	0.0000	1.0000	0.9999	3.0034	0.0008	0.0000	0.0000	0.0000	0.0000	0.0000	0.0000	0.0000	0.0000	0.0000	0.0000	0.0000	0.0000	0.0000	0.0000	0.0000	0.0000	0.0000	0.0000	0.0120	0.0105	0.0015	0.0003	0.0002	0.0000	0.0117	0.0102	0.0015	0.0078	0.0039	0.0040	0.0002	0.0002	0.0000	0.0076	0.0037	0.0039
10	99	0.0684	8	2	1	1	0	1	1	1	0	0	0	1	1	0	0	0	0	0	0	Y	N	N	N	N	N	N	N	N	N	N	N	N	N	N	N	N	N	0.0000	0.0000	0.0000	0.0000	0.0000	0.0000	0.0000	0.0000	0.0000	0.0000	0.0000	0.0000	0.0000	0.0000	0.0000	0.0000	0.0000	0.0000	0.0275	0.0545	0.0000	0.7121	0.8832	0.0000	0.0000	0.0000	0.0000		0.0000	0.0000	-0.0020	1.0000	5.0000	3.0034	11.0015	0.0000	0.0000	0.0000	0.0000	0.0000	0.0000	0.0000	0.0000	0.0000	0.0032	0.0032	0.0000	0.0032	0.0032	0.0000	0.0000	0.0000	0.0000	0.0584	0.0511	0.0074	0.0013	0.0012	0.0001	0.0571	0.0499	0.0072	0.1144	0.0578	0.0567	0.0044	0.0036	0.0009	0.1100	0.0542	0.0558
10	100	0.1493	18	2	1	1	0	0	1	0	0	0	0	1	1	0	0	0	0	0	0	Y	N	N	N	N	N	N	N	N	N	N	N	N	N	N	N	N	N	0.0000	0.0000	0.0000	0.0000	0.0000	0.0000	0.0000	0.0000	0.0000	0.0000	0.0000	0.0000	0.0000	0.0000	0.0000	0.0000	0.0000	0.0000	0.0000	0.0000	0.0000	0.0000	0.0000	0.0000	0.0000	0.0000	0.0000		0.0000	0.0000	-0.0000	1.0000	2.0003	3.0034	3.6794	0.0000	0.0000	0.0000	0.0000	0.0000	0.0000	0.0000	0.0000	0.0000	0.0000	0.0000	0.0000	0.0000	0.0000	0.0000	0.0000	0.0000	0.0000	0.0240	0.0210	0.0030	0.0019	0.0018	0.0001	0.0221	0.0193	0.0028	0.0462	0.0265	0.0197	0.0094	0.0079	0.0015	0.0369	0.0186	0.0183
10	101	0.1386	17	2	1	1	0	1	1	1	0	0	0	1	1	0	0	0	0	0	0	Y	N	N	N	N	N	N	N	N	N	N	N	N	N	N	N	N	N	0.0000	0.0000	0.0000	0.0000	0.0000	0.0000	0.0000	0.0000	0.0000	0.0000	0.0000	0.0000	0.0000	0.0000	0.0000	0.0000	0.0000	0.0000	0.0004	0.0007	0.0000	0.0027	0.0033	0.0000	0.0000	0.0000	0.0000		0.0000	0.0000	-0.0000	1.0000	0.0087	3.0034	3.3708	0.0000	0.0000	0.0000	0.0000	0.0000	0.0000	0.0000	0.0000	0.0000	0.0000	0.0000	0.0000	0.0000	0.0000	0.0000	0.0000	0.0000	0.0000	0.0004	0.0003	0.0000	0.0002	0.0002	0.0000	0.0002	0.0002	0.0000	0.0254	0.0136	0.0117	0.0037	0.0030	0.0007	0.0216	0.0106	0.0110
10	106	0.0328	4	2	1	1	0	0	1	1	0	0	0	1	1	0	0	0	0	0	0	Y	N	N	N	N	N	N	N	N	N	N	N	N	N	N	N	N	N	0.0000	0.0000	0.0000	0.0000	0.0000	0.0000	0.0000	0.0000	0.0000	0.0000	0.0000	0.0000	0.0000	0.0000	0.0000	0.0000	0.0000	0.0000	0.0000	0.0000	0.0000	0.0000	0.0000	0.0000	0.0000	0.0000	0.0000			0.0000	-0.0000	1.0000	3.0043	3.0034	5.0032	0.0000	0.0000	0.0000	0.0000	0.0000	0.0000	0.0000	0.0000	0.0000	0.0000	0.0000	0.0000	0.0000	0.0000	0.0000	0.0000	0.0000	0.0000	0.0358	0.0313	0.0045	0.0007	0.0006	0.0001	0.0351	0.0306	0.0045	0.0614	0.0304	0.0310	0.0007	0.0007	0.0001	0.0607	0.0297	0.0309
10	110	0.1438	15	2	1	1	0	0	1	0	0	0	0	1	1	0	0	0	0	0	0	Y	N	N	N	N	N	N	N	N	N	N	N	N	N	N	N	N	N	0.0000	0.0000	0.0000	0.0000	0.0000	0.0000	0.0000	0.0000	0.0000	0.0000	0.0000	0.0000	0.0000	0.0000	0.0000	0.0000	0.0000	0.0000	0.0143	0.0049	0.0250	0.0221	0.0288	0.0000	0.0132	0.0001	0.0265		4.4320	0.0000	0.0003	1.0000	7.0195	3.0034	5.1243	0.0000	0.0000	0.0000	0.0000	0.0000	0.0000	0.0000	0.0000	0.0000	0.0013	0.0002	0.0010	0.0002	0.0002	0.0000	0.0010	0.0000	0.0010	0.0798	0.0699	0.0099	0.0048	0.0044	0.0003	0.0750	0.0655	0.0095	0.0898	0.0479	0.0419	0.0106	0.0081	0.0025	0.0793	0.0398	0.0394
10	111	0.1213	14	2	1	1	0	0	1	1	0	0	0	1	1	0	0	0	0	0	0	Y	N	N	N	N	N	N	N	N	N	N	N	N	N	N	N	N	N	0.0000	0.0000	0.0000	0.0000	0.0000	0.0000	0.0000	0.0000	0.0000	0.0000	0.0000	0.0000	0.0000	0.0000	0.0000	0.0000	0.0000	0.0000	0.0042	0.0038	0.0048	0.0056	0.0060	0.0012	0.0038	0.0027	0.0049		0.8601	0.0000	-0.0000	1.0000	2.0281	3.0034	3.4706	0.0000	0.0000	0.0000	0.0000	0.0000	0.0000	0.0000	0.0000	0.0000	0.0002	0.0001	0.0001	0.0001	0.0001	0.0000	0.0002	0.0001	0.0001	0.0241	0.0211	0.0030	0.0014	0.0013	0.0001	0.0227	0.0198	0.0029	0.0590	0.0349	0.0241	0.0132	0.0121	0.0011	0.0458	0.0228	0.0230
10	112	0.1078	13	2	1	0	0	1	1	0	0	0	0	1	1	0	0	0	0	0	0	Y	N	N	N	N	N	N	N	N	N	N	N	N	N	N	N	N	N	0.0000	0.0000	0.0000	0.0000	0.0000	0.0000	0.0000	0.0000	0.0000	0.0000	0.0000	0.0000	0.0000	0.0000	0.0000	0.0000	0.0000	0.0000	0.0004	0.0006	0.0002	0.0015	0.0015	0.0012	0.0001	0.0000	0.0001		0.1895	0.0000	-0.0000	1.0000	3.0209	3.0034	2.2550	0.0000	0.0000	0.0000	0.0000	0.0000	0.0000	0.0000	0.0000	0.0000	0.0000	0.0000	0.0000	0.0000	0.0000	0.0000	0.0000	0.0000	0.0000	0.0363	0.0318	0.0045	0.0017	0.0016	0.0001	0.0347	0.0302	0.0044	0.0590	0.0352	0.0237	0.0135	0.0125	0.0010	0.0454	0.0228	0.0227
10	120	0.0982	14	1	1	1	0	0	1	0	0	0	0	2	1	0	0	0	0	0	0	N	N	N	N	Y	N	N	N	N	N	N	N	N	N	N	N	N	N	0.0000	0.0000	0.0000	0.0000	0.0000	0.0000	0.0000	0.0000	0.0000	0.0000	0.0000	0.0000	0.0000	0.0000	0.0000	0.0000	0.0000	0.0000	0.0000	0.0000	0.0000	0.0000	0.0000	0.0000	0.0000	0.0000	0.0000			0.0000	0.0000	1.0000	2.9998	3.0034	1.0000	0.0000	0.0000	0.0000	0.0000	0.0000	0.0000	0.0000	0.0000	0.0000	0.0000	0.0000	0.0000	0.0000	0.0000	0.0000	0.0000	0.0000	0.0000	0.0349	0.0305	0.0044	0.0015	0.0014	0.0001	0.0334	0.0291	0.0043	0.0293	0.0149	0.0144	0.0021	0.0017	0.0004	0.0272	0.0132	0.0141
10	121	0.0982	13	1	1	1	0	0	1	0	0	1	0	2	1	0	0	0	0	0	0	N	N	N	N	Y	N	N	N	N	N	N	N	N	N	N	N	N	N	0.0000	0.0000	0.0000	0.0000	0.0000	0.0000	0.0000	0.0000	0.0000	0.0000	0.0000	0.0000	0.0000	0.0000	0.0000	0.0000	0.0000	0.0000	0.0000	0.0000	0.0000	0.0000	0.0000	0.0000	0.0000	0.0000	0.0000			0.0000	0.0000	1.0000	0.0006	3.0034	0.0007	0.0000	0.0000	0.0000	0.0000	0.0000	0.0000	0.0000	0.0000	0.0000	0.0000	0.0000	0.0000	0.0000	0.0000	0.0000	0.0000	0.0000	0.0000	0.0000	0.0000	0.0000	0.0000	0.0000	0.0000	0.0000	0.0000	0.0000	0.0000	0.0000	0.0000	0.0000	0.0000	0.0000	0.0000	0.0000	0.0000
10	126	0.1014	14	2	1	1	0	0	1	0	0	0	0	1	1	0	0	0	0	0	0	Y	N	N	N	N	N	N	N	N	N	N	N	N	N	N	N	N	N	0.0000	0.0000	0.0000	0.0000	0.0000	0.0000	0.0000	0.0000	0.0000	0.0000	0.0000	0.0000	0.0000	0.0000	0.0000	0.0000	0.0000	0.0000	0.0000	0.0000	0.0000	0.0000	0.0000	0.0000	0.0000	0.0000	0.0000			0.0000	0.0000	1.0000	1.0002	3.0034	2.0058	0.0000	0.0000	0.0000	0.0000	0.0000	0.0000	0.0000	0.0000	0.0000	0.0000	0.0000	0.0000	0.0000	0.0000	0.0000	0.0000	0.0000	0.0000	0.0118	0.0103	0.0015	0.0005	0.0005	0.0000	0.0113	0.0098	0.0014	0.0223	0.0113	0.0110	0.0016	0.0014	0.0003	0.0206	0.0100	0.0107
10	127	0.1048	14	1	1	0	0	0	1	0	0	0	1	1	2	0	0	0	0	0	0	N	N	N	N	N	Y	N	N	N	N	N	N	N	N	N	N	N	N	0.0000	0.0000	0.0000	0.0000	0.0000	0.0000	0.0000	0.0000	0.0000	0.0000	0.0000	0.0000	0.0000	0.0000	0.0000	0.0000	0.0000	0.0000	0.0000	0.0000	0.0000	0.0000	0.0000	0.0000	0.0000	0.0000	0.0000			0.0000	0.0000	1.0000	1.0000	3.0034	2.0000	0.0000	0.0000	0.0000	0.0000	0.0000	0.0000	0.0000	0.0000	0.0000	0.0000	0.0000	0.0000	0.0000	0.0000	0.0000	0.0000	0.0000	0.0000	0.0117	0.0103	0.0015	0.0005	0.0005	0.0000	0.0113	0.0098	0.0014	0.0228	0.0117	0.0112	0.0017	0.0013	0.0003	0.0212	0.0103	0.0108
10	128	0.1048	13	1	1	0	0	0	1	0	0	0	1	1	2	0	0	0	0	0	0	N	N	N	N	N	Y	N	N	N	N	N	N	N	N	N	N	N	N	0.0000	0.0000	0.0000	0.0000	0.0000	0.0000	0.0000	0.0000	0.0000	0.0000	0.0000	0.0000	0.0000	0.0000	0.0000	0.0000	0.0000	0.0000	26.5401	51.8583	0.0000	0.0000	0.0000	0.0000	28.6132	58.5863	0.0000		0.0000	0.0000	-0.6190	1.0000	3.0000	3.0034	2.0000	0.0000	0.0000	0.0000	0.0000	0.0000	0.0000	0.0000	0.0000	0.0000	0.9998	0.9998	0.0000	0.0000	0.0000	0.0000	0.9998	0.9998	0.0000	0.0348	0.0305	0.0044	0.0015	0.0014	0.0001	0.0334	0.0291	0.0043	0.0377	0.0193	0.0184	0.0027	0.0022	0.0005	0.0349	0.0171	0.0179
10	129	0.1080	15	1	1	0	0	0	1	0	0	0	1	1	2	0	0	0	0	0	0	N	N	N	N	N	Y	N	N	N	N	N	N	N	N	N	N	N	N	0.0000	0.0000	0.0000	0.0000	0.0000	0.0000	0.0000	0.0000	0.0000	0.0000	0.0000	0.0000	0.0000	0.0000	0.0000	0.0000	0.0000	0.0000	0.0000	0.0000	0.0000	0.0000	0.0000	0.0000	0.0000	0.0000	0.0000			0.0000	0.0000	1.0000	2.0004	3.0034	1.0045	0.0000	0.0000	0.0000	0.0000	0.0000	0.0000	0.0000	0.0000	0.0000	0.0000	0.0000	0.0000	0.0000	0.0000	0.0000	0.0000	0.0000	0.0000	0.0233	0.0204	0.0029	0.0010	0.0009	0.0001	0.0224	0.0195	0.0029	0.0230	0.0118	0.0112	0.0017	0.0014	0.0003	0.0213	0.0104	0.0109
10	133	0.1218	11	2	1	1	0	0	1	0	0	0	0	2	1	0	0	0	0	0	0	Y	N	N	N	Y	N	N	N	N	N	N	N	N	N	N	N	N	N	0.0000	0.0000	0.0000	0.0000	0.0000	0.0000	0.0000	0.0000	0.0000	0.0000	0.0000	0.0000	0.0000	0.0000	0.0000	0.0000	0.0000	0.0000	0.0000	0.0000	0.0000	0.0000	0.0000	0.0000	0.0000	0.0000	0.0000			0.0000	0.0000	1.0000	0.0000	3.0034	0.0001	0.0000	0.0000	0.0000	0.0000	0.0000	0.0000	0.0000	0.0000	0.0000	0.0000	0.0000	0.0000	0.0000	0.0000	0.0000	0.0000	0.0000	0.0000	0.0000	0.0000	0.0000	0.0000	0.0000	0.0000	0.0000	0.0000	0.0000	0.0000	0.0000	0.0000	0.0000	0.0000	0.0000	0.0000	0.0000	0.0000
10	134	0.0818	10	2	1	1	0	1	1	1	0	1	0	2	1	0	0	0	0	0	0	Y	N	N	N	Y	N	N	N	N	N	N	N	N	N	N	N	N	N	0.0000	0.0000	0.0000	0.0000	0.0000	0.0000	0.0000	0.0000	0.0000	0.0000	0.0000	0.0000	0.0000	0.0000	0.0000	0.0000	0.0000	0.0000	0.0000	0.0000	0.0000	0.0000	0.0000	0.0000	0.0000	0.0000	0.0000			0.0000	0.0000	1.0000	4.0005	3.0034	6.9251	0.0000	0.0000	0.0000	0.0000	0.0000	0.0000	0.0000	0.0000	0.0000	0.0000	0.0000	0.0000	0.0000	0.0000	0.0000	0.0000	0.0000	0.0000	0.0472	0.0413	0.0059	0.0012	0.0011	0.0001	0.0461	0.0402	0.0058	0.0837	0.0429	0.0408	0.0063	0.0055	0.0008	0.0774	0.0374	0.0400
10	135	0.1143	15	2	1	1	0	0	1	0	0	0	0	2	1	0	0	0	0	0	0	Y	N	N	N	Y	N	N	N	N	N	N	N	N	N	N	N	N	N	0.0000	0.0000	0.0000	0.0000	0.0000	0.0000	0.0000	0.0000	0.0000	0.0000	0.0000	0.0000	0.0000	0.0000	0.0000	0.0000	0.0000	0.0000	0.0000	0.0000	0.0000	0.0000	0.0000	0.0000	0.0000	0.0000	0.0000			0.0000	0.0000	1.0000	0.9923	3.0034	0.0060	0.0000	0.0000	0.0000	0.0000	0.0000	0.0000	0.0000	0.0000	0.0000	0.0000	0.0000	0.0000	0.0000	0.0000	0.0000	0.0000	0.0000	0.0000	0.0118	0.0104	0.0015	0.0007	0.0006	0.0000	0.0111	0.0097	0.0014	0.0072	0.0037	0.0035	0.0007	0.0006	0.0001	0.0065	0.0032	0.0034
10	136	0.1014	14	2	1	1	0	0	1	0	0	1	0	2	1	0	0	0	0	0	0	Y	N	N	N	Y	N	N	N	N	N	N	N	N	N	N	N	N	N	0.0000	0.0000	0.0000	0.0000	0.0000	0.0000	0.0000	0.0000	0.0000	0.0000	0.0000	0.0000	0.0000	0.0000	0.0000	0.0000	0.0000	0.0000	0.0000	0.0000	0.0000	0.0000	0.0000	0.0000	0.0000	0.0000	0.0000			0.0000	0.0000	1.0000	2.0106	3.0034	2.0023	0.0000	0.0000	0.0000	0.0000	0.0000	0.0000	0.0000	0.0000	0.0000	0.0000	0.0000	0.0000	0.0000	0.0000	0.0000	0.0000	0.0000	0.0000	0.0234	0.0205	0.0029	0.0010	0.0009	0.0001	0.0224	0.0196	0.0029	0.0294	0.0149	0.0145	0.0021	0.0018	0.0004	0.0273	0.0132	0.0141
10	137	0.0982	13	2	1	1	0	1	1	0	0	0	0	1	1	0	0	0	0	0	0	Y	N	N	N	N	N	N	N	N	N	N	N	N	N	N	N	N	N	0.0000	0.0000	0.0000	0.0000	0.0000	0.0000	0.0000	0.0000	0.0000	0.0000	0.0000	0.0000	0.0000	0.0000	0.0000	0.0000	0.0000	0.0000	0.0000	0.0000	0.0000	0.0000	0.0000	0.0000	0.0000	0.0000	0.0000			0.0000	0.0000	1.0000	0.0008	3.0034	1.0019	0.0000	0.0000	0.0000	0.0000	0.0000	0.0000	0.0000	0.0000	0.0000	0.0000	0.0000	0.0000	0.0000	0.0000	0.0000	0.0000	0.0000	0.0000	0.0000	0.0000	0.0000	0.0000	0.0000	0.0000	0.0000	0.0000	0.0000	0.0075	0.0038	0.0037	0.0005	0.0004	0.0001	0.0069	0.0034	0.0036
11	12	0.1120	8	1	0	0	0	0	0	0	0	0	1	0	2	0	0	0	0	0	0	N	N	N	N	N	Y	N	N	N	N	N	N	N	N	N	N	N	N	0.0000	0.0000	0.0000	0.0001	0.0001	0.0000	0.0000	0.0000	0.0000	0.0000	0.0000	0.0000	0.0000	0.0000	0.0000	0.0000	0.0000	0.0000	0.0646	0.1004	0.0000	0.0139	0.0178	0.0000	0.1108	0.2130	0.0000	0.0000	0.0000	-0.0000	-0.0025	2.0022	3.5195	0.4909	3.1401	0.0000	0.0000	0.0000	0.0000	0.0000	0.0000	0.0000	0.0000	0.0000	0.0040	0.0040	0.0000	0.0004	0.0004	0.0000	0.0036	0.0036	0.0000	0.0854	0.0749	0.0106	0.0071	0.0067	0.0004	0.0784	0.0682	0.0102	0.0618	0.0398	0.0221	0.0295	0.0229	0.0065	0.0324	0.0168	0.0155
11	14	0.1043	15	0	0	0	0	0	0	0	0	0	1	0	2	0	0	0	0	0	0	N	N	N	N	N	Y	N	N	N	N	N	N	N	N	N	N	N	N	0.0000	0.0000	0.0000	0.0000	0.0000	0.0000	0.0000	0.0000	0.0000	0.0000	0.0000	0.0000	0.0000	0.0000	0.0000	0.0000	0.0000	0.0000	0.0000	0.0000	0.0000	0.0000	0.0000	0.0000	0.0000	0.0000	0.0000			0.0000	0.0000	2.0022	1.0000	0.4909	2.0000	0.0000	0.0000	0.0000	0.0000	0.0000	0.0000	0.0000	0.0000	0.0000	0.0000	0.0000	0.0000	0.0000	0.0000	0.0000	0.0000	0.0000	0.0000	0.0229	0.0200	0.0029	0.0013	0.0012	0.0001	0.0216	0.0188	0.0028	0.0207	0.0123	0.0084	0.0081	0.0061	0.0020	0.0126	0.0062	0.0064
11	22	0.1134	13	1	0	0	1	0	0	0	1	0	0	1	2	0	0	0	0	0	0	N	N	N	N	N	Y	N	N	N	N	N	N	N	N	N	N	N	N	0.0000	0.0000	0.0000	0.0000	0.0000	0.0000	0.0000	0.0000	0.0000	0.0000	0.0000	0.0000	0.0000	0.0000	0.0000	0.0000	0.0000	0.0000	0.0000	0.0000	0.0000	0.0000	0.0000	0.0000	0.0000	0.0000	0.0000			0.0000	0.0000	2.0022	2.0010	0.4909	1.9996	0.0000	0.0000	0.0000	0.0000	0.0000	0.0000	0.0000	0.0000	0.0000	0.0000	0.0000	0.0000	0.0000	0.0000	0.0000	0.0000	0.0000	0.0000	0.0454	0.0398	0.0057	0.0026	0.0024	0.0002	0.0429	0.0374	0.0055	0.0274	0.0161	0.0112	0.0106	0.0079	0.0027	0.0167	0.0082	0.0085
11	31	0.1187	11	0	0	1	0	0	0	1	0	0	1	0	2	0	0	0	0	0	0	N	N	N	N	N	Y	N	N	N	N	N	N	N	N	N	N	N	N	inf	inf	0.0000	inf	inf	0.0000	inf	inf	0.0000	0.0018	0.0020	0.0000	0.0013	0.0014	0.0000	0.0023	0.0026	0.0000	0.0000	0.0000	0.0000	0.0000	0.0000	0.0000	0.0000	0.0000	0.0000	0.0000		-0.0000	0.0000	2.0022	0.0057	0.4909	1.0792	0.0000	0.0000	0.0000	0.0000	0.0000	0.0000	0.0000	0.0000	0.0000	0.0000	0.0000	0.0000	0.0000	0.0000	0.0000	0.0000	0.0000	0.0000	0.0003	0.0002	0.0000	0.0001	0.0001	0.0000	0.0001	0.0001	0.0000	0.0083	0.0053	0.0030	0.0037	0.0029	0.0008	0.0045	0.0023	0.0022
11	36	0.1764	13	1	0	0	0	0	0	0	0	0	1	0	2	0	0	0	0	0	0	N	N	N	N	N	Y	N	N	N	N	N	N	N	N	N	N	N	N	inf	inf	0.0000	inf	inf	0.0000	0.0000	0.0000	0.0000	0.0001	0.0001	0.0000	0.0006	0.0007	0.0000	0.0000	0.0000	0.0000	0.0000	0.0000	0.0000	0.0000	0.0000	0.0000	0.0000	0.0000	0.0000	0.0000		-0.0000	0.0000	2.0022	11.0150	0.4909	4.0316	0.0000	0.0000	0.0000	0.0000	0.0000	0.0000	0.0000	0.0000	0.0000	0.0000	0.0000	0.0000	0.0000	0.0000	0.0000	0.0000	0.0000	0.0000	0.2308	0.2036	0.0271	0.0310	0.0291	0.0019	0.1998	0.1745	0.0253	0.0907	0.0556	0.0351	0.0424	0.0319	0.0105	0.0483	0.0238	0.0246
11	38	0.1090	12	1	0	0	1	0	0	0	1	0	1	1	2	0	0	0	0	0	0	N	N	N	N	N	Y	N	N	N	N	N	N	N	N	N	N	N	N	0.0000	0.0000	0.0000	0.0000	0.0000	0.0000	0.0000	0.0000	0.0000	0.0000	0.0000	0.0000	0.0000	0.0000	0.0000	0.0000	0.0000	0.0000	0.0049	0.0079	0.0000	0.0093	0.0120	0.0000	0.0015	0.0030	0.0000		0.0000	0.0000	-0.0001	2.0022	3.1237	0.4909	0.5096	0.0000	0.0000	0.0000	0.0000	0.0000	0.0000	0.0000	0.0000	0.0000	0.0001	0.0001	0.0000	0.0001	0.0001	0.0000	0.0000	0.0000	0.0000	0.1162	0.1045	0.0118	0.0271	0.0266	0.0005	0.0891	0.0778	0.0113	0.0280	0.0174	0.0106	0.0121	0.0094	0.0028	0.0158	0.0080	0.0078
11	43	0.0988	12	1	0	0	1	0	0	0	1	0	1	1	2	0	0	0	0	0	0	N	N	N	N	N	Y	N	N	N	N	N	N	N	N	N	N	N	N	inf	inf	0.0000	0.0000	0.0000	0.0000	inf	inf	0.0000	0.0003	0.0003	0.0000	0.0000	0.0000	0.0000	0.0003	0.0003	0.0000	0.0000	0.0000	0.0000	0.0000	0.0000	0.0000	0.0000	0.0000	0.0000	0.0000		-0.0000	0.0000	2.0022	2.9999	0.4909	0.9999	0.0000	0.0000	0.0000	0.0000	0.0000	0.0000	0.0000	0.0000	0.0000	0.0000	0.0000	0.0000	0.0000	0.0000	0.0000	0.0000	0.0000	0.0000	0.0797	0.0702	0.0095	0.0083	0.0080	0.0003	0.0714	0.0621	0.0092	0.0288	0.0170	0.0118	0.0120	0.0090	0.0030	0.0168	0.0080	0.0088
11	45	0.0940	11	1	0	0	0	0	0	0	0	0	0	1	2	0	0	0	0	0	0	N	N	N	N	N	Y	N	N	N	N	N	N	N	N	N	N	N	N	0.0000	0.0000	0.0000	0.0000	0.0000	0.0000	0.0000	0.0000	0.0000	0.0000	0.0000	0.0000	0.0000	0.0000	0.0000	0.0000	0.0000	0.0000	0.0000	0.0000	0.0000	0.0000	0.0000	0.0000	0.0000	0.0000	0.0000			0.0000	0.0000	2.0022	4.0000	0.4909	1.0000	0.0000	0.0000	0.0000	0.0000	0.0000	0.0000	0.0000	0.0000	0.0000	0.0000	0.0000	0.0000	0.0000	0.0000	0.0000	0.0000	0.0000	0.0000	0.0900	0.0787	0.0113	0.0040	0.0037	0.0003	0.0859	0.0750	0.0110	0.0340	0.0200	0.0140	0.0129	0.0097	0.0032	0.0210	0.0103	0.0108
11	46	0.1409	10	1	0	0	0	0	0	0	0	0	1	0	2	0	0	0	0	0	0	N	N	N	N	N	Y	N	N	N	N	N	N	N	N	N	N	N	N	inf	inf	0.0000	0.0000	0.0000	0.0000	inf	inf	0.0000	0.0005	0.0006	0.0000	0.0000	0.0000	0.0000	0.0009	0.0011	0.0000	0.0000	0.0000	0.0000	0.0000	0.0000	0.0000	0.0000	0.0000	0.0000	0.0000		-0.0000	0.0000	2.0022	0.0007	0.4909	1.0103	0.0000	0.0000	0.0000	0.0000	0.0000	0.0000	0.0000	0.0000	0.0000	0.0000	0.0000	0.0000	0.0000	0.0000	0.0000	0.0000	0.0000	0.0000	0.0001	0.0000	0.0000	0.0000	0.0000	0.0000	0.0000	0.0000	0.0000	0.0164	0.0119	0.0046	0.0080	0.0072	0.0008	0.0084	0.0047	0.0037
11	50	0.1166	14	1	0	1	1	0	0	0	1	0	0	1	2	0	0	0	0	0	0	N	N	N	N	N	Y	N	N	N	N	N	N	N	N	N	N	N	N	0.0000	0.0000	0.0000	0.0000	0.0000	0.0000	0.0000	0.0000	0.0000	0.0000	0.0000	0.0000	0.0000	0.0000	0.0000	0.0000	0.0000	0.0000	0.0000	0.0000	0.0000	0.0000	0.0000	0.0000	0.0000	0.0000	0.0000			0.0000	0.0000	2.0022	0.0001	0.4909	0.9998	0.0000	0.0000	0.0000	0.0000	0.0000	0.0000	0.0000	0.0000	0.0000	0.0000	0.0000	0.0000	0.0000	0.0000	0.0000	0.0000	0.0000	0.0000	0.0000	0.0000	0.0000	0.0000	0.0000	0.0000	0.0000	0.0000	0.0000	0.0070	0.0041	0.0029	0.0027	0.0020	0.0007	0.0043	0.0021	0.0022
11	51	0.1166	14	1	0	1	0	0	0	0	0	0	0	1	2	0	0	0	0	0	0	N	N	N	N	N	Y	N	N	N	N	N	N	N	N	N	N	N	N	0.0000	0.0000	0.0000	0.0000	0.0000	0.0000	0.0000	0.0000	0.0000	0.0000	0.0000	0.0000	0.0000	0.0000	0.0000	0.0000	0.0000	0.0000	0.0000	0.0000	0.0000	0.0000	0.0000	0.0000	0.0000	0.0000	0.0000			0.0000	0.0000	2.0022	0.0001	0.4909	1.0003	0.0000	0.0000	0.0000	0.0000	0.0000	0.0000	0.0000	0.0000	0.0000	0.0000	0.0000	0.0000	0.0000	0.0000	0.0000	0.0000	0.0000	0.0000	0.0000	0.0000	0.0000	0.0000	0.0000	0.0000	0.0000	0.0000	0.0000	0.0070	0.0041	0.0029	0.0027	0.0021	0.0007	0.0043	0.0021	0.0022
11	52	0.1134	13	1	0	1	0	0	0	1	0	0	0	1	2	0	0	0	0	0	0	N	N	N	N	N	Y	N	N	N	N	N	N	N	N	N	N	N	N	0.0000	0.0000	0.0000	0.0000	0.0000	0.0000	0.0000	0.0000	0.0000	0.0000	0.0000	0.0000	0.0000	0.0000	0.0000	0.0000	0.0000	0.0000	0.0000	0.0000	0.0000	0.0000	0.0000	0.0000	0.0000	0.0000	0.0000			0.0000	0.0000	2.0022	1.0000	0.4909	0.0042	0.0000	0.0000	0.0000	0.0000	0.0000	0.0000	0.0000	0.0000	0.0000	0.0000	0.0000	0.0000	0.0000	0.0000	0.0000	0.0000	0.0000	0.0000	0.0229	0.0200	0.0029	0.0013	0.0012	0.0001	0.0216	0.0188	0.0028	0.0070	0.0041	0.0029	0.0027	0.0020	0.0007	0.0043	0.0021	0.0022
11	53	0.1103	12	1	0	0	0	0	0	0	0	0	0	1	2	0	0	0	0	0	0	N	N	N	N	N	Y	N	N	N	N	N	N	N	N	N	N	N	N	inf	inf	0.0000	inf	inf	0.0000	0.0000	0.0000	0.0000	0.0000	0.0000	0.0000	0.0000	0.0000	0.0000	0.0000	0.0000	0.0000	0.0000	0.0000	0.0000	0.0000	0.0000	0.0000	0.0000	0.0000	0.0000	0.0000		-0.0000	0.0000	2.0022	0.9921	0.4909	0.0076	0.0000	0.0000	0.0000	0.0000	0.0000	0.0000	0.0000	0.0000	0.0000	0.0000	0.0000	0.0000	0.0000	0.0000	0.0000	0.0000	0.0000	0.0000	0.0228	0.0199	0.0028	0.0014	0.0013	0.0001	0.0214	0.0187	0.0027	0.0070	0.0041	0.0029	0.0027	0.0020	0.0007	0.0043	0.0021	0.0022
11	58	0.1054	10	1	0	1	0	0	0	0	0	0	1	0	2	0	0	0	0	0	0	N	N	N	N	N	Y	N	N	N	N	N	N	N	N	N	N	N	N	0.0000	0.0000	0.0000	0.0000	0.0000	0.0000	0.0000	0.0000	0.0000	0.0000	0.0000	0.0000	0.0000	0.0000	0.0000	0.0000	0.0000	0.0000	0.0000	0.0000	0.0000	0.0000	0.0000	0.0000	0.0000	0.0000	0.0000			0.0000	0.0000	2.0022	1.0033	0.4909	1.0015	0.0000	0.0000	0.0000	0.0000	0.0000	0.0000	0.0000	0.0000	0.0000	0.0000	0.0000	0.0000	0.0000	0.0000	0.0000	0.0000	0.0000	0.0000	0.0232	0.0203	0.0029	0.0013	0.0013	0.0001	0.0218	0.0190	0.0028	0.0171	0.0110	0.0061	0.0070	0.0056	0.0013	0.0101	0.0054	0.0048
11	60	0.0940	11	1	0	0	0	0	0	0	0	0	0	1	2	0	0	0	0	0	0	N	N	N	N	N	Y	N	N	N	N	N	N	N	N	N	N	N	N	0.0000	0.0000	0.0000	0.0000	0.0000	0.0000	0.0000	0.0000	0.0000	0.0000	0.0000	0.0000	0.0000	0.0000	0.0000	0.0000	0.0000	0.0000	0.0000	0.0000	0.0000	0.0000	0.0000	0.0000	0.0000	0.0000	0.0000			0.0000	0.0000	2.0022	2.0000	0.4909	7.0000	0.0000	0.0000	0.0000	0.0000	0.0000	0.0000	0.0000	0.0000	0.0000	0.0000	0.0000	0.0000	0.0000	0.0000	0.0000	0.0000	0.0000	0.0000	0.0455	0.0398	0.0057	0.0020	0.0019	0.0001	0.0435	0.0379	0.0056	0.0598	0.0351	0.0247	0.0227	0.0170	0.0057	0.0371	0.0181	0.0190
11	61	0.0940	10	1	0	0	0	0	0	0	0	0	1	1	2	0	0	0	0	0	0	N	N	N	N	N	Y	N	N	N	N	N	N	N	N	N	N	N	N	0.0000	0.0000	0.0000	0.0000	0.0000	0.0000	0.0000	0.0000	0.0000	0.0000	0.0000	0.0000	0.0000	0.0000	0.0000	0.0000	0.0000	0.0000	0.0000	0.0000	0.0000	0.0000	0.0000	0.0000	0.0000	0.0000	0.0000			0.0000	0.0000	2.0022	0.0000	0.4909	0.0000	0.0000	0.0000	0.0000	0.0000	0.0000	0.0000	0.0000	0.0000	0.0000	0.0000	0.0000	0.0000	0.0000	0.0000	0.0000	0.0000	0.0000	0.0000	0.0000	0.0000	0.0000	0.0000	0.0000	0.0000	0.0000	0.0000	0.0000	0.0000	0.0000	0.0000	0.0000	0.0000	0.0000	0.0000	0.0000	0.0000
11	68	0.1669	12	1	0	0	0	0	0	0	0	0	1	0	2	0	0	0	0	0	0	N	N	N	N	N	Y	N	N	N	N	N	N	N	N	N	N	N	N	15.8660	0.0000	inf	0.0000	0.0000	0.0000	inf	0.0000	inf	0.0016	0.0000	0.0142	0.0000	0.0000	0.0000	0.0022	0.0000	0.0148	0.0001	0.0002	0.0000	0.0002	0.0003	0.0000	0.0000	0.0000	0.0000	inf	0.0000	0.0001	-0.0000	2.0022	1.4193	0.4909	5.2011	0.0001	0.0000	0.0001	0.0000	0.0000	0.0000	0.0001	0.0000	0.0001	0.0000	0.0000	0.0000	0.0000	0.0000	0.0000	0.0000	0.0000	0.0000	0.0486	0.0429	0.0056	0.0121	0.0119	0.0002	0.0364	0.0310	0.0054	0.0472	0.0301	0.0171	0.0221	0.0172	0.0050	0.0250	0.0129	0.0122
11	78	0.1166	12	1	0	1	0	0	0	1	0	0	0	1	2	0	0	0	0	0	0	N	N	N	N	N	Y	N	N	N	N	N	N	N	N	N	N	N	N	0.0000	0.0000	0.0000	0.0000	0.0000	0.0000	0.0000	0.0000	0.0000	0.0000	0.0000	0.0000	0.0000	0.0000	0.0000	0.0000	0.0000	0.0000	0.0000	0.0000	0.0000	0.0000	0.0000	0.0000	0.0000	0.0000	0.0000			0.0000	0.0000	2.0022	0.0000	0.4909	0.9988	0.0000	0.0000	0.0000	0.0000	0.0000	0.0000	0.0000	0.0000	0.0000	0.0000	0.0000	0.0000	0.0000	0.0000	0.0000	0.0000	0.0000	0.0000	0.0000	0.0000	0.0000	0.0000	0.0000	0.0000	0.0000	0.0000	0.0000	0.0071	0.0042	0.0028	0.0028	0.0021	0.0007	0.0042	0.0021	0.0021
11	79	0.1133	11	1	0	0	0	0	0	0	0	0	0	1	2	0	0	0	0	0	0	N	N	N	N	N	Y	N	N	N	N	N	N	N	N	N	N	N	N	0.0000	0.0000	0.0000	0.0000	0.0000	0.0000	0.0000	0.0000	0.0000	0.0000	0.0000	0.0000	0.0000	0.0000	0.0000	0.0000	0.0000	0.0000	0.0000	0.0000	0.0000	0.0000	0.0000	0.0000	0.0000	0.0000	0.0000			0.0000	0.0000	2.0022	0.0001	0.4909	1.0072	0.0000	0.0000	0.0000	0.0000	0.0000	0.0000	0.0000	0.0000	0.0000	0.0000	0.0000	0.0000	0.0000	0.0000	0.0000	0.0000	0.0000	0.0000	0.0000	0.0000	0.0000	0.0000	0.0000	0.0000	0.0000	0.0000	0.0000	0.0071	0.0042	0.0029	0.0028	0.0021	0.0007	0.0042	0.0021	0.0022
11	80	0.1036	10	1	0	0	0	0	0	0	0	0	0	1	2	0	0	0	0	0	0	N	N	N	N	N	Y	N	N	N	N	N	N	N	N	N	N	N	N	inf	inf	0.0000	inf	inf	0.0000	0.0000	0.0000	0.0000	0.0000	0.0000	0.0000	0.0000	0.0000	0.0000	0.0000	0.0000	0.0000	0.0000	0.0000	0.0000	0.0000	0.0000	0.0000	0.0000	0.0000	0.0000	0.0000		-0.0000	0.0000	2.0022	1.0058	0.4909	1.9973	0.0000	0.0000	0.0000	0.0000	0.0000	0.0000	0.0000	0.0000	0.0000	0.0000	0.0000	0.0000	0.0000	0.0000	0.0000	0.0000	0.0000	0.0000	0.0239	0.0209	0.0030	0.0014	0.0013	0.0001	0.0225	0.0196	0.0029	0.0208	0.0124	0.0085	0.0082	0.0062	0.0020	0.0126	0.0062	0.0064
11	83	0.1036	10	1	0	0	0	0	0	0	0	0	0	1	2	0	0	0	0	0	0	N	N	N	N	N	Y	N	N	N	N	N	N	N	N	N	N	N	N	inf	inf	0.0000	0.0000	0.0000	0.0000	inf	inf	0.0000	0.0007	0.0008	0.0000	0.0000	0.0000	0.0000	0.0007	0.0008	0.0000	0.0000	0.0000	0.0000	0.0000	0.0000	0.0000	0.0000	0.0000	0.0000	0.0000		-0.0000	0.0000	2.0022	5.0069	0.4909	6.0103	0.0001	0.0001	0.0000	0.0000	0.0000	0.0000	0.0001	0.0001	0.0000	0.0000	0.0000	0.0000	0.0000	0.0000	0.0000	0.0000	0.0000	0.0000	0.1152	0.1008	0.0143	0.0064	0.0059	0.0005	0.1088	0.0950	0.0138	0.0725	0.0430	0.0294	0.0283	0.0212	0.0071	0.0441	0.0218	0.0223
11	84	0.0972	9	1	0	0	0	0	0	0	0	1	1	1	2	0	0	0	0	0	0	N	N	N	N	N	Y	N	N	N	N	N	N	N	N	N	N	N	N	0.0603	0.0410	0.0000	0.0000	0.0000	0.0000	inf	inf	0.0000	0.0000	0.0000	0.0000	0.0000	0.0000	0.0000	0.0000	0.0000	0.0000	0.0000	0.0000	0.0000	0.0000	0.0000	0.0000	0.0000	0.0000	0.0000	0.0000	0.0000	-0.0000	-0.0000	2.0022	1.9932	0.4909	0.0278	0.0000	0.0000	0.0000	0.0000	0.0000	0.0000	0.0000	0.0000	0.0000	0.0000	0.0000	0.0000	0.0000	0.0000	0.0000	0.0000	0.0000	0.0000	0.0465	0.0407	0.0058	0.0018	0.0017	0.0001	0.0447	0.0390	0.0057	0.0144	0.0086	0.0058	0.0056	0.0042	0.0014	0.0088	0.0043	0.0044
11	92	0.1103	12	1	0	0	1	0	0	0	1	0	0	1	2	0	0	0	0	0	0	N	N	N	N	N	Y	N	N	N	N	N	N	N	N	N	N	N	N	inf	0.0000	inf	0.0000	0.0000	0.0000	inf	0.0000	inf	0.0035	0.0000	0.0277	0.0000	0.0000	0.0000	0.0037	0.0000	0.0287	0.0000	0.0000	0.0000	0.0000	0.0000	0.0000	0.0000	0.0000	0.0000	inf		0.0001	0.0000	2.0022	1.0091	0.4909	1.9972	0.0001	0.0000	0.0001	0.0000	0.0000	0.0000	0.0001	0.0000	0.0001	0.0000	0.0000	0.0000	0.0000	0.0000	0.0000	0.0000	0.0000	0.0000	0.0232	0.0203	0.0029	0.0014	0.0013	0.0001	0.0218	0.0190	0.0028	0.0207	0.0122	0.0085	0.0081	0.0060	0.0020	0.0127	0.0062	0.0065
11	93	0.0940	11	1	0	0	0	0	0	0	0	0	1	1	2	0	0	0	0	0	0	N	N	N	N	N	Y	N	N	N	N	N	N	N	N	N	N	N	N	inf	0.0000	inf	0.0000	0.0000	0.0000	inf	0.0000	inf	0.0000	0.0000	0.0000	0.0000	0.0000	0.0000	0.0000	0.0000	0.0000	0.0000	0.0000	0.0000	0.0000	0.0000	0.0000	0.0000	0.0000	0.0000	inf		0.0000	0.0000	2.0022	2.0083	0.4909	3.0031	0.0000	0.0000	0.0000	0.0000	0.0000	0.0000	0.0000	0.0000	0.0000	0.0000	0.0000	0.0000	0.0000	0.0000	0.0000	0.0000	0.0000	0.0000	0.0455	0.0398	0.0057	0.0021	0.0019	0.0002	0.0434	0.0379	0.0056	0.0341	0.0200	0.0141	0.0130	0.0097	0.0033	0.0211	0.0103	0.0108
11	127	0.0979	13	0	0	0	0	0	0	0	0	0	1	0	2	0	0	0	0	0	0	N	N	N	N	N	Y	N	N	N	N	N	N	N	N	N	N	N	N	0.0000	0.0000	0.0000	0.0000	0.0000	0.0000	0.0000	0.0000	0.0000	0.0000	0.0000	0.0000	0.0000	0.0000	0.0000	0.0000	0.0000	0.0000	0.0000	0.0000	0.0000	0.0000	0.0000	0.0000	0.0000	0.0000	0.0000			0.0000	0.0000	2.0022	1.0000	0.4909	2.0000	0.0000	0.0000	0.0000	0.0000	0.0000	0.0000	0.0000	0.0000	0.0000	0.0000	0.0000	0.0000	0.0000	0.0000	0.0000	0.0000	0.0000	0.0000	0.0229	0.0200	0.0029	0.0013	0.0012	0.0001	0.0216	0.0189	0.0028	0.0208	0.0123	0.0085	0.0081	0.0061	0.0020	0.0127	0.0062	0.0065
11	128	0.0979	12	0	0	0	0	0	0	0	0	0	1	0	2	0	0	0	0	0	0	N	N	N	N	N	Y	N	N	N	N	N	N	N	N	N	N	N	N	0.0000	0.0000	0.0000	0.0000	0.0000	0.0000	0.0000	0.0000	0.0000	0.0000	0.0000	0.0000	0.0000	0.0000	0.0000	0.0000	0.0000	0.0000	0.0000	0.0000	0.0000	0.0000	0.0000	0.0000	0.0000	0.0000	0.0000			0.0000	0.0000	2.0022	3.0000	0.4909	2.0000	0.0000	0.0000	0.0000	0.0000	0.0000	0.0000	0.0000	0.0000	0.0000	0.0000	0.0000	0.0000	0.0000	0.0000	0.0000	0.0000	0.0000	0.0000	0.0679	0.0594	0.0085	0.0037	0.0034	0.0003	0.0642	0.0560	0.0082	0.0342	0.0202	0.0140	0.0133	0.0100	0.0033	0.0209	0.0102	0.0107
11	129	0.1011	14	0	0	0	0	0	0	0	0	0	1	0	2	0	0	0	0	0	0	N	N	N	N	N	Y	N	N	N	N	N	N	N	N	N	N	N	N	0.0000	0.0000	0.0000	0.0000	0.0000	0.0000	0.0000	0.0000	0.0000	0.0000	0.0000	0.0000	0.0000	0.0000	0.0000	0.0000	0.0000	0.0000	0.0000	0.0000	0.0000	0.0000	0.0000	0.0000	0.0000	0.0000	0.0000			0.0000	0.0000	2.0022	2.0004	0.4909	1.0045	0.0000	0.0000	0.0000	0.0000	0.0000	0.0000	0.0000	0.0000	0.0000	0.0000	0.0000	0.0000	0.0000	0.0000	0.0000	0.0000	0.0000	0.0000	0.0455	0.0398	0.0057	0.0025	0.0024	0.0002	0.0429	0.0375	0.0055	0.0208	0.0123	0.0085	0.0081	0.0061	0.0020	0.0127	0.0062	0.0065
12	13	0.1340	14	2	0	1	0	0	0	1	0	0	1	1	1	0	0	0	0	0	0	Y	N	N	N	N	N	N	N	N	N	N	N	N	N	N	N	N	N	0.0000	0.0000	0.0000	0.0000	0.0000	0.0000	0.0000	0.0000	0.0000	0.0000	0.0000	0.0000	0.0000	0.0000	0.0000	0.0000	0.0000	0.0000	6.4244	0.0570	14.7951	0.1943	0.1904	0.2365	7.8453	0.0000	15.3480		197.5678	0.0000	0.3746	3.5195	2.0000	3.1401	8.0000	0.0000	0.0000	0.0000	0.0000	0.0000	0.0000	0.0000	0.0000	0.0000	0.9968	0.0050	0.9918	0.0056	0.0050	0.0006	0.9912	0.0000	0.9912	0.0846	0.0742	0.0105	0.0062	0.0060	0.0003	0.0784	0.0682	0.0102	0.1552	0.0881	0.0670	0.0288	0.0264	0.0025	0.1263	0.0618	0.0646
12	14	0.1443	18	1	0	0	0	0	0	0	0	0	2	0	2	0	0	0	0	0	0	N	N	N	N	N	Y	N	N	N	N	N	N	N	N	N	N	N	N	0.0000	0.0000	0.0000	0.0000	0.0000	0.0000	0.0000	0.0000	0.0000	0.0000	0.0000	0.0000	0.0000	0.0000	0.0000	0.0000	0.0000	0.0000	0.0004	0.0007	0.0000	0.0020	0.0022	0.0000	0.0000	0.0000	0.0000		0.0000	0.0000	-0.0000	3.5195	1.0000	3.1401	2.0000	0.0000	0.0000	0.0000	0.0000	0.0000	0.0000	0.0000	0.0000	0.0000	0.0000	0.0000	0.0000	0.0000	0.0000	0.0000	0.0000	0.0000	0.0000	0.0434	0.0380	0.0054	0.0031	0.0030	0.0001	0.0402	0.0350	0.0052	0.0485	0.0280	0.0205	0.0099	0.0090	0.0009	0.0386	0.0190	0.0196
12	15	0.1339	13	2	0	1	0	0	0	0	0	0	1	0	1	0	0	0	0	0	0	Y	N	N	N	N	N	N	N	N	N	N	N	N	N	N	N	N	N	21927.2696	4804.1439	27600527.7821	2404.3285	2307.3137	0.0000	110504893.9646	91532230.8665	381084299.6942	7.7864	2.9796	42.0441	4.5980	4.8114	0.0000	8.0231	2.8304	43.1185	0.0004	0.0006	0.0000	0.0019	0.0021	0.0000	0.0000	0.0000	0.0000	1.9799	0.0018	0.6519	-0.0000	3.5195	5.0003	3.1401	7.0080	1.5033	0.5045	0.9988	0.0613	0.0613	0.0000	1.4420	0.4431	0.9988	0.0001	0.0001	0.0000	0.0001	0.0001	0.0000	0.0000	0.0000	0.0000	0.1931	0.1693	0.0238	0.0133	0.0128	0.0006	0.1797	0.1566	0.0232	0.1691	0.0967	0.0725	0.0314	0.0287	0.0027	0.1377	0.0679	0.0698
12	18	0.1454	13	2	0	1	0	0	0	0	0	0	1	0	1	0	0	0	0	0	0	Y	N	N	N	N	N	N	N	N	N	N	N	N	N	N	N	N	N	24.8342	17.0637	0.0000	76.4873	74.4333	0.0000	0.0000	0.0000	0.0000	0.0190	0.0217	0.0000	0.2636	0.2759	0.0000	0.0000	0.0000	0.0000	0.0008	0.0013	0.0000	0.0034	0.0037	0.0000	0.0000	0.0000	0.0000	0.0000	0.0002	-0.0002	-0.0000	3.5195	1.0021	3.1401	3.5076	0.0008	0.0008	0.0000	0.0008	0.0008	0.0000	0.0000	0.0000	0.0000	0.0001	0.0001	0.0000	0.0001	0.0001	0.0000	0.0000	0.0000	0.0000	0.0436	0.0382	0.0054	0.0031	0.0030	0.0001	0.0405	0.0352	0.0053	0.0807	0.0486	0.0321	0.0179	0.0167	0.0013	0.0628	0.0319	0.0309
12	20	0.1417	14	2	0	1	0	0	0	0	0	0	1	1	1	0	0	0	0	0	0	Y	N	N	N	N	N	N	N	N	N	N	N	N	N	N	N	N	N	0.0000	0.0000	0.0000	0.0000	0.0000	0.0000	0.0000	0.0000	0.0000	0.0000	0.0000	0.0000	0.0000	0.0000	0.0000	0.0000	0.0000	0.0000	0.0001	0.0001	0.0000	0.0002	0.0001	0.0008	0.0000	0.0000	0.0000		0.4483	0.0000	-0.0000	3.5195	2.0350	3.1401	3.4537	0.0000	0.0000	0.0000	0.0000	0.0000	0.0000	0.0000	0.0000	0.0000	0.0000	0.0000	0.0000	0.0000	0.0000	0.0000	0.0000	0.0000	0.0000	0.0910	0.0803	0.0107	0.0091	0.0088	0.0003	0.0819	0.0715	0.0104	0.1124	0.0737	0.0387	0.0329	0.0306	0.0023	0.0795	0.0431	0.0364
12	21	0.1181	13	2	0	1	0	1	0	1	0	0	1	0	1	0	0	0	0	0	0	Y	N	N	N	N	N	N	N	N	N	N	N	N	N	N	N	N	N	0.0000	0.0000	0.0000	0.0000	0.0000	0.0000	0.0000	0.0000	0.0000	0.0000	0.0000	0.0000	0.0000	0.0000	0.0000	0.0000	0.0000	0.0000	11.1975	0.0010	26.3441	0.0110	0.0026	0.1165	14.4650	0.0000	27.4155		20263.6662	0.0000	0.3718	3.5195	2.0002	3.1401	2.9143	0.0000	0.0000	0.0000	0.0000	0.0000	0.0000	0.0000	0.0000	0.0000	0.9763	0.0000	0.9763	0.0002	0.0000	0.0002	0.9761	0.0000	0.9761	0.0876	0.0768	0.0108	0.0062	0.0059	0.0003	0.0814	0.0709	0.0106	0.0872	0.0501	0.0371	0.0197	0.0183	0.0015	0.0675	0.0319	0.0356
12	22	0.1534	16	2	0	0	1	0	0	0	1	0	1	1	2	0	0	0	0	0	0	Y	N	N	N	N	Y	N	N	N	N	N	N	N	N	N	N	N	N	0.0899	0.0583	0.0000	0.0000	0.0000	0.0000	2491.3175	1494.1908	0.0000	0.0001	0.0001	0.0000	0.0000	0.0000	0.0000	0.0001	0.0001	0.0000	0.0008	0.0014	0.0000	0.0040	0.0045	0.0000	0.0000	0.0000	0.0000	0.0000	0.0000	-0.0000	-0.0000	3.5195	2.0010	3.1401	1.9996	0.0000	0.0000	0.0000	0.0000	0.0000	0.0000	0.0000	0.0000	0.0000	0.0001	0.0001	0.0000	0.0001	0.0001	0.0000	0.0000	0.0000	0.0000	0.0853	0.0748	0.0105	0.0075	0.0071	0.0004	0.0778	0.0677	0.0101	0.0640	0.0364	0.0276	0.0125	0.0112	0.0013	0.0515	0.0252	0.0263
12	23	0.1023	8	2	0	1	0	0	0	0	0	0	1	0	1	0	0	0	0	0	0	Y	N	N	N	N	N	N	N	N	N	N	N	N	N	N	N	N	N	0.0000	0.0000	0.0000	0.0000	0.0000	0.0000	0.0000	0.0000	0.0000	0.0000	0.0000	0.0000	0.0000	0.0000	0.0000	0.0000	0.0000	0.0000	0.0617	0.0967	0.0000	0.0171	0.0219	0.0000	0.0990	0.1911	0.0000		0.0000	0.0000	-0.0024	3.5195	1.9752	3.1401	0.4846	0.0000	0.0000	0.0000	0.0000	0.0000	0.0000	0.0000	0.0000	0.0000	0.0040	0.0040	0.0000	0.0005	0.0005	0.0000	0.0034	0.0034	0.0000	0.0903	0.0793	0.0110	0.0071	0.0068	0.0002	0.0832	0.0725	0.0107	0.0640	0.0408	0.0232	0.0292	0.0228	0.0064	0.0348	0.0181	0.0168
12	24	0.1271	10	2	0	1	0	0	0	0	0	0	1	0	1	0	0	0	0	0	0	Y	N	N	N	N	N	N	N	N	N	N	N	N	N	N	N	N	N	0.0030	0.0092	0.0000	0.0202	0.0370	0.0000	0.0000	0.0000	0.0000	0.0000	0.0000	0.0000	0.0001	0.0001	0.0000	0.0000	0.0000	0.0000	0.0025	0.0009	0.0053	0.0038	0.0022	0.0279	0.0020	0.0000	0.0041	0.0000	3.2845	-0.0000	0.0001	3.5195	3.0190	3.1401	4.8890	0.0000	0.0000	0.0000	0.0000	0.0000	0.0000	0.0000	0.0000	0.0000	0.0004	0.0001	0.0003	0.0002	0.0001	0.0001	0.0002	0.0000	0.0002	0.1334	0.1173	0.0161	0.0130	0.0125	0.0005	0.1204	0.1049	0.0156	0.1726	0.1098	0.0628	0.0504	0.0472	0.0032	0.1222	0.0626	0.0596
12	25	0.1340	13	2	0	1	0	0	0	1	0	0	1	1	1	0	0	0	0	0	0	Y	N	N	N	N	N	N	N	N	N	N	N	N	N	N	N	N	N	0.0000	0.0000	0.0000	0.0000	0.0000	0.0000	0.0000	0.0000	0.0000	0.0000	0.0000	0.0000	0.0000	0.0000	0.0000	0.0000	0.0000	0.0000	0.0002	0.0003	0.0000	0.0008	0.0009	0.0000	0.0000	0.0000	0.0000		0.0244	0.0000	-0.0000	3.5195	1.0000	3.1401	3.0001	0.0000	0.0000	0.0000	0.0000	0.0000	0.0000	0.0000	0.0000	0.0000	0.0000	0.0000	0.0000	0.0000	0.0000	0.0000	0.0000	0.0000	0.0000	0.0426	0.0373	0.0053	0.0031	0.0030	0.0001	0.0394	0.0343	0.0051	0.0639	0.0362	0.0277	0.0118	0.0108	0.0010	0.0521	0.0254	0.0267
12	26	0.1023	8	2	0	1	0	0	0	0	0	0	1	0	1	0	0	0	0	0	0	Y	N	N	N	N	N	N	N	N	N	N	N	N	N	N	N	N	N	0.0000	0.0000	0.0000	0.0000	0.0000	0.0000	0.0000	0.0000	0.0000	0.0000	0.0000	0.0000	0.0000	0.0000	0.0000	0.0000	0.0000	0.0000	0.0541	0.0866	0.0000	0.1299	0.1636	0.0000	0.0033	0.0065	0.0000		0.0000	0.0000	-0.0027	3.5195	1.9514	3.1401	1.5308	0.0000	0.0000	0.0000	0.0000	0.0000	0.0000	0.0000	0.0000	0.0000	0.0043	0.0043	0.0000	0.0042	0.0042	0.0000	0.0002	0.0002	0.0000	0.0892	0.0784	0.0108	0.0070	0.0068	0.0002	0.0822	0.0716	0.0106	0.0802	0.0500	0.0301	0.0321	0.0255	0.0066	0.0481	0.0245	0.0235
12	27	0.1017	7	2	0	1	0	1	0	1	0	0	1	0	1	0	0	0	0	0	0	Y	N	N	N	N	N	N	N	N	N	N	N	N	N	N	N	N	N	0.0000	0.0000	0.0002	0.0000	0.0000	0.0123	0.0000	0.0000	0.0000	0.0000	0.0000	0.0000	0.0000	0.0000	0.0001	0.0000	0.0000	0.0000	0.1215	0.1687	0.0118	0.0962	0.1244	0.0114	0.1774	0.2949	0.0123	inf	0.0300	0.0000	-0.0025	3.5195	0.0905	3.1401	0.5221	0.0000	0.0000	0.0000	0.0000	0.0000	0.0000	0.0000	0.0000	0.0000	0.0042	0.0041	0.0001	0.0023	0.0022	0.0001	0.0019	0.0019	0.0001	0.0052	0.0046	0.0006	0.0008	0.0008	0.0000	0.0044	0.0038	0.0006	0.0346	0.0242	0.0104	0.0238	0.0179	0.0059	0.0108	0.0063	0.0045
12	28	0.0925	7	2	0	1	0	1	0	1	0	1	1	1	1	0	0	0	0	0	0	Y	N	N	N	N	N	N	N	N	N	N	N	N	N	N	N	N	N	0.2551	0.3271	0.0000	1.0841	1.1012	0.0090	0.0000	0.0048	0.0000	0.0495	0.0564	0.0000	0.6374	0.6678	0.0001	0.0000	0.0000	0.0000	0.1940	0.1724	0.2225	0.5879	0.6064	0.0081	0.1151	0.0000	0.2251	0.0000	0.9777	-0.0026	-0.0062	3.5195	5.0808	3.1401	12.0223	0.0111	0.0111	0.0000	0.0111	0.0111	0.0000	0.0000	0.0000	0.0000	0.0493	0.0249	0.0244	0.0249	0.0249	0.0000	0.0244	0.0000	0.0244	0.2241	0.1967	0.0274	0.0174	0.0166	0.0008	0.2067	0.1801	0.0266	0.2541	0.1446	0.1095	0.0424	0.0411	0.0013	0.2117	0.1035	0.1082
12	30	0.1308	11	2	1	1	0	0	1	1	0	0	1	0	1	0	0	0	0	0	0	Y	N	N	N	N	N	N	N	N	N	N	N	N	N	N	N	N	N	0.0000	0.0000	0.0000	0.0000	0.0000	0.0000	0.0000	0.0000	0.0000	0.0000	0.0000	0.0000	0.0000	0.0000	0.0000	0.0000	0.0000	0.0000	0.0001	0.0001	0.0000	0.0003	0.0004	0.0000	0.0000	0.0000	0.0000		0.0000	0.0000	-0.0000	3.5195	3.0000	3.1401	7.0000	0.0000	0.0000	0.0000	0.0000	0.0000	0.0000	0.0000	0.0000	0.0000	0.0000	0.0000	0.0000	0.0000	0.0000	0.0000	0.0000	0.0000	0.0000	0.1270	0.1113	0.0157	0.0091	0.0087	0.0004	0.1179	0.1026	0.0153	0.1553	0.0882	0.0671	0.0288	0.0264	0.0025	0.1265	0.0619	0.0646
12	31	0.0992	8	1	0	1	0	0	0	1	0	0	2	0	2	0	0	0	0	0	0	N	N	N	N	N	Y	N	N	N	N	N	N	N	N	N	N	N	N	1.2714	0.8830	0.0000	0.4830	0.5140	0.0000	inf	inf	0.0000	0.0008	0.0009	0.0000	0.0015	0.0016	0.0000	0.0000	0.0001	0.0000	0.0006	0.0010	0.0000	0.0031	0.0032	0.0000	0.0000	0.0000	0.0000	0.0000	0.0001	-0.0000	-0.0000	3.5195	0.0057	3.1401	1.0792	0.0000	0.0000	0.0000	0.0000	0.0000	0.0000	0.0000	0.0000	0.0000	0.0000	0.0000	0.0000	0.0000	0.0000	0.0000	0.0000	0.0000	0.0000	0.0009	0.0008	0.0001	0.0005	0.0004	0.0000	0.0005	0.0004	0.0001	0.0197	0.0120	0.0078	0.0040	0.0039	0.0001	0.0158	0.0081	0.0077
12	32	0.1105	13	2	0	1	0	0	0	0	0	0	1	0	1	0	0	0	0	0	0	Y	N	N	N	N	N	N	N	N	N	N	N	N	N	N	N	N	N	0.1231	0.0811	0.0000	0.3892	0.3771	0.0000	0.0000	0.0000	0.0000	0.0000	0.0000	0.0000	0.0005	0.0006	0.0000	0.0000	0.0000	0.0000	0.0003	0.0005	0.0000	0.0014	0.0015	0.0001	0.0000	0.0000	0.0000	0.0000	0.0061	-0.0000	-0.0000	3.5195	7.0011	3.1401	9.2473	0.0000	0.0000	0.0000	0.0000	0.0000	0.0000	0.0000	0.0000	0.0000	0.0001	0.0001	0.0000	0.0001	0.0001	0.0000	0.0000	0.0000	0.0000	0.2958	0.2594	0.0364	0.0188	0.0180	0.0008	0.2770	0.2414	0.0356	0.2560	0.1470	0.1090	0.0514	0.0475	0.0039	0.2045	0.0995	0.1051
12	33	0.1475	17	2	0	1	0	0	0	0	0	0	1	1	1	0	0	0	0	0	0	Y	N	N	N	N	N	N	N	N	N	N	N	N	N	N	N	N	N	0.0000	0.0000	0.0000	0.0000	0.0000	0.0000	0.0000	0.0000	0.0000	0.0000	0.0000	0.0000	0.0000	0.0000	0.0000	0.0000	0.0000	0.0000	0.3210	0.0000	0.7697	0.0006	0.0000	0.0068	0.4124	0.0000	0.8066		256992.7426	0.0000	0.0093	3.5195	4.0088	3.1401	1.0030	0.0000	0.0000	0.0000	0.0000	0.0000	0.0000	0.0000	0.0000	0.0000	0.0244	0.0000	0.0244	0.0000	0.0000	0.0000	0.0244	0.0000	0.0244	0.1720	0.1509	0.0211	0.0140	0.0134	0.0007	0.1580	0.1376	0.0204	0.0759	0.0442	0.0317	0.0168	0.0154	0.0015	0.0591	0.0289	0.0302
12	35	0.0951	7	2	0	1	0	1	0	1	0	1	1	1	1	0	0	0	0	0	0	Y	N	N	N	N	N	N	N	N	N	N	N	N	N	N	N	N	N	5.7472	3.5300	81.5290	15.7274	15.2707	0.0255	65.0615	0.0000	257.0837	0.0021	0.0023	0.0013	0.0330	0.0344	0.0000	0.0002	0.0000	0.0013	0.0004	0.0006	0.0000	0.0021	0.0023	0.0003	0.0000	0.0000	0.0000	0.0771	0.0180	-0.0001	-0.0001	3.5195	10.0151	3.1401	7.9868	0.0009	0.0008	0.0001	0.0008	0.0008	0.0000	0.0001	0.0000	0.0001	0.0001	0.0001	0.0000	0.0001	0.0001	0.0000	0.0000	0.0000	0.0000	0.4159	0.3648	0.0511	0.0251	0.0241	0.0010	0.3907	0.3407	0.0501	0.2718	0.1549	0.1169	0.0482	0.0443	0.0038	0.2236	0.1106	0.1130
12	36	0.1569	10	2	0	0	0	0	0	0	0	0	2	0	2	0	0	0	0	0	0	Y	N	N	N	N	Y	N	N	N	N	N	N	N	N	N	N	N	N	0.3189	inf	0.0000	0.5200	inf	0.0000	0.0000	0.0000	0.0000	0.0000	0.0000	0.0000	0.0002	0.0002	0.0000	0.0000	0.0000	0.0000	0.0001	0.0000	0.0002	0.0004	0.0000	0.0080	0.0000	0.0000	0.0000	0.0000	inf	-0.0000	0.0000	3.5195	11.0150	3.1401	4.0316	0.0000	0.0000	0.0000	0.0000	0.0000	0.0000	0.0000	0.0000	0.0000	0.0000	0.0000	0.0000	0.0000	0.0000	0.0000	0.0000	0.0000	0.0000	0.4383	0.3868	0.0515	0.0534	0.0509	0.0024	0.3850	0.3359	0.0491	0.2170	0.1232	0.0938	0.0350	0.0334	0.0016	0.1820	0.0897	0.0922
12	37	0.1214	7	2	0	1	0	0	0	1	0	0	1	0	1	0	0	0	0	0	0	Y	N	N	N	N	N	N	N	N	N	N	N	N	N	N	N	N	N	0.0425	0.0418	0.0000	0.0586	0.0582	0.0000	0.0000	0.0000	0.0000	0.0033	0.0037	0.0000	0.0097	0.0098	0.0000	0.0000	0.0000	0.0000	0.0776	0.0875	0.0606	0.1656	0.1680	0.0851	0.0325	0.0002	0.0599	0.0000	0.4019	-0.0000	-0.0021	3.5195	0.0015	3.1401	2.6503	0.0000	0.0000	0.0000	0.0000	0.0000	0.0000	0.0000	0.0000	0.0000	0.0064	0.0046	0.0018	0.0046	0.0046	0.0001	0.0018	0.0000	0.0018	0.0002	0.0001	0.0000	0.0001	0.0001	0.0000	0.0001	0.0001	0.0000	0.0826	0.0523	0.0303	0.0280	0.0272	0.0008	0.0546	0.0251	0.0295
12	38	0.1490	15	2	0	0	1	0	0	0	1	0	2	1	2	0	0	0	0	0	0	Y	N	N	N	N	Y	N	N	N	N	N	N	N	N	N	N	N	N	0.0000	0.0000	0.0000	0.0000	0.0000	0.0000	0.0000	0.0000	0.0000	0.0000	0.0000	0.0000	0.0000	0.0000	0.0000	0.0000	0.0000	0.0000	0.0036	0.0061	0.0002	0.0176	0.0192	0.0020	0.0000	0.0000	0.0001	0.0000	0.0195	-0.0000	-0.0001	3.5195	3.1237	3.1401	0.5096	0.0000	0.0000	0.0000	0.0000	0.0000	0.0000	0.0000	0.0000	0.0000	0.0002	0.0002	0.0000	0.0002	0.0002	0.0000	0.0000	0.0000	0.0000	0.2130	0.1915	0.0215	0.0521	0.0513	0.0008	0.1609	0.1402	0.0207	0.0567	0.0325	0.0242	0.0114	0.0103	0.0010	0.0453	0.0222	0.0231
12	39	0.1055	9	2	0	1	0	1	0	1	0	0	1	0	1	0	0	0	0	0	0	Y	N	N	N	N	N	N	N	N	N	N	N	N	N	N	N	N	N	65165.2574	83581.8743	0.0000	6295.5512	12378.7525	0.0000	100190250.2350	inf	0.0000	6.9070	7.8777	0.0000	3.8552	4.0725	0.0000	7.1511	8.2084	0.0000	0.0001	0.0001	0.0001	0.0006	0.0003	0.0060	0.0000	0.0000	0.0000	0.0000	0.9608	-0.3472	-0.0000	3.5195	5.0102	3.1401	6.9613	1.5042	1.5042	0.0000	0.0622	0.0622	0.0000	1.4421	1.4421	0.0000	0.0000	0.0000	0.0000	0.0000	0.0000	0.0000	0.0000	0.0000	0.0000	0.2178	0.1909	0.0268	0.0161	0.0153	0.0009	0.2017	0.1757	0.0260	0.1847	0.1059	0.0788	0.0319	0.0303	0.0016	0.1527	0.0756	0.0771
12	43	0.1388	15	2	0	0	1	0	0	0	1	0	2	1	2	0	0	0	0	0	0	Y	N	N	N	N	Y	N	N	N	N	N	N	N	N	N	N	N	N	inf	inf	0.0000	inf	inf	0.0000	inf	inf	0.0000	3.3891	3.8420	0.0000	3.2063	3.2932	0.0000	3.4161	3.9327	0.0000	0.0000	0.0000	0.0000	0.0000	0.0000	0.0000	0.0000	0.0000	0.0000	0.0000		-0.1164	0.0000	3.5195	2.9999	3.1401	0.9999	0.5045	0.5045	0.0000	0.0613	0.0613	0.0000	0.4431	0.4431	0.0000	0.0000	0.0000	0.0000	0.0000	0.0000	0.0000	0.0000	0.0000	0.0000	0.1488	0.1313	0.0175	0.0191	0.0186	0.0005	0.1297	0.1127	0.0170	0.0578	0.0307	0.0271	0.0092	0.0081	0.0011	0.0486	0.0226	0.0260
12	44	0.1340	14	2	0	0	0	0	0	0	0	0	1	1	1	0	0	0	0	0	0	Y	N	N	N	N	N	N	N	N	N	N	N	N	N	N	N	N	N	1.0022	0.6974	0.0000	6.6307	6.4458	0.0000	0.8118	0.4913	0.0000	0.0007	0.0008	0.0000	0.0012	0.0012	0.0000	0.0007	0.0008	0.0000	0.0007	0.0012	0.0001	0.0002	0.0002	0.0000	0.0008	0.0016	0.0001	0.0000	0.0761	-0.0000	-0.0000	3.5195	1.0020	3.1401	0.0022	0.0000	0.0000	0.0000	0.0000	0.0000	0.0000	0.0000	0.0000	0.0000	0.0000	0.0000	0.0000	0.0000	0.0000	0.0000	0.0000	0.0000	0.0000	0.0429	0.0376	0.0053	0.0031	0.0030	0.0001	0.0398	0.0346	0.0052	0.0163	0.0092	0.0070	0.0030	0.0027	0.0003	0.0133	0.0065	0.0068
12	45	0.1340	14	2	0	0	0	0	0	0	0	0	1	1	2	0	0	0	0	0	0	Y	N	N	N	N	Y	N	N	N	N	N	N	N	N	N	N	N	N	0.0000	0.0000	0.0000	0.0000	0.0000	0.0000	0.0000	0.0000	0.0000	0.0000	0.0000	0.0000	0.0000	0.0000	0.0000	0.0000	0.0000	0.0000	0.0000	0.0000	0.0000	0.0000	0.0000	0.0000	0.0000	0.0000	0.0000			0.0000	0.0000	3.5195	4.0000	3.1401	1.0000	0.0000	0.0000	0.0000	0.0000	0.0000	0.0000	0.0000	0.0000	0.0000	0.0000	0.0000	0.0000	0.0000	0.0000	0.0000	0.0000	0.0000	0.0000	0.1681	0.1474	0.0207	0.0123	0.0117	0.0005	0.1559	0.1357	0.0202	0.0794	0.0450	0.0344	0.0147	0.0135	0.0013	0.0647	0.0316	0.0331
12	46	0.1214	7	2	0	0	0	0	0	0	0	0	2	0	2	0	0	0	0	0	0	Y	N	N	N	N	Y	N	N	N	N	N	N	N	N	N	N	N	N	389.3266	inf	0.0000	599.1262	inf	0.0000	0.0000	0.0000	0.0000	0.0042	0.0046	0.0000	0.0102	0.0103	0.0000	0.0000	0.0000	0.0000	0.0000	0.0000	0.0000	0.0000	0.0000	0.0006	0.0000	0.0000	0.0000	0.0000	inf	-0.0000	0.0000	3.5195	0.0007	3.1401	1.0103	0.0000	0.0000	0.0000	0.0000	0.0000	0.0000	0.0000	0.0000	0.0000	0.0000	0.0000	0.0000	0.0000	0.0000	0.0000	0.0000	0.0000	0.0000	0.0001	0.0001	0.0000	0.0001	0.0001	0.0000	0.0001	0.0001	0.0000	0.0577	0.0382	0.0195	0.0241	0.0235	0.0007	0.0336	0.0147	0.0189
12	47	0.0864	6	2	0	0	0	1	0	0	0	0	1	0	1	0	0	0	0	0	0	Y	N	N	N	N	N	N	N	N	N	N	N	N	N	N	N	N	N	0.2611	0.2467	0.0000	1.0070	1.0296	0.0000	0.0000	0.0004	0.0000	0.0375	0.0426	0.0000	0.4792	0.4960	0.0000	0.0000	0.0000	0.0000	0.1435	0.1725	0.1045	0.4759	0.4817	0.1647	0.0568	0.0032	0.1039	0.0000	0.4492	-0.0026	-0.0087	3.5195	6.8097	3.1401	3.8431	0.0114	0.0114	0.0000	0.0114	0.0114	0.0000	0.0000	0.0000	0.0000	0.0280	0.0193	0.0087	0.0192	0.0191	0.0001	0.0088	0.0002	0.0086	0.3050	0.2686	0.0365	0.0238	0.0230	0.0008	0.2812	0.2455	0.0357	0.1952	0.1121	0.0831	0.0404	0.0396	0.0007	0.1548	0.0724	0.0824
12	48	0.1569	10	2	0	1	0	0	0	1	0	0	1	0	1	0	0	0	0	0	0	Y	N	N	N	N	N	N	N	N	N	N	N	N	N	N	N	N	N	0.0000	0.0000	0.0000	0.0000	0.0000	0.0000	0.0000	0.0000	0.0000	0.0000	0.0000	0.0000	0.0000	0.0000	0.0000	0.0000	0.0000	0.0000	0.0000	0.0000	0.0000	0.0000	0.0000	0.0000	0.0000	0.0000	0.0000			0.0000	0.0000	3.5195	0.0000	3.1401	0.0001	0.0000	0.0000	0.0000	0.0000	0.0000	0.0000	0.0000	0.0000	0.0000	0.0000	0.0000	0.0000	0.0000	0.0000	0.0000	0.0000	0.0000	0.0000	0.0000	0.0000	0.0000	0.0000	0.0000	0.0000	0.0000	0.0000	0.0000	0.0016	0.0012	0.0004	0.0008	0.0008	0.0000	0.0008	0.0004	0.0004
12	49	0.1473	9	2	0	0	0	0	0	0	0	0	1	0	1	0	0	0	0	0	0	Y	N	N	N	N	N	N	N	N	N	N	N	N	N	N	N	N	N	0.2555	0.0140	2.3771	0.0205	0.0205	0.0351	1.2625	0.0000	4.0653	0.0001	0.0000	0.0009	0.0000	0.0000	0.0003	0.0001	0.0000	0.0009	0.0004	0.0005	0.0004	0.0014	0.0012	0.0081	0.0001	0.0000	0.0002	18.3383	0.4646	0.0000	-0.0000	3.5195	1.6285	3.1401	1.0381	0.0000	0.0000	0.0000	0.0000	0.0000	0.0000	0.0000	0.0000	0.0000	0.0000	0.0000	0.0000	0.0000	0.0000	0.0000	0.0000	0.0000	0.0000	0.0981	0.0867	0.0114	0.0219	0.0215	0.0003	0.0763	0.0652	0.0111	0.0542	0.0346	0.0196	0.0130	0.0126	0.0004	0.0412	0.0219	0.0193
12	50	0.1566	17	2	0	1	1	0	0	0	1	0	1	1	2	0	0	0	0	0	0	Y	N	N	N	N	Y	N	N	N	N	N	N	N	N	N	N	N	N	0.0000	0.0000	0.0000	0.0000	0.0000	0.0000	0.0000	0.0000	0.0000	0.0000	0.0000	0.0000	0.0000	0.0000	0.0000	0.0000	0.0000	0.0000	0.0006	0.0011	0.0000	0.0031	0.0034	0.0000	0.0000	0.0000	0.0000		0.0016	0.0000	-0.0000	3.5195	0.0001	3.1401	0.9998	0.0000	0.0000	0.0000	0.0000	0.0000	0.0000	0.0000	0.0000	0.0000	0.0000	0.0000	0.0000	0.0000	0.0000	0.0000	0.0000	0.0000	0.0000	0.0000	0.0000	0.0000	0.0000	0.0000	0.0000	0.0000	0.0000	0.0000	0.0164	0.0093	0.0070	0.0032	0.0029	0.0003	0.0131	0.0064	0.0067
12	51	0.1566	17	2	0	1	0	0	0	0	0	0	1	1	2	0	0	0	0	0	0	Y	N	N	N	N	Y	N	N	N	N	N	N	N	N	N	N	N	N	0.0000	0.0000	0.0000	0.0000	0.0000	0.0000	0.0000	0.0000	0.0000	0.0000	0.0000	0.0000	0.0000	0.0000	0.0000	0.0000	0.0000	0.0000	0.0006	0.0011	0.0000	0.0031	0.0034	0.0001	0.0000	0.0000	0.0000		0.0019	0.0000	-0.0000	3.5195	0.0001	3.1401	1.0003	0.0000	0.0000	0.0000	0.0000	0.0000	0.0000	0.0000	0.0000	0.0000	0.0000	0.0000	0.0000	0.0000	0.0000	0.0000	0.0000	0.0000	0.0000	0.0000	0.0000	0.0000	0.0000	0.0000	0.0000	0.0000	0.0000	0.0000	0.0164	0.0093	0.0070	0.0032	0.0029	0.0003	0.0131	0.0064	0.0067
12	52	0.1534	16	2	0	1	0	0	0	1	0	0	1	1	2	0	0	0	0	0	0	Y	N	N	N	N	Y	N	N	N	N	N	N	N	N	N	N	N	N	7.6527	5.3200	0.0000	0.0000	0.0000	0.0000	1263.9519	inf	0.0000	0.0001	0.0002	0.0000	0.0000	0.0000	0.0000	0.0002	0.0002	0.0000	0.0000	0.0000	0.0000	0.0001	0.0001	0.0001	0.0000	0.0000	0.0000	0.0000	0.0720	-0.0000	-0.0000	3.5195	1.0000	3.1401	0.0042	0.0000	0.0000	0.0000	0.0000	0.0000	0.0000	0.0000	0.0000	0.0000	0.0000	0.0000	0.0000	0.0000	0.0000	0.0000	0.0000	0.0000	0.0000	0.0429	0.0376	0.0053	0.0038	0.0036	0.0002	0.0391	0.0340	0.0051	0.0163	0.0093	0.0070	0.0032	0.0029	0.0003	0.0131	0.0064	0.0067
12	53	0.1503	15	2	0	0	0	0	0	0	0	0	1	1	2	0	0	0	0	0	0	Y	N	N	N	N	Y	N	N	N	N	N	N	N	N	N	N	N	N	149.8102	93.3777	2784.1103	0.0022	0.0015	0.9076	15426.8674	285311.4357	3141.6074	0.2657	0.2881	0.1071	0.0000	0.0000	0.0001	0.2926	0.3195	0.1126	0.0018	0.0031	0.0000	0.0088	0.0097	0.0001	0.0000	0.0000	0.0000	0.0525	0.0094	-0.0021	-0.0000	3.5195	0.9921	3.1401	0.0076	0.0114	0.0108	0.0006	0.0000	0.0000	0.0000	0.0114	0.0108	0.0006	0.0000	0.0000	0.0000	0.0000	0.0000	0.0000	0.0000	0.0000	0.0000	0.0429	0.0376	0.0053	0.0039	0.0037	0.0003	0.0390	0.0339	0.0051	0.0165	0.0094	0.0071	0.0033	0.0030	0.0003	0.0132	0.0064	0.0068
12	54	0.1549	13	2	0	1	0	0	0	0	0	0	1	1	1	0	0	0	0	0	0	Y	N	N	N	N	N	N	N	N	N	N	N	N	N	N	N	N	N	0.0000	0.0000	0.0000	0.0000	0.0000	0.0000	0.0000	0.0000	0.0000	0.0000	0.0000	0.0000	0.0000	0.0000	0.0000	0.0000	0.0000	0.0000	0.0000	0.0000	0.0000	0.0000	0.0000	0.0000	0.0000	0.0000	0.0000			0.0000	0.0000	3.5195	0.0000	3.1401	0.0000	0.0000	0.0000	0.0000	0.0000	0.0000	0.0000	0.0000	0.0000	0.0000	0.0000	0.0000	0.0000	0.0000	0.0000	0.0000	0.0000	0.0000	0.0000	0.0000	0.0000	0.0000	0.0000	0.0000	0.0000	0.0000	0.0000	0.0000	0.0000	0.0000	0.0000	0.0000	0.0000	0.0000	0.0000	0.0000	0.0000
12	58	0.1454	13	2	0	1	0	0	0	0	0	0	2	0	2	0	0	0	0	0	0	Y	N	N	N	N	Y	N	N	N	N	N	N	N	N	N	N	N	N	99.1298	0.0000	294.2015	378.0307	0.0000	484.2355	0.0000	0.0000	0.0000	0.0002	0.0000	0.0020	0.0034	0.0000	0.0760	0.0000	0.0000	0.0000	0.0000	0.0000	0.0000	0.0000	0.0000	0.0002	0.0000	0.0000	0.0000	inf	inf	0.0000	0.0000	3.5195	1.0033	3.1401	1.0015	0.0000	0.0000	0.0000	0.0000	0.0000	0.0000	0.0000	0.0000	0.0000	0.0000	0.0000	0.0000	0.0000	0.0000	0.0000	0.0000	0.0000	0.0000	0.0437	0.0383	0.0054	0.0031	0.0030	0.0001	0.0405	0.0352	0.0053	0.0413	0.0261	0.0151	0.0106	0.0100	0.0006	0.0307	0.0162	0.0145
12	59	0.1307	12	2	0	1	0	0	0	0	0	0	1	0	1	0	0	0	0	0	0	Y	N	N	N	N	N	N	N	N	N	N	N	N	N	N	N	N	N	0.0121	0.0126	0.0003	8.9938	8.6510	5.2699	0.0000	0.0000	0.0000	0.0000	0.0000	0.0000	0.0001	0.0001	0.0000	0.0000	0.0000	0.0000	0.0004	0.0005	0.0004	0.0000	0.0000	0.0000	0.0005	0.0007	0.0004	0.0028	0.5975	-0.0000	-0.0000	3.5195	2.9984	3.1401	1.5227	0.0000	0.0000	0.0000	0.0000	0.0000	0.0000	0.0000	0.0000	0.0000	0.0000	0.0000	0.0000	0.0000	0.0000	0.0000	0.0000	0.0000	0.0000	0.1294	0.1134	0.0160	0.0087	0.0083	0.0004	0.1207	0.1051	0.0156	0.0727	0.0415	0.0313	0.0134	0.0122	0.0011	0.0594	0.0292	0.0301
12	60	0.1340	14	2	0	0	0	0	0	0	0	0	1	1	2	0	0	0	0	0	0	Y	N	N	N	N	Y	N	N	N	N	N	N	N	N	N	N	N	N	0.0000	0.0000	0.0000	0.0000	0.0000	0.0000	0.0000	0.0000	0.0000	0.0000	0.0000	0.0000	0.0000	0.0000	0.0000	0.0000	0.0000	0.0000	7.0777	12.4617	0.0000	0.0269	0.0294	0.0000	8.6870	17.7719	0.0000		0.0000	0.0000	-0.6141	3.5195	2.0000	3.1401	7.0000	0.0000	0.0000	0.0000	0.0000	0.0000	0.0000	0.0000	0.0000	0.0000	0.9919	0.9919	0.0000	0.0007	0.0007	0.0000	0.9912	0.9912	0.0000	0.0850	0.0745	0.0105	0.0062	0.0059	0.0003	0.0789	0.0686	0.0102	0.1401	0.0796	0.0605	0.0260	0.0238	0.0022	0.1141	0.0558	0.0583
12	61	0.1340	13	2	0	0	0	0	0	0	0	0	2	1	2	0	0	0	0	0	0	Y	N	N	N	N	Y	N	N	N	N	N	N	N	N	N	N	N	N	0.0000	0.0000	0.0000	0.0000	0.0000	0.0000	0.0000	0.0000	0.0000	0.0000	0.0000	0.0000	0.0000	0.0000	0.0000	0.0000	0.0000	0.0000	0.0000	0.0000	0.0000	0.0000	0.0000	0.0000	0.0000	0.0000	0.0000			0.0000	0.0000	3.5195	0.0000	3.1401	0.0000	0.0000	0.0000	0.0000	0.0000	0.0000	0.0000	0.0000	0.0000	0.0000	0.0000	0.0000	0.0000	0.0000	0.0000	0.0000	0.0000	0.0000	0.0000	0.0000	0.0000	0.0000	0.0000	0.0000	0.0000	0.0000	0.0000	0.0000	0.0000	0.0000	0.0000	0.0000	0.0000	0.0000	0.0000	0.0000	0.0000
12	62	0.1417	14	2	0	1	0	0	0	0	0	0	1	1	1	0	0	0	0	0	0	Y	N	N	N	N	N	N	N	N	N	N	N	N	N	N	N	N	N	0.0000	0.0000	0.0000	0.0000	0.0000	0.0000	0.0000	0.0000	0.0000	0.0000	0.0000	0.0000	0.0000	0.0000	0.0000	0.0000	0.0000	0.0000	0.0005	0.0008	0.0000	0.0017	0.0018	0.0001	0.0000	0.0000	0.0000		0.0055	0.0000	-0.0000	3.5195	0.9672	3.1401	2.9870	0.0000	0.0000	0.0000	0.0000	0.0000	0.0000	0.0000	0.0000	0.0000	0.0000	0.0000	0.0000	0.0000	0.0000	0.0000	0.0000	0.0000	0.0000	0.0458	0.0407	0.0051	0.0055	0.0053	0.0001	0.0403	0.0353	0.0050	0.0895	0.0606	0.0289	0.0279	0.0262	0.0017	0.0616	0.0344	0.0272
12	63	0.1105	13	2	0	1	0	0	0	0	0	1	1	1	1	0	0	0	0	0	0	Y	N	N	N	N	N	N	N	N	N	N	N	N	N	N	N	N	N	0.0000	0.0000	0.0000	0.0000	0.0000	0.0000	0.0000	0.0000	0.0000	0.0000	0.0000	0.0000	0.0000	0.0000	0.0000	0.0000	0.0000	0.0000	0.0002	0.0004	0.0000	0.0011	0.0012	0.0002	0.0000	0.0000	0.0000		0.0131	-0.0000	-0.0000	3.5195	2.0363	3.1401	7.8590	0.0000	0.0000	0.0000	0.0000	0.0000	0.0000	0.0000	0.0000	0.0000	0.0000	0.0000	0.0000	0.0000	0.0000	0.0000	0.0000	0.0000	0.0000	0.0888	0.0778	0.0110	0.0057	0.0054	0.0002	0.0831	0.0723	0.0108	0.1640	0.0941	0.0700	0.0339	0.0314	0.0025	0.1302	0.0627	0.0675
12	64	0.1047	12	2	0	1	0	0	0	0	0	0	1	0	1	0	0	0	0	0	0	Y	N	N	N	N	N	N	N	N	N	N	N	N	N	N	N	N	N	0.0000	0.0000	0.0000	0.0000	0.0000	0.0000	0.0000	0.0000	0.0000	0.0000	0.0000	0.0000	0.0000	0.0000	0.0000	0.0000	0.0000	0.0000	0.0000	0.0000	0.0000	0.0001	0.0001	0.0001	0.0000	0.0000	0.0000		0.0525	-0.0000	-0.0000	3.5195	0.0049	3.1401	1.8223	0.0000	0.0000	0.0000	0.0000	0.0000	0.0000	0.0000	0.0000	0.0000	0.0000	0.0000	0.0000	0.0000	0.0000	0.0000	0.0000	0.0000	0.0000	0.0002	0.0002	0.0000	0.0000	0.0000	0.0000	0.0002	0.0002	0.0000	0.0301	0.0172	0.0129	0.0057	0.0052	0.0005	0.0243	0.0119	0.0124
12	65	0.1339	13	2	0	1	0	0	0	0	0	0	1	0	1	0	0	0	0	0	0	Y	N	N	N	N	N	N	N	N	N	N	N	N	N	N	N	N	N	22.3814	14.7979	0.0000	59.9671	58.1635	0.0000	70.2483	inf	0.0000	0.0024	0.0027	0.0000	0.0339	0.0355	0.0000	0.0000	0.0000	0.0000	0.0001	0.0002	0.0000	0.0006	0.0006	0.0001	0.0000	0.0000	0.0000	0.0000	0.0143	-0.0000	-0.0000	3.5195	2.0010	3.1401	3.9928	0.0002	0.0002	0.0000	0.0002	0.0002	0.0000	0.0000	0.0000	0.0000	0.0000	0.0000	0.0000	0.0000	0.0000	0.0000	0.0000	0.0000	0.0000	0.0869	0.0761	0.0107	0.0060	0.0057	0.0003	0.0809	0.0704	0.0105	0.0960	0.0548	0.0411	0.0178	0.0163	0.0015	0.0781	0.0385	0.0396
12	66	0.1307	12	2	0	1	0	0	0	0	0	0	1	0	1	0	0	0	0	0	0	Y	N	N	N	N	N	N	N	N	N	N	N	N	N	N	N	N	N	461.7915	22.2539	inf	11.3971	10.9243	0.0000	inf	inf	inf	0.0047	0.0004	0.0351	0.0006	0.0007	0.0000	0.0050	0.0004	0.0359	0.0000	0.0000	0.0000	0.0001	0.0001	0.0000	0.0000	0.0000	0.0000	12.5418	0.0030	0.0001	-0.0000	3.5195	1.0002	3.1401	0.0173	0.0002	0.0000	0.0002	0.0000	0.0000	0.0000	0.0002	0.0000	0.0002	0.0000	0.0000	0.0000	0.0000	0.0000	0.0000	0.0000	0.0000	0.0000	0.0437	0.0383	0.0054	0.0029	0.0028	0.0001	0.0407	0.0355	0.0053	0.0167	0.0095	0.0072	0.0031	0.0028	0.0003	0.0136	0.0067	0.0069
12	67	0.1307	11	2	0	1	0	0	0	1	0	0	1	0	1	0	0	0	0	0	0	Y	N	N	N	N	N	N	N	N	N	N	N	N	N	N	N	N	N	0.0000	0.0000	0.0000	0.0000	0.0000	0.0000	0.0000	0.0000	0.0000	0.0000	0.0000	0.0000	0.0000	0.0000	0.0000	0.0000	0.0000	0.0000	0.0000	0.0000	0.0000	0.0000	0.0000	0.0000	0.0000	0.0000	0.0000			0.0000	-0.0000	3.5195	0.0001	3.1401	0.0028	0.0000	0.0000	0.0000	0.0000	0.0000	0.0000	0.0000	0.0000	0.0000	0.0000	0.0000	0.0000	0.0000	0.0000	0.0000	0.0000	0.0000	0.0000	0.0000	0.0000	0.0000	0.0000	0.0000	0.0000	0.0000	0.0000	0.0000	0.0001	0.0001	0.0000	0.0000	0.0000	0.0000	0.0001	0.0000	0.0000
12	68	0.1473	9	2	0	0	0	0	0	0	0	0	2	0	2	0	0	0	0	0	0	Y	N	N	N	N	Y	N	N	N	N	N	N	N	N	N	N	N	N	3.4105	3.5400	0.0008	3.1193	4.2572	0.0003	0.0005	0.0000	0.0016	0.0015	0.0016	0.0000	0.0062	0.0063	0.0000	0.0000	0.0000	0.0000	0.0004	0.0005	0.0004	0.0020	0.0015	0.0147	0.0000	0.0000	0.0001	0.0000	0.5350	-0.0000	-0.0000	3.5195	1.4193	3.1401	5.2011	0.0001	0.0001	0.0000	0.0001	0.0001	0.0000	0.0000	0.0000	0.0000	0.0000	0.0000	0.0000	0.0000	0.0000	0.0000	0.0000	0.0000	0.0000	0.0895	0.0791	0.0104	0.0210	0.0207	0.0003	0.0685	0.0584	0.0101	0.1130	0.0676	0.0455	0.0221	0.0213	0.0009	0.0909	0.0463	0.0446
12	69	0.0972	8	2	0	0	0	1	0	0	0	0	1	0	1	0	0	0	0	0	0	Y	N	N	N	N	N	N	N	N	N	N	N	N	N	N	N	N	N	2.2017	8.0880	0.0170	26.0625	28.7135	0.2011	0.0474	5.6953	0.0088	0.0274	0.0311	0.0004	0.3615	0.3777	0.0076	0.0006	0.0006	0.0002	0.0124	0.0038	0.0239	0.0139	0.0132	0.0376	0.0122	0.0001	0.0238	0.0018	4.6525	-0.0025	0.0005	3.5195	9.3928	3.1401	3.6523	0.0111	0.0111	0.0000	0.0109	0.0109	0.0000	0.0002	0.0002	0.0000	0.0027	0.0005	0.0022	0.0005	0.0005	0.0000	0.0022	0.0000	0.0022	0.4054	0.3561	0.0492	0.0301	0.0288	0.0013	0.3752	0.3273	0.0479	0.2148	0.1229	0.0919	0.0363	0.0352	0.0011	0.1785	0.0877	0.0909
12	73	0.1490	15	2	0	1	0	0	0	1	0	0	1	1	1	0	0	0	0	0	0	Y	N	N	N	N	N	N	N	N	N	N	N	N	N	N	N	N	N	35.0728	inf	0.0000	16.8301	inf	0.0000	173.8545	inf	0.0000	0.0001	0.0001	0.0000	0.0002	0.0002	0.0000	0.0001	0.0001	0.0000	0.0000	0.0000	0.0000	0.0000	0.0000	0.0001	0.0000	0.0000	0.0000	0.0000	inf	-0.0000	0.0000	3.5195	3.9579	3.1401	0.9988	0.0000	0.0000	0.0000	0.0000	0.0000	0.0000	0.0000	0.0000	0.0000	0.0000	0.0000	0.0000	0.0000	0.0000	0.0000	0.0000	0.0000	0.0000	0.2479	0.2221	0.0258	0.0554	0.0543	0.0010	0.1926	0.1678	0.0248	0.0746	0.0421	0.0325	0.0143	0.0129	0.0014	0.0603	0.0292	0.0311
12	74	0.1340	14	2	0	0	0	0	0	0	0	0	1	1	1	0	0	0	0	0	0	Y	N	N	N	N	N	N	N	N	N	N	N	N	N	N	N	N	N	0.0000	0.0000	0.0000	0.0005	0.0005	0.0000	0.0000	0.0000	0.0000	0.0000	0.0000	0.0000	0.0000	0.0000	0.0000	0.0000	0.0000	0.0000	0.0028	0.0044	0.0008	0.0003	0.0003	0.0001	0.0034	0.0061	0.0008	0.0000	0.1406	-0.0000	-0.0001	3.5195	3.9277	3.1401	0.5227	0.0000	0.0000	0.0000	0.0000	0.0000	0.0000	0.0000	0.0000	0.0000	0.0002	0.0002	0.0000	0.0000	0.0000	0.0000	0.0002	0.0002	0.0000	0.1652	0.1449	0.0204	0.0121	0.0116	0.0005	0.1531	0.1333	0.0198	0.0709	0.0402	0.0307	0.0131	0.0120	0.0011	0.0577	0.0282	0.0295
12	75	0.1340	13	2	0	0	0	0	0	0	0	0	1	1	1	0	0	0	0	0	0	Y	N	N	N	N	N	N	N	N	N	N	N	N	N	N	N	N	N	0.0000	0.0000	0.0000	0.0000	0.0000	0.0000	0.0000	0.0000	0.0000	0.0000	0.0000	0.0000	0.0000	0.0000	0.0000	0.0000	0.0000	0.0000	0.0000	0.0000	0.0000	0.0000	0.0000	0.0000	0.0000	0.0000	0.0000			0.0000	0.0000	3.5195	0.0009	3.1401	0.0000	0.0000	0.0000	0.0000	0.0000	0.0000	0.0000	0.0000	0.0000	0.0000	0.0000	0.0000	0.0000	0.0000	0.0000	0.0000	0.0000	0.0000	0.0000	0.0000	0.0000	0.0000	0.0000	0.0000	0.0000	0.0000	0.0000	0.0000	0.0000	0.0000	0.0000	0.0000	0.0000	0.0000	0.0000	0.0000	0.0000
12	76	0.1308	12	2	0	0	0	0	0	0	0	0	1	1	1	0	0	0	0	0	0	Y	N	N	N	N	N	N	N	N	N	N	N	N	N	N	N	N	N	0.0000	0.0000	0.0000	0.0000	0.0000	0.0000	0.0000	0.0000	0.0000	0.0000	0.0000	0.0000	0.0000	0.0000	0.0000	0.0000	0.0000	0.0000	0.0000	0.0000	0.0000	0.0000	0.0000	0.0000	0.0000	0.0000	0.0000			0.0000	0.0000	3.5195	1.0000	3.1401	0.0000	0.0000	0.0000	0.0000	0.0000	0.0000	0.0000	0.0000	0.0000	0.0000	0.0000	0.0000	0.0000	0.0000	0.0000	0.0000	0.0000	0.0000	0.0000	0.0428	0.0375	0.0053	0.0030	0.0029	0.0001	0.0398	0.0346	0.0052	0.0162	0.0092	0.0070	0.0030	0.0027	0.0003	0.0132	0.0065	0.0068
12	77	0.0863	5	2	0	0	0	1	0	0	0	0	1	0	1	0	0	0	0	0	0	Y	N	N	N	N	N	N	N	N	N	N	N	N	N	N	N	N	N	110.0859	82.4170	0.0000	241.4625	237.3582	0.0000	0.0000	0.0000	0.0000	0.0691	0.0786	0.0000	0.7712	0.7891	0.0000	0.0000	0.0000	0.0000	0.0006	0.0010	0.0002	0.0032	0.0033	0.0017	0.0001	0.0000	0.0001	0.0000	0.1605	-0.0025	-0.0000	3.5195	3.3326	3.1401	4.0108	0.0108	0.0108	0.0000	0.0108	0.0108	0.0000	0.0000	0.0000	0.0000	0.0001	0.0001	0.0000	0.0001	0.0001	0.0000	0.0000	0.0000	0.0000	0.1561	0.1373	0.0188	0.0140	0.0137	0.0003	0.1421	0.1236	0.0185	0.1174	0.0666	0.0508	0.0207	0.0191	0.0017	0.0967	0.0475	0.0491
12	78	0.1566	15	2	0	1	0	0	0	1	0	0	1	1	2	0	0	0	0	0	0	Y	N	N	N	N	Y	N	N	N	N	N	N	N	N	N	N	N	N	0.0000	0.0000	0.0000	0.0000	0.0000	0.0000	0.0000	0.0000	0.0000	0.0000	0.0000	0.0000	0.0000	0.0000	0.0000	0.0000	0.0000	0.0000	0.0055	0.0094	0.0000	0.0194	0.0223	0.0000	0.0016	0.0031	0.0000		0.0029	0.0000	-0.0001	3.5195	0.0000	3.1401	0.9988	0.0000	0.0000	0.0000	0.0000	0.0000	0.0000	0.0000	0.0000	0.0000	0.0001	0.0001	0.0000	0.0001	0.0001	0.0000	0.0000	0.0000	0.0000	0.0000	0.0000	0.0000	0.0000	0.0000	0.0000	0.0000	0.0000	0.0000	0.0165	0.0095	0.0070	0.0036	0.0031	0.0005	0.0129	0.0064	0.0065
12	79	0.1534	14	2	0	0	0	0	0	0	0	0	1	1	2	0	0	0	0	0	0	Y	N	N	N	N	Y	N	N	N	N	N	N	N	N	N	N	N	N	0.0000	0.0000	0.0000	0.0000	0.0000	0.0000	0.0000	0.0000	0.0000	0.0000	0.0000	0.0000	0.0000	0.0000	0.0000	0.0000	0.0000	0.0000	0.0011	0.0001	0.0024	0.0001	0.0002	0.0000	0.0013	0.0000	0.0026		31.5298	0.0000	0.0000	3.5195	0.0001	3.1401	1.0072	0.0000	0.0000	0.0000	0.0000	0.0000	0.0000	0.0000	0.0000	0.0000	0.0000	0.0000	0.0000	0.0000	0.0000	0.0000	0.0000	0.0000	0.0000	0.0000	0.0000	0.0000	0.0000	0.0000	0.0000	0.0000	0.0000	0.0000	0.0164	0.0094	0.0070	0.0033	0.0030	0.0003	0.0131	0.0064	0.0067
12	80	0.1437	13	2	0	0	0	0	0	0	0	0	1	1	2	0	0	0	0	0	0	Y	N	N	N	N	Y	N	N	N	N	N	N	N	N	N	N	N	N	0.0000	0.0000	0.0000	0.0001	0.0000	0.4760	0.0000	0.0000	0.0000	0.0000	0.0000	0.0000	0.0000	0.0000	0.0000	0.0000	0.0000	0.0000	0.5259	0.0078	1.2243	0.0216	0.0238	0.0001	0.6565	0.0000	1.2816	inf	117.1985	0.0000	0.0097	3.5195	1.0058	3.1401	1.9973	0.0000	0.0000	0.0000	0.0000	0.0000	0.0000	0.0000	0.0000	0.0000	0.0259	0.0002	0.0257	0.0002	0.0002	0.0000	0.0257	0.0000	0.0257	0.0446	0.0391	0.0055	0.0038	0.0036	0.0002	0.0408	0.0355	0.0053	0.0493	0.0283	0.0210	0.0101	0.0092	0.0009	0.0392	0.0191	0.0201
12	81	0.1047	12	2	0	1	0	0	0	0	0	0	1	0	1	0	0	0	0	0	0	Y	N	N	N	N	N	N	N	N	N	N	N	N	N	N	N	N	N	0.0000	0.0000	0.0000	0.0000	0.0000	0.0000	0.0000	0.0000	0.0000	0.0000	0.0000	0.0000	0.0000	0.0000	0.0000	0.0000	0.0000	0.0000	0.0000	0.0000	0.0000	0.0000	0.0000	0.0000	0.0000	0.0000	0.0000		0.0000	0.0000	-0.0000	3.5195	7.0000	3.1401	2.0013	0.0000	0.0000	0.0000	0.0000	0.0000	0.0000	0.0000	0.0000	0.0000	0.0000	0.0000	0.0000	0.0000	0.0000	0.0000	0.0000	0.0000	0.0000	0.2955	0.2591	0.0364	0.0187	0.0179	0.0008	0.2768	0.2412	0.0356	0.1426	0.0816	0.0610	0.0271	0.0249	0.0022	0.1155	0.0567	0.0587
12	82	0.1047	11	2	0	1	0	1	0	1	0	0	1	0	1	0	0	0	0	0	0	Y	N	N	N	N	N	N	N	N	N	N	N	N	N	N	N	N	N	0.0000	0.0000	0.0000	0.0000	0.0000	0.0000	0.0000	0.0000	0.0000	0.0000	0.0000	0.0000	0.0000	0.0000	0.0000	0.0000	0.0000	0.0000	0.0005	0.0004	0.0010	0.0012	0.0007	0.0273	0.0001	0.0000	0.0003		0.9922	0.0000	-0.0000	3.5195	0.0005	3.1401	0.0029	0.0000	0.0000	0.0000	0.0000	0.0000	0.0000	0.0000	0.0000	0.0000	0.0000	0.0000	0.0000	0.0000	0.0000	0.0000	0.0000	0.0000	0.0000	0.0000	0.0000	0.0000	0.0000	0.0000	0.0000	0.0000	0.0000	0.0000	0.0001	0.0001	0.0000	0.0001	0.0001	0.0000	0.0001	0.0001	0.0000
12	83	0.1437	13	2	0	0	0	0	0	0	0	0	1	1	2	0	0	0	0	0	0	Y	N	N	N	N	Y	N	N	N	N	N	N	N	N	N	N	N	N	0.0004	0.9311	0.0000	2.8394	3.2995	0.0000	0.0000	0.0000	0.0000	0.0023	0.0026	0.0000	0.0276	0.0291	0.0000	0.0000	0.0000	0.0000	5.8341	0.0028	13.7320	0.0097	0.0088	0.0182	7.3008	0.0000	14.3830	0.0000	3633.5895	-0.0001	0.3794	3.5195	5.0069	3.1401	6.0103	0.0005	0.0005	0.0000	0.0005	0.0005	0.0000	0.0000	0.0000	0.0000	0.9969	0.0003	0.9966	0.0003	0.0003	0.0001	0.9965	0.0000	0.9965	0.2149	0.1886	0.0263	0.0177	0.0168	0.0009	0.1972	0.1718	0.0254	0.1709	0.0983	0.0726	0.0344	0.0311	0.0033	0.1365	0.0672	0.0693
12	84	0.1372	12	2	0	0	0	0	0	0	0	1	2	1	2	0	0	0	0	0	0	Y	N	N	N	N	Y	N	N	N	N	N	N	N	N	N	N	N	N	0.0000	0.0011	0.0000	0.0048	0.0045	0.0000	0.0000	0.0000	0.0000	0.0000	0.0000	0.0000	0.0000	0.0000	0.0000	0.0000	0.0000	0.0000	0.0133	0.0002	0.0311	0.0004	0.0005	0.0001	0.0165	0.0000	0.0326	0.0000	147.8867	-0.0000	0.0002	3.5195	1.9932	3.1401	0.0278	0.0000	0.0000	0.0000	0.0000	0.0000	0.0000	0.0000	0.0000	0.0000	0.0004	0.0000	0.0004	0.0000	0.0000	0.0000	0.0004	0.0000	0.0004	0.0868	0.0761	0.0107	0.0058	0.0056	0.0002	0.0810	0.0705	0.0105	0.0336	0.0193	0.0143	0.0067	0.0061	0.0006	0.0269	0.0132	0.0136
12	85	0.1271	10	2	0	1	0	0	0	0	0	0	1	0	1	0	0	0	0	0	0	Y	N	N	N	N	N	N	N	N	N	N	N	N	N	N	N	N	N	0.0001	0.0000	0.0000	0.0002	0.0002	0.0000	0.0000	0.0000	0.0000	0.0000	0.0000	0.0000	0.0000	0.0000	0.0000	0.0000	0.0000	0.0000	0.0348	0.0578	0.0000	0.1471	0.1593	0.0001	0.0002	0.0005	0.0000	0.0000	0.0001	-0.0000	-0.0080	3.5195	9.9670	3.1401	12.6920	0.0000	0.0000	0.0000	0.0000	0.0000	0.0000	0.0000	0.0000	0.0000	0.0129	0.0129	0.0000	0.0128	0.0128	0.0000	0.0001	0.0001	0.0000	0.4099	0.3602	0.0497	0.0341	0.0325	0.0015	0.3758	0.3276	0.0482	0.3692	0.2224	0.1468	0.0869	0.0802	0.0067	0.2823	0.1421	0.1402
12	86	0.1206	9	2	0	1	0	1	0	1	0	0	1	0	1	0	0	0	0	0	0	Y	N	N	N	N	N	N	N	N	N	N	N	N	N	N	N	N	N	0.0295	0.0294	0.0068	0.0547	0.0593	0.0134	0.0009	0.0000	0.0040	0.0006	0.0006	0.0001	0.0026	0.0026	0.0017	0.0000	0.0000	0.0000	0.0190	0.0207	0.0156	0.0480	0.0445	0.1284	0.0058	0.0015	0.0109	0.0180	0.3703	-0.0000	-0.0005	3.5195	1.5419	3.1401	1.3342	0.0001	0.0001	0.0000	0.0001	0.0001	0.0000	0.0000	0.0000	0.0000	0.0014	0.0011	0.0004	0.0011	0.0010	0.0001	0.0003	0.0000	0.0003	0.0977	0.0886	0.0091	0.0208	0.0204	0.0003	0.0769	0.0681	0.0088	0.0756	0.0507	0.0249	0.0237	0.0227	0.0010	0.0519	0.0280	0.0239
12	87	0.1311	8	1	0	0	0	0	0	0	0	0	1	0	2	0	0	0	0	0	0	N	N	N	N	N	Y	N	N	N	N	N	N	N	N	N	N	N	N	0.0000	0.0000	0.0000	0.0000	0.0000	0.0000	0.0000	0.0000	0.0000	0.0000	0.0000	0.0000	0.0000	0.0000	0.0000	0.0000	0.0000	0.0000	0.0890	0.1341	0.0000	0.1520	0.1993	0.0000	0.0077	0.0144	0.0000	0.0000	0.0000	-0.0000	-0.0026	3.5195	0.9989	3.1401	0.5152	0.0000	0.0000	0.0000	0.0000	0.0000	0.0000	0.0000	0.0000	0.0000	0.0042	0.0042	0.0000	0.0040	0.0040	0.0000	0.0002	0.0002	0.0000	0.0430	0.0377	0.0053	0.0036	0.0034	0.0002	0.0394	0.0343	0.0051	0.0470	0.0312	0.0158	0.0265	0.0202	0.0063	0.0205	0.0110	0.0095
12	88	0.1017	7	1	0	0	0	0	0	0	0	0	2	0	2	0	0	0	0	0	0	N	N	N	N	N	Y	N	N	N	N	N	N	N	N	N	N	N	N	0.0191	0.0131	0.0000	0.1729	0.1506	0.0000	0.0000	0.0000	0.0000	0.0005	0.0006	0.0000	0.0087	0.0090	0.0000	0.0000	0.0000	0.0000	0.0265	0.0441	0.0003	0.0502	0.0600	0.0013	0.0166	0.0331	0.0001	0.0000	0.0043	-0.0000	-0.0026	3.5195	6.0209	3.1401	2.4875	0.0001	0.0001	0.0000	0.0001	0.0001	0.0000	0.0000	0.0000	0.0000	0.0042	0.0042	0.0000	0.0023	0.0023	0.0000	0.0018	0.0018	0.0000	0.2568	0.2251	0.0317	0.0150	0.0144	0.0006	0.2418	0.2107	0.0311	0.1576	0.0942	0.0634	0.0464	0.0387	0.0077	0.1112	0.0555	0.0557
12	92	0.1503	15	2	0	0	1	0	0	0	1	0	1	1	2	0	0	0	0	0	0	Y	N	N	N	N	Y	N	N	N	N	N	N	N	N	N	N	N	N	22.6895	4.1782	inf	13.7759	13.2616	0.0000	76864.3368	0.0000	inf	0.0182	0.0059	0.1054	0.0563	0.0602	0.0000	0.0144	0.0000	0.1108	0.0008	0.0014	0.0000	0.0041	0.0045	0.0000	0.0000	0.0000	0.0000	2.5267	0.0000	0.0004	-0.0000	3.5195	1.0091	3.1401	1.9972	0.0008	0.0002	0.0006	0.0002	0.0002	0.0000	0.0006	0.0000	0.0006	0.0000	0.0000	0.0000	0.0000	0.0000	0.0000	0.0000	0.0000	0.0000	0.0437	0.0382	0.0054	0.0040	0.0037	0.0003	0.0396	0.0345	0.0051	0.0486	0.0277	0.0210	0.0095	0.0086	0.0010	0.0391	0.0191	0.0200
12	93	0.1340	14	2	0	0	0	0	0	0	0	0	2	1	2	0	0	0	0	0	0	Y	N	N	N	N	Y	N	N	N	N	N	N	N	N	N	N	N	N	38.3687	0.0029	inf	0.0010	0.0009	0.0000	27457.5660	1.6263	inf	11.7490	0.0015	95.0708	0.0016	0.0017	0.0000	12.6829	0.0015	97.5542	0.3062	0.5400	0.0000	1.6519	1.8067	0.0000	0.0005	0.0009	0.0000	8650.7694	0.0000	0.7680	-0.0151	3.5195	2.0083	3.1401	3.0031	0.9986	0.0001	0.9985	0.0000	0.0000	0.0000	0.9986	0.0001	0.9985	0.0244	0.0244	0.0000	0.0244	0.0244	0.0000	0.0000	0.0000	0.0000	0.0850	0.0745	0.0105	0.0063	0.0060	0.0003	0.0787	0.0685	0.0102	0.0797	0.0452	0.0345	0.0148	0.0135	0.0013	0.0649	0.0317	0.0332
12	94	0.1340	13	2	0	0	0	0	0	0	0	0	1	1	1	0	0	0	0	0	0	Y	N	N	N	N	N	N	N	N	N	N	N	N	N	N	N	N	N	0.0000	0.0000	0.0000	0.0000	0.0000	0.0000	0.0000	0.0000	0.0000	0.0000	0.0000	0.0000	0.0000	0.0000	0.0000	0.0000	0.0000	0.0000	0.0653	0.0506	0.0921	0.0823	0.0874	0.0000	0.0540	0.0000	0.0983		0.9951	0.0000	-0.0000	3.5195	0.0000	3.1401	0.0002	0.0000	0.0000	0.0000	0.0000	0.0000	0.0000	0.0000	0.0000	0.0000	0.0000	0.0000	0.0000	0.0000	0.0000	0.0000	0.0000	0.0000	0.0000	0.0000	0.0000	0.0000	0.0000	0.0000	0.0000	0.0000	0.0000	0.0000	0.0000	0.0000	0.0000	0.0000	0.0000	0.0000	0.0000	0.0000	0.0000
12	95	0.1308	12	2	0	0	0	0	0	0	0	0	1	1	1	0	0	0	0	0	0	Y	N	N	N	N	N	N	N	N	N	N	N	N	N	N	N	N	N	0.0000	0.0000	0.0000	0.0000	0.0000	0.0000	0.0000	0.0000	0.0000	0.0000	0.0000	0.0000	0.0000	0.0000	0.0000	0.0000	0.0000	0.0000	0.0000	0.0000	0.0000	0.0001	0.0001	0.0000	0.0000	0.0000	0.0000		0.0000	0.0000	-0.0000	3.5195	1.0000	3.1401	0.0001	0.0000	0.0000	0.0000	0.0000	0.0000	0.0000	0.0000	0.0000	0.0000	0.0000	0.0000	0.0000	0.0000	0.0000	0.0000	0.0000	0.0000	0.0000	0.0428	0.0375	0.0053	0.0030	0.0029	0.0001	0.0398	0.0346	0.0052	0.0162	0.0092	0.0070	0.0030	0.0027	0.0003	0.0132	0.0065	0.0068
12	96	0.1308	11	2	0	0	0	0	0	0	0	1	1	1	1	0	0	0	0	0	0	Y	N	N	N	N	N	N	N	N	N	N	N	N	N	N	N	N	N	0.0000	0.0000	0.0000	0.0000	0.0000	0.0000	0.0000	0.0000	0.0000	0.0000	0.0000	0.0000	0.0000	0.0000	0.0000	0.0000	0.0000	0.0000	0.0000	0.0000	0.0000	0.0000	0.0000	0.0000	0.0000	0.0000	0.0000			0.0000	0.0000	3.5195	0.0000	3.1401	0.0001	0.0000	0.0000	0.0000	0.0000	0.0000	0.0000	0.0000	0.0000	0.0000	0.0000	0.0000	0.0000	0.0000	0.0000	0.0000	0.0000	0.0000	0.0000	0.0000	0.0000	0.0000	0.0000	0.0000	0.0000	0.0000	0.0000	0.0000	0.0000	0.0000	0.0000	0.0000	0.0000	0.0000	0.0000	0.0000	0.0000
12	97	0.1275	10	2	0	0	0	0	0	0	0	0	1	0	1	0	0	0	0	0	0	Y	N	N	N	N	N	N	N	N	N	N	N	N	N	N	N	N	N	0.0000	0.0000	0.0000	0.0000	0.0000	0.0000	0.0000	0.0000	0.0000	0.0000	0.0000	0.0000	0.0000	0.0000	0.0000	0.0000	0.0000	0.0000	0.0002	0.0000	0.0004	0.0000	0.0000	0.0000	0.0002	0.0000	0.0004		inf	0.0000	0.0000	3.5195	0.9999	3.1401	0.0008	0.0000	0.0000	0.0000	0.0000	0.0000	0.0000	0.0000	0.0000	0.0000	0.0000	0.0000	0.0000	0.0000	0.0000	0.0000	0.0000	0.0000	0.0000	0.0436	0.0382	0.0054	0.0029	0.0028	0.0001	0.0407	0.0355	0.0053	0.0164	0.0093	0.0071	0.0030	0.0027	0.0003	0.0134	0.0066	0.0068
12	99	0.1016	10	2	0	1	0	1	0	1	0	0	1	0	1	0	0	0	0	0	0	Y	N	N	N	N	N	N	N	N	N	N	N	N	N	N	N	N	N	0.0016	0.0023	0.0000	0.0050	0.0096	0.0000	0.0000	0.0000	0.0000	0.0000	0.0000	0.0000	0.0000	0.0000	0.0000	0.0000	0.0000	0.0000	0.0007	0.0005	0.0009	0.0033	0.0018	0.0205	0.0001	0.0000	0.0002	0.0000	1.2819	-0.0000	-0.0000	3.5195	5.0000	3.1401	11.0015	0.0000	0.0000	0.0000	0.0000	0.0000	0.0000	0.0000	0.0000	0.0000	0.0002	0.0001	0.0001	0.0001	0.0001	0.0001	0.0000	0.0000	0.0000	0.2128	0.1865	0.0263	0.0134	0.0128	0.0006	0.1994	0.1737	0.0257	0.2429	0.1385	0.1043	0.0430	0.0396	0.0034	0.1999	0.0989	0.1009
12	100	0.1036	8	2	0	1	0	0	0	0	0	0	1	0	1	0	0	0	0	0	0	Y	N	N	N	N	N	N	N	N	N	N	N	N	N	N	N	N	N	0.0000	0.0000	0.0000	0.0000	0.0000	0.0000	0.0000	0.0000	0.0000	0.0000	0.0000	0.0000	0.0000	0.0000	0.0000	0.0000	0.0000	0.0000	0.0039	0.0049	0.0023	0.0148	0.0150	0.0108	0.0011	0.0000	0.0022	0.0000	0.3184	-0.0000	-0.0001	3.5195	2.0003	3.1401	3.6794	0.0000	0.0000	0.0000	0.0000	0.0000	0.0000	0.0000	0.0000	0.0000	0.0004	0.0003	0.0001	0.0003	0.0003	0.0000	0.0001	0.0000	0.0001	0.0887	0.0778	0.0109	0.0068	0.0064	0.0003	0.0820	0.0713	0.0106	0.1000	0.0598	0.0402	0.0203	0.0196	0.0007	0.0797	0.0402	0.0395
12	101	0.0930	7	2	0	1	0	1	0	1	0	0	1	0	1	0	0	0	0	0	0	Y	N	N	N	N	N	N	N	N	N	N	N	N	N	N	N	N	N	0.0009	0.0011	0.0000	0.0009	0.0009	0.0001	0.0000	0.0007	0.0000	0.0008	0.0009	0.0000	0.0020	0.0020	0.0002	0.0000	0.0000	0.0000	0.8785	0.7598	1.0371	2.2732	2.2946	1.3779	0.5453	0.0065	1.0335	0.0012	1.0212	-0.0000	-0.0060	3.5195	0.0087	3.1401	3.3708	0.0000	0.0000	0.0000	0.0000	0.0000	0.0000	0.0000	0.0000	0.0000	0.0527	0.0261	0.0266	0.0263	0.0259	0.0004	0.0264	0.0001	0.0263	0.0014	0.0012	0.0002	0.0005	0.0005	0.0000	0.0008	0.0007	0.0001	0.0600	0.0343	0.0257	0.0116	0.0113	0.0003	0.0484	0.0230	0.0254
12	106	0.1372	12	2	0	1	0	0	0	1	0	0	1	0	1	0	0	0	0	0	0	Y	N	N	N	N	N	N	N	N	N	N	N	N	N	N	N	N	N	0.0000	0.0000	0.0000	0.0000	0.0000	0.0000	0.0000	0.0000	0.0000	0.0000	0.0000	0.0000	0.0000	0.0000	0.0000	0.0000	0.0000	0.0000	0.1913	0.3335	0.0000	0.9701	1.0741	0.0000	0.0000	0.0000	0.0000		0.0000	0.0000	-0.0151	3.5195	3.0043	3.1401	5.0032	0.0000	0.0000	0.0000	0.0000	0.0000	0.0000	0.0000	0.0000	0.0000	0.0244	0.0244	0.0000	0.0244	0.0244	0.0000	0.0000	0.0000	0.0000	0.1300	0.1139	0.0160	0.0087	0.0083	0.0004	0.1213	0.1056	0.0157	0.1276	0.0732	0.0544	0.0252	0.0227	0.0024	0.1024	0.0504	0.0520
12	107	0.1307	11	2	0	0	0	0	0	0	0	0	1	0	1	0	0	0	0	0	0	Y	N	N	N	N	N	N	N	N	N	N	N	N	N	N	N	N	N	0.0000	0.0000	0.0000	0.0000	0.0000	0.0000	0.0000	0.0000	0.0000	0.0000	0.0000	0.0000	0.0000	0.0000	0.0000	0.0000	0.0000	0.0000	0.0019	0.0032	0.0002	0.0099	0.0109	0.0000	0.0001	0.0000	0.0002		0.0393	0.0000	-0.0000	3.5195	1.0015	3.1401	0.9989	0.0000	0.0000	0.0000	0.0000	0.0000	0.0000	0.0000	0.0000	0.0000	0.0001	0.0001	0.0000	0.0001	0.0001	0.0000	0.0000	0.0000	0.0000	0.0437	0.0383	0.0054	0.0029	0.0028	0.0001	0.0408	0.0355	0.0053	0.0326	0.0186	0.0140	0.0060	0.0055	0.0005	0.0266	0.0131	0.0135
12	108	0.1275	10	2	0	0	0	0	0	0	0	0	1	0	1	0	0	0	0	0	0	Y	N	N	N	N	N	N	N	N	N	N	N	N	N	N	N	N	N	0.0000	0.0000	0.0000	0.0000	0.0000	0.0000	0.0000	0.0000	0.0000	0.0000	0.0000	0.0000	0.0000	0.0000	0.0000	0.0000	0.0000	0.0000	0.0002	0.0000	0.0004	0.0000	0.0000	0.0000	0.0002	0.0000	0.0004		inf	0.0000	0.0000	3.5195	1.0004	3.1401	0.0020	0.0000	0.0000	0.0000	0.0000	0.0000	0.0000	0.0000	0.0000	0.0000	0.0000	0.0000	0.0000	0.0000	0.0000	0.0000	0.0000	0.0000	0.0000	0.0437	0.0383	0.0054	0.0029	0.0028	0.0001	0.0408	0.0355	0.0053	0.0164	0.0093	0.0071	0.0030	0.0027	0.0003	0.0134	0.0066	0.0068
12	109	0.1016	9	2	0	0	0	1	0	0	0	0	1	0	1	0	0	0	0	0	0	Y	N	N	N	N	N	N	N	N	N	N	N	N	N	N	N	N	N	0.0000	inf	0.0000	0.0601	inf	0.0000	0.0000	0.0000	0.0000	0.0000	0.0000	0.0000	0.0000	0.0000	0.0000	0.0000	0.0000	0.0000	0.1930	0.0000	0.4480	0.0004	0.0000	0.0056	0.2342	0.0000	0.4630	0.0000	inf	-0.0000	0.0093	3.5195	3.0035	3.1401	5.0043	0.0000	0.0000	0.0000	0.0000	0.0000	0.0000	0.0000	0.0000	0.0000	0.0244	0.0000	0.0244	0.0000	0.0000	0.0000	0.0244	0.0000	0.0244	0.1293	0.1133	0.0160	0.0081	0.0077	0.0003	0.1212	0.1055	0.0157	0.1264	0.0720	0.0545	0.0223	0.0205	0.0018	0.1041	0.0515	0.0527
12	110	0.0712	3	2	0	1	0	0	0	0	0	0	1	0	1	0	0	0	0	0	0	Y	N	N	N	N	N	N	N	N	N	N	N	N	N	N	N	N	N	8.5471	5.8794	0.0035	36.3009	36.3270	0.0429	0.6822	40.2106	0.0019	0.0463	0.0528	0.0000	1.1232	1.1559	0.0001	0.0002	0.0003	0.0000	0.0054	0.0090	0.0007	0.0309	0.0318	0.0031	0.0003	0.0000	0.0007	0.0000	0.0585	-0.0032	-0.0006	3.5195	7.0195	3.1401	5.1243	0.0139	0.0139	0.0000	0.0138	0.0138	0.0000	0.0001	0.0001	0.0000	0.0011	0.0010	0.0001	0.0010	0.0010	0.0000	0.0001	0.0000	0.0001	0.3006	0.2632	0.0374	0.0123	0.0120	0.0003	0.2883	0.2512	0.0370	0.2022	0.1151	0.0872	0.0335	0.0325	0.0010	0.1687	0.0826	0.0861
12	111	0.0487	2	2	0	1	0	0	0	1	0	0	1	0	1	0	0	0	0	0	0	Y	N	N	N	N	N	N	N	N	N	N	N	N	N	N	N	N	N	0.0426	0.0245	1.3133	0.2596	0.2657	0.3107	0.2712	0.0159	1.3336	0.0079	0.0078	0.0090	0.1502	0.1553	0.0049	0.0012	0.0000	0.0091	0.1865	0.3179	0.0069	0.5787	0.5845	0.0157	0.0046	0.0010	0.0068	0.1743	0.0158	-0.0001	-0.0202	3.5195	2.0281	3.1401	3.4706	0.0007	0.0006	0.0001	0.0006	0.0006	0.0000	0.0001	0.0000	0.0001	0.0335	0.0330	0.0005	0.0330	0.0330	0.0000	0.0006	0.0000	0.0005	0.0921	0.0800	0.0120	0.0041	0.0040	0.0001	0.0879	0.0760	0.0119	0.1799	0.1039	0.0760	0.0570	0.0564	0.0006	0.1229	0.0475	0.0754
12	126	0.1346	16	2	0	1	0	0	0	0	0	0	1	0	1	0	0	0	0	0	0	Y	N	N	N	N	N	N	N	N	N	N	N	N	N	N	N	N	N	0.0000	0.0000	0.0000	0.0000	0.0000	0.0000	0.0000	0.0000	0.0000	0.0000	0.0000	0.0000	0.0000	0.0000	0.0000	0.0000	0.0000	0.0000	0.0019	0.0033	0.0000	0.0090	0.0099	0.0000	0.0000	0.0000	0.0000		0.0009	0.0000	-0.0001	3.5195	1.0002	3.1401	2.0058	0.0000	0.0000	0.0000	0.0000	0.0000	0.0000	0.0000	0.0000	0.0000	0.0001	0.0001	0.0000	0.0001	0.0001	0.0000	0.0000	0.0000	0.0000	0.0435	0.0381	0.0054	0.0031	0.0030	0.0001	0.0404	0.0351	0.0052	0.0478	0.0275	0.0203	0.0100	0.0091	0.0009	0.0378	0.0184	0.0194
12	127	0.1379	16	1	0	0	0	0	0	0	0	0	2	0	2	0	0	0	0	0	0	N	N	N	N	N	Y	N	N	N	N	N	N	N	N	N	N	N	N	0.0000	0.0000	0.0000	0.0000	0.0000	0.0000	0.0000	0.0000	0.0000	0.0000	0.0000	0.0000	0.0000	0.0000	0.0000	0.0000	0.0000	0.0000	0.0000	0.0000	0.0000	0.0000	0.0000	0.0000	0.0000	0.0000	0.0000			0.0000	0.0000	3.5195	1.0000	3.1401	2.0000	0.0000	0.0000	0.0000	0.0000	0.0000	0.0000	0.0000	0.0000	0.0000	0.0000	0.0000	0.0000	0.0000	0.0000	0.0000	0.0000	0.0000	0.0000	0.0434	0.0380	0.0054	0.0031	0.0029	0.0001	0.0403	0.0351	0.0052	0.0486	0.0279	0.0206	0.0098	0.0089	0.0009	0.0387	0.0190	0.0197
12	128	0.1379	15	1	0	0	0	0	0	0	0	0	2	0	2	0	0	0	0	0	0	N	N	N	N	N	Y	N	N	N	N	N	N	N	N	N	N	N	N	0.0000	0.0000	0.0000	0.0000	0.0000	0.0000	0.0000	0.0000	0.0000	0.0000	0.0000	0.0000	0.0000	0.0000	0.0000	0.0000	0.0000	0.0000	0.0000	0.0000	0.0000	0.0000	0.0000	0.0000	0.0000	0.0000	0.0000			0.0000	0.0000	3.5195	3.0000	3.1401	2.0000	0.0000	0.0000	0.0000	0.0000	0.0000	0.0000	0.0000	0.0000	0.0000	0.0000	0.0000	0.0000	0.0000	0.0000	0.0000	0.0000	0.0000	0.0000	0.1287	0.1128	0.0159	0.0092	0.0088	0.0004	0.1195	0.1041	0.0155	0.0801	0.0461	0.0340	0.0162	0.0147	0.0015	0.0639	0.0314	0.0325
12	129	0.1411	17	1	0	0	0	0	0	0	0	0	2	0	2	0	0	0	0	0	0	N	N	N	N	N	Y	N	N	N	N	N	N	N	N	N	N	N	N	inf	inf	0.0000	inf	inf	0.0000	inf	inf	0.0000	5.8491	6.6721	0.0000	9.8440	10.3092	0.0000	5.5379	6.3614	0.0000	0.0000	0.0000	0.0000	0.0000	0.0000	0.0000	0.0000	0.0000	0.0000	0.0000		-0.1164	0.0000	3.5195	2.0004	3.1401	1.0045	0.5045	0.5045	0.0000	0.0613	0.0613	0.0000	0.4431	0.4431	0.0000	0.0000	0.0000	0.0000	0.0000	0.0000	0.0000	0.0000	0.0000	0.0000	0.0863	0.0756	0.0106	0.0062	0.0060	0.0003	0.0800	0.0697	0.0104	0.0487	0.0281	0.0206	0.0099	0.0090	0.0009	0.0388	0.0191	0.0197
12	133	0.1549	13	2	0	1	0	0	0	0	0	0	1	1	1	0	0	0	0	0	0	Y	N	N	N	N	N	N	N	N	N	N	N	N	N	N	N	N	N	0.0000	0.0000	0.0000	0.0000	0.0000	0.0000	0.0000	0.0000	0.0000	0.0000	0.0000	0.0000	0.0000	0.0000	0.0000	0.0000	0.0000	0.0000	10.3244	0.0000	28.0372	0.0015	0.0000	0.0885	17.4269	0.0000	28.5808		inf	0.0000	0.0000	3.5195	0.0000	3.1401	0.0001	0.0000	0.0000	0.0000	0.0000	0.0000	0.0000	0.0000	0.0000	0.0000	0.0001	0.0000	0.0001	0.0000	0.0000	0.0000	0.0001	0.0000	0.0001	0.0000	0.0000	0.0000	0.0000	0.0000	0.0000	0.0000	0.0000	0.0000	0.0000	0.0000	0.0000	0.0000	0.0000	0.0000	0.0000	0.0000	0.0000
12	134	0.1149	12	2	0	1	0	1	0	1	0	1	1	1	1	0	0	0	0	0	0	Y	N	N	N	N	N	N	N	N	N	N	N	N	N	N	N	N	N	0.0000	0.0000	0.0000	0.0000	0.0000	0.0000	0.0000	0.0000	0.0000	0.0000	0.0000	0.0000	0.0000	0.0000	0.0000	0.0000	0.0000	0.0000	5.6739	0.0019	13.3289	0.0072	0.0060	0.0223	7.0993	0.0000	13.8245		5129.7143	0.0000	0.3794	3.5195	4.0005	3.1401	6.9251	0.0000	0.0000	0.0000	0.0000	0.0000	0.0000	0.0000	0.0000	0.0000	0.9968	0.0002	0.9967	0.0003	0.0002	0.0001	0.9966	0.0000	0.9966	0.1719	0.1507	0.0212	0.0113	0.0108	0.0005	0.1607	0.1399	0.0208	0.1757	0.1009	0.0748	0.0353	0.0326	0.0027	0.1404	0.0683	0.0721
12	135	0.1475	17	2	0	1	0	0	0	0	0	0	1	1	1	0	0	0	0	0	0	Y	N	N	N	N	N	N	N	N	N	N	N	N	N	N	N	N	N	0.0000	0.0000	0.0000	0.0000	0.0000	0.0000	0.0000	0.0000	0.0000	0.0000	0.0000	0.0000	0.0000	0.0000	0.0000	0.0000	0.0000	0.0000	0.0024	0.0041	0.0000	0.0104	0.0113	0.0000	0.0000	0.0000	0.0000		0.0000	0.0000	-0.0000	3.5195	0.9923	3.1401	0.0060	0.0000	0.0000	0.0000	0.0000	0.0000	0.0000	0.0000	0.0000	0.0000	0.0000	0.0000	0.0000	0.0000	0.0000	0.0000	0.0000	0.0000	0.0000	0.0437	0.0383	0.0054	0.0037	0.0035	0.0002	0.0400	0.0348	0.0052	0.0157	0.0091	0.0066	0.0036	0.0033	0.0003	0.0121	0.0059	0.0063
12	136	0.1346	16	2	0	1	0	0	0	0	0	1	1	1	1	0	0	0	0	0	0	Y	N	N	N	N	N	N	N	N	N	N	N	N	N	N	N	N	N	0.0000	0.0000	0.0000	0.0000	0.0000	0.0000	0.0000	0.0000	0.0000	0.0000	0.0000	0.0000	0.0000	0.0000	0.0000	0.0000	0.0000	0.0000	0.0011	0.0008	0.0014	0.0023	0.0025	0.0000	0.0007	0.0000	0.0014		1.2404	0.0000	-0.0000	3.5195	2.0106	3.1401	2.0023	0.0000	0.0000	0.0000	0.0000	0.0000	0.0000	0.0000	0.0000	0.0000	0.0001	0.0000	0.0000	0.0000	0.0000	0.0000	0.0000	0.0000	0.0000	0.0866	0.0759	0.0107	0.0063	0.0060	0.0003	0.0803	0.0699	0.0104	0.0632	0.0363	0.0268	0.0132	0.0120	0.0012	0.0500	0.0243	0.0257
12	137	0.1314	15	2	0	1	0	1	0	0	0	0	1	0	1	0	0	0	0	0	0	Y	N	N	N	N	N	N	N	N	N	N	N	N	N	N	N	N	N	0.0000	0.0000	0.0000	0.0000	0.0000	0.0000	0.0000	0.0000	0.0000	0.0000	0.0000	0.0000	0.0000	0.0000	0.0000	0.0000	0.0000	0.0000	0.0000	0.0000	0.0000	0.0001	0.0001	0.0000	0.0000	0.0000	0.0000		0.0361	0.0000	-0.0000	3.5195	0.0008	3.1401	1.0019	0.0000	0.0000	0.0000	0.0000	0.0000	0.0000	0.0000	0.0000	0.0000	0.0000	0.0000	0.0000	0.0000	0.0000	0.0000	0.0000	0.0000	0.0000	0.0000	0.0000	0.0000	0.0000	0.0000	0.0000	0.0000	0.0000	0.0000	0.0160	0.0092	0.0068	0.0033	0.0030	0.0003	0.0127	0.0062	0.0065
13	22	0.0521	3	2	0	1	1	0	0	1	1	0	0	2	1	0	0	0	0	0	0	Y	N	N	N	Y	N	N	N	N	N	N	N	N	N	N	N	N	N	0.0000	0.0000	0.0000	0.0000	0.0000	0.0000	0.0000	0.0000	0.0000	0.0000	0.0000	0.0000	0.0000	0.0000	0.0000	0.0000	0.0000	0.0000	0.0000	0.0000	0.0000	0.0000	0.0000	0.0000	0.0000	0.0000	0.0000			0.0000	-0.0000	2.0000	2.0010	8.0000	1.9996	0.0000	0.0000	0.0000	0.0000	0.0000	0.0000	0.0000	0.0000	0.0000	0.0000	0.0000	0.0000	0.0000	0.0000	0.0000	0.0000	0.0000	0.0000	0.0463	0.0404	0.0059	0.0007	0.0007	0.0000	0.0456	0.0398	0.0058	0.0746	0.0362	0.0384	0.0011	0.0008	0.0003	0.0735	0.0354	0.0381
13	36	0.1991	19	2	0	1	0	0	0	1	0	0	1	1	1	0	0	0	0	0	0	Y	N	N	N	N	N	N	N	N	N	N	N	N	N	N	N	N	N	0.1456	0.0466	4.1268	0.0830	0.0681	0.0000	1.0109	0.0000	4.1018	0.0001	0.0000	0.0004	0.0004	0.0004	0.0000	0.0000	0.0000	0.0004	0.0006	0.0011	0.0001	0.0044	0.0056	0.0000	0.0000	0.0000	0.0001	1.0000	0.0769	0.0000	-0.0001	2.0000	11.0150	8.0000	4.0316	0.0000	0.0000	0.0000	0.0000	0.0000	0.0000	0.0000	0.0000	0.0000	0.0001	0.0001	0.0000	0.0001	0.0001	0.0000	0.0000	0.0000	0.0000	0.2283	0.2015	0.0268	0.0275	0.0260	0.0015	0.2008	0.1754	0.0254	0.2326	0.1219	0.1107	0.0296	0.0230	0.0066	0.2030	0.0989	0.1041
13	38	0.0541	6	2	0	1	1	0	0	1	1	0	1	2	1	0	0	0	0	0	0	Y	N	N	N	Y	N	N	N	N	N	N	N	N	N	N	N	N	N	0.4130	0.2406	0.0000	0.1211	0.1214	0.0000	0.0000	0.0000	0.0000	0.0020	0.0023	0.0000	0.0101	0.0102	0.0000	0.0000	0.0000	0.0000	0.0050	0.0095	0.0000	0.0832	0.0838	0.0000	0.0000	0.0000	0.0000	0.0000	0.0000	-0.0001	-0.0002	2.0000	3.1237	8.0000	0.5096	0.0002	0.0002	0.0000	0.0002	0.0002	0.0000	0.0000	0.0000	0.0000	0.0004	0.0004	0.0000	0.0004	0.0004	0.0000	0.0000	0.0000	0.0000	0.1174	0.1053	0.0121	0.0238	0.0236	0.0002	0.0936	0.0817	0.0118	0.0747	0.0391	0.0357	0.0044	0.0044	0.0000	0.0703	0.0346	0.0357
13	43	0.0439	6	2	0	1	1	0	0	1	1	0	1	2	1	0	0	0	0	0	0	Y	N	N	N	Y	N	N	N	N	N	N	N	N	N	N	N	N	N	inf	inf	0.0000	0.0000	0.0000	0.0000	inf	inf	0.0000	12.3914	14.1039	0.0000	0.0000	0.0000	0.0000	13.2258	15.1856	0.0000	0.0000	0.0000	0.0000	0.0000	0.0000	0.0000	0.0000	0.0000	0.0000	0.0000		-0.2308	0.0000	2.0000	2.9999	8.0000	0.9999	1.0000	1.0000	0.0000	0.0000	0.0000	0.0000	1.0000	1.0000	0.0000	0.0000	0.0000	0.0000	0.0000	0.0000	0.0000	0.0000	0.0000	0.0000	0.0807	0.0709	0.0098	0.0051	0.0051	0.0000	0.0756	0.0658	0.0098	0.0756	0.0355	0.0400	0.0001	0.0001	0.0000	0.0755	0.0355	0.0400
13	44	0.0391	5	2	0	1	0	0	0	1	0	0	0	2	0	0	0	0	0	0	0	Y	N	N	N	Y	N	N	N	N	N	N	N	N	N	N	N	N	N	0.8186	0.8976	0.0000	0.0000	0.0000	0.0000	0.8216	0.9011	0.0000	0.0017	0.0020	0.0000	0.0000	0.0000	0.0000	0.0017	0.0020	0.0000	0.0021	0.0022	0.0020	0.0000	0.0000	0.0000	0.0021	0.0022	0.0020	0.0000	1.0000	-0.0000	-0.0000	2.0000	1.0020	8.0000	0.0022	0.0000	0.0000	0.0000	0.0000	0.0000	0.0000	0.0000	0.0000	0.0000	0.0000	0.0000	0.0000	0.0000	0.0000	0.0000	0.0000	0.0000	0.0000	0.0233	0.0203	0.0030	0.0001	0.0001	0.0000	0.0232	0.0202	0.0030	0.0190	0.0091	0.0099	0.0000	0.0000	0.0000	0.0190	0.0091	0.0099
13	45	0.0391	5	2	0	1	0	0	0	1	0	0	0	2	1	0	0	0	0	0	0	Y	N	N	N	Y	N	N	N	N	N	N	N	N	N	N	N	N	N	0.0000	0.0000	0.0000	0.0000	0.0000	0.0000	0.0000	0.0000	0.0000	0.0000	0.0000	0.0000	0.0000	0.0000	0.0000	0.0000	0.0000	0.0000	0.0000	0.0000	0.0000	0.0000	0.0000	0.0000	0.0000	0.0000	0.0000			0.0000	0.0000	2.0000	4.0000	8.0000	1.0000	0.0000	0.0000	0.0000	0.0000	0.0000	0.0000	0.0000	0.0000	0.0000	0.0000	0.0000	0.0000	0.0000	0.0000	0.0000	0.0000	0.0000	0.0000	0.0911	0.0795	0.0116	0.0003	0.0003	0.0000	0.0908	0.0793	0.0116	0.0928	0.0444	0.0484	0.0000	0.0000	0.0000	0.0928	0.0444	0.0484
13	46	0.1637	16	2	0	1	0	0	0	1	0	0	1	1	1	0	0	0	0	0	0	Y	N	N	N	N	N	N	N	N	N	N	N	N	N	N	N	N	N	0.0000	0.0000	0.0000	0.0000	0.0000	0.0000	0.0000	0.0000	0.0000	0.0000	0.0000	0.0000	0.0000	0.0000	0.0000	0.0000	0.0000	0.0000	0.0000	0.0000	0.0000	0.0000	0.0000	0.0000	0.0000	0.0000	0.0000			0.0000	0.0000	2.0000	0.0007	8.0000	1.0103	0.0000	0.0000	0.0000	0.0000	0.0000	0.0000	0.0000	0.0000	0.0000	0.0000	0.0000	0.0000	0.0000	0.0000	0.0000	0.0000	0.0000	0.0000	0.0001	0.0001	0.0000	0.0000	0.0000	0.0000	0.0000	0.0000	0.0000	0.0514	0.0362	0.0152	0.0190	0.0185	0.0005	0.0324	0.0177	0.0147
13	47	0.1286	15	2	0	1	0	1	0	1	0	0	0	1	0	0	0	0	0	0	0	Y	N	N	N	N	N	N	N	N	N	N	N	N	N	N	N	N	N	0.0000	0.0000	0.0000	0.0000	0.0000	0.0000	0.0000	0.0000	0.0000	0.0000	0.0000	0.0000	0.0000	0.0000	0.0000	0.0000	0.0000	0.0000	0.0025	0.0030	0.0020	0.0000	0.0000	0.0000	0.0029	0.0038	0.0021		0.5806	0.0000	-0.0001	2.0000	6.8097	8.0000	3.8431	0.0000	0.0000	0.0000	0.0000	0.0000	0.0000	0.0000	0.0000	0.0000	0.0005	0.0003	0.0002	0.0000	0.0000	0.0000	0.0005	0.0003	0.0002	0.1604	0.1412	0.0192	0.0112	0.0107	0.0005	0.1492	0.1305	0.0188	0.1926	0.1031	0.0896	0.0256	0.0218	0.0038	0.1671	0.0813	0.0858
13	49	0.1896	18	2	0	1	0	0	0	1	0	0	0	1	0	0	0	0	0	0	0	Y	N	N	N	N	N	N	N	N	N	N	N	N	N	N	N	N	N	0.0000	0.0653	0.0000	0.0000	0.0000	0.0000	0.0000	0.0625	0.0000	0.0002	0.0002	0.0000	0.0000	0.0000	0.0000	0.0002	0.0003	0.0000	14.8039	0.0033	39.5861	0.0007	0.0008	0.0000	19.4253	0.0046	42.0221	0.0000	7201.5120	-0.0000	0.3581	2.0000	1.6285	8.0000	1.0381	0.0000	0.0000	0.0000	0.0000	0.0000	0.0000	0.0000	0.0000	0.0000	0.9407	0.0001	0.9405	0.0000	0.0000	0.0000	0.9407	0.0001	0.9405	0.0528	0.0467	0.0062	0.0122	0.0119	0.0002	0.0407	0.0347	0.0059	0.0635	0.0398	0.0238	0.0151	0.0137	0.0014	0.0484	0.0260	0.0224
13	53	0.0489	2	2	0	1	0	0	0	1	0	0	0	2	1	0	0	0	0	0	0	Y	N	N	N	Y	N	N	N	N	N	N	N	N	N	N	N	N	N	0.0000	0.0000	0.0000	0.0000	0.0000	0.0000	0.0000	0.0000	0.0000	0.0000	0.0000	0.0000	0.0000	0.0000	0.0000	0.0000	0.0000	0.0000	0.0000	0.0000	0.0000	0.0001	0.0001	0.0000	0.0000	0.0000	0.0000		0.0045	0.0000	-0.0000	2.0000	0.9921	8.0000	0.0076	0.0000	0.0000	0.0000	0.0000	0.0000	0.0000	0.0000	0.0000	0.0000	0.0000	0.0000	0.0000	0.0000	0.0000	0.0000	0.0000	0.0000	0.0000	0.0232	0.0203	0.0029	0.0003	0.0003	0.0000	0.0229	0.0200	0.0029	0.0193	0.0094	0.0099	0.0004	0.0003	0.0001	0.0188	0.0090	0.0098
13	60	0.0391	5	2	0	1	0	0	0	1	0	0	0	2	1	0	0	0	0	0	0	Y	N	N	N	Y	N	N	N	N	N	N	N	N	N	N	N	N	N	0.0000	0.0000	0.0000	0.0000	0.0000	0.0000	0.0000	0.0000	0.0000	0.0000	0.0000	0.0000	0.0000	0.0000	0.0000	0.0000	0.0000	0.0000	6.1126	12.7570	0.0000	0.0000	0.0000	0.0000	6.1127	12.7573	0.0000		0.0000	0.0000	-0.6192	2.0000	2.0000	8.0000	7.0000	0.0000	0.0000	0.0000	0.0000	0.0000	0.0000	0.0000	0.0000	0.0000	1.0000	1.0000	0.0000	0.0000	0.0000	0.0000	1.0000	1.0000	0.0000	0.0461	0.0402	0.0059	0.0002	0.0001	0.0000	0.0460	0.0401	0.0059	0.1636	0.0784	0.0852	0.0000	0.0000	0.0000	0.1636	0.0784	0.0852
13	61	0.0391	4	2	0	1	0	0	0	1	0	0	1	2	1	0	0	0	0	0	0	Y	N	N	N	Y	N	N	N	N	N	N	N	N	N	N	N	N	N	0.0000	0.0000	0.0000	0.0000	0.0000	0.0000	0.0000	0.0000	0.0000	0.0000	0.0000	0.0000	0.0000	0.0000	0.0000	0.0000	0.0000	0.0000	0.0000	0.0000	0.0000	0.0000	0.0000	0.0000	0.0000	0.0000	0.0000			0.0000	0.0000	2.0000	0.0000	8.0000	0.0000	0.0000	0.0000	0.0000	0.0000	0.0000	0.0000	0.0000	0.0000	0.0000	0.0000	0.0000	0.0000	0.0000	0.0000	0.0000	0.0000	0.0000	0.0000	0.0000	0.0000	0.0000	0.0000	0.0000	0.0000	0.0000	0.0000	0.0000	0.0000	0.0000	0.0000	0.0000	0.0000	0.0000	0.0000	0.0000	0.0000
13	68	0.1896	18	2	0	1	0	0	0	1	0	0	1	1	1	0	0	0	0	0	0	Y	N	N	N	N	N	N	N	N	N	N	N	N	N	N	N	N	N	0.0000	0.0000	0.0000	0.0000	0.0000	0.0000	0.0000	0.0000	0.0000	0.0000	0.0000	0.0000	0.0000	0.0000	0.0000	0.0000	0.0000	0.0000	0.4684	0.8199	0.0000	2.6084	3.0436	0.0000	0.0000	0.0000	0.0000		0.0000	0.0000	-0.0368	2.0000	1.4193	8.0000	5.2011	0.0000	0.0000	0.0000	0.0000	0.0000	0.0000	0.0000	0.0000	0.0000	0.0595	0.0595	0.0000	0.0595	0.0595	0.0000	0.0000	0.0000	0.0000	0.0483	0.0427	0.0056	0.0117	0.0115	0.0002	0.0366	0.0312	0.0054	0.1269	0.0725	0.0544	0.0228	0.0195	0.0033	0.1041	0.0530	0.0512
13	69	0.1395	17	2	0	1	0	1	0	1	0	0	0	1	0	0	0	0	0	0	0	Y	N	N	N	N	N	N	N	N	N	N	N	N	N	N	N	N	N	0.0000	0.0000	0.0000	0.0000	0.0000	0.0000	0.0000	0.0000	0.0000	0.0000	0.0000	0.0000	0.0000	0.0000	0.0000	0.0000	0.0000	0.0000	0.2610	0.0020	0.5491	0.0086	0.0105	0.0000	0.2941	0.0001	0.5750		250.2716	0.0000	0.0225	2.0000	9.3928	8.0000	3.6523	0.0000	0.0000	0.0000	0.0000	0.0000	0.0000	0.0000	0.0000	0.0000	0.0597	0.0002	0.0594	0.0002	0.0002	0.0000	0.0594	0.0000	0.0594	0.2113	0.1857	0.0256	0.0125	0.0119	0.0006	0.1987	0.1738	0.0250	0.2287	0.1204	0.1082	0.0265	0.0217	0.0049	0.2021	0.0987	0.1034
13	74	0.0391	5	2	0	1	0	0	0	1	0	0	0	2	0	0	0	0	0	0	0	Y	N	N	N	Y	N	N	N	N	N	N	N	N	N	N	N	N	N	0.6004	0.0000	7.0100	0.0000	0.0000	0.0000	0.6024	0.0000	7.0250	0.0027	0.0000	0.0211	0.0000	0.0000	0.0000	0.0027	0.0000	0.0211	0.0045	0.0061	0.0030	0.0023	0.0023	0.0000	0.0045	0.0061	0.0030	inf	0.5417	0.0002	-0.0001	2.0000	3.9277	8.0000	0.5227	0.0002	0.0000	0.0002	0.0000	0.0000	0.0000	0.0002	0.0000	0.0002	0.0004	0.0002	0.0001	0.0000	0.0000	0.0000	0.0004	0.0002	0.0001	0.0895	0.0781	0.0114	0.0003	0.0003	0.0000	0.0892	0.0779	0.0114	0.0829	0.0397	0.0432	0.0000	0.0000	0.0000	0.0829	0.0397	0.0432
13	75	0.0391	4	2	0	1	0	0	0	1	0	0	0	2	0	0	0	0	0	0	0	Y	N	N	N	Y	N	N	N	N	N	N	N	N	N	N	N	N	N	0.0000	0.0000	0.0000	0.0000	0.0000	0.0000	0.0000	0.0000	0.0000	0.0000	0.0000	0.0000	0.0000	0.0000	0.0000	0.0000	0.0000	0.0000	0.0000	0.0000	0.0000	0.0000	0.0000	0.0000	0.0000	0.0000	0.0000			0.0000	0.0000	2.0000	0.0009	8.0000	0.0000	0.0000	0.0000	0.0000	0.0000	0.0000	0.0000	0.0000	0.0000	0.0000	0.0000	0.0000	0.0000	0.0000	0.0000	0.0000	0.0000	0.0000	0.0000	0.0000	0.0000	0.0000	0.0000	0.0000	0.0000	0.0000	0.0000	0.0000	0.0000	0.0000	0.0000	0.0000	0.0000	0.0000	0.0000	0.0000	0.0000
13	76	0.0358	3	2	0	1	0	0	0	1	0	0	0	2	0	0	0	0	0	0	0	Y	N	N	N	Y	N	N	N	N	N	N	N	N	N	N	N	N	N	0.0000	0.0000	0.0000	0.0000	0.0000	0.0000	0.0000	0.0000	0.0000	0.0000	0.0000	0.0000	0.0000	0.0000	0.0000	0.0000	0.0000	0.0000	0.0000	0.0000	0.0000	0.0000	0.0000	0.0000	0.0000	0.0000	0.0000			0.0000	0.0000	2.0000	1.0000	8.0000	0.0000	0.0000	0.0000	0.0000	0.0000	0.0000	0.0000	0.0000	0.0000	0.0000	0.0000	0.0000	0.0000	0.0000	0.0000	0.0000	0.0000	0.0000	0.0000	0.0232	0.0203	0.0030	0.0000	0.0000	0.0000	0.0232	0.0202	0.0030	0.0190	0.0091	0.0099	0.0000	0.0000	0.0000	0.0190	0.0091	0.0099
13	77	0.0803	10	2	0	1	0	1	0	1	0	0	0	1	0	0	0	0	0	0	0	Y	N	N	N	N	N	N	N	N	N	N	N	N	N	N	N	N	N	0.0000	0.0000	0.0000	0.0000	0.0000	0.0000	0.0000	0.0000	0.0000	0.0000	0.0000	0.0000	0.0000	0.0000	0.0000	0.0000	0.0000	0.0000	0.0000	0.0000	0.0000	0.0000	0.0000	0.0000	0.0000	0.0000	0.0000		inf	0.0000	0.0000	2.0000	3.3326	8.0000	4.0108	0.0000	0.0000	0.0000	0.0000	0.0000	0.0000	0.0000	0.0000	0.0000	0.0000	0.0000	0.0000	0.0000	0.0000	0.0000	0.0000	0.0000	0.0000	0.0818	0.0718	0.0100	0.0042	0.0041	0.0001	0.0776	0.0677	0.0100	0.1317	0.0655	0.0662	0.0021	0.0018	0.0003	0.1296	0.0637	0.0659
13	79	0.0649	9	2	0	1	0	0	0	1	0	0	0	2	1	0	0	0	0	0	0	Y	N	N	N	Y	N	N	N	N	N	N	N	N	N	N	N	N	N	0.0000	0.0000	0.0000	0.0000	0.0000	0.0000	0.0000	0.0000	0.0000	0.0000	0.0000	0.0000	0.0000	0.0000	0.0000	0.0000	0.0000	0.0000	0.0000	0.0000	0.0000	0.0000	0.0000	0.0000	0.0000	0.0000	0.0000		0.0000	0.0000	-0.0000	2.0000	0.0001	8.0000	1.0072	0.0000	0.0000	0.0000	0.0000	0.0000	0.0000	0.0000	0.0000	0.0000	0.0000	0.0000	0.0000	0.0000	0.0000	0.0000	0.0000	0.0000	0.0000	0.0000	0.0000	0.0000	0.0000	0.0000	0.0000	0.0000	0.0000	0.0000	0.0190	0.0093	0.0097	0.0005	0.0004	0.0001	0.0185	0.0089	0.0096
13	80	0.0552	8	2	0	1	0	0	0	1	0	0	0	2	1	0	0	0	0	0	0	Y	N	N	N	Y	N	N	N	N	N	N	N	N	N	N	N	N	N	inf	0.0000	inf	0.0000	0.0000	0.0000	inf	0.0000	inf	0.0004	0.0000	0.0033	0.0000	0.0000	0.0000	0.0004	0.0000	0.0034	0.0000	0.0000	0.0000	0.0000	0.0000	0.0000	0.0000	0.0000	0.0000	inf		0.0000	0.0000	2.0000	1.0058	8.0000	1.9973	0.0000	0.0000	0.0000	0.0000	0.0000	0.0000	0.0000	0.0000	0.0000	0.0000	0.0000	0.0000	0.0000	0.0000	0.0000	0.0000	0.0000	0.0000	0.0238	0.0208	0.0030	0.0007	0.0007	0.0000	0.0230	0.0201	0.0029	0.0561	0.0274	0.0287	0.0013	0.0011	0.0003	0.0548	0.0263	0.0285
13	83	0.0552	8	2	0	1	0	0	0	1	0	0	0	2	1	0	0	0	0	0	0	Y	N	N	N	Y	N	N	N	N	N	N	N	N	N	N	N	N	N	inf	inf	0.0000	inf	inf	0.0000	0.0000	0.0000	0.0000	0.0000	0.0000	0.0000	0.0000	0.0000	0.0000	0.0000	0.0000	0.0000	0.0000	0.0000	0.0000	0.0000	0.0000	0.0000	0.0000	0.0000	0.0000	0.0000		-0.0000	0.0000	2.0000	5.0069	8.0000	6.0103	0.0000	0.0000	0.0000	0.0000	0.0000	0.0000	0.0000	0.0000	0.0000	0.0000	0.0000	0.0000	0.0000	0.0000	0.0000	0.0000	0.0000	0.0000	0.1145	0.1001	0.0144	0.0030	0.0028	0.0002	0.1115	0.0973	0.0141	0.1953	0.0952	0.1001	0.0036	0.0027	0.0009	0.1917	0.0925	0.0993
13	84	0.0488	7	2	0	1	0	0	0	1	0	1	1	2	1	0	0	0	0	0	0	Y	N	N	N	Y	N	N	N	N	N	N	N	N	N	N	N	N	N	296262.9983	0.0000	1218596.4614	inf	0.0000	inf	296247.9818	0.0000	1203270.6138	0.0311	0.0000	0.2456	0.0218	0.0000	0.4977	0.0312	0.0000	0.2447	0.0000	0.0000	0.0000	0.0000	0.0000	0.0000	0.0000	0.0000	0.0000	inf	inf	0.0011	0.0000	2.0000	1.9932	8.0000	0.0278	0.0014	0.0000	0.0014	0.0000	0.0000	0.0000	0.0014	0.0000	0.0014	0.0000	0.0000	0.0000	0.0000	0.0000	0.0000	0.0000	0.0000	0.0000	0.0463	0.0404	0.0059	0.0005	0.0004	0.0000	0.0458	0.0400	0.0058	0.0390	0.0192	0.0198	0.0011	0.0009	0.0002	0.0380	0.0183	0.0197
13	91	0.1179	13	2	0	1	0	0	0	1	0	0	0	1	0	0	0	0	0	0	0	Y	N	N	N	N	N	N	N	N	N	N	N	N	N	N	N	N	N	0.0000	0.0000	0.0000	0.0000	0.0000	0.0000	0.0000	0.0000	0.0000	0.0000	0.0000	0.0000	0.0000	0.0000	0.0000	0.0000	0.0000	0.0000	0.1003	0.0276	0.1992	0.0593	0.0631	0.0000	0.1108	0.0098	0.2052		5.3085	0.0000	0.0035	2.0000	1.5872	8.0000	4.4746	0.0000	0.0000	0.0000	0.0000	0.0000	0.0000	0.0000	0.0000	0.0000	0.0157	0.0025	0.0132	0.0019	0.0019	0.0000	0.0138	0.0006	0.0132	0.0367	0.0322	0.0046	0.0017	0.0016	0.0001	0.0350	0.0305	0.0045	0.1566	0.0903	0.0664	0.0320	0.0301	0.0019	0.1246	0.0602	0.0644
13	92	0.0489	2	2	0	1	1	0	0	1	1	0	0	2	1	0	0	0	0	0	0	Y	N	N	N	Y	N	N	N	N	N	N	N	N	N	N	N	N	N	0.0000	0.0000	0.0000	0.0000	0.0000	0.0000	0.0000	0.0000	0.0000	0.0000	0.0000	0.0000	0.0000	0.0000	0.0000	0.0000	0.0000	0.0000	0.0000	0.0000	0.0000	0.0000	0.0000	0.0000	0.0000	0.0000	0.0000		0.0000	0.0000	-0.0000	2.0000	1.0091	8.0000	1.9972	0.0000	0.0000	0.0000	0.0000	0.0000	0.0000	0.0000	0.0000	0.0000	0.0000	0.0000	0.0000	0.0000	0.0000	0.0000	0.0000	0.0000	0.0000	0.0236	0.0206	0.0030	0.0003	0.0003	0.0000	0.0233	0.0203	0.0030	0.0567	0.0275	0.0292	0.0010	0.0007	0.0003	0.0558	0.0268	0.0290
13	107	0.0423	6	2	0	1	0	0	0	1	0	0	0	1	0	0	0	0	0	0	0	Y	N	N	N	N	N	N	N	N	N	N	N	N	N	N	N	N	N	403823423.4501	2250.7476	inf	3.9578	4.1427	0.0000	inf	inf	inf	42.8153	0.0005	336.6624	0.0006	0.0006	0.0000	43.1412	0.0005	337.5985	0.0000	0.0000	0.0000	0.0001	0.0001	0.0000	0.0000	0.0000	0.0000	98859.4272	0.0000	0.7681	-0.0000	2.0000	1.0015	8.0000	0.9989	0.9985	0.0000	0.9985	0.0000	0.0000	0.0000	0.9985	0.0000	0.9985	0.0000	0.0000	0.0000	0.0000	0.0000	0.0000	0.0000	0.0000	0.0000	0.0233	0.0204	0.0030	0.0002	0.0002	0.0000	0.0231	0.0202	0.0030	0.0377	0.0181	0.0196	0.0000	0.0000	0.0000	0.0377	0.0181	0.0196
13	108	0.0391	5	2	0	1	0	0	0	1	0	0	0	1	0	0	0	0	0	0	0	Y	N	N	N	N	N	N	N	N	N	N	N	N	N	N	N	N	N	111395.9866	inf	212447.1345	inf	inf	0.0000	52286.6857	0.0000	212901.0341	0.0065	0.0039	0.0236	0.5139	0.5356	0.0000	0.0030	0.0000	0.0237	0.0000	0.0000	0.0000	0.0000	0.0000	0.0000	0.0000	0.0000	0.0000	0.8750	inf	0.0000	0.0000	2.0000	1.0004	8.0000	0.0020	0.0001	0.0001	0.0001	0.0001	0.0001	0.0000	0.0001	0.0000	0.0001	0.0000	0.0000	0.0000	0.0000	0.0000	0.0000	0.0000	0.0000	0.0000	0.0233	0.0203	0.0030	0.0002	0.0001	0.0000	0.0231	0.0201	0.0030	0.0190	0.0091	0.0099	0.0000	0.0000	0.0000	0.0190	0.0091	0.0099
13	112	0.1044	12	2	0	1	0	1	0	1	0	0	0	1	0	0	0	0	0	0	0	Y	N	N	N	N	N	N	N	N	N	N	N	N	N	N	N	N	N	0.0000	0.0000	0.0000	0.0000	0.0000	0.0000	0.0000	0.0000	0.0000	0.0000	0.0000	0.0000	0.0000	0.0000	0.0000	0.0000	0.0000	0.0000	0.0132	0.0006	0.0311	0.0009	0.0009	0.0000	0.0167	0.0004	0.0320		39.7479	0.0000	0.0007	2.0000	3.0209	8.0000	2.2550	0.0000	0.0000	0.0000	0.0000	0.0000	0.0000	0.0000	0.0000	0.0000	0.0019	0.0000	0.0019	0.0000	0.0000	0.0000	0.0019	0.0000	0.0019	0.0705	0.0616	0.0088	0.0025	0.0023	0.0001	0.0680	0.0593	0.0087	0.1471	0.0864	0.0607	0.0324	0.0307	0.0017	0.1147	0.0557	0.0590
14	22	0.1044	17	1	0	0	1	0	0	0	1	0	1	1	2	0	0	0	0	0	0	N	N	N	N	N	Y	N	N	N	N	N	N	N	N	N	N	N	N	0.0000	0.0000	0.0000	0.0000	0.0000	0.0000	0.0000	0.0000	0.0000	0.0000	0.0000	0.0000	0.0000	0.0000	0.0000	0.0000	0.0000	0.0000	0.0000	0.0000	0.0000	0.0000	0.0000	0.0000	0.0000	0.0000	0.0000			0.0000	0.0000	1.0000	2.0010	2.0000	1.9996	0.0000	0.0000	0.0000	0.0000	0.0000	0.0000	0.0000	0.0000	0.0000	0.0000	0.0000	0.0000	0.0000	0.0000	0.0000	0.0000	0.0000	0.0000	0.0228	0.0200	0.0028	0.0011	0.0010	0.0001	0.0218	0.0190	0.0028	0.0225	0.0112	0.0113	0.0009	0.0007	0.0002	0.0216	0.0105	0.0111
14	31	0.1290	21	0	0	1	0	0	0	1	0	0	2	0	2	0	0	0	0	0	0	N	N	N	N	N	Y	N	N	N	N	N	N	N	N	N	N	N	N	0.0000	0.0000	0.0000	0.0000	0.0000	0.0000	0.0000	0.0000	0.0000	0.0000	0.0000	0.0000	0.0000	0.0000	0.0000	0.0000	0.0000	0.0000	0.0000	0.0000	0.0000	0.0000	0.0000	0.0000	0.0000	0.0000	0.0000			0.0000	0.0000	1.0000	0.0057	2.0000	1.0792	0.0000	0.0000	0.0000	0.0000	0.0000	0.0000	0.0000	0.0000	0.0000	0.0000	0.0000	0.0000	0.0000	0.0000	0.0000	0.0000	0.0000	0.0000	0.0003	0.0002	0.0000	0.0001	0.0001	0.0000	0.0001	0.0001	0.0000	0.0070	0.0041	0.0030	0.0013	0.0012	0.0002	0.0057	0.0029	0.0028
14	36	0.1867	23	1	0	0	0	0	0	0	0	0	2	0	2	0	0	0	0	0	0	N	N	N	N	N	Y	N	N	N	N	N	N	N	N	N	N	N	N	0.0000	0.0000	0.0000	0.0000	0.0000	0.0000	0.0000	0.0000	0.0000	0.0000	0.0000	0.0000	0.0000	0.0000	0.0000	0.0000	0.0000	0.0000	0.0000	0.0000	0.0000	0.0000	0.0000	0.0000	0.0000	0.0000	0.0000			0.0000	0.0000	1.0000	11.0150	2.0000	4.0316	0.0000	0.0000	0.0000	0.0000	0.0000	0.0000	0.0000	0.0000	0.0000	0.0000	0.0000	0.0000	0.0000	0.0000	0.0000	0.0000	0.0000	0.0000	0.1156	0.1020	0.0136	0.0138	0.0130	0.0008	0.1018	0.0889	0.0129	0.0735	0.0392	0.0343	0.0112	0.0088	0.0024	0.0623	0.0304	0.0319
14	38	0.1001	16	1	0	0	1	0	0	0	1	0	2	1	2	0	0	0	0	0	0	N	N	N	N	N	Y	N	N	N	N	N	N	N	N	N	N	N	N	0.0000	0.0000	0.0000	0.0000	0.0000	0.0000	0.0000	0.0000	0.0000	0.0000	0.0000	0.0000	0.0000	0.0000	0.0000	0.0000	0.0000	0.0000	0.0080	0.0148	0.0000	0.0900	0.0965	0.0000	0.0000	0.0000	0.0000		0.0000	0.0000	-0.0001	1.0000	3.1237	2.0000	0.5096	0.0000	0.0000	0.0000	0.0000	0.0000	0.0000	0.0000	0.0000	0.0000	0.0002	0.0002	0.0000	0.0002	0.0002	0.0000	0.0000	0.0000	0.0000	0.0588	0.0528	0.0059	0.0144	0.0139	0.0005	0.0444	0.0389	0.0054	0.0226	0.0122	0.0104	0.0020	0.0019	0.0001	0.0206	0.0103	0.0103
14	43	0.0898	16	1	0	0	1	0	0	0	1	0	2	1	2	0	0	0	0	0	0	N	N	N	N	N	Y	N	N	N	N	N	N	N	N	N	N	N	N	0.0000	0.0000	0.0000	0.0000	0.0000	0.0000	0.0000	0.0000	0.0000	0.0000	0.0000	0.0000	0.0000	0.0000	0.0000	0.0000	0.0000	0.0000	0.0000	0.0000	0.0000	0.0000	0.0000	0.0000	0.0000	0.0000	0.0000			0.0000	0.0000	1.0000	2.9999	2.0000	0.9999	0.0000	0.0000	0.0000	0.0000	0.0000	0.0000	0.0000	0.0000	0.0000	0.0000	0.0000	0.0000	0.0000	0.0000	0.0000	0.0000	0.0000	0.0000	0.0400	0.0352	0.0048	0.0036	0.0035	0.0001	0.0364	0.0317	0.0047	0.0228	0.0111	0.0116	0.0008	0.0007	0.0002	0.0219	0.0105	0.0115
14	45	0.0850	15	1	0	0	0	0	0	0	0	0	1	1	2	0	0	0	0	0	0	N	N	N	N	N	Y	N	N	N	N	N	N	N	N	N	N	N	N	0.0000	0.0000	0.0000	0.0000	0.0000	0.0000	0.0000	0.0000	0.0000	0.0000	0.0000	0.0000	0.0000	0.0000	0.0000	0.0000	0.0000	0.0000	0.0000	0.0000	0.0000	0.0000	0.0000	0.0000	0.0000	0.0000	0.0000			0.0000	0.0000	1.0000	4.0000	2.0000	1.0000	0.0000	0.0000	0.0000	0.0000	0.0000	0.0000	0.0000	0.0000	0.0000	0.0000	0.0000	0.0000	0.0000	0.0000	0.0000	0.0000	0.0000	0.0000	0.0451	0.0395	0.0057	0.0014	0.0013	0.0001	0.0438	0.0382	0.0056	0.0281	0.0139	0.0142	0.0009	0.0007	0.0002	0.0272	0.0132	0.0140
14	46	0.1512	20	1	0	0	0	0	0	0	0	0	2	0	2	0	0	0	0	0	0	N	N	N	N	N	Y	N	N	N	N	N	N	N	N	N	N	N	N	0.0000	0.0000	0.0000	0.0000	0.0000	0.0000	0.0000	0.0000	0.0000	0.0000	0.0000	0.0000	0.0000	0.0000	0.0000	0.0000	0.0000	0.0000	0.0000	0.0000	0.0000	0.0000	0.0000	0.0000	0.0000	0.0000	0.0000			0.0000	0.0000	1.0000	0.0007	2.0000	1.0103	0.0000	0.0000	0.0000	0.0000	0.0000	0.0000	0.0000	0.0000	0.0000	0.0000	0.0000	0.0000	0.0000	0.0000	0.0000	0.0000	0.0000	0.0000	0.0000	0.0000	0.0000	0.0000	0.0000	0.0000	0.0000	0.0000	0.0000	0.0169	0.0120	0.0049	0.0065	0.0063	0.0002	0.0104	0.0057	0.0047
14	50	0.1076	18	1	0	1	1	0	0	0	1	0	1	1	2	0	0	0	0	0	0	N	N	N	N	N	Y	N	N	N	N	N	N	N	N	N	N	N	N	0.0000	0.0000	0.0000	0.0000	0.0000	0.0000	0.0000	0.0000	0.0000	0.0000	0.0000	0.0000	0.0000	0.0000	0.0000	0.0000	0.0000	0.0000	0.0000	0.0000	0.0000	0.0000	0.0000	0.0000	0.0000	0.0000	0.0000			0.0000	0.0000	1.0000	0.0001	2.0000	0.9998	0.0000	0.0000	0.0000	0.0000	0.0000	0.0000	0.0000	0.0000	0.0000	0.0000	0.0000	0.0000	0.0000	0.0000	0.0000	0.0000	0.0000	0.0000	0.0000	0.0000	0.0000	0.0000	0.0000	0.0000	0.0000	0.0000	0.0000	0.0058	0.0029	0.0029	0.0003	0.0002	0.0001	0.0055	0.0027	0.0028
14	51	0.1076	18	1	0	1	0	0	0	0	0	0	1	1	2	0	0	0	0	0	0	N	N	N	N	N	Y	N	N	N	N	N	N	N	N	N	N	N	N	0.0000	0.0000	0.0000	0.0000	0.0000	0.0000	0.0000	0.0000	0.0000	0.0000	0.0000	0.0000	0.0000	0.0000	0.0000	0.0000	0.0000	0.0000	0.0000	0.0000	0.0000	0.0000	0.0000	0.0000	0.0000	0.0000	0.0000			0.0000	0.0000	1.0000	0.0001	2.0000	1.0003	0.0000	0.0000	0.0000	0.0000	0.0000	0.0000	0.0000	0.0000	0.0000	0.0000	0.0000	0.0000	0.0000	0.0000	0.0000	0.0000	0.0000	0.0000	0.0000	0.0000	0.0000	0.0000	0.0000	0.0000	0.0000	0.0000	0.0000	0.0058	0.0029	0.0029	0.0003	0.0002	0.0001	0.0055	0.0027	0.0028
14	52	0.1044	17	1	0	1	0	0	0	1	0	0	1	1	2	0	0	0	0	0	0	N	N	N	N	N	Y	N	N	N	N	N	N	N	N	N	N	N	N	0.0000	0.0000	0.0000	0.0000	0.0000	0.0000	0.0000	0.0000	0.0000	0.0000	0.0000	0.0000	0.0000	0.0000	0.0000	0.0000	0.0000	0.0000	0.0000	0.0000	0.0000	0.0000	0.0000	0.0000	0.0000	0.0000	0.0000			0.0000	0.0000	1.0000	1.0000	2.0000	0.0042	0.0000	0.0000	0.0000	0.0000	0.0000	0.0000	0.0000	0.0000	0.0000	0.0000	0.0000	0.0000	0.0000	0.0000	0.0000	0.0000	0.0000	0.0000	0.0115	0.0100	0.0014	0.0005	0.0005	0.0000	0.0109	0.0095	0.0014	0.0058	0.0029	0.0029	0.0002	0.0002	0.0001	0.0055	0.0027	0.0028
14	53	0.1013	16	1	0	0	0	0	0	0	0	0	1	1	2	0	0	0	0	0	0	N	N	N	N	N	Y	N	N	N	N	N	N	N	N	N	N	N	N	0.0000	0.0000	0.0000	0.0000	0.0000	0.0000	0.0000	0.0000	0.0000	0.0000	0.0000	0.0000	0.0000	0.0000	0.0000	0.0000	0.0000	0.0000	0.0000	0.0000	0.0000	0.0000	0.0000	0.0000	0.0000	0.0000	0.0000			0.0000	0.0000	1.0000	0.9921	2.0000	0.0076	0.0000	0.0000	0.0000	0.0000	0.0000	0.0000	0.0000	0.0000	0.0000	0.0000	0.0000	0.0000	0.0000	0.0000	0.0000	0.0000	0.0000	0.0000	0.0115	0.0100	0.0014	0.0005	0.0005	0.0000	0.0109	0.0095	0.0014	0.0058	0.0029	0.0029	0.0003	0.0002	0.0001	0.0055	0.0027	0.0028
14	58	0.0964	14	1	0	1	0	0	0	0	0	0	2	0	2	0	0	0	0	0	0	N	N	N	N	N	Y	N	N	N	N	N	N	N	N	N	N	N	N	0.0000	0.0000	0.0000	0.0000	0.0000	0.0000	0.0000	0.0000	0.0000	0.0000	0.0000	0.0000	0.0000	0.0000	0.0000	0.0000	0.0000	0.0000	0.0000	0.0000	0.0000	0.0000	0.0000	0.0000	0.0000	0.0000	0.0000			0.0000	0.0000	1.0000	1.0033	2.0000	1.0015	0.0000	0.0000	0.0000	0.0000	0.0000	0.0000	0.0000	0.0000	0.0000	0.0000	0.0000	0.0000	0.0000	0.0000	0.0000	0.0000	0.0000	0.0000	0.0117	0.0103	0.0015	0.0003	0.0003	0.0000	0.0114	0.0099	0.0015	0.0155	0.0092	0.0063	0.0025	0.0024	0.0001	0.0130	0.0068	0.0062
14	60	0.0850	15	1	0	0	0	0	0	0	0	0	1	1	2	0	0	0	0	0	0	N	N	N	N	N	Y	N	N	N	N	N	N	N	N	N	N	N	N	0.0000	0.0000	0.0000	0.0000	0.0000	0.0000	0.0000	0.0000	0.0000	0.0000	0.0000	0.0000	0.0000	0.0000	0.0000	0.0000	0.0000	0.0000	0.0000	0.0000	0.0000	0.0000	0.0000	0.0000	0.0000	0.0000	0.0000			0.0000	0.0000	1.0000	2.0000	2.0000	7.0000	0.0000	0.0000	0.0000	0.0000	0.0000	0.0000	0.0000	0.0000	0.0000	0.0000	0.0000	0.0000	0.0000	0.0000	0.0000	0.0000	0.0000	0.0000	0.0228	0.0200	0.0029	0.0007	0.0007	0.0000	0.0221	0.0193	0.0028	0.0494	0.0245	0.0249	0.0015	0.0012	0.0003	0.0479	0.0233	0.0246
14	61	0.0850	14	1	0	0	0	0	0	0	0	0	2	1	2	0	0	0	0	0	0	N	N	N	N	N	Y	N	N	N	N	N	N	N	N	N	N	N	N	0.0000	0.0000	0.0000	0.0000	0.0000	0.0000	0.0000	0.0000	0.0000	0.0000	0.0000	0.0000	0.0000	0.0000	0.0000	0.0000	0.0000	0.0000	0.0000	0.0000	0.0000	0.0000	0.0000	0.0000	0.0000	0.0000	0.0000			0.0000	0.0000	1.0000	0.0000	2.0000	0.0000	0.0000	0.0000	0.0000	0.0000	0.0000	0.0000	0.0000	0.0000	0.0000	0.0000	0.0000	0.0000	0.0000	0.0000	0.0000	0.0000	0.0000	0.0000	0.0000	0.0000	0.0000	0.0000	0.0000	0.0000	0.0000	0.0000	0.0000	0.0000	0.0000	0.0000	0.0000	0.0000	0.0000	0.0000	0.0000	0.0000
14	68	0.1772	22	1	0	0	0	0	0	0	0	0	2	0	2	0	0	0	0	0	0	N	N	N	N	N	Y	N	N	N	N	N	N	N	N	N	N	N	N	0.0000	0.0000	0.0000	0.0000	0.0000	0.0000	0.0000	0.0000	0.0000	0.0000	0.0000	0.0000	0.0000	0.0000	0.0000	0.0000	0.0000	0.0000	0.0002	0.0004	0.0000	0.0012	0.0015	0.0000	0.0000	0.0000	0.0000		0.0000	0.0000	-0.0000	1.0000	1.4193	2.0000	5.2011	0.0000	0.0000	0.0000	0.0000	0.0000	0.0000	0.0000	0.0000	0.0000	0.0000	0.0000	0.0000	0.0000	0.0000	0.0000	0.0000	0.0000	0.0000	0.0244	0.0216	0.0028	0.0059	0.0058	0.0001	0.0185	0.0158	0.0028	0.0401	0.0232	0.0169	0.0080	0.0069	0.0012	0.0321	0.0164	0.0157
14	78	0.1076	16	1	0	1	0	0	0	1	0	0	1	1	2	0	0	0	0	0	0	N	N	N	N	N	Y	N	N	N	N	N	N	N	N	N	N	N	N	0.0000	0.0000	0.0000	0.0000	0.0000	0.0000	0.0000	0.0000	0.0000	0.0000	0.0000	0.0000	0.0000	0.0000	0.0000	0.0000	0.0000	0.0000	0.0000	0.0000	0.0000	0.0000	0.0000	0.0000	0.0000	0.0000	0.0000			0.0000	0.0000	1.0000	0.0000	2.0000	0.9988	0.0000	0.0000	0.0000	0.0000	0.0000	0.0000	0.0000	0.0000	0.0000	0.0000	0.0000	0.0000	0.0000	0.0000	0.0000	0.0000	0.0000	0.0000	0.0000	0.0000	0.0000	0.0000	0.0000	0.0000	0.0000	0.0000	0.0000	0.0059	0.0031	0.0028	0.0005	0.0004	0.0001	0.0054	0.0027	0.0028
14	79	0.1044	15	1	0	0	0	0	0	0	0	0	1	1	2	0	0	0	0	0	0	N	N	N	N	N	Y	N	N	N	N	N	N	N	N	N	N	N	N	0.0000	0.0000	0.0000	0.0000	0.0000	0.0000	0.0000	0.0000	0.0000	0.0000	0.0000	0.0000	0.0000	0.0000	0.0000	0.0000	0.0000	0.0000	0.0000	0.0000	0.0000	0.0000	0.0000	0.0000	0.0000	0.0000	0.0000			0.0000	0.0000	1.0000	0.0001	2.0000	1.0072	0.0000	0.0000	0.0000	0.0000	0.0000	0.0000	0.0000	0.0000	0.0000	0.0000	0.0000	0.0000	0.0000	0.0000	0.0000	0.0000	0.0000	0.0000	0.0000	0.0000	0.0000	0.0000	0.0000	0.0000	0.0000	0.0000	0.0000	0.0059	0.0030	0.0029	0.0004	0.0004	0.0001	0.0054	0.0026	0.0028
14	80	0.0947	14	1	0	0	0	0	0	0	0	0	1	1	2	0	0	0	0	0	0	N	N	N	N	N	Y	N	N	N	N	N	N	N	N	N	N	N	N	inf	inf	0.0000	inf	inf	0.0000	0.0000	0.0000	0.0000	0.0017	0.0019	0.0000	0.0376	0.0404	0.0000	0.0000	0.0000	0.0000	0.0000	0.0000	0.0000	0.0000	0.0000	0.0000	0.0000	0.0000	0.0000	0.0000		-0.0000	0.0000	1.0000	1.0058	2.0000	1.9973	0.0000	0.0000	0.0000	0.0000	0.0000	0.0000	0.0000	0.0000	0.0000	0.0000	0.0000	0.0000	0.0000	0.0000	0.0000	0.0000	0.0000	0.0000	0.0120	0.0105	0.0015	0.0005	0.0005	0.0000	0.0115	0.0100	0.0015	0.0174	0.0089	0.0085	0.0013	0.0010	0.0002	0.0162	0.0078	0.0083
14	83	0.0947	14	1	0	0	0	0	0	0	0	0	1	1	2	0	0	0	0	0	0	N	N	N	N	N	Y	N	N	N	N	N	N	N	N	N	N	N	N	inf	0.0000	inf	0.0000	0.0000	0.0000	inf	0.0000	inf	17.2894	0.0000	138.4271	0.0000	0.0000	0.0000	18.0091	0.0000	141.8331	0.0000	0.0000	0.0000	0.0000	0.0000	0.0000	0.0000	0.0000	0.0000	inf		0.7692	0.0000	1.0000	5.0069	2.0000	6.0103	1.0000	0.0000	1.0000	0.0000	0.0000	0.0000	1.0000	0.0000	1.0000	0.0000	0.0000	0.0000	0.0000	0.0000	0.0000	0.0000	0.0000	0.0000	0.0578	0.0506	0.0072	0.0023	0.0021	0.0002	0.0555	0.0485	0.0071	0.0606	0.0309	0.0297	0.0041	0.0034	0.0008	0.0565	0.0275	0.0289
14	84	0.0883	13	1	0	0	0	0	0	0	0	1	2	1	2	0	0	0	0	0	0	N	N	N	N	N	Y	N	N	N	N	N	N	N	N	N	N	N	N	inf	0.0000	inf	0.0000	0.0000	0.0000	inf	0.0000	inf	0.0009	0.0000	0.0068	0.0000	0.0000	0.0000	0.0009	0.0000	0.0069	0.0000	0.0000	0.0000	0.0000	0.0000	0.0000	0.0000	0.0000	0.0000	inf		0.0000	0.0000	1.0000	1.9932	2.0000	0.0278	0.0000	0.0000	0.0000	0.0000	0.0000	0.0000	0.0000	0.0000	0.0000	0.0000	0.0000	0.0000	0.0000	0.0000	0.0000	0.0000	0.0000	0.0000	0.0234	0.0204	0.0029	0.0006	0.0005	0.0000	0.0228	0.0199	0.0029	0.0121	0.0062	0.0059	0.0009	0.0008	0.0002	0.0112	0.0055	0.0057
14	87	0.1014	15	0	0	0	0	0	0	0	0	0	1	0	2	0	0	0	0	0	0	N	N	N	N	N	Y	N	N	N	N	N	N	N	N	N	N	N	N	0.0000	0.0000	0.0000	0.0000	0.0000	0.0000	0.0000	0.0000	0.0000	0.0000	0.0000	0.0000	0.0000	0.0000	0.0000	0.0000	0.0000	0.0000	0.0000	0.0000	0.0000	0.0000	0.0000	0.0000	0.0000	0.0000	0.0000			0.0000	0.0000	1.0000	0.9989	2.0000	0.5152	0.0000	0.0000	0.0000	0.0000	0.0000	0.0000	0.0000	0.0000	0.0000	0.0000	0.0000	0.0000	0.0000	0.0000	0.0000	0.0000	0.0000	0.0000	0.0115	0.0101	0.0014	0.0007	0.0006	0.0000	0.0109	0.0095	0.0014	0.0156	0.0097	0.0059	0.0079	0.0059	0.0020	0.0077	0.0038	0.0039
14	88	0.0720	14	0	0	0	0	0	0	0	0	0	2	0	2	0	0	0	0	0	0	N	N	N	N	N	Y	N	N	N	N	N	N	N	N	N	N	N	N	0.0000	0.0000	0.0000	0.0000	0.0000	0.0000	0.0000	0.0000	0.0000	0.0000	0.0000	0.0000	0.0000	0.0000	0.0000	0.0000	0.0000	0.0000	0.0000	0.0000	0.0000	0.0000	0.0000	0.0000	0.0000	0.0000	0.0000			0.0000	0.0000	1.0000	6.0209	2.0000	2.4875	0.0000	0.0000	0.0000	0.0000	0.0000	0.0000	0.0000	0.0000	0.0000	0.0000	0.0000	0.0000	0.0000	0.0000	0.0000	0.0000	0.0000	0.0000	0.0688	0.0602	0.0086	0.0020	0.0019	0.0001	0.0668	0.0583	0.0085	0.0548	0.0296	0.0252	0.0093	0.0073	0.0020	0.0455	0.0223	0.0232
14	92	0.1013	16	1	0	0	1	0	0	0	1	0	1	1	2	0	0	0	0	0	0	N	N	N	N	N	Y	N	N	N	N	N	N	N	N	N	N	N	N	0.0000	0.0000	0.0000	0.0000	0.0000	0.0000	0.0000	0.0000	0.0000	0.0000	0.0000	0.0000	0.0000	0.0000	0.0000	0.0000	0.0000	0.0000	0.0000	0.0000	0.0000	0.0000	0.0000	0.0000	0.0000	0.0000	0.0000			0.0000	0.0000	1.0000	1.0091	2.0000	1.9972	0.0000	0.0000	0.0000	0.0000	0.0000	0.0000	0.0000	0.0000	0.0000	0.0000	0.0000	0.0000	0.0000	0.0000	0.0000	0.0000	0.0000	0.0000	0.0117	0.0102	0.0015	0.0005	0.0005	0.0000	0.0111	0.0097	0.0014	0.0171	0.0085	0.0086	0.0008	0.0006	0.0002	0.0164	0.0080	0.0084
14	93	0.0850	15	1	0	0	0	0	0	0	0	0	2	1	2	0	0	0	0	0	0	N	N	N	N	N	Y	N	N	N	N	N	N	N	N	N	N	N	N	0.0000	0.0000	0.0000	0.0000	0.0000	0.0000	0.0000	0.0000	0.0000	0.0000	0.0000	0.0000	0.0000	0.0000	0.0000	0.0000	0.0000	0.0000	0.0000	0.0000	0.0000	0.0000	0.0000	0.0000	0.0000	0.0000	0.0000			0.0000	0.0000	1.0000	2.0083	2.0000	3.0031	0.0000	0.0000	0.0000	0.0000	0.0000	0.0000	0.0000	0.0000	0.0000	0.0000	0.0000	0.0000	0.0000	0.0000	0.0000	0.0000	0.0000	0.0000	0.0228	0.0199	0.0029	0.0007	0.0007	0.0000	0.0221	0.0193	0.0028	0.0282	0.0140	0.0142	0.0009	0.0007	0.0002	0.0273	0.0133	0.0140
14	127	0.0162	3	0	0	0	0	0	0	0	0	0	2	0	2	0	0	0	0	0	0	N	N	N	N	N	Y	N	N	N	N	N	N	N	N	N	N	N	N	0.0000	0.0000	0.0000	0.0000	0.0000	0.0000	0.0000	0.0000	0.0000	0.0000	0.0000	0.0000	0.0000	0.0000	0.0000	0.0000	0.0000	0.0000	0.0000	0.0000	0.0000	0.0000	0.0000	0.0000	0.0000	0.0000	0.0000			0.0000	0.0000	1.0000	1.0000	2.0000	2.0000	0.0000	0.0000	0.0000	0.0000	0.0000	0.0000	0.0000	0.0000	0.0000	0.0000	0.0000	0.0000	0.0000	0.0000	0.0000	0.0000	0.0000	0.0000	0.0117	0.0102	0.0015	0.0000	0.0000	0.0000	0.0117	0.0102	0.0015	0.0178	0.0087	0.0091	0.0000	0.0000	0.0000	0.0178	0.0087	0.0091
14	128	0.0162	4	0	0	0	0	0	0	0	0	0	2	0	2	0	0	0	0	0	0	N	N	N	N	N	Y	N	N	N	N	N	N	N	N	N	N	N	N	0.0000	0.0000	0.0000	0.0000	0.0000	0.0000	0.0000	0.0000	0.0000	0.0000	0.0000	0.0000	0.0000	0.0000	0.0000	0.0000	0.0000	0.0000	0.0000	0.0000	0.0000	0.0000	0.0000	0.0000	0.0000	0.0000	0.0000			0.0000	0.0000	1.0000	3.0000	2.0000	2.0000	0.0000	0.0000	0.0000	0.0000	0.0000	0.0000	0.0000	0.0000	0.0000	0.0000	0.0000	0.0000	0.0000	0.0000	0.0000	0.0000	0.0000	0.0000	0.0346	0.0302	0.0044	0.0000	0.0000	0.0000	0.0346	0.0302	0.0044	0.0294	0.0143	0.0150	0.0001	0.0001	0.0000	0.0293	0.0143	0.0150
14	129	0.0130	2	0	0	0	0	0	0	0	0	0	2	0	2	0	0	0	0	0	0	N	N	N	N	N	Y	N	N	N	N	N	N	N	N	N	N	N	N	0.0000	0.0000	0.0000	0.0000	0.0000	0.0000	0.0000	0.0000	0.0000	0.0000	0.0000	0.0000	0.0000	0.0000	0.0000	0.0000	0.0000	0.0000	0.0000	0.0000	0.0000	0.0000	0.0000	0.0000	0.0000	0.0000	0.0000			0.0000	0.0000	1.0000	2.0004	2.0000	1.0045	0.0000	0.0000	0.0000	0.0000	0.0000	0.0000	0.0000	0.0000	0.0000	0.0000	0.0000	0.0000	0.0000	0.0000	0.0000	0.0000	0.0000	0.0000	0.0232	0.0203	0.0030	0.0000	0.0000	0.0000	0.0232	0.0203	0.0030	0.0180	0.0088	0.0092	0.0001	0.0001	0.0000	0.0179	0.0087	0.0092
15	22	0.0741	10	2	0	1	1	0	0	0	1	0	0	1	1	0	0	0	0	0	0	Y	N	N	N	N	N	N	N	N	N	N	N	N	N	N	N	N	N	0.0000	0.0000	0.0000	0.0000	0.0000	0.0000	0.0000	0.0000	0.0000	0.0000	0.0000	0.0000	0.0000	0.0000	0.0000	0.0000	0.0000	0.0000	0.0000	0.0000	0.0000	0.0000	0.0000	0.0000	0.0000	0.0000	0.0000			0.0000	0.0000	5.0003	2.0010	7.0080	1.9996	0.0000	0.0000	0.0000	0.0000	0.0000	0.0000	0.0000	0.0000	0.0000	0.0000	0.0000	0.0000	0.0000	0.0000	0.0000	0.0000	0.0000	0.0000	0.1033	0.0904	0.0129	0.0025	0.0024	0.0001	0.1008	0.0880	0.0128	0.0803	0.0392	0.0411	0.0013	0.0010	0.0004	0.0789	0.0382	0.0408
15	36	0.2082	18	2	0	1	0	0	0	0	0	0	1	0	1	0	0	0	0	0	0	Y	N	N	N	N	N	N	N	N	N	N	N	N	N	N	N	N	N	0.0017	0.0010	0.0000	0.0019	0.0016	0.0000	0.0000	0.0000	0.0000	0.0000	0.0000	0.0000	0.0002	0.0002	0.0000	0.0000	0.0000	0.0000	0.0111	0.0210	0.0000	0.0867	0.1111	0.0000	0.0000	0.0000	0.0000	0.0000	0.0003	-0.0000	-0.0018	5.0003	11.0150	7.0080	4.0316	0.0000	0.0000	0.0000	0.0000	0.0000	0.0000	0.0000	0.0000	0.0000	0.0028	0.0028	0.0000	0.0028	0.0028	0.0000	0.0000	0.0000	0.0000	0.5216	0.4604	0.0611	0.0592	0.0560	0.0032	0.4624	0.4045	0.0579	0.2546	0.1349	0.1197	0.0326	0.0255	0.0072	0.2220	0.1094	0.1126
15	38	0.0697	9	2	0	1	1	0	0	0	1	0	1	1	1	0	0	0	0	0	0	Y	N	N	N	N	N	N	N	N	N	N	N	N	N	N	N	N	N	0.0000	0.0000	0.0000	0.0000	0.0000	0.0000	0.0000	0.0000	0.0000	0.0000	0.0000	0.0000	0.0000	0.0000	0.0000	0.0000	0.0000	0.0000	0.0006	0.0012	0.0000	0.0101	0.0101	0.0111	0.0000	0.0000	0.0000		0.0108	0.0000	-0.0000	5.0003	3.1237	7.0080	0.5096	0.0000	0.0000	0.0000	0.0000	0.0000	0.0000	0.0000	0.0000	0.0000	0.0001	0.0000	0.0000	0.0001	0.0000	0.0000	0.0000	0.0000	0.0000	0.2626	0.2357	0.0269	0.0534	0.0529	0.0005	0.2092	0.1828	0.0264	0.0809	0.0425	0.0385	0.0050	0.0049	0.0000	0.0760	0.0375	0.0384
15	43	0.0595	9	2	0	1	1	0	0	0	1	0	1	1	1	0	0	0	0	0	0	Y	N	N	N	N	N	N	N	N	N	N	N	N	N	N	N	N	N	inf	inf	0.0000	0.0000	0.0000	0.0000	inf	inf	0.0000	5.5221	6.2771	0.0000	0.0000	0.0000	0.0000	5.9079	6.7767	0.0000	0.0000	0.0000	0.0000	0.0000	0.0000	0.0000	0.0000	0.0000	0.0000	0.0000		-0.2308	0.0000	5.0003	2.9999	7.0080	0.9999	0.9999	0.9999	0.0000	0.0000	0.0000	0.0000	0.9999	0.9999	0.0000	0.0000	0.0000	0.0000	0.0000	0.0000	0.0000	0.0000	0.0000	0.0000	0.1811	0.1593	0.0218	0.0118	0.0117	0.0001	0.1692	0.1475	0.0217	0.0818	0.0387	0.0431	0.0002	0.0002	0.0000	0.0816	0.0385	0.0431
15	44	0.0546	8	2	0	1	0	0	0	0	0	0	0	1	0	0	0	0	0	0	0	Y	N	N	N	N	N	N	N	N	N	N	N	N	N	N	N	N	N	0.3390	0.2612	0.0000	0.0000	0.0000	0.0000	0.3404	0.2619	0.0000	0.0012	0.0013	0.0000	0.0000	0.0000	0.0000	0.0012	0.0013	0.0000	0.0034	0.0050	0.0019	0.0001	0.0001	0.0000	0.0034	0.0051	0.0019	0.0000	0.4000	-0.0000	-0.0000	5.0003	1.0020	7.0080	0.0022	0.0001	0.0001	0.0000	0.0000	0.0000	0.0000	0.0001	0.0001	0.0000	0.0001	0.0000	0.0000	0.0000	0.0000	0.0000	0.0001	0.0000	0.0000	0.0522	0.0456	0.0066	0.0003	0.0003	0.0000	0.0519	0.0453	0.0066	0.0206	0.0099	0.0107	0.0000	0.0000	0.0000	0.0206	0.0099	0.0107
15	45	0.0546	8	2	0	1	0	0	0	0	0	0	0	1	1	0	0	0	0	0	0	Y	N	N	N	N	N	N	N	N	N	N	N	N	N	N	N	N	N	0.0000	0.0000	0.0000	0.0000	0.0000	0.0000	0.0000	0.0000	0.0000	0.0000	0.0000	0.0000	0.0000	0.0000	0.0000	0.0000	0.0000	0.0000	0.0000	0.0000	0.0000	0.0000	0.0000	0.0000	0.0000	0.0000	0.0000			0.0000	0.0000	5.0003	4.0000	7.0080	1.0000	0.0000	0.0000	0.0000	0.0000	0.0000	0.0000	0.0000	0.0000	0.0000	0.0000	0.0000	0.0000	0.0000	0.0000	0.0000	0.0000	0.0000	0.0000	0.2043	0.1786	0.0257	0.0012	0.0011	0.0000	0.2032	0.1775	0.0257	0.1005	0.0483	0.0522	0.0002	0.0002	0.0000	0.1003	0.0481	0.0522
15	46	0.1728	15	2	0	1	0	0	0	0	0	0	1	0	1	0	0	0	0	0	0	Y	N	N	N	N	N	N	N	N	N	N	N	N	N	N	N	N	N	0.0000	0.0000	0.0000	0.0000	0.0000	0.0000	0.0000	0.0000	0.0000	0.0000	0.0000	0.0000	0.0000	0.0000	0.0000	0.0000	0.0000	0.0000	0.0000	0.0000	0.0000	0.0000	0.0000	0.0000	0.0000	0.0000	0.0000			0.0000	0.0000	5.0003	0.0007	7.0080	1.0103	0.0000	0.0000	0.0000	0.0000	0.0000	0.0000	0.0000	0.0000	0.0000	0.0000	0.0000	0.0000	0.0000	0.0000	0.0000	0.0000	0.0000	0.0000	0.0002	0.0001	0.0000	0.0001	0.0001	0.0000	0.0001	0.0001	0.0000	0.0578	0.0410	0.0168	0.0215	0.0210	0.0006	0.0362	0.0200	0.0162
15	47	0.1378	14	2	0	1	0	1	0	0	0	0	0	0	0	0	0	0	0	0	0	Y	N	N	N	N	N	N	N	N	N	N	N	N	N	N	N	N	N	0.1145	0.0000	0.4437	0.0000	0.0000	0.0000	0.1067	0.0000	0.4348	0.0000	0.0000	0.0002	0.0000	0.0000	0.0000	0.0000	0.0000	0.0002	0.0002	0.0000	0.0005	0.0000	0.0000	0.0000	0.0003	0.0000	0.0005	inf	191.1841	0.0000	0.0000	5.0003	6.8097	7.0080	3.8431	0.0000	0.0000	0.0000	0.0000	0.0000	0.0000	0.0000	0.0000	0.0000	0.0001	0.0000	0.0000	0.0000	0.0000	0.0000	0.0000	0.0000	0.0000	0.3656	0.3220	0.0437	0.0238	0.0228	0.0010	0.3418	0.2992	0.0427	0.2104	0.1136	0.0968	0.0280	0.0239	0.0041	0.1824	0.0897	0.0927
15	49	0.1987	17	2	0	1	0	0	0	0	0	0	0	0	0	0	0	0	0	0	0	Y	N	N	N	N	N	N	N	N	N	N	N	N	N	N	N	N	N	111.4154	94.1028	0.0379	0.4631	0.4287	0.0000	120.1135	91.9657	0.0369	4.9988	5.6547	0.0007	0.0079	0.0080	0.0000	6.4281	7.5114	0.0007	0.0449	0.0601	0.0191	0.0171	0.0187	0.0001	0.0535	0.0817	0.0202	0.0000	0.1870	-0.1378	-0.0014	5.0003	1.6285	7.0080	1.0381	0.5970	0.5970	0.0000	0.0002	0.0002	0.0000	0.5968	0.5968	0.0000	0.0031	0.0026	0.0005	0.0003	0.0003	0.0000	0.0028	0.0023	0.0005	0.1194	0.1056	0.0139	0.0266	0.0261	0.0005	0.0928	0.0794	0.0134	0.0693	0.0436	0.0257	0.0164	0.0149	0.0015	0.0528	0.0286	0.0242
15	53	0.0709	9	2	0	1	0	0	0	0	0	0	0	1	1	0	0	0	0	0	0	Y	N	N	N	N	N	N	N	N	N	N	N	N	N	N	N	N	N	inf	0.0000	inf	0.0000	0.0000	0.0000	inf	0.0000	inf	0.0110	0.0000	0.0880	0.0000	0.0000	0.0000	0.0112	0.0000	0.0885	0.0000	0.0000	0.0000	0.0000	0.0000	0.0000	0.0000	0.0000	0.0000	inf		0.0004	0.0000	5.0003	0.9921	7.0080	0.0076	0.0006	0.0000	0.0006	0.0000	0.0000	0.0000	0.0006	0.0000	0.0006	0.0000	0.0000	0.0000	0.0000	0.0000	0.0000	0.0000	0.0000	0.0000	0.0518	0.0454	0.0065	0.0011	0.0011	0.0000	0.0507	0.0443	0.0064	0.0207	0.0102	0.0106	0.0005	0.0004	0.0001	0.0202	0.0097	0.0105
15	60	0.0546	8	2	0	1	0	0	0	0	0	0	0	1	1	0	0	0	0	0	0	Y	N	N	N	N	N	N	N	N	N	N	N	N	N	N	N	N	N	0.0000	0.0000	0.0000	0.0000	0.0000	0.0000	0.0000	0.0000	0.0000	0.0000	0.0000	0.0000	0.0000	0.0000	0.0000	0.0000	0.0000	0.0000	0.0001	0.0001	0.0000	0.0281	0.0286	0.0000	0.0000	0.0000	0.0000		0.0000	0.0000	-0.0000	5.0003	2.0000	7.0080	7.0000	0.0000	0.0000	0.0000	0.0000	0.0000	0.0000	0.0000	0.0000	0.0000	0.0000	0.0000	0.0000	0.0000	0.0000	0.0000	0.0000	0.0000	0.0000	0.1034	0.0903	0.0131	0.0006	0.0006	0.0000	0.1028	0.0898	0.0131	0.1771	0.0853	0.0918	0.0004	0.0003	0.0000	0.1768	0.0849	0.0918
15	61	0.0546	7	2	0	1	0	0	0	0	0	0	1	1	1	0	0	0	0	0	0	Y	N	N	N	N	N	N	N	N	N	N	N	N	N	N	N	N	N	0.0000	0.0000	0.0000	0.0000	0.0000	0.0000	0.0000	0.0000	0.0000	0.0000	0.0000	0.0000	0.0000	0.0000	0.0000	0.0000	0.0000	0.0000	0.0000	0.0000	0.0000	0.0000	0.0000	0.0000	0.0000	0.0000	0.0000			0.0000	0.0000	5.0003	0.0000	7.0080	0.0000	0.0000	0.0000	0.0000	0.0000	0.0000	0.0000	0.0000	0.0000	0.0000	0.0000	0.0000	0.0000	0.0000	0.0000	0.0000	0.0000	0.0000	0.0000	0.0000	0.0000	0.0000	0.0000	0.0000	0.0000	0.0000	0.0000	0.0000	0.0000	0.0000	0.0000	0.0000	0.0000	0.0000	0.0000	0.0000	0.0000
15	68	0.1987	17	2	0	1	0	0	0	0	0	0	1	0	1	0	0	0	0	0	0	Y	N	N	N	N	N	N	N	N	N	N	N	N	N	N	N	N	N	1830.9336	1191.3911	0.0000	1397.5145	1218.8708	0.0000	0.0000	0.0000	0.0000	3.6959	4.1789	0.0000	15.7215	15.9747	0.0000	0.0000	0.0000	0.0000	0.0020	0.0035	0.0000	0.0112	0.0131	0.0000	0.0000	0.0000	0.0000	0.0000	0.0001	-0.0930	-0.0002	5.0003	1.4193	7.0080	5.2011	0.4032	0.4032	0.0000	0.4032	0.4032	0.0000	0.0000	0.0000	0.0000	0.0003	0.0003	0.0000	0.0003	0.0003	0.0000	0.0000	0.0000	0.0000	0.1091	0.0965	0.0126	0.0256	0.0252	0.0004	0.0834	0.0712	0.0122	0.1386	0.0798	0.0589	0.0249	0.0213	0.0035	0.1137	0.0584	0.0553
15	69	0.1486	16	2	0	1	0	1	0	0	0	0	0	0	0	0	0	0	0	0	0	Y	N	N	N	N	N	N	N	N	N	N	N	N	N	N	N	N	N	538.4749	352.8852	0.0000	10.3522	8.9322	0.0000	698.8920	441.4900	0.0000	0.8390	0.9540	0.0000	0.0389	0.0408	0.0000	0.8853	1.0114	0.0000	0.0016	0.0027	0.0003	0.0038	0.0046	0.0000	0.0013	0.0023	0.0003	0.0000	0.0834	-0.0933	-0.0002	5.0003	9.3928	7.0080	3.6523	0.4041	0.4041	0.0000	0.0010	0.0010	0.0000	0.4031	0.4031	0.0000	0.0004	0.0004	0.0000	0.0001	0.0001	0.0000	0.0003	0.0002	0.0000	0.4817	0.4236	0.0581	0.0263	0.0251	0.0013	0.4553	0.3986	0.0568	0.2501	0.1330	0.1171	0.0293	0.0240	0.0053	0.2208	0.1090	0.1118
15	74	0.0546	8	2	0	1	0	0	0	0	0	0	0	1	0	0	0	0	0	0	0	Y	N	N	N	N	N	N	N	N	N	N	N	N	N	N	N	N	N	0.0000	0.0000	0.0000	0.0000	0.0000	0.0000	0.0000	0.0000	0.0000	0.0000	0.0000	0.0000	0.0000	0.0000	0.0000	0.0000	0.0000	0.0000	0.0006	0.0002	0.0009	0.0030	0.0031	0.0000	0.0006	0.0002	0.0009		3.7968	0.0000	0.0000	5.0003	3.9277	7.0080	0.5227	0.0000	0.0000	0.0000	0.0000	0.0000	0.0000	0.0000	0.0000	0.0000	0.0001	0.0000	0.0000	0.0000	0.0000	0.0000	0.0000	0.0000	0.0000	0.2008	0.1755	0.0253	0.0012	0.0011	0.0000	0.1996	0.1744	0.0253	0.0897	0.0431	0.0466	0.0002	0.0002	0.0000	0.0895	0.0430	0.0466
15	75	0.0546	7	2	0	1	0	0	0	0	0	0	0	1	0	0	0	0	0	0	0	Y	N	N	N	N	N	N	N	N	N	N	N	N	N	N	N	N	N	0.0000	0.0000	0.0000	0.0000	0.0000	0.0000	0.0000	0.0000	0.0000	0.0000	0.0000	0.0000	0.0000	0.0000	0.0000	0.0000	0.0000	0.0000	0.0000	0.0000	0.0000	0.0000	0.0000	0.0000	0.0000	0.0000	0.0000			0.0000	0.0000	5.0003	0.0009	7.0080	0.0000	0.0000	0.0000	0.0000	0.0000	0.0000	0.0000	0.0000	0.0000	0.0000	0.0000	0.0000	0.0000	0.0000	0.0000	0.0000	0.0000	0.0000	0.0000	0.0000	0.0000	0.0000	0.0000	0.0000	0.0000	0.0000	0.0000	0.0000	0.0000	0.0000	0.0000	0.0000	0.0000	0.0000	0.0000	0.0000	0.0000
15	76	0.0514	6	2	0	1	0	0	0	0	0	0	0	1	0	0	0	0	0	0	0	Y	N	N	N	N	N	N	N	N	N	N	N	N	N	N	N	N	N	8.2734	0.0000	inf	0.0000	0.0000	0.0000	inf	0.0000	inf	0.0121	0.0000	0.0956	0.0000	0.0000	0.0000	0.0122	0.0000	0.0958	0.0015	0.0030	0.0000	0.7224	0.7347	0.0000	0.0000	0.0000	0.0000	inf	0.0000	0.0005	-0.0000	5.0003	1.0000	7.0080	0.0000	0.0006	0.0000	0.0006	0.0000	0.0000	0.0000	0.0006	0.0000	0.0006	0.0000	0.0000	0.0000	0.0000	0.0000	0.0000	0.0000	0.0000	0.0000	0.0521	0.0455	0.0066	0.0004	0.0003	0.0000	0.0517	0.0451	0.0066	0.0205	0.0099	0.0106	0.0000	0.0000	0.0000	0.0204	0.0098	0.0106
15	77	0.0894	9	2	0	1	0	1	0	0	0	0	0	0	0	0	0	0	0	0	0	Y	N	N	N	N	N	N	N	N	N	N	N	N	N	N	N	N	N	0.0000	0.0000	0.0000	0.0000	0.0000	0.0000	0.0000	0.0000	0.0000	0.0000	0.0000	0.0000	0.0000	0.0000	0.0000	0.0000	0.0000	0.0000	6.9498	13.8271	0.0000	0.0079	0.0090	0.0000	7.0740	14.2661	0.0000		0.0000	0.0000	-0.6190	5.0003	3.3326	7.0080	4.0108	0.0000	0.0000	0.0000	0.0000	0.0000	0.0000	0.0000	0.0000	0.0000	0.9997	0.9997	0.0000	0.0000	0.0000	0.0000	0.9997	0.9997	0.0000	0.1864	0.1636	0.0228	0.0087	0.0086	0.0002	0.1777	0.1551	0.0226	0.1438	0.0723	0.0715	0.0025	0.0022	0.0003	0.1413	0.0701	0.0712
15	79	0.0676	6	2	0	1	0	0	0	0	0	0	0	1	1	0	0	0	0	0	0	Y	N	N	N	N	N	N	N	N	N	N	N	N	N	N	N	N	N	0.0000	0.0000	0.0000	0.0000	0.0000	0.0000	0.0000	0.0000	0.0000	0.0000	0.0000	0.0000	0.0000	0.0000	0.0000	0.0000	0.0000	0.0000	0.0000	0.0000	0.0000	0.0000	0.0000	0.0000	0.0000	0.0000	0.0000			0.0000	0.0000	5.0003	0.0001	7.0080	1.0072	0.0000	0.0000	0.0000	0.0000	0.0000	0.0000	0.0000	0.0000	0.0000	0.0000	0.0000	0.0000	0.0000	0.0000	0.0000	0.0000	0.0000	0.0000	0.0000	0.0000	0.0000	0.0000	0.0000	0.0000	0.0000	0.0000	0.0000	0.0209	0.0103	0.0106	0.0006	0.0005	0.0001	0.0203	0.0098	0.0105
15	80	0.0579	5	2	0	1	0	0	0	0	0	0	0	1	1	0	0	0	0	0	0	Y	N	N	N	N	N	N	N	N	N	N	N	N	N	N	N	N	N	93.6541	inf	0.0000	0.0000	0.0000	0.0000	1323.4146	inf	0.0000	0.0000	0.0000	0.0000	0.0000	0.0000	0.0000	0.0000	0.0000	0.0000	0.0000	0.0000	0.0000	0.0000	0.0000	0.0000	0.0000	0.0000	0.0000	0.0000	inf	-0.0000	0.0000	5.0003	1.0058	7.0080	1.9973	0.0000	0.0000	0.0000	0.0000	0.0000	0.0000	0.0000	0.0000	0.0000	0.0000	0.0000	0.0000	0.0000	0.0000	0.0000	0.0000	0.0000	0.0000	0.0541	0.0473	0.0068	0.0011	0.0010	0.0001	0.0530	0.0463	0.0067	0.0618	0.0304	0.0314	0.0015	0.0013	0.0003	0.0602	0.0291	0.0311
15	83	0.0579	5	2	0	1	0	0	0	0	0	0	0	1	1	0	0	0	0	0	0	Y	N	N	N	N	N	N	N	N	N	N	N	N	N	N	N	N	N	0.0963	0.0540	0.0000	0.0000	0.0000	0.0000	957.1362	531.1180	0.0000	0.0000	0.0000	0.0000	0.0000	0.0000	0.0000	0.0000	0.0000	0.0000	0.0000	0.0001	0.0000	0.0023	0.0030	0.0000	0.0000	0.0000	0.0000	0.0000	0.0000	-0.0000	-0.0000	5.0003	5.0069	7.0080	6.0103	0.0000	0.0000	0.0000	0.0000	0.0000	0.0000	0.0000	0.0000	0.0000	0.0000	0.0000	0.0000	0.0000	0.0000	0.0000	0.0000	0.0000	0.0000	0.2607	0.2281	0.0326	0.0041	0.0037	0.0003	0.2566	0.2243	0.0323	0.2151	0.1056	0.1095	0.0043	0.0034	0.0010	0.2108	0.1022	0.1085
15	84	0.0515	4	2	0	1	0	0	0	0	0	1	1	1	1	0	0	0	0	0	0	Y	N	N	N	N	N	N	N	N	N	N	N	N	N	N	N	N	N	4905.9899	10154.6055	0.0000	0.4134	0.3876	0.0000	6672.7485	inf	0.0000	0.0059	0.0068	0.0000	0.0000	0.0000	0.0000	0.0060	0.0068	0.0000	0.0000	0.0000	0.0000	0.0000	0.0000	0.0000	0.0000	0.0000	0.0000	0.0000	2.6550	-0.0001	0.0000	5.0003	1.9932	7.0080	0.0278	0.0006	0.0006	0.0000	0.0000	0.0000	0.0000	0.0006	0.0006	0.0000	0.0000	0.0000	0.0000	0.0000	0.0000	0.0000	0.0000	0.0000	0.0000	0.1056	0.0922	0.0133	0.0004	0.0004	0.0000	0.1052	0.0918	0.0133	0.0428	0.0212	0.0216	0.0012	0.0010	0.0002	0.0416	0.0201	0.0214
15	91	0.1270	12	2	0	1	0	0	0	0	0	0	0	0	0	0	0	0	0	0	0	Y	N	N	N	N	N	N	N	N	N	N	N	N	N	N	N	N	N	14029.1946	9431.0544	42027.6512	245.4013	215.8878	363891.6903	15703.7776	9362.5593	41534.8990	6.6494	6.7624	5.8537	0.1471	0.1377	0.3098	6.9373	7.0803	5.9587	0.0005	0.0007	0.0001	0.0006	0.0006	0.0000	0.0004	0.0008	0.0001	0.1230	0.1411	-0.0676	-0.0000	5.0003	1.5872	7.0080	4.4746	0.5578	0.4967	0.0611	0.0005	0.0005	0.0001	0.5572	0.4962	0.0610	0.0001	0.0001	0.0000	0.0000	0.0000	0.0000	0.0001	0.0000	0.0000	0.0839	0.0734	0.0104	0.0036	0.0034	0.0002	0.0803	0.0701	0.0102	0.1705	0.0988	0.0717	0.0348	0.0327	0.0021	0.1357	0.0661	0.0696
15	92	0.0709	9	2	0	1	1	0	0	0	1	0	0	1	1	0	0	0	0	0	0	Y	N	N	N	N	N	N	N	N	N	N	N	N	N	N	N	N	N	inf	0.0000	inf	0.0000	0.0000	0.0000	inf	0.0000	inf	0.0108	0.0000	0.0865	0.0000	0.0000	0.0000	0.0111	0.0000	0.0870	0.0000	0.0000	0.0000	0.0000	0.0000	0.0000	0.0000	0.0000	0.0000	inf		0.0004	0.0000	5.0003	1.0091	7.0080	1.9972	0.0006	0.0000	0.0006	0.0000	0.0000	0.0000	0.0006	0.0000	0.0006	0.0000	0.0000	0.0000	0.0000	0.0000	0.0000	0.0000	0.0000	0.0000	0.0527	0.0461	0.0066	0.0012	0.0011	0.0000	0.0516	0.0450	0.0065	0.0610	0.0298	0.0312	0.0012	0.0009	0.0003	0.0599	0.0289	0.0310
15	93	0.0546	8	2	0	1	0	0	0	0	0	0	1	1	1	0	0	0	0	0	0	Y	N	N	N	N	N	N	N	N	N	N	N	N	N	N	N	N	N	inf	0.0000	inf	0.0000	0.0000	0.0000	inf	0.0000	inf	9.6757	0.0000	76.5719	0.0000	0.0000	0.0000	9.7630	0.0000	76.8650	0.0000	0.0000	0.0000	0.0000	0.0000	0.0000	0.0000	0.0000	0.0000	inf		0.7686	0.0000	5.0003	2.0083	7.0080	3.0031	0.9992	0.0000	0.9992	0.0000	0.0000	0.0000	0.9992	0.0000	0.9992	0.0000	0.0000	0.0000	0.0000	0.0000	0.0000	0.0000	0.0000	0.0000	0.1033	0.0902	0.0130	0.0009	0.0009	0.0000	0.1023	0.0893	0.0130	0.1004	0.0484	0.0520	0.0002	0.0002	0.0000	0.1002	0.0482	0.0520
15	94	0.0546	7	2	0	1	0	0	0	0	0	0	0	1	0	0	0	0	0	0	0	Y	N	N	N	N	N	N	N	N	N	N	N	N	N	N	N	N	N	0.0000	0.0000	0.0000	0.0000	0.0000	0.0000	0.0000	0.0000	0.0000	0.0000	0.0000	0.0000	0.0000	0.0000	0.0000	0.0000	0.0000	0.0000	0.0000	0.0000	0.0000	0.0000	0.0000	0.0000	0.0000	0.0000	0.0000			0.0000	0.0000	5.0003	0.0000	7.0080	0.0002	0.0000	0.0000	0.0000	0.0000	0.0000	0.0000	0.0000	0.0000	0.0000	0.0000	0.0000	0.0000	0.0000	0.0000	0.0000	0.0000	0.0000	0.0000	0.0000	0.0000	0.0000	0.0000	0.0000	0.0000	0.0000	0.0000	0.0000	0.0000	0.0000	0.0000	0.0000	0.0000	0.0000	0.0000	0.0000	0.0000
15	95	0.0514	6	2	0	1	0	0	0	0	0	0	0	1	0	0	0	0	0	0	0	Y	N	N	N	N	N	N	N	N	N	N	N	N	N	N	N	N	N	0.0000	0.0000	0.0000	0.0000	0.0000	0.0000	0.0000	0.0000	0.0000	0.0000	0.0000	0.0000	0.0000	0.0000	0.0000	0.0000	0.0000	0.0000	0.0015	0.0030	0.0000	0.7223	0.7347	0.0000	0.0000	0.0000	0.0000		0.0000	0.0000	-0.0000	5.0003	1.0000	7.0080	0.0001	0.0000	0.0000	0.0000	0.0000	0.0000	0.0000	0.0000	0.0000	0.0000	0.0000	0.0000	0.0000	0.0000	0.0000	0.0000	0.0000	0.0000	0.0000	0.0521	0.0455	0.0066	0.0004	0.0003	0.0000	0.0517	0.0451	0.0066	0.0205	0.0099	0.0106	0.0000	0.0000	0.0000	0.0205	0.0098	0.0106
15	96	0.0514	5	2	0	1	0	0	0	0	0	1	0	1	0	0	0	0	0	0	0	Y	N	N	N	N	N	N	N	N	N	N	N	N	N	N	N	N	N	0.0000	0.0000	0.0000	0.0000	0.0000	0.0000	0.0000	0.0000	0.0000	0.0000	0.0000	0.0000	0.0000	0.0000	0.0000	0.0000	0.0000	0.0000	24.4956	28.5283	20.6109	56.3253	56.3292	0.0000	13.9697	0.0000	20.6116		0.7500	0.0000	-0.0000	5.0003	0.0000	7.0080	0.0001	0.0000	0.0000	0.0000	0.0000	0.0000	0.0000	0.0000	0.0000	0.0000	0.0001	0.0000	0.0000	0.0000	0.0000	0.0000	0.0000	0.0000	0.0000	0.0000	0.0000	0.0000	0.0000	0.0000	0.0000	0.0000	0.0000	0.0000	0.0000	0.0000	0.0000	0.0000	0.0000	0.0000	0.0000	0.0000	0.0000
15	97	0.0482	4	2	0	1	0	0	0	0	0	0	0	0	0	0	0	0	0	0	0	Y	N	N	N	N	N	N	N	N	N	N	N	N	N	N	N	N	N	0.0000	0.0000	0.0000	0.0000	0.0000	0.0000	0.0000	0.0000	0.0000	0.0000	0.0000	0.0000	0.0000	0.0000	0.0000	0.0000	0.0000	0.0000	0.0145	0.0258	0.0037	4.2245	4.2738	0.0000	0.0019	0.0000	0.0037		0.1540	0.0000	-0.0001	5.0003	0.9999	7.0080	0.0008	0.0000	0.0000	0.0000	0.0000	0.0000	0.0000	0.0000	0.0000	0.0000	0.0003	0.0003	0.0000	0.0003	0.0003	0.0000	0.0000	0.0000	0.0000	0.0531	0.0464	0.0067	0.0002	0.0002	0.0000	0.0529	0.0462	0.0067	0.0207	0.0101	0.0107	0.0001	0.0001	0.0000	0.0207	0.0100	0.0107
15	107	0.0450	3	2	0	1	0	0	0	0	0	0	0	0	0	0	0	0	0	0	0	Y	N	N	N	N	N	N	N	N	N	N	N	N	N	N	N	N	N	0.1926	12.2808	0.0000	0.0000	0.0000	0.0000	0.1951	inf	0.0000	0.0000	0.0000	0.0000	0.0000	0.0000	0.0000	0.0000	0.0000	0.0000	0.0001	0.0000	0.0002	0.0005	0.0003	0.0157	0.0001	0.0000	0.0002	0.0000	113.9083	-0.0000	0.0000	5.0003	1.0015	7.0080	0.9989	0.0000	0.0000	0.0000	0.0000	0.0000	0.0000	0.0000	0.0000	0.0000	0.0000	0.0000	0.0000	0.0000	0.0000	0.0000	0.0000	0.0000	0.0000	0.0532	0.0465	0.0068	0.0001	0.0001	0.0000	0.0532	0.0464	0.0067	0.0414	0.0201	0.0214	0.0001	0.0001	0.0000	0.0413	0.0200	0.0214
15	112	0.1136	11	2	0	1	0	1	0	0	0	0	0	0	0	0	0	0	0	0	0	Y	N	N	N	N	N	N	N	N	N	N	N	N	N	N	N	N	N	33.8946	22.4019	inf	0.0000	0.0000	0.0000	40.9334	22.4802	inf	0.0063	0.0071	0.0010	0.0000	0.0000	0.0000	0.0065	0.0074	0.0010	0.0002	0.0003	0.0000	0.0003	0.0003	0.0000	0.0002	0.0003	0.0000	0.0200	0.0000	-0.0002	-0.0000	5.0003	3.0209	7.0080	2.2550	0.0010	0.0010	0.0000	0.0000	0.0000	0.0000	0.0010	0.0010	0.0000	0.0000	0.0000	0.0000	0.0000	0.0000	0.0000	0.0000	0.0000	0.0000	0.1607	0.1407	0.0200	0.0050	0.0047	0.0003	0.1557	0.1360	0.0197	0.1601	0.0945	0.0656	0.0352	0.0334	0.0018	0.1249	0.0611	0.0638
18	22	0.0584	10	2	0	1	1	0	0	0	1	0	0	1	1	0	0	0	0	0	0	Y	N	N	N	N	N	N	N	N	N	N	N	N	N	N	N	N	N	0.0000	0.0000	0.0000	0.0000	0.0000	0.0000	0.0000	0.0000	0.0000	0.0000	0.0000	0.0000	0.0000	0.0000	0.0000	0.0000	0.0000	0.0000	0.0005	0.0010	0.0000	0.0063	0.0067	0.0000	0.0000	0.0000	0.0000		0.0000	0.0000	-0.0000	1.0021	2.0010	3.5076	1.9996	0.0000	0.0000	0.0000	0.0000	0.0000	0.0000	0.0000	0.0000	0.0000	0.0000	0.0000	0.0000	0.0000	0.0000	0.0000	0.0000	0.0000	0.0000	0.0231	0.0202	0.0029	0.0010	0.0009	0.0001	0.0221	0.0193	0.0028	0.0391	0.0209	0.0181	0.0032	0.0030	0.0002	0.0359	0.0179	0.0180
18	36	0.1926	18	2	0	1	0	0	0	0	0	0	1	0	1	0	0	0	0	0	0	Y	N	N	N	N	N	N	N	N	N	N	N	N	N	N	N	N	N	0.0003	0.0002	0.0000	0.0000	0.0000	0.0000	0.0155	4.6871	0.0000	0.0000	0.0000	0.0000	0.0000	0.0000	0.0000	0.0000	0.0000	0.0000	0.0018	0.0030	0.0001	0.0094	0.0108	0.0001	0.0000	0.0000	0.0001	0.0000	0.0180	-0.0000	-0.0001	1.0021	11.0150	3.5076	4.0316	0.0000	0.0000	0.0000	0.0000	0.0000	0.0000	0.0000	0.0000	0.0000	0.0002	0.0002	0.0000	0.0002	0.0002	0.0000	0.0000	0.0000	0.0000	0.1166	0.1030	0.0136	0.0155	0.0146	0.0008	0.1011	0.0883	0.0128	0.1261	0.0730	0.0531	0.0236	0.0204	0.0032	0.1025	0.0526	0.0499
18	38	0.0540	9	2	0	1	1	0	0	0	1	0	1	1	1	0	0	0	0	0	0	Y	N	N	N	N	N	N	N	N	N	N	N	N	N	N	N	N	N	0.0503	0.0320	0.0000	0.0001	0.0001	0.0000	137.5659	121.2810	0.0000	0.0004	0.0005	0.0000	0.0000	0.0000	0.0000	0.0005	0.0006	0.0000	0.0081	0.0141	0.0000	0.0656	0.0666	0.0003	0.0000	0.0000	0.0000	0.0000	0.0002	-0.0000	-0.0002	1.0021	3.1237	3.5076	0.5096	0.0000	0.0000	0.0000	0.0000	0.0000	0.0000	0.0000	0.0000	0.0000	0.0003	0.0003	0.0000	0.0003	0.0003	0.0000	0.0000	0.0000	0.0000	0.0607	0.0546	0.0061	0.0159	0.0154	0.0006	0.0448	0.0392	0.0056	0.0395	0.0226	0.0170	0.0049	0.0048	0.0001	0.0347	0.0178	0.0169
18	43	0.0438	9	2	0	1	1	0	0	0	1	0	1	1	1	0	0	0	0	0	0	Y	N	N	N	N	N	N	N	N	N	N	N	N	N	N	N	N	N	0.0000	0.0000	0.0000	0.0000	0.0000	0.0000	0.0000	0.0000	0.0000	0.0000	0.0000	0.0000	0.0000	0.0000	0.0000	0.0000	0.0000	0.0000	0.0000	0.0000	0.0000	0.0000	0.0000	0.0000	0.0000	0.0000	0.0000			0.0000	0.0000	1.0021	2.9999	3.5076	0.9999	0.0000	0.0000	0.0000	0.0000	0.0000	0.0000	0.0000	0.0000	0.0000	0.0000	0.0000	0.0000	0.0000	0.0000	0.0000	0.0000	0.0000	0.0000	0.0404	0.0356	0.0049	0.0034	0.0034	0.0001	0.0370	0.0322	0.0048	0.0402	0.0213	0.0189	0.0031	0.0030	0.0000	0.0371	0.0182	0.0189
18	44	0.0390	8	2	0	1	0	0	0	0	0	0	0	1	0	0	0	0	0	0	0	Y	N	N	N	N	N	N	N	N	N	N	N	N	N	N	N	N	N	0.0000	0.0000	0.0000	0.0000	0.0000	0.0000	0.0000	0.0000	0.0000	0.0000	0.0000	0.0000	0.0000	0.0000	0.0000	0.0000	0.0000	0.0000	0.0070	0.0000	0.0149	0.0003	0.0003	0.0000	0.0075	0.0000	0.0149		280.6899	0.0000	0.0000	1.0021	1.0020	3.5076	0.0022	0.0000	0.0000	0.0000	0.0000	0.0000	0.0000	0.0000	0.0000	0.0000	0.0001	0.0000	0.0001	0.0000	0.0000	0.0000	0.0001	0.0000	0.0001	0.0117	0.0102	0.0015	0.0003	0.0003	0.0000	0.0114	0.0099	0.0015	0.0100	0.0053	0.0047	0.0007	0.0007	0.0000	0.0093	0.0046	0.0047
18	45	0.0390	8	2	0	1	0	0	0	0	0	0	0	1	1	0	0	0	0	0	0	Y	N	N	N	N	N	N	N	N	N	N	N	N	N	N	N	N	N	0.0000	0.0000	0.0000	0.0000	0.0000	0.0000	0.0000	0.0000	0.0000	0.0000	0.0000	0.0000	0.0000	0.0000	0.0000	0.0000	0.0000	0.0000	0.0000	0.0000	0.0000	0.0000	0.0000	0.0000	0.0000	0.0000	0.0000			0.0000	0.0000	1.0021	4.0000	3.5076	1.0000	0.0000	0.0000	0.0000	0.0000	0.0000	0.0000	0.0000	0.0000	0.0000	0.0000	0.0000	0.0000	0.0000	0.0000	0.0000	0.0000	0.0000	0.0000	0.0457	0.0399	0.0057	0.0012	0.0011	0.0001	0.0445	0.0388	0.0057	0.0487	0.0258	0.0229	0.0033	0.0033	0.0001	0.0453	0.0225	0.0228
18	46	0.1572	15	2	0	1	0	0	0	0	0	0	1	0	1	0	0	0	0	0	0	Y	N	N	N	N	N	N	N	N	N	N	N	N	N	N	N	N	N	0.0000	0.0000	0.0000	0.0000	0.0000	0.0000	0.0000	0.0000	0.0000	0.0000	0.0000	0.0000	0.0000	0.0000	0.0000	0.0000	0.0000	0.0000	0.0002	0.0000	0.0008	0.0004	0.0000	0.0135	0.0001	0.0000	0.0003		inf	0.0000	0.0000	1.0021	0.0007	3.5076	1.0103	0.0000	0.0000	0.0000	0.0000	0.0000	0.0000	0.0000	0.0000	0.0000	0.0000	0.0000	0.0000	0.0000	0.0000	0.0000	0.0000	0.0000	0.0000	0.0000	0.0000	0.0000	0.0000	0.0000	0.0000	0.0000	0.0000	0.0000	0.0261	0.0188	0.0074	0.0100	0.0097	0.0003	0.0161	0.0090	0.0071
18	47	0.1221	14	2	0	1	0	1	0	0	0	0	0	0	0	0	0	0	0	0	0	Y	N	N	N	N	N	N	N	N	N	N	N	N	N	N	N	N	N	0.0000	0.0000	0.0000	0.0001	0.0001	0.0000	0.0000	0.0000	0.0000	0.0000	0.0000	0.0000	0.0000	0.0000	0.0000	0.0000	0.0000	0.0000	0.0010	0.0017	0.0001	0.0037	0.0041	0.0000	0.0004	0.0007	0.0001	0.0000	0.0520	-0.0000	-0.0001	1.0021	6.8097	3.5076	3.8431	0.0000	0.0000	0.0000	0.0000	0.0000	0.0000	0.0000	0.0000	0.0000	0.0001	0.0001	0.0000	0.0001	0.0001	0.0000	0.0000	0.0000	0.0000	0.0818	0.0721	0.0098	0.0066	0.0064	0.0003	0.0752	0.0657	0.0095	0.1024	0.0595	0.0428	0.0189	0.0170	0.0019	0.0835	0.0425	0.0410
18	49	0.1831	17	2	0	1	0	0	0	0	0	0	0	0	0	0	0	0	0	0	0	Y	N	N	N	N	N	N	N	N	N	N	N	N	N	N	N	N	N	0.0026	0.0020	0.0000	0.0015	0.0014	0.0000	0.0421	0.0657	0.0000	0.0000	0.0000	0.0000	0.0000	0.0000	0.0000	0.0000	0.0000	0.0000	0.0016	0.0024	0.0001	0.0059	0.0063	0.0009	0.0001	0.0001	0.0001	0.0000	0.0303	-0.0000	-0.0000	1.0021	1.6285	3.5076	1.0381	0.0000	0.0000	0.0000	0.0000	0.0000	0.0000	0.0000	0.0000	0.0000	0.0001	0.0001	0.0000	0.0001	0.0001	0.0000	0.0000	0.0000	0.0000	0.0269	0.0238	0.0031	0.0064	0.0063	0.0001	0.0205	0.0175	0.0030	0.0329	0.0216	0.0114	0.0089	0.0082	0.0007	0.0241	0.0134	0.0107
18	53	0.0552	9	2	0	1	0	0	0	0	0	0	0	1	1	0	0	0	0	0	0	Y	N	N	N	N	N	N	N	N	N	N	N	N	N	N	N	N	N	0.0000	0.0000	0.0000	0.0000	0.0000	0.0000	0.0000	0.0000	0.0000	0.0000	0.0000	0.0000	0.0000	0.0000	0.0000	0.0000	0.0000	0.0000	0.0000	0.0000	0.0000	0.0000	0.0000	0.0003	0.0000	0.0000	0.0000		10.3667	0.0000	0.0000	1.0021	0.9921	3.5076	0.0076	0.0000	0.0000	0.0000	0.0000	0.0000	0.0000	0.0000	0.0000	0.0000	0.0000	0.0000	0.0000	0.0000	0.0000	0.0000	0.0000	0.0000	0.0000	0.0116	0.0101	0.0014	0.0005	0.0004	0.0000	0.0111	0.0097	0.0014	0.0101	0.0054	0.0047	0.0009	0.0008	0.0001	0.0092	0.0046	0.0046
18	60	0.0390	8	2	0	1	0	0	0	0	0	0	0	1	1	0	0	0	0	0	0	Y	N	N	N	N	N	N	N	N	N	N	N	N	N	N	N	N	N	0.0000	0.0000	0.0000	0.0000	0.0000	0.0000	0.0000	0.0000	0.0000	0.0000	0.0000	0.0000	0.0000	0.0000	0.0000	0.0000	0.0000	0.0000	0.0002	0.0004	0.0000	0.0034	0.0034	0.0000	0.0000	0.0000	0.0000		0.0000	0.0000	-0.0000	1.0021	2.0000	3.5076	7.0000	0.0000	0.0000	0.0000	0.0000	0.0000	0.0000	0.0000	0.0000	0.0000	0.0000	0.0000	0.0000	0.0000	0.0000	0.0000	0.0000	0.0000	0.0000	0.0231	0.0202	0.0029	0.0006	0.0006	0.0000	0.0225	0.0196	0.0029	0.0859	0.0456	0.0402	0.0060	0.0059	0.0001	0.0799	0.0398	0.0402
18	61	0.0390	7	2	0	1	0	0	0	0	0	0	1	1	1	0	0	0	0	0	0	Y	N	N	N	N	N	N	N	N	N	N	N	N	N	N	N	N	N	0.0000	0.0000	0.0000	0.0000	0.0000	0.0000	0.0000	0.0000	0.0000	0.0000	0.0000	0.0000	0.0000	0.0000	0.0000	0.0000	0.0000	0.0000	0.0000	0.0000	0.0000	0.0000	0.0000	0.0000	0.0000	0.0000	0.0000			0.0000	0.0000	1.0021	0.0000	3.5076	0.0000	0.0000	0.0000	0.0000	0.0000	0.0000	0.0000	0.0000	0.0000	0.0000	0.0000	0.0000	0.0000	0.0000	0.0000	0.0000	0.0000	0.0000	0.0000	0.0000	0.0000	0.0000	0.0000	0.0000	0.0000	0.0000	0.0000	0.0000	0.0000	0.0000	0.0000	0.0000	0.0000	0.0000	0.0000	0.0000	0.0000
18	68	0.1831	17	2	0	1	0	0	0	0	0	0	1	0	1	0	0	0	0	0	0	Y	N	N	N	N	N	N	N	N	N	N	N	N	N	N	N	N	N	0.0009	0.0006	0.0000	0.0000	0.0000	0.0000	0.0648	6.6486	0.0000	0.0000	0.0000	0.0000	0.0000	0.0000	0.0000	0.0000	0.0000	0.0000	0.0027	0.0043	0.0001	0.0119	0.0133	0.0000	0.0001	0.0000	0.0001	0.0000	0.0152	-0.0000	-0.0001	1.0021	1.4193	3.5076	5.2011	0.0000	0.0000	0.0000	0.0000	0.0000	0.0000	0.0000	0.0000	0.0000	0.0002	0.0002	0.0000	0.0002	0.0002	0.0000	0.0000	0.0000	0.0000	0.0246	0.0217	0.0028	0.0061	0.0060	0.0001	0.0185	0.0157	0.0027	0.0672	0.0411	0.0261	0.0151	0.0135	0.0016	0.0521	0.0277	0.0245
18	69	0.1329	16	2	0	1	0	1	0	0	0	0	0	0	0	0	0	0	0	0	0	Y	N	N	N	N	N	N	N	N	N	N	N	N	N	N	N	N	N	5.8980	4.1635	0.0000	0.0214	0.0207	0.0000	16.4560	11.2004	0.0000	0.0018	0.0020	0.0000	0.0000	0.0000	0.0000	0.0019	0.0022	0.0000	0.0003	0.0005	0.0001	0.0012	0.0013	0.0004	0.0001	0.0002	0.0000	0.0000	0.0788	-0.0000	-0.0000	1.0021	9.3928	3.5076	3.6523	0.0002	0.0002	0.0000	0.0000	0.0000	0.0000	0.0002	0.0002	0.0000	0.0000	0.0000	0.0000	0.0000	0.0000	0.0000	0.0000	0.0000	0.0000	0.1078	0.0948	0.0130	0.0077	0.0073	0.0004	0.1001	0.0875	0.0126	0.1221	0.0703	0.0518	0.0210	0.0186	0.0024	0.1011	0.0517	0.0494
18	74	0.0390	8	2	0	1	0	0	0	0	0	0	0	1	0	0	0	0	0	0	0	Y	N	N	N	N	N	N	N	N	N	N	N	N	N	N	N	N	N	0.0772	0.0697	0.0001	0.0000	0.0000	0.0000	0.0738	0.0626	0.0001	0.0006	0.0006	0.0000	0.0000	0.0000	0.0000	0.0006	0.0007	0.0000	0.0073	0.0093	0.0051	0.0001	0.0001	0.0006	0.0079	0.0107	0.0051	0.0001	0.4879	-0.0000	-0.0001	1.0021	3.9277	3.5076	0.5227	0.0000	0.0000	0.0000	0.0000	0.0000	0.0000	0.0000	0.0000	0.0000	0.0003	0.0002	0.0001	0.0000	0.0000	0.0000	0.0003	0.0002	0.0001	0.0449	0.0392	0.0056	0.0011	0.0011	0.0001	0.0437	0.0382	0.0056	0.0435	0.0231	0.0204	0.0030	0.0029	0.0000	0.0405	0.0201	0.0204
18	75	0.0390	7	2	0	1	0	0	0	0	0	0	0	1	0	0	0	0	0	0	0	Y	N	N	N	N	N	N	N	N	N	N	N	N	N	N	N	N	N	0.0000	0.0000	0.0000	0.0000	0.0000	0.0000	0.0000	0.0000	0.0000	0.0000	0.0000	0.0000	0.0000	0.0000	0.0000	0.0000	0.0000	0.0000	0.0000	0.0000	0.0000	0.0000	0.0000	0.0000	0.0000	0.0000	0.0000			0.0000	0.0000	1.0021	0.0009	3.5076	0.0000	0.0000	0.0000	0.0000	0.0000	0.0000	0.0000	0.0000	0.0000	0.0000	0.0000	0.0000	0.0000	0.0000	0.0000	0.0000	0.0000	0.0000	0.0000	0.0000	0.0000	0.0000	0.0000	0.0000	0.0000	0.0000	0.0000	0.0000	0.0000	0.0000	0.0000	0.0000	0.0000	0.0000	0.0000	0.0000	0.0000
18	76	0.0357	6	2	0	1	0	0	0	0	0	0	0	1	0	0	0	0	0	0	0	Y	N	N	N	N	N	N	N	N	N	N	N	N	N	N	N	N	N	0.0000	0.0000	0.0000	0.0000	0.0000	0.0000	0.0000	0.0000	0.0000	0.0000	0.0000	0.0000	0.0000	0.0000	0.0000	0.0000	0.0000	0.0000	0.0000	0.0000	0.0000	0.0000	0.0000	0.0000	0.0000	0.0000	0.0000			0.0000	0.0000	1.0021	1.0000	3.5076	0.0000	0.0000	0.0000	0.0000	0.0000	0.0000	0.0000	0.0000	0.0000	0.0000	0.0000	0.0000	0.0000	0.0000	0.0000	0.0000	0.0000	0.0000	0.0000	0.0116	0.0102	0.0015	0.0003	0.0003	0.0000	0.0114	0.0099	0.0015	0.0100	0.0053	0.0047	0.0007	0.0007	0.0000	0.0093	0.0046	0.0047
18	77	0.0737	9	2	0	1	0	1	0	0	0	0	0	0	0	0	0	0	0	0	0	Y	N	N	N	N	N	N	N	N	N	N	N	N	N	N	N	N	N	0.0000	0.0000	0.0000	0.0000	0.0000	0.0000	0.0000	0.0000	0.0000	0.0000	0.0000	0.0000	0.0000	0.0000	0.0000	0.0000	0.0000	0.0000	0.0000	0.0000	0.0000	0.0000	0.0000	0.0000	0.0000	0.0000	0.0000		inf	0.0000	0.0000	1.0021	3.3326	3.5076	4.0108	0.0000	0.0000	0.0000	0.0000	0.0000	0.0000	0.0000	0.0000	0.0000	0.0000	0.0000	0.0000	0.0000	0.0000	0.0000	0.0000	0.0000	0.0000	0.0417	0.0366	0.0051	0.0026	0.0025	0.0001	0.0391	0.0341	0.0050	0.0702	0.0385	0.0316	0.0058	0.0056	0.0002	0.0643	0.0329	0.0314
18	79	0.0519	6	2	0	1	0	0	0	0	0	0	0	1	1	0	0	0	0	0	0	Y	N	N	N	N	N	N	N	N	N	N	N	N	N	N	N	N	N	0.0000	0.0000	0.0000	0.0000	0.0000	0.0000	0.0000	0.0000	0.0000	0.0000	0.0000	0.0000	0.0000	0.0000	0.0000	0.0000	0.0000	0.0000	0.0000	0.0000	0.0001	0.0000	0.0000	0.0002	0.0001	0.0000	0.0001		100.1224	0.0000	0.0000	1.0021	0.0001	3.5076	1.0072	0.0000	0.0000	0.0000	0.0000	0.0000	0.0000	0.0000	0.0000	0.0000	0.0000	0.0000	0.0000	0.0000	0.0000	0.0000	0.0000	0.0000	0.0000	0.0000	0.0000	0.0000	0.0000	0.0000	0.0000	0.0000	0.0000	0.0000	0.0101	0.0054	0.0047	0.0009	0.0008	0.0000	0.0092	0.0046	0.0046
18	80	0.0422	5	2	0	1	0	0	0	0	0	0	0	1	1	0	0	0	0	0	0	Y	N	N	N	N	N	N	N	N	N	N	N	N	N	N	N	N	N	0.0000	0.0000	0.0000	0.0000	0.0000	0.0000	0.0000	0.0000	0.0000	0.0000	0.0000	0.0000	0.0000	0.0000	0.0000	0.0000	0.0000	0.0000	0.0688	0.0019	0.1469	0.0227	0.0120	0.1981	0.0733	0.0000	0.1463		67.8513	0.0000	0.0008	1.0021	1.0058	3.5076	1.9973	0.0000	0.0000	0.0000	0.0000	0.0000	0.0000	0.0000	0.0000	0.0000	0.0021	0.0000	0.0020	0.0001	0.0000	0.0000	0.0020	0.0000	0.0020	0.0121	0.0106	0.0015	0.0005	0.0005	0.0000	0.0117	0.0102	0.0015	0.0299	0.0161	0.0138	0.0026	0.0025	0.0002	0.0273	0.0136	0.0137
18	83	0.0422	5	2	0	1	0	0	0	0	0	0	0	1	1	0	0	0	0	0	0	Y	N	N	N	N	N	N	N	N	N	N	N	N	N	N	N	N	N	0.0000	0.0000	0.0000	0.0000	0.0000	0.0000	0.0000	0.0000	0.0000	0.0000	0.0000	0.0000	0.0000	0.0000	0.0000	0.0000	0.0000	0.0000	0.0005	0.0009	0.0000	0.0055	0.0059	0.0000	0.0000	0.0000	0.0000		0.0000	0.0000	-0.0000	1.0021	5.0069	3.5076	6.0103	0.0000	0.0000	0.0000	0.0000	0.0000	0.0000	0.0000	0.0000	0.0000	0.0000	0.0000	0.0000	0.0000	0.0000	0.0000	0.0000	0.0000	0.0000	0.0585	0.0512	0.0073	0.0021	0.0020	0.0001	0.0563	0.0492	0.0072	0.1046	0.0563	0.0482	0.0089	0.0084	0.0005	0.0956	0.0479	0.0477
18	84	0.0358	4	2	0	1	0	0	0	0	0	1	1	1	1	0	0	0	0	0	0	Y	N	N	N	N	N	N	N	N	N	N	N	N	N	N	N	N	N	0.0000	0.0000	0.0000	0.0000	0.0000	0.0000	0.0000	0.0000	0.0000	0.0000	0.0000	0.0000	0.0000	0.0000	0.0000	0.0000	0.0000	0.0000	0.0021	0.0005	0.0041	0.0028	0.0029	0.0013	0.0021	0.0000	0.0041		7.4721	0.0000	0.0000	1.0021	1.9932	3.5076	0.0278	0.0000	0.0000	0.0000	0.0000	0.0000	0.0000	0.0000	0.0000	0.0000	0.0000	0.0000	0.0000	0.0000	0.0000	0.0000	0.0000	0.0000	0.0000	0.0236	0.0206	0.0030	0.0005	0.0005	0.0000	0.0231	0.0202	0.0030	0.0208	0.0112	0.0095	0.0019	0.0018	0.0001	0.0189	0.0094	0.0094
18	91	0.1113	12	2	0	1	0	0	0	0	0	0	0	0	0	0	0	0	0	0	0	Y	N	N	N	N	N	N	N	N	N	N	N	N	N	N	N	N	N	15.5163	11.5316	0.0000	0.0555	0.0558	0.0000	20.9696	13.5920	0.0000	0.0438	0.0501	0.0000	0.0003	0.0003	0.0000	0.0459	0.0527	0.0000	0.0028	0.0043	0.0005	0.0049	0.0051	0.0001	0.0022	0.0039	0.0005	0.0000	0.0715	-0.0002	-0.0001	1.0021	1.5872	3.5076	4.4746	0.0008	0.0008	0.0000	0.0000	0.0000	0.0000	0.0008	0.0008	0.0000	0.0002	0.0002	0.0000	0.0001	0.0001	0.0000	0.0001	0.0001	0.0000	0.0190	0.0166	0.0024	0.0009	0.0008	0.0000	0.0181	0.0158	0.0023	0.0805	0.0489	0.0317	0.0189	0.0180	0.0010	0.0616	0.0309	0.0307
18	92	0.0552	9	2	0	1	1	0	0	0	1	0	0	1	1	0	0	0	0	0	0	Y	N	N	N	N	N	N	N	N	N	N	N	N	N	N	N	N	N	0.0000	0.0000	0.0000	0.0000	0.0000	0.0000	0.0000	0.0000	0.0000	0.0000	0.0000	0.0000	0.0000	0.0000	0.0000	0.0000	0.0000	0.0000	0.0000	0.0000	0.0000	0.0000	0.0000	0.0000	0.0000	0.0000	0.0000			0.0000	0.0000	1.0021	1.0091	3.5076	1.9972	0.0000	0.0000	0.0000	0.0000	0.0000	0.0000	0.0000	0.0000	0.0000	0.0000	0.0000	0.0000	0.0000	0.0000	0.0000	0.0000	0.0000	0.0000	0.0118	0.0103	0.0015	0.0005	0.0004	0.0000	0.0113	0.0099	0.0015	0.0297	0.0159	0.0138	0.0025	0.0023	0.0001	0.0272	0.0136	0.0136
18	93	0.0390	8	2	0	1	0	0	0	0	0	0	1	1	1	0	0	0	0	0	0	Y	N	N	N	N	N	N	N	N	N	N	N	N	N	N	N	N	N	0.0000	0.0000	0.0000	0.0000	0.0000	0.0000	0.0000	0.0000	0.0000	0.0000	0.0000	0.0000	0.0000	0.0000	0.0000	0.0000	0.0000	0.0000	0.0000	0.0000	0.0000	0.0000	0.0000	0.0000	0.0000	0.0000	0.0000		0.1029	0.0000	-0.0000	1.0021	2.0083	3.5076	3.0031	0.0000	0.0000	0.0000	0.0000	0.0000	0.0000	0.0000	0.0000	0.0000	0.0000	0.0000	0.0000	0.0000	0.0000	0.0000	0.0000	0.0000	0.0000	0.0231	0.0202	0.0029	0.0006	0.0006	0.0000	0.0225	0.0196	0.0029	0.0489	0.0259	0.0229	0.0034	0.0033	0.0001	0.0455	0.0226	0.0229
18	94	0.0390	7	2	0	1	0	0	0	0	0	0	0	1	0	0	0	0	0	0	0	Y	N	N	N	N	N	N	N	N	N	N	N	N	N	N	N	N	N	0.0000	0.0000	0.0000	0.0000	0.0000	0.0000	0.0000	0.0000	0.0000	0.0000	0.0000	0.0000	0.0000	0.0000	0.0000	0.0000	0.0000	0.0000	0.0015	0.0012	0.0022	0.0043	0.0027	0.4500	0.0005	0.0000	0.0010		1.0000	0.0000	-0.0000	1.0021	0.0000	3.5076	0.0002	0.0000	0.0000	0.0000	0.0000	0.0000	0.0000	0.0000	0.0000	0.0000	0.0000	0.0000	0.0000	0.0000	0.0000	0.0000	0.0000	0.0000	0.0000	0.0000	0.0000	0.0000	0.0000	0.0000	0.0000	0.0000	0.0000	0.0000	0.0000	0.0000	0.0000	0.0000	0.0000	0.0000	0.0000	0.0000	0.0000
18	95	0.0357	6	2	0	1	0	0	0	0	0	0	0	1	0	0	0	0	0	0	0	Y	N	N	N	N	N	N	N	N	N	N	N	N	N	N	N	N	N	0.0000	0.0000	0.0000	0.0000	0.0000	0.0000	0.0000	0.0000	0.0000	0.0000	0.0000	0.0000	0.0000	0.0000	0.0000	0.0000	0.0000	0.0000	0.0000	0.0000	0.0000	0.0000	0.0000	0.0000	0.0000	0.0000	0.0000		0.0000	0.0000	-0.0000	1.0021	1.0000	3.5076	0.0001	0.0000	0.0000	0.0000	0.0000	0.0000	0.0000	0.0000	0.0000	0.0000	0.0000	0.0000	0.0000	0.0000	0.0000	0.0000	0.0000	0.0000	0.0000	0.0116	0.0102	0.0015	0.0003	0.0003	0.0000	0.0114	0.0099	0.0015	0.0100	0.0053	0.0047	0.0007	0.0007	0.0000	0.0093	0.0046	0.0047
18	96	0.0357	5	2	0	1	0	0	0	0	0	1	0	1	0	0	0	0	0	0	0	Y	N	N	N	N	N	N	N	N	N	N	N	N	N	N	N	N	N	0.0000	0.0000	0.0000	0.0000	0.0000	0.0000	0.0000	0.0000	0.0000	0.0000	0.0000	0.0000	0.0000	0.0000	0.0000	0.0000	0.0000	0.0000	0.0000	0.0000	0.0000	0.0000	0.0000	0.0000	0.0000	0.0000	0.0000			0.0000	0.0000	1.0021	0.0000	3.5076	0.0001	0.0000	0.0000	0.0000	0.0000	0.0000	0.0000	0.0000	0.0000	0.0000	0.0000	0.0000	0.0000	0.0000	0.0000	0.0000	0.0000	0.0000	0.0000	0.0000	0.0000	0.0000	0.0000	0.0000	0.0000	0.0000	0.0000	0.0000	0.0000	0.0000	0.0000	0.0000	0.0000	0.0000	0.0000	0.0000	0.0000
18	97	0.0325	4	2	0	1	0	0	0	0	0	0	0	0	0	0	0	0	0	0	0	Y	N	N	N	N	N	N	N	N	N	N	N	N	N	N	N	N	N	0.0000	0.0000	0.0000	0.0000	0.0000	0.0000	0.0000	0.0000	0.0000	0.0000	0.0000	0.0000	0.0000	0.0000	0.0000	0.0000	0.0000	0.0000	0.0005	0.0009	0.0000	0.0073	0.0074	0.0008	0.0000	0.0000	0.0000		0.0032	0.0000	-0.0000	1.0021	0.9999	3.5076	0.0008	0.0000	0.0000	0.0000	0.0000	0.0000	0.0000	0.0000	0.0000	0.0000	0.0000	0.0000	0.0000	0.0000	0.0000	0.0000	0.0000	0.0000	0.0000	0.0119	0.0104	0.0015	0.0002	0.0002	0.0000	0.0116	0.0102	0.0015	0.0101	0.0054	0.0047	0.0007	0.0007	0.0000	0.0094	0.0047	0.0047
18	107	0.0293	3	2	0	1	0	0	0	0	0	0	0	0	0	0	0	0	0	0	0	Y	N	N	N	N	N	N	N	N	N	N	N	N	N	N	N	N	N	0.0000	0.0000	0.0000	0.0000	0.0000	0.0000	0.0000	0.0000	0.0000	0.0000	0.0000	0.0000	0.0000	0.0000	0.0000	0.0000	0.0000	0.0000	0.0274	0.0512	0.0005	0.2988	0.3024	0.0009	0.0003	0.0000	0.0005		0.0088	0.0000	-0.0004	1.0021	1.0015	3.5076	0.9989	0.0000	0.0000	0.0000	0.0000	0.0000	0.0000	0.0000	0.0000	0.0000	0.0006	0.0006	0.0000	0.0006	0.0006	0.0000	0.0000	0.0000	0.0000	0.0119	0.0104	0.0015	0.0002	0.0002	0.0000	0.0117	0.0102	0.0015	0.0212	0.0113	0.0100	0.0019	0.0019	0.0000	0.0193	0.0094	0.0100
18	112	0.0979	11	2	0	1	0	1	0	0	0	0	0	0	0	0	0	0	0	0	0	Y	N	N	N	N	N	N	N	N	N	N	N	N	N	N	N	N	N	365.0969	257.2827	0.0000	0.0000	0.0000	0.0000	312.3714	180.5948	0.0000	0.0528	0.0603	0.0000	0.0000	0.0000	0.0000	0.0554	0.0636	0.0000	0.0001	0.0002	0.0000	0.0000	0.0000	0.0000	0.0002	0.0004	0.0000	0.0000	0.0029	-0.0004	-0.0000	1.0021	3.0209	3.5076	2.2550	0.0019	0.0019	0.0000	0.0000	0.0000	0.0000	0.0019	0.0019	0.0000	0.0000	0.0000	0.0000	0.0000	0.0000	0.0000	0.0000	0.0000	0.0000	0.0360	0.0315	0.0045	0.0017	0.0016	0.0001	0.0343	0.0299	0.0044	0.0749	0.0461	0.0288	0.0186	0.0177	0.0008	0.0563	0.0283	0.0280
20	22	0.1120	13	2	0	1	1	0	0	0	1	0	0	2	1	0	0	0	0	0	0	Y	N	N	N	Y	N	N	N	N	N	N	N	N	N	N	N	N	N	0.0000	0.0000	0.0000	0.0000	0.0000	0.0000	0.0000	0.0000	0.0000	0.0000	0.0000	0.0000	0.0000	0.0000	0.0000	0.0000	0.0000	0.0000	0.5475	0.8814	0.0000	2.6703	2.8968	0.0000	0.0000	0.0000	0.0000		0.0000	0.0000	-0.0192	2.0350	2.0010	3.4537	1.9996	0.0000	0.0000	0.0000	0.0000	0.0000	0.0000	0.0000	0.0000	0.0000	0.0310	0.0310	0.0000	0.0310	0.0310	0.0000	0.0000	0.0000	0.0000	0.0497	0.0439	0.0059	0.0029	0.0028	0.0001	0.0468	0.0410	0.0058	0.0566	0.0352	0.0214	0.0116	0.0107	0.0009	0.0450	0.0245	0.0205
20	36	0.1942	19	2	0	1	0	0	0	0	0	0	1	1	1	0	0	0	0	0	0	Y	N	N	N	N	N	N	N	N	N	N	N	N	N	N	N	N	N	0.0421	0.0323	0.0000	0.0967	0.0932	0.0000	0.0000	0.0000	0.0000	0.0000	0.0000	0.0000	0.0003	0.0003	0.0000	0.0000	0.0000	0.0000	0.0010	0.0014	0.0001	0.0034	0.0037	0.0010	0.0000	0.0000	0.0000	0.0000	0.0506	-0.0000	-0.0001	2.0350	11.0150	3.4537	4.0316	0.0000	0.0000	0.0000	0.0000	0.0000	0.0000	0.0000	0.0000	0.0000	0.0002	0.0002	0.0000	0.0002	0.0002	0.0000	0.0000	0.0000	0.0000	0.2463	0.2184	0.0279	0.0305	0.0292	0.0013	0.2158	0.1893	0.0265	0.1849	0.1198	0.0651	0.0518	0.0461	0.0057	0.1331	0.0737	0.0594
20	38	0.1076	12	2	0	1	1	0	0	0	1	0	1	2	1	0	0	0	0	0	0	Y	N	N	N	Y	N	N	N	N	N	N	N	N	N	N	N	N	N	0.0001	0.0002	0.0000	0.0002	0.0002	0.0000	0.0000	0.0000	0.0000	0.0000	0.0000	0.0000	0.0000	0.0000	0.0000	0.0000	0.0000	0.0000	0.0005	0.0005	0.0005	0.0021	0.0015	0.0115	0.0000	0.0000	0.0001	0.0000	0.5181	-0.0000	-0.0000	2.0350	3.1237	3.4537	0.5096	0.0000	0.0000	0.0000	0.0000	0.0000	0.0000	0.0000	0.0000	0.0000	0.0000	0.0000	0.0000	0.0000	0.0000	0.0000	0.0000	0.0000	0.0000	0.1251	0.1128	0.0123	0.0279	0.0277	0.0003	0.0972	0.0852	0.0120	0.0587	0.0385	0.0203	0.0142	0.0134	0.0008	0.0446	0.0251	0.0195
20	43	0.0974	12	2	0	1	1	0	0	0	1	0	1	2	1	0	0	0	0	0	0	Y	N	N	N	Y	N	N	N	N	N	N	N	N	N	N	N	N	N	0.0000	0.0000	0.0000	0.0000	0.0000	0.0000	0.0000	0.0000	0.0000	0.0000	0.0000	0.0000	0.0000	0.0000	0.0000	0.0000	0.0000	0.0000	0.0000	0.0000	0.0000	0.0000	0.0000	0.0000	0.0000	0.0000	0.0000			0.0000	0.0000	2.0350	2.9999	3.4537	0.9999	0.0000	0.0000	0.0000	0.0000	0.0000	0.0000	0.0000	0.0000	0.0000	0.0000	0.0000	0.0000	0.0000	0.0000	0.0000	0.0000	0.0000	0.0000	0.0812	0.0719	0.0093	0.0056	0.0055	0.0001	0.0756	0.0664	0.0092	0.0603	0.0378	0.0226	0.0128	0.0119	0.0008	0.0476	0.0258	0.0218
20	44	0.0925	11	2	0	1	0	0	0	0	0	0	0	2	0	0	0	0	0	0	0	Y	N	N	N	Y	N	N	N	N	N	N	N	N	N	N	N	N	N	0.0000	0.0000	0.0000	0.0000	0.0000	0.0000	0.0000	0.0000	0.0000	0.0000	0.0000	0.0000	0.0000	0.0000	0.0000	0.0000	0.0000	0.0000	0.0000	0.0000	0.0000	0.0000	0.0000	0.0000	0.0000	0.0000	0.0000		2.1587	0.0000	0.0000	2.0350	1.0020	3.4537	0.0022	0.0000	0.0000	0.0000	0.0000	0.0000	0.0000	0.0000	0.0000	0.0000	0.0000	0.0000	0.0000	0.0000	0.0000	0.0000	0.0000	0.0000	0.0000	0.0251	0.0221	0.0030	0.0011	0.0011	0.0000	0.0240	0.0210	0.0030	0.0145	0.0090	0.0055	0.0028	0.0027	0.0002	0.0116	0.0063	0.0053
20	45	0.0925	11	2	0	1	0	0	0	0	0	0	0	2	1	0	0	0	0	0	0	Y	N	N	N	Y	N	N	N	N	N	N	N	N	N	N	N	N	N	0.0000	0.0000	0.0000	0.0000	0.0000	0.0000	0.0000	0.0000	0.0000	0.0000	0.0000	0.0000	0.0000	0.0000	0.0000	0.0000	0.0000	0.0000	0.0000	0.0000	0.0000	0.0000	0.0000	0.0000	0.0000	0.0000	0.0000			0.0000	0.0000	2.0350	4.0000	3.4537	1.0000	0.0000	0.0000	0.0000	0.0000	0.0000	0.0000	0.0000	0.0000	0.0000	0.0000	0.0000	0.0000	0.0000	0.0000	0.0000	0.0000	0.0000	0.0000	0.0983	0.0866	0.0117	0.0042	0.0042	0.0001	0.0941	0.0824	0.0116	0.0704	0.0435	0.0269	0.0138	0.0129	0.0009	0.0566	0.0306	0.0260
20	46	0.1588	16	2	0	1	0	0	0	0	0	0	1	1	1	0	0	0	0	0	0	Y	N	N	N	N	N	N	N	N	N	N	N	N	N	N	N	N	N	0.0000	0.0000	0.0000	0.0000	0.0000	0.0000	0.0000	0.0000	0.0000	0.0000	0.0000	0.0000	0.0000	0.0000	0.0000	0.0000	0.0000	0.0000	0.8348	1.1402	0.0000	2.0096	2.1277	0.0000	0.0001	0.0001	0.0000		0.0000	0.0000	-0.0183	2.0350	0.0007	3.4537	1.0103	0.0000	0.0000	0.0000	0.0000	0.0000	0.0000	0.0000	0.0000	0.0000	0.0295	0.0295	0.0000	0.0295	0.0295	0.0000	0.0000	0.0000	0.0000	0.0001	0.0001	0.0000	0.0000	0.0000	0.0000	0.0000	0.0000	0.0000	0.0353	0.0259	0.0095	0.0147	0.0139	0.0008	0.0207	0.0120	0.0087
20	47	0.1237	15	2	0	1	0	1	0	0	0	0	0	1	0	0	0	0	0	0	0	Y	N	N	N	N	N	N	N	N	N	N	N	N	N	N	N	N	N	0.0000	0.0000	0.0000	0.0000	0.0000	0.0000	0.0000	0.0000	0.0000	0.0000	0.0000	0.0000	0.0000	0.0000	0.0000	0.0000	0.0000	0.0000	0.0549	0.0050	0.1455	0.0121	0.0133	0.0002	0.0702	0.0000	0.1557	inf	16.1187	0.0000	0.0027	2.0350	6.8097	3.4537	3.8431	0.0000	0.0000	0.0000	0.0000	0.0000	0.0000	0.0000	0.0000	0.0000	0.0083	0.0005	0.0078	0.0005	0.0005	0.0000	0.0078	0.0000	0.0078	0.1714	0.1515	0.0199	0.0115	0.0112	0.0003	0.1599	0.1403	0.0196	0.1516	0.0978	0.0538	0.0401	0.0365	0.0035	0.1115	0.0612	0.0503
20	49	0.1847	18	2	0	1	0	0	0	0	0	0	0	1	0	0	0	0	0	0	0	Y	N	N	N	N	N	N	N	N	N	N	N	N	N	N	N	N	N	0.0015	0.0012	0.0000	0.0000	0.0000	0.0000	0.0370	0.0556	0.0000	0.0002	0.0002	0.0000	0.0000	0.0000	0.0000	0.0002	0.0003	0.0000	0.1172	0.1628	0.0063	0.2617	0.3188	0.0002	0.0062	0.0048	0.0085	0.0000	0.0160	-0.0000	-0.0043	2.0350	1.6285	3.4537	1.0381	0.0000	0.0000	0.0000	0.0000	0.0000	0.0000	0.0000	0.0000	0.0000	0.0071	0.0069	0.0001	0.0068	0.0068	0.0000	0.0002	0.0001	0.0001	0.0563	0.0499	0.0064	0.0129	0.0127	0.0002	0.0434	0.0372	0.0062	0.0602	0.0427	0.0175	0.0261	0.0215	0.0047	0.0340	0.0212	0.0128
20	53	0.1088	12	2	0	1	0	0	0	0	0	0	0	2	1	0	0	0	0	0	0	Y	N	N	N	Y	N	N	N	N	N	N	N	N	N	N	N	N	N	0.0000	0.0000	0.0000	0.0000	0.0000	0.0000	0.0000	0.0000	0.0000	0.0000	0.0000	0.0000	0.0000	0.0000	0.0000	0.0000	0.0000	0.0000	0.0015	0.0024	0.0001	0.0073	0.0077	0.0013	0.0000	0.0000	0.0000		0.0168	0.0000	-0.0000	2.0350	0.9921	3.4537	0.0076	0.0000	0.0000	0.0000	0.0000	0.0000	0.0000	0.0000	0.0000	0.0000	0.0000	0.0000	0.0000	0.0000	0.0000	0.0000	0.0000	0.0000	0.0000	0.0250	0.0220	0.0030	0.0014	0.0014	0.0000	0.0236	0.0206	0.0029	0.0146	0.0091	0.0055	0.0030	0.0028	0.0002	0.0115	0.0063	0.0053
20	60	0.0925	11	2	0	1	0	0	0	0	0	0	0	2	1	0	0	0	0	0	0	Y	N	N	N	Y	N	N	N	N	N	N	N	N	N	N	N	N	N	0.0000	0.0000	0.0000	0.0000	0.0000	0.0000	0.0000	0.0000	0.0000	0.0000	0.0000	0.0000	0.0000	0.0000	0.0000	0.0000	0.0000	0.0000	0.0006	0.0009	0.0000	0.0029	0.0031	0.0000	0.0000	0.0000	0.0000		0.0000	0.0000	-0.0000	2.0350	2.0000	3.4537	7.0000	0.0000	0.0000	0.0000	0.0000	0.0000	0.0000	0.0000	0.0000	0.0000	0.0001	0.0001	0.0000	0.0001	0.0001	0.0000	0.0000	0.0000	0.0000	0.0498	0.0438	0.0060	0.0022	0.0021	0.0000	0.0476	0.0417	0.0059	0.1237	0.0765	0.0473	0.0242	0.0226	0.0015	0.0996	0.0538	0.0457
20	61	0.0925	10	2	0	1	0	0	0	0	0	0	1	2	1	0	0	0	0	0	0	Y	N	N	N	Y	N	N	N	N	N	N	N	N	N	N	N	N	N	0.0000	0.0000	0.0000	0.0000	0.0000	0.0000	0.0000	0.0000	0.0000	0.0000	0.0000	0.0000	0.0000	0.0000	0.0000	0.0000	0.0000	0.0000	0.0000	0.0000	0.0000	0.0000	0.0000	0.0000	0.0000	0.0000	0.0000			0.0000	0.0000	2.0350	0.0000	3.4537	0.0000	0.0000	0.0000	0.0000	0.0000	0.0000	0.0000	0.0000	0.0000	0.0000	0.0000	0.0000	0.0000	0.0000	0.0000	0.0000	0.0000	0.0000	0.0000	0.0000	0.0000	0.0000	0.0000	0.0000	0.0000	0.0000	0.0000	0.0000	0.0000	0.0000	0.0000	0.0000	0.0000	0.0000	0.0000	0.0000	0.0000
20	68	0.1847	18	2	0	1	0	0	0	0	0	0	1	1	1	0	0	0	0	0	0	Y	N	N	N	N	N	N	N	N	N	N	N	N	N	N	N	N	N	0.0000	0.0000	0.0000	0.0000	0.0000	0.0000	0.0000	0.0000	0.0000	0.0000	0.0000	0.0000	0.0000	0.0000	0.0000	0.0000	0.0000	0.0000	3.5591	5.2482	0.0000	0.1792	0.2119	0.0002	5.4638	9.3591	0.0000		0.0000	0.0000	-0.2424	2.0350	1.4193	3.4537	5.2011	0.0000	0.0000	0.0000	0.0000	0.0000	0.0000	0.0000	0.0000	0.0000	0.3916	0.3916	0.0000	0.0071	0.0071	0.0000	0.3845	0.3845	0.0000	0.0514	0.0456	0.0058	0.0124	0.0123	0.0002	0.0390	0.0333	0.0057	0.1100	0.0746	0.0354	0.0397	0.0335	0.0061	0.0704	0.0411	0.0293
20	69	0.1346	17	2	0	1	0	1	0	0	0	0	0	1	0	0	0	0	0	0	0	Y	N	N	N	N	N	N	N	N	N	N	N	N	N	N	N	N	N	0.0000	0.0000	0.0002	0.0000	0.0000	0.0000	0.0000	0.0000	0.0002	0.0000	0.0000	0.0000	0.0000	0.0000	0.0000	0.0000	0.0000	0.0000	0.0920	0.1418	0.0013	0.1938	0.2229	0.0006	0.0505	0.0900	0.0014	inf	0.0052	0.0000	-0.0105	2.0350	9.3928	3.4537	3.6523	0.0000	0.0000	0.0000	0.0000	0.0000	0.0000	0.0000	0.0000	0.0000	0.0172	0.0171	0.0001	0.0105	0.0105	0.0000	0.0067	0.0066	0.0001	0.2274	0.2008	0.0266	0.0148	0.0143	0.0005	0.2126	0.1865	0.0261	0.1868	0.1205	0.0663	0.0541	0.0470	0.0071	0.1328	0.0735	0.0593
20	74	0.0925	11	2	0	1	0	0	0	0	0	0	0	2	0	0	0	0	0	0	0	Y	N	N	N	Y	N	N	N	N	N	N	N	N	N	N	N	N	N	0.0002	0.0000	0.0010	0.0000	0.0000	0.0000	0.0003	0.0000	0.0010	0.0000	0.0000	0.0000	0.0000	0.0000	0.0000	0.0000	0.0000	0.0000	0.0005	0.0003	0.0008	0.0009	0.0009	0.0000	0.0004	0.0000	0.0009	inf	1.8909	0.0000	0.0000	2.0350	3.9277	3.4537	0.5227	0.0000	0.0000	0.0000	0.0000	0.0000	0.0000	0.0000	0.0000	0.0000	0.0000	0.0000	0.0000	0.0000	0.0000	0.0000	0.0000	0.0000	0.0000	0.0966	0.0851	0.0115	0.0042	0.0041	0.0001	0.0924	0.0810	0.0114	0.0628	0.0389	0.0240	0.0123	0.0115	0.0008	0.0505	0.0273	0.0232
20	75	0.0925	10	2	0	1	0	0	0	0	0	0	0	2	0	0	0	0	0	0	0	Y	N	N	N	Y	N	N	N	N	N	N	N	N	N	N	N	N	N	0.0000	0.0000	0.0000	0.0000	0.0000	0.0000	0.0000	0.0000	0.0000	0.0000	0.0000	0.0000	0.0000	0.0000	0.0000	0.0000	0.0000	0.0000	0.0000	0.0000	0.0000	0.0000	0.0000	0.0000	0.0000	0.0000	0.0000			0.0000	0.0000	2.0350	0.0009	3.4537	0.0000	0.0000	0.0000	0.0000	0.0000	0.0000	0.0000	0.0000	0.0000	0.0000	0.0000	0.0000	0.0000	0.0000	0.0000	0.0000	0.0000	0.0000	0.0000	0.0000	0.0000	0.0000	0.0000	0.0000	0.0000	0.0000	0.0000	0.0000	0.0000	0.0000	0.0000	0.0000	0.0000	0.0000	0.0000	0.0000	0.0000
20	76	0.0893	9	2	0	1	0	0	0	0	0	0	0	2	0	0	0	0	0	0	0	Y	N	N	N	Y	N	N	N	N	N	N	N	N	N	N	N	N	N	0.0000	0.0000	0.0000	0.0000	0.0000	0.0000	0.0000	0.0000	0.0000	0.0000	0.0000	0.0000	0.0000	0.0000	0.0000	0.0000	0.0000	0.0000	0.0000	0.0000	0.0000	0.0000	0.0000	0.0000	0.0000	0.0000	0.0000			0.0000	0.0000	2.0350	1.0000	3.4537	0.0000	0.0000	0.0000	0.0000	0.0000	0.0000	0.0000	0.0000	0.0000	0.0000	0.0000	0.0000	0.0000	0.0000	0.0000	0.0000	0.0000	0.0000	0.0000	0.0251	0.0221	0.0030	0.0011	0.0010	0.0000	0.0240	0.0210	0.0030	0.0144	0.0089	0.0055	0.0028	0.0027	0.0002	0.0116	0.0063	0.0053
20	77	0.0753	10	2	0	1	0	1	0	0	0	0	0	1	0	0	0	0	0	0	0	Y	N	N	N	N	N	N	N	N	N	N	N	N	N	N	N	N	N	0.0000	0.0000	0.0000	0.0000	0.0000	0.0000	0.0000	0.0000	0.0000	0.0000	0.0000	0.0000	0.0000	0.0000	0.0000	0.0000	0.0000	0.0000	0.0058	0.0094	0.0000	0.0063	0.0067	0.0000	0.0057	0.0104	0.0000		0.0016	0.0000	-0.0004	2.0350	3.3326	3.4537	4.0108	0.0000	0.0000	0.0000	0.0000	0.0000	0.0000	0.0000	0.0000	0.0000	0.0006	0.0006	0.0000	0.0001	0.0001	0.0000	0.0005	0.0005	0.0000	0.0879	0.0776	0.0102	0.0068	0.0067	0.0001	0.0811	0.0709	0.0101	0.1017	0.0630	0.0387	0.0191	0.0180	0.0011	0.0825	0.0450	0.0376
20	79	0.1119	11	2	0	1	0	0	0	0	0	0	0	2	1	0	0	0	0	0	0	Y	N	N	N	Y	N	N	N	N	N	N	N	N	N	N	N	N	N	0.0000	0.0000	0.0000	0.0000	0.0000	0.0000	0.0000	0.0000	0.0000	0.0000	0.0000	0.0000	0.0000	0.0000	0.0000	0.0000	0.0000	0.0000	0.0000	0.0000	0.0000	0.0000	0.0000	0.0000	0.0000	0.0000	0.0000			0.0000	0.0000	2.0350	0.0001	3.4537	1.0072	0.0000	0.0000	0.0000	0.0000	0.0000	0.0000	0.0000	0.0000	0.0000	0.0000	0.0000	0.0000	0.0000	0.0000	0.0000	0.0000	0.0000	0.0000	0.0000	0.0000	0.0000	0.0000	0.0000	0.0000	0.0000	0.0000	0.0000	0.0145	0.0091	0.0054	0.0032	0.0029	0.0002	0.0114	0.0062	0.0052
20	80	0.1022	10	2	0	1	0	0	0	0	0	0	0	2	1	0	0	0	0	0	0	Y	N	N	N	Y	N	N	N	N	N	N	N	N	N	N	N	N	N	0.0000	0.0000	0.0000	0.0000	0.0000	0.0000	0.0000	0.0000	0.0000	0.0000	0.0000	0.0000	0.0000	0.0000	0.0000	0.0000	0.0000	0.0000	0.0001	0.0001	0.0000	0.0004	0.0004	0.0000	0.0000	0.0000	0.0000		0.0169	0.0000	-0.0000	2.0350	1.0058	3.4537	1.9973	0.0000	0.0000	0.0000	0.0000	0.0000	0.0000	0.0000	0.0000	0.0000	0.0000	0.0000	0.0000	0.0000	0.0000	0.0000	0.0000	0.0000	0.0000	0.0256	0.0226	0.0030	0.0016	0.0015	0.0001	0.0240	0.0210	0.0030	0.0430	0.0268	0.0162	0.0092	0.0085	0.0007	0.0338	0.0183	0.0155
20	83	0.1022	10	2	0	1	0	0	0	0	0	0	0	2	1	0	0	0	0	0	0	Y	N	N	N	Y	N	N	N	N	N	N	N	N	N	N	N	N	N	0.0000	0.0000	0.0000	0.0000	0.0000	0.0000	0.0000	0.0000	0.0000	0.0000	0.0000	0.0000	0.0000	0.0000	0.0000	0.0000	0.0000	0.0000	0.0367	0.0004	0.0965	0.0013	0.0014	0.0000	0.0461	0.0000	0.1008		136.0838	0.0000	0.0020	2.0350	5.0069	3.4537	6.0103	0.0000	0.0000	0.0000	0.0000	0.0000	0.0000	0.0000	0.0000	0.0000	0.0055	0.0000	0.0054	0.0000	0.0000	0.0000	0.0054	0.0000	0.0054	0.1232	0.1086	0.0146	0.0071	0.0068	0.0003	0.1162	0.1018	0.0144	0.1493	0.0930	0.0563	0.0314	0.0291	0.0024	0.1179	0.0639	0.0539
20	84	0.0958	9	2	0	1	0	0	0	0	0	1	1	2	1	0	0	0	0	0	0	Y	N	N	N	Y	N	N	N	N	N	N	N	N	N	N	N	N	N	0.0000	0.0000	0.0000	0.0000	0.0000	0.0000	0.0000	0.0000	0.0000	0.0000	0.0000	0.0000	0.0000	0.0000	0.0000	0.0000	0.0000	0.0000	0.0008	0.0011	0.0003	0.0032	0.0034	0.0000	0.0001	0.0000	0.0003		0.1724	0.0000	-0.0000	2.0350	1.9932	3.4537	0.0278	0.0000	0.0000	0.0000	0.0000	0.0000	0.0000	0.0000	0.0000	0.0000	0.0000	0.0000	0.0000	0.0000	0.0000	0.0000	0.0000	0.0000	0.0000	0.0498	0.0439	0.0060	0.0021	0.0021	0.0000	0.0477	0.0418	0.0059	0.0297	0.0185	0.0112	0.0063	0.0059	0.0005	0.0234	0.0127	0.0107
20	91	0.1130	13	2	0	1	0	0	0	0	0	0	0	1	0	0	0	0	0	0	0	Y	N	N	N	N	N	N	N	N	N	N	N	N	N	N	N	N	N	0.0000	0.0000	0.0000	0.0000	0.0000	0.0000	0.0000	0.0000	0.0000	0.0000	0.0000	0.0000	0.0000	0.0000	0.0000	0.0000	0.0000	0.0000	0.0001	0.0001	0.0000	0.0001	0.0001	0.0002	0.0001	0.0001	0.0000		0.1195	0.0000	-0.0000	2.0350	1.5872	3.4537	4.4746	0.0000	0.0000	0.0000	0.0000	0.0000	0.0000	0.0000	0.0000	0.0000	0.0000	0.0000	0.0000	0.0000	0.0000	0.0000	0.0000	0.0000	0.0000	0.0396	0.0349	0.0047	0.0030	0.0029	0.0001	0.0366	0.0320	0.0046	0.1115	0.0730	0.0385	0.0332	0.0313	0.0019	0.0782	0.0416	0.0366
20	92	0.1088	12	2	0	1	1	0	0	0	1	0	0	2	1	0	0	0	0	0	0	Y	N	N	N	Y	N	N	N	N	N	N	N	N	N	N	N	N	N	0.0000	0.0000	0.0000	0.0000	0.0000	0.0000	0.0000	0.0000	0.0000	0.0000	0.0000	0.0000	0.0000	0.0000	0.0000	0.0000	0.0000	0.0000	0.1264	0.0000	0.3333	0.0000	0.0000	0.0005	0.1591	0.0000	0.3477		inf	0.0000	0.0021	2.0350	1.0091	3.4537	1.9972	0.0000	0.0000	0.0000	0.0000	0.0000	0.0000	0.0000	0.0000	0.0000	0.0054	0.0000	0.0054	0.0000	0.0000	0.0000	0.0054	0.0000	0.0054	0.0254	0.0224	0.0030	0.0014	0.0014	0.0000	0.0240	0.0210	0.0030	0.0430	0.0267	0.0163	0.0088	0.0082	0.0007	0.0341	0.0185	0.0156
20	93	0.0925	11	2	0	1	0	0	0	0	0	0	1	2	1	0	0	0	0	0	0	Y	N	N	N	Y	N	N	N	N	N	N	N	N	N	N	N	N	N	0.0000	0.0000	0.0000	0.0000	0.0000	0.0000	0.0000	0.0000	0.0000	0.0000	0.0000	0.0000	0.0000	0.0000	0.0000	0.0000	0.0000	0.0000	0.0001	0.0000	0.0004	0.0000	0.0000	0.0000	0.0002	0.0000	0.0004		27.8653	0.0000	0.0000	2.0350	2.0083	3.4537	3.0031	0.0000	0.0000	0.0000	0.0000	0.0000	0.0000	0.0000	0.0000	0.0000	0.0000	0.0000	0.0000	0.0000	0.0000	0.0000	0.0000	0.0000	0.0000	0.0497	0.0438	0.0060	0.0022	0.0022	0.0000	0.0475	0.0416	0.0059	0.0706	0.0437	0.0270	0.0138	0.0129	0.0009	0.0568	0.0307	0.0261
20	94	0.0925	10	2	0	1	0	0	0	0	0	0	0	2	0	0	0	0	0	0	0	Y	N	N	N	Y	N	N	N	N	N	N	N	N	N	N	N	N	N	0.0000	0.0000	0.0000	0.0000	0.0000	0.0000	0.0000	0.0000	0.0000	0.0000	0.0000	0.0000	0.0000	0.0000	0.0000	0.0000	0.0000	0.0000	0.0127	0.0092	0.0204	0.0187	0.0191	0.0000	0.0096	0.0000	0.0209		1.0000	0.0000	-0.0000	2.0350	0.0000	3.4537	0.0002	0.0000	0.0000	0.0000	0.0000	0.0000	0.0000	0.0000	0.0000	0.0000	0.0000	0.0000	0.0000	0.0000	0.0000	0.0000	0.0000	0.0000	0.0000	0.0000	0.0000	0.0000	0.0000	0.0000	0.0000	0.0000	0.0000	0.0000	0.0000	0.0000	0.0000	0.0000	0.0000	0.0000	0.0000	0.0000	0.0000
20	95	0.0893	9	2	0	1	0	0	0	0	0	0	0	2	0	0	0	0	0	0	0	Y	N	N	N	Y	N	N	N	N	N	N	N	N	N	N	N	N	N	0.0000	0.0000	0.0000	0.0000	0.0000	0.0000	0.0000	0.0000	0.0000	0.0000	0.0000	0.0000	0.0000	0.0000	0.0000	0.0000	0.0000	0.0000	0.0000	0.0000	0.0000	0.0000	0.0000	0.0000	0.0000	0.0000	0.0000		inf	0.0000	0.0000	2.0350	1.0000	3.4537	0.0001	0.0000	0.0000	0.0000	0.0000	0.0000	0.0000	0.0000	0.0000	0.0000	0.0000	0.0000	0.0000	0.0000	0.0000	0.0000	0.0000	0.0000	0.0000	0.0251	0.0221	0.0030	0.0011	0.0010	0.0000	0.0240	0.0210	0.0030	0.0144	0.0089	0.0055	0.0028	0.0027	0.0002	0.0116	0.0063	0.0053
20	96	0.0893	8	2	0	1	0	0	0	0	0	1	0	2	0	0	0	0	0	0	0	Y	N	N	N	Y	N	N	N	N	N	N	N	N	N	N	N	N	N	0.0000	0.0000	0.0000	0.0000	0.0000	0.0000	0.0000	0.0000	0.0000	0.0000	0.0000	0.0000	0.0000	0.0000	0.0000	0.0000	0.0000	0.0000	0.0000	0.0000	0.0000	0.0000	0.0000	0.0000	0.0000	0.0000	0.0000			0.0000	0.0000	2.0350	0.0000	3.4537	0.0001	0.0000	0.0000	0.0000	0.0000	0.0000	0.0000	0.0000	0.0000	0.0000	0.0000	0.0000	0.0000	0.0000	0.0000	0.0000	0.0000	0.0000	0.0000	0.0000	0.0000	0.0000	0.0000	0.0000	0.0000	0.0000	0.0000	0.0000	0.0000	0.0000	0.0000	0.0000	0.0000	0.0000	0.0000	0.0000	0.0000
20	97	0.0861	7	2	0	1	0	0	0	0	0	0	0	1	0	0	0	0	0	0	0	Y	N	N	N	N	N	N	N	N	N	N	N	N	N	N	N	N	N	0.0000	0.0000	0.0000	0.0000	0.0000	0.0000	0.0000	0.0000	0.0000	0.0000	0.0000	0.0000	0.0000	0.0000	0.0000	0.0000	0.0000	0.0000	0.0000	0.0000	0.0000	0.0000	0.0000	0.0000	0.0000	0.0000	0.0000			0.0000	0.0000	2.0350	0.9999	3.4537	0.0008	0.0000	0.0000	0.0000	0.0000	0.0000	0.0000	0.0000	0.0000	0.0000	0.0000	0.0000	0.0000	0.0000	0.0000	0.0000	0.0000	0.0000	0.0000	0.0250	0.0220	0.0030	0.0011	0.0010	0.0000	0.0239	0.0210	0.0030	0.0144	0.0089	0.0055	0.0028	0.0027	0.0002	0.0116	0.0063	0.0053
20	107	0.0893	8	2	0	1	0	0	0	0	0	0	0	1	0	0	0	0	0	0	0	Y	N	N	N	N	N	N	N	N	N	N	N	N	N	N	N	N	N	0.0000	0.0000	0.0000	0.0000	0.0000	0.0000	0.0000	0.0000	0.0000	0.0000	0.0000	0.0000	0.0000	0.0000	0.0000	0.0000	0.0000	0.0000	0.0007	0.0011	0.0000	0.0035	0.0038	0.0000	0.0000	0.0000	0.0000		0.0027	0.0000	-0.0000	2.0350	1.0015	3.4537	0.9989	0.0000	0.0000	0.0000	0.0000	0.0000	0.0000	0.0000	0.0000	0.0000	0.0000	0.0000	0.0000	0.0000	0.0000	0.0000	0.0000	0.0000	0.0000	0.0251	0.0221	0.0030	0.0011	0.0010	0.0000	0.0241	0.0211	0.0030	0.0288	0.0178	0.0110	0.0056	0.0053	0.0004	0.0231	0.0125	0.0106
20	108	0.0861	7	2	0	1	0	0	0	0	0	0	0	1	0	0	0	0	0	0	0	Y	N	N	N	N	N	N	N	N	N	N	N	N	N	N	N	N	N	0.0000	0.0000	0.0000	0.0000	0.0000	0.0000	0.0000	0.0000	0.0000	0.0000	0.0000	0.0000	0.0000	0.0000	0.0000	0.0000	0.0000	0.0000	0.0000	0.0000	0.0000	0.0000	0.0000	0.0000	0.0000	0.0000	0.0000			0.0000	-0.0000	2.0350	1.0004	3.4537	0.0020	0.0000	0.0000	0.0000	0.0000	0.0000	0.0000	0.0000	0.0000	0.0000	0.0000	0.0000	0.0000	0.0000	0.0000	0.0000	0.0000	0.0000	0.0000	0.0250	0.0220	0.0030	0.0011	0.0010	0.0000	0.0239	0.0210	0.0030	0.0144	0.0089	0.0055	0.0028	0.0027	0.0002	0.0116	0.0063	0.0053
20	109	0.0601	6	2	0	1	0	1	0	0	0	0	0	1	0	0	0	0	0	0	0	Y	N	N	N	N	N	N	N	N	N	N	N	N	N	N	N	N	N	0.0000	0.0000	0.0000	0.0000	0.0000	0.0000	0.0000	0.0000	0.0000	0.0000	0.0000	0.0000	0.0000	0.0000	0.0000	0.0000	0.0000	0.0000	0.0000	0.0000	0.0000	0.0000	0.0000	0.0000	0.0000	0.0000	0.0000			0.0000	-0.0000	2.0350	3.0035	3.4537	5.0043	0.0000	0.0000	0.0000	0.0000	0.0000	0.0000	0.0000	0.0000	0.0000	0.0000	0.0000	0.0000	0.0000	0.0000	0.0000	0.0000	0.0000	0.0000	0.0742	0.0653	0.0089	0.0030	0.0029	0.0000	0.0712	0.0624	0.0088	0.1110	0.0682	0.0429	0.0206	0.0194	0.0012	0.0905	0.0488	0.0416
20	112	0.0995	12	2	0	1	0	1	0	0	0	0	0	1	0	0	0	0	0	0	0	Y	N	N	N	N	N	N	N	N	N	N	N	N	N	N	N	N	N	0.0000	0.0000	0.0000	0.0000	0.0000	0.0000	0.0000	0.0000	0.0000	0.0000	0.0000	0.0000	0.0000	0.0000	0.0000	0.0000	0.0000	0.0000	0.0001	0.0001	0.0000	0.0003	0.0003	0.0002	0.0000	0.0000	0.0000		0.0306	0.0000	-0.0000	2.0350	3.0209	3.4537	2.2550	0.0000	0.0000	0.0000	0.0000	0.0000	0.0000	0.0000	0.0000	0.0000	0.0000	0.0000	0.0000	0.0000	0.0000	0.0000	0.0000	0.0000	0.0000	0.0758	0.0668	0.0090	0.0048	0.0047	0.0001	0.0710	0.0622	0.0088	0.1034	0.0681	0.0353	0.0316	0.0300	0.0017	0.0718	0.0382	0.0336
21	22	0.0875	12	2	0	1	1	1	0	1	1	0	0	1	1	0	0	0	0	0	0	Y	N	N	N	N	N	N	N	N	N	N	N	N	N	N	N	N	N	0.0000	0.0000	0.0000	0.0000	0.0000	0.0000	0.0000	0.0000	0.0000	0.0000	0.0000	0.0000	0.0000	0.0000	0.0000	0.0000	0.0000	0.0000	0.0000	0.0000	0.0000	0.0000	0.0000	0.0000	0.0000	0.0000	0.0000			0.0000	0.0000	2.0002	2.0010	2.9143	1.9996	0.0000	0.0000	0.0000	0.0000	0.0000	0.0000	0.0000	0.0000	0.0000	0.0000	0.0000	0.0000	0.0000	0.0000	0.0000	0.0000	0.0000	0.0000	0.0466	0.0408	0.0058	0.0015	0.0014	0.0001	0.0452	0.0394	0.0058	0.0410	0.0204	0.0205	0.0030	0.0027	0.0003	0.0379	0.0177	0.0202
21	36	0.1697	18	2	0	1	0	1	0	1	0	0	1	0	1	0	0	0	0	0	0	Y	N	N	N	N	N	N	N	N	N	N	N	N	N	N	N	N	N	0.0000	0.0000	0.0000	0.0000	0.0000	0.0000	0.0000	0.0000	0.0000	0.0000	0.0000	0.0000	0.0000	0.0000	0.0000	0.0000	0.0000	0.0000	0.0060	0.0112	0.0000	0.0323	0.0383	0.0000	0.0000	0.0000	0.0000		0.0000	0.0000	-0.0005	2.0002	11.0150	2.9143	4.0316	0.0000	0.0000	0.0000	0.0000	0.0000	0.0000	0.0000	0.0000	0.0000	0.0008	0.0008	0.0000	0.0008	0.0008	0.0000	0.0000	0.0000	0.0000	0.2349	0.2073	0.0275	0.0281	0.0266	0.0015	0.2067	0.1807	0.0260	0.1328	0.0708	0.0621	0.0246	0.0207	0.0039	0.1083	0.0501	0.0582
21	38	0.0831	11	2	0	1	1	1	0	1	1	0	1	1	1	0	0	0	0	0	0	Y	N	N	N	N	N	N	N	N	N	N	N	N	N	N	N	N	N	8679.9675	5192.7506	0.0000	19.0928	19.0392	0.0000	91035988.5203	70132086.7343	0.0000	3.8081	4.2414	0.0000	0.0742	0.0768	0.0000	4.9192	5.6060	0.0000	0.0004	0.0008	0.0000	0.0039	0.0040	0.0000	0.0000	0.0000	0.0000	0.0000	0.0000	-0.1139	-0.0000	2.0002	3.1237	2.9143	0.5096	0.4934	0.4934	0.0000	0.0022	0.0022	0.0000	0.4912	0.4912	0.0000	0.0000	0.0000	0.0000	0.0000	0.0000	0.0000	0.0000	0.0000	0.0000	0.1296	0.1163	0.0132	0.0297	0.0287	0.0010	0.0999	0.0876	0.0122	0.0438	0.0235	0.0203	0.0049	0.0048	0.0002	0.0389	0.0188	0.0201
21	43	0.0729	11	2	0	1	1	1	0	1	1	0	1	1	1	0	0	0	0	0	0	Y	N	N	N	N	N	N	N	N	N	N	N	N	N	N	N	N	N	0.0000	0.0000	0.0000	0.0000	0.0000	0.0000	0.0000	0.0000	0.0000	0.0000	0.0000	0.0000	0.0000	0.0000	0.0000	0.0000	0.0000	0.0000	0.0000	0.0000	0.0000	0.0000	0.0000	0.0000	0.0000	0.0000	0.0000			0.0000	0.0000	2.0002	2.9999	2.9143	0.9999	0.0000	0.0000	0.0000	0.0000	0.0000	0.0000	0.0000	0.0000	0.0000	0.0000	0.0000	0.0000	0.0000	0.0000	0.0000	0.0000	0.0000	0.0000	0.0893	0.0784	0.0109	0.0067	0.0066	0.0002	0.0826	0.0718	0.0107	0.0449	0.0222	0.0228	0.0030	0.0028	0.0002	0.0419	0.0193	0.0226
21	44	0.0680	10	2	0	1	0	1	0	1	0	0	0	1	0	0	0	0	0	0	0	Y	N	N	N	N	N	N	N	N	N	N	N	N	N	N	N	N	N	0.0000	0.0000	0.0000	0.0000	0.0000	0.0000	0.0000	0.0000	0.0000	0.0000	0.0000	0.0000	0.0000	0.0000	0.0000	0.0000	0.0000	0.0000	0.0000	0.0000	0.0000	0.0000	0.0000	0.0000	0.0000	0.0000	0.0000			0.0000	0.0000	2.0002	1.0020	2.9143	0.0022	0.0000	0.0000	0.0000	0.0000	0.0000	0.0000	0.0000	0.0000	0.0000	0.0000	0.0000	0.0000	0.0000	0.0000	0.0000	0.0000	0.0000	0.0000	0.0235	0.0205	0.0030	0.0003	0.0003	0.0000	0.0232	0.0202	0.0030	0.0105	0.0052	0.0053	0.0007	0.0006	0.0000	0.0098	0.0046	0.0053
21	45	0.0680	10	2	0	1	0	1	0	1	0	0	0	1	1	0	0	0	0	0	0	Y	N	N	N	N	N	N	N	N	N	N	N	N	N	N	N	N	N	0.0000	0.0000	0.0000	0.0000	0.0000	0.0000	0.0000	0.0000	0.0000	0.0000	0.0000	0.0000	0.0000	0.0000	0.0000	0.0000	0.0000	0.0000	0.0000	0.0000	0.0000	0.0000	0.0000	0.0000	0.0000	0.0000	0.0000			0.0000	0.0000	2.0002	4.0000	2.9143	1.0000	0.0000	0.0000	0.0000	0.0000	0.0000	0.0000	0.0000	0.0000	0.0000	0.0000	0.0000	0.0000	0.0000	0.0000	0.0000	0.0000	0.0000	0.0000	0.0922	0.0806	0.0116	0.0013	0.0012	0.0001	0.0909	0.0794	0.0115	0.0510	0.0253	0.0257	0.0032	0.0030	0.0002	0.0478	0.0222	0.0256
21	46	0.1343	15	2	0	1	0	1	0	1	0	0	1	0	1	0	0	0	0	0	0	Y	N	N	N	N	N	N	N	N	N	N	N	N	N	N	N	N	N	0.0000	0.0000	0.0000	0.0000	0.0000	0.0000	0.0000	0.0000	0.0000	0.0000	0.0000	0.0000	0.0000	0.0000	0.0000	0.0000	0.0000	0.0000	0.0000	0.0000	0.0000	0.0000	0.0000	0.0000	0.0000	0.0000	0.0000			0.0000	0.0000	2.0002	0.0007	2.9143	1.0103	0.0000	0.0000	0.0000	0.0000	0.0000	0.0000	0.0000	0.0000	0.0000	0.0000	0.0000	0.0000	0.0000	0.0000	0.0000	0.0000	0.0000	0.0000	0.0001	0.0001	0.0000	0.0000	0.0000	0.0000	0.0000	0.0000	0.0000	0.0301	0.0213	0.0088	0.0118	0.0115	0.0003	0.0183	0.0098	0.0085
21	47	0.0992	14	2	0	1	0	2	0	1	0	0	0	0	0	0	0	0	0	0	0	Y	N	N	N	N	N	N	N	N	N	N	N	N	N	N	N	N	N	0.0000	0.0000	inf	0.0000	0.0000	0.0000	0.0146	0.0000	inf	0.0000	0.0000	0.0000	0.0000	0.0000	0.0000	0.0000	0.0000	0.0000	0.0047	0.0086	0.0000	0.0255	0.0287	0.0000	0.0000	0.0000	0.0000	inf	0.0000	0.0000	-0.0003	2.0002	6.8097	2.9143	3.8431	0.0000	0.0000	0.0000	0.0000	0.0000	0.0000	0.0000	0.0000	0.0000	0.0005	0.0005	0.0000	0.0005	0.0005	0.0000	0.0000	0.0000	0.0000	0.1662	0.1463	0.0199	0.0112	0.0107	0.0005	0.1550	0.1356	0.0194	0.1094	0.0594	0.0500	0.0200	0.0178	0.0022	0.0894	0.0416	0.0478
21	49	0.1602	17	2	0	1	0	1	0	1	0	0	0	0	0	0	0	0	0	0	0	Y	N	N	N	N	N	N	N	N	N	N	N	N	N	N	N	N	N	0.0000	0.0000	0.0000	0.0000	0.0000	0.0000	0.0000	0.0000	0.0000	0.0000	0.0000	0.0000	0.0000	0.0000	0.0000	0.0000	0.0000	0.0000	0.0249	0.0045	0.0597	0.0102	0.0111	0.0000	0.0305	0.0000	0.0635	0.0000	7.8473	-0.0000	0.0002	2.0002	1.6285	2.9143	1.0381	0.0000	0.0000	0.0000	0.0000	0.0000	0.0000	0.0000	0.0000	0.0000	0.0009	0.0001	0.0008	0.0001	0.0001	0.0000	0.0008	0.0000	0.0008	0.0554	0.0489	0.0064	0.0129	0.0127	0.0002	0.0424	0.0362	0.0062	0.0359	0.0226	0.0133	0.0099	0.0091	0.0008	0.0260	0.0135	0.0125
21	53	0.0843	11	2	0	1	0	1	0	1	0	0	0	1	1	0	0	0	0	0	0	Y	N	N	N	N	N	N	N	N	N	N	N	N	N	N	N	N	N	0.0000	0.0000	0.0000	0.0000	0.0000	0.0000	0.0000	0.0000	0.0000	0.0000	0.0000	0.0000	0.0000	0.0000	0.0000	0.0000	0.0000	0.0000	0.0000	0.0000	0.0000	0.0000	0.0000	0.0000	0.0000	0.0000	0.0000			0.0000	0.0000	2.0002	0.9921	2.9143	0.0076	0.0000	0.0000	0.0000	0.0000	0.0000	0.0000	0.0000	0.0000	0.0000	0.0000	0.0000	0.0000	0.0000	0.0000	0.0000	0.0000	0.0000	0.0000	0.0234	0.0205	0.0029	0.0007	0.0006	0.0000	0.0227	0.0198	0.0029	0.0106	0.0053	0.0053	0.0008	0.0008	0.0001	0.0097	0.0045	0.0052
21	60	0.0680	10	2	0	1	0	1	0	1	0	0	0	1	1	0	0	0	0	0	0	Y	N	N	N	N	N	N	N	N	N	N	N	N	N	N	N	N	N	0.0000	0.0000	0.0000	0.0000	0.0000	0.0000	0.0000	0.0000	0.0000	0.0000	0.0000	0.0000	0.0000	0.0000	0.0000	0.0000	0.0000	0.0000	0.0625	0.1261	0.0000	0.0264	0.0279	0.0000	0.0650	0.1395	0.0000		0.0000	0.0000	-0.0035	2.0002	2.0000	2.9143	7.0000	0.0000	0.0000	0.0000	0.0000	0.0000	0.0000	0.0000	0.0000	0.0000	0.0056	0.0056	0.0000	0.0001	0.0001	0.0000	0.0055	0.0055	0.0000	0.0467	0.0408	0.0059	0.0006	0.0006	0.0000	0.0460	0.0401	0.0059	0.0899	0.0446	0.0453	0.0057	0.0054	0.0003	0.0842	0.0392	0.0450
21	61	0.0680	9	2	0	1	0	1	0	1	0	0	1	1	1	0	0	0	0	0	0	Y	N	N	N	N	N	N	N	N	N	N	N	N	N	N	N	N	N	0.0000	0.0000	0.0000	0.0000	0.0000	0.0000	0.0000	0.0000	0.0000	0.0000	0.0000	0.0000	0.0000	0.0000	0.0000	0.0000	0.0000	0.0000	0.0000	0.0000	0.0000	0.0000	0.0000	0.0000	0.0000	0.0000	0.0000			0.0000	0.0000	2.0002	0.0000	2.9143	0.0000	0.0000	0.0000	0.0000	0.0000	0.0000	0.0000	0.0000	0.0000	0.0000	0.0000	0.0000	0.0000	0.0000	0.0000	0.0000	0.0000	0.0000	0.0000	0.0000	0.0000	0.0000	0.0000	0.0000	0.0000	0.0000	0.0000	0.0000	0.0000	0.0000	0.0000	0.0000	0.0000	0.0000	0.0000	0.0000	0.0000
21	68	0.1602	17	2	0	1	0	1	0	1	0	0	1	0	1	0	0	0	0	0	0	Y	N	N	N	N	N	N	N	N	N	N	N	N	N	N	N	N	N	0.0000	0.0000	0.0000	0.0000	0.0000	0.0000	0.0000	0.0000	0.0000	0.0000	0.0000	0.0000	0.0000	0.0000	0.0000	0.0000	0.0000	0.0000	0.0014	0.0024	0.0000	0.0062	0.0070	0.0000	0.0000	0.0000	0.0000	0.0000	0.0000	-0.0000	-0.0001	2.0002	1.4193	2.9143	5.2011	0.0000	0.0000	0.0000	0.0000	0.0000	0.0000	0.0000	0.0000	0.0000	0.0001	0.0001	0.0000	0.0001	0.0001	0.0000	0.0000	0.0000	0.0000	0.0507	0.0449	0.0059	0.0125	0.0123	0.0002	0.0382	0.0325	0.0057	0.0720	0.0416	0.0304	0.0163	0.0144	0.0019	0.0557	0.0271	0.0286
21	69	0.1100	16	2	0	1	0	2	0	1	0	0	0	0	0	0	0	0	0	0	0	Y	N	N	N	N	N	N	N	N	N	N	N	N	N	N	N	N	N	0.0835	0.1720	0.0001	1.1147	1.0171	0.0000	0.0000	0.0000	0.0001	0.0001	0.0001	0.0000	0.0017	0.0017	0.0000	0.0000	0.0000	0.0000	0.0011	0.0006	0.0017	0.0015	0.0017	0.0000	0.0010	0.0002	0.0018	0.0001	2.3863	-0.0000	0.0000	2.0002	9.3928	2.9143	3.6523	0.0000	0.0000	0.0000	0.0000	0.0000	0.0000	0.0000	0.0000	0.0000	0.0001	0.0000	0.0001	0.0000	0.0000	0.0000	0.0001	0.0000	0.0001	0.2183	0.1919	0.0264	0.0121	0.0115	0.0006	0.2061	0.1803	0.0258	0.1302	0.0696	0.0606	0.0219	0.0190	0.0029	0.1083	0.0506	0.0577
21	74	0.0680	10	2	0	1	0	1	0	1	0	0	0	1	0	0	0	0	0	0	0	Y	N	N	N	N	N	N	N	N	N	N	N	N	N	N	N	N	N	13305.9793	1282371.1148	6.3227	3229.6992	3225.6928	0.0000	12643.1285	1182593.1923	6.3167	5.6162	6.4253	0.0053	0.0040	0.0043	0.0000	5.6954	6.5234	0.0053	0.0004	0.0000	0.0008	0.0000	0.0000	0.0000	0.0005	0.0000	0.0008	0.0001	169.0867	-0.1173	0.0000	2.0002	3.9277	2.9143	0.5227	0.5087	0.5086	0.0001	0.0000	0.0000	0.0000	0.5087	0.5086	0.0001	0.0000	0.0000	0.0000	0.0000	0.0000	0.0000	0.0000	0.0000	0.0000	0.0906	0.0792	0.0114	0.0013	0.0012	0.0001	0.0893	0.0780	0.0113	0.0455	0.0226	0.0230	0.0029	0.0027	0.0002	0.0427	0.0198	0.0228
21	75	0.0680	9	2	0	1	0	1	0	1	0	0	0	1	0	0	0	0	0	0	0	Y	N	N	N	N	N	N	N	N	N	N	N	N	N	N	N	N	N	0.0000	0.0000	0.0000	0.0000	0.0000	0.0000	0.0000	0.0000	0.0000	0.0000	0.0000	0.0000	0.0000	0.0000	0.0000	0.0000	0.0000	0.0000	0.0000	0.0000	0.0000	0.0000	0.0000	0.0000	0.0000	0.0000	0.0000			0.0000	0.0000	2.0002	0.0009	2.9143	0.0000	0.0000	0.0000	0.0000	0.0000	0.0000	0.0000	0.0000	0.0000	0.0000	0.0000	0.0000	0.0000	0.0000	0.0000	0.0000	0.0000	0.0000	0.0000	0.0000	0.0000	0.0000	0.0000	0.0000	0.0000	0.0000	0.0000	0.0000	0.0000	0.0000	0.0000	0.0000	0.0000	0.0000	0.0000	0.0000	0.0000
21	76	0.0648	8	2	0	1	0	1	0	1	0	0	0	1	0	0	0	0	0	0	0	Y	N	N	N	N	N	N	N	N	N	N	N	N	N	N	N	N	N	0.0000	0.0000	0.0000	0.0000	0.0000	0.0000	0.0000	0.0000	0.0000	0.0000	0.0000	0.0000	0.0000	0.0000	0.0000	0.0000	0.0000	0.0000	0.0000	0.0000	0.0000	0.0000	0.0000	0.0000	0.0000	0.0000	0.0000			0.0000	0.0000	2.0002	1.0000	2.9143	0.0000	0.0000	0.0000	0.0000	0.0000	0.0000	0.0000	0.0000	0.0000	0.0000	0.0000	0.0000	0.0000	0.0000	0.0000	0.0000	0.0000	0.0000	0.0000	0.0235	0.0205	0.0030	0.0003	0.0003	0.0000	0.0232	0.0202	0.0030	0.0105	0.0052	0.0053	0.0007	0.0006	0.0000	0.0098	0.0046	0.0052
21	77	0.0508	9	2	0	1	0	2	0	1	0	0	0	0	0	0	0	0	0	0	0	Y	N	N	N	N	N	N	N	N	N	N	N	N	N	N	N	N	N	0.0000	0.0000	0.0000	0.0000	0.0000	0.0000	0.0000	0.0000	0.0000	0.0000	0.0000	0.0000	0.0000	0.0000	0.0000	0.0000	0.0000	0.0000	0.0000	0.0000	0.0000	0.0000	0.0000	0.0000	0.0000	0.0000	0.0000			0.0000	0.0000	2.0002	3.3326	2.9143	4.0108	0.0000	0.0000	0.0000	0.0000	0.0000	0.0000	0.0000	0.0000	0.0000	0.0000	0.0000	0.0000	0.0000	0.0000	0.0000	0.0000	0.0000	0.0000	0.0848	0.0744	0.0104	0.0040	0.0039	0.0001	0.0808	0.0705	0.0103	0.0749	0.0379	0.0370	0.0053	0.0050	0.0003	0.0696	0.0329	0.0367
21	79	0.0874	10	2	0	1	0	1	0	1	0	0	0	1	1	0	0	0	0	0	0	Y	N	N	N	N	N	N	N	N	N	N	N	N	N	N	N	N	N	0.0000	0.0000	0.0000	0.0000	0.0000	0.0000	0.0000	0.0000	0.0000	0.0000	0.0000	0.0000	0.0000	0.0000	0.0000	0.0000	0.0000	0.0000	0.0000	0.0000	0.0000	0.0000	0.0000	0.0000	0.0000	0.0000	0.0000			0.0000	0.0000	2.0002	0.0001	2.9143	1.0072	0.0000	0.0000	0.0000	0.0000	0.0000	0.0000	0.0000	0.0000	0.0000	0.0000	0.0000	0.0000	0.0000	0.0000	0.0000	0.0000	0.0000	0.0000	0.0000	0.0000	0.0000	0.0000	0.0000	0.0000	0.0000	0.0000	0.0000	0.0107	0.0055	0.0052	0.0011	0.0010	0.0001	0.0095	0.0044	0.0051
21	80	0.0777	9	2	0	1	0	1	0	1	0	0	0	1	1	0	0	0	0	0	0	Y	N	N	N	N	N	N	N	N	N	N	N	N	N	N	N	N	N	0.0000	0.0000	0.0000	0.0000	0.0000	0.0000	0.0000	0.0000	0.0000	0.0000	0.0000	0.0000	0.0000	0.0000	0.0000	0.0000	0.0000	0.0000	0.0000	0.0000	0.0000	0.0000	0.0000	0.0000	0.0000	0.0000	0.0000			0.0000	0.0000	2.0002	1.0058	2.9143	1.9973	0.0000	0.0000	0.0000	0.0000	0.0000	0.0000	0.0000	0.0000	0.0000	0.0000	0.0000	0.0000	0.0000	0.0000	0.0000	0.0000	0.0000	0.0000	0.0246	0.0215	0.0031	0.0008	0.0007	0.0001	0.0238	0.0208	0.0030	0.0316	0.0161	0.0154	0.0033	0.0030	0.0003	0.0283	0.0132	0.0151
21	83	0.0777	9	2	0	1	0	1	0	1	0	0	0	1	1	0	0	0	0	0	0	Y	N	N	N	N	N	N	N	N	N	N	N	N	N	N	N	N	N	0.0000	0.0000	0.0000	0.0000	0.0000	0.0000	0.0000	0.0000	0.0000	0.0000	0.0000	0.0000	0.0000	0.0000	0.0000	0.0000	0.0000	0.0000	0.0000	0.0000	0.0000	0.0000	0.0000	0.0000	0.0000	0.0000	0.0000			0.0000	0.0000	2.0002	5.0069	2.9143	6.0103	0.0000	0.0000	0.0000	0.0000	0.0000	0.0000	0.0000	0.0000	0.0000	0.0000	0.0000	0.0000	0.0000	0.0000	0.0000	0.0000	0.0000	0.0000	0.1182	0.1034	0.0148	0.0031	0.0029	0.0002	0.1151	0.1006	0.0145	0.1098	0.0560	0.0538	0.0109	0.0098	0.0011	0.0989	0.0462	0.0527
21	84	0.0713	8	2	0	1	0	1	0	1	0	1	1	1	1	0	0	0	0	0	0	Y	N	N	N	N	N	N	N	N	N	N	N	N	N	N	N	N	N	0.0000	0.0000	0.0000	0.0000	0.0000	0.0000	0.0000	0.0000	0.0000	0.0000	0.0000	0.0000	0.0000	0.0000	0.0000	0.0000	0.0000	0.0000	0.0000	0.0000	0.0000	0.0000	0.0000	0.0000	0.0000	0.0000	0.0000			0.0000	0.0000	2.0002	1.9932	2.9143	0.0278	0.0000	0.0000	0.0000	0.0000	0.0000	0.0000	0.0000	0.0000	0.0000	0.0000	0.0000	0.0000	0.0000	0.0000	0.0000	0.0000	0.0000	0.0000	0.0478	0.0417	0.0060	0.0004	0.0004	0.0000	0.0474	0.0413	0.0060	0.0219	0.0113	0.0107	0.0023	0.0021	0.0002	0.0196	0.0092	0.0105
21	91	0.0885	12	2	0	1	0	1	0	1	0	0	0	0	0	0	0	0	0	0	0	Y	N	N	N	N	N	N	N	N	N	N	N	N	N	N	N	N	N	0.0000	0.0001	0.0000	0.0013	0.0013	0.0000	0.0000	0.0000	0.0000	0.0000	0.0000	0.0000	0.0000	0.0000	0.0000	0.0000	0.0000	0.0000	0.2570	0.0109	0.5985	0.0191	0.0202	0.0004	0.3317	0.0051	0.6180	0.0000	39.4043	-0.0000	0.0081	2.0002	1.5872	2.9143	4.4746	0.0000	0.0000	0.0000	0.0000	0.0000	0.0000	0.0000	0.0000	0.0000	0.0226	0.0006	0.0221	0.0004	0.0004	0.0000	0.0222	0.0002	0.0221	0.0379	0.0332	0.0047	0.0016	0.0015	0.0001	0.0363	0.0317	0.0047	0.0881	0.0512	0.0369	0.0210	0.0199	0.0012	0.0670	0.0313	0.0357
21	92	0.0843	11	2	0	1	1	1	0	1	1	0	0	1	1	0	0	0	0	0	0	Y	N	N	N	N	N	N	N	N	N	N	N	N	N	N	N	N	N	0.0000	0.0000	0.0000	0.0000	0.0000	0.0000	0.0000	0.0000	0.0000	0.0000	0.0000	0.0000	0.0000	0.0000	0.0000	0.0000	0.0000	0.0000	0.0000	0.0000	0.0000	0.0000	0.0000	0.0000	0.0000	0.0000	0.0000			0.0000	0.0000	2.0002	1.0091	2.9143	1.9972	0.0000	0.0000	0.0000	0.0000	0.0000	0.0000	0.0000	0.0000	0.0000	0.0000	0.0000	0.0000	0.0000	0.0000	0.0000	0.0000	0.0000	0.0000	0.0238	0.0208	0.0030	0.0007	0.0007	0.0000	0.0231	0.0202	0.0029	0.0311	0.0155	0.0156	0.0024	0.0021	0.0002	0.0288	0.0134	0.0154
21	93	0.0680	10	2	0	1	0	1	0	1	0	0	1	1	1	0	0	0	0	0	0	Y	N	N	N	N	N	N	N	N	N	N	N	N	N	N	N	N	N	0.0000	0.0000	0.0000	0.0000	0.0000	0.0000	0.0000	0.0000	0.0000	0.0000	0.0000	0.0000	0.0000	0.0000	0.0000	0.0000	0.0000	0.0000	0.0000	0.0000	0.0000	0.0000	0.0000	0.0000	0.0000	0.0000	0.0000			0.0000	0.0000	2.0002	2.0083	2.9143	3.0031	0.0000	0.0000	0.0000	0.0000	0.0000	0.0000	0.0000	0.0000	0.0000	0.0000	0.0000	0.0000	0.0000	0.0000	0.0000	0.0000	0.0000	0.0000	0.0466	0.0407	0.0059	0.0007	0.0006	0.0000	0.0459	0.0401	0.0059	0.0512	0.0254	0.0258	0.0032	0.0031	0.0002	0.0480	0.0223	0.0257
21	94	0.0680	9	2	0	1	0	1	0	1	0	0	0	1	0	0	0	0	0	0	0	Y	N	N	N	N	N	N	N	N	N	N	N	N	N	N	N	N	N	0.0000	0.0000	0.0000	0.0000	0.0000	0.0000	0.0000	0.0000	0.0000	0.0000	0.0000	0.0000	0.0000	0.0000	0.0000	0.0000	0.0000	0.0000	0.0000	0.0000	0.0000	0.0000	0.0000	0.0000	0.0000	0.0000	0.0000			0.0000	0.0000	2.0002	0.0000	2.9143	0.0002	0.0000	0.0000	0.0000	0.0000	0.0000	0.0000	0.0000	0.0000	0.0000	0.0000	0.0000	0.0000	0.0000	0.0000	0.0000	0.0000	0.0000	0.0000	0.0000	0.0000	0.0000	0.0000	0.0000	0.0000	0.0000	0.0000	0.0000	0.0000	0.0000	0.0000	0.0000	0.0000	0.0000	0.0000	0.0000	0.0000
21	95	0.0648	8	2	0	1	0	1	0	1	0	0	0	1	0	0	0	0	0	0	0	Y	N	N	N	N	N	N	N	N	N	N	N	N	N	N	N	N	N	0.0000	0.0000	0.0000	0.0000	0.0000	0.0000	0.0000	0.0000	0.0000	0.0000	0.0000	0.0000	0.0000	0.0000	0.0000	0.0000	0.0000	0.0000	0.0000	0.0000	0.0000	0.0000	0.0000	0.0000	0.0000	0.0000	0.0000			0.0000	0.0000	2.0002	1.0000	2.9143	0.0001	0.0000	0.0000	0.0000	0.0000	0.0000	0.0000	0.0000	0.0000	0.0000	0.0000	0.0000	0.0000	0.0000	0.0000	0.0000	0.0000	0.0000	0.0000	0.0235	0.0205	0.0030	0.0003	0.0003	0.0000	0.0232	0.0202	0.0030	0.0105	0.0052	0.0053	0.0007	0.0006	0.0000	0.0098	0.0046	0.0052
21	96	0.0648	7	2	0	1	0	1	0	1	0	1	0	1	0	0	0	0	0	0	0	Y	N	N	N	N	N	N	N	N	N	N	N	N	N	N	N	N	N	0.0000	0.0000	0.0000	0.0000	0.0000	0.0000	0.0000	0.0000	0.0000	0.0000	0.0000	0.0000	0.0000	0.0000	0.0000	0.0000	0.0000	0.0000	0.0000	0.0000	0.0000	0.0000	0.0000	0.0000	0.0000	0.0000	0.0000			0.0000	0.0000	2.0002	0.0000	2.9143	0.0001	0.0000	0.0000	0.0000	0.0000	0.0000	0.0000	0.0000	0.0000	0.0000	0.0000	0.0000	0.0000	0.0000	0.0000	0.0000	0.0000	0.0000	0.0000	0.0000	0.0000	0.0000	0.0000	0.0000	0.0000	0.0000	0.0000	0.0000	0.0000	0.0000	0.0000	0.0000	0.0000	0.0000	0.0000	0.0000	0.0000
21	97	0.0616	6	2	0	1	0	1	0	1	0	0	0	0	0	0	0	0	0	0	0	Y	N	N	N	N	N	N	N	N	N	N	N	N	N	N	N	N	N	0.0000	0.0000	0.0000	0.0000	0.0000	0.0000	0.0000	0.0000	0.0000	0.0000	0.0000	0.0000	0.0000	0.0000	0.0000	0.0000	0.0000	0.0000	0.0000	0.0000	0.0000	0.0000	0.0000	0.0000	0.0000	0.0000	0.0000			0.0000	0.0000	2.0002	0.9999	2.9143	0.0008	0.0000	0.0000	0.0000	0.0000	0.0000	0.0000	0.0000	0.0000	0.0000	0.0000	0.0000	0.0000	0.0000	0.0000	0.0000	0.0000	0.0000	0.0000	0.0240	0.0210	0.0030	0.0002	0.0002	0.0000	0.0238	0.0208	0.0030	0.0106	0.0054	0.0053	0.0009	0.0008	0.0001	0.0098	0.0045	0.0052
21	107	0.0648	7	2	0	1	0	1	0	1	0	0	0	0	0	0	0	0	0	0	0	Y	N	N	N	N	N	N	N	N	N	N	N	N	N	N	N	N	N	0.0000	0.0000	0.0000	0.0000	0.0000	0.0000	0.0000	0.0000	0.0000	0.0000	0.0000	0.0000	0.0000	0.0000	0.0000	0.0000	0.0000	0.0000	0.0000	0.0000	0.0000	0.0000	0.0000	0.0000	0.0000	0.0000	0.0000			0.0000	0.0000	2.0002	1.0015	2.9143	0.9989	0.0000	0.0000	0.0000	0.0000	0.0000	0.0000	0.0000	0.0000	0.0000	0.0000	0.0000	0.0000	0.0000	0.0000	0.0000	0.0000	0.0000	0.0000	0.0241	0.0210	0.0030	0.0002	0.0002	0.0000	0.0239	0.0208	0.0030	0.0212	0.0107	0.0105	0.0017	0.0016	0.0001	0.0195	0.0091	0.0104
21	108	0.0616	6	2	0	1	0	1	0	1	0	0	0	0	0	0	0	0	0	0	0	Y	N	N	N	N	N	N	N	N	N	N	N	N	N	N	N	N	N	0.0000	0.0000	0.0000	0.0000	0.0000	0.0000	0.0000	0.0000	0.0000	0.0000	0.0000	0.0000	0.0000	0.0000	0.0000	0.0000	0.0000	0.0000	0.0000	0.0000	0.0000	0.0000	0.0000	0.0000	0.0000	0.0000	0.0000			0.0000	0.0000	2.0002	1.0004	2.9143	0.0020	0.0000	0.0000	0.0000	0.0000	0.0000	0.0000	0.0000	0.0000	0.0000	0.0000	0.0000	0.0000	0.0000	0.0000	0.0000	0.0000	0.0000	0.0000	0.0240	0.0210	0.0030	0.0002	0.0002	0.0000	0.0238	0.0208	0.0030	0.0107	0.0054	0.0053	0.0009	0.0008	0.0001	0.0098	0.0046	0.0052
21	109	0.0356	5	2	0	1	0	2	0	1	0	0	0	0	0	0	0	0	0	0	0	Y	N	N	N	N	N	N	N	N	N	N	N	N	N	N	N	N	N	0.0000	0.0000	0.0000	0.0000	0.0000	0.0000	0.0000	0.0000	0.0000	0.0000	0.0000	0.0000	0.0000	0.0000	0.0000	0.0000	0.0000	0.0000	0.0000	0.0000	0.0000	0.0000	0.0000	0.0000	0.0000	0.0000	0.0000			0.0000	0.0000	2.0002	3.0035	2.9143	5.0043	0.0000	0.0000	0.0000	0.0000	0.0000	0.0000	0.0000	0.0000	0.0000	0.0000	0.0000	0.0000	0.0000	0.0000	0.0000	0.0000	0.0000	0.0000	0.0711	0.0621	0.0090	0.0003	0.0002	0.0000	0.0709	0.0619	0.0090	0.0822	0.0409	0.0412	0.0055	0.0053	0.0003	0.0766	0.0357	0.0410
21	112	0.0750	11	2	0	1	0	2	0	1	0	0	0	0	0	0	0	0	0	0	0	Y	N	N	N	N	N	N	N	N	N	N	N	N	N	N	N	N	N	0.4227	4.0980	0.0000	76.3035	76.8895	0.0000	0.0000	0.0000	0.0000	0.0022	0.0025	0.0000	0.0731	0.0774	0.0000	0.0000	0.0000	0.0000	0.0052	0.0006	0.0118	0.0010	0.0010	0.0000	0.0066	0.0003	0.0122	0.0000	13.3372	-0.0000	0.0001	2.0002	3.0209	2.9143	2.2550	0.0002	0.0002	0.0000	0.0002	0.0002	0.0000	0.0000	0.0000	0.0000	0.0004	0.0000	0.0004	0.0000	0.0000	0.0000	0.0004	0.0000	0.0004	0.0728	0.0637	0.0091	0.0022	0.0021	0.0001	0.0706	0.0616	0.0090	0.0826	0.0489	0.0338	0.0208	0.0198	0.0010	0.0618	0.0290	0.0328
22	23	0.0848	13	2	0	1	1	0	0	0	1	0	0	1	1	0	0	0	0	0	0	Y	N	N	N	N	N	N	N	N	N	N	N	N	N	N	N	N	N	0.0000	0.0000	0.0000	0.0000	0.0000	0.0000	0.0000	0.0000	0.0000	0.0000	0.0000	0.0000	0.0000	0.0000	0.0000	0.0000	0.0000	0.0000	0.0000	0.0000	0.0000	0.0000	0.0000	0.0000	0.0000	0.0000	0.0000			0.0000	0.0000	2.0010	1.9752	1.9996	0.4846	0.0000	0.0000	0.0000	0.0000	0.0000	0.0000	0.0000	0.0000	0.0000	0.0000	0.0000	0.0000	0.0000	0.0000	0.0000	0.0000	0.0000	0.0000	0.0483	0.0424	0.0059	0.0026	0.0025	0.0001	0.0457	0.0399	0.0058	0.0286	0.0168	0.0119	0.0104	0.0078	0.0026	0.0182	0.0089	0.0093
22	24	0.0967	11	2	0	1	1	0	0	0	1	0	0	1	1	0	0	0	0	0	0	Y	N	N	N	N	N	N	N	N	N	N	N	N	N	N	N	N	N	0.0000	0.0000	0.0000	0.0000	0.0000	0.0000	0.0000	0.0000	0.0000	0.0000	0.0000	0.0000	0.0000	0.0000	0.0000	0.0000	0.0000	0.0000	0.0005	0.0008	0.0000	0.0023	0.0024	0.0000	0.0000	0.0000	0.0000		0.0001	0.0000	-0.0000	2.0010	3.0190	1.9996	4.8890	0.0000	0.0000	0.0000	0.0000	0.0000	0.0000	0.0000	0.0000	0.0000	0.0000	0.0000	0.0000	0.0000	0.0000	0.0000	0.0000	0.0000	0.0000	0.0713	0.0627	0.0087	0.0046	0.0044	0.0002	0.0667	0.0582	0.0085	0.0861	0.0516	0.0345	0.0178	0.0168	0.0010	0.0684	0.0348	0.0335
22	25	0.0323	4	2	0	1	1	0	0	1	1	0	0	2	1	0	0	0	0	0	0	Y	N	N	N	Y	N	N	N	N	N	N	N	N	N	N	N	N	N	0.0000	0.0000	0.0000	0.0000	0.0000	0.0000	0.0000	0.0000	0.0000	0.0000	0.0000	0.0000	0.0000	0.0000	0.0000	0.0000	0.0000	0.0000	0.0000	0.0000	0.0000	0.0000	0.0000	0.0000	0.0000	0.0000	0.0000			0.0000	-0.0000	2.0010	1.0000	1.9996	3.0001	0.0000	0.0000	0.0000	0.0000	0.0000	0.0000	0.0000	0.0000	0.0000	0.0000	0.0000	0.0000	0.0000	0.0000	0.0000	0.0000	0.0000	0.0000	0.0233	0.0203	0.0030	0.0004	0.0003	0.0000	0.0229	0.0200	0.0029	0.0308	0.0149	0.0159	0.0005	0.0003	0.0001	0.0304	0.0146	0.0158
22	26	0.0848	13	2	0	1	1	0	0	0	1	0	0	1	1	0	0	0	0	0	0	Y	N	N	N	N	N	N	N	N	N	N	N	N	N	N	N	N	N	0.0000	0.0000	0.0000	0.0000	0.0000	0.0000	0.0000	0.0000	0.0000	0.0000	0.0000	0.0000	0.0000	0.0000	0.0000	0.0000	0.0000	0.0000	0.0000	0.0000	0.0000	0.0000	0.0000	0.0000	0.0000	0.0000	0.0000			0.0000	0.0000	2.0010	1.9514	1.9996	1.5308	0.0000	0.0000	0.0000	0.0000	0.0000	0.0000	0.0000	0.0000	0.0000	0.0000	0.0000	0.0000	0.0000	0.0000	0.0000	0.0000	0.0000	0.0000	0.0477	0.0419	0.0058	0.0026	0.0025	0.0001	0.0451	0.0394	0.0057	0.0362	0.0205	0.0157	0.0107	0.0080	0.0026	0.0255	0.0125	0.0130
22	27	0.0841	12	2	0	1	1	1	0	1	1	0	0	1	1	0	0	0	0	0	0	Y	N	N	N	N	N	N	N	N	N	N	N	N	N	N	N	N	N	0.0000	0.0000	0.0000	0.0000	0.0000	0.0000	0.0000	0.0000	0.0000	0.0000	0.0000	0.0000	0.0000	0.0000	0.0000	0.0000	0.0000	0.0000	0.0000	0.0000	0.0000	0.0000	0.0000	0.0000	0.0000	0.0000	0.0000			0.0000	0.0000	2.0010	0.0905	1.9996	0.5221	0.0000	0.0000	0.0000	0.0000	0.0000	0.0000	0.0000	0.0000	0.0000	0.0000	0.0000	0.0000	0.0000	0.0000	0.0000	0.0000	0.0000	0.0000	0.0028	0.0025	0.0003	0.0004	0.0004	0.0000	0.0024	0.0021	0.0003	0.0149	0.0100	0.0049	0.0100	0.0075	0.0025	0.0049	0.0025	0.0024
22	28	0.1345	18	2	0	1	1	1	0	1	1	1	0	2	1	0	0	0	0	0	0	Y	N	N	N	Y	N	N	N	N	N	N	N	N	N	N	N	N	N	0.0005	0.0003	0.0000	2.8259	2.3061	0.0000	0.0000	0.0000	0.0000	0.0047	0.0053	0.0000	0.0590	0.0623	0.0000	0.0000	0.0000	0.0000	8.9859	17.4164	0.0000	0.0209	0.0270	0.0000	10.2151	21.2542	0.0000	0.0000	0.0000	-0.0001	-0.6181	2.0010	5.0808	1.9996	12.0223	0.0005	0.0005	0.0000	0.0005	0.0005	0.0000	0.0000	0.0000	0.0000	0.9983	0.9983	0.0000	0.0003	0.0003	0.0000	0.9981	0.9981	0.0000	0.1173	0.1030	0.0143	0.0093	0.0088	0.0005	0.1080	0.0942	0.0138	0.1111	0.0573	0.0538	0.0134	0.0104	0.0030	0.0977	0.0470	0.0507
22	30	0.0355	6	2	1	1	1	0	1	1	1	0	0	1	1	0	0	0	0	0	0	Y	N	N	N	N	N	N	N	N	N	N	N	N	N	N	N	N	N	0.0000	0.0000	0.0000	0.0000	0.0000	0.0000	0.0000	0.0000	0.0000	0.0000	0.0000	0.0000	0.0000	0.0000	0.0000	0.0000	0.0000	0.0000	0.0000	0.0000	0.0000	0.0000	0.0000	0.0000	0.0000	0.0000	0.0000			0.0000	0.0000	2.0010	3.0000	1.9996	7.0000	0.0000	0.0000	0.0000	0.0000	0.0000	0.0000	0.0000	0.0000	0.0000	0.0000	0.0000	0.0000	0.0000	0.0000	0.0000	0.0000	0.0000	0.0000	0.0691	0.0604	0.0087	0.0012	0.0011	0.0001	0.0679	0.0593	0.0086	0.0746	0.0362	0.0384	0.0011	0.0008	0.0003	0.0735	0.0354	0.0381
22	31	0.1411	19	1	0	1	1	0	0	1	1	0	1	1	2	0	0	0	0	0	0	N	N	N	N	N	Y	N	N	N	N	N	N	N	N	N	N	N	N	0.0000	0.0000	0.0000	0.0000	0.0000	0.0000	0.0000	0.0000	0.0000	0.0000	0.0000	0.0000	0.0000	0.0000	0.0000	0.0000	0.0000	0.0000	0.0000	0.0000	0.0000	0.0000	0.0000	0.0000	0.0000	0.0000	0.0000			0.0000	0.0000	2.0010	0.0057	1.9996	1.0792	0.0000	0.0000	0.0000	0.0000	0.0000	0.0000	0.0000	0.0000	0.0000	0.0000	0.0000	0.0000	0.0000	0.0000	0.0000	0.0000	0.0000	0.0000	0.0005	0.0005	0.0001	0.0003	0.0003	0.0000	0.0003	0.0002	0.0000	0.0093	0.0053	0.0039	0.0017	0.0014	0.0002	0.0076	0.0039	0.0037
22	32	0.0737	12	2	0	1	1	0	0	0	1	0	0	1	1	0	0	0	0	0	0	Y	N	N	N	N	N	N	N	N	N	N	N	N	N	N	N	N	N	0.0000	0.0000	0.0000	0.0000	0.0000	0.0000	0.0000	0.0000	0.0000	0.0000	0.0000	0.0000	0.0000	0.0000	0.0000	0.0000	0.0000	0.0000	0.0021	0.0042	0.0000	0.0463	0.0540	0.0000	0.0000	0.0000	0.0000		0.0001	0.0000	-0.0002	2.0010	7.0011	1.9996	9.2473	0.0000	0.0000	0.0000	0.0000	0.0000	0.0000	0.0000	0.0000	0.0000	0.0002	0.0002	0.0000	0.0002	0.0002	0.0000	0.0000	0.0000	0.0000	0.1581	0.1384	0.0197	0.0041	0.0039	0.0002	0.1540	0.1345	0.0195	0.1200	0.0601	0.0599	0.0054	0.0046	0.0008	0.1146	0.0554	0.0592
22	33	0.1106	16	2	0	1	1	0	0	0	1	0	0	2	1	0	0	0	0	0	0	Y	N	N	N	Y	N	N	N	N	N	N	N	N	N	N	N	N	N	0.0000	0.0000	0.0000	0.0000	0.0000	0.0000	0.0000	0.0000	0.0000	0.0000	0.0000	0.0000	0.0000	0.0000	0.0000	0.0000	0.0000	0.0000	0.0003	0.0006	0.0000	0.0054	0.0068	0.0000	0.0000	0.0000	0.0000		0.0000	0.0000	-0.0000	2.0010	4.0088	1.9996	1.0030	0.0000	0.0000	0.0000	0.0000	0.0000	0.0000	0.0000	0.0000	0.0000	0.0000	0.0000	0.0000	0.0000	0.0000	0.0000	0.0000	0.0000	0.0000	0.0906	0.0794	0.0112	0.0054	0.0050	0.0003	0.0853	0.0744	0.0109	0.0344	0.0173	0.0170	0.0018	0.0015	0.0004	0.0325	0.0158	0.0167
22	35	0.0712	10	2	0	1	1	1	0	1	1	1	0	2	1	0	0	0	0	0	0	Y	N	N	N	Y	N	N	N	N	N	N	N	N	N	N	N	N	N	inf	inf	0.0000	0.0000	0.0000	0.0000	inf	inf	0.0000	0.0000	0.0000	0.0000	0.0000	0.0000	0.0000	0.0000	0.0000	0.0000	0.0000	0.0000	0.0000	0.0000	0.0000	0.0000	0.0000	0.0000	0.0000	0.0000		-0.0000	0.0000	2.0010	10.0151	1.9996	7.9868	0.0000	0.0000	0.0000	0.0000	0.0000	0.0000	0.0000	0.0000	0.0000	0.0000	0.0000	0.0000	0.0000	0.0000	0.0000	0.0000	0.0000	0.0000	0.2218	0.1944	0.0275	0.0062	0.0058	0.0003	0.2157	0.1885	0.0271	0.1265	0.0629	0.0636	0.0032	0.0024	0.0008	0.1232	0.0605	0.0627
22	36	0.1988	21	2	0	0	1	0	0	0	1	0	1	1	2	0	0	0	0	0	0	Y	N	N	N	N	Y	N	N	N	N	N	N	N	N	N	N	N	N	0.0000	0.0000	0.0000	0.0000	0.0000	0.0000	0.0000	0.0000	0.0000	0.0000	0.0000	0.0000	0.0000	0.0000	0.0000	0.0000	0.0000	0.0000	0.0000	0.0000	0.0000	0.0000	0.0000	0.0000	0.0000	0.0000	0.0000		inf	0.0000	0.0000	2.0010	11.0150	1.9996	4.0316	0.0000	0.0000	0.0000	0.0000	0.0000	0.0000	0.0000	0.0000	0.0000	0.0000	0.0000	0.0000	0.0000	0.0000	0.0000	0.0000	0.0000	0.0000	0.2292	0.2026	0.0267	0.0299	0.0283	0.0015	0.1993	0.1742	0.0251	0.0963	0.0504	0.0459	0.0132	0.0101	0.0032	0.0831	0.0403	0.0428
22	37	0.1634	18	2	0	1	1	0	0	1	1	0	0	1	1	0	0	0	0	0	0	Y	N	N	N	N	N	N	N	N	N	N	N	N	N	N	N	N	N	278.2986	0.1446	14452708.2962	0.1616	0.1545	0.0000	5631399.4371	0.0000	18704916.0185	0.3438	0.0003	3.4578	0.0007	0.0007	0.0000	0.5317	0.0000	3.6903	0.0012	0.0019	0.0000	0.0044	0.0047	0.0000	0.0000	0.0000	0.0000	1363.5955	0.0001	0.0000	-0.0000	2.0010	0.0015	1.9996	2.6503	0.0000	0.0000	0.0000	0.0000	0.0000	0.0000	0.0000	0.0000	0.0000	0.0000	0.0000	0.0000	0.0000	0.0000	0.0000	0.0000	0.0000	0.0000	0.0001	0.0001	0.0000	0.0000	0.0000	0.0000	0.0001	0.0000	0.0000	0.0324	0.0207	0.0117	0.0091	0.0085	0.0006	0.0233	0.0121	0.0112
22	38	0.0538	8	2	0	0	2	0	0	0	2	0	1	2	2	0	0	0	0	0	0	Y	N	N	Y	Y	Y	N	N	N	N	N	N	N	N	N	N	N	N	0.0000	0.0000	0.0000	0.0000	0.0000	0.0000	0.0000	0.0000	0.0000	0.0000	0.0000	0.0000	0.0000	0.0000	0.0000	0.0000	0.0000	0.0000	0.0114	0.0216	0.0000	0.1538	0.1653	0.0000	0.0000	0.0000	0.0000		0.0000	0.0000	-0.0002	2.0010	3.1237	1.9996	0.5096	0.0000	0.0000	0.0000	0.0000	0.0000	0.0000	0.0000	0.0000	0.0000	0.0003	0.0003	0.0000	0.0003	0.0003	0.0000	0.0000	0.0000	0.0000	0.1178	0.1057	0.0120	0.0251	0.0248	0.0003	0.0926	0.0809	0.0117	0.0307	0.0162	0.0145	0.0023	0.0021	0.0002	0.0284	0.0141	0.0143
22	39	0.1474	20	2	0	1	1	1	0	1	1	0	0	1	1	0	0	0	0	0	0	Y	N	N	N	N	N	N	N	N	N	N	N	N	N	N	N	N	N	37.8476	22.7392	0.0000	65.6919	55.2639	0.0000	0.0000	0.0000	0.0000	0.0045	0.0052	0.0000	0.0592	0.0633	0.0000	0.0000	0.0000	0.0000	0.0001	0.0002	0.0000	0.0009	0.0011	0.0000	0.0000	0.0000	0.0000	0.0000	0.0000	-0.0001	-0.0000	2.0010	5.0102	1.9996	6.9613	0.0005	0.0005	0.0000	0.0005	0.0005	0.0000	0.0000	0.0000	0.0000	0.0000	0.0000	0.0000	0.0000	0.0000	0.0000	0.0000	0.0000	0.0000	0.1146	0.1005	0.0141	0.0088	0.0082	0.0006	0.1058	0.0923	0.0135	0.0834	0.0439	0.0394	0.0111	0.0087	0.0024	0.0723	0.0352	0.0371
22	43	0.0436	8	2	0	0	2	0	0	0	2	0	1	2	2	0	0	0	0	0	0	Y	N	N	Y	Y	Y	N	N	N	N	N	N	N	N	N	N	N	N	0.0000	0.0000	0.0000	0.0000	0.0000	0.0000	0.0000	0.0000	0.0000	0.0000	0.0000	0.0000	0.0000	0.0000	0.0000	0.0000	0.0000	0.0000	0.0000	0.0000	0.0000	0.0000	0.0000	0.0000	0.0000	0.0000	0.0000			0.0000	0.0000	2.0010	2.9999	1.9996	0.9999	0.0000	0.0000	0.0000	0.0000	0.0000	0.0000	0.0000	0.0000	0.0000	0.0000	0.0000	0.0000	0.0000	0.0000	0.0000	0.0000	0.0000	0.0000	0.0810	0.0713	0.0097	0.0063	0.0062	0.0001	0.0747	0.0651	0.0096	0.0311	0.0148	0.0163	0.0005	0.0004	0.0002	0.0306	0.0144	0.0161
22	44	0.0387	7	2	0	0	1	0	0	0	1	0	0	2	1	0	0	0	0	0	0	Y	N	N	N	Y	N	N	N	N	N	N	N	N	N	N	N	N	N	0.0000	0.0000	0.0000	0.0000	0.0000	0.0000	0.0000	0.0000	0.0000	0.0000	0.0000	0.0000	0.0000	0.0000	0.0000	0.0000	0.0000	0.0000	0.0000	0.0000	0.0000	0.0000	0.0000	0.0000	0.0000	0.0000	0.0000			0.0000	-0.0000	2.0010	1.0020	1.9996	0.0022	0.0000	0.0000	0.0000	0.0000	0.0000	0.0000	0.0000	0.0000	0.0000	0.0000	0.0000	0.0000	0.0000	0.0000	0.0000	0.0000	0.0000	0.0000	0.0234	0.0204	0.0030	0.0004	0.0004	0.0000	0.0229	0.0200	0.0029	0.0078	0.0038	0.0040	0.0001	0.0001	0.0000	0.0077	0.0037	0.0040
22	45	0.0387	7	2	0	0	1	0	0	0	1	0	0	2	2	0	0	0	0	0	0	Y	N	N	N	Y	Y	N	N	N	N	N	N	N	N	N	N	N	N	0.0000	0.0000	0.0000	0.0000	0.0000	0.0000	0.0000	0.0000	0.0000	0.0000	0.0000	0.0000	0.0000	0.0000	0.0000	0.0000	0.0000	0.0000	0.0000	0.0000	0.0000	0.0000	0.0000	0.0000	0.0000	0.0000	0.0000			0.0000	0.0000	2.0010	4.0000	1.9996	1.0000	0.0000	0.0000	0.0000	0.0000	0.0000	0.0000	0.0000	0.0000	0.0000	0.0000	0.0000	0.0000	0.0000	0.0000	0.0000	0.0000	0.0000	0.0000	0.0915	0.0800	0.0115	0.0017	0.0016	0.0001	0.0898	0.0784	0.0114	0.0382	0.0185	0.0197	0.0006	0.0004	0.0002	0.0376	0.0181	0.0195
22	46	0.1634	18	2	0	0	1	0	0	0	1	0	1	1	2	0	0	0	0	0	0	Y	N	N	N	N	Y	N	N	N	N	N	N	N	N	N	N	N	N	inf	inf	inf	inf	inf	0.0000	inf	0.0000	inf	0.4280	0.0003	4.5570	0.0007	0.0008	0.0000	0.7362	0.0000	4.9059	0.0000	0.0000	0.0000	0.0000	0.0000	0.0000	0.0000	0.0000	0.0000	1363.5955		0.0000	0.0000	2.0010	0.0007	1.9996	1.0103	0.0000	0.0000	0.0000	0.0000	0.0000	0.0000	0.0000	0.0000	0.0000	0.0000	0.0000	0.0000	0.0000	0.0000	0.0000	0.0000	0.0000	0.0000	0.0001	0.0001	0.0000	0.0000	0.0000	0.0000	0.0000	0.0000	0.0000	0.0212	0.0149	0.0063	0.0079	0.0077	0.0002	0.0133	0.0073	0.0060
22	47	0.1283	17	2	0	0	1	1	0	0	1	0	0	1	1	0	0	0	0	0	0	Y	N	N	N	N	N	N	N	N	N	N	N	N	N	N	N	N	N	7037.4462	2.7491	191987.4888	16.0398	13.9303	0.0000	11467.6608	0.0001	187392.3446	6.2128	0.0039	52.2637	0.0423	0.0441	0.0000	6.7552	0.0000	53.8235	0.0009	0.0014	0.0003	0.0026	0.0032	0.0000	0.0006	0.0009	0.0003	1817.9891	0.1667	0.7690	-0.0000	2.0010	6.8097	1.9996	3.8431	1.0004	0.0005	0.9998	0.0005	0.0005	0.0000	0.9998	0.0000	0.9998	0.0001	0.0001	0.0000	0.0000	0.0000	0.0000	0.0000	0.0000	0.0000	0.1610	0.1419	0.0191	0.0130	0.0125	0.0006	0.1480	0.1294	0.0186	0.0793	0.0425	0.0367	0.0114	0.0095	0.0019	0.0679	0.0331	0.0348
22	48	0.1988	21	2	0	1	1	0	0	1	1	0	0	1	1	0	0	0	0	0	0	Y	N	N	N	N	N	N	N	N	N	N	N	N	N	N	N	N	N	0.0000	0.0000	0.0000	0.0000	0.0000	0.0000	0.0000	0.0000	0.0000	0.0000	0.0000	0.0000	0.0000	0.0000	0.0000	0.0000	0.0000	0.0000	0.0000	0.0000	0.0000	0.0000	0.0000	0.0000	0.0000	0.0000	0.0000			0.0000	0.0000	2.0010	0.0000	1.9996	0.0001	0.0000	0.0000	0.0000	0.0000	0.0000	0.0000	0.0000	0.0000	0.0000	0.0000	0.0000	0.0000	0.0000	0.0000	0.0000	0.0000	0.0000	0.0000	0.0000	0.0000	0.0000	0.0000	0.0000	0.0000	0.0000	0.0000	0.0000	0.0008	0.0006	0.0002	0.0005	0.0004	0.0000	0.0004	0.0002	0.0002
22	49	0.1893	20	2	0	0	1	0	0	0	1	0	0	1	1	0	0	0	0	0	0	Y	N	N	N	N	N	N	N	N	N	N	N	N	N	N	N	N	N	0.0007	0.0005	0.0000	0.0007	0.0006	0.0000	0.0000	0.0000	0.0000	0.0000	0.0000	0.0000	0.0000	0.0000	0.0000	0.0000	0.0000	0.0000	0.0008	0.0012	0.0000	0.0031	0.0034	0.0000	0.0000	0.0000	0.0000	0.0000	0.0001	-0.0000	-0.0000	2.0010	1.6285	1.9996	1.0381	0.0000	0.0000	0.0000	0.0000	0.0000	0.0000	0.0000	0.0000	0.0000	0.0000	0.0000	0.0000	0.0000	0.0000	0.0000	0.0000	0.0000	0.0000	0.0530	0.0469	0.0061	0.0125	0.0123	0.0002	0.0405	0.0345	0.0059	0.0264	0.0165	0.0099	0.0065	0.0058	0.0006	0.0199	0.0107	0.0092
22	50	0.0161	2	2	0	1	2	0	0	0	2	0	0	2	2	0	0	0	0	0	0	Y	N	N	Y	Y	Y	N	N	N	N	N	N	N	N	N	N	N	N	4.6292	2.5194	0.0000	0.1022	0.1022	0.0000	0.0000	0.0000	0.0000	0.0113	0.0127	0.0000	0.0461	0.0461	0.0000	0.0000	0.0000	0.0000	0.0024	0.0050	0.0000	0.4512	0.4515	0.0000	0.0000	0.0000	0.0000	0.0000	0.0008	-0.0000	-0.0000	2.0010	0.0001	1.9996	0.9998	0.0000	0.0000	0.0000	0.0000	0.0000	0.0000	0.0000	0.0000	0.0000	0.0000	0.0000	0.0000	0.0000	0.0000	0.0000	0.0000	0.0000	0.0000	0.0000	0.0000	0.0000	0.0000	0.0000	0.0000	0.0000	0.0000	0.0000	0.0082	0.0040	0.0042	0.0000	0.0000	0.0000	0.0082	0.0039	0.0042
22	51	0.0161	2	2	0	1	1	0	0	0	1	0	0	2	2	0	0	0	0	0	0	Y	N	N	N	Y	Y	N	N	N	N	N	N	N	N	N	N	N	N	9.2337	5.0401	0.0000	0.2044	0.2044	0.0000	0.0000	0.0000	0.0000	0.0113	0.0127	0.0000	0.0461	0.0461	0.0000	0.0000	0.0000	0.0000	0.0012	0.0025	0.0000	0.2256	0.2258	0.0000	0.0000	0.0000	0.0000	0.0000	0.0038	-0.0000	-0.0000	2.0010	0.0001	1.9996	1.0003	0.0000	0.0000	0.0000	0.0000	0.0000	0.0000	0.0000	0.0000	0.0000	0.0000	0.0000	0.0000	0.0000	0.0000	0.0000	0.0000	0.0000	0.0000	0.0000	0.0000	0.0000	0.0000	0.0000	0.0000	0.0000	0.0000	0.0000	0.0082	0.0040	0.0042	0.0000	0.0000	0.0000	0.0082	0.0039	0.0042
22	54	0.1181	12	2	0	1	1	0	0	0	1	0	0	2	1	0	0	0	0	0	0	Y	N	N	N	Y	N	N	N	N	N	N	N	N	N	N	N	N	N	0.0000	0.0000	0.0000	0.0000	0.0000	0.0000	0.0000	0.0000	0.0000	0.0000	0.0000	0.0000	0.0000	0.0000	0.0000	0.0000	0.0000	0.0000	0.0000	0.0000	0.0000	0.0000	0.0000	0.0000	0.0000	0.0000	0.0000			0.0000	0.0000	2.0010	0.0000	1.9996	0.0000	0.0000	0.0000	0.0000	0.0000	0.0000	0.0000	0.0000	0.0000	0.0000	0.0000	0.0000	0.0000	0.0000	0.0000	0.0000	0.0000	0.0000	0.0000	0.0000	0.0000	0.0000	0.0000	0.0000	0.0000	0.0000	0.0000	0.0000	0.0000	0.0000	0.0000	0.0000	0.0000	0.0000	0.0000	0.0000	0.0000
22	58	0.0566	10	2	0	1	1	0	0	0	1	0	1	1	2	0	0	0	0	0	0	Y	N	N	N	N	Y	N	N	N	N	N	N	N	N	N	N	N	N	0.0000	0.0000	0.0000	0.0000	0.0000	0.0000	0.0000	0.0000	0.0000	0.0000	0.0000	0.0000	0.0000	0.0000	0.0000	0.0000	0.0000	0.0000	0.0000	0.0000	0.0000	0.0000	0.0000	0.0000	0.0000	0.0000	0.0000			0.0000	0.0000	2.0010	1.0033	1.9996	1.0015	0.0000	0.0000	0.0000	0.0000	0.0000	0.0000	0.0000	0.0000	0.0000	0.0000	0.0000	0.0000	0.0000	0.0000	0.0000	0.0000	0.0000	0.0000	0.0231	0.0202	0.0029	0.0010	0.0009	0.0001	0.0222	0.0193	0.0028	0.0205	0.0119	0.0086	0.0029	0.0028	0.0001	0.0176	0.0091	0.0085
22	59	0.0420	9	2	0	1	1	0	0	0	1	0	0	1	1	0	0	0	0	0	0	Y	N	N	N	N	N	N	N	N	N	N	N	N	N	N	N	N	N	0.0000	0.0000	0.0000	0.0000	0.0000	0.0000	0.0000	0.0000	0.0000	0.0000	0.0000	0.0000	0.0000	0.0000	0.0000	0.0000	0.0000	0.0000	0.0006	0.0012	0.0000	0.0000	0.0000	0.0000	0.0006	0.0012	0.0000		0.0000	0.0000	-0.0000	2.0010	2.9984	1.9996	1.5227	0.0000	0.0000	0.0000	0.0000	0.0000	0.0000	0.0000	0.0000	0.0000	0.0000	0.0000	0.0000	0.0000	0.0000	0.0000	0.0000	0.0000	0.0000	0.0693	0.0606	0.0087	0.0016	0.0015	0.0001	0.0677	0.0591	0.0086	0.0346	0.0168	0.0178	0.0005	0.0004	0.0002	0.0341	0.0165	0.0176
22	60	0.0387	7	2	0	0	1	0	0	0	1	0	0	2	2	0	0	0	0	0	0	Y	N	N	N	Y	Y	N	N	N	N	N	N	N	N	N	N	N	N	0.0000	0.0000	0.0000	0.0000	0.0000	0.0000	0.0000	0.0000	0.0000	0.0000	0.0000	0.0000	0.0000	0.0000	0.0000	0.0000	0.0000	0.0000	0.0000	0.0000	0.0000	0.0000	0.0000	0.0000	0.0000	0.0000	0.0000			0.0000	0.0000	2.0010	2.0000	1.9996	7.0000	0.0000	0.0000	0.0000	0.0000	0.0000	0.0000	0.0000	0.0000	0.0000	0.0000	0.0000	0.0000	0.0000	0.0000	0.0000	0.0000	0.0000	0.0000	0.0463	0.0405	0.0059	0.0009	0.0008	0.0001	0.0454	0.0396	0.0058	0.0673	0.0326	0.0347	0.0010	0.0007	0.0003	0.0663	0.0319	0.0344
22	61	0.0387	6	2	0	0	1	0	0	0	1	0	1	2	2	0	0	0	0	0	0	Y	N	N	N	Y	Y	N	N	N	N	N	N	N	N	N	N	N	N	0.0000	0.0000	0.0000	0.0000	0.0000	0.0000	0.0000	0.0000	0.0000	0.0000	0.0000	0.0000	0.0000	0.0000	0.0000	0.0000	0.0000	0.0000	0.0000	0.0000	0.0000	0.0000	0.0000	0.0000	0.0000	0.0000	0.0000			0.0000	0.0000	2.0010	0.0000	1.9996	0.0000	0.0000	0.0000	0.0000	0.0000	0.0000	0.0000	0.0000	0.0000	0.0000	0.0000	0.0000	0.0000	0.0000	0.0000	0.0000	0.0000	0.0000	0.0000	0.0000	0.0000	0.0000	0.0000	0.0000	0.0000	0.0000	0.0000	0.0000	0.0000	0.0000	0.0000	0.0000	0.0000	0.0000	0.0000	0.0000	0.0000
22	62	0.1048	13	2	0	1	1	0	0	0	1	0	0	2	1	0	0	0	0	0	0	Y	N	N	N	Y	N	N	N	N	N	N	N	N	N	N	N	N	N	0.0000	0.0000	0.0000	0.0000	0.0000	0.0000	0.0000	0.0000	0.0000	0.0000	0.0000	0.0000	0.0000	0.0000	0.0000	0.0000	0.0000	0.0000	21.1033	32.4574	0.0000	0.0872	0.0931	0.0000	27.6229	49.2215	0.0000		0.0000	0.0000	-0.6003	2.0010	0.9672	1.9996	2.9870	0.0000	0.0000	0.0000	0.0000	0.0000	0.0000	0.0000	0.0000	0.0000	0.9696	0.9696	0.0000	0.0009	0.0009	0.0000	0.9686	0.9686	0.0000	0.0251	0.0223	0.0028	0.0021	0.0020	0.0000	0.0231	0.0203	0.0028	0.0459	0.0299	0.0161	0.0109	0.0102	0.0007	0.0351	0.0197	0.0154
22	63	0.0737	12	2	0	1	1	0	0	0	1	1	0	2	1	0	0	0	0	0	0	Y	N	N	N	Y	N	N	N	N	N	N	N	N	N	N	N	N	N	0.0000	0.0000	0.0000	0.0000	0.0000	0.0000	0.0000	0.0000	0.0000	0.0000	0.0000	0.0000	0.0000	0.0000	0.0000	0.0000	0.0000	0.0000	0.4040	0.8004	0.0049	0.0596	0.0671	0.0001	0.4242	0.8799	0.0050		0.0061	0.0000	-0.0192	2.0010	2.0363	1.9996	7.8590	0.0000	0.0000	0.0000	0.0000	0.0000	0.0000	0.0000	0.0000	0.0000	0.0312	0.0311	0.0002	0.0003	0.0003	0.0000	0.0310	0.0308	0.0002	0.0475	0.0415	0.0060	0.0013	0.0012	0.0001	0.0462	0.0403	0.0059	0.0773	0.0388	0.0385	0.0043	0.0038	0.0005	0.0731	0.0350	0.0381
22	64	0.0679	11	2	0	1	1	0	0	0	1	0	0	1	1	0	0	0	0	0	0	Y	N	N	N	N	N	N	N	N	N	N	N	N	N	N	N	N	N	0.0000	0.0000	0.0000	0.0000	0.0000	0.0000	0.0000	0.0000	0.0000	0.0000	0.0000	0.0000	0.0000	0.0000	0.0000	0.0000	0.0000	0.0000	0.0178	0.0361	0.0000	0.0001	0.0002	0.0000	0.0182	0.0375	0.0000		0.0000	0.0000	-0.0002	2.0010	0.0049	1.9996	1.8223	0.0000	0.0000	0.0000	0.0000	0.0000	0.0000	0.0000	0.0000	0.0000	0.0002	0.0002	0.0000	0.0000	0.0000	0.0000	0.0002	0.0002	0.0000	0.0001	0.0001	0.0000	0.0000	0.0000	0.0000	0.0001	0.0001	0.0000	0.0141	0.0069	0.0071	0.0003	0.0003	0.0001	0.0137	0.0067	0.0070
22	65	0.0452	10	2	0	1	1	0	0	0	1	0	0	1	1	0	0	0	0	0	0	Y	N	N	N	N	N	N	N	N	N	N	N	N	N	N	N	N	N	0.0000	0.0000	0.0000	0.0000	0.0000	0.0000	0.0000	0.0000	0.0000	0.0000	0.0000	0.0000	0.0000	0.0000	0.0000	0.0000	0.0000	0.0000	0.0000	0.0000	0.0000	0.0000	0.0000	0.0000	0.0000	0.0000	0.0000			0.0000	0.0000	2.0010	2.0010	1.9996	3.9928	0.0000	0.0000	0.0000	0.0000	0.0000	0.0000	0.0000	0.0000	0.0000	0.0000	0.0000	0.0000	0.0000	0.0000	0.0000	0.0000	0.0000	0.0000	0.0465	0.0406	0.0058	0.0011	0.0011	0.0001	0.0453	0.0396	0.0058	0.0457	0.0223	0.0234	0.0008	0.0006	0.0002	0.0448	0.0217	0.0232
22	66	0.0420	9	2	0	1	1	0	0	0	1	0	0	1	1	0	0	0	0	0	0	Y	N	N	N	N	N	N	N	N	N	N	N	N	N	N	N	N	N	0.0000	0.0000	0.0000	0.0000	0.0000	0.0000	0.0000	0.0000	0.0000	0.0000	0.0000	0.0000	0.0000	0.0000	0.0000	0.0000	0.0000	0.0000	0.0000	0.0000	0.0000	0.0000	0.0000	0.0000	0.0000	0.0000	0.0000			0.0000	0.0000	2.0010	1.0002	1.9996	0.0173	0.0000	0.0000	0.0000	0.0000	0.0000	0.0000	0.0000	0.0000	0.0000	0.0000	0.0000	0.0000	0.0000	0.0000	0.0000	0.0000	0.0000	0.0000	0.0234	0.0204	0.0029	0.0005	0.0005	0.0000	0.0229	0.0199	0.0029	0.0080	0.0039	0.0041	0.0001	0.0001	0.0000	0.0078	0.0038	0.0040
22	67	0.0420	8	2	0	1	1	0	0	1	1	0	0	1	1	0	0	0	0	0	0	Y	N	N	N	N	N	N	N	N	N	N	N	N	N	N	N	N	N	0.0000	0.0000	0.0000	0.0000	0.0000	0.0000	0.0000	0.0000	0.0000	0.0000	0.0000	0.0000	0.0000	0.0000	0.0000	0.0000	0.0000	0.0000	0.0000	0.0000	0.0000	0.0000	0.0000	0.0000	0.0000	0.0000	0.0000			0.0000	0.0000	2.0010	0.0001	1.9996	0.0028	0.0000	0.0000	0.0000	0.0000	0.0000	0.0000	0.0000	0.0000	0.0000	0.0000	0.0000	0.0000	0.0000	0.0000	0.0000	0.0000	0.0000	0.0000	0.0000	0.0000	0.0000	0.0000	0.0000	0.0000	0.0000	0.0000	0.0000	0.0000	0.0000	0.0000	0.0000	0.0000	0.0000	0.0000	0.0000	0.0000
22	68	0.1893	20	2	0	0	1	0	0	0	1	0	1	1	2	0	0	0	0	0	0	Y	N	N	N	N	Y	N	N	N	N	N	N	N	N	N	N	N	N	0.0015	0.0010	0.0000	0.0011	0.0010	0.0000	0.0000	0.0000	0.0000	0.0000	0.0000	0.0000	0.0000	0.0000	0.0000	0.0000	0.0000	0.0000	0.0004	0.0007	0.0000	0.0020	0.0024	0.0000	0.0000	0.0000	0.0000	0.0000	0.0001	-0.0000	-0.0000	2.0010	1.4193	1.9996	5.2011	0.0000	0.0000	0.0000	0.0000	0.0000	0.0000	0.0000	0.0000	0.0000	0.0000	0.0000	0.0000	0.0000	0.0000	0.0000	0.0000	0.0000	0.0000	0.0484	0.0429	0.0056	0.0120	0.0119	0.0002	0.0364	0.0310	0.0054	0.0526	0.0300	0.0226	0.0099	0.0084	0.0015	0.0427	0.0217	0.0210
22	69	0.1392	19	2	0	0	1	1	0	0	1	0	0	1	1	0	0	0	0	0	0	Y	N	N	N	N	N	N	N	N	N	N	N	N	N	N	N	N	N	0.7138	0.4285	0.0000	1.1982	1.0071	0.0000	0.2170	0.1215	0.0000	0.0025	0.0028	0.0000	0.0314	0.0330	0.0000	0.0001	0.0001	0.0000	0.0035	0.0066	0.0000	0.0262	0.0328	0.0000	0.0002	0.0005	0.0000	0.0000	0.0000	-0.0001	-0.0002	2.0010	9.3928	1.9996	3.6523	0.0005	0.0005	0.0000	0.0005	0.0005	0.0000	0.0000	0.0000	0.0000	0.0003	0.0003	0.0000	0.0003	0.0003	0.0000	0.0000	0.0000	0.0000	0.2135	0.1880	0.0255	0.0167	0.0159	0.0008	0.1968	0.1721	0.0247	0.0942	0.0498	0.0444	0.0118	0.0095	0.0024	0.0824	0.0403	0.0420
22	73	0.0538	8	2	0	1	1	0	0	1	1	0	0	2	1	0	0	0	0	0	0	Y	N	N	N	Y	N	N	N	N	N	N	N	N	N	N	N	N	N	0.0000	0.0000	0.0000	0.0000	0.0000	0.0000	0.0000	0.0000	0.0000	0.0000	0.0000	0.0000	0.0000	0.0000	0.0000	0.0000	0.0000	0.0000	0.0000	0.0000	0.0000	0.0000	0.0000	0.0000	0.0000	0.0000	0.0000			0.0000	0.0000	2.0010	3.9579	1.9996	0.9988	0.0000	0.0000	0.0000	0.0000	0.0000	0.0000	0.0000	0.0000	0.0000	0.0000	0.0000	0.0000	0.0000	0.0000	0.0000	0.0000	0.0000	0.0000	0.1366	0.1222	0.0144	0.0257	0.0253	0.0004	0.1109	0.0969	0.0140	0.0403	0.0208	0.0195	0.0024	0.0022	0.0002	0.0378	0.0186	0.0193
22	74	0.0387	7	2	0	0	1	0	0	0	1	0	0	2	1	0	0	0	0	0	0	Y	N	N	N	Y	N	N	N	N	N	N	N	N	N	N	N	N	N	0.0000	0.0000	0.0000	0.0000	0.0000	0.0000	0.0000	0.0000	0.0000	0.0000	0.0000	0.0000	0.0000	0.0000	0.0000	0.0000	0.0000	0.0000	0.0103	0.0194	0.0017	0.0000	0.0000	0.0000	0.0104	0.0198	0.0017		0.0937	0.0000	-0.0002	2.0010	3.9277	1.9996	0.5227	0.0000	0.0000	0.0000	0.0000	0.0000	0.0000	0.0000	0.0000	0.0000	0.0003	0.0003	0.0000	0.0000	0.0000	0.0000	0.0003	0.0003	0.0000	0.0899	0.0786	0.0113	0.0017	0.0016	0.0001	0.0882	0.0770	0.0112	0.0341	0.0165	0.0176	0.0005	0.0003	0.0002	0.0336	0.0162	0.0174
22	75	0.0387	6	2	0	0	1	0	0	0	1	0	0	2	1	0	0	0	0	0	0	Y	N	N	N	Y	N	N	N	N	N	N	N	N	N	N	N	N	N	0.0000	0.0000	0.0000	0.0000	0.0000	0.0000	0.0000	0.0000	0.0000	0.0000	0.0000	0.0000	0.0000	0.0000	0.0000	0.0000	0.0000	0.0000	0.0000	0.0000	0.0000	0.0000	0.0000	0.0000	0.0000	0.0000	0.0000			0.0000	0.0000	2.0010	0.0009	1.9996	0.0000	0.0000	0.0000	0.0000	0.0000	0.0000	0.0000	0.0000	0.0000	0.0000	0.0000	0.0000	0.0000	0.0000	0.0000	0.0000	0.0000	0.0000	0.0000	0.0000	0.0000	0.0000	0.0000	0.0000	0.0000	0.0000	0.0000	0.0000	0.0000	0.0000	0.0000	0.0000	0.0000	0.0000	0.0000	0.0000	0.0000
22	76	0.0355	5	2	0	0	1	0	0	0	1	0	0	2	1	0	0	0	0	0	0	Y	N	N	N	Y	N	N	N	N	N	N	N	N	N	N	N	N	N	0.0000	0.0000	0.0000	0.0000	0.0000	0.0000	0.0000	0.0000	0.0000	0.0000	0.0000	0.0000	0.0000	0.0000	0.0000	0.0000	0.0000	0.0000	0.0000	0.0000	0.0000	0.0000	0.0000	0.0000	0.0000	0.0000	0.0000			0.0000	0.0000	2.0010	1.0000	1.9996	0.0000	0.0000	0.0000	0.0000	0.0000	0.0000	0.0000	0.0000	0.0000	0.0000	0.0000	0.0000	0.0000	0.0000	0.0000	0.0000	0.0000	0.0000	0.0000	0.0233	0.0204	0.0030	0.0004	0.0004	0.0000	0.0229	0.0200	0.0029	0.0078	0.0038	0.0040	0.0001	0.0001	0.0000	0.0077	0.0037	0.0040
22	77	0.0799	12	2	0	0	1	1	0	0	1	0	0	1	1	0	0	0	0	0	0	Y	N	N	N	N	N	N	N	N	N	N	N	N	N	N	N	N	N	inf	inf	0.0000	inf	inf	0.0000	0.0000	0.0000	0.0000	0.0066	0.0075	0.0000	0.0968	0.1003	0.0000	0.0000	0.0000	0.0000	0.0000	0.0000	0.0000	0.0000	0.0000	0.0000	0.0000	0.0000	0.0000	0.0000		-0.0001	0.0000	2.0010	3.3326	1.9996	4.0108	0.0005	0.0005	0.0000	0.0005	0.0005	0.0000	0.0000	0.0000	0.0000	0.0000	0.0000	0.0000	0.0000	0.0000	0.0000	0.0000	0.0000	0.0000	0.0825	0.0724	0.0100	0.0056	0.0054	0.0002	0.0769	0.0670	0.0098	0.0543	0.0271	0.0272	0.0015	0.0011	0.0004	0.0528	0.0260	0.0268
22	78	0.0678	12	2	0	1	1	0	0	1	1	0	0	2	2	0	0	0	0	0	0	Y	N	N	N	Y	Y	N	N	N	N	N	N	N	N	N	N	N	N	0.0000	0.0000	0.0000	0.0000	0.0000	0.0000	0.0000	0.0000	0.0000	0.0000	0.0000	0.0000	0.0000	0.0000	0.0000	0.0000	0.0000	0.0000	0.0000	0.0000	0.0000	0.0000	0.0000	0.0000	0.0000	0.0000	0.0000			0.0000	0.0000	2.0010	0.0000	1.9996	0.9988	0.0000	0.0000	0.0000	0.0000	0.0000	0.0000	0.0000	0.0000	0.0000	0.0000	0.0000	0.0000	0.0000	0.0000	0.0000	0.0000	0.0000	0.0000	0.0000	0.0000	0.0000	0.0000	0.0000	0.0000	0.0000	0.0000	0.0000	0.0079	0.0040	0.0039	0.0004	0.0003	0.0001	0.0075	0.0036	0.0038
22	79	0.0646	11	2	0	0	1	0	0	0	1	0	0	2	2	0	0	0	0	0	0	Y	N	N	N	Y	Y	N	N	N	N	N	N	N	N	N	N	N	N	0.0000	0.0000	0.0000	0.0000	0.0000	0.0000	0.0000	0.0000	0.0000	0.0000	0.0000	0.0000	0.0000	0.0000	0.0000	0.0000	0.0000	0.0000	0.0000	0.0000	0.0000	0.0000	0.0000	0.0000	0.0000	0.0000	0.0000			0.0000	0.0000	2.0010	0.0001	1.9996	1.0072	0.0000	0.0000	0.0000	0.0000	0.0000	0.0000	0.0000	0.0000	0.0000	0.0000	0.0000	0.0000	0.0000	0.0000	0.0000	0.0000	0.0000	0.0000	0.0000	0.0000	0.0000	0.0000	0.0000	0.0000	0.0000	0.0000	0.0000	0.0078	0.0039	0.0039	0.0003	0.0002	0.0001	0.0075	0.0036	0.0039
22	80	0.0549	10	2	0	0	1	0	0	0	1	0	0	2	2	0	0	0	0	0	0	Y	N	N	N	Y	Y	N	N	N	N	N	N	N	N	N	N	N	N	0.0000	0.0000	0.0000	0.0000	0.0000	0.0000	0.0000	0.0000	0.0000	0.0000	0.0000	0.0000	0.0000	0.0000	0.0000	0.0000	0.0000	0.0000	0.0000	0.0000	0.0000	0.0000	0.0000	0.0000	0.0000	0.0000	0.0000		inf	0.0000	0.0000	2.0010	1.0058	1.9996	1.9973	0.0000	0.0000	0.0000	0.0000	0.0000	0.0000	0.0000	0.0000	0.0000	0.0000	0.0000	0.0000	0.0000	0.0000	0.0000	0.0000	0.0000	0.0000	0.0239	0.0209	0.0030	0.0011	0.0010	0.0001	0.0228	0.0199	0.0029	0.0231	0.0114	0.0117	0.0009	0.0007	0.0002	0.0222	0.0107	0.0115
22	81	0.0679	11	2	0	1	1	0	0	0	1	0	0	1	1	0	0	0	0	0	0	Y	N	N	N	N	N	N	N	N	N	N	N	N	N	N	N	N	N	0.0000	0.0000	0.0000	0.0000	0.0000	0.0000	0.0000	0.0000	0.0000	0.0000	0.0000	0.0000	0.0000	0.0000	0.0000	0.0000	0.0000	0.0000	0.0000	0.0000	0.0000	0.0000	0.0000	0.0000	0.0000	0.0000	0.0000			0.0000	0.0000	2.0010	7.0000	1.9996	2.0013	0.0000	0.0000	0.0000	0.0000	0.0000	0.0000	0.0000	0.0000	0.0000	0.0000	0.0000	0.0000	0.0000	0.0000	0.0000	0.0000	0.0000	0.0000	0.1579	0.1382	0.0197	0.0040	0.0038	0.0002	0.1539	0.1344	0.0195	0.0667	0.0329	0.0338	0.0017	0.0012	0.0004	0.0650	0.0317	0.0334
22	82	0.0679	10	2	0	1	1	1	0	1	1	0	0	1	1	0	0	0	0	0	0	Y	N	N	N	N	N	N	N	N	N	N	N	N	N	N	N	N	N	0.0000	0.0000	0.0000	0.0000	0.0000	0.0000	0.0000	0.0000	0.0000	0.0000	0.0000	0.0000	0.0000	0.0000	0.0000	0.0000	0.0000	0.0000	0.0000	0.0000	0.0000	0.0000	0.0000	0.0000	0.0000	0.0000	0.0000			0.0000	0.0000	2.0010	0.0005	1.9996	0.0029	0.0000	0.0000	0.0000	0.0000	0.0000	0.0000	0.0000	0.0000	0.0000	0.0000	0.0000	0.0000	0.0000	0.0000	0.0000	0.0000	0.0000	0.0000	0.0000	0.0000	0.0000	0.0000	0.0000	0.0000	0.0000	0.0000	0.0000	0.0000	0.0000	0.0000	0.0000	0.0000	0.0000	0.0000	0.0000	0.0000
22	83	0.0549	10	2	0	0	1	0	0	0	1	0	0	2	2	0	0	0	0	0	0	Y	N	N	N	Y	Y	N	N	N	N	N	N	N	N	N	N	N	N	0.0000	0.0000	0.0000	0.0000	0.0000	0.0000	0.0000	0.0000	0.0000	0.0000	0.0000	0.0000	0.0000	0.0000	0.0000	0.0000	0.0000	0.0000	0.0001	0.0003	0.0000	0.0037	0.0051	0.0000	0.0000	0.0000	0.0000		0.0001	0.0000	-0.0000	2.0010	5.0069	1.9996	6.0103	0.0000	0.0000	0.0000	0.0000	0.0000	0.0000	0.0000	0.0000	0.0000	0.0000	0.0000	0.0000	0.0000	0.0000	0.0000	0.0000	0.0000	0.0000	0.1150	0.1007	0.0143	0.0048	0.0044	0.0003	0.1102	0.0962	0.0140	0.0804	0.0396	0.0408	0.0027	0.0020	0.0007	0.0777	0.0377	0.0400
22	84	0.0484	9	2	0	0	1	0	0	0	1	1	1	2	2	0	0	0	0	0	0	Y	N	N	N	Y	Y	N	N	N	N	N	N	N	N	N	N	N	N	0.0000	0.0000	0.0000	0.0000	0.0000	0.0000	0.0000	0.0000	0.0000	0.0000	0.0000	0.0000	0.0000	0.0000	0.0000	0.0000	0.0000	0.0000	0.0000	0.0000	0.0000	0.0000	0.0000	0.0000	0.0000	0.0000	0.0000		2.3654	0.0000	0.0000	2.0010	1.9932	1.9996	0.0278	0.0000	0.0000	0.0000	0.0000	0.0000	0.0000	0.0000	0.0000	0.0000	0.0000	0.0000	0.0000	0.0000	0.0000	0.0000	0.0000	0.0000	0.0000	0.0465	0.0406	0.0058	0.0012	0.0011	0.0001	0.0453	0.0395	0.0058	0.0160	0.0080	0.0081	0.0006	0.0005	0.0001	0.0154	0.0075	0.0079
22	85	0.0967	11	2	0	1	1	0	0	0	1	0	0	1	1	0	0	0	0	0	0	Y	N	N	N	N	N	N	N	N	N	N	N	N	N	N	N	N	N	0.0000	0.0000	0.0000	0.0000	0.0000	0.0000	0.0000	0.0000	0.0000	0.0000	0.0000	0.0000	0.0000	0.0000	0.0000	0.0000	0.0000	0.0000	0.0002	0.0004	0.0000	0.0020	0.0022	0.0000	0.0000	0.0000	0.0000		0.0000	0.0000	-0.0000	2.0010	9.9670	1.9996	12.6920	0.0000	0.0000	0.0000	0.0000	0.0000	0.0000	0.0000	0.0000	0.0000	0.0000	0.0000	0.0000	0.0000	0.0000	0.0000	0.0000	0.0000	0.0000	0.2186	0.1919	0.0267	0.0110	0.0104	0.0006	0.2076	0.1814	0.0262	0.1759	0.0957	0.0802	0.0199	0.0179	0.0020	0.1561	0.0779	0.0782
22	86	0.0902	10	2	0	1	1	1	0	1	1	0	0	1	1	0	0	0	0	0	0	Y	N	N	N	N	N	N	N	N	N	N	N	N	N	N	N	N	N	0.0001	0.0001	0.0000	0.0000	0.0000	0.0000	0.0003	0.0002	0.0000	0.0000	0.0000	0.0000	0.0000	0.0000	0.0000	0.0000	0.0000	0.0000	0.0023	0.0036	0.0000	0.0053	0.0054	0.0000	0.0014	0.0025	0.0000	0.0000	0.0001	-0.0000	-0.0001	2.0010	1.5419	1.9996	1.3342	0.0000	0.0000	0.0000	0.0000	0.0000	0.0000	0.0000	0.0000	0.0000	0.0001	0.0001	0.0000	0.0000	0.0000	0.0000	0.0000	0.0000	0.0000	0.0533	0.0484	0.0049	0.0103	0.0102	0.0001	0.0430	0.0382	0.0048	0.0387	0.0251	0.0136	0.0095	0.0092	0.0003	0.0292	0.0159	0.0134
22	87	0.1135	13	1	0	0	1	0	0	0	1	0	0	1	2	0	0	0	0	0	0	N	N	N	N	N	Y	N	N	N	N	N	N	N	N	N	N	N	N	0.0000	0.0000	0.0000	0.0000	0.0000	0.0000	0.0000	0.0000	0.0000	0.0000	0.0000	0.0000	0.0000	0.0000	0.0000	0.0000	0.0000	0.0000	0.0000	0.0000	0.0000	0.0000	0.0000	0.0000	0.0000	0.0000	0.0000			0.0000	0.0000	2.0010	0.9989	1.9996	0.5152	0.0000	0.0000	0.0000	0.0000	0.0000	0.0000	0.0000	0.0000	0.0000	0.0000	0.0000	0.0000	0.0000	0.0000	0.0000	0.0000	0.0000	0.0000	0.0229	0.0200	0.0028	0.0013	0.0012	0.0001	0.0215	0.0188	0.0028	0.0206	0.0127	0.0079	0.0103	0.0077	0.0026	0.0102	0.0050	0.0052
22	88	0.0841	12	1	0	0	1	0	0	0	1	0	1	1	2	0	0	0	0	0	0	N	N	N	N	N	Y	N	N	N	N	N	N	N	N	N	N	N	N	0.0000	0.0000	0.0000	0.0000	0.0000	0.0000	0.0000	0.0000	0.0000	0.0000	0.0000	0.0000	0.0000	0.0000	0.0000	0.0000	0.0000	0.0000	0.0000	0.0000	0.0000	0.0000	0.0000	0.0000	0.0000	0.0000	0.0000			0.0000	0.0000	2.0010	6.0209	1.9996	2.4875	0.0000	0.0000	0.0000	0.0000	0.0000	0.0000	0.0000	0.0000	0.0000	0.0000	0.0000	0.0000	0.0000	0.0000	0.0000	0.0000	0.0000	0.0000	0.1367	0.1197	0.0170	0.0042	0.0040	0.0002	0.1325	0.1157	0.0168	0.0722	0.0385	0.0337	0.0119	0.0090	0.0029	0.0603	0.0295	0.0308
22	90	0.1344	16	2	0	1	1	0	0	1	1	0	0	1	1	0	0	0	0	0	0	Y	N	N	N	N	N	N	N	N	N	N	N	N	N	N	N	N	N	8.9935	5.5877	0.0000	17.8998	16.0478	0.0000	0.0000	0.0000	0.0000	0.0039	0.0045	0.0000	0.0529	0.0558	0.0000	0.0000	0.0000	0.0000	0.0004	0.0008	0.0000	0.0030	0.0035	0.0000	0.0000	0.0000	0.0000	0.0000	0.0000	-0.0001	-0.0000	2.0010	5.9354	1.9996	8.3561	0.0005	0.0005	0.0000	0.0005	0.0005	0.0000	0.0000	0.0000	0.0000	0.0001	0.0001	0.0000	0.0001	0.0001	0.0000	0.0000	0.0000	0.0000	0.1381	0.1212	0.0169	0.0103	0.0097	0.0005	0.1279	0.1115	0.0164	0.1147	0.0625	0.0522	0.0170	0.0144	0.0025	0.0977	0.0481	0.0496
22	91	0.1176	15	2	0	0	1	0	0	0	1	0	0	1	1	0	0	0	0	0	0	Y	N	N	N	N	N	N	N	N	N	N	N	N	N	N	N	N	N	0.2432	0.1598	0.0000	1.0730	1.0571	0.0000	0.1523	0.0843	0.0000	0.0003	0.0003	0.0000	0.0023	0.0025	0.0000	0.0001	0.0002	0.0000	0.0012	0.0021	0.0000	0.0022	0.0023	0.0000	0.0010	0.0020	0.0000	0.0000	0.0000	-0.0000	-0.0000	2.0010	1.5872	1.9996	4.4746	0.0000	0.0000	0.0000	0.0000	0.0000	0.0000	0.0000	0.0000	0.0000	0.0001	0.0001	0.0000	0.0000	0.0000	0.0000	0.0000	0.0000	0.0000	0.0372	0.0326	0.0046	0.0026	0.0024	0.0002	0.0347	0.0302	0.0044	0.0648	0.0373	0.0275	0.0137	0.0127	0.0011	0.0511	0.0247	0.0265
22	92	0.0160	2	2	0	0	2	0	0	0	2	0	0	2	2	0	0	0	0	0	0	Y	N	N	Y	Y	Y	N	N	N	N	N	N	N	N	N	N	N	N	0.0946	0.0522	0.0000	0.0161	0.0167	0.0000	0.0000	0.0000	0.0000	0.0002	0.0002	0.0000	0.0112	0.0116	0.0000	0.0000	0.0000	0.0000	0.0021	0.0044	0.0000	0.6947	0.6966	0.0000	0.0000	0.0000	0.0000	0.0000	0.0002	-0.0000	-0.0000	2.0010	1.0091	1.9996	1.9972	0.0000	0.0000	0.0000	0.0000	0.0000	0.0000	0.0000	0.0000	0.0000	0.0000	0.0000	0.0000	0.0000	0.0000	0.0000	0.0000	0.0000	0.0000	0.0241	0.0210	0.0030	0.0004	0.0004	0.0000	0.0236	0.0206	0.0030	0.0237	0.0114	0.0123	0.0001	0.0001	0.0000	0.0236	0.0113	0.0123
22	99	0.0647	9	2	0	1	1	1	0	1	1	0	0	1	1	0	0	0	0	0	0	Y	N	N	N	N	N	N	N	N	N	N	N	N	N	N	N	N	N	0.0011	0.0006	0.0000	0.0011	0.0008	0.0000	0.0000	0.0000	0.0000	0.0000	0.0000	0.0000	0.0000	0.0000	0.0000	0.0000	0.0000	0.0000	0.0001	0.0002	0.0000	0.0035	0.0048	0.0000	0.0000	0.0000	0.0000	0.0000	0.0000	-0.0000	-0.0000	2.0010	5.0000	1.9996	11.0015	0.0000	0.0000	0.0000	0.0000	0.0000	0.0000	0.0000	0.0000	0.0000	0.0000	0.0000	0.0000	0.0000	0.0000	0.0000	0.0000	0.0000	0.0000	0.1138	0.0995	0.0142	0.0029	0.0027	0.0002	0.1109	0.0968	0.0141	0.1138	0.0562	0.0576	0.0028	0.0021	0.0007	0.1110	0.0542	0.0568
22	100	0.1456	19	2	0	1	1	0	0	0	1	0	0	1	1	0	0	0	0	0	0	Y	N	N	N	N	N	N	N	N	N	N	N	N	N	N	N	N	N	0.0000	0.0000	0.0000	0.0000	0.0000	0.0000	0.0000	0.0000	0.0000	0.0000	0.0000	0.0000	0.0000	0.0000	0.0000	0.0000	0.0000	0.0000	0.0009	0.0015	0.0000	0.0047	0.0055	0.0000	0.0000	0.0000	0.0000		0.0000	0.0000	-0.0000	2.0010	2.0003	1.9996	3.6794	0.0000	0.0000	0.0000	0.0000	0.0000	0.0000	0.0000	0.0000	0.0000	0.0000	0.0000	0.0000	0.0000	0.0000	0.0000	0.0000	0.0000	0.0000	0.0467	0.0410	0.0057	0.0037	0.0035	0.0002	0.0430	0.0375	0.0055	0.0460	0.0259	0.0201	0.0086	0.0073	0.0013	0.0374	0.0186	0.0188
22	101	0.1349	18	2	0	1	1	1	0	1	1	0	0	1	1	0	0	0	0	0	0	Y	N	N	N	N	N	N	N	N	N	N	N	N	N	N	N	N	N	0.0000	0.0000	0.0000	0.0000	0.0000	0.0000	0.0000	0.0000	0.0000	0.0000	0.0000	0.0000	0.0000	0.0000	0.0000	0.0000	0.0000	0.0000	0.0008	0.0015	0.0000	0.0000	0.0000	0.0000	0.0009	0.0019	0.0000		0.0000	0.0000	-0.0000	2.0010	0.0087	1.9996	3.3708	0.0000	0.0000	0.0000	0.0000	0.0000	0.0000	0.0000	0.0000	0.0000	0.0000	0.0000	0.0000	0.0000	0.0000	0.0000	0.0000	0.0000	0.0000	0.0008	0.0007	0.0001	0.0003	0.0003	0.0000	0.0005	0.0004	0.0001	0.0252	0.0134	0.0119	0.0033	0.0027	0.0006	0.0219	0.0107	0.0112
22	106	0.0484	9	2	0	1	1	0	0	1	1	0	0	1	1	0	0	0	0	0	0	Y	N	N	N	N	N	N	N	N	N	N	N	N	N	N	N	N	N	0.0000	0.0000	0.0000	0.0000	0.0000	0.0000	0.0000	0.0000	0.0000	0.0000	0.0000	0.0000	0.0000	0.0000	0.0000	0.0000	0.0000	0.0000	0.0007	0.0010	0.0003	0.0148	0.0203	0.0000	0.0002	0.0000	0.0003		0.3335	0.0000	-0.0000	2.0010	3.0043	1.9996	5.0032	0.0000	0.0000	0.0000	0.0000	0.0000	0.0000	0.0000	0.0000	0.0000	0.0000	0.0000	0.0000	0.0000	0.0000	0.0000	0.0000	0.0000	0.0000	0.0695	0.0608	0.0087	0.0017	0.0016	0.0001	0.0678	0.0592	0.0086	0.0606	0.0298	0.0308	0.0020	0.0015	0.0005	0.0585	0.0283	0.0302
22	107	0.0420	8	2	0	0	1	0	0	0	1	0	0	1	1	0	0	0	0	0	0	Y	N	N	N	N	N	N	N	N	N	N	N	N	N	N	N	N	N	0.0000	0.0000	0.0000	0.0000	0.0000	0.0000	0.0000	0.0000	0.0000	0.0000	0.0000	0.0000	0.0000	0.0000	0.0000	0.0000	0.0000	0.0000	0.0000	0.0000	0.0000	0.0001	0.0002	0.0000	0.0000	0.0000	0.0000		0.1476	0.0000	-0.0000	2.0010	1.0015	1.9996	0.9989	0.0000	0.0000	0.0000	0.0000	0.0000	0.0000	0.0000	0.0000	0.0000	0.0000	0.0000	0.0000	0.0000	0.0000	0.0000	0.0000	0.0000	0.0000	0.0234	0.0205	0.0030	0.0005	0.0005	0.0000	0.0229	0.0200	0.0029	0.0155	0.0076	0.0080	0.0002	0.0002	0.0001	0.0153	0.0074	0.0079
22	108	0.0388	7	2	0	0	1	0	0	0	1	0	0	1	1	0	0	0	0	0	0	Y	N	N	N	N	N	N	N	N	N	N	N	N	N	N	N	N	N	0.0000	0.0000	0.0000	0.0000	0.0000	0.0000	0.0000	0.0000	0.0000	0.0000	0.0000	0.0000	0.0000	0.0000	0.0000	0.0000	0.0000	0.0000	0.0000	0.0000	0.0000	0.0000	0.0000	0.0000	0.0000	0.0000	0.0000		0.0000	0.0000	-0.0000	2.0010	1.0004	1.9996	0.0020	0.0000	0.0000	0.0000	0.0000	0.0000	0.0000	0.0000	0.0000	0.0000	0.0000	0.0000	0.0000	0.0000	0.0000	0.0000	0.0000	0.0000	0.0000	0.0234	0.0204	0.0029	0.0005	0.0005	0.0000	0.0228	0.0199	0.0029	0.0078	0.0038	0.0040	0.0001	0.0001	0.0000	0.0077	0.0037	0.0040
22	110	0.1401	16	2	0	1	1	0	0	0	1	0	0	1	1	0	0	0	0	0	0	Y	N	N	N	N	N	N	N	N	N	N	N	N	N	N	N	N	N	0.0020	13.3748	0.0000	20.6370	29.2791	0.0000	0.0000	424.7668	0.0000	0.0226	0.0257	0.0000	0.3728	0.3950	0.0000	0.0000	0.0000	0.0000	11.0795	0.0019	23.0691	0.0181	0.0135	0.0320	12.2864	0.0000	24.2962	0.0000	11081.9946	-0.0008	0.3797	2.0010	7.0195	1.9996	5.1243	0.0035	0.0035	0.0000	0.0035	0.0035	0.0000	0.0000	0.0000	0.0000	0.9971	0.0001	0.9970	0.0002	0.0001	0.0001	0.9970	0.0000	0.9970	0.1555	0.1364	0.0191	0.0094	0.0089	0.0005	0.1461	0.1276	0.0186	0.0900	0.0468	0.0432	0.0089	0.0067	0.0022	0.0811	0.0401	0.0410
22	111	0.1176	15	2	0	1	1	0	0	1	1	0	0	1	1	0	0	0	0	0	0	Y	N	N	N	N	N	N	N	N	N	N	N	N	N	N	N	N	N	1.2765	0.0422	4.5895	0.8113	0.8019	inf	1.0697	0.0193	4.5655	0.0628	0.0002	0.5061	0.0012	0.0013	0.0000	0.0671	0.0001	0.5231	0.0492	0.0051	0.1103	0.0015	0.0016	0.0000	0.0628	0.0070	0.1146	333.0722	15.6710	0.0023	0.0010	2.0010	2.0281	1.9996	3.4706	0.0030	0.0000	0.0030	0.0000	0.0000	0.0000	0.0030	0.0000	0.0030	0.0030	0.0002	0.0028	0.0000	0.0000	0.0000	0.0030	0.0002	0.0028	0.0472	0.0414	0.0058	0.0031	0.0029	0.0002	0.0442	0.0385	0.0057	0.0609	0.0354	0.0256	0.0135	0.0125	0.0010	0.0475	0.0229	0.0246
22	112	0.1041	14	2	0	0	1	1	0	0	1	0	0	1	1	0	0	0	0	0	0	Y	N	N	N	N	N	N	N	N	N	N	N	N	N	N	N	N	N	0.3445	0.3455	0.0000	2.2705	2.1596	0.0000	0.2174	0.2407	0.0000	0.0002	0.0002	0.0000	0.0015	0.0016	0.0000	0.0001	0.0001	0.0000	0.0005	0.0006	0.0004	0.0006	0.0007	0.0000	0.0004	0.0004	0.0004	0.0000	0.4975	-0.0000	-0.0000	2.0010	3.0209	1.9996	2.2550	0.0000	0.0000	0.0000	0.0000	0.0000	0.0000	0.0000	0.0000	0.0000	0.0000	0.0000	0.0000	0.0000	0.0000	0.0000	0.0000	0.0000	0.0000	0.0711	0.0623	0.0088	0.0038	0.0036	0.0002	0.0673	0.0587	0.0086	0.0619	0.0363	0.0256	0.0157	0.0140	0.0017	0.0462	0.0223	0.0239
22	120	0.0946	15	1	0	1	1	0	0	0	1	0	0	2	1	0	0	0	0	0	0	N	N	N	N	Y	N	N	N	N	N	N	N	N	N	N	N	N	N	0.0000	0.0000	0.0000	0.0000	0.0000	0.0000	0.0000	0.0000	0.0000	0.0000	0.0000	0.0000	0.0000	0.0000	0.0000	0.0000	0.0000	0.0000	0.0000	0.0000	0.0000	0.0000	0.0000	0.0000	0.0000	0.0000	0.0000			0.0000	0.0000	2.0010	2.9998	1.9996	1.0000	0.0000	0.0000	0.0000	0.0000	0.0000	0.0000	0.0000	0.0000	0.0000	0.0000	0.0000	0.0000	0.0000	0.0000	0.0000	0.0000	0.0000	0.0000	0.0679	0.0594	0.0084	0.0032	0.0030	0.0002	0.0646	0.0564	0.0082	0.0290	0.0142	0.0147	0.0011	0.0008	0.0003	0.0279	0.0134	0.0145
22	121	0.0946	14	1	0	1	1	0	0	0	1	1	0	2	1	0	0	0	0	0	0	N	N	N	N	Y	N	N	N	N	N	N	N	N	N	N	N	N	N	0.0000	0.0000	0.0000	0.0000	0.0000	0.0000	0.0000	0.0000	0.0000	0.0000	0.0000	0.0000	0.0000	0.0000	0.0000	0.0000	0.0000	0.0000	0.0000	0.0000	0.0000	0.0000	0.0000	0.0000	0.0000	0.0000	0.0000			0.0000	0.0000	2.0010	0.0006	1.9996	0.0007	0.0000	0.0000	0.0000	0.0000	0.0000	0.0000	0.0000	0.0000	0.0000	0.0000	0.0000	0.0000	0.0000	0.0000	0.0000	0.0000	0.0000	0.0000	0.0000	0.0000	0.0000	0.0000	0.0000	0.0000	0.0000	0.0000	0.0000	0.0000	0.0000	0.0000	0.0000	0.0000	0.0000	0.0000	0.0000	0.0000
22	126	0.0977	15	2	0	1	1	0	0	0	1	0	0	1	1	0	0	0	0	0	0	Y	N	N	N	N	N	N	N	N	N	N	N	N	N	N	N	N	N	0.0000	0.0000	0.0000	0.0000	0.0000	0.0000	0.0000	0.0000	0.0000	0.0000	0.0000	0.0000	0.0000	0.0000	0.0000	0.0000	0.0000	0.0000	0.0000	0.0000	0.0000	0.0000	0.0000	0.0000	0.0000	0.0000	0.0000			0.0000	0.0000	2.0010	1.0002	1.9996	2.0058	0.0000	0.0000	0.0000	0.0000	0.0000	0.0000	0.0000	0.0000	0.0000	0.0000	0.0000	0.0000	0.0000	0.0000	0.0000	0.0000	0.0000	0.0000	0.0229	0.0201	0.0029	0.0011	0.0010	0.0001	0.0218	0.0190	0.0028	0.0221	0.0109	0.0112	0.0010	0.0008	0.0002	0.0211	0.0102	0.0110
22	127	0.1011	15	1	0	0	1	0	0	0	1	0	1	1	2	0	0	0	0	0	0	N	N	N	N	N	Y	N	N	N	N	N	N	N	N	N	N	N	N	0.0000	0.0000	0.0000	0.0000	0.0000	0.0000	0.0000	0.0000	0.0000	0.0000	0.0000	0.0000	0.0000	0.0000	0.0000	0.0000	0.0000	0.0000	0.0000	0.0000	0.0000	0.0000	0.0000	0.0000	0.0000	0.0000	0.0000			0.0000	0.0000	2.0010	1.0000	1.9996	2.0000	0.0000	0.0000	0.0000	0.0000	0.0000	0.0000	0.0000	0.0000	0.0000	0.0000	0.0000	0.0000	0.0000	0.0000	0.0000	0.0000	0.0000	0.0000	0.0229	0.0200	0.0029	0.0010	0.0010	0.0001	0.0218	0.0190	0.0028	0.0226	0.0112	0.0114	0.0009	0.0007	0.0002	0.0217	0.0105	0.0111
22	128	0.1011	14	1	0	0	1	0	0	0	1	0	1	1	2	0	0	0	0	0	0	N	N	N	N	N	Y	N	N	N	N	N	N	N	N	N	N	N	N	0.0000	0.0000	0.0000	0.0000	0.0000	0.0000	0.0000	0.0000	0.0000	0.0000	0.0000	0.0000	0.0000	0.0000	0.0000	0.0000	0.0000	0.0000	0.0000	0.0000	0.0000	0.0000	0.0000	0.0000	0.0000	0.0000	0.0000			0.0000	0.0000	2.0010	3.0000	1.9996	2.0000	0.0000	0.0000	0.0000	0.0000	0.0000	0.0000	0.0000	0.0000	0.0000	0.0000	0.0000	0.0000	0.0000	0.0000	0.0000	0.0000	0.0000	0.0000	0.0678	0.0593	0.0084	0.0031	0.0029	0.0002	0.0646	0.0564	0.0082	0.0372	0.0185	0.0187	0.0015	0.0011	0.0004	0.0358	0.0174	0.0183
22	129	0.1043	16	1	0	0	1	0	0	0	1	0	1	1	2	0	0	0	0	0	0	N	N	N	N	N	Y	N	N	N	N	N	N	N	N	N	N	N	N	0.0000	0.0000	0.0000	0.0000	0.0000	0.0000	0.0000	0.0000	0.0000	0.0000	0.0000	0.0000	0.0000	0.0000	0.0000	0.0000	0.0000	0.0000	0.0000	0.0000	0.0000	0.0000	0.0000	0.0000	0.0000	0.0000	0.0000			0.0000	0.0000	2.0010	2.0004	1.9996	1.0045	0.0000	0.0000	0.0000	0.0000	0.0000	0.0000	0.0000	0.0000	0.0000	0.0000	0.0000	0.0000	0.0000	0.0000	0.0000	0.0000	0.0000	0.0000	0.0454	0.0397	0.0057	0.0021	0.0020	0.0001	0.0433	0.0377	0.0055	0.0226	0.0113	0.0114	0.0009	0.0007	0.0002	0.0217	0.0106	0.0111
22	133	0.1181	12	2	0	1	1	0	0	0	1	0	0	2	1	0	0	0	0	0	0	Y	N	N	N	Y	N	N	N	N	N	N	N	N	N	N	N	N	N	0.0000	0.0000	0.0000	0.0000	0.0000	0.0000	0.0000	0.0000	0.0000	0.0000	0.0000	0.0000	0.0000	0.0000	0.0000	0.0000	0.0000	0.0000	0.0000	0.0000	0.0000	0.0000	0.0000	0.0000	0.0000	0.0000	0.0000			0.0000	0.0000	2.0010	0.0000	1.9996	0.0001	0.0000	0.0000	0.0000	0.0000	0.0000	0.0000	0.0000	0.0000	0.0000	0.0000	0.0000	0.0000	0.0000	0.0000	0.0000	0.0000	0.0000	0.0000	0.0000	0.0000	0.0000	0.0000	0.0000	0.0000	0.0000	0.0000	0.0000	0.0000	0.0000	0.0000	0.0000	0.0000	0.0000	0.0000	0.0000	0.0000
22	134	0.0781	11	2	0	1	1	1	0	1	1	1	0	2	1	0	0	0	0	0	0	Y	N	N	N	Y	N	N	N	N	N	N	N	N	N	N	N	N	N	0.0000	0.0000	0.0000	0.0000	0.0000	0.0000	0.0000	0.0000	0.0000	0.0000	0.0000	0.0000	0.0000	0.0000	0.0000	0.0000	0.0000	0.0000	0.0000	0.0000	0.0000	0.0000	0.0000	0.0000	0.0000	0.0000	0.0000			0.0000	0.0000	2.0010	4.0005	1.9996	6.9251	0.0000	0.0000	0.0000	0.0000	0.0000	0.0000	0.0000	0.0000	0.0000	0.0000	0.0000	0.0000	0.0000	0.0000	0.0000	0.0000	0.0000	0.0000	0.0920	0.0805	0.0115	0.0026	0.0025	0.0002	0.0893	0.0780	0.0113	0.0827	0.0412	0.0415	0.0037	0.0031	0.0005	0.0791	0.0381	0.0410
22	135	0.1106	16	2	0	1	1	0	0	0	1	0	0	2	1	0	0	0	0	0	0	Y	N	N	N	Y	N	N	N	N	N	N	N	N	N	N	N	N	N	0.0000	0.0000	0.0000	0.0000	0.0000	0.0000	0.0000	0.0000	0.0000	0.0000	0.0000	0.0000	0.0000	0.0000	0.0000	0.0000	0.0000	0.0000	0.0000	0.0000	0.0000	0.0000	0.0000	0.0000	0.0000	0.0000	0.0000		inf	0.0000	0.0000	2.0010	0.9923	1.9996	0.0060	0.0000	0.0000	0.0000	0.0000	0.0000	0.0000	0.0000	0.0000	0.0000	0.0000	0.0000	0.0000	0.0000	0.0000	0.0000	0.0000	0.0000	0.0000	0.0230	0.0202	0.0029	0.0014	0.0014	0.0001	0.0216	0.0188	0.0028	0.0071	0.0036	0.0035	0.0004	0.0003	0.0001	0.0067	0.0032	0.0034
22	136	0.0977	15	2	0	1	1	0	0	0	1	1	0	2	1	0	0	0	0	0	0	Y	N	N	N	Y	N	N	N	N	N	N	N	N	N	N	N	N	N	0.0000	0.0000	0.0000	0.0000	0.0000	0.0000	0.0000	0.0000	0.0000	0.0000	0.0000	0.0000	0.0000	0.0000	0.0000	0.0000	0.0000	0.0000	0.0000	0.0000	0.0000	0.0000	0.0000	0.0000	0.0000	0.0000	0.0000		0.0000	0.0000	-0.0000	2.0010	2.0106	1.9996	2.0023	0.0000	0.0000	0.0000	0.0000	0.0000	0.0000	0.0000	0.0000	0.0000	0.0000	0.0000	0.0000	0.0000	0.0000	0.0000	0.0000	0.0000	0.0000	0.0456	0.0399	0.0057	0.0022	0.0020	0.0001	0.0434	0.0379	0.0056	0.0292	0.0144	0.0148	0.0013	0.0010	0.0003	0.0279	0.0134	0.0145
22	137	0.0946	14	2	0	1	1	1	0	0	1	0	0	1	1	0	0	0	0	0	0	Y	N	N	N	N	N	N	N	N	N	N	N	N	N	N	N	N	N	0.0000	0.0000	0.0000	0.0000	0.0000	0.0000	0.0000	0.0000	0.0000	0.0000	0.0000	0.0000	0.0000	0.0000	0.0000	0.0000	0.0000	0.0000	0.0000	0.0000	0.0000	0.0000	0.0000	0.0000	0.0000	0.0000	0.0000			0.0000	0.0000	2.0010	0.0008	1.9996	1.0019	0.0000	0.0000	0.0000	0.0000	0.0000	0.0000	0.0000	0.0000	0.0000	0.0000	0.0000	0.0000	0.0000	0.0000	0.0000	0.0000	0.0000	0.0000	0.0000	0.0000	0.0000	0.0000	0.0000	0.0000	0.0000	0.0000	0.0000	0.0074	0.0036	0.0038	0.0003	0.0002	0.0001	0.0071	0.0034	0.0037
23	36	0.1441	13	2	0	1	0	0	0	0	0	0	1	0	1	0	0	0	0	0	0	Y	N	N	N	N	N	N	N	N	N	N	N	N	N	N	N	N	N	0.0000	0.0000	0.0000	0.0000	0.0000	0.0000	0.0000	0.0000	0.0000	0.0000	0.0000	0.0000	0.0000	0.0000	0.0000	0.0000	0.0000	0.0000	0.0000	0.0000	0.0000	0.0000	0.0000	0.0000	0.0000	0.0000	0.0000			0.0000	0.0000	1.9752	11.0150	0.4846	4.0316	0.0000	0.0000	0.0000	0.0000	0.0000	0.0000	0.0000	0.0000	0.0000	0.0000	0.0000	0.0000	0.0000	0.0000	0.0000	0.0000	0.0000	0.0000	0.2456	0.2173	0.0283	0.0307	0.0294	0.0013	0.2149	0.1879	0.0270	0.0954	0.0580	0.0374	0.0417	0.0315	0.0102	0.0537	0.0265	0.0272
23	38	0.0768	12	2	0	1	1	0	0	0	1	0	1	1	1	0	0	0	0	0	0	Y	N	N	N	N	N	N	N	N	N	N	N	N	N	N	N	N	N	554.8358	404.0297	0.0000	35.6702	35.2870	0.0000	3071.5605	1742.5893	0.0000	2.5645	3.0265	0.0000	0.3325	0.4234	0.0000	4.1625	4.6680	0.0000	0.0046	0.0075	0.0000	0.0093	0.0120	0.0000	0.0014	0.0027	0.0000	0.0000	0.0000	-0.1103	-0.0001	1.9752	3.1237	0.4846	0.5096	0.4781	0.4781	0.0000	0.0259	0.0259	0.0000	0.4523	0.4523	0.0000	0.0001	0.0001	0.0000	0.0001	0.0001	0.0000	0.0000	0.0000	0.0000	0.1864	0.1580	0.0285	0.0778	0.0611	0.0167	0.1087	0.0969	0.0118	0.0293	0.0181	0.0112	0.0120	0.0093	0.0027	0.0173	0.0088	0.0085
23	43	0.0666	12	2	0	1	1	0	0	0	1	0	1	1	1	0	0	0	0	0	0	Y	N	N	N	N	N	N	N	N	N	N	N	N	N	N	N	N	N	0.0000	0.0000	0.0000	0.0000	0.0000	0.0000	0.0000	0.0000	0.0000	0.0000	0.0000	0.0000	0.0000	0.0000	0.0000	0.0000	0.0000	0.0000	0.0000	0.0000	0.0000	0.0000	0.0000	0.0000	0.0000	0.0000	0.0000			0.0000	0.0000	1.9752	2.9999	0.4846	0.9999	0.0000	0.0000	0.0000	0.0000	0.0000	0.0000	0.0000	0.0000	0.0000	0.0000	0.0000	0.0000	0.0000	0.0000	0.0000	0.0000	0.0000	0.0000	0.0845	0.0746	0.0099	0.0083	0.0082	0.0001	0.0762	0.0664	0.0098	0.0303	0.0178	0.0125	0.0118	0.0089	0.0029	0.0185	0.0089	0.0096
23	44	0.0618	11	2	0	1	0	0	0	0	0	0	0	1	0	0	0	0	0	0	0	Y	N	N	N	N	N	N	N	N	N	N	N	N	N	N	N	N	N	0.0000	0.0000	0.0000	0.0000	0.0000	0.0000	0.0000	0.0000	0.0000	0.0000	0.0000	0.0000	0.0000	0.0000	0.0000	0.0000	0.0000	0.0000	0.0020	0.0023	0.0016	0.0054	0.0047	0.0073	0.0001	0.0001	0.0001		0.5001	0.0000	-0.0000	1.9752	1.0020	0.4846	0.0022	0.0000	0.0000	0.0000	0.0000	0.0000	0.0000	0.0000	0.0000	0.0000	0.0000	0.0000	0.0000	0.0000	0.0000	0.0000	0.0000	0.0000	0.0000	0.0244	0.0214	0.0030	0.0010	0.0010	0.0000	0.0233	0.0204	0.0030	0.0073	0.0043	0.0030	0.0026	0.0020	0.0006	0.0047	0.0023	0.0024
23	45	0.0618	11	2	0	1	0	0	0	0	0	0	0	1	1	0	0	0	0	0	0	Y	N	N	N	N	N	N	N	N	N	N	N	N	N	N	N	N	N	0.0000	0.0000	0.0000	0.0000	0.0000	0.0000	0.0000	0.0000	0.0000	0.0000	0.0000	0.0000	0.0000	0.0000	0.0000	0.0000	0.0000	0.0000	0.0000	0.0000	0.0000	0.0000	0.0000	0.0000	0.0000	0.0000	0.0000			0.0000	0.0000	1.9752	4.0000	0.4846	1.0000	0.0000	0.0000	0.0000	0.0000	0.0000	0.0000	0.0000	0.0000	0.0000	0.0000	0.0000	0.0000	0.0000	0.0000	0.0000	0.0000	0.0000	0.0000	0.0955	0.0838	0.0117	0.0040	0.0039	0.0001	0.0915	0.0798	0.0116	0.0356	0.0208	0.0148	0.0127	0.0096	0.0031	0.0229	0.0112	0.0117
23	46	0.1087	10	2	0	1	0	0	0	0	0	0	1	0	1	0	0	0	0	0	0	Y	N	N	N	N	N	N	N	N	N	N	N	N	N	N	N	N	N	0.0000	0.0000	0.0000	0.0000	0.0000	0.0000	0.0000	0.0000	0.0000	0.0000	0.0000	0.0000	0.0000	0.0000	0.0000	0.0000	0.0000	0.0000	0.0000	0.0000	0.0000	0.0000	0.0000	0.0000	0.0000	0.0000	0.0000			0.0000	0.0000	1.9752	0.0007	0.4846	1.0103	0.0000	0.0000	0.0000	0.0000	0.0000	0.0000	0.0000	0.0000	0.0000	0.0000	0.0000	0.0000	0.0000	0.0000	0.0000	0.0000	0.0000	0.0000	0.0001	0.0001	0.0000	0.0000	0.0000	0.0000	0.0000	0.0000	0.0000	0.0166	0.0119	0.0047	0.0079	0.0071	0.0008	0.0087	0.0048	0.0039
23	47	0.0737	9	2	0	1	0	1	0	0	0	0	0	0	0	0	0	0	0	0	0	Y	N	N	N	N	N	N	N	N	N	N	N	N	N	N	N	N	N	0.0000	0.0000	0.0000	0.0000	0.0000	0.0000	0.0000	0.0000	0.0000	0.0000	0.0000	0.0000	0.0000	0.0000	0.0000	0.0000	0.0000	0.0000	0.0024	0.0023	0.0026	0.0057	0.0043	0.0105	0.0001	0.0002	0.0001		0.7272	-0.0000	-0.0000	1.9752	6.8097	0.4846	3.8431	0.0000	0.0000	0.0000	0.0000	0.0000	0.0000	0.0000	0.0000	0.0000	0.0002	0.0001	0.0001	0.0002	0.0001	0.0001	0.0000	0.0000	0.0000	0.1712	0.1510	0.0202	0.0131	0.0128	0.0004	0.1580	0.1382	0.0198	0.0755	0.0459	0.0296	0.0314	0.0242	0.0072	0.0441	0.0217	0.0224
23	49	0.1346	12	2	0	1	0	0	0	0	0	0	0	0	0	0	0	0	0	0	0	Y	N	N	N	N	N	N	N	N	N	N	N	N	N	N	N	N	N	0.0000	0.0000	0.0000	0.0000	0.0000	0.0000	0.0000	0.0000	0.0000	0.0000	0.0000	0.0000	0.0000	0.0000	0.0000	0.0000	0.0000	0.0000	0.0002	0.0003	0.0000	0.0005	0.0006	0.0000	0.0000	0.0000	0.0000		0.0000	0.0000	-0.0000	1.9752	1.6285	0.4846	1.0381	0.0000	0.0000	0.0000	0.0000	0.0000	0.0000	0.0000	0.0000	0.0000	0.0000	0.0000	0.0000	0.0000	0.0000	0.0000	0.0000	0.0000	0.0000	0.0553	0.0489	0.0064	0.0125	0.0123	0.0002	0.0428	0.0366	0.0062	0.0232	0.0154	0.0078	0.0105	0.0085	0.0020	0.0128	0.0069	0.0058
23	53	0.0780	12	2	0	1	0	0	0	0	0	0	0	1	1	0	0	0	0	0	0	Y	N	N	N	N	N	N	N	N	N	N	N	N	N	N	N	N	N	0.0000	0.0000	0.0000	0.0000	0.0000	0.0000	0.0000	0.0000	0.0000	0.0000	0.0000	0.0000	0.0000	0.0000	0.0000	0.0000	0.0000	0.0000	0.0000	0.0000	0.0000	0.0000	0.0000	0.0000	0.0000	0.0000	0.0000			0.0000	0.0000	1.9752	0.9921	0.4846	0.0076	0.0000	0.0000	0.0000	0.0000	0.0000	0.0000	0.0000	0.0000	0.0000	0.0000	0.0000	0.0000	0.0000	0.0000	0.0000	0.0000	0.0000	0.0000	0.0242	0.0212	0.0030	0.0014	0.0014	0.0000	0.0228	0.0199	0.0029	0.0074	0.0043	0.0030	0.0027	0.0020	0.0007	0.0047	0.0023	0.0024
23	60	0.0618	11	2	0	1	0	0	0	0	0	0	0	1	1	0	0	0	0	0	0	Y	N	N	N	N	N	N	N	N	N	N	N	N	N	N	N	N	N	0.0000	0.0000	0.0000	0.0000	0.0000	0.0000	0.0000	0.0000	0.0000	0.0000	0.0000	0.0000	0.0000	0.0000	0.0000	0.0000	0.0000	0.0000	0.0000	0.0000	0.0000	0.0000	0.0000	0.0000	0.0000	0.0000	0.0000			0.0000	0.0000	1.9752	2.0000	0.4846	7.0000	0.0000	0.0000	0.0000	0.0000	0.0000	0.0000	0.0000	0.0000	0.0000	0.0000	0.0000	0.0000	0.0000	0.0000	0.0000	0.0000	0.0000	0.0000	0.0483	0.0424	0.0059	0.0020	0.0020	0.0000	0.0463	0.0404	0.0059	0.0626	0.0366	0.0260	0.0223	0.0168	0.0055	0.0403	0.0198	0.0206
23	61	0.0617	10	2	0	1	0	0	0	0	0	0	1	1	1	0	0	0	0	0	0	Y	N	N	N	N	N	N	N	N	N	N	N	N	N	N	N	N	N	0.0000	0.0000	0.0000	0.0000	0.0000	0.0000	0.0000	0.0000	0.0000	0.0000	0.0000	0.0000	0.0000	0.0000	0.0000	0.0000	0.0000	0.0000	0.0000	0.0000	0.0000	0.0000	0.0000	0.0000	0.0000	0.0000	0.0000			0.0000	0.0000	1.9752	0.0000	0.4846	0.0000	0.0000	0.0000	0.0000	0.0000	0.0000	0.0000	0.0000	0.0000	0.0000	0.0000	0.0000	0.0000	0.0000	0.0000	0.0000	0.0000	0.0000	0.0000	0.0000	0.0000	0.0000	0.0000	0.0000	0.0000	0.0000	0.0000	0.0000	0.0000	0.0000	0.0000	0.0000	0.0000	0.0000	0.0000	0.0000	0.0000
23	68	0.1346	12	2	0	1	0	0	0	0	0	0	1	0	1	0	0	0	0	0	0	Y	N	N	N	N	N	N	N	N	N	N	N	N	N	N	N	N	N	0.0000	0.0000	0.0000	0.0000	0.0000	0.0000	0.0000	0.0000	0.0000	0.0000	0.0000	0.0000	0.0000	0.0000	0.0000	0.0000	0.0000	0.0000	0.0001	0.0002	0.0000	0.0002	0.0003	0.0000	0.0000	0.0000	0.0000		0.0000	0.0000	-0.0000	1.9752	1.4193	0.4846	5.2011	0.0000	0.0000	0.0000	0.0000	0.0000	0.0000	0.0000	0.0000	0.0000	0.0000	0.0000	0.0000	0.0000	0.0000	0.0000	0.0000	0.0000	0.0000	0.0504	0.0446	0.0058	0.0120	0.0119	0.0002	0.0384	0.0328	0.0056	0.0492	0.0311	0.0182	0.0218	0.0170	0.0048	0.0275	0.0141	0.0134
23	69	0.0845	11	2	0	1	0	1	0	0	0	0	0	0	0	0	0	0	0	0	0	Y	N	N	N	N	N	N	N	N	N	N	N	N	N	N	N	N	N	0.2752	0.2829	0.0000	1.6856	1.9754	0.0000	0.0000	0.0000	0.0000	0.0000	0.0001	0.0000	0.0007	0.0007	0.0000	0.0000	0.0000	0.0000	0.0002	0.0002	0.0001	0.0004	0.0003	0.0005	0.0000	0.0000	0.0000	0.0000	0.5001	-0.0000	-0.0000	1.9752	9.3928	0.4846	3.6523	0.0000	0.0000	0.0000	0.0000	0.0000	0.0000	0.0000	0.0000	0.0000	0.0000	0.0000	0.0000	0.0000	0.0000	0.0000	0.0000	0.0000	0.0000	0.2257	0.1988	0.0269	0.0152	0.0147	0.0005	0.2105	0.1841	0.0264	0.0902	0.0545	0.0357	0.0368	0.0281	0.0087	0.0534	0.0263	0.0270
23	74	0.0618	11	2	0	1	0	0	0	0	0	0	0	1	0	0	0	0	0	0	0	Y	N	N	N	N	N	N	N	N	N	N	N	N	N	N	N	N	N	1247.4882	1452.3061	3.8599	542.6773	732.8508	5.2866	25220.0651	24744.2974	92.3677	5.3196	6.0606	0.0170	6.2753	6.4205	0.1066	5.2773	6.0427	0.0162	0.0043	0.0042	0.0044	0.0116	0.0088	0.0202	0.0002	0.0002	0.0002	0.0004	0.7500	-0.1150	-0.0000	1.9752	3.9277	0.4846	0.5227	0.4992	0.4990	0.0002	0.0250	0.0250	0.0000	0.4742	0.4740	0.0002	0.0001	0.0001	0.0001	0.0001	0.0001	0.0001	0.0000	0.0000	0.0000	0.0938	0.0823	0.0115	0.0040	0.0039	0.0001	0.0899	0.0784	0.0114	0.0318	0.0186	0.0132	0.0114	0.0086	0.0028	0.0204	0.0100	0.0104
23	75	0.0617	10	2	0	1	0	0	0	0	0	0	0	1	0	0	0	0	0	0	0	Y	N	N	N	N	N	N	N	N	N	N	N	N	N	N	N	N	N	0.0000	0.0000	0.0000	0.0000	0.0000	0.0000	0.0000	0.0000	0.0000	0.0000	0.0000	0.0000	0.0000	0.0000	0.0000	0.0000	0.0000	0.0000	0.0000	0.0000	0.0000	0.0000	0.0000	0.0000	0.0000	0.0000	0.0000			0.0000	0.0000	1.9752	0.0009	0.4846	0.0000	0.0000	0.0000	0.0000	0.0000	0.0000	0.0000	0.0000	0.0000	0.0000	0.0000	0.0000	0.0000	0.0000	0.0000	0.0000	0.0000	0.0000	0.0000	0.0000	0.0000	0.0000	0.0000	0.0000	0.0000	0.0000	0.0000	0.0000	0.0000	0.0000	0.0000	0.0000	0.0000	0.0000	0.0000	0.0000	0.0000
23	76	0.0585	9	2	0	1	0	0	0	0	0	0	0	1	0	0	0	0	0	0	0	Y	N	N	N	N	N	N	N	N	N	N	N	N	N	N	N	N	N	0.0000	0.0000	0.0000	0.0000	0.0000	0.0000	0.0000	0.0000	0.0000	0.0000	0.0000	0.0000	0.0000	0.0000	0.0000	0.0000	0.0000	0.0000	0.0000	0.0000	0.0000	0.0000	0.0000	0.0000	0.0000	0.0000	0.0000			0.0000	0.0000	1.9752	1.0000	0.4846	0.0000	0.0000	0.0000	0.0000	0.0000	0.0000	0.0000	0.0000	0.0000	0.0000	0.0000	0.0000	0.0000	0.0000	0.0000	0.0000	0.0000	0.0000	0.0000	0.0243	0.0213	0.0030	0.0010	0.0010	0.0000	0.0233	0.0204	0.0030	0.0073	0.0043	0.0030	0.0026	0.0020	0.0006	0.0047	0.0023	0.0024
23	77	0.0253	4	2	0	1	0	1	0	0	0	0	0	0	0	0	0	0	0	0	0	Y	N	N	N	N	N	N	N	N	N	N	N	N	N	N	N	N	N	972.8595	650.8935	0.0000	1177.5615	892.9043	0.0000	830.7047	475.4325	0.0000	11.0346	12.5595	0.0000	8.7962	8.8842	0.0000	11.1846	12.8393	0.0000	0.0113	0.0193	0.0000	0.0075	0.0099	0.0000	0.0135	0.0270	0.0000	0.0000	0.0000	-0.2247	-0.0004	1.9752	3.3326	0.4846	4.0108	0.9738	0.9738	0.0000	0.0487	0.0487	0.0000	0.9251	0.9251	0.0000	0.0006	0.0006	0.0000	0.0001	0.0001	0.0000	0.0005	0.0005	0.0000	0.0883	0.0775	0.0107	0.0055	0.0055	0.0001	0.0827	0.0721	0.0107	0.0533	0.0314	0.0220	0.0189	0.0142	0.0047	0.0345	0.0172	0.0173
23	79	0.0811	11	2	0	1	0	0	0	0	0	0	0	1	1	0	0	0	0	0	0	Y	N	N	N	N	N	N	N	N	N	N	N	N	N	N	N	N	N	0.0000	0.0000	0.0000	0.0000	0.0000	0.0000	0.0000	0.0000	0.0000	0.0000	0.0000	0.0000	0.0000	0.0000	0.0000	0.0000	0.0000	0.0000	0.0000	0.0000	0.0000	0.0000	0.0000	0.0000	0.0000	0.0000	0.0000			0.0000	0.0000	1.9752	0.0001	0.4846	1.0072	0.0000	0.0000	0.0000	0.0000	0.0000	0.0000	0.0000	0.0000	0.0000	0.0000	0.0000	0.0000	0.0000	0.0000	0.0000	0.0000	0.0000	0.0000	0.0000	0.0000	0.0000	0.0000	0.0000	0.0000	0.0000	0.0000	0.0000	0.0074	0.0044	0.0030	0.0028	0.0021	0.0007	0.0046	0.0023	0.0023
23	80	0.0714	10	2	0	1	0	0	0	0	0	0	0	1	1	0	0	0	0	0	0	Y	N	N	N	N	N	N	N	N	N	N	N	N	N	N	N	N	N	0.0000	0.0000	0.0000	0.0000	0.0000	0.0000	0.0000	0.0000	0.0000	0.0000	0.0000	0.0000	0.0000	0.0000	0.0000	0.0000	0.0000	0.0000	0.0000	0.0000	0.0000	0.0000	0.0000	0.0000	0.0000	0.0000	0.0000		0.0000	0.0000	-0.0000	1.9752	1.0058	0.4846	1.9973	0.0000	0.0000	0.0000	0.0000	0.0000	0.0000	0.0000	0.0000	0.0000	0.0000	0.0000	0.0000	0.0000	0.0000	0.0000	0.0000	0.0000	0.0000	0.0253	0.0222	0.0031	0.0014	0.0014	0.0001	0.0239	0.0209	0.0030	0.0218	0.0129	0.0089	0.0081	0.0061	0.0020	0.0137	0.0068	0.0070
23	83	0.0714	10	2	0	1	0	0	0	0	0	0	0	1	1	0	0	0	0	0	0	Y	N	N	N	N	N	N	N	N	N	N	N	N	N	N	N	N	N	0.0000	0.0000	0.0000	0.0000	0.0000	0.0000	0.0000	0.0000	0.0000	0.0000	0.0000	0.0000	0.0000	0.0000	0.0000	0.0000	0.0000	0.0000	0.0000	0.0000	0.0000	0.0000	0.0000	0.0000	0.0000	0.0000	0.0000		0.0000	0.0000	-0.0000	1.9752	5.0069	0.4846	6.0103	0.0000	0.0000	0.0000	0.0000	0.0000	0.0000	0.0000	0.0000	0.0000	0.0000	0.0000	0.0000	0.0000	0.0000	0.0000	0.0000	0.0000	0.0000	0.1220	0.1072	0.0149	0.0064	0.0061	0.0003	0.1156	0.1010	0.0146	0.0758	0.0448	0.0311	0.0278	0.0210	0.0068	0.0480	0.0238	0.0243
23	84	0.0650	9	2	0	1	0	0	0	0	0	1	1	1	1	0	0	0	0	0	0	Y	N	N	N	N	N	N	N	N	N	N	N	N	N	N	N	N	N	143.2978	100.1806	0.0000	1458.1960	1127.3244	0.0000	0.0000	0.0000	0.0000	0.0004	0.0005	0.0000	0.0106	0.0108	0.0000	0.0000	0.0000	0.0000	0.0000	0.0000	0.0000	0.0000	0.0000	0.0000	0.0000	0.0000	0.0000	0.0000	0.0375	-0.0000	-0.0000	1.9752	1.9932	0.4846	0.0278	0.0000	0.0000	0.0000	0.0000	0.0000	0.0000	0.0000	0.0000	0.0000	0.0000	0.0000	0.0000	0.0000	0.0000	0.0000	0.0000	0.0000	0.0000	0.0493	0.0433	0.0061	0.0018	0.0018	0.0000	0.0475	0.0415	0.0060	0.0150	0.0089	0.0062	0.0055	0.0042	0.0013	0.0095	0.0047	0.0048
23	91	0.0629	7	2	0	1	0	0	0	0	0	0	0	0	0	0	0	0	0	0	0	Y	N	N	N	N	N	N	N	N	N	N	N	N	N	N	N	N	N	0.0000	0.0000	0.0000	0.0000	0.0000	0.0000	0.0000	0.0000	0.0000	0.0000	0.0000	0.0000	0.0000	0.0000	0.0000	0.0000	0.0000	0.0000	0.0725	0.1118	0.0072	0.1679	0.1975	0.0348	0.0057	0.0113	0.0003		0.0387	0.0000	-0.0023	1.9752	1.5872	0.4846	4.4746	0.0000	0.0000	0.0000	0.0000	0.0000	0.0000	0.0000	0.0000	0.0000	0.0040	0.0039	0.0002	0.0038	0.0037	0.0001	0.0002	0.0002	0.0000	0.0393	0.0345	0.0048	0.0021	0.0020	0.0001	0.0372	0.0325	0.0048	0.0556	0.0347	0.0209	0.0229	0.0187	0.0042	0.0327	0.0160	0.0167
23	92	0.0780	12	2	0	1	1	0	0	0	1	0	0	1	1	0	0	0	0	0	0	Y	N	N	N	N	N	N	N	N	N	N	N	N	N	N	N	N	N	0.0000	0.0000	0.0000	0.0000	0.0000	0.0000	0.0000	0.0000	0.0000	0.0000	0.0000	0.0000	0.0000	0.0000	0.0000	0.0000	0.0000	0.0000	0.0000	0.0000	0.0000	0.0000	0.0000	0.0000	0.0000	0.0000	0.0000			0.0000	0.0000	1.9752	1.0091	0.4846	1.9972	0.0000	0.0000	0.0000	0.0000	0.0000	0.0000	0.0000	0.0000	0.0000	0.0000	0.0000	0.0000	0.0000	0.0000	0.0000	0.0000	0.0000	0.0000	0.0246	0.0216	0.0030	0.0014	0.0014	0.0000	0.0232	0.0202	0.0030	0.0217	0.0127	0.0090	0.0079	0.0060	0.0020	0.0138	0.0068	0.0070
23	93	0.0617	11	2	0	1	0	0	0	0	0	0	1	1	1	0	0	0	0	0	0	Y	N	N	N	N	N	N	N	N	N	N	N	N	N	N	N	N	N	0.0000	0.0000	0.0000	0.0000	0.0000	0.0000	0.0000	0.0000	0.0000	0.0000	0.0000	0.0000	0.0000	0.0000	0.0000	0.0000	0.0000	0.0000	0.0000	0.0000	0.0000	0.0000	0.0000	0.0000	0.0000	0.0000	0.0000			0.0000	0.0000	1.9752	2.0083	0.4846	3.0031	0.0000	0.0000	0.0000	0.0000	0.0000	0.0000	0.0000	0.0000	0.0000	0.0000	0.0000	0.0000	0.0000	0.0000	0.0000	0.0000	0.0000	0.0000	0.0483	0.0424	0.0059	0.0021	0.0020	0.0000	0.0462	0.0403	0.0059	0.0357	0.0208	0.0149	0.0127	0.0096	0.0031	0.0230	0.0112	0.0117
23	94	0.0617	10	2	0	1	0	0	0	0	0	0	0	1	0	0	0	0	0	0	0	Y	N	N	N	N	N	N	N	N	N	N	N	N	N	N	N	N	N	0.0000	0.0000	0.0000	0.0000	0.0000	0.0000	0.0000	0.0000	0.0000	0.0000	0.0000	0.0000	0.0000	0.0000	0.0000	0.0000	0.0000	0.0000	0.0000	0.0000	0.0000	0.0000	0.0000	0.0000	0.0000	0.0000	0.0000			0.0000	0.0000	1.9752	0.0000	0.4846	0.0002	0.0000	0.0000	0.0000	0.0000	0.0000	0.0000	0.0000	0.0000	0.0000	0.0000	0.0000	0.0000	0.0000	0.0000	0.0000	0.0000	0.0000	0.0000	0.0000	0.0000	0.0000	0.0000	0.0000	0.0000	0.0000	0.0000	0.0000	0.0000	0.0000	0.0000	0.0000	0.0000	0.0000	0.0000	0.0000	0.0000
23	95	0.0585	9	2	0	1	0	0	0	0	0	0	0	1	0	0	0	0	0	0	0	Y	N	N	N	N	N	N	N	N	N	N	N	N	N	N	N	N	N	0.0000	0.0000	0.0000	0.0000	0.0000	0.0000	0.0000	0.0000	0.0000	0.0000	0.0000	0.0000	0.0000	0.0000	0.0000	0.0000	0.0000	0.0000	0.0000	0.0000	0.0000	0.0000	0.0000	0.0000	0.0000	0.0000	0.0000			0.0000	0.0000	1.9752	1.0000	0.4846	0.0001	0.0000	0.0000	0.0000	0.0000	0.0000	0.0000	0.0000	0.0000	0.0000	0.0000	0.0000	0.0000	0.0000	0.0000	0.0000	0.0000	0.0000	0.0000	0.0243	0.0213	0.0030	0.0010	0.0010	0.0000	0.0233	0.0204	0.0030	0.0073	0.0043	0.0030	0.0026	0.0020	0.0006	0.0047	0.0023	0.0024
23	96	0.0585	8	2	0	1	0	0	0	0	0	1	0	1	0	0	0	0	0	0	0	Y	N	N	N	N	N	N	N	N	N	N	N	N	N	N	N	N	N	0.0000	0.0000	0.0000	0.0000	0.0000	0.0000	0.0000	0.0000	0.0000	0.0000	0.0000	0.0000	0.0000	0.0000	0.0000	0.0000	0.0000	0.0000	0.0000	0.0000	0.0000	0.0000	0.0000	0.0000	0.0000	0.0000	0.0000			0.0000	0.0000	1.9752	0.0000	0.4846	0.0001	0.0000	0.0000	0.0000	0.0000	0.0000	0.0000	0.0000	0.0000	0.0000	0.0000	0.0000	0.0000	0.0000	0.0000	0.0000	0.0000	0.0000	0.0000	0.0000	0.0000	0.0000	0.0000	0.0000	0.0000	0.0000	0.0000	0.0000	0.0000	0.0000	0.0000	0.0000	0.0000	0.0000	0.0000	0.0000	0.0000
23	97	0.0553	7	2	0	1	0	0	0	0	0	0	0	0	0	0	0	0	0	0	0	Y	N	N	N	N	N	N	N	N	N	N	N	N	N	N	N	N	N	inf	inf	0.0000	0.0000	0.0000	0.0000	inf	inf	0.0000	0.0008	0.0009	0.0000	0.0000	0.0000	0.0000	0.0008	0.0010	0.0000	0.0000	0.0000	0.0000	0.0000	0.0000	0.0000	0.0000	0.0000	0.0000	0.0000		-0.0000	0.0000	1.9752	0.9999	0.4846	0.0008	0.0000	0.0000	0.0000	0.0000	0.0000	0.0000	0.0000	0.0000	0.0000	0.0000	0.0000	0.0000	0.0000	0.0000	0.0000	0.0000	0.0000	0.0000	0.0248	0.0218	0.0031	0.0009	0.0009	0.0000	0.0239	0.0208	0.0030	0.0074	0.0043	0.0030	0.0026	0.0020	0.0006	0.0047	0.0023	0.0024
23	107	0.0585	8	2	0	1	0	0	0	0	0	0	0	0	0	0	0	0	0	0	0	Y	N	N	N	N	N	N	N	N	N	N	N	N	N	N	N	N	N	287.0341	inf	0.0000	inf	inf	0.0000	182.6721	inf	0.0000	0.0008	0.0009	0.0000	0.0011	0.0011	0.0000	0.0008	0.0009	0.0000	0.0000	0.0000	0.0000	0.0000	0.0000	0.0000	0.0000	0.0000	0.0000	0.0000	inf	-0.0000	0.0000	1.9752	1.0015	0.4846	0.9989	0.0000	0.0000	0.0000	0.0000	0.0000	0.0000	0.0000	0.0000	0.0000	0.0000	0.0000	0.0000	0.0000	0.0000	0.0000	0.0000	0.0000	0.0000	0.0249	0.0218	0.0031	0.0009	0.0009	0.0000	0.0239	0.0209	0.0030	0.0146	0.0086	0.0061	0.0052	0.0039	0.0013	0.0094	0.0047	0.0048
23	108	0.0553	7	2	0	1	0	0	0	0	0	0	0	0	0	0	0	0	0	0	0	Y	N	N	N	N	N	N	N	N	N	N	N	N	N	N	N	N	N	inf	inf	0.0000	0.0000	0.0000	0.0000	inf	inf	0.0000	0.0008	0.0009	0.0000	0.0000	0.0000	0.0000	0.0008	0.0010	0.0000	0.0000	0.0000	0.0000	0.0000	0.0000	0.0000	0.0000	0.0000	0.0000	0.0000		-0.0000	0.0000	1.9752	1.0004	0.4846	0.0020	0.0000	0.0000	0.0000	0.0000	0.0000	0.0000	0.0000	0.0000	0.0000	0.0000	0.0000	0.0000	0.0000	0.0000	0.0000	0.0000	0.0000	0.0000	0.0248	0.0218	0.0031	0.0009	0.0009	0.0000	0.0239	0.0209	0.0030	0.0074	0.0043	0.0031	0.0026	0.0020	0.0006	0.0048	0.0023	0.0024
23	109	0.0293	6	2	0	1	0	1	0	0	0	0	0	0	0	0	0	0	0	0	0	Y	N	N	N	N	N	N	N	N	N	N	N	N	N	N	N	N	N	inf	inf	0.0000	0.0000	0.0000	0.0000	inf	inf	0.0000	13.6117	15.5273	0.0000	0.0000	0.0000	0.0000	14.0722	16.1193	0.0000	0.0000	0.0000	0.0000	0.0000	0.0000	0.0000	0.0000	0.0000	0.0000	0.0000		-0.2308	0.0000	1.9752	3.0035	0.4846	5.0043	0.9999	0.9999	0.0000	0.0000	0.0000	0.0000	0.9999	0.9999	0.0000	0.0000	0.0000	0.0000	0.0000	0.0000	0.0000	0.0000	0.0000	0.0000	0.0735	0.0644	0.0091	0.0024	0.0024	0.0000	0.0711	0.0620	0.0090	0.0565	0.0329	0.0236	0.0194	0.0146	0.0048	0.0371	0.0183	0.0188
23	112	0.0495	6	2	0	1	0	1	0	0	0	0	0	0	0	0	0	0	0	0	0	Y	N	N	N	N	N	N	N	N	N	N	N	N	N	N	N	N	N	0.0000	0.0000	0.0000	0.0000	0.0000	0.0000	0.0000	0.0000	0.0000	0.0000	0.0000	0.0000	0.0000	0.0000	0.0000	0.0000	0.0000	0.0000	0.0020	0.0029	0.0005	0.0038	0.0041	0.0026	0.0007	0.0014	0.0000		0.1053	0.0000	-0.0001	1.9752	3.0209	0.4846	2.2550	0.0000	0.0000	0.0000	0.0000	0.0000	0.0000	0.0000	0.0000	0.0000	0.0001	0.0001	0.0000	0.0001	0.0001	0.0000	0.0000	0.0000	0.0000	0.0753	0.0661	0.0092	0.0032	0.0031	0.0001	0.0721	0.0629	0.0092	0.0511	0.0322	0.0190	0.0211	0.0175	0.0036	0.0300	0.0147	0.0153
24	36	0.1870	15	2	0	1	0	0	0	0	0	0	1	0	1	0	0	0	0	0	0	Y	N	N	N	N	N	N	N	N	N	N	N	N	N	N	N	N	N	0.0000	0.0000	0.0000	0.0000	0.0000	0.0000	0.0000	0.0000	0.0000	0.0000	0.0000	0.0000	0.0000	0.0000	0.0000	0.0000	0.0000	0.0000	0.0016	0.0000	0.0042	0.0051	0.0000	0.0541	0.0003	0.0000	0.0006		3049.1171	-0.0000	0.0002	3.0190	11.0150	4.8890	4.0316	0.0000	0.0000	0.0000	0.0000	0.0000	0.0000	0.0000	0.0000	0.0000	0.0005	0.0000	0.0005	0.0004	0.0000	0.0004	0.0001	0.0000	0.0001	0.3617	0.3204	0.0413	0.0530	0.0504	0.0027	0.3087	0.2700	0.0386	0.2808	0.1739	0.1068	0.0762	0.0690	0.0072	0.2046	0.1050	0.0996
24	38	0.1069	10	2	0	1	1	0	0	0	1	0	1	1	1	0	0	0	0	0	0	Y	N	N	N	N	N	N	N	N	N	N	N	N	N	N	N	N	N	0.0184	0.0130	0.0000	0.0183	0.0181	0.0000	0.0000	0.0000	0.0000	0.0001	0.0001	0.0000	0.0002	0.0002	0.0000	0.0000	0.0000	0.0000	0.0030	0.0047	0.0001	0.0124	0.0128	0.0042	0.0000	0.0000	0.0000	0.0000	0.0136	-0.0000	-0.0002	3.0190	3.1237	4.8890	0.5096	0.0000	0.0000	0.0000	0.0000	0.0000	0.0000	0.0000	0.0000	0.0000	0.0003	0.0003	0.0000	0.0003	0.0003	0.0000	0.0000	0.0000	0.0000	0.1806	0.1625	0.0181	0.0440	0.0432	0.0008	0.1366	0.1193	0.0173	0.0868	0.0546	0.0322	0.0210	0.0202	0.0008	0.0659	0.0345	0.0314
24	43	0.0966	10	2	0	1	1	0	0	0	1	0	1	1	1	0	0	0	0	0	0	Y	N	N	N	N	N	N	N	N	N	N	N	N	N	N	N	N	N	inf	inf	0.0000	0.0000	0.0000	0.0000	inf	inf	0.0000	0.0038	0.0046	0.0000	0.0000	0.0000	0.0000	0.0059	0.0068	0.0000	0.0000	0.0000	0.0000	0.0000	0.0000	0.0000	0.0000	0.0000	0.0000	0.0000		-0.0002	0.0000	3.0190	2.9999	4.8890	0.9999	0.0008	0.0008	0.0000	0.0000	0.0000	0.0000	0.0008	0.0008	0.0000	0.0000	0.0000	0.0000	0.0000	0.0000	0.0000	0.0000	0.0000	0.0000	0.2015	0.1669	0.0345	0.0720	0.0531	0.0189	0.1295	0.1139	0.0156	0.0903	0.0542	0.0361	0.0192	0.0184	0.0008	0.0711	0.0358	0.0352
24	44	0.0918	9	2	0	1	0	0	0	0	0	0	0	1	0	0	0	0	0	0	0	Y	N	N	N	N	N	N	N	N	N	N	N	N	N	N	N	N	N	0.0000	0.0000	0.0000	0.0000	0.0000	0.0000	0.0000	0.0000	0.0000	0.0000	0.0000	0.0000	0.0000	0.0000	0.0000	0.0000	0.0000	0.0000	0.0004	0.0006	0.0000	0.0019	0.0019	0.0000	0.0000	0.0000	0.0000		0.0070	0.0000	-0.0000	3.0190	1.0020	4.8890	0.0022	0.0000	0.0000	0.0000	0.0000	0.0000	0.0000	0.0000	0.0000	0.0000	0.0000	0.0000	0.0000	0.0000	0.0000	0.0000	0.0000	0.0000	0.0000	0.0362	0.0318	0.0045	0.0021	0.0019	0.0001	0.0342	0.0298	0.0043	0.0220	0.0131	0.0089	0.0044	0.0042	0.0002	0.0176	0.0089	0.0087
24	45	0.0918	9	2	0	1	0	0	0	0	0	0	0	1	1	0	0	0	0	0	0	Y	N	N	N	N	N	N	N	N	N	N	N	N	N	N	N	N	N	inf	inf	0.0000	inf	inf	0.0000	inf	inf	0.0000	7.0775	8.0600	0.0000	0.0013	0.0014	0.0000	7.4730	8.5575	0.0000	0.0000	0.0000	0.0000	0.0000	0.0000	0.0000	0.0000	0.0000	0.0000	0.0000		-0.2306	0.0000	3.0190	4.0000	4.8890	1.0000	0.9991	0.9991	0.0000	0.0000	0.0000	0.0000	0.9991	0.9991	0.0000	0.0000	0.0000	0.0000	0.0000	0.0000	0.0000	0.0000	0.0000	0.0000	0.1412	0.1240	0.0172	0.0075	0.0072	0.0003	0.1337	0.1167	0.0169	0.1070	0.0639	0.0431	0.0212	0.0203	0.0009	0.0858	0.0436	0.0422
24	46	0.1516	12	2	0	1	0	0	0	0	0	0	1	0	1	0	0	0	0	0	0	Y	N	N	N	N	N	N	N	N	N	N	N	N	N	N	N	N	N	inf	inf	0.0000	0.0000	0.0000	0.0000	inf	inf	0.0000	0.0286	0.0328	0.0000	0.0000	0.0000	0.0000	0.0554	0.0656	0.0000	0.0000	0.0000	0.0000	0.0000	0.0000	0.0000	0.0000	0.0000	0.0000	0.0000		-0.0000	0.0000	3.0190	0.0007	4.8890	1.0103	0.0000	0.0000	0.0000	0.0000	0.0000	0.0000	0.0000	0.0000	0.0000	0.0000	0.0000	0.0000	0.0000	0.0000	0.0000	0.0000	0.0000	0.0000	0.0001	0.0001	0.0000	0.0000	0.0000	0.0000	0.0000	0.0000	0.0000	0.0523	0.0378	0.0144	0.0217	0.0205	0.0012	0.0306	0.0173	0.0133
24	47	0.1165	11	2	0	1	0	1	0	0	0	0	0	0	0	0	0	0	0	0	0	Y	N	N	N	N	N	N	N	N	N	N	N	N	N	N	N	N	N	0.0079	0.0056	0.0000	0.0000	0.0000	0.0000	0.0069	0.0041	0.0000	0.0285	0.0324	0.0000	0.0000	0.0000	0.0000	0.0336	0.0384	0.0000	3.5824	5.7559	0.0065	0.0016	0.0016	0.0019	4.8561	9.4567	0.0068	0.0000	0.0007	-0.0018	-0.4983	3.0190	6.8097	4.8890	3.8431	0.0076	0.0076	0.0000	0.0000	0.0000	0.0000	0.0076	0.0076	0.0000	0.8057	0.8051	0.0006	0.0001	0.0001	0.0000	0.8056	0.8051	0.0005	0.2682	0.2354	0.0328	0.0410	0.0367	0.0043	0.2272	0.1988	0.0285	0.2249	0.1399	0.0850	0.0590	0.0548	0.0043	0.1659	0.0851	0.0808
24	49	0.1775	14	2	0	1	0	0	0	0	0	0	0	0	0	0	0	0	0	0	0	Y	N	N	N	N	N	N	N	N	N	N	N	N	N	N	N	N	N	0.0005	0.0004	0.0000	0.0008	0.0007	0.0000	0.0000	0.0000	0.0000	0.0001	0.0001	0.0000	0.0003	0.0003	0.0000	0.0000	0.0000	0.0000	0.1435	0.2100	0.0025	0.3461	0.4031	0.0127	0.0121	0.0211	0.0002	0.0000	0.0055	-0.0000	-0.0074	3.0190	1.6285	4.8890	1.0381	0.0000	0.0000	0.0000	0.0000	0.0000	0.0000	0.0000	0.0000	0.0000	0.0120	0.0119	0.0001	0.0114	0.0113	0.0001	0.0006	0.0006	0.0000	0.0821	0.0727	0.0094	0.0200	0.0196	0.0004	0.0621	0.0531	0.0090	0.0835	0.0567	0.0267	0.0329	0.0281	0.0048	0.0506	0.0287	0.0219
24	53	0.1081	10	2	0	1	0	0	0	0	0	0	0	1	1	0	0	0	0	0	0	Y	N	N	N	N	N	N	N	N	N	N	N	N	N	N	N	N	N	4.5412	30.8684	0.0000	38.8103	136.0083	0.0000	0.0000	0.0000	0.0000	0.0000	0.0000	0.0000	0.0005	0.0006	0.0000	0.0000	0.0000	0.0000	0.0000	0.0000	0.0000	0.0000	0.0000	0.0002	0.0000	0.0000	0.0000	0.0000	8.9504	-0.0000	0.0000	3.0190	0.9921	4.8890	0.0076	0.0000	0.0000	0.0000	0.0000	0.0000	0.0000	0.0000	0.0000	0.0000	0.0000	0.0000	0.0000	0.0000	0.0000	0.0000	0.0000	0.0000	0.0000	0.0357	0.0314	0.0043	0.0025	0.0024	0.0001	0.0333	0.0290	0.0042	0.0221	0.0133	0.0089	0.0046	0.0044	0.0003	0.0175	0.0089	0.0086
24	60	0.0918	9	2	0	1	0	0	0	0	0	0	0	1	1	0	0	0	0	0	0	Y	N	N	N	N	N	N	N	N	N	N	N	N	N	N	N	N	N	0.0000	0.0000	0.0000	0.0000	0.0000	0.0000	0.0000	0.0000	0.0000	0.0000	0.0000	0.0000	0.0000	0.0000	0.0000	0.0000	0.0000	0.0000	0.0102	0.0171	0.0000	0.0517	0.0540	0.0000	0.0000	0.0000	0.0000		0.0000	0.0000	-0.0012	3.0190	2.0000	4.8890	7.0000	0.0000	0.0000	0.0000	0.0000	0.0000	0.0000	0.0000	0.0000	0.0000	0.0019	0.0019	0.0000	0.0019	0.0019	0.0000	0.0000	0.0000	0.0000	0.0714	0.0627	0.0087	0.0038	0.0036	0.0001	0.0677	0.0590	0.0086	0.1881	0.1124	0.0757	0.0372	0.0356	0.0016	0.1509	0.0768	0.0741
24	61	0.0918	8	2	0	1	0	0	0	0	0	0	1	1	1	0	0	0	0	0	0	Y	N	N	N	N	N	N	N	N	N	N	N	N	N	N	N	N	N	0.0000	0.0000	0.0000	0.0000	0.0000	0.0000	0.0000	0.0000	0.0000	0.0000	0.0000	0.0000	0.0000	0.0000	0.0000	0.0000	0.0000	0.0000	0.0000	0.0000	0.0000	0.0000	0.0000	0.0000	0.0000	0.0000	0.0000			0.0000	0.0000	3.0190	0.0000	4.8890	0.0000	0.0000	0.0000	0.0000	0.0000	0.0000	0.0000	0.0000	0.0000	0.0000	0.0000	0.0000	0.0000	0.0000	0.0000	0.0000	0.0000	0.0000	0.0000	0.0000	0.0000	0.0000	0.0000	0.0000	0.0000	0.0000	0.0000	0.0000	0.0000	0.0000	0.0000	0.0000	0.0000	0.0000	0.0000	0.0000	0.0000
24	68	0.1775	14	2	0	1	0	0	0	0	0	0	1	0	1	0	0	0	0	0	0	Y	N	N	N	N	N	N	N	N	N	N	N	N	N	N	N	N	N	0.0248	0.0000	750.9793	0.0000	0.0000	0.0235	0.0237	0.0000	8588.5785	0.1019	0.0000	0.8934	0.0000	0.0000	0.0002	0.1368	0.0000	0.9318	4.1145	6.3473	0.0012	0.7473	0.8539	0.0092	5.7810	10.7759	0.0001	inf	0.0001	0.0059	-0.4051	3.0190	1.4193	4.8890	5.2011	0.0076	0.0000	0.0076	0.0000	0.0000	0.0000	0.0076	0.0000	0.0076	0.6543	0.6543	0.0001	0.0393	0.0393	0.0001	0.6150	0.6150	0.0000	0.0749	0.0664	0.0085	0.0191	0.0188	0.0004	0.0558	0.0476	0.0082	0.1590	0.1031	0.0560	0.0527	0.0460	0.0066	0.1064	0.0571	0.0493
24	69	0.1273	13	2	0	1	0	1	0	0	0	0	0	0	0	0	0	0	0	0	0	Y	N	N	N	N	N	N	N	N	N	N	N	N	N	N	N	N	N	0.0004	0.0001	0.0299	0.0012	0.0012	0.0000	0.0003	0.0000	0.0314	0.0000	0.0000	0.0001	0.0002	0.0002	0.0000	0.0000	0.0000	0.0001	0.0744	0.1167	0.0046	0.1262	0.1402	0.0053	0.0547	0.1013	0.0045	1.1850	0.0239	0.0000	-0.0124	3.0190	9.3928	4.8890	3.6523	0.0000	0.0000	0.0000	0.0000	0.0000	0.0000	0.0000	0.0000	0.0000	0.0209	0.0204	0.0005	0.0097	0.0097	0.0000	0.0111	0.0107	0.0004	0.3335	0.2941	0.0394	0.0290	0.0277	0.0013	0.3044	0.2664	0.0381	0.2807	0.1748	0.1059	0.0773	0.0692	0.0080	0.2034	0.1055	0.0979
24	74	0.0918	9	2	0	1	0	0	0	0	0	0	0	1	0	0	0	0	0	0	0	Y	N	N	N	N	N	N	N	N	N	N	N	N	N	N	N	N	N	0.0263	0.0194	0.0000	0.0000	0.0000	0.0000	0.0226	0.0143	0.0000	0.0001	0.0001	0.0000	0.0000	0.0000	0.0000	0.0001	0.0001	0.0000	0.0027	0.0042	0.0005	0.0002	0.0002	0.0000	0.0034	0.0061	0.0005	0.0000	0.0829	-0.0000	-0.0001	3.0190	3.9277	4.8890	0.5227	0.0000	0.0000	0.0000	0.0000	0.0000	0.0000	0.0000	0.0000	0.0000	0.0003	0.0002	0.0000	0.0000	0.0000	0.0000	0.0003	0.0002	0.0000	0.1389	0.1219	0.0170	0.0075	0.0072	0.0003	0.1314	0.1147	0.0167	0.0955	0.0570	0.0385	0.0189	0.0181	0.0008	0.0766	0.0389	0.0377
24	75	0.0918	8	2	0	1	0	0	0	0	0	0	0	1	0	0	0	0	0	0	0	Y	N	N	N	N	N	N	N	N	N	N	N	N	N	N	N	N	N	0.0000	0.0000	0.0000	0.0000	0.0000	0.0000	0.0000	0.0000	0.0000	0.0000	0.0000	0.0000	0.0000	0.0000	0.0000	0.0000	0.0000	0.0000	0.0000	0.0000	0.0000	0.0000	0.0000	0.0000	0.0000	0.0000	0.0000			0.0000	0.0000	3.0190	0.0009	4.8890	0.0000	0.0000	0.0000	0.0000	0.0000	0.0000	0.0000	0.0000	0.0000	0.0000	0.0000	0.0000	0.0000	0.0000	0.0000	0.0000	0.0000	0.0000	0.0000	0.0000	0.0000	0.0000	0.0000	0.0000	0.0000	0.0000	0.0000	0.0000	0.0000	0.0000	0.0000	0.0000	0.0000	0.0000	0.0000	0.0000	0.0000
24	76	0.0886	7	2	0	1	0	0	0	0	0	0	0	1	0	0	0	0	0	0	0	Y	N	N	N	N	N	N	N	N	N	N	N	N	N	N	N	N	N	0.0000	0.0000	0.0000	0.0000	0.0000	0.0000	0.0000	0.0000	0.0000	0.0000	0.0000	0.0000	0.0000	0.0000	0.0000	0.0000	0.0000	0.0000	0.0000	0.0000	0.0000	0.0000	0.0000	0.0000	0.0000	0.0000	0.0000			0.0000	0.0000	3.0190	1.0000	4.8890	0.0000	0.0000	0.0000	0.0000	0.0000	0.0000	0.0000	0.0000	0.0000	0.0000	0.0000	0.0000	0.0000	0.0000	0.0000	0.0000	0.0000	0.0000	0.0000	0.0360	0.0316	0.0044	0.0019	0.0018	0.0001	0.0341	0.0298	0.0043	0.0219	0.0131	0.0088	0.0044	0.0042	0.0002	0.0176	0.0089	0.0087
24	77	0.0681	6	2	0	1	0	1	0	0	0	0	0	0	0	0	0	0	0	0	0	Y	N	N	N	N	N	N	N	N	N	N	N	N	N	N	N	N	N	0.0000	0.0000	0.0000	0.0000	0.0000	0.0000	0.0000	0.0000	0.0000	0.0000	0.0000	0.0000	0.0000	0.0000	0.0000	0.0000	0.0000	0.0000	0.0000	0.0000	0.0000	0.0000	0.0000	0.0000	0.0000	0.0000	0.0000		0.1784	0.0000	-0.0000	3.0190	3.3326	4.8890	4.0108	0.0000	0.0000	0.0000	0.0000	0.0000	0.0000	0.0000	0.0000	0.0000	0.0000	0.0000	0.0000	0.0000	0.0000	0.0000	0.0000	0.0000	0.0000	0.1298	0.1144	0.0155	0.0102	0.0100	0.0002	0.1196	0.1044	0.0153	0.1558	0.0935	0.0624	0.0295	0.0284	0.0011	0.1263	0.0650	0.0613
24	79	0.1112	9	2	0	1	0	0	0	0	0	0	0	1	1	0	0	0	0	0	0	Y	N	N	N	N	N	N	N	N	N	N	N	N	N	N	N	N	N	0.0000	0.0000	0.0000	0.0000	0.0000	0.0000	0.0000	0.0000	0.0000	0.0000	0.0000	0.0000	0.0000	0.0000	0.0000	0.0000	0.0000	0.0000	0.0000	0.0000	0.0000	0.0000	0.0000	0.0000	0.0000	0.0000	0.0000		0.0032	-0.0000	-0.0000	3.0190	0.0001	4.8890	1.0072	0.0000	0.0000	0.0000	0.0000	0.0000	0.0000	0.0000	0.0000	0.0000	0.0000	0.0000	0.0000	0.0000	0.0000	0.0000	0.0000	0.0000	0.0000	0.0000	0.0000	0.0000	0.0000	0.0000	0.0000	0.0000	0.0000	0.0000	0.0222	0.0134	0.0088	0.0048	0.0045	0.0003	0.0174	0.0089	0.0085
24	80	0.1015	8	2	0	1	0	0	0	0	0	0	0	1	1	0	0	0	0	0	0	Y	N	N	N	N	N	N	N	N	N	N	N	N	N	N	N	N	N	1.9062	3.1341	0.0000	6.7260	14.3863	0.0000	0.0000	0.0000	0.0000	0.0000	0.0000	0.0000	0.0001	0.0001	0.0000	0.0000	0.0000	0.0000	0.0000	0.0000	0.0000	0.0000	0.0000	0.0002	0.0000	0.0000	0.0000	0.0000	1.3907	-0.0000	-0.0000	3.0190	1.0058	4.8890	1.9973	0.0000	0.0000	0.0000	0.0000	0.0000	0.0000	0.0000	0.0000	0.0000	0.0000	0.0000	0.0000	0.0000	0.0000	0.0000	0.0000	0.0000	0.0000	0.0375	0.0329	0.0046	0.0025	0.0024	0.0001	0.0350	0.0305	0.0044	0.0656	0.0396	0.0260	0.0140	0.0132	0.0008	0.0516	0.0264	0.0252
24	83	0.1015	8	2	0	1	0	0	0	0	0	0	0	1	1	0	0	0	0	0	0	Y	N	N	N	N	N	N	N	N	N	N	N	N	N	N	N	N	N	74.3778	51.1182	0.0000	0.0000	0.0000	0.0000	547339.6863	435629.9885	0.0000	0.0424	0.0482	0.0000	0.0000	0.0000	0.0000	0.0452	0.0518	0.0000	0.0006	0.0009	0.0000	0.0027	0.0029	0.0000	0.0000	0.0000	0.0000	0.0000	0.0000	-0.0018	-0.0001	3.0190	5.0069	4.8890	6.0103	0.0076	0.0076	0.0000	0.0000	0.0000	0.0000	0.0076	0.0076	0.0000	0.0001	0.0001	0.0000	0.0001	0.0001	0.0000	0.0000	0.0000	0.0000	0.1805	0.1586	0.0219	0.0114	0.0108	0.0006	0.1691	0.1478	0.0213	0.2281	0.1378	0.0903	0.0478	0.0452	0.0026	0.1803	0.0926	0.0877
24	84	0.0951	7	2	0	1	0	0	0	0	0	1	1	1	1	0	0	0	0	0	0	Y	N	N	N	N	N	N	N	N	N	N	N	N	N	N	N	N	N	0.0507	0.0367	0.0000	0.0000	0.0000	0.0000	0.8645	8.5459	0.0000	0.0000	0.0000	0.0000	0.0000	0.0000	0.0000	0.0000	0.0000	0.0000	0.0001	0.0001	0.0000	0.0004	0.0004	0.0000	0.0000	0.0000	0.0000	0.0000	0.0530	-0.0000	-0.0000	3.0190	1.9932	4.8890	0.0278	0.0000	0.0000	0.0000	0.0000	0.0000	0.0000	0.0000	0.0000	0.0000	0.0000	0.0000	0.0000	0.0000	0.0000	0.0000	0.0000	0.0000	0.0000	0.0729	0.0640	0.0089	0.0035	0.0034	0.0001	0.0695	0.0607	0.0088	0.0453	0.0273	0.0179	0.0096	0.0091	0.0005	0.0357	0.0183	0.0174
24	91	0.1057	9	2	0	1	0	0	0	0	0	0	0	0	0	0	0	0	0	0	0	Y	N	N	N	N	N	N	N	N	N	N	N	N	N	N	N	N	N	0.0034	0.0026	0.0000	0.0000	0.0000	0.0000	0.0081	0.0053	0.0000	0.0000	0.0000	0.0000	0.0000	0.0000	0.0000	0.0000	0.0000	0.0000	0.0051	0.0074	0.0010	0.0118	0.0118	0.0129	0.0023	0.0040	0.0005	0.0000	0.0802	-0.0000	-0.0005	3.0190	1.5872	4.8890	4.4746	0.0000	0.0000	0.0000	0.0000	0.0000	0.0000	0.0000	0.0000	0.0000	0.0009	0.0008	0.0001	0.0006	0.0006	0.0000	0.0003	0.0002	0.0000	0.0580	0.0510	0.0071	0.0042	0.0040	0.0002	0.0538	0.0469	0.0069	0.1680	0.1069	0.0611	0.0493	0.0468	0.0024	0.1188	0.0601	0.0587
24	92	0.1081	10	2	0	1	1	0	0	0	1	0	0	1	1	0	0	0	0	0	0	Y	N	N	N	N	N	N	N	N	N	N	N	N	N	N	N	N	N	1361.8451	0.0000	420952.7079	0.0000	0.0000	0.0000	108962.4596	0.0000	420393.9321	0.2101	0.0000	1.7294	0.0000	0.0000	0.0000	0.2256	0.0000	1.7720	0.0002	0.0003	0.0000	0.0007	0.0008	0.0000	0.0000	0.0000	0.0000	inf	0.0108	0.0059	-0.0000	3.0190	1.0091	4.8890	1.9972	0.0076	0.0000	0.0076	0.0000	0.0000	0.0000	0.0076	0.0000	0.0076	0.0000	0.0000	0.0000	0.0000	0.0000	0.0000	0.0000	0.0000	0.0000	0.0364	0.0319	0.0044	0.0025	0.0024	0.0001	0.0339	0.0295	0.0043	0.0653	0.0391	0.0262	0.0135	0.0128	0.0008	0.0518	0.0264	0.0254
24	93	0.0918	9	2	0	1	0	0	0	0	0	0	1	1	1	0	0	0	0	0	0	Y	N	N	N	N	N	N	N	N	N	N	N	N	N	N	N	N	N	0.0217	0.0000	0.0716	0.0000	0.0000	0.0000	0.0184	0.0000	0.0712	0.0000	0.0000	0.0001	0.0000	0.0000	0.0000	0.0000	0.0000	0.0002	0.0008	0.0000	0.0021	0.0000	0.0000	0.0000	0.0010	0.0000	0.0021	inf	1722.0413	0.0000	0.0000	3.0190	2.0083	4.8890	3.0031	0.0000	0.0000	0.0000	0.0000	0.0000	0.0000	0.0000	0.0000	0.0000	0.0001	0.0000	0.0001	0.0000	0.0000	0.0000	0.0001	0.0000	0.0001	0.0714	0.0626	0.0087	0.0038	0.0037	0.0001	0.0675	0.0589	0.0086	0.1073	0.0641	0.0433	0.0213	0.0203	0.0009	0.0861	0.0437	0.0423
24	94	0.0918	8	2	0	1	0	0	0	0	0	0	0	1	0	0	0	0	0	0	0	Y	N	N	N	N	N	N	N	N	N	N	N	N	N	N	N	N	N	0.0000	0.0000	0.0000	0.0000	0.0000	0.0000	0.0000	0.0000	0.0000	0.0000	0.0000	0.0000	0.0000	0.0000	0.0000	0.0000	0.0000	0.0000	0.0003	0.0002	0.0005	0.0006	0.0005	0.0000	0.0002	0.0000	0.0004		1.0000	0.0000	-0.0000	3.0190	0.0000	4.8890	0.0002	0.0000	0.0000	0.0000	0.0000	0.0000	0.0000	0.0000	0.0000	0.0000	0.0000	0.0000	0.0000	0.0000	0.0000	0.0000	0.0000	0.0000	0.0000	0.0000	0.0000	0.0000	0.0000	0.0000	0.0000	0.0000	0.0000	0.0000	0.0000	0.0000	0.0000	0.0000	0.0000	0.0000	0.0000	0.0000	0.0000
24	95	0.0886	7	2	0	1	0	0	0	0	0	0	0	1	0	0	0	0	0	0	0	Y	N	N	N	N	N	N	N	N	N	N	N	N	N	N	N	N	N	0.0000	0.0000	0.0000	0.0000	0.0000	0.0000	0.0000	0.0000	0.0000	0.0000	0.0000	0.0000	0.0000	0.0000	0.0000	0.0000	0.0000	0.0000	0.0000	0.0000	0.0000	0.0000	0.0000	0.0000	0.0000	0.0000	0.0000			0.0000	0.0000	3.0190	1.0000	4.8890	0.0001	0.0000	0.0000	0.0000	0.0000	0.0000	0.0000	0.0000	0.0000	0.0000	0.0000	0.0000	0.0000	0.0000	0.0000	0.0000	0.0000	0.0000	0.0000	0.0360	0.0316	0.0044	0.0019	0.0018	0.0001	0.0341	0.0298	0.0043	0.0219	0.0131	0.0088	0.0044	0.0042	0.0002	0.0176	0.0089	0.0087
24	96	0.0886	6	2	0	1	0	0	0	0	0	1	0	1	0	0	0	0	0	0	0	Y	N	N	N	N	N	N	N	N	N	N	N	N	N	N	N	N	N	0.0000	0.0000	0.0000	0.0000	0.0000	0.0000	0.0000	0.0000	0.0000	0.0000	0.0000	0.0000	0.0000	0.0000	0.0000	0.0000	0.0000	0.0000	0.0000	0.0000	0.0000	0.0000	0.0000	0.0000	0.0000	0.0000	0.0000			0.0000	0.0000	3.0190	0.0000	4.8890	0.0001	0.0000	0.0000	0.0000	0.0000	0.0000	0.0000	0.0000	0.0000	0.0000	0.0000	0.0000	0.0000	0.0000	0.0000	0.0000	0.0000	0.0000	0.0000	0.0000	0.0000	0.0000	0.0000	0.0000	0.0000	0.0000	0.0000	0.0000	0.0000	0.0000	0.0000	0.0000	0.0000	0.0000	0.0000	0.0000	0.0000
24	97	0.0854	5	2	0	1	0	0	0	0	0	0	0	0	0	0	0	0	0	0	0	Y	N	N	N	N	N	N	N	N	N	N	N	N	N	N	N	N	N	0.0000	0.0000	0.0000	0.0000	0.0000	0.0000	0.0000	0.0000	0.0000	0.0000	0.0000	0.0000	0.0000	0.0000	0.0000	0.0000	0.0000	0.0000	0.0000	0.0000	0.0000	0.0000	0.0000	0.0000	0.0000	0.0000	0.0000		0.0000	0.0000	-0.0000	3.0190	0.9999	4.8890	0.0008	0.0000	0.0000	0.0000	0.0000	0.0000	0.0000	0.0000	0.0000	0.0000	0.0000	0.0000	0.0000	0.0000	0.0000	0.0000	0.0000	0.0000	0.0000	0.0367	0.0322	0.0045	0.0017	0.0017	0.0001	0.0349	0.0305	0.0044	0.0221	0.0132	0.0089	0.0044	0.0042	0.0002	0.0177	0.0091	0.0087
24	107	0.0886	6	2	0	1	0	0	0	0	0	0	0	0	0	0	0	0	0	0	0	Y	N	N	N	N	N	N	N	N	N	N	N	N	N	N	N	N	N	0.0000	0.0000	0.0000	0.0000	0.0000	0.0000	0.0000	0.0000	0.0000	0.0000	0.0000	0.0000	0.0000	0.0000	0.0000	0.0000	0.0000	0.0000	0.0014	0.0023	0.0002	0.0069	0.0072	0.0000	0.0001	0.0000	0.0002		0.0499	0.0000	-0.0000	3.0190	1.0015	4.8890	0.9989	0.0000	0.0000	0.0000	0.0000	0.0000	0.0000	0.0000	0.0000	0.0000	0.0001	0.0001	0.0000	0.0001	0.0001	0.0000	0.0000	0.0000	0.0000	0.0368	0.0322	0.0045	0.0018	0.0017	0.0001	0.0350	0.0306	0.0044	0.0440	0.0264	0.0176	0.0087	0.0083	0.0004	0.0353	0.0181	0.0173
24	108	0.0854	5	2	0	1	0	0	0	0	0	0	0	0	0	0	0	0	0	0	0	Y	N	N	N	N	N	N	N	N	N	N	N	N	N	N	N	N	N	0.0000	0.0000	0.0000	0.0000	0.0000	0.0000	0.0000	0.0000	0.0000	0.0000	0.0000	0.0000	0.0000	0.0000	0.0000	0.0000	0.0000	0.0000	0.0000	0.0000	0.0000	0.0000	0.0000	0.0000	0.0000	0.0000	0.0000		0.0000	0.0000	-0.0000	3.0190	1.0004	4.8890	0.0020	0.0000	0.0000	0.0000	0.0000	0.0000	0.0000	0.0000	0.0000	0.0000	0.0000	0.0000	0.0000	0.0000	0.0000	0.0000	0.0000	0.0000	0.0000	0.0367	0.0322	0.0045	0.0017	0.0017	0.0001	0.0350	0.0305	0.0044	0.0222	0.0133	0.0089	0.0044	0.0042	0.0002	0.0178	0.0091	0.0087
24	109	0.0594	4	2	0	1	0	1	0	0	0	0	0	0	0	0	0	0	0	0	0	Y	N	N	N	N	N	N	N	N	N	N	N	N	N	N	N	N	N	0.0000	0.0000	0.0000	0.0000	0.0000	0.0000	0.0000	0.0000	0.0000	0.0000	0.0000	0.0000	0.0000	0.0000	0.0000	0.0000	0.0000	0.0000	0.0005	0.0009	0.0000	0.0028	0.0029	0.0000	0.0000	0.0000	0.0000		0.0000	0.0000	-0.0001	3.0190	3.0035	4.8890	5.0043	0.0000	0.0000	0.0000	0.0000	0.0000	0.0000	0.0000	0.0000	0.0000	0.0001	0.0001	0.0000	0.0001	0.0001	0.0000	0.0000	0.0000	0.0000	0.1086	0.0953	0.0133	0.0047	0.0045	0.0002	0.1040	0.0908	0.0132	0.1701	0.1011	0.0689	0.0317	0.0305	0.0012	0.1384	0.0706	0.0677
24	112	0.0923	8	2	0	1	0	1	0	0	0	0	0	0	0	0	0	0	0	0	0	Y	N	N	N	N	N	N	N	N	N	N	N	N	N	N	N	N	N	0.0000	0.0000	0.0000	0.0000	0.0000	0.0000	0.0000	0.0000	0.0000	0.0000	0.0000	0.0000	0.0000	0.0000	0.0000	0.0000	0.0000	0.0000	0.0004	0.0005	0.0001	0.0010	0.0009	0.0027	0.0001	0.0002	0.0000		0.1042	0.0000	-0.0000	3.0190	3.0209	4.8890	2.2550	0.0000	0.0000	0.0000	0.0000	0.0000	0.0000	0.0000	0.0000	0.0000	0.0001	0.0001	0.0000	0.0000	0.0000	0.0000	0.0000	0.0000	0.0000	0.1115	0.0979	0.0136	0.0071	0.0067	0.0004	0.1044	0.0912	0.0133	0.1546	0.0991	0.0555	0.0462	0.0442	0.0020	0.1084	0.0548	0.0535
25	36	0.1794	18	2	0	1	0	0	0	1	0	0	1	1	1	0	0	0	0	0	0	Y	N	N	N	N	N	N	N	N	N	N	N	N	N	N	N	N	N	0.2389	0.0000	inf	0.0000	0.0000	0.0000	inf	0.0000	inf	0.0002	0.0000	0.0015	0.0000	0.0000	0.0000	0.0002	0.0000	0.0016	0.0007	0.0014	0.0000	0.0057	0.0073	0.0000	0.0000	0.0000	0.0000	inf	0.0000	0.0000	-0.0000	1.0000	11.0150	3.0001	4.0316	0.0000	0.0000	0.0000	0.0000	0.0000	0.0000	0.0000	0.0000	0.0000	0.0001	0.0001	0.0000	0.0001	0.0001	0.0000	0.0000	0.0000	0.0000	0.1148	0.1013	0.0135	0.0138	0.0131	0.0007	0.1010	0.0882	0.0128	0.0960	0.0503	0.0457	0.0123	0.0095	0.0027	0.0837	0.0407	0.0430
25	38	0.0344	5	2	0	1	1	0	0	1	1	0	1	2	1	0	0	0	0	0	0	Y	N	N	N	Y	N	N	N	N	N	N	N	N	N	N	N	N	N	0.0000	0.0000	0.0000	0.0000	0.0000	0.0000	0.0000	0.0000	0.0000	0.0000	0.0000	0.0000	0.0000	0.0000	0.0000	0.0000	0.0000	0.0000	0.0032	0.0062	0.0000	0.0550	0.0554	0.0002	0.0000	0.0000	0.0000		0.0000	0.0000	-0.0001	1.0000	3.1237	3.0001	0.5096	0.0000	0.0000	0.0000	0.0000	0.0000	0.0000	0.0000	0.0000	0.0000	0.0001	0.0001	0.0000	0.0001	0.0001	0.0000	0.0000	0.0000	0.0000	0.0591	0.0530	0.0061	0.0120	0.0119	0.0001	0.0471	0.0411	0.0060	0.0308	0.0161	0.0148	0.0018	0.0018	0.0000	0.0290	0.0143	0.0148
25	43	0.0242	5	2	0	1	1	0	0	1	1	0	1	2	1	0	0	0	0	0	0	Y	N	N	N	Y	N	N	N	N	N	N	N	N	N	N	N	N	N	0.0000	0.0000	0.0000	0.0000	0.0000	0.0000	0.0000	0.0000	0.0000	0.0000	0.0000	0.0000	0.0000	0.0000	0.0000	0.0000	0.0000	0.0000	0.0000	0.0000	0.0000	0.0000	0.0000	0.0000	0.0000	0.0000	0.0000			0.0000	0.0000	1.0000	2.9999	3.0001	0.9999	0.0000	0.0000	0.0000	0.0000	0.0000	0.0000	0.0000	0.0000	0.0000	0.0000	0.0000	0.0000	0.0000	0.0000	0.0000	0.0000	0.0000	0.0000	0.0406	0.0356	0.0049	0.0026	0.0025	0.0000	0.0380	0.0331	0.0049	0.0312	0.0147	0.0166	0.0000	0.0000	0.0000	0.0312	0.0146	0.0166
25	44	0.0193	4	2	0	1	0	0	0	1	0	0	0	2	0	0	0	0	0	0	0	Y	N	N	N	Y	N	N	N	N	N	N	N	N	N	N	N	N	N	0.0000	0.0000	0.0000	0.0000	0.0000	0.0000	0.0000	0.0000	0.0000	0.0000	0.0000	0.0000	0.0000	0.0000	0.0000	0.0000	0.0000	0.0000	0.0013	0.0027	0.0000	0.0000	0.0000	0.0000	0.0013	0.0027	0.0000		0.0000	0.0000	-0.0000	1.0000	1.0020	3.0001	0.0022	0.0000	0.0000	0.0000	0.0000	0.0000	0.0000	0.0000	0.0000	0.0000	0.0000	0.0000	0.0000	0.0000	0.0000	0.0000	0.0000	0.0000	0.0000	0.0117	0.0102	0.0015	0.0000	0.0000	0.0000	0.0117	0.0102	0.0015	0.0079	0.0038	0.0041	0.0000	0.0000	0.0000	0.0079	0.0038	0.0041
25	45	0.0193	4	2	0	1	0	0	0	1	0	0	0	2	1	0	0	0	0	0	0	Y	N	N	N	Y	N	N	N	N	N	N	N	N	N	N	N	N	N	0.0000	0.0000	0.0000	0.0000	0.0000	0.0000	0.0000	0.0000	0.0000	0.0000	0.0000	0.0000	0.0000	0.0000	0.0000	0.0000	0.0000	0.0000	0.0000	0.0000	0.0000	0.0000	0.0000	0.0000	0.0000	0.0000	0.0000			0.0000	0.0000	1.0000	4.0000	3.0001	1.0000	0.0000	0.0000	0.0000	0.0000	0.0000	0.0000	0.0000	0.0000	0.0000	0.0000	0.0000	0.0000	0.0000	0.0000	0.0000	0.0000	0.0000	0.0000	0.0458	0.0400	0.0058	0.0002	0.0001	0.0000	0.0457	0.0399	0.0058	0.0383	0.0183	0.0200	0.0000	0.0000	0.0000	0.0383	0.0183	0.0200
25	46	0.1440	15	2	0	1	0	0	0	1	0	0	1	1	1	0	0	0	0	0	0	Y	N	N	N	N	N	N	N	N	N	N	N	N	N	N	N	N	N	0.0000	0.0000	0.0000	0.0000	0.0000	0.0000	0.0000	0.0000	0.0000	0.0000	0.0000	0.0000	0.0000	0.0000	0.0000	0.0000	0.0000	0.0000	0.0000	0.0000	0.0000	0.0000	0.0000	0.0000	0.0000	0.0000	0.0000			0.0000	0.0000	1.0000	0.0007	3.0001	1.0103	0.0000	0.0000	0.0000	0.0000	0.0000	0.0000	0.0000	0.0000	0.0000	0.0000	0.0000	0.0000	0.0000	0.0000	0.0000	0.0000	0.0000	0.0000	0.0000	0.0000	0.0000	0.0000	0.0000	0.0000	0.0000	0.0000	0.0000	0.0212	0.0149	0.0063	0.0078	0.0076	0.0002	0.0134	0.0073	0.0061
25	47	0.1089	14	2	0	1	0	1	0	1	0	0	0	1	0	0	0	0	0	0	0	Y	N	N	N	N	N	N	N	N	N	N	N	N	N	N	N	N	N	0.0000	0.0000	0.0000	0.0000	0.0000	0.0000	0.0000	0.0000	0.0000	0.0000	0.0000	0.0000	0.0000	0.0000	0.0000	0.0000	0.0000	0.0000	0.0031	0.0052	0.0008	0.0000	0.0000	0.0000	0.0036	0.0066	0.0008		0.1364	0.0000	-0.0001	1.0000	6.8097	3.0001	3.8431	0.0000	0.0000	0.0000	0.0000	0.0000	0.0000	0.0000	0.0000	0.0000	0.0003	0.0002	0.0000	0.0000	0.0000	0.0000	0.0002	0.0002	0.0000	0.0807	0.0710	0.0097	0.0056	0.0054	0.0002	0.0751	0.0656	0.0095	0.0795	0.0425	0.0370	0.0106	0.0090	0.0016	0.0689	0.0335	0.0354
25	49	0.1699	17	2	0	1	0	0	0	1	0	0	0	1	0	0	0	0	0	0	0	Y	N	N	N	N	N	N	N	N	N	N	N	N	N	N	N	N	N	0.0000	0.0000	0.0000	0.0000	0.0000	0.0000	0.0000	0.0000	0.0000	0.0000	0.0000	0.0000	0.0000	0.0000	0.0000	0.0000	0.0000	0.0000	0.1897	0.2342	0.1150	0.6109	0.6632	0.0875	0.0575	0.0065	0.1167		0.2928	0.0000	-0.0020	1.0000	1.6285	3.0001	1.0381	0.0000	0.0000	0.0000	0.0000	0.0000	0.0000	0.0000	0.0000	0.0000	0.0050	0.0039	0.0011	0.0038	0.0038	0.0000	0.0011	0.0001	0.0011	0.0266	0.0235	0.0031	0.0061	0.0060	0.0001	0.0205	0.0175	0.0030	0.0263	0.0165	0.0098	0.0063	0.0057	0.0006	0.0200	0.0108	0.0093
25	53	0.0292	3	2	0	1	0	0	0	1	0	0	0	2	1	0	0	0	0	0	0	Y	N	N	N	Y	N	N	N	N	N	N	N	N	N	N	N	N	N	0.0000	0.0000	0.0000	0.0000	0.0000	0.0000	0.0000	0.0000	0.0000	0.0000	0.0000	0.0000	0.0000	0.0000	0.0000	0.0000	0.0000	0.0000	0.0000	0.0000	0.0000	0.0001	0.0002	0.0000	0.0000	0.0000	0.0000		0.0045	0.0000	-0.0000	1.0000	0.9921	3.0001	0.0076	0.0000	0.0000	0.0000	0.0000	0.0000	0.0000	0.0000	0.0000	0.0000	0.0000	0.0000	0.0000	0.0000	0.0000	0.0000	0.0000	0.0000	0.0000	0.0117	0.0102	0.0015	0.0002	0.0002	0.0000	0.0115	0.0101	0.0015	0.0080	0.0039	0.0041	0.0002	0.0001	0.0000	0.0078	0.0037	0.0041
25	60	0.0193	4	2	0	1	0	0	0	1	0	0	0	2	1	0	0	0	0	0	0	Y	N	N	N	Y	N	N	N	N	N	N	N	N	N	N	N	N	N	0.0000	0.0000	0.0000	0.0000	0.0000	0.0000	0.0000	0.0000	0.0000	0.0000	0.0000	0.0000	0.0000	0.0000	0.0000	0.0000	0.0000	0.0000	0.0000	0.0000	0.0000	0.0000	0.0000	0.0000	0.0000	0.0000	0.0000			0.0000	0.0000	1.0000	2.0000	3.0001	7.0000	0.0000	0.0000	0.0000	0.0000	0.0000	0.0000	0.0000	0.0000	0.0000	0.0000	0.0000	0.0000	0.0000	0.0000	0.0000	0.0000	0.0000	0.0000	0.0232	0.0202	0.0030	0.0001	0.0001	0.0000	0.0231	0.0202	0.0030	0.0676	0.0323	0.0352	0.0000	0.0000	0.0000	0.0676	0.0323	0.0352
25	61	0.0193	3	2	0	1	0	0	0	1	0	0	1	2	1	0	0	0	0	0	0	Y	N	N	N	Y	N	N	N	N	N	N	N	N	N	N	N	N	N	0.0000	0.0000	0.0000	0.0000	0.0000	0.0000	0.0000	0.0000	0.0000	0.0000	0.0000	0.0000	0.0000	0.0000	0.0000	0.0000	0.0000	0.0000	0.0000	0.0000	0.0000	0.0000	0.0000	0.0000	0.0000	0.0000	0.0000			0.0000	0.0000	1.0000	0.0000	3.0001	0.0000	0.0000	0.0000	0.0000	0.0000	0.0000	0.0000	0.0000	0.0000	0.0000	0.0000	0.0000	0.0000	0.0000	0.0000	0.0000	0.0000	0.0000	0.0000	0.0000	0.0000	0.0000	0.0000	0.0000	0.0000	0.0000	0.0000	0.0000	0.0000	0.0000	0.0000	0.0000	0.0000	0.0000	0.0000	0.0000	0.0000
25	68	0.1699	17	2	0	1	0	0	0	1	0	0	1	1	1	0	0	0	0	0	0	Y	N	N	N	N	N	N	N	N	N	N	N	N	N	N	N	N	N	0.0000	0.0000	0.0000	0.0000	0.0000	0.0000	0.0000	0.0000	0.0000	0.0000	0.0000	0.0000	0.0000	0.0000	0.0000	0.0000	0.0000	0.0000	19.0124	0.0000	44.3419	0.0327	0.0000	0.2293	23.1907	0.0000	47.1621		inf	0.0000	0.3799	1.0000	1.4193	3.0001	5.2011	0.0000	0.0000	0.0000	0.0000	0.0000	0.0000	0.0000	0.0000	0.0000	0.9976	0.0000	0.9976	0.0003	0.0000	0.0003	0.9973	0.0000	0.9973	0.0243	0.0215	0.0028	0.0059	0.0058	0.0001	0.0184	0.0157	0.0027	0.0525	0.0300	0.0225	0.0095	0.0081	0.0014	0.0430	0.0219	0.0211
25	69	0.1198	16	2	0	1	0	1	0	1	0	0	0	1	0	0	0	0	0	0	0	Y	N	N	N	N	N	N	N	N	N	N	N	N	N	N	N	N	N	0.0000	0.0000	0.0000	0.0000	0.0000	0.0000	0.0000	0.0000	0.0000	0.0000	0.0000	0.0000	0.0000	0.0000	0.0000	0.0000	0.0000	0.0000	10.6059	0.0063	22.3698	0.0111	0.0002	0.0594	12.0021	0.0076	23.4224		3207.9000	0.0000	0.3811	1.0000	9.3928	3.0001	3.6523	0.0000	0.0000	0.0000	0.0000	0.0000	0.0000	0.0000	0.0000	0.0000	1.0014	0.0003	1.0011	0.0001	0.0000	0.0001	1.0013	0.0003	1.0010	0.1063	0.0934	0.0129	0.0063	0.0060	0.0003	0.1000	0.0874	0.0126	0.0944	0.0497	0.0448	0.0110	0.0090	0.0020	0.0834	0.0407	0.0427
25	74	0.0193	4	2	0	1	0	0	0	1	0	0	0	2	0	0	0	0	0	0	0	Y	N	N	N	Y	N	N	N	N	N	N	N	N	N	N	N	N	N	0.0000	0.0000	0.0000	0.0000	0.0000	0.0000	0.0000	0.0000	0.0000	0.0000	0.0000	0.0000	0.0000	0.0000	0.0000	0.0000	0.0000	0.0000	0.0029	0.0055	0.0006	0.0044	0.0044	0.0000	0.0029	0.0055	0.0006		0.1111	0.0000	-0.0001	1.0000	3.9277	3.0001	0.5227	0.0000	0.0000	0.0000	0.0000	0.0000	0.0000	0.0000	0.0000	0.0000	0.0001	0.0001	0.0000	0.0000	0.0000	0.0000	0.0001	0.0001	0.0000	0.0450	0.0393	0.0057	0.0002	0.0001	0.0000	0.0449	0.0392	0.0057	0.0342	0.0164	0.0179	0.0000	0.0000	0.0000	0.0342	0.0164	0.0179
25	75	0.0193	3	2	0	1	0	0	0	1	0	0	0	2	0	0	0	0	0	0	0	Y	N	N	N	Y	N	N	N	N	N	N	N	N	N	N	N	N	N	0.0000	0.0000	0.0000	0.0000	0.0000	0.0000	0.0000	0.0000	0.0000	0.0000	0.0000	0.0000	0.0000	0.0000	0.0000	0.0000	0.0000	0.0000	0.0000	0.0000	0.0000	0.0000	0.0000	0.0000	0.0000	0.0000	0.0000			0.0000	0.0000	1.0000	0.0009	3.0001	0.0000	0.0000	0.0000	0.0000	0.0000	0.0000	0.0000	0.0000	0.0000	0.0000	0.0000	0.0000	0.0000	0.0000	0.0000	0.0000	0.0000	0.0000	0.0000	0.0000	0.0000	0.0000	0.0000	0.0000	0.0000	0.0000	0.0000	0.0000	0.0000	0.0000	0.0000	0.0000	0.0000	0.0000	0.0000	0.0000	0.0000
25	76	0.0161	2	2	0	1	0	0	0	1	0	0	0	2	0	0	0	0	0	0	0	Y	N	N	N	Y	N	N	N	N	N	N	N	N	N	N	N	N	N	0.0000	0.0000	0.0000	0.0000	0.0000	0.0000	0.0000	0.0000	0.0000	0.0000	0.0000	0.0000	0.0000	0.0000	0.0000	0.0000	0.0000	0.0000	0.0000	0.0000	0.0000	0.0000	0.0000	0.0000	0.0000	0.0000	0.0000			0.0000	0.0000	1.0000	1.0000	3.0001	0.0000	0.0000	0.0000	0.0000	0.0000	0.0000	0.0000	0.0000	0.0000	0.0000	0.0000	0.0000	0.0000	0.0000	0.0000	0.0000	0.0000	0.0000	0.0000	0.0117	0.0102	0.0015	0.0000	0.0000	0.0000	0.0117	0.0102	0.0015	0.0079	0.0038	0.0041	0.0000	0.0000	0.0000	0.0079	0.0038	0.0041
25	77	0.0605	9	2	0	1	0	1	0	1	0	0	0	1	0	0	0	0	0	0	0	Y	N	N	N	N	N	N	N	N	N	N	N	N	N	N	N	N	N	0.0000	0.0000	0.0000	0.0000	0.0000	0.0000	0.0000	0.0000	0.0000	0.0000	0.0000	0.0000	0.0000	0.0000	0.0000	0.0000	0.0000	0.0000	18.3879	0.0000	36.5244	0.0233	0.0000	0.1760	18.6820	0.0000	36.6759		inf	0.0000	0.3808	1.0000	3.3326	3.0001	4.0108	0.0000	0.0000	0.0000	0.0000	0.0000	0.0000	0.0000	0.0000	0.0000	0.9999	0.0000	0.9999	0.0000	0.0000	0.0000	0.9999	0.0000	0.9999	0.0411	0.0361	0.0051	0.0021	0.0021	0.0000	0.0391	0.0340	0.0050	0.0544	0.0270	0.0274	0.0009	0.0007	0.0001	0.0535	0.0263	0.0273
25	79	0.0452	8	2	0	1	0	0	0	1	0	0	0	2	1	0	0	0	0	0	0	Y	N	N	N	Y	N	N	N	N	N	N	N	N	N	N	N	N	N	2646.4409	0.0000	inf	0.0000	0.0000	0.0000	inf	0.0000	inf	0.0007	0.0000	0.0059	0.0000	0.0000	0.0000	0.0009	0.0000	0.0059	0.0000	0.0000	0.0000	0.0000	0.0000	0.0000	0.0000	0.0000	0.0000	inf	0.0000	0.0000	-0.0000	1.0000	0.0001	3.0001	1.0072	0.0000	0.0000	0.0000	0.0000	0.0000	0.0000	0.0000	0.0000	0.0000	0.0000	0.0000	0.0000	0.0000	0.0000	0.0000	0.0000	0.0000	0.0000	0.0000	0.0000	0.0000	0.0000	0.0000	0.0000	0.0000	0.0000	0.0000	0.0078	0.0038	0.0040	0.0002	0.0002	0.0000	0.0076	0.0037	0.0040
25	80	0.0355	7	2	0	1	0	0	0	1	0	0	0	2	1	0	0	0	0	0	0	Y	N	N	N	Y	N	N	N	N	N	N	N	N	N	N	N	N	N	inf	0.0000	inf	0.0000	0.0000	0.0000	inf	0.0000	inf	0.0017	0.0000	0.0133	0.0000	0.0000	0.0000	0.0017	0.0000	0.0135	0.0000	0.0000	0.0000	0.0000	0.0000	0.0000	0.0000	0.0000	0.0000	inf		0.0000	0.0000	1.0000	1.0058	3.0001	1.9973	0.0000	0.0000	0.0000	0.0000	0.0000	0.0000	0.0000	0.0000	0.0000	0.0000	0.0000	0.0000	0.0000	0.0000	0.0000	0.0000	0.0000	0.0000	0.0120	0.0105	0.0015	0.0004	0.0003	0.0000	0.0116	0.0101	0.0015	0.0232	0.0113	0.0119	0.0005	0.0004	0.0001	0.0226	0.0109	0.0118
25	83	0.0355	7	2	0	1	0	0	0	1	0	0	0	2	1	0	0	0	0	0	0	Y	N	N	N	Y	N	N	N	N	N	N	N	N	N	N	N	N	N	inf	inf	0.0000	inf	inf	0.0000	0.0000	0.0000	0.0000	0.0000	0.0000	0.0000	0.0000	0.0000	0.0000	0.0000	0.0000	0.0000	0.0000	0.0000	0.0000	0.0000	0.0000	0.0000	0.0000	0.0000	0.0000	0.0000		-0.0000	0.0000	1.0000	5.0069	3.0001	6.0103	0.0000	0.0000	0.0000	0.0000	0.0000	0.0000	0.0000	0.0000	0.0000	0.0000	0.0000	0.0000	0.0000	0.0000	0.0000	0.0000	0.0000	0.0000	0.0576	0.0504	0.0072	0.0015	0.0014	0.0001	0.0561	0.0490	0.0071	0.0807	0.0392	0.0414	0.0015	0.0011	0.0004	0.0792	0.0381	0.0410
25	84	0.0290	6	2	0	1	0	0	0	1	0	1	1	2	1	0	0	0	0	0	0	Y	N	N	N	Y	N	N	N	N	N	N	N	N	N	N	N	N	N	2.4664	0.0000	10.1395	0.0000	0.0000	0.0000	2.4830	0.0000	10.0808	0.0000	0.0000	0.0000	0.0000	0.0000	0.0000	0.0000	0.0000	0.0000	0.0000	0.0000	0.0000	0.0000	0.0000	0.0000	0.0000	0.0000	0.0000	inf	inf	0.0000	0.0000	1.0000	1.9932	3.0001	0.0278	0.0000	0.0000	0.0000	0.0000	0.0000	0.0000	0.0000	0.0000	0.0000	0.0000	0.0000	0.0000	0.0000	0.0000	0.0000	0.0000	0.0000	0.0000	0.0233	0.0203	0.0030	0.0002	0.0002	0.0000	0.0230	0.0201	0.0029	0.0161	0.0079	0.0082	0.0004	0.0004	0.0001	0.0157	0.0075	0.0081
25	91	0.0982	12	2	0	1	0	0	0	1	0	0	0	1	0	0	0	0	0	0	0	Y	N	N	N	N	N	N	N	N	N	N	N	N	N	N	N	N	N	0.0000	0.0000	0.0000	0.0000	0.0000	0.0000	0.0000	0.0000	0.0000	0.0000	0.0000	0.0000	0.0000	0.0000	0.0000	0.0000	0.0000	0.0000	0.0042	0.0064	0.0011	0.0000	0.0000	0.0000	0.0052	0.0097	0.0011		0.1235	0.0000	-0.0001	1.0000	1.5872	3.0001	4.4746	0.0000	0.0000	0.0000	0.0000	0.0000	0.0000	0.0000	0.0000	0.0000	0.0003	0.0002	0.0000	0.0000	0.0000	0.0000	0.0003	0.0002	0.0000	0.0185	0.0162	0.0023	0.0009	0.0008	0.0000	0.0176	0.0154	0.0023	0.0647	0.0373	0.0274	0.0132	0.0124	0.0008	0.0514	0.0248	0.0266
25	92	0.0292	3	2	0	1	1	0	0	1	1	0	0	2	1	0	0	0	0	0	0	Y	N	N	N	Y	N	N	N	N	N	N	N	N	N	N	N	N	N	0.0000	0.0000	0.0000	0.0000	0.0000	0.0000	0.0000	0.0000	0.0000	0.0000	0.0000	0.0000	0.0000	0.0000	0.0000	0.0000	0.0000	0.0000	0.0000	0.0000	0.0000	0.0001	0.0001	0.0000	0.0000	0.0000	0.0000		0.0000	0.0000	-0.0000	1.0000	1.0091	3.0001	1.9972	0.0000	0.0000	0.0000	0.0000	0.0000	0.0000	0.0000	0.0000	0.0000	0.0000	0.0000	0.0000	0.0000	0.0000	0.0000	0.0000	0.0000	0.0000	0.0119	0.0104	0.0015	0.0002	0.0002	0.0000	0.0117	0.0102	0.0015	0.0234	0.0113	0.0121	0.0004	0.0003	0.0001	0.0230	0.0111	0.0120
25	93	0.0129	2	2	0	1	0	0	0	1	0	0	1	2	1	0	0	0	0	0	0	Y	N	N	N	Y	N	N	N	N	N	N	N	N	N	N	N	N	N	0.0000	0.0000	0.0000	0.0000	0.0000	0.0000	0.0000	0.0000	0.0000	0.0000	0.0000	0.0000	0.0000	0.0000	0.0000	0.0000	0.0000	0.0000	0.0013	0.0027	0.0000	24.8222	24.9467	0.0000	0.0000	0.0000	0.0000		0.0000	0.0000	-0.0000	1.0000	2.0083	3.0001	3.0031	0.0000	0.0000	0.0000	0.0000	0.0000	0.0000	0.0000	0.0000	0.0000	0.0000	0.0000	0.0000	0.0000	0.0000	0.0000	0.0000	0.0000	0.0000	0.0233	0.0203	0.0030	0.0000	0.0000	0.0000	0.0233	0.0203	0.0030	0.0385	0.0184	0.0201	0.0000	0.0000	0.0000	0.0385	0.0184	0.0201
25	107	0.0226	5	2	0	1	0	0	0	1	0	0	0	1	0	0	0	0	0	0	0	Y	N	N	N	N	N	N	N	N	N	N	N	N	N	N	N	N	N	0.0000	0.0000	0.0000	0.0000	0.0000	0.0000	0.0000	0.0000	0.0000	0.0000	0.0000	0.0000	0.0000	0.0000	0.0000	0.0000	0.0000	0.0000	0.0000	0.0000	0.0000	0.0003	0.0003	0.0000	0.0000	0.0000	0.0000		0.0000	0.0000	-0.0000	1.0000	1.0015	3.0001	0.9989	0.0000	0.0000	0.0000	0.0000	0.0000	0.0000	0.0000	0.0000	0.0000	0.0000	0.0000	0.0000	0.0000	0.0000	0.0000	0.0000	0.0000	0.0000	0.0117	0.0102	0.0015	0.0001	0.0001	0.0000	0.0116	0.0102	0.0015	0.0156	0.0075	0.0081	0.0000	0.0000	0.0000	0.0156	0.0075	0.0081
25	108	0.0193	4	2	0	1	0	0	0	1	0	0	0	1	0	0	0	0	0	0	0	Y	N	N	N	N	N	N	N	N	N	N	N	N	N	N	N	N	N	0.0000	0.0000	0.0000	0.0000	0.0000	0.0000	0.0000	0.0000	0.0000	0.0000	0.0000	0.0000	0.0000	0.0000	0.0000	0.0000	0.0000	0.0000	0.0000	0.0000	0.0000	0.0000	0.0000	0.0000	0.0000	0.0000	0.0000		inf	0.0000	0.0000	1.0000	1.0004	3.0001	0.0020	0.0000	0.0000	0.0000	0.0000	0.0000	0.0000	0.0000	0.0000	0.0000	0.0000	0.0000	0.0000	0.0000	0.0000	0.0000	0.0000	0.0000	0.0000	0.0117	0.0102	0.0015	0.0001	0.0001	0.0000	0.0116	0.0101	0.0015	0.0078	0.0038	0.0041	0.0000	0.0000	0.0000	0.0078	0.0038	0.0041
25	112	0.0847	11	2	0	1	0	1	0	1	0	0	0	1	0	0	0	0	0	0	0	Y	N	N	N	N	N	N	N	N	N	N	N	N	N	N	N	N	N	0.0000	0.0000	0.0000	0.0000	0.0000	0.0000	0.0000	0.0000	0.0000	0.0000	0.0000	0.0000	0.0000	0.0000	0.0000	0.0000	0.0000	0.0000	0.0003	0.0005	0.0000	0.0013	0.0014	0.0000	0.0000	0.0000	0.0000		0.0065	0.0000	-0.0000	1.0000	3.0209	3.0001	2.2550	0.0000	0.0000	0.0000	0.0000	0.0000	0.0000	0.0000	0.0000	0.0000	0.0000	0.0000	0.0000	0.0000	0.0000	0.0000	0.0000	0.0000	0.0000	0.0354	0.0310	0.0044	0.0012	0.0012	0.0001	0.0342	0.0298	0.0044	0.0608	0.0357	0.0251	0.0134	0.0127	0.0007	0.0474	0.0230	0.0244
26	36	0.1440	13	2	0	1	0	0	0	0	0	0	1	0	1	0	0	0	0	0	0	Y	N	N	N	N	N	N	N	N	N	N	N	N	N	N	N	N	N	0.0000	0.0000	0.0000	0.0000	0.0000	0.0000	0.0000	0.0000	0.0000	0.0000	0.0000	0.0000	0.0000	0.0000	0.0000	0.0000	0.0000	0.0000	0.0000	0.0000	0.0000	0.0000	0.0000	0.0000	0.0000	0.0000	0.0000			0.0000	0.0000	1.9514	11.0150	1.5308	4.0316	0.0000	0.0000	0.0000	0.0000	0.0000	0.0000	0.0000	0.0000	0.0000	0.0000	0.0000	0.0000	0.0000	0.0000	0.0000	0.0000	0.0000	0.0000	0.2428	0.2148	0.0280	0.0304	0.0291	0.0013	0.2124	0.1857	0.0267	0.1199	0.0709	0.0490	0.0447	0.0339	0.0108	0.0752	0.0370	0.0382
26	38	0.0767	12	2	0	1	1	0	0	0	1	0	1	1	1	0	0	0	0	0	0	Y	N	N	N	N	N	N	N	N	N	N	N	N	N	N	N	N	N	624.5754	443.4261	0.0000	26.7642	26.8289	0.0000	1643.6413	929.7345	0.0000	2.5203	2.9758	0.0000	0.1836	0.2341	0.0000	4.2040	4.7136	0.0000	0.0040	0.0067	0.0000	0.0069	0.0087	0.0000	0.0026	0.0051	0.0000	0.0000	0.0000	-0.1077	-0.0001	1.9514	3.1237	1.5308	0.5096	0.4665	0.4665	0.0000	0.0142	0.0142	0.0000	0.4522	0.4522	0.0000	0.0001	0.0001	0.0000	0.0001	0.0001	0.0000	0.0001	0.0001	0.0000	0.1851	0.1568	0.0283	0.0775	0.0608	0.0167	0.1076	0.0959	0.0116	0.0369	0.0222	0.0147	0.0127	0.0100	0.0027	0.0242	0.0122	0.0120
26	43	0.0665	12	2	0	1	1	0	0	0	1	0	1	1	1	0	0	0	0	0	0	Y	N	N	N	N	N	N	N	N	N	N	N	N	N	N	N	N	N	0.0000	0.0000	0.0000	0.0000	0.0000	0.0000	0.0000	0.0000	0.0000	0.0000	0.0000	0.0000	0.0000	0.0000	0.0000	0.0000	0.0000	0.0000	0.0000	0.0000	0.0000	0.0000	0.0000	0.0000	0.0000	0.0000	0.0000			0.0000	0.0000	1.9514	2.9999	1.5308	0.9999	0.0000	0.0000	0.0000	0.0000	0.0000	0.0000	0.0000	0.0000	0.0000	0.0000	0.0000	0.0000	0.0000	0.0000	0.0000	0.0000	0.0000	0.0000	0.0835	0.0737	0.0098	0.0082	0.0081	0.0001	0.0753	0.0656	0.0097	0.0379	0.0215	0.0164	0.0120	0.0091	0.0029	0.0260	0.0125	0.0135
26	44	0.0617	11	2	0	1	0	0	0	0	0	0	0	1	0	0	0	0	0	0	0	Y	N	N	N	N	N	N	N	N	N	N	N	N	N	N	N	N	N	0.0000	0.0000	0.0000	0.0000	0.0000	0.0000	0.0000	0.0000	0.0000	0.0000	0.0000	0.0000	0.0000	0.0000	0.0000	0.0000	0.0000	0.0000	0.0017	0.0020	0.0013	0.0058	0.0051	0.0079	0.0001	0.0001	0.0000		0.5000	0.0000	-0.0000	1.9514	1.0020	1.5308	0.0022	0.0000	0.0000	0.0000	0.0000	0.0000	0.0000	0.0000	0.0000	0.0000	0.0000	0.0000	0.0000	0.0000	0.0000	0.0000	0.0000	0.0000	0.0000	0.0241	0.0211	0.0030	0.0010	0.0010	0.0000	0.0231	0.0201	0.0029	0.0092	0.0052	0.0040	0.0027	0.0020	0.0006	0.0066	0.0032	0.0034
26	45	0.0617	11	2	0	1	0	0	0	0	0	0	0	1	1	0	0	0	0	0	0	Y	N	N	N	N	N	N	N	N	N	N	N	N	N	N	N	N	N	0.0000	0.0000	0.0000	0.0000	0.0000	0.0000	0.0000	0.0000	0.0000	0.0000	0.0000	0.0000	0.0000	0.0000	0.0000	0.0000	0.0000	0.0000	0.0000	0.0000	0.0000	0.0000	0.0000	0.0000	0.0000	0.0000	0.0000			0.0000	0.0000	1.9514	4.0000	1.5308	1.0000	0.0000	0.0000	0.0000	0.0000	0.0000	0.0000	0.0000	0.0000	0.0000	0.0000	0.0000	0.0000	0.0000	0.0000	0.0000	0.0000	0.0000	0.0000	0.0944	0.0829	0.0116	0.0040	0.0039	0.0001	0.0904	0.0789	0.0115	0.0450	0.0254	0.0195	0.0129	0.0098	0.0031	0.0321	0.0157	0.0164
26	46	0.1086	10	2	0	1	0	0	0	0	0	0	1	0	1	0	0	0	0	0	0	Y	N	N	N	N	N	N	N	N	N	N	N	N	N	N	N	N	N	0.0000	0.0000	0.0000	0.0000	0.0000	0.0000	0.0000	0.0000	0.0000	0.0000	0.0000	0.0000	0.0000	0.0000	0.0000	0.0000	0.0000	0.0000	0.0000	0.0000	0.0000	0.0000	0.0000	0.0000	0.0000	0.0000	0.0000			0.0000	0.0000	1.9514	0.0007	1.5308	1.0103	0.0000	0.0000	0.0000	0.0000	0.0000	0.0000	0.0000	0.0000	0.0000	0.0000	0.0000	0.0000	0.0000	0.0000	0.0000	0.0000	0.0000	0.0000	0.0001	0.0001	0.0000	0.0000	0.0000	0.0000	0.0000	0.0000	0.0000	0.0222	0.0159	0.0063	0.0100	0.0091	0.0009	0.0122	0.0068	0.0055
26	47	0.0736	9	2	0	1	0	1	0	0	0	0	0	0	0	0	0	0	0	0	0	Y	N	N	N	N	N	N	N	N	N	N	N	N	N	N	N	N	N	0.0234	0.0231	0.0000	0.0000	0.0000	0.0000	0.0863	0.4680	0.0000	0.0001	0.0001	0.0000	0.0000	0.0000	0.0000	0.0001	0.0001	0.0000	0.0025	0.0029	0.0020	0.0058	0.0060	0.0048	0.0007	0.0002	0.0013	0.0000	0.4686	-0.0000	-0.0001	1.9514	6.8097	1.5308	3.8431	0.0000	0.0000	0.0000	0.0000	0.0000	0.0000	0.0000	0.0000	0.0000	0.0002	0.0002	0.0001	0.0002	0.0002	0.0000	0.0000	0.0000	0.0000	0.1692	0.1493	0.0199	0.0130	0.0127	0.0004	0.1562	0.1366	0.0196	0.0957	0.0568	0.0390	0.0340	0.0265	0.0075	0.0617	0.0303	0.0315
26	49	0.1345	12	2	0	1	0	0	0	0	0	0	0	0	0	0	0	0	0	0	0	Y	N	N	N	N	N	N	N	N	N	N	N	N	N	N	N	N	N	0.0000	0.0000	0.0000	0.0000	0.0000	0.0000	0.0000	0.0000	0.0000	0.0000	0.0000	0.0000	0.0000	0.0000	0.0000	0.0000	0.0000	0.0000	0.0002	0.0003	0.0000	0.0000	0.0000	0.0000	0.0003	0.0005	0.0000		0.0000	0.0000	-0.0000	1.9514	1.6285	1.5308	1.0381	0.0000	0.0000	0.0000	0.0000	0.0000	0.0000	0.0000	0.0000	0.0000	0.0000	0.0000	0.0000	0.0000	0.0000	0.0000	0.0000	0.0000	0.0000	0.0546	0.0484	0.0063	0.0124	0.0122	0.0002	0.0423	0.0362	0.0061	0.0299	0.0196	0.0103	0.0120	0.0099	0.0021	0.0179	0.0097	0.0082
26	53	0.0779	12	2	0	1	0	0	0	0	0	0	0	1	1	0	0	0	0	0	0	Y	N	N	N	N	N	N	N	N	N	N	N	N	N	N	N	N	N	0.0000	0.0000	0.0000	0.0000	0.0000	0.0000	0.0000	0.0000	0.0000	0.0000	0.0000	0.0000	0.0000	0.0000	0.0000	0.0000	0.0000	0.0000	0.0000	0.0000	0.0000	0.0000	0.0000	0.0000	0.0000	0.0000	0.0000			0.0000	0.0000	1.9514	0.9921	1.5308	0.0076	0.0000	0.0000	0.0000	0.0000	0.0000	0.0000	0.0000	0.0000	0.0000	0.0000	0.0000	0.0000	0.0000	0.0000	0.0000	0.0000	0.0000	0.0000	0.0239	0.0210	0.0029	0.0014	0.0013	0.0000	0.0225	0.0197	0.0029	0.0093	0.0053	0.0040	0.0028	0.0021	0.0007	0.0065	0.0032	0.0033
26	60	0.0617	11	2	0	1	0	0	0	0	0	0	0	1	1	0	0	0	0	0	0	Y	N	N	N	N	N	N	N	N	N	N	N	N	N	N	N	N	N	0.0000	0.0000	0.0000	0.0000	0.0000	0.0000	0.0000	0.0000	0.0000	0.0000	0.0000	0.0000	0.0000	0.0000	0.0000	0.0000	0.0000	0.0000	0.0000	0.0000	0.0000	0.0000	0.0000	0.0000	0.0000	0.0000	0.0000			0.0000	0.0000	1.9514	2.0000	1.5308	7.0000	0.0000	0.0000	0.0000	0.0000	0.0000	0.0000	0.0000	0.0000	0.0000	0.0000	0.0000	0.0000	0.0000	0.0000	0.0000	0.0000	0.0000	0.0000	0.0478	0.0419	0.0059	0.0020	0.0020	0.0000	0.0458	0.0399	0.0058	0.0791	0.0447	0.0344	0.0226	0.0171	0.0055	0.0565	0.0276	0.0289
26	61	0.0616	10	2	0	1	0	0	0	0	0	0	1	1	1	0	0	0	0	0	0	Y	N	N	N	N	N	N	N	N	N	N	N	N	N	N	N	N	N	0.0000	0.0000	0.0000	0.0000	0.0000	0.0000	0.0000	0.0000	0.0000	0.0000	0.0000	0.0000	0.0000	0.0000	0.0000	0.0000	0.0000	0.0000	0.0000	0.0000	0.0000	0.0000	0.0000	0.0000	0.0000	0.0000	0.0000			0.0000	0.0000	1.9514	0.0000	1.5308	0.0000	0.0000	0.0000	0.0000	0.0000	0.0000	0.0000	0.0000	0.0000	0.0000	0.0000	0.0000	0.0000	0.0000	0.0000	0.0000	0.0000	0.0000	0.0000	0.0000	0.0000	0.0000	0.0000	0.0000	0.0000	0.0000	0.0000	0.0000	0.0000	0.0000	0.0000	0.0000	0.0000	0.0000	0.0000	0.0000	0.0000
26	68	0.1345	12	2	0	1	0	0	0	0	0	0	1	0	1	0	0	0	0	0	0	Y	N	N	N	N	N	N	N	N	N	N	N	N	N	N	N	N	N	0.0000	0.0000	0.0000	0.0000	0.0000	0.0000	0.0000	0.0000	0.0000	0.0000	0.0000	0.0000	0.0000	0.0000	0.0000	0.0000	0.0000	0.0000	0.0001	0.0001	0.0000	0.0000	0.0000	0.0000	0.0001	0.0003	0.0000		0.0000	0.0000	-0.0000	1.9514	1.4193	1.5308	5.2011	0.0000	0.0000	0.0000	0.0000	0.0000	0.0000	0.0000	0.0000	0.0000	0.0000	0.0000	0.0000	0.0000	0.0000	0.0000	0.0000	0.0000	0.0000	0.0498	0.0441	0.0057	0.0119	0.0117	0.0002	0.0379	0.0324	0.0056	0.0626	0.0387	0.0239	0.0241	0.0190	0.0051	0.0385	0.0197	0.0188
26	69	0.0844	11	2	0	1	0	1	0	0	0	0	0	0	0	0	0	0	0	0	0	Y	N	N	N	N	N	N	N	N	N	N	N	N	N	N	N	N	N	0.0000	0.0000	0.0000	0.0000	0.0000	0.0000	0.0000	0.0000	0.0000	0.0000	0.0000	0.0000	0.0000	0.0000	0.0000	0.0000	0.0000	0.0000	0.0001	0.0002	0.0000	0.0003	0.0003	0.0000	0.0001	0.0001	0.0000		0.0001	0.0000	-0.0000	1.9514	9.3928	1.5308	3.6523	0.0000	0.0000	0.0000	0.0000	0.0000	0.0000	0.0000	0.0000	0.0000	0.0000	0.0000	0.0000	0.0000	0.0000	0.0000	0.0000	0.0000	0.0000	0.2231	0.1966	0.0265	0.0151	0.0146	0.0005	0.2081	0.1820	0.0261	0.1143	0.0672	0.0471	0.0395	0.0304	0.0092	0.0748	0.0368	0.0380
26	74	0.0617	11	2	0	1	0	0	0	0	0	0	0	1	0	0	0	0	0	0	0	Y	N	N	N	N	N	N	N	N	N	N	N	N	N	N	N	N	N	1416.8605	1108.5929	68.7148	257.3435	242.0061	37.4686	35738.3369	24287.7744	1963.0698	5.2489	5.9674	0.1046	3.2236	3.2909	0.3444	5.3392	6.1011	0.1027	0.0037	0.0054	0.0015	0.0125	0.0136	0.0092	0.0001	0.0003	0.0001	0.0024	0.2174	-0.1112	-0.0001	1.9514	3.9277	1.5308	0.5227	0.4870	0.4858	0.0012	0.0128	0.0127	0.0000	0.4742	0.4730	0.0012	0.0001	0.0001	0.0000	0.0001	0.0001	0.0000	0.0000	0.0000	0.0000	0.0928	0.0814	0.0114	0.0040	0.0039	0.0001	0.0888	0.0775	0.0113	0.0402	0.0227	0.0175	0.0115	0.0087	0.0028	0.0286	0.0140	0.0146
26	75	0.0616	10	2	0	1	0	0	0	0	0	0	0	1	0	0	0	0	0	0	0	Y	N	N	N	N	N	N	N	N	N	N	N	N	N	N	N	N	N	0.0000	0.0000	0.0000	0.0000	0.0000	0.0000	0.0000	0.0000	0.0000	0.0000	0.0000	0.0000	0.0000	0.0000	0.0000	0.0000	0.0000	0.0000	0.0000	0.0000	0.0000	0.0000	0.0000	0.0000	0.0000	0.0000	0.0000			0.0000	0.0000	1.9514	0.0009	1.5308	0.0000	0.0000	0.0000	0.0000	0.0000	0.0000	0.0000	0.0000	0.0000	0.0000	0.0000	0.0000	0.0000	0.0000	0.0000	0.0000	0.0000	0.0000	0.0000	0.0000	0.0000	0.0000	0.0000	0.0000	0.0000	0.0000	0.0000	0.0000	0.0000	0.0000	0.0000	0.0000	0.0000	0.0000	0.0000	0.0000	0.0000
26	76	0.0584	9	2	0	1	0	0	0	0	0	0	0	1	0	0	0	0	0	0	0	Y	N	N	N	N	N	N	N	N	N	N	N	N	N	N	N	N	N	0.0000	0.0000	0.0000	0.0000	0.0000	0.0000	0.0000	0.0000	0.0000	0.0000	0.0000	0.0000	0.0000	0.0000	0.0000	0.0000	0.0000	0.0000	0.0000	0.0000	0.0000	0.0000	0.0000	0.0000	0.0000	0.0000	0.0000			0.0000	0.0000	1.9514	1.0000	1.5308	0.0000	0.0000	0.0000	0.0000	0.0000	0.0000	0.0000	0.0000	0.0000	0.0000	0.0000	0.0000	0.0000	0.0000	0.0000	0.0000	0.0000	0.0000	0.0000	0.0241	0.0211	0.0030	0.0010	0.0010	0.0000	0.0231	0.0201	0.0029	0.0092	0.0052	0.0040	0.0027	0.0020	0.0006	0.0066	0.0032	0.0034
26	77	0.0252	4	2	0	1	0	1	0	0	0	0	0	0	0	0	0	0	0	0	0	Y	N	N	N	N	N	N	N	N	N	N	N	N	N	N	N	N	N	1101.9926	0.0000	inf	161.3104	0.0000	inf	4225.0133	0.0000	inf	10.8880	0.0000	89.6889	4.5300	0.0000	455.5415	11.3159	0.0000	87.7893	0.0099	0.0174	0.0000	0.0281	0.0373	0.0000	0.0027	0.0054	0.0000	inf	0.0000	0.7308	-0.0004	1.9514	3.3326	1.5308	4.0108	0.9500	0.0000	0.9500	0.0249	0.0000	0.0249	0.9251	0.0000	0.9251	0.0007	0.0007	0.0000	0.0005	0.0005	0.0000	0.0001	0.0001	0.0000	0.0873	0.0767	0.0106	0.0055	0.0054	0.0001	0.0818	0.0712	0.0105	0.0672	0.0383	0.0290	0.0191	0.0143	0.0047	0.0482	0.0239	0.0243
26	79	0.0810	11	2	0	1	0	0	0	0	0	0	0	1	1	0	0	0	0	0	0	Y	N	N	N	N	N	N	N	N	N	N	N	N	N	N	N	N	N	0.0000	0.0000	0.0000	0.0000	0.0000	0.0000	0.0000	0.0000	0.0000	0.0000	0.0000	0.0000	0.0000	0.0000	0.0000	0.0000	0.0000	0.0000	0.0000	0.0000	0.0000	0.0000	0.0000	0.0000	0.0000	0.0000	0.0000			0.0000	0.0000	1.9514	0.0001	1.5308	1.0072	0.0000	0.0000	0.0000	0.0000	0.0000	0.0000	0.0000	0.0000	0.0000	0.0000	0.0000	0.0000	0.0000	0.0000	0.0000	0.0000	0.0000	0.0000	0.0000	0.0000	0.0000	0.0000	0.0000	0.0000	0.0000	0.0000	0.0000	0.0093	0.0054	0.0040	0.0029	0.0022	0.0007	0.0065	0.0032	0.0033
26	80	0.0713	10	2	0	1	0	0	0	0	0	0	0	1	1	0	0	0	0	0	0	Y	N	N	N	N	N	N	N	N	N	N	N	N	N	N	N	N	N	0.0000	0.0000	0.0000	0.0000	0.0000	0.0000	0.0000	0.0000	0.0000	0.0000	0.0000	0.0000	0.0000	0.0000	0.0000	0.0000	0.0000	0.0000	0.0000	0.0000	0.0000	0.0000	0.0000	0.0000	0.0000	0.0000	0.0000		0.0000	0.0000	-0.0000	1.9514	1.0058	1.5308	1.9973	0.0000	0.0000	0.0000	0.0000	0.0000	0.0000	0.0000	0.0000	0.0000	0.0000	0.0000	0.0000	0.0000	0.0000	0.0000	0.0000	0.0000	0.0000	0.0251	0.0220	0.0031	0.0014	0.0014	0.0001	0.0236	0.0206	0.0030	0.0276	0.0158	0.0118	0.0083	0.0063	0.0020	0.0192	0.0095	0.0098
26	83	0.0713	10	2	0	1	0	0	0	0	0	0	0	1	1	0	0	0	0	0	0	Y	N	N	N	N	N	N	N	N	N	N	N	N	N	N	N	N	N	0.0000	0.0000	0.0000	0.0000	0.0000	0.0000	0.0000	0.0000	0.0000	0.0000	0.0000	0.0000	0.0000	0.0000	0.0000	0.0000	0.0000	0.0000	0.0000	0.0000	0.0000	0.0000	0.0000	0.0000	0.0000	0.0000	0.0000		0.0000	0.0000	-0.0000	1.9514	5.0069	1.5308	6.0103	0.0000	0.0000	0.0000	0.0000	0.0000	0.0000	0.0000	0.0000	0.0000	0.0000	0.0000	0.0000	0.0000	0.0000	0.0000	0.0000	0.0000	0.0000	0.1206	0.1059	0.0147	0.0064	0.0061	0.0003	0.1143	0.0998	0.0144	0.0959	0.0549	0.0410	0.0286	0.0217	0.0070	0.0673	0.0332	0.0341
26	84	0.0649	9	2	0	1	0	0	0	0	0	1	1	1	1	0	0	0	0	0	0	Y	N	N	N	N	N	N	N	N	N	N	N	N	N	N	N	N	N	179.1021	121.5389	0.0000	1478.0494	1148.0199	0.0000	0.0000	0.0000	0.0000	0.0004	0.0004	0.0000	0.0104	0.0106	0.0000	0.0000	0.0000	0.0000	0.0000	0.0000	0.0000	0.0000	0.0000	0.0000	0.0000	0.0000	0.0000	0.0000	0.0375	-0.0000	-0.0000	1.9514	1.9932	1.5308	0.0278	0.0000	0.0000	0.0000	0.0000	0.0000	0.0000	0.0000	0.0000	0.0000	0.0000	0.0000	0.0000	0.0000	0.0000	0.0000	0.0000	0.0000	0.0000	0.0488	0.0428	0.0060	0.0018	0.0018	0.0000	0.0469	0.0410	0.0060	0.0191	0.0109	0.0081	0.0057	0.0043	0.0014	0.0133	0.0066	0.0068
26	91	0.0628	7	2	0	1	0	0	0	0	0	0	0	0	0	0	0	0	0	0	0	Y	N	N	N	N	N	N	N	N	N	N	N	N	N	N	N	N	N	0.0000	0.0000	0.0000	0.0000	0.0000	0.0000	0.0000	0.0000	0.0000	0.0000	0.0000	0.0000	0.0000	0.0000	0.0000	0.0000	0.0000	0.0000	0.0628	0.0115	0.1440	0.1636	0.0223	0.8725	0.0051	0.0010	0.0090		7.8724	0.0000	0.0012	1.9514	1.5872	1.5308	4.4746	0.0000	0.0000	0.0000	0.0000	0.0000	0.0000	0.0000	0.0000	0.0000	0.0045	0.0005	0.0040	0.0043	0.0005	0.0038	0.0002	0.0000	0.0002	0.0389	0.0341	0.0048	0.0021	0.0020	0.0001	0.0368	0.0321	0.0047	0.0720	0.0441	0.0278	0.0262	0.0218	0.0044	0.0458	0.0223	0.0235
26	92	0.0779	12	2	0	1	1	0	0	0	1	0	0	1	1	0	0	0	0	0	0	Y	N	N	N	N	N	N	N	N	N	N	N	N	N	N	N	N	N	0.0000	0.0000	0.0000	0.0000	0.0000	0.0000	0.0000	0.0000	0.0000	0.0000	0.0000	0.0000	0.0000	0.0000	0.0000	0.0000	0.0000	0.0000	0.0000	0.0000	0.0000	0.0000	0.0000	0.0000	0.0000	0.0000	0.0000			0.0000	0.0000	1.9514	1.0091	1.5308	1.9972	0.0000	0.0000	0.0000	0.0000	0.0000	0.0000	0.0000	0.0000	0.0000	0.0000	0.0000	0.0000	0.0000	0.0000	0.0000	0.0000	0.0000	0.0000	0.0243	0.0214	0.0030	0.0014	0.0014	0.0000	0.0229	0.0200	0.0029	0.0274	0.0156	0.0119	0.0081	0.0061	0.0020	0.0193	0.0094	0.0099
26	93	0.0616	11	2	0	1	0	0	0	0	0	0	1	1	1	0	0	0	0	0	0	Y	N	N	N	N	N	N	N	N	N	N	N	N	N	N	N	N	N	0.0000	0.0000	0.0000	0.0000	0.0000	0.0000	0.0000	0.0000	0.0000	0.0000	0.0000	0.0000	0.0000	0.0000	0.0000	0.0000	0.0000	0.0000	0.0000	0.0000	0.0000	0.0000	0.0000	0.0000	0.0000	0.0000	0.0000			0.0000	0.0000	1.9514	2.0083	1.5308	3.0031	0.0000	0.0000	0.0000	0.0000	0.0000	0.0000	0.0000	0.0000	0.0000	0.0000	0.0000	0.0000	0.0000	0.0000	0.0000	0.0000	0.0000	0.0000	0.0478	0.0419	0.0059	0.0021	0.0020	0.0000	0.0457	0.0399	0.0058	0.0451	0.0255	0.0196	0.0129	0.0098	0.0031	0.0322	0.0157	0.0165
26	94	0.0616	10	2	0	1	0	0	0	0	0	0	0	1	0	0	0	0	0	0	0	Y	N	N	N	N	N	N	N	N	N	N	N	N	N	N	N	N	N	0.0000	0.0000	0.0000	0.0000	0.0000	0.0000	0.0000	0.0000	0.0000	0.0000	0.0000	0.0000	0.0000	0.0000	0.0000	0.0000	0.0000	0.0000	0.0000	0.0000	0.0000	0.0000	0.0000	0.0000	0.0000	0.0000	0.0000			0.0000	0.0000	1.9514	0.0000	1.5308	0.0002	0.0000	0.0000	0.0000	0.0000	0.0000	0.0000	0.0000	0.0000	0.0000	0.0000	0.0000	0.0000	0.0000	0.0000	0.0000	0.0000	0.0000	0.0000	0.0000	0.0000	0.0000	0.0000	0.0000	0.0000	0.0000	0.0000	0.0000	0.0000	0.0000	0.0000	0.0000	0.0000	0.0000	0.0000	0.0000	0.0000
26	95	0.0584	9	2	0	1	0	0	0	0	0	0	0	1	0	0	0	0	0	0	0	Y	N	N	N	N	N	N	N	N	N	N	N	N	N	N	N	N	N	0.0000	0.0000	0.0000	0.0000	0.0000	0.0000	0.0000	0.0000	0.0000	0.0000	0.0000	0.0000	0.0000	0.0000	0.0000	0.0000	0.0000	0.0000	0.0000	0.0000	0.0000	0.0000	0.0000	0.0000	0.0000	0.0000	0.0000			0.0000	0.0000	1.9514	1.0000	1.5308	0.0001	0.0000	0.0000	0.0000	0.0000	0.0000	0.0000	0.0000	0.0000	0.0000	0.0000	0.0000	0.0000	0.0000	0.0000	0.0000	0.0000	0.0000	0.0000	0.0241	0.0211	0.0030	0.0010	0.0010	0.0000	0.0231	0.0201	0.0029	0.0092	0.0052	0.0040	0.0027	0.0020	0.0006	0.0066	0.0032	0.0034
26	96	0.0584	8	2	0	1	0	0	0	0	0	1	0	1	0	0	0	0	0	0	0	Y	N	N	N	N	N	N	N	N	N	N	N	N	N	N	N	N	N	0.0000	0.0000	0.0000	0.0000	0.0000	0.0000	0.0000	0.0000	0.0000	0.0000	0.0000	0.0000	0.0000	0.0000	0.0000	0.0000	0.0000	0.0000	0.0000	0.0000	0.0000	0.0000	0.0000	0.0000	0.0000	0.0000	0.0000			0.0000	0.0000	1.9514	0.0000	1.5308	0.0001	0.0000	0.0000	0.0000	0.0000	0.0000	0.0000	0.0000	0.0000	0.0000	0.0000	0.0000	0.0000	0.0000	0.0000	0.0000	0.0000	0.0000	0.0000	0.0000	0.0000	0.0000	0.0000	0.0000	0.0000	0.0000	0.0000	0.0000	0.0000	0.0000	0.0000	0.0000	0.0000	0.0000	0.0000	0.0000	0.0000
26	97	0.0552	7	2	0	1	0	0	0	0	0	0	0	0	0	0	0	0	0	0	0	Y	N	N	N	N	N	N	N	N	N	N	N	N	N	N	N	N	N	inf	inf	0.0000	inf	inf	0.0000	0.0000	0.0000	0.0000	0.0000	0.0000	0.0000	0.0000	0.0000	0.0000	0.0000	0.0000	0.0000	0.0000	0.0000	0.0000	0.0000	0.0000	0.0000	0.0000	0.0000	0.0000	0.0000		-0.0000	0.0000	1.9514	0.9999	1.5308	0.0008	0.0000	0.0000	0.0000	0.0000	0.0000	0.0000	0.0000	0.0000	0.0000	0.0000	0.0000	0.0000	0.0000	0.0000	0.0000	0.0000	0.0000	0.0000	0.0245	0.0215	0.0030	0.0009	0.0009	0.0000	0.0236	0.0206	0.0030	0.0093	0.0053	0.0040	0.0027	0.0020	0.0006	0.0066	0.0033	0.0034
26	107	0.0584	8	2	0	1	0	0	0	0	0	0	0	0	0	0	0	0	0	0	0	Y	N	N	N	N	N	N	N	N	N	N	N	N	N	N	N	N	N	358.0577	inf	0.0000	inf	inf	0.0000	258.8660	inf	0.0000	0.0008	0.0009	0.0000	0.0005	0.0006	0.0000	0.0008	0.0009	0.0000	0.0000	0.0000	0.0000	0.0000	0.0000	0.0000	0.0000	0.0000	0.0000	0.0000	inf	-0.0000	0.0000	1.9514	1.0015	1.5308	0.9989	0.0000	0.0000	0.0000	0.0000	0.0000	0.0000	0.0000	0.0000	0.0000	0.0000	0.0000	0.0000	0.0000	0.0000	0.0000	0.0000	0.0000	0.0000	0.0246	0.0215	0.0030	0.0009	0.0009	0.0000	0.0237	0.0206	0.0030	0.0185	0.0105	0.0080	0.0053	0.0040	0.0013	0.0132	0.0065	0.0067
26	108	0.0552	7	2	0	1	0	0	0	0	0	0	0	0	0	0	0	0	0	0	0	Y	N	N	N	N	N	N	N	N	N	N	N	N	N	N	N	N	N	inf	inf	0.0000	inf	inf	0.0000	0.0000	0.0000	0.0000	0.0000	0.0000	0.0000	0.0000	0.0000	0.0000	0.0000	0.0000	0.0000	0.0000	0.0000	0.0000	0.0000	0.0000	0.0000	0.0000	0.0000	0.0000	0.0000		-0.0000	0.0000	1.9514	1.0004	1.5308	0.0020	0.0000	0.0000	0.0000	0.0000	0.0000	0.0000	0.0000	0.0000	0.0000	0.0000	0.0000	0.0000	0.0000	0.0000	0.0000	0.0000	0.0000	0.0000	0.0245	0.0215	0.0030	0.0009	0.0009	0.0000	0.0236	0.0206	0.0030	0.0093	0.0053	0.0040	0.0027	0.0020	0.0006	0.0067	0.0033	0.0034
26	109	0.0292	6	2	0	1	0	1	0	0	0	0	0	0	0	0	0	0	0	0	0	Y	N	N	N	N	N	N	N	N	N	N	N	N	N	N	N	N	N	inf	inf	0.0000	inf	inf	0.0000	0.0000	0.0000	0.0000	0.0007	0.0008	0.0000	0.0208	0.0212	0.0000	0.0000	0.0000	0.0000	0.0000	0.0000	0.0000	0.0000	0.0000	0.0000	0.0000	0.0000	0.0000	0.0000		-0.0000	0.0000	1.9514	3.0035	1.5308	5.0043	0.0000	0.0000	0.0000	0.0000	0.0000	0.0000	0.0000	0.0000	0.0000	0.0000	0.0000	0.0000	0.0000	0.0000	0.0000	0.0000	0.0000	0.0000	0.0726	0.0637	0.0090	0.0024	0.0024	0.0000	0.0702	0.0613	0.0089	0.0715	0.0403	0.0312	0.0196	0.0148	0.0048	0.0519	0.0256	0.0264
26	112	0.0494	6	2	0	1	0	1	0	0	0	0	0	0	0	0	0	0	0	0	0	Y	N	N	N	N	N	N	N	N	N	N	N	N	N	N	N	N	N	0.0000	0.0000	0.0000	0.0000	0.0000	0.0000	0.0000	0.0000	0.0000	0.0000	0.0000	0.0000	0.0000	0.0000	0.0000	0.0000	0.0000	0.0000	0.0017	0.0010	0.0027	0.0043	0.0018	0.0177	0.0002	0.0003	0.0001		1.6251	0.0000	-0.0000	1.9514	3.0209	1.5308	2.2550	0.0000	0.0000	0.0000	0.0000	0.0000	0.0000	0.0000	0.0000	0.0000	0.0001	0.0000	0.0001	0.0001	0.0000	0.0001	0.0000	0.0000	0.0000	0.0745	0.0653	0.0091	0.0032	0.0031	0.0001	0.0713	0.0622	0.0091	0.0665	0.0412	0.0253	0.0244	0.0207	0.0038	0.0421	0.0206	0.0215
27	36	0.1348	12	2	0	1	0	1	0	1	0	0	1	0	1	0	0	0	0	0	0	Y	N	N	N	N	N	N	N	N	N	N	N	N	N	N	N	N	N	0.0000	0.0000	0.0000	0.0000	0.0000	0.0000	0.0000	0.0000	0.0000	0.0000	0.0000	0.0000	0.0000	0.0000	0.0000	0.0000	0.0000	0.0000	0.0000	0.0000	0.0000	0.0000	0.0000	0.0000	0.0000	0.0000	0.0000		inf	0.0000	0.0000	0.0905	11.0150	0.5221	4.0316	0.0000	0.0000	0.0000	0.0000	0.0000	0.0000	0.0000	0.0000	0.0000	0.0000	0.0000	0.0000	0.0000	0.0000	0.0000	0.0000	0.0000	0.0000	0.0144	0.0129	0.0015	0.0029	0.0029	0.0001	0.0115	0.0100	0.0014	0.0509	0.0347	0.0161	0.0363	0.0273	0.0090	0.0146	0.0074	0.0072
27	38	0.0675	11	2	0	1	1	1	0	1	1	0	1	1	1	0	0	0	0	0	0	Y	N	N	N	N	N	N	N	N	N	N	N	N	N	N	N	N	N	194.2284	173.7997	2.2003	61.9487	68.3190	0.0454	430.6294	248.1539	27.4235	1.7983	2.2743	0.0019	0.5789	0.8186	0.0000	3.9002	4.1741	0.0161	0.0093	0.0131	0.0009	0.0093	0.0120	0.0011	0.0091	0.0168	0.0006	0.0002	0.0301	-0.0102	-0.0001	0.0905	3.1237	0.5221	0.5096	0.0443	0.0443	0.0000	0.0090	0.0090	0.0000	0.0353	0.0353	0.0000	0.0001	0.0001	0.0000	0.0001	0.0001	0.0000	0.0000	0.0000	0.0000	0.0246	0.0195	0.0052	0.0156	0.0110	0.0046	0.0090	0.0084	0.0006	0.0156	0.0107	0.0049	0.0109	0.0083	0.0026	0.0047	0.0024	0.0022
27	43	0.0573	11	2	0	1	1	1	0	1	1	0	1	1	1	0	0	0	0	0	0	Y	N	N	N	N	N	N	N	N	N	N	N	N	N	N	N	N	N	0.0000	0.0000	0.0000	0.0000	0.0000	0.0000	0.0000	0.0000	0.0000	0.0000	0.0000	0.0000	0.0000	0.0000	0.0000	0.0000	0.0000	0.0000	0.0000	0.0000	0.0000	0.0000	0.0000	0.0000	0.0000	0.0000	0.0000			0.0000	0.0000	0.0905	2.9999	0.5221	0.9999	0.0000	0.0000	0.0000	0.0000	0.0000	0.0000	0.0000	0.0000	0.0000	0.0000	0.0000	0.0000	0.0000	0.0000	0.0000	0.0000	0.0000	0.0000	0.0049	0.0044	0.0005	0.0009	0.0009	0.0000	0.0040	0.0035	0.0005	0.0165	0.0111	0.0054	0.0115	0.0086	0.0029	0.0050	0.0025	0.0025
27	44	0.0524	10	2	0	1	0	1	0	1	0	0	0	1	0	0	0	0	0	0	0	Y	N	N	N	N	N	N	N	N	N	N	N	N	N	N	N	N	N	0.0000	0.0000	0.0000	0.0000	0.0000	0.0000	0.0000	0.0000	0.0000	0.0000	0.0000	0.0000	0.0000	0.0000	0.0000	0.0000	0.0000	0.0000	0.0040	0.0041	0.0040	0.0058	0.0053	0.0076	0.0004	0.0005	0.0003		0.4792	0.0000	-0.0000	0.0905	1.0020	0.5221	0.0022	0.0000	0.0000	0.0000	0.0000	0.0000	0.0000	0.0000	0.0000	0.0000	0.0000	0.0000	0.0000	0.0000	0.0000	0.0000	0.0000	0.0000	0.0000	0.0014	0.0013	0.0002	0.0002	0.0002	0.0000	0.0012	0.0011	0.0002	0.0038	0.0026	0.0013	0.0026	0.0019	0.0006	0.0013	0.0006	0.0006
27	45	0.0524	10	2	0	1	0	1	0	1	0	0	0	1	1	0	0	0	0	0	0	Y	N	N	N	N	N	N	N	N	N	N	N	N	N	N	N	N	N	0.0000	0.0000	0.0000	0.0000	0.0000	0.0000	0.0000	0.0000	0.0000	0.0000	0.0000	0.0000	0.0000	0.0000	0.0000	0.0000	0.0000	0.0000	0.0000	0.0000	0.0000	0.0000	0.0000	0.0000	0.0000	0.0000	0.0000			0.0000	0.0000	0.0905	4.0000	0.5221	1.0000	0.0000	0.0000	0.0000	0.0000	0.0000	0.0000	0.0000	0.0000	0.0000	0.0000	0.0000	0.0000	0.0000	0.0000	0.0000	0.0000	0.0000	0.0000	0.0056	0.0050	0.0006	0.0008	0.0008	0.0000	0.0048	0.0042	0.0006	0.0185	0.0124	0.0061	0.0124	0.0093	0.0031	0.0061	0.0031	0.0031
27	46	0.0994	9	2	0	1	0	1	0	1	0	0	1	0	1	0	0	0	0	0	0	Y	N	N	N	N	N	N	N	N	N	N	N	N	N	N	N	N	N	inf	inf	0.0000	inf	inf	0.0000	0.0000	0.0000	0.0000	0.0010	0.0011	0.0000	0.0024	0.0025	0.0000	0.0000	0.0000	0.0000	0.0000	0.0000	0.0000	0.0000	0.0000	0.0000	0.0000	0.0000	0.0000	0.0000		-0.0000	0.0000	0.0905	0.0007	0.5221	1.0103	0.0000	0.0000	0.0000	0.0000	0.0000	0.0000	0.0000	0.0000	0.0000	0.0000	0.0000	0.0000	0.0000	0.0000	0.0000	0.0000	0.0000	0.0000	0.0000	0.0000	0.0000	0.0000	0.0000	0.0000	0.0000	0.0000	0.0000	0.0065	0.0047	0.0017	0.0041	0.0034	0.0007	0.0023	0.0013	0.0010
27	47	0.0643	8	2	0	1	0	2	0	1	0	0	0	0	0	0	0	0	0	0	0	Y	N	N	N	N	N	N	N	N	N	N	N	N	N	N	N	N	N	0.2003	0.2160	0.0000	0.9046	0.9798	0.0000	0.0000	0.0000	0.0000	0.0010	0.0011	0.0000	0.0064	0.0065	0.0000	0.0000	0.0000	0.0000	0.0051	0.0053	0.0047	0.0071	0.0066	0.0086	0.0005	0.0007	0.0003	0.0000	0.4172	-0.0000	-0.0001	0.0905	6.8097	0.5221	3.8431	0.0000	0.0000	0.0000	0.0000	0.0000	0.0000	0.0000	0.0000	0.0000	0.0002	0.0001	0.0001	0.0002	0.0001	0.0001	0.0000	0.0000	0.0000	0.0098	0.0088	0.0010	0.0016	0.0015	0.0000	0.0083	0.0073	0.0010	0.0386	0.0262	0.0124	0.0267	0.0202	0.0065	0.0119	0.0060	0.0059
27	49	0.1253	11	2	0	1	0	1	0	1	0	0	0	0	0	0	0	0	0	0	0	Y	N	N	N	N	N	N	N	N	N	N	N	N	N	N	N	N	N	0.0051	0.0000	0.4786	0.0000	0.0000	0.0000	0.0044	0.0000	0.4283	0.0000	0.0000	0.0000	0.0000	0.0000	0.0000	0.0000	0.0000	0.0000	0.0005	0.0006	0.0000	0.0004	0.0004	0.0000	0.0007	0.0013	0.0001	inf	0.0304	0.0000	-0.0000	0.0905	1.6285	0.5221	1.0381	0.0000	0.0000	0.0000	0.0000	0.0000	0.0000	0.0000	0.0000	0.0000	0.0000	0.0000	0.0000	0.0000	0.0000	0.0000	0.0000	0.0000	0.0000	0.0030	0.0027	0.0003	0.0008	0.0008	0.0000	0.0022	0.0019	0.0003	0.0110	0.0078	0.0033	0.0076	0.0059	0.0017	0.0034	0.0019	0.0015
27	53	0.0687	11	2	0	1	0	1	0	1	0	0	0	1	1	0	0	0	0	0	0	Y	N	N	N	N	N	N	N	N	N	N	N	N	N	N	N	N	N	inf	0.0000	inf	0.0000	0.0000	0.0000	inf	0.0000	inf	0.0000	0.0000	0.0000	0.0000	0.0000	0.0000	0.0000	0.0000	0.0000	0.0000	0.0000	0.0000	0.0000	0.0000	0.0000	0.0000	0.0000	0.0000	inf		0.0000	0.0000	0.0905	0.9921	0.5221	0.0076	0.0000	0.0000	0.0000	0.0000	0.0000	0.0000	0.0000	0.0000	0.0000	0.0000	0.0000	0.0000	0.0000	0.0000	0.0000	0.0000	0.0000	0.0000	0.0014	0.0013	0.0002	0.0002	0.0002	0.0000	0.0012	0.0010	0.0002	0.0038	0.0026	0.0013	0.0026	0.0019	0.0006	0.0013	0.0006	0.0006
27	60	0.0524	10	2	0	1	0	1	0	1	0	0	0	1	1	0	0	0	0	0	0	Y	N	N	N	N	N	N	N	N	N	N	N	N	N	N	N	N	N	0.0000	0.0000	0.0000	0.0000	0.0000	0.0000	0.0000	0.0000	0.0000	0.0000	0.0000	0.0000	0.0000	0.0000	0.0000	0.0000	0.0000	0.0000	0.0062	0.0092	0.0000	0.0009	0.0012	0.0000	0.0166	0.0330	0.0000		0.0000	0.0000	-0.0001	0.0905	2.0000	0.5221	7.0000	0.0000	0.0000	0.0000	0.0000	0.0000	0.0000	0.0000	0.0000	0.0000	0.0002	0.0002	0.0000	0.0000	0.0000	0.0000	0.0002	0.0002	0.0000	0.0028	0.0025	0.0003	0.0004	0.0004	0.0000	0.0024	0.0021	0.0003	0.0325	0.0217	0.0108	0.0217	0.0163	0.0054	0.0108	0.0055	0.0054
27	61	0.0524	9	2	0	1	0	1	0	1	0	0	1	1	1	0	0	0	0	0	0	Y	N	N	N	N	N	N	N	N	N	N	N	N	N	N	N	N	N	0.0000	0.0000	0.0000	0.0000	0.0000	0.0000	0.0000	0.0000	0.0000	0.0000	0.0000	0.0000	0.0000	0.0000	0.0000	0.0000	0.0000	0.0000	0.0000	0.0000	0.0000	0.0000	0.0000	0.0000	0.0000	0.0000	0.0000			0.0000	0.0000	0.0905	0.0000	0.5221	0.0000	0.0000	0.0000	0.0000	0.0000	0.0000	0.0000	0.0000	0.0000	0.0000	0.0000	0.0000	0.0000	0.0000	0.0000	0.0000	0.0000	0.0000	0.0000	0.0000	0.0000	0.0000	0.0000	0.0000	0.0000	0.0000	0.0000	0.0000	0.0000	0.0000	0.0000	0.0000	0.0000	0.0000	0.0000	0.0000	0.0000
27	68	0.1253	11	2	0	1	0	1	0	1	0	0	1	0	1	0	0	0	0	0	0	Y	N	N	N	N	N	N	N	N	N	N	N	N	N	N	N	N	N	17.5882	14.0076	0.0000	86.2220	67.9635	0.0000	0.0000	0.0000	0.0000	0.0036	0.0041	0.0000	0.0131	0.0132	0.0000	0.0000	0.0000	0.0000	0.0002	0.0003	0.0000	0.0002	0.0002	0.0000	0.0003	0.0006	0.0000	0.0000	0.0305	-0.0000	-0.0000	0.0905	1.4193	0.5221	5.2011	0.0000	0.0000	0.0000	0.0000	0.0000	0.0000	0.0000	0.0000	0.0000	0.0000	0.0000	0.0000	0.0000	0.0000	0.0000	0.0000	0.0000	0.0000	0.0028	0.0025	0.0003	0.0008	0.0008	0.0000	0.0020	0.0017	0.0003	0.0249	0.0172	0.0077	0.0175	0.0133	0.0042	0.0074	0.0039	0.0035
27	69	0.0752	10	2	0	1	0	2	0	1	0	0	0	0	0	0	0	0	0	0	0	Y	N	N	N	N	N	N	N	N	N	N	N	N	N	N	N	N	N	0.0018	0.0016	0.0000	0.0096	0.0092	0.0000	0.0000	0.0000	0.0000	0.0000	0.0000	0.0000	0.0000	0.0000	0.0000	0.0000	0.0000	0.0000	0.0003	0.0004	0.0002	0.0004	0.0004	0.0003	0.0002	0.0003	0.0000	0.0000	0.2252	-0.0000	-0.0000	0.0905	9.3928	0.5221	3.6523	0.0000	0.0000	0.0000	0.0000	0.0000	0.0000	0.0000	0.0000	0.0000	0.0000	0.0000	0.0000	0.0000	0.0000	0.0000	0.0000	0.0000	0.0000	0.0131	0.0117	0.0014	0.0020	0.0020	0.0000	0.0111	0.0097	0.0014	0.0463	0.0314	0.0149	0.0319	0.0241	0.0078	0.0144	0.0073	0.0071
27	74	0.0524	10	2	0	1	0	1	0	1	0	0	0	1	0	0	0	0	0	0	0	Y	N	N	N	N	N	N	N	N	N	N	N	N	N	N	N	N	N	892.7036	931.3181	15.5437	938.7446	983.0772	7.7666	4546.2486	3803.2647	115.3415	8.4566	9.4842	0.1249	12.5062	12.5736	0.1159	7.8209	8.9322	0.1250	0.0095	0.0102	0.0080	0.0133	0.0128	0.0149	0.0017	0.0023	0.0011	0.0016	0.3905	-0.0106	-0.0001	0.0905	3.9277	0.5221	0.5227	0.0462	0.0462	0.0001	0.0093	0.0093	0.0000	0.0370	0.0369	0.0001	0.0002	0.0001	0.0000	0.0001	0.0001	0.0000	0.0000	0.0000	0.0000	0.0055	0.0049	0.0006	0.0007	0.0007	0.0000	0.0047	0.0041	0.0006	0.0165	0.0111	0.0055	0.0111	0.0083	0.0028	0.0055	0.0028	0.0027
27	75	0.0524	9	2	0	1	0	1	0	1	0	0	0	1	0	0	0	0	0	0	0	Y	N	N	N	N	N	N	N	N	N	N	N	N	N	N	N	N	N	0.0000	0.0000	0.0000	0.0000	0.0000	0.0000	0.0000	0.0000	0.0000	0.0000	0.0000	0.0000	0.0000	0.0000	0.0000	0.0000	0.0000	0.0000	0.0000	0.0000	0.0000	0.0000	0.0000	0.0000	0.0000	0.0000	0.0000			0.0000	0.0000	0.0905	0.0009	0.5221	0.0000	0.0000	0.0000	0.0000	0.0000	0.0000	0.0000	0.0000	0.0000	0.0000	0.0000	0.0000	0.0000	0.0000	0.0000	0.0000	0.0000	0.0000	0.0000	0.0000	0.0000	0.0000	0.0000	0.0000	0.0000	0.0000	0.0000	0.0000	0.0000	0.0000	0.0000	0.0000	0.0000	0.0000	0.0000	0.0000	0.0000
27	76	0.0492	8	2	0	1	0	1	0	1	0	0	0	1	0	0	0	0	0	0	0	Y	N	N	N	N	N	N	N	N	N	N	N	N	N	N	N	N	N	0.0000	0.0000	0.0000	0.0000	0.0000	0.0000	0.0000	0.0000	0.0000	0.0000	0.0000	0.0000	0.0000	0.0000	0.0000	0.0000	0.0000	0.0000	0.0000	0.0000	0.0000	0.0000	0.0000	0.0000	0.0000	0.0000	0.0000			0.0000	0.0000	0.0905	1.0000	0.5221	0.0000	0.0000	0.0000	0.0000	0.0000	0.0000	0.0000	0.0000	0.0000	0.0000	0.0000	0.0000	0.0000	0.0000	0.0000	0.0000	0.0000	0.0000	0.0000	0.0014	0.0013	0.0002	0.0002	0.0002	0.0000	0.0012	0.0011	0.0002	0.0038	0.0025	0.0013	0.0025	0.0019	0.0006	0.0013	0.0006	0.0006
27	77	0.0160	3	2	0	1	0	2	0	1	0	0	0	0	0	0	0	0	0	0	0	Y	N	N	N	N	N	N	N	N	N	N	N	N	N	N	N	N	N	769.0676	282.9123	39628.3390	1300.7436	1000.2559	14346.9399	509.0125	107.3512	40585.1647	17.6088	9.3602	80.6102	23.3803	23.3375	29.6939	16.5813	6.5022	81.0607	0.0229	0.0331	0.0020	0.0180	0.0233	0.0021	0.0326	0.0606	0.0020	1.1276	0.0300	0.0270	-0.0004	0.0905	3.3326	0.5221	4.0108	0.0902	0.0424	0.0478	0.0181	0.0179	0.0002	0.0721	0.0245	0.0476	0.0006	0.0006	0.0000	0.0003	0.0003	0.0000	0.0003	0.0003	0.0000	0.0051	0.0045	0.0006	0.0008	0.0008	0.0000	0.0043	0.0038	0.0006	0.0281	0.0189	0.0092	0.0186	0.0139	0.0047	0.0095	0.0049	0.0045
27	79	0.0718	10	2	0	1	0	1	0	1	0	0	0	1	1	0	0	0	0	0	0	Y	N	N	N	N	N	N	N	N	N	N	N	N	N	N	N	N	N	0.0000	0.0000	0.0000	0.0000	0.0000	0.0000	0.0000	0.0000	0.0000	0.0000	0.0000	0.0000	0.0000	0.0000	0.0000	0.0000	0.0000	0.0000	0.0000	0.0000	0.0000	0.0000	0.0000	0.0000	0.0000	0.0000	0.0000			0.0000	0.0000	0.0905	0.0001	0.5221	1.0072	0.0000	0.0000	0.0000	0.0000	0.0000	0.0000	0.0000	0.0000	0.0000	0.0000	0.0000	0.0000	0.0000	0.0000	0.0000	0.0000	0.0000	0.0000	0.0000	0.0000	0.0000	0.0000	0.0000	0.0000	0.0000	0.0000	0.0000	0.0038	0.0026	0.0013	0.0026	0.0020	0.0006	0.0012	0.0006	0.0006
27	80	0.0621	9	2	0	1	0	1	0	1	0	0	0	1	1	0	0	0	0	0	0	Y	N	N	N	N	N	N	N	N	N	N	N	N	N	N	N	N	N	0.0000	0.0000	0.0000	0.0000	0.0000	0.0000	0.0000	0.0000	0.0000	0.0000	0.0000	0.0000	0.0000	0.0000	0.0000	0.0000	0.0000	0.0000	0.0000	0.0000	0.0000	0.0000	0.0000	0.0000	0.0000	0.0000	0.0000		0.0574	0.0000	-0.0000	0.0905	1.0058	0.5221	1.9973	0.0000	0.0000	0.0000	0.0000	0.0000	0.0000	0.0000	0.0000	0.0000	0.0000	0.0000	0.0000	0.0000	0.0000	0.0000	0.0000	0.0000	0.0000	0.0015	0.0013	0.0002	0.0002	0.0002	0.0000	0.0013	0.0011	0.0002	0.0113	0.0076	0.0037	0.0076	0.0057	0.0019	0.0037	0.0019	0.0018
27	83	0.0621	9	2	0	1	0	1	0	1	0	0	0	1	1	0	0	0	0	0	0	Y	N	N	N	N	N	N	N	N	N	N	N	N	N	N	N	N	N	2013.6980	1606.7785	0.0000	10083.5610	7671.3214	0.0000	0.0000	0.0000	0.0000	0.0014	0.0016	0.0000	0.0100	0.0101	0.0000	0.0000	0.0000	0.0000	0.0000	0.0000	0.0000	0.0000	0.0000	0.0000	0.0000	0.0000	0.0000	0.0000	0.0574	-0.0000	-0.0000	0.0905	5.0069	0.5221	6.0103	0.0000	0.0000	0.0000	0.0000	0.0000	0.0000	0.0000	0.0000	0.0000	0.0000	0.0000	0.0000	0.0000	0.0000	0.0000	0.0000	0.0000	0.0000	0.0071	0.0063	0.0008	0.0010	0.0010	0.0000	0.0061	0.0053	0.0008	0.0393	0.0264	0.0129	0.0264	0.0198	0.0066	0.0129	0.0066	0.0063
27	84	0.0557	8	2	0	1	0	1	0	1	0	1	1	1	1	0	0	0	0	0	0	Y	N	N	N	N	N	N	N	N	N	N	N	N	N	N	N	N	N	4.9591	3.8031	13.8392	29.5792	19.6043	3481.6760	0.0000	0.0000	0.0000	0.0006	0.0006	0.0011	0.0049	0.0039	0.1876	0.0000	0.0000	0.0000	0.0001	0.0002	0.0001	0.0002	0.0002	0.0001	0.0001	0.0000	0.0001	0.2415	0.2617	-0.0000	-0.0000	0.0905	1.9932	0.5221	0.0278	0.0000	0.0000	0.0000	0.0000	0.0000	0.0000	0.0000	0.0000	0.0000	0.0000	0.0000	0.0000	0.0000	0.0000	0.0000	0.0000	0.0000	0.0000	0.0029	0.0025	0.0003	0.0004	0.0004	0.0000	0.0025	0.0022	0.0003	0.0077	0.0052	0.0025	0.0052	0.0039	0.0013	0.0026	0.0013	0.0013
27	91	0.0536	6	2	0	1	0	1	0	1	0	0	0	0	0	0	0	0	0	0	0	Y	N	N	N	N	N	N	N	N	N	N	N	N	N	N	N	N	N	0.0000	0.0000	0.0000	0.0000	0.0000	0.0000	0.0000	0.0000	0.0000	0.0000	0.0000	0.0000	0.0000	0.0000	0.0000	0.0000	0.0000	0.0000	0.1672	0.1358	0.2341	0.2432	0.1728	0.4830	0.0198	0.0253	0.0143	0.0000	0.8088	-0.0000	-0.0007	0.0905	1.5872	0.5221	4.4746	0.0000	0.0000	0.0000	0.0000	0.0000	0.0000	0.0000	0.0000	0.0000	0.0043	0.0024	0.0019	0.0041	0.0023	0.0019	0.0002	0.0001	0.0001	0.0023	0.0020	0.0003	0.0003	0.0003	0.0000	0.0020	0.0017	0.0002	0.0256	0.0174	0.0082	0.0169	0.0131	0.0038	0.0087	0.0044	0.0043
27	92	0.0687	11	2	0	1	1	1	0	1	1	0	0	1	1	0	0	0	0	0	0	Y	N	N	N	N	N	N	N	N	N	N	N	N	N	N	N	N	N	inf	inf	0.0000	inf	inf	0.0000	0.0000	0.0000	0.0000	0.0070	0.0078	0.0000	0.0473	0.0478	0.0000	0.0000	0.0000	0.0000	0.0000	0.0000	0.0000	0.0000	0.0000	0.0000	0.0000	0.0000	0.0000	0.0000		-0.0000	0.0000	0.0905	1.0091	0.5221	1.9972	0.0000	0.0000	0.0000	0.0000	0.0000	0.0000	0.0000	0.0000	0.0000	0.0000	0.0000	0.0000	0.0000	0.0000	0.0000	0.0000	0.0000	0.0000	0.0014	0.0013	0.0002	0.0002	0.0002	0.0000	0.0012	0.0011	0.0002	0.0113	0.0076	0.0037	0.0076	0.0057	0.0019	0.0037	0.0019	0.0018
27	93	0.0524	10	2	0	1	0	1	0	1	0	0	1	1	1	0	0	0	0	0	0	Y	N	N	N	N	N	N	N	N	N	N	N	N	N	N	N	N	N	inf	inf	0.0000	inf	inf	0.0000	0.0000	0.0000	0.0000	0.0000	0.0000	0.0000	0.0000	0.0000	0.0000	0.0000	0.0000	0.0000	0.0000	0.0000	0.0000	0.0000	0.0000	0.0000	0.0000	0.0000	0.0000	0.0000		-0.0000	0.0000	0.0905	2.0083	0.5221	3.0031	0.0000	0.0000	0.0000	0.0000	0.0000	0.0000	0.0000	0.0000	0.0000	0.0000	0.0000	0.0000	0.0000	0.0000	0.0000	0.0000	0.0000	0.0000	0.0028	0.0025	0.0003	0.0004	0.0004	0.0000	0.0024	0.0021	0.0003	0.0186	0.0124	0.0062	0.0124	0.0093	0.0031	0.0062	0.0031	0.0031
27	94	0.0524	9	2	0	1	0	1	0	1	0	0	0	1	0	0	0	0	0	0	0	Y	N	N	N	N	N	N	N	N	N	N	N	N	N	N	N	N	N	0.0000	0.0000	0.0000	0.0000	0.0000	0.0000	0.0000	0.0000	0.0000	0.0000	0.0000	0.0000	0.0000	0.0000	0.0000	0.0000	0.0000	0.0000	0.0000	0.0000	0.0000	0.0000	0.0000	0.0000	0.0000	0.0000	0.0000			0.0000	0.0000	0.0905	0.0000	0.5221	0.0002	0.0000	0.0000	0.0000	0.0000	0.0000	0.0000	0.0000	0.0000	0.0000	0.0000	0.0000	0.0000	0.0000	0.0000	0.0000	0.0000	0.0000	0.0000	0.0000	0.0000	0.0000	0.0000	0.0000	0.0000	0.0000	0.0000	0.0000	0.0000	0.0000	0.0000	0.0000	0.0000	0.0000	0.0000	0.0000	0.0000
27	95	0.0492	8	2	0	1	0	1	0	1	0	0	0	1	0	0	0	0	0	0	0	Y	N	N	N	N	N	N	N	N	N	N	N	N	N	N	N	N	N	0.0000	0.0000	0.0000	0.0000	0.0000	0.0000	0.0000	0.0000	0.0000	0.0000	0.0000	0.0000	0.0000	0.0000	0.0000	0.0000	0.0000	0.0000	0.0000	0.0000	0.0000	0.0000	0.0000	0.0000	0.0000	0.0000	0.0000			0.0000	0.0000	0.0905	1.0000	0.5221	0.0001	0.0000	0.0000	0.0000	0.0000	0.0000	0.0000	0.0000	0.0000	0.0000	0.0000	0.0000	0.0000	0.0000	0.0000	0.0000	0.0000	0.0000	0.0000	0.0014	0.0013	0.0002	0.0002	0.0002	0.0000	0.0012	0.0011	0.0002	0.0038	0.0025	0.0013	0.0025	0.0019	0.0006	0.0013	0.0006	0.0006
27	96	0.0492	7	2	0	1	0	1	0	1	0	1	0	1	0	0	0	0	0	0	0	Y	N	N	N	N	N	N	N	N	N	N	N	N	N	N	N	N	N	0.0000	0.0000	0.0000	0.0000	0.0000	0.0000	0.0000	0.0000	0.0000	0.0000	0.0000	0.0000	0.0000	0.0000	0.0000	0.0000	0.0000	0.0000	0.0000	0.0000	0.0000	0.0000	0.0000	0.0000	0.0000	0.0000	0.0000			0.0000	0.0000	0.0905	0.0000	0.5221	0.0001	0.0000	0.0000	0.0000	0.0000	0.0000	0.0000	0.0000	0.0000	0.0000	0.0000	0.0000	0.0000	0.0000	0.0000	0.0000	0.0000	0.0000	0.0000	0.0000	0.0000	0.0000	0.0000	0.0000	0.0000	0.0000	0.0000	0.0000	0.0000	0.0000	0.0000	0.0000	0.0000	0.0000	0.0000	0.0000	0.0000
27	97	0.0460	6	2	0	1	0	1	0	1	0	0	0	0	0	0	0	0	0	0	0	Y	N	N	N	N	N	N	N	N	N	N	N	N	N	N	N	N	N	inf	inf	0.0000	0.0000	0.0000	0.0000	inf	inf	0.0000	0.0000	0.0000	0.0000	0.0000	0.0000	0.0000	0.0000	0.0000	0.0000	0.0000	0.0000	0.0000	0.0000	0.0000	0.0000	0.0000	0.0000	0.0000	0.0000		-0.0000	0.0000	0.0905	0.9999	0.5221	0.0008	0.0000	0.0000	0.0000	0.0000	0.0000	0.0000	0.0000	0.0000	0.0000	0.0000	0.0000	0.0000	0.0000	0.0000	0.0000	0.0000	0.0000	0.0000	0.0014	0.0013	0.0002	0.0002	0.0002	0.0000	0.0013	0.0011	0.0002	0.0038	0.0026	0.0013	0.0025	0.0019	0.0006	0.0013	0.0006	0.0006
27	107	0.0492	7	2	0	1	0	1	0	1	0	0	0	0	0	0	0	0	0	0	0	Y	N	N	N	N	N	N	N	N	N	N	N	N	N	N	N	N	N	9.9314	32.5520	0.0000	54.8659	41.4052	0.0000	3.7427	40.6533	0.0000	0.0013	0.0014	0.0000	0.0019	0.0019	0.0000	0.0012	0.0013	0.0000	0.0001	0.0000	0.0003	0.0000	0.0000	0.0000	0.0003	0.0000	0.0006	0.0001	3.3542	-0.0000	0.0000	0.0905	1.0015	0.5221	0.9989	0.0000	0.0000	0.0000	0.0000	0.0000	0.0000	0.0000	0.0000	0.0000	0.0000	0.0000	0.0000	0.0000	0.0000	0.0000	0.0000	0.0000	0.0000	0.0014	0.0013	0.0002	0.0002	0.0002	0.0000	0.0013	0.0011	0.0002	0.0076	0.0051	0.0025	0.0051	0.0038	0.0013	0.0025	0.0013	0.0012
27	108	0.0460	6	2	0	1	0	1	0	1	0	0	0	0	0	0	0	0	0	0	0	Y	N	N	N	N	N	N	N	N	N	N	N	N	N	N	N	N	N	inf	inf	0.0000	0.0000	0.0000	0.0000	inf	inf	0.0000	0.0000	0.0000	0.0000	0.0000	0.0000	0.0000	0.0000	0.0000	0.0000	0.0000	0.0000	0.0000	0.0000	0.0000	0.0000	0.0000	0.0000	0.0000	0.0000		-0.0000	0.0000	0.0905	1.0004	0.5221	0.0020	0.0000	0.0000	0.0000	0.0000	0.0000	0.0000	0.0000	0.0000	0.0000	0.0000	0.0000	0.0000	0.0000	0.0000	0.0000	0.0000	0.0000	0.0000	0.0014	0.0013	0.0002	0.0002	0.0002	0.0000	0.0013	0.0011	0.0002	0.0038	0.0026	0.0013	0.0025	0.0019	0.0006	0.0013	0.0006	0.0006
27	109	0.0200	5	2	0	1	0	2	0	1	0	0	0	0	0	0	0	0	0	0	0	Y	N	N	N	N	N	N	N	N	N	N	N	N	N	N	N	N	N	inf	inf	0.0000	0.0000	0.0000	0.0000	inf	inf	0.0000	0.0117	0.0132	0.0000	0.0000	0.0000	0.0000	0.0134	0.0154	0.0000	0.0000	0.0000	0.0000	0.0000	0.0000	0.0000	0.0000	0.0000	0.0000	0.0000		-0.0000	0.0000	0.0905	3.0035	0.5221	5.0043	0.0000	0.0000	0.0000	0.0000	0.0000	0.0000	0.0000	0.0000	0.0000	0.0000	0.0000	0.0000	0.0000	0.0000	0.0000	0.0000	0.0000	0.0000	0.0043	0.0038	0.0005	0.0005	0.0005	0.0000	0.0037	0.0033	0.0005	0.0292	0.0195	0.0097	0.0192	0.0145	0.0048	0.0099	0.0050	0.0049
27	112	0.0401	5	2	0	1	0	2	0	1	0	0	0	0	0	0	0	0	0	0	0	Y	N	N	N	N	N	N	N	N	N	N	N	N	N	N	N	N	N	0.0000	0.0000	0.0000	0.0000	0.0000	0.0000	0.0000	0.0000	0.0000	0.0000	0.0000	0.0000	0.0000	0.0000	0.0000	0.0000	0.0000	0.0000	0.0047	0.0045	0.0052	0.0062	0.0048	0.0110	0.0019	0.0034	0.0004		0.5458	0.0000	-0.0000	0.0905	3.0209	0.5221	2.2550	0.0000	0.0000	0.0000	0.0000	0.0000	0.0000	0.0000	0.0000	0.0000	0.0001	0.0001	0.0000	0.0001	0.0001	0.0000	0.0000	0.0000	0.0000	0.0044	0.0039	0.0005	0.0006	0.0006	0.0000	0.0038	0.0033	0.0005	0.0230	0.0157	0.0073	0.0150	0.0117	0.0033	0.0080	0.0040	0.0040
28	36	0.1602	8	2	0	1	0	1	0	1	0	1	1	1	1	0	0	0	0	0	0	Y	N	N	N	N	N	N	N	N	N	N	N	N	N	N	N	N	N	0.0000	0.0000	0.0091	0.0000	0.0000	0.0118	0.0000	0.0000	0.0000	0.0000	0.0000	0.0000	0.0000	0.0000	0.0000	0.0000	0.0000	0.0000	0.0116	0.0230	0.0000	0.2827	0.3590	0.0000	0.0000	0.0000	0.0000	inf	0.0001	0.0000	-0.0027	5.0808	11.0150	12.0223	4.0316	0.0000	0.0000	0.0000	0.0000	0.0000	0.0000	0.0000	0.0000	0.0000	0.0043	0.0043	0.0000	0.0043	0.0043	0.0000	0.0000	0.0000	0.0000	0.6040	0.5339	0.0701	0.0743	0.0705	0.0038	0.5297	0.4634	0.0663	0.3736	0.1878	0.1859	0.0153	0.0120	0.0033	0.3583	0.1757	0.1826
28	38	0.1861	17	2	0	1	1	1	0	1	1	1	1	2	1	0	0	0	0	0	0	Y	N	N	N	Y	N	N	N	N	N	N	N	N	N	N	N	N	N	0.0037	0.0032	0.0000	0.0002	0.0002	0.0000	0.0300	28.5350	0.0000	0.0000	0.0000	0.0000	0.0000	0.0000	0.0000	0.0000	0.0000	0.0000	0.0057	0.0073	0.0038	0.0305	0.0288	0.0419	0.0009	0.0000	0.0018	0.0000	0.3967	-0.0000	-0.0002	5.0808	3.1237	12.0223	0.5096	0.0000	0.0000	0.0000	0.0000	0.0000	0.0000	0.0000	0.0000	0.0000	0.0007	0.0005	0.0002	0.0006	0.0005	0.0001	0.0001	0.0000	0.0001	0.3197	0.2877	0.0320	0.0825	0.0796	0.0029	0.2372	0.2081	0.0291	0.1239	0.0702	0.0537	0.0203	0.0177	0.0027	0.1036	0.0525	0.0510
28	43	0.1759	17	2	0	1	1	1	0	1	1	1	1	2	1	0	0	0	0	0	0	Y	N	N	N	Y	N	N	N	N	N	N	N	N	N	N	N	N	N	0.0001	0.0001	0.0000	10.4913	8.5044	0.0000	0.0000	0.0000	0.0000	0.0012	0.0013	0.0000	0.0076	0.0077	0.0000	0.0000	0.0000	0.0000	8.0768	15.6576	0.0000	0.0007	0.0009	0.0000	9.0926	18.9142	0.0000	0.0000	0.0000	-0.0001	-0.6190	5.0808	2.9999	12.0223	0.9999	0.0003	0.0003	0.0000	0.0003	0.0003	0.0000	0.0000	0.0000	0.0000	0.9998	0.9998	0.0000	0.0000	0.0000	0.0000	0.9997	0.9997	0.0000	0.2511	0.2246	0.0265	0.0395	0.0388	0.0008	0.2115	0.1858	0.0257	0.1238	0.0639	0.0599	0.0138	0.0110	0.0028	0.1100	0.0529	0.0571
28	44	0.1710	16	2	0	1	0	1	0	1	0	1	0	2	0	0	0	0	0	0	0	Y	N	N	N	Y	N	N	N	N	N	N	N	N	N	N	N	N	N	0.0001	0.0000	0.0000	0.0005	0.0004	0.0000	0.0000	0.0000	0.0000	0.0000	0.0000	0.0000	0.0000	0.0000	0.0000	0.0000	0.0000	0.0000	0.0056	0.0110	0.0000	0.0098	0.0123	0.0000	0.0051	0.0107	0.0000	0.0000	0.0000	-0.0000	-0.0001	5.0808	1.0020	12.0223	0.0022	0.0000	0.0000	0.0000	0.0000	0.0000	0.0000	0.0000	0.0000	0.0000	0.0002	0.0002	0.0000	0.0000	0.0000	0.0000	0.0001	0.0001	0.0000	0.0593	0.0520	0.0073	0.0040	0.0038	0.0002	0.0553	0.0482	0.0071	0.0283	0.0145	0.0138	0.0031	0.0024	0.0006	0.0253	0.0121	0.0132
28	45	0.1710	16	2	0	1	0	1	0	1	0	1	0	2	1	0	0	0	0	0	0	Y	N	N	N	Y	N	N	N	N	N	N	N	N	N	N	N	N	N	0.0000	0.0000	0.0000	0.0000	0.0000	0.0000	0.0000	0.0000	0.0000	0.0000	0.0000	0.0000	0.0000	0.0000	0.0000	0.0000	0.0000	0.0000	0.0000	0.0000	0.0000	0.0000	0.0000	0.0000	0.0000	0.0000	0.0000			0.0000	0.0000	5.0808	4.0000	12.0223	1.0000	0.0000	0.0000	0.0000	0.0000	0.0000	0.0000	0.0000	0.0000	0.0000	0.0000	0.0000	0.0000	0.0000	0.0000	0.0000	0.0000	0.0000	0.0000	0.2322	0.2038	0.0284	0.0155	0.0147	0.0008	0.2167	0.1891	0.0276	0.1381	0.0709	0.0673	0.0149	0.0118	0.0031	0.1232	0.0590	0.0642
28	46	0.1247	5	2	0	1	0	1	0	1	0	1	1	1	1	0	0	0	0	0	0	Y	N	N	N	N	N	N	N	N	N	N	N	N	N	N	N	N	N	97280.1732	inf	0.0000	324.3814	inf	0.0000	inf	inf	0.0000	0.2211	0.2442	0.0000	0.0021	0.0021	0.0000	0.3665	0.4300	0.0000	0.0000	0.0000	0.0000	0.0000	0.0000	0.0003	0.0000	0.0000	0.0000	0.0000	inf	-0.0000	0.0000	5.0808	0.0007	12.0223	1.0103	0.0000	0.0000	0.0000	0.0000	0.0000	0.0000	0.0000	0.0000	0.0000	0.0000	0.0000	0.0000	0.0000	0.0000	0.0000	0.0000	0.0000	0.0000	0.0002	0.0002	0.0000	0.0001	0.0001	0.0000	0.0001	0.0001	0.0000	0.0906	0.0648	0.0259	0.0323	0.0316	0.0006	0.0583	0.0331	0.0252
28	47	0.0897	4	2	0	1	0	2	0	1	0	1	0	1	0	0	0	0	0	0	0	Y	N	N	N	N	N	N	N	N	N	N	N	N	N	N	N	N	N	0.9788	35.4837	0.0000	0.1056	0.1108	0.0000	0.9676	49.9199	0.0000	2.3303	2.6503	0.0000	0.0221	0.0227	0.0000	2.4535	2.8064	0.0000	2.3808	0.0747	4.8702	0.2090	0.2045	0.3623	2.5357	0.0562	4.8879	0.0000	60.4045	-0.2309	0.2954	5.0808	6.8097	12.0223	3.8431	1.0003	1.0003	0.0000	0.0005	0.0005	0.0000	0.9999	0.9999	0.0000	0.8102	0.0132	0.7970	0.0047	0.0045	0.0002	0.8055	0.0087	0.7968	0.4293	0.3774	0.0518	0.0217	0.0212	0.0006	0.4075	0.3563	0.0513	0.3403	0.1767	0.1637	0.0226	0.0220	0.0006	0.3177	0.1547	0.1630
28	49	0.1506	7	2	0	1	0	1	0	1	0	1	0	1	0	0	0	0	0	0	0	Y	N	N	N	N	N	N	N	N	N	N	N	N	N	N	N	N	N	140.9231	150.2221	0.0004	0.0546	0.0596	0.0077	167.0801	168.6849	0.0000	7.1912	8.1263	0.0000	0.0016	0.0016	0.0006	9.3375	10.9140	0.0000	0.0510	0.0541	0.0461	0.0288	0.0267	0.0774	0.0559	0.0647	0.0455	0.0000	0.5304	-0.2307	-0.0014	5.0808	1.6285	12.0223	1.0381	0.9995	0.9995	0.0000	0.0001	0.0000	0.0000	0.9995	0.9995	0.0000	0.0052	0.0034	0.0018	0.0005	0.0005	0.0001	0.0047	0.0030	0.0018	0.1390	0.1230	0.0160	0.0320	0.0314	0.0005	0.1070	0.0916	0.0155	0.1028	0.0634	0.0394	0.0185	0.0177	0.0008	0.0843	0.0457	0.0387
28	53	0.1873	17	2	0	1	0	1	0	1	0	1	0	2	1	0	0	0	0	0	0	Y	N	N	N	Y	N	N	N	N	N	N	N	N	N	N	N	N	N	302.1012	180.6596	0.4711	609.8026	505.9797	6040.4057	0.0000	0.0000	0.0000	16.8351	19.1616	0.0007	200.6014	211.2663	0.0195	0.0000	0.0000	0.0000	0.0557	0.1061	0.0014	0.3290	0.4175	0.0000	0.0160	0.0316	0.0015	0.0000	0.0127	-0.2286	-0.0010	5.0808	0.9921	12.0223	0.0076	0.9907	0.9907	0.0000	0.9907	0.9907	0.0000	0.0000	0.0000	0.0000	0.0016	0.0016	0.0000	0.0012	0.0012	0.0000	0.0004	0.0004	0.0000	0.0588	0.0517	0.0071	0.0049	0.0047	0.0002	0.0539	0.0470	0.0069	0.0287	0.0149	0.0138	0.0036	0.0029	0.0008	0.0250	0.0120	0.0130
28	60	0.1710	16	2	0	1	0	1	0	1	0	1	0	2	1	0	0	0	0	0	0	Y	N	N	N	Y	N	N	N	N	N	N	N	N	N	N	N	N	N	0.0000	0.0000	0.0000	0.0000	0.0000	0.0000	0.0000	0.0000	0.0000	0.0000	0.0000	0.0000	0.0000	0.0000	0.0000	0.0000	0.0000	0.0000	0.0102	0.0199	0.0000	0.0951	0.1197	0.0000	0.0000	0.0000	0.0000		0.0000	0.0000	-0.0015	5.0808	2.0000	12.0223	7.0000	0.0000	0.0000	0.0000	0.0000	0.0000	0.0000	0.0000	0.0000	0.0000	0.0025	0.0025	0.0000	0.0025	0.0025	0.0000	0.0000	0.0000	0.0000	0.1175	0.1030	0.0144	0.0078	0.0074	0.0004	0.1097	0.0957	0.0140	0.2435	0.1250	0.1185	0.0262	0.0208	0.0054	0.2173	0.1042	0.1131
28	61	0.1710	15	2	0	1	0	1	0	1	0	1	1	2	1	0	0	0	0	0	0	Y	N	N	N	Y	N	N	N	N	N	N	N	N	N	N	N	N	N	0.0000	0.0000	0.0000	0.0000	0.0000	0.0000	0.0000	0.0000	0.0000	0.0000	0.0000	0.0000	0.0000	0.0000	0.0000	0.0000	0.0000	0.0000	0.0000	0.0000	0.0000	0.0000	0.0000	0.0000	0.0000	0.0000	0.0000			0.0000	0.0000	5.0808	0.0000	12.0223	0.0000	0.0000	0.0000	0.0000	0.0000	0.0000	0.0000	0.0000	0.0000	0.0000	0.0000	0.0000	0.0000	0.0000	0.0000	0.0000	0.0000	0.0000	0.0000	0.0000	0.0000	0.0000	0.0000	0.0000	0.0000	0.0000	0.0000	0.0000	0.0000	0.0000	0.0000	0.0000	0.0000	0.0000	0.0000	0.0000	0.0000
28	68	0.1506	7	2	0	1	0	1	0	1	0	1	1	1	1	0	0	0	0	0	0	Y	N	N	N	N	N	N	N	N	N	N	N	N	N	N	N	N	N	0.4681	0.4655	0.0000	0.3038	0.2904	0.0000	0.0878	229.1008	0.0000	0.0070	0.0079	0.0000	0.0273	0.0277	0.0000	0.0005	0.0006	0.0000	0.0150	0.0170	0.0124	0.0899	0.0954	0.0276	0.0059	0.0000	0.0121	0.0000	0.5845	-0.0002	-0.0008	5.0808	1.4193	12.0223	5.2011	0.0009	0.0009	0.0000	0.0008	0.0008	0.0000	0.0000	0.0000	0.0000	0.0031	0.0019	0.0011	0.0020	0.0019	0.0001	0.0011	0.0000	0.0011	0.1270	0.1125	0.0146	0.0308	0.0303	0.0005	0.0963	0.0822	0.0141	0.2047	0.1137	0.0909	0.0221	0.0202	0.0018	0.1826	0.0935	0.0891
28	69	0.1005	6	2	0	1	0	2	0	1	0	1	0	1	0	0	0	0	0	0	0	Y	N	N	N	N	N	N	N	N	N	N	N	N	N	N	N	N	N	0.6535	199.7788	0.0000	6.7482	7.3071	0.0015	0.6500	783.4127	0.0000	1.7395	1.9762	0.0002	0.6812	0.7105	0.0002	1.8032	2.0597	0.0002	2.6617	0.0099	5.3599	0.1009	0.0972	0.1427	2.7744	0.0026	5.3963	0.0000	532.5281	-0.2240	0.3786	5.0808	9.3928	12.0223	3.6523	0.9707	0.9707	0.0000	0.0216	0.0216	0.0000	0.9491	0.9491	0.0000	0.9991	0.0019	0.9972	0.0016	0.0014	0.0002	0.9975	0.0005	0.9970	0.5580	0.4912	0.0669	0.0317	0.0304	0.0013	0.5263	0.4608	0.0655	0.3754	0.1893	0.1861	0.0158	0.0145	0.0013	0.3595	0.1748	0.1848
28	74	0.1710	16	2	0	1	0	1	0	1	0	1	0	2	0	0	0	0	0	0	0	Y	N	N	N	Y	N	N	N	N	N	N	N	N	N	N	N	N	N	0.0029	0.0017	0.0091	0.0000	0.0000	0.7815	0.0038	0.0024	0.0089	0.0000	0.0000	0.0000	0.0000	0.0000	0.0000	0.0000	0.0000	0.0000	0.0058	0.0095	0.0018	0.0152	0.0191	0.0000	0.0046	0.0076	0.0019	0.1404	0.1827	-0.0000	-0.0003	5.0808	3.9277	12.0223	0.5227	0.0000	0.0000	0.0000	0.0000	0.0000	0.0000	0.0000	0.0000	0.0000	0.0007	0.0006	0.0001	0.0002	0.0002	0.0000	0.0005	0.0004	0.0001	0.2282	0.2003	0.0279	0.0153	0.0145	0.0008	0.2129	0.1858	0.0271	0.1233	0.0633	0.0601	0.0133	0.0106	0.0027	0.1100	0.0527	0.0573
28	75	0.1710	15	2	0	1	0	1	0	1	0	1	0	2	0	0	0	0	0	0	0	Y	N	N	N	Y	N	N	N	N	N	N	N	N	N	N	N	N	N	0.0000	0.0000	0.0000	0.0000	0.0000	0.0000	0.0000	0.0000	0.0000	0.0000	0.0000	0.0000	0.0000	0.0000	0.0000	0.0000	0.0000	0.0000	0.0000	0.0000	0.0000	0.0000	0.0000	0.0000	0.0000	0.0000	0.0000			0.0000	0.0000	5.0808	0.0009	12.0223	0.0000	0.0000	0.0000	0.0000	0.0000	0.0000	0.0000	0.0000	0.0000	0.0000	0.0000	0.0000	0.0000	0.0000	0.0000	0.0000	0.0000	0.0000	0.0000	0.0001	0.0000	0.0000	0.0000	0.0000	0.0000	0.0001	0.0000	0.0000	0.0000	0.0000	0.0000	0.0000	0.0000	0.0000	0.0000	0.0000	0.0000
28	76	0.1678	14	2	0	1	0	1	0	1	0	1	0	2	0	0	0	0	0	0	0	Y	N	N	N	Y	N	N	N	N	N	N	N	N	N	N	N	N	N	0.0000	0.0000	0.0000	0.0000	0.0000	0.0000	0.0000	0.0000	0.0000	0.0000	0.0000	0.0000	0.0000	0.0000	0.0000	0.0000	0.0000	0.0000	0.0000	0.0000	0.0000	0.0000	0.0000	0.0000	0.0000	0.0000	0.0000			0.0000	0.0000	5.0808	1.0000	12.0223	0.0000	0.0000	0.0000	0.0000	0.0000	0.0000	0.0000	0.0000	0.0000	0.0000	0.0000	0.0000	0.0000	0.0000	0.0000	0.0000	0.0000	0.0000	0.0000	0.0591	0.0519	0.0073	0.0038	0.0036	0.0002	0.0553	0.0482	0.0071	0.0283	0.0145	0.0138	0.0031	0.0024	0.0006	0.0253	0.0121	0.0132
28	77	0.1234	7	2	0	1	0	2	0	1	0	1	0	1	0	0	0	0	0	0	0	Y	N	N	N	N	N	N	N	N	N	N	N	N	N	N	N	N	N	334.3409	0.0000	1804.1644	882.9824	0.0000	14832.9465	0.0000	0.0000	0.0000	4.5464	0.0000	38.5230	51.6840	0.0000	1755.7927	0.0000	0.0000	0.0000	0.0136	0.0062	0.0214	0.0585	0.0429	0.1184	0.0090	0.0000	0.0174	inf	3.3197	0.7588	0.0004	5.0808	3.3326	12.0223	4.0108	0.9865	0.0000	0.9865	0.9865	0.0000	0.9865	0.0000	0.0000	0.0000	0.0028	0.0006	0.0022	0.0011	0.0006	0.0005	0.0017	0.0000	0.0017	0.2170	0.1914	0.0256	0.0191	0.0185	0.0006	0.1979	0.1729	0.0250	0.2063	0.1053	0.1010	0.0191	0.0151	0.0040	0.1872	0.0902	0.0970
28	79	0.1904	16	2	0	1	0	1	0	1	0	1	0	2	1	0	0	0	0	0	0	Y	N	N	N	Y	N	N	N	N	N	N	N	N	N	N	N	N	N	0.0000	0.0000	0.0000	0.0000	0.0000	0.0000	0.0000	0.0000	0.0000	0.0000	0.0000	0.0000	0.0000	0.0000	0.0000	0.0000	0.0000	0.0000	0.1100	0.2097	0.0007	0.8254	1.0412	0.0124	0.0000	0.0000	0.0000		0.0032	0.0000	-0.0019	5.0808	0.0001	12.0223	1.0072	0.0000	0.0000	0.0000	0.0000	0.0000	0.0000	0.0000	0.0000	0.0000	0.0032	0.0031	0.0000	0.0032	0.0031	0.0000	0.0000	0.0000	0.0000	0.0000	0.0000	0.0000	0.0000	0.0000	0.0000	0.0000	0.0000	0.0000	0.0287	0.0150	0.0137	0.0038	0.0030	0.0008	0.0249	0.0120	0.0129
28	80	0.1807	15	2	0	1	0	1	0	1	0	1	0	2	1	0	0	0	0	0	0	Y	N	N	N	Y	N	N	N	N	N	N	N	N	N	N	N	N	N	155.5685	372.2037	0.0031	2.2340	1.8877	3.2645	195.7959	inf	0.0000	0.0733	0.0835	0.0000	0.0020	0.0021	0.0001	0.0796	0.0912	0.0000	0.0005	0.0002	0.0007	0.0009	0.0011	0.0000	0.0004	0.0000	0.0008	0.0000	2.9983	-0.0010	0.0000	5.0808	1.0058	12.0223	1.9973	0.0045	0.0045	0.0000	0.0000	0.0000	0.0000	0.0045	0.0045	0.0000	0.0000	0.0000	0.0000	0.0000	0.0000	0.0000	0.0000	0.0000	0.0000	0.0618	0.0542	0.0075	0.0050	0.0047	0.0003	0.0568	0.0495	0.0072	0.0848	0.0446	0.0402	0.0112	0.0089	0.0023	0.0736	0.0357	0.0379
28	83	0.1807	15	2	0	1	0	1	0	1	0	1	0	2	1	0	0	0	0	0	0	Y	N	N	N	Y	N	N	N	N	N	N	N	N	N	N	N	N	N	9.8772	6.0174	0.0000	1.5066	1.2633	0.0000	424.9318	738412.3317	0.0000	0.0167	0.0190	0.0000	0.0196	0.0208	0.0000	0.0165	0.0189	0.0000	0.0017	0.0032	0.0001	0.0130	0.0165	0.0000	0.0000	0.0000	0.0001	0.0000	0.0204	-0.0011	-0.0003	5.0808	5.0069	12.0223	6.0103	0.0050	0.0050	0.0000	0.0004	0.0004	0.0000	0.0045	0.0045	0.0000	0.0005	0.0005	0.0000	0.0005	0.0005	0.0000	0.0000	0.0000	0.0000	0.2974	0.2612	0.0362	0.0230	0.0216	0.0014	0.2744	0.2396	0.0348	0.2956	0.1550	0.1406	0.0377	0.0297	0.0080	0.2578	0.1253	0.1325
28	84	0.1743	14	2	0	1	0	1	0	1	0	2	1	2	1	0	0	0	0	0	0	Y	N	N	N	Y	N	N	N	N	N	N	N	N	N	N	N	N	N	1198.0190	28734.1883	0.0487	0.5976	0.5036	17.5151	1132.4737	66231861.2039	0.0471	8.2739	9.4324	0.0007	0.0008	0.0008	0.0001	8.8058	10.0916	0.0007	0.0069	0.0003	0.0143	0.0013	0.0016	0.0000	0.0078	0.0000	0.0151	0.0000	38.8629	-0.2294	0.0001	5.0808	1.9932	12.0223	0.0278	0.9941	0.9941	0.0000	0.0000	0.0000	0.0000	0.9941	0.9940	0.0000	0.0004	0.0000	0.0004	0.0000	0.0000	0.0000	0.0004	0.0000	0.0004	0.1201	0.1054	0.0148	0.0073	0.0069	0.0004	0.1129	0.0985	0.0144	0.0594	0.0313	0.0280	0.0080	0.0064	0.0016	0.0514	0.0249	0.0265
28	91	0.1127	6	2	0	1	0	1	0	1	0	1	0	1	0	0	0	0	0	0	0	Y	N	N	N	N	N	N	N	N	N	N	N	N	N	N	N	N	N	0.0389	0.0433	0.0974	0.5112	0.2477	597.3551	0.0000	0.0000	0.0000	0.2100	0.1123	0.9020	4.1617	2.0584	41.9732	0.0000	0.0000	0.0000	5.3930	2.5937	9.2629	8.1418	8.3093	0.0703	4.7711	0.0079	9.3457	1.1343	2.5832	0.0061	0.1379	5.0808	1.5872	12.0223	4.4746	0.0204	0.0096	0.0108	0.0204	0.0096	0.0108	0.0000	0.0000	0.0000	1.3551	0.3782	0.9769	0.3774	0.3774	0.0001	0.9776	0.0008	0.9768	0.0971	0.0851	0.0120	0.0049	0.0046	0.0003	0.0922	0.0804	0.0118	0.2513	0.1458	0.1055	0.0464	0.0454	0.0009	0.2049	0.1004	0.1045
28	92	0.1873	17	2	0	1	1	1	0	1	1	1	0	2	1	0	0	0	0	0	0	Y	N	N	N	Y	N	N	N	N	N	N	N	N	N	N	N	N	N	10.7731	0.3043	inf	15.7618	0.6204	inf	0.0000	0.0000	0.0000	0.1531	0.0084	1.2000	1.8268	0.0924	34.4506	0.0000	0.0000	0.0000	0.0142	0.0275	0.0000	0.1159	0.1489	0.0000	0.0000	0.0000	0.0000	19.8208	0.0000	0.0066	-0.0007	5.0808	1.0091	12.0223	1.9972	0.0092	0.0004	0.0087	0.0092	0.0004	0.0087	0.0000	0.0000	0.0000	0.0012	0.0012	0.0000	0.0012	0.0012	0.0000	0.0000	0.0000	0.0000	0.0598	0.0526	0.0073	0.0050	0.0048	0.0003	0.0548	0.0478	0.0070	0.0844	0.0436	0.0408	0.0103	0.0080	0.0023	0.0740	0.0355	0.0385
28	93	0.1710	16	2	0	1	0	1	0	1	0	1	1	2	1	0	0	0	0	0	0	Y	N	N	N	Y	N	N	N	N	N	N	N	N	N	N	N	N	N	0.0103	0.0060	0.0000	0.0165	0.0138	0.0000	0.0000	0.0000	0.0000	0.0743	0.0847	0.0000	1.1025	1.1626	0.0000	0.0000	0.0000	0.0000	7.1914	14.0209	0.0000	66.7893	84.0926	0.0000	0.0001	0.0002	0.0000	0.0000	0.0000	-0.0020	-0.6177	5.0808	2.0083	12.0223	3.0031	0.0087	0.0087	0.0000	0.0087	0.0087	0.0000	0.0000	0.0000	0.0000	0.9976	0.9976	0.0000	0.9976	0.9976	0.0000	0.0000	0.0000	0.0000	0.1173	0.1029	0.0144	0.0079	0.0075	0.0004	0.1094	0.0954	0.0140	0.1387	0.0711	0.0676	0.0149	0.0119	0.0031	0.1238	0.0593	0.0645
28	94	0.1710	15	2	0	1	0	1	0	1	0	1	0	2	0	0	0	0	0	0	0	Y	N	N	N	Y	N	N	N	N	N	N	N	N	N	N	N	N	N	0.0000	0.0000	0.0000	0.0000	0.0000	0.0000	0.0000	0.0000	0.0000	0.0000	0.0000	0.0000	0.0000	0.0000	0.0000	0.0000	0.0000	0.0000	2.9706	2.2228	4.4768	4.5543	4.6968	0.0000	2.2041	0.0000	4.6145		1.0000	0.0000	-0.0000	5.0808	0.0000	12.0223	0.0002	0.0000	0.0000	0.0000	0.0000	0.0000	0.0000	0.0000	0.0000	0.0000	0.0000	0.0000	0.0000	0.0000	0.0000	0.0000	0.0000	0.0000	0.0000	0.0000	0.0000	0.0000	0.0000	0.0000	0.0000	0.0000	0.0000	0.0000	0.0000	0.0000	0.0000	0.0000	0.0000	0.0000	0.0000	0.0000	0.0000
28	95	0.1678	14	2	0	1	0	1	0	1	0	1	0	2	0	0	0	0	0	0	0	Y	N	N	N	Y	N	N	N	N	N	N	N	N	N	N	N	N	N	0.0000	0.0000	0.0000	0.0000	0.0000	0.0000	0.0000	0.0000	0.0000	0.0000	0.0000	0.0000	0.0000	0.0000	0.0000	0.0000	0.0000	0.0000	0.0007	0.0007	0.0007	0.0033	0.0041	0.0000	0.0004	0.0000	0.0008		1.0009	0.0000	-0.0000	5.0808	1.0000	12.0223	0.0001	0.0000	0.0000	0.0000	0.0000	0.0000	0.0000	0.0000	0.0000	0.0000	0.0000	0.0000	0.0000	0.0000	0.0000	0.0000	0.0000	0.0000	0.0000	0.0591	0.0519	0.0073	0.0038	0.0036	0.0002	0.0553	0.0482	0.0071	0.0283	0.0145	0.0138	0.0031	0.0024	0.0006	0.0253	0.0121	0.0132
28	96	0.1678	13	2	0	1	0	1	0	1	0	2	0	2	0	0	0	0	0	0	0	Y	N	N	N	Y	N	N	N	N	N	N	N	N	N	N	N	N	N	0.0000	0.0000	0.0000	0.0000	0.0000	0.0000	0.0000	0.0000	0.0000	0.0000	0.0000	0.0000	0.0000	0.0000	0.0000	0.0000	0.0000	0.0000	0.0007	0.0000	0.0000	0.0000	0.0000	0.0000	0.0000	0.0000	0.0000			0.0000	-0.0000	5.0808	0.0000	12.0223	0.0001	0.0000	0.0000	0.0000	0.0000	0.0000	0.0000	0.0000	0.0000	0.0000	0.0000	0.0000	0.0000	0.0000	0.0000	0.0000	0.0000	0.0000	0.0000	0.0000	0.0000	0.0000	0.0000	0.0000	0.0000	0.0000	0.0000	0.0000	0.0000	0.0000	0.0000	0.0000	0.0000	0.0000	0.0000	0.0000	0.0000
28	97	0.1646	12	2	0	1	0	1	0	1	0	1	0	1	0	0	0	0	0	0	0	Y	N	N	N	N	N	N	N	N	N	N	N	N	N	N	N	N	N	0.0001	inf	0.0000	6.3903	inf	0.0000	0.0000	0.0000	0.0000	0.0000	0.0000	0.0000	0.0000	0.0000	0.0000	0.0000	0.0000	0.0000	0.0038	0.0000	0.0079	0.0000	0.0000	0.0000	0.0043	0.0000	0.0083	0.0000	inf	-0.0000	0.0000	5.0808	0.9999	12.0223	0.0008	0.0000	0.0000	0.0000	0.0000	0.0000	0.0000	0.0000	0.0000	0.0000	0.0001	0.0000	0.0001	0.0000	0.0000	0.0000	0.0001	0.0000	0.0001	0.0604	0.0530	0.0074	0.0036	0.0035	0.0002	0.0568	0.0495	0.0072	0.0287	0.0148	0.0139	0.0031	0.0024	0.0006	0.0256	0.0124	0.0132
28	107	0.1678	13	2	0	1	0	1	0	1	0	1	0	1	0	0	0	0	0	0	0	Y	N	N	N	N	N	N	N	N	N	N	N	N	N	N	N	N	N	3.1688	1.6322	368829.3155	0.0398	0.0000	inf	696619.9897	inf	341618.4234	0.0233	0.0232	0.0241	0.0027	0.0000	0.0518	0.0246	0.0248	0.0234	0.0074	0.0142	0.0000	0.0686	0.0862	0.0000	0.0000	0.0000	0.0000	0.1461	0.0000	-0.0001	-0.0003	5.0808	1.0015	12.0223	0.9989	0.0014	0.0012	0.0002	0.0000	0.0000	0.0000	0.0014	0.0012	0.0002	0.0004	0.0004	0.0000	0.0004	0.0004	0.0000	0.0000	0.0000	0.0000	0.0605	0.0531	0.0074	0.0037	0.0035	0.0002	0.0569	0.0496	0.0073	0.0571	0.0295	0.0275	0.0061	0.0049	0.0012	0.0509	0.0247	0.0263
28	108	0.1646	12	2	0	1	0	1	0	1	0	1	0	1	0	0	0	0	0	0	0	Y	N	N	N	N	N	N	N	N	N	N	N	N	N	N	N	N	N	0.0001	inf	0.0002	8.4960	inf	0.0000	0.0000	0.0000	0.0002	0.0000	0.0000	0.0000	0.0000	0.0000	0.0000	0.0000	0.0000	0.0000	0.0038	0.0000	0.0079	0.0000	0.0000	0.0000	0.0043	0.0000	0.0083	0.8750	inf	0.0000	0.0000	5.0808	1.0004	12.0223	0.0020	0.0000	0.0000	0.0000	0.0000	0.0000	0.0000	0.0000	0.0000	0.0000	0.0001	0.0000	0.0001	0.0000	0.0000	0.0000	0.0001	0.0000	0.0001	0.0604	0.0530	0.0074	0.0036	0.0035	0.0002	0.0568	0.0496	0.0072	0.0287	0.0148	0.0139	0.0031	0.0024	0.0006	0.0257	0.0124	0.0133
28	109	0.1386	11	2	0	1	0	2	0	1	0	1	0	1	0	0	0	0	0	0	0	Y	N	N	N	N	N	N	N	N	N	N	N	N	N	N	N	N	N	0.0002	93190.9200	0.0001	41.0652	220671.4665	16.4023	0.0000	0.0000	0.0000	0.0011	0.0011	0.0009	0.0202	0.0191	0.0383	0.0000	0.0000	0.0000	4.5052	0.0000	9.2395	0.0005	0.0000	0.0023	4.9618	0.0000	9.6209	0.1111	714065726.7786	-0.0000	0.3803	5.0808	3.0035	12.0223	5.0043	0.0002	0.0002	0.0000	0.0002	0.0002	0.0000	0.0000	0.0000	0.0000	0.9987	0.0000	0.9987	0.0000	0.0000	0.0000	0.9986	0.0000	0.9986	0.1789	0.1569	0.0220	0.0099	0.0094	0.0005	0.1690	0.1475	0.0215	0.2217	0.1136	0.1081	0.0204	0.0161	0.0043	0.2013	0.0975	0.1038
28	112	0.0992	5	2	0	1	0	2	0	1	0	1	0	1	0	0	0	0	0	0	0	Y	N	N	N	N	N	N	N	N	N	N	N	N	N	N	N	N	N	0.0564	0.0437	0.1590	0.5828	0.3351	21.0520	0.0029	0.2139	0.0001	0.1163	0.0753	0.4071	2.9331	1.7072	26.6892	0.0038	0.0043	0.0003	2.0636	1.7224	2.5605	5.0325	5.0941	1.2678	1.3113	0.0201	2.5710	0.7630	1.0208	0.0044	-0.0557	5.0808	3.0209	12.0223	2.2550	0.0217	0.0123	0.0094	0.0210	0.0116	0.0094	0.0007	0.0007	0.0000	0.4887	0.2418	0.2468	0.2409	0.2399	0.0010	0.2477	0.0019	0.2459	0.1863	0.1632	0.0230	0.0072	0.0068	0.0004	0.1791	0.1564	0.0227	0.2368	0.1404	0.0964	0.0479	0.0471	0.0008	0.1889	0.0933	0.0956
30	36	0.1959	16	2	1	1	0	0	1	1	0	0	1	0	1	0	0	0	0	0	0	Y	N	N	N	N	N	N	N	N	N	N	N	N	N	N	N	N	N	4121.5232	2448.4405	0.0000	0.0000	0.0000	0.0000	inf	inf	0.0000	5.8372	6.6141	0.0000	0.0000	0.0000	0.0000	6.6131	7.5671	0.0000	0.0014	0.0027	0.0000	0.0111	0.0143	0.0000	0.0000	0.0000	0.0000	0.0000	0.0000	-0.4616	-0.0002	3.0000	11.0150	7.0000	4.0316	2.0000	2.0000	0.0000	0.0000	0.0000	0.0000	2.0000	2.0000	0.0000	0.0003	0.0003	0.0000	0.0003	0.0003	0.0000	0.0000	0.0000	0.0000	0.3426	0.3024	0.0402	0.0402	0.0381	0.0021	0.3024	0.2643	0.0381	0.2330	0.1222	0.1108	0.0296	0.0230	0.0066	0.2034	0.0992	0.1042
30	38	0.0509	5	2	1	1	1	0	1	1	1	0	1	1	1	0	0	0	0	0	0	Y	N	N	N	N	N	N	N	N	N	N	N	N	N	N	N	N	N	1.5842	0.0000	inf	0.0050	0.0000	inf	inf	0.0000	inf	0.0053	0.0000	0.0514	0.0003	0.0000	0.0298	0.0065	0.0000	0.0518	0.0033	0.0064	0.0000	0.0562	0.0566	0.0000	0.0000	0.0000	0.0000	inf	0.0000	0.0007	-0.0002	3.0000	3.1237	7.0000	0.5096	0.0009	0.0000	0.0009	0.0000	0.0000	0.0000	0.0009	0.0000	0.0009	0.0003	0.0003	0.0000	0.0003	0.0003	0.0000	0.0000	0.0000	0.0000	0.1758	0.1577	0.0181	0.0353	0.0349	0.0003	0.1405	0.1227	0.0178	0.0749	0.0391	0.0357	0.0044	0.0044	0.0000	0.0704	0.0347	0.0357
30	43	0.0407	5	2	1	1	1	0	1	1	1	0	1	1	1	0	0	0	0	0	0	Y	N	N	N	N	N	N	N	N	N	N	N	N	N	N	N	N	N	0.0000	0.0000	0.0000	0.0000	0.0000	0.0000	0.0000	0.0000	0.0000	0.0000	0.0000	0.0000	0.0000	0.0000	0.0000	0.0000	0.0000	0.0000	0.0000	0.0000	0.0000	0.0000	0.0000	0.0000	0.0000	0.0000	0.0000			0.0000	0.0000	3.0000	2.9999	7.0000	0.9999	0.0000	0.0000	0.0000	0.0000	0.0000	0.0000	0.0000	0.0000	0.0000	0.0000	0.0000	0.0000	0.0000	0.0000	0.0000	0.0000	0.0000	0.0000	0.1211	0.1064	0.0147	0.0074	0.0073	0.0000	0.1137	0.0991	0.0146	0.0757	0.0356	0.0401	0.0001	0.0001	0.0000	0.0756	0.0356	0.0401
30	44	0.0358	4	2	1	1	0	0	1	1	0	0	0	1	0	0	0	0	0	0	0	Y	N	N	N	N	N	N	N	N	N	N	N	N	N	N	N	N	N	9125.6716	15011.7013	11.1711	inf	inf	inf	9134.1530	15027.0925	11.1763	14.3555	16.4510	0.0225	6.3954	6.9210	0.0119	14.3689	16.4680	0.0225	0.0016	0.0011	0.0020	0.0000	0.0000	0.0000	0.0016	0.0011	0.0020	0.0002	2.0000	-0.1155	0.0000	3.0000	1.0020	7.0000	0.0022	0.5009	0.5008	0.0001	0.0004	0.0004	0.0000	0.5006	0.5005	0.0001	0.0000	0.0000	0.0000	0.0000	0.0000	0.0000	0.0000	0.0000	0.0000	0.0349	0.0304	0.0045	0.0001	0.0001	0.0000	0.0348	0.0304	0.0044	0.0191	0.0091	0.0099	0.0000	0.0000	0.0000	0.0191	0.0091	0.0099
30	45	0.0358	4	2	1	1	0	0	1	1	0	0	0	1	1	0	0	0	0	0	0	Y	N	N	N	N	N	N	N	N	N	N	N	N	N	N	N	N	N	inf	inf	0.0000	0.0000	0.0000	0.0000	inf	inf	0.0000	7.3167	8.3802	0.0000	0.0000	0.0000	0.0000	7.3260	8.3912	0.0000	0.0000	0.0000	0.0000	0.0000	0.0000	0.0000	0.0000	0.0000	0.0000	0.0000		-0.2308	0.0000	3.0000	4.0000	7.0000	1.0000	1.0000	1.0000	0.0000	0.0000	0.0000	0.0000	1.0000	1.0000	0.0000	0.0000	0.0000	0.0000	0.0000	0.0000	0.0000	0.0000	0.0000	0.0000	0.1367	0.1193	0.0173	0.0002	0.0002	0.0000	0.1365	0.1192	0.0173	0.0930	0.0445	0.0484	0.0000	0.0000	0.0000	0.0930	0.0445	0.0484
30	46	0.1605	13	2	1	1	0	0	1	1	0	0	1	0	1	0	0	0	0	0	0	Y	N	N	N	N	N	N	N	N	N	N	N	N	N	N	N	N	N	0.0000	0.0000	0.0000	0.0000	0.0000	0.0000	0.0000	0.0000	0.0000	0.0000	0.0000	0.0000	0.0000	0.0000	0.0000	0.0000	0.0000	0.0000	0.0000	0.0000	0.0000	0.0000	0.0000	0.0000	0.0000	0.0000	0.0000			0.0000	0.0000	3.0000	0.0007	7.0000	1.0103	0.0000	0.0000	0.0000	0.0000	0.0000	0.0000	0.0000	0.0000	0.0000	0.0000	0.0000	0.0000	0.0000	0.0000	0.0000	0.0000	0.0000	0.0000	0.0001	0.0001	0.0000	0.0000	0.0000	0.0000	0.0001	0.0001	0.0000	0.0514	0.0362	0.0152	0.0190	0.0185	0.0005	0.0325	0.0177	0.0147
30	47	0.1254	12	2	1	1	0	1	1	1	0	0	0	0	0	0	0	0	0	0	0	Y	N	N	N	N	N	N	N	N	N	N	N	N	N	N	N	N	N	50.2152	35.3571	0.0000	0.0000	0.0000	0.0000	46.7155	30.1222	0.0000	0.0573	0.0651	0.0000	0.0000	0.0000	0.0000	0.0614	0.0702	0.0000	0.0011	0.0018	0.0003	0.0000	0.0000	0.0000	0.0013	0.0023	0.0003	0.0000	0.1579	-0.0032	-0.0001	3.0000	6.8097	7.0000	3.8431	0.0138	0.0138	0.0000	0.0000	0.0000	0.0000	0.0138	0.0138	0.0000	0.0002	0.0002	0.0000	0.0000	0.0000	0.0000	0.0002	0.0002	0.0000	0.2406	0.2118	0.0288	0.0163	0.0156	0.0006	0.2244	0.1962	0.0282	0.1929	0.1033	0.0896	0.0256	0.0218	0.0038	0.1673	0.0815	0.0858
30	49	0.1864	15	2	1	1	0	0	1	1	0	0	0	0	0	0	0	0	0	0	0	Y	N	N	N	N	N	N	N	N	N	N	N	N	N	N	N	N	N	0.0000	0.0000	0.0000	0.0000	0.0000	0.0000	0.0000	0.0000	0.0000	0.0000	0.0000	0.0000	0.0000	0.0000	0.0000	0.0000	0.0000	0.0000	0.0234	0.0038	0.0564	0.0053	0.0022	0.0363	0.0291	0.0046	0.0576		8.9337	0.0000	0.0004	3.0000	1.6285	7.0000	1.0381	0.0000	0.0000	0.0000	0.0000	0.0000	0.0000	0.0000	0.0000	0.0000	0.0015	0.0001	0.0013	0.0001	0.0000	0.0001	0.0014	0.0001	0.0013	0.0790	0.0698	0.0092	0.0180	0.0177	0.0003	0.0611	0.0522	0.0089	0.0636	0.0398	0.0238	0.0151	0.0137	0.0014	0.0485	0.0261	0.0224
30	53	0.0521	5	2	1	1	0	0	1	1	0	0	0	1	1	0	0	0	0	0	0	Y	N	N	N	N	N	N	N	N	N	N	N	N	N	N	N	N	N	0.0000	0.0000	0.0000	0.0000	0.0000	0.0000	0.0000	0.0000	0.0000	0.0000	0.0000	0.0000	0.0000	0.0000	0.0000	0.0000	0.0000	0.0000	0.0000	0.0000	0.0000	0.0000	0.0000	0.0000	0.0000	0.0000	0.0000			0.0000	0.0000	3.0000	0.9921	7.0000	0.0076	0.0000	0.0000	0.0000	0.0000	0.0000	0.0000	0.0000	0.0000	0.0000	0.0000	0.0000	0.0000	0.0000	0.0000	0.0000	0.0000	0.0000	0.0000	0.0347	0.0303	0.0044	0.0005	0.0005	0.0000	0.0342	0.0298	0.0044	0.0193	0.0094	0.0099	0.0004	0.0003	0.0001	0.0188	0.0090	0.0098
30	60	0.0358	4	2	1	1	0	0	1	1	0	0	0	1	1	0	0	0	0	0	0	Y	N	N	N	N	N	N	N	N	N	N	N	N	N	N	N	N	N	0.0000	0.0000	0.0000	0.0000	0.0000	0.0000	0.0000	0.0000	0.0000	0.0000	0.0000	0.0000	0.0000	0.0000	0.0000	0.0000	0.0000	0.0000	0.0000	0.0000	0.0000	0.0000	0.0000	0.0000	0.0000	0.0000	0.0000			0.0000	0.0000	3.0000	2.0000	7.0000	7.0000	0.0000	0.0000	0.0000	0.0000	0.0000	0.0000	0.0000	0.0000	0.0000	0.0000	0.0000	0.0000	0.0000	0.0000	0.0000	0.0000	0.0000	0.0000	0.0692	0.0604	0.0088	0.0001	0.0001	0.0000	0.0691	0.0603	0.0088	0.1638	0.0785	0.0853	0.0000	0.0000	0.0000	0.1638	0.0785	0.0853
30	61	0.0358	3	2	1	1	0	0	1	1	0	0	1	1	1	0	0	0	0	0	0	Y	N	N	N	N	N	N	N	N	N	N	N	N	N	N	N	N	N	0.0000	0.0000	0.0000	0.0000	0.0000	0.0000	0.0000	0.0000	0.0000	0.0000	0.0000	0.0000	0.0000	0.0000	0.0000	0.0000	0.0000	0.0000	0.0000	0.0000	0.0000	0.0000	0.0000	0.0000	0.0000	0.0000	0.0000			0.0000	0.0000	3.0000	0.0000	7.0000	0.0000	0.0000	0.0000	0.0000	0.0000	0.0000	0.0000	0.0000	0.0000	0.0000	0.0000	0.0000	0.0000	0.0000	0.0000	0.0000	0.0000	0.0000	0.0000	0.0000	0.0000	0.0000	0.0000	0.0000	0.0000	0.0000	0.0000	0.0000	0.0000	0.0000	0.0000	0.0000	0.0000	0.0000	0.0000	0.0000	0.0000
30	68	0.1864	15	2	1	1	0	0	1	1	0	0	1	0	1	0	0	0	0	0	0	Y	N	N	N	N	N	N	N	N	N	N	N	N	N	N	N	N	N	0.0000	0.0000	0.0000	0.0000	0.0000	0.0000	0.0000	0.0000	0.0000	0.0000	0.0000	0.0000	0.0000	0.0000	0.0000	0.0000	0.0000	0.0000	0.0091	0.0004	0.0207	0.0035	0.0015	0.0153	0.0104	0.0000	0.0211		37.6667	0.0000	0.0004	3.0000	1.4193	7.0000	5.2011	0.0000	0.0000	0.0000	0.0000	0.0000	0.0000	0.0000	0.0000	0.0000	0.0012	0.0000	0.0011	0.0001	0.0000	0.0001	0.0011	0.0000	0.0011	0.0722	0.0639	0.0084	0.0173	0.0171	0.0003	0.0549	0.0468	0.0081	0.1271	0.0726	0.0545	0.0228	0.0195	0.0033	0.1043	0.0531	0.0512
30	69	0.1362	14	2	1	1	0	1	1	1	0	0	0	0	0	0	0	0	0	0	0	Y	N	N	N	N	N	N	N	N	N	N	N	N	N	N	N	N	N	0.0001	1.1269	0.0000	1.9352	129.3983	0.0000	0.0000	0.0000	0.0000	0.0005	0.0006	0.0000	0.0089	0.0093	0.0000	0.0000	0.0000	0.0000	4.3570	0.0005	9.2079	0.0046	0.0001	0.0246	4.9275	0.0006	9.6399	0.0000	16225.2554	-0.0000	0.3799	3.0000	9.3928	7.0000	3.6523	0.0002	0.0002	0.0000	0.0002	0.0002	0.0000	0.0000	0.0000	0.0000	0.9977	0.0001	0.9976	0.0001	0.0000	0.0001	0.9976	0.0001	0.9975	0.3169	0.2786	0.0383	0.0181	0.0172	0.0008	0.2988	0.2613	0.0375	0.2290	0.1206	0.1083	0.0265	0.0217	0.0049	0.2024	0.0990	0.1035
30	74	0.0358	4	2	1	1	0	0	1	1	0	0	0	1	0	0	0	0	0	0	0	Y	N	N	N	N	N	N	N	N	N	N	N	N	N	N	N	N	N	2469.0552	0.0156	126721.6138	inf	inf	inf	2471.1435	0.0147	126782.8725	7.4389	0.0001	58.6133	2.8637	0.0035	30.6703	7.4452	0.0001	58.6416	0.0030	0.0058	0.0005	0.0000	0.0000	0.0000	0.0030	0.0058	0.0005	94340.2561	0.0870	0.7684	-0.0001	3.0000	3.9277	7.0000	0.5227	0.9990	0.0000	0.9990	0.0005	0.0000	0.0005	0.9984	0.0000	0.9984	0.0003	0.0002	0.0000	0.0000	0.0000	0.0000	0.0003	0.0002	0.0000	0.1343	0.1172	0.0170	0.0002	0.0002	0.0000	0.1341	0.1171	0.0170	0.0830	0.0397	0.0432	0.0000	0.0000	0.0000	0.0830	0.0397	0.0432
30	75	0.0358	3	2	1	1	0	0	1	1	0	0	0	1	0	0	0	0	0	0	0	Y	N	N	N	N	N	N	N	N	N	N	N	N	N	N	N	N	N	inf	inf	inf	0.0000	0.0000	0.0000	inf	inf	inf	20.0882	19.0731	27.0160	0.0000	0.0000	0.0000	20.1132	19.0975	27.0430	0.0000	0.0000	0.0000	0.0000	0.0000	0.0000	0.0000	0.0000	0.0000	0.2075		-0.0000	0.0000	3.0000	0.0009	7.0000	0.0000	0.0006	0.0005	0.0001	0.0000	0.0000	0.0000	0.0006	0.0005	0.0001	0.0000	0.0000	0.0000	0.0000	0.0000	0.0000	0.0000	0.0000	0.0000	0.0000	0.0000	0.0000	0.0000	0.0000	0.0000	0.0000	0.0000	0.0000	0.0000	0.0000	0.0000	0.0000	0.0000	0.0000	0.0000	0.0000	0.0000
30	76	0.0326	2	2	1	1	0	0	1	1	0	0	0	1	0	0	0	0	0	0	0	Y	N	N	N	N	N	N	N	N	N	N	N	N	N	N	N	N	N	0.0000	0.0000	0.0000	0.0000	0.0000	0.0000	0.0000	0.0000	0.0000	0.0000	0.0000	0.0000	0.0000	0.0000	0.0000	0.0000	0.0000	0.0000	0.0016	0.0033	0.0000	59.0659	59.0659	0.0000	0.0000	0.0000	0.0000		0.0000	0.0000	-0.0000	3.0000	1.0000	7.0000	0.0000	0.0000	0.0000	0.0000	0.0000	0.0000	0.0000	0.0000	0.0000	0.0000	0.0000	0.0000	0.0000	0.0000	0.0000	0.0000	0.0000	0.0000	0.0000	0.0348	0.0304	0.0044	0.0000	0.0000	0.0000	0.0348	0.0304	0.0044	0.0191	0.0091	0.0099	0.0000	0.0000	0.0000	0.0190	0.0091	0.0099
30	77	0.0770	7	2	1	1	0	1	1	1	0	0	0	0	0	0	0	0	0	0	0	Y	N	N	N	N	N	N	N	N	N	N	N	N	N	N	N	N	N	0.0000	0.0000	0.0000	0.0000	0.0000	0.0000	0.0000	0.0000	0.0000	0.0000	0.0000	0.0000	0.0000	0.0000	0.0000	0.0000	0.0000	0.0000	0.0000	0.0000	0.0000	0.0000	0.0000	0.0000	0.0000	0.0000	0.0000			0.0000	0.0000	3.0000	3.3326	7.0000	4.0108	0.0000	0.0000	0.0000	0.0000	0.0000	0.0000	0.0000	0.0000	0.0000	0.0000	0.0000	0.0000	0.0000	0.0000	0.0000	0.0000	0.0000	0.0000	0.1227	0.1076	0.0150	0.0060	0.0059	0.0001	0.1167	0.1017	0.0149	0.1319	0.0656	0.0662	0.0021	0.0018	0.0003	0.1298	0.0638	0.0660
30	79	0.0616	6	2	1	1	0	0	1	1	0	0	0	1	1	0	0	0	0	0	0	Y	N	N	N	N	N	N	N	N	N	N	N	N	N	N	N	N	N	0.0000	0.0000	0.0000	0.0000	0.0000	0.0000	0.0000	0.0000	0.0000	0.0000	0.0000	0.0000	0.0000	0.0000	0.0000	0.0000	0.0000	0.0000	0.0116	0.0237	0.0000	0.0200	0.0250	0.0000	0.0114	0.0236	0.0000		0.0000	0.0000	-0.0001	3.0000	0.0001	7.0000	1.0072	0.0000	0.0000	0.0000	0.0000	0.0000	0.0000	0.0000	0.0000	0.0000	0.0002	0.0002	0.0000	0.0000	0.0000	0.0000	0.0002	0.0002	0.0000	0.0000	0.0000	0.0000	0.0000	0.0000	0.0000	0.0000	0.0000	0.0000	0.0190	0.0093	0.0097	0.0005	0.0004	0.0001	0.0185	0.0089	0.0096
30	80	0.0519	5	2	1	1	0	0	1	1	0	0	0	1	1	0	0	0	0	0	0	Y	N	N	N	N	N	N	N	N	N	N	N	N	N	N	N	N	N	0.0000	0.0000	0.0000	0.0000	0.0000	0.0000	0.0000	0.0000	0.0000	0.0000	0.0000	0.0000	0.0000	0.0000	0.0000	0.0000	0.0000	0.0000	0.0002	0.0004	0.0000	0.0000	0.0000	0.0000	0.0002	0.0004	0.0000		0.0000	0.0000	-0.0000	3.0000	1.0058	7.0000	1.9973	0.0000	0.0000	0.0000	0.0000	0.0000	0.0000	0.0000	0.0000	0.0000	0.0000	0.0000	0.0000	0.0000	0.0000	0.0000	0.0000	0.0000	0.0000	0.0357	0.0312	0.0045	0.0010	0.0010	0.0001	0.0347	0.0302	0.0044	0.0562	0.0274	0.0287	0.0013	0.0011	0.0003	0.0549	0.0264	0.0285
30	83	0.0519	5	2	1	1	0	0	1	1	0	0	0	1	1	0	0	0	0	0	0	Y	N	N	N	N	N	N	N	N	N	N	N	N	N	N	N	N	N	0.0000	0.0000	0.0000	0.0000	0.0000	0.0000	0.0000	0.0000	0.0000	0.0000	0.0000	0.0000	0.0000	0.0000	0.0000	0.0000	0.0000	0.0000	0.0000	0.0000	0.0000	0.0000	0.0000	0.0000	0.0000	0.0000	0.0000			0.0000	0.0000	3.0000	5.0069	7.0000	6.0103	0.0000	0.0000	0.0000	0.0000	0.0000	0.0000	0.0000	0.0000	0.0000	0.0000	0.0000	0.0000	0.0000	0.0000	0.0000	0.0000	0.0000	0.0000	0.1717	0.1502	0.0215	0.0042	0.0039	0.0003	0.1676	0.1464	0.0212	0.1956	0.0954	0.1002	0.0036	0.0027	0.0009	0.1920	0.0926	0.0994
30	84	0.0455	4	2	1	1	0	0	1	1	0	1	1	1	1	0	0	0	0	0	0	Y	N	N	N	N	N	N	N	N	N	N	N	N	N	N	N	N	N	0.0000	0.0000	0.0000	0.0000	0.0000	0.0000	0.0000	0.0000	0.0000	0.0000	0.0000	0.0000	0.0000	0.0000	0.0000	0.0000	0.0000	0.0000	0.0003	0.0005	0.0000	0.0094	0.0113	0.0000	0.0000	0.0000	0.0000		0.0000	0.0000	-0.0000	3.0000	1.9932	7.0000	0.0278	0.0000	0.0000	0.0000	0.0000	0.0000	0.0000	0.0000	0.0000	0.0000	0.0000	0.0000	0.0000	0.0000	0.0000	0.0000	0.0000	0.0000	0.0000	0.0694	0.0606	0.0088	0.0005	0.0005	0.0000	0.0688	0.0601	0.0088	0.0391	0.0192	0.0199	0.0011	0.0009	0.0002	0.0380	0.0183	0.0197
30	91	0.1146	10	2	1	1	0	0	1	1	0	0	0	0	0	0	0	0	0	0	0	Y	N	N	N	N	N	N	N	N	N	N	N	N	N	N	N	N	N	0.5170	0.2957	3.2173	0.0000	0.0000	0.0000	0.4306	0.2073	3.1810	0.0007	0.0006	0.0015	0.0000	0.0000	0.0000	0.0008	0.0007	0.0015	0.0014	0.0021	0.0005	0.0000	0.0000	0.0000	0.0018	0.0032	0.0005	0.3333	0.1579	0.0000	-0.0001	3.0000	1.5872	7.0000	4.4746	0.0000	0.0000	0.0000	0.0000	0.0000	0.0000	0.0000	0.0000	0.0000	0.0002	0.0002	0.0000	0.0000	0.0000	0.0000	0.0002	0.0002	0.0000	0.0551	0.0482	0.0069	0.0025	0.0023	0.0001	0.0527	0.0459	0.0068	0.1568	0.0904	0.0664	0.0320	0.0301	0.0019	0.1247	0.0603	0.0645
30	92	0.0521	5	2	1	1	1	0	1	1	1	0	0	1	1	0	0	0	0	0	0	Y	N	N	N	N	N	N	N	N	N	N	N	N	N	N	N	N	N	0.0000	0.0000	0.0000	0.0000	0.0000	0.0000	0.0000	0.0000	0.0000	0.0000	0.0000	0.0000	0.0000	0.0000	0.0000	0.0000	0.0000	0.0000	0.0000	0.0000	0.0000	0.0000	0.0000	0.0000	0.0000	0.0000	0.0000			0.0000	0.0000	3.0000	1.0091	7.0000	1.9972	0.0000	0.0000	0.0000	0.0000	0.0000	0.0000	0.0000	0.0000	0.0000	0.0000	0.0000	0.0000	0.0000	0.0000	0.0000	0.0000	0.0000	0.0000	0.0353	0.0308	0.0044	0.0005	0.0005	0.0000	0.0347	0.0303	0.0044	0.0567	0.0275	0.0292	0.0010	0.0007	0.0003	0.0558	0.0268	0.0290
30	93	0.0358	4	2	1	1	0	0	1	1	0	0	1	1	1	0	0	0	0	0	0	Y	N	N	N	N	N	N	N	N	N	N	N	N	N	N	N	N	N	0.0000	0.0000	0.0000	0.0000	0.0000	0.0000	0.0000	0.0000	0.0000	0.0000	0.0000	0.0000	0.0000	0.0000	0.0000	0.0000	0.0000	0.0000	0.0001	0.0002	0.0000	4.0601	4.0801	0.0000	0.0000	0.0000	0.0000		0.0000	0.0000	-0.0000	3.0000	2.0083	7.0000	3.0031	0.0000	0.0000	0.0000	0.0000	0.0000	0.0000	0.0000	0.0000	0.0000	0.0000	0.0000	0.0000	0.0000	0.0000	0.0000	0.0000	0.0000	0.0000	0.0691	0.0603	0.0088	0.0001	0.0001	0.0000	0.0690	0.0602	0.0088	0.0933	0.0447	0.0486	0.0000	0.0000	0.0000	0.0933	0.0447	0.0486
30	94	0.0358	3	2	1	1	0	0	1	1	0	0	0	1	0	0	0	0	0	0	0	Y	N	N	N	N	N	N	N	N	N	N	N	N	N	N	N	N	N	0.0000	0.0000	0.0000	0.0000	0.0000	0.0000	0.0000	0.0000	0.0000	0.0000	0.0000	0.0000	0.0000	0.0000	0.0000	0.0000	0.0000	0.0000	2.3722	1.8676	3.2504	4.5303	4.5303	0.0000	1.6068	0.0000	3.2504		1.0000	0.0000	-0.0000	3.0000	0.0000	7.0000	0.0002	0.0000	0.0000	0.0000	0.0000	0.0000	0.0000	0.0000	0.0000	0.0000	0.0000	0.0000	0.0000	0.0000	0.0000	0.0000	0.0000	0.0000	0.0000	0.0000	0.0000	0.0000	0.0000	0.0000	0.0000	0.0000	0.0000	0.0000	0.0000	0.0000	0.0000	0.0000	0.0000	0.0000	0.0000	0.0000	0.0000
30	95	0.0326	2	2	1	1	0	0	1	1	0	0	0	1	0	0	0	0	0	0	0	Y	N	N	N	N	N	N	N	N	N	N	N	N	N	N	N	N	N	0.0000	0.0000	0.0000	0.0000	0.0000	0.0000	0.0000	0.0000	0.0000	0.0000	0.0000	0.0000	0.0000	0.0000	0.0000	0.0000	0.0000	0.0000	0.0021	0.0033	0.0010	59.0654	59.0654	0.0000	0.0005	0.0000	0.0010		0.3333	0.0000	-0.0000	3.0000	1.0000	7.0000	0.0001	0.0000	0.0000	0.0000	0.0000	0.0000	0.0000	0.0000	0.0000	0.0000	0.0000	0.0000	0.0000	0.0000	0.0000	0.0000	0.0000	0.0000	0.0000	0.0348	0.0304	0.0044	0.0000	0.0000	0.0000	0.0348	0.0304	0.0044	0.0191	0.0091	0.0099	0.0000	0.0000	0.0000	0.0191	0.0091	0.0099
30	107	0.0390	3	2	1	1	0	0	1	1	0	0	0	0	0	0	0	0	0	0	0	Y	N	N	N	N	N	N	N	N	N	N	N	N	N	N	N	N	N	0.0000	0.0000	0.0000	0.0000	0.0000	0.0000	0.0000	0.0000	0.0000	0.0000	0.0000	0.0000	0.0000	0.0000	0.0000	0.0000	0.0000	0.0000	0.0307	0.0638	0.0000	42.0586	42.1424	0.0000	0.0003	0.0006	0.0000		0.0000	0.0000	-0.0007	3.0000	1.0015	7.0000	0.9989	0.0000	0.0000	0.0000	0.0000	0.0000	0.0000	0.0000	0.0000	0.0000	0.0012	0.0012	0.0000	0.0011	0.0011	0.0000	0.0000	0.0000	0.0000	0.0350	0.0305	0.0044	0.0002	0.0002	0.0000	0.0348	0.0304	0.0044	0.0378	0.0182	0.0196	0.0000	0.0000	0.0000	0.0378	0.0182	0.0196
30	108	0.0358	2	2	1	1	0	0	1	1	0	0	0	0	0	0	0	0	0	0	0	Y	N	N	N	N	N	N	N	N	N	N	N	N	N	N	N	N	N	0.0000	0.0000	0.0000	0.0000	0.0000	0.0000	0.0000	0.0000	0.0000	0.0000	0.0000	0.0000	0.0000	0.0000	0.0000	0.0000	0.0000	0.0000	0.0746	0.1555	0.0000	15.5702	15.5794	0.0000	0.0605	0.1262	0.0000		0.0000	0.0000	-0.0009	3.0000	1.0004	7.0000	0.0020	0.0000	0.0000	0.0000	0.0000	0.0000	0.0000	0.0000	0.0000	0.0000	0.0014	0.0014	0.0000	0.0003	0.0003	0.0000	0.0011	0.0011	0.0000	0.0349	0.0304	0.0044	0.0002	0.0002	0.0000	0.0347	0.0303	0.0044	0.0190	0.0091	0.0099	0.0000	0.0000	0.0000	0.0190	0.0091	0.0099
30	112	0.1012	9	2	1	1	0	1	1	1	0	0	0	0	0	0	0	0	0	0	0	Y	N	N	N	N	N	N	N	N	N	N	N	N	N	N	N	N	N	inf	inf	0.0000	inf	inf	0.0000	0.0000	0.0000	0.0000	0.0091	0.0104	0.0000	0.2754	0.2900	0.0000	0.0000	0.0000	0.0000	0.0000	0.0000	0.0000	0.0000	0.0000	0.0000	0.0000	0.0000	0.0000	0.0000		-0.0002	0.0000	3.0000	3.0209	7.0000	2.2550	0.0010	0.0010	0.0000	0.0010	0.0010	0.0000	0.0000	0.0000	0.0000	0.0000	0.0000	0.0000	0.0000	0.0000	0.0000	0.0000	0.0000	0.0000	0.1057	0.0925	0.0132	0.0035	0.0033	0.0002	0.1022	0.0892	0.0130	0.1472	0.0865	0.0607	0.0324	0.0307	0.0017	0.1148	0.0558	0.0591
31	36	0.1017	9	1	0	1	0	0	0	1	0	0	2	0	2	0	0	0	0	0	0	N	N	N	N	N	Y	N	N	N	N	N	N	N	N	N	N	N	N	0.0000	0.0000	0.0000	0.0000	0.0000	0.0000	0.0000	0.0000	0.0000	0.0000	0.0000	0.0000	0.0000	0.0000	0.0000	0.0000	0.0000	0.0000	0.0000	0.0000	0.0000	0.0000	0.0000	0.0000	0.0000	0.0000	0.0000		1.2237	0.0000	-0.0000	0.0057	11.0150	1.0792	4.0316	0.0000	0.0000	0.0000	0.0000	0.0000	0.0000	0.0000	0.0000	0.0000	0.0000	0.0000	0.0000	0.0000	0.0000	0.0000	0.0000	0.0000	0.0000	0.0027	0.0024	0.0003	0.0014	0.0013	0.0001	0.0013	0.0010	0.0002	0.0315	0.0180	0.0136	0.0038	0.0035	0.0002	0.0278	0.0145	0.0133
31	38	0.1276	18	1	0	1	1	0	0	1	1	0	2	1	2	0	0	0	0	0	0	N	N	N	N	N	Y	N	N	N	N	N	N	N	N	N	N	N	N	0.0000	0.0000	0.0000	0.0000	0.0000	0.0000	0.0000	0.0000	0.0000	0.0000	0.0000	0.0000	0.0000	0.0000	0.0000	0.0000	0.0000	0.0000	0.0005	0.0008	0.0000	0.0022	0.0024	0.0000	0.0000	0.0000	0.0000		0.0011	0.0000	-0.0000	0.0057	3.1237	1.0792	0.5096	0.0000	0.0000	0.0000	0.0000	0.0000	0.0000	0.0000	0.0000	0.0000	0.0000	0.0000	0.0000	0.0000	0.0000	0.0000	0.0000	0.0000	0.0000	0.0010	0.0009	0.0001	0.0006	0.0005	0.0000	0.0005	0.0004	0.0001	0.0096	0.0059	0.0037	0.0022	0.0020	0.0002	0.0074	0.0040	0.0035
31	43	0.1174	18	1	0	1	1	0	0	1	1	0	2	1	2	0	0	0	0	0	0	N	N	N	N	N	Y	N	N	N	N	N	N	N	N	N	N	N	N	0.0000	0.0000	0.0000	0.0000	0.0000	0.0000	0.0000	0.0000	0.0000	0.0000	0.0000	0.0000	0.0000	0.0000	0.0000	0.0000	0.0000	0.0000	0.0000	0.0000	0.0000	0.0000	0.0000	0.0000	0.0000	0.0000	0.0000			0.0000	0.0000	0.0057	2.9999	1.0792	0.9999	0.0000	0.0000	0.0000	0.0000	0.0000	0.0000	0.0000	0.0000	0.0000	0.0000	0.0000	0.0000	0.0000	0.0000	0.0000	0.0000	0.0000	0.0000	0.0009	0.0008	0.0001	0.0005	0.0005	0.0000	0.0004	0.0004	0.0001	0.0098	0.0057	0.0041	0.0018	0.0016	0.0002	0.0079	0.0040	0.0039
31	45	0.1125	17	1	0	1	0	0	0	1	0	0	1	1	2	0	0	0	0	0	0	N	N	N	N	N	Y	N	N	N	N	N	N	N	N	N	N	N	N	0.0000	0.0000	0.0000	0.0000	0.0000	0.0000	0.0000	0.0000	0.0000	0.0000	0.0000	0.0000	0.0000	0.0000	0.0000	0.0000	0.0000	0.0000	0.0000	0.0000	0.0000	0.0000	0.0000	0.0000	0.0000	0.0000	0.0000			0.0000	0.0000	0.0057	4.0000	1.0792	1.0000	0.0000	0.0000	0.0000	0.0000	0.0000	0.0000	0.0000	0.0000	0.0000	0.0000	0.0000	0.0000	0.0000	0.0000	0.0000	0.0000	0.0000	0.0000	0.0010	0.0009	0.0001	0.0005	0.0005	0.0000	0.0005	0.0004	0.0001	0.0115	0.0066	0.0049	0.0020	0.0017	0.0002	0.0095	0.0049	0.0047
31	46	0.0662	6	1	0	1	0	0	0	1	0	0	2	0	2	0	0	0	0	0	0	N	N	N	N	N	Y	N	N	N	N	N	N	N	N	N	N	N	N	133303.2064	inf	0.0000	inf	inf	0.0000	220218.3866	inf	0.0000	0.2442	0.3243	0.0000	0.1150	0.1712	0.0000	0.6204	0.6267	0.0000	0.0000	0.0000	0.0000	0.0000	0.0000	0.0000	0.0000	0.0000	0.0000	0.0000	inf	-0.0000	0.0000	0.0057	0.0007	1.0792	1.0103	0.0000	0.0000	0.0000	0.0000	0.0000	0.0000	0.0000	0.0000	0.0000	0.0000	0.0000	0.0000	0.0000	0.0000	0.0000	0.0000	0.0000	0.0000	0.0000	0.0000	0.0000	0.0000	0.0000	0.0000	0.0000	0.0000	0.0000	0.0062	0.0045	0.0017	0.0022	0.0021	0.0000	0.0040	0.0024	0.0016
31	53	0.1288	18	1	0	1	0	0	0	1	0	0	1	1	2	0	0	0	0	0	0	N	N	N	N	N	Y	N	N	N	N	N	N	N	N	N	N	N	N	inf	inf	0.0000	inf	inf	0.0000	0.0000	0.0000	0.0000	0.0036	0.0041	0.0000	0.0068	0.0074	0.0000	0.0000	0.0000	0.0000	0.0000	0.0000	0.0000	0.0000	0.0000	0.0000	0.0000	0.0000	0.0000	0.0000		-0.0000	0.0000	0.0057	0.9921	1.0792	0.0076	0.0000	0.0000	0.0000	0.0000	0.0000	0.0000	0.0000	0.0000	0.0000	0.0000	0.0000	0.0000	0.0000	0.0000	0.0000	0.0000	0.0000	0.0000	0.0003	0.0002	0.0000	0.0001	0.0001	0.0000	0.0001	0.0001	0.0000	0.0024	0.0014	0.0010	0.0004	0.0004	0.0001	0.0019	0.0010	0.0009
31	60	0.1125	17	1	0	1	0	0	0	1	0	0	1	1	2	0	0	0	0	0	0	N	N	N	N	N	Y	N	N	N	N	N	N	N	N	N	N	N	N	0.0000	0.0000	0.0000	0.0000	0.0000	0.0000	0.0000	0.0000	0.0000	0.0000	0.0000	0.0000	0.0000	0.0000	0.0000	0.0000	0.0000	0.0000	0.0000	0.0000	0.0000	0.0000	0.0000	0.0000	0.0000	0.0000	0.0000			0.0000	0.0000	0.0057	2.0000	1.0792	7.0000	0.0000	0.0000	0.0000	0.0000	0.0000	0.0000	0.0000	0.0000	0.0000	0.0000	0.0000	0.0000	0.0000	0.0000	0.0000	0.0000	0.0000	0.0000	0.0005	0.0005	0.0001	0.0003	0.0003	0.0000	0.0003	0.0002	0.0000	0.0203	0.0117	0.0086	0.0035	0.0031	0.0004	0.0168	0.0086	0.0082
31	61	0.1125	16	1	0	1	0	0	0	1	0	0	2	1	2	0	0	0	0	0	0	N	N	N	N	N	Y	N	N	N	N	N	N	N	N	N	N	N	N	0.0000	0.0000	0.0000	0.0000	0.0000	0.0000	0.0000	0.0000	0.0000	0.0000	0.0000	0.0000	0.0000	0.0000	0.0000	0.0000	0.0000	0.0000	0.0000	0.0000	0.0000	0.0000	0.0000	0.0000	0.0000	0.0000	0.0000			0.0000	0.0000	0.0057	0.0000	1.0792	0.0000	0.0000	0.0000	0.0000	0.0000	0.0000	0.0000	0.0000	0.0000	0.0000	0.0000	0.0000	0.0000	0.0000	0.0000	0.0000	0.0000	0.0000	0.0000	0.0000	0.0000	0.0000	0.0000	0.0000	0.0000	0.0000	0.0000	0.0000	0.0000	0.0000	0.0000	0.0000	0.0000	0.0000	0.0000	0.0000	0.0000
31	68	0.0921	8	1	0	1	0	0	0	1	0	0	2	0	2	0	0	0	0	0	0	N	N	N	N	N	Y	N	N	N	N	N	N	N	N	N	N	N	N	0.2197	19882126.5352	0.0000	24.9980	3199843.1122	0.0000	0.2585	inf	0.0000	12.8740	14.7187	0.0000	8.3738	9.1169	0.0000	18.1281	22.0132	0.0000	58.5966	0.0000	148.0962	0.3350	0.0000	6.7576	70.1272	0.0000	151.0835	0.0000	130974943.7772	-0.0013	0.3741	0.0057	1.4193	1.0792	5.2011	0.0057	0.0057	0.0000	0.0020	0.0020	0.0000	0.0037	0.0037	0.0000	0.9823	0.0000	0.9823	0.0009	0.0000	0.0009	0.9814	0.0000	0.9814	0.0004	0.0004	0.0001	0.0002	0.0002	0.0000	0.0002	0.0002	0.0000	0.0168	0.0101	0.0066	0.0028	0.0026	0.0001	0.0140	0.0075	0.0065
31	79	0.1319	17	1	0	1	0	0	0	1	0	0	1	1	2	0	0	0	0	0	0	N	N	N	N	N	Y	N	N	N	N	N	N	N	N	N	N	N	N	0.0000	0.0000	0.0000	0.0000	0.0000	0.0000	0.0000	0.0000	0.0000	0.0000	0.0000	0.0000	0.0000	0.0000	0.0000	0.0000	0.0000	0.0000	0.0000	0.0000	0.0000	0.0000	0.0000	0.0000	0.0000	0.0000	0.0000			0.0000	0.0000	0.0057	0.0001	1.0792	1.0072	0.0000	0.0000	0.0000	0.0000	0.0000	0.0000	0.0000	0.0000	0.0000	0.0000	0.0000	0.0000	0.0000	0.0000	0.0000	0.0000	0.0000	0.0000	0.0000	0.0000	0.0000	0.0000	0.0000	0.0000	0.0000	0.0000	0.0000	0.0024	0.0014	0.0010	0.0005	0.0004	0.0001	0.0019	0.0010	0.0009
31	80	0.1222	16	1	0	1	0	0	0	1	0	0	1	1	2	0	0	0	0	0	0	N	N	N	N	N	Y	N	N	N	N	N	N	N	N	N	N	N	N	inf	inf	0.0000	inf	inf	0.0000	0.0000	0.0000	0.0000	0.0008	0.0010	0.0000	0.0016	0.0018	0.0000	0.0000	0.0000	0.0000	0.0000	0.0000	0.0000	0.0000	0.0000	0.0000	0.0000	0.0000	0.0000	0.0000		-0.0000	0.0000	0.0057	1.0058	1.0792	1.9973	0.0000	0.0000	0.0000	0.0000	0.0000	0.0000	0.0000	0.0000	0.0000	0.0000	0.0000	0.0000	0.0000	0.0000	0.0000	0.0000	0.0000	0.0000	0.0003	0.0002	0.0000	0.0001	0.0001	0.0000	0.0001	0.0001	0.0000	0.0070	0.0041	0.0029	0.0013	0.0012	0.0002	0.0057	0.0029	0.0028
31	83	0.1222	16	1	0	1	0	0	0	1	0	0	1	1	2	0	0	0	0	0	0	N	N	N	N	N	Y	N	N	N	N	N	N	N	N	N	N	N	N	inf	inf	0.0000	inf	inf	0.0000	inf	inf	0.0000	4.3738	5.0010	0.0000	2.9553	3.2259	0.0000	5.9013	7.1113	0.0000	0.0000	0.0000	0.0000	0.0000	0.0000	0.0000	0.0000	0.0000	0.0000	0.0000		-0.0013	0.0000	0.0057	5.0069	1.0792	6.0103	0.0057	0.0057	0.0000	0.0020	0.0020	0.0000	0.0037	0.0037	0.0000	0.0000	0.0000	0.0000	0.0000	0.0000	0.0000	0.0000	0.0000	0.0000	0.0013	0.0011	0.0002	0.0007	0.0006	0.0001	0.0006	0.0005	0.0001	0.0247	0.0144	0.0103	0.0046	0.0040	0.0006	0.0200	0.0104	0.0097
31	84	0.1158	15	1	0	1	0	0	0	1	0	1	2	1	2	0	0	0	0	0	0	N	N	N	N	N	Y	N	N	N	N	N	N	N	N	N	N	N	N	inf	inf	0.0000	inf	inf	0.0000	inf	inf	0.0000	0.0004	0.0005	0.0000	0.0003	0.0003	0.0000	0.0006	0.0007	0.0000	0.0000	0.0000	0.0000	0.0000	0.0000	0.0000	0.0000	0.0000	0.0000	0.0000		-0.0000	0.0000	0.0057	1.9932	1.0792	0.0278	0.0000	0.0000	0.0000	0.0000	0.0000	0.0000	0.0000	0.0000	0.0000	0.0000	0.0000	0.0000	0.0000	0.0000	0.0000	0.0000	0.0000	0.0000	0.0005	0.0005	0.0001	0.0003	0.0003	0.0000	0.0003	0.0002	0.0000	0.0049	0.0029	0.0020	0.0009	0.0008	0.0001	0.0040	0.0020	0.0019
31	87	0.1096	11	0	0	1	0	0	0	1	0	0	1	0	2	0	0	0	0	0	0	N	N	N	N	N	Y	N	N	N	N	N	N	N	N	N	N	N	N	inf	inf	0.0000	inf	inf	0.0000	inf	inf	0.0000	0.0035	0.0040	0.0000	0.0025	0.0027	0.0000	0.0046	0.0052	0.0000	0.0000	0.0000	0.0000	0.0000	0.0000	0.0000	0.0000	0.0000	0.0000	0.0000		-0.0000	0.0000	0.0057	0.9989	1.0792	0.5152	0.0000	0.0000	0.0000	0.0000	0.0000	0.0000	0.0000	0.0000	0.0000	0.0000	0.0000	0.0000	0.0000	0.0000	0.0000	0.0000	0.0000	0.0000	0.0001	0.0001	0.0000	0.0001	0.0001	0.0000	0.0001	0.0001	0.0000	0.0061	0.0040	0.0021	0.0033	0.0026	0.0008	0.0028	0.0014	0.0013
31	88	0.0802	10	0	0	1	0	0	0	1	0	0	2	0	2	0	0	0	0	0	0	N	N	N	N	N	Y	N	N	N	N	N	N	N	N	N	N	N	N	inf	inf	0.0000	inf	inf	0.0000	inf	inf	0.0000	3.6796	4.2068	0.0000	2.5203	2.7502	0.0000	4.8934	5.8889	0.0000	0.0000	0.0000	0.0000	0.0000	0.0000	0.0000	0.0000	0.0000	0.0000	0.0000		-0.0013	0.0000	0.0057	6.0209	1.0792	2.4875	0.0057	0.0057	0.0000	0.0020	0.0020	0.0000	0.0037	0.0037	0.0000	0.0000	0.0000	0.0000	0.0000	0.0000	0.0000	0.0000	0.0000	0.0000	0.0015	0.0014	0.0002	0.0008	0.0007	0.0001	0.0008	0.0006	0.0001	0.0222	0.0133	0.0089	0.0059	0.0049	0.0010	0.0163	0.0084	0.0079
31	92	0.1288	18	1	0	1	1	0	0	1	1	0	1	1	2	0	0	0	0	0	0	N	N	N	N	N	Y	N	N	N	N	N	N	N	N	N	N	N	N	inf	inf	0.0000	inf	inf	0.0000	inf	inf	0.0000	20.8137	23.8446	0.0000	13.7891	15.0959	0.0000	28.6979	34.6853	0.0000	0.0000	0.0000	0.0000	0.0000	0.0000	0.0000	0.0000	0.0000	0.0000	0.0000		-0.0013	0.0000	0.0057	1.0091	1.0792	1.9972	0.0057	0.0057	0.0000	0.0020	0.0020	0.0000	0.0037	0.0037	0.0000	0.0000	0.0000	0.0000	0.0000	0.0000	0.0000	0.0000	0.0000	0.0000	0.0003	0.0002	0.0000	0.0001	0.0001	0.0000	0.0001	0.0001	0.0000	0.0070	0.0040	0.0030	0.0013	0.0011	0.0002	0.0057	0.0029	0.0028
31	93	0.1125	17	1	0	1	0	0	0	1	0	0	2	1	2	0	0	0	0	0	0	N	N	N	N	N	Y	N	N	N	N	N	N	N	N	N	N	N	N	inf	inf	0.0000	inf	inf	0.0000	inf	inf	0.0000	0.0018	0.0021	0.0000	0.0012	0.0013	0.0000	0.0025	0.0030	0.0000	0.0000	0.0000	0.0000	0.0000	0.0000	0.0000	0.0000	0.0000	0.0000	0.0000		-0.0000	0.0000	0.0057	2.0083	1.0792	3.0031	0.0000	0.0000	0.0000	0.0000	0.0000	0.0000	0.0000	0.0000	0.0000	0.0000	0.0000	0.0000	0.0000	0.0000	0.0000	0.0000	0.0000	0.0000	0.0005	0.0005	0.0001	0.0003	0.0003	0.0000	0.0003	0.0002	0.0000	0.0116	0.0066	0.0049	0.0020	0.0017	0.0002	0.0096	0.0049	0.0047
31	127	0.1165	19	0	0	1	0	0	0	1	0	0	2	0	2	0	0	0	0	0	0	N	N	N	N	N	Y	N	N	N	N	N	N	N	N	N	N	N	N	0.0000	0.0000	0.0000	0.0000	0.0000	0.0000	0.0000	0.0000	0.0000	0.0000	0.0000	0.0000	0.0000	0.0000	0.0000	0.0000	0.0000	0.0000	0.0000	0.0000	0.0000	0.0000	0.0000	0.0000	0.0000	0.0000	0.0000			0.0000	0.0000	0.0057	1.0000	1.0792	2.0000	0.0000	0.0000	0.0000	0.0000	0.0000	0.0000	0.0000	0.0000	0.0000	0.0000	0.0000	0.0000	0.0000	0.0000	0.0000	0.0000	0.0000	0.0000	0.0003	0.0002	0.0000	0.0001	0.0001	0.0000	0.0001	0.0001	0.0000	0.0071	0.0041	0.0030	0.0013	0.0012	0.0002	0.0057	0.0029	0.0028
31	128	0.1165	18	0	0	1	0	0	0	1	0	0	2	0	2	0	0	0	0	0	0	N	N	N	N	N	Y	N	N	N	N	N	N	N	N	N	N	N	N	0.0000	0.0000	0.0000	0.0000	0.0000	0.0000	0.0000	0.0000	0.0000	0.0000	0.0000	0.0000	0.0000	0.0000	0.0000	0.0000	0.0000	0.0000	0.0000	0.0000	0.0000	0.0000	0.0000	0.0000	0.0000	0.0000	0.0000			0.0000	0.0000	0.0057	3.0000	1.0792	2.0000	0.0000	0.0000	0.0000	0.0000	0.0000	0.0000	0.0000	0.0000	0.0000	0.0000	0.0000	0.0000	0.0000	0.0000	0.0000	0.0000	0.0000	0.0000	0.0008	0.0007	0.0001	0.0004	0.0004	0.0000	0.0004	0.0003	0.0001	0.0116	0.0067	0.0049	0.0022	0.0019	0.0003	0.0095	0.0048	0.0046
31	129	0.1197	20	0	0	1	0	0	0	1	0	0	2	0	2	0	0	0	0	0	0	N	N	N	N	N	Y	N	N	N	N	N	N	N	N	N	N	N	N	0.0000	0.0000	0.0000	0.0000	0.0000	0.0000	0.0000	0.0000	0.0000	0.0000	0.0000	0.0000	0.0000	0.0000	0.0000	0.0000	0.0000	0.0000	0.0000	0.0000	0.0000	0.0000	0.0000	0.0000	0.0000	0.0000	0.0000			0.0000	0.0000	0.0057	2.0004	1.0792	1.0045	0.0000	0.0000	0.0000	0.0000	0.0000	0.0000	0.0000	0.0000	0.0000	0.0000	0.0000	0.0000	0.0000	0.0000	0.0000	0.0000	0.0000	0.0000	0.0005	0.0005	0.0001	0.0003	0.0003	0.0000	0.0003	0.0002	0.0000	0.0071	0.0041	0.0030	0.0013	0.0012	0.0002	0.0057	0.0029	0.0028
32	36	0.1964	18	2	0	1	0	0	0	0	0	0	1	0	1	0	0	0	0	0	0	Y	N	N	N	N	N	N	N	N	N	N	N	N	N	N	N	N	N	0.0709	0.0429	0.0000	0.0992	0.0859	0.0000	0.0000	0.0000	0.0000	0.0004	0.0004	0.0000	0.0035	0.0037	0.0000	0.0000	0.0000	0.0000	0.0053	0.0099	0.0000	0.0355	0.0433	0.0001	0.0000	0.0000	0.0000	0.0000	0.0041	-0.0001	-0.0013	7.0011	11.0150	9.2473	4.0316	0.0003	0.0003	0.0000	0.0003	0.0003	0.0000	0.0000	0.0000	0.0000	0.0021	0.0021	0.0000	0.0021	0.0021	0.0000	0.0000	0.0000	0.0000	0.7994	0.7055	0.0938	0.0851	0.0806	0.0045	0.7142	0.6249	0.0893	0.3923	0.2084	0.1839	0.0582	0.0477	0.0105	0.3341	0.1607	0.1734
32	38	0.1098	11	2	0	1	1	0	0	0	1	0	1	1	1	0	0	0	0	0	0	Y	N	N	N	N	N	N	N	N	N	N	N	N	N	N	N	N	N	0.2086	0.1262	0.0484	0.0953	0.0937	0.0000	0.3692	8.8516	0.0834	0.0003	0.0004	0.0000	0.0015	0.0015	0.0000	0.0000	0.0000	0.0000	0.0015	0.0028	0.0000	0.0160	0.0164	0.0009	0.0000	0.0000	0.0000	0.0002	0.0038	-0.0000	-0.0001	7.0011	3.1237	9.2473	0.5096	0.0001	0.0001	0.0000	0.0001	0.0001	0.0000	0.0000	0.0000	0.0000	0.0002	0.0002	0.0000	0.0002	0.0002	0.0000	0.0000	0.0000	0.0000	0.4016	0.3607	0.0409	0.0828	0.0820	0.0009	0.3188	0.2788	0.0401	0.1205	0.0652	0.0553	0.0114	0.0110	0.0003	0.1091	0.0542	0.0549
32	43	0.0996	11	2	0	1	1	0	0	0	1	0	1	1	1	0	0	0	0	0	0	Y	N	N	N	N	N	N	N	N	N	N	N	N	N	N	N	N	N	0.0000	0.0000	0.0000	0.0000	0.0000	0.0000	0.0000	0.0000	0.0000	0.0000	0.0000	0.0000	0.0000	0.0000	0.0000	0.0000	0.0000	0.0000	0.0000	0.0000	0.0000	0.0000	0.0000	0.0000	0.0000	0.0000	0.0000			0.0000	0.0000	7.0011	2.9999	9.2473	0.9999	0.0000	0.0000	0.0000	0.0000	0.0000	0.0000	0.0000	0.0000	0.0000	0.0000	0.0000	0.0000	0.0000	0.0000	0.0000	0.0000	0.0000	0.0000	0.2773	0.2441	0.0331	0.0194	0.0192	0.0002	0.2579	0.2250	0.0329	0.1219	0.0599	0.0620	0.0048	0.0045	0.0003	0.1171	0.0554	0.0617
32	44	0.0947	10	2	0	1	0	0	0	0	0	0	0	1	0	0	0	0	0	0	0	Y	N	N	N	N	N	N	N	N	N	N	N	N	N	N	N	N	N	0.0000	0.0000	0.0000	0.0000	0.0000	0.0000	0.0000	0.0000	0.0000	0.0000	0.0000	0.0000	0.0000	0.0000	0.0000	0.0000	0.0000	0.0000	0.0010	0.0020	0.0000	0.0002	0.0003	0.0000	0.0010	0.0021	0.0000		0.0000	0.0000	-0.0000	7.0011	1.0020	9.2473	0.0022	0.0000	0.0000	0.0000	0.0000	0.0000	0.0000	0.0000	0.0000	0.0000	0.0000	0.0000	0.0000	0.0000	0.0000	0.0000	0.0000	0.0000	0.0000	0.0798	0.0698	0.0100	0.0008	0.0008	0.0000	0.0790	0.0690	0.0100	0.0306	0.0152	0.0154	0.0010	0.0010	0.0001	0.0296	0.0142	0.0153
32	45	0.0947	10	2	0	1	0	0	0	0	0	0	0	1	1	0	0	0	0	0	0	Y	N	N	N	N	N	N	N	N	N	N	N	N	N	N	N	N	N	0.0000	0.0000	0.0000	0.0000	0.0000	0.0000	0.0000	0.0000	0.0000	0.0000	0.0000	0.0000	0.0000	0.0000	0.0000	0.0000	0.0000	0.0000	0.0000	0.0000	0.0000	0.0000	0.0000	0.0000	0.0000	0.0000	0.0000			0.0000	0.0000	7.0011	4.0000	9.2473	1.0000	0.0000	0.0000	0.0000	0.0000	0.0000	0.0000	0.0000	0.0000	0.0000	0.0000	0.0000	0.0000	0.0000	0.0000	0.0000	0.0000	0.0000	0.0000	0.3126	0.2734	0.0392	0.0031	0.0029	0.0001	0.3095	0.2705	0.0390	0.1494	0.0743	0.0751	0.0051	0.0048	0.0003	0.1443	0.0695	0.0748
32	46	0.1610	15	2	0	1	0	0	0	0	0	0	1	0	1	0	0	0	0	0	0	Y	N	N	N	N	N	N	N	N	N	N	N	N	N	N	N	N	N	0.0000	0.0000	0.0000	0.0000	0.0000	0.0000	0.0000	0.0000	0.0000	0.0000	0.0000	0.0000	0.0000	0.0000	0.0000	0.0000	0.0000	0.0000	0.0018	0.0026	0.0000	0.0048	0.0049	0.0000	0.0000	0.0000	0.0000		0.0015	0.0000	-0.0001	7.0011	0.0007	9.2473	1.0103	0.0000	0.0000	0.0000	0.0000	0.0000	0.0000	0.0000	0.0000	0.0000	0.0002	0.0002	0.0000	0.0002	0.0002	0.0000	0.0000	0.0000	0.0000	0.0002	0.0002	0.0000	0.0001	0.0001	0.0000	0.0001	0.0001	0.0000	0.0876	0.0617	0.0259	0.0332	0.0323	0.0009	0.0544	0.0294	0.0250
32	47	0.1259	14	2	0	1	0	1	0	0	0	0	0	0	0	0	0	0	0	0	0	Y	N	N	N	N	N	N	N	N	N	N	N	N	N	N	N	N	N	0.0000	0.0000	0.0000	0.0956	0.0894	0.0000	0.0000	0.0000	0.0000	0.0000	0.0000	0.0000	0.0003	0.0003	0.0000	0.0000	0.0000	0.0000	2.5135	4.6445	0.0023	0.0032	0.0035	0.0006	2.9591	6.1451	0.0023	0.0000	0.0004	-0.0000	-0.5005	7.0011	6.8097	9.2473	3.8431	0.0000	0.0000	0.0000	0.0000	0.0000	0.0000	0.0000	0.0000	0.0000	0.8089	0.8086	0.0003	0.0002	0.0001	0.0000	0.8087	0.8084	0.0003	0.5600	0.4931	0.0669	0.0333	0.0320	0.0013	0.5267	0.4611	0.0656	0.3218	0.1741	0.1477	0.0485	0.0425	0.0060	0.2733	0.1316	0.1418
32	49	0.1869	17	2	0	1	0	0	0	0	0	0	0	0	0	0	0	0	0	0	0	Y	N	N	N	N	N	N	N	N	N	N	N	N	N	N	N	N	N	0.1473	0.1243	0.0000	1.1239	1.0445	0.0000	0.0027	0.0020	0.0000	0.0034	0.0038	0.0000	0.0154	0.0157	0.0000	0.0001	0.0001	0.0000	0.0231	0.0309	0.0099	0.0137	0.0150	0.0002	0.0262	0.0400	0.0105	0.0000	0.1918	-0.0001	-0.0011	7.0011	1.6285	9.2473	1.0381	0.0006	0.0006	0.0000	0.0006	0.0006	0.0000	0.0000	0.0000	0.0000	0.0024	0.0020	0.0004	0.0004	0.0004	0.0000	0.0021	0.0017	0.0004	0.1823	0.1612	0.0211	0.0395	0.0389	0.0006	0.1427	0.1223	0.0205	0.1050	0.0657	0.0393	0.0262	0.0239	0.0023	0.0789	0.0419	0.0370
32	53	0.1110	11	2	0	1	0	0	0	0	0	0	0	1	1	0	0	0	0	0	0	Y	N	N	N	N	N	N	N	N	N	N	N	N	N	N	N	N	N	0.0000	0.0000	0.0000	0.0000	0.0000	0.0000	0.0000	0.0000	0.0000	0.0000	0.0000	0.0000	0.0000	0.0000	0.0000	0.0000	0.0000	0.0000	0.0005	0.0007	0.0004	0.0063	0.0072	0.0000	0.0002	0.0000	0.0004		0.6264	0.0000	-0.0000	7.0011	0.9921	9.2473	0.0076	0.0000	0.0000	0.0000	0.0000	0.0000	0.0000	0.0000	0.0000	0.0000	0.0000	0.0000	0.0000	0.0000	0.0000	0.0000	0.0000	0.0000	0.0000	0.0794	0.0695	0.0099	0.0019	0.0018	0.0001	0.0775	0.0677	0.0098	0.0310	0.0156	0.0154	0.0016	0.0014	0.0002	0.0294	0.0142	0.0152
32	60	0.0947	10	2	0	1	0	0	0	0	0	0	0	1	1	0	0	0	0	0	0	Y	N	N	N	N	N	N	N	N	N	N	N	N	N	N	N	N	N	0.0000	0.0000	0.0000	0.0000	0.0000	0.0000	0.0000	0.0000	0.0000	0.0000	0.0000	0.0000	0.0000	0.0000	0.0000	0.0000	0.0000	0.0000	3.7890	0.0003	7.5465	0.0419	0.0047	0.5984	3.9227	0.0000	7.5764		24938.7500	0.0000	0.3799	7.0011	2.0000	9.2473	7.0000	0.0000	0.0000	0.0000	0.0000	0.0000	0.0000	0.0000	0.0000	0.0000	0.9976	0.0000	0.9976	0.0004	0.0000	0.0003	0.9972	0.0000	0.9972	0.1582	0.1383	0.0199	0.0016	0.0015	0.0001	0.1566	0.1368	0.0198	0.2633	0.1311	0.1322	0.0091	0.0085	0.0006	0.2542	0.1226	0.1316
32	61	0.0947	9	2	0	1	0	0	0	0	0	0	1	1	1	0	0	0	0	0	0	Y	N	N	N	N	N	N	N	N	N	N	N	N	N	N	N	N	N	0.0000	0.0000	0.0000	0.0000	0.0000	0.0000	0.0000	0.0000	0.0000	0.0000	0.0000	0.0000	0.0000	0.0000	0.0000	0.0000	0.0000	0.0000	0.0000	0.0000	0.0000	0.0000	0.0000	0.0000	0.0000	0.0000	0.0000			0.0000	0.0000	7.0011	0.0000	9.2473	0.0000	0.0000	0.0000	0.0000	0.0000	0.0000	0.0000	0.0000	0.0000	0.0000	0.0000	0.0000	0.0000	0.0000	0.0000	0.0000	0.0000	0.0000	0.0000	0.0000	0.0000	0.0000	0.0000	0.0000	0.0000	0.0000	0.0000	0.0000	0.0000	0.0000	0.0000	0.0000	0.0000	0.0000	0.0000	0.0000	0.0000
32	68	0.1869	17	2	0	1	0	0	0	0	0	0	1	0	1	0	0	0	0	0	0	Y	N	N	N	N	N	N	N	N	N	N	N	N	N	N	N	N	N	1.1315	0.7353	0.0000	0.9616	0.8527	0.0000	0.0000	0.0000	0.0000	0.0019	0.0022	0.0000	0.0084	0.0085	0.0000	0.0000	0.0000	0.0000	0.0017	0.0030	0.0000	0.0087	0.0100	0.0000	0.0000	0.0000	0.0000	0.0000	0.0005	-0.0001	-0.0002	7.0011	1.4193	9.2473	5.2011	0.0003	0.0003	0.0000	0.0003	0.0003	0.0000	0.0000	0.0000	0.0000	0.0004	0.0004	0.0000	0.0004	0.0004	0.0000	0.0000	0.0000	0.0000	0.1664	0.1472	0.0192	0.0382	0.0376	0.0006	0.1282	0.1096	0.0186	0.2117	0.1217	0.0901	0.0413	0.0361	0.0052	0.1704	0.0856	0.0848
32	69	0.1368	16	2	0	1	0	1	0	0	0	0	0	0	0	0	0	0	0	0	0	Y	N	N	N	N	N	N	N	N	N	N	N	N	N	N	N	N	N	573.8618	364.7892	0.0002	2619.7435	2343.6785	0.0000	0.0000	0.0000	0.0001	1.3547	1.5406	0.0000	27.7659	29.1300	0.0000	0.0000	0.0000	0.0000	0.0024	0.0042	0.0002	0.0106	0.0124	0.0001	0.0011	0.0019	0.0002	0.0000	0.0478	-0.2307	-0.0005	7.0011	9.3928	9.2473	3.6523	0.9995	0.9995	0.0000	0.9995	0.9995	0.0000	0.0000	0.0000	0.0000	0.0009	0.0009	0.0000	0.0006	0.0006	0.0000	0.0004	0.0003	0.0000	0.7378	0.6488	0.0890	0.0360	0.0343	0.0017	0.7018	0.6145	0.0873	0.3835	0.2046	0.1789	0.0524	0.0446	0.0078	0.3311	0.1600	0.1711
32	74	0.0947	10	2	0	1	0	0	0	0	0	0	0	1	0	0	0	0	0	0	0	Y	N	N	N	N	N	N	N	N	N	N	N	N	N	N	N	N	N	0.0307	0.0184	0.0786	7.2745	7.2098	0.0000	0.0290	0.0168	0.0786	0.0004	0.0004	0.0003	0.0012	0.0013	0.0000	0.0004	0.0004	0.0003	0.0131	0.0231	0.0033	0.0002	0.0002	0.0000	0.0136	0.0247	0.0033	0.0879	0.1448	-0.0000	-0.0009	7.0011	3.9277	9.2473	0.5227	0.0001	0.0001	0.0000	0.0000	0.0000	0.0000	0.0001	0.0001	0.0000	0.0018	0.0015	0.0002	0.0000	0.0000	0.0000	0.0018	0.0015	0.0002	0.3072	0.2687	0.0385	0.0031	0.0029	0.0001	0.3041	0.2657	0.0383	0.1333	0.0663	0.0670	0.0046	0.0043	0.0003	0.1288	0.0620	0.0667
32	75	0.0947	9	2	0	1	0	0	0	0	0	0	0	1	0	0	0	0	0	0	0	Y	N	N	N	N	N	N	N	N	N	N	N	N	N	N	N	N	N	0.0000	0.0000	0.0000	0.0000	0.0000	0.0000	0.0000	0.0000	0.0000	0.0000	0.0000	0.0000	0.0000	0.0000	0.0000	0.0000	0.0000	0.0000	0.0000	0.0000	0.0000	0.0000	0.0000	0.0000	0.0000	0.0000	0.0000			0.0000	0.0000	7.0011	0.0009	9.2473	0.0000	0.0000	0.0000	0.0000	0.0000	0.0000	0.0000	0.0000	0.0000	0.0000	0.0000	0.0000	0.0000	0.0000	0.0000	0.0000	0.0000	0.0000	0.0000	0.0001	0.0001	0.0000	0.0000	0.0000	0.0000	0.0001	0.0001	0.0000	0.0000	0.0000	0.0000	0.0000	0.0000	0.0000	0.0000	0.0000	0.0000
32	76	0.0915	8	2	0	1	0	0	0	0	0	0	0	1	0	0	0	0	0	0	0	Y	N	N	N	N	N	N	N	N	N	N	N	N	N	N	N	N	N	inf	0.0000	inf	0.0000	0.0000	0.0000	inf	0.0000	inf	12.5514	0.0000	99.6430	0.0000	0.0000	0.0000	12.6592	0.0000	99.9051	0.0000	0.0000	0.0000	0.0000	0.0000	0.0000	0.0000	0.0000	0.0000	inf		0.7692	0.0000	7.0011	1.0000	9.2473	0.0000	1.0000	0.0000	1.0000	0.0000	0.0000	0.0000	1.0000	0.0000	1.0000	0.0000	0.0000	0.0000	0.0000	0.0000	0.0000	0.0000	0.0000	0.0000	0.0797	0.0696	0.0100	0.0007	0.0007	0.0000	0.0790	0.0690	0.0100	0.0306	0.0152	0.0154	0.0010	0.0010	0.0001	0.0296	0.0142	0.0153
32	77	0.0775	9	2	0	1	0	1	0	0	0	0	0	0	0	0	0	0	0	0	0	Y	N	N	N	N	N	N	N	N	N	N	N	N	N	N	N	N	N	0.0000	0.0000	0.0000	0.0000	0.0000	0.0000	0.0000	0.0000	0.0000	0.0000	0.0000	0.0000	0.0000	0.0000	0.0000	0.0000	0.0000	0.0000	0.0092	0.0141	0.0041	0.1575	0.1651	0.0000	0.0021	0.0000	0.0041		0.2865	0.0000	-0.0008	7.0011	3.3326	9.2473	4.0108	0.0000	0.0000	0.0000	0.0000	0.0000	0.0000	0.0000	0.0000	0.0000	0.0020	0.0016	0.0005	0.0016	0.0016	0.0000	0.0005	0.0000	0.0005	0.2856	0.2507	0.0349	0.0119	0.0117	0.0001	0.2737	0.2390	0.0347	0.2218	0.1122	0.1097	0.0100	0.0096	0.0005	0.2118	0.1026	0.1092
32	79	0.1141	10	2	0	1	0	0	0	0	0	0	0	1	1	0	0	0	0	0	0	Y	N	N	N	N	N	N	N	N	N	N	N	N	N	N	N	N	N	0.0000	0.0000	0.0000	0.0000	0.0000	0.0000	0.0000	0.0000	0.0000	0.0000	0.0000	0.0000	0.0000	0.0000	0.0000	0.0000	0.0000	0.0000	0.0000	0.0000	0.0000	0.0000	0.0000	0.0000	0.0000	0.0000	0.0000		0.0000	0.0000	-0.0000	7.0011	0.0001	9.2473	1.0072	0.0000	0.0000	0.0000	0.0000	0.0000	0.0000	0.0000	0.0000	0.0000	0.0000	0.0000	0.0000	0.0000	0.0000	0.0000	0.0000	0.0000	0.0000	0.0000	0.0000	0.0000	0.0000	0.0000	0.0000	0.0000	0.0000	0.0000	0.0312	0.0160	0.0152	0.0024	0.0021	0.0003	0.0288	0.0139	0.0149
32	80	0.1044	9	2	0	1	0	0	0	0	0	0	0	1	1	0	0	0	0	0	0	Y	N	N	N	N	N	N	N	N	N	N	N	N	N	N	N	N	N	1.4503	0.8501	0.0000	0.0000	0.0000	0.0000	860.7304	37756.0651	0.0000	0.0223	0.0254	0.0000	0.0000	0.0000	0.0000	0.0229	0.0262	0.0000	0.0154	0.0299	0.0000	0.2071	0.2335	0.0000	0.0000	0.0000	0.0001	0.0000	0.0016	-0.0004	-0.0009	7.0011	1.0058	9.2473	1.9973	0.0018	0.0018	0.0000	0.0000	0.0000	0.0000	0.0018	0.0018	0.0000	0.0014	0.0014	0.0000	0.0014	0.0014	0.0000	0.0000	0.0000	0.0000	0.0831	0.0727	0.0104	0.0022	0.0020	0.0001	0.0809	0.0707	0.0102	0.0924	0.0473	0.0451	0.0068	0.0061	0.0008	0.0856	0.0413	0.0443
32	83	0.1044	9	2	0	1	0	0	0	0	0	0	0	1	1	0	0	0	0	0	0	Y	N	N	N	N	N	N	N	N	N	N	N	N	N	N	N	N	N	0.0015	0.2444	0.0000	0.0000	0.0000	0.0000	0.0014	inf	0.0000	0.0046	0.0053	0.0000	0.0000	0.0000	0.0000	0.0047	0.0054	0.0000	3.1071	0.0216	6.3363	0.1792	0.1803	0.1707	3.3263	0.0000	6.4436	0.0000	280.0226	-0.0004	0.3772	7.0011	5.0069	9.2473	6.0103	0.0018	0.0018	0.0000	0.0000	0.0000	0.0000	0.0018	0.0018	0.0000	0.9998	0.0036	0.9963	0.0040	0.0036	0.0005	0.9958	0.0000	0.9958	0.3999	0.3501	0.0498	0.0087	0.0080	0.0007	0.3912	0.3421	0.0491	0.3218	0.1646	0.1572	0.0224	0.0197	0.0027	0.2994	0.1448	0.1545
32	84	0.0980	8	2	0	1	0	0	0	0	0	1	1	1	1	0	0	0	0	0	0	Y	N	N	N	N	N	N	N	N	N	N	N	N	N	N	N	N	N	271.0975	1437.2648	0.0000	0.4005	0.3742	0.0000	259.4099	1698.4504	0.0000	6.1648	7.0510	0.0000	0.0035	0.0036	0.0000	6.1993	7.0945	0.0000	0.0227	0.0049	0.0416	0.0087	0.0097	0.0009	0.0239	0.0042	0.0424	0.0000	8.0083	-0.2300	0.0004	7.0011	1.9932	9.2473	0.0278	0.9964	0.9964	0.0000	0.0000	0.0000	0.0000	0.9964	0.9964	0.0000	0.0015	0.0002	0.0013	0.0000	0.0000	0.0000	0.0014	0.0001	0.0013	0.1616	0.1413	0.0203	0.0009	0.0009	0.0000	0.1607	0.1404	0.0203	0.0641	0.0330	0.0311	0.0049	0.0044	0.0005	0.0593	0.0286	0.0306
32	91	0.1152	12	2	0	1	0	0	0	0	0	0	0	0	0	0	0	0	0	0	0	Y	N	N	N	N	N	N	N	N	N	N	N	N	N	N	N	N	N	4.5500	4.0578	0.0000	351.1969	350.0428	0.0000	0.0000	0.0000	0.0000	0.0096	0.0109	0.0000	0.2608	0.2752	0.0000	0.0000	0.0000	0.0000	0.0021	0.0027	0.0013	0.0007	0.0008	0.0000	0.0025	0.0037	0.0013	0.0000	0.3491	-0.0003	-0.0002	7.0011	1.5872	9.2473	4.4746	0.0012	0.0012	0.0000	0.0012	0.0012	0.0000	0.0000	0.0000	0.0000	0.0005	0.0004	0.0001	0.0000	0.0000	0.0000	0.0005	0.0004	0.0001	0.1285	0.1125	0.0160	0.0047	0.0045	0.0002	0.1238	0.1080	0.0157	0.2570	0.1487	0.1082	0.0552	0.0521	0.0031	0.2018	0.0966	0.1052
32	92	0.1110	11	2	0	1	1	0	0	0	1	0	0	1	1	0	0	0	0	0	0	Y	N	N	N	N	N	N	N	N	N	N	N	N	N	N	N	N	N	0.0000	0.0000	0.0000	0.0000	0.0000	0.0000	0.0000	0.0000	0.0000	0.0000	0.0000	0.0000	0.0000	0.0000	0.0000	0.0000	0.0000	0.0000	0.0390	0.0778	0.0000	0.8281	0.9585	0.0000	0.0000	0.0000	0.0000		0.0000	0.0000	-0.0022	7.0011	1.0091	9.2473	1.9972	0.0000	0.0000	0.0000	0.0000	0.0000	0.0000	0.0000	0.0000	0.0000	0.0036	0.0036	0.0000	0.0036	0.0036	0.0000	0.0000	0.0000	0.0000	0.0807	0.0707	0.0100	0.0019	0.0018	0.0001	0.0788	0.0688	0.0100	0.0912	0.0457	0.0455	0.0043	0.0037	0.0006	0.0869	0.0419	0.0450
32	93	0.0947	10	2	0	1	0	0	0	0	0	0	1	1	1	0	0	0	0	0	0	Y	N	N	N	N	N	N	N	N	N	N	N	N	N	N	N	N	N	0.0000	0.0000	0.0000	0.0000	0.0000	0.0000	0.0000	0.0000	0.0000	0.0000	0.0000	0.0000	0.0000	0.0000	0.0000	0.0000	0.0000	0.0000	0.0001	0.0001	0.0001	0.0012	0.0013	0.0000	0.0001	0.0000	0.0001		1.5867	0.0000	-0.0000	7.0011	2.0083	9.2473	3.0031	0.0000	0.0000	0.0000	0.0000	0.0000	0.0000	0.0000	0.0000	0.0000	0.0000	0.0000	0.0000	0.0000	0.0000	0.0000	0.0000	0.0000	0.0000	0.1581	0.1382	0.0199	0.0017	0.0016	0.0001	0.1564	0.1366	0.0198	0.1500	0.0746	0.0754	0.0051	0.0048	0.0003	0.1448	0.0698	0.0751
32	94	0.0947	9	2	0	1	0	0	0	0	0	0	0	1	0	0	0	0	0	0	0	Y	N	N	N	N	N	N	N	N	N	N	N	N	N	N	N	N	N	0.0000	0.0000	0.0000	0.0000	0.0000	0.0000	0.0000	0.0000	0.0000	0.0000	0.0000	0.0000	0.0000	0.0000	0.0000	0.0000	0.0000	0.0000	0.0106	0.0082	0.0149	0.0192	0.0192	0.0000	0.0073	0.0000	0.0149		1.0000	0.0000	-0.0000	7.0011	0.0000	9.2473	0.0002	0.0000	0.0000	0.0000	0.0000	0.0000	0.0000	0.0000	0.0000	0.0000	0.0000	0.0000	0.0000	0.0000	0.0000	0.0000	0.0000	0.0000	0.0000	0.0000	0.0000	0.0000	0.0000	0.0000	0.0000	0.0000	0.0000	0.0000	0.0000	0.0000	0.0000	0.0000	0.0000	0.0000	0.0000	0.0000	0.0000
32	95	0.0915	8	2	0	1	0	0	0	0	0	0	0	1	0	0	0	0	0	0	0	Y	N	N	N	N	N	N	N	N	N	N	N	N	N	N	N	N	N	0.0000	0.0000	0.0000	0.0000	0.0000	0.0000	0.0000	0.0000	0.0000	0.0000	0.0000	0.0000	0.0000	0.0000	0.0000	0.0000	0.0000	0.0000	0.0000	0.0000	0.0000	0.0001	0.0001	0.0000	0.0000	0.0000	0.0000		0.0000	0.0000	-0.0000	7.0011	1.0000	9.2473	0.0001	0.0000	0.0000	0.0000	0.0000	0.0000	0.0000	0.0000	0.0000	0.0000	0.0000	0.0000	0.0000	0.0000	0.0000	0.0000	0.0000	0.0000	0.0000	0.0797	0.0696	0.0100	0.0007	0.0007	0.0000	0.0790	0.0690	0.0100	0.0306	0.0152	0.0154	0.0010	0.0010	0.0001	0.0296	0.0142	0.0153
32	96	0.0915	7	2	0	1	0	0	0	0	0	1	0	1	0	0	0	0	0	0	0	Y	N	N	N	N	N	N	N	N	N	N	N	N	N	N	N	N	N	0.0000	0.0000	0.0000	0.0000	0.0000	0.0000	0.0000	0.0000	0.0000	0.0000	0.0000	0.0000	0.0000	0.0000	0.0000	0.0000	0.0000	0.0000	0.0000	0.0000	0.0000	0.0000	0.0000	0.0000	0.0000	0.0000	0.0000			0.0000	0.0000	7.0011	0.0000	9.2473	0.0001	0.0000	0.0000	0.0000	0.0000	0.0000	0.0000	0.0000	0.0000	0.0000	0.0000	0.0000	0.0000	0.0000	0.0000	0.0000	0.0000	0.0000	0.0000	0.0000	0.0000	0.0000	0.0000	0.0000	0.0000	0.0000	0.0000	0.0000	0.0000	0.0000	0.0000	0.0000	0.0000	0.0000	0.0000	0.0000	0.0000
32	97	0.0883	6	2	0	1	0	0	0	0	0	0	0	0	0	0	0	0	0	0	0	Y	N	N	N	N	N	N	N	N	N	N	N	N	N	N	N	N	N	0.0000	0.0000	0.0000	0.0000	0.0000	0.0000	0.0000	0.0000	0.0000	0.0000	0.0000	0.0000	0.0000	0.0000	0.0000	0.0000	0.0000	0.0000	0.0000	0.0000	0.0000	0.0000	0.0000	0.0000	0.0000	0.0000	0.0000			0.0000	0.0000	7.0011	0.9999	9.2473	0.0008	0.0000	0.0000	0.0000	0.0000	0.0000	0.0000	0.0000	0.0000	0.0000	0.0000	0.0000	0.0000	0.0000	0.0000	0.0000	0.0000	0.0000	0.0000	0.0813	0.0711	0.0102	0.0004	0.0004	0.0000	0.0808	0.0706	0.0102	0.0311	0.0157	0.0154	0.0016	0.0015	0.0001	0.0295	0.0142	0.0153
32	107	0.0915	7	2	0	1	0	0	0	0	0	0	0	0	0	0	0	0	0	0	0	Y	N	N	N	N	N	N	N	N	N	N	N	N	N	N	N	N	N	21.6173	25.0291	0.0000	0.0000	0.0000	0.0000	30.8963	68.2937	0.0000	0.0209	0.0239	0.0000	0.0000	0.0000	0.0000	0.0210	0.0240	0.0000	0.0010	0.0010	0.0010	0.0062	0.0067	0.0000	0.0007	0.0004	0.0010	0.0000	1.0010	-0.0004	-0.0000	7.0011	1.0015	9.2473	0.9989	0.0017	0.0017	0.0000	0.0000	0.0000	0.0000	0.0017	0.0017	0.0000	0.0001	0.0000	0.0000	0.0000	0.0000	0.0000	0.0000	0.0000	0.0000	0.0814	0.0712	0.0102	0.0005	0.0004	0.0000	0.0810	0.0708	0.0102	0.0619	0.0313	0.0306	0.0032	0.0030	0.0003	0.0587	0.0283	0.0304
32	108	0.0883	6	2	0	1	0	0	0	0	0	0	0	0	0	0	0	0	0	0	0	Y	N	N	N	N	N	N	N	N	N	N	N	N	N	N	N	N	N	0.0000	0.0000	0.0000	0.0000	0.0000	0.0000	0.0000	0.0000	0.0000	0.0000	0.0000	0.0000	0.0000	0.0000	0.0000	0.0000	0.0000	0.0000	0.0000	0.0000	0.0000	0.0000	0.0000	0.0000	0.0000	0.0000	0.0000		0.0000	0.0000	-0.0000	7.0011	1.0004	9.2473	0.0020	0.0000	0.0000	0.0000	0.0000	0.0000	0.0000	0.0000	0.0000	0.0000	0.0000	0.0000	0.0000	0.0000	0.0000	0.0000	0.0000	0.0000	0.0000	0.0813	0.0711	0.0102	0.0004	0.0004	0.0000	0.0809	0.0707	0.0102	0.0312	0.0157	0.0155	0.0016	0.0015	0.0001	0.0296	0.0142	0.0153
32	109	0.0623	5	2	0	1	0	1	0	0	0	0	0	0	0	0	0	0	0	0	0	Y	N	N	N	N	N	N	N	N	N	N	N	N	N	N	N	N	N	0.0000	0.0000	0.0000	0.0000	0.0000	0.0000	0.0000	0.0000	0.0000	0.0000	0.0000	0.0000	0.0000	0.0000	0.0000	0.0000	0.0000	0.0000	0.0001	0.0001	0.0000	0.0013	0.0014	0.0000	0.0000	0.0000	0.0000		0.0024	0.0000	-0.0000	7.0011	3.0035	9.2473	5.0043	0.0000	0.0000	0.0000	0.0000	0.0000	0.0000	0.0000	0.0000	0.0000	0.0000	0.0000	0.0000	0.0000	0.0000	0.0000	0.0000	0.0000	0.0000	0.2407	0.2103	0.0303	0.0001	0.0001	0.0000	0.2405	0.2102	0.0303	0.2406	0.1202	0.1204	0.0093	0.0088	0.0005	0.2313	0.1114	0.1199
32	112	0.1017	11	2	0	1	0	1	0	0	0	0	0	0	0	0	0	0	0	0	0	Y	N	N	N	N	N	N	N	N	N	N	N	N	N	N	N	N	N	23.8969	16.0854	0.0000	1081.0174	1086.9960	0.0000	0.0000	0.0000	0.0000	0.0050	0.0057	0.0000	0.1957	0.2065	0.0000	0.0000	0.0000	0.0000	0.0002	0.0004	0.0000	0.0002	0.0002	0.0000	0.0002	0.0004	0.0000	0.0000	0.0003	-0.0003	-0.0000	7.0011	3.0209	9.2473	2.2550	0.0012	0.0012	0.0000	0.0012	0.0012	0.0000	0.0000	0.0000	0.0000	0.0000	0.0000	0.0000	0.0000	0.0000	0.0000	0.0000	0.0000	0.0000	0.2461	0.2155	0.0307	0.0062	0.0059	0.0003	0.2399	0.2096	0.0303	0.2409	0.1419	0.0990	0.0552	0.0526	0.0026	0.1856	0.0893	0.0963
33	36	0.1961	22	2	0	1	0	0	0	0	0	0	1	1	1	0	0	0	0	0	0	Y	N	N	N	N	N	N	N	N	N	N	N	N	N	N	N	N	N	0.0072	0.0044	0.0000	0.0096	0.0082	0.0000	0.0000	0.0000	0.0000	0.0000	0.0000	0.0000	0.0000	0.0000	0.0000	0.0000	0.0000	0.0000	0.0000	0.0000	0.0000	0.0000	0.0000	0.0000	0.0000	0.0000	0.0000	0.0000	0.0000	-0.0000	-0.0000	4.0088	11.0150	1.0030	4.0316	0.0000	0.0000	0.0000	0.0000	0.0000	0.0000	0.0000	0.0000	0.0000	0.0000	0.0000	0.0000	0.0000	0.0000	0.0000	0.0000	0.0000	0.0000	0.4595	0.4057	0.0538	0.0591	0.0558	0.0033	0.4004	0.3498	0.0505	0.1120	0.0602	0.0518	0.0193	0.0154	0.0038	0.0927	0.0448	0.0480
33	38	0.1095	15	2	0	1	1	0	0	0	1	0	1	2	1	0	0	0	0	0	0	Y	N	N	N	Y	N	N	N	N	N	N	N	N	N	N	N	N	N	0.0000	0.0000	0.0000	0.0000	0.0000	0.0000	0.0000	0.0000	0.0000	0.0000	0.0000	0.0000	0.0000	0.0000	0.0000	0.0000	0.0000	0.0000	0.0011	0.0000	0.0025	0.0000	0.0000	0.0000	0.0012	0.0000	0.0025		1263.8987	0.0000	0.0000	4.0088	3.1237	1.0030	0.5096	0.0000	0.0000	0.0000	0.0000	0.0000	0.0000	0.0000	0.0000	0.0000	0.0000	0.0000	0.0000	0.0000	0.0000	0.0000	0.0000	0.0000	0.0000	0.2326	0.2092	0.0234	0.0582	0.0562	0.0020	0.1744	0.1530	0.0214	0.0356	0.0196	0.0160	0.0035	0.0033	0.0002	0.0322	0.0163	0.0159
33	43	0.0992	15	2	0	1	1	0	0	0	1	0	1	2	1	0	0	0	0	0	0	Y	N	N	N	Y	N	N	N	N	N	N	N	N	N	N	N	N	N	0.0000	0.0000	0.0000	0.0000	0.0000	0.0000	0.0000	0.0000	0.0000	0.0000	0.0000	0.0000	0.0000	0.0000	0.0000	0.0000	0.0000	0.0000	0.0000	0.0000	0.0000	0.0000	0.0000	0.0000	0.0000	0.0000	0.0000			0.0000	0.0000	4.0088	2.9999	1.0030	0.9999	0.0000	0.0000	0.0000	0.0000	0.0000	0.0000	0.0000	0.0000	0.0000	0.0000	0.0000	0.0000	0.0000	0.0000	0.0000	0.0000	0.0000	0.0000	0.1667	0.1483	0.0184	0.0294	0.0282	0.0012	0.1373	0.1201	0.0172	0.0354	0.0176	0.0178	0.0015	0.0013	0.0002	0.0338	0.0162	0.0176
33	44	0.0944	14	2	0	1	0	0	0	0	0	0	0	2	0	0	0	0	0	0	0	Y	N	N	N	Y	N	N	N	N	N	N	N	N	N	N	N	N	N	0.0000	0.0000	0.0000	0.0000	0.0000	0.0000	0.0000	0.0000	0.0000	0.0000	0.0000	0.0000	0.0000	0.0000	0.0000	0.0000	0.0000	0.0000	0.0000	0.0000	0.0000	0.0000	0.0000	0.0000	0.0000	0.0000	0.0000			0.0000	0.0000	4.0088	1.0020	1.0030	0.0022	0.0000	0.0000	0.0000	0.0000	0.0000	0.0000	0.0000	0.0000	0.0000	0.0000	0.0000	0.0000	0.0000	0.0000	0.0000	0.0000	0.0000	0.0000	0.0458	0.0400	0.0057	0.0020	0.0019	0.0001	0.0438	0.0382	0.0056	0.0088	0.0044	0.0044	0.0003	0.0003	0.0000	0.0084	0.0041	0.0044
33	45	0.0944	14	2	0	1	0	0	0	0	0	0	0	2	1	0	0	0	0	0	0	Y	N	N	N	Y	N	N	N	N	N	N	N	N	N	N	N	N	N	0.0000	0.0000	0.0000	0.0000	0.0000	0.0000	0.0000	0.0000	0.0000	0.0000	0.0000	0.0000	0.0000	0.0000	0.0000	0.0000	0.0000	0.0000	0.0000	0.0000	0.0000	0.0000	0.0000	0.0000	0.0000	0.0000	0.0000			0.0000	0.0000	4.0088	4.0000	1.0030	1.0000	0.0000	0.0000	0.0000	0.0000	0.0000	0.0000	0.0000	0.0000	0.0000	0.0000	0.0000	0.0000	0.0000	0.0000	0.0000	0.0000	0.0000	0.0000	0.1792	0.1569	0.0223	0.0077	0.0072	0.0005	0.1715	0.1497	0.0218	0.0428	0.0214	0.0214	0.0016	0.0014	0.0002	0.0412	0.0200	0.0212
33	46	0.1607	19	2	0	1	0	0	0	0	0	0	1	1	1	0	0	0	0	0	0	Y	N	N	N	N	N	N	N	N	N	N	N	N	N	N	N	N	N	0.0000	0.0000	0.0000	0.0000	0.0000	0.0000	0.0000	0.0000	0.0000	0.0000	0.0000	0.0000	0.0000	0.0000	0.0000	0.0000	0.0000	0.0000	0.0000	0.0000	0.0000	0.0000	0.0000	0.0000	0.0000	0.0000	0.0000			0.0000	0.0000	4.0088	0.0007	1.0030	1.0103	0.0000	0.0000	0.0000	0.0000	0.0000	0.0000	0.0000	0.0000	0.0000	0.0000	0.0000	0.0000	0.0000	0.0000	0.0000	0.0000	0.0000	0.0000	0.0001	0.0001	0.0000	0.0001	0.0001	0.0000	0.0001	0.0001	0.0000	0.0275	0.0196	0.0079	0.0107	0.0104	0.0003	0.0168	0.0092	0.0076
33	47	0.1256	18	2	0	1	0	1	0	0	0	0	0	1	0	0	0	0	0	0	0	Y	N	N	N	N	N	N	N	N	N	N	N	N	N	N	N	N	N	0.9582	1.3483	0.0000	inf	inf	0.0000	0.8770	1.1036	0.0000	0.0009	0.0010	0.0000	0.0000	0.0000	0.0000	0.0010	0.0011	0.0000	0.0009	0.0008	0.0012	0.0000	0.0000	0.0000	0.0011	0.0010	0.0012	0.0000	1.2500	-0.0001	-0.0000	4.0088	6.8097	1.0030	3.8431	0.0003	0.0003	0.0000	0.0000	0.0000	0.0000	0.0003	0.0003	0.0000	0.0001	0.0000	0.0000	0.0000	0.0000	0.0000	0.0001	0.0000	0.0000	0.3230	0.2848	0.0381	0.0296	0.0282	0.0014	0.2934	0.2566	0.0368	0.0959	0.0529	0.0430	0.0161	0.0139	0.0023	0.0798	0.0390	0.0407
33	49	0.1866	21	2	0	1	0	0	0	0	0	0	0	1	0	0	0	0	0	0	0	Y	N	N	N	N	N	N	N	N	N	N	N	N	N	N	N	N	N	0.0071	0.0067	0.0206	0.0109	0.0101	0.0000	0.0063	0.0000	0.0199	0.0000	0.0000	0.0000	0.0000	0.0000	0.0000	0.0000	0.0000	0.0000	0.0000	0.0000	0.0000	0.0000	0.0000	0.0000	0.0000	0.0000	0.0000	3.1429	4.3961	0.0000	0.0000	4.0088	1.6285	1.0030	1.0381	0.0000	0.0000	0.0000	0.0000	0.0000	0.0000	0.0000	0.0000	0.0000	0.0000	0.0000	0.0000	0.0000	0.0000	0.0000	0.0000	0.0000	0.0000	0.1054	0.0932	0.0122	0.0246	0.0242	0.0005	0.0808	0.0690	0.0117	0.0313	0.0200	0.0112	0.0086	0.0078	0.0008	0.0227	0.0123	0.0104
33	53	0.1107	15	2	0	1	0	0	0	0	0	0	0	2	1	0	0	0	0	0	0	Y	N	N	N	Y	N	N	N	N	N	N	N	N	N	N	N	N	N	0.0000	0.0000	0.0000	0.0000	0.0000	0.0000	0.0000	0.0000	0.0000	0.0000	0.0000	0.0000	0.0000	0.0000	0.0000	0.0000	0.0000	0.0000	0.1349	0.2642	0.0023	2.2029	2.6522	0.0000	0.0012	0.0000	0.0023		0.0084	0.0000	-0.0007	4.0088	0.9921	1.0030	0.0076	0.0000	0.0000	0.0000	0.0000	0.0000	0.0000	0.0000	0.0000	0.0000	0.0012	0.0012	0.0000	0.0012	0.0012	0.0000	0.0000	0.0000	0.0000	0.0455	0.0399	0.0056	0.0026	0.0024	0.0001	0.0429	0.0374	0.0055	0.0089	0.0045	0.0044	0.0005	0.0004	0.0001	0.0083	0.0040	0.0043
33	60	0.0944	14	2	0	1	0	0	0	0	0	0	0	2	1	0	0	0	0	0	0	Y	N	N	N	Y	N	N	N	N	N	N	N	N	N	N	N	N	N	0.0000	0.0000	0.0000	0.0000	0.0000	0.0000	0.0000	0.0000	0.0000	0.0000	0.0000	0.0000	0.0000	0.0000	0.0000	0.0000	0.0000	0.0000	0.0000	0.0000	0.0000	0.0000	0.0000	0.0000	0.0000	0.0000	0.0000			0.0000	0.0000	4.0088	2.0000	1.0030	7.0000	0.0000	0.0000	0.0000	0.0000	0.0000	0.0000	0.0000	0.0000	0.0000	0.0000	0.0000	0.0000	0.0000	0.0000	0.0000	0.0000	0.0000	0.0000	0.0907	0.0794	0.0113	0.0039	0.0036	0.0002	0.0868	0.0757	0.0111	0.0755	0.0377	0.0377	0.0029	0.0025	0.0004	0.0726	0.0352	0.0374
33	61	0.0944	13	2	0	1	0	0	0	0	0	0	1	2	1	0	0	0	0	0	0	Y	N	N	N	Y	N	N	N	N	N	N	N	N	N	N	N	N	N	0.0000	0.0000	0.0000	0.0000	0.0000	0.0000	0.0000	0.0000	0.0000	0.0000	0.0000	0.0000	0.0000	0.0000	0.0000	0.0000	0.0000	0.0000	0.0000	0.0000	0.0000	0.0000	0.0000	0.0000	0.0000	0.0000	0.0000			0.0000	0.0000	4.0088	0.0000	1.0030	0.0000	0.0000	0.0000	0.0000	0.0000	0.0000	0.0000	0.0000	0.0000	0.0000	0.0000	0.0000	0.0000	0.0000	0.0000	0.0000	0.0000	0.0000	0.0000	0.0000	0.0000	0.0000	0.0000	0.0000	0.0000	0.0000	0.0000	0.0000	0.0000	0.0000	0.0000	0.0000	0.0000	0.0000	0.0000	0.0000	0.0000
33	68	0.1866	21	2	0	1	0	0	0	0	0	0	1	1	1	0	0	0	0	0	0	Y	N	N	N	N	N	N	N	N	N	N	N	N	N	N	N	N	N	0.0000	0.0000	0.0000	0.0000	0.0000	0.0000	0.0000	0.0000	0.0000	0.0000	0.0000	0.0000	0.0000	0.0000	0.0000	0.0000	0.0000	0.0000	0.0000	0.0000	0.0000	0.0000	0.0000	0.0000	0.0000	0.0000	0.0000		0.0000	0.0000	-0.0000	4.0088	1.4193	1.0030	5.2011	0.0000	0.0000	0.0000	0.0000	0.0000	0.0000	0.0000	0.0000	0.0000	0.0000	0.0000	0.0000	0.0000	0.0000	0.0000	0.0000	0.0000	0.0000	0.0963	0.0852	0.0111	0.0237	0.0233	0.0004	0.0726	0.0619	0.0107	0.0619	0.0362	0.0256	0.0137	0.0118	0.0019	0.0482	0.0245	0.0237
33	69	0.1364	20	2	0	1	0	1	0	0	0	0	0	1	0	0	0	0	0	0	0	Y	N	N	N	N	N	N	N	N	N	N	N	N	N	N	N	N	N	414.1194	433.6676	0.0000	0.0000	0.0000	0.0000	904.6462	inf	0.0000	0.0004	0.0005	0.0000	0.0000	0.0000	0.0000	0.0004	0.0005	0.0000	0.0000	0.0000	0.0000	0.0000	0.0000	0.0000	0.0000	0.0000	0.0000	0.0000	0.7073	-0.0000	-0.0000	4.0088	9.3928	1.0030	3.6523	0.0002	0.0002	0.0000	0.0000	0.0000	0.0000	0.0002	0.0002	0.0000	0.0000	0.0000	0.0000	0.0000	0.0000	0.0000	0.0000	0.0000	0.0000	0.4231	0.3720	0.0511	0.0285	0.0269	0.0015	0.3946	0.3450	0.0496	0.1112	0.0600	0.0513	0.0173	0.0145	0.0029	0.0939	0.0455	0.0484
33	74	0.0944	14	2	0	1	0	0	0	0	0	0	0	2	0	0	0	0	0	0	0	Y	N	N	N	Y	N	N	N	N	N	N	N	N	N	N	N	N	N	0.0000	0.0000	0.0000	0.0000	0.0000	0.0000	0.0000	0.0000	0.0000	0.0000	0.0000	0.0000	0.0000	0.0000	0.0000	0.0000	0.0000	0.0000	0.0010	0.0021	0.0000	0.0272	0.0315	0.0000	0.0000	0.0000	0.0000		0.0008	0.0000	-0.0000	4.0088	3.9277	1.0030	0.5227	0.0000	0.0000	0.0000	0.0000	0.0000	0.0000	0.0000	0.0000	0.0000	0.0000	0.0000	0.0000	0.0000	0.0000	0.0000	0.0000	0.0000	0.0000	0.1761	0.1542	0.0219	0.0076	0.0071	0.0005	0.1685	0.1471	0.0214	0.0382	0.0191	0.0191	0.0015	0.0013	0.0002	0.0368	0.0178	0.0189
33	75	0.0944	13	2	0	1	0	0	0	0	0	0	0	2	0	0	0	0	0	0	0	Y	N	N	N	Y	N	N	N	N	N	N	N	N	N	N	N	N	N	0.0000	0.0000	0.0000	0.0000	0.0000	0.0000	0.0000	0.0000	0.0000	0.0000	0.0000	0.0000	0.0000	0.0000	0.0000	0.0000	0.0000	0.0000	0.0000	0.0000	0.0000	0.0000	0.0000	0.0000	0.0000	0.0000	0.0000			0.0000	0.0000	4.0088	0.0009	1.0030	0.0000	0.0000	0.0000	0.0000	0.0000	0.0000	0.0000	0.0000	0.0000	0.0000	0.0000	0.0000	0.0000	0.0000	0.0000	0.0000	0.0000	0.0000	0.0000	0.0000	0.0000	0.0000	0.0000	0.0000	0.0000	0.0000	0.0000	0.0000	0.0000	0.0000	0.0000	0.0000	0.0000	0.0000	0.0000	0.0000	0.0000
33	76	0.0912	12	2	0	1	0	0	0	0	0	0	0	2	0	0	0	0	0	0	0	Y	N	N	N	Y	N	N	N	N	N	N	N	N	N	N	N	N	N	0.0000	0.0000	0.0000	0.0000	0.0000	0.0000	0.0000	0.0000	0.0000	0.0000	0.0000	0.0000	0.0000	0.0000	0.0000	0.0000	0.0000	0.0000	0.0000	0.0000	0.0000	0.0000	0.0000	0.0000	0.0000	0.0000	0.0000			0.0000	0.0000	4.0088	1.0000	1.0030	0.0000	0.0000	0.0000	0.0000	0.0000	0.0000	0.0000	0.0000	0.0000	0.0000	0.0000	0.0000	0.0000	0.0000	0.0000	0.0000	0.0000	0.0000	0.0000	0.0457	0.0400	0.0057	0.0019	0.0018	0.0001	0.0438	0.0382	0.0056	0.0088	0.0044	0.0044	0.0004	0.0003	0.0000	0.0084	0.0041	0.0043
33	77	0.0772	13	2	0	1	0	1	0	0	0	0	0	1	0	0	0	0	0	0	0	Y	N	N	N	N	N	N	N	N	N	N	N	N	N	N	N	N	N	inf	inf	0.0000	0.0000	0.0000	0.0000	inf	inf	0.0000	0.0003	0.0004	0.0000	0.0000	0.0000	0.0000	0.0003	0.0004	0.0000	0.0000	0.0000	0.0000	0.0000	0.0000	0.0000	0.0000	0.0000	0.0000	0.0000		-0.0000	0.0000	4.0088	3.3326	1.0030	4.0108	0.0001	0.0001	0.0000	0.0000	0.0000	0.0000	0.0001	0.0001	0.0000	0.0000	0.0000	0.0000	0.0000	0.0000	0.0000	0.0000	0.0000	0.0000	0.1649	0.1449	0.0201	0.0170	0.0158	0.0012	0.1479	0.1291	0.0188	0.0632	0.0322	0.0310	0.0031	0.0028	0.0004	0.0601	0.0294	0.0307
33	79	0.1138	14	2	0	1	0	0	0	0	0	0	0	2	1	0	0	0	0	0	0	Y	N	N	N	Y	N	N	N	N	N	N	N	N	N	N	N	N	N	0.0000	0.0000	0.0000	0.0000	0.0000	0.0000	0.0000	0.0000	0.0000	0.0000	0.0000	0.0000	0.0000	0.0000	0.0000	0.0000	0.0000	0.0000	0.0000	0.0000	0.0000	0.0000	0.0000	0.0000	0.0000	0.0000	0.0000			0.0000	0.0000	4.0088	0.0001	1.0030	1.0072	0.0000	0.0000	0.0000	0.0000	0.0000	0.0000	0.0000	0.0000	0.0000	0.0000	0.0000	0.0000	0.0000	0.0000	0.0000	0.0000	0.0000	0.0000	0.0000	0.0000	0.0000	0.0000	0.0000	0.0000	0.0000	0.0000	0.0000	0.0090	0.0046	0.0043	0.0008	0.0007	0.0001	0.0082	0.0040	0.0042
33	80	0.1041	13	2	0	1	0	0	0	0	0	0	0	2	1	0	0	0	0	0	0	Y	N	N	N	Y	N	N	N	N	N	N	N	N	N	N	N	N	N	0.0000	0.0000	0.0000	0.0000	0.0000	0.0000	0.0000	0.0000	0.0000	0.0000	0.0000	0.0000	0.0000	0.0000	0.0000	0.0000	0.0000	0.0000	0.0004	0.0000	0.0008	0.0000	0.0000	0.0000	0.0004	0.0000	0.0008		inf	0.0000	0.0000	4.0088	1.0058	1.0030	1.9973	0.0000	0.0000	0.0000	0.0000	0.0000	0.0000	0.0000	0.0000	0.0000	0.0000	0.0000	0.0000	0.0000	0.0000	0.0000	0.0000	0.0000	0.0000	0.0476	0.0417	0.0059	0.0028	0.0026	0.0002	0.0449	0.0392	0.0057	0.0265	0.0137	0.0128	0.0022	0.0019	0.0003	0.0243	0.0118	0.0125
33	83	0.1041	13	2	0	1	0	0	0	0	0	0	0	2	1	0	0	0	0	0	0	Y	N	N	N	Y	N	N	N	N	N	N	N	N	N	N	N	N	N	0.0000	0.0000	0.0000	0.0000	0.0000	0.0000	0.0000	0.0000	0.0000	0.0000	0.0000	0.0000	0.0000	0.0000	0.0000	0.0000	0.0000	0.0000	0.0001	0.0000	0.0002	0.0000	0.0000	0.0000	0.0001	0.0000	0.0002		inf	0.0000	0.0000	4.0088	5.0069	1.0030	6.0103	0.0000	0.0000	0.0000	0.0000	0.0000	0.0000	0.0000	0.0000	0.0000	0.0000	0.0000	0.0000	0.0000	0.0000	0.0000	0.0000	0.0000	0.0000	0.2294	0.2010	0.0283	0.0123	0.0115	0.0009	0.2171	0.1896	0.0275	0.0924	0.0476	0.0448	0.0073	0.0061	0.0011	0.0851	0.0415	0.0436
33	84	0.0977	12	2	0	1	0	0	0	0	0	1	1	2	1	0	0	0	0	0	0	Y	N	N	N	Y	N	N	N	N	N	N	N	N	N	N	N	N	N	0.0000	0.0000	0.0000	0.0000	0.0000	0.0000	0.0000	0.0000	0.0000	0.0000	0.0000	0.0000	0.0000	0.0000	0.0000	0.0000	0.0000	0.0000	0.0221	0.0010	0.0450	0.0061	0.0071	0.0000	0.0237	0.0000	0.0462		40.0156	0.0000	0.0001	4.0088	1.9932	1.0030	0.0278	0.0000	0.0000	0.0000	0.0000	0.0000	0.0000	0.0000	0.0000	0.0000	0.0004	0.0000	0.0004	0.0000	0.0000	0.0000	0.0004	0.0000	0.0004	0.0927	0.0811	0.0116	0.0035	0.0033	0.0002	0.0892	0.0779	0.0114	0.0185	0.0096	0.0089	0.0016	0.0014	0.0002	0.0168	0.0082	0.0086
33	91	0.1148	16	2	0	1	0	0	0	0	0	0	0	1	0	0	0	0	0	0	0	Y	N	N	N	N	N	N	N	N	N	N	N	N	N	N	N	N	N	0.0000	0.0000	0.0000	0.0000	0.0000	0.0000	0.0000	0.0000	0.0000	0.0000	0.0000	0.0000	0.0000	0.0000	0.0000	0.0000	0.0000	0.0000	12.4984	0.0060	30.3705	0.0155	0.0155	0.0166	16.3484	0.0003	31.5391		3532.5205	0.0000	0.3668	4.0088	1.5872	1.0030	4.4746	0.0000	0.0000	0.0000	0.0000	0.0000	0.0000	0.0000	0.0000	0.0000	0.9639	0.0003	0.9636	0.0003	0.0003	0.0000	0.9636	0.0000	0.9636	0.0748	0.0655	0.0093	0.0042	0.0039	0.0002	0.0706	0.0616	0.0090	0.0771	0.0454	0.0317	0.0182	0.0170	0.0012	0.0589	0.0284	0.0306
33	92	0.1107	15	2	0	1	1	0	0	0	1	0	0	2	1	0	0	0	0	0	0	Y	N	N	N	Y	N	N	N	N	N	N	N	N	N	N	N	N	N	0.0000	0.0000	0.0000	0.0000	0.0000	0.0000	0.0000	0.0000	0.0000	0.0000	0.0000	0.0000	0.0000	0.0000	0.0000	0.0000	0.0000	0.0000	0.0455	0.0902	0.0000	0.8178	1.0057	0.0000	0.0000	0.0000	0.0000		0.0000	0.0000	-0.0007	4.0088	1.0091	1.0030	1.9972	0.0000	0.0000	0.0000	0.0000	0.0000	0.0000	0.0000	0.0000	0.0000	0.0012	0.0012	0.0000	0.0012	0.0012	0.0000	0.0000	0.0000	0.0000	0.0463	0.0405	0.0057	0.0026	0.0025	0.0001	0.0436	0.0381	0.0056	0.0261	0.0132	0.0130	0.0015	0.0012	0.0003	0.0247	0.0120	0.0127
33	93	0.0944	14	2	0	1	0	0	0	0	0	0	1	2	1	0	0	0	0	0	0	Y	N	N	N	Y	N	N	N	N	N	N	N	N	N	N	N	N	N	0.0000	0.0000	0.0000	0.0000	0.0000	0.0000	0.0000	0.0000	0.0000	0.0000	0.0000	0.0000	0.0000	0.0000	0.0000	0.0000	0.0000	0.0000	23.2065	46.3963	0.0000	561.8465	650.2855	0.0000	0.0000	0.0000	0.0000		0.0000	0.0000	-0.6175	4.0088	2.0083	1.0030	3.0031	0.0000	0.0000	0.0000	0.0000	0.0000	0.0000	0.0000	0.0000	0.0000	0.9973	0.9973	0.0000	0.9973	0.9973	0.0000	0.0000	0.0000	0.0000	0.0906	0.0793	0.0113	0.0040	0.0037	0.0002	0.0866	0.0756	0.0111	0.0430	0.0215	0.0215	0.0018	0.0015	0.0002	0.0412	0.0200	0.0212
33	94	0.0944	13	2	0	1	0	0	0	0	0	0	0	2	0	0	0	0	0	0	0	Y	N	N	N	Y	N	N	N	N	N	N	N	N	N	N	N	N	N	0.0000	0.0000	0.0000	0.0000	0.0000	0.0000	0.0000	0.0000	0.0000	0.0000	0.0000	0.0000	0.0000	0.0000	0.0000	0.0000	0.0000	0.0000	4.8735	3.7030	7.1258	8.3157	8.3891	0.0000	3.4467	0.0000	7.1796		1.0000	0.0000	-0.0000	4.0088	0.0000	1.0030	0.0002	0.0000	0.0000	0.0000	0.0000	0.0000	0.0000	0.0000	0.0000	0.0000	0.0000	0.0000	0.0000	0.0000	0.0000	0.0000	0.0000	0.0000	0.0000	0.0000	0.0000	0.0000	0.0000	0.0000	0.0000	0.0000	0.0000	0.0000	0.0000	0.0000	0.0000	0.0000	0.0000	0.0000	0.0000	0.0000	0.0000
33	95	0.0912	12	2	0	1	0	0	0	0	0	0	0	2	0	0	0	0	0	0	0	Y	N	N	N	Y	N	N	N	N	N	N	N	N	N	N	N	N	N	0.0000	0.0000	0.0000	0.0000	0.0000	0.0000	0.0000	0.0000	0.0000	0.0000	0.0000	0.0000	0.0000	0.0000	0.0000	0.0000	0.0000	0.0000	0.0011	0.0023	0.0000	0.0277	0.0320	0.0000	0.0000	0.0000	0.0000		0.0000	0.0000	-0.0000	4.0088	1.0000	1.0030	0.0001	0.0000	0.0000	0.0000	0.0000	0.0000	0.0000	0.0000	0.0000	0.0000	0.0000	0.0000	0.0000	0.0000	0.0000	0.0000	0.0000	0.0000	0.0000	0.0457	0.0400	0.0057	0.0019	0.0018	0.0001	0.0438	0.0382	0.0056	0.0088	0.0044	0.0044	0.0004	0.0003	0.0000	0.0084	0.0041	0.0043
33	96	0.0912	11	2	0	1	0	0	0	0	0	1	0	2	0	0	0	0	0	0	0	Y	N	N	N	Y	N	N	N	N	N	N	N	N	N	N	N	N	N	0.0000	0.0000	0.0000	0.0000	0.0000	0.0000	0.0000	0.0000	0.0000	0.0000	0.0000	0.0000	0.0000	0.0000	0.0000	0.0000	0.0000	0.0000	0.0000	0.0000	0.0000	0.0000	0.0000	0.0000	0.0000	0.0000	0.0000			0.0000	0.0000	4.0088	0.0000	1.0030	0.0001	0.0000	0.0000	0.0000	0.0000	0.0000	0.0000	0.0000	0.0000	0.0000	0.0000	0.0000	0.0000	0.0000	0.0000	0.0000	0.0000	0.0000	0.0000	0.0000	0.0000	0.0000	0.0000	0.0000	0.0000	0.0000	0.0000	0.0000	0.0000	0.0000	0.0000	0.0000	0.0000	0.0000	0.0000	0.0000	0.0000
33	97	0.0880	10	2	0	1	0	0	0	0	0	0	0	1	0	0	0	0	0	0	0	Y	N	N	N	N	N	N	N	N	N	N	N	N	N	N	N	N	N	0.0000	0.0000	0.0000	0.0000	0.0000	0.0000	0.0000	0.0000	0.0000	0.0000	0.0000	0.0000	0.0000	0.0000	0.0000	0.0000	0.0000	0.0000	0.0121	0.0000	0.0246	0.0000	0.0000	0.0000	0.0129	0.0000	0.0250		inf	0.0000	0.0000	4.0088	0.9999	1.0030	0.0008	0.0000	0.0000	0.0000	0.0000	0.0000	0.0000	0.0000	0.0000	0.0000	0.0001	0.0000	0.0001	0.0000	0.0000	0.0000	0.0001	0.0000	0.0001	0.0471	0.0412	0.0059	0.0018	0.0017	0.0001	0.0453	0.0395	0.0058	0.0091	0.0046	0.0045	0.0006	0.0005	0.0001	0.0085	0.0041	0.0044
33	107	0.0912	11	2	0	1	0	0	0	0	0	0	0	1	0	0	0	0	0	0	0	Y	N	N	N	N	N	N	N	N	N	N	N	N	N	N	N	N	N	0.0000	0.0000	0.0000	0.0000	0.0000	0.0000	0.0000	0.0000	0.0000	0.0000	0.0000	0.0000	0.0000	0.0000	0.0000	0.0000	0.0000	0.0000	0.0224	0.0440	0.0000	0.3634	0.4154	0.0000	0.0000	0.0000	0.0000		0.0000	0.0000	-0.0002	4.0088	1.0015	1.0030	0.9989	0.0000	0.0000	0.0000	0.0000	0.0000	0.0000	0.0000	0.0000	0.0000	0.0004	0.0004	0.0000	0.0004	0.0004	0.0000	0.0000	0.0000	0.0000	0.0467	0.0409	0.0058	0.0018	0.0016	0.0001	0.0449	0.0392	0.0057	0.0178	0.0091	0.0087	0.0011	0.0010	0.0001	0.0167	0.0081	0.0086
33	108	0.0880	10	2	0	1	0	0	0	0	0	0	0	1	0	0	0	0	0	0	0	Y	N	N	N	N	N	N	N	N	N	N	N	N	N	N	N	N	N	0.0000	0.0000	0.0000	0.0000	0.0000	0.0000	0.0000	0.0000	0.0000	0.0000	0.0000	0.0000	0.0000	0.0000	0.0000	0.0000	0.0000	0.0000	0.0120	0.0000	0.0246	0.0000	0.0000	0.0000	0.0129	0.0000	0.0250		inf	0.0000	0.0000	4.0088	1.0004	1.0030	0.0020	0.0000	0.0000	0.0000	0.0000	0.0000	0.0000	0.0000	0.0000	0.0000	0.0001	0.0000	0.0001	0.0000	0.0000	0.0000	0.0001	0.0000	0.0001	0.0471	0.0412	0.0059	0.0018	0.0017	0.0001	0.0453	0.0395	0.0058	0.0091	0.0046	0.0045	0.0006	0.0005	0.0001	0.0085	0.0041	0.0044
33	109	0.0620	9	2	0	1	0	1	0	0	0	0	0	1	0	0	0	0	0	0	0	Y	N	N	N	N	N	N	N	N	N	N	N	N	N	N	N	N	N	0.0012	395301.3936	0.0017	902602.2795	850515.6683	inf	0.0005	inf	0.0017	0.0170	0.0124	0.0492	0.3042	0.3248	0.0003	0.0071	0.0008	0.0501	14.2904	0.0000	28.7538	0.0000	0.0000	0.0000	14.9897	0.0000	29.0742	0.5693	908981832.3267	0.0003	0.3802	4.0088	3.0035	1.0030	5.0043	0.0024	0.0015	0.0009	0.0014	0.0014	0.0000	0.0010	0.0001	0.0009	0.9984	0.0000	0.9984	0.0000	0.0000	0.0000	0.9984	0.0000	0.9984	0.1393	0.1218	0.0174	0.0046	0.0043	0.0003	0.1346	0.1175	0.0171	0.0699	0.0351	0.0347	0.0033	0.0029	0.0004	0.0666	0.0323	0.0343
33	112	0.1014	15	2	0	1	0	1	0	0	0	0	0	1	0	0	0	0	0	0	0	Y	N	N	N	N	N	N	N	N	N	N	N	N	N	N	N	N	N	0.0000	0.0000	0.0000	0.0000	0.0000	0.0000	0.0000	0.0001	0.0000	0.0000	0.0000	0.0000	0.0000	0.0000	0.0000	0.0000	0.0000	0.0000	0.1503	0.0027	0.3708	0.0054	0.0058	0.0000	0.1987	0.0008	0.3843	0.0000	90.5555	-0.0000	0.0040	4.0088	3.0209	1.0030	2.2550	0.0000	0.0000	0.0000	0.0000	0.0000	0.0000	0.0000	0.0000	0.0000	0.0109	0.0001	0.0108	0.0001	0.0001	0.0000	0.0108	0.0000	0.0108	0.1412	0.1237	0.0175	0.0078	0.0074	0.0005	0.1334	0.1164	0.0170	0.0724	0.0434	0.0290	0.0181	0.0171	0.0010	0.0542	0.0262	0.0280
35	36	0.1901	12	2	0	1	0	1	0	1	0	1	1	1	1	0	0	0	0	0	0	Y	N	N	N	N	N	N	N	N	N	N	N	N	N	N	N	N	N	0.0050	0.0010	2064.3317	0.0053	0.0015	3796.2650	0.0000	0.0000	0.0000	0.0000	0.0000	0.0002	0.0003	0.0001	0.0032	0.0000	0.0000	0.0000	0.0054	0.0103	0.0000	0.0483	0.0626	0.0000	0.0000	0.0000	0.0000	1.9529	0.0000	0.0000	-0.0014	10.0151	11.0150	7.9868	4.0316	0.0000	0.0000	0.0000	0.0000	0.0000	0.0000	0.0000	0.0000	0.0000	0.0022	0.0022	0.0000	0.0022	0.0022	0.0000	0.0000	0.0000	0.0000	1.1237	0.9924	0.1313	0.1191	0.1127	0.0063	1.0047	0.8797	0.1250	0.4096	0.2144	0.1952	0.0456	0.0351	0.0104	0.3640	0.1793	0.1847
35	38	0.1164	9	2	0	1	1	1	0	1	1	1	1	2	1	0	0	0	0	0	0	Y	N	N	N	Y	N	N	N	N	N	N	N	N	N	N	N	N	N	843.2834	508.5844	0.0000	0.9654	0.9422	0.0000	540414.8245	inf	0.0000	0.8676	0.9654	0.0000	0.0130	0.0131	0.0000	1.0944	1.2510	0.0000	0.0010	0.0019	0.0000	0.0134	0.0139	0.0001	0.0000	0.0000	0.0000	0.0000	0.0021	-0.1129	-0.0001	10.0151	3.1237	7.9868	0.5096	0.4893	0.4893	0.0000	0.0015	0.0015	0.0000	0.4877	0.4877	0.0000	0.0001	0.0001	0.0000	0.0001	0.0001	0.0000	0.0000	0.0000	0.0000	0.5639	0.5068	0.0571	0.1182	0.1169	0.0013	0.4457	0.3899	0.0558	0.1266	0.0685	0.0581	0.0097	0.0093	0.0003	0.1169	0.0591	0.0578
35	43	0.1062	9	2	0	1	1	1	0	1	1	1	1	2	1	0	0	0	0	0	0	Y	N	N	N	Y	N	N	N	N	N	N	N	N	N	N	N	N	N	0.0000	0.0000	0.0000	0.0000	0.0000	0.0000	0.0000	0.0000	0.0000	0.0000	0.0000	0.0000	0.0000	0.0000	0.0000	0.0000	0.0000	0.0000	0.0000	0.0000	0.0000	0.0000	0.0000	0.0000	0.0000	0.0000	0.0000			0.0000	0.0000	10.0151	2.9999	7.9868	0.9999	0.0000	0.0000	0.0000	0.0000	0.0000	0.0000	0.0000	0.0000	0.0000	0.0000	0.0000	0.0000	0.0000	0.0000	0.0000	0.0000	0.0000	0.0000	0.3895	0.3433	0.0462	0.0291	0.0288	0.0004	0.3603	0.3145	0.0458	0.1275	0.0623	0.0652	0.0022	0.0019	0.0003	0.1254	0.0604	0.0649
35	44	0.1013	8	2	0	1	0	1	0	1	0	1	0	2	0	0	0	0	0	0	0	Y	N	N	N	Y	N	N	N	N	N	N	N	N	N	N	N	N	N	0.0000	0.0000	0.0000	0.0000	0.0000	0.0000	0.0000	0.0000	0.0000	0.0000	0.0000	0.0000	0.0000	0.0000	0.0000	0.0000	0.0000	0.0000	0.0015	0.0025	0.0006	0.0216	0.0253	0.0000	0.0013	0.0019	0.0006		0.2504	0.0000	-0.0000	10.0151	1.0020	7.9868	0.0022	0.0000	0.0000	0.0000	0.0000	0.0000	0.0000	0.0000	0.0000	0.0000	0.0000	0.0000	0.0000	0.0000	0.0000	0.0000	0.0000	0.0000	0.0000	0.1120	0.0980	0.0140	0.0016	0.0016	0.0001	0.1103	0.0964	0.0139	0.0323	0.0159	0.0163	0.0005	0.0004	0.0001	0.0318	0.0156	0.0162
35	45	0.1013	8	2	0	1	0	1	0	1	0	1	0	2	1	0	0	0	0	0	0	Y	N	N	N	Y	N	N	N	N	N	N	N	N	N	N	N	N	N	0.0000	0.0000	0.0000	0.0000	0.0000	0.0000	0.0000	0.0000	0.0000	0.0000	0.0000	0.0000	0.0000	0.0000	0.0000	0.0000	0.0000	0.0000	0.0000	0.0000	0.0000	0.0000	0.0000	0.0000	0.0000	0.0000	0.0000			0.0000	0.0000	10.0151	4.0000	7.9868	1.0000	0.0000	0.0000	0.0000	0.0000	0.0000	0.0000	0.0000	0.0000	0.0000	0.0000	0.0000	0.0000	0.0000	0.0000	0.0000	0.0000	0.0000	0.0000	0.4387	0.3841	0.0546	0.0063	0.0060	0.0003	0.4323	0.3780	0.0543	0.1572	0.0778	0.0794	0.0023	0.0019	0.0003	0.1550	0.0759	0.0791
35	46	0.1547	9	2	0	1	0	1	0	1	0	1	1	1	1	0	0	0	0	0	0	Y	N	N	N	N	N	N	N	N	N	N	N	N	N	N	N	N	N	96180.7446	inf	0.0000	55056.2767	inf	0.0000	101657.1950	inf	0.0000	0.2136	0.2350	0.0000	0.0018	0.0018	0.0000	0.3550	0.4169	0.0000	0.0000	0.0000	0.0000	0.0000	0.0000	0.0000	0.0000	0.0000	0.0000	0.0000	inf	-0.0000	0.0000	10.0151	0.0007	7.9868	1.0103	0.0001	0.0001	0.0000	0.0000	0.0000	0.0000	0.0001	0.0001	0.0000	0.0000	0.0000	0.0000	0.0000	0.0000	0.0000	0.0000	0.0000	0.0000	0.0003	0.0003	0.0000	0.0001	0.0001	0.0000	0.0002	0.0002	0.0000	0.0927	0.0655	0.0272	0.0341	0.0332	0.0008	0.0586	0.0323	0.0264
35	47	0.1196	8	2	0	1	0	2	0	1	0	1	0	1	0	0	0	0	0	0	0	Y	N	N	N	N	N	N	N	N	N	N	N	N	N	N	N	N	N	10661.6517	6465.7718	3.8575	483.7919	430.5536	inf	13418.7441	7524.0765	0.0000	1.2781	1.4507	0.0000	0.1275	0.1328	0.0000	1.3493	1.5400	0.0000	0.0001	0.0002	0.0000	0.0003	0.0003	0.0000	0.0001	0.0002	0.0000	0.0000	0.0001	-0.2321	-0.0000	10.0151	6.8097	7.9868	3.8431	1.0057	1.0057	0.0000	0.0058	0.0058	0.0000	0.9999	0.9999	0.0000	0.0000	0.0000	0.0000	0.0000	0.0000	0.0000	0.0000	0.0000	0.0000	0.7869	0.6933	0.0936	0.0459	0.0440	0.0018	0.7410	0.6492	0.0918	0.3385	0.1808	0.1576	0.0401	0.0343	0.0058	0.2984	0.1466	0.1518
35	49	0.1806	11	2	0	1	0	1	0	1	0	1	0	1	0	0	0	0	0	0	0	Y	N	N	N	N	N	N	N	N	N	N	N	N	N	N	N	N	N	102.0751	90.4314	0.0007	0.3069	0.2843	8.8910	116.4826	96.0165	0.0000	2.3381	2.6419	0.0000	0.0042	0.0043	0.0003	2.9801	3.4739	0.0000	0.0229	0.0292	0.0125	0.0136	0.0150	0.0000	0.0256	0.0362	0.0131	0.0000	0.2576	-0.1378	-0.0011	10.0151	1.6285	7.9868	1.0381	0.5970	0.5970	0.0000	0.0002	0.0002	0.0000	0.5968	0.5968	0.0000	0.0025	0.0020	0.0005	0.0003	0.0003	0.0000	0.0022	0.0017	0.0005	0.2553	0.2260	0.0294	0.0551	0.0542	0.0009	0.2003	0.1718	0.0285	0.1108	0.0691	0.0417	0.0249	0.0227	0.0022	0.0860	0.0464	0.0395
35	53	0.1176	9	2	0	1	0	1	0	1	0	1	0	2	1	0	0	0	0	0	0	Y	N	N	N	Y	N	N	N	N	N	N	N	N	N	N	N	N	N	inf	inf	0.0000	inf	inf	0.0000	inf	inf	0.0000	0.0521	0.0594	0.0000	0.0000	0.0000	0.0000	0.0538	0.0616	0.0000	0.0000	0.0000	0.0000	0.0000	0.0000	0.0000	0.0000	0.0000	0.0000	0.0000		-0.0013	0.0000	10.0151	0.9921	7.9868	0.0076	0.0058	0.0058	0.0000	0.0000	0.0000	0.0000	0.0058	0.0058	0.0000	0.0000	0.0000	0.0000	0.0000	0.0000	0.0000	0.0000	0.0000	0.0000	0.1113	0.0975	0.0138	0.0036	0.0034	0.0002	0.1077	0.0942	0.0136	0.0326	0.0163	0.0163	0.0011	0.0008	0.0002	0.0315	0.0155	0.0161
35	60	0.1013	8	2	0	1	0	1	0	1	0	1	0	2	1	0	0	0	0	0	0	Y	N	N	N	Y	N	N	N	N	N	N	N	N	N	N	N	N	N	0.0000	0.0000	0.0000	0.0000	0.0000	0.0000	0.0000	0.0000	0.0000	0.0000	0.0000	0.0000	0.0000	0.0000	0.0000	0.0000	0.0000	0.0000	3.6089	0.0001	7.1524	0.0075	0.0029	0.0342	3.6614	0.0000	7.1823		99988.0000	0.0000	0.3808	10.0151	2.0000	7.9868	7.0000	0.0000	0.0000	0.0000	0.0000	0.0000	0.0000	0.0000	0.0000	0.0000	0.9999	0.0000	0.9999	0.0000	0.0000	0.0000	0.9999	0.0000	0.9999	0.2220	0.1942	0.0277	0.0032	0.0030	0.0002	0.2188	0.1912	0.0276	0.2771	0.1373	0.1398	0.0040	0.0034	0.0006	0.2731	0.1339	0.1392
35	61	0.1013	7	2	0	1	0	1	0	1	0	1	1	2	1	0	0	0	0	0	0	Y	N	N	N	Y	N	N	N	N	N	N	N	N	N	N	N	N	N	0.0000	0.0000	0.0000	0.0000	0.0000	0.0000	0.0000	0.0000	0.0000	0.0000	0.0000	0.0000	0.0000	0.0000	0.0000	0.0000	0.0000	0.0000	0.0000	0.0000	0.0000	0.0000	0.0000	0.0000	0.0000	0.0000	0.0000			0.0000	0.0000	10.0151	0.0000	7.9868	0.0000	0.0000	0.0000	0.0000	0.0000	0.0000	0.0000	0.0000	0.0000	0.0000	0.0000	0.0000	0.0000	0.0000	0.0000	0.0000	0.0000	0.0000	0.0000	0.0000	0.0000	0.0000	0.0000	0.0000	0.0000	0.0000	0.0000	0.0000	0.0000	0.0000	0.0000	0.0000	0.0000	0.0000	0.0000	0.0000	0.0000
35	68	0.1806	11	2	0	1	0	1	0	1	0	1	1	1	1	0	0	0	0	0	0	Y	N	N	N	N	N	N	N	N	N	N	N	N	N	N	N	N	N	1131.4291	727.7613	0.0000	815.5246	710.8905	0.0000	0.0000	0.0000	0.0000	1.7298	1.9535	0.0000	7.5768	7.6900	0.0000	0.0000	0.0000	0.0000	0.0015	0.0027	0.0000	0.0093	0.0108	0.0000	0.0000	0.0000	0.0000	0.0000	0.0000	-0.0931	-0.0002	10.0151	1.4193	7.9868	5.2011	0.4032	0.4032	0.0000	0.4032	0.4032	0.0000	0.0000	0.0000	0.0000	0.0003	0.0003	0.0000	0.0003	0.0003	0.0000	0.0000	0.0000	0.0000	0.2331	0.2064	0.0267	0.0532	0.0524	0.0008	0.1799	0.1540	0.0259	0.2224	0.1266	0.0957	0.0366	0.0314	0.0052	0.1858	0.0952	0.0906
35	69	0.1304	10	2	0	1	0	2	0	1	0	1	0	1	0	0	0	0	0	0	0	Y	N	N	N	N	N	N	N	N	N	N	N	N	N	N	N	N	N	331.4004	216.2751	0.3817	38.2623	32.9338	1.1677	434.2328	276.9447	0.3742	0.3953	0.4493	0.0001	0.1299	0.1368	0.0000	0.4088	0.4665	0.0001	0.0012	0.0021	0.0002	0.0034	0.0042	0.0000	0.0009	0.0017	0.0002	0.0000	0.0910	-0.0945	-0.0003	10.0151	9.3928	7.9868	3.6523	0.4097	0.4097	0.0000	0.0065	0.0065	0.0000	0.4032	0.4032	0.0000	0.0005	0.0004	0.0000	0.0001	0.0001	0.0000	0.0003	0.0003	0.0000	1.0366	0.9118	0.1248	0.0501	0.0476	0.0025	0.9865	0.8643	0.1222	0.4024	0.2117	0.1907	0.0412	0.0337	0.0075	0.3612	0.1780	0.1831
35	74	0.1013	8	2	0	1	0	1	0	1	0	1	0	2	0	0	0	0	0	0	0	Y	N	N	N	Y	N	N	N	N	N	N	N	N	N	N	N	N	N	1280.3986	3113.6199	0.6607	5.9263	5.3234	0.0000	1283.4050	3113.8786	0.6619	1.1885	1.3573	0.0009	0.0008	0.0009	0.0000	1.2060	1.3791	0.0009	0.0009	0.0004	0.0014	0.0001	0.0002	0.0000	0.0009	0.0004	0.0014	0.0001	3.3028	-0.1182	0.0000	10.0151	3.9277	7.9868	0.5227	0.5122	0.5122	0.0000	0.0000	0.0000	0.0000	0.5122	0.5122	0.0000	0.0001	0.0000	0.0001	0.0000	0.0000	0.0000	0.0001	0.0000	0.0001	0.4310	0.3774	0.0537	0.0063	0.0060	0.0003	0.4247	0.3714	0.0533	0.1403	0.0694	0.0709	0.0020	0.0017	0.0003	0.1383	0.0677	0.0706
35	75	0.1013	7	2	0	1	0	1	0	1	0	1	0	2	0	0	0	0	0	0	0	Y	N	N	N	Y	N	N	N	N	N	N	N	N	N	N	N	N	N	0.0000	0.0000	0.0000	0.0000	0.0000	0.0000	0.0000	0.0000	0.0000	0.0000	0.0000	0.0000	0.0000	0.0000	0.0000	0.0000	0.0000	0.0000	0.0000	0.0000	0.0000	0.0000	0.0000	0.0000	0.0000	0.0000	0.0000			0.0000	0.0000	10.0151	0.0009	7.9868	0.0000	0.0000	0.0000	0.0000	0.0000	0.0000	0.0000	0.0000	0.0000	0.0000	0.0000	0.0000	0.0000	0.0000	0.0000	0.0000	0.0000	0.0000	0.0000	0.0001	0.0001	0.0000	0.0000	0.0000	0.0000	0.0001	0.0001	0.0000	0.0000	0.0000	0.0000	0.0000	0.0000	0.0000	0.0000	0.0000	0.0000
35	76	0.0981	6	2	0	1	0	1	0	1	0	1	0	2	0	0	0	0	0	0	0	Y	N	N	N	Y	N	N	N	N	N	N	N	N	N	N	N	N	N	9710.5586	inf	0.0000	0.0000	0.0000	0.0000	9698.0664	inf	0.0000	8.9458	10.2253	0.0000	0.0000	0.0000	0.0000	9.0636	10.3723	0.0000	0.0009	0.0000	0.0018	0.0000	0.0000	0.0000	0.0009	0.0000	0.0018	0.0000	inf	-0.2308	0.0000	10.0151	1.0000	7.9868	0.0000	1.0000	1.0000	0.0000	0.0000	0.0000	0.0000	1.0000	1.0000	0.0000	0.0000	0.0000	0.0000	0.0000	0.0000	0.0000	0.0000	0.0000	0.0000	0.1118	0.0978	0.0140	0.0015	0.0014	0.0001	0.1103	0.0964	0.0139	0.0322	0.0159	0.0163	0.0005	0.0004	0.0001	0.0318	0.0155	0.0162
35	77	0.0712	3	2	0	1	0	2	0	1	0	1	0	1	0	0	0	0	0	0	0	Y	N	N	N	N	N	N	N	N	N	N	N	N	N	N	N	N	N	3181.0252	3432.6431	0.0000	470.1736	591.6367	0.0000	0.0000	0.0000	0.0000	0.0173	0.0197	0.0000	0.4516	0.4544	0.0000	0.0000	0.0000	0.0000	0.0000	0.0000	0.0000	0.0010	0.0008	0.0499	0.0000	0.0000	0.0000	0.0000	0.9065	-0.0016	-0.0000	10.0151	3.3326	7.9868	4.0108	0.0069	0.0069	0.0000	0.0069	0.0069	0.0000	0.0000	0.0000	0.0000	0.0000	0.0000	0.0000	0.0000	0.0000	0.0000	0.0000	0.0000	0.0000	0.4014	0.3524	0.0490	0.0153	0.0153	0.0001	0.3860	0.3371	0.0489	0.2314	0.1150	0.1164	0.0009	0.0009	0.0000	0.2305	0.1141	0.1164
35	79	0.1207	8	2	0	1	0	1	0	1	0	1	0	2	1	0	0	0	0	0	0	Y	N	N	N	Y	N	N	N	N	N	N	N	N	N	N	N	N	N	0.0000	0.0000	0.0000	0.0000	0.0000	0.0000	0.0000	0.0000	0.0000	0.0000	0.0000	0.0000	0.0000	0.0000	0.0000	0.0000	0.0000	0.0000	0.0000	0.0000	0.0000	0.0000	0.0000	0.0000	0.0000	0.0000	0.0000			0.0000	-0.0000	10.0151	0.0001	7.9868	1.0072	0.0000	0.0000	0.0000	0.0000	0.0000	0.0000	0.0000	0.0000	0.0000	0.0000	0.0000	0.0000	0.0000	0.0000	0.0000	0.0000	0.0000	0.0000	0.0000	0.0000	0.0000	0.0000	0.0000	0.0000	0.0000	0.0000	0.0000	0.0326	0.0166	0.0161	0.0013	0.0011	0.0002	0.0313	0.0155	0.0159
35	80	0.1110	7	2	0	1	0	1	0	1	0	1	0	2	1	0	0	0	0	0	0	Y	N	N	N	Y	N	N	N	N	N	N	N	N	N	N	N	N	N	1.0806	0.6241	0.0000	0.0000	0.0000	0.0000	13923.2347	429981.1852	0.0000	0.0159	0.0181	0.0000	0.0000	0.0000	0.0000	0.0164	0.0187	0.0000	0.0147	0.0290	0.0000	0.3923	0.4756	0.0000	0.0000	0.0000	0.0000	0.0000	0.0001	-0.0004	-0.0009	10.0151	1.0058	7.9868	1.9973	0.0019	0.0019	0.0000	0.0000	0.0000	0.0000	0.0019	0.0019	0.0000	0.0014	0.0014	0.0000	0.0014	0.0014	0.0000	0.0000	0.0000	0.0000	0.1166	0.1021	0.0144	0.0035	0.0033	0.0002	0.1130	0.0988	0.0142	0.0967	0.0489	0.0478	0.0036	0.0030	0.0006	0.0930	0.0459	0.0471
35	83	0.1110	7	2	0	1	0	1	0	1	0	1	0	2	1	0	0	0	0	0	0	Y	N	N	N	Y	N	N	N	N	N	N	N	N	N	N	N	N	N	0.0011	inf	0.0000	0.0000	0.0000	0.0000	0.0011	inf	0.0000	0.0033	0.0038	0.0000	0.0000	0.0000	0.0000	0.0034	0.0039	0.0000	2.9678	0.0000	5.9969	0.0127	0.0000	0.0635	3.0678	0.0000	6.0764	0.0000	inf	-0.0004	0.3803	10.0151	5.0069	7.9868	6.0103	0.0019	0.0019	0.0000	0.0000	0.0000	0.0000	0.0019	0.0019	0.0000	0.9986	0.0000	0.9986	0.0001	0.0000	0.0001	0.9984	0.0000	0.9984	0.5611	0.4917	0.0694	0.0147	0.0136	0.0011	0.5464	0.4781	0.0683	0.3365	0.1699	0.1665	0.0110	0.0088	0.0022	0.3255	0.1611	0.1643
35	84	0.1046	6	2	0	1	0	1	0	1	0	2	1	2	1	0	0	0	0	0	0	Y	N	N	N	Y	N	N	N	N	N	N	N	N	N	N	N	N	N	201.9223	1072.4891	0.0000	0.0952	0.0839	0.0000	201.1205	1348.5044	0.0000	4.3946	5.0215	0.0000	0.0014	0.0015	0.0000	4.4390	5.0768	0.0000	0.0218	0.0047	0.0394	0.0146	0.0173	0.0001	0.0221	0.0038	0.0400	0.0000	8.1401	-0.2300	0.0004	10.0151	1.9932	7.9868	0.0278	0.9964	0.9964	0.0000	0.0000	0.0000	0.0000	0.9964	0.9964	0.0000	0.0015	0.0002	0.0013	0.0000	0.0000	0.0000	0.0014	0.0001	0.0013	0.2267	0.1984	0.0283	0.0023	0.0022	0.0001	0.2245	0.1963	0.0282	0.0672	0.0342	0.0330	0.0028	0.0023	0.0004	0.0645	0.0319	0.0326
35	91	0.1088	6	2	0	1	0	1	0	1	0	1	0	1	0	0	0	0	0	0	0	Y	N	N	N	N	N	N	N	N	N	N	N	N	N	N	N	N	N	11.8376	0.7712	115.2943	26.5313	26.0144	431.1414	11.2150	0.0000	113.8300	0.0053	0.0004	0.0394	0.0109	0.0114	0.0034	0.0051	0.0000	0.0399	0.0004	0.0005	0.0003	0.0004	0.0004	0.0000	0.0005	0.0006	0.0004	13.9734	0.4857	0.0007	-0.0000	10.0151	1.5872	7.9868	4.4746	0.0009	0.0001	0.0009	0.0001	0.0001	0.0000	0.0009	0.0000	0.0009	0.0001	0.0001	0.0000	0.0000	0.0000	0.0000	0.0001	0.0001	0.0000	0.1805	0.1580	0.0225	0.0059	0.0056	0.0003	0.1746	0.1524	0.0222	0.2735	0.1572	0.1163	0.0529	0.0499	0.0029	0.2206	0.1073	0.1133
35	92	0.1176	9	2	0	1	1	1	0	1	1	1	0	2	1	0	0	0	0	0	0	Y	N	N	N	Y	N	N	N	N	N	N	N	N	N	N	N	N	N	inf	inf	0.0000	inf	inf	0.0000	0.0000	0.0000	0.0000	0.0005	0.0005	0.0000	0.0139	0.0150	0.0000	0.0000	0.0000	0.0000	0.0000	0.0000	0.0000	0.0000	0.0000	0.0000	0.0000	0.0000	0.0000	0.0000		-0.0000	0.0000	10.0151	1.0091	7.9868	1.9972	0.0001	0.0001	0.0000	0.0001	0.0001	0.0000	0.0000	0.0000	0.0000	0.0000	0.0000	0.0000	0.0000	0.0000	0.0000	0.0000	0.0000	0.0000	0.1132	0.0992	0.0141	0.0037	0.0034	0.0002	0.1096	0.0958	0.0138	0.0960	0.0478	0.0482	0.0026	0.0020	0.0006	0.0933	0.0458	0.0475
35	93	0.1013	8	2	0	1	0	1	0	1	0	1	1	2	1	0	0	0	0	0	0	Y	N	N	N	Y	N	N	N	N	N	N	N	N	N	N	N	N	N	inf	inf	0.0000	0.0000	0.0000	0.0000	inf	inf	0.0000	0.0002	0.0003	0.0000	0.0000	0.0000	0.0000	0.0002	0.0003	0.0000	0.0000	0.0000	0.0000	0.0000	0.0000	0.0000	0.0000	0.0000	0.0000	0.0000		-0.0000	0.0000	10.0151	2.0083	7.9868	3.0031	0.0001	0.0001	0.0000	0.0000	0.0000	0.0000	0.0001	0.0001	0.0000	0.0000	0.0000	0.0000	0.0000	0.0000	0.0000	0.0000	0.0000	0.0000	0.2218	0.1941	0.0277	0.0034	0.0032	0.0002	0.2184	0.1909	0.0275	0.1578	0.0781	0.0797	0.0023	0.0019	0.0003	0.1556	0.0762	0.0794
35	94	0.1013	7	2	0	1	0	1	0	1	0	1	0	2	0	0	0	0	0	0	0	Y	N	N	N	Y	N	N	N	N	N	N	N	N	N	N	N	N	N	0.0000	0.0000	0.0000	0.0000	0.0000	0.0000	0.0000	0.0000	0.0000	0.0000	0.0000	0.0000	0.0000	0.0000	0.0000	0.0000	0.0000	0.0000	0.0000	0.0000	0.0000	0.0000	0.0000	0.0000	0.0000	0.0000	0.0000			0.0000	0.0000	10.0151	0.0000	7.9868	0.0002	0.0000	0.0000	0.0000	0.0000	0.0000	0.0000	0.0000	0.0000	0.0000	0.0000	0.0000	0.0000	0.0000	0.0000	0.0000	0.0000	0.0000	0.0000	0.0000	0.0000	0.0000	0.0000	0.0000	0.0000	0.0000	0.0000	0.0000	0.0000	0.0000	0.0000	0.0000	0.0000	0.0000	0.0000	0.0000	0.0000
35	95	0.0981	6	2	0	1	0	1	0	1	0	1	0	2	0	0	0	0	0	0	0	Y	N	N	N	Y	N	N	N	N	N	N	N	N	N	N	N	N	N	0.0000	0.0000	0.0000	0.0000	0.0000	0.0000	0.0000	0.0000	0.0000	0.0000	0.0000	0.0000	0.0000	0.0000	0.0000	0.0000	0.0000	0.0000	0.0009	0.0000	0.0018	0.0000	0.0000	0.0000	0.0009	0.0000	0.0018		inf	0.0000	0.0000	10.0151	1.0000	7.9868	0.0001	0.0000	0.0000	0.0000	0.0000	0.0000	0.0000	0.0000	0.0000	0.0000	0.0000	0.0000	0.0000	0.0000	0.0000	0.0000	0.0000	0.0000	0.0000	0.1118	0.0978	0.0140	0.0015	0.0014	0.0001	0.1103	0.0964	0.0139	0.0322	0.0159	0.0163	0.0005	0.0004	0.0001	0.0318	0.0155	0.0162
35	96	0.0981	5	2	0	1	0	1	0	1	0	2	0	2	0	0	0	0	0	0	0	Y	N	N	N	Y	N	N	N	N	N	N	N	N	N	N	N	N	N	0.0000	0.0000	0.0000	0.0000	0.0000	0.0000	0.0000	0.0000	0.0000	0.0000	0.0000	0.0000	0.0000	0.0000	0.0000	0.0000	0.0000	0.0000	13.4191	11.5583	15.2618	20.0659	20.1306	0.0000	10.7487	0.0000	15.2899		1.3333	0.0000	-0.0000	10.0151	0.0000	7.9868	0.0001	0.0000	0.0000	0.0000	0.0000	0.0000	0.0000	0.0000	0.0000	0.0000	0.0001	0.0000	0.0000	0.0000	0.0000	0.0000	0.0000	0.0000	0.0000	0.0000	0.0000	0.0000	0.0000	0.0000	0.0000	0.0000	0.0000	0.0000	0.0000	0.0000	0.0000	0.0000	0.0000	0.0000	0.0000	0.0000	0.0000
35	97	0.0949	4	2	0	1	0	1	0	1	0	1	0	1	0	0	0	0	0	0	0	Y	N	N	N	N	N	N	N	N	N	N	N	N	N	N	N	N	N	0.0000	0.0000	0.0000	0.0000	0.0000	0.0000	0.0000	0.0000	0.0000	0.0000	0.0000	0.0000	0.0000	0.0000	0.0000	0.0000	0.0000	0.0000	0.0091	0.0024	0.0157	0.0807	0.0937	0.0000	0.0080	0.0000	0.0158		6.5014	0.0000	0.0001	10.0151	0.9999	7.9868	0.0008	0.0000	0.0000	0.0000	0.0000	0.0000	0.0000	0.0000	0.0000	0.0000	0.0003	0.0000	0.0003	0.0000	0.0000	0.0000	0.0003	0.0000	0.0003	0.1140	0.0998	0.0142	0.0011	0.0011	0.0001	0.1129	0.0987	0.0142	0.0326	0.0162	0.0164	0.0005	0.0004	0.0001	0.0321	0.0158	0.0163
35	107	0.0981	5	2	0	1	0	1	0	1	0	1	0	1	0	0	0	0	0	0	0	Y	N	N	N	N	N	N	N	N	N	N	N	N	N	N	N	N	N	22.5068	42.7893	0.0000	0.0000	0.0000	0.0000	24.0008	54.2253	0.0000	0.0149	0.0170	0.0000	0.0000	0.0000	0.0000	0.0150	0.0172	0.0000	0.0007	0.0004	0.0009	0.0030	0.0035	0.0000	0.0006	0.0003	0.0009	0.0000	2.3320	-0.0004	0.0000	10.0151	1.0015	7.9868	0.9989	0.0017	0.0017	0.0000	0.0000	0.0000	0.0000	0.0017	0.0017	0.0000	0.0000	0.0000	0.0000	0.0000	0.0000	0.0000	0.0000	0.0000	0.0000	0.1142	0.0999	0.0143	0.0011	0.0011	0.0001	0.1131	0.0989	0.0142	0.0648	0.0324	0.0325	0.0010	0.0008	0.0001	0.0639	0.0315	0.0323
35	108	0.0949	4	2	0	1	0	1	0	1	0	1	0	1	0	0	0	0	0	0	0	Y	N	N	N	N	N	N	N	N	N	N	N	N	N	N	N	N	N	0.0000	0.0000	0.0000	0.0000	0.0000	0.0000	0.0000	0.0000	0.0000	0.0000	0.0000	0.0000	0.0000	0.0000	0.0000	0.0000	0.0000	0.0000	0.0079	0.0000	0.0157	0.0000	0.0000	0.0000	0.0080	0.0000	0.0158		inf	0.0000	0.0001	10.0151	1.0004	7.9868	0.0020	0.0000	0.0000	0.0000	0.0000	0.0000	0.0000	0.0000	0.0000	0.0000	0.0003	0.0000	0.0003	0.0000	0.0000	0.0000	0.0003	0.0000	0.0003	0.1141	0.0998	0.0143	0.0011	0.0011	0.0001	0.1130	0.0987	0.0142	0.0326	0.0163	0.0164	0.0005	0.0004	0.0001	0.0322	0.0158	0.0163
35	109	0.0689	3	2	0	1	0	2	0	1	0	1	0	1	0	0	0	0	0	0	0	Y	N	N	N	N	N	N	N	N	N	N	N	N	N	N	N	N	N	0.0000	4.6415	0.0000	1.3877	1.4600	0.0000	0.0000	0.0000	0.0000	0.0000	0.0000	0.0000	0.0001	0.0001	0.0000	0.0000	0.0000	0.0000	3.9301	0.0000	7.7514	0.0001	0.0001	0.0000	3.9333	0.0000	7.7515	0.0000	93404641.3495	-0.0000	0.3767	10.0151	3.0035	7.9868	5.0043	0.0000	0.0000	0.0000	0.0000	0.0000	0.0000	0.0000	0.0000	0.0000	0.9892	0.0000	0.9892	0.0000	0.0000	0.0000	0.9892	0.0000	0.9892	0.3376	0.2953	0.0423	0.0017	0.0016	0.0001	0.3359	0.2938	0.0422	0.2517	0.1241	0.1276	0.0002	0.0002	0.0000	0.2515	0.1239	0.1276
35	112	0.0954	5	2	0	1	0	2	0	1	0	1	0	1	0	0	0	0	0	0	0	Y	N	N	N	N	N	N	N	N	N	N	N	N	N	N	N	N	N	1.4750	0.4002	18421.4780	8.8399	8.1951	4667.1277	2.3201	0.0000	43810.5214	0.0004	0.0002	0.0019	0.0081	0.0079	0.0124	0.0002	0.0000	0.0018	0.0003	0.0005	0.0000	0.0009	0.0010	0.0000	0.0001	0.0002	0.0000	1.4657	0.0002	0.0001	-0.0000	10.0151	3.0209	7.9868	2.2550	0.0001	0.0001	0.0001	0.0001	0.0001	0.0000	0.0001	0.0000	0.0001	0.0001	0.0001	0.0000	0.0000	0.0000	0.0000	0.0000	0.0000	0.0000	0.3458	0.3027	0.0430	0.0075	0.0071	0.0004	0.3383	0.2956	0.0427	0.2570	0.1505	0.1065	0.0539	0.0514	0.0025	0.2030	0.0991	0.1039
36	37	0.2010	6	2	0	1	0	0	0	1	0	0	1	0	1	0	0	0	0	0	0	Y	N	N	N	N	N	N	N	N	N	N	N	N	N	N	N	N	N	5.2749	3.8303	0.0000	3.7096	3.6287	0.0000	0.0000	0.0000	0.0000	0.0902	0.0997	0.0000	0.2566	0.2589	0.0000	0.0000	0.0000	0.0000	0.0171	0.0260	0.0002	0.0692	0.0714	0.0062	0.0000	0.0000	0.0000	0.0000	0.0037	-0.0000	-0.0012	11.0150	0.0015	4.0316	2.6503	0.0000	0.0000	0.0000	0.0000	0.0000	0.0000	0.0000	0.0000	0.0000	0.0019	0.0019	0.0000	0.0019	0.0019	0.0000	0.0000	0.0000	0.0000	0.0004	0.0004	0.0000	0.0002	0.0002	0.0000	0.0003	0.0002	0.0000	0.1109	0.0726	0.0384	0.0274	0.0265	0.0009	0.0835	0.0461	0.0375
36	38	0.2770	20	2	0	0	1	0	0	0	1	0	2	1	2	0	0	0	0	0	0	Y	N	N	N	N	Y	N	N	N	N	N	N	N	N	N	N	N	N	0.0000	0.0000	0.0000	0.0000	0.0000	0.0000	0.0000	0.0000	0.0000	0.0000	0.0000	0.0000	0.0000	0.0000	0.0000	0.0000	0.0000	0.0000	0.0000	0.0000	0.0000	0.0000	0.0000	0.0000	0.0000	0.0000	0.0000		0.9232	0.0000	-0.0000	11.0150	3.1237	4.0316	0.5096	0.0000	0.0000	0.0000	0.0000	0.0000	0.0000	0.0000	0.0000	0.0000	0.0000	0.0000	0.0000	0.0000	0.0000	0.0000	0.0000	0.0000	0.0000	0.5657	0.5026	0.0632	0.1798	0.1684	0.0114	0.3859	0.3342	0.0518	0.0957	0.0552	0.0405	0.0193	0.0164	0.0029	0.0764	0.0388	0.0376
36	39	0.1997	10	2	0	1	0	1	0	1	0	0	1	0	1	0	0	0	0	0	0	Y	N	N	N	N	N	N	N	N	N	N	N	N	N	N	N	N	N	0.0038	0.0022	0.0000	0.0020	0.0017	0.0000	0.0553	0.3117	0.0000	0.0000	0.0000	0.0000	0.0002	0.0002	0.0000	0.0000	0.0000	0.0000	0.0047	0.0092	0.0000	0.0751	0.0956	0.0000	0.0000	0.0000	0.0000	0.0000	0.0001	-0.0000	-0.0008	11.0150	5.0102	4.0316	6.9613	0.0000	0.0000	0.0000	0.0000	0.0000	0.0000	0.0000	0.0000	0.0000	0.0013	0.0013	0.0000	0.0013	0.0013	0.0000	0.0000	0.0000	0.0000	0.5897	0.5205	0.0692	0.0693	0.0652	0.0040	0.5204	0.4552	0.0652	0.2805	0.1439	0.1366	0.0177	0.0139	0.0038	0.2628	0.1301	0.1328
36	43	0.2668	20	2	0	0	1	0	0	0	1	0	2	1	2	0	0	0	0	0	0	Y	N	N	N	N	Y	N	N	N	N	N	N	N	N	N	N	N	N	0.0294	0.0172	0.0000	0.0243	0.0196	0.0000	0.0000	0.0000	0.0000	0.0000	0.0000	0.0000	0.0001	0.0001	0.0000	0.0000	0.0000	0.0000	0.0008	0.0016	0.0000	0.0057	0.0073	0.0000	0.0000	0.0000	0.0000	0.0000	0.0000	-0.0000	-0.0000	11.0150	2.9999	4.0316	0.9999	0.0000	0.0000	0.0000	0.0000	0.0000	0.0000	0.0000	0.0000	0.0000	0.0001	0.0001	0.0000	0.0001	0.0001	0.0000	0.0000	0.0000	0.0000	0.4034	0.3586	0.0448	0.0727	0.0701	0.0026	0.3308	0.2885	0.0422	0.0950	0.0495	0.0455	0.0141	0.0110	0.0032	0.0809	0.0385	0.0424
36	44	0.2620	19	2	0	0	0	0	0	0	0	0	1	1	1	0	0	0	0	0	0	Y	N	N	N	N	N	N	N	N	N	N	N	N	N	N	N	N	N	0.8019	0.4757	0.0000	0.8635	0.7076	0.0000	0.0000	0.0000	0.0000	0.0000	0.0000	0.0000	0.0004	0.0004	0.0000	0.0000	0.0000	0.0000	0.0001	0.0001	0.0000	0.0004	0.0005	0.0000	0.0000	0.0000	0.0000	0.0000	0.0000	-0.0000	-0.0000	11.0150	1.0020	4.0316	0.0022	0.0000	0.0000	0.0000	0.0000	0.0000	0.0000	0.0000	0.0000	0.0000	0.0000	0.0000	0.0000	0.0000	0.0000	0.0000	0.0000	0.0000	0.0000	0.1157	0.1021	0.0136	0.0138	0.0131	0.0007	0.1019	0.0890	0.0129	0.0244	0.0128	0.0116	0.0031	0.0024	0.0007	0.0213	0.0104	0.0109
36	45	0.2620	19	2	0	0	0	0	0	0	0	0	1	1	2	0	0	0	0	0	0	Y	N	N	N	N	Y	N	N	N	N	N	N	N	N	N	N	N	N	inf	inf	0.0000	inf	inf	0.0000	inf	inf	0.0000	2.2043	2.4971	0.0000	0.0002	0.0002	0.0000	2.5014	2.8616	0.0000	0.0000	0.0000	0.0000	0.0000	0.0000	0.0000	0.0000	0.0000	0.0000	0.0000		-0.2308	0.0000	11.0150	4.0000	4.0316	1.0000	1.0000	1.0000	0.0000	0.0000	0.0000	0.0000	1.0000	1.0000	0.0000	0.0000	0.0000	0.0000	0.0000	0.0000	0.0000	0.0000	0.0000	0.0000	0.4537	0.4005	0.0532	0.0539	0.0510	0.0029	0.3998	0.3495	0.0503	0.1191	0.0624	0.0567	0.0153	0.0118	0.0034	0.1039	0.0506	0.0533
36	46	0.2010	6	2	0	0	0	0	0	0	0	0	2	0	2	0	0	0	0	0	0	Y	N	N	N	N	Y	N	N	N	N	N	N	N	N	N	N	N	N	0.0000	0.0000	0.0000	0.0000	0.0000	0.0000	0.0000	0.0000	0.0000	0.0000	0.0000	0.0000	0.0000	0.0000	0.0000	0.0000	0.0000	0.0000	0.0055	0.0070	0.0016	0.0150	0.0146	0.0326	0.0003	0.0000	0.0007		0.0831	-0.0000	-0.0002	11.0150	0.0007	4.0316	1.0103	0.0000	0.0000	0.0000	0.0000	0.0000	0.0000	0.0000	0.0000	0.0000	0.0004	0.0004	0.0000	0.0004	0.0004	0.0000	0.0000	0.0000	0.0000	0.0004	0.0003	0.0000	0.0001	0.0001	0.0000	0.0002	0.0002	0.0000	0.0730	0.0536	0.0194	0.0261	0.0255	0.0006	0.0469	0.0281	0.0189
36	47	0.1660	5	2	0	0	0	1	0	0	0	0	1	0	1	0	0	0	0	0	0	Y	N	N	N	N	N	N	N	N	N	N	N	N	N	N	N	N	N	0.0537	0.0603	0.0000	0.0672	0.0644	0.0000	0.0437	0.0601	0.0000	0.0001	0.0001	0.0000	0.0003	0.0003	0.0000	0.0001	0.0001	0.0000	0.0014	0.0014	0.0014	0.0044	0.0048	0.0002	0.0012	0.0010	0.0014	0.0000	0.8642	-0.0000	-0.0001	11.0150	6.8097	4.0316	3.8431	0.0001	0.0001	0.0000	0.0000	0.0000	0.0000	0.0000	0.0000	0.0000	0.0004	0.0002	0.0002	0.0001	0.0001	0.0000	0.0003	0.0001	0.0002	0.8306	0.7343	0.0963	0.0817	0.0779	0.0038	0.7489	0.6564	0.0925	0.2721	0.1448	0.1273	0.0182	0.0166	0.0016	0.2539	0.1282	0.1257
36	50	0.2846	22	2	0	1	1	0	0	0	1	0	1	1	2	0	0	0	0	0	0	Y	N	N	N	N	Y	N	N	N	N	N	N	N	N	N	N	N	N	0.0000	0.0000	0.0000	0.0000	0.0000	0.0000	0.0000	0.0000	0.0000	0.0000	0.0000	0.0000	0.0000	0.0000	0.0000	0.0000	0.0000	0.0000	0.0000	0.0000	0.0000	0.0000	0.0000	0.0000	0.0000	0.0000	0.0000		inf	0.0000	0.0000	11.0150	0.0001	4.0316	0.9998	0.0000	0.0000	0.0000	0.0000	0.0000	0.0000	0.0000	0.0000	0.0000	0.0000	0.0000	0.0000	0.0000	0.0000	0.0000	0.0000	0.0000	0.0000	0.0000	0.0000	0.0000	0.0000	0.0000	0.0000	0.0000	0.0000	0.0000	0.0247	0.0130	0.0117	0.0035	0.0027	0.0008	0.0212	0.0103	0.0109
36	51	0.2846	22	2	0	1	0	0	0	0	0	0	1	1	2	0	0	0	0	0	0	Y	N	N	N	N	Y	N	N	N	N	N	N	N	N	N	N	N	N	0.0000	0.0000	0.0000	0.0000	0.0000	0.0000	0.0000	0.0000	0.0000	0.0000	0.0000	0.0000	0.0000	0.0000	0.0000	0.0000	0.0000	0.0000	0.0000	0.0000	0.0000	0.0000	0.0000	0.0000	0.0000	0.0000	0.0000			0.0000	0.0000	11.0150	0.0001	4.0316	1.0003	0.0000	0.0000	0.0000	0.0000	0.0000	0.0000	0.0000	0.0000	0.0000	0.0000	0.0000	0.0000	0.0000	0.0000	0.0000	0.0000	0.0000	0.0000	0.0000	0.0000	0.0000	0.0000	0.0000	0.0000	0.0000	0.0000	0.0000	0.0247	0.0130	0.0117	0.0035	0.0027	0.0008	0.0212	0.0103	0.0109
36	52	0.2814	21	2	0	1	0	0	0	1	0	0	1	1	2	0	0	0	0	0	0	Y	N	N	N	N	Y	N	N	N	N	N	N	N	N	N	N	N	N	0.0000	0.0000	0.0000	0.0000	0.0000	0.0000	0.0000	0.0000	0.0000	0.0000	0.0000	0.0000	0.0000	0.0000	0.0000	0.0000	0.0000	0.0000	0.0000	0.0000	0.0000	0.0000	0.0000	0.0000	0.0000	0.0000	0.0000		1.5929	0.0000	-0.0000	11.0150	1.0000	4.0316	0.0042	0.0000	0.0000	0.0000	0.0000	0.0000	0.0000	0.0000	0.0000	0.0000	0.0000	0.0000	0.0000	0.0000	0.0000	0.0000	0.0000	0.0000	0.0000	0.1153	0.1019	0.0134	0.0151	0.0143	0.0008	0.1002	0.0876	0.0126	0.0246	0.0129	0.0117	0.0034	0.0026	0.0008	0.0212	0.0103	0.0109
36	53	0.2783	20	2	0	0	0	0	0	0	0	0	1	1	2	0	0	0	0	0	0	Y	N	N	N	N	Y	N	N	N	N	N	N	N	N	N	N	N	N	0.0000	0.0000	0.0000	0.0000	0.0000	0.0000	0.0000	0.0000	0.0000	0.0000	0.0000	0.0000	0.0000	0.0000	0.0000	0.0000	0.0000	0.0000	0.0013	0.0023	0.0002	0.0087	0.0108	0.0015	0.0000	0.0000	0.0001	0.0000	0.0596	-0.0000	-0.0000	11.0150	0.9921	4.0316	0.0076	0.0000	0.0000	0.0000	0.0000	0.0000	0.0000	0.0000	0.0000	0.0000	0.0000	0.0000	0.0000	0.0000	0.0000	0.0000	0.0000	0.0000	0.0000	0.1150	0.1016	0.0134	0.0155	0.0147	0.0008	0.0995	0.0869	0.0126	0.0249	0.0131	0.0118	0.0036	0.0028	0.0008	0.0213	0.0103	0.0110
36	54	0.2829	18	2	0	1	0	0	0	0	0	0	1	1	1	0	0	0	0	0	0	Y	N	N	N	N	N	N	N	N	N	N	N	N	N	N	N	N	N	0.0000	0.0000	0.0000	0.0000	0.0000	0.0000	0.0000	0.0000	0.0000	0.0000	0.0000	0.0000	0.0000	0.0000	0.0000	0.0000	0.0000	0.0000	0.0000	0.0000	0.0000	0.0000	0.0000	0.0000	0.0000	0.0000	0.0000			0.0000	0.0000	11.0150	0.0000	4.0316	0.0000	0.0000	0.0000	0.0000	0.0000	0.0000	0.0000	0.0000	0.0000	0.0000	0.0000	0.0000	0.0000	0.0000	0.0000	0.0000	0.0000	0.0000	0.0000	0.0000	0.0000	0.0000	0.0000	0.0000	0.0000	0.0000	0.0000	0.0000	0.0000	0.0000	0.0000	0.0000	0.0000	0.0000	0.0000	0.0000	0.0000
36	58	0.2734	18	2	0	1	0	0	0	0	0	0	2	0	2	0	0	0	0	0	0	Y	N	N	N	N	Y	N	N	N	N	N	N	N	N	N	N	N	N	0.5266	0.3719	0.0000	0.9394	0.8994	0.0000	0.0000	0.0000	0.0000	0.0025	0.0028	0.0000	0.0187	0.0198	0.0000	0.0000	0.0000	0.0000	0.0047	0.0076	0.0000	0.0200	0.0220	0.0000	0.0000	0.0000	0.0000	0.0000	0.0000	-0.0001	-0.0002	11.0150	1.0033	4.0316	1.0015	0.0003	0.0003	0.0000	0.0003	0.0003	0.0000	0.0000	0.0000	0.0000	0.0003	0.0003	0.0000	0.0003	0.0003	0.0000	0.0000	0.0000	0.0000	0.1167	0.1031	0.0136	0.0155	0.0147	0.0008	0.1012	0.0884	0.0128	0.0673	0.0420	0.0253	0.0159	0.0144	0.0015	0.0514	0.0275	0.0238
36	59	0.2588	17	2	0	1	0	0	0	0	0	0	1	0	1	0	0	0	0	0	0	Y	N	N	N	N	N	N	N	N	N	N	N	N	N	N	N	N	N	0.0000	0.0000	0.0000	0.0000	0.0000	0.0000	0.0000	0.0000	0.0000	0.0000	0.0000	0.0000	0.0000	0.0000	0.0000	0.0000	0.0000	0.0000	0.0057	0.0085	0.0025	0.0290	0.0373	0.0000	0.0023	0.0019	0.0027	0.0000	0.2636	-0.0000	-0.0003	11.0150	2.9984	4.0316	1.5227	0.0000	0.0000	0.0000	0.0000	0.0000	0.0000	0.0000	0.0000	0.0000	0.0006	0.0005	0.0001	0.0004	0.0004	0.0000	0.0002	0.0001	0.0001	0.3497	0.3086	0.0411	0.0391	0.0371	0.0021	0.3106	0.2716	0.0390	0.1097	0.0580	0.0517	0.0139	0.0108	0.0031	0.0958	0.0471	0.0486
36	60	0.2620	19	2	0	0	0	0	0	0	0	0	1	1	2	0	0	0	0	0	0	Y	N	N	N	N	Y	N	N	N	N	N	N	N	N	N	N	N	N	0.1403	0.0833	0.0000	0.0833	0.0683	0.0000	inf	inf	0.0000	0.0017	0.0019	0.0000	0.0077	0.0081	0.0000	0.0008	0.0010	0.0000	0.0118	0.0225	0.0000	0.0924	0.1191	0.0000	0.0000	0.0000	0.0000	0.0000	0.0000	-0.0001	-0.0015	11.0150	2.0000	4.0316	7.0000	0.0004	0.0004	0.0000	0.0002	0.0002	0.0000	0.0002	0.0002	0.0000	0.0025	0.0025	0.0000	0.0025	0.0025	0.0000	0.0000	0.0000	0.0000	0.2295	0.2025	0.0270	0.0273	0.0258	0.0014	0.2022	0.1767	0.0255	0.2101	0.1101	0.1000	0.0268	0.0208	0.0060	0.1832	0.0893	0.0940
36	61	0.2620	18	2	0	0	0	0	0	0	0	0	2	1	2	0	0	0	0	0	0	Y	N	N	N	N	Y	N	N	N	N	N	N	N	N	N	N	N	N	0.0000	0.0000	0.0000	0.0000	0.0000	0.0000	0.0000	0.0000	0.0000	0.0000	0.0000	0.0000	0.0000	0.0000	0.0000	0.0000	0.0000	0.0000	0.0000	0.0000	0.0000	0.0000	0.0000	0.0000	0.0000	0.0000	0.0000			0.0000	0.0000	11.0150	0.0000	4.0316	0.0000	0.0000	0.0000	0.0000	0.0000	0.0000	0.0000	0.0000	0.0000	0.0000	0.0000	0.0000	0.0000	0.0000	0.0000	0.0000	0.0000	0.0000	0.0000	0.0000	0.0000	0.0000	0.0000	0.0000	0.0000	0.0000	0.0000	0.0000	0.0000	0.0000	0.0000	0.0000	0.0000	0.0000	0.0000	0.0000	0.0000
36	62	0.2697	19	2	0	1	0	0	0	0	0	0	1	1	1	0	0	0	0	0	0	Y	N	N	N	N	N	N	N	N	N	N	N	N	N	N	N	N	N	0.0000	0.0000	0.0079	0.0000	0.0000	0.0418	0.0000	0.0000	0.0000	0.0000	0.0000	0.0000	0.0000	0.0000	0.0000	0.0000	0.0000	0.0000	0.0025	0.0037	0.0000	0.0081	0.0089	0.0001	0.0000	0.0000	0.0000	inf	0.0047	0.0000	-0.0002	11.0150	0.9672	4.0316	2.9870	0.0000	0.0000	0.0000	0.0000	0.0000	0.0000	0.0000	0.0000	0.0000	0.0004	0.0004	0.0000	0.0004	0.0004	0.0000	0.0000	0.0000	0.0000	0.1246	0.1111	0.0134	0.0180	0.0173	0.0006	0.1066	0.0938	0.0128	0.1511	0.1021	0.0490	0.0462	0.0420	0.0042	0.1049	0.0601	0.0448
36	63	0.2385	18	2	0	1	0	0	0	0	0	1	1	1	1	0	0	0	0	0	0	Y	N	N	N	N	N	N	N	N	N	N	N	N	N	N	N	N	N	0.0000	0.0000	0.0005	0.0000	0.0000	0.0017	0.0000	0.0000	0.0000	0.0000	0.0000	0.0000	0.0000	0.0000	0.0000	0.0000	0.0000	0.0000	0.0018	0.0032	0.0001	0.0110	0.0130	0.0007	0.0000	0.0000	0.0001	0.1563	0.0288	-0.0000	-0.0003	11.0150	2.0363	4.0316	7.8590	0.0000	0.0000	0.0000	0.0000	0.0000	0.0000	0.0000	0.0000	0.0000	0.0005	0.0004	0.0000	0.0004	0.0004	0.0000	0.0000	0.0000	0.0000	0.2400	0.2117	0.0284	0.0259	0.0246	0.0014	0.2141	0.1871	0.0270	0.2539	0.1351	0.1188	0.0403	0.0337	0.0066	0.2136	0.1014	0.1122
36	64	0.2328	17	2	0	1	0	0	0	0	0	0	1	0	1	0	0	0	0	0	0	Y	N	N	N	N	N	N	N	N	N	N	N	N	N	N	N	N	N	0.0048	0.0343	0.0000	0.0548	0.0506	0.0000	0.0000	0.0000	0.0000	0.0000	0.0000	0.0000	0.0001	0.0001	0.0000	0.0000	0.0000	0.0000	0.0025	0.0004	0.0049	0.0017	0.0019	0.0009	0.0026	0.0000	0.0051	0.0000	11.0363	-0.0000	0.0000	11.0150	0.0049	4.0316	1.8223	0.0000	0.0000	0.0000	0.0000	0.0000	0.0000	0.0000	0.0000	0.0000	0.0001	0.0000	0.0001	0.0000	0.0000	0.0000	0.0001	0.0000	0.0001	0.0006	0.0005	0.0001	0.0001	0.0001	0.0000	0.0005	0.0005	0.0001	0.0457	0.0241	0.0216	0.0061	0.0049	0.0013	0.0396	0.0193	0.0203
36	65	0.2619	18	2	0	1	0	0	0	0	0	0	1	0	1	0	0	0	0	0	0	Y	N	N	N	N	N	N	N	N	N	N	N	N	N	N	N	N	N	0.0000	0.0000	0.0019	0.0000	0.0000	0.0000	0.0022	0.0000	0.0089	0.0000	0.0000	0.0000	0.0000	0.0000	0.0000	0.0000	0.0000	0.0000	0.0021	0.0039	0.0000	0.0160	0.0203	0.0005	0.0000	0.0000	0.0000	inf	0.0081	0.0000	-0.0002	11.0150	2.0010	4.0316	3.9928	0.0000	0.0000	0.0000	0.0000	0.0000	0.0000	0.0000	0.0000	0.0000	0.0003	0.0003	0.0000	0.0003	0.0003	0.0000	0.0000	0.0000	0.0000	0.2346	0.2070	0.0276	0.0267	0.0253	0.0014	0.2079	0.1818	0.0262	0.1448	0.0768	0.0680	0.0188	0.0147	0.0041	0.1260	0.0621	0.0639
36	66	0.2588	17	2	0	1	0	0	0	0	0	0	1	0	1	0	0	0	0	0	0	Y	N	N	N	N	N	N	N	N	N	N	N	N	N	N	N	N	N	0.0000	0.0000	0.0000	0.0001	0.0001	0.0000	0.0000	0.0000	0.0000	0.0000	0.0000	0.0000	0.0000	0.0000	0.0000	0.0000	0.0000	0.0000	0.0013	0.0010	0.0017	0.0010	0.0012	0.0000	0.0014	0.0009	0.0018	0.0000	1.5224	-0.0000	-0.0000	11.0150	1.0002	4.0316	0.0173	0.0000	0.0000	0.0000	0.0000	0.0000	0.0000	0.0000	0.0000	0.0000	0.0000	0.0000	0.0000	0.0000	0.0000	0.0000	0.0000	0.0000	0.0000	0.1181	0.1041	0.0139	0.0132	0.0125	0.0007	0.1048	0.0916	0.0132	0.0252	0.0134	0.0119	0.0032	0.0025	0.0007	0.0220	0.0108	0.0112
36	67	0.2588	16	2	0	1	0	0	0	1	0	0	1	0	1	0	0	0	0	0	0	Y	N	N	N	N	N	N	N	N	N	N	N	N	N	N	N	N	N	0.0000	0.0000	0.0000	0.0000	0.0000	0.0000	0.0000	0.0000	0.0000	0.0000	0.0000	0.0000	0.0000	0.0000	0.0000	0.0000	0.0000	0.0000	0.0000	0.0000	0.0000	0.0000	0.0000	0.0000	0.0000	0.0000	0.0000			0.0000	0.0000	11.0150	0.0001	4.0316	0.0028	0.0000	0.0000	0.0000	0.0000	0.0000	0.0000	0.0000	0.0000	0.0000	0.0000	0.0000	0.0000	0.0000	0.0000	0.0000	0.0000	0.0000	0.0000	0.0000	0.0000	0.0000	0.0000	0.0000	0.0000	0.0000	0.0000	0.0000	0.0002	0.0001	0.0000	0.0000	0.0000	0.0000	0.0001	0.0001	0.0000
36	68	0.1050	2	2	0	0	0	0	0	0	0	0	2	0	2	0	0	0	0	0	0	Y	N	N	N	N	Y	N	N	N	N	N	N	N	N	N	N	N	N	0.0001	0.0000	0.0003	0.0177	0.0000	0.0472	0.0001	0.0000	0.0003	0.0004	0.0000	0.0029	0.0001	0.0000	0.0150	0.0004	0.0000	0.0028	5.5308	0.0000	11.3251	0.0033	0.0001	0.3170	5.7538	0.0000	11.3340	inf	1667219.0906	0.0001	0.3775	11.0150	1.4193	4.0316	5.2011	0.0001	0.0000	0.0001	0.0000	0.0000	0.0000	0.0001	0.0000	0.0001	0.9912	0.0000	0.9912	0.0000	0.0000	0.0000	0.9911	0.0000	0.9911	0.2239	0.1950	0.0289	0.0311	0.0309	0.0001	0.1928	0.1640	0.0288	0.1792	0.0917	0.0875	0.0070	0.0069	0.0001	0.1723	0.0848	0.0874
36	73	0.2770	20	2	0	1	0	0	0	1	0	0	1	1	1	0	0	0	0	0	0	Y	N	N	N	N	N	N	N	N	N	N	N	N	N	N	N	N	N	0.0000	0.0000	0.0000	0.0000	0.0000	0.0000	0.0000	0.0000	0.0000	0.0000	0.0000	0.0000	0.0000	0.0000	0.0000	0.0000	0.0000	0.0000	0.0009	0.0000	0.0020	0.0034	0.0000	0.0202	0.0003	0.0000	0.0006		inf	0.0000	0.0000	11.0150	3.9579	4.0316	0.9988	0.0000	0.0000	0.0000	0.0000	0.0000	0.0000	0.0000	0.0000	0.0000	0.0001	0.0000	0.0001	0.0001	0.0000	0.0001	0.0000	0.0000	0.0000	0.6592	0.5854	0.0739	0.1919	0.1799	0.0120	0.4673	0.4054	0.0619	0.1249	0.0706	0.0544	0.0238	0.0199	0.0040	0.1011	0.0507	0.0504
36	74	0.2620	19	2	0	0	0	0	0	0	0	0	1	1	1	0	0	0	0	0	0	Y	N	N	N	N	N	N	N	N	N	N	N	N	N	N	N	N	N	0.0000	0.0000	0.0000	0.0000	0.0000	0.0000	0.0000	0.0000	0.0000	0.0000	0.0000	0.0000	0.0000	0.0000	0.0000	0.0000	0.0000	0.0000	0.0000	0.0000	0.0000	0.0000	0.0000	0.0000	0.0000	0.0000	0.0000		1.0508	0.0000	-0.0000	11.0150	3.9277	4.0316	0.5227	0.0000	0.0000	0.0000	0.0000	0.0000	0.0000	0.0000	0.0000	0.0000	0.0000	0.0000	0.0000	0.0000	0.0000	0.0000	0.0000	0.0000	0.0000	0.4457	0.3935	0.0523	0.0530	0.0502	0.0028	0.3928	0.3433	0.0495	0.1064	0.0557	0.0507	0.0136	0.0106	0.0030	0.0927	0.0451	0.0476
36	75	0.2620	18	2	0	0	0	0	0	0	0	0	1	1	1	0	0	0	0	0	0	Y	N	N	N	N	N	N	N	N	N	N	N	N	N	N	N	N	N	inf	inf	0.0000	0.0000	0.0000	0.0000	inf	inf	0.0000	2.5557	2.8976	0.0000	0.0000	0.0000	0.0000	2.9011	3.3221	0.0000	0.0000	0.0000	0.0000	0.0000	0.0000	0.0000	0.0000	0.0000	0.0000	0.0000		-0.0001	0.0000	11.0150	0.0009	4.0316	0.0000	0.0003	0.0003	0.0000	0.0000	0.0000	0.0000	0.0003	0.0003	0.0000	0.0000	0.0000	0.0000	0.0000	0.0000	0.0000	0.0000	0.0000	0.0000	0.0001	0.0001	0.0000	0.0000	0.0000	0.0000	0.0001	0.0001	0.0000	0.0000	0.0000	0.0000	0.0000	0.0000	0.0000	0.0000	0.0000	0.0000
36	76	0.2588	17	2	0	0	0	0	0	0	0	0	1	1	1	0	0	0	0	0	0	Y	N	N	N	N	N	N	N	N	N	N	N	N	N	N	N	N	N	0.0000	0.0000	0.0000	0.0000	0.0000	0.0000	0.0000	0.0000	0.0000	0.0000	0.0000	0.0000	0.0000	0.0000	0.0000	0.0000	0.0000	0.0000	0.0000	0.0000	0.0000	0.0000	0.0000	0.0000	0.0000	0.0000	0.0000			0.0000	0.0000	11.0150	1.0000	4.0316	0.0000	0.0000	0.0000	0.0000	0.0000	0.0000	0.0000	0.0000	0.0000	0.0000	0.0000	0.0000	0.0000	0.0000	0.0000	0.0000	0.0000	0.0000	0.0000	0.1156	0.1019	0.0136	0.0136	0.0129	0.0007	0.1020	0.0891	0.0129	0.0244	0.0128	0.0116	0.0031	0.0024	0.0007	0.0213	0.0104	0.0109
36	77	0.2144	10	2	0	0	0	1	0	0	0	0	1	0	1	0	0	0	0	0	0	Y	N	N	N	N	N	N	N	N	N	N	N	N	N	N	N	N	N	36.5963	21.8391	6.2701	0.4502	0.3495	inf	2497.3644	42688.5705	0.0000	0.0147	0.0166	0.0001	0.0016	0.0016	0.0015	0.0168	0.0192	0.0000	0.0004	0.0008	0.0000	0.0035	0.0045	0.0000	0.0000	0.0000	0.0000	0.0006	0.0146	-0.0014	-0.0000	11.0150	3.3326	4.0316	4.0108	0.0062	0.0062	0.0000	0.0001	0.0001	0.0000	0.0061	0.0061	0.0000	0.0001	0.0001	0.0000	0.0001	0.0001	0.0000	0.0000	0.0000	0.0000	0.4238	0.3756	0.0482	0.0583	0.0558	0.0025	0.3655	0.3198	0.0457	0.1778	0.0927	0.0850	0.0201	0.0155	0.0045	0.1577	0.0772	0.0805
36	78	0.2846	20	2	0	1	0	0	0	1	0	0	1	1	2	0	0	0	0	0	0	Y	N	N	N	N	Y	N	N	N	N	N	N	N	N	N	N	N	N	0.0000	0.0000	0.0000	0.0000	0.0000	0.0000	0.0000	0.0000	0.0000	0.0000	0.0000	0.0000	0.0000	0.0000	0.0000	0.0000	0.0000	0.0000	0.0702	0.1313	0.0000	0.3795	0.5101	0.0000	0.0047	0.0096	0.0000		0.0000	0.0000	-0.0011	11.0150	0.0000	4.0316	0.9988	0.0000	0.0000	0.0000	0.0000	0.0000	0.0000	0.0000	0.0000	0.0000	0.0018	0.0018	0.0000	0.0017	0.0017	0.0000	0.0001	0.0001	0.0000	0.0000	0.0000	0.0000	0.0000	0.0000	0.0000	0.0000	0.0000	0.0000	0.0256	0.0137	0.0119	0.0045	0.0033	0.0011	0.0211	0.0103	0.0108
36	79	0.2814	19	2	0	0	0	0	0	0	0	0	1	1	2	0	0	0	0	0	0	Y	N	N	N	N	Y	N	N	N	N	N	N	N	N	N	N	N	N	253.2134	0.0000	272237.0666	0.0000	0.0000	0.0000	55457.4094	0.0000	265120.6521	2.2714	0.0000	23.1759	0.0000	0.0000	0.0000	3.4089	0.0000	23.8968	0.0090	0.0168	0.0001	0.0593	0.0764	0.0000	0.0001	0.0000	0.0001	inf	0.0045	0.0001	-0.0001	11.0150	0.0001	4.0316	1.0072	0.0001	0.0000	0.0001	0.0000	0.0000	0.0000	0.0001	0.0000	0.0001	0.0002	0.0002	0.0000	0.0002	0.0002	0.0000	0.0000	0.0000	0.0000	0.0000	0.0000	0.0000	0.0000	0.0000	0.0000	0.0000	0.0000	0.0000	0.0252	0.0134	0.0118	0.0038	0.0029	0.0008	0.0214	0.0104	0.0110
36	80	0.2717	18	2	0	0	0	0	0	0	0	0	1	1	2	0	0	0	0	0	0	Y	N	N	N	N	Y	N	N	N	N	N	N	N	N	N	N	N	N	1537.1947	0.0001	872188.8785	0.0001	0.0001	0.0000	1116944.9411	0.0000	4734548.9911	8.3062	0.0000	70.6939	0.0000	0.0000	0.0000	9.4638	0.0000	74.9924	0.0054	0.0101	0.0001	0.0362	0.0462	0.0009	0.0000	0.0000	0.0000	16877897.9154	0.0070	0.7686	-0.0002	11.0150	1.0058	4.0316	1.9973	0.9992	0.0000	0.9992	0.0000	0.0000	0.0000	0.9992	0.0000	0.9992	0.0004	0.0004	0.0000	0.0004	0.0004	0.0000	0.0000	0.0000	0.0000	0.1203	0.1062	0.0141	0.0147	0.0139	0.0008	0.1056	0.0923	0.0133	0.0745	0.0397	0.0347	0.0111	0.0086	0.0024	0.0634	0.0311	0.0323
36	81	0.2328	17	2	0	1	0	0	0	0	0	0	1	0	1	0	0	0	0	0	0	Y	N	N	N	N	N	N	N	N	N	N	N	N	N	N	N	N	N	188.6706	2.6458	716470.0221	14.7004	4.5942	inf	165962.1774	0.0000	680077.1004	0.0016	0.0000	0.0133	0.0009	0.0004	0.0110	0.0017	0.0000	0.0134	0.0000	0.0000	0.0000	0.0001	0.0001	0.0000	0.0000	0.0000	0.0000	41.6667	0.0010	0.0010	-0.0000	11.0150	7.0000	4.0316	2.0013	0.0013	0.0000	0.0013	0.0001	0.0000	0.0001	0.0012	0.0000	0.0012	0.0000	0.0000	0.0000	0.0000	0.0000	0.0000	0.0000	0.0000	0.0000	0.7985	0.7047	0.0938	0.0847	0.0802	0.0045	0.7138	0.6245	0.0892	0.2161	0.1140	0.1021	0.0285	0.0225	0.0060	0.1876	0.0915	0.0961
36	82	0.2328	16	2	0	1	0	1	0	1	0	0	1	0	1	0	0	0	0	0	0	Y	N	N	N	N	N	N	N	N	N	N	N	N	N	N	N	N	N	0.0000	0.0000	0.0000	0.0000	0.0000	0.0000	0.0000	0.0000	0.0000	0.0000	0.0000	0.0000	0.0000	0.0000	0.0000	0.0000	0.0000	0.0000	0.0133	0.0092	0.0245	0.0275	0.0178	0.3186	0.0043	0.0000	0.0103		0.9922	0.0000	-0.0000	11.0150	0.0005	4.0316	0.0029	0.0000	0.0000	0.0000	0.0000	0.0000	0.0000	0.0000	0.0000	0.0000	0.0000	0.0000	0.0000	0.0000	0.0000	0.0000	0.0000	0.0000	0.0000	0.0001	0.0001	0.0000	0.0000	0.0000	0.0000	0.0001	0.0001	0.0000	0.0003	0.0002	0.0001	0.0001	0.0001	0.0000	0.0002	0.0001	0.0001
36	83	0.2717	18	2	0	0	0	0	0	0	0	0	1	1	2	0	0	0	0	0	0	Y	N	N	N	N	Y	N	N	N	N	N	N	N	N	N	N	N	N	0.1537	0.0928	0.0000	0.1889	0.1548	0.0000	0.0000	0.0000	0.0000	0.0013	0.0015	0.0000	0.0109	0.0116	0.0000	0.0000	0.0000	0.0000	0.0084	0.0157	0.0000	0.0579	0.0748	0.0002	0.0000	0.0000	0.0000	0.0000	0.0008	-0.0002	-0.0013	11.0150	5.0069	4.0316	6.0103	0.0007	0.0007	0.0000	0.0007	0.0007	0.0000	0.0000	0.0000	0.0000	0.0022	0.0022	0.0000	0.0022	0.0022	0.0000	0.0000	0.0000	0.0000	0.5813	0.5132	0.0681	0.0686	0.0648	0.0038	0.5127	0.4484	0.0642	0.2597	0.1383	0.1214	0.0377	0.0291	0.0085	0.2220	0.1091	0.1129
36	84	0.2652	17	2	0	0	0	0	0	0	0	1	2	1	2	0	0	0	0	0	0	Y	N	N	N	N	Y	N	N	N	N	N	N	N	N	N	N	N	N	30.2272	0.0001	991.2596	0.0001	0.0001	0.0000	745.0591	0.0000	2995.4384	0.0031	0.0000	0.0264	0.0000	0.0000	0.0000	0.0035	0.0000	0.0278	0.0001	0.0002	0.0000	0.0007	0.0008	0.0003	0.0000	0.0000	0.0000	304166.6667	0.1358	0.0006	-0.0000	11.0150	1.9932	4.0316	0.0278	0.0007	0.0000	0.0007	0.0000	0.0000	0.0000	0.0007	0.0000	0.0007	0.0000	0.0000	0.0000	0.0000	0.0000	0.0000	0.0000	0.0000	0.0000	0.2346	0.2070	0.0276	0.0262	0.0248	0.0014	0.2084	0.1821	0.0262	0.0510	0.0274	0.0236	0.0078	0.0061	0.0017	0.0433	0.0214	0.0219
36	85	0.2551	15	2	0	1	0	0	0	0	0	0	1	0	1	0	0	0	0	0	0	Y	N	N	N	N	N	N	N	N	N	N	N	N	N	N	N	N	N	0.0011	0.0007	0.0009	0.0016	0.0015	0.0000	0.0095	0.0072	0.0013	0.0000	0.0000	0.0000	0.0001	0.0001	0.0000	0.0000	0.0000	0.0000	0.0117	0.0205	0.0000	0.0606	0.0712	0.0001	0.0000	0.0000	0.0000	0.0001	0.0005	-0.0000	-0.0041	11.0150	9.9670	4.0316	12.6920	0.0000	0.0000	0.0000	0.0000	0.0000	0.0000	0.0000	0.0000	0.0000	0.0066	0.0066	0.0000	0.0066	0.0066	0.0000	0.0000	0.0000	0.0000	1.1076	0.9797	0.1279	0.1442	0.1363	0.0079	0.9634	0.8434	0.1200	0.5694	0.3242	0.2452	0.1094	0.0931	0.0163	0.4600	0.2311	0.2289
36	86	0.2486	14	2	0	1	0	1	0	1	0	0	1	0	1	0	0	0	0	0	0	Y	N	N	N	N	N	N	N	N	N	N	N	N	N	N	N	N	N	0.0343	0.0490	0.0000	0.0346	0.0597	0.0000	0.0975	9.0556	0.0000	0.0002	0.0002	0.0000	0.0007	0.0007	0.0000	0.0001	0.0001	0.0000	0.0064	0.0049	0.0094	0.0193	0.0114	0.1331	0.0007	0.0000	0.0015	0.0000	0.9464	-0.0000	-0.0001	11.0150	1.5419	4.0316	1.3342	0.0001	0.0001	0.0000	0.0000	0.0000	0.0000	0.0000	0.0000	0.0000	0.0008	0.0004	0.0004	0.0008	0.0004	0.0003	0.0001	0.0000	0.0001	0.2702	0.2466	0.0235	0.0682	0.0667	0.0015	0.2020	0.1800	0.0220	0.1298	0.0869	0.0428	0.0397	0.0371	0.0026	0.0901	0.0498	0.0403
36	87	0.2591	13	1	0	0	0	0	0	0	0	0	1	0	2	0	0	0	0	0	0	N	N	N	N	N	Y	N	N	N	N	N	N	N	N	N	N	N	N	0.0000	0.0000	0.0000	0.0000	0.0000	0.0000	0.0000	0.0000	0.0000	0.0000	0.0000	0.0000	0.0000	0.0000	0.0000	0.0000	0.0000	0.0000	0.0000	0.0000	0.0000	0.0000	0.0000	0.0000	0.0000	0.0000	0.0000		inf	0.0000	0.0000	11.0150	0.9989	4.0316	0.5152	0.0000	0.0000	0.0000	0.0000	0.0000	0.0000	0.0000	0.0000	0.0000	0.0000	0.0000	0.0000	0.0000	0.0000	0.0000	0.0000	0.0000	0.0000	0.1161	0.1024	0.0136	0.0158	0.0149	0.0009	0.1003	0.0876	0.0127	0.0688	0.0439	0.0249	0.0393	0.0294	0.0099	0.0296	0.0145	0.0150
36	88	0.2297	12	1	0	0	0	0	0	0	0	0	2	0	2	0	0	0	0	0	0	N	N	N	N	N	Y	N	N	N	N	N	N	N	N	N	N	N	N	12.2473	7.7657	0.0000	29.3076	23.7079	0.0000	0.0000	0.0000	0.0000	0.0000	0.0000	0.0000	0.0001	0.0001	0.0000	0.0000	0.0000	0.0000	0.0000	0.0000	0.0000	0.0000	0.0000	0.0000	0.0000	0.0000	0.0000	0.0000	0.0000	-0.0000	-0.0000	11.0150	6.0209	4.0316	2.4875	0.0000	0.0000	0.0000	0.0000	0.0000	0.0000	0.0000	0.0000	0.0000	0.0000	0.0000	0.0000	0.0000	0.0000	0.0000	0.0000	0.0000	0.0000	0.6951	0.6134	0.0817	0.0724	0.0687	0.0038	0.6226	0.5447	0.0779	0.2370	0.1326	0.1044	0.0591	0.0453	0.0138	0.1779	0.0873	0.0906
36	90	0.2205	10	2	0	1	0	0	0	1	0	0	1	0	1	0	0	0	0	0	0	Y	N	N	N	N	N	N	N	N	N	N	N	N	N	N	N	N	N	0.0196	0.0120	0.0315	0.0196	0.0191	0.0000	0.0038	0.0000	0.0508	0.0001	0.0002	0.0000	0.0013	0.0013	0.0000	0.0000	0.0000	0.0000	0.0072	0.0132	0.0000	0.0653	0.0705	0.0001	0.0000	0.0000	0.0000	0.0001	0.0002	-0.0000	-0.0017	11.0150	5.9354	4.0316	8.3561	0.0001	0.0001	0.0000	0.0001	0.0001	0.0000	0.0000	0.0000	0.0000	0.0028	0.0028	0.0000	0.0028	0.0028	0.0000	0.0000	0.0000	0.0000	0.7107	0.6272	0.0835	0.0782	0.0744	0.0038	0.6325	0.5527	0.0798	0.3887	0.2105	0.1782	0.0427	0.0395	0.0031	0.3461	0.1710	0.1751
36	91	0.2036	9	2	0	0	0	0	0	0	0	0	1	0	1	0	0	0	0	0	0	Y	N	N	N	N	N	N	N	N	N	N	N	N	N	N	N	N	N	0.1331	0.1948	0.0780	0.0445	0.0495	0.0068	0.1225	0.1595	0.0801	0.0005	0.0005	0.0004	0.0000	0.0000	0.0000	0.0006	0.0006	0.0005	0.0040	0.0028	0.0057	0.0005	0.0004	0.0012	0.0048	0.0038	0.0058	0.1108	1.4254	-0.0000	-0.0000	11.0150	1.5872	4.0316	4.4746	0.0001	0.0001	0.0000	0.0000	0.0000	0.0000	0.0001	0.0001	0.0000	0.0008	0.0003	0.0005	0.0000	0.0000	0.0000	0.0008	0.0003	0.0005	0.1897	0.1673	0.0225	0.0185	0.0175	0.0010	0.1713	0.1497	0.0215	0.2109	0.1246	0.0863	0.0387	0.0370	0.0017	0.1722	0.0876	0.0847
36	92	0.2783	20	2	0	0	1	0	0	0	1	0	1	1	2	0	0	0	0	0	0	Y	N	N	N	N	Y	N	N	N	N	N	N	N	N	N	N	N	N	0.0000	0.0000	0.0000	0.0000	0.0000	0.0000	0.0000	0.0000	0.0000	0.0000	0.0000	0.0000	0.0000	0.0000	0.0000	0.0000	0.0000	0.0000	0.0082	0.0156	0.0000	0.0586	0.0766	0.0000	0.0000	0.0000	0.0000	0.0000	0.0000	-0.0000	-0.0004	11.0150	1.0091	4.0316	1.9972	0.0000	0.0000	0.0000	0.0000	0.0000	0.0000	0.0000	0.0000	0.0000	0.0006	0.0006	0.0000	0.0006	0.0006	0.0000	0.0000	0.0000	0.0000	0.1169	0.1033	0.0136	0.0157	0.0149	0.0008	0.1012	0.0884	0.0128	0.0732	0.0383	0.0348	0.0102	0.0078	0.0024	0.0629	0.0305	0.0324
36	93	0.2620	19	2	0	0	0	0	0	0	0	0	2	1	2	0	0	0	0	0	0	Y	N	N	N	N	Y	N	N	N	N	N	N	N	N	N	N	N	N	0.3283	0.2626	1.0579	3.1002	2.5409	0.0000	0.1725	0.0000	1.0513	0.0001	0.0000	0.0004	0.0004	0.0004	0.0000	0.0000	0.0000	0.0004	0.0003	0.0002	0.0004	0.0001	0.0002	0.0000	0.0003	0.0002	0.0004	1.0006	1.6966	0.0000	0.0000	11.0150	2.0083	4.0316	3.0031	0.0000	0.0000	0.0000	0.0000	0.0000	0.0000	0.0000	0.0000	0.0000	0.0000	0.0000	0.0000	0.0000	0.0000	0.0000	0.0000	0.0000	0.0000	0.2292	0.2023	0.0269	0.0276	0.0261	0.0015	0.2016	0.1762	0.0255	0.1196	0.0626	0.0570	0.0153	0.0119	0.0034	0.1043	0.0508	0.0536
36	94	0.2620	18	2	0	0	0	0	0	0	0	0	1	1	1	0	0	0	0	0	0	Y	N	N	N	N	N	N	N	N	N	N	N	N	N	N	N	N	N	inf	inf	inf	inf	inf	0.0000	inf	0.0000	inf	3.9841	1.4675	27.9453	4.0817	4.1188	0.0000	3.9370	0.0000	28.8340	0.0000	0.0000	0.0000	0.0000	0.0000	0.0000	0.0000	0.0000	0.0000	2.0000		0.0000	-0.0000	11.0150	0.0000	4.0316	0.0002	0.0000	0.0000	0.0000	0.0000	0.0000	0.0000	0.0000	0.0000	0.0000	0.0000	0.0000	0.0000	0.0000	0.0000	0.0000	0.0000	0.0000	0.0000	0.0000	0.0000	0.0000	0.0000	0.0000	0.0000	0.0000	0.0000	0.0000	0.0000	0.0000	0.0000	0.0000	0.0000	0.0000	0.0000	0.0000	0.0000
36	95	0.2588	17	2	0	0	0	0	0	0	0	0	1	1	1	0	0	0	0	0	0	Y	N	N	N	N	N	N	N	N	N	N	N	N	N	N	N	N	N	inf	0.0000	inf	0.0000	0.0000	0.0000	inf	0.0000	inf	8.6542	0.0000	73.4544	0.0000	0.0000	0.0000	9.8062	0.0000	77.5177	0.0000	0.0000	0.0000	0.0000	0.0000	0.0000	0.0000	0.0000	0.0000	inf		0.7692	0.0000	11.0150	1.0000	4.0316	0.0001	1.0000	0.0000	1.0000	0.0000	0.0000	0.0000	1.0000	0.0000	1.0000	0.0000	0.0000	0.0000	0.0000	0.0000	0.0000	0.0000	0.0000	0.0000	0.1155	0.1019	0.0136	0.0136	0.0129	0.0007	0.1020	0.0891	0.0129	0.0244	0.0128	0.0116	0.0031	0.0024	0.0007	0.0213	0.0104	0.0109
36	96	0.2588	16	2	0	0	0	0	0	0	0	1	1	1	1	0	0	0	0	0	0	Y	N	N	N	N	N	N	N	N	N	N	N	N	N	N	N	N	N	0.0000	0.0000	0.0000	0.0000	0.0000	0.0000	0.0000	0.0000	0.0000	0.0000	0.0000	0.0000	0.0000	0.0000	0.0000	0.0000	0.0000	0.0000	0.0000	0.0000	0.0000	0.0000	0.0000	0.0000	0.0000	0.0000	0.0000			0.0000	0.0000	11.0150	0.0000	4.0316	0.0001	0.0000	0.0000	0.0000	0.0000	0.0000	0.0000	0.0000	0.0000	0.0000	0.0000	0.0000	0.0000	0.0000	0.0000	0.0000	0.0000	0.0000	0.0000	0.0000	0.0000	0.0000	0.0000	0.0000	0.0000	0.0000	0.0000	0.0000	0.0000	0.0000	0.0000	0.0000	0.0000	0.0000	0.0000	0.0000	0.0000
36	97	0.2555	15	2	0	0	0	0	0	0	0	0	1	0	1	0	0	0	0	0	0	Y	N	N	N	N	N	N	N	N	N	N	N	N	N	N	N	N	N	6983.2920	4170.6166	inf	7940.2388	6519.8378	inf	0.0000	0.0000	0.0000	0.0003	0.0004	0.0000	0.0030	0.0032	0.0000	0.0000	0.0000	0.0000	0.0000	0.0000	0.0000	0.0000	0.0000	0.0000	0.0000	0.0000	0.0000	0.0001	0.0000	-0.0000	-0.0000	11.0150	0.9999	4.0316	0.0008	0.0000	0.0000	0.0000	0.0000	0.0000	0.0000	0.0000	0.0000	0.0000	0.0000	0.0000	0.0000	0.0000	0.0000	0.0000	0.0000	0.0000	0.0000	0.1180	0.1041	0.0139	0.0132	0.0125	0.0007	0.1048	0.0916	0.0132	0.0247	0.0130	0.0117	0.0031	0.0024	0.0007	0.0216	0.0106	0.0110
36	99	0.2296	15	2	0	1	0	1	0	1	0	0	1	0	1	0	0	0	0	0	0	Y	N	N	N	N	N	N	N	N	N	N	N	N	N	N	N	N	N	0.0096	0.0567	0.0000	0.0105	0.0817	0.0000	0.0000	0.0000	0.0000	0.0001	0.0001	0.0000	0.0005	0.0005	0.0000	0.0000	0.0000	0.0000	0.0055	0.0010	0.0103	0.0465	0.0064	0.1817	0.0003	0.0000	0.0006	0.0000	9.0108	-0.0000	0.0006	11.0150	5.0000	4.0316	11.0015	0.0000	0.0000	0.0000	0.0000	0.0000	0.0000	0.0000	0.0000	0.0000	0.0020	0.0002	0.0018	0.0019	0.0002	0.0017	0.0001	0.0000	0.0001	0.5750	0.5073	0.0677	0.0611	0.0578	0.0033	0.5139	0.4495	0.0645	0.3666	0.1919	0.1747	0.0408	0.0315	0.0094	0.3257	0.1604	0.1653
36	100	0.1979	9	2	0	1	0	0	0	0	0	0	1	0	1	0	0	0	0	0	0	Y	N	N	N	N	N	N	N	N	N	N	N	N	N	N	N	N	N	0.0000	0.0000	0.0000	0.0000	0.0000	0.0000	0.0000	0.0000	0.0000	0.0000	0.0000	0.0000	0.0000	0.0000	0.0000	0.0000	0.0000	0.0000	0.0105	0.0188	0.0000	0.0915	0.1004	0.0000	0.0000	0.0000	0.0000		0.0000	0.0000	-0.0010	11.0150	2.0003	4.0316	3.6794	0.0000	0.0000	0.0000	0.0000	0.0000	0.0000	0.0000	0.0000	0.0000	0.0016	0.0016	0.0000	0.0016	0.0016	0.0000	0.0000	0.0000	0.0000	0.2404	0.2123	0.0282	0.0290	0.0275	0.0015	0.2115	0.1848	0.0266	0.1568	0.0872	0.0696	0.0179	0.0163	0.0016	0.1388	0.0709	0.0680
36	101	0.1872	8	2	0	1	0	1	0	1	0	0	1	0	1	0	0	0	0	0	0	Y	N	N	N	N	N	N	N	N	N	N	N	N	N	N	N	N	N	0.0000	0.0000	0.0000	0.0000	0.0000	0.0000	0.0000	0.0000	0.0000	0.0000	0.0000	0.0000	0.0000	0.0000	0.0000	0.0000	0.0000	0.0000	0.0243	0.0437	0.0029	0.3557	0.4062	0.0000	0.0025	0.0020	0.0030		0.0613	0.0000	-0.0012	11.0150	0.0087	4.0316	3.3708	0.0000	0.0000	0.0000	0.0000	0.0000	0.0000	0.0000	0.0000	0.0000	0.0021	0.0020	0.0001	0.0019	0.0019	0.0000	0.0002	0.0001	0.0001	0.0039	0.0034	0.0004	0.0016	0.0016	0.0000	0.0023	0.0019	0.0004	0.0855	0.0447	0.0407	0.0053	0.0046	0.0007	0.0802	0.0401	0.0401
36	106	0.2652	17	2	0	1	0	0	0	1	0	0	1	0	1	0	0	0	0	0	0	Y	N	N	N	N	N	N	N	N	N	N	N	N	N	N	N	N	N	0.0000	0.0000	0.0000	0.0000	0.0000	0.0000	0.0000	0.0000	0.0000	0.0000	0.0000	0.0000	0.0000	0.0000	0.0000	0.0000	0.0000	0.0000	0.0031	0.0058	0.0000	0.0214	0.0276	0.0000	0.0000	0.0000	0.0000		0.0001	0.0000	-0.0004	11.0150	3.0043	4.0316	5.0032	0.0000	0.0000	0.0000	0.0000	0.0000	0.0000	0.0000	0.0000	0.0000	0.0006	0.0006	0.0000	0.0006	0.0006	0.0000	0.0000	0.0000	0.0000	0.3512	0.3099	0.0413	0.0391	0.0370	0.0021	0.3122	0.2729	0.0392	0.1928	0.1028	0.0900	0.0280	0.0217	0.0063	0.1647	0.0811	0.0836
36	107	0.2588	16	2	0	0	0	0	0	0	0	0	1	0	1	0	0	0	0	0	0	Y	N	N	N	N	N	N	N	N	N	N	N	N	N	N	N	N	N	0.0000	0.0000	0.0000	0.0000	0.0000	0.0000	0.0000	0.0000	0.0000	0.0000	0.0000	0.0000	0.0000	0.0000	0.0000	0.0000	0.0000	0.0000	0.0000	0.0000	0.0000	0.0001	0.0001	0.0000	0.0000	0.0000	0.0000		0.0000	0.0000	-0.0000	11.0150	1.0015	4.0316	0.9989	0.0000	0.0000	0.0000	0.0000	0.0000	0.0000	0.0000	0.0000	0.0000	0.0000	0.0000	0.0000	0.0000	0.0000	0.0000	0.0000	0.0000	0.0000	0.1182	0.1043	0.0139	0.0133	0.0125	0.0007	0.1050	0.0917	0.0132	0.0492	0.0260	0.0232	0.0063	0.0049	0.0014	0.0430	0.0211	0.0218
36	108	0.2555	15	2	0	0	0	0	0	0	0	0	1	0	1	0	0	0	0	0	0	Y	N	N	N	N	N	N	N	N	N	N	N	N	N	N	N	N	N	47.3740	1044.0522	0.5462	86.9685	1632.1357	1.0687	0.0000	0.0000	0.0000	0.0001	0.0001	0.0000	0.0008	0.0008	0.0000	0.0000	0.0000	0.0000	0.0000	0.0000	0.0000	0.0000	0.0000	0.0000	0.0000	0.0000	0.0000	0.0028	36.0000	-0.0000	0.0000	11.0150	1.0004	4.0316	0.0020	0.0000	0.0000	0.0000	0.0000	0.0000	0.0000	0.0000	0.0000	0.0000	0.0000	0.0000	0.0000	0.0000	0.0000	0.0000	0.0000	0.0000	0.0000	0.1181	0.1042	0.0139	0.0132	0.0125	0.0007	0.1049	0.0917	0.0132	0.0248	0.0131	0.0117	0.0031	0.0024	0.0007	0.0216	0.0106	0.0110
36	109	0.2296	14	2	0	0	0	1	0	0	0	0	1	0	1	0	0	0	0	0	0	Y	N	N	N	N	N	N	N	N	N	N	N	N	N	N	N	N	N	0.4950	0.3244	0.0000	0.5429	0.4704	0.0000	0.0000	0.0000	0.0000	0.0001	0.0001	0.0000	0.0005	0.0006	0.0000	0.0000	0.0000	0.0000	0.0001	0.0002	0.0000	0.0010	0.0012	0.0003	0.0000	0.0000	0.0000	0.0000	0.1048	-0.0000	-0.0000	11.0150	3.0035	4.0316	5.0043	0.0000	0.0000	0.0000	0.0000	0.0000	0.0000	0.0000	0.0000	0.0000	0.0000	0.0000	0.0000	0.0000	0.0000	0.0000	0.0000	0.0000	0.0000	0.3495	0.3082	0.0413	0.0372	0.0352	0.0020	0.3123	0.2730	0.0393	0.1912	0.1000	0.0912	0.0215	0.0166	0.0049	0.1698	0.0834	0.0863
36	110	0.2261	10	2	0	1	0	0	0	0	0	0	1	0	1	0	0	0	0	0	0	Y	N	N	N	N	N	N	N	N	N	N	N	N	N	N	N	N	N	7.6224	5.8098	0.0000	0.1072	0.1188	0.0000	169.4859	82530.6111	0.0000	0.0074	0.0083	0.0000	0.0010	0.0011	0.0000	0.0080	0.0092	0.0000	0.0010	0.0014	0.0004	0.0097	0.0092	0.0125	0.0000	0.0000	0.0001	0.0000	0.2790	-0.0014	-0.0001	11.0150	7.0195	4.0316	5.1243	0.0059	0.0059	0.0000	0.0001	0.0001	0.0000	0.0058	0.0058	0.0000	0.0003	0.0002	0.0001	0.0003	0.0002	0.0001	0.0000	0.0000	0.0000	0.7991	0.7049	0.0942	0.0771	0.0730	0.0041	0.7221	0.6319	0.0901	0.3038	0.1597	0.1441	0.0289	0.0248	0.0041	0.2749	0.1348	0.1400
36	111	0.2036	9	2	0	1	0	0	0	1	0	0	1	0	1	0	0	0	0	0	0	Y	N	N	N	N	N	N	N	N	N	N	N	N	N	N	N	N	N	0.5774	0.4538	0.0026	0.7031	0.7319	0.0000	0.5531	0.3837	0.0027	0.0013	0.0015	0.0000	0.0013	0.0014	0.0000	0.0013	0.0015	0.0000	0.0023	0.0033	0.0008	0.0018	0.0019	0.0013	0.0024	0.0039	0.0008	0.0002	0.1608	-0.0001	-0.0002	11.0150	2.0281	4.0316	3.4706	0.0003	0.0003	0.0000	0.0000	0.0000	0.0000	0.0003	0.0003	0.0000	0.0005	0.0004	0.0001	0.0001	0.0001	0.0000	0.0004	0.0003	0.0001	0.2412	0.2126	0.0286	0.0231	0.0219	0.0012	0.2182	0.1907	0.0274	0.1976	0.1180	0.0797	0.0381	0.0366	0.0015	0.1595	0.0814	0.0782
36	112	0.1902	8	2	0	0	0	1	0	0	0	0	1	0	1	0	0	0	0	0	0	Y	N	N	N	N	N	N	N	N	N	N	N	N	N	N	N	N	N	0.0205	0.0636	0.0011	0.0091	0.0360	0.0005	0.1658	inf	0.0000	0.0000	0.0000	0.0000	0.0000	0.0000	0.0000	0.0000	0.0000	0.0000	0.0001	0.0000	0.0001	0.0003	0.0001	0.0056	0.0000	0.0000	0.0000	0.0125	3.5446	-0.0000	0.0000	11.0150	3.0209	4.0316	2.2550	0.0000	0.0000	0.0000	0.0000	0.0000	0.0000	0.0000	0.0000	0.0000	0.0000	0.0000	0.0000	0.0000	0.0000	0.0000	0.0000	0.0000	0.0000	0.3638	0.3206	0.0432	0.0323	0.0306	0.0017	0.3315	0.2900	0.0415	0.1967	0.1198	0.0770	0.0398	0.0384	0.0014	0.1570	0.0814	0.0755
36	126	0.2626	21	2	0	1	0	0	0	0	0	0	1	0	1	0	0	0	0	0	0	Y	N	N	N	N	N	N	N	N	N	N	N	N	N	N	N	N	N	0.0153	inf	0.0360	0.2730	inf	0.0000	0.0089	0.0000	0.0366	0.0000	0.0000	0.0000	0.0000	0.0000	0.0000	0.0000	0.0000	0.0000	0.0000	0.0000	0.0000	0.0000	0.0000	0.0000	0.0000	0.0000	0.0000	1.4444	inf	0.0000	0.0000	11.0150	1.0002	4.0316	2.0058	0.0000	0.0000	0.0000	0.0000	0.0000	0.0000	0.0000	0.0000	0.0000	0.0000	0.0000	0.0000	0.0000	0.0000	0.0000	0.0000	0.0000	0.0000	0.1161	0.1024	0.0137	0.0139	0.0131	0.0008	0.1022	0.0893	0.0129	0.0720	0.0381	0.0339	0.0114	0.0090	0.0023	0.0607	0.0291	0.0316
36	127	0.2659	21	1	0	0	0	0	0	0	0	0	2	0	2	0	0	0	0	0	0	N	N	N	N	N	Y	N	N	N	N	N	N	N	N	N	N	N	N	0.0000	0.0000	0.0000	0.0000	0.0000	0.0000	0.0000	0.0000	0.0000	0.0000	0.0000	0.0000	0.0000	0.0000	0.0000	0.0000	0.0000	0.0000	0.0009	0.0018	0.0000	0.0063	0.0081	0.0000	0.0000	0.0000	0.0000		0.0000	0.0000	-0.0000	11.0150	1.0000	4.0316	2.0000	0.0000	0.0000	0.0000	0.0000	0.0000	0.0000	0.0000	0.0000	0.0000	0.0001	0.0001	0.0000	0.0001	0.0001	0.0000	0.0000	0.0000	0.0000	0.1158	0.1021	0.0137	0.0137	0.0129	0.0007	0.1021	0.0892	0.0129	0.0737	0.0391	0.0346	0.0110	0.0086	0.0024	0.0627	0.0305	0.0322
36	128	0.2659	20	1	0	0	0	0	0	0	0	0	2	0	2	0	0	0	0	0	0	N	N	N	N	N	Y	N	N	N	N	N	N	N	N	N	N	N	N	0.0000	0.0000	0.0000	0.0000	0.0000	0.0000	0.0000	0.0000	0.0000	0.0000	0.0000	0.0000	0.0000	0.0000	0.0000	0.0000	0.0000	0.0000	0.0000	0.0000	0.0000	0.0000	0.0000	0.0000	0.0000	0.0000	0.0000			0.0000	0.0000	11.0150	3.0000	4.0316	2.0000	0.0000	0.0000	0.0000	0.0000	0.0000	0.0000	0.0000	0.0000	0.0000	0.0000	0.0000	0.0000	0.0000	0.0000	0.0000	0.0000	0.0000	0.0000	0.3433	0.3028	0.0404	0.0404	0.0382	0.0022	0.3028	0.2646	0.0382	0.1216	0.0645	0.0571	0.0182	0.0142	0.0040	0.1034	0.0503	0.0531
36	129	0.2691	22	1	0	0	0	0	0	0	0	0	2	0	2	0	0	0	0	0	0	N	N	N	N	N	Y	N	N	N	N	N	N	N	N	N	N	N	N	0.0015	inf	0.0000	inf	inf	0.0000	0.0000	0.0000	0.0000	0.0000	0.0000	0.0000	0.0000	0.0000	0.0000	0.0000	0.0000	0.0000	0.0000	0.0000	0.0000	0.0000	0.0000	0.0000	0.0000	0.0000	0.0000	0.0000	inf	-0.0000	0.0000	11.0150	2.0004	4.0316	1.0045	0.0000	0.0000	0.0000	0.0000	0.0000	0.0000	0.0000	0.0000	0.0000	0.0000	0.0000	0.0000	0.0000	0.0000	0.0000	0.0000	0.0000	0.0000	0.2300	0.2029	0.0271	0.0274	0.0259	0.0015	0.2026	0.1770	0.0256	0.0739	0.0393	0.0346	0.0112	0.0088	0.0024	0.0627	0.0305	0.0322
36	133	0.2829	18	2	0	1	0	0	0	0	0	0	1	1	1	0	0	0	0	0	0	Y	N	N	N	N	N	N	N	N	N	N	N	N	N	N	N	N	N	0.0000	0.0000	0.0000	0.0000	0.0000	0.0000	0.0000	0.0000	0.0000	0.0000	0.0000	0.0000	0.0000	0.0000	0.0000	0.0000	0.0000	0.0000	0.0000	0.0000	0.0000	0.0000	0.0000	0.0000	0.0000	0.0000	0.0000			0.0000	0.0000	11.0150	0.0000	4.0316	0.0001	0.0000	0.0000	0.0000	0.0000	0.0000	0.0000	0.0000	0.0000	0.0000	0.0000	0.0000	0.0000	0.0000	0.0000	0.0000	0.0000	0.0000	0.0000	0.0000	0.0000	0.0000	0.0000	0.0000	0.0000	0.0000	0.0000	0.0000	0.0000	0.0000	0.0000	0.0000	0.0000	0.0000	0.0000	0.0000	0.0000
36	134	0.2429	17	2	0	1	0	1	0	1	0	1	1	1	1	0	0	0	0	0	0	Y	N	N	N	N	N	N	N	N	N	N	N	N	N	N	N	N	N	0.0043	0.0000	inf	0.0059	0.0000	inf	0.0000	0.0000	0.0000	0.0000	0.0000	0.0002	0.0002	0.0000	0.0036	0.0000	0.0000	0.0000	0.0050	0.0094	0.0000	0.0335	0.0408	0.0000	0.0000	0.0000	0.0000	inf	0.0000	0.0000	-0.0008	11.0150	4.0005	4.0316	6.9251	0.0000	0.0000	0.0000	0.0000	0.0000	0.0000	0.0000	0.0000	0.0000	0.0013	0.0013	0.0000	0.0013	0.0013	0.0000	0.0000	0.0000	0.0000	0.4648	0.4101	0.0547	0.0509	0.0482	0.0028	0.4138	0.3619	0.0520	0.2690	0.1430	0.1260	0.0401	0.0329	0.0072	0.2289	0.1101	0.1187
36	135	0.2755	22	2	0	1	0	0	0	0	0	0	1	1	1	0	0	0	0	0	0	Y	N	N	N	N	N	N	N	N	N	N	N	N	N	N	N	N	N	0.0058	0.0036	0.0000	0.0078	0.0067	0.0000	0.0000	0.0000	0.0000	0.0000	0.0000	0.0000	0.0000	0.0000	0.0000	0.0000	0.0000	0.0000	0.0000	0.0000	0.0000	0.0000	0.0001	0.0000	0.0000	0.0000	0.0000	0.0000	0.0000	-0.0000	-0.0000	11.0150	0.9923	4.0316	0.0060	0.0000	0.0000	0.0000	0.0000	0.0000	0.0000	0.0000	0.0000	0.0000	0.0000	0.0000	0.0000	0.0000	0.0000	0.0000	0.0000	0.0000	0.0000	0.1168	0.1031	0.0137	0.0155	0.0147	0.0008	0.1013	0.0885	0.0129	0.0231	0.0124	0.0107	0.0041	0.0033	0.0008	0.0190	0.0091	0.0099
36	136	0.2626	21	2	0	1	0	0	0	0	0	1	1	1	1	0	0	0	0	0	0	Y	N	N	N	N	N	N	N	N	N	N	N	N	N	N	N	N	N	0.0549	0.0329	0.0000	0.0722	0.0605	0.0000	0.0000	0.0000	0.0000	0.0001	0.0001	0.0000	0.0007	0.0008	0.0000	0.0000	0.0000	0.0000	0.0016	0.0030	0.0000	0.0100	0.0127	0.0000	0.0000	0.0000	0.0000	0.0000	0.0001	-0.0000	-0.0001	11.0150	2.0106	4.0316	2.0023	0.0000	0.0000	0.0000	0.0000	0.0000	0.0000	0.0000	0.0000	0.0000	0.0001	0.0001	0.0000	0.0001	0.0001	0.0000	0.0000	0.0000	0.0000	0.2311	0.2038	0.0272	0.0276	0.0261	0.0015	0.2035	0.1778	0.0257	0.0950	0.0502	0.0448	0.0149	0.0118	0.0031	0.0801	0.0384	0.0417
36	137	0.2594	20	2	0	1	0	1	0	0	0	0	1	0	1	0	0	0	0	0	0	Y	N	N	N	N	N	N	N	N	N	N	N	N	N	N	N	N	N	3.0991	3.3122	4.8138	5.1705	4.0165	0.0000	0.0000	0.0000	0.0000	0.0001	0.0000	0.0001	0.0003	0.0003	0.0000	0.0000	0.0000	0.0000	0.0000	0.0000	0.0000	0.0000	0.0001	0.0000	0.0000	0.0000	0.0000	0.2727	1.2863	-0.0000	-0.0000	11.0150	0.0008	4.0316	1.0019	0.0000	0.0000	0.0000	0.0000	0.0000	0.0000	0.0000	0.0000	0.0000	0.0000	0.0000	0.0000	0.0000	0.0000	0.0000	0.0000	0.0000	0.0000	0.0001	0.0001	0.0000	0.0000	0.0000	0.0000	0.0001	0.0001	0.0000	0.0240	0.0126	0.0114	0.0036	0.0028	0.0008	0.0204	0.0098	0.0106
37	38	0.1546	17	2	0	1	1	0	0	1	1	0	1	1	1	0	0	0	0	0	0	Y	N	N	N	N	N	N	N	N	N	N	N	N	N	N	N	N	N	89.0693	174.1822	0.0000	0.2149	0.4936	0.0000	621.0830	48936.5735	0.0000	0.1392	0.1609	0.0000	0.0009	0.0010	0.0000	0.2767	0.3148	0.0000	0.0016	0.0009	0.0028	0.0040	0.0021	0.0419	0.0004	0.0000	0.0009	0.0000	1.5483	-0.0000	-0.0000	0.0015	3.1237	2.6503	0.5096	0.0000	0.0000	0.0000	0.0000	0.0000	0.0000	0.0000	0.0000	0.0000	0.0001	0.0000	0.0000	0.0000	0.0000	0.0000	0.0000	0.0000	0.0000	0.0002	0.0002	0.0000	0.0001	0.0001	0.0000	0.0001	0.0001	0.0000	0.0339	0.0225	0.0114	0.0105	0.0100	0.0005	0.0233	0.0125	0.0109
37	43	0.1444	17	2	0	1	1	0	0	1	1	0	1	1	1	0	0	0	0	0	0	Y	N	N	N	N	N	N	N	N	N	N	N	N	N	N	N	N	N	0.0000	0.0000	0.0000	0.0000	0.0000	0.0000	0.0000	0.0000	0.0000	0.0000	0.0000	0.0000	0.0000	0.0000	0.0000	0.0000	0.0000	0.0000	0.0000	0.0000	0.0000	0.0000	0.0000	0.0000	0.0000	0.0000	0.0000			0.0000	0.0000	0.0015	2.9999	2.6503	0.9999	0.0000	0.0000	0.0000	0.0000	0.0000	0.0000	0.0000	0.0000	0.0000	0.0000	0.0000	0.0000	0.0000	0.0000	0.0000	0.0000	0.0000	0.0000	0.0002	0.0001	0.0000	0.0001	0.0001	0.0000	0.0001	0.0001	0.0000	0.0350	0.0225	0.0125	0.0102	0.0096	0.0005	0.0248	0.0129	0.0119
37	44	0.1396	16	2	0	1	0	0	0	1	0	0	0	1	0	0	0	0	0	0	0	Y	N	N	N	N	N	N	N	N	N	N	N	N	N	N	N	N	N	0.0000	0.0000	0.0000	0.0000	0.0000	0.0000	0.0000	0.0000	0.0000	0.0000	0.0000	0.0000	0.0000	0.0000	0.0000	0.0000	0.0000	0.0000	0.0005	0.0008	0.0000	0.0018	0.0019	0.0000	0.0000	0.0000	0.0000		0.0004	0.0000	-0.0000	0.0015	1.0020	2.6503	0.0022	0.0000	0.0000	0.0000	0.0000	0.0000	0.0000	0.0000	0.0000	0.0000	0.0000	0.0000	0.0000	0.0000	0.0000	0.0000	0.0000	0.0000	0.0000	0.0000	0.0000	0.0000	0.0000	0.0000	0.0000	0.0000	0.0000	0.0000	0.0083	0.0053	0.0030	0.0023	0.0021	0.0001	0.0060	0.0031	0.0029
37	45	0.1396	16	2	0	1	0	0	0	1	0	0	0	1	1	0	0	0	0	0	0	Y	N	N	N	N	N	N	N	N	N	N	N	N	N	N	N	N	N	inf	inf	0.0000	inf	inf	0.0000	0.0000	0.0000	0.0000	0.0589	0.0653	0.0000	0.1735	0.1751	0.0000	0.0000	0.0000	0.0000	0.0000	0.0000	0.0000	0.0000	0.0000	0.0000	0.0000	0.0000	0.0000	0.0000		-0.0000	0.0000	0.0015	4.0000	2.6503	1.0000	0.0000	0.0000	0.0000	0.0000	0.0000	0.0000	0.0000	0.0000	0.0000	0.0000	0.0000	0.0000	0.0000	0.0000	0.0000	0.0000	0.0000	0.0000	0.0002	0.0002	0.0000	0.0001	0.0001	0.0000	0.0001	0.0001	0.0000	0.0403	0.0256	0.0146	0.0110	0.0104	0.0006	0.0293	0.0152	0.0140
37	49	0.1045	5	2	0	1	0	0	0	1	0	0	0	0	0	0	0	0	0	0	0	Y	N	N	N	N	N	N	N	N	N	N	N	N	N	N	N	N	N	0.0388	0.0454	0.0000	0.1445	0.1435	0.0000	0.0006	0.0007	0.0000	0.0030	0.0033	0.0000	0.0079	0.0080	0.0000	0.0001	0.0001	0.0000	0.0766	0.0727	0.0854	0.0545	0.0557	0.0114	0.0858	0.0846	0.0874	0.0012	0.5105	-0.0000	-0.0006	0.0015	1.6285	2.6503	1.0381	0.0000	0.0000	0.0000	0.0000	0.0000	0.0000	0.0000	0.0000	0.0000	0.0020	0.0013	0.0007	0.0004	0.0004	0.0000	0.0016	0.0009	0.0007	0.0001	0.0001	0.0000	0.0000	0.0000	0.0000	0.0001	0.0000	0.0000	0.0263	0.0183	0.0080	0.0077	0.0075	0.0002	0.0185	0.0108	0.0078
37	53	0.1559	17	2	0	1	0	0	0	1	0	0	0	1	1	0	0	0	0	0	0	Y	N	N	N	N	N	N	N	N	N	N	N	N	N	N	N	N	N	25900.8911	592229.4543	0.0000	71316.4932	612416.5708	0.0000	0.0000	0.0000	0.0000	0.8890	0.9833	0.0000	2.4162	2.4491	0.0000	0.0000	0.0000	0.0000	0.0000	0.0000	0.0001	0.0000	0.0000	0.0005	0.0000	0.0000	0.0001	0.0000	31.3489	-0.0000	0.0000	0.0015	0.9921	2.6503	0.0076	0.0000	0.0000	0.0000	0.0000	0.0000	0.0000	0.0000	0.0000	0.0000	0.0000	0.0000	0.0000	0.0000	0.0000	0.0000	0.0000	0.0000	0.0000	0.0000	0.0000	0.0000	0.0000	0.0000	0.0000	0.0000	0.0000	0.0000	0.0083	0.0053	0.0030	0.0023	0.0022	0.0001	0.0060	0.0031	0.0029
37	60	0.1396	16	2	0	1	0	0	0	1	0	0	0	1	1	0	0	0	0	0	0	Y	N	N	N	N	N	N	N	N	N	N	N	N	N	N	N	N	N	0.0000	0.0000	0.0000	0.0000	0.0000	0.0000	0.0000	0.0000	0.0000	0.0000	0.0000	0.0000	0.0000	0.0000	0.0000	0.0000	0.0000	0.0000	0.0037	0.0057	0.0000	0.0134	0.0141	0.0000	0.0000	0.0000	0.0000		0.0000	0.0000	-0.0002	0.0015	2.0000	2.6503	7.0000	0.0000	0.0000	0.0000	0.0000	0.0000	0.0000	0.0000	0.0000	0.0000	0.0003	0.0003	0.0000	0.0003	0.0003	0.0000	0.0000	0.0000	0.0000	0.0001	0.0001	0.0000	0.0000	0.0000	0.0000	0.0001	0.0000	0.0000	0.0710	0.0452	0.0258	0.0194	0.0184	0.0010	0.0516	0.0268	0.0248
37	61	0.1396	15	2	0	1	0	0	0	1	0	0	1	1	1	0	0	0	0	0	0	Y	N	N	N	N	N	N	N	N	N	N	N	N	N	N	N	N	N	0.0000	0.0000	0.0000	0.0000	0.0000	0.0000	0.0000	0.0000	0.0000	0.0000	0.0000	0.0000	0.0000	0.0000	0.0000	0.0000	0.0000	0.0000	0.0000	0.0000	0.0000	0.0000	0.0000	0.0000	0.0000	0.0000	0.0000			0.0000	0.0000	0.0015	0.0000	2.6503	0.0000	0.0000	0.0000	0.0000	0.0000	0.0000	0.0000	0.0000	0.0000	0.0000	0.0000	0.0000	0.0000	0.0000	0.0000	0.0000	0.0000	0.0000	0.0000	0.0000	0.0000	0.0000	0.0000	0.0000	0.0000	0.0000	0.0000	0.0000	0.0000	0.0000	0.0000	0.0000	0.0000	0.0000	0.0000	0.0000	0.0000
37	68	0.1045	5	2	0	1	0	0	0	1	0	0	1	0	1	0	0	0	0	0	0	Y	N	N	N	N	N	N	N	N	N	N	N	N	N	N	N	N	N	409.7050	312.7836	0.0000	0.0030	0.0029	0.0000	25116.6489	3131176.1063	0.0000	4.5601	5.0733	0.0000	0.0001	0.0001	0.0000	7.3100	8.6323	0.0000	0.0111	0.0162	0.0007	0.0409	0.0421	0.0030	0.0003	0.0000	0.0007	0.0000	0.0218	-0.0001	-0.0004	0.0015	1.4193	2.6503	5.2011	0.0003	0.0003	0.0000	0.0000	0.0000	0.0000	0.0003	0.0003	0.0000	0.0006	0.0006	0.0000	0.0006	0.0006	0.0000	0.0000	0.0000	0.0000	0.0001	0.0001	0.0000	0.0000	0.0000	0.0000	0.0000	0.0000	0.0000	0.0564	0.0379	0.0185	0.0150	0.0146	0.0005	0.0413	0.0233	0.0180
37	69	0.0544	4	2	0	1	0	1	0	1	0	0	0	0	0	0	0	0	0	0	0	Y	N	N	N	N	N	N	N	N	N	N	N	N	N	N	N	N	N	1.1268	1.6283	0.0007	0.0450	0.0461	0.0000	2.3042	51.8470	0.0007	0.0976	0.1085	0.0001	0.0070	0.0071	0.0000	0.1411	0.1641	0.0001	0.0866	0.0666	0.1204	0.1555	0.1546	0.1998	0.0612	0.0032	0.1192	0.0001	1.0670	-0.0000	-0.0011	0.0015	9.3928	2.6503	3.6523	0.0000	0.0000	0.0000	0.0000	0.0000	0.0000	0.0000	0.0000	0.0000	0.0104	0.0050	0.0054	0.0050	0.0049	0.0001	0.0054	0.0001	0.0052	0.0004	0.0004	0.0000	0.0001	0.0001	0.0000	0.0003	0.0002	0.0000	0.1202	0.0756	0.0446	0.0323	0.0317	0.0007	0.0879	0.0439	0.0440
37	74	0.1396	16	2	0	1	0	0	0	1	0	0	0	1	0	0	0	0	0	0	0	Y	N	N	N	N	N	N	N	N	N	N	N	N	N	N	N	N	N	145.5690	124.0132	1.9005	0.0000	0.0000	0.0000	413.2712	448.4763	1.8950	0.2148	0.2380	0.0013	0.0000	0.0000	0.0000	0.3251	0.3794	0.0014	0.0015	0.0019	0.0007	0.0033	0.0035	0.0001	0.0008	0.0008	0.0007	0.0006	0.2075	-0.0000	-0.0000	0.0015	3.9277	2.6503	0.5227	0.0000	0.0000	0.0000	0.0000	0.0000	0.0000	0.0000	0.0000	0.0000	0.0001	0.0000	0.0000	0.0000	0.0000	0.0000	0.0000	0.0000	0.0000	0.0002	0.0002	0.0000	0.0001	0.0001	0.0000	0.0001	0.0001	0.0000	0.0359	0.0229	0.0131	0.0098	0.0093	0.0005	0.0261	0.0136	0.0125
37	75	0.1396	15	2	0	1	0	0	0	1	0	0	0	1	0	0	0	0	0	0	0	Y	N	N	N	N	N	N	N	N	N	N	N	N	N	N	N	N	N	0.0000	0.0000	0.0000	0.0000	0.0000	0.0000	0.0000	0.0000	0.0000	0.0000	0.0000	0.0000	0.0000	0.0000	0.0000	0.0000	0.0000	0.0000	0.0000	0.0000	0.0000	0.0000	0.0000	0.0000	0.0000	0.0000	0.0000			0.0000	0.0000	0.0015	0.0009	2.6503	0.0000	0.0000	0.0000	0.0000	0.0000	0.0000	0.0000	0.0000	0.0000	0.0000	0.0000	0.0000	0.0000	0.0000	0.0000	0.0000	0.0000	0.0000	0.0000	0.0000	0.0000	0.0000	0.0000	0.0000	0.0000	0.0000	0.0000	0.0000	0.0000	0.0000	0.0000	0.0000	0.0000	0.0000	0.0000	0.0000	0.0000
37	76	0.1363	14	2	0	1	0	0	0	1	0	0	0	1	0	0	0	0	0	0	0	Y	N	N	N	N	N	N	N	N	N	N	N	N	N	N	N	N	N	0.0000	0.0000	0.0000	0.0000	0.0000	0.0000	0.0000	0.0000	0.0000	0.0000	0.0000	0.0000	0.0000	0.0000	0.0000	0.0000	0.0000	0.0000	0.0000	0.0000	0.0000	0.0000	0.0000	0.0000	0.0000	0.0000	0.0000			0.0000	0.0000	0.0015	1.0000	2.6503	0.0000	0.0000	0.0000	0.0000	0.0000	0.0000	0.0000	0.0000	0.0000	0.0000	0.0000	0.0000	0.0000	0.0000	0.0000	0.0000	0.0000	0.0000	0.0000	0.0000	0.0000	0.0000	0.0000	0.0000	0.0000	0.0000	0.0000	0.0000	0.0082	0.0052	0.0030	0.0022	0.0021	0.0001	0.0060	0.0031	0.0029
37	77	0.0919	7	2	0	1	0	1	0	1	0	0	0	0	0	0	0	0	0	0	0	Y	N	N	N	N	N	N	N	N	N	N	N	N	N	N	N	N	N	41.5111	17405.9813	0.0000	139.1513	18810.7310	0.0000	0.0000	0.0000	0.0000	0.2631	0.2910	0.0000	0.7655	0.7705	0.0000	0.0000	0.0000	0.0000	0.0063	0.0000	0.0174	0.0055	0.0000	0.1110	0.0067	0.0000	0.0138	0.0000	594.4837	-0.0000	0.0001	0.0015	3.3326	2.6503	4.0108	0.0000	0.0000	0.0000	0.0000	0.0000	0.0000	0.0000	0.0000	0.0000	0.0004	0.0000	0.0004	0.0001	0.0000	0.0001	0.0003	0.0000	0.0003	0.0001	0.0001	0.0000	0.0001	0.0001	0.0000	0.0001	0.0001	0.0000	0.0618	0.0393	0.0224	0.0169	0.0161	0.0008	0.0449	0.0233	0.0216
37	79	0.1589	16	2	0	1	0	0	0	1	0	0	0	1	1	0	0	0	0	0	0	Y	N	N	N	N	N	N	N	N	N	N	N	N	N	N	N	N	N	0.0000	0.0000	0.0000	0.0000	0.0000	0.0000	0.0000	0.0000	0.0000	0.0000	0.0000	0.0000	0.0000	0.0000	0.0000	0.0000	0.0000	0.0000	0.0012	0.0018	0.0000	0.0000	0.0000	0.0000	0.0016	0.0031	0.0000		0.0040	0.0000	-0.0000	0.0015	0.0001	2.6503	1.0072	0.0000	0.0000	0.0000	0.0000	0.0000	0.0000	0.0000	0.0000	0.0000	0.0000	0.0000	0.0000	0.0000	0.0000	0.0000	0.0000	0.0000	0.0000	0.0000	0.0000	0.0000	0.0000	0.0000	0.0000	0.0000	0.0000	0.0000	0.0085	0.0055	0.0030	0.0025	0.0023	0.0001	0.0060	0.0032	0.0029
37	80	0.1492	15	2	0	1	0	0	0	1	0	0	0	1	1	0	0	0	0	0	0	Y	N	N	N	N	N	N	N	N	N	N	N	N	N	N	N	N	N	0.1489	5187.2125	0.0000	677.8853	5857.2880	0.0000	0.0000	0.0000	0.0000	0.0004	0.0004	0.0000	0.0010	0.0010	0.0000	0.0000	0.0000	0.0000	0.0024	0.0000	0.0067	0.0000	0.0000	0.0000	0.0033	0.0000	0.0070	0.0000	48508.5332	-0.0000	0.0000	0.0015	1.0058	2.6503	1.9973	0.0000	0.0000	0.0000	0.0000	0.0000	0.0000	0.0000	0.0000	0.0000	0.0001	0.0000	0.0001	0.0000	0.0000	0.0000	0.0001	0.0000	0.0001	0.0000	0.0000	0.0000	0.0000	0.0000	0.0000	0.0000	0.0000	0.0000	0.0252	0.0163	0.0089	0.0073	0.0069	0.0004	0.0179	0.0094	0.0084
37	83	0.1492	15	2	0	1	0	0	0	1	0	0	0	1	1	0	0	0	0	0	0	Y	N	N	N	N	N	N	N	N	N	N	N	N	N	N	N	N	N	1292.2950	927.8411	0.0000	0.0000	0.0000	0.0000	72371340.0550	inf	0.0000	2.0589	2.2826	0.0000	0.0000	0.0000	0.0000	3.1205	3.6418	0.0000	0.0016	0.0025	0.0000	0.0055	0.0058	0.0000	0.0000	0.0000	0.0000	0.0000	0.0000	-0.0001	-0.0001	0.0015	5.0069	2.6503	6.0103	0.0004	0.0004	0.0000	0.0000	0.0000	0.0000	0.0004	0.0004	0.0000	0.0001	0.0001	0.0000	0.0001	0.0001	0.0000	0.0000	0.0000	0.0000	0.0002	0.0002	0.0000	0.0001	0.0001	0.0000	0.0001	0.0001	0.0000	0.0882	0.0571	0.0311	0.0255	0.0241	0.0015	0.0626	0.0330	0.0296
37	84	0.1428	14	2	0	1	0	0	0	1	0	1	1	1	1	0	0	0	0	0	0	Y	N	N	N	N	N	N	N	N	N	N	N	N	N	N	N	N	N	4.7188	22.4297	0.0000	0.0000	0.0000	0.0000	5.9459	inf	0.0000	0.0002	0.0002	0.0000	0.0000	0.0000	0.0000	0.0003	0.0003	0.0000	0.0000	0.0000	0.0001	0.0000	0.0000	0.0000	0.0000	0.0000	0.0001	0.0000	5.6268	-0.0000	0.0000	0.0015	1.9932	2.6503	0.0278	0.0000	0.0000	0.0000	0.0000	0.0000	0.0000	0.0000	0.0000	0.0000	0.0000	0.0000	0.0000	0.0000	0.0000	0.0000	0.0000	0.0000	0.0000	0.0001	0.0001	0.0000	0.0000	0.0000	0.0000	0.0001	0.0000	0.0000	0.0173	0.0112	0.0061	0.0050	0.0047	0.0003	0.0123	0.0065	0.0058
37	91	0.0812	6	2	0	1	0	0	0	1	0	0	0	0	0	0	0	0	0	0	0	Y	N	N	N	N	N	N	N	N	N	N	N	N	N	N	N	N	N	0.0239	0.0241	0.0115	0.0494	0.0493	0.0000	0.0043	0.1324	0.0117	0.0127	0.0135	0.0057	0.0339	0.0342	0.0000	0.0017	0.0010	0.0059	0.5330	0.5588	0.5011	0.6871	0.6925	0.4718	0.4038	0.0077	0.5018	0.0456	0.7253	-0.0000	-0.0252	0.0015	1.5872	2.6503	4.4746	0.0000	0.0000	0.0000	0.0000	0.0000	0.0000	0.0000	0.0000	0.0000	0.1268	0.0735	0.0533	0.0745	0.0733	0.0013	0.0523	0.0002	0.0521	0.0001	0.0001	0.0000	0.0000	0.0000	0.0000	0.0000	0.0000	0.0000	0.2379	0.1315	0.1064	0.1085	0.1058	0.0027	0.1294	0.0257	0.1037
37	92	0.1559	17	2	0	1	1	0	0	1	1	0	0	1	1	0	0	0	0	0	0	Y	N	N	N	N	N	N	N	N	N	N	N	N	N	N	N	N	N	2627.7525	1859.1063	0.0000	2.0602	1.9629	0.0000	3510464.5699	inf	0.0000	7.4993	8.2955	0.0000	0.0209	0.0212	0.0000	11.8447	13.8368	0.0000	0.0029	0.0045	0.0000	0.0102	0.0108	0.0001	0.0000	0.0000	0.0000	0.0000	0.0015	-0.0001	-0.0000	0.0015	1.0091	2.6503	1.9972	0.0003	0.0003	0.0000	0.0000	0.0000	0.0000	0.0003	0.0003	0.0000	0.0001	0.0001	0.0000	0.0001	0.0001	0.0000	0.0000	0.0000	0.0000	0.0000	0.0000	0.0000	0.0000	0.0000	0.0000	0.0000	0.0000	0.0000	0.0245	0.0157	0.0089	0.0069	0.0065	0.0004	0.0176	0.0092	0.0084
37	93	0.1396	16	2	0	1	0	0	0	1	0	0	1	1	1	0	0	0	0	0	0	Y	N	N	N	N	N	N	N	N	N	N	N	N	N	N	N	N	N	2.1137	796.5454	0.0000	3.2667	742.8080	0.0000	0.5971	inf	0.0000	0.0047	0.0052	0.0000	0.0119	0.0120	0.0000	0.0010	0.0012	0.0000	0.0022	0.0000	0.0061	0.0036	0.0000	0.0691	0.0017	0.0000	0.0035	0.0000	532.8822	-0.0000	0.0000	0.0015	2.0083	2.6503	3.0031	0.0000	0.0000	0.0000	0.0000	0.0000	0.0000	0.0000	0.0000	0.0000	0.0001	0.0000	0.0001	0.0000	0.0000	0.0000	0.0000	0.0000	0.0000	0.0001	0.0001	0.0000	0.0000	0.0000	0.0000	0.0001	0.0000	0.0000	0.0404	0.0257	0.0147	0.0110	0.0105	0.0006	0.0294	0.0153	0.0141
37	94	0.1396	15	2	0	1	0	0	0	1	0	0	0	1	0	0	0	0	0	0	0	Y	N	N	N	N	N	N	N	N	N	N	N	N	N	N	N	N	N	0.0000	0.0000	0.0000	0.0000	0.0000	0.0000	0.0000	0.0000	0.0000	0.0000	0.0000	0.0000	0.0000	0.0000	0.0000	0.0000	0.0000	0.0000	0.0046	0.0033	0.0076	0.0100	0.0064	0.1417	0.0014	0.0000	0.0031		1.0000	0.0000	-0.0000	0.0015	0.0000	2.6503	0.0002	0.0000	0.0000	0.0000	0.0000	0.0000	0.0000	0.0000	0.0000	0.0000	0.0000	0.0000	0.0000	0.0000	0.0000	0.0000	0.0000	0.0000	0.0000	0.0000	0.0000	0.0000	0.0000	0.0000	0.0000	0.0000	0.0000	0.0000	0.0000	0.0000	0.0000	0.0000	0.0000	0.0000	0.0000	0.0000	0.0000
37	95	0.1363	14	2	0	1	0	0	0	1	0	0	0	1	0	0	0	0	0	0	0	Y	N	N	N	N	N	N	N	N	N	N	N	N	N	N	N	N	N	0.0000	0.0000	0.0000	0.0000	0.0000	0.0000	0.0000	0.0000	0.0000	0.0000	0.0000	0.0000	0.0000	0.0000	0.0000	0.0000	0.0000	0.0000	0.0000	0.0000	0.0000	0.0000	0.0000	0.0000	0.0000	0.0000	0.0000		0.1552	0.0000	-0.0000	0.0015	1.0000	2.6503	0.0001	0.0000	0.0000	0.0000	0.0000	0.0000	0.0000	0.0000	0.0000	0.0000	0.0000	0.0000	0.0000	0.0000	0.0000	0.0000	0.0000	0.0000	0.0000	0.0000	0.0000	0.0000	0.0000	0.0000	0.0000	0.0000	0.0000	0.0000	0.0082	0.0052	0.0030	0.0022	0.0021	0.0001	0.0060	0.0031	0.0029
37	96	0.1363	13	2	0	1	0	0	0	1	0	1	0	1	0	0	0	0	0	0	0	Y	N	N	N	N	N	N	N	N	N	N	N	N	N	N	N	N	N	0.0000	0.0000	0.0000	0.0000	0.0000	0.0000	0.0000	0.0000	0.0000	0.0000	0.0000	0.0000	0.0000	0.0000	0.0000	0.0000	0.0000	0.0000	0.0000	0.0000	0.0000	0.0000	0.0000	0.0000	0.0000	0.0000	0.0000			0.0000	0.0000	0.0015	0.0000	2.6503	0.0001	0.0000	0.0000	0.0000	0.0000	0.0000	0.0000	0.0000	0.0000	0.0000	0.0000	0.0000	0.0000	0.0000	0.0000	0.0000	0.0000	0.0000	0.0000	0.0000	0.0000	0.0000	0.0000	0.0000	0.0000	0.0000	0.0000	0.0000	0.0000	0.0000	0.0000	0.0000	0.0000	0.0000	0.0000	0.0000	0.0000
37	97	0.1331	12	2	0	1	0	0	0	1	0	0	0	0	0	0	0	0	0	0	0	Y	N	N	N	N	N	N	N	N	N	N	N	N	N	N	N	N	N	0.0000	0.0000	0.0000	0.0000	0.0000	0.0000	0.0000	0.0000	0.0000	0.0000	0.0000	0.0000	0.0000	0.0000	0.0000	0.0000	0.0000	0.0000	0.0000	0.0000	0.0000	0.0000	0.0000	0.0000	0.0000	0.0000	0.0000		0.0241	0.0000	-0.0000	0.0015	0.9999	2.6503	0.0008	0.0000	0.0000	0.0000	0.0000	0.0000	0.0000	0.0000	0.0000	0.0000	0.0000	0.0000	0.0000	0.0000	0.0000	0.0000	0.0000	0.0000	0.0000	0.0000	0.0000	0.0000	0.0000	0.0000	0.0000	0.0000	0.0000	0.0000	0.0085	0.0054	0.0030	0.0023	0.0022	0.0001	0.0061	0.0032	0.0029
37	107	0.1363	13	2	0	1	0	0	0	1	0	0	0	0	0	0	0	0	0	0	0	Y	N	N	N	N	N	N	N	N	N	N	N	N	N	N	N	N	N	0.0000	0.0000	0.0000	0.0000	0.0000	0.0000	0.0000	0.0000	0.0000	0.0000	0.0000	0.0000	0.0000	0.0000	0.0000	0.0000	0.0000	0.0000	0.0000	0.0000	0.0000	0.0000	0.0000	0.0004	0.0000	0.0000	0.0000		1.8639	0.0000	0.0000	0.0015	1.0015	2.6503	0.9989	0.0000	0.0000	0.0000	0.0000	0.0000	0.0000	0.0000	0.0000	0.0000	0.0000	0.0000	0.0000	0.0000	0.0000	0.0000	0.0000	0.0000	0.0000	0.0000	0.0000	0.0000	0.0000	0.0000	0.0000	0.0000	0.0000	0.0000	0.0169	0.0109	0.0060	0.0047	0.0044	0.0002	0.0122	0.0064	0.0058
37	108	0.1331	12	2	0	1	0	0	0	1	0	0	0	0	0	0	0	0	0	0	0	Y	N	N	N	N	N	N	N	N	N	N	N	N	N	N	N	N	N	0.0000	0.0000	0.0000	0.0000	0.0000	0.0000	0.0000	0.0000	0.0000	0.0000	0.0000	0.0000	0.0000	0.0000	0.0000	0.0000	0.0000	0.0000	0.0035	0.0054	0.0000	0.0126	0.0132	0.0000	0.0000	0.0000	0.0000		0.0000	0.0000	-0.0000	0.0015	1.0004	2.6503	0.0020	0.0000	0.0000	0.0000	0.0000	0.0000	0.0000	0.0000	0.0000	0.0000	0.0000	0.0000	0.0000	0.0000	0.0000	0.0000	0.0000	0.0000	0.0000	0.0000	0.0000	0.0000	0.0000	0.0000	0.0000	0.0000	0.0000	0.0000	0.0085	0.0055	0.0030	0.0023	0.0022	0.0001	0.0061	0.0032	0.0029
37	109	0.1071	11	2	0	1	0	1	0	1	0	0	0	0	0	0	0	0	0	0	0	Y	N	N	N	N	N	N	N	N	N	N	N	N	N	N	N	N	N	0.0000	0.0000	0.0000	0.0000	0.0000	0.0000	0.0000	0.0000	0.0000	0.0000	0.0000	0.0000	0.0000	0.0000	0.0000	0.0000	0.0000	0.0000	0.0254	0.0393	0.0008	0.0929	0.0974	0.0000	0.0006	0.0004	0.0009		0.0119	-0.0000	-0.0010	0.0015	3.0035	2.6503	5.0043	0.0000	0.0000	0.0000	0.0000	0.0000	0.0000	0.0000	0.0000	0.0000	0.0017	0.0016	0.0000	0.0016	0.0016	0.0000	0.0000	0.0000	0.0000	0.0001	0.0001	0.0000	0.0000	0.0000	0.0000	0.0001	0.0001	0.0000	0.0656	0.0420	0.0236	0.0177	0.0168	0.0008	0.0480	0.0251	0.0228
37	112	0.0678	5	2	0	1	0	1	0	1	0	0	0	0	0	0	0	0	0	0	0	Y	N	N	N	N	N	N	N	N	N	N	N	N	N	N	N	N	N	0.0134	0.0164	0.0003	0.0346	0.0354	0.0000	0.0009	0.0478	0.0003	0.0066	0.0073	0.0002	0.0191	0.0192	0.0000	0.0004	0.0004	0.0002	0.4906	0.4440	0.5479	0.5509	0.5422	0.8860	0.4388	0.0091	0.5389	0.0024	1.0022	-0.0000	-0.0136	0.0015	3.0209	2.6503	2.2550	0.0000	0.0000	0.0000	0.0000	0.0000	0.0000	0.0000	0.0000	0.0000	0.1146	0.0573	0.0574	0.0595	0.0570	0.0024	0.0552	0.0002	0.0550	0.0001	0.0001	0.0000	0.0000	0.0000	0.0000	0.0001	0.0001	0.0000	0.2337	0.1289	0.1047	0.1079	0.1052	0.0027	0.1257	0.0237	0.1020
38	39	0.1447	19	2	0	1	1	1	0	1	1	0	1	1	1	0	0	0	0	0	0	Y	N	N	N	N	N	N	N	N	N	N	N	N	N	N	N	N	N	0.0000	0.0000	0.0000	0.0000	0.0000	0.0000	0.0000	0.0000	0.0000	0.0000	0.0000	0.0000	0.0000	0.0000	0.0000	0.0000	0.0000	0.0000	0.0006	0.0000	0.0015	0.0029	0.0000	0.0220	0.0001	0.0000	0.0003		inf	0.0000	0.0000	3.1237	5.0102	0.5096	6.9613	0.0000	0.0000	0.0000	0.0000	0.0000	0.0000	0.0000	0.0000	0.0000	0.0001	0.0000	0.0001	0.0000	0.0000	0.0000	0.0000	0.0000	0.0000	0.2931	0.2637	0.0294	0.0772	0.0743	0.0029	0.2159	0.1894	0.0265	0.0863	0.0495	0.0367	0.0159	0.0138	0.0021	0.0704	0.0358	0.0346
38	43	0.0344	3	2	0	0	2	0	0	0	2	0	2	2	2	0	0	0	0	0	0	Y	N	N	Y	Y	Y	N	N	N	N	N	N	N	N	N	N	N	N	0.0000	0.0000	0.0000	0.0000	0.0000	0.0000	0.0000	0.0000	0.0000	0.0000	0.0000	0.0000	0.0000	0.0000	0.0000	0.0000	0.0000	0.0000	0.0000	0.0000	0.0000	0.0000	0.0000	0.0000	0.0000	0.0000	0.0000			0.0000	0.0000	3.1237	2.9999	0.5096	0.9999	0.0000	0.0000	0.0000	0.0000	0.0000	0.0000	0.0000	0.0000	0.0000	0.0000	0.0000	0.0000	0.0000	0.0000	0.0000	0.0000	0.0000	0.0000	0.2204	0.1985	0.0219	0.0555	0.0541	0.0013	0.1649	0.1443	0.0206	0.0355	0.0185	0.0170	0.0021	0.0021	0.0000	0.0334	0.0164	0.0170
38	44	0.0296	2	2	0	0	1	0	0	0	1	0	1	2	1	0	0	0	0	0	0	Y	N	N	N	Y	N	N	N	N	N	N	N	N	N	N	N	N	N	2194.5375	1271.7774	inf	7.3692	7.3801	inf	inf	inf	inf	0.0078	0.0087	0.0000	0.0005	0.0005	0.0000	0.0097	0.0111	0.0000	0.0000	0.0000	0.0000	0.0001	0.0001	0.0000	0.0000	0.0000	0.0000	0.0002	0.0000	-0.0001	-0.0000	3.1237	1.0020	0.5096	0.0022	0.0005	0.0005	0.0000	0.0000	0.0000	0.0000	0.0005	0.0005	0.0000	0.0000	0.0000	0.0000	0.0000	0.0000	0.0000	0.0000	0.0000	0.0000	0.0594	0.0533	0.0061	0.0119	0.0118	0.0001	0.0475	0.0415	0.0060	0.0079	0.0041	0.0038	0.0005	0.0005	0.0000	0.0074	0.0036	0.0038
38	45	0.0296	4	2	0	0	1	0	0	0	1	0	1	2	2	0	0	0	0	0	0	Y	N	N	N	Y	Y	N	N	N	N	N	N	N	N	N	N	N	N	0.0000	0.0000	0.0000	0.0000	0.0000	0.0000	0.0000	0.0000	0.0000	0.0000	0.0000	0.0000	0.0000	0.0000	0.0000	0.0000	0.0000	0.0000	0.0000	0.0000	0.0000	0.0000	0.0000	0.0000	0.0000	0.0000	0.0000			0.0000	0.0000	3.1237	4.0000	0.5096	1.0000	0.0000	0.0000	0.0000	0.0000	0.0000	0.0000	0.0000	0.0000	0.0000	0.0000	0.0000	0.0000	0.0000	0.0000	0.0000	0.0000	0.0000	0.0000	0.2329	0.2089	0.0239	0.0465	0.0461	0.0004	0.1863	0.1628	0.0235	0.0385	0.0200	0.0185	0.0023	0.0022	0.0000	0.0362	0.0178	0.0184
38	46	0.1607	17	2	0	0	1	0	0	0	1	0	2	1	2	0	0	0	0	0	0	Y	N	N	N	N	Y	N	N	N	N	N	N	N	N	N	N	N	N	inf	inf	0.0000	inf	inf	0.0000	inf	inf	0.0000	0.1698	0.1980	0.0000	0.0010	0.0012	0.0000	0.3734	0.4237	0.0000	0.0000	0.0000	0.0000	0.0000	0.0000	0.0000	0.0000	0.0000	0.0000	0.0000		-0.0000	0.0000	3.1237	0.0007	0.5096	1.0103	0.0000	0.0000	0.0000	0.0000	0.0000	0.0000	0.0000	0.0000	0.0000	0.0000	0.0000	0.0000	0.0000	0.0000	0.0000	0.0000	0.0000	0.0000	0.0002	0.0002	0.0000	0.0001	0.0001	0.0000	0.0001	0.0001	0.0000	0.0222	0.0160	0.0062	0.0087	0.0085	0.0003	0.0135	0.0075	0.0060
38	47	0.1256	16	2	0	0	1	1	0	0	1	0	1	1	1	0	0	0	0	0	0	Y	N	N	N	N	N	N	N	N	N	N	N	N	N	N	N	N	N	424.4480	703.3365	0.0000	1.3699	2.4811	0.0000	1997.1907	135501.9103	0.0000	1.2099	1.3421	0.0000	0.0157	0.0159	0.0000	1.5905	1.8173	0.0000	0.0029	0.0019	0.0042	0.0114	0.0064	0.0532	0.0008	0.0000	0.0016	0.0000	1.5654	-0.1129	-0.0000	3.1237	6.8097	0.5096	3.8431	0.4892	0.4892	0.0000	0.0015	0.0015	0.0000	0.4877	0.4877	0.0000	0.0002	0.0001	0.0001	0.0002	0.0001	0.0001	0.0001	0.0000	0.0001	0.4043	0.3645	0.0398	0.0977	0.0962	0.0015	0.3066	0.2684	0.0383	0.0822	0.0479	0.0343	0.0159	0.0142	0.0017	0.0663	0.0337	0.0326
38	48	0.1961	20	2	0	1	1	0	0	1	1	0	1	1	1	0	0	0	0	0	0	Y	N	N	N	N	N	N	N	N	N	N	N	N	N	N	N	N	N	0.0000	0.0000	0.0000	0.0000	0.0000	0.0000	0.0000	0.0000	0.0000	0.0000	0.0000	0.0000	0.0000	0.0000	0.0000	0.0000	0.0000	0.0000	0.0000	0.0000	0.0000	0.0000	0.0000	0.0000	0.0000	0.0000	0.0000			0.0000	-0.0000	3.1237	0.0000	0.5096	0.0001	0.0000	0.0000	0.0000	0.0000	0.0000	0.0000	0.0000	0.0000	0.0000	0.0000	0.0000	0.0000	0.0000	0.0000	0.0000	0.0000	0.0000	0.0000	0.0000	0.0000	0.0000	0.0000	0.0000	0.0000	0.0000	0.0000	0.0000	0.0008	0.0006	0.0002	0.0005	0.0004	0.0000	0.0004	0.0002	0.0002
38	49	0.1866	19	2	0	0	1	0	0	0	1	0	1	1	1	0	0	0	0	0	0	Y	N	N	N	N	N	N	N	N	N	N	N	N	N	N	N	N	N	1.1572	0.8687	0.0000	0.0028	0.0027	0.0000	261.6746	276.5648	0.0000	0.0018	0.0020	0.0000	0.0000	0.0000	0.0000	0.0028	0.0033	0.0000	0.0016	0.0024	0.0000	0.0054	0.0058	0.0000	0.0000	0.0000	0.0000	0.0000	0.0020	-0.0000	-0.0000	3.1237	1.6285	0.5096	1.0381	0.0002	0.0002	0.0000	0.0000	0.0000	0.0000	0.0002	0.0002	0.0000	0.0000	0.0000	0.0000	0.0000	0.0000	0.0000	0.0000	0.0000	0.0000	0.1188	0.1053	0.0135	0.0421	0.0402	0.0019	0.0767	0.0651	0.0116	0.0263	0.0175	0.0088	0.0077	0.0070	0.0006	0.0187	0.0105	0.0082
38	50	0.0587	9	2	0	1	2	0	0	0	2	0	1	2	2	0	0	0	0	0	0	Y	N	N	Y	Y	Y	N	N	N	N	N	N	N	N	N	N	N	N	0.0000	0.0000	0.0000	0.0000	0.0000	0.0000	0.0000	0.0000	0.0000	0.0000	0.0000	0.0000	0.0000	0.0000	0.0000	0.0000	0.0000	0.0000	0.0000	0.0000	0.0000	0.0001	0.0000	0.0008	0.0000	0.0000	0.0000		inf	0.0000	0.0000	3.1237	0.0001	0.5096	0.9998	0.0000	0.0000	0.0000	0.0000	0.0000	0.0000	0.0000	0.0000	0.0000	0.0000	0.0000	0.0000	0.0000	0.0000	0.0000	0.0000	0.0000	0.0000	0.0000	0.0000	0.0000	0.0000	0.0000	0.0000	0.0000	0.0000	0.0000	0.0079	0.0042	0.0037	0.0006	0.0006	0.0000	0.0073	0.0036	0.0037
38	51	0.0587	9	2	0	1	1	0	0	0	1	0	1	2	2	0	0	0	0	0	0	Y	N	N	N	Y	Y	N	N	N	N	N	N	N	N	N	N	N	N	0.0000	0.0000	0.0000	0.0000	0.0000	0.0000	0.0000	0.0000	0.0000	0.0000	0.0000	0.0000	0.0000	0.0000	0.0000	0.0000	0.0000	0.0000	0.0114	0.0216	0.0000	0.1457	0.1560	0.0000	0.0000	0.0000	0.0000		0.0000	0.0000	-0.0001	3.1237	0.0001	0.5096	1.0003	0.0000	0.0000	0.0000	0.0000	0.0000	0.0000	0.0000	0.0000	0.0000	0.0001	0.0001	0.0000	0.0001	0.0001	0.0000	0.0000	0.0000	0.0000	0.0000	0.0000	0.0000	0.0000	0.0000	0.0000	0.0000	0.0000	0.0000	0.0079	0.0042	0.0037	0.0006	0.0006	0.0000	0.0073	0.0036	0.0037
38	52	0.0555	8	2	0	1	1	0	0	1	1	0	1	2	2	0	0	0	0	0	0	Y	N	N	N	Y	Y	N	N	N	N	N	N	N	N	N	N	N	N	0.0000	0.0000	0.0000	0.0000	0.0000	0.0000	0.0000	0.0000	0.0000	0.0000	0.0000	0.0000	0.0000	0.0000	0.0000	0.0000	0.0000	0.0000	0.0000	0.0000	0.0000	0.0004	0.0003	0.0028	0.0000	0.0000	0.0000		0.9048	0.0000	-0.0000	3.1237	1.0000	0.5096	0.0042	0.0000	0.0000	0.0000	0.0000	0.0000	0.0000	0.0000	0.0000	0.0000	0.0000	0.0000	0.0000	0.0000	0.0000	0.0000	0.0000	0.0000	0.0000	0.0592	0.0532	0.0061	0.0126	0.0125	0.0002	0.0466	0.0407	0.0059	0.0078	0.0041	0.0037	0.0006	0.0005	0.0000	0.0073	0.0036	0.0037
38	53	0.0523	7	2	0	0	1	0	0	0	1	0	1	2	2	0	0	0	0	0	0	Y	N	N	N	Y	Y	N	N	N	N	N	N	N	N	N	N	N	N	0.0008	0.0007	0.0000	0.0004	0.0004	0.0000	0.0000	0.0000	0.0000	0.0000	0.0000	0.0000	0.0000	0.0000	0.0000	0.0000	0.0000	0.0000	0.0000	0.0001	0.0000	0.0004	0.0004	0.0001	0.0000	0.0000	0.0000	0.0000	0.4155	-0.0000	-0.0000	3.1237	0.9921	0.5096	0.0076	0.0000	0.0000	0.0000	0.0000	0.0000	0.0000	0.0000	0.0000	0.0000	0.0000	0.0000	0.0000	0.0000	0.0000	0.0000	0.0000	0.0000	0.0000	0.0590	0.0530	0.0060	0.0124	0.0123	0.0001	0.0466	0.0407	0.0059	0.0079	0.0042	0.0037	0.0006	0.0006	0.0000	0.0073	0.0036	0.0037
38	54	0.1154	11	2	0	1	1	0	0	0	1	0	1	2	1	0	0	0	0	0	0	Y	N	N	N	Y	N	N	N	N	N	N	N	N	N	N	N	N	N	0.0000	0.0000	0.0000	0.0000	0.0000	0.0000	0.0000	0.0000	0.0000	0.0000	0.0000	0.0000	0.0000	0.0000	0.0000	0.0000	0.0000	0.0000	0.0000	0.0000	0.0000	0.0000	0.0000	0.0000	0.0000	0.0000	0.0000			0.0000	0.0000	3.1237	0.0000	0.5096	0.0000	0.0000	0.0000	0.0000	0.0000	0.0000	0.0000	0.0000	0.0000	0.0000	0.0000	0.0000	0.0000	0.0000	0.0000	0.0000	0.0000	0.0000	0.0000	0.0000	0.0000	0.0000	0.0000	0.0000	0.0000	0.0000	0.0000	0.0000	0.0000	0.0000	0.0000	0.0000	0.0000	0.0000	0.0000	0.0000	0.0000
38	58	0.0539	9	2	0	1	1	0	0	0	1	0	2	1	2	0	0	0	0	0	0	Y	N	N	N	N	Y	N	N	N	N	N	N	N	N	N	N	N	N	8.6000	inf	0.0000	0.0420	inf	0.0000	25.1241	inf	0.0000	0.0004	0.0005	0.0000	0.0000	0.0000	0.0000	0.0005	0.0006	0.0000	0.0000	0.0000	0.0001	0.0002	0.0000	0.0141	0.0000	0.0000	0.0000	0.0000	inf	-0.0000	0.0000	3.1237	1.0033	0.5096	1.0015	0.0000	0.0000	0.0000	0.0000	0.0000	0.0000	0.0000	0.0000	0.0000	0.0000	0.0000	0.0000	0.0000	0.0000	0.0000	0.0000	0.0000	0.0000	0.0608	0.0547	0.0061	0.0159	0.0154	0.0006	0.0449	0.0393	0.0056	0.0208	0.0128	0.0080	0.0037	0.0037	0.0000	0.0171	0.0091	0.0080
38	59	0.0393	8	2	0	1	1	0	0	0	1	0	1	1	1	0	0	0	0	0	0	Y	N	N	N	N	N	N	N	N	N	N	N	N	N	N	N	N	N	3125.3592	1828.1015	0.1288	4.0711	4.0866	0.0000	13830334.4981	inf	0.8149	2.8037	3.1241	0.0000	0.0612	0.0619	0.0000	3.5072	4.0141	0.0000	0.0009	0.0017	0.0000	0.0150	0.0151	0.0027	0.0000	0.0000	0.0000	0.0000	0.0016	-0.1139	-0.0000	3.1237	2.9984	0.5096	1.5227	0.4934	0.4934	0.0000	0.0022	0.0022	0.0000	0.4912	0.4912	0.0000	0.0000	0.0000	0.0000	0.0000	0.0000	0.0000	0.0000	0.0000	0.0000	0.1760	0.1579	0.0180	0.0359	0.0356	0.0004	0.1401	0.1224	0.0177	0.0347	0.0182	0.0165	0.0021	0.0021	0.0000	0.0326	0.0161	0.0165
38	60	0.0296	4	2	0	0	1	0	0	0	1	0	1	2	2	0	0	0	0	0	0	Y	N	N	N	Y	Y	N	N	N	N	N	N	N	N	N	N	N	N	0.0000	0.0000	0.0000	0.0000	0.0000	0.0000	0.0000	0.0000	0.0000	0.0000	0.0000	0.0000	0.0000	0.0000	0.0000	0.0000	0.0000	0.0000	0.0074	0.0141	0.0000	0.1244	0.1254	0.0000	0.0000	0.0000	0.0000		0.0000	0.0000	-0.0003	3.1237	2.0000	0.5096	7.0000	0.0000	0.0000	0.0000	0.0000	0.0000	0.0000	0.0000	0.0000	0.0000	0.0005	0.0005	0.0000	0.0005	0.0005	0.0000	0.0000	0.0000	0.0000	0.1178	0.1057	0.0121	0.0235	0.0233	0.0002	0.0943	0.0824	0.0119	0.0679	0.0354	0.0325	0.0040	0.0040	0.0000	0.0639	0.0314	0.0325
38	61	0.0296	3	2	0	0	1	0	0	0	1	0	2	2	2	0	0	0	0	0	0	Y	N	N	N	Y	Y	N	N	N	N	N	N	N	N	N	N	N	N	0.0000	0.0000	0.0000	0.0000	0.0000	0.0000	0.0000	0.0000	0.0000	0.0000	0.0000	0.0000	0.0000	0.0000	0.0000	0.0000	0.0000	0.0000	0.0000	0.0000	0.0000	0.0000	0.0000	0.0000	0.0000	0.0000	0.0000			0.0000	0.0000	3.1237	0.0000	0.5096	0.0000	0.0000	0.0000	0.0000	0.0000	0.0000	0.0000	0.0000	0.0000	0.0000	0.0000	0.0000	0.0000	0.0000	0.0000	0.0000	0.0000	0.0000	0.0000	0.0000	0.0000	0.0000	0.0000	0.0000	0.0000	0.0000	0.0000	0.0000	0.0000	0.0000	0.0000	0.0000	0.0000	0.0000	0.0000	0.0000	0.0000
38	62	0.1021	12	2	0	1	1	0	0	0	1	0	1	2	1	0	0	0	0	0	0	Y	N	N	N	Y	N	N	N	N	N	N	N	N	N	N	N	N	N	0.0000	0.0000	0.0000	0.0000	0.0000	0.0000	0.0000	0.0000	0.0000	0.0000	0.0000	0.0000	0.0000	0.0000	0.0000	0.0000	0.0000	0.0000	0.0076	0.0111	0.0000	0.0280	0.0294	0.0000	0.0000	0.0000	0.0000	0.0000	0.0006	-0.0000	-0.0002	3.1237	0.9672	0.5096	2.9870	0.0000	0.0000	0.0000	0.0000	0.0000	0.0000	0.0000	0.0000	0.0000	0.0004	0.0004	0.0000	0.0004	0.0004	0.0000	0.0000	0.0000	0.0000	0.0622	0.0563	0.0059	0.0145	0.0144	0.0001	0.0477	0.0419	0.0058	0.0477	0.0325	0.0152	0.0128	0.0123	0.0006	0.0349	0.0202	0.0147
38	63	0.0710	11	2	0	1	1	0	0	0	1	1	1	2	1	0	0	0	0	0	0	Y	N	N	N	Y	N	N	N	N	N	N	N	N	N	N	N	N	N	0.0426	0.0257	0.0685	0.0208	0.0205	0.0367	1.5105	11.1025	0.0000	0.0001	0.0002	0.0000	0.0007	0.0007	0.0000	0.0000	0.0000	0.0000	0.0032	0.0060	0.0000	0.0313	0.0321	0.0008	0.0000	0.0000	0.0000	0.0005	0.0014	-0.0000	-0.0002	3.1237	2.0363	0.5096	7.8590	0.0000	0.0000	0.0000	0.0000	0.0000	0.0000	0.0000	0.0000	0.0000	0.0003	0.0003	0.0000	0.0003	0.0003	0.0000	0.0000	0.0000	0.0000	0.1206	0.1082	0.0124	0.0249	0.0247	0.0003	0.0957	0.0835	0.0121	0.0777	0.0420	0.0356	0.0080	0.0078	0.0002	0.0696	0.0342	0.0354
38	64	0.0652	10	2	0	1	1	0	0	0	1	0	1	1	1	0	0	0	0	0	0	Y	N	N	N	N	N	N	N	N	N	N	N	N	N	N	N	N	N	78.8134	51.4533	0.0000	11.5664	14.5639	0.0000	624603.6379	inf	0.0000	0.3315	0.4059	0.0000	0.6590	0.8602	0.0000	0.0551	0.0641	0.0000	0.0042	0.0079	0.0000	0.0570	0.0591	0.0000	0.0000	0.0000	0.0000	0.0000	0.0000	-0.0000	-0.0000	3.1237	0.0049	0.5096	1.8223	0.0002	0.0002	0.0000	0.0002	0.0002	0.0000	0.0000	0.0000	0.0000	0.0001	0.0001	0.0000	0.0001	0.0001	0.0000	0.0000	0.0000	0.0000	0.0006	0.0005	0.0001	0.0003	0.0002	0.0001	0.0003	0.0003	0.0000	0.0141	0.0075	0.0066	0.0010	0.0010	0.0000	0.0130	0.0065	0.0065
38	65	0.0424	9	2	0	1	1	0	0	0	1	0	1	1	1	0	0	0	0	0	0	Y	N	N	N	N	N	N	N	N	N	N	N	N	N	N	N	N	N	0.0000	0.0000	0.0000	0.0000	0.0000	0.0000	0.0000	0.0000	0.0000	0.0000	0.0000	0.0000	0.0000	0.0000	0.0000	0.0000	0.0000	0.0000	0.0039	0.0074	0.0000	0.0624	0.0629	0.0004	0.0000	0.0000	0.0000		0.0002	0.0000	-0.0001	3.1237	2.0010	0.5096	3.9928	0.0000	0.0000	0.0000	0.0000	0.0000	0.0000	0.0000	0.0000	0.0000	0.0002	0.0002	0.0000	0.0002	0.0002	0.0000	0.0000	0.0000	0.0000	0.1181	0.1060	0.0121	0.0240	0.0238	0.0002	0.0941	0.0822	0.0119	0.0460	0.0241	0.0219	0.0029	0.0029	0.0000	0.0431	0.0213	0.0218
38	66	0.0393	8	2	0	1	1	0	0	0	1	0	1	1	1	0	0	0	0	0	0	Y	N	N	N	N	N	N	N	N	N	N	N	N	N	N	N	N	N	0.0014	0.0000	0.0450	0.0000	0.0000	0.0000	0.0702	0.0000	0.2803	0.0000	0.0000	0.0000	0.0000	0.0000	0.0000	0.0000	0.0000	0.0000	0.0001	0.0001	0.0000	0.0013	0.0012	0.0225	0.0000	0.0000	0.0000	inf	0.1741	0.0000	-0.0000	3.1237	1.0002	0.5096	0.0173	0.0000	0.0000	0.0000	0.0000	0.0000	0.0000	0.0000	0.0000	0.0000	0.0000	0.0000	0.0000	0.0000	0.0000	0.0000	0.0000	0.0000	0.0000	0.0594	0.0533	0.0061	0.0121	0.0120	0.0001	0.0473	0.0413	0.0060	0.0080	0.0042	0.0038	0.0005	0.0005	0.0000	0.0075	0.0037	0.0038
38	67	0.0392	7	2	0	1	1	0	0	1	1	0	1	1	1	0	0	0	0	0	0	Y	N	N	N	N	N	N	N	N	N	N	N	N	N	N	N	N	N	0.8659	0.3530	4.2814	0.3024	0.4857	0.0000	8.6142	0.0000	26.6274	0.0032	0.0011	0.0232	0.0037	0.0037	0.0000	0.0031	0.0000	0.0236	0.0037	0.0030	0.0054	0.0121	0.0076	0.8638	0.0004	0.0000	0.0009	2.3334	0.7223	0.0000	-0.0000	3.1237	0.0001	0.5096	0.0028	0.0000	0.0000	0.0000	0.0000	0.0000	0.0000	0.0000	0.0000	0.0000	0.0000	0.0000	0.0000	0.0000	0.0000	0.0000	0.0000	0.0000	0.0000	0.0000	0.0000	0.0000	0.0000	0.0000	0.0000	0.0000	0.0000	0.0000	0.0000	0.0000	0.0000	0.0000	0.0000	0.0000	0.0000	0.0000	0.0000
38	68	0.1866	19	2	0	0	1	0	0	0	1	0	2	1	2	0	0	0	0	0	0	Y	N	N	N	N	Y	N	N	N	N	N	N	N	N	N	N	N	N	0.5813	478.4325	0.0000	0.0021	1.3052	0.0000	1.5201	19814.3565	0.0000	0.0020	0.0023	0.0000	0.0000	0.0000	0.0000	0.0031	0.0037	0.0000	0.0034	0.0000	0.0090	0.0078	0.0000	0.0685	0.0020	0.0000	0.0044	0.0000	1183.3986	-0.0000	0.0001	3.1237	1.4193	0.5096	5.2011	0.0002	0.0002	0.0000	0.0000	0.0000	0.0000	0.0002	0.0002	0.0000	0.0002	0.0000	0.0002	0.0001	0.0000	0.0001	0.0001	0.0000	0.0001	0.1076	0.0954	0.0122	0.0387	0.0370	0.0017	0.0689	0.0584	0.0105	0.0524	0.0323	0.0201	0.0127	0.0113	0.0014	0.0397	0.0210	0.0187
38	69	0.1365	18	2	0	0	1	1	0	0	1	0	1	1	1	0	0	0	0	0	0	Y	N	N	N	N	N	N	N	N	N	N	N	N	N	N	N	N	N	642.2246	419.0112	0.0000	1.7982	1.6203	0.0000	55723.2981	1477963.4703	0.0000	0.9100	1.0100	0.0000	0.0138	0.0141	0.0000	1.1915	1.3616	0.0000	0.0014	0.0024	0.0001	0.0077	0.0087	0.0008	0.0000	0.0000	0.0000	0.0000	0.0264	-0.1128	-0.0001	3.1237	9.3928	0.5096	3.6523	0.4890	0.4890	0.0000	0.0018	0.0018	0.0000	0.4872	0.4872	0.0000	0.0001	0.0001	0.0000	0.0001	0.0001	0.0000	0.0000	0.0000	0.0000	0.5373	0.4841	0.0532	0.1284	0.1263	0.0021	0.4089	0.3578	0.0511	0.0942	0.0539	0.0402	0.0171	0.0150	0.0022	0.0770	0.0389	0.0381
38	77	0.0772	11	2	0	0	1	1	0	0	1	0	1	1	1	0	0	0	0	0	0	Y	N	N	N	N	N	N	N	N	N	N	N	N	N	N	N	N	N	1167.4497	709.0211	0.0000	1.7321	1.7094	0.0000	881961.5705	inf	0.0000	2.3786	2.6483	0.0000	0.0457	0.0465	0.0000	3.0722	3.5187	0.0000	0.0020	0.0037	0.0000	0.0264	0.0272	0.0034	0.0000	0.0000	0.0000	0.0000	0.0061	-0.1130	-0.0001	3.1237	3.3326	0.5096	4.0108	0.4896	0.4896	0.0000	0.0022	0.0022	0.0000	0.4874	0.4874	0.0000	0.0001	0.0001	0.0000	0.0001	0.0001	0.0000	0.0000	0.0000	0.0000	0.2058	0.1849	0.0210	0.0472	0.0463	0.0008	0.1587	0.1385	0.0201	0.0543	0.0294	0.0249	0.0042	0.0040	0.0001	0.0501	0.0254	0.0247
38	78	0.0651	11	2	0	1	1	0	0	1	1	0	1	2	2	0	0	0	0	0	0	Y	N	N	N	Y	Y	N	N	N	N	N	N	N	N	N	N	N	N	0.0000	0.0000	0.0000	0.0000	0.0000	0.0000	0.0000	0.0000	0.0000	0.0000	0.0000	0.0000	0.0000	0.0000	0.0000	0.0000	0.0000	0.0000	0.0000	0.0000	0.0000	0.0000	0.0000	0.0003	0.0000	0.0000	0.0000		inf	0.0000	0.0000	3.1237	0.0000	0.5096	0.9988	0.0000	0.0000	0.0000	0.0000	0.0000	0.0000	0.0000	0.0000	0.0000	0.0000	0.0000	0.0000	0.0000	0.0000	0.0000	0.0000	0.0000	0.0000	0.0000	0.0000	0.0000	0.0000	0.0000	0.0000	0.0000	0.0000	0.0000	0.0079	0.0043	0.0036	0.0008	0.0007	0.0000	0.0071	0.0036	0.0036
38	79	0.0619	10	2	0	0	1	0	0	0	1	0	1	2	2	0	0	0	0	0	0	Y	N	N	N	Y	Y	N	N	N	N	N	N	N	N	N	N	N	N	0.0000	0.0000	0.0000	0.0000	0.0000	0.0000	0.0000	0.0000	0.0000	0.0000	0.0000	0.0000	0.0000	0.0000	0.0000	0.0000	0.0000	0.0000	0.0000	0.0000	0.0000	0.0001	0.0001	0.0000	0.0000	0.0000	0.0000		0.0283	0.0000	-0.0000	3.1237	0.0001	0.5096	1.0072	0.0000	0.0000	0.0000	0.0000	0.0000	0.0000	0.0000	0.0000	0.0000	0.0000	0.0000	0.0000	0.0000	0.0000	0.0000	0.0000	0.0000	0.0000	0.0000	0.0000	0.0000	0.0000	0.0000	0.0000	0.0000	0.0000	0.0000	0.0078	0.0042	0.0037	0.0007	0.0006	0.0000	0.0072	0.0035	0.0036
38	80	0.0522	9	2	0	0	1	0	0	0	1	0	1	2	2	0	0	0	0	0	0	Y	N	N	N	Y	Y	N	N	N	N	N	N	N	N	N	N	N	N	0.0000	0.0000	0.0000	0.0000	0.0000	0.0000	0.0000	0.0000	0.0000	0.0000	0.0000	0.0000	0.0000	0.0000	0.0000	0.0000	0.0000	0.0000	0.0021	0.0040	0.0000	0.0256	0.0273	0.0003	0.0000	0.0000	0.0000		0.0035	0.0000	-0.0000	3.1237	1.0058	0.5096	1.9973	0.0000	0.0000	0.0000	0.0000	0.0000	0.0000	0.0000	0.0000	0.0000	0.0000	0.0000	0.0000	0.0000	0.0000	0.0000	0.0000	0.0000	0.0000	0.0603	0.0541	0.0062	0.0130	0.0128	0.0002	0.0473	0.0413	0.0060	0.0232	0.0123	0.0109	0.0019	0.0018	0.0001	0.0213	0.0105	0.0107
38	81	0.0652	10	2	0	1	1	0	0	0	1	0	1	1	1	0	0	0	0	0	0	Y	N	N	N	N	N	N	N	N	N	N	N	N	N	N	N	N	N	3700.8648	2204.0003	0.0000	85.5796	83.4731	0.0000	46609192.8467	inf	0.0000	1.6626	1.8514	0.0000	0.5157	0.5215	0.0000	1.9607	2.2425	0.0000	0.0004	0.0008	0.0000	0.0060	0.0062	0.0000	0.0000	0.0000	0.0000	0.0000	0.0001	-0.1541	-0.0000	3.1237	7.0000	0.5096	2.0013	0.6676	0.6676	0.0000	0.0427	0.0427	0.0000	0.6249	0.6249	0.0000	0.0000	0.0000	0.0000	0.0000	0.0000	0.0000	0.0000	0.0000	0.0000	0.4016	0.3606	0.0410	0.0828	0.0819	0.0009	0.3187	0.2787	0.0400	0.0668	0.0357	0.0311	0.0050	0.0048	0.0002	0.0618	0.0309	0.0309
38	82	0.0652	9	2	0	1	1	1	0	1	1	0	1	1	1	0	0	0	0	0	0	Y	N	N	N	N	N	N	N	N	N	N	N	N	N	N	N	N	N	5712.3275	8099.9834	0.0000	944.5555	1391.9154	0.0000	16324.3688	inf	0.0000	1.1815	1.5782	0.0000	0.8840	1.2486	0.0000	1.7898	2.1518	0.0000	0.0002	0.0002	0.0002	0.0009	0.0009	0.0000	0.0001	0.0000	0.0002	0.0000	1.0000	-0.0001	-0.0000	3.1237	0.0005	0.5096	0.0029	0.0004	0.0004	0.0000	0.0002	0.0002	0.0000	0.0002	0.0002	0.0000	0.0000	0.0000	0.0000	0.0000	0.0000	0.0000	0.0000	0.0000	0.0000	0.0003	0.0002	0.0001	0.0002	0.0001	0.0001	0.0001	0.0001	0.0000	0.0000	0.0000	0.0000	0.0000	0.0000	0.0000	0.0000	0.0000	0.0000
38	83	0.0522	9	2	0	0	1	0	0	0	1	0	1	2	2	0	0	0	0	0	0	Y	N	N	N	Y	Y	N	N	N	N	N	N	N	N	N	N	N	N	0.0000	0.0000	0.0000	0.0000	0.0000	0.0000	0.0000	0.0000	0.0000	0.0000	0.0000	0.0000	0.0000	0.0000	0.0000	0.0000	0.0000	0.0000	0.0014	0.0026	0.0000	0.0170	0.0183	0.0000	0.0000	0.0000	0.0000		0.0047	0.0000	-0.0001	3.1237	5.0069	0.5096	6.0103	0.0000	0.0000	0.0000	0.0000	0.0000	0.0000	0.0000	0.0000	0.0000	0.0001	0.0001	0.0000	0.0001	0.0001	0.0000	0.0000	0.0000	0.0000	0.2911	0.2615	0.0296	0.0622	0.0613	0.0008	0.2290	0.2001	0.0288	0.0808	0.0430	0.0378	0.0065	0.0060	0.0004	0.0743	0.0370	0.0374
38	84	0.0457	8	2	0	0	1	0	0	0	1	1	2	2	2	0	0	0	0	0	0	Y	N	N	N	Y	Y	N	N	N	N	N	N	N	N	N	N	N	N	1.6152	1.5515	0.0007	1.1103	1.0613	0.0235	0.0004	0.0070	0.0000	0.0004	0.0005	0.0000	0.0021	0.0021	0.0000	0.0000	0.0000	0.0000	0.0003	0.0003	0.0002	0.0019	0.0020	0.0003	0.0001	0.0000	0.0002	0.0000	0.6146	-0.0000	-0.0000	3.1237	1.9932	0.5096	0.0278	0.0001	0.0001	0.0000	0.0001	0.0001	0.0000	0.0000	0.0000	0.0000	0.0000	0.0000	0.0000	0.0000	0.0000	0.0000	0.0000	0.0000	0.0000	0.1180	0.1059	0.0121	0.0243	0.0240	0.0003	0.0937	0.0819	0.0118	0.0161	0.0086	0.0075	0.0014	0.0013	0.0001	0.0147	0.0073	0.0074
38	85	0.0940	10	2	0	1	1	0	0	0	1	0	1	1	1	0	0	0	0	0	0	Y	N	N	N	N	N	N	N	N	N	N	N	N	N	N	N	N	N	1.6032	1.0576	0.0039	0.0174	0.0171	0.0025	574.6007	2563.5577	0.0000	0.0015	0.0017	0.0000	0.0001	0.0001	0.0000	0.0020	0.0022	0.0000	0.0010	0.0016	0.0000	0.0060	0.0062	0.0017	0.0000	0.0000	0.0000	0.0000	0.0171	-0.0002	-0.0001	3.1237	9.9670	0.5096	12.6920	0.0009	0.0009	0.0000	0.0000	0.0000	0.0000	0.0008	0.0008	0.0000	0.0002	0.0002	0.0000	0.0002	0.0002	0.0000	0.0000	0.0000	0.0000	0.5578	0.5019	0.0559	0.1283	0.1263	0.0020	0.4294	0.3755	0.0539	0.1772	0.1034	0.0738	0.0281	0.0267	0.0014	0.1491	0.0767	0.0724
38	86	0.0875	9	2	0	1	1	1	0	1	1	0	1	1	1	0	0	0	0	0	0	Y	N	N	N	N	N	N	N	N	N	N	N	N	N	N	N	N	N	2.2459	2.5102	0.0855	0.1710	0.2415	0.0009	30.9992	4771.7751	0.4316	0.0007	0.0007	0.0000	0.0002	0.0002	0.0000	0.0009	0.0010	0.0000	0.0003	0.0003	0.0003	0.0010	0.0007	0.0178	0.0000	0.0000	0.0001	0.0033	0.5308	-0.0000	-0.0000	3.1237	1.5419	0.5096	1.3342	0.0001	0.0001	0.0000	0.0000	0.0000	0.0000	0.0001	0.0001	0.0000	0.0000	0.0000	0.0000	0.0000	0.0000	0.0000	0.0000	0.0000	0.0000	0.1221	0.1120	0.0101	0.0358	0.0355	0.0003	0.0863	0.0766	0.0098	0.0386	0.0259	0.0127	0.0105	0.0103	0.0002	0.0281	0.0156	0.0125
38	87	0.1108	12	1	0	0	1	0	0	0	1	0	1	1	2	0	0	0	0	0	0	N	N	N	N	N	Y	N	N	N	N	N	N	N	N	N	N	N	N	0.0000	0.0000	0.0000	0.0000	0.0000	0.0000	0.0000	0.0000	0.0000	0.0000	0.0000	0.0000	0.0000	0.0000	0.0000	0.0000	0.0000	0.0000	0.0068	0.0105	0.0000	0.0072	0.0094	0.0000	0.0063	0.0125	0.0000		0.0000	0.0000	-0.0001	3.1237	0.9989	0.5096	0.5152	0.0000	0.0000	0.0000	0.0000	0.0000	0.0000	0.0000	0.0000	0.0000	0.0001	0.0001	0.0000	0.0001	0.0001	0.0000	0.0001	0.0001	0.0000	0.0585	0.0525	0.0059	0.0137	0.0134	0.0002	0.0448	0.0391	0.0057	0.0212	0.0137	0.0075	0.0115	0.0088	0.0027	0.0097	0.0049	0.0048
38	88	0.0814	11	1	0	0	1	0	0	0	1	0	2	1	2	0	0	0	0	0	0	N	N	N	N	N	Y	N	N	N	N	N	N	N	N	N	N	N	N	8.3645	5.3829	0.0000	9.3167	8.1645	0.0000	0.0994	0.0573	0.0000	0.0255	0.0287	0.0000	0.1070	0.1137	0.0000	0.0001	0.0001	0.0000	0.0031	0.0053	0.0000	0.0115	0.0139	0.0002	0.0007	0.0015	0.0000	0.0000	0.0028	-0.0021	-0.0001	3.1237	6.0209	0.5096	2.4875	0.0093	0.0093	0.0000	0.0093	0.0093	0.0000	0.0000	0.0000	0.0000	0.0002	0.0002	0.0000	0.0002	0.0002	0.0000	0.0000	0.0000	0.0000	0.3641	0.3245	0.0396	0.0868	0.0816	0.0052	0.2774	0.2429	0.0344	0.0729	0.0417	0.0312	0.0157	0.0129	0.0028	0.0572	0.0288	0.0284
38	90	0.1317	15	2	0	1	1	0	0	1	1	0	1	1	1	0	0	0	0	0	0	Y	N	N	N	N	N	N	N	N	N	N	N	N	N	N	N	N	N	0.0000	0.0000	0.0017	0.0000	0.0000	0.0012	0.0006	0.0000	0.0025	0.0000	0.0000	0.0000	0.0000	0.0000	0.0000	0.0000	0.0000	0.0000	0.0037	0.0065	0.0001	0.0214	0.0240	0.0008	0.0000	0.0000	0.0000	1.1053	0.0080	0.0000	-0.0002	3.1237	5.9354	0.5096	8.3561	0.0000	0.0000	0.0000	0.0000	0.0000	0.0000	0.0000	0.0000	0.0000	0.0004	0.0004	0.0000	0.0004	0.0004	0.0000	0.0000	0.0000	0.0000	0.3481	0.3130	0.0351	0.0834	0.0820	0.0013	0.2648	0.2310	0.0337	0.1073	0.0610	0.0463	0.0186	0.0165	0.0021	0.0887	0.0445	0.0442
38	91	0.1149	14	2	0	0	1	0	0	0	1	0	1	1	1	0	0	0	0	0	0	Y	N	N	N	N	N	N	N	N	N	N	N	N	N	N	N	N	N	0.0018	0.0014	0.0001	0.0023	0.0022	0.0028	0.0000	0.0000	0.0000	0.0000	0.0000	0.0000	0.0000	0.0000	0.0000	0.0000	0.0000	0.0000	0.0040	0.0054	0.0016	0.0132	0.0138	0.0021	0.0008	0.0000	0.0016	0.0029	0.1927	-0.0000	-0.0001	3.1237	1.5872	0.5096	4.4746	0.0000	0.0000	0.0000	0.0000	0.0000	0.0000	0.0000	0.0000	0.0000	0.0003	0.0002	0.0000	0.0002	0.0002	0.0000	0.0000	0.0000	0.0000	0.0938	0.0843	0.0095	0.0218	0.0214	0.0003	0.0721	0.0629	0.0092	0.0656	0.0401	0.0256	0.0167	0.0158	0.0009	0.0489	0.0243	0.0247
38	92	0.0523	7	2	0	0	2	0	0	0	2	0	1	2	2	0	0	0	0	0	0	Y	N	N	Y	Y	Y	N	N	N	N	N	N	N	N	N	N	N	N	0.0000	0.0000	0.0000	0.0000	0.0000	0.0000	0.0000	0.0000	0.0000	0.0000	0.0000	0.0000	0.0000	0.0000	0.0000	0.0000	0.0000	0.0000	0.0021	0.0041	0.0000	0.0282	0.0303	0.0000	0.0000	0.0000	0.0000	0.0000	0.0001	-0.0000	-0.0000	3.1237	1.0091	0.5096	1.9972	0.0000	0.0000	0.0000	0.0000	0.0000	0.0000	0.0000	0.0000	0.0000	0.0001	0.0001	0.0000	0.0001	0.0001	0.0000	0.0000	0.0000	0.0000	0.0600	0.0539	0.0061	0.0126	0.0125	0.0001	0.0474	0.0414	0.0060	0.0233	0.0123	0.0110	0.0018	0.0017	0.0001	0.0216	0.0107	0.0109
38	93	0.0360	6	2	0	0	1	0	0	0	1	0	2	2	2	0	0	0	0	0	0	Y	N	N	N	Y	Y	N	N	N	N	N	N	N	N	N	N	N	N	0.5163	0.3002	0.0000	0.1503	0.1507	0.0000	0.0000	0.0000	0.0000	0.0016	0.0018	0.0000	0.0079	0.0080	0.0000	0.0000	0.0000	0.0000	0.0031	0.0060	0.0000	0.0529	0.0533	0.0002	0.0000	0.0000	0.0000	0.0000	0.0000	-0.0000	-0.0001	3.1237	2.0083	0.5096	3.0031	0.0002	0.0002	0.0000	0.0002	0.0002	0.0000	0.0000	0.0000	0.0000	0.0001	0.0001	0.0000	0.0001	0.0001	0.0000	0.0000	0.0000	0.0000	0.1179	0.1057	0.0121	0.0239	0.0237	0.0002	0.0940	0.0821	0.0119	0.0384	0.0200	0.0184	0.0023	0.0023	0.0000	0.0362	0.0178	0.0184
38	94	0.0360	5	2	0	0	1	0	0	0	1	0	1	2	1	0	0	0	0	0	0	Y	N	N	N	Y	N	N	N	N	N	N	N	N	N	N	N	N	N	0.0000	0.0000	0.0000	0.0000	0.0000	0.0000	0.0000	0.0000	0.0000	0.0000	0.0000	0.0000	0.0000	0.0000	0.0000	0.0000	0.0000	0.0000	0.0030	0.0023	0.0044	0.0082	0.0051	0.8310	0.0008	0.0000	0.0017		1.0000	0.0000	-0.0000	3.1237	0.0000	0.5096	0.0002	0.0000	0.0000	0.0000	0.0000	0.0000	0.0000	0.0000	0.0000	0.0000	0.0000	0.0000	0.0000	0.0000	0.0000	0.0000	0.0000	0.0000	0.0000	0.0000	0.0000	0.0000	0.0000	0.0000	0.0000	0.0000	0.0000	0.0000	0.0000	0.0000	0.0000	0.0000	0.0000	0.0000	0.0000	0.0000	0.0000
38	95	0.0328	4	2	0	0	1	0	0	0	1	0	1	2	1	0	0	0	0	0	0	Y	N	N	N	Y	N	N	N	N	N	N	N	N	N	N	N	N	N	0.0000	0.0000	0.0000	0.0000	0.0000	0.0000	0.0000	0.0000	0.0000	0.0000	0.0000	0.0000	0.0000	0.0000	0.0000	0.0000	0.0000	0.0000	0.0000	0.0000	0.0000	0.0000	0.0000	0.0000	0.0000	0.0000	0.0000		0.0000	0.0000	-0.0000	3.1237	1.0000	0.5096	0.0001	0.0000	0.0000	0.0000	0.0000	0.0000	0.0000	0.0000	0.0000	0.0000	0.0000	0.0000	0.0000	0.0000	0.0000	0.0000	0.0000	0.0000	0.0000	0.0593	0.0532	0.0061	0.0119	0.0118	0.0001	0.0474	0.0414	0.0060	0.0078	0.0041	0.0038	0.0005	0.0005	0.0000	0.0074	0.0036	0.0038
38	99	0.0620	8	2	0	1	1	1	0	1	1	0	1	1	1	0	0	0	0	0	0	Y	N	N	N	N	N	N	N	N	N	N	N	N	N	N	N	N	N	365.2880	218.1645	0.0000	0.5910	0.5761	0.0000	inf	inf	0.0000	1.6962	1.8892	0.0000	0.0365	0.0368	0.0000	2.1265	2.4332	0.0000	0.0046	0.0087	0.0000	0.0617	0.0639	0.0000	0.0000	0.0000	0.0000	0.0000	0.0000	-0.1132	-0.0003	3.1237	5.0000	0.5096	11.0015	0.4903	0.4903	0.0000	0.0022	0.0022	0.0000	0.4881	0.4881	0.0000	0.0005	0.0005	0.0000	0.0005	0.0005	0.0000	0.0000	0.0000	0.0000	0.2891	0.2595	0.0295	0.0595	0.0589	0.0006	0.2295	0.2006	0.0289	0.1141	0.0612	0.0529	0.0086	0.0083	0.0003	0.1055	0.0529	0.0526
38	100	0.1429	18	2	0	1	1	0	0	0	1	0	1	1	1	0	0	0	0	0	0	Y	N	N	N	N	N	N	N	N	N	N	N	N	N	N	N	N	N	4734.8794	4127.3494	0.0000	15.8301	15.4889	0.0000	26530.5969	2023234.9471	0.0000	4.0969	4.5526	0.0000	0.0480	0.0498	0.0000	5.5573	6.3370	0.0000	0.0009	0.0011	0.0005	0.0030	0.0032	0.0015	0.0002	0.0000	0.0004	0.0000	0.2962	-0.1129	-0.0000	3.1237	2.0003	0.5096	3.6794	0.4892	0.4892	0.0000	0.0015	0.0015	0.0000	0.4877	0.4877	0.0000	0.0000	0.0000	0.0000	0.0000	0.0000	0.0000	0.0000	0.0000	0.0000	0.1194	0.1075	0.0120	0.0317	0.0305	0.0012	0.0878	0.0770	0.0108	0.0476	0.0288	0.0188	0.0111	0.0099	0.0012	0.0366	0.0190	0.0176
38	101	0.1322	17	2	0	1	1	1	0	1	1	0	1	1	1	0	0	0	0	0	0	Y	N	N	N	N	N	N	N	N	N	N	N	N	N	N	N	N	N	3.4095	3.0796	0.0000	0.0063	0.0057	0.0000	17.0532	40368.3637	0.0000	0.0227	0.0254	0.0000	0.0002	0.0002	0.0000	0.0398	0.0481	0.0000	0.0067	0.0083	0.0045	0.0262	0.0296	0.0002	0.0023	0.0000	0.0047	0.0000	0.4029	-0.0000	-0.0001	3.1237	0.0087	0.5096	3.3708	0.0000	0.0000	0.0000	0.0000	0.0000	0.0000	0.0000	0.0000	0.0000	0.0002	0.0001	0.0000	0.0001	0.0001	0.0000	0.0000	0.0000	0.0000	0.0015	0.0013	0.0002	0.0006	0.0006	0.0000	0.0009	0.0007	0.0001	0.0261	0.0150	0.0111	0.0047	0.0042	0.0006	0.0214	0.0108	0.0105
38	106	0.0457	8	2	0	1	1	0	0	1	1	0	1	1	1	0	0	0	0	0	0	Y	N	N	N	N	N	N	N	N	N	N	N	N	N	N	N	N	N	452.7360	267.3551	0.0000	6.7761	6.3908	0.0000	7722551.1341	5243693.6847	0.0000	6.5561	7.3053	0.0000	1.2370	1.2506	0.0000	7.9325	9.0788	0.0000	0.0145	0.0273	0.0000	0.1826	0.1957	0.0000	0.0000	0.0000	0.0000	0.0000	0.0000	-0.2673	-0.0005	3.1237	3.0043	0.5096	5.0032	1.1581	1.1581	0.0000	0.0449	0.0449	0.0000	1.1132	1.1132	0.0000	0.0009	0.0009	0.0000	0.0009	0.0009	0.0000	0.0000	0.0000	0.0000	0.1766	0.1585	0.0181	0.0363	0.0359	0.0004	0.1403	0.1226	0.0177	0.0608	0.0322	0.0286	0.0048	0.0045	0.0003	0.0560	0.0277	0.0283
38	107	0.0392	7	2	0	0	1	0	0	0	1	0	1	1	1	0	0	0	0	0	0	Y	N	N	N	N	N	N	N	N	N	N	N	N	N	N	N	N	N	0.2612	0.1526	0.0000	0.0639	0.0641	0.0000	1269.3957	inf	0.0000	0.0049	0.0054	0.0000	0.0199	0.0201	0.0000	0.0010	0.0011	0.0000	0.0186	0.0356	0.0000	0.3122	0.3146	0.0081	0.0000	0.0000	0.0000	0.0000	0.0002	-0.0001	-0.0002	3.1237	1.0015	0.5096	0.9989	0.0003	0.0003	0.0000	0.0002	0.0002	0.0000	0.0000	0.0000	0.0000	0.0003	0.0003	0.0000	0.0003	0.0003	0.0000	0.0000	0.0000	0.0000	0.0595	0.0534	0.0061	0.0121	0.0120	0.0001	0.0474	0.0414	0.0060	0.0156	0.0081	0.0074	0.0009	0.0009	0.0000	0.0146	0.0072	0.0074
38	108	0.0360	6	2	0	0	1	0	0	0	1	0	1	1	1	0	0	0	0	0	0	Y	N	N	N	N	N	N	N	N	N	N	N	N	N	N	N	N	N	0.0512	0.0180	0.5601	0.0081	0.0091	0.0000	0.2395	0.0000	0.9587	0.0000	0.0000	0.0000	0.0000	0.0000	0.0000	0.0000	0.0000	0.0000	0.0000	0.0000	0.0000	0.0002	0.0002	0.0024	0.0000	0.0000	0.0000	1.1429	0.2921	0.0000	-0.0000	3.1237	1.0004	0.5096	0.0020	0.0000	0.0000	0.0000	0.0000	0.0000	0.0000	0.0000	0.0000	0.0000	0.0000	0.0000	0.0000	0.0000	0.0000	0.0000	0.0000	0.0000	0.0000	0.0593	0.0532	0.0061	0.0121	0.0119	0.0001	0.0472	0.0413	0.0060	0.0078	0.0041	0.0037	0.0005	0.0005	0.0000	0.0074	0.0036	0.0037
38	110	0.1374	15	2	0	1	1	0	0	0	1	0	1	1	1	0	0	0	0	0	0	Y	N	N	N	N	N	N	N	N	N	N	N	N	N	N	N	N	N	0.0006	0.0006	0.0000	0.0005	0.0005	0.0000	0.0000	0.0000	0.0000	0.0000	0.0000	0.0000	0.0000	0.0000	0.0000	0.0000	0.0000	0.0000	0.0035	0.0041	0.0027	0.0193	0.0179	0.0279	0.0007	0.0000	0.0014	0.0000	0.4996	-0.0000	-0.0001	3.1237	7.0195	0.5096	5.1243	0.0000	0.0000	0.0000	0.0000	0.0000	0.0000	0.0000	0.0000	0.0000	0.0003	0.0002	0.0001	0.0003	0.0002	0.0001	0.0001	0.0000	0.0001	0.3962	0.3564	0.0398	0.0929	0.0915	0.0015	0.3033	0.2650	0.0383	0.0894	0.0506	0.0388	0.0136	0.0117	0.0019	0.0759	0.0389	0.0369
38	111	0.1149	14	2	0	1	1	0	0	1	1	0	1	1	1	0	0	0	0	0	0	Y	N	N	N	N	N	N	N	N	N	N	N	N	N	N	N	N	N	0.0047	0.0199	0.0019	0.0085	0.0320	0.0034	0.0000	0.0000	0.0000	0.0000	0.0000	0.0000	0.0001	0.0001	0.0003	0.0000	0.0000	0.0000	0.0027	0.0006	0.0059	0.0065	0.0016	0.0978	0.0013	0.0000	0.0026	0.1004	5.7788	-0.0000	0.0000	3.1237	2.0281	0.5096	3.4706	0.0000	0.0000	0.0000	0.0000	0.0000	0.0000	0.0000	0.0000	0.0000	0.0002	0.0000	0.0001	0.0001	0.0000	0.0001	0.0001	0.0000	0.0001	0.1194	0.1073	0.0121	0.0276	0.0272	0.0004	0.0918	0.0801	0.0117	0.0618	0.0379	0.0239	0.0162	0.0154	0.0008	0.0455	0.0225	0.0230
38	112	0.1014	13	2	0	0	1	1	0	0	1	0	1	1	1	0	0	0	0	0	0	Y	N	N	N	N	N	N	N	N	N	N	N	N	N	N	N	N	N	0.5161	0.7079	0.0000	0.7970	1.1975	0.0000	0.0000	0.0000	0.0000	0.0011	0.0012	0.0000	0.0048	0.0049	0.0000	0.0000	0.0000	0.0000	0.0021	0.0017	0.0027	0.0060	0.0041	0.0456	0.0006	0.0000	0.0012	0.0000	0.9896	-0.0000	-0.0000	3.1237	3.0209	0.5096	2.2550	0.0002	0.0002	0.0000	0.0002	0.0002	0.0000	0.0000	0.0000	0.0000	0.0001	0.0001	0.0001	0.0001	0.0001	0.0000	0.0000	0.0000	0.0000	0.1791	0.1609	0.0182	0.0397	0.0392	0.0006	0.1393	0.1217	0.0177	0.0619	0.0383	0.0235	0.0165	0.0158	0.0008	0.0453	0.0226	0.0228
38	120	0.0918	14	1	0	1	1	0	0	0	1	0	1	2	1	0	0	0	0	0	0	N	N	N	N	Y	N	N	N	N	N	N	N	N	N	N	N	N	N	0.0000	0.0000	0.0000	0.0000	0.0000	0.0000	0.0000	0.0000	0.0000	0.0000	0.0000	0.0000	0.0000	0.0000	0.0000	0.0000	0.0000	0.0000	0.0000	0.0000	0.0000	0.0000	0.0000	0.0000	0.0000	0.0000	0.0000			0.0000	0.0000	3.1237	2.9998	0.5096	1.0000	0.0000	0.0000	0.0000	0.0000	0.0000	0.0000	0.0000	0.0000	0.0000	0.0000	0.0000	0.0000	0.0000	0.0000	0.0000	0.0000	0.0000	0.0000	0.1746	0.1570	0.0176	0.0425	0.0410	0.0015	0.1322	0.1160	0.0162	0.0300	0.0161	0.0139	0.0025	0.0023	0.0001	0.0276	0.0138	0.0138
38	121	0.0918	13	1	0	1	1	0	0	0	1	1	1	2	1	0	0	0	0	0	0	N	N	N	N	Y	N	N	N	N	N	N	N	N	N	N	N	N	N	0.0000	0.0000	0.0000	0.0000	0.0000	0.0000	0.0000	0.0000	0.0000	0.0000	0.0000	0.0000	0.0000	0.0000	0.0000	0.0000	0.0000	0.0000	0.0004	0.0004	0.0003	0.0007	0.0008	0.0000	0.0002	0.0000	0.0003		0.8232	0.0000	-0.0000	3.1237	0.0006	0.5096	0.0007	0.0000	0.0000	0.0000	0.0000	0.0000	0.0000	0.0000	0.0000	0.0000	0.0000	0.0000	0.0000	0.0000	0.0000	0.0000	0.0000	0.0000	0.0000	0.0000	0.0000	0.0000	0.0000	0.0000	0.0000	0.0000	0.0000	0.0000	0.0000	0.0000	0.0000	0.0000	0.0000	0.0000	0.0000	0.0000	0.0000
38	126	0.0950	14	2	0	1	1	0	0	0	1	0	1	1	1	0	0	0	0	0	0	Y	N	N	N	N	N	N	N	N	N	N	N	N	N	N	N	N	N	0.0000	0.0000	0.0000	0.0000	0.0000	0.0000	0.0000	0.0000	0.0000	0.0000	0.0000	0.0000	0.0000	0.0000	0.0000	0.0000	0.0000	0.0000	0.0039	0.0073	0.0000	0.0466	0.0492	0.0000	0.0000	0.0000	0.0000		0.0003	0.0000	-0.0001	3.1237	1.0002	0.5096	2.0058	0.0000	0.0000	0.0000	0.0000	0.0000	0.0000	0.0000	0.0000	0.0000	0.0001	0.0001	0.0000	0.0001	0.0001	0.0000	0.0000	0.0000	0.0000	0.0589	0.0530	0.0060	0.0143	0.0138	0.0005	0.0446	0.0391	0.0055	0.0228	0.0122	0.0106	0.0019	0.0018	0.0001	0.0209	0.0104	0.0105
38	127	0.0984	14	1	0	0	1	0	0	0	1	0	2	1	2	0	0	0	0	0	0	N	N	N	N	N	Y	N	N	N	N	N	N	N	N	N	N	N	N	0.0000	0.0000	0.0000	0.0000	0.0000	0.0000	0.0000	0.0000	0.0000	0.0000	0.0000	0.0000	0.0000	0.0000	0.0000	0.0000	0.0000	0.0000	0.0009	0.0016	0.0000	0.0103	0.0110	0.0000	0.0000	0.0000	0.0000		0.0000	0.0000	-0.0000	3.1237	1.0000	0.5096	2.0000	0.0000	0.0000	0.0000	0.0000	0.0000	0.0000	0.0000	0.0000	0.0000	0.0000	0.0000	0.0000	0.0000	0.0000	0.0000	0.0000	0.0000	0.0000	0.0588	0.0529	0.0060	0.0143	0.0139	0.0005	0.0445	0.0390	0.0055	0.0226	0.0122	0.0105	0.0019	0.0018	0.0001	0.0207	0.0103	0.0104
38	128	0.0984	13	1	0	0	1	0	0	0	1	0	2	1	2	0	0	0	0	0	0	N	N	N	N	N	Y	N	N	N	N	N	N	N	N	N	N	N	N	0.0000	0.0000	0.0000	0.0000	0.0000	0.0000	0.0000	0.0000	0.0000	0.0000	0.0000	0.0000	0.0000	0.0000	0.0000	0.0000	0.0000	0.0000	0.0024	0.0045	0.0000	0.0279	0.0300	0.0000	0.0000	0.0000	0.0000		0.0000	0.0000	-0.0001	3.1237	3.0000	0.5096	2.0000	0.0000	0.0000	0.0000	0.0000	0.0000	0.0000	0.0000	0.0000	0.0000	0.0001	0.0001	0.0000	0.0001	0.0001	0.0000	0.0000	0.0000	0.0000	0.1744	0.1568	0.0176	0.0426	0.0411	0.0015	0.1318	0.1157	0.0161	0.0374	0.0201	0.0173	0.0032	0.0030	0.0002	0.0341	0.0171	0.0171
38	129	0.1016	15	1	0	0	1	0	0	0	1	0	2	1	2	0	0	0	0	0	0	N	N	N	N	N	Y	N	N	N	N	N	N	N	N	N	N	N	N	0.0000	0.0000	0.0000	0.0000	0.0000	0.0000	0.0000	0.0000	0.0000	0.0000	0.0000	0.0000	0.0000	0.0000	0.0000	0.0000	0.0000	0.0000	0.0000	0.0000	0.0000	0.0000	0.0000	0.0000	0.0000	0.0000	0.0000			0.0000	0.0000	3.1237	2.0004	0.5096	1.0045	0.0000	0.0000	0.0000	0.0000	0.0000	0.0000	0.0000	0.0000	0.0000	0.0000	0.0000	0.0000	0.0000	0.0000	0.0000	0.0000	0.0000	0.0000	0.1169	0.1051	0.0118	0.0286	0.0276	0.0010	0.0883	0.0774	0.0108	0.0227	0.0122	0.0105	0.0020	0.0018	0.0001	0.0207	0.0103	0.0104
38	133	0.1154	11	2	0	1	1	0	0	0	1	0	1	2	1	0	0	0	0	0	0	Y	N	N	N	Y	N	N	N	N	N	N	N	N	N	N	N	N	N	0.0000	0.0000	0.0000	0.0000	0.0000	0.0000	0.0000	0.0000	0.0000	0.0000	0.0000	0.0000	0.0000	0.0000	0.0000	0.0000	0.0000	0.0000	0.0012	0.0018	0.0000	0.0033	0.0033	0.0000	0.0000	0.0000	0.0000		0.0000	0.0000	-0.0000	3.1237	0.0000	0.5096	0.0001	0.0000	0.0000	0.0000	0.0000	0.0000	0.0000	0.0000	0.0000	0.0000	0.0000	0.0000	0.0000	0.0000	0.0000	0.0000	0.0000	0.0000	0.0000	0.0000	0.0000	0.0000	0.0000	0.0000	0.0000	0.0000	0.0000	0.0000	0.0000	0.0000	0.0000	0.0000	0.0000	0.0000	0.0000	0.0000	0.0000
38	134	0.0754	10	2	0	1	1	1	0	1	1	1	1	2	1	0	0	0	0	0	0	Y	N	N	N	Y	N	N	N	N	N	N	N	N	N	N	N	N	N	1737.2655	1042.7717	0.0000	2.0422	2.0640	0.0000	47253104.6546	inf	0.0000	2.0787	2.3162	0.0000	0.0263	0.0273	0.0000	2.6952	3.0708	0.0000	0.0012	0.0022	0.0000	0.0129	0.0132	0.0006	0.0000	0.0000	0.0000	0.0000	0.0013	-0.1132	-0.0001	3.1237	4.0005	0.5096	6.9251	0.4905	0.4905	0.0000	0.0014	0.0014	0.0000	0.4891	0.4891	0.0000	0.0001	0.0001	0.0000	0.0001	0.0001	0.0000	0.0000	0.0000	0.0000	0.2360	0.2118	0.0242	0.0545	0.0525	0.0020	0.1815	0.1593	0.0222	0.0831	0.0447	0.0384	0.0077	0.0075	0.0002	0.0754	0.0372	0.0382
38	135	0.1079	15	2	0	1	1	0	0	0	1	0	1	2	1	0	0	0	0	0	0	Y	N	N	N	Y	N	N	N	N	N	N	N	N	N	N	N	N	N	0.0000	0.0000	0.0000	0.0000	0.0000	0.0000	0.0000	0.0000	0.0000	0.0000	0.0000	0.0000	0.0000	0.0000	0.0000	0.0000	0.0000	0.0000	0.0000	0.0000	0.0000	0.0001	0.0001	0.0000	0.0000	0.0000	0.0000		0.0152	0.0000	-0.0000	3.1237	0.9923	0.5096	0.0060	0.0000	0.0000	0.0000	0.0000	0.0000	0.0000	0.0000	0.0000	0.0000	0.0000	0.0000	0.0000	0.0000	0.0000	0.0000	0.0000	0.0000	0.0000	0.0590	0.0530	0.0059	0.0148	0.0143	0.0005	0.0441	0.0387	0.0054	0.0074	0.0040	0.0033	0.0008	0.0007	0.0000	0.0066	0.0033	0.0033
38	136	0.0950	14	2	0	1	1	0	0	0	1	1	1	2	1	0	0	0	0	0	0	Y	N	N	N	Y	N	N	N	N	N	N	N	N	N	N	N	N	N	0.0000	0.0000	0.0000	0.0000	0.0000	0.0000	0.0000	0.0000	0.0000	0.0000	0.0000	0.0000	0.0000	0.0000	0.0000	0.0000	0.0000	0.0000	0.0003	0.0006	0.0000	0.0039	0.0042	0.0001	0.0000	0.0000	0.0000		0.0217	0.0000	-0.0000	3.1237	2.0106	0.5096	2.0023	0.0000	0.0000	0.0000	0.0000	0.0000	0.0000	0.0000	0.0000	0.0000	0.0000	0.0000	0.0000	0.0000	0.0000	0.0000	0.0000	0.0000	0.0000	0.1173	0.1055	0.0119	0.0285	0.0275	0.0010	0.0888	0.0779	0.0109	0.0302	0.0162	0.0140	0.0025	0.0024	0.0001	0.0276	0.0138	0.0138
38	137	0.0918	13	2	0	1	1	1	0	0	1	0	1	1	1	0	0	0	0	0	0	Y	N	N	N	N	N	N	N	N	N	N	N	N	N	N	N	N	N	0.0000	0.0000	0.0000	0.0000	0.0000	0.0000	0.0000	0.0000	0.0000	0.0000	0.0000	0.0000	0.0000	0.0000	0.0000	0.0000	0.0000	0.0000	0.0000	0.0000	0.0000	0.0003	0.0003	0.0000	0.0000	0.0000	0.0000		0.0154	0.0000	-0.0000	3.1237	0.0008	0.5096	1.0019	0.0000	0.0000	0.0000	0.0000	0.0000	0.0000	0.0000	0.0000	0.0000	0.0000	0.0000	0.0000	0.0000	0.0000	0.0000	0.0000	0.0000	0.0000	0.0001	0.0000	0.0000	0.0000	0.0000	0.0000	0.0000	0.0000	0.0000	0.0077	0.0041	0.0036	0.0006	0.0006	0.0000	0.0070	0.0035	0.0035
39	43	0.1588	19	2	0	1	1	1	0	1	1	0	1	1	1	0	0	0	0	0	0	Y	N	N	N	N	N	N	N	N	N	N	N	N	N	N	N	N	N	inf	inf	0.0000	0.0000	0.0000	0.0000	inf	inf	0.0000	4.3623	4.8780	0.0000	0.0000	0.0000	0.0000	5.2045	5.9242	0.0000	0.0000	0.0000	0.0000	0.0000	0.0000	0.0000	0.0000	0.0000	0.0000	0.0000		-0.2308	0.0000	5.0102	2.9999	6.9613	0.9999	0.9999	0.9999	0.0000	0.0000	0.0000	0.0000	0.9999	0.9999	0.0000	0.0000	0.0000	0.0000	0.0000	0.0000	0.0000	0.0000	0.0000	0.0000	0.2292	0.2050	0.0242	0.0371	0.0362	0.0009	0.1921	0.1688	0.0233	0.0865	0.0455	0.0410	0.0117	0.0094	0.0023	0.0748	0.0360	0.0388
39	44	0.1539	18	2	0	1	0	1	0	1	0	0	0	1	0	0	0	0	0	0	0	Y	N	N	N	N	N	N	N	N	N	N	N	N	N	N	N	N	N	0.7303	0.6574	0.0000	0.0000	0.0000	0.0000	0.6861	0.5744	0.0000	0.0010	0.0012	0.0000	0.0000	0.0000	0.0000	0.0011	0.0013	0.0000	0.0014	0.0018	0.0010	0.0000	0.0000	0.0000	0.0016	0.0022	0.0011	0.0000	0.5052	-0.0000	-0.0000	5.0102	1.0020	6.9613	0.0022	0.0001	0.0001	0.0000	0.0000	0.0000	0.0000	0.0001	0.0001	0.0000	0.0000	0.0000	0.0000	0.0000	0.0000	0.0000	0.0000	0.0000	0.0000	0.0579	0.0508	0.0072	0.0038	0.0035	0.0002	0.0542	0.0472	0.0069	0.0213	0.0111	0.0101	0.0026	0.0021	0.0005	0.0187	0.0091	0.0096
39	45	0.1539	18	2	0	1	0	1	0	1	0	0	0	1	1	0	0	0	0	0	0	Y	N	N	N	N	N	N	N	N	N	N	N	N	N	N	N	N	N	0.0000	0.0000	0.0000	0.0000	0.0000	0.0000	0.0000	0.0000	0.0000	0.0000	0.0000	0.0000	0.0000	0.0000	0.0000	0.0000	0.0000	0.0000	0.0000	0.0000	0.0000	0.0000	0.0000	0.0000	0.0000	0.0000	0.0000			0.0000	0.0000	5.0102	4.0000	6.9613	1.0000	0.0000	0.0000	0.0000	0.0000	0.0000	0.0000	0.0000	0.0000	0.0000	0.0000	0.0000	0.0000	0.0000	0.0000	0.0000	0.0000	0.0000	0.0000	0.2267	0.1987	0.0280	0.0146	0.0136	0.0010	0.2122	0.1852	0.0270	0.1037	0.0544	0.0493	0.0126	0.0101	0.0024	0.0911	0.0442	0.0468
39	46	0.1076	7	2	0	1	0	1	0	1	0	0	1	0	1	0	0	0	0	0	0	Y	N	N	N	N	N	N	N	N	N	N	N	N	N	N	N	N	N	inf	0.0000	inf	inf	0.0000	inf	inf	0.0000	inf	0.0219	0.0000	0.1807	0.0572	0.0000	1.0137	0.0004	0.0000	0.0024	0.0000	0.0000	0.0000	0.0000	0.0000	0.0000	0.0000	0.0000	0.0000	inf		0.0000	0.0000	5.0102	0.0007	6.9613	1.0103	0.0000	0.0000	0.0000	0.0000	0.0000	0.0000	0.0000	0.0000	0.0000	0.0000	0.0000	0.0000	0.0000	0.0000	0.0000	0.0000	0.0000	0.0000	0.0001	0.0001	0.0000	0.0001	0.0001	0.0000	0.0001	0.0001	0.0000	0.0615	0.0443	0.0172	0.0212	0.0207	0.0005	0.0403	0.0236	0.0167
39	47	0.0726	6	2	0	1	0	2	0	1	0	0	0	0	0	0	0	0	0	0	0	Y	N	N	N	N	N	N	N	N	N	N	N	N	N	N	N	N	N	49.2928	0.0000	301.2493	395.0693	0.0000	112448.6058	0.6375	0.0000	3.2721	0.0222	0.0000	0.1821	0.4491	0.0000	10.4372	0.0003	0.0000	0.0020	0.0004	0.0003	0.0006	0.0011	0.0012	0.0001	0.0004	0.0002	0.0006	inf	1.7286	0.0071	0.0000	5.0102	6.8097	6.9613	3.8431	0.0093	0.0000	0.0093	0.0092	0.0000	0.0092	0.0001	0.0000	0.0001	0.0001	0.0000	0.0001	0.0000	0.0000	0.0000	0.0001	0.0000	0.0001	0.4175	0.3667	0.0508	0.0204	0.0195	0.0009	0.3971	0.3471	0.0499	0.2460	0.1300	0.1160	0.0182	0.0166	0.0016	0.2278	0.1134	0.1144
39	49	0.1335	9	2	0	1	0	1	0	1	0	0	0	0	0	0	0	0	0	0	0	Y	N	N	N	N	N	N	N	N	N	N	N	N	N	N	N	N	N	0.0069	0.0082	0.0008	0.0329	0.0306	9.1521	0.0044	0.0051	0.0000	0.0001	0.0001	0.0000	0.0003	0.0003	0.0004	0.0001	0.0001	0.0000	0.0191	0.0181	0.0208	0.0078	0.0083	0.0000	0.0217	0.0220	0.0215	0.0140	0.7142	-0.0000	-0.0003	5.0102	1.6285	6.9613	1.0381	0.0000	0.0000	0.0000	0.0000	0.0000	0.0000	0.0000	0.0000	0.0000	0.0014	0.0008	0.0006	0.0001	0.0001	0.0000	0.0013	0.0007	0.0006	0.1339	0.1184	0.0156	0.0300	0.0294	0.0006	0.1040	0.0890	0.0150	0.0752	0.0464	0.0287	0.0140	0.0132	0.0008	0.0611	0.0332	0.0279
39	53	0.1702	19	2	0	1	0	1	0	1	0	0	0	1	1	0	0	0	0	0	0	Y	N	N	N	N	N	N	N	N	N	N	N	N	N	N	N	N	N	102095.7482	63211.9676	0.0000	252.2162	220.3124	0.0000	inf	inf	0.0000	0.0190	0.0217	0.0000	0.0003	0.0004	0.0000	0.0206	0.0237	0.0000	0.0000	0.0000	0.0000	0.0000	0.0000	0.0000	0.0000	0.0000	0.0000	0.0000	0.0256	-0.0003	-0.0000	5.0102	0.9921	6.9613	0.0076	0.0011	0.0011	0.0000	0.0000	0.0000	0.0000	0.0011	0.0011	0.0000	0.0000	0.0000	0.0000	0.0000	0.0000	0.0000	0.0000	0.0000	0.0000	0.0575	0.0504	0.0070	0.0047	0.0044	0.0003	0.0528	0.0460	0.0068	0.0215	0.0114	0.0101	0.0030	0.0024	0.0006	0.0185	0.0090	0.0095
39	60	0.1539	18	2	0	1	0	1	0	1	0	0	0	1	1	0	0	0	0	0	0	Y	N	N	N	N	N	N	N	N	N	N	N	N	N	N	N	N	N	114.6834	68.7076	0.0000	217.0356	187.2057	0.0000	0.0000	0.0000	0.0000	0.0126	0.0143	0.0000	0.1960	0.2099	0.0000	0.0000	0.0000	0.0000	0.0001	0.0002	0.0000	0.0009	0.0011	0.0000	0.0000	0.0000	0.0000	0.0000	0.0000	-0.0003	-0.0000	5.0102	2.0000	6.9613	7.0000	0.0014	0.0014	0.0000	0.0014	0.0014	0.0000	0.0000	0.0000	0.0000	0.0000	0.0000	0.0000	0.0000	0.0000	0.0000	0.0000	0.0000	0.0000	0.1147	0.1005	0.0142	0.0073	0.0069	0.0005	0.1074	0.0937	0.0137	0.1827	0.0959	0.0868	0.0222	0.0178	0.0043	0.1606	0.0781	0.0825
39	61	0.1539	17	2	0	1	0	1	0	1	0	0	1	1	1	0	0	0	0	0	0	Y	N	N	N	N	N	N	N	N	N	N	N	N	N	N	N	N	N	0.0000	0.0000	0.0000	0.0000	0.0000	0.0000	0.0000	0.0000	0.0000	0.0000	0.0000	0.0000	0.0000	0.0000	0.0000	0.0000	0.0000	0.0000	0.0000	0.0000	0.0000	0.0000	0.0000	0.0000	0.0000	0.0000	0.0000			0.0000	0.0000	5.0102	0.0000	6.9613	0.0000	0.0000	0.0000	0.0000	0.0000	0.0000	0.0000	0.0000	0.0000	0.0000	0.0000	0.0000	0.0000	0.0000	0.0000	0.0000	0.0000	0.0000	0.0000	0.0000	0.0000	0.0000	0.0000	0.0000	0.0000	0.0000	0.0000	0.0000	0.0000	0.0000	0.0000	0.0000	0.0000	0.0000	0.0000	0.0000	0.0000
39	68	0.1335	9	2	0	1	0	1	0	1	0	0	1	0	1	0	0	0	0	0	0	Y	N	N	N	N	N	N	N	N	N	N	N	N	N	N	N	N	N	88.6120	56.2304	0.0000	45.1817	41.1141	0.0000	13700.7120	inf	0.0000	0.0757	0.0856	0.0000	0.3175	0.3233	0.0000	0.0011	0.0013	0.0000	0.0009	0.0015	0.0000	0.0070	0.0079	0.0000	0.0000	0.0000	0.0000	0.0000	0.0001	-0.0021	-0.0001	5.0102	1.4193	6.9613	5.2011	0.0093	0.0093	0.0000	0.0092	0.0092	0.0000	0.0001	0.0001	0.0000	0.0001	0.0001	0.0000	0.0001	0.0001	0.0000	0.0000	0.0000	0.0000	0.1222	0.1081	0.0141	0.0288	0.0283	0.0005	0.0934	0.0798	0.0136	0.1516	0.0851	0.0665	0.0184	0.0165	0.0020	0.1331	0.0686	0.0646
39	69	0.0834	8	2	0	1	0	2	0	1	0	0	0	0	0	0	0	0	0	0	0	Y	N	N	N	N	N	N	N	N	N	N	N	N	N	N	N	N	N	9.9579	13.9403	0.0028	124.9511	114.3663	9.0259	0.0008	0.0012	0.0000	0.0043	0.0049	0.0000	0.0793	0.0841	0.0001	0.0000	0.0000	0.0000	0.0004	0.0004	0.0005	0.0006	0.0007	0.0000	0.0004	0.0003	0.0005	0.0000	1.3951	-0.0005	-0.0000	5.0102	9.3928	6.9613	3.6523	0.0024	0.0024	0.0000	0.0024	0.0024	0.0000	0.0000	0.0000	0.0000	0.0001	0.0001	0.0001	0.0000	0.0000	0.0000	0.0001	0.0000	0.0001	0.5436	0.4779	0.0657	0.0297	0.0280	0.0017	0.5140	0.4499	0.0640	0.2771	0.1424	0.1347	0.0163	0.0141	0.0023	0.2608	0.1283	0.1324
39	74	0.1539	18	2	0	1	0	1	0	1	0	0	0	1	0	0	0	0	0	0	0	Y	N	N	N	N	N	N	N	N	N	N	N	N	N	N	N	N	N	0.0000	0.0000	0.0000	0.0000	0.0000	0.0000	0.0000	0.0000	0.0000	0.0000	0.0000	0.0000	0.0000	0.0000	0.0000	0.0000	0.0000	0.0000	0.0006	0.0012	0.0000	0.0050	0.0062	0.0000	0.0000	0.0000	0.0000		0.0000	0.0000	-0.0000	5.0102	3.9277	6.9613	0.5227	0.0000	0.0000	0.0000	0.0000	0.0000	0.0000	0.0000	0.0000	0.0000	0.0001	0.0001	0.0000	0.0001	0.0001	0.0000	0.0000	0.0000	0.0000	0.2228	0.1953	0.0275	0.0144	0.0134	0.0009	0.2085	0.1819	0.0265	0.0925	0.0485	0.0440	0.0112	0.0090	0.0022	0.0813	0.0395	0.0418
39	75	0.1539	17	2	0	1	0	1	0	1	0	0	0	1	0	0	0	0	0	0	0	Y	N	N	N	N	N	N	N	N	N	N	N	N	N	N	N	N	N	0.0000	0.0000	0.0000	0.0000	0.0000	0.0000	0.0000	0.0000	0.0000	0.0000	0.0000	0.0000	0.0000	0.0000	0.0000	0.0000	0.0000	0.0000	0.0000	0.0000	0.0000	0.0000	0.0000	0.0000	0.0000	0.0000	0.0000			0.0000	0.0000	5.0102	0.0009	6.9613	0.0000	0.0000	0.0000	0.0000	0.0000	0.0000	0.0000	0.0000	0.0000	0.0000	0.0000	0.0000	0.0000	0.0000	0.0000	0.0000	0.0000	0.0000	0.0000	0.0001	0.0000	0.0000	0.0000	0.0000	0.0000	0.0000	0.0000	0.0000	0.0000	0.0000	0.0000	0.0000	0.0000	0.0000	0.0000	0.0000	0.0000
39	76	0.1507	16	2	0	1	0	1	0	1	0	0	0	1	0	0	0	0	0	0	0	Y	N	N	N	N	N	N	N	N	N	N	N	N	N	N	N	N	N	0.0000	0.0000	0.0000	0.0000	0.0000	0.0000	0.0000	0.0000	0.0000	0.0000	0.0000	0.0000	0.0000	0.0000	0.0000	0.0000	0.0000	0.0000	0.0000	0.0000	0.0000	0.0000	0.0000	0.0000	0.0000	0.0000	0.0000			0.0000	0.0000	5.0102	1.0000	6.9613	0.0000	0.0000	0.0000	0.0000	0.0000	0.0000	0.0000	0.0000	0.0000	0.0000	0.0000	0.0000	0.0000	0.0000	0.0000	0.0000	0.0000	0.0000	0.0000	0.0578	0.0506	0.0072	0.0036	0.0034	0.0002	0.0541	0.0472	0.0069	0.0212	0.0111	0.0101	0.0026	0.0021	0.0005	0.0187	0.0091	0.0096
39	77	0.1063	9	2	0	1	0	2	0	1	0	0	0	0	0	0	0	0	0	0	0	Y	N	N	N	N	N	N	N	N	N	N	N	N	N	N	N	N	N	0.0000	0.0000	0.0000	0.0000	0.0000	0.0000	0.0000	0.0000	0.0000	0.0000	0.0000	0.0000	0.0000	0.0000	0.0000	0.0000	0.0000	0.0000	0.0000	0.0000	0.0000	0.0000	0.0000	0.0000	0.0000	0.0000	0.0000			0.0000	0.0000	5.0102	3.3326	6.9613	4.0108	0.0000	0.0000	0.0000	0.0000	0.0000	0.0000	0.0000	0.0000	0.0000	0.0000	0.0000	0.0000	0.0000	0.0000	0.0000	0.0000	0.0000	0.0000	0.2109	0.1858	0.0251	0.0179	0.0172	0.0007	0.1930	0.1686	0.0244	0.1544	0.0806	0.0739	0.0171	0.0136	0.0035	0.1373	0.0670	0.0703
39	79	0.1733	18	2	0	1	0	1	0	1	0	0	0	1	1	0	0	0	0	0	0	Y	N	N	N	N	N	N	N	N	N	N	N	N	N	N	N	N	N	0.0000	0.0000	0.0000	0.0000	0.0000	0.0000	0.0000	0.0000	0.0000	0.0000	0.0000	0.0000	0.0000	0.0000	0.0000	0.0000	0.0000	0.0000	0.0111	0.0000	0.0239	0.0000	0.0000	0.0000	0.0130	0.0000	0.0255		inf	0.0000	0.0001	5.0102	0.0001	6.9613	1.0072	0.0000	0.0000	0.0000	0.0000	0.0000	0.0000	0.0000	0.0000	0.0000	0.0002	0.0000	0.0002	0.0000	0.0000	0.0000	0.0002	0.0000	0.0002	0.0000	0.0000	0.0000	0.0000	0.0000	0.0000	0.0000	0.0000	0.0000	0.0215	0.0115	0.0100	0.0031	0.0025	0.0006	0.0184	0.0090	0.0094
39	80	0.1636	17	2	0	1	0	1	0	1	0	0	0	1	1	0	0	0	0	0	0	Y	N	N	N	N	N	N	N	N	N	N	N	N	N	N	N	N	N	0.0000	0.2200	0.0000	0.0071	0.5696	0.0000	0.0000	0.0000	0.0000	0.0000	0.0000	0.0000	0.0001	0.0001	0.0000	0.0000	0.0000	0.0000	15.6496	0.0000	33.7045	0.0111	0.0001	0.0558	18.2617	0.0000	35.8760	0.0000	916576.7474	-0.0000	0.3789	5.0102	1.0058	6.9613	1.9973	0.0000	0.0000	0.0000	0.0000	0.0000	0.0000	0.0000	0.0000	0.0000	0.9949	0.0000	0.9949	0.0001	0.0000	0.0001	0.9948	0.0000	0.9948	0.0602	0.0528	0.0074	0.0047	0.0044	0.0003	0.0555	0.0485	0.0071	0.0636	0.0341	0.0295	0.0091	0.0073	0.0018	0.0545	0.0267	0.0277
39	83	0.1636	17	2	0	1	0	1	0	1	0	0	0	1	1	0	0	0	0	0	0	Y	N	N	N	N	N	N	N	N	N	N	N	N	N	N	N	N	N	1.5635	0.9533	0.0000	2.9020	2.4967	0.0000	15793.0185	12517.6861	0.0000	0.0319	0.0364	0.0000	0.4243	0.4574	0.0000	0.0004	0.0004	0.0000	0.0204	0.0382	0.0000	0.1462	0.1832	0.0000	0.0000	0.0000	0.0000	0.0000	0.0000	-0.0021	-0.0028	5.0102	5.0069	6.9613	6.0103	0.0093	0.0093	0.0000	0.0092	0.0092	0.0000	0.0001	0.0001	0.0000	0.0045	0.0045	0.0000	0.0045	0.0045	0.0000	0.0000	0.0000	0.0000	0.2901	0.2545	0.0356	0.0216	0.0200	0.0016	0.2685	0.2345	0.0340	0.2218	0.1186	0.1031	0.0310	0.0247	0.0063	0.1908	0.0939	0.0969
39	84	0.1572	16	2	0	1	0	1	0	1	0	1	1	1	1	0	0	0	0	0	0	Y	N	N	N	N	N	N	N	N	N	N	N	N	N	N	N	N	N	0.0000	0.0009	0.0000	0.0114	0.0100	0.0000	0.0000	0.0000	0.0000	0.0000	0.0000	0.0000	0.0001	0.0001	0.0000	0.0000	0.0000	0.0000	0.1025	0.0042	0.2167	0.0047	0.0057	0.0001	0.1190	0.0038	0.2304	0.0000	44.5209	-0.0000	0.0016	5.0102	1.9932	6.9613	0.0278	0.0000	0.0000	0.0000	0.0000	0.0000	0.0000	0.0000	0.0000	0.0000	0.0045	0.0001	0.0044	0.0000	0.0000	0.0000	0.0045	0.0001	0.0044	0.1172	0.1027	0.0145	0.0069	0.0064	0.0005	0.1104	0.0963	0.0141	0.0444	0.0239	0.0205	0.0064	0.0052	0.0012	0.0380	0.0186	0.0193
39	91	0.0956	8	2	0	1	0	1	0	1	0	0	0	0	0	0	0	0	0	0	0	Y	N	N	N	N	N	N	N	N	N	N	N	N	N	N	N	N	N	2886.3823	11775.9201	0.0019	39.2557	391.5536	0.0043	3334.8550	10405.3442	0.0000	5.9010	6.7416	0.0000	0.1132	0.1217	0.0003	6.1989	7.1047	0.0000	0.0020	0.0006	0.0041	0.0029	0.0003	0.0647	0.0019	0.0007	0.0031	0.0000	5.0859	-0.1289	0.0001	5.0102	1.5872	6.9613	4.4746	0.5586	0.5586	0.0000	0.0005	0.0005	0.0000	0.5581	0.5581	0.0000	0.0004	0.0001	0.0003	0.0001	0.0000	0.0001	0.0003	0.0000	0.0002	0.0947	0.0829	0.0118	0.0046	0.0043	0.0003	0.0900	0.0785	0.0115	0.1773	0.1040	0.0733	0.0321	0.0308	0.0013	0.1451	0.0732	0.0720
39	92	0.1702	19	2	0	1	1	1	0	1	1	0	0	1	1	0	0	0	0	0	0	Y	N	N	N	N	N	N	N	N	N	N	N	N	N	N	N	N	N	inf	inf	0.0000	inf	inf	0.0000	inf	inf	0.0000	0.1682	0.1917	0.0000	1.9374	2.0653	0.0000	0.0125	0.0143	0.0000	0.0000	0.0000	0.0000	0.0000	0.0000	0.0000	0.0000	0.0000	0.0000	0.0000		-0.0023	0.0000	5.0102	1.0091	6.9613	1.9972	0.0098	0.0098	0.0000	0.0092	0.0092	0.0000	0.0007	0.0007	0.0000	0.0000	0.0000	0.0000	0.0000	0.0000	0.0000	0.0000	0.0000	0.0000	0.0584	0.0513	0.0072	0.0047	0.0044	0.0003	0.0537	0.0468	0.0069	0.0633	0.0334	0.0299	0.0085	0.0067	0.0018	0.0548	0.0267	0.0281
39	93	0.1539	18	2	0	1	0	1	0	1	0	0	1	1	1	0	0	0	0	0	0	Y	N	N	N	N	N	N	N	N	N	N	N	N	N	N	N	N	N	inf	inf	0.0000	inf	inf	0.0000	inf	inf	0.0000	8.7182	9.9497	0.0000	0.0002	0.0002	0.0000	9.3254	10.6921	0.0000	0.0000	0.0000	0.0000	0.0000	0.0000	0.0000	0.0000	0.0000	0.0000	0.0000		-0.2306	-0.0000	5.0102	2.0083	6.9613	3.0031	0.9993	0.9993	0.0000	0.0000	0.0000	0.0000	0.9993	0.9993	0.0000	0.0000	0.0000	0.0000	0.0000	0.0000	0.0000	0.0000	0.0000	0.0000	0.1146	0.1004	0.0142	0.0075	0.0070	0.0005	0.1072	0.0935	0.0137	0.1041	0.0546	0.0495	0.0126	0.0102	0.0025	0.0915	0.0444	0.0471
39	94	0.1539	17	2	0	1	0	1	0	1	0	0	0	1	0	0	0	0	0	0	0	Y	N	N	N	N	N	N	N	N	N	N	N	N	N	N	N	N	N	0.0000	0.0000	0.0000	0.0000	0.0000	0.0000	0.0000	0.0000	0.0000	0.0000	0.0000	0.0000	0.0000	0.0000	0.0000	0.0000	0.0000	0.0000	0.0000	0.0000	0.0000	0.0000	0.0000	0.0000	0.0000	0.0000	0.0000			0.0000	0.0000	5.0102	0.0000	6.9613	0.0002	0.0000	0.0000	0.0000	0.0000	0.0000	0.0000	0.0000	0.0000	0.0000	0.0000	0.0000	0.0000	0.0000	0.0000	0.0000	0.0000	0.0000	0.0000	0.0000	0.0000	0.0000	0.0000	0.0000	0.0000	0.0000	0.0000	0.0000	0.0000	0.0000	0.0000	0.0000	0.0000	0.0000	0.0000	0.0000	0.0000
39	95	0.1507	16	2	0	1	0	1	0	1	0	0	0	1	0	0	0	0	0	0	0	Y	N	N	N	N	N	N	N	N	N	N	N	N	N	N	N	N	N	0.0000	0.0000	0.0000	0.0000	0.0000	0.0000	0.0000	0.0000	0.0000	0.0000	0.0000	0.0000	0.0000	0.0000	0.0000	0.0000	0.0000	0.0000	0.0000	0.0000	0.0000	0.0000	0.0000	0.0000	0.0000	0.0000	0.0000			0.0000	0.0000	5.0102	1.0000	6.9613	0.0001	0.0000	0.0000	0.0000	0.0000	0.0000	0.0000	0.0000	0.0000	0.0000	0.0000	0.0000	0.0000	0.0000	0.0000	0.0000	0.0000	0.0000	0.0000	0.0578	0.0506	0.0072	0.0036	0.0034	0.0002	0.0541	0.0472	0.0069	0.0212	0.0111	0.0101	0.0026	0.0021	0.0005	0.0187	0.0091	0.0096
39	96	0.1507	15	2	0	1	0	1	0	1	0	1	0	1	0	0	0	0	0	0	0	Y	N	N	N	N	N	N	N	N	N	N	N	N	N	N	N	N	N	0.0000	0.0000	0.0000	0.0000	0.0000	0.0000	0.0000	0.0000	0.0000	0.0000	0.0000	0.0000	0.0000	0.0000	0.0000	0.0000	0.0000	0.0000	0.0000	0.0000	0.0000	0.0000	0.0000	0.0000	0.0000	0.0000	0.0000			0.0000	0.0000	5.0102	0.0000	6.9613	0.0001	0.0000	0.0000	0.0000	0.0000	0.0000	0.0000	0.0000	0.0000	0.0000	0.0000	0.0000	0.0000	0.0000	0.0000	0.0000	0.0000	0.0000	0.0000	0.0000	0.0000	0.0000	0.0000	0.0000	0.0000	0.0000	0.0000	0.0000	0.0000	0.0000	0.0000	0.0000	0.0000	0.0000	0.0000	0.0000	0.0000
39	97	0.1475	14	2	0	1	0	1	0	1	0	0	0	0	0	0	0	0	0	0	0	Y	N	N	N	N	N	N	N	N	N	N	N	N	N	N	N	N	N	0.0000	0.0000	0.0000	0.0000	0.0000	0.0000	0.0000	0.0000	0.0000	0.0000	0.0000	0.0000	0.0000	0.0000	0.0000	0.0000	0.0000	0.0000	0.0002	0.0003	0.0000	0.0001	0.0001	0.0000	0.0002	0.0003	0.0000		0.0000	0.0000	-0.0000	5.0102	0.9999	6.9613	0.0008	0.0000	0.0000	0.0000	0.0000	0.0000	0.0000	0.0000	0.0000	0.0000	0.0000	0.0000	0.0000	0.0000	0.0000	0.0000	0.0000	0.0000	0.0000	0.0589	0.0516	0.0073	0.0034	0.0032	0.0002	0.0555	0.0484	0.0071	0.0215	0.0113	0.0102	0.0026	0.0021	0.0005	0.0189	0.0092	0.0097
39	107	0.1507	15	2	0	1	0	1	0	1	0	0	0	0	0	0	0	0	0	0	0	Y	N	N	N	N	N	N	N	N	N	N	N	N	N	N	N	N	N	0.0000	0.0000	0.0000	0.0000	0.0000	0.0000	0.0000	0.0000	0.0000	0.0000	0.0000	0.0000	0.0000	0.0000	0.0000	0.0000	0.0000	0.0000	0.0009	0.0004	0.0015	0.0019	0.0024	0.0000	0.0008	0.0000	0.0016		3.0130	0.0000	0.0000	5.0102	1.0015	6.9613	0.9989	0.0000	0.0000	0.0000	0.0000	0.0000	0.0000	0.0000	0.0000	0.0000	0.0000	0.0000	0.0000	0.0000	0.0000	0.0000	0.0000	0.0000	0.0000	0.0591	0.0517	0.0073	0.0035	0.0032	0.0002	0.0556	0.0485	0.0071	0.0428	0.0226	0.0202	0.0052	0.0042	0.0010	0.0376	0.0184	0.0192
39	108	0.1475	14	2	0	1	0	1	0	1	0	0	0	0	0	0	0	0	0	0	0	Y	N	N	N	N	N	N	N	N	N	N	N	N	N	N	N	N	N	0.0000	0.0000	0.0000	0.0000	0.0000	0.0000	0.0000	0.0000	0.0000	0.0000	0.0000	0.0000	0.0000	0.0000	0.0000	0.0000	0.0000	0.0000	0.0001	0.0003	0.0000	0.0001	0.0001	0.0000	0.0002	0.0003	0.0000		0.0000	0.0000	-0.0000	5.0102	1.0004	6.9613	0.0020	0.0000	0.0000	0.0000	0.0000	0.0000	0.0000	0.0000	0.0000	0.0000	0.0000	0.0000	0.0000	0.0000	0.0000	0.0000	0.0000	0.0000	0.0000	0.0590	0.0517	0.0073	0.0034	0.0032	0.0002	0.0555	0.0485	0.0071	0.0215	0.0114	0.0102	0.0026	0.0021	0.0005	0.0189	0.0093	0.0097
39	109	0.1215	13	2	0	1	0	2	0	1	0	0	0	0	0	0	0	0	0	0	0	Y	N	N	N	N	N	N	N	N	N	N	N	N	N	N	N	N	N	0.0000	0.0000	0.0000	0.0000	0.0000	0.0000	0.0000	0.0000	0.0000	0.0000	0.0000	0.0000	0.0000	0.0000	0.0000	0.0000	0.0000	0.0000	0.1144	0.2186	0.0000	0.0125	0.0159	0.0000	0.1270	0.2592	0.0000		0.0000	0.0000	-0.0118	5.0102	3.0035	6.9613	5.0043	0.0000	0.0000	0.0000	0.0000	0.0000	0.0000	0.0000	0.0000	0.0000	0.0190	0.0190	0.0000	0.0002	0.0002	0.0000	0.0188	0.0188	0.0000	0.1745	0.1529	0.0217	0.0094	0.0087	0.0006	0.1652	0.1442	0.0210	0.1661	0.0869	0.0792	0.0183	0.0145	0.0038	0.1477	0.0724	0.0753
39	112	0.0821	7	2	0	1	0	2	0	1	0	0	0	0	0	0	0	0	0	0	0	Y	N	N	N	N	N	N	N	N	N	N	N	N	N	N	N	N	N	11.2350	7.6864	0.0000	0.0000	0.0000	0.0000	inf	inf	0.0000	0.0056	0.0064	0.0000	0.0000	0.0000	0.0000	0.0058	0.0067	0.0000	0.0005	0.0008	0.0000	0.0025	0.0026	0.0000	0.0000	0.0000	0.0000	0.0000	0.0000	-0.0002	-0.0001	5.0102	3.0209	6.9613	2.2550	0.0010	0.0010	0.0000	0.0000	0.0000	0.0000	0.0010	0.0010	0.0000	0.0001	0.0001	0.0000	0.0001	0.0001	0.0000	0.0000	0.0000	0.0000	0.1815	0.1589	0.0226	0.0068	0.0063	0.0005	0.1747	0.1526	0.0221	0.1660	0.0994	0.0666	0.0328	0.0317	0.0011	0.1333	0.0677	0.0655
43	45	0.0360	4	2	0	0	1	0	0	0	1	0	1	2	2	0	0	0	0	0	0	Y	N	N	N	Y	Y	N	N	N	N	N	N	N	N	N	N	N	N	0.0000	0.0000	0.0000	0.0000	0.0000	0.0000	0.0000	0.0000	0.0000	0.0000	0.0000	0.0000	0.0000	0.0000	0.0000	0.0000	0.0000	0.0000	0.0000	0.0000	0.0000	0.0000	0.0000	0.0000	0.0000	0.0000	0.0000			0.0000	0.0000	2.9999	4.0000	0.9999	1.0000	0.0000	0.0000	0.0000	0.0000	0.0000	0.0000	0.0000	0.0000	0.0000	0.0000	0.0000	0.0000	0.0000	0.0000	0.0000	0.0000	0.0000	0.0000	0.1604	0.1410	0.0194	0.0096	0.0096	0.0000	0.1508	0.1314	0.0194	0.0390	0.0183	0.0207	0.0000	0.0000	0.0000	0.0389	0.0182	0.0207
43	46	0.1671	17	2	0	0	1	0	0	0	1	0	2	1	2	0	0	0	0	0	0	Y	N	N	N	N	Y	N	N	N	N	N	N	N	N	N	N	N	N	0.0000	0.0000	0.0000	0.0000	0.0000	0.0000	0.0000	0.0000	0.0000	0.0000	0.0000	0.0000	0.0000	0.0000	0.0000	0.0000	0.0000	0.0000	0.0000	0.0000	0.0000	0.0000	0.0000	0.0000	0.0000	0.0000	0.0000			0.0000	0.0000	2.9999	0.0007	0.9999	1.0103	0.0000	0.0000	0.0000	0.0000	0.0000	0.0000	0.0000	0.0000	0.0000	0.0000	0.0000	0.0000	0.0000	0.0000	0.0000	0.0000	0.0000	0.0000	0.0001	0.0001	0.0000	0.0000	0.0000	0.0000	0.0001	0.0001	0.0000	0.0235	0.0167	0.0068	0.0090	0.0087	0.0002	0.0145	0.0079	0.0066
43	47	0.1320	16	2	0	0	1	1	0	0	1	0	1	1	1	0	0	0	0	0	0	Y	N	N	N	N	N	N	N	N	N	N	N	N	N	N	N	N	N	0.0000	0.0000	0.0000	0.0000	0.0000	0.0000	0.0000	0.0000	0.0000	0.0000	0.0000	0.0000	0.0000	0.0000	0.0000	0.0000	0.0000	0.0000	0.0000	0.0000	0.0000	0.0000	0.0000	0.0000	0.0000	0.0000	0.0000			0.0000	0.0000	2.9999	6.8097	0.9999	3.8431	0.0000	0.0000	0.0000	0.0000	0.0000	0.0000	0.0000	0.0000	0.0000	0.0000	0.0000	0.0000	0.0000	0.0000	0.0000	0.0000	0.0000	0.0000	0.3317	0.2928	0.0389	0.0578	0.0569	0.0009	0.2739	0.2358	0.0380	0.0829	0.0445	0.0384	0.0122	0.0104	0.0018	0.0707	0.0341	0.0366
43	48	0.2025	20	2	0	1	1	0	0	1	1	0	1	1	1	0	0	0	0	0	0	Y	N	N	N	N	N	N	N	N	N	N	N	N	N	N	N	N	N	0.0000	0.0000	0.0000	0.0000	0.0000	0.0000	0.0000	0.0000	0.0000	0.0000	0.0000	0.0000	0.0000	0.0000	0.0000	0.0000	0.0000	0.0000	0.0000	0.0000	0.0000	0.0000	0.0000	0.0000	0.0000	0.0000	0.0000			0.0000	0.0000	2.9999	0.0000	0.9999	0.0001	0.0000	0.0000	0.0000	0.0000	0.0000	0.0000	0.0000	0.0000	0.0000	0.0000	0.0000	0.0000	0.0000	0.0000	0.0000	0.0000	0.0000	0.0000	0.0000	0.0000	0.0000	0.0000	0.0000	0.0000	0.0000	0.0000	0.0000	0.0009	0.0007	0.0003	0.0005	0.0005	0.0000	0.0004	0.0002	0.0002
43	49	0.1930	19	2	0	0	1	0	0	0	1	0	1	1	1	0	0	0	0	0	0	Y	N	N	N	N	N	N	N	N	N	N	N	N	N	N	N	N	N	0.0367	0.1048	0.0000	0.0000	0.0000	0.0000	0.0370	0.0932	0.0000	0.0001	0.0001	0.0000	0.0000	0.0000	0.0000	0.0001	0.0002	0.0000	0.0030	0.0012	0.0061	0.0000	0.0000	0.0000	0.0040	0.0019	0.0065	0.0000	3.0000	-0.0000	0.0000	2.9999	1.6285	0.9999	1.0381	0.0000	0.0000	0.0000	0.0000	0.0000	0.0000	0.0000	0.0000	0.0000	0.0001	0.0000	0.0001	0.0000	0.0000	0.0000	0.0001	0.0000	0.0001	0.0921	0.0817	0.0103	0.0246	0.0243	0.0004	0.0674	0.0575	0.0100	0.0270	0.0171	0.0099	0.0071	0.0064	0.0007	0.0200	0.0107	0.0092
43	50	0.0651	9	2	0	1	2	0	0	0	2	0	1	2	2	0	0	0	0	0	0	Y	N	N	Y	Y	Y	N	N	N	N	N	N	N	N	N	N	N	N	0.0000	0.0000	0.0000	0.0000	0.0000	0.0000	0.0000	0.0000	0.0000	0.0000	0.0000	0.0000	0.0000	0.0000	0.0000	0.0000	0.0000	0.0000	0.0000	0.0000	0.0000	0.0000	0.0000	0.0000	0.0000	0.0000	0.0000			0.0000	0.0000	2.9999	0.0001	0.9999	0.9998	0.0000	0.0000	0.0000	0.0000	0.0000	0.0000	0.0000	0.0000	0.0000	0.0000	0.0000	0.0000	0.0000	0.0000	0.0000	0.0000	0.0000	0.0000	0.0000	0.0000	0.0000	0.0000	0.0000	0.0000	0.0000	0.0000	0.0000	0.0080	0.0038	0.0042	0.0002	0.0001	0.0000	0.0078	0.0037	0.0041
43	51	0.0651	9	2	0	1	1	0	0	0	1	0	1	2	2	0	0	0	0	0	0	Y	N	N	N	Y	Y	N	N	N	N	N	N	N	N	N	N	N	N	0.0000	0.0000	0.0000	0.0000	0.0000	0.0000	0.0000	0.0000	0.0000	0.0000	0.0000	0.0000	0.0000	0.0000	0.0000	0.0000	0.0000	0.0000	0.0000	0.0000	0.0000	0.0000	0.0000	0.0000	0.0000	0.0000	0.0000			0.0000	0.0000	2.9999	0.0001	0.9999	1.0003	0.0000	0.0000	0.0000	0.0000	0.0000	0.0000	0.0000	0.0000	0.0000	0.0000	0.0000	0.0000	0.0000	0.0000	0.0000	0.0000	0.0000	0.0000	0.0000	0.0000	0.0000	0.0000	0.0000	0.0000	0.0000	0.0000	0.0000	0.0080	0.0038	0.0042	0.0002	0.0001	0.0000	0.0078	0.0037	0.0041
43	52	0.0619	8	2	0	1	1	0	0	1	1	0	1	2	2	0	0	0	0	0	0	Y	N	N	N	Y	Y	N	N	N	N	N	N	N	N	N	N	N	N	0.0000	0.0000	0.0000	0.0000	0.0000	0.0000	0.0000	0.0000	0.0000	0.0000	0.0000	0.0000	0.0000	0.0000	0.0000	0.0000	0.0000	0.0000	0.0000	0.0000	0.0000	0.0000	0.0000	0.0000	0.0000	0.0000	0.0000			0.0000	0.0000	2.9999	1.0000	0.9999	0.0042	0.0000	0.0000	0.0000	0.0000	0.0000	0.0000	0.0000	0.0000	0.0000	0.0000	0.0000	0.0000	0.0000	0.0000	0.0000	0.0000	0.0000	0.0000	0.0408	0.0358	0.0049	0.0032	0.0031	0.0001	0.0376	0.0327	0.0049	0.0080	0.0038	0.0042	0.0001	0.0001	0.0000	0.0078	0.0037	0.0041
43	53	0.0588	7	2	0	0	1	0	0	0	1	0	1	2	2	0	0	0	0	0	0	Y	N	N	N	Y	Y	N	N	N	N	N	N	N	N	N	N	N	N	0.0000	0.0000	0.0000	0.0000	0.0000	0.0000	0.0000	0.0000	0.0000	0.0000	0.0000	0.0000	0.0000	0.0000	0.0000	0.0000	0.0000	0.0000	0.0000	0.0000	0.0000	0.0000	0.0000	0.0000	0.0000	0.0000	0.0000			0.0000	0.0000	2.9999	0.9921	0.9999	0.0076	0.0000	0.0000	0.0000	0.0000	0.0000	0.0000	0.0000	0.0000	0.0000	0.0000	0.0000	0.0000	0.0000	0.0000	0.0000	0.0000	0.0000	0.0000	0.0407	0.0358	0.0049	0.0031	0.0030	0.0000	0.0376	0.0327	0.0049	0.0080	0.0038	0.0042	0.0002	0.0002	0.0000	0.0078	0.0037	0.0042
43	54	0.1218	11	2	0	1	1	0	0	0	1	0	1	2	1	0	0	0	0	0	0	Y	N	N	N	Y	N	N	N	N	N	N	N	N	N	N	N	N	N	0.0000	0.0000	0.0000	0.0000	0.0000	0.0000	0.0000	0.0000	0.0000	0.0000	0.0000	0.0000	0.0000	0.0000	0.0000	0.0000	0.0000	0.0000	0.0000	0.0000	0.0000	0.0000	0.0000	0.0000	0.0000	0.0000	0.0000			0.0000	0.0000	2.9999	0.0000	0.9999	0.0000	0.0000	0.0000	0.0000	0.0000	0.0000	0.0000	0.0000	0.0000	0.0000	0.0000	0.0000	0.0000	0.0000	0.0000	0.0000	0.0000	0.0000	0.0000	0.0000	0.0000	0.0000	0.0000	0.0000	0.0000	0.0000	0.0000	0.0000	0.0000	0.0000	0.0000	0.0000	0.0000	0.0000	0.0000	0.0000	0.0000
43	58	0.0603	9	2	0	1	1	0	0	0	1	0	2	1	2	0	0	0	0	0	0	Y	N	N	N	N	Y	N	N	N	N	N	N	N	N	N	N	N	N	0.0000	0.0000	0.0000	0.0000	0.0000	0.0000	0.0000	0.0000	0.0000	0.0000	0.0000	0.0000	0.0000	0.0000	0.0000	0.0000	0.0000	0.0000	0.0000	0.0000	0.0000	0.0000	0.0000	0.0000	0.0000	0.0000	0.0000			0.0000	0.0000	2.9999	1.0033	0.9999	1.0015	0.0000	0.0000	0.0000	0.0000	0.0000	0.0000	0.0000	0.0000	0.0000	0.0000	0.0000	0.0000	0.0000	0.0000	0.0000	0.0000	0.0000	0.0000	0.0405	0.0356	0.0049	0.0034	0.0034	0.0001	0.0371	0.0323	0.0048	0.0214	0.0124	0.0090	0.0030	0.0030	0.0000	0.0184	0.0094	0.0089
43	59	0.0457	8	2	0	1	1	0	0	0	1	0	1	1	1	0	0	0	0	0	0	Y	N	N	N	N	N	N	N	N	N	N	N	N	N	N	N	N	N	0.0000	0.0000	0.0000	0.0000	0.0000	0.0000	0.0000	0.0000	0.0000	0.0000	0.0000	0.0000	0.0000	0.0000	0.0000	0.0000	0.0000	0.0000	0.0000	0.0000	0.0000	0.0000	0.0000	0.0000	0.0000	0.0000	0.0000			0.0000	0.0000	2.9999	2.9984	0.9999	1.5227	0.0000	0.0000	0.0000	0.0000	0.0000	0.0000	0.0000	0.0000	0.0000	0.0000	0.0000	0.0000	0.0000	0.0000	0.0000	0.0000	0.0000	0.0000	0.1213	0.1067	0.0146	0.0080	0.0080	0.0001	0.1133	0.0987	0.0146	0.0351	0.0166	0.0185	0.0000	0.0000	0.0000	0.0350	0.0165	0.0185
43	60	0.0360	4	2	0	0	1	0	0	0	1	0	1	2	2	0	0	0	0	0	0	Y	N	N	N	Y	Y	N	N	N	N	N	N	N	N	N	N	N	N	0.0000	0.0000	0.0000	0.0000	0.0000	0.0000	0.0000	0.0000	0.0000	0.0000	0.0000	0.0000	0.0000	0.0000	0.0000	0.0000	0.0000	0.0000	0.0000	0.0000	0.0000	0.0000	0.0000	0.0000	0.0000	0.0000	0.0000			0.0000	0.0000	2.9999	2.0000	0.9999	7.0000	0.0000	0.0000	0.0000	0.0000	0.0000	0.0000	0.0000	0.0000	0.0000	0.0000	0.0000	0.0000	0.0000	0.0000	0.0000	0.0000	0.0000	0.0000	0.0811	0.0713	0.0099	0.0048	0.0048	0.0000	0.0763	0.0665	0.0098	0.0686	0.0322	0.0364	0.0000	0.0000	0.0000	0.0686	0.0322	0.0364
43	61	0.0360	3	2	0	0	1	0	0	0	1	0	2	2	2	0	0	0	0	0	0	Y	N	N	N	Y	Y	N	N	N	N	N	N	N	N	N	N	N	N	0.0000	0.0000	0.0000	0.0000	0.0000	0.0000	0.0000	0.0000	0.0000	0.0000	0.0000	0.0000	0.0000	0.0000	0.0000	0.0000	0.0000	0.0000	0.0000	0.0000	0.0000	0.0000	0.0000	0.0000	0.0000	0.0000	0.0000			0.0000	0.0000	2.9999	0.0000	0.9999	0.0000	0.0000	0.0000	0.0000	0.0000	0.0000	0.0000	0.0000	0.0000	0.0000	0.0000	0.0000	0.0000	0.0000	0.0000	0.0000	0.0000	0.0000	0.0000	0.0000	0.0000	0.0000	0.0000	0.0000	0.0000	0.0000	0.0000	0.0000	0.0000	0.0000	0.0000	0.0000	0.0000	0.0000	0.0000	0.0000	0.0000
43	62	0.1085	12	2	0	1	1	0	0	0	1	0	1	2	1	0	0	0	0	0	0	Y	N	N	N	Y	N	N	N	N	N	N	N	N	N	N	N	N	N	0.0000	0.0000	0.0000	0.0000	0.0000	0.0000	0.0000	0.0000	0.0000	0.0000	0.0000	0.0000	0.0000	0.0000	0.0000	0.0000	0.0000	0.0000	0.0000	0.0000	0.0000	0.0000	0.0000	0.0000	0.0000	0.0000	0.0000			0.0000	0.0000	2.9999	0.9672	0.9999	2.9870	0.0000	0.0000	0.0000	0.0000	0.0000	0.0000	0.0000	0.0000	0.0000	0.0000	0.0000	0.0000	0.0000	0.0000	0.0000	0.0000	0.0000	0.0000	0.0411	0.0366	0.0045	0.0038	0.0038	0.0000	0.0373	0.0329	0.0044	0.0493	0.0324	0.0170	0.0121	0.0114	0.0006	0.0373	0.0209	0.0163
43	63	0.0774	11	2	0	1	1	0	0	0	1	1	1	2	1	0	0	0	0	0	0	Y	N	N	N	Y	N	N	N	N	N	N	N	N	N	N	N	N	N	0.0000	0.0000	0.0000	0.0000	0.0000	0.0000	0.0000	0.0000	0.0000	0.0000	0.0000	0.0000	0.0000	0.0000	0.0000	0.0000	0.0000	0.0000	0.0000	0.0000	0.0000	0.0000	0.0000	0.0000	0.0000	0.0000	0.0000			0.0000	0.0000	2.9999	2.0363	0.9999	7.8590	0.0000	0.0000	0.0000	0.0000	0.0000	0.0000	0.0000	0.0000	0.0000	0.0000	0.0000	0.0000	0.0000	0.0000	0.0000	0.0000	0.0000	0.0000	0.0832	0.0731	0.0100	0.0058	0.0058	0.0001	0.0773	0.0674	0.0100	0.0788	0.0388	0.0399	0.0040	0.0038	0.0002	0.0748	0.0350	0.0398
43	64	0.0716	10	2	0	1	1	0	0	0	1	0	1	1	1	0	0	0	0	0	0	Y	N	N	N	N	N	N	N	N	N	N	N	N	N	N	N	N	N	0.0000	0.0000	0.0000	0.0000	0.0000	0.0000	0.0000	0.0000	0.0000	0.0000	0.0000	0.0000	0.0000	0.0000	0.0000	0.0000	0.0000	0.0000	0.0000	0.0000	0.0000	0.0000	0.0000	0.0000	0.0000	0.0000	0.0000			0.0000	0.0000	2.9999	0.0049	0.9999	1.8223	0.0000	0.0000	0.0000	0.0000	0.0000	0.0000	0.0000	0.0000	0.0000	0.0000	0.0000	0.0000	0.0000	0.0000	0.0000	0.0000	0.0000	0.0000	0.0002	0.0002	0.0000	0.0000	0.0000	0.0000	0.0002	0.0002	0.0000	0.0142	0.0069	0.0074	0.0002	0.0002	0.0000	0.0140	0.0067	0.0073
43	65	0.0489	9	2	0	1	1	0	0	0	1	0	1	1	1	0	0	0	0	0	0	Y	N	N	N	N	N	N	N	N	N	N	N	N	N	N	N	N	N	inf	inf	0.0000	inf	inf	0.0000	0.0000	0.0000	0.0000	0.0004	0.0004	0.0000	0.0057	0.0057	0.0000	0.0000	0.0000	0.0000	0.0000	0.0000	0.0000	0.0000	0.0000	0.0000	0.0000	0.0000	0.0000	0.0000		-0.0000	0.0000	2.9999	2.0010	0.9999	3.9928	0.0000	0.0000	0.0000	0.0000	0.0000	0.0000	0.0000	0.0000	0.0000	0.0000	0.0000	0.0000	0.0000	0.0000	0.0000	0.0000	0.0000	0.0000	0.0814	0.0716	0.0098	0.0053	0.0053	0.0000	0.0761	0.0663	0.0098	0.0466	0.0220	0.0245	0.0002	0.0002	0.0000	0.0464	0.0218	0.0245
43	66	0.0457	8	2	0	1	1	0	0	0	1	0	1	1	1	0	0	0	0	0	0	Y	N	N	N	N	N	N	N	N	N	N	N	N	N	N	N	N	N	inf	inf	0.0000	0.0000	0.0000	0.0000	inf	inf	0.0000	0.0007	0.0008	0.0000	0.0000	0.0000	0.0000	0.0008	0.0009	0.0000	0.0000	0.0000	0.0000	0.0000	0.0000	0.0000	0.0000	0.0000	0.0000	0.0000		-0.0000	0.0000	2.9999	1.0002	0.9999	0.0173	0.0000	0.0000	0.0000	0.0000	0.0000	0.0000	0.0000	0.0000	0.0000	0.0000	0.0000	0.0000	0.0000	0.0000	0.0000	0.0000	0.0000	0.0000	0.0409	0.0360	0.0050	0.0027	0.0027	0.0000	0.0382	0.0333	0.0049	0.0081	0.0038	0.0043	0.0000	0.0000	0.0000	0.0081	0.0038	0.0043
43	67	0.0457	7	2	0	1	1	0	0	1	1	0	1	1	1	0	0	0	0	0	0	Y	N	N	N	N	N	N	N	N	N	N	N	N	N	N	N	N	N	0.0000	0.0000	0.0000	0.0000	0.0000	0.0000	0.0000	0.0000	0.0000	0.0000	0.0000	0.0000	0.0000	0.0000	0.0000	0.0000	0.0000	0.0000	0.0000	0.0000	0.0000	0.0000	0.0000	0.0000	0.0000	0.0000	0.0000			0.0000	0.0000	2.9999	0.0001	0.9999	0.0028	0.0000	0.0000	0.0000	0.0000	0.0000	0.0000	0.0000	0.0000	0.0000	0.0000	0.0000	0.0000	0.0000	0.0000	0.0000	0.0000	0.0000	0.0000	0.0000	0.0000	0.0000	0.0000	0.0000	0.0000	0.0000	0.0000	0.0000	0.0000	0.0000	0.0000	0.0000	0.0000	0.0000	0.0000	0.0000	0.0000
43	68	0.1930	19	2	0	0	1	0	0	0	1	0	2	1	2	0	0	0	0	0	0	Y	N	N	N	N	Y	N	N	N	N	N	N	N	N	N	N	N	N	0.0000	0.0000	0.0000	0.0000	0.0000	0.0000	0.0000	0.0000	0.0000	0.0000	0.0000	0.0000	0.0000	0.0000	0.0000	0.0000	0.0000	0.0000	0.0000	0.0000	0.0000	0.0000	0.0000	0.0000	0.0000	0.0000	0.0000			0.0000	0.0000	2.9999	1.4193	0.9999	5.2011	0.0000	0.0000	0.0000	0.0000	0.0000	0.0000	0.0000	0.0000	0.0000	0.0000	0.0000	0.0000	0.0000	0.0000	0.0000	0.0000	0.0000	0.0000	0.0841	0.0747	0.0094	0.0234	0.0231	0.0003	0.0607	0.0516	0.0091	0.0530	0.0304	0.0226	0.0107	0.0092	0.0016	0.0423	0.0212	0.0210
43	69	0.1429	18	2	0	0	1	1	0	0	1	0	1	1	1	0	0	0	0	0	0	Y	N	N	N	N	N	N	N	N	N	N	N	N	N	N	N	N	N	inf	inf	0.0000	inf	inf	0.0000	0.0000	0.0000	0.0000	0.0024	0.0028	0.0000	0.0209	0.0214	0.0000	0.0000	0.0000	0.0000	0.0000	0.0000	0.0000	0.0000	0.0000	0.0000	0.0000	0.0000	0.0000	0.0000		-0.0002	0.0000	2.9999	9.3928	0.9999	3.6523	0.0009	0.0009	0.0000	0.0009	0.0009	0.0000	0.0000	0.0000	0.0000	0.0000	0.0000	0.0000	0.0000	0.0000	0.0000	0.0000	0.0000	0.0000	0.3724	0.3296	0.0429	0.0435	0.0424	0.0011	0.3289	0.2871	0.0418	0.0949	0.0497	0.0452	0.0126	0.0103	0.0023	0.0824	0.0394	0.0429
43	73	0.0511	3	2	0	1	1	0	0	1	1	0	1	2	1	0	0	0	0	0	0	Y	N	N	N	Y	N	N	N	N	N	N	N	N	N	N	N	N	N	0.0000	0.0000	0.0000	0.0000	0.0000	0.0000	0.0000	0.0000	0.0000	0.0000	0.0000	0.0000	0.0000	0.0000	0.0000	0.0000	0.0000	0.0000	0.0000	0.0000	0.0000	0.0000	0.0000	0.0000	0.0000	0.0000	0.0000			0.0000	0.0000	2.9999	3.9579	0.9999	0.9988	0.0000	0.0000	0.0000	0.0000	0.0000	0.0000	0.0000	0.0000	0.0000	0.0000	0.0000	0.0000	0.0000	0.0000	0.0000	0.0000	0.0000	0.0000	0.2573	0.2311	0.0262	0.0596	0.0580	0.0016	0.1977	0.1731	0.0246	0.0466	0.0237	0.0229	0.0021	0.0021	0.0000	0.0445	0.0216	0.0229
43	74	0.0360	2	2	0	0	1	0	0	0	1	0	1	2	1	0	0	0	0	0	0	Y	N	N	N	Y	N	N	N	N	N	N	N	N	N	N	N	N	N	0.0000	0.0000	0.0000	0.0000	0.0000	0.0000	0.0000	0.0000	0.0000	0.0000	0.0000	0.0000	0.0000	0.0000	0.0000	0.0000	0.0000	0.0000	0.0000	0.0000	0.0000	0.0000	0.0000	0.0000	0.0000	0.0000	0.0000			0.0000	0.0000	2.9999	3.9277	0.9999	0.5227	0.0000	0.0000	0.0000	0.0000	0.0000	0.0000	0.0000	0.0000	0.0000	0.0000	0.0000	0.0000	0.0000	0.0000	0.0000	0.0000	0.0000	0.0000	0.1582	0.1389	0.0193	0.0098	0.0097	0.0001	0.1484	0.1292	0.0193	0.0348	0.0163	0.0185	0.0000	0.0000	0.0000	0.0348	0.0163	0.0185
43	77	0.0837	11	2	0	0	1	1	0	0	1	0	1	1	1	0	0	0	0	0	0	Y	N	N	N	N	N	N	N	N	N	N	N	N	N	N	N	N	N	0.0000	0.0000	0.0000	0.0000	0.0000	0.0000	0.0000	0.0000	0.0000	0.0000	0.0000	0.0000	0.0000	0.0000	0.0000	0.0000	0.0000	0.0000	0.0000	0.0000	0.0000	0.0000	0.0000	0.0000	0.0000	0.0000	0.0000			0.0000	0.0000	2.9999	3.3326	0.9999	4.0108	0.0000	0.0000	0.0000	0.0000	0.0000	0.0000	0.0000	0.0000	0.0000	0.0000	0.0000	0.0000	0.0000	0.0000	0.0000	0.0000	0.0000	0.0000	0.1437	0.1269	0.0168	0.0151	0.0149	0.0002	0.1286	0.1120	0.0167	0.0548	0.0269	0.0279	0.0010	0.0009	0.0001	0.0538	0.0260	0.0278
43	78	0.0715	11	2	0	1	1	0	0	1	1	0	1	2	2	0	0	0	0	0	0	Y	N	N	N	Y	Y	N	N	N	N	N	N	N	N	N	N	N	N	0.0000	0.0000	0.0000	0.0000	0.0000	0.0000	0.0000	0.0000	0.0000	0.0000	0.0000	0.0000	0.0000	0.0000	0.0000	0.0000	0.0000	0.0000	0.0000	0.0000	0.0000	0.0000	0.0000	0.0000	0.0000	0.0000	0.0000			0.0000	0.0000	2.9999	0.0000	0.9999	0.9988	0.0000	0.0000	0.0000	0.0000	0.0000	0.0000	0.0000	0.0000	0.0000	0.0000	0.0000	0.0000	0.0000	0.0000	0.0000	0.0000	0.0000	0.0000	0.0000	0.0000	0.0000	0.0000	0.0000	0.0000	0.0000	0.0000	0.0000	0.0080	0.0039	0.0041	0.0003	0.0003	0.0000	0.0077	0.0037	0.0040
43	79	0.0683	10	2	0	0	1	0	0	0	1	0	1	2	2	0	0	0	0	0	0	Y	N	N	N	Y	Y	N	N	N	N	N	N	N	N	N	N	N	N	0.0000	0.0000	0.0000	0.0000	0.0000	0.0000	0.0000	0.0000	0.0000	0.0000	0.0000	0.0000	0.0000	0.0000	0.0000	0.0000	0.0000	0.0000	0.0000	0.0000	0.0000	0.0000	0.0000	0.0000	0.0000	0.0000	0.0000			0.0000	0.0000	2.9999	0.0001	0.9999	1.0072	0.0000	0.0000	0.0000	0.0000	0.0000	0.0000	0.0000	0.0000	0.0000	0.0000	0.0000	0.0000	0.0000	0.0000	0.0000	0.0000	0.0000	0.0000	0.0000	0.0000	0.0000	0.0000	0.0000	0.0000	0.0000	0.0000	0.0000	0.0079	0.0038	0.0041	0.0002	0.0002	0.0000	0.0077	0.0036	0.0041
43	80	0.0586	9	2	0	0	1	0	0	0	1	0	1	2	2	0	0	0	0	0	0	Y	N	N	N	Y	Y	N	N	N	N	N	N	N	N	N	N	N	N	0.0000	0.0000	0.0000	0.0000	0.0000	0.0000	0.0000	0.0000	0.0000	0.0000	0.0000	0.0000	0.0000	0.0000	0.0000	0.0000	0.0000	0.0000	0.0000	0.0000	0.0000	0.0000	0.0000	0.0000	0.0000	0.0000	0.0000			0.0000	0.0000	2.9999	1.0058	0.9999	1.9973	0.0000	0.0000	0.0000	0.0000	0.0000	0.0000	0.0000	0.0000	0.0000	0.0000	0.0000	0.0000	0.0000	0.0000	0.0000	0.0000	0.0000	0.0000	0.0417	0.0367	0.0050	0.0035	0.0034	0.0001	0.0382	0.0333	0.0049	0.0235	0.0113	0.0122	0.0006	0.0005	0.0001	0.0228	0.0108	0.0121
43	81	0.0716	10	2	0	1	1	0	0	0	1	0	1	1	1	0	0	0	0	0	0	Y	N	N	N	N	N	N	N	N	N	N	N	N	N	N	N	N	N	0.0000	0.0000	0.0000	0.0000	0.0000	0.0000	0.0000	0.0000	0.0000	0.0000	0.0000	0.0000	0.0000	0.0000	0.0000	0.0000	0.0000	0.0000	0.0000	0.0000	0.0000	0.0000	0.0000	0.0000	0.0000	0.0000	0.0000			0.0000	0.0000	2.9999	7.0000	0.9999	2.0013	0.0000	0.0000	0.0000	0.0000	0.0000	0.0000	0.0000	0.0000	0.0000	0.0000	0.0000	0.0000	0.0000	0.0000	0.0000	0.0000	0.0000	0.0000	0.2770	0.2439	0.0331	0.0192	0.0190	0.0002	0.2578	0.2248	0.0329	0.0674	0.0326	0.0349	0.0011	0.0009	0.0002	0.0663	0.0316	0.0347
43	82	0.0716	9	2	0	1	1	1	0	1	1	0	1	1	1	0	0	0	0	0	0	Y	N	N	N	N	N	N	N	N	N	N	N	N	N	N	N	N	N	0.0000	0.0000	0.0000	0.0000	0.0000	0.0000	0.0000	0.0000	0.0000	0.0000	0.0000	0.0000	0.0000	0.0000	0.0000	0.0000	0.0000	0.0000	0.0000	0.0000	0.0000	0.0000	0.0000	0.0000	0.0000	0.0000	0.0000			0.0000	0.0000	2.9999	0.0005	0.9999	0.0029	0.0000	0.0000	0.0000	0.0000	0.0000	0.0000	0.0000	0.0000	0.0000	0.0000	0.0000	0.0000	0.0000	0.0000	0.0000	0.0000	0.0000	0.0000	0.0000	0.0000	0.0000	0.0000	0.0000	0.0000	0.0000	0.0000	0.0000	0.0000	0.0000	0.0000	0.0000	0.0000	0.0000	0.0000	0.0000	0.0000
43	83	0.0586	9	2	0	0	1	0	0	0	1	0	1	2	2	0	0	0	0	0	0	Y	N	N	N	Y	Y	N	N	N	N	N	N	N	N	N	N	N	N	0.0000	0.0000	0.0000	0.0000	0.0000	0.0000	0.0000	0.0000	0.0000	0.0000	0.0000	0.0000	0.0000	0.0000	0.0000	0.0000	0.0000	0.0000	0.0000	0.0000	0.0000	0.0000	0.0000	0.0000	0.0000	0.0000	0.0000			0.0000	0.0000	2.9999	5.0069	0.9999	6.0103	0.0000	0.0000	0.0000	0.0000	0.0000	0.0000	0.0000	0.0000	0.0000	0.0000	0.0000	0.0000	0.0000	0.0000	0.0000	0.0000	0.0000	0.0000	0.2010	0.1770	0.0240	0.0161	0.0158	0.0003	0.1849	0.1612	0.0237	0.0816	0.0391	0.0425	0.0018	0.0013	0.0004	0.0798	0.0378	0.0420
43	84	0.0522	8	2	0	0	1	0	0	0	1	1	2	2	2	0	0	0	0	0	0	Y	N	N	N	Y	Y	N	N	N	N	N	N	N	N	N	N	N	N	0.0000	0.0000	0.0000	0.0000	0.0000	0.0000	0.0000	0.0000	0.0000	0.0000	0.0000	0.0000	0.0000	0.0000	0.0000	0.0000	0.0000	0.0000	0.0000	0.0000	0.0000	0.0000	0.0000	0.0000	0.0000	0.0000	0.0000			0.0000	0.0000	2.9999	1.9932	0.9999	0.0278	0.0000	0.0000	0.0000	0.0000	0.0000	0.0000	0.0000	0.0000	0.0000	0.0000	0.0000	0.0000	0.0000	0.0000	0.0000	0.0000	0.0000	0.0000	0.0813	0.0715	0.0098	0.0055	0.0055	0.0001	0.0758	0.0660	0.0098	0.0163	0.0079	0.0084	0.0005	0.0004	0.0001	0.0158	0.0075	0.0083
43	85	0.1005	10	2	0	1	1	0	0	0	1	0	1	1	1	0	0	0	0	0	0	Y	N	N	N	N	N	N	N	N	N	N	N	N	N	N	N	N	N	inf	inf	0.0000	0.0000	0.0000	0.0000	inf	inf	0.0000	0.0017	0.0020	0.0000	0.0000	0.0000	0.0000	0.0021	0.0024	0.0000	0.0000	0.0000	0.0000	0.0000	0.0000	0.0000	0.0000	0.0000	0.0000	0.0000		-0.0002	0.0000	2.9999	9.9670	0.9999	12.6920	0.0008	0.0008	0.0000	0.0000	0.0000	0.0000	0.0008	0.0008	0.0000	0.0000	0.0000	0.0000	0.0000	0.0000	0.0000	0.0000	0.0000	0.0000	0.4576	0.3932	0.0643	0.0943	0.0754	0.0189	0.3632	0.3178	0.0454	0.1804	0.0976	0.0828	0.0204	0.0189	0.0015	0.1600	0.0787	0.0813
43	86	0.0939	9	2	0	1	1	1	0	1	1	0	1	1	1	0	0	0	0	0	0	Y	N	N	N	N	N	N	N	N	N	N	N	N	N	N	N	N	N	inf	inf	0.0000	inf	inf	0.0000	inf	inf	0.0000	0.0514	0.0571	0.0000	0.0303	0.0324	0.0000	0.0586	0.0661	0.0000	0.0000	0.0000	0.0000	0.0000	0.0000	0.0000	0.0000	0.0000	0.0000	0.0000		-0.0012	0.0000	2.9999	1.5419	0.9999	1.3342	0.0051	0.0051	0.0000	0.0008	0.0008	0.0000	0.0043	0.0043	0.0000	0.0000	0.0000	0.0000	0.0000	0.0000	0.0000	0.0000	0.0000	0.0000	0.0989	0.0890	0.0099	0.0253	0.0236	0.0017	0.0736	0.0653	0.0083	0.0407	0.0265	0.0142	0.0102	0.0100	0.0002	0.0305	0.0165	0.0140
43	87	0.1173	12	1	0	0	1	0	0	0	1	0	1	1	2	0	0	0	0	0	0	N	N	N	N	N	Y	N	N	N	N	N	N	N	N	N	N	N	N	inf	inf	0.0000	0.0000	0.0000	0.0000	inf	inf	0.0000	0.0005	0.0006	0.0000	0.0000	0.0000	0.0000	0.0006	0.0006	0.0000	0.0000	0.0000	0.0000	0.0000	0.0000	0.0000	0.0000	0.0000	0.0000	0.0000		-0.0000	0.0000	2.9999	0.9989	0.9999	0.5152	0.0000	0.0000	0.0000	0.0000	0.0000	0.0000	0.0000	0.0000	0.0000	0.0000	0.0000	0.0000	0.0000	0.0000	0.0000	0.0000	0.0000	0.0000	0.0401	0.0353	0.0048	0.0042	0.0041	0.0001	0.0359	0.0312	0.0046	0.0220	0.0137	0.0083	0.0117	0.0088	0.0030	0.0103	0.0049	0.0054
43	88	0.0878	11	1	0	0	1	0	0	0	1	0	2	1	2	0	0	0	0	0	0	N	N	N	N	N	Y	N	N	N	N	N	N	N	N	N	N	N	N	inf	inf	0.0000	0.0000	0.0000	0.0000	inf	inf	0.0000	4.1687	4.7329	0.0000	0.0000	0.0000	0.0000	4.5211	5.1853	0.0000	0.0000	0.0000	0.0000	0.0000	0.0000	0.0000	0.0000	0.0000	0.0000	0.0000		-0.2308	0.0000	2.9999	6.0209	0.9999	2.4875	1.0000	1.0000	0.0000	0.0000	0.0000	0.0000	1.0000	1.0000	0.0000	0.0000	0.0000	0.0000	0.0000	0.0000	0.0000	0.0000	0.0000	0.0000	0.2399	0.2113	0.0286	0.0187	0.0184	0.0003	0.2212	0.1928	0.0283	0.0743	0.0393	0.0349	0.0129	0.0099	0.0030	0.0613	0.0294	0.0319
43	90	0.1382	15	2	0	1	1	0	0	1	1	0	1	1	1	0	0	0	0	0	0	Y	N	N	N	N	N	N	N	N	N	N	N	N	N	N	N	N	N	inf	inf	0.0000	inf	inf	0.0000	inf	inf	0.0000	3.8872	4.4056	0.0000	17.2967	17.7660	0.0000	2.0798	2.3904	0.0000	0.0000	0.0000	0.0000	0.0000	0.0000	0.0000	0.0000	0.0000	0.0000	0.0000		-0.2169	0.0000	2.9999	5.9354	0.9999	8.3561	0.9398	0.9398	0.0000	0.4967	0.4967	0.0000	0.4431	0.4431	0.0000	0.0000	0.0000	0.0000	0.0000	0.0000	0.0000	0.0000	0.0000	0.0000	0.2418	0.2133	0.0284	0.0287	0.0280	0.0008	0.2131	0.1854	0.0277	0.1086	0.0566	0.0520	0.0136	0.0114	0.0022	0.0950	0.0453	0.0497
43	91	0.1213	14	2	0	0	1	0	0	0	1	0	1	1	1	0	0	0	0	0	0	Y	N	N	N	N	N	N	N	N	N	N	N	N	N	N	N	N	N	inf	inf	inf	inf	inf	inf	inf	inf	inf	8.6158	9.7794	0.0026	0.0775	0.0794	0.0001	9.6124	11.0484	0.0027	0.0000	0.0000	0.0000	0.0000	0.0000	0.0000	0.0000	0.0000	0.0000	0.0000		-0.1285	0.0000	2.9999	1.5872	0.9999	4.4746	0.5568	0.5568	0.0000	0.0005	0.0005	0.0000	0.5562	0.5562	0.0000	0.0000	0.0000	0.0000	0.0000	0.0000	0.0000	0.0000	0.0000	0.0000	0.0646	0.0569	0.0077	0.0068	0.0066	0.0002	0.0579	0.0503	0.0075	0.0679	0.0393	0.0286	0.0152	0.0143	0.0009	0.0527	0.0250	0.0276
43	92	0.0588	7	2	0	0	2	0	0	0	2	0	1	2	2	0	0	0	0	0	0	Y	N	N	Y	Y	Y	N	N	N	N	N	N	N	N	N	N	N	N	0.0000	0.0000	0.0000	0.0000	0.0000	0.0000	0.0000	0.0000	0.0000	0.0000	0.0000	0.0000	0.0000	0.0000	0.0000	0.0000	0.0000	0.0000	0.0000	0.0000	0.0000	0.0000	0.0000	0.0000	0.0000	0.0000	0.0000			0.0000	0.0000	2.9999	1.0091	0.9999	1.9972	0.0000	0.0000	0.0000	0.0000	0.0000	0.0000	0.0000	0.0000	0.0000	0.0000	0.0000	0.0000	0.0000	0.0000	0.0000	0.0000	0.0000	0.0000	0.0413	0.0364	0.0050	0.0031	0.0031	0.0000	0.0382	0.0333	0.0049	0.0237	0.0113	0.0124	0.0005	0.0003	0.0001	0.0232	0.0109	0.0123
43	93	0.0425	6	2	0	0	1	0	0	0	1	0	2	2	2	0	0	0	0	0	0	Y	N	N	N	Y	Y	N	N	N	N	N	N	N	N	N	N	N	N	0.0000	0.0000	0.0000	0.0000	0.0000	0.0000	0.0000	0.0000	0.0000	0.0000	0.0000	0.0000	0.0000	0.0000	0.0000	0.0000	0.0000	0.0000	0.0000	0.0000	0.0000	0.0000	0.0000	0.0000	0.0000	0.0000	0.0000			0.0000	0.0000	2.9999	2.0083	0.9999	3.0031	0.0000	0.0000	0.0000	0.0000	0.0000	0.0000	0.0000	0.0000	0.0000	0.0000	0.0000	0.0000	0.0000	0.0000	0.0000	0.0000	0.0000	0.0000	0.0810	0.0712	0.0098	0.0051	0.0051	0.0000	0.0759	0.0661	0.0098	0.0389	0.0183	0.0206	0.0000	0.0000	0.0000	0.0389	0.0182	0.0206
43	94	0.0425	5	2	0	0	1	0	0	0	1	0	1	2	1	0	0	0	0	0	0	Y	N	N	N	Y	N	N	N	N	N	N	N	N	N	N	N	N	N	0.0000	0.0000	0.0000	0.0000	0.0000	0.0000	0.0000	0.0000	0.0000	0.0000	0.0000	0.0000	0.0000	0.0000	0.0000	0.0000	0.0000	0.0000	0.0000	0.0000	0.0000	0.0000	0.0000	0.0000	0.0000	0.0000	0.0000			0.0000	0.0000	2.9999	0.0000	0.9999	0.0002	0.0000	0.0000	0.0000	0.0000	0.0000	0.0000	0.0000	0.0000	0.0000	0.0000	0.0000	0.0000	0.0000	0.0000	0.0000	0.0000	0.0000	0.0000	0.0000	0.0000	0.0000	0.0000	0.0000	0.0000	0.0000	0.0000	0.0000	0.0000	0.0000	0.0000	0.0000	0.0000	0.0000	0.0000	0.0000	0.0000
43	95	0.0393	4	2	0	0	1	0	0	0	1	0	1	2	1	0	0	0	0	0	0	Y	N	N	N	Y	N	N	N	N	N	N	N	N	N	N	N	N	N	0.0000	0.0000	0.0000	0.0000	0.0000	0.0000	0.0000	0.0000	0.0000	0.0000	0.0000	0.0000	0.0000	0.0000	0.0000	0.0000	0.0000	0.0000	0.0000	0.0000	0.0000	0.0000	0.0000	0.0000	0.0000	0.0000	0.0000			0.0000	0.0000	2.9999	1.0000	0.9999	0.0001	0.0000	0.0000	0.0000	0.0000	0.0000	0.0000	0.0000	0.0000	0.0000	0.0000	0.0000	0.0000	0.0000	0.0000	0.0000	0.0000	0.0000	0.0000	0.0408	0.0359	0.0050	0.0025	0.0025	0.0000	0.0383	0.0334	0.0050	0.0079	0.0037	0.0042	0.0000	0.0000	0.0000	0.0079	0.0037	0.0042
43	99	0.0685	8	2	0	1	1	1	0	1	1	0	1	1	1	0	0	0	0	0	0	Y	N	N	N	N	N	N	N	N	N	N	N	N	N	N	N	N	N	0.0000	0.0000	0.0000	0.0000	0.0000	0.0000	0.0000	0.0000	0.0000	0.0000	0.0000	0.0000	0.0000	0.0000	0.0000	0.0000	0.0000	0.0000	0.0000	0.0000	0.0000	0.0000	0.0000	0.0000	0.0000	0.0000	0.0000			0.0000	0.0000	2.9999	5.0000	0.9999	11.0015	0.0000	0.0000	0.0000	0.0000	0.0000	0.0000	0.0000	0.0000	0.0000	0.0000	0.0000	0.0000	0.0000	0.0000	0.0000	0.0000	0.0000	0.0000	0.1994	0.1755	0.0239	0.0138	0.0136	0.0001	0.1856	0.1618	0.0238	0.1151	0.0557	0.0594	0.0019	0.0016	0.0003	0.1132	0.0541	0.0591
43	100	0.1493	18	2	0	1	1	0	0	0	1	0	1	1	1	0	0	0	0	0	0	Y	N	N	N	N	N	N	N	N	N	N	N	N	N	N	N	N	N	0.0000	0.0000	0.0000	0.0000	0.0000	0.0000	0.0000	0.0000	0.0000	0.0000	0.0000	0.0000	0.0000	0.0000	0.0000	0.0000	0.0000	0.0000	0.0000	0.0000	0.0000	0.0000	0.0000	0.0000	0.0000	0.0000	0.0000			0.0000	0.0000	2.9999	2.0003	0.9999	3.6794	0.0000	0.0000	0.0000	0.0000	0.0000	0.0000	0.0000	0.0000	0.0000	0.0000	0.0000	0.0000	0.0000	0.0000	0.0000	0.0000	0.0000	0.0000	0.0935	0.0837	0.0099	0.0154	0.0151	0.0003	0.0782	0.0686	0.0095	0.0482	0.0273	0.0210	0.0093	0.0080	0.0013	0.0389	0.0192	0.0197
43	101	0.1386	17	2	0	1	1	1	0	1	1	0	1	1	1	0	0	0	0	0	0	Y	N	N	N	N	N	N	N	N	N	N	N	N	N	N	N	N	N	0.0000	0.0000	0.0000	0.0000	0.0000	0.0000	0.0000	0.0000	0.0000	0.0000	0.0000	0.0000	0.0000	0.0000	0.0000	0.0000	0.0000	0.0000	0.0000	0.0000	0.0000	0.0000	0.0000	0.0000	0.0000	0.0000	0.0000			0.0000	0.0000	2.9999	0.0087	0.9999	3.3708	0.0000	0.0000	0.0000	0.0000	0.0000	0.0000	0.0000	0.0000	0.0000	0.0000	0.0000	0.0000	0.0000	0.0000	0.0000	0.0000	0.0000	0.0000	0.0014	0.0012	0.0001	0.0006	0.0006	0.0000	0.0008	0.0007	0.0001	0.0263	0.0139	0.0124	0.0035	0.0029	0.0006	0.0227	0.0110	0.0118
43	106	0.0522	8	2	0	1	1	0	0	1	1	0	1	1	1	0	0	0	0	0	0	Y	N	N	N	N	N	N	N	N	N	N	N	N	N	N	N	N	N	0.0000	0.0000	0.0000	0.0000	0.0000	0.0000	0.0000	0.0000	0.0000	0.0000	0.0000	0.0000	0.0000	0.0000	0.0000	0.0000	0.0000	0.0000	0.0000	0.0000	0.0000	0.0000	0.0000	0.0000	0.0000	0.0000	0.0000			0.0000	0.0000	2.9999	3.0043	0.9999	5.0032	0.0000	0.0000	0.0000	0.0000	0.0000	0.0000	0.0000	0.0000	0.0000	0.0000	0.0000	0.0000	0.0000	0.0000	0.0000	0.0000	0.0000	0.0000	0.1218	0.1071	0.0147	0.0083	0.0082	0.0001	0.1135	0.0989	0.0146	0.0615	0.0294	0.0321	0.0014	0.0011	0.0003	0.0601	0.0284	0.0317
43	107	0.0457	7	2	0	0	1	0	0	0	1	0	1	1	1	0	0	0	0	0	0	Y	N	N	N	N	N	N	N	N	N	N	N	N	N	N	N	N	N	0.0000	0.0000	0.0000	0.0000	0.0000	0.0000	0.0000	0.0000	0.0000	0.0000	0.0000	0.0000	0.0000	0.0000	0.0000	0.0000	0.0000	0.0000	0.0000	0.0000	0.0000	0.0000	0.0000	0.0000	0.0000	0.0000	0.0000			0.0000	0.0000	2.9999	1.0015	0.9999	0.9989	0.0000	0.0000	0.0000	0.0000	0.0000	0.0000	0.0000	0.0000	0.0000	0.0000	0.0000	0.0000	0.0000	0.0000	0.0000	0.0000	0.0000	0.0000	0.0410	0.0360	0.0050	0.0027	0.0027	0.0000	0.0383	0.0333	0.0049	0.0157	0.0074	0.0083	0.0000	0.0000	0.0000	0.0157	0.0074	0.0083
43	108	0.0425	6	2	0	0	1	0	0	0	1	0	1	1	1	0	0	0	0	0	0	Y	N	N	N	N	N	N	N	N	N	N	N	N	N	N	N	N	N	0.0000	0.0000	0.0000	0.0000	0.0000	0.0000	0.0000	0.0000	0.0000	0.0000	0.0000	0.0000	0.0000	0.0000	0.0000	0.0000	0.0000	0.0000	0.0000	0.0000	0.0000	0.0000	0.0000	0.0000	0.0000	0.0000	0.0000			0.0000	0.0000	2.9999	1.0004	0.9999	0.0020	0.0000	0.0000	0.0000	0.0000	0.0000	0.0000	0.0000	0.0000	0.0000	0.0000	0.0000	0.0000	0.0000	0.0000	0.0000	0.0000	0.0000	0.0000	0.0409	0.0359	0.0050	0.0027	0.0026	0.0000	0.0382	0.0333	0.0049	0.0079	0.0037	0.0042	0.0000	0.0000	0.0000	0.0079	0.0037	0.0042
43	110	0.1438	15	2	0	1	1	0	0	0	1	0	1	1	1	0	0	0	0	0	0	Y	N	N	N	N	N	N	N	N	N	N	N	N	N	N	N	N	N	inf	inf	0.0000	inf	inf	0.0000	0.0000	0.0000	0.0000	0.0000	0.0000	0.0000	0.0003	0.0004	0.0000	0.0000	0.0000	0.0000	0.0000	0.0000	0.0000	0.0000	0.0000	0.0000	0.0000	0.0000	0.0000	0.0000		-0.0000	0.0000	2.9999	7.0195	0.9999	5.1243	0.0000	0.0000	0.0000	0.0000	0.0000	0.0000	0.0000	0.0000	0.0000	0.0000	0.0000	0.0000	0.0000	0.0000	0.0000	0.0000	0.0000	0.0000	0.2725	0.2405	0.0321	0.0293	0.0285	0.0008	0.2432	0.2119	0.0313	0.0906	0.0469	0.0437	0.0092	0.0072	0.0020	0.0814	0.0397	0.0416
43	111	0.1213	14	2	0	1	1	0	0	1	1	0	1	1	1	0	0	0	0	0	0	Y	N	N	N	N	N	N	N	N	N	N	N	N	N	N	N	N	N	13.3720	26.6085	0.0000	inf	inf	0.0000	0.1108	0.1813	0.0000	0.0125	0.0142	0.0000	0.1199	0.1230	0.0000	0.0001	0.0002	0.0000	0.0009	0.0005	0.0015	0.0000	0.0000	0.0000	0.0012	0.0009	0.0016	0.0000	2.0000	-0.0002	0.0000	2.9999	2.0281	0.9999	3.4706	0.0010	0.0010	0.0000	0.0010	0.0010	0.0000	0.0000	0.0000	0.0000	0.0001	0.0000	0.0000	0.0000	0.0000	0.0000	0.0001	0.0000	0.0000	0.0822	0.0724	0.0098	0.0085	0.0083	0.0002	0.0737	0.0641	0.0096	0.0640	0.0374	0.0266	0.0150	0.0141	0.0008	0.0490	0.0233	0.0258
43	112	0.1078	13	2	0	0	1	1	0	0	1	0	1	1	1	0	0	0	0	0	0	Y	N	N	N	N	N	N	N	N	N	N	N	N	N	N	N	N	N	inf	inf	0.0000	0.0000	0.0000	0.0000	inf	inf	0.0000	0.0082	0.0093	0.0000	0.0000	0.0000	0.0000	0.0090	0.0104	0.0000	0.0000	0.0000	0.0000	0.0000	0.0000	0.0000	0.0000	0.0000	0.0000	0.0000		-0.0002	0.0000	2.9999	3.0209	0.9999	2.2550	0.0010	0.0010	0.0000	0.0000	0.0000	0.0000	0.0010	0.0010	0.0000	0.0000	0.0000	0.0000	0.0000	0.0000	0.0000	0.0000	0.0000	0.0000	0.1248	0.1096	0.0152	0.0119	0.0117	0.0002	0.1129	0.0980	0.0150	0.0642	0.0380	0.0262	0.0154	0.0146	0.0008	0.0488	0.0234	0.0254
43	120	0.0983	14	1	0	1	1	0	0	0	1	0	1	2	1	0	0	0	0	0	0	N	N	N	N	Y	N	N	N	N	N	N	N	N	N	N	N	N	N	0.0000	0.0000	0.0000	0.0000	0.0000	0.0000	0.0000	0.0000	0.0000	0.0000	0.0000	0.0000	0.0000	0.0000	0.0000	0.0000	0.0000	0.0000	0.0000	0.0000	0.0000	0.0000	0.0000	0.0000	0.0000	0.0000	0.0000			0.0000	0.0000	2.9999	2.9998	0.9999	1.0000	0.0000	0.0000	0.0000	0.0000	0.0000	0.0000	0.0000	0.0000	0.0000	0.0000	0.0000	0.0000	0.0000	0.0000	0.0000	0.0000	0.0000	0.0000	0.1249	0.1110	0.0139	0.0207	0.0199	0.0008	0.1042	0.0911	0.0131	0.0299	0.0145	0.0154	0.0009	0.0007	0.0002	0.0291	0.0138	0.0153
43	121	0.0983	13	1	0	1	1	0	0	0	1	1	1	2	1	0	0	0	0	0	0	N	N	N	N	Y	N	N	N	N	N	N	N	N	N	N	N	N	N	0.0000	0.0000	0.0000	0.0000	0.0000	0.0000	0.0000	0.0000	0.0000	0.0000	0.0000	0.0000	0.0000	0.0000	0.0000	0.0000	0.0000	0.0000	0.0000	0.0000	0.0000	0.0000	0.0000	0.0000	0.0000	0.0000	0.0000			0.0000	0.0000	2.9999	0.0006	0.9999	0.0007	0.0000	0.0000	0.0000	0.0000	0.0000	0.0000	0.0000	0.0000	0.0000	0.0000	0.0000	0.0000	0.0000	0.0000	0.0000	0.0000	0.0000	0.0000	0.0000	0.0000	0.0000	0.0000	0.0000	0.0000	0.0000	0.0000	0.0000	0.0000	0.0000	0.0000	0.0000	0.0000	0.0000	0.0000	0.0000	0.0000
43	126	0.1014	14	2	0	1	1	0	0	0	1	0	1	1	1	0	0	0	0	0	0	Y	N	N	N	N	N	N	N	N	N	N	N	N	N	N	N	N	N	0.0000	0.0000	0.0000	0.0000	0.0000	0.0000	0.0000	0.0000	0.0000	0.0000	0.0000	0.0000	0.0000	0.0000	0.0000	0.0000	0.0000	0.0000	0.0000	0.0000	0.0000	0.0000	0.0000	0.0000	0.0000	0.0000	0.0000			0.0000	0.0000	2.9999	1.0002	0.9999	2.0058	0.0000	0.0000	0.0000	0.0000	0.0000	0.0000	0.0000	0.0000	0.0000	0.0000	0.0000	0.0000	0.0000	0.0000	0.0000	0.0000	0.0000	0.0000	0.0421	0.0374	0.0047	0.0070	0.0067	0.0003	0.0352	0.0307	0.0044	0.0228	0.0110	0.0117	0.0007	0.0006	0.0001	0.0221	0.0104	0.0116
43	127	0.1048	14	1	0	0	1	0	0	0	1	0	2	1	2	0	0	0	0	0	0	N	N	N	N	N	Y	N	N	N	N	N	N	N	N	N	N	N	N	0.0000	0.0000	0.0000	0.0000	0.0000	0.0000	0.0000	0.0000	0.0000	0.0000	0.0000	0.0000	0.0000	0.0000	0.0000	0.0000	0.0000	0.0000	0.0000	0.0000	0.0000	0.0000	0.0000	0.0000	0.0000	0.0000	0.0000			0.0000	0.0000	2.9999	1.0000	0.9999	2.0000	0.0000	0.0000	0.0000	0.0000	0.0000	0.0000	0.0000	0.0000	0.0000	0.0000	0.0000	0.0000	0.0000	0.0000	0.0000	0.0000	0.0000	0.0000	0.0400	0.0352	0.0048	0.0036	0.0035	0.0001	0.0365	0.0317	0.0047	0.0228	0.0111	0.0117	0.0008	0.0006	0.0002	0.0221	0.0105	0.0116
43	128	0.1048	13	1	0	0	1	0	0	0	1	0	2	1	2	0	0	0	0	0	0	N	N	N	N	N	Y	N	N	N	N	N	N	N	N	N	N	N	N	0.0000	0.0000	0.0000	0.0000	0.0000	0.0000	0.0000	0.0000	0.0000	0.0000	0.0000	0.0000	0.0000	0.0000	0.0000	0.0000	0.0000	0.0000	0.0000	0.0000	0.0000	0.0000	0.0000	0.0000	0.0000	0.0000	0.0000			0.0000	0.0000	2.9999	3.0000	0.9999	2.0000	0.0000	0.0000	0.0000	0.0000	0.0000	0.0000	0.0000	0.0000	0.0000	0.0000	0.0000	0.0000	0.0000	0.0000	0.0000	0.0000	0.0000	0.0000	0.1187	0.1045	0.0142	0.0106	0.0104	0.0002	0.1081	0.0941	0.0139	0.0376	0.0183	0.0193	0.0012	0.0010	0.0003	0.0364	0.0173	0.0190
43	129	0.1080	15	1	0	0	1	0	0	0	1	0	2	1	2	0	0	0	0	0	0	N	N	N	N	N	Y	N	N	N	N	N	N	N	N	N	N	N	N	inf	inf	0.0000	0.0000	0.0000	0.0000	inf	inf	0.0000	12.5708	14.2781	0.0000	0.0000	0.0000	0.0000	13.8252	15.8764	0.0000	0.0000	0.0000	0.0000	0.0000	0.0000	0.0000	0.0000	0.0000	0.0000	0.0000		-0.2308	0.0000	2.9999	2.0004	0.9999	1.0045	0.9999	0.9999	0.0000	0.0000	0.0000	0.0000	0.9999	0.9999	0.0000	0.0000	0.0000	0.0000	0.0000	0.0000	0.0000	0.0000	0.0000	0.0000	0.0795	0.0700	0.0095	0.0072	0.0071	0.0002	0.0723	0.0630	0.0093	0.0228	0.0111	0.0117	0.0008	0.0006	0.0002	0.0221	0.0105	0.0116
43	133	0.1218	11	2	0	1	1	0	0	0	1	0	1	2	1	0	0	0	0	0	0	Y	N	N	N	Y	N	N	N	N	N	N	N	N	N	N	N	N	N	0.0000	0.0000	0.0000	0.0000	0.0000	0.0000	0.0000	0.0000	0.0000	0.0000	0.0000	0.0000	0.0000	0.0000	0.0000	0.0000	0.0000	0.0000	0.0000	0.0000	0.0000	0.0000	0.0000	0.0000	0.0000	0.0000	0.0000			0.0000	0.0000	2.9999	0.0000	0.9999	0.0001	0.0000	0.0000	0.0000	0.0000	0.0000	0.0000	0.0000	0.0000	0.0000	0.0000	0.0000	0.0000	0.0000	0.0000	0.0000	0.0000	0.0000	0.0000	0.0000	0.0000	0.0000	0.0000	0.0000	0.0000	0.0000	0.0000	0.0000	0.0000	0.0000	0.0000	0.0000	0.0000	0.0000	0.0000	0.0000	0.0000
43	134	0.0818	10	2	0	1	1	1	0	1	1	1	1	2	1	0	0	0	0	0	0	Y	N	N	N	Y	N	N	N	N	N	N	N	N	N	N	N	N	N	0.0000	0.0000	0.0000	0.0000	0.0000	0.0000	0.0000	0.0000	0.0000	0.0000	0.0000	0.0000	0.0000	0.0000	0.0000	0.0000	0.0000	0.0000	0.0000	0.0000	0.0000	0.0000	0.0000	0.0000	0.0000	0.0000	0.0000			0.0000	0.0000	2.9999	4.0005	0.9999	6.9251	0.0000	0.0000	0.0000	0.0000	0.0000	0.0000	0.0000	0.0000	0.0000	0.0000	0.0000	0.0000	0.0000	0.0000	0.0000	0.0000	0.0000	0.0000	0.1615	0.1420	0.0195	0.0118	0.0116	0.0002	0.1497	0.1304	0.0194	0.0840	0.0411	0.0429	0.0032	0.0030	0.0002	0.0808	0.0381	0.0427
43	135	0.1144	15	2	0	1	1	0	0	0	1	0	1	2	1	0	0	0	0	0	0	Y	N	N	N	Y	N	N	N	N	N	N	N	N	N	N	N	N	N	0.0000	0.0000	0.0000	0.0000	0.0000	0.0000	0.0000	0.0000	0.0000	0.0000	0.0000	0.0000	0.0000	0.0000	0.0000	0.0000	0.0000	0.0000	0.0000	0.0000	0.0000	0.0000	0.0000	0.0000	0.0000	0.0000	0.0000			0.0000	0.0000	2.9999	0.9923	0.9999	0.0060	0.0000	0.0000	0.0000	0.0000	0.0000	0.0000	0.0000	0.0000	0.0000	0.0000	0.0000	0.0000	0.0000	0.0000	0.0000	0.0000	0.0000	0.0000	0.0423	0.0376	0.0047	0.0075	0.0072	0.0003	0.0348	0.0304	0.0044	0.0073	0.0036	0.0037	0.0004	0.0003	0.0000	0.0069	0.0033	0.0036
43	136	0.1014	14	2	0	1	1	0	0	0	1	1	1	2	1	0	0	0	0	0	0	Y	N	N	N	Y	N	N	N	N	N	N	N	N	N	N	N	N	N	0.0000	0.0000	0.0000	0.0000	0.0000	0.0000	0.0000	0.0000	0.0000	0.0000	0.0000	0.0000	0.0000	0.0000	0.0000	0.0000	0.0000	0.0000	0.0000	0.0000	0.0000	0.0000	0.0000	0.0000	0.0000	0.0000	0.0000			0.0000	0.0000	2.9999	2.0106	0.9999	2.0023	0.0000	0.0000	0.0000	0.0000	0.0000	0.0000	0.0000	0.0000	0.0000	0.0000	0.0000	0.0000	0.0000	0.0000	0.0000	0.0000	0.0000	0.0000	0.0839	0.0746	0.0093	0.0139	0.0134	0.0005	0.0700	0.0612	0.0088	0.0301	0.0146	0.0155	0.0009	0.0008	0.0002	0.0292	0.0138	0.0153
43	137	0.0983	13	2	0	1	1	1	0	0	1	0	1	1	1	0	0	0	0	0	0	Y	N	N	N	N	N	N	N	N	N	N	N	N	N	N	N	N	N	0.0000	0.0000	0.0000	0.0000	0.0000	0.0000	0.0000	0.0000	0.0000	0.0000	0.0000	0.0000	0.0000	0.0000	0.0000	0.0000	0.0000	0.0000	0.0000	0.0000	0.0000	0.0000	0.0000	0.0000	0.0000	0.0000	0.0000			0.0000	0.0000	2.9999	0.0008	0.9999	1.0019	0.0000	0.0000	0.0000	0.0000	0.0000	0.0000	0.0000	0.0000	0.0000	0.0000	0.0000	0.0000	0.0000	0.0000	0.0000	0.0000	0.0000	0.0000	0.0000	0.0000	0.0000	0.0000	0.0000	0.0000	0.0000	0.0000	0.0000	0.0076	0.0037	0.0039	0.0002	0.0002	0.0000	0.0074	0.0035	0.0039
44	45	0.0048	3	2	0	0	0	0	0	0	0	0	0	2	1	0	0	0	0	0	0	Y	N	N	N	Y	N	N	N	N	N	N	N	N	N	N	N	N	N	0.0000	0.0000	0.0000	0.0000	0.0000	0.0000	0.0000	0.0000	0.0000	0.0000	0.0000	0.0000	0.0000	0.0000	0.0000	0.0000	0.0000	0.0000	0.0000	0.0000	0.0000	0.0000	0.0000	0.0000	0.0000	0.0000	0.0000			0.0000	0.0000	1.0020	4.0000	0.0022	1.0000	0.0000	0.0000	0.0000	0.0000	0.0000	0.0000	0.0000	0.0000	0.0000	0.0000	0.0000	0.0000	0.0000	0.0000	0.0000	0.0000	0.0000	0.0000	0.0462	0.0403	0.0059	0.0000	0.0000	0.0000	0.0462	0.0403	0.0059	0.0098	0.0047	0.0051	0.0000	0.0000	0.0000	0.0098	0.0047	0.0051
44	46	0.1359	16	2	0	0	0	0	0	0	0	0	1	1	1	0	0	0	0	0	0	Y	N	N	N	N	N	N	N	N	N	N	N	N	N	N	N	N	N	0.0000	0.0000	0.0000	0.0000	0.0000	0.0000	0.0000	0.0000	0.0000	0.0000	0.0000	0.0000	0.0000	0.0000	0.0000	0.0000	0.0000	0.0000	0.0000	0.0000	0.0000	0.0000	0.0000	0.0000	0.0000	0.0000	0.0000			0.0000	0.0000	1.0020	0.0007	0.0022	1.0103	0.0000	0.0000	0.0000	0.0000	0.0000	0.0000	0.0000	0.0000	0.0000	0.0000	0.0000	0.0000	0.0000	0.0000	0.0000	0.0000	0.0000	0.0000	0.0000	0.0000	0.0000	0.0000	0.0000	0.0000	0.0000	0.0000	0.0000	0.0054	0.0038	0.0016	0.0020	0.0019	0.0001	0.0034	0.0019	0.0015
44	47	0.1008	15	2	0	0	0	1	0	0	0	0	0	1	0	0	0	0	0	0	0	Y	N	N	N	N	N	N	N	N	N	N	N	N	N	N	N	N	N	106.0381	0.0877	85234.1030	0.1519	0.1153	21.8941	45777.2508	37.0146	368768.8858	0.0847	0.0001	0.7042	0.0009	0.0008	0.0033	0.0910	0.0001	0.7212	0.0008	0.0015	0.0000	0.0060	0.0070	0.0001	0.0000	0.0000	0.0000	736.3260	0.0048	0.0053	-0.0000	1.0020	6.8097	0.0022	3.8431	0.0069	0.0000	0.0069	0.0000	0.0000	0.0000	0.0069	0.0000	0.0069	0.0000	0.0000	0.0000	0.0000	0.0000	0.0000	0.0000	0.0000	0.0000	0.0814	0.0717	0.0098	0.0057	0.0055	0.0002	0.0758	0.0662	0.0096	0.0202	0.0108	0.0094	0.0027	0.0023	0.0004	0.0175	0.0085	0.0090
44	48	0.1713	19	2	0	1	0	0	0	1	0	0	0	1	0	0	0	0	0	0	0	Y	N	N	N	N	N	N	N	N	N	N	N	N	N	N	N	N	N	0.0000	0.0000	0.0000	0.0000	0.0000	0.0000	0.0000	0.0000	0.0000	0.0000	0.0000	0.0000	0.0000	0.0000	0.0000	0.0000	0.0000	0.0000	0.0000	0.0000	0.0000	0.0000	0.0000	0.0000	0.0000	0.0000	0.0000			0.0000	0.0000	1.0020	0.0000	0.0022	0.0001	0.0000	0.0000	0.0000	0.0000	0.0000	0.0000	0.0000	0.0000	0.0000	0.0000	0.0000	0.0000	0.0000	0.0000	0.0000	0.0000	0.0000	0.0000	0.0000	0.0000	0.0000	0.0000	0.0000	0.0000	0.0000	0.0000	0.0000	0.0002	0.0002	0.0001	0.0001	0.0001	0.0000	0.0001	0.0000	0.0001
44	49	0.1618	18	2	0	0	0	0	0	0	0	0	0	1	0	0	0	0	0	0	0	Y	N	N	N	N	N	N	N	N	N	N	N	N	N	N	N	N	N	0.8557	1.5667	0.0020	0.0000	0.0000	0.0000	0.9441	1.8728	0.0020	0.0002	0.0002	0.0000	0.0000	0.0000	0.0000	0.0002	0.0003	0.0000	0.0002	0.0001	0.0004	0.0001	0.0001	0.0000	0.0003	0.0002	0.0004	0.0005	1.5805	-0.0000	-0.0000	1.0020	1.6285	0.0022	1.0381	0.0000	0.0000	0.0000	0.0000	0.0000	0.0000	0.0000	0.0000	0.0000	0.0000	0.0000	0.0000	0.0000	0.0000	0.0000	0.0000	0.0000	0.0000	0.0268	0.0236	0.0031	0.0061	0.0060	0.0001	0.0206	0.0176	0.0030	0.0067	0.0042	0.0025	0.0016	0.0015	0.0001	0.0051	0.0027	0.0024
44	50	0.0339	8	2	0	1	1	0	0	0	1	0	0	2	1	0	0	0	0	0	0	Y	N	N	N	Y	N	N	N	N	N	N	N	N	N	N	N	N	N	0.0000	0.0000	0.0000	0.0000	0.0000	0.0000	0.0000	0.0000	0.0000	0.0000	0.0000	0.0000	0.0000	0.0000	0.0000	0.0000	0.0000	0.0000	0.0000	0.0000	0.0000	0.0001	0.0002	0.0000	0.0000	0.0000	0.0000		0.0000	0.0000	-0.0000	1.0020	0.0001	0.0022	0.9998	0.0000	0.0000	0.0000	0.0000	0.0000	0.0000	0.0000	0.0000	0.0000	0.0000	0.0000	0.0000	0.0000	0.0000	0.0000	0.0000	0.0000	0.0000	0.0000	0.0000	0.0000	0.0000	0.0000	0.0000	0.0000	0.0000	0.0000	0.0020	0.0010	0.0010	0.0000	0.0000	0.0000	0.0020	0.0009	0.0010
44	51	0.0339	8	2	0	1	0	0	0	0	0	0	0	2	1	0	0	0	0	0	0	Y	N	N	N	Y	N	N	N	N	N	N	N	N	N	N	N	N	N	0.0000	0.0000	0.0000	0.0000	0.0000	0.0000	0.0000	0.0000	0.0000	0.0000	0.0000	0.0000	0.0000	0.0000	0.0000	0.0000	0.0000	0.0000	0.0000	0.0000	0.0000	0.0000	0.0000	0.0000	0.0000	0.0000	0.0000			0.0000	0.0000	1.0020	0.0001	0.0022	1.0003	0.0000	0.0000	0.0000	0.0000	0.0000	0.0000	0.0000	0.0000	0.0000	0.0000	0.0000	0.0000	0.0000	0.0000	0.0000	0.0000	0.0000	0.0000	0.0000	0.0000	0.0000	0.0000	0.0000	0.0000	0.0000	0.0000	0.0000	0.0020	0.0010	0.0010	0.0000	0.0000	0.0000	0.0020	0.0009	0.0010
44	52	0.0307	7	2	0	1	0	0	0	1	0	0	0	2	1	0	0	0	0	0	0	Y	N	N	N	Y	N	N	N	N	N	N	N	N	N	N	N	N	N	0.0000	0.0000	0.0000	0.0000	0.0000	0.0000	0.0000	0.0000	0.0000	0.0000	0.0000	0.0000	0.0000	0.0000	0.0000	0.0000	0.0000	0.0000	0.0000	0.0000	0.0000	0.0000	0.0000	0.0000	0.0000	0.0000	0.0000		4.1808	0.0000	0.0000	1.0020	1.0000	0.0022	0.0042	0.0000	0.0000	0.0000	0.0000	0.0000	0.0000	0.0000	0.0000	0.0000	0.0000	0.0000	0.0000	0.0000	0.0000	0.0000	0.0000	0.0000	0.0000	0.0118	0.0103	0.0015	0.0002	0.0002	0.0000	0.0115	0.0101	0.0015	0.0020	0.0010	0.0010	0.0000	0.0000	0.0000	0.0020	0.0009	0.0010
44	53	0.0276	6	2	0	0	0	0	0	0	0	0	0	2	1	0	0	0	0	0	0	Y	N	N	N	Y	N	N	N	N	N	N	N	N	N	N	N	N	N	0.0000	0.0000	0.0000	0.0000	0.0000	0.0000	0.0000	0.0000	0.0000	0.0000	0.0000	0.0000	0.0000	0.0000	0.0000	0.0000	0.0000	0.0000	0.0000	0.0000	0.0000	0.0011	0.0013	0.0000	0.0000	0.0000	0.0000		0.0021	0.0000	-0.0000	1.0020	0.9921	0.0022	0.0076	0.0000	0.0000	0.0000	0.0000	0.0000	0.0000	0.0000	0.0000	0.0000	0.0000	0.0000	0.0000	0.0000	0.0000	0.0000	0.0000	0.0000	0.0000	0.0117	0.0102	0.0015	0.0002	0.0002	0.0000	0.0115	0.0101	0.0015	0.0020	0.0010	0.0010	0.0000	0.0000	0.0000	0.0020	0.0009	0.0010
44	54	0.0906	10	2	0	1	0	0	0	0	0	0	0	2	0	0	0	0	0	0	0	Y	N	N	N	Y	N	N	N	N	N	N	N	N	N	N	N	N	N	0.0000	0.0000	0.0000	0.0000	0.0000	0.0000	0.0000	0.0000	0.0000	0.0000	0.0000	0.0000	0.0000	0.0000	0.0000	0.0000	0.0000	0.0000	0.0000	0.0000	0.0000	0.0000	0.0000	0.0000	0.0000	0.0000	0.0000			0.0000	0.0000	1.0020	0.0000	0.0022	0.0000	0.0000	0.0000	0.0000	0.0000	0.0000	0.0000	0.0000	0.0000	0.0000	0.0000	0.0000	0.0000	0.0000	0.0000	0.0000	0.0000	0.0000	0.0000	0.0000	0.0000	0.0000	0.0000	0.0000	0.0000	0.0000	0.0000	0.0000	0.0000	0.0000	0.0000	0.0000	0.0000	0.0000	0.0000	0.0000	0.0000
44	58	0.0291	8	2	0	1	0	0	0	0	0	0	1	1	1	0	0	0	0	0	0	Y	N	N	N	N	N	N	N	N	N	N	N	N	N	N	N	N	N	0.0000	0.0000	0.0000	0.0000	0.0000	0.0000	0.0000	0.0000	0.0000	0.0000	0.0000	0.0000	0.0000	0.0000	0.0000	0.0000	0.0000	0.0000	0.0019	0.0001	0.0045	0.0004	0.0004	0.0000	0.0022	0.0000	0.0045		34.1356	0.0000	0.0000	1.0020	1.0033	0.0022	1.0015	0.0000	0.0000	0.0000	0.0000	0.0000	0.0000	0.0000	0.0000	0.0000	0.0000	0.0000	0.0000	0.0000	0.0000	0.0000	0.0000	0.0000	0.0000	0.0117	0.0102	0.0015	0.0003	0.0003	0.0000	0.0114	0.0099	0.0015	0.0052	0.0030	0.0022	0.0007	0.0007	0.0000	0.0046	0.0023	0.0022
44	59	0.0145	7	2	0	1	0	0	0	0	0	0	0	1	0	0	0	0	0	0	0	Y	N	N	N	N	N	N	N	N	N	N	N	N	N	N	N	N	N	0.0000	0.0000	0.0000	0.0000	0.0000	0.0000	0.0000	0.0000	0.0000	0.0000	0.0000	0.0000	0.0000	0.0000	0.0000	0.0000	0.0000	0.0000	0.0012	0.0024	0.0001	0.0000	0.0000	0.0000	0.0012	0.0024	0.0001		0.0453	0.0000	-0.0000	1.0020	2.9984	0.0022	1.5227	0.0000	0.0000	0.0000	0.0000	0.0000	0.0000	0.0000	0.0000	0.0000	0.0000	0.0000	0.0000	0.0000	0.0000	0.0000	0.0000	0.0000	0.0000	0.0350	0.0305	0.0044	0.0002	0.0002	0.0000	0.0347	0.0303	0.0044	0.0088	0.0042	0.0046	0.0000	0.0000	0.0000	0.0088	0.0042	0.0046
44	60	0.0048	3	2	0	0	0	0	0	0	0	0	0	2	1	0	0	0	0	0	0	Y	N	N	N	Y	N	N	N	N	N	N	N	N	N	N	N	N	N	0.0000	0.0000	0.0000	0.0000	0.0000	0.0000	0.0000	0.0000	0.0000	0.0000	0.0000	0.0000	0.0000	0.0000	0.0000	0.0000	0.0000	0.0000	0.0029	0.0061	0.0000	0.0000	0.0000	0.0000	0.0029	0.0061	0.0000		0.0000	0.0000	-0.0000	1.0020	2.0000	0.0022	7.0000	0.0000	0.0000	0.0000	0.0000	0.0000	0.0000	0.0000	0.0000	0.0000	0.0001	0.0001	0.0000	0.0000	0.0000	0.0000	0.0001	0.0001	0.0000	0.0234	0.0204	0.0030	0.0000	0.0000	0.0000	0.0234	0.0204	0.0030	0.0173	0.0083	0.0090	0.0000	0.0000	0.0000	0.0173	0.0083	0.0090
44	61	0.0048	2	2	0	0	0	0	0	0	0	0	1	2	1	0	0	0	0	0	0	Y	N	N	N	Y	N	N	N	N	N	N	N	N	N	N	N	N	N	0.0000	0.0000	0.0000	0.0000	0.0000	0.0000	0.0000	0.0000	0.0000	0.0000	0.0000	0.0000	0.0000	0.0000	0.0000	0.0000	0.0000	0.0000	0.0000	0.0000	0.0000	0.0000	0.0000	0.0000	0.0000	0.0000	0.0000			0.0000	0.0000	1.0020	0.0000	0.0022	0.0000	0.0000	0.0000	0.0000	0.0000	0.0000	0.0000	0.0000	0.0000	0.0000	0.0000	0.0000	0.0000	0.0000	0.0000	0.0000	0.0000	0.0000	0.0000	0.0000	0.0000	0.0000	0.0000	0.0000	0.0000	0.0000	0.0000	0.0000	0.0000	0.0000	0.0000	0.0000	0.0000	0.0000	0.0000	0.0000	0.0000
44	62	0.0773	11	2	0	1	0	0	0	0	0	0	0	2	0	0	0	0	0	0	0	Y	N	N	N	Y	N	N	N	N	N	N	N	N	N	N	N	N	N	0.0000	0.0000	0.0000	0.0000	0.0000	0.0000	0.0000	0.0000	0.0000	0.0000	0.0000	0.0000	0.0000	0.0000	0.0000	0.0000	0.0000	0.0000	0.0000	0.0000	0.0000	0.0000	0.0000	0.0000	0.0000	0.0000	0.0000		1.5543	0.0000	-0.0000	1.0020	0.9672	0.0022	2.9870	0.0000	0.0000	0.0000	0.0000	0.0000	0.0000	0.0000	0.0000	0.0000	0.0000	0.0000	0.0000	0.0000	0.0000	0.0000	0.0000	0.0000	0.0000	0.0127	0.0112	0.0014	0.0009	0.0008	0.0000	0.0118	0.0104	0.0014	0.0117	0.0076	0.0041	0.0027	0.0026	0.0001	0.0091	0.0051	0.0040
44	63	0.0462	10	2	0	1	0	0	0	0	0	1	0	2	0	0	0	0	0	0	0	Y	N	N	N	Y	N	N	N	N	N	N	N	N	N	N	N	N	N	0.0000	0.0000	0.0000	0.0000	0.0000	0.0000	0.0000	0.0000	0.0000	0.0000	0.0000	0.0000	0.0000	0.0000	0.0000	0.0000	0.0000	0.0000	0.0010	0.0010	0.0010	0.0001	0.0001	0.0000	0.0011	0.0011	0.0010		0.9876	0.0000	-0.0000	1.0020	2.0363	0.0022	7.8590	0.0000	0.0000	0.0000	0.0000	0.0000	0.0000	0.0000	0.0000	0.0000	0.0000	0.0000	0.0000	0.0000	0.0000	0.0000	0.0000	0.0000	0.0000	0.0240	0.0209	0.0030	0.0003	0.0003	0.0000	0.0237	0.0207	0.0030	0.0197	0.0098	0.0099	0.0009	0.0008	0.0000	0.0189	0.0090	0.0099
44	64	0.0404	9	2	0	1	0	0	0	0	0	0	0	1	0	0	0	0	0	0	0	Y	N	N	N	N	N	N	N	N	N	N	N	N	N	N	N	N	N	0.0000	0.0000	0.0000	0.0000	0.0000	0.0000	0.0000	0.0000	0.0000	0.0000	0.0000	0.0000	0.0000	0.0000	0.0000	0.0000	0.0000	0.0000	0.0001	0.0001	0.0001	0.0000	0.0000	0.0000	0.0001	0.0001	0.0001		0.9365	0.0000	-0.0000	1.0020	0.0049	0.0022	1.8223	0.0000	0.0000	0.0000	0.0000	0.0000	0.0000	0.0000	0.0000	0.0000	0.0000	0.0000	0.0000	0.0000	0.0000	0.0000	0.0000	0.0000	0.0000	0.0001	0.0001	0.0000	0.0000	0.0000	0.0000	0.0001	0.0001	0.0000	0.0036	0.0018	0.0018	0.0000	0.0000	0.0000	0.0035	0.0017	0.0018
44	65	0.0177	8	2	0	1	0	0	0	0	0	0	0	1	0	0	0	0	0	0	0	Y	N	N	N	N	N	N	N	N	N	N	N	N	N	N	N	N	N	0.0145	0.0080	0.0000	0.0084	0.0086	0.0000	0.0000	0.0000	0.0000	0.0000	0.0000	0.0000	0.0000	0.0000	0.0000	0.0000	0.0000	0.0000	0.0000	0.0000	0.0000	0.0015	0.0015	0.0000	0.0000	0.0000	0.0000	0.0000	0.0000	-0.0000	-0.0000	1.0020	2.0010	0.0022	3.9928	0.0000	0.0000	0.0000	0.0000	0.0000	0.0000	0.0000	0.0000	0.0000	0.0000	0.0000	0.0000	0.0000	0.0000	0.0000	0.0000	0.0000	0.0000	0.0235	0.0205	0.0030	0.0001	0.0001	0.0000	0.0233	0.0203	0.0030	0.0117	0.0056	0.0061	0.0000	0.0000	0.0000	0.0117	0.0056	0.0061
44	66	0.0145	7	2	0	1	0	0	0	0	0	0	0	1	0	0	0	0	0	0	0	Y	N	N	N	N	N	N	N	N	N	N	N	N	N	N	N	N	N	0.0050	0.0041	0.0000	0.0000	0.0000	0.0000	0.0050	0.0041	0.0000	0.0000	0.0000	0.0000	0.0000	0.0000	0.0000	0.0000	0.0000	0.0000	0.0000	0.0000	0.0000	0.0000	0.0000	0.0000	0.0000	0.0000	0.0000	0.0000	0.4797	-0.0000	-0.0000	1.0020	1.0002	0.0022	0.0173	0.0000	0.0000	0.0000	0.0000	0.0000	0.0000	0.0000	0.0000	0.0000	0.0000	0.0000	0.0000	0.0000	0.0000	0.0000	0.0000	0.0000	0.0000	0.0118	0.0103	0.0015	0.0001	0.0001	0.0000	0.0117	0.0102	0.0015	0.0020	0.0010	0.0011	0.0000	0.0000	0.0000	0.0020	0.0010	0.0011
44	67	0.0145	6	2	0	1	0	0	0	1	0	0	0	1	0	0	0	0	0	0	0	Y	N	N	N	N	N	N	N	N	N	N	N	N	N	N	N	N	N	0.0000	0.0000	0.0000	0.0000	0.0000	0.0000	0.0000	0.0000	0.0000	0.0000	0.0000	0.0000	0.0000	0.0000	0.0000	0.0000	0.0000	0.0000	0.0000	0.0000	0.0000	0.0000	0.0000	0.0000	0.0000	0.0000	0.0000			0.0000	0.0000	1.0020	0.0001	0.0022	0.0028	0.0000	0.0000	0.0000	0.0000	0.0000	0.0000	0.0000	0.0000	0.0000	0.0000	0.0000	0.0000	0.0000	0.0000	0.0000	0.0000	0.0000	0.0000	0.0000	0.0000	0.0000	0.0000	0.0000	0.0000	0.0000	0.0000	0.0000	0.0000	0.0000	0.0000	0.0000	0.0000	0.0000	0.0000	0.0000	0.0000
44	68	0.1618	18	2	0	0	0	0	0	0	0	0	1	1	1	0	0	0	0	0	0	Y	N	N	N	N	N	N	N	N	N	N	N	N	N	N	N	N	N	0.0000	0.0000	0.0000	0.0000	0.0000	0.0000	0.0000	0.0000	0.0000	0.0000	0.0000	0.0000	0.0000	0.0000	0.0000	0.0000	0.0000	0.0000	0.0000	0.0000	0.0000	0.0001	0.0001	0.0000	0.0000	0.0000	0.0000		0.0007	0.0000	-0.0000	1.0020	1.4193	0.0022	5.2011	0.0000	0.0000	0.0000	0.0000	0.0000	0.0000	0.0000	0.0000	0.0000	0.0000	0.0000	0.0000	0.0000	0.0000	0.0000	0.0000	0.0000	0.0000	0.0245	0.0216	0.0028	0.0059	0.0058	0.0001	0.0186	0.0158	0.0028	0.0134	0.0076	0.0057	0.0024	0.0021	0.0003	0.0109	0.0056	0.0054
44	69	0.1117	17	2	0	0	0	1	0	0	0	0	0	1	0	0	0	0	0	0	0	Y	N	N	N	N	N	N	N	N	N	N	N	N	N	N	N	N	N	1.5619	0.9428	0.4237	25.3198	21.7010	inf	0.0009	0.0000	0.3446	0.0007	0.0009	0.0000	0.0128	0.0134	0.0000	0.0000	0.0000	0.0000	0.0005	0.0009	0.0000	0.0005	0.0006	0.0000	0.0005	0.0010	0.0000	0.0006	0.0093	-0.0000	-0.0000	1.0020	9.3928	0.0022	3.6523	0.0001	0.0001	0.0000	0.0001	0.0001	0.0000	0.0000	0.0000	0.0000	0.0000	0.0000	0.0000	0.0000	0.0000	0.0000	0.0000	0.0000	0.0000	0.1071	0.0941	0.0130	0.0063	0.0060	0.0003	0.1008	0.0881	0.0127	0.0240	0.0126	0.0114	0.0028	0.0023	0.0005	0.0212	0.0104	0.0109
44	73	0.0199	2	2	0	1	0	0	0	1	0	0	0	2	0	0	0	0	0	0	0	Y	N	N	N	Y	N	N	N	N	N	N	N	N	N	N	N	N	N	29161.2813	16580.7570	inf	85.8871	85.9722	inf	inf	inf	inf	0.0068	0.0076	0.0000	0.0004	0.0005	0.0000	0.0081	0.0093	0.0000	0.0000	0.0000	0.0000	0.0000	0.0000	0.0000	0.0000	0.0000	0.0000	0.0002	0.0000	-0.0001	-0.0000	1.0020	3.9579	0.0022	0.9988	0.0005	0.0005	0.0000	0.0000	0.0000	0.0000	0.0005	0.0005	0.0000	0.0000	0.0000	0.0000	0.0000	0.0000	0.0000	0.0000	0.0000	0.0000	0.0689	0.0616	0.0073	0.0120	0.0119	0.0001	0.0569	0.0497	0.0072	0.0104	0.0053	0.0051	0.0005	0.0005	0.0000	0.0099	0.0048	0.0051
44	77	0.0525	10	2	0	0	0	1	0	0	0	0	0	1	0	0	0	0	0	0	0	Y	N	N	N	N	N	N	N	N	N	N	N	N	N	N	N	N	N	0.0000	0.0000	0.0000	0.0000	0.0000	0.0000	0.0000	0.0000	0.0000	0.0000	0.0000	0.0000	0.0000	0.0000	0.0000	0.0000	0.0000	0.0000	0.0000	0.0000	0.0000	0.0004	0.0004	0.0000	0.0000	0.0000	0.0000		0.0000	0.0000	-0.0000	1.0020	3.3326	0.0022	4.0108	0.0000	0.0000	0.0000	0.0000	0.0000	0.0000	0.0000	0.0000	0.0000	0.0000	0.0000	0.0000	0.0000	0.0000	0.0000	0.0000	0.0000	0.0000	0.0414	0.0364	0.0051	0.0021	0.0020	0.0000	0.0394	0.0343	0.0051	0.0138	0.0069	0.0070	0.0002	0.0002	0.0000	0.0136	0.0067	0.0069
44	78	0.0403	10	2	0	1	0	0	0	1	0	0	0	2	1	0	0	0	0	0	0	Y	N	N	N	Y	N	N	N	N	N	N	N	N	N	N	N	N	N	0.0000	0.0000	0.0000	0.0000	0.0000	0.0000	0.0000	0.0000	0.0000	0.0000	0.0000	0.0000	0.0000	0.0000	0.0000	0.0000	0.0000	0.0000	0.0050	0.0100	0.0000	0.0001	0.0001	0.0000	0.0051	0.0106	0.0000		0.0000	0.0000	-0.0000	1.0020	0.0000	0.0022	0.9988	0.0000	0.0000	0.0000	0.0000	0.0000	0.0000	0.0000	0.0000	0.0000	0.0000	0.0000	0.0000	0.0000	0.0000	0.0000	0.0000	0.0000	0.0000	0.0000	0.0000	0.0000	0.0000	0.0000	0.0000	0.0000	0.0000	0.0000	0.0020	0.0010	0.0010	0.0001	0.0001	0.0000	0.0019	0.0009	0.0010
44	79	0.0371	9	2	0	0	0	0	0	0	0	0	0	2	1	0	0	0	0	0	0	Y	N	N	N	Y	N	N	N	N	N	N	N	N	N	N	N	N	N	0.0000	0.0000	0.0000	0.0000	0.0000	0.0000	0.0000	0.0000	0.0000	0.0000	0.0000	0.0000	0.0000	0.0000	0.0000	0.0000	0.0000	0.0000	0.0000	0.0000	0.0000	0.0000	0.0000	0.0000	0.0000	0.0000	0.0000		0.3275	0.0000	-0.0000	1.0020	0.0001	0.0022	1.0072	0.0000	0.0000	0.0000	0.0000	0.0000	0.0000	0.0000	0.0000	0.0000	0.0000	0.0000	0.0000	0.0000	0.0000	0.0000	0.0000	0.0000	0.0000	0.0000	0.0000	0.0000	0.0000	0.0000	0.0000	0.0000	0.0000	0.0000	0.0020	0.0010	0.0010	0.0001	0.0000	0.0000	0.0019	0.0009	0.0010
44	80	0.0274	8	2	0	0	0	0	0	0	0	0	0	2	1	0	0	0	0	0	0	Y	N	N	N	Y	N	N	N	N	N	N	N	N	N	N	N	N	N	0.0000	0.0000	0.0000	0.0000	0.0000	0.0000	0.0000	0.0000	0.0000	0.0000	0.0000	0.0000	0.0000	0.0000	0.0000	0.0000	0.0000	0.0000	0.0034	0.0035	0.0033	0.0004	0.0005	0.0000	0.0034	0.0036	0.0033		0.9908	0.0000	-0.0000	1.0020	1.0058	0.0022	1.9973	0.0000	0.0000	0.0000	0.0000	0.0000	0.0000	0.0000	0.0000	0.0000	0.0000	0.0000	0.0000	0.0000	0.0000	0.0000	0.0000	0.0000	0.0000	0.0120	0.0105	0.0015	0.0003	0.0003	0.0000	0.0117	0.0102	0.0015	0.0059	0.0029	0.0030	0.0001	0.0001	0.0000	0.0058	0.0028	0.0030
44	81	0.0404	9	2	0	1	0	0	0	0	0	0	0	1	0	0	0	0	0	0	0	Y	N	N	N	N	N	N	N	N	N	N	N	N	N	N	N	N	N	0.0000	0.0000	0.0000	0.0000	0.0000	0.0000	0.0000	0.0000	0.0000	0.0000	0.0000	0.0000	0.0000	0.0000	0.0000	0.0000	0.0000	0.0000	0.0000	0.0000	0.0000	0.0000	0.0000	0.0000	0.0000	0.0000	0.0000			0.0000	0.0000	1.0020	7.0000	0.0022	2.0013	0.0000	0.0000	0.0000	0.0000	0.0000	0.0000	0.0000	0.0000	0.0000	0.0000	0.0000	0.0000	0.0000	0.0000	0.0000	0.0000	0.0000	0.0000	0.0797	0.0697	0.0100	0.0008	0.0007	0.0000	0.0789	0.0689	0.0100	0.0170	0.0083	0.0087	0.0002	0.0002	0.0000	0.0168	0.0081	0.0087
44	82	0.0404	8	2	0	1	0	1	0	1	0	0	0	1	0	0	0	0	0	0	0	Y	N	N	N	N	N	N	N	N	N	N	N	N	N	N	N	N	N	0.0000	0.0000	0.0000	0.0000	0.0000	0.0000	0.0000	0.0000	0.0000	0.0000	0.0000	0.0000	0.0000	0.0000	0.0000	0.0000	0.0000	0.0000	0.0000	0.0000	0.0000	0.0000	0.0000	0.0000	0.0000	0.0000	0.0000			0.0000	0.0000	1.0020	0.0005	0.0022	0.0029	0.0000	0.0000	0.0000	0.0000	0.0000	0.0000	0.0000	0.0000	0.0000	0.0000	0.0000	0.0000	0.0000	0.0000	0.0000	0.0000	0.0000	0.0000	0.0000	0.0000	0.0000	0.0000	0.0000	0.0000	0.0000	0.0000	0.0000	0.0000	0.0000	0.0000	0.0000	0.0000	0.0000	0.0000	0.0000	0.0000
44	83	0.0274	8	2	0	0	0	0	0	0	0	0	0	2	1	0	0	0	0	0	0	Y	N	N	N	Y	N	N	N	N	N	N	N	N	N	N	N	N	N	0.0000	0.0000	0.0000	0.0000	0.0000	0.0000	0.0000	0.0000	0.0000	0.0000	0.0000	0.0000	0.0000	0.0000	0.0000	0.0000	0.0000	0.0000	0.0019	0.0030	0.0009	0.0003	0.0005	0.0000	0.0020	0.0031	0.0010		0.3321	0.0000	-0.0000	1.0020	5.0069	0.0022	6.0103	0.0000	0.0000	0.0000	0.0000	0.0000	0.0000	0.0000	0.0000	0.0000	0.0000	0.0000	0.0000	0.0000	0.0000	0.0000	0.0000	0.0000	0.0000	0.0579	0.0506	0.0073	0.0012	0.0011	0.0001	0.0567	0.0495	0.0072	0.0206	0.0100	0.0106	0.0004	0.0003	0.0001	0.0202	0.0097	0.0105
44	84	0.0210	7	2	0	0	0	0	0	0	0	1	1	2	1	0	0	0	0	0	0	Y	N	N	N	Y	N	N	N	N	N	N	N	N	N	N	N	N	N	0.0000	0.0000	0.0000	0.0000	0.0000	0.0000	0.0000	0.0000	0.0000	0.0000	0.0000	0.0000	0.0000	0.0000	0.0000	0.0000	0.0000	0.0000	0.0000	0.0001	0.0000	0.0002	0.0002	0.0000	0.0000	0.0000	0.0000		0.8981	0.0000	-0.0000	1.0020	1.9932	0.0022	0.0278	0.0000	0.0000	0.0000	0.0000	0.0000	0.0000	0.0000	0.0000	0.0000	0.0000	0.0000	0.0000	0.0000	0.0000	0.0000	0.0000	0.0000	0.0000	0.0234	0.0205	0.0030	0.0002	0.0002	0.0000	0.0232	0.0203	0.0030	0.0041	0.0020	0.0021	0.0001	0.0001	0.0000	0.0040	0.0019	0.0021
44	85	0.0692	9	2	0	1	0	0	0	0	0	0	0	1	0	0	0	0	0	0	0	Y	N	N	N	N	N	N	N	N	N	N	N	N	N	N	N	N	N	1410.2760	938.7932	7.2911	10510.5692	10662.1098	46.4180	1311.6861	803.8715	7.2777	4.1641	4.7522	0.0034	0.6091	0.6481	0.0010	4.3103	4.9337	0.0034	0.0030	0.0051	0.0005	0.0001	0.0001	0.0000	0.0033	0.0061	0.0005	0.0001	0.0770	-0.1063	-0.0001	1.0020	9.9670	0.0022	12.6920	0.4606	0.4606	0.0000	0.0027	0.0027	0.0000	0.4580	0.4579	0.0000	0.0001	0.0001	0.0000	0.0000	0.0000	0.0000	0.0001	0.0001	0.0000	0.1106	0.0969	0.0137	0.0044	0.0041	0.0003	0.1063	0.0928	0.0134	0.0449	0.0243	0.0206	0.0046	0.0043	0.0003	0.0402	0.0200	0.0202
44	86	0.0627	8	2	0	1	0	1	0	1	0	0	0	1	0	0	0	0	0	0	0	Y	N	N	N	N	N	N	N	N	N	N	N	N	N	N	N	N	N	492.4873	416.6064	309.4155	103.9451	102.7624	355.3209	725.1792	618.0382	309.7588	1.6813	1.7975	0.5474	0.6064	0.6091	0.2634	1.9258	2.0996	0.5519	0.0034	0.0043	0.0018	0.0058	0.0059	0.0007	0.0027	0.0034	0.0018	0.0312	0.2245	-0.0091	-0.0000	1.0020	1.5419	0.0022	1.3342	0.0453	0.0440	0.0014	0.0030	0.0030	0.0000	0.0423	0.0409	0.0014	0.0000	0.0000	0.0000	0.0000	0.0000	0.0000	0.0000	0.0000	0.0000	0.0270	0.0245	0.0025	0.0050	0.0050	0.0000	0.0220	0.0195	0.0025	0.0099	0.0064	0.0035	0.0024	0.0023	0.0000	0.0075	0.0041	0.0035
44	90	0.1070	14	2	0	1	0	0	0	1	0	0	0	1	0	0	0	0	0	0	0	Y	N	N	N	N	N	N	N	N	N	N	N	N	N	N	N	N	N	0.3888	0.2927	0.0000	159.3291	163.1972	0.0000	0.1691	0.1159	0.0000	0.0008	0.0009	0.0000	0.0070	0.0073	0.0000	0.0004	0.0005	0.0000	0.0021	0.0032	0.0008	0.0000	0.0000	0.0000	0.0024	0.0040	0.0008	0.0000	0.2150	-0.0000	-0.0000	1.0020	5.9354	0.0022	8.3561	0.0001	0.0001	0.0000	0.0000	0.0000	0.0000	0.0000	0.0000	0.0000	0.0001	0.0000	0.0000	0.0000	0.0000	0.0000	0.0001	0.0000	0.0000	0.0696	0.0610	0.0086	0.0043	0.0041	0.0002	0.0653	0.0569	0.0084	0.0291	0.0158	0.0133	0.0040	0.0035	0.0005	0.0252	0.0124	0.0128
44	91	0.0901	13	2	0	0	0	0	0	0	0	0	0	1	0	0	0	0	0	0	0	Y	N	N	N	N	N	N	N	N	N	N	N	N	N	N	N	N	N	1.2966	4.2619	0.0002	0.2631	0.2728	0.0000	1.1025	3.3099	0.0002	0.0018	0.0021	0.0000	0.0000	0.0000	0.0000	0.0019	0.0022	0.0000	0.0014	0.0005	0.0026	0.0001	0.0001	0.0001	0.0017	0.0007	0.0027	0.0000	3.9904	-0.0000	0.0000	1.0020	1.5872	0.0022	4.4746	0.0000	0.0000	0.0000	0.0000	0.0000	0.0000	0.0000	0.0000	0.0000	0.0000	0.0000	0.0000	0.0000	0.0000	0.0000	0.0000	0.0000	0.0000	0.0186	0.0163	0.0023	0.0009	0.0008	0.0000	0.0178	0.0155	0.0023	0.0165	0.0095	0.0070	0.0034	0.0032	0.0002	0.0131	0.0063	0.0068
44	92	0.0276	6	2	0	0	1	0	0	0	1	0	0	2	1	0	0	0	0	0	0	Y	N	N	N	Y	N	N	N	N	N	N	N	N	N	N	N	N	N	0.0000	0.0000	0.0000	0.0000	0.0000	0.0000	0.0000	0.0000	0.0000	0.0000	0.0000	0.0000	0.0000	0.0000	0.0000	0.0000	0.0000	0.0000	0.0033	0.0035	0.0032	0.0000	0.0000	0.0000	0.0034	0.0036	0.0033		1.0012	0.0000	-0.0000	1.0020	1.0091	0.0022	1.9972	0.0000	0.0000	0.0000	0.0000	0.0000	0.0000	0.0000	0.0000	0.0000	0.0000	0.0000	0.0000	0.0000	0.0000	0.0000	0.0000	0.0000	0.0000	0.0119	0.0104	0.0015	0.0002	0.0002	0.0000	0.0117	0.0102	0.0015	0.0060	0.0029	0.0031	0.0001	0.0001	0.0000	0.0059	0.0028	0.0031
44	93	0.0113	5	2	0	0	0	0	0	0	0	0	1	2	1	0	0	0	0	0	0	Y	N	N	N	Y	N	N	N	N	N	N	N	N	N	N	N	N	N	0.0000	0.0000	0.0000	0.0000	0.0000	0.0000	0.0000	0.0000	0.0000	0.0000	0.0000	0.0000	0.0000	0.0000	0.0000	0.0000	0.0000	0.0000	0.0000	0.0000	0.0000	0.0000	0.0000	0.0000	0.0000	0.0000	0.0000		0.5927	0.0000	-0.0000	1.0020	2.0083	0.0022	3.0031	0.0000	0.0000	0.0000	0.0000	0.0000	0.0000	0.0000	0.0000	0.0000	0.0000	0.0000	0.0000	0.0000	0.0000	0.0000	0.0000	0.0000	0.0000	0.0234	0.0204	0.0030	0.0001	0.0001	0.0000	0.0233	0.0203	0.0030	0.0098	0.0047	0.0051	0.0000	0.0000	0.0000	0.0098	0.0047	0.0051
44	94	0.0113	4	2	0	0	0	0	0	0	0	0	0	2	0	0	0	0	0	0	0	Y	N	N	N	Y	N	N	N	N	N	N	N	N	N	N	N	N	N	0.0000	0.0000	0.0000	0.0000	0.0000	0.0000	0.0000	0.0000	0.0000	0.0000	0.0000	0.0000	0.0000	0.0000	0.0000	0.0000	0.0000	0.0000	0.0000	0.0000	0.0000	0.0000	0.0000	0.0000	0.0000	0.0000	0.0000			0.0000	-0.0000	1.0020	0.0000	0.0022	0.0002	0.0000	0.0000	0.0000	0.0000	0.0000	0.0000	0.0000	0.0000	0.0000	0.0000	0.0000	0.0000	0.0000	0.0000	0.0000	0.0000	0.0000	0.0000	0.0000	0.0000	0.0000	0.0000	0.0000	0.0000	0.0000	0.0000	0.0000	0.0000	0.0000	0.0000	0.0000	0.0000	0.0000	0.0000	0.0000	0.0000
44	95	0.0080	3	2	0	0	0	0	0	0	0	0	0	2	0	0	0	0	0	0	0	Y	N	N	N	Y	N	N	N	N	N	N	N	N	N	N	N	N	N	0.0000	0.0000	0.0000	0.0000	0.0000	0.0000	0.0000	0.0000	0.0000	0.0000	0.0000	0.0000	0.0000	0.0000	0.0000	0.0000	0.0000	0.0000	0.0000	0.0000	0.0000	0.0000	0.0000	0.0000	0.0000	0.0000	0.0000			0.0000	-0.0000	1.0020	1.0000	0.0022	0.0001	0.0000	0.0000	0.0000	0.0000	0.0000	0.0000	0.0000	0.0000	0.0000	0.0000	0.0000	0.0000	0.0000	0.0000	0.0000	0.0000	0.0000	0.0000	0.0118	0.0103	0.0015	0.0000	0.0000	0.0000	0.0118	0.0102	0.0015	0.0020	0.0010	0.0010	0.0000	0.0000	0.0000	0.0020	0.0010	0.0010
44	99	0.0373	7	2	0	1	0	1	0	1	0	0	0	1	0	0	0	0	0	0	0	Y	N	N	N	N	N	N	N	N	N	N	N	N	N	N	N	N	N	0.0000	0.0000	0.0000	0.0000	0.0000	0.0000	0.0000	0.0000	0.0000	0.0000	0.0000	0.0000	0.0000	0.0000	0.0000	0.0000	0.0000	0.0000	0.0017	0.0014	0.0020	0.0000	0.0000	0.0000	0.0017	0.0014	0.0020		1.5000	0.0000	-0.0000	1.0020	5.0000	0.0022	11.0015	0.0000	0.0000	0.0000	0.0000	0.0000	0.0000	0.0000	0.0000	0.0000	0.0001	0.0000	0.0000	0.0000	0.0000	0.0000	0.0001	0.0000	0.0000	0.0574	0.0502	0.0073	0.0006	0.0005	0.0000	0.0569	0.0496	0.0072	0.0291	0.0143	0.0148	0.0004	0.0003	0.0001	0.0287	0.0139	0.0148
44	100	0.1181	17	2	0	1	0	0	0	0	0	0	0	1	0	0	0	0	0	0	0	Y	N	N	N	N	N	N	N	N	N	N	N	N	N	N	N	N	N	0.0000	0.0000	0.0000	0.0000	0.0000	0.0000	0.0000	0.0000	0.0000	0.0000	0.0000	0.0000	0.0000	0.0000	0.0000	0.0000	0.0000	0.0000	0.0000	0.0000	0.0000	0.0000	0.0000	0.0000	0.0000	0.0000	0.0000		0.0311	0.0000	-0.0000	1.0020	2.0003	0.0022	3.6794	0.0000	0.0000	0.0000	0.0000	0.0000	0.0000	0.0000	0.0000	0.0000	0.0000	0.0000	0.0000	0.0000	0.0000	0.0000	0.0000	0.0000	0.0000	0.0236	0.0207	0.0029	0.0016	0.0015	0.0001	0.0220	0.0192	0.0028	0.0117	0.0066	0.0051	0.0021	0.0018	0.0003	0.0096	0.0048	0.0049
44	101	0.1074	16	2	0	1	0	1	0	1	0	0	0	1	0	0	0	0	0	0	0	Y	N	N	N	N	N	N	N	N	N	N	N	N	N	N	N	N	N	0.0000	0.0000	0.0000	0.0000	0.0000	0.0000	0.0000	0.0000	0.0000	0.0000	0.0000	0.0000	0.0000	0.0000	0.0000	0.0000	0.0000	0.0000	0.0062	0.0118	0.0000	0.0128	0.0153	0.0000	0.0053	0.0109	0.0000		0.0002	0.0000	-0.0000	1.0020	0.0087	0.0022	3.3708	0.0000	0.0000	0.0000	0.0000	0.0000	0.0000	0.0000	0.0000	0.0000	0.0000	0.0000	0.0000	0.0000	0.0000	0.0000	0.0000	0.0000	0.0000	0.0004	0.0003	0.0000	0.0002	0.0002	0.0000	0.0002	0.0002	0.0000	0.0064	0.0034	0.0030	0.0008	0.0006	0.0001	0.0057	0.0027	0.0029
44	106	0.0210	7	2	0	1	0	0	0	1	0	0	0	1	0	0	0	0	0	0	0	Y	N	N	N	N	N	N	N	N	N	N	N	N	N	N	N	N	N	0.0000	0.0000	0.0000	0.0000	0.0000	0.0000	0.0000	0.0000	0.0000	0.0000	0.0000	0.0000	0.0000	0.0000	0.0000	0.0000	0.0000	0.0000	0.0013	0.0013	0.0013	0.0000	0.0000	0.0000	0.0013	0.0014	0.0013		0.9998	0.0000	-0.0000	1.0020	3.0043	0.0022	5.0032	0.0000	0.0000	0.0000	0.0000	0.0000	0.0000	0.0000	0.0000	0.0000	0.0000	0.0000	0.0000	0.0000	0.0000	0.0000	0.0000	0.0000	0.0000	0.0351	0.0306	0.0045	0.0003	0.0003	0.0000	0.0348	0.0303	0.0044	0.0155	0.0075	0.0080	0.0003	0.0002	0.0001	0.0152	0.0073	0.0079
44	107	0.0145	6	2	0	0	0	0	0	0	0	0	0	1	0	0	0	0	0	0	0	Y	N	N	N	N	N	N	N	N	N	N	N	N	N	N	N	N	N	0.0000	0.0000	0.0000	0.0000	0.0000	0.0000	0.0000	0.0000	0.0000	0.0000	0.0000	0.0000	0.0000	0.0000	0.0000	0.0000	0.0000	0.0000	0.0000	0.0000	0.0000	0.0000	0.0000	0.0000	0.0000	0.0000	0.0000		0.9307	0.0000	-0.0000	1.0020	1.0015	0.0022	0.9989	0.0000	0.0000	0.0000	0.0000	0.0000	0.0000	0.0000	0.0000	0.0000	0.0000	0.0000	0.0000	0.0000	0.0000	0.0000	0.0000	0.0000	0.0000	0.0118	0.0103	0.0015	0.0001	0.0001	0.0000	0.0117	0.0102	0.0015	0.0040	0.0019	0.0021	0.0000	0.0000	0.0000	0.0040	0.0019	0.0021
44	108	0.0113	5	2	0	0	0	0	0	0	0	0	0	1	0	0	0	0	0	0	0	Y	N	N	N	N	N	N	N	N	N	N	N	N	N	N	N	N	N	0.0000	0.0000	0.0000	0.0000	0.0000	0.0000	0.0000	0.0000	0.0000	0.0000	0.0000	0.0000	0.0000	0.0000	0.0000	0.0000	0.0000	0.0000	0.0000	0.0000	0.0000	0.0032	0.0032	0.0000	0.0000	0.0000	0.0000		0.0000	0.0000	-0.0000	1.0020	1.0004	0.0022	0.0020	0.0000	0.0000	0.0000	0.0000	0.0000	0.0000	0.0000	0.0000	0.0000	0.0000	0.0000	0.0000	0.0000	0.0000	0.0000	0.0000	0.0000	0.0000	0.0118	0.0103	0.0015	0.0001	0.0001	0.0000	0.0117	0.0102	0.0015	0.0020	0.0010	0.0010	0.0000	0.0000	0.0000	0.0020	0.0010	0.0010
44	110	0.1126	14	2	0	1	0	0	0	0	0	0	0	1	0	0	0	0	0	0	0	Y	N	N	N	N	N	N	N	N	N	N	N	N	N	N	N	N	N	0.0000	0.0000	0.0000	0.0000	0.0000	0.0000	0.0000	0.0000	0.0000	0.0000	0.0000	0.0000	0.0000	0.0000	0.0000	0.0000	0.0000	0.0000	0.0009	0.0018	0.0000	0.0104	0.0133	0.0000	0.0000	0.0000	0.0000		0.0000	-0.0000	-0.0000	1.0020	7.0195	0.0022	5.1243	0.0000	0.0000	0.0000	0.0000	0.0000	0.0000	0.0000	0.0000	0.0000	0.0000	0.0000	0.0000	0.0000	0.0000	0.0000	0.0000	0.0000	0.0000	0.0784	0.0687	0.0097	0.0038	0.0035	0.0002	0.0747	0.0651	0.0095	0.0228	0.0119	0.0109	0.0020	0.0016	0.0004	0.0208	0.0103	0.0105
44	111	0.0901	13	2	0	1	0	0	0	1	0	0	0	1	0	0	0	0	0	0	0	Y	N	N	N	N	N	N	N	N	N	N	N	N	N	N	N	N	N	0.0022	0.0015	0.0000	0.0108	0.0109	0.0000	0.0000	0.0000	0.0000	0.0000	0.0000	0.0000	0.0001	0.0001	0.0000	0.0000	0.0000	0.0000	0.0012	0.0020	0.0001	0.0053	0.0056	0.0011	0.0001	0.0001	0.0000	0.0000	0.0287	-0.0000	-0.0000	1.0020	2.0281	0.0022	3.4706	0.0000	0.0000	0.0000	0.0000	0.0000	0.0000	0.0000	0.0000	0.0000	0.0000	0.0000	0.0000	0.0000	0.0000	0.0000	0.0000	0.0000	0.0000	0.0237	0.0207	0.0030	0.0011	0.0010	0.0001	0.0226	0.0197	0.0029	0.0155	0.0090	0.0065	0.0033	0.0031	0.0002	0.0122	0.0059	0.0063
44	112	0.0766	12	2	0	0	0	1	0	0	0	0	0	1	0	0	0	0	0	0	0	Y	N	N	N	N	N	N	N	N	N	N	N	N	N	N	N	N	N	14.2822	14.5295	0.0881	183.1027	183.6380	5.9628	0.0151	0.0050	0.0723	0.0135	0.0154	0.0001	0.3904	0.4116	0.0008	0.0000	0.0000	0.0001	0.0009	0.0011	0.0008	0.0021	0.0022	0.0001	0.0006	0.0004	0.0008	0.0006	0.5158	-0.0001	-0.0000	1.0020	3.0209	0.0022	2.2550	0.0005	0.0005	0.0000	0.0005	0.0005	0.0000	0.0000	0.0000	0.0000	0.0000	0.0000	0.0000	0.0000	0.0000	0.0000	0.0000	0.0000	0.0000	0.0357	0.0312	0.0045	0.0012	0.0012	0.0001	0.0345	0.0301	0.0044	0.0155	0.0091	0.0064	0.0034	0.0032	0.0002	0.0121	0.0059	0.0062
44	120	0.0671	13	1	0	1	0	0	0	0	0	0	0	2	0	0	0	0	0	0	0	N	N	N	N	Y	N	N	N	N	N	N	N	N	N	N	N	N	N	0.0000	0.0000	0.0000	0.0000	0.0000	0.0000	0.0000	0.0000	0.0000	0.0000	0.0000	0.0000	0.0000	0.0000	0.0000	0.0000	0.0000	0.0000	0.0000	0.0000	0.0000	0.0000	0.0000	0.0000	0.0000	0.0000	0.0000			0.0000	0.0000	1.0020	2.9998	0.0022	1.0000	0.0000	0.0000	0.0000	0.0000	0.0000	0.0000	0.0000	0.0000	0.0000	0.0000	0.0000	0.0000	0.0000	0.0000	0.0000	0.0000	0.0000	0.0000	0.0343	0.0300	0.0043	0.0011	0.0010	0.0001	0.0332	0.0289	0.0042	0.0074	0.0036	0.0038	0.0002	0.0001	0.0000	0.0072	0.0035	0.0038
44	121	0.0671	12	1	0	1	0	0	0	0	0	1	0	2	0	0	0	0	0	0	0	N	N	N	N	Y	N	N	N	N	N	N	N	N	N	N	N	N	N	0.0000	0.0000	0.0000	0.0000	0.0000	0.0000	0.0000	0.0000	0.0000	0.0000	0.0000	0.0000	0.0000	0.0000	0.0000	0.0000	0.0000	0.0000	0.0029	0.0027	0.0032	0.0057	0.0058	0.0000	0.0021	0.0000	0.0032		1.2148	0.0000	-0.0000	1.0020	0.0006	0.0022	0.0007	0.0000	0.0000	0.0000	0.0000	0.0000	0.0000	0.0000	0.0000	0.0000	0.0000	0.0000	0.0000	0.0000	0.0000	0.0000	0.0000	0.0000	0.0000	0.0000	0.0000	0.0000	0.0000	0.0000	0.0000	0.0000	0.0000	0.0000	0.0000	0.0000	0.0000	0.0000	0.0000	0.0000	0.0000	0.0000	0.0000
44	126	0.0702	13	2	0	1	0	0	0	0	0	0	0	1	0	0	0	0	0	0	0	Y	N	N	N	N	N	N	N	N	N	N	N	N	N	N	N	N	N	0.0000	0.0000	0.0000	0.0000	0.0000	0.0000	0.0000	0.0000	0.0000	0.0000	0.0000	0.0000	0.0000	0.0000	0.0000	0.0000	0.0000	0.0000	0.0000	0.0000	0.0000	0.0000	0.0000	0.0000	0.0000	0.0000	0.0000			0.0000	-0.0000	1.0020	1.0002	0.0022	2.0058	0.0000	0.0000	0.0000	0.0000	0.0000	0.0000	0.0000	0.0000	0.0000	0.0000	0.0000	0.0000	0.0000	0.0000	0.0000	0.0000	0.0000	0.0000	0.0116	0.0101	0.0015	0.0004	0.0003	0.0000	0.0112	0.0098	0.0014	0.0056	0.0027	0.0029	0.0002	0.0001	0.0000	0.0055	0.0026	0.0029
44	133	0.0906	10	2	0	1	0	0	0	0	0	0	0	2	0	0	0	0	0	0	0	Y	N	N	N	Y	N	N	N	N	N	N	N	N	N	N	N	N	N	0.0000	0.0000	0.0000	0.0000	0.0000	0.0000	0.0000	0.0000	0.0000	0.0000	0.0000	0.0000	0.0000	0.0000	0.0000	0.0000	0.0000	0.0000	0.0000	0.0000	0.0000	0.0000	0.0000	0.0000	0.0000	0.0000	0.0000			0.0000	0.0000	1.0020	0.0000	0.0022	0.0001	0.0000	0.0000	0.0000	0.0000	0.0000	0.0000	0.0000	0.0000	0.0000	0.0000	0.0000	0.0000	0.0000	0.0000	0.0000	0.0000	0.0000	0.0000	0.0000	0.0000	0.0000	0.0000	0.0000	0.0000	0.0000	0.0000	0.0000	0.0000	0.0000	0.0000	0.0000	0.0000	0.0000	0.0000	0.0000	0.0000
44	134	0.0506	9	2	0	1	0	1	0	1	0	1	0	2	0	0	0	0	0	0	0	Y	N	N	N	Y	N	N	N	N	N	N	N	N	N	N	N	N	N	22832.6598	inf	91111.9723	inf	inf	inf	22336.7472	inf	91219.6011	10.7866	0.0167	85.1899	0.7129	0.5664	3.3357	10.9175	0.0090	85.6314	0.0005	0.0000	0.0009	0.0000	0.0000	0.0000	0.0005	0.0000	0.0009	736.3260	inf	0.3845	0.0000	1.0020	4.0005	0.0022	6.9251	0.5008	0.0007	0.5001	0.0004	0.0003	0.0001	0.5003	0.0004	0.5000	0.0000	0.0000	0.0000	0.0000	0.0000	0.0000	0.0000	0.0000	0.0000	0.0464	0.0406	0.0059	0.0006	0.0006	0.0000	0.0458	0.0400	0.0058	0.0211	0.0105	0.0107	0.0007	0.0007	0.0000	0.0204	0.0098	0.0106
44	135	0.0832	14	2	0	1	0	0	0	0	0	0	0	2	0	0	0	0	0	0	0	Y	N	N	N	Y	N	N	N	N	N	N	N	N	N	N	N	N	N	0.0000	0.0000	0.0000	0.0000	0.0000	0.0000	0.0000	0.0000	0.0000	0.0000	0.0000	0.0000	0.0000	0.0000	0.0000	0.0000	0.0000	0.0000	0.0000	0.0000	0.0000	0.0000	0.0000	0.0000	0.0000	0.0000	0.0000			0.0000	-0.0000	1.0020	0.9923	0.0022	0.0060	0.0000	0.0000	0.0000	0.0000	0.0000	0.0000	0.0000	0.0000	0.0000	0.0000	0.0000	0.0000	0.0000	0.0000	0.0000	0.0000	0.0000	0.0000	0.0116	0.0102	0.0015	0.0006	0.0005	0.0000	0.0111	0.0097	0.0014	0.0018	0.0009	0.0009	0.0001	0.0001	0.0000	0.0017	0.0008	0.0009
44	136	0.0702	13	2	0	1	0	0	0	0	0	1	0	2	0	0	0	0	0	0	0	Y	N	N	N	Y	N	N	N	N	N	N	N	N	N	N	N	N	N	0.0000	0.0000	0.0000	0.0000	0.0000	0.0000	0.0000	0.0000	0.0000	0.0000	0.0000	0.0000	0.0000	0.0000	0.0000	0.0000	0.0000	0.0000	0.0000	0.0000	0.0000	0.0000	0.0000	0.0000	0.0000	0.0000	0.0000			0.0000	-0.0000	1.0020	2.0106	0.0022	2.0023	0.0000	0.0000	0.0000	0.0000	0.0000	0.0000	0.0000	0.0000	0.0000	0.0000	0.0000	0.0000	0.0000	0.0000	0.0000	0.0000	0.0000	0.0000	0.0230	0.0201	0.0029	0.0007	0.0007	0.0000	0.0223	0.0194	0.0029	0.0074	0.0036	0.0038	0.0002	0.0002	0.0000	0.0072	0.0035	0.0038
44	137	0.0671	12	2	0	1	0	1	0	0	0	0	0	1	0	0	0	0	0	0	0	Y	N	N	N	N	N	N	N	N	N	N	N	N	N	N	N	N	N	0.0000	0.0000	0.0000	0.0000	0.0000	0.0000	0.0000	0.0000	0.0000	0.0000	0.0000	0.0000	0.0000	0.0000	0.0000	0.0000	0.0000	0.0000	0.0000	0.0000	0.0000	0.0001	0.0001	0.0000	0.0000	0.0000	0.0000		0.1052	0.0000	-0.0000	1.0020	0.0008	0.0022	1.0019	0.0000	0.0000	0.0000	0.0000	0.0000	0.0000	0.0000	0.0000	0.0000	0.0000	0.0000	0.0000	0.0000	0.0000	0.0000	0.0000	0.0000	0.0000	0.0000	0.0000	0.0000	0.0000	0.0000	0.0000	0.0000	0.0000	0.0000	0.0019	0.0009	0.0010	0.0000	0.0000	0.0000	0.0018	0.0009	0.0010
45	46	0.1505	16	2	0	0	0	0	0	0	0	0	1	1	2	0	0	0	0	0	0	Y	N	N	N	N	Y	N	N	N	N	N	N	N	N	N	N	N	N	0.0000	0.0000	0.0000	0.0000	0.0000	0.0000	0.0000	0.0000	0.0000	0.0000	0.0000	0.0000	0.0000	0.0000	0.0000	0.0000	0.0000	0.0000	0.0000	0.0000	0.0000	0.0000	0.0000	0.0000	0.0000	0.0000	0.0000			0.0000	0.0000	4.0000	0.0007	1.0000	1.0103	0.0000	0.0000	0.0000	0.0000	0.0000	0.0000	0.0000	0.0000	0.0000	0.0000	0.0000	0.0000	0.0000	0.0000	0.0000	0.0000	0.0000	0.0000	0.0001	0.0001	0.0000	0.0001	0.0001	0.0000	0.0001	0.0001	0.0000	0.0263	0.0185	0.0078	0.0097	0.0095	0.0003	0.0166	0.0091	0.0075
45	47	0.1154	15	2	0	0	0	1	0	0	0	0	0	1	1	0	0	0	0	0	0	Y	N	N	N	N	N	N	N	N	N	N	N	N	N	N	N	N	N	inf	inf	0.0000	0.0000	0.0000	0.0000	inf	inf	0.0000	0.0000	0.0000	0.0000	0.0000	0.0000	0.0000	0.0000	0.0000	0.0000	0.0000	0.0000	0.0000	0.0000	0.0000	0.0000	0.0000	0.0000	0.0000	0.0000		-0.0000	0.0000	4.0000	6.8097	1.0000	3.8431	0.0000	0.0000	0.0000	0.0000	0.0000	0.0000	0.0000	0.0000	0.0000	0.0000	0.0000	0.0000	0.0000	0.0000	0.0000	0.0000	0.0000	0.0000	0.3186	0.2805	0.0381	0.0220	0.0211	0.0009	0.2966	0.2595	0.0372	0.0987	0.0528	0.0459	0.0131	0.0112	0.0020	0.0856	0.0416	0.0440
45	48	0.1859	19	2	0	1	0	0	0	1	0	0	0	1	1	0	0	0	0	0	0	Y	N	N	N	N	N	N	N	N	N	N	N	N	N	N	N	N	N	0.0000	0.0000	0.0000	0.0000	0.0000	0.0000	0.0000	0.0000	0.0000	0.0000	0.0000	0.0000	0.0000	0.0000	0.0000	0.0000	0.0000	0.0000	0.0000	0.0000	0.0000	0.0000	0.0000	0.0000	0.0000	0.0000	0.0000			0.0000	0.0000	4.0000	0.0000	1.0000	0.0001	0.0000	0.0000	0.0000	0.0000	0.0000	0.0000	0.0000	0.0000	0.0000	0.0000	0.0000	0.0000	0.0000	0.0000	0.0000	0.0000	0.0000	0.0000	0.0000	0.0000	0.0000	0.0000	0.0000	0.0000	0.0000	0.0000	0.0000	0.0011	0.0008	0.0003	0.0006	0.0006	0.0000	0.0005	0.0002	0.0003
45	49	0.1764	18	2	0	0	0	0	0	0	0	0	0	1	1	0	0	0	0	0	0	Y	N	N	N	N	N	N	N	N	N	N	N	N	N	N	N	N	N	inf	inf	0.0000	0.0000	0.0000	0.0000	inf	inf	0.0000	0.0001	0.0001	0.0000	0.0000	0.0000	0.0000	0.0001	0.0001	0.0000	0.0000	0.0000	0.0000	0.0000	0.0000	0.0000	0.0000	0.0000	0.0000	0.0000		-0.0000	0.0000	4.0000	1.6285	1.0000	1.0381	0.0000	0.0000	0.0000	0.0000	0.0000	0.0000	0.0000	0.0000	0.0000	0.0000	0.0000	0.0000	0.0000	0.0000	0.0000	0.0000	0.0000	0.0000	0.1046	0.0924	0.0121	0.0238	0.0234	0.0004	0.0807	0.0690	0.0117	0.0326	0.0205	0.0122	0.0078	0.0071	0.0007	0.0248	0.0134	0.0115
45	50	0.0485	8	2	0	1	1	0	0	0	1	0	0	2	2	0	0	0	0	0	0	Y	N	N	N	Y	Y	N	N	N	N	N	N	N	N	N	N	N	N	0.0000	0.0000	0.0000	0.0000	0.0000	0.0000	0.0000	0.0000	0.0000	0.0000	0.0000	0.0000	0.0000	0.0000	0.0000	0.0000	0.0000	0.0000	0.0000	0.0000	0.0000	0.0000	0.0000	0.0000	0.0000	0.0000	0.0000			0.0000	0.0000	4.0000	0.0001	1.0000	0.9998	0.0000	0.0000	0.0000	0.0000	0.0000	0.0000	0.0000	0.0000	0.0000	0.0000	0.0000	0.0000	0.0000	0.0000	0.0000	0.0000	0.0000	0.0000	0.0000	0.0000	0.0000	0.0000	0.0000	0.0000	0.0000	0.0000	0.0000	0.0098	0.0048	0.0050	0.0002	0.0001	0.0000	0.0096	0.0046	0.0050
45	51	0.0485	8	2	0	1	0	0	0	0	0	0	0	2	2	0	0	0	0	0	0	Y	N	N	N	Y	Y	N	N	N	N	N	N	N	N	N	N	N	N	0.0000	0.0000	0.0000	0.0000	0.0000	0.0000	0.0000	0.0000	0.0000	0.0000	0.0000	0.0000	0.0000	0.0000	0.0000	0.0000	0.0000	0.0000	0.0000	0.0000	0.0000	0.0000	0.0000	0.0000	0.0000	0.0000	0.0000			0.0000	0.0000	4.0000	0.0001	1.0000	1.0003	0.0000	0.0000	0.0000	0.0000	0.0000	0.0000	0.0000	0.0000	0.0000	0.0000	0.0000	0.0000	0.0000	0.0000	0.0000	0.0000	0.0000	0.0000	0.0000	0.0000	0.0000	0.0000	0.0000	0.0000	0.0000	0.0000	0.0000	0.0098	0.0048	0.0050	0.0002	0.0001	0.0000	0.0096	0.0046	0.0050
45	52	0.0453	7	2	0	1	0	0	0	1	0	0	0	2	2	0	0	0	0	0	0	Y	N	N	N	Y	Y	N	N	N	N	N	N	N	N	N	N	N	N	0.0000	0.0000	0.0000	0.0000	0.0000	0.0000	0.0000	0.0000	0.0000	0.0000	0.0000	0.0000	0.0000	0.0000	0.0000	0.0000	0.0000	0.0000	0.0000	0.0000	0.0000	0.0000	0.0000	0.0000	0.0000	0.0000	0.0000			0.0000	0.0000	4.0000	1.0000	1.0000	0.0042	0.0000	0.0000	0.0000	0.0000	0.0000	0.0000	0.0000	0.0000	0.0000	0.0000	0.0000	0.0000	0.0000	0.0000	0.0000	0.0000	0.0000	0.0000	0.0460	0.0402	0.0058	0.0009	0.0008	0.0001	0.0452	0.0394	0.0057	0.0098	0.0047	0.0050	0.0002	0.0001	0.0000	0.0096	0.0046	0.0050
45	53	0.0421	6	2	0	0	0	0	0	0	0	0	0	2	2	0	0	0	0	0	0	Y	N	N	N	Y	Y	N	N	N	N	N	N	N	N	N	N	N	N	0.0000	0.0000	0.0000	0.0000	0.0000	0.0000	0.0000	0.0000	0.0000	0.0000	0.0000	0.0000	0.0000	0.0000	0.0000	0.0000	0.0000	0.0000	0.0000	0.0000	0.0000	0.0000	0.0000	0.0000	0.0000	0.0000	0.0000			0.0000	0.0000	4.0000	0.9921	1.0000	0.0076	0.0000	0.0000	0.0000	0.0000	0.0000	0.0000	0.0000	0.0000	0.0000	0.0000	0.0000	0.0000	0.0000	0.0000	0.0000	0.0000	0.0000	0.0000	0.0459	0.0402	0.0058	0.0008	0.0007	0.0000	0.0452	0.0394	0.0057	0.0099	0.0048	0.0051	0.0002	0.0002	0.0000	0.0096	0.0046	0.0050
45	54	0.1052	10	2	0	1	0	0	0	0	0	0	0	2	1	0	0	0	0	0	0	Y	N	N	N	Y	N	N	N	N	N	N	N	N	N	N	N	N	N	0.0000	0.0000	0.0000	0.0000	0.0000	0.0000	0.0000	0.0000	0.0000	0.0000	0.0000	0.0000	0.0000	0.0000	0.0000	0.0000	0.0000	0.0000	0.0000	0.0000	0.0000	0.0000	0.0000	0.0000	0.0000	0.0000	0.0000			0.0000	0.0000	4.0000	0.0000	1.0000	0.0000	0.0000	0.0000	0.0000	0.0000	0.0000	0.0000	0.0000	0.0000	0.0000	0.0000	0.0000	0.0000	0.0000	0.0000	0.0000	0.0000	0.0000	0.0000	0.0000	0.0000	0.0000	0.0000	0.0000	0.0000	0.0000	0.0000	0.0000	0.0000	0.0000	0.0000	0.0000	0.0000	0.0000	0.0000	0.0000	0.0000
45	58	0.0437	8	2	0	1	0	0	0	0	0	0	1	1	2	0	0	0	0	0	0	Y	N	N	N	N	Y	N	N	N	N	N	N	N	N	N	N	N	N	0.0000	0.0000	0.0000	0.0000	0.0000	0.0000	0.0000	0.0000	0.0000	0.0000	0.0000	0.0000	0.0000	0.0000	0.0000	0.0000	0.0000	0.0000	0.0000	0.0000	0.0000	0.0000	0.0000	0.0000	0.0000	0.0000	0.0000			0.0000	0.0000	4.0000	1.0033	1.0000	1.0015	0.0000	0.0000	0.0000	0.0000	0.0000	0.0000	0.0000	0.0000	0.0000	0.0000	0.0000	0.0000	0.0000	0.0000	0.0000	0.0000	0.0000	0.0000	0.0457	0.0400	0.0057	0.0012	0.0011	0.0001	0.0446	0.0389	0.0057	0.0255	0.0148	0.0108	0.0033	0.0033	0.0000	0.0222	0.0115	0.0107
45	59	0.0291	7	2	0	1	0	0	0	0	0	0	0	1	1	0	0	0	0	0	0	Y	N	N	N	N	N	N	N	N	N	N	N	N	N	N	N	N	N	0.0000	0.0000	0.0000	0.0000	0.0000	0.0000	0.0000	0.0000	0.0000	0.0000	0.0000	0.0000	0.0000	0.0000	0.0000	0.0000	0.0000	0.0000	0.0000	0.0000	0.0000	0.0000	0.0000	0.0000	0.0000	0.0000	0.0000			0.0000	0.0000	4.0000	2.9984	1.0000	1.5227	0.0000	0.0000	0.0000	0.0000	0.0000	0.0000	0.0000	0.0000	0.0000	0.0000	0.0000	0.0000	0.0000	0.0000	0.0000	0.0000	0.0000	0.0000	0.1370	0.1197	0.0173	0.0009	0.0009	0.0000	0.1360	0.1188	0.0173	0.0431	0.0207	0.0224	0.0000	0.0000	0.0000	0.0431	0.0207	0.0224
45	62	0.0919	11	2	0	1	0	0	0	0	0	0	0	2	1	0	0	0	0	0	0	Y	N	N	N	Y	N	N	N	N	N	N	N	N	N	N	N	N	N	0.0000	0.0000	0.0000	0.0000	0.0000	0.0000	0.0000	0.0000	0.0000	0.0000	0.0000	0.0000	0.0000	0.0000	0.0000	0.0000	0.0000	0.0000	0.0000	0.0000	0.0000	0.0000	0.0000	0.0000	0.0000	0.0000	0.0000			0.0000	0.0000	4.0000	0.9672	1.0000	2.9870	0.0000	0.0000	0.0000	0.0000	0.0000	0.0000	0.0000	0.0000	0.0000	0.0000	0.0000	0.0000	0.0000	0.0000	0.0000	0.0000	0.0000	0.0000	0.0496	0.0440	0.0056	0.0033	0.0033	0.0000	0.0463	0.0407	0.0056	0.0571	0.0370	0.0201	0.0130	0.0124	0.0007	0.0440	0.0246	0.0194
45	63	0.0608	10	2	0	1	0	0	0	0	0	1	0	2	1	0	0	0	0	0	0	Y	N	N	N	Y	N	N	N	N	N	N	N	N	N	N	N	N	N	0.0000	0.0000	0.0000	0.0000	0.0000	0.0000	0.0000	0.0000	0.0000	0.0000	0.0000	0.0000	0.0000	0.0000	0.0000	0.0000	0.0000	0.0000	0.0000	0.0000	0.0000	0.0000	0.0000	0.0000	0.0000	0.0000	0.0000			0.0000	0.0000	4.0000	2.0363	1.0000	7.8590	0.0000	0.0000	0.0000	0.0000	0.0000	0.0000	0.0000	0.0000	0.0000	0.0000	0.0000	0.0000	0.0000	0.0000	0.0000	0.0000	0.0000	0.0000	0.0939	0.0821	0.0119	0.0010	0.0010	0.0000	0.0929	0.0811	0.0118	0.0963	0.0480	0.0483	0.0043	0.0041	0.0002	0.0920	0.0439	0.0481
45	64	0.0550	9	2	0	1	0	0	0	0	0	0	0	1	1	0	0	0	0	0	0	Y	N	N	N	N	N	N	N	N	N	N	N	N	N	N	N	N	N	0.0000	0.0000	0.0000	0.0000	0.0000	0.0000	0.0000	0.0000	0.0000	0.0000	0.0000	0.0000	0.0000	0.0000	0.0000	0.0000	0.0000	0.0000	0.0000	0.0000	0.0000	0.0000	0.0000	0.0000	0.0000	0.0000	0.0000			0.0000	0.0000	4.0000	0.0049	1.0000	1.8223	0.0000	0.0000	0.0000	0.0000	0.0000	0.0000	0.0000	0.0000	0.0000	0.0000	0.0000	0.0000	0.0000	0.0000	0.0000	0.0000	0.0000	0.0000	0.0002	0.0002	0.0000	0.0000	0.0000	0.0000	0.0002	0.0002	0.0000	0.0175	0.0086	0.0089	0.0002	0.0002	0.0000	0.0173	0.0084	0.0089
45	65	0.0323	8	2	0	1	0	0	0	0	0	0	0	1	1	0	0	0	0	0	0	Y	N	N	N	N	N	N	N	N	N	N	N	N	N	N	N	N	N	0.0000	0.0000	0.0000	0.0000	0.0000	0.0000	0.0000	0.0000	0.0000	0.0000	0.0000	0.0000	0.0000	0.0000	0.0000	0.0000	0.0000	0.0000	0.0000	0.0000	0.0000	0.0000	0.0000	0.0000	0.0000	0.0000	0.0000			0.0000	0.0000	4.0000	2.0010	1.0000	3.9928	0.0000	0.0000	0.0000	0.0000	0.0000	0.0000	0.0000	0.0000	0.0000	0.0000	0.0000	0.0000	0.0000	0.0000	0.0000	0.0000	0.0000	0.0000	0.0919	0.0803	0.0116	0.0005	0.0005	0.0000	0.0914	0.0798	0.0116	0.0572	0.0275	0.0296	0.0002	0.0002	0.0000	0.0570	0.0273	0.0296
45	66	0.0291	7	2	0	1	0	0	0	0	0	0	0	1	1	0	0	0	0	0	0	Y	N	N	N	N	N	N	N	N	N	N	N	N	N	N	N	N	N	0.0000	0.0000	0.0000	0.0000	0.0000	0.0000	0.0000	0.0000	0.0000	0.0000	0.0000	0.0000	0.0000	0.0000	0.0000	0.0000	0.0000	0.0000	0.0000	0.0000	0.0000	0.0000	0.0000	0.0000	0.0000	0.0000	0.0000			0.0000	0.0000	4.0000	1.0002	1.0000	0.0173	0.0000	0.0000	0.0000	0.0000	0.0000	0.0000	0.0000	0.0000	0.0000	0.0000	0.0000	0.0000	0.0000	0.0000	0.0000	0.0000	0.0000	0.0000	0.0462	0.0404	0.0059	0.0003	0.0003	0.0000	0.0459	0.0401	0.0058	0.0099	0.0048	0.0051	0.0000	0.0000	0.0000	0.0099	0.0048	0.0051
45	67	0.0291	6	2	0	1	0	0	0	1	0	0	0	1	1	0	0	0	0	0	0	Y	N	N	N	N	N	N	N	N	N	N	N	N	N	N	N	N	N	0.0000	0.0000	0.0000	0.0000	0.0000	0.0000	0.0000	0.0000	0.0000	0.0000	0.0000	0.0000	0.0000	0.0000	0.0000	0.0000	0.0000	0.0000	0.0000	0.0000	0.0000	0.0000	0.0000	0.0000	0.0000	0.0000	0.0000			0.0000	0.0000	4.0000	0.0001	1.0000	0.0028	0.0000	0.0000	0.0000	0.0000	0.0000	0.0000	0.0000	0.0000	0.0000	0.0000	0.0000	0.0000	0.0000	0.0000	0.0000	0.0000	0.0000	0.0000	0.0000	0.0000	0.0000	0.0000	0.0000	0.0000	0.0000	0.0000	0.0000	0.0001	0.0000	0.0000	0.0000	0.0000	0.0000	0.0000	0.0000	0.0000
45	68	0.1764	18	2	0	0	0	0	0	0	0	0	1	1	2	0	0	0	0	0	0	Y	N	N	N	N	Y	N	N	N	N	N	N	N	N	N	N	N	N	0.0000	0.0000	0.0000	0.0000	0.0000	0.0000	0.0000	0.0000	0.0000	0.0000	0.0000	0.0000	0.0000	0.0000	0.0000	0.0000	0.0000	0.0000	0.0000	0.0000	0.0000	0.0000	0.0000	0.0000	0.0000	0.0000	0.0000			0.0000	0.0000	4.0000	1.4193	1.0000	5.2011	0.0000	0.0000	0.0000	0.0000	0.0000	0.0000	0.0000	0.0000	0.0000	0.0000	0.0000	0.0000	0.0000	0.0000	0.0000	0.0000	0.0000	0.0000	0.0956	0.0845	0.0110	0.0230	0.0226	0.0004	0.0726	0.0619	0.0107	0.0651	0.0372	0.0279	0.0118	0.0101	0.0017	0.0534	0.0271	0.0262
45	69	0.1263	17	2	0	0	0	1	0	0	0	0	0	1	1	0	0	0	0	0	0	Y	N	N	N	N	N	N	N	N	N	N	N	N	N	N	N	N	N	inf	inf	0.0000	inf	inf	0.0000	0.0000	0.0000	0.0000	0.0002	0.0002	0.0000	0.0037	0.0039	0.0000	0.0000	0.0000	0.0000	0.0000	0.0000	0.0000	0.0000	0.0000	0.0000	0.0000	0.0000	0.0000	0.0000		-0.0000	0.0000	4.0000	9.3928	1.0000	3.6523	0.0001	0.0001	0.0000	0.0001	0.0001	0.0000	0.0000	0.0000	0.0000	0.0000	0.0000	0.0000	0.0000	0.0000	0.0000	0.0000	0.0000	0.0000	0.4195	0.3689	0.0506	0.0245	0.0234	0.0012	0.3950	0.3456	0.0495	0.1172	0.0617	0.0555	0.0137	0.0112	0.0025	0.1035	0.0505	0.0530
45	73	0.0345	4	2	0	1	0	0	0	1	0	0	0	2	1	0	0	0	0	0	0	Y	N	N	N	Y	N	N	N	N	N	N	N	N	N	N	N	N	N	0.0000	0.0000	0.0000	0.0000	0.0000	0.0000	0.0000	0.0000	0.0000	0.0000	0.0000	0.0000	0.0000	0.0000	0.0000	0.0000	0.0000	0.0000	0.0000	0.0000	0.0000	0.0000	0.0000	0.0000	0.0000	0.0000	0.0000			0.0000	0.0000	4.0000	3.9579	1.0000	0.9988	0.0000	0.0000	0.0000	0.0000	0.0000	0.0000	0.0000	0.0000	0.0000	0.0000	0.0000	0.0000	0.0000	0.0000	0.0000	0.0000	0.0000	0.0000	0.2701	0.2415	0.0286	0.0469	0.0464	0.0005	0.2232	0.1951	0.0281	0.0505	0.0257	0.0248	0.0023	0.0022	0.0000	0.0482	0.0235	0.0248
45	74	0.0194	3	2	0	0	0	0	0	0	0	0	0	2	1	0	0	0	0	0	0	Y	N	N	N	Y	N	N	N	N	N	N	N	N	N	N	N	N	N	0.0000	0.0000	0.0000	0.0000	0.0000	0.0000	0.0000	0.0000	0.0000	0.0000	0.0000	0.0000	0.0000	0.0000	0.0000	0.0000	0.0000	0.0000	0.0000	0.0000	0.0000	0.0000	0.0000	0.0000	0.0000	0.0000	0.0000			0.0000	0.0000	4.0000	3.9277	1.0000	0.5227	0.0000	0.0000	0.0000	0.0000	0.0000	0.0000	0.0000	0.0000	0.0000	0.0000	0.0000	0.0000	0.0000	0.0000	0.0000	0.0000	0.0000	0.0000	0.1779	0.1553	0.0225	0.0000	0.0000	0.0000	0.1778	0.1553	0.0225	0.0427	0.0204	0.0223	0.0000	0.0000	0.0000	0.0427	0.0204	0.0223
45	75	0.0194	2	2	0	0	0	0	0	0	0	0	0	2	1	0	0	0	0	0	0	Y	N	N	N	Y	N	N	N	N	N	N	N	N	N	N	N	N	N	0.0000	0.0000	0.0000	0.0000	0.0000	0.0000	0.0000	0.0000	0.0000	0.0000	0.0000	0.0000	0.0000	0.0000	0.0000	0.0000	0.0000	0.0000	0.0000	0.0000	0.0000	0.0000	0.0000	0.0000	0.0000	0.0000	0.0000			0.0000	0.0000	4.0000	0.0009	1.0000	0.0000	0.0000	0.0000	0.0000	0.0000	0.0000	0.0000	0.0000	0.0000	0.0000	0.0000	0.0000	0.0000	0.0000	0.0000	0.0000	0.0000	0.0000	0.0000	0.0000	0.0000	0.0000	0.0000	0.0000	0.0000	0.0000	0.0000	0.0000	0.0000	0.0000	0.0000	0.0000	0.0000	0.0000	0.0000	0.0000	0.0000
45	77	0.0670	10	2	0	0	0	1	0	0	0	0	0	1	1	0	0	0	0	0	0	Y	N	N	N	N	N	N	N	N	N	N	N	N	N	N	N	N	N	0.0000	0.0000	0.0000	0.0000	0.0000	0.0000	0.0000	0.0000	0.0000	0.0000	0.0000	0.0000	0.0000	0.0000	0.0000	0.0000	0.0000	0.0000	0.0000	0.0000	0.0000	0.0000	0.0000	0.0000	0.0000	0.0000	0.0000			0.0000	0.0000	4.0000	3.3326	1.0000	4.0108	0.0000	0.0000	0.0000	0.0000	0.0000	0.0000	0.0000	0.0000	0.0000	0.0000	0.0000	0.0000	0.0000	0.0000	0.0000	0.0000	0.0000	0.0000	0.1625	0.1426	0.0199	0.0082	0.0080	0.0001	0.1543	0.1346	0.0197	0.0675	0.0335	0.0340	0.0011	0.0009	0.0001	0.0664	0.0326	0.0338
45	78	0.0549	10	2	0	1	0	0	0	1	0	0	0	2	2	0	0	0	0	0	0	Y	N	N	N	Y	Y	N	N	N	N	N	N	N	N	N	N	N	N	0.0000	0.0000	0.0000	0.0000	0.0000	0.0000	0.0000	0.0000	0.0000	0.0000	0.0000	0.0000	0.0000	0.0000	0.0000	0.0000	0.0000	0.0000	0.0000	0.0000	0.0000	0.0000	0.0000	0.0000	0.0000	0.0000	0.0000			0.0000	0.0000	4.0000	0.0000	1.0000	0.9988	0.0000	0.0000	0.0000	0.0000	0.0000	0.0000	0.0000	0.0000	0.0000	0.0000	0.0000	0.0000	0.0000	0.0000	0.0000	0.0000	0.0000	0.0000	0.0000	0.0000	0.0000	0.0000	0.0000	0.0000	0.0000	0.0000	0.0000	0.0098	0.0049	0.0049	0.0003	0.0003	0.0001	0.0095	0.0046	0.0049
45	79	0.0517	9	2	0	0	0	0	0	0	0	0	0	2	2	0	0	0	0	0	0	Y	N	N	N	Y	Y	N	N	N	N	N	N	N	N	N	N	N	N	0.0000	0.0000	0.0000	0.0000	0.0000	0.0000	0.0000	0.0000	0.0000	0.0000	0.0000	0.0000	0.0000	0.0000	0.0000	0.0000	0.0000	0.0000	0.0000	0.0000	0.0000	0.0000	0.0000	0.0000	0.0000	0.0000	0.0000			0.0000	0.0000	4.0000	0.0001	1.0000	1.0072	0.0000	0.0000	0.0000	0.0000	0.0000	0.0000	0.0000	0.0000	0.0000	0.0000	0.0000	0.0000	0.0000	0.0000	0.0000	0.0000	0.0000	0.0000	0.0000	0.0000	0.0000	0.0000	0.0000	0.0000	0.0000	0.0000	0.0000	0.0097	0.0048	0.0050	0.0003	0.0002	0.0001	0.0095	0.0046	0.0049
45	80	0.0420	8	2	0	0	0	0	0	0	0	0	0	2	2	0	0	0	0	0	0	Y	N	N	N	Y	Y	N	N	N	N	N	N	N	N	N	N	N	N	0.0000	0.0000	0.0000	0.0000	0.0000	0.0000	0.0000	0.0000	0.0000	0.0000	0.0000	0.0000	0.0000	0.0000	0.0000	0.0000	0.0000	0.0000	0.0000	0.0000	0.0000	0.0000	0.0000	0.0000	0.0000	0.0000	0.0000			0.0000	0.0000	4.0000	1.0058	1.0000	1.9973	0.0000	0.0000	0.0000	0.0000	0.0000	0.0000	0.0000	0.0000	0.0000	0.0000	0.0000	0.0000	0.0000	0.0000	0.0000	0.0000	0.0000	0.0000	0.0471	0.0412	0.0059	0.0012	0.0011	0.0001	0.0459	0.0401	0.0058	0.0288	0.0141	0.0148	0.0007	0.0005	0.0001	0.0282	0.0135	0.0146
45	81	0.0550	9	2	0	1	0	0	0	0	0	0	0	1	1	0	0	0	0	0	0	Y	N	N	N	N	N	N	N	N	N	N	N	N	N	N	N	N	N	0.0000	0.0000	0.0000	0.0000	0.0000	0.0000	0.0000	0.0000	0.0000	0.0000	0.0000	0.0000	0.0000	0.0000	0.0000	0.0000	0.0000	0.0000	0.0000	0.0000	0.0000	0.0000	0.0000	0.0000	0.0000	0.0000	0.0000			0.0000	0.0000	4.0000	7.0000	1.0000	2.0013	0.0000	0.0000	0.0000	0.0000	0.0000	0.0000	0.0000	0.0000	0.0000	0.0000	0.0000	0.0000	0.0000	0.0000	0.0000	0.0000	0.0000	0.0000	0.3123	0.2731	0.0391	0.0029	0.0028	0.0001	0.3093	0.2703	0.0390	0.0830	0.0407	0.0423	0.0011	0.0010	0.0002	0.0819	0.0397	0.0422
45	82	0.0550	8	2	0	1	0	1	0	1	0	0	0	1	1	0	0	0	0	0	0	Y	N	N	N	N	N	N	N	N	N	N	N	N	N	N	N	N	N	0.0000	0.0000	0.0000	0.0000	0.0000	0.0000	0.0000	0.0000	0.0000	0.0000	0.0000	0.0000	0.0000	0.0000	0.0000	0.0000	0.0000	0.0000	0.0000	0.0000	0.0000	0.0000	0.0000	0.0000	0.0000	0.0000	0.0000			0.0000	0.0000	4.0000	0.0005	1.0000	0.0029	0.0000	0.0000	0.0000	0.0000	0.0000	0.0000	0.0000	0.0000	0.0000	0.0000	0.0000	0.0000	0.0000	0.0000	0.0000	0.0000	0.0000	0.0000	0.0000	0.0000	0.0000	0.0000	0.0000	0.0000	0.0000	0.0000	0.0000	0.0000	0.0000	0.0000	0.0000	0.0000	0.0000	0.0000	0.0000	0.0000
45	83	0.0420	8	2	0	0	0	0	0	0	0	0	0	2	2	0	0	0	0	0	0	Y	N	N	N	Y	Y	N	N	N	N	N	N	N	N	N	N	N	N	0.0000	0.0000	0.0000	0.0000	0.0000	0.0000	0.0000	0.0000	0.0000	0.0000	0.0000	0.0000	0.0000	0.0000	0.0000	0.0000	0.0000	0.0000	0.0000	0.0000	0.0000	0.0000	0.0000	0.0000	0.0000	0.0000	0.0000			0.0000	0.0000	4.0000	5.0069	1.0000	6.0103	0.0000	0.0000	0.0000	0.0000	0.0000	0.0000	0.0000	0.0000	0.0000	0.0000	0.0000	0.0000	0.0000	0.0000	0.0000	0.0000	0.0000	0.0000	0.2268	0.1984	0.0284	0.0047	0.0044	0.0003	0.2220	0.1940	0.0280	0.1004	0.0489	0.0515	0.0019	0.0014	0.0005	0.0986	0.0475	0.0511
45	84	0.0355	7	2	0	0	0	0	0	0	0	1	1	2	2	0	0	0	0	0	0	Y	N	N	N	Y	Y	N	N	N	N	N	N	N	N	N	N	N	N	0.0000	0.0000	0.0000	0.0000	0.0000	0.0000	0.0000	0.0000	0.0000	0.0000	0.0000	0.0000	0.0000	0.0000	0.0000	0.0000	0.0000	0.0000	0.0000	0.0000	0.0000	0.0000	0.0000	0.0000	0.0000	0.0000	0.0000			0.0000	0.0000	4.0000	1.9932	1.0000	0.0278	0.0000	0.0000	0.0000	0.0000	0.0000	0.0000	0.0000	0.0000	0.0000	0.0000	0.0000	0.0000	0.0000	0.0000	0.0000	0.0000	0.0000	0.0000	0.0918	0.0802	0.0116	0.0008	0.0008	0.0000	0.0910	0.0794	0.0116	0.0200	0.0098	0.0102	0.0006	0.0005	0.0001	0.0195	0.0094	0.0101
45	85	0.0838	9	2	0	1	0	0	0	0	0	0	0	1	1	0	0	0	0	0	0	Y	N	N	N	N	N	N	N	N	N	N	N	N	N	N	N	N	N	inf	inf	0.0000	inf	inf	0.0000	0.0000	0.0000	0.0000	0.0021	0.0024	0.0000	0.0559	0.0590	0.0000	0.0000	0.0000	0.0000	0.0000	0.0000	0.0000	0.0000	0.0000	0.0000	0.0000	0.0000	0.0000	0.0000		-0.0002	0.0000	4.0000	9.9670	1.0000	12.6920	0.0009	0.0009	0.0000	0.0009	0.0009	0.0000	0.0000	0.0000	0.0000	0.0000	0.0000	0.0000	0.0000	0.0000	0.0000	0.0000	0.0000	0.0000	0.4327	0.3795	0.0532	0.0164	0.0156	0.0009	0.4163	0.3639	0.0524	0.2186	0.1185	0.1001	0.0225	0.0209	0.0016	0.1961	0.0976	0.0985
45	86	0.0773	8	2	0	1	0	1	0	1	0	0	0	1	1	0	0	0	0	0	0	Y	N	N	N	N	N	N	N	N	N	N	N	N	N	N	N	N	N	inf	inf	0.0000	inf	inf	0.0000	inf	inf	0.0000	0.0089	0.0098	0.0000	0.0010	0.0010	0.0000	0.0107	0.0121	0.0000	0.0000	0.0000	0.0000	0.0000	0.0000	0.0000	0.0000	0.0000	0.0000	0.0000		-0.0002	0.0000	4.0000	1.5419	1.0000	1.3342	0.0009	0.0009	0.0000	0.0000	0.0000	0.0000	0.0009	0.0009	0.0000	0.0000	0.0000	0.0000	0.0000	0.0000	0.0000	0.0000	0.0000	0.0000	0.1052	0.0955	0.0097	0.0193	0.0192	0.0001	0.0859	0.0763	0.0096	0.0481	0.0311	0.0170	0.0114	0.0112	0.0002	0.0366	0.0198	0.0168
45	87	0.1006	11	1	0	0	0	0	0	0	0	0	0	1	2	0	0	0	0	0	0	N	N	N	N	N	Y	N	N	N	N	N	N	N	N	N	N	N	N	0.0000	0.0000	0.0000	0.0000	0.0000	0.0000	0.0000	0.0000	0.0000	0.0000	0.0000	0.0000	0.0000	0.0000	0.0000	0.0000	0.0000	0.0000	0.0000	0.0000	0.0000	0.0000	0.0000	0.0000	0.0000	0.0000	0.0000			0.0000	0.0000	4.0000	0.9989	1.0000	0.5152	0.0000	0.0000	0.0000	0.0000	0.0000	0.0000	0.0000	0.0000	0.0000	0.0000	0.0000	0.0000	0.0000	0.0000	0.0000	0.0000	0.0000	0.0000	0.0453	0.0396	0.0057	0.0021	0.0019	0.0001	0.0432	0.0377	0.0055	0.0255	0.0157	0.0098	0.0127	0.0094	0.0032	0.0129	0.0063	0.0066
45	88	0.0712	10	1	0	0	0	0	0	0	0	0	1	1	2	0	0	0	0	0	0	N	N	N	N	N	Y	N	N	N	N	N	N	N	N	N	N	N	N	0.0000	0.0000	0.0000	0.0000	0.0000	0.0000	0.0000	0.0000	0.0000	0.0000	0.0000	0.0000	0.0000	0.0000	0.0000	0.0000	0.0000	0.0000	0.0000	0.0000	0.0000	0.0000	0.0000	0.0000	0.0000	0.0000	0.0000			0.0000	0.0000	4.0000	6.0209	1.0000	2.4875	0.0000	0.0000	0.0000	0.0000	0.0000	0.0000	0.0000	0.0000	0.0000	0.0000	0.0000	0.0000	0.0000	0.0000	0.0000	0.0000	0.0000	0.0000	0.2706	0.2368	0.0338	0.0050	0.0048	0.0002	0.2655	0.2320	0.0336	0.0898	0.0477	0.0421	0.0139	0.0107	0.0032	0.0759	0.0370	0.0389
45	90	0.1215	14	2	0	1	0	0	0	1	0	0	0	1	1	0	0	0	0	0	0	Y	N	N	N	N	N	N	N	N	N	N	N	N	N	N	N	N	N	inf	inf	0.0000	inf	inf	0.0000	0.0000	0.0000	0.0000	0.0001	0.0002	0.0000	0.0024	0.0025	0.0000	0.0000	0.0000	0.0000	0.0000	0.0000	0.0000	0.0000	0.0000	0.0000	0.0000	0.0000	0.0000	0.0000		-0.0000	0.0000	4.0000	5.9354	1.0000	8.3561	0.0000	0.0000	0.0000	0.0000	0.0000	0.0000	0.0000	0.0000	0.0000	0.0000	0.0000	0.0000	0.0000	0.0000	0.0000	0.0000	0.0000	0.0000	0.2728	0.2392	0.0336	0.0167	0.0159	0.0008	0.2561	0.2232	0.0328	0.1421	0.0772	0.0649	0.0194	0.0169	0.0025	0.1227	0.0603	0.0624
45	91	0.1047	13	2	0	0	0	0	0	0	0	0	0	1	1	0	0	0	0	0	0	Y	N	N	N	N	N	N	N	N	N	N	N	N	N	N	N	N	N	inf	inf	0.0000	0.0000	0.0000	0.0000	inf	inf	0.0000	0.0005	0.0006	0.0000	0.0000	0.0000	0.0000	0.0006	0.0007	0.0000	0.0000	0.0000	0.0000	0.0000	0.0000	0.0000	0.0000	0.0000	0.0000	0.0000		-0.0000	0.0000	4.0000	1.5872	1.0000	4.4746	0.0000	0.0000	0.0000	0.0000	0.0000	0.0000	0.0000	0.0000	0.0000	0.0000	0.0000	0.0000	0.0000	0.0000	0.0000	0.0000	0.0000	0.0000	0.0730	0.0639	0.0091	0.0034	0.0032	0.0002	0.0696	0.0607	0.0089	0.0803	0.0463	0.0340	0.0165	0.0155	0.0010	0.0639	0.0308	0.0330
45	92	0.0421	6	2	0	0	1	0	0	0	1	0	0	2	2	0	0	0	0	0	0	Y	N	N	N	Y	Y	N	N	N	N	N	N	N	N	N	N	N	N	0.0000	0.0000	0.0000	0.0000	0.0000	0.0000	0.0000	0.0000	0.0000	0.0000	0.0000	0.0000	0.0000	0.0000	0.0000	0.0000	0.0000	0.0000	0.0000	0.0000	0.0000	0.0000	0.0000	0.0000	0.0000	0.0000	0.0000			0.0000	0.0000	4.0000	1.0091	1.0000	1.9972	0.0000	0.0000	0.0000	0.0000	0.0000	0.0000	0.0000	0.0000	0.0000	0.0000	0.0000	0.0000	0.0000	0.0000	0.0000	0.0000	0.0000	0.0000	0.0467	0.0408	0.0059	0.0008	0.0007	0.0000	0.0459	0.0401	0.0058	0.0290	0.0141	0.0150	0.0005	0.0004	0.0001	0.0286	0.0137	0.0149
45	93	0.0258	5	2	0	0	0	0	0	0	0	0	1	2	2	0	0	0	0	0	0	Y	N	N	N	Y	Y	N	N	N	N	N	N	N	N	N	N	N	N	0.0000	0.0000	0.0000	0.0000	0.0000	0.0000	0.0000	0.0000	0.0000	0.0000	0.0000	0.0000	0.0000	0.0000	0.0000	0.0000	0.0000	0.0000	0.0000	0.0000	0.0000	0.0000	0.0000	0.0000	0.0000	0.0000	0.0000			0.0000	0.0000	4.0000	2.0083	1.0000	3.0031	0.0000	0.0000	0.0000	0.0000	0.0000	0.0000	0.0000	0.0000	0.0000	0.0000	0.0000	0.0000	0.0000	0.0000	0.0000	0.0000	0.0000	0.0000	0.0915	0.0799	0.0116	0.0003	0.0003	0.0000	0.0912	0.0796	0.0116	0.0478	0.0228	0.0249	0.0000	0.0000	0.0000	0.0478	0.0228	0.0249
45	94	0.0258	4	2	0	0	0	0	0	0	0	0	0	2	1	0	0	0	0	0	0	Y	N	N	N	Y	N	N	N	N	N	N	N	N	N	N	N	N	N	0.0000	0.0000	0.0000	0.0000	0.0000	0.0000	0.0000	0.0000	0.0000	0.0000	0.0000	0.0000	0.0000	0.0000	0.0000	0.0000	0.0000	0.0000	0.0000	0.0000	0.0000	0.0000	0.0000	0.0000	0.0000	0.0000	0.0000			0.0000	0.0000	4.0000	0.0000	1.0000	0.0002	0.0000	0.0000	0.0000	0.0000	0.0000	0.0000	0.0000	0.0000	0.0000	0.0000	0.0000	0.0000	0.0000	0.0000	0.0000	0.0000	0.0000	0.0000	0.0000	0.0000	0.0000	0.0000	0.0000	0.0000	0.0000	0.0000	0.0000	0.0000	0.0000	0.0000	0.0000	0.0000	0.0000	0.0000	0.0000	0.0000
45	95	0.0226	3	2	0	0	0	0	0	0	0	0	0	2	1	0	0	0	0	0	0	Y	N	N	N	Y	N	N	N	N	N	N	N	N	N	N	N	N	N	0.0000	0.0000	0.0000	0.0000	0.0000	0.0000	0.0000	0.0000	0.0000	0.0000	0.0000	0.0000	0.0000	0.0000	0.0000	0.0000	0.0000	0.0000	0.0000	0.0000	0.0000	0.0000	0.0000	0.0000	0.0000	0.0000	0.0000			0.0000	0.0000	4.0000	1.0000	1.0000	0.0001	0.0000	0.0000	0.0000	0.0000	0.0000	0.0000	0.0000	0.0000	0.0000	0.0000	0.0000	0.0000	0.0000	0.0000	0.0000	0.0000	0.0000	0.0000	0.0461	0.0402	0.0059	0.0001	0.0001	0.0000	0.0461	0.0402	0.0059	0.0098	0.0047	0.0051	0.0000	0.0000	0.0000	0.0098	0.0047	0.0051
45	99	0.0518	7	2	0	1	0	1	0	1	0	0	0	1	1	0	0	0	0	0	0	Y	N	N	N	N	N	N	N	N	N	N	N	N	N	N	N	N	N	0.0000	0.0000	0.0000	0.0000	0.0000	0.0000	0.0000	0.0000	0.0000	0.0000	0.0000	0.0000	0.0000	0.0000	0.0000	0.0000	0.0000	0.0000	0.0000	0.0000	0.0000	0.0000	0.0000	0.0000	0.0000	0.0000	0.0000			0.0000	0.0000	4.0000	5.0000	1.0000	11.0015	0.0000	0.0000	0.0000	0.0000	0.0000	0.0000	0.0000	0.0000	0.0000	0.0000	0.0000	0.0000	0.0000	0.0000	0.0000	0.0000	0.0000	0.0000	0.2250	0.1967	0.0283	0.0021	0.0020	0.0001	0.2229	0.1947	0.0282	0.1417	0.0696	0.0722	0.0020	0.0017	0.0003	0.1398	0.0679	0.0719
45	100	0.1327	17	2	0	1	0	0	0	0	0	0	0	1	1	0	0	0	0	0	0	Y	N	N	N	N	N	N	N	N	N	N	N	N	N	N	N	N	N	0.0000	0.0000	0.0000	0.0000	0.0000	0.0000	0.0000	0.0000	0.0000	0.0000	0.0000	0.0000	0.0000	0.0000	0.0000	0.0000	0.0000	0.0000	0.0000	0.0000	0.0000	0.0000	0.0000	0.0000	0.0000	0.0000	0.0000			0.0000	0.0000	4.0000	2.0003	1.0000	3.6794	0.0000	0.0000	0.0000	0.0000	0.0000	0.0000	0.0000	0.0000	0.0000	0.0000	0.0000	0.0000	0.0000	0.0000	0.0000	0.0000	0.0000	0.0000	0.0924	0.0810	0.0114	0.0062	0.0058	0.0003	0.0862	0.0752	0.0110	0.0572	0.0321	0.0251	0.0101	0.0087	0.0014	0.0471	0.0234	0.0237
45	101	0.1220	16	2	0	1	0	1	0	1	0	0	0	1	1	0	0	0	0	0	0	Y	N	N	N	N	N	N	N	N	N	N	N	N	N	N	N	N	N	0.0000	0.0000	0.0000	0.0000	0.0000	0.0000	0.0000	0.0000	0.0000	0.0000	0.0000	0.0000	0.0000	0.0000	0.0000	0.0000	0.0000	0.0000	0.0000	0.0000	0.0000	0.0000	0.0000	0.0000	0.0000	0.0000	0.0000			0.0000	0.0000	4.0000	0.0087	1.0000	3.3708	0.0000	0.0000	0.0000	0.0000	0.0000	0.0000	0.0000	0.0000	0.0000	0.0000	0.0000	0.0000	0.0000	0.0000	0.0000	0.0000	0.0000	0.0000	0.0015	0.0013	0.0002	0.0006	0.0006	0.0000	0.0009	0.0007	0.0002	0.0314	0.0165	0.0148	0.0038	0.0032	0.0006	0.0276	0.0134	0.0142
45	106	0.0355	7	2	0	1	0	0	0	1	0	0	0	1	1	0	0	0	0	0	0	Y	N	N	N	N	N	N	N	N	N	N	N	N	N	N	N	N	N	0.0000	0.0000	0.0000	0.0000	0.0000	0.0000	0.0000	0.0000	0.0000	0.0000	0.0000	0.0000	0.0000	0.0000	0.0000	0.0000	0.0000	0.0000	0.0000	0.0000	0.0000	0.0000	0.0000	0.0000	0.0000	0.0000	0.0000			0.0000	0.0000	4.0000	3.0043	1.0000	5.0032	0.0000	0.0000	0.0000	0.0000	0.0000	0.0000	0.0000	0.0000	0.0000	0.0000	0.0000	0.0000	0.0000	0.0000	0.0000	0.0000	0.0000	0.0000	0.1375	0.1201	0.0173	0.0012	0.0012	0.0001	0.1363	0.1190	0.0173	0.0755	0.0367	0.0388	0.0014	0.0011	0.0003	0.0741	0.0356	0.0385
45	107	0.0291	6	2	0	0	0	0	0	0	0	0	0	1	1	0	0	0	0	0	0	Y	N	N	N	N	N	N	N	N	N	N	N	N	N	N	N	N	N	0.0000	0.0000	0.0000	0.0000	0.0000	0.0000	0.0000	0.0000	0.0000	0.0000	0.0000	0.0000	0.0000	0.0000	0.0000	0.0000	0.0000	0.0000	0.0000	0.0000	0.0000	0.0000	0.0000	0.0000	0.0000	0.0000	0.0000			0.0000	0.0000	4.0000	1.0015	1.0000	0.9989	0.0000	0.0000	0.0000	0.0000	0.0000	0.0000	0.0000	0.0000	0.0000	0.0000	0.0000	0.0000	0.0000	0.0000	0.0000	0.0000	0.0000	0.0000	0.0463	0.0404	0.0059	0.0003	0.0003	0.0000	0.0460	0.0401	0.0059	0.0193	0.0093	0.0101	0.0000	0.0000	0.0000	0.0193	0.0093	0.0101
45	108	0.0259	5	2	0	0	0	0	0	0	0	0	0	1	1	0	0	0	0	0	0	Y	N	N	N	N	N	N	N	N	N	N	N	N	N	N	N	N	N	inf	inf	0.0000	0.0000	0.0000	0.0000	inf	inf	0.0000	21.6465	24.7917	0.0000	0.0000	0.0000	0.0000	21.7764	24.9547	0.0000	0.0000	0.0000	0.0000	0.0000	0.0000	0.0000	0.0000	0.0000	0.0000	0.0000		-0.2307	0.0000	4.0000	1.0004	1.0000	0.0020	0.9995	0.9995	0.0000	0.0000	0.0000	0.0000	0.9995	0.9995	0.0000	0.0000	0.0000	0.0000	0.0000	0.0000	0.0000	0.0000	0.0000	0.0000	0.0462	0.0403	0.0059	0.0003	0.0003	0.0000	0.0459	0.0401	0.0058	0.0097	0.0047	0.0051	0.0000	0.0000	0.0000	0.0097	0.0047	0.0051
45	110	0.1272	14	2	0	1	0	0	0	0	0	0	0	1	1	0	0	0	0	0	0	Y	N	N	N	N	N	N	N	N	N	N	N	N	N	N	N	N	N	0.0000	0.0000	0.0000	0.0000	0.0000	0.0000	0.0000	0.0000	0.0000	0.0000	0.0000	0.0000	0.0000	0.0000	0.0000	0.0000	0.0000	0.0000	0.0000	0.0000	0.0000	0.0000	0.0000	0.0000	0.0000	0.0000	0.0000			0.0000	0.0000	4.0000	7.0195	1.0000	5.1243	0.0000	0.0000	0.0000	0.0000	0.0000	0.0000	0.0000	0.0000	0.0000	0.0000	0.0000	0.0000	0.0000	0.0000	0.0000	0.0000	0.0000	0.0000	0.3072	0.2693	0.0380	0.0147	0.0139	0.0008	0.2926	0.2554	0.0372	0.1112	0.0579	0.0533	0.0099	0.0077	0.0022	0.1013	0.0502	0.0511
45	111	0.1047	13	2	0	1	0	0	0	1	0	0	0	1	1	0	0	0	0	0	0	Y	N	N	N	N	N	N	N	N	N	N	N	N	N	N	N	N	N	0.0000	0.0000	0.0000	0.0000	0.0000	0.0000	0.0000	0.0000	0.0000	0.0000	0.0000	0.0000	0.0000	0.0000	0.0000	0.0000	0.0000	0.0000	0.0000	0.0000	0.0000	0.0000	0.0000	0.0000	0.0000	0.0000	0.0000			0.0000	0.0000	4.0000	2.0281	1.0000	3.4706	0.0000	0.0000	0.0000	0.0000	0.0000	0.0000	0.0000	0.0000	0.0000	0.0000	0.0000	0.0000	0.0000	0.0000	0.0000	0.0000	0.0000	0.0000	0.0928	0.0812	0.0116	0.0042	0.0039	0.0002	0.0886	0.0773	0.0113	0.0755	0.0438	0.0316	0.0162	0.0153	0.0009	0.0593	0.0286	0.0307
45	112	0.0912	12	2	0	0	0	1	0	0	0	0	0	1	1	0	0	0	0	0	0	Y	N	N	N	N	N	N	N	N	N	N	N	N	N	N	N	N	N	0.0000	0.0000	0.0000	0.0000	0.0000	0.0000	0.0000	0.0000	0.0000	0.0000	0.0000	0.0000	0.0000	0.0000	0.0000	0.0000	0.0000	0.0000	0.0000	0.0000	0.0000	0.0000	0.0000	0.0000	0.0000	0.0000	0.0000			0.0000	0.0000	4.0000	3.0209	1.0000	2.2550	0.0000	0.0000	0.0000	0.0000	0.0000	0.0000	0.0000	0.0000	0.0000	0.0000	0.0000	0.0000	0.0000	0.0000	0.0000	0.0000	0.0000	0.0000	0.1399	0.1225	0.0175	0.0048	0.0046	0.0003	0.1351	0.1179	0.0172	0.0754	0.0443	0.0311	0.0166	0.0158	0.0009	0.0588	0.0285	0.0303
45	120	0.0817	13	1	0	1	0	0	0	0	0	0	0	2	1	0	0	0	0	0	0	N	N	N	N	Y	N	N	N	N	N	N	N	N	N	N	N	N	N	0.0000	0.0000	0.0000	0.0000	0.0000	0.0000	0.0000	0.0000	0.0000	0.0000	0.0000	0.0000	0.0000	0.0000	0.0000	0.0000	0.0000	0.0000	0.0000	0.0000	0.0000	0.0000	0.0000	0.0000	0.0000	0.0000	0.0000			0.0000	0.0000	4.0000	2.9998	1.0000	1.0000	0.0000	0.0000	0.0000	0.0000	0.0000	0.0000	0.0000	0.0000	0.0000	0.0000	0.0000	0.0000	0.0000	0.0000	0.0000	0.0000	0.0000	0.0000	0.1342	0.1174	0.0168	0.0041	0.0039	0.0003	0.1301	0.1135	0.0165	0.0361	0.0176	0.0185	0.0009	0.0007	0.0002	0.0351	0.0169	0.0183
45	121	0.0816	12	1	0	1	0	0	0	0	0	1	0	2	1	0	0	0	0	0	0	N	N	N	N	Y	N	N	N	N	N	N	N	N	N	N	N	N	N	0.0000	0.0000	0.0000	0.0000	0.0000	0.0000	0.0000	0.0000	0.0000	0.0000	0.0000	0.0000	0.0000	0.0000	0.0000	0.0000	0.0000	0.0000	0.0000	0.0000	0.0000	0.0000	0.0000	0.0000	0.0000	0.0000	0.0000			0.0000	0.0000	4.0000	0.0006	1.0000	0.0007	0.0000	0.0000	0.0000	0.0000	0.0000	0.0000	0.0000	0.0000	0.0000	0.0000	0.0000	0.0000	0.0000	0.0000	0.0000	0.0000	0.0000	0.0000	0.0000	0.0000	0.0000	0.0000	0.0000	0.0000	0.0000	0.0000	0.0000	0.0000	0.0000	0.0000	0.0000	0.0000	0.0000	0.0000	0.0000	0.0000
45	126	0.0848	13	2	0	1	0	0	0	0	0	0	0	1	1	0	0	0	0	0	0	Y	N	N	N	N	N	N	N	N	N	N	N	N	N	N	N	N	N	0.0000	0.0000	0.0000	0.0000	0.0000	0.0000	0.0000	0.0000	0.0000	0.0000	0.0000	0.0000	0.0000	0.0000	0.0000	0.0000	0.0000	0.0000	0.0000	0.0000	0.0000	0.0000	0.0000	0.0000	0.0000	0.0000	0.0000			0.0000	0.0000	4.0000	1.0002	1.0000	2.0058	0.0000	0.0000	0.0000	0.0000	0.0000	0.0000	0.0000	0.0000	0.0000	0.0000	0.0000	0.0000	0.0000	0.0000	0.0000	0.0000	0.0000	0.0000	0.0453	0.0396	0.0057	0.0014	0.0013	0.0001	0.0439	0.0383	0.0056	0.0274	0.0134	0.0140	0.0008	0.0006	0.0001	0.0266	0.0127	0.0139
45	127	0.0882	13	1	0	0	0	0	0	0	0	0	1	1	2	0	0	0	0	0	0	N	N	N	N	N	Y	N	N	N	N	N	N	N	N	N	N	N	N	0.0000	0.0000	0.0000	0.0000	0.0000	0.0000	0.0000	0.0000	0.0000	0.0000	0.0000	0.0000	0.0000	0.0000	0.0000	0.0000	0.0000	0.0000	0.0000	0.0000	0.0000	0.0000	0.0000	0.0000	0.0000	0.0000	0.0000			0.0000	0.0000	4.0000	1.0000	1.0000	2.0000	0.0000	0.0000	0.0000	0.0000	0.0000	0.0000	0.0000	0.0000	0.0000	0.0000	0.0000	0.0000	0.0000	0.0000	0.0000	0.0000	0.0000	0.0000	0.0452	0.0395	0.0057	0.0013	0.0012	0.0001	0.0439	0.0383	0.0056	0.0281	0.0139	0.0143	0.0008	0.0006	0.0002	0.0273	0.0132	0.0141
45	128	0.0882	12	1	0	0	0	0	0	0	0	0	1	1	2	0	0	0	0	0	0	N	N	N	N	N	Y	N	N	N	N	N	N	N	N	N	N	N	N	0.0000	0.0000	0.0000	0.0000	0.0000	0.0000	0.0000	0.0000	0.0000	0.0000	0.0000	0.0000	0.0000	0.0000	0.0000	0.0000	0.0000	0.0000	0.0000	0.0000	0.0000	0.0000	0.0000	0.0000	0.0000	0.0000	0.0000			0.0000	0.0000	4.0000	3.0000	1.0000	2.0000	0.0000	0.0000	0.0000	0.0000	0.0000	0.0000	0.0000	0.0000	0.0000	0.0000	0.0000	0.0000	0.0000	0.0000	0.0000	0.0000	0.0000	0.0000	0.1340	0.1172	0.0168	0.0039	0.0037	0.0002	0.1300	0.1135	0.0165	0.0464	0.0229	0.0235	0.0013	0.0010	0.0003	0.0450	0.0218	0.0232
45	129	0.0914	14	1	0	0	0	0	0	0	0	0	1	1	2	0	0	0	0	0	0	N	N	N	N	N	Y	N	N	N	N	N	N	N	N	N	N	N	N	inf	inf	0.0000	0.0000	0.0000	0.0000	inf	inf	0.0000	0.0053	0.0061	0.0000	0.0000	0.0000	0.0000	0.0055	0.0063	0.0000	0.0000	0.0000	0.0000	0.0000	0.0000	0.0000	0.0000	0.0000	0.0000	0.0000		-0.0001	0.0000	4.0000	2.0004	1.0000	1.0045	0.0005	0.0005	0.0000	0.0000	0.0000	0.0000	0.0005	0.0005	0.0000	0.0000	0.0000	0.0000	0.0000	0.0000	0.0000	0.0000	0.0000	0.0000	0.0898	0.0785	0.0112	0.0028	0.0026	0.0002	0.0870	0.0760	0.0111	0.0282	0.0139	0.0143	0.0009	0.0007	0.0002	0.0273	0.0133	0.0141
45	133	0.1052	10	2	0	1	0	0	0	0	0	0	0	2	1	0	0	0	0	0	0	Y	N	N	N	Y	N	N	N	N	N	N	N	N	N	N	N	N	N	0.0000	0.0000	0.0000	0.0000	0.0000	0.0000	0.0000	0.0000	0.0000	0.0000	0.0000	0.0000	0.0000	0.0000	0.0000	0.0000	0.0000	0.0000	0.0000	0.0000	0.0000	0.0000	0.0000	0.0000	0.0000	0.0000	0.0000			0.0000	0.0000	4.0000	0.0000	1.0000	0.0001	0.0000	0.0000	0.0000	0.0000	0.0000	0.0000	0.0000	0.0000	0.0000	0.0000	0.0000	0.0000	0.0000	0.0000	0.0000	0.0000	0.0000	0.0000	0.0000	0.0000	0.0000	0.0000	0.0000	0.0000	0.0000	0.0000	0.0000	0.0000	0.0000	0.0000	0.0000	0.0000	0.0000	0.0000	0.0000	0.0000
45	134	0.0652	9	2	0	1	0	1	0	1	0	1	0	2	1	0	0	0	0	0	0	Y	N	N	N	Y	N	N	N	N	N	N	N	N	N	N	N	N	N	0.0000	0.0000	0.0000	0.0000	0.0000	0.0000	0.0000	0.0000	0.0000	0.0000	0.0000	0.0000	0.0000	0.0000	0.0000	0.0000	0.0000	0.0000	0.0000	0.0000	0.0000	0.0000	0.0000	0.0000	0.0000	0.0000	0.0000			0.0000	0.0000	4.0000	4.0005	1.0000	6.9251	0.0000	0.0000	0.0000	0.0000	0.0000	0.0000	0.0000	0.0000	0.0000	0.0000	0.0000	0.0000	0.0000	0.0000	0.0000	0.0000	0.0000	0.0000	0.1818	0.1590	0.0229	0.0023	0.0022	0.0001	0.1796	0.1568	0.0228	0.1030	0.0510	0.0520	0.0034	0.0032	0.0002	0.0996	0.0478	0.0518
45	135	0.0977	14	2	0	1	0	0	0	0	0	0	0	2	1	0	0	0	0	0	0	Y	N	N	N	Y	N	N	N	N	N	N	N	N	N	N	N	N	N	0.0000	0.0000	0.0000	0.0000	0.0000	0.0000	0.0000	0.0000	0.0000	0.0000	0.0000	0.0000	0.0000	0.0000	0.0000	0.0000	0.0000	0.0000	0.0000	0.0000	0.0000	0.0000	0.0000	0.0000	0.0000	0.0000	0.0000			0.0000	0.0000	4.0000	0.9923	1.0000	0.0060	0.0000	0.0000	0.0000	0.0000	0.0000	0.0000	0.0000	0.0000	0.0000	0.0000	0.0000	0.0000	0.0000	0.0000	0.0000	0.0000	0.0000	0.0000	0.0456	0.0399	0.0057	0.0021	0.0020	0.0001	0.0434	0.0379	0.0056	0.0088	0.0044	0.0044	0.0004	0.0004	0.0000	0.0084	0.0041	0.0044
45	136	0.0848	13	2	0	1	0	0	0	0	0	1	0	2	1	0	0	0	0	0	0	Y	N	N	N	Y	N	N	N	N	N	N	N	N	N	N	N	N	N	0.0000	0.0000	0.0000	0.0000	0.0000	0.0000	0.0000	0.0000	0.0000	0.0000	0.0000	0.0000	0.0000	0.0000	0.0000	0.0000	0.0000	0.0000	0.0000	0.0000	0.0000	0.0000	0.0000	0.0000	0.0000	0.0000	0.0000			0.0000	0.0000	4.0000	2.0106	1.0000	2.0023	0.0000	0.0000	0.0000	0.0000	0.0000	0.0000	0.0000	0.0000	0.0000	0.0000	0.0000	0.0000	0.0000	0.0000	0.0000	0.0000	0.0000	0.0000	0.0902	0.0789	0.0113	0.0028	0.0026	0.0002	0.0874	0.0763	0.0111	0.0362	0.0177	0.0185	0.0010	0.0008	0.0002	0.0352	0.0169	0.0184
45	137	0.0816	12	2	0	1	0	1	0	0	0	0	0	1	1	0	0	0	0	0	0	Y	N	N	N	N	N	N	N	N	N	N	N	N	N	N	N	N	N	0.0000	0.0000	0.0000	0.0000	0.0000	0.0000	0.0000	0.0000	0.0000	0.0000	0.0000	0.0000	0.0000	0.0000	0.0000	0.0000	0.0000	0.0000	0.0000	0.0000	0.0000	0.0000	0.0000	0.0000	0.0000	0.0000	0.0000			0.0000	0.0000	4.0000	0.0008	1.0000	1.0019	0.0000	0.0000	0.0000	0.0000	0.0000	0.0000	0.0000	0.0000	0.0000	0.0000	0.0000	0.0000	0.0000	0.0000	0.0000	0.0000	0.0000	0.0000	0.0000	0.0000	0.0000	0.0000	0.0000	0.0000	0.0000	0.0000	0.0000	0.0092	0.0045	0.0047	0.0002	0.0002	0.0000	0.0090	0.0043	0.0047
46	48	0.1108	6	2	0	1	0	0	0	1	0	0	1	0	1	0	0	0	0	0	0	Y	N	N	N	N	N	N	N	N	N	N	N	N	N	N	N	N	N	0.0000	0.0000	0.0000	0.0000	0.0000	0.0000	0.0000	0.0000	0.0000	0.0000	0.0000	0.0000	0.0000	0.0000	0.0000	0.0000	0.0000	0.0000	0.0000	0.0000	0.0000	0.0000	0.0000	0.0000	0.0000	0.0000	0.0000			0.0000	0.0000	0.0007	0.0000	1.0103	0.0001	0.0000	0.0000	0.0000	0.0000	0.0000	0.0000	0.0000	0.0000	0.0000	0.0000	0.0000	0.0000	0.0000	0.0000	0.0000	0.0000	0.0000	0.0000	0.0000	0.0000	0.0000	0.0000	0.0000	0.0000	0.0000	0.0000	0.0000	0.0004	0.0003	0.0001	0.0002	0.0002	0.0000	0.0002	0.0001	0.0001
46	49	0.1013	5	2	0	0	0	0	0	0	0	0	1	0	1	0	0	0	0	0	0	Y	N	N	N	N	N	N	N	N	N	N	N	N	N	N	N	N	N	0.1415	0.1418	0.0000	0.8614	0.8968	0.0000	0.0021	0.0017	0.0000	0.0039	0.0043	0.0000	0.0092	0.0093	0.0000	0.0001	0.0001	0.0000	0.0278	0.0306	0.0193	0.0107	0.0104	0.0242	0.0380	0.0498	0.0191	0.0012	0.2089	-0.0000	-0.0002	0.0007	1.6285	1.0103	1.0381	0.0000	0.0000	0.0000	0.0000	0.0000	0.0000	0.0000	0.0000	0.0000	0.0004	0.0004	0.0001	0.0001	0.0001	0.0000	0.0004	0.0003	0.0001	0.0001	0.0001	0.0000	0.0000	0.0000	0.0000	0.0000	0.0000	0.0000	0.0159	0.0119	0.0040	0.0059	0.0058	0.0001	0.0099	0.0061	0.0038
46	50	0.1590	19	2	0	1	1	0	0	0	1	0	1	1	2	0	0	0	0	0	0	Y	N	N	N	N	Y	N	N	N	N	N	N	N	N	N	N	N	N	0.0000	0.0000	0.0000	0.0000	0.0000	0.0000	0.0000	0.0000	0.0000	0.0000	0.0000	0.0000	0.0000	0.0000	0.0000	0.0000	0.0000	0.0000	0.0000	0.0000	0.0000	0.0000	0.0000	0.0000	0.0000	0.0000	0.0000			0.0000	0.0000	0.0007	0.0001	1.0103	0.9998	0.0000	0.0000	0.0000	0.0000	0.0000	0.0000	0.0000	0.0000	0.0000	0.0000	0.0000	0.0000	0.0000	0.0000	0.0000	0.0000	0.0000	0.0000	0.0000	0.0000	0.0000	0.0000	0.0000	0.0000	0.0000	0.0000	0.0000	0.0054	0.0038	0.0016	0.0020	0.0020	0.0001	0.0034	0.0018	0.0015
46	51	0.1590	19	2	0	1	0	0	0	0	0	0	1	1	2	0	0	0	0	0	0	Y	N	N	N	N	Y	N	N	N	N	N	N	N	N	N	N	N	N	0.0000	0.0000	0.0000	0.0000	0.0000	0.0000	0.0000	0.0000	0.0000	0.0000	0.0000	0.0000	0.0000	0.0000	0.0000	0.0000	0.0000	0.0000	0.0000	0.0000	0.0000	0.0000	0.0000	0.0000	0.0000	0.0000	0.0000			0.0000	0.0000	0.0007	0.0001	1.0103	1.0003	0.0000	0.0000	0.0000	0.0000	0.0000	0.0000	0.0000	0.0000	0.0000	0.0000	0.0000	0.0000	0.0000	0.0000	0.0000	0.0000	0.0000	0.0000	0.0000	0.0000	0.0000	0.0000	0.0000	0.0000	0.0000	0.0000	0.0000	0.0054	0.0038	0.0016	0.0020	0.0020	0.0001	0.0034	0.0018	0.0015
46	52	0.1558	18	2	0	1	0	0	0	1	0	0	1	1	2	0	0	0	0	0	0	Y	N	N	N	N	Y	N	N	N	N	N	N	N	N	N	N	N	N	inf	inf	0.0000	inf	inf	0.0000	0.0000	0.0000	0.0000	0.0006	0.0007	0.0000	0.0015	0.0016	0.0000	0.0000	0.0000	0.0000	0.0000	0.0000	0.0000	0.0000	0.0000	0.0000	0.0000	0.0000	0.0000	0.0000		-0.0000	0.0000	0.0007	1.0000	1.0103	0.0042	0.0000	0.0000	0.0000	0.0000	0.0000	0.0000	0.0000	0.0000	0.0000	0.0000	0.0000	0.0000	0.0000	0.0000	0.0000	0.0000	0.0000	0.0000	0.0000	0.0000	0.0000	0.0000	0.0000	0.0000	0.0000	0.0000	0.0000	0.0054	0.0038	0.0016	0.0020	0.0020	0.0001	0.0034	0.0019	0.0015
46	53	0.1526	17	2	0	0	0	0	0	0	0	0	1	1	2	0	0	0	0	0	0	Y	N	N	N	N	Y	N	N	N	N	N	N	N	N	N	N	N	N	inf	inf	0.0000	inf	inf	0.0000	0.0000	0.0000	0.0000	1.1014	1.2095	0.0000	2.5381	2.5656	0.0000	0.0000	0.0000	0.0000	0.0000	0.0000	0.0000	0.0000	0.0000	0.0000	0.0000	0.0000	0.0000	0.0000		-0.0000	0.0000	0.0007	0.9921	1.0103	0.0076	0.0000	0.0000	0.0000	0.0000	0.0000	0.0000	0.0000	0.0000	0.0000	0.0000	0.0000	0.0000	0.0000	0.0000	0.0000	0.0000	0.0000	0.0000	0.0000	0.0000	0.0000	0.0000	0.0000	0.0000	0.0000	0.0000	0.0000	0.0054	0.0038	0.0016	0.0020	0.0020	0.0001	0.0034	0.0019	0.0015
46	54	0.1573	15	2	0	1	0	0	0	0	0	0	1	1	1	0	0	0	0	0	0	Y	N	N	N	N	N	N	N	N	N	N	N	N	N	N	N	N	N	0.0000	0.0000	0.0000	0.0000	0.0000	0.0000	0.0000	0.0000	0.0000	0.0000	0.0000	0.0000	0.0000	0.0000	0.0000	0.0000	0.0000	0.0000	0.0000	0.0000	0.0000	0.0000	0.0000	0.0000	0.0000	0.0000	0.0000			0.0000	0.0000	0.0007	0.0000	1.0103	0.0000	0.0000	0.0000	0.0000	0.0000	0.0000	0.0000	0.0000	0.0000	0.0000	0.0000	0.0000	0.0000	0.0000	0.0000	0.0000	0.0000	0.0000	0.0000	0.0000	0.0000	0.0000	0.0000	0.0000	0.0000	0.0000	0.0000	0.0000	0.0000	0.0000	0.0000	0.0000	0.0000	0.0000	0.0000	0.0000	0.0000
46	58	0.1477	15	2	0	1	0	0	0	0	0	0	2	0	2	0	0	0	0	0	0	Y	N	N	N	N	Y	N	N	N	N	N	N	N	N	N	N	N	N	0.0000	0.0000	0.0000	0.0000	0.0000	0.0000	0.0000	0.0000	0.0000	0.0000	0.0000	0.0000	0.0000	0.0000	0.0000	0.0000	0.0000	0.0000	0.0000	0.0000	0.0000	0.0000	0.0000	0.0000	0.0000	0.0000	0.0000			0.0000	0.0000	0.0007	1.0033	1.0103	1.0015	0.0000	0.0000	0.0000	0.0000	0.0000	0.0000	0.0000	0.0000	0.0000	0.0000	0.0000	0.0000	0.0000	0.0000	0.0000	0.0000	0.0000	0.0000	0.0000	0.0000	0.0000	0.0000	0.0000	0.0000	0.0000	0.0000	0.0000	0.0126	0.0091	0.0034	0.0049	0.0048	0.0001	0.0076	0.0043	0.0033
46	59	0.1331	14	2	0	1	0	0	0	0	0	0	1	0	1	0	0	0	0	0	0	Y	N	N	N	N	N	N	N	N	N	N	N	N	N	N	N	N	N	0.0000	0.0000	0.0000	0.0000	0.0000	0.0000	0.0000	0.0000	0.0000	0.0000	0.0000	0.0000	0.0000	0.0000	0.0000	0.0000	0.0000	0.0000	0.0002	0.0003	0.0000	0.0006	0.0006	0.0000	0.0000	0.0000	0.0000		0.0000	0.0000	-0.0000	0.0007	2.9984	1.0103	1.5227	0.0000	0.0000	0.0000	0.0000	0.0000	0.0000	0.0000	0.0000	0.0000	0.0000	0.0000	0.0000	0.0000	0.0000	0.0000	0.0000	0.0000	0.0000	0.0001	0.0001	0.0000	0.0000	0.0000	0.0000	0.0001	0.0001	0.0000	0.0249	0.0176	0.0072	0.0093	0.0090	0.0002	0.0156	0.0086	0.0070
46	60	0.1363	16	2	0	0	0	0	0	0	0	0	1	1	2	0	0	0	0	0	0	Y	N	N	N	N	Y	N	N	N	N	N	N	N	N	N	N	N	N	0.0000	0.0000	0.0000	0.0000	0.0000	0.0000	0.0000	0.0000	0.0000	0.0000	0.0000	0.0000	0.0000	0.0000	0.0000	0.0000	0.0000	0.0000	0.0000	0.0000	0.0000	0.0000	0.0000	0.0000	0.0000	0.0000	0.0000			0.0000	0.0000	0.0007	2.0000	1.0103	7.0000	0.0000	0.0000	0.0000	0.0000	0.0000	0.0000	0.0000	0.0000	0.0000	0.0000	0.0000	0.0000	0.0000	0.0000	0.0000	0.0000	0.0000	0.0000	0.0001	0.0001	0.0000	0.0000	0.0000	0.0000	0.0000	0.0000	0.0000	0.0465	0.0327	0.0138	0.0172	0.0167	0.0005	0.0293	0.0160	0.0133
46	61	0.1363	15	2	0	0	0	0	0	0	0	0	2	1	2	0	0	0	0	0	0	Y	N	N	N	N	Y	N	N	N	N	N	N	N	N	N	N	N	N	0.0000	0.0000	0.0000	0.0000	0.0000	0.0000	0.0000	0.0000	0.0000	0.0000	0.0000	0.0000	0.0000	0.0000	0.0000	0.0000	0.0000	0.0000	0.0000	0.0000	0.0000	0.0000	0.0000	0.0000	0.0000	0.0000	0.0000			0.0000	0.0000	0.0007	0.0000	1.0103	0.0000	0.0000	0.0000	0.0000	0.0000	0.0000	0.0000	0.0000	0.0000	0.0000	0.0000	0.0000	0.0000	0.0000	0.0000	0.0000	0.0000	0.0000	0.0000	0.0000	0.0000	0.0000	0.0000	0.0000	0.0000	0.0000	0.0000	0.0000	0.0000	0.0000	0.0000	0.0000	0.0000	0.0000	0.0000	0.0000	0.0000
46	62	0.1440	16	2	0	1	0	0	0	0	0	0	1	1	1	0	0	0	0	0	0	Y	N	N	N	N	N	N	N	N	N	N	N	N	N	N	N	N	N	0.0000	0.0000	0.0000	0.0000	0.0000	0.0000	0.0000	0.0000	0.0000	0.0000	0.0000	0.0000	0.0000	0.0000	0.0000	0.0000	0.0000	0.0000	35.0432	47.3893	0.0083	0.0202	0.0215	0.0000	60.9237	102.9917	0.0092		0.0001	0.0000	-0.5945	0.0007	0.9672	1.0103	2.9870	0.0000	0.0000	0.0000	0.0000	0.0000	0.0000	0.0000	0.0000	0.0000	0.9602	0.9602	0.0001	0.0002	0.0002	0.0000	0.9600	0.9599	0.0001	0.0000	0.0000	0.0000	0.0000	0.0000	0.0000	0.0000	0.0000	0.0000	0.0274	0.0203	0.0071	0.0116	0.0109	0.0007	0.0158	0.0093	0.0064
46	63	0.1128	15	2	0	1	0	0	0	0	0	1	1	1	1	0	0	0	0	0	0	Y	N	N	N	N	N	N	N	N	N	N	N	N	N	N	N	N	N	0.0000	0.0000	0.0000	0.0000	0.0000	0.0000	0.0000	0.0000	0.0000	0.0000	0.0000	0.0000	0.0000	0.0000	0.0000	0.0000	0.0000	0.0000	0.3925	0.5566	0.0036	0.0088	0.0090	0.0000	0.6281	1.1656	0.0037		0.0027	0.0000	-0.0135	0.0007	2.0363	1.0103	7.8590	0.0000	0.0000	0.0000	0.0000	0.0000	0.0000	0.0000	0.0000	0.0000	0.0219	0.0218	0.0001	0.0002	0.0002	0.0000	0.0217	0.0216	0.0001	0.0001	0.0001	0.0000	0.0000	0.0000	0.0000	0.0000	0.0000	0.0000	0.0557	0.0392	0.0165	0.0212	0.0206	0.0006	0.0345	0.0186	0.0160
46	64	0.1071	14	2	0	1	0	0	0	0	0	0	1	0	1	0	0	0	0	0	0	Y	N	N	N	N	N	N	N	N	N	N	N	N	N	N	N	N	N	0.0000	0.0000	0.0000	0.0000	0.0000	0.0000	0.0000	0.0000	0.0000	0.0000	0.0000	0.0000	0.0000	0.0000	0.0000	0.0000	0.0000	0.0000	0.0175	0.0213	0.0084	0.0067	0.0068	0.0014	0.0240	0.0370	0.0087		0.1669	0.0000	-0.0001	0.0007	0.0049	1.0103	1.8223	0.0000	0.0000	0.0000	0.0000	0.0000	0.0000	0.0000	0.0000	0.0000	0.0002	0.0002	0.0000	0.0000	0.0000	0.0000	0.0002	0.0001	0.0000	0.0000	0.0000	0.0000	0.0000	0.0000	0.0000	0.0000	0.0000	0.0000	0.0105	0.0074	0.0031	0.0040	0.0039	0.0001	0.0066	0.0035	0.0030
46	65	0.1363	15	2	0	1	0	0	0	0	0	0	1	0	1	0	0	0	0	0	0	Y	N	N	N	N	N	N	N	N	N	N	N	N	N	N	N	N	N	0.0000	0.0000	0.0000	0.0000	0.0000	0.0000	0.0000	0.0000	0.0000	0.0000	0.0000	0.0000	0.0000	0.0000	0.0000	0.0000	0.0000	0.0000	0.0000	0.0000	0.0000	0.0000	0.0000	0.0000	0.0000	0.0000	0.0000			0.0000	0.0000	0.0007	2.0010	1.0103	3.9928	0.0000	0.0000	0.0000	0.0000	0.0000	0.0000	0.0000	0.0000	0.0000	0.0000	0.0000	0.0000	0.0000	0.0000	0.0000	0.0000	0.0000	0.0000	0.0001	0.0001	0.0000	0.0000	0.0000	0.0000	0.0000	0.0000	0.0000	0.0328	0.0232	0.0095	0.0122	0.0119	0.0003	0.0205	0.0113	0.0092
46	66	0.1331	14	2	0	1	0	0	0	0	0	0	1	0	1	0	0	0	0	0	0	Y	N	N	N	N	N	N	N	N	N	N	N	N	N	N	N	N	N	0.0000	0.0000	0.0000	0.0000	0.0000	0.0000	0.0000	0.0000	0.0000	0.0000	0.0000	0.0000	0.0000	0.0000	0.0000	0.0000	0.0000	0.0000	0.0000	0.0000	0.0000	0.0000	0.0000	0.0000	0.0000	0.0000	0.0000			0.0000	0.0000	0.0007	1.0002	1.0103	0.0173	0.0000	0.0000	0.0000	0.0000	0.0000	0.0000	0.0000	0.0000	0.0000	0.0000	0.0000	0.0000	0.0000	0.0000	0.0000	0.0000	0.0000	0.0000	0.0000	0.0000	0.0000	0.0000	0.0000	0.0000	0.0000	0.0000	0.0000	0.0057	0.0040	0.0017	0.0021	0.0021	0.0001	0.0036	0.0020	0.0016
46	67	0.1331	13	2	0	1	0	0	0	1	0	0	1	0	1	0	0	0	0	0	0	Y	N	N	N	N	N	N	N	N	N	N	N	N	N	N	N	N	N	0.0000	0.0000	0.0000	0.0000	0.0000	0.0000	0.0000	0.0000	0.0000	0.0000	0.0000	0.0000	0.0000	0.0000	0.0000	0.0000	0.0000	0.0000	0.0000	0.0000	0.0000	0.0000	0.0000	0.0000	0.0000	0.0000	0.0000			0.0000	0.0000	0.0007	0.0001	1.0103	0.0028	0.0000	0.0000	0.0000	0.0000	0.0000	0.0000	0.0000	0.0000	0.0000	0.0000	0.0000	0.0000	0.0000	0.0000	0.0000	0.0000	0.0000	0.0000	0.0000	0.0000	0.0000	0.0000	0.0000	0.0000	0.0000	0.0000	0.0000	0.0000	0.0000	0.0000	0.0000	0.0000	0.0000	0.0000	0.0000	0.0000
46	68	0.1013	5	2	0	0	0	0	0	0	0	0	2	0	2	0	0	0	0	0	0	Y	N	N	N	N	Y	N	N	N	N	N	N	N	N	N	N	N	N	5858.5640	6016.0324	0.0000	0.0573	0.0625	0.0000	52139.1603	95223643.1529	0.0000	6.0708	6.7136	0.0000	0.0001	0.0001	0.0000	10.5434	12.4838	0.0000	0.0010	0.0011	0.0008	0.0025	0.0023	0.0105	0.0002	0.0000	0.0005	0.0000	0.2543	-0.0001	-0.0000	0.0007	1.4193	1.0103	5.2011	0.0003	0.0003	0.0000	0.0000	0.0000	0.0000	0.0003	0.0003	0.0000	0.0000	0.0000	0.0000	0.0000	0.0000	0.0000	0.0000	0.0000	0.0000	0.0001	0.0001	0.0000	0.0000	0.0000	0.0000	0.0000	0.0000	0.0000	0.0357	0.0264	0.0093	0.0129	0.0127	0.0003	0.0227	0.0137	0.0090
46	69	0.0512	4	2	0	0	0	1	0	0	0	0	1	0	1	0	0	0	0	0	0	Y	N	N	N	N	N	N	N	N	N	N	N	N	N	N	N	N	N	88.1638	207.6346	0.0375	20.5040	30.0778	0.0000	98.2519	204.6694	0.0414	0.1225	0.1354	0.0001	0.0072	0.0073	0.0000	0.1979	0.2319	0.0001	0.0014	0.0007	0.0030	0.0004	0.0002	0.0070	0.0020	0.0011	0.0029	0.0001	2.1181	-0.0000	0.0000	0.0007	9.3928	1.0103	3.6523	0.0000	0.0000	0.0000	0.0000	0.0000	0.0000	0.0000	0.0000	0.0000	0.0001	0.0000	0.0001	0.0000	0.0000	0.0000	0.0001	0.0000	0.0001	0.0003	0.0003	0.0000	0.0001	0.0001	0.0000	0.0002	0.0002	0.0000	0.0828	0.0566	0.0262	0.0311	0.0306	0.0005	0.0517	0.0260	0.0257
46	73	0.1514	17	2	0	1	0	0	0	1	0	0	1	1	1	0	0	0	0	0	0	Y	N	N	N	N	N	N	N	N	N	N	N	N	N	N	N	N	N	0.0000	0.0000	0.0000	0.0000	0.0000	0.0000	0.0000	0.0000	0.0000	0.0000	0.0000	0.0000	0.0000	0.0000	0.0000	0.0000	0.0000	0.0000	0.0000	0.0000	0.0000	0.0000	0.0000	0.0000	0.0000	0.0000	0.0000			0.0000	0.0000	0.0007	3.9579	1.0103	0.9988	0.0000	0.0000	0.0000	0.0000	0.0000	0.0000	0.0000	0.0000	0.0000	0.0000	0.0000	0.0000	0.0000	0.0000	0.0000	0.0000	0.0000	0.0000	0.0002	0.0002	0.0000	0.0001	0.0001	0.0000	0.0001	0.0001	0.0000	0.0297	0.0213	0.0084	0.0116	0.0113	0.0003	0.0181	0.0100	0.0081
46	74	0.1363	16	2	0	0	0	0	0	0	0	0	1	1	1	0	0	0	0	0	0	Y	N	N	N	N	N	N	N	N	N	N	N	N	N	N	N	N	N	inf	inf	inf	0.0000	0.0000	0.0000	inf	inf	inf	0.2685	0.2955	0.0018	0.0000	0.0000	0.0000	0.4515	0.5307	0.0018	0.0000	0.0000	0.0000	0.0000	0.0000	0.0000	0.0000	0.0000	0.0000	0.0006		-0.0000	0.0000	0.0007	3.9277	1.0103	0.5227	0.0000	0.0000	0.0000	0.0000	0.0000	0.0000	0.0000	0.0000	0.0000	0.0000	0.0000	0.0000	0.0000	0.0000	0.0000	0.0000	0.0000	0.0000	0.0001	0.0001	0.0000	0.0001	0.0001	0.0000	0.0001	0.0001	0.0000	0.0235	0.0165	0.0070	0.0087	0.0084	0.0002	0.0148	0.0081	0.0067
46	75	0.1363	15	2	0	0	0	0	0	0	0	0	1	1	1	0	0	0	0	0	0	Y	N	N	N	N	N	N	N	N	N	N	N	N	N	N	N	N	N	0.0000	0.0000	0.0000	0.0000	0.0000	0.0000	0.0000	0.0000	0.0000	0.0000	0.0000	0.0000	0.0000	0.0000	0.0000	0.0000	0.0000	0.0000	0.0000	0.0000	0.0000	0.0000	0.0000	0.0000	0.0000	0.0000	0.0000			0.0000	0.0000	0.0007	0.0009	1.0103	0.0000	0.0000	0.0000	0.0000	0.0000	0.0000	0.0000	0.0000	0.0000	0.0000	0.0000	0.0000	0.0000	0.0000	0.0000	0.0000	0.0000	0.0000	0.0000	0.0000	0.0000	0.0000	0.0000	0.0000	0.0000	0.0000	0.0000	0.0000	0.0000	0.0000	0.0000	0.0000	0.0000	0.0000	0.0000	0.0000	0.0000
46	76	0.1331	14	2	0	0	0	0	0	0	0	0	1	1	1	0	0	0	0	0	0	Y	N	N	N	N	N	N	N	N	N	N	N	N	N	N	N	N	N	0.0000	0.0000	0.0000	0.0000	0.0000	0.0000	0.0000	0.0000	0.0000	0.0000	0.0000	0.0000	0.0000	0.0000	0.0000	0.0000	0.0000	0.0000	0.0000	0.0000	0.0000	0.0000	0.0000	0.0000	0.0000	0.0000	0.0000			0.0000	0.0000	0.0007	1.0000	1.0103	0.0000	0.0000	0.0000	0.0000	0.0000	0.0000	0.0000	0.0000	0.0000	0.0000	0.0000	0.0000	0.0000	0.0000	0.0000	0.0000	0.0000	0.0000	0.0000	0.0000	0.0000	0.0000	0.0000	0.0000	0.0000	0.0000	0.0000	0.0000	0.0054	0.0038	0.0016	0.0020	0.0019	0.0001	0.0034	0.0019	0.0015
46	77	0.0887	7	2	0	0	0	1	0	0	0	0	1	0	1	0	0	0	0	0	0	Y	N	N	N	N	N	N	N	N	N	N	N	N	N	N	N	N	N	inf	inf	0.0000	inf	inf	0.0000	0.0000	0.0000	0.0000	0.3335	0.3663	0.0000	0.8126	0.8165	0.0000	0.0000	0.0000	0.0000	0.0000	0.0000	0.0000	0.0000	0.0000	0.0000	0.0000	0.0000	0.0000	0.0000		-0.0000	0.0000	0.0007	3.3326	1.0103	4.0108	0.0000	0.0000	0.0000	0.0000	0.0000	0.0000	0.0000	0.0000	0.0000	0.0000	0.0000	0.0000	0.0000	0.0000	0.0000	0.0000	0.0000	0.0000	0.0001	0.0001	0.0000	0.0000	0.0000	0.0000	0.0001	0.0001	0.0000	0.0411	0.0288	0.0122	0.0153	0.0149	0.0004	0.0258	0.0140	0.0118
46	78	0.1589	17	2	0	1	0	0	0	1	0	0	1	1	2	0	0	0	0	0	0	Y	N	N	N	N	Y	N	N	N	N	N	N	N	N	N	N	N	N	0.0000	0.0000	0.0000	0.0000	0.0000	0.0000	0.0000	0.0000	0.0000	0.0000	0.0000	0.0000	0.0000	0.0000	0.0000	0.0000	0.0000	0.0000	0.0000	0.0000	0.0001	0.0001	0.0000	0.0024	0.0000	0.0000	0.0000		inf	0.0000	0.0000	0.0007	0.0000	1.0103	0.9988	0.0000	0.0000	0.0000	0.0000	0.0000	0.0000	0.0000	0.0000	0.0000	0.0000	0.0000	0.0000	0.0000	0.0000	0.0000	0.0000	0.0000	0.0000	0.0000	0.0000	0.0000	0.0000	0.0000	0.0000	0.0000	0.0000	0.0000	0.0056	0.0040	0.0016	0.0022	0.0021	0.0001	0.0034	0.0019	0.0015
46	79	0.1557	16	2	0	0	0	0	0	0	0	0	1	1	2	0	0	0	0	0	0	Y	N	N	N	N	Y	N	N	N	N	N	N	N	N	N	N	N	N	0.0000	0.0000	0.0000	0.0000	0.0000	0.0000	0.0000	0.0000	0.0000	0.0000	0.0000	0.0000	0.0000	0.0000	0.0000	0.0000	0.0000	0.0000	0.0000	0.0001	0.0000	0.0001	0.0001	0.0000	0.0000	0.0000	0.0000		0.0000	0.0000	-0.0000	0.0007	0.0001	1.0103	1.0072	0.0000	0.0000	0.0000	0.0000	0.0000	0.0000	0.0000	0.0000	0.0000	0.0000	0.0000	0.0000	0.0000	0.0000	0.0000	0.0000	0.0000	0.0000	0.0000	0.0000	0.0000	0.0000	0.0000	0.0000	0.0000	0.0000	0.0000	0.0056	0.0040	0.0016	0.0021	0.0021	0.0001	0.0035	0.0019	0.0016
46	80	0.1460	15	2	0	0	0	0	0	0	0	0	1	1	2	0	0	0	0	0	0	Y	N	N	N	N	Y	N	N	N	N	N	N	N	N	N	N	N	N	inf	inf	0.0000	inf	inf	0.0000	0.0000	0.0000	0.0000	0.0004	0.0005	0.0000	0.0011	0.0011	0.0000	0.0000	0.0000	0.0000	0.0000	0.0000	0.0000	0.0000	0.0000	0.0000	0.0000	0.0000	0.0000	0.0000		-0.0000	0.0000	0.0007	1.0058	1.0103	1.9973	0.0000	0.0000	0.0000	0.0000	0.0000	0.0000	0.0000	0.0000	0.0000	0.0000	0.0000	0.0000	0.0000	0.0000	0.0000	0.0000	0.0000	0.0000	0.0000	0.0000	0.0000	0.0000	0.0000	0.0000	0.0000	0.0000	0.0000	0.0166	0.0118	0.0048	0.0063	0.0061	0.0002	0.0103	0.0057	0.0046
46	81	0.1071	14	2	0	1	0	0	0	0	0	0	1	0	1	0	0	0	0	0	0	Y	N	N	N	N	N	N	N	N	N	N	N	N	N	N	N	N	N	0.0000	0.0000	0.0000	0.0000	0.0000	0.0000	0.0000	0.0000	0.0000	0.0000	0.0000	0.0000	0.0000	0.0000	0.0000	0.0000	0.0000	0.0000	0.0005	0.0007	0.0000	0.0014	0.0014	0.0000	0.0000	0.0000	0.0000		0.0000	0.0000	-0.0000	0.0007	7.0000	1.0103	2.0013	0.0000	0.0000	0.0000	0.0000	0.0000	0.0000	0.0000	0.0000	0.0000	0.0000	0.0000	0.0000	0.0000	0.0000	0.0000	0.0000	0.0000	0.0000	0.0002	0.0002	0.0000	0.0001	0.0001	0.0000	0.0001	0.0001	0.0000	0.0496	0.0350	0.0146	0.0186	0.0181	0.0005	0.0310	0.0168	0.0141
46	82	0.1071	13	2	0	1	0	1	0	1	0	0	1	0	1	0	0	0	0	0	0	Y	N	N	N	N	N	N	N	N	N	N	N	N	N	N	N	N	N	0.0000	0.0000	0.0000	0.0000	0.0000	0.0000	0.0000	0.0000	0.0000	0.0000	0.0000	0.0000	0.0000	0.0000	0.0000	0.0000	0.0000	0.0000	0.3870	0.3443	0.4422	0.4045	0.4044	0.4231	0.3706	0.0000	0.4423		0.9922	0.0000	-0.0000	0.0007	0.0005	1.0103	0.0029	0.0000	0.0000	0.0000	0.0000	0.0000	0.0000	0.0000	0.0000	0.0000	0.0001	0.0000	0.0000	0.0000	0.0000	0.0000	0.0000	0.0000	0.0000	0.0000	0.0000	0.0000	0.0000	0.0000	0.0000	0.0000	0.0000	0.0000	0.0001	0.0001	0.0001	0.0001	0.0001	0.0000	0.0001	0.0000	0.0001
46	83	0.1460	15	2	0	0	0	0	0	0	0	0	1	1	2	0	0	0	0	0	0	Y	N	N	N	N	Y	N	N	N	N	N	N	N	N	N	N	N	N	inf	inf	0.0000	0.0000	0.0000	0.0000	inf	inf	0.0000	2.5850	2.8465	0.0000	0.0000	0.0000	0.0000	4.3483	5.1114	0.0000	0.0000	0.0000	0.0000	0.0000	0.0000	0.0000	0.0000	0.0000	0.0000	0.0000		-0.0001	0.0000	0.0007	5.0069	1.0103	6.0103	0.0004	0.0004	0.0000	0.0000	0.0000	0.0000	0.0004	0.0004	0.0000	0.0000	0.0000	0.0000	0.0000	0.0000	0.0000	0.0000	0.0000	0.0000	0.0002	0.0002	0.0000	0.0001	0.0001	0.0000	0.0001	0.0001	0.0000	0.0584	0.0416	0.0168	0.0222	0.0215	0.0007	0.0362	0.0200	0.0162
46	84	0.1396	14	2	0	0	0	0	0	0	0	1	2	1	2	0	0	0	0	0	0	Y	N	N	N	N	Y	N	N	N	N	N	N	N	N	N	N	N	N	inf	inf	0.0000	0.0000	0.0000	0.0000	inf	inf	0.0000	0.0002	0.0002	0.0000	0.0000	0.0000	0.0000	0.0004	0.0004	0.0000	0.0000	0.0000	0.0000	0.0000	0.0000	0.0000	0.0000	0.0000	0.0000	0.0000		-0.0000	0.0000	0.0007	1.9932	1.0103	0.0278	0.0000	0.0000	0.0000	0.0000	0.0000	0.0000	0.0000	0.0000	0.0000	0.0000	0.0000	0.0000	0.0000	0.0000	0.0000	0.0000	0.0000	0.0000	0.0001	0.0001	0.0000	0.0000	0.0000	0.0000	0.0000	0.0000	0.0000	0.0114	0.0081	0.0033	0.0043	0.0042	0.0001	0.0071	0.0039	0.0032
46	85	0.1294	12	2	0	1	0	0	0	0	0	0	1	0	1	0	0	0	0	0	0	Y	N	N	N	N	N	N	N	N	N	N	N	N	N	N	N	N	N	34.6250	inf	0.0000	0.0000	0.0000	0.0000	112.6491	inf	0.0000	0.0099	0.0112	0.0000	0.0000	0.0000	0.0000	0.0182	0.0216	0.0000	0.0003	0.0000	0.0010	0.0005	0.0000	0.0125	0.0002	0.0000	0.0004	0.0000	inf	-0.0000	0.0000	0.0007	9.9670	1.0103	12.6920	0.0000	0.0000	0.0000	0.0000	0.0000	0.0000	0.0000	0.0000	0.0000	0.0000	0.0000	0.0000	0.0000	0.0000	0.0000	0.0000	0.0000	0.0000	0.0003	0.0002	0.0000	0.0001	0.0001	0.0000	0.0001	0.0001	0.0000	0.1215	0.0870	0.0345	0.0476	0.0457	0.0018	0.0740	0.0413	0.0327
46	86	0.1229	11	2	0	1	0	1	0	1	0	0	1	0	1	0	0	0	0	0	0	Y	N	N	N	N	N	N	N	N	N	N	N	N	N	N	N	N	N	134.6798	214.5130	0.0000	0.9700	1.9364	0.0000	1936.4928	1046109.1916	0.0000	0.3803	0.4932	0.0000	0.0058	0.0083	0.0000	1.3086	1.3598	0.0000	0.0028	0.0023	0.0043	0.0059	0.0043	0.0548	0.0007	0.0000	0.0016	0.0000	0.6678	-0.0000	-0.0000	0.0007	1.5419	1.0103	1.3342	0.0001	0.0001	0.0000	0.0000	0.0000	0.0000	0.0001	0.0001	0.0000	0.0001	0.0000	0.0000	0.0000	0.0000	0.0000	0.0000	0.0000	0.0000	0.0004	0.0003	0.0001	0.0003	0.0002	0.0001	0.0001	0.0001	0.0000	0.0205	0.0151	0.0054	0.0084	0.0081	0.0003	0.0122	0.0070	0.0051
46	87	0.1334	10	1	0	0	0	0	0	0	0	0	1	0	2	0	0	0	0	0	0	N	N	N	N	N	Y	N	N	N	N	N	N	N	N	N	N	N	N	inf	inf	0.0000	0.0000	0.0000	0.0000	inf	inf	0.0000	0.0010	0.0012	0.0000	0.0000	0.0000	0.0000	0.0018	0.0022	0.0000	0.0000	0.0000	0.0000	0.0000	0.0000	0.0000	0.0000	0.0000	0.0000	0.0000		-0.0000	0.0000	0.0007	0.9989	1.0103	0.5152	0.0000	0.0000	0.0000	0.0000	0.0000	0.0000	0.0000	0.0000	0.0000	0.0000	0.0000	0.0000	0.0000	0.0000	0.0000	0.0000	0.0000	0.0000	0.0000	0.0000	0.0000	0.0000	0.0000	0.0000	0.0000	0.0000	0.0000	0.0112	0.0081	0.0031	0.0060	0.0052	0.0008	0.0052	0.0029	0.0023
46	88	0.1040	9	1	0	0	0	0	0	0	0	0	2	0	2	0	0	0	0	0	0	N	N	N	N	N	Y	N	N	N	N	N	N	N	N	N	N	N	N	inf	inf	0.0000	0.0000	0.0000	0.0000	inf	inf	0.0000	1.6815	1.8513	0.0000	0.0000	0.0000	0.0000	2.7920	3.2808	0.0000	0.0000	0.0000	0.0000	0.0000	0.0000	0.0000	0.0000	0.0000	0.0000	0.0000		-0.0001	0.0000	0.0007	6.0209	1.0103	2.4875	0.0003	0.0003	0.0000	0.0000	0.0000	0.0000	0.0003	0.0003	0.0000	0.0000	0.0000	0.0000	0.0000	0.0000	0.0000	0.0000	0.0000	0.0000	0.0002	0.0002	0.0000	0.0001	0.0001	0.0000	0.0001	0.0001	0.0000	0.0487	0.0346	0.0141	0.0198	0.0187	0.0011	0.0289	0.0159	0.0130
46	90	0.0948	7	2	0	1	0	0	0	1	0	0	1	0	1	0	0	0	0	0	0	Y	N	N	N	N	N	N	N	N	N	N	N	N	N	N	N	N	N	354607.5841	inf	249974.4191	42503.5559	inf	0.0000	997222.0235	inf	745433.2053	2.3554	2.0523	5.3626	0.4821	0.4847	0.0000	3.6209	3.2910	5.4941	0.0000	0.0000	0.0000	0.0000	0.0000	0.0005	0.0000	0.0000	0.0000	0.2634	inf	-0.0000	0.0000	0.0007	5.9354	1.0103	8.3561	0.0005	0.0004	0.0001	0.0000	0.0000	0.0000	0.0004	0.0003	0.0001	0.0000	0.0000	0.0000	0.0000	0.0000	0.0000	0.0000	0.0000	0.0000	0.0002	0.0002	0.0000	0.0001	0.0001	0.0000	0.0001	0.0001	0.0000	0.0930	0.0642	0.0288	0.0363	0.0354	0.0009	0.0567	0.0288	0.0279
46	91	0.0780	6	2	0	0	0	0	0	0	0	0	1	0	1	0	0	0	0	0	0	Y	N	N	N	N	N	N	N	N	N	N	N	N	N	N	N	N	N	4145.7071	3187.2345	3656.3032	4470.2699	5841.9701	0.0000	inf	inf	inf	0.0158	0.0166	0.0077	0.0349	0.0351	0.0000	0.0024	0.0014	0.0079	0.0000	0.0000	0.0000	0.0000	0.0000	0.0001	0.0000	0.0000	0.0000	0.0459	0.3333	-0.0000	-0.0000	0.0007	1.5872	1.0103	4.4746	0.0000	0.0000	0.0000	0.0000	0.0000	0.0000	0.0000	0.0000	0.0000	0.0000	0.0000	0.0000	0.0000	0.0000	0.0000	0.0000	0.0000	0.0000	0.0001	0.0001	0.0000	0.0000	0.0000	0.0000	0.0000	0.0000	0.0000	0.2157	0.1184	0.0973	0.1054	0.1029	0.0025	0.1103	0.0155	0.0948
46	92	0.1526	17	2	0	0	1	0	0	0	1	0	1	1	2	0	0	0	0	0	0	Y	N	N	N	N	Y	N	N	N	N	N	N	N	N	N	N	N	N	inf	inf	0.0000	inf	inf	0.0000	inf	inf	0.0000	9.2922	10.2052	0.0000	0.0220	0.0222	0.0000	16.3862	19.2727	0.0000	0.0000	0.0000	0.0000	0.0000	0.0000	0.0000	0.0000	0.0000	0.0000	0.0000		-0.0001	0.0000	0.0007	1.0091	1.0103	1.9972	0.0003	0.0003	0.0000	0.0000	0.0000	0.0000	0.0003	0.0003	0.0000	0.0000	0.0000	0.0000	0.0000	0.0000	0.0000	0.0000	0.0000	0.0000	0.0000	0.0000	0.0000	0.0000	0.0000	0.0000	0.0000	0.0000	0.0000	0.0160	0.0113	0.0047	0.0060	0.0058	0.0002	0.0100	0.0055	0.0045
46	93	0.1363	16	2	0	0	0	0	0	0	0	0	2	1	2	0	0	0	0	0	0	Y	N	N	N	N	Y	N	N	N	N	N	N	N	N	N	N	N	N	inf	inf	0.0000	inf	inf	0.0000	inf	inf	0.0000	0.0059	0.0065	0.0000	0.0124	0.0125	0.0000	0.0014	0.0017	0.0000	0.0000	0.0000	0.0000	0.0000	0.0000	0.0000	0.0000	0.0000	0.0000	0.0000		-0.0000	0.0000	0.0007	2.0083	1.0103	3.0031	0.0000	0.0000	0.0000	0.0000	0.0000	0.0000	0.0000	0.0000	0.0000	0.0000	0.0000	0.0000	0.0000	0.0000	0.0000	0.0000	0.0000	0.0000	0.0001	0.0001	0.0000	0.0000	0.0000	0.0000	0.0000	0.0000	0.0000	0.0264	0.0186	0.0078	0.0097	0.0095	0.0003	0.0167	0.0091	0.0076
46	94	0.1363	15	2	0	0	0	0	0	0	0	0	1	1	1	0	0	0	0	0	0	Y	N	N	N	N	N	N	N	N	N	N	N	N	N	N	N	N	N	0.0000	0.0000	0.0000	0.0000	0.0000	0.0000	0.0000	0.0000	0.0000	0.0000	0.0000	0.0000	0.0000	0.0000	0.0000	0.0000	0.0000	0.0000	0.0000	0.0000	0.0000	0.0000	0.0000	0.0000	0.0000	0.0000	0.0000			0.0000	0.0000	0.0007	0.0000	1.0103	0.0002	0.0000	0.0000	0.0000	0.0000	0.0000	0.0000	0.0000	0.0000	0.0000	0.0000	0.0000	0.0000	0.0000	0.0000	0.0000	0.0000	0.0000	0.0000	0.0000	0.0000	0.0000	0.0000	0.0000	0.0000	0.0000	0.0000	0.0000	0.0000	0.0000	0.0000	0.0000	0.0000	0.0000	0.0000	0.0000	0.0000
46	95	0.1331	14	2	0	0	0	0	0	0	0	0	1	1	1	0	0	0	0	0	0	Y	N	N	N	N	N	N	N	N	N	N	N	N	N	N	N	N	N	0.0000	0.0000	0.0000	0.0000	0.0000	0.0000	0.0000	0.0000	0.0000	0.0000	0.0000	0.0000	0.0000	0.0000	0.0000	0.0000	0.0000	0.0000	0.0000	0.0000	0.0000	0.0000	0.0000	0.0000	0.0000	0.0000	0.0000			0.0000	0.0000	0.0007	1.0000	1.0103	0.0001	0.0000	0.0000	0.0000	0.0000	0.0000	0.0000	0.0000	0.0000	0.0000	0.0000	0.0000	0.0000	0.0000	0.0000	0.0000	0.0000	0.0000	0.0000	0.0000	0.0000	0.0000	0.0000	0.0000	0.0000	0.0000	0.0000	0.0000	0.0054	0.0038	0.0016	0.0020	0.0019	0.0001	0.0034	0.0019	0.0015
46	96	0.1331	13	2	0	0	0	0	0	0	0	1	1	1	1	0	0	0	0	0	0	Y	N	N	N	N	N	N	N	N	N	N	N	N	N	N	N	N	N	0.0000	0.0000	0.0000	0.0000	0.0000	0.0000	0.0000	0.0000	0.0000	0.0000	0.0000	0.0000	0.0000	0.0000	0.0000	0.0000	0.0000	0.0000	0.0000	0.0000	0.0000	0.0000	0.0000	0.0000	0.0000	0.0000	0.0000			0.0000	0.0000	0.0007	0.0000	1.0103	0.0001	0.0000	0.0000	0.0000	0.0000	0.0000	0.0000	0.0000	0.0000	0.0000	0.0000	0.0000	0.0000	0.0000	0.0000	0.0000	0.0000	0.0000	0.0000	0.0000	0.0000	0.0000	0.0000	0.0000	0.0000	0.0000	0.0000	0.0000	0.0000	0.0000	0.0000	0.0000	0.0000	0.0000	0.0000	0.0000	0.0000
46	97	0.1299	12	2	0	0	0	0	0	0	0	0	1	0	1	0	0	0	0	0	0	Y	N	N	N	N	N	N	N	N	N	N	N	N	N	N	N	N	N	0.0000	0.0000	0.0000	0.0000	0.0000	0.0000	0.0000	0.0000	0.0000	0.0000	0.0000	0.0000	0.0000	0.0000	0.0000	0.0000	0.0000	0.0000	0.0000	0.0000	0.0000	0.0000	0.0000	0.0000	0.0000	0.0000	0.0000			0.0000	0.0000	0.0007	0.9999	1.0103	0.0008	0.0000	0.0000	0.0000	0.0000	0.0000	0.0000	0.0000	0.0000	0.0000	0.0000	0.0000	0.0000	0.0000	0.0000	0.0000	0.0000	0.0000	0.0000	0.0000	0.0000	0.0000	0.0000	0.0000	0.0000	0.0000	0.0000	0.0000	0.0056	0.0040	0.0016	0.0021	0.0020	0.0001	0.0035	0.0019	0.0016
46	99	0.1039	12	2	0	1	0	1	0	1	0	0	1	0	1	0	0	0	0	0	0	Y	N	N	N	N	N	N	N	N	N	N	N	N	N	N	N	N	N	0.0000	0.0000	0.0000	0.0000	0.0000	0.0000	0.0000	0.0000	0.0000	0.0000	0.0000	0.0000	0.0000	0.0000	0.0000	0.0000	0.0000	0.0000	0.0004	0.0000	0.0013	0.0000	0.0000	0.0002	0.0006	0.0000	0.0013		inf	-0.0000	0.0000	0.0007	5.0000	1.0103	11.0015	0.0000	0.0000	0.0000	0.0000	0.0000	0.0000	0.0000	0.0000	0.0000	0.0000	0.0000	0.0000	0.0000	0.0000	0.0000	0.0000	0.0000	0.0000	0.0002	0.0002	0.0000	0.0001	0.0001	0.0000	0.0001	0.0001	0.0000	0.0830	0.0587	0.0243	0.0305	0.0298	0.0007	0.0525	0.0289	0.0236
46	100	0.0722	6	2	0	1	0	0	0	0	0	0	1	0	1	0	0	0	0	0	0	Y	N	N	N	N	N	N	N	N	N	N	N	N	N	N	N	N	N	9.5784	0.0003	inf	0.0000	0.0000	0.0000	118318173.1108	957.4482	inf	1.1308	0.0001	8.4309	0.0000	0.0000	0.0000	2.2163	0.0001	13.2546	0.1181	0.2169	0.0000	0.2468	0.2501	0.0000	0.0000	0.0000	0.0000	20586.7941	0.0000	0.0001	-0.0127	0.0007	2.0003	1.0103	3.6794	0.0001	0.0000	0.0001	0.0000	0.0000	0.0000	0.0001	0.0000	0.0001	0.0205	0.0205	0.0000	0.0205	0.0205	0.0000	0.0000	0.0000	0.0000	0.0001	0.0001	0.0000	0.0000	0.0000	0.0000	0.0000	0.0000	0.0000	0.1740	0.0947	0.0793	0.0832	0.0821	0.0011	0.0908	0.0126	0.0782
46	101	0.0616	5	2	0	1	0	1	0	1	0	0	1	0	1	0	0	0	0	0	0	Y	N	N	N	N	N	N	N	N	N	N	N	N	N	N	N	N	N	130.5761	111.8333	88.8664	2.9064	4.2591	0.0000	77495.8651	inf	9864.7368	0.2453	0.3250	0.0018	0.0135	0.0201	0.0000	0.9217	0.9280	0.2005	0.0019	0.0029	0.0000	0.0047	0.0047	0.0000	0.0000	0.0000	0.0000	0.0018	0.0038	-0.0000	-0.0000	0.0007	0.0087	1.0103	3.3708	0.0000	0.0000	0.0000	0.0000	0.0000	0.0000	0.0000	0.0000	0.0000	0.0001	0.0001	0.0000	0.0001	0.0001	0.0000	0.0000	0.0000	0.0000	0.0000	0.0000	0.0000	0.0000	0.0000	0.0000	0.0000	0.0000	0.0000	0.0287	0.0185	0.0102	0.0116	0.0114	0.0002	0.0172	0.0071	0.0101
46	106	0.1396	14	2	0	1	0	0	0	1	0	0	1	0	1	0	0	0	0	0	0	Y	N	N	N	N	N	N	N	N	N	N	N	N	N	N	N	N	N	0.0000	0.0000	0.0000	0.0000	0.0000	0.0000	0.0000	0.0000	0.0000	0.0000	0.0000	0.0000	0.0000	0.0000	0.0000	0.0000	0.0000	0.0000	0.0000	0.0000	0.0000	0.0000	0.0000	0.0000	0.0000	0.0000	0.0000			0.0000	0.0000	0.0007	3.0043	1.0103	5.0032	0.0000	0.0000	0.0000	0.0000	0.0000	0.0000	0.0000	0.0000	0.0000	0.0000	0.0000	0.0000	0.0000	0.0000	0.0000	0.0000	0.0000	0.0000	0.0001	0.0001	0.0000	0.0000	0.0000	0.0000	0.0001	0.0001	0.0000	0.0434	0.0308	0.0126	0.0164	0.0159	0.0005	0.0270	0.0149	0.0121
46	107	0.1331	13	2	0	0	0	0	0	0	0	0	1	0	1	0	0	0	0	0	0	Y	N	N	N	N	N	N	N	N	N	N	N	N	N	N	N	N	N	0.0000	0.0000	0.0000	0.0000	0.0000	0.0000	0.0000	0.0000	0.0000	0.0000	0.0000	0.0000	0.0000	0.0000	0.0000	0.0000	0.0000	0.0000	0.0000	0.0000	0.0000	0.0000	0.0000	0.0000	0.0000	0.0000	0.0000			0.0000	0.0000	0.0007	1.0015	1.0103	0.9989	0.0000	0.0000	0.0000	0.0000	0.0000	0.0000	0.0000	0.0000	0.0000	0.0000	0.0000	0.0000	0.0000	0.0000	0.0000	0.0000	0.0000	0.0000	0.0000	0.0000	0.0000	0.0000	0.0000	0.0000	0.0000	0.0000	0.0000	0.0112	0.0079	0.0032	0.0042	0.0040	0.0001	0.0070	0.0039	0.0031
46	108	0.1299	12	2	0	0	0	0	0	0	0	0	1	0	1	0	0	0	0	0	0	Y	N	N	N	N	N	N	N	N	N	N	N	N	N	N	N	N	N	0.0000	0.0000	0.0000	0.0000	0.0000	0.0000	0.0000	0.0000	0.0000	0.0000	0.0000	0.0000	0.0000	0.0000	0.0000	0.0000	0.0000	0.0000	0.0001	0.0000	0.0004	0.0001	0.0000	0.0038	0.0001	0.0000	0.0003		inf	0.0000	0.0000	0.0007	1.0004	1.0103	0.0020	0.0000	0.0000	0.0000	0.0000	0.0000	0.0000	0.0000	0.0000	0.0000	0.0000	0.0000	0.0000	0.0000	0.0000	0.0000	0.0000	0.0000	0.0000	0.0000	0.0000	0.0000	0.0000	0.0000	0.0000	0.0000	0.0000	0.0000	0.0056	0.0040	0.0016	0.0021	0.0020	0.0001	0.0035	0.0019	0.0016
46	109	0.1039	11	2	0	0	0	1	0	0	0	0	1	0	1	0	0	0	0	0	0	Y	N	N	N	N	N	N	N	N	N	N	N	N	N	N	N	N	N	0.0000	0.0000	0.0000	0.0000	0.0000	0.0000	0.0000	0.0000	0.0000	0.0000	0.0000	0.0000	0.0000	0.0000	0.0000	0.0000	0.0000	0.0000	0.0007	0.0000	0.0024	0.0000	0.0000	0.0004	0.0011	0.0000	0.0024		48.6780	-0.0000	0.0000	0.0007	3.0035	1.0103	5.0043	0.0000	0.0000	0.0000	0.0000	0.0000	0.0000	0.0000	0.0000	0.0000	0.0000	0.0000	0.0000	0.0000	0.0000	0.0000	0.0000	0.0000	0.0000	0.0001	0.0001	0.0000	0.0000	0.0000	0.0000	0.0001	0.0001	0.0000	0.0433	0.0306	0.0127	0.0159	0.0155	0.0004	0.0274	0.0151	0.0123
46	110	0.1005	7	2	0	1	0	0	0	0	0	0	1	0	1	0	0	0	0	0	0	Y	N	N	N	N	N	N	N	N	N	N	N	N	N	N	N	N	N	1194.7616	1006.9911	0.0000	1174.5708	1257.8827	0.0000	21.6452	inf	0.0000	0.1720	0.1897	0.0000	0.4272	0.4312	0.0000	0.0002	0.0002	0.0000	0.0001	0.0002	0.0001	0.0004	0.0003	0.0013	0.0000	0.0000	0.0000	0.0000	0.1258	-0.0000	-0.0000	0.0007	7.0195	1.0103	5.1243	0.0000	0.0000	0.0000	0.0000	0.0000	0.0000	0.0000	0.0000	0.0000	0.0000	0.0000	0.0000	0.0000	0.0000	0.0000	0.0000	0.0000	0.0000	0.0002	0.0002	0.0000	0.0001	0.0001	0.0000	0.0001	0.0001	0.0000	0.0768	0.0521	0.0246	0.0293	0.0286	0.0006	0.0475	0.0235	0.0240
46	111	0.0780	6	2	0	1	0	0	0	1	0	0	1	0	1	0	0	0	0	0	0	Y	N	N	N	N	N	N	N	N	N	N	N	N	N	N	N	N	N	8098.9347	4955.3952	290.6736	1606.3017	1835.6463	0.0000	7839.9541	1225.3645	inf	0.4266	0.4688	0.0006	0.0221	0.0222	0.0000	0.7068	0.8310	0.0006	0.0001	0.0001	0.0000	0.0000	0.0000	0.0001	0.0001	0.0007	0.0000	0.0001	0.0186	-0.0000	-0.0000	0.0007	2.0281	1.0103	3.4706	0.0000	0.0000	0.0000	0.0000	0.0000	0.0000	0.0000	0.0000	0.0000	0.0000	0.0000	0.0000	0.0000	0.0000	0.0000	0.0000	0.0000	0.0000	0.0001	0.0001	0.0000	0.0000	0.0000	0.0000	0.0000	0.0000	0.0000	0.2138	0.1168	0.0969	0.1049	0.1023	0.0025	0.1089	0.0145	0.0944
46	112	0.0645	5	2	0	0	0	1	0	0	0	0	1	0	1	0	0	0	0	0	0	Y	N	N	N	N	N	N	N	N	N	N	N	N	N	N	N	N	N	8530.7106	5116.2902	inf	9979.3965	9776.2717	0.0000	inf	inf	inf	0.0082	0.0091	0.0002	0.0196	0.0197	0.0000	0.0006	0.0006	0.0002	0.0000	0.0000	0.0000	0.0000	0.0000	0.0000	0.0000	0.0000	0.0000	0.0024	0.0000	-0.0000	-0.0000	0.0007	3.0209	1.0103	2.2550	0.0000	0.0000	0.0000	0.0000	0.0000	0.0000	0.0000	0.0000	0.0000	0.0000	0.0000	0.0000	0.0000	0.0000	0.0000	0.0000	0.0000	0.0000	0.0001	0.0001	0.0000	0.0000	0.0000	0.0000	0.0001	0.0001	0.0000	0.2129	0.1164	0.0965	0.1047	0.1020	0.0026	0.1082	0.0143	0.0939
46	126	0.1369	18	2	0	1	0	0	0	0	0	0	1	0	1	0	0	0	0	0	0	Y	N	N	N	N	N	N	N	N	N	N	N	N	N	N	N	N	N	0.0000	0.0000	0.0000	0.0000	0.0000	0.0000	0.0000	0.0000	0.0000	0.0000	0.0000	0.0000	0.0000	0.0000	0.0000	0.0000	0.0000	0.0000	0.0000	0.0000	0.0000	0.0000	0.0000	0.0000	0.0000	0.0000	0.0000			0.0000	0.0000	0.0007	1.0002	1.0103	2.0058	0.0000	0.0000	0.0000	0.0000	0.0000	0.0000	0.0000	0.0000	0.0000	0.0000	0.0000	0.0000	0.0000	0.0000	0.0000	0.0000	0.0000	0.0000	0.0000	0.0000	0.0000	0.0000	0.0000	0.0000	0.0000	0.0000	0.0000	0.0170	0.0120	0.0050	0.0065	0.0063	0.0002	0.0105	0.0057	0.0048
46	127	0.1402	18	1	0	0	0	0	0	0	0	0	2	0	2	0	0	0	0	0	0	N	N	N	N	N	Y	N	N	N	N	N	N	N	N	N	N	N	N	0.0000	0.0000	0.0000	0.0000	0.0000	0.0000	0.0000	0.0000	0.0000	0.0000	0.0000	0.0000	0.0000	0.0000	0.0000	0.0000	0.0000	0.0000	0.0000	0.0000	0.0000	0.0000	0.0000	0.0000	0.0000	0.0000	0.0000			0.0000	0.0000	0.0007	1.0000	1.0103	2.0000	0.0000	0.0000	0.0000	0.0000	0.0000	0.0000	0.0000	0.0000	0.0000	0.0000	0.0000	0.0000	0.0000	0.0000	0.0000	0.0000	0.0000	0.0000	0.0000	0.0000	0.0000	0.0000	0.0000	0.0000	0.0000	0.0000	0.0000	0.0169	0.0120	0.0049	0.0065	0.0063	0.0002	0.0104	0.0057	0.0047
46	128	0.1402	17	1	0	0	0	0	0	0	0	0	2	0	2	0	0	0	0	0	0	N	N	N	N	N	Y	N	N	N	N	N	N	N	N	N	N	N	N	0.0000	0.0000	0.0000	0.0000	0.0000	0.0000	0.0000	0.0000	0.0000	0.0000	0.0000	0.0000	0.0000	0.0000	0.0000	0.0000	0.0000	0.0000	0.0000	0.0000	0.0000	0.0000	0.0000	0.0000	0.0000	0.0000	0.0000			0.0000	0.0000	0.0007	3.0000	1.0103	2.0000	0.0000	0.0000	0.0000	0.0000	0.0000	0.0000	0.0000	0.0000	0.0000	0.0000	0.0000	0.0000	0.0000	0.0000	0.0000	0.0000	0.0000	0.0000	0.0001	0.0001	0.0000	0.0000	0.0000	0.0000	0.0001	0.0001	0.0000	0.0279	0.0198	0.0081	0.0107	0.0104	0.0003	0.0172	0.0094	0.0078
46	129	0.1435	19	1	0	0	0	0	0	0	0	0	2	0	2	0	0	0	0	0	0	N	N	N	N	N	Y	N	N	N	N	N	N	N	N	N	N	N	N	0.0000	0.0000	0.0000	0.0000	0.0000	0.0000	0.0000	0.0000	0.0000	0.0000	0.0000	0.0000	0.0000	0.0000	0.0000	0.0000	0.0000	0.0000	0.0000	0.0000	0.0000	0.0000	0.0000	0.0000	0.0000	0.0000	0.0000			0.0000	0.0000	0.0007	2.0004	1.0103	1.0045	0.0000	0.0000	0.0000	0.0000	0.0000	0.0000	0.0000	0.0000	0.0000	0.0000	0.0000	0.0000	0.0000	0.0000	0.0000	0.0000	0.0000	0.0000	0.0001	0.0001	0.0000	0.0000	0.0000	0.0000	0.0000	0.0000	0.0000	0.0169	0.0120	0.0049	0.0065	0.0063	0.0002	0.0105	0.0057	0.0047
46	133	0.1573	15	2	0	1	0	0	0	0	0	0	1	1	1	0	0	0	0	0	0	Y	N	N	N	N	N	N	N	N	N	N	N	N	N	N	N	N	N	0.0000	0.0000	0.0000	0.0000	0.0000	0.0000	0.0000	0.0000	0.0000	0.0000	0.0000	0.0000	0.0000	0.0000	0.0000	0.0000	0.0000	0.0000	0.0000	0.0000	0.0000	0.0000	0.0000	0.0000	0.0000	0.0000	0.0000			0.0000	0.0000	0.0007	0.0000	1.0103	0.0001	0.0000	0.0000	0.0000	0.0000	0.0000	0.0000	0.0000	0.0000	0.0000	0.0000	0.0000	0.0000	0.0000	0.0000	0.0000	0.0000	0.0000	0.0000	0.0000	0.0000	0.0000	0.0000	0.0000	0.0000	0.0000	0.0000	0.0000	0.0000	0.0000	0.0000	0.0000	0.0000	0.0000	0.0000	0.0000	0.0000
46	134	0.1172	14	2	0	1	0	1	0	1	0	1	1	1	1	0	0	0	0	0	0	Y	N	N	N	N	N	N	N	N	N	N	N	N	N	N	N	N	N	0.0000	0.0000	0.0000	0.0000	0.0000	0.0000	0.0000	0.0000	0.0000	0.0000	0.0000	0.0000	0.0000	0.0000	0.0000	0.0000	0.0000	0.0000	0.0010	0.0000	0.0034	0.0000	0.0000	0.0000	0.0016	0.0000	0.0035		97.1297	0.0000	0.0000	0.0007	4.0005	1.0103	6.9251	0.0000	0.0000	0.0000	0.0000	0.0000	0.0000	0.0000	0.0000	0.0000	0.0001	0.0000	0.0001	0.0000	0.0000	0.0000	0.0001	0.0000	0.0001	0.0001	0.0001	0.0000	0.0001	0.0001	0.0000	0.0001	0.0001	0.0000	0.0601	0.0424	0.0177	0.0227	0.0222	0.0006	0.0374	0.0202	0.0172
46	135	0.1498	19	2	0	1	0	0	0	0	0	0	1	1	1	0	0	0	0	0	0	Y	N	N	N	N	N	N	N	N	N	N	N	N	N	N	N	N	N	0.0000	0.0000	0.0000	0.0000	0.0000	0.0000	0.0000	0.0000	0.0000	0.0000	0.0000	0.0000	0.0000	0.0000	0.0000	0.0000	0.0000	0.0000	0.0000	0.0000	0.0000	0.0000	0.0000	0.0000	0.0000	0.0000	0.0000			0.0000	0.0000	0.0007	0.9923	1.0103	0.0060	0.0000	0.0000	0.0000	0.0000	0.0000	0.0000	0.0000	0.0000	0.0000	0.0000	0.0000	0.0000	0.0000	0.0000	0.0000	0.0000	0.0000	0.0000	0.0000	0.0000	0.0000	0.0000	0.0000	0.0000	0.0000	0.0000	0.0000	0.0056	0.0040	0.0016	0.0022	0.0021	0.0001	0.0034	0.0019	0.0015
46	136	0.1369	18	2	0	1	0	0	0	0	0	1	1	1	1	0	0	0	0	0	0	Y	N	N	N	N	N	N	N	N	N	N	N	N	N	N	N	N	N	0.0000	0.0000	0.0000	0.0000	0.0000	0.0000	0.0000	0.0000	0.0000	0.0000	0.0000	0.0000	0.0000	0.0000	0.0000	0.0000	0.0000	0.0000	0.0000	0.0000	0.0000	0.0000	0.0000	0.0000	0.0000	0.0000	0.0000			0.0000	0.0000	0.0007	2.0106	1.0103	2.0023	0.0000	0.0000	0.0000	0.0000	0.0000	0.0000	0.0000	0.0000	0.0000	0.0000	0.0000	0.0000	0.0000	0.0000	0.0000	0.0000	0.0000	0.0000	0.0001	0.0001	0.0000	0.0000	0.0000	0.0000	0.0000	0.0000	0.0000	0.0225	0.0159	0.0066	0.0086	0.0084	0.0002	0.0139	0.0076	0.0063
46	137	0.1337	17	2	0	1	0	1	0	0	0	0	1	0	1	0	0	0	0	0	0	Y	N	N	N	N	N	N	N	N	N	N	N	N	N	N	N	N	N	0.0000	0.0000	0.0000	0.0000	0.0000	0.0000	0.0000	0.0000	0.0000	0.0000	0.0000	0.0000	0.0000	0.0000	0.0000	0.0000	0.0000	0.0000	0.0000	0.0000	0.0000	0.0000	0.0000	0.0000	0.0000	0.0000	0.0000			0.0000	0.0000	0.0007	0.0008	1.0103	1.0019	0.0000	0.0000	0.0000	0.0000	0.0000	0.0000	0.0000	0.0000	0.0000	0.0000	0.0000	0.0000	0.0000	0.0000	0.0000	0.0000	0.0000	0.0000	0.0000	0.0000	0.0000	0.0000	0.0000	0.0000	0.0000	0.0000	0.0000	0.0057	0.0040	0.0017	0.0022	0.0021	0.0001	0.0035	0.0019	0.0016
47	48	0.1056	5	2	0	1	0	1	0	1	0	0	0	0	0	0	0	0	0	0	0	Y	N	N	N	N	N	N	N	N	N	N	N	N	N	N	N	N	N	0.0000	0.0000	0.0000	0.0000	0.0000	0.0000	0.0000	0.0000	0.0000	0.0000	0.0000	0.0000	0.0000	0.0000	0.0000	0.0000	0.0000	0.0000	0.0000	0.0000	0.0000	0.0000	0.0000	0.0000	0.0000	0.0000	0.0000		0.0833	0.0000	-0.0000	6.8097	0.0000	3.8431	0.0001	0.0000	0.0000	0.0000	0.0000	0.0000	0.0000	0.0000	0.0000	0.0000	0.0000	0.0000	0.0000	0.0000	0.0000	0.0000	0.0000	0.0000	0.0000	0.0000	0.0000	0.0000	0.0000	0.0000	0.0000	0.0000	0.0000	0.0000	0.0022	0.0016	0.0006	0.0011	0.0011	0.0000	0.0011	0.0005	0.0006
47	49	0.0960	4	2	0	0	0	1	0	0	0	0	0	0	0	0	0	0	0	0	0	Y	N	N	N	N	N	N	N	N	N	N	N	N	N	N	N	N	N	1.4203	2.2301	0.0838	7.4349	8.1133	0.0007	0.1608	0.2526	0.0869	0.0043	0.0048	0.0004	0.0188	0.0191	0.0000	0.0005	0.0005	0.0004	0.0030	0.0021	0.0045	0.0025	0.0023	0.0081	0.0031	0.0021	0.0044	0.0101	1.2444	-0.0002	-0.0000	6.8097	1.6285	3.8431	1.0381	0.0008	0.0008	0.0000	0.0007	0.0007	0.0000	0.0001	0.0001	0.0000	0.0002	0.0001	0.0001	0.0000	0.0000	0.0000	0.0002	0.0001	0.0001	0.1857	0.1643	0.0213	0.0383	0.0378	0.0005	0.1474	0.1266	0.0208	0.0715	0.0447	0.0268	0.0131	0.0127	0.0004	0.0584	0.0320	0.0264
47	50	0.1537	18	2	0	1	1	1	0	0	1	0	0	1	1	0	0	0	0	0	0	Y	N	N	N	N	N	N	N	N	N	N	N	N	N	N	N	N	N	0.0000	0.0000	0.0000	0.0000	0.0000	0.0000	0.0000	0.0000	0.0000	0.0000	0.0000	0.0000	0.0000	0.0000	0.0000	0.0000	0.0000	0.0000	0.0000	0.0000	0.0000	0.0001	0.0001	0.0000	0.0000	0.0000	0.0000		0.0000	0.0000	-0.0000	6.8097	0.0001	3.8431	0.9998	0.0000	0.0000	0.0000	0.0000	0.0000	0.0000	0.0000	0.0000	0.0000	0.0000	0.0000	0.0000	0.0000	0.0000	0.0000	0.0000	0.0000	0.0000	0.0000	0.0000	0.0000	0.0000	0.0000	0.0000	0.0000	0.0000	0.0000	0.0203	0.0109	0.0094	0.0030	0.0025	0.0005	0.0173	0.0084	0.0089
47	51	0.1537	18	2	0	1	0	1	0	0	0	0	0	1	1	0	0	0	0	0	0	Y	N	N	N	N	N	N	N	N	N	N	N	N	N	N	N	N	N	0.0000	0.0000	0.0000	0.0000	0.0000	0.0000	0.0000	0.0000	0.0000	0.0000	0.0000	0.0000	0.0000	0.0000	0.0000	0.0000	0.0000	0.0000	0.0059	0.0018	0.0106	0.0000	0.0000	0.0000	0.0069	0.0024	0.0112		4.9974	0.0000	0.0000	6.8097	0.0001	3.8431	1.0003	0.0000	0.0000	0.0000	0.0000	0.0000	0.0000	0.0000	0.0000	0.0000	0.0001	0.0000	0.0001	0.0000	0.0000	0.0000	0.0001	0.0000	0.0001	0.0000	0.0000	0.0000	0.0000	0.0000	0.0000	0.0000	0.0000	0.0000	0.0203	0.0109	0.0094	0.0030	0.0025	0.0005	0.0173	0.0084	0.0089
47	52	0.1505	17	2	0	1	0	1	0	1	0	0	0	1	1	0	0	0	0	0	0	Y	N	N	N	N	N	N	N	N	N	N	N	N	N	N	N	N	N	640.2159	1888.4006	0.0000	12919.1037	25526.3059	0.0000	0.0186	0.0563	0.0000	0.0072	0.0081	0.0000	0.0884	0.0923	0.0000	0.0000	0.0000	0.0000	0.0000	0.0000	0.0000	0.0000	0.0000	0.0000	0.0000	0.0000	0.0000	0.0000	3.8399	-0.0001	0.0000	6.8097	1.0000	3.8431	0.0042	0.0006	0.0006	0.0000	0.0006	0.0006	0.0000	0.0000	0.0000	0.0000	0.0000	0.0000	0.0000	0.0000	0.0000	0.0000	0.0000	0.0000	0.0000	0.0810	0.0714	0.0096	0.0066	0.0063	0.0003	0.0744	0.0651	0.0094	0.0203	0.0109	0.0094	0.0029	0.0024	0.0005	0.0173	0.0084	0.0089
47	53	0.1474	16	2	0	0	0	1	0	0	0	0	0	1	1	0	0	0	0	0	0	Y	N	N	N	N	N	N	N	N	N	N	N	N	N	N	N	N	N	843785.4134	523742.1482	6702.2308	1524623.1841	1337584.5289	0.0000	1561.2862	762.8873	7389.7174	12.2718	13.9235	0.0031	144.3951	150.6737	0.0000	0.0008	0.0005	0.0032	0.0000	0.0000	0.0000	0.0001	0.0001	0.0000	0.0000	0.0000	0.0000	0.0000	0.0150	-0.2286	-0.0000	6.8097	0.9921	3.8431	0.0076	0.9909	0.9908	0.0000	0.9908	0.9908	0.0000	0.0001	0.0000	0.0000	0.0000	0.0000	0.0000	0.0000	0.0000	0.0000	0.0000	0.0000	0.0000	0.0807	0.0712	0.0096	0.0069	0.0066	0.0003	0.0739	0.0646	0.0093	0.0204	0.0110	0.0094	0.0030	0.0026	0.0005	0.0174	0.0085	0.0089
47	54	0.1520	14	2	0	1	0	1	0	0	0	0	0	1	0	0	0	0	0	0	0	Y	N	N	N	N	N	N	N	N	N	N	N	N	N	N	N	N	N	0.0000	0.0000	0.0000	0.0000	0.0000	0.0000	0.0000	0.0000	0.0000	0.0000	0.0000	0.0000	0.0000	0.0000	0.0000	0.0000	0.0000	0.0000	0.0000	0.0000	0.0000	0.0000	0.0000	0.0000	0.0000	0.0000	0.0000			0.0000	0.0000	6.8097	0.0000	3.8431	0.0000	0.0000	0.0000	0.0000	0.0000	0.0000	0.0000	0.0000	0.0000	0.0000	0.0000	0.0000	0.0000	0.0000	0.0000	0.0000	0.0000	0.0000	0.0000	0.0000	0.0000	0.0000	0.0000	0.0000	0.0000	0.0000	0.0000	0.0000	0.0000	0.0000	0.0000	0.0000	0.0000	0.0000	0.0000	0.0000	0.0000
47	58	0.1425	14	2	0	1	0	1	0	0	0	0	1	0	1	0	0	0	0	0	0	Y	N	N	N	N	N	N	N	N	N	N	N	N	N	N	N	N	N	0.6612	0.0000	inf	1.8649	0.0000	inf	0.0000	0.0000	0.0000	0.0001	0.0000	0.0010	0.0015	0.0000	0.0358	0.0000	0.0000	0.0000	0.0002	0.0003	0.0000	0.0008	0.0009	0.0000	0.0000	0.0000	0.0000	inf	0.0000	0.0000	-0.0000	6.8097	1.0033	3.8431	1.0015	0.0000	0.0000	0.0000	0.0000	0.0000	0.0000	0.0000	0.0000	0.0000	0.0000	0.0000	0.0000	0.0000	0.0000	0.0000	0.0000	0.0000	0.0000	0.0819	0.0722	0.0098	0.0067	0.0064	0.0003	0.0753	0.0658	0.0095	0.0536	0.0333	0.0203	0.0123	0.0114	0.0009	0.0413	0.0219	0.0194
47	59	0.1278	13	2	0	1	0	1	0	0	0	0	0	0	0	0	0	0	0	0	0	Y	N	N	N	N	N	N	N	N	N	N	N	N	N	N	N	N	N	0.0000	0.0000	0.0001	0.0053	0.0000	2.5060	0.0000	0.0000	0.0000	0.0000	0.0000	0.0000	0.0000	0.0000	0.0000	0.0000	0.0000	0.0000	0.0012	0.0014	0.0009	0.0000	0.0000	0.0000	0.0013	0.0017	0.0010	inf	0.5918	0.0000	-0.0000	6.8097	2.9984	3.8431	1.5227	0.0000	0.0000	0.0000	0.0000	0.0000	0.0000	0.0000	0.0000	0.0000	0.0001	0.0001	0.0000	0.0000	0.0000	0.0000	0.0001	0.0001	0.0000	0.2452	0.2158	0.0294	0.0156	0.0149	0.0006	0.2296	0.2009	0.0287	0.0907	0.0488	0.0419	0.0120	0.0102	0.0018	0.0787	0.0386	0.0401
47	60	0.1311	15	2	0	0	0	1	0	0	0	0	0	1	1	0	0	0	0	0	0	Y	N	N	N	N	N	N	N	N	N	N	N	N	N	N	N	N	N	0.0000	0.0000	0.0000	0.0000	0.0000	0.0000	0.0000	0.0000	0.0000	0.0000	0.0000	0.0000	0.0000	0.0000	0.0000	0.0000	0.0000	0.0000	0.0015	0.0018	0.0011	0.0000	0.0000	0.0000	0.0017	0.0023	0.0012		0.5294	0.0000	-0.0001	6.8097	2.0000	3.8431	7.0000	0.0000	0.0000	0.0000	0.0000	0.0000	0.0000	0.0000	0.0000	0.0000	0.0003	0.0002	0.0001	0.0000	0.0000	0.0000	0.0003	0.0002	0.0001	0.1612	0.1419	0.0193	0.0111	0.0106	0.0005	0.1501	0.1312	0.0189	0.1740	0.0931	0.0809	0.0231	0.0197	0.0034	0.1509	0.0734	0.0774
47	61	0.1311	14	2	0	0	0	1	0	0	0	0	1	1	1	0	0	0	0	0	0	Y	N	N	N	N	N	N	N	N	N	N	N	N	N	N	N	N	N	0.0000	0.0000	0.0000	0.0000	0.0000	0.0000	0.0000	0.0000	0.0000	0.0000	0.0000	0.0000	0.0000	0.0000	0.0000	0.0000	0.0000	0.0000	0.0000	0.0000	0.0000	0.0000	0.0000	0.0000	0.0000	0.0000	0.0000			0.0000	0.0000	6.8097	0.0000	3.8431	0.0000	0.0000	0.0000	0.0000	0.0000	0.0000	0.0000	0.0000	0.0000	0.0000	0.0000	0.0000	0.0000	0.0000	0.0000	0.0000	0.0000	0.0000	0.0000	0.0000	0.0000	0.0000	0.0000	0.0000	0.0000	0.0000	0.0000	0.0000	0.0000	0.0000	0.0000	0.0000	0.0000	0.0000	0.0000	0.0000	0.0000
47	62	0.1388	15	2	0	1	0	1	0	0	0	0	0	1	0	0	0	0	0	0	0	Y	N	N	N	N	N	N	N	N	N	N	N	N	N	N	N	N	N	0.0000	0.0000	0.0004	0.0000	0.0000	0.0000	0.0000	0.0000	0.0004	0.0000	0.0000	0.0000	0.0000	0.0000	0.0000	0.0000	0.0000	0.0000	0.1482	0.2196	0.0032	0.0028	0.0031	0.0000	0.2073	0.3634	0.0034	inf	0.0072	0.0000	-0.0111	6.8097	0.9672	3.8431	2.9870	0.0000	0.0000	0.0000	0.0000	0.0000	0.0000	0.0000	0.0000	0.0000	0.0181	0.0180	0.0001	0.0001	0.0001	0.0000	0.0180	0.0179	0.0001	0.0863	0.0767	0.0096	0.0077	0.0075	0.0001	0.0787	0.0692	0.0094	0.1224	0.0820	0.0404	0.0354	0.0327	0.0026	0.0870	0.0493	0.0377
47	63	0.1076	14	2	0	1	0	1	0	0	0	1	0	1	0	0	0	0	0	0	0	Y	N	N	N	N	N	N	N	N	N	N	N	N	N	N	N	N	N	0.3848	0.0000	6.0166	0.0000	0.0000	0.0000	0.4922	0.0000	5.8942	0.0017	0.0000	0.0143	0.0000	0.0000	0.0000	0.0018	0.0000	0.0146	0.0045	0.0063	0.0024	0.0084	0.0095	0.0000	0.0037	0.0051	0.0025	inf	0.3223	0.0002	-0.0003	6.8097	2.0363	3.8431	7.8590	0.0003	0.0000	0.0003	0.0000	0.0000	0.0000	0.0003	0.0000	0.0003	0.0009	0.0007	0.0002	0.0003	0.0003	0.0000	0.0006	0.0004	0.0002	0.1682	0.1480	0.0202	0.0101	0.0097	0.0004	0.1581	0.1383	0.0199	0.2076	0.1124	0.0952	0.0332	0.0294	0.0038	0.1744	0.0830	0.0914
47	64	0.1018	13	2	0	1	0	1	0	0	0	0	0	0	0	0	0	0	0	0	0	Y	N	N	N	N	N	N	N	N	N	N	N	N	N	N	N	N	N	0.0131	0.0000	0.2047	0.0000	0.0000	0.0000	0.0131	0.0000	0.1985	0.0001	0.0000	0.0012	0.0000	0.0000	0.0000	0.0002	0.0000	0.0012	0.0109	0.0152	0.0059	0.0059	0.0068	0.0000	0.0117	0.0176	0.0061	inf	0.3323	0.0000	-0.0002	6.8097	0.0049	3.8431	1.8223	0.0000	0.0000	0.0000	0.0000	0.0000	0.0000	0.0000	0.0000	0.0000	0.0004	0.0003	0.0001	0.0000	0.0000	0.0000	0.0004	0.0003	0.0001	0.0004	0.0004	0.0001	0.0000	0.0000	0.0000	0.0004	0.0003	0.0000	0.0377	0.0203	0.0174	0.0052	0.0045	0.0007	0.0325	0.0158	0.0167
47	65	0.1310	14	2	0	1	0	1	0	0	0	0	0	0	0	0	0	0	0	0	0	Y	N	N	N	N	N	N	N	N	N	N	N	N	N	N	N	N	N	0.0000	0.0000	0.0000	0.0487	0.0436	0.0000	0.0000	0.0000	0.0000	0.0000	0.0000	0.0000	0.0000	0.0000	0.0000	0.0000	0.0000	0.0000	0.0006	0.0009	0.0002	0.0000	0.0000	0.0000	0.0007	0.0012	0.0002	0.0000	0.1664	-0.0000	-0.0000	6.8097	2.0010	3.8431	3.9928	0.0000	0.0000	0.0000	0.0000	0.0000	0.0000	0.0000	0.0000	0.0000	0.0001	0.0001	0.0000	0.0000	0.0000	0.0000	0.0001	0.0001	0.0000	0.1645	0.1448	0.0197	0.0107	0.0102	0.0004	0.1538	0.1346	0.0193	0.1196	0.0646	0.0550	0.0161	0.0137	0.0023	0.1036	0.0509	0.0527
47	66	0.1278	13	2	0	1	0	1	0	0	0	0	0	0	0	0	0	0	0	0	0	Y	N	N	N	N	N	N	N	N	N	N	N	N	N	N	N	N	N	0.0015	0.0000	0.0302	0.0000	0.0000	0.0000	0.0019	0.0000	0.0295	0.0000	0.0000	0.0000	0.0000	0.0000	0.0000	0.0000	0.0000	0.0000	0.0000	0.0000	0.0000	0.0000	0.0000	0.0000	0.0000	0.0000	0.0000	inf	0.2431	0.0000	-0.0000	6.8097	1.0002	3.8431	0.0173	0.0000	0.0000	0.0000	0.0000	0.0000	0.0000	0.0000	0.0000	0.0000	0.0000	0.0000	0.0000	0.0000	0.0000	0.0000	0.0000	0.0000	0.0000	0.0828	0.0728	0.0099	0.0052	0.0050	0.0002	0.0775	0.0678	0.0097	0.0209	0.0112	0.0096	0.0028	0.0024	0.0004	0.0181	0.0089	0.0092
47	67	0.1278	12	2	0	1	0	1	0	1	0	0	0	0	0	0	0	0	0	0	0	Y	N	N	N	N	N	N	N	N	N	N	N	N	N	N	N	N	N	0.0000	0.0000	0.0000	0.0000	0.0000	0.0000	0.0000	0.0000	0.0000	0.0000	0.0000	0.0000	0.0000	0.0000	0.0000	0.0000	0.0000	0.0000	0.0016	0.0021	0.0005	0.0022	0.0023	0.0000	0.0014	0.0020	0.0005		0.0909	0.0000	-0.0000	6.8097	0.0001	3.8431	0.0028	0.0000	0.0000	0.0000	0.0000	0.0000	0.0000	0.0000	0.0000	0.0000	0.0000	0.0000	0.0000	0.0000	0.0000	0.0000	0.0000	0.0000	0.0000	0.0000	0.0000	0.0000	0.0000	0.0000	0.0000	0.0000	0.0000	0.0000	0.0001	0.0001	0.0000	0.0000	0.0000	0.0000	0.0001	0.0000	0.0000
47	68	0.0960	4	2	0	0	0	1	0	0	0	0	1	0	1	0	0	0	0	0	0	Y	N	N	N	N	N	N	N	N	N	N	N	N	N	N	N	N	N	872.5561	672.1744	0.0000	0.0069	0.0067	0.0000	3299.1739	4198.0881	0.0000	5.9029	6.6664	0.0000	0.0003	0.0003	0.0000	7.5545	8.8165	0.0000	0.0068	0.0099	0.0025	0.0390	0.0410	0.0033	0.0023	0.0021	0.0025	0.0000	0.1876	-0.2305	-0.0005	6.8097	1.4193	3.8431	5.2011	0.9989	0.9989	0.0000	0.0000	0.0000	0.0000	0.9989	0.9989	0.0000	0.0010	0.0008	0.0002	0.0007	0.0007	0.0000	0.0003	0.0001	0.0002	0.1692	0.1498	0.0194	0.0370	0.0365	0.0005	0.1322	0.1133	0.0189	0.1456	0.0837	0.0620	0.0177	0.0168	0.0009	0.1279	0.0669	0.0610
47	69	0.0459	3	2	0	0	0	2	0	0	0	0	0	0	0	0	0	0	0	0	0	Y	N	N	N	N	N	N	N	N	N	N	N	N	N	N	N	N	N	11.9417	24.8065	0.0007	3.7443	3.8512	0.0000	14.1142	161.7520	0.0007	1.2732	1.4461	0.0001	0.7515	0.7742	0.0000	1.2948	1.4770	0.0001	0.1066	0.0583	0.1603	0.2007	0.2010	0.1757	0.0917	0.0091	0.1603	0.0000	2.4747	-0.2244	0.0032	6.8097	9.3928	3.8431	3.6523	0.9722	0.9722	0.0000	0.0229	0.0229	0.0000	0.9493	0.9493	0.0000	0.0342	0.0098	0.0243	0.0088	0.0087	0.0001	0.0254	0.0011	0.0242	0.7636	0.6723	0.0913	0.0304	0.0295	0.0009	0.7332	0.6427	0.0904	0.3204	0.1686	0.1518	0.0437	0.0432	0.0005	0.2767	0.1254	0.1512
47	73	0.1461	16	2	0	1	0	1	0	1	0	0	0	1	0	0	0	0	0	0	0	Y	N	N	N	N	N	N	N	N	N	N	N	N	N	N	N	N	N	0.0009	0.0005	0.0000	0.0004	0.0004	0.0000	inf	inf	0.0000	0.0001	0.0001	0.0000	0.0002	0.0002	0.0000	0.0000	0.0000	0.0000	0.0797	0.1392	0.0000	0.4353	0.4924	0.0000	0.0000	0.0000	0.0000	0.0000	0.0000	-0.0000	-0.0053	6.8097	3.9579	3.8431	0.9988	0.0000	0.0000	0.0000	0.0000	0.0000	0.0000	0.0000	0.0000	0.0000	0.0086	0.0086	0.0000	0.0086	0.0086	0.0000	0.0000	0.0000	0.0000	0.4705	0.4228	0.0476	0.1034	0.1016	0.0019	0.3670	0.3213	0.0458	0.1079	0.0618	0.0461	0.0198	0.0175	0.0023	0.0881	0.0443	0.0438
47	74	0.1311	15	2	0	0	0	1	0	0	0	0	0	1	0	0	0	0	0	0	0	Y	N	N	N	N	N	N	N	N	N	N	N	N	N	N	N	N	N	631.3730	460.4137	8.6302	0.0554	0.0494	0.0000	1532.0972	1493.4632	8.6047	1.6795	1.9063	0.0083	0.0007	0.0007	0.0000	1.8044	2.0617	0.0085	0.0027	0.0041	0.0010	0.0123	0.0144	0.0004	0.0012	0.0014	0.0010	0.0006	0.2018	-0.1211	-0.0001	6.8097	3.9277	3.8431	0.5227	0.5259	0.5256	0.0003	0.0000	0.0000	0.0000	0.5259	0.5256	0.0003	0.0002	0.0002	0.0000	0.0001	0.0001	0.0000	0.0001	0.0001	0.0000	0.3131	0.2757	0.0374	0.0217	0.0208	0.0009	0.2915	0.2549	0.0365	0.0881	0.0471	0.0410	0.0117	0.0100	0.0017	0.0764	0.0371	0.0393
47	75	0.1311	14	2	0	0	0	1	0	0	0	0	0	1	0	0	0	0	0	0	0	Y	N	N	N	N	N	N	N	N	N	N	N	N	N	N	N	N	N	inf	inf	inf	0.0000	0.0000	0.0000	inf	inf	inf	0.1187	0.0232	0.8171	0.0000	0.0000	0.0000	0.1275	0.0251	0.8365	0.0000	0.0000	0.0000	0.0000	0.0000	0.0000	0.0000	0.0000	0.0000	4.8182		0.0000	0.0000	6.8097	0.0009	3.8431	0.0000	0.0000	0.0000	0.0000	0.0000	0.0000	0.0000	0.0000	0.0000	0.0000	0.0000	0.0000	0.0000	0.0000	0.0000	0.0000	0.0000	0.0000	0.0000	0.0001	0.0001	0.0000	0.0000	0.0000	0.0000	0.0001	0.0001	0.0000	0.0000	0.0000	0.0000	0.0000	0.0000	0.0000	0.0000	0.0000	0.0000
47	76	0.1279	13	2	0	0	0	1	0	0	0	0	0	1	0	0	0	0	0	0	0	Y	N	N	N	N	N	N	N	N	N	N	N	N	N	N	N	N	N	0.0000	0.0000	0.0000	0.0000	0.0000	0.0000	0.0000	0.0000	0.0000	0.0000	0.0000	0.0000	0.0000	0.0000	0.0000	0.0000	0.0000	0.0000	0.0000	0.0000	0.0000	0.0000	0.0000	0.0000	0.0000	0.0000	0.0000			0.0000	0.0000	6.8097	1.0000	3.8431	0.0000	0.0000	0.0000	0.0000	0.0000	0.0000	0.0000	0.0000	0.0000	0.0000	0.0000	0.0000	0.0000	0.0000	0.0000	0.0000	0.0000	0.0000	0.0000	0.0812	0.0714	0.0098	0.0055	0.0052	0.0002	0.0757	0.0662	0.0095	0.0202	0.0108	0.0094	0.0027	0.0023	0.0004	0.0175	0.0085	0.0090
47	77	0.0834	6	2	0	0	0	2	0	0	0	0	0	0	0	0	0	0	0	0	0	Y	N	N	N	N	N	N	N	N	N	N	N	N	N	N	N	N	N	309.2818	13691.4151	0.0000	2022.7083	70417.2040	0.0000	0.0000	0.0000	0.0000	3.3426	3.7801	0.0000	37.7403	38.6466	0.0000	0.0000	0.0000	0.0000	0.0108	0.0003	0.0228	0.0187	0.0005	0.1255	0.0097	0.0002	0.0188	0.0000	72.5684	-0.2277	0.0006	6.8097	3.3326	3.8431	4.0108	0.9865	0.9865	0.0000	0.9865	0.9865	0.0000	0.0000	0.0000	0.0000	0.0016	0.0000	0.0016	0.0003	0.0000	0.0003	0.0013	0.0000	0.0012	0.2951	0.2610	0.0342	0.0261	0.0255	0.0006	0.2690	0.2354	0.0335	0.1468	0.0781	0.0687	0.0176	0.0150	0.0025	0.1292	0.0631	0.0661
47	78	0.1537	16	2	0	1	0	1	0	1	0	0	0	1	1	0	0	0	0	0	0	Y	N	N	N	N	N	N	N	N	N	N	N	N	N	N	N	N	N	0.0000	0.0000	0.0000	0.0000	0.0000	0.0000	0.0000	0.0000	0.0000	0.0000	0.0000	0.0000	0.0000	0.0000	0.0000	0.0000	0.0000	0.0000	0.0000	0.0000	0.0000	0.0001	0.0001	0.0000	0.0000	0.0000	0.0000		0.0160	0.0000	-0.0000	6.8097	0.0000	3.8431	0.9988	0.0000	0.0000	0.0000	0.0000	0.0000	0.0000	0.0000	0.0000	0.0000	0.0000	0.0000	0.0000	0.0000	0.0000	0.0000	0.0000	0.0000	0.0000	0.0000	0.0000	0.0000	0.0000	0.0000	0.0000	0.0000	0.0000	0.0000	0.0207	0.0113	0.0094	0.0037	0.0029	0.0007	0.0171	0.0084	0.0087
47	79	0.1504	15	2	0	0	0	1	0	0	0	0	0	1	1	0	0	0	0	0	0	Y	N	N	N	N	N	N	N	N	N	N	N	N	N	N	N	N	N	0.0000	0.0000	0.0000	0.0000	0.0000	0.0000	0.0000	0.0000	0.0000	0.0000	0.0000	0.0000	0.0000	0.0000	0.0000	0.0000	0.0000	0.0000	0.0000	0.0000	0.0000	0.0000	0.0000	0.0000	0.0000	0.0000	0.0000		0.0875	0.0000	-0.0000	6.8097	0.0001	3.8431	1.0072	0.0000	0.0000	0.0000	0.0000	0.0000	0.0000	0.0000	0.0000	0.0000	0.0000	0.0000	0.0000	0.0000	0.0000	0.0000	0.0000	0.0000	0.0000	0.0000	0.0000	0.0000	0.0000	0.0000	0.0000	0.0000	0.0000	0.0000	0.0205	0.0111	0.0094	0.0032	0.0027	0.0005	0.0173	0.0085	0.0089
47	80	0.1408	14	2	0	0	0	1	0	0	0	0	0	1	1	0	0	0	0	0	0	Y	N	N	N	N	N	N	N	N	N	N	N	N	N	N	N	N	N	0.7212	0.4464	0.0000	1.3505	1.1956	0.0000	0.0000	0.0000	0.0000	0.0007	0.0008	0.0000	0.0087	0.0091	0.0000	0.0000	0.0000	0.0000	0.0010	0.0018	0.0000	0.0064	0.0076	0.0000	0.0000	0.0000	0.0000	0.0000	0.0000	-0.0000	-0.0000	6.8097	1.0058	3.8431	1.9973	0.0001	0.0001	0.0000	0.0001	0.0001	0.0000	0.0000	0.0000	0.0000	0.0001	0.0001	0.0000	0.0001	0.0001	0.0000	0.0000	0.0000	0.0000	0.0845	0.0744	0.0101	0.0069	0.0066	0.0003	0.0776	0.0678	0.0097	0.0605	0.0330	0.0275	0.0093	0.0078	0.0015	0.0512	0.0252	0.0261
47	81	0.1018	13	2	0	1	0	1	0	0	0	0	0	0	0	0	0	0	0	0	0	Y	N	N	N	N	N	N	N	N	N	N	N	N	N	N	N	N	N	0.0957	0.3673	0.0000	31.8347	28.4773	0.0000	0.0000	0.0001	0.0000	0.0000	0.0000	0.0000	0.0006	0.0006	0.0000	0.0000	0.0000	0.0000	0.0004	0.0001	0.0007	0.0000	0.0000	0.0000	0.0004	0.0001	0.0007	0.0000	5.2817	-0.0000	0.0000	6.8097	7.0000	3.8431	2.0013	0.0000	0.0000	0.0000	0.0000	0.0000	0.0000	0.0000	0.0000	0.0000	0.0001	0.0000	0.0001	0.0000	0.0000	0.0000	0.0001	0.0000	0.0001	0.5594	0.4926	0.0668	0.0330	0.0317	0.0013	0.5264	0.4609	0.0655	0.1783	0.0959	0.0824	0.0243	0.0209	0.0034	0.1540	0.0750	0.0790
47	82	0.1018	12	2	0	1	0	2	0	1	0	0	0	0	0	0	0	0	0	0	0	Y	N	N	N	N	N	N	N	N	N	N	N	N	N	N	N	N	N	0.0006	0.0005	0.0017	0.0013	0.0012	0.0000	0.0005	0.0000	0.0016	0.0002	0.0001	0.0008	0.0005	0.0004	0.0000	0.0001	0.0000	0.0008	0.2577	0.1780	0.4678	0.3431	0.3494	0.0000	0.2067	0.0019	0.4795	1.0000	0.9970	0.0000	-0.0000	6.8097	0.0005	3.8431	0.0029	0.0000	0.0000	0.0000	0.0000	0.0000	0.0000	0.0000	0.0000	0.0000	0.0001	0.0000	0.0000	0.0000	0.0000	0.0000	0.0000	0.0000	0.0000	0.0001	0.0001	0.0000	0.0000	0.0000	0.0000	0.0001	0.0000	0.0000	0.0002	0.0002	0.0001	0.0001	0.0001	0.0000	0.0001	0.0001	0.0001
47	83	0.1408	14	2	0	0	0	1	0	0	0	0	0	1	1	0	0	0	0	0	0	Y	N	N	N	N	N	N	N	N	N	N	N	N	N	N	N	N	N	7385.5291	10686.4758	0.0000	13.6708	12.0873	0.0000	6811.1508	8970.2687	0.0000	4.9116	5.5740	0.0000	0.0000	0.0000	0.0000	5.3312	6.0907	0.0000	0.0007	0.0005	0.0008	0.0000	0.0000	0.0000	0.0008	0.0007	0.0009	0.0000	1.3410	-0.4614	-0.0000	6.8097	5.0069	3.8431	6.0103	1.9993	1.9993	0.0000	0.0000	0.0000	0.0000	1.9993	1.9993	0.0000	0.0001	0.0001	0.0001	0.0000	0.0000	0.0000	0.0001	0.0001	0.0001	0.4071	0.3587	0.0484	0.0320	0.0304	0.0016	0.3750	0.3283	0.0468	0.2112	0.1150	0.0962	0.0318	0.0267	0.0051	0.1794	0.0884	0.0911
47	84	0.1343	13	2	0	0	0	1	0	0	0	1	1	1	1	0	0	0	0	0	0	Y	N	N	N	N	N	N	N	N	N	N	N	N	N	N	N	N	N	22.9506	16.0741	0.0153	0.0013	0.0000	2.0650	130.1457	242.0028	0.0000	0.0004	0.0004	0.0000	0.0000	0.0000	0.0000	0.0004	0.0004	0.0000	0.0000	0.0000	0.0000	0.0001	0.0001	0.0000	0.0000	0.0000	0.0000	0.0000	0.1275	-0.0000	-0.0000	6.8097	1.9932	3.8431	0.0278	0.0001	0.0001	0.0000	0.0000	0.0000	0.0000	0.0001	0.0001	0.0000	0.0000	0.0000	0.0000	0.0000	0.0000	0.0000	0.0000	0.0000	0.0000	0.1645	0.1448	0.0197	0.0104	0.0100	0.0004	0.1541	0.1348	0.0193	0.0422	0.0230	0.0191	0.0065	0.0055	0.0010	0.0356	0.0175	0.0181
47	85	0.1242	11	2	0	1	0	1	0	0	0	0	0	0	0	0	0	0	0	0	0	Y	N	N	N	N	N	N	N	N	N	N	N	N	N	N	N	N	N	3.6251	2.3793	0.0000	0.0253	0.0245	0.0000	351.5323	205.7540	0.0000	0.0257	0.0292	0.0000	0.0009	0.0010	0.0000	0.0284	0.0325	0.0000	0.0071	0.0123	0.0000	0.0370	0.0414	0.0009	0.0001	0.0002	0.0000	0.0000	0.0028	-0.0047	-0.0020	6.8097	9.9670	3.8431	12.6920	0.0203	0.0203	0.0000	0.0001	0.0001	0.0000	0.0202	0.0202	0.0000	0.0033	0.0033	0.0000	0.0033	0.0033	0.0000	0.0000	0.0000	0.0000	0.7908	0.6964	0.0943	0.0788	0.0728	0.0060	0.7119	0.6236	0.0883	0.4669	0.2692	0.1978	0.0886	0.0791	0.0096	0.3783	0.1901	0.1882
47	86	0.1177	10	2	0	1	0	2	0	1	0	0	0	0	0	0	0	0	0	0	0	Y	N	N	N	N	N	N	N	N	N	N	N	N	N	N	N	N	N	59.1457	43.6472	2.1609	6.6717	6.6161	0.0422	61.0179	37.7963	2.8867	2.2448	2.4711	0.0022	0.1145	0.1170	0.0003	2.8326	3.1860	0.0023	0.0380	0.0566	0.0010	0.0172	0.0177	0.0063	0.0464	0.0843	0.0008	0.0001	0.0091	-0.0962	-0.0023	6.8097	1.5419	3.8431	1.3342	0.4171	0.4171	0.0000	0.0046	0.0046	0.0000	0.4125	0.4125	0.0000	0.0038	0.0037	0.0000	0.0005	0.0005	0.0000	0.0033	0.0032	0.0000	0.1858	0.1688	0.0170	0.0402	0.0393	0.0009	0.1456	0.1295	0.0162	0.0992	0.0659	0.0333	0.0287	0.0274	0.0013	0.0705	0.0385	0.0320
47	90	0.0896	6	2	0	1	0	1	0	1	0	0	0	0	0	0	0	0	0	0	0	Y	N	N	N	N	N	N	N	N	N	N	N	N	N	N	N	N	N	71.9279	44.2721	282.4660	77.2796	78.4673	0.0000	135.4740	850.3022	289.9977	6.0275	4.5559	16.8663	29.7289	30.8212	0.0000	4.3225	2.4716	17.2087	0.0838	0.1029	0.0597	0.3847	0.3928	0.0996	0.0319	0.0029	0.0593	0.5026	0.4603	0.3099	-0.0085	6.8097	5.9354	3.8431	8.3561	2.9879	1.9884	0.9995	0.9890	0.9890	0.0000	1.9989	0.9994	0.9995	0.0281	0.0192	0.0088	0.0189	0.0188	0.0001	0.0091	0.0004	0.0087	0.4957	0.4365	0.0593	0.0333	0.0321	0.0012	0.4624	0.4044	0.0581	0.3347	0.1867	0.1481	0.0492	0.0479	0.0014	0.2855	0.1388	0.1467
47	91	0.0727	5	2	0	0	0	1	0	0	0	0	0	0	0	0	0	0	0	0	0	Y	N	N	N	N	N	N	N	N	N	N	N	N	N	N	N	N	N	0.0802	0.0871	0.0121	0.8102	0.8402	0.0000	0.0031	0.0580	0.0123	0.1574	0.1759	0.0230	2.8016	2.9240	0.0000	0.0039	0.0011	0.0234	1.9635	2.0194	1.8940	3.4580	3.4801	0.1484	1.2519	0.0189	1.9024	0.0180	0.7539	-0.0045	-0.1100	6.8097	1.5872	3.8431	4.4746	0.0209	0.0206	0.0004	0.0204	0.0204	0.0000	0.0005	0.0001	0.0004	0.5812	0.3314	0.2498	0.3302	0.3301	0.0001	0.2510	0.0013	0.2497	0.1330	0.1169	0.0161	0.0073	0.0070	0.0003	0.1257	0.1099	0.0158	0.2960	0.1641	0.1319	0.0955	0.0948	0.0006	0.2005	0.0692	0.1313
47	92	0.1474	16	2	0	0	1	1	0	0	1	0	0	1	1	0	0	0	0	0	0	Y	N	N	N	N	N	N	N	N	N	N	N	N	N	N	N	N	N	10553.7357	4204443.3023	0.0000	101795.3290	88831.9485	0.0000	9787.3136	inf	0.0000	12.2779	13.9309	0.0000	1.2515	1.3059	0.0000	13.3003	15.2142	0.0000	0.0012	0.0000	0.0025	0.0000	0.0000	0.0000	0.0014	0.0000	0.0026	0.0000	652.4342	-0.2327	0.0000	6.8097	1.0091	3.8431	1.9972	1.0081	1.0081	0.0000	0.0087	0.0087	0.0000	0.9994	0.9994	0.0000	0.0001	0.0000	0.0001	0.0000	0.0000	0.0000	0.0001	0.0000	0.0001	0.0821	0.0724	0.0097	0.0070	0.0067	0.0003	0.0751	0.0657	0.0095	0.0602	0.0323	0.0278	0.0087	0.0073	0.0015	0.0514	0.0250	0.0264
47	93	0.1311	15	2	0	0	0	1	0	0	0	0	1	1	1	0	0	0	0	0	0	Y	N	N	N	N	N	N	N	N	N	N	N	N	N	N	N	N	N	60.7053	36.9242	0.0000	113.7017	100.8947	0.0000	578.3332	2368.0774	0.0000	0.0552	0.0627	0.0000	0.7759	0.8088	0.0000	0.0011	0.0013	0.0000	0.0009	0.0017	0.0000	0.0068	0.0080	0.0000	0.0000	0.0000	0.0000	0.0000	0.0016	-0.0021	-0.0001	6.8097	2.0083	3.8431	3.0031	0.0089	0.0089	0.0000	0.0087	0.0087	0.0000	0.0002	0.0002	0.0000	0.0001	0.0001	0.0000	0.0001	0.0001	0.0000	0.0000	0.0000	0.0000	0.1611	0.1418	0.0193	0.0112	0.0108	0.0005	0.1499	0.1310	0.0188	0.0991	0.0530	0.0461	0.0132	0.0112	0.0020	0.0859	0.0417	0.0442
47	94	0.1311	14	2	0	0	0	1	0	0	0	0	0	1	0	0	0	0	0	0	0	Y	N	N	N	N	N	N	N	N	N	N	N	N	N	N	N	N	N	0.0000	0.0000	0.0000	0.0000	0.0000	0.0000	0.0000	0.0000	0.0000	0.0000	0.0000	0.0000	0.0000	0.0000	0.0000	0.0000	0.0000	0.0000	0.0015	0.0018	0.0009	0.0024	0.0024	0.0000	0.0011	0.0013	0.0009		0.2407	0.0000	-0.0000	6.8097	0.0000	3.8431	0.0002	0.0000	0.0000	0.0000	0.0000	0.0000	0.0000	0.0000	0.0000	0.0000	0.0000	0.0000	0.0000	0.0000	0.0000	0.0000	0.0000	0.0000	0.0000	0.0000	0.0000	0.0000	0.0000	0.0000	0.0000	0.0000	0.0000	0.0000	0.0000	0.0000	0.0000	0.0000	0.0000	0.0000	0.0000	0.0000	0.0000
47	95	0.1279	13	2	0	0	0	1	0	0	0	0	0	1	0	0	0	0	0	0	0	Y	N	N	N	N	N	N	N	N	N	N	N	N	N	N	N	N	N	0.0000	0.0000	0.0000	0.0000	0.0000	0.0000	0.0000	0.0000	0.0000	0.0000	0.0000	0.0000	0.0000	0.0000	0.0000	0.0000	0.0000	0.0000	0.0000	0.0000	0.0000	0.0000	0.0000	0.0000	0.0000	0.0000	0.0000		0.4565	0.0000	-0.0000	6.8097	1.0000	3.8431	0.0001	0.0000	0.0000	0.0000	0.0000	0.0000	0.0000	0.0000	0.0000	0.0000	0.0000	0.0000	0.0000	0.0000	0.0000	0.0000	0.0000	0.0000	0.0000	0.0812	0.0714	0.0098	0.0055	0.0052	0.0002	0.0757	0.0662	0.0095	0.0202	0.0108	0.0094	0.0027	0.0023	0.0004	0.0175	0.0085	0.0090
47	96	0.1279	12	2	0	0	0	1	0	0	0	1	0	1	0	0	0	0	0	0	0	Y	N	N	N	N	N	N	N	N	N	N	N	N	N	N	N	N	N	0.0000	0.0000	0.0000	0.0000	0.0000	0.0000	0.0000	0.0000	0.0000	0.0000	0.0000	0.0000	0.0000	0.0000	0.0000	0.0000	0.0000	0.0000	0.0000	0.0000	0.0000	0.0000	0.0000	0.0000	0.0000	0.0000	0.0000			0.0000	0.0000	6.8097	0.0000	3.8431	0.0001	0.0000	0.0000	0.0000	0.0000	0.0000	0.0000	0.0000	0.0000	0.0000	0.0000	0.0000	0.0000	0.0000	0.0000	0.0000	0.0000	0.0000	0.0000	0.0000	0.0000	0.0000	0.0000	0.0000	0.0000	0.0000	0.0000	0.0000	0.0000	0.0000	0.0000	0.0000	0.0000	0.0000	0.0000	0.0000	0.0000
47	97	0.1246	11	2	0	0	0	1	0	0	0	0	0	0	0	0	0	0	0	0	0	Y	N	N	N	N	N	N	N	N	N	N	N	N	N	N	N	N	N	0.0000	0.0000	0.0000	0.0000	0.0000	0.0000	0.0000	0.0000	0.0000	0.0000	0.0000	0.0000	0.0000	0.0000	0.0000	0.0000	0.0000	0.0000	0.0000	0.0000	0.0000	0.0000	0.0000	0.0000	0.0000	0.0000	0.0000		1.2748	0.0000	-0.0000	6.8097	0.9999	3.8431	0.0008	0.0000	0.0000	0.0000	0.0000	0.0000	0.0000	0.0000	0.0000	0.0000	0.0000	0.0000	0.0000	0.0000	0.0000	0.0000	0.0000	0.0000	0.0000	0.0827	0.0728	0.0099	0.0052	0.0050	0.0002	0.0775	0.0678	0.0097	0.0204	0.0110	0.0095	0.0027	0.0023	0.0004	0.0177	0.0087	0.0091
47	99	0.0987	11	2	0	1	0	2	0	1	0	0	0	0	0	0	0	0	0	0	0	Y	N	N	N	N	N	N	N	N	N	N	N	N	N	N	N	N	N	0.0265	0.0179	0.0856	0.3004	0.2673	0.0000	0.0094	0.0000	0.0841	0.0001	0.0001	0.0002	0.0008	0.0009	0.0000	0.0000	0.0000	0.0002	0.0028	0.0032	0.0024	0.0028	0.0033	0.0000	0.0028	0.0031	0.0025	0.5000	0.6666	0.0000	-0.0002	6.8097	5.0000	3.8431	11.0015	0.0000	0.0000	0.0000	0.0000	0.0000	0.0000	0.0000	0.0000	0.0000	0.0009	0.0005	0.0003	0.0001	0.0001	0.0000	0.0008	0.0004	0.0003	0.4030	0.3547	0.0483	0.0237	0.0228	0.0009	0.3793	0.3319	0.0474	0.3027	0.1618	0.1409	0.0359	0.0307	0.0052	0.2668	0.1311	0.1356
47	100	0.0669	5	2	0	1	0	1	0	0	0	0	0	0	0	0	0	0	0	0	0	Y	N	N	N	N	N	N	N	N	N	N	N	N	N	N	N	N	N	1.5146	0.0023	5.4186	0.0001	0.0004	0.0000	1.4012	0.0028	5.4450	5.8745	0.0001	48.3004	0.0000	0.0000	0.0000	6.1916	0.0001	48.9630	3.8787	0.0296	8.9138	0.1493	0.0451	2.5456	4.4187	0.0255	8.9923	98506.3285	229.8379	0.7691	0.2000	6.8097	2.0003	3.8431	3.6794	0.9998	0.0000	0.9998	0.0000	0.0000	0.0000	0.9998	0.0000	0.9998	0.5312	0.0023	0.5289	0.0026	0.0007	0.0018	0.5286	0.0016	0.5271	0.1702	0.1495	0.0207	0.0087	0.0084	0.0003	0.1615	0.1411	0.0204	0.1370	0.0776	0.0593	0.0173	0.0166	0.0007	0.1196	0.0610	0.0586
47	101	0.0563	4	2	0	1	0	2	0	1	0	0	0	0	0	0	0	0	0	0	0	Y	N	N	N	N	N	N	N	N	N	N	N	N	N	N	N	N	N	0.5406	4.4299	0.0214	0.1806	0.1823	0.0000	0.7129	61.4415	0.0224	3.1649	3.5344	0.2442	0.3373	0.3420	0.0000	4.9178	5.8948	0.2564	5.8548	0.7979	11.4007	1.8675	1.8758	0.3588	6.8982	0.0959	11.4271	0.0087	13.0291	-0.0018	0.1976	6.8097	0.0087	3.8431	3.3708	0.0081	0.0080	0.0001	0.0003	0.0003	0.0000	0.0078	0.0077	0.0001	0.6382	0.0455	0.5927	0.0422	0.0422	0.0000	0.5960	0.0033	0.5927	0.0026	0.0023	0.0003	0.0010	0.0010	0.0000	0.0016	0.0013	0.0003	0.1090	0.0570	0.0520	0.0226	0.0225	0.0001	0.0864	0.0345	0.0519
47	106	0.1343	13	2	0	1	0	1	0	1	0	0	0	0	0	0	0	0	0	0	0	Y	N	N	N	N	N	N	N	N	N	N	N	N	N	N	N	N	N	0.0761	0.0887	0.0000	0.3391	0.2970	0.0000	0.0000	0.0000	0.0000	0.0001	0.0001	0.0000	0.0013	0.0013	0.0000	0.0000	0.0000	0.0000	0.0011	0.0010	0.0011	0.0038	0.0045	0.0000	0.0006	0.0000	0.0012	0.0000	0.8886	-0.0000	-0.0000	6.8097	3.0043	3.8431	5.0032	0.0000	0.0000	0.0000	0.0000	0.0000	0.0000	0.0000	0.0000	0.0000	0.0002	0.0001	0.0001	0.0001	0.0001	0.0000	0.0001	0.0000	0.0001	0.2463	0.2167	0.0295	0.0155	0.0149	0.0006	0.2307	0.2018	0.0289	0.1592	0.0865	0.0728	0.0237	0.0199	0.0038	0.1356	0.0666	0.0690
47	107	0.1278	12	2	0	0	0	1	0	0	0	0	0	0	0	0	0	0	0	0	0	Y	N	N	N	N	N	N	N	N	N	N	N	N	N	N	N	N	N	0.0031	0.0029	0.0000	0.0101	0.0089	0.0000	0.0000	0.0000	0.0000	0.0000	0.0000	0.0000	0.0000	0.0000	0.0000	0.0000	0.0000	0.0000	0.0000	0.0000	0.0000	0.0000	0.0000	0.0000	0.0000	0.0000	0.0000	0.0000	0.5290	-0.0000	-0.0000	6.8097	1.0015	3.8431	0.9989	0.0000	0.0000	0.0000	0.0000	0.0000	0.0000	0.0000	0.0000	0.0000	0.0000	0.0000	0.0000	0.0000	0.0000	0.0000	0.0000	0.0000	0.0000	0.0829	0.0729	0.0100	0.0053	0.0050	0.0002	0.0776	0.0679	0.0097	0.0407	0.0219	0.0188	0.0054	0.0046	0.0008	0.0353	0.0173	0.0180
47	108	0.1246	11	2	0	0	0	1	0	0	0	0	0	0	0	0	0	0	0	0	0	Y	N	N	N	N	N	N	N	N	N	N	N	N	N	N	N	N	N	0.0000	0.0000	0.0000	0.0000	0.0000	0.0000	0.0000	0.0000	0.0000	0.0000	0.0000	0.0000	0.0000	0.0000	0.0000	0.0000	0.0000	0.0000	0.0000	0.0001	0.0000	0.0002	0.0003	0.0000	0.0000	0.0000	0.0000		0.0559	0.0000	-0.0000	6.8097	1.0004	3.8431	0.0020	0.0000	0.0000	0.0000	0.0000	0.0000	0.0000	0.0000	0.0000	0.0000	0.0000	0.0000	0.0000	0.0000	0.0000	0.0000	0.0000	0.0000	0.0000	0.0828	0.0728	0.0099	0.0052	0.0050	0.0002	0.0775	0.0678	0.0097	0.0205	0.0110	0.0095	0.0027	0.0023	0.0004	0.0178	0.0087	0.0091
47	109	0.0987	10	2	0	0	0	2	0	0	0	0	0	0	0	0	0	0	0	0	0	Y	N	N	N	N	N	N	N	N	N	N	N	N	N	N	N	N	N	0.0535	0.0651	0.0000	0.8725	0.7761	0.0000	0.0000	0.0000	0.0000	0.0001	0.0001	0.0000	0.0014	0.0014	0.0000	0.0000	0.0000	0.0000	0.0015	0.0014	0.0016	0.0016	0.0019	0.0000	0.0015	0.0013	0.0017	0.0000	1.0057	-0.0000	-0.0000	6.8097	3.0035	3.8431	5.0043	0.0000	0.0000	0.0000	0.0000	0.0000	0.0000	0.0000	0.0000	0.0000	0.0002	0.0001	0.0001	0.0000	0.0000	0.0000	0.0002	0.0001	0.0001	0.2450	0.2155	0.0295	0.0144	0.0138	0.0006	0.2306	0.2017	0.0289	0.1580	0.0843	0.0736	0.0188	0.0161	0.0027	0.1391	0.0682	0.0709
47	110	0.0952	6	2	0	1	0	1	0	0	0	0	0	0	0	0	0	0	0	0	0	Y	N	N	N	N	N	N	N	N	N	N	N	N	N	N	N	N	N	26.9740	162.4726	0.0000	386.2782	626.5575	0.0000	0.0204	0.7132	0.0000	1.8128	2.0696	0.0000	31.9691	35.6431	0.0000	0.0013	0.0015	0.0000	0.0672	0.0127	0.1314	0.0828	0.0569	0.4720	0.0652	0.0021	0.1262	0.0000	8.7500	-0.2308	0.0047	6.8097	7.0195	3.8431	5.1243	1.0002	1.0002	0.0000	0.9995	0.9995	0.0000	0.0007	0.0007	0.0000	0.0169	0.0017	0.0152	0.0023	0.0015	0.0008	0.0146	0.0002	0.0143	0.5517	0.4833	0.0685	0.0313	0.0280	0.0032	0.5204	0.4552	0.0652	0.2512	0.1360	0.1153	0.0281	0.0263	0.0018	0.2232	0.1096	0.1135
47	111	0.0727	5	2	0	1	0	1	0	1	0	0	0	0	0	0	0	0	0	0	0	Y	N	N	N	N	N	N	N	N	N	N	N	N	N	N	N	N	N	2.3727	11.5352	0.0013	2.4368	2.5735	0.0117	1.8662	60.8740	0.0012	4.7993	5.4594	0.0052	1.8064	1.8827	0.0271	4.9673	5.6797	0.0048	2.0227	0.4733	3.9595	0.7413	0.7316	2.3155	2.6617	0.0933	3.9671	0.0001	6.6925	-0.1871	0.1450	6.8097	2.0281	3.8431	3.4706	0.8113	0.8112	0.0001	0.0162	0.0162	0.0000	0.7951	0.7950	0.0001	0.5778	0.0751	0.5027	0.0705	0.0691	0.0013	0.5074	0.0060	0.5014	0.1690	0.1486	0.0205	0.0090	0.0086	0.0004	0.1601	0.1400	0.0201	0.2857	0.1587	0.1270	0.0951	0.0945	0.0006	0.1906	0.0642	0.1264
47	112	0.0593	4	2	0	0	0	2	0	0	0	0	0	0	0	0	0	0	0	0	0	Y	N	N	N	N	N	N	N	N	N	N	N	N	N	N	N	N	N	0.0498	0.0627	0.0009	0.7457	0.7691	0.0000	0.0028	0.0824	0.0009	0.0863	0.0979	0.0018	1.9202	1.9848	0.0000	0.0037	0.0040	0.0018	1.7324	1.5614	1.9493	2.5750	2.5809	1.4947	1.3063	0.0483	1.9512	0.0025	0.9843	-0.0050	-0.0607	6.8097	3.0209	3.8431	2.2550	0.0220	0.0219	0.0001	0.0211	0.0211	0.0000	0.0009	0.0008	0.0001	0.4927	0.2483	0.2444	0.2460	0.2452	0.0008	0.2467	0.0031	0.2436	0.2545	0.2237	0.0308	0.0110	0.0106	0.0004	0.2436	0.2131	0.0304	0.2844	0.1590	0.1254	0.0955	0.0950	0.0005	0.1889	0.0640	0.1248
47	126	0.1317	17	2	0	1	0	1	0	0	0	0	0	0	0	0	0	0	0	0	0	Y	N	N	N	N	N	N	N	N	N	N	N	N	N	N	N	N	N	0.0000	0.0000	0.0000	0.0000	0.0000	0.0000	0.0000	0.0000	0.0000	0.0000	0.0000	0.0000	0.0000	0.0000	0.0000	0.0000	0.0000	0.0000	0.0008	0.0000	0.0018	0.0000	0.0000	0.0000	0.0010	0.0000	0.0019		inf	0.0000	0.0000	6.8097	1.0002	3.8431	2.0058	0.0000	0.0000	0.0000	0.0000	0.0000	0.0000	0.0000	0.0000	0.0000	0.0000	0.0000	0.0000	0.0000	0.0000	0.0000	0.0000	0.0000	0.0000	0.0817	0.0720	0.0097	0.0068	0.0065	0.0003	0.0750	0.0655	0.0094	0.0611	0.0332	0.0279	0.0095	0.0081	0.0014	0.0516	0.0251	0.0265
47	133	0.1520	14	2	0	1	0	1	0	0	0	0	0	1	0	0	0	0	0	0	0	Y	N	N	N	N	N	N	N	N	N	N	N	N	N	N	N	N	N	0.0000	0.0000	0.0000	0.0000	0.0000	0.0000	0.0000	0.0000	0.0000	0.0000	0.0000	0.0000	0.0000	0.0000	0.0000	0.0000	0.0000	0.0000	0.0007	0.0004	0.0014	0.0000	0.0000	0.0000	0.0012	0.0009	0.0014		2.0000	0.0000	0.0000	6.8097	0.0000	3.8431	0.0001	0.0000	0.0000	0.0000	0.0000	0.0000	0.0000	0.0000	0.0000	0.0000	0.0000	0.0000	0.0000	0.0000	0.0000	0.0000	0.0000	0.0000	0.0000	0.0000	0.0000	0.0000	0.0000	0.0000	0.0000	0.0000	0.0000	0.0000	0.0000	0.0000	0.0000	0.0000	0.0000	0.0000	0.0000	0.0000	0.0000
47	134	0.1120	13	2	0	1	0	2	0	1	0	1	0	1	0	0	0	0	0	0	0	Y	N	N	N	N	N	N	N	N	N	N	N	N	N	N	N	N	N	0.0093	0.0002	0.0357	0.2268	0.0030	74.3019	0.0084	0.0000	0.0350	0.0422	0.0000	0.3524	0.0001	0.0000	0.0017	0.0450	0.0000	0.3600	4.5267	0.0003	9.8691	0.0003	0.0003	0.0000	5.3337	0.0003	10.2880	681451.3960	24921.3993	0.0106	0.3808	6.8097	4.0005	3.8431	6.9251	0.0138	0.0000	0.0138	0.0000	0.0000	0.0000	0.0138	0.0000	0.0138	0.9999	0.0000	0.9999	0.0000	0.0000	0.0000	0.9999	0.0000	0.9999	0.3258	0.2867	0.0391	0.0202	0.0193	0.0008	0.3057	0.2674	0.0382	0.2209	0.1196	0.1013	0.0334	0.0293	0.0041	0.1875	0.0903	0.0972
47	135	0.1446	18	2	0	1	0	1	0	0	0	0	0	1	0	0	0	0	0	0	0	Y	N	N	N	N	N	N	N	N	N	N	N	N	N	N	N	N	N	17.3749	0.0696	inf	0.2026	0.1833	0.0000	inf	0.0000	inf	0.0001	0.0000	0.0010	0.0000	0.0000	0.0000	0.0001	0.0000	0.0011	0.0000	0.0000	0.0000	0.0000	0.0000	0.0000	0.0000	0.0000	0.0000	155.0345	0.0000	0.0000	-0.0000	6.8097	0.9923	3.8431	0.0060	0.0000	0.0000	0.0000	0.0000	0.0000	0.0000	0.0000	0.0000	0.0000	0.0000	0.0000	0.0000	0.0000	0.0000	0.0000	0.0000	0.0000	0.0000	0.0821	0.0723	0.0097	0.0078	0.0074	0.0003	0.0743	0.0649	0.0094	0.0197	0.0109	0.0089	0.0034	0.0029	0.0005	0.0163	0.0079	0.0084
47	136	0.1317	17	2	0	1	0	1	0	0	0	1	0	1	0	0	0	0	0	0	0	Y	N	N	N	N	N	N	N	N	N	N	N	N	N	N	N	N	N	0.3805	0.1315	2.7051	0.0000	0.0000	0.0000	0.5719	0.2648	2.6520	0.0000	0.0000	0.0000	0.0000	0.0000	0.0000	0.0000	0.0000	0.0000	0.0000	0.0000	0.0000	0.0000	0.0000	0.0000	0.0000	0.0000	0.0000	1.7038	0.5169	0.0000	-0.0000	6.8097	2.0106	3.8431	2.0023	0.0000	0.0000	0.0000	0.0000	0.0000	0.0000	0.0000	0.0000	0.0000	0.0000	0.0000	0.0000	0.0000	0.0000	0.0000	0.0000	0.0000	0.0000	0.1626	0.1433	0.0193	0.0134	0.0128	0.0006	0.1492	0.1304	0.0187	0.0806	0.0438	0.0368	0.0125	0.0106	0.0018	0.0682	0.0331	0.0350
47	137	0.1285	16	2	0	1	0	2	0	0	0	0	0	0	0	0	0	0	0	0	0	Y	N	N	N	N	N	N	N	N	N	N	N	N	N	N	N	N	N	0.0000	0.0000	0.0000	0.0000	0.0000	0.0000	0.0000	0.0000	0.0000	0.0000	0.0000	0.0000	0.0000	0.0000	0.0000	0.0000	0.0000	0.0000	0.0000	0.0000	0.0000	0.0000	0.0000	0.0000	0.0000	0.0000	0.0000		inf	0.0000	0.0000	6.8097	0.0008	3.8431	1.0019	0.0000	0.0000	0.0000	0.0000	0.0000	0.0000	0.0000	0.0000	0.0000	0.0000	0.0000	0.0000	0.0000	0.0000	0.0000	0.0000	0.0000	0.0000	0.0001	0.0001	0.0000	0.0000	0.0000	0.0000	0.0001	0.0001	0.0000	0.0204	0.0110	0.0094	0.0031	0.0026	0.0005	0.0173	0.0084	0.0089
48	53	0.1828	20	2	0	1	0	0	0	1	0	0	0	1	1	0	0	0	0	0	0	Y	N	N	N	N	N	N	N	N	N	N	N	N	N	N	N	N	N	0.0000	0.0000	0.0000	0.0000	0.0000	0.0000	0.0000	0.0000	0.0000	0.0000	0.0000	0.0000	0.0000	0.0000	0.0000	0.0000	0.0000	0.0000	0.0000	0.0000	0.0000	0.0000	0.0000	0.0000	0.0000	0.0000	0.0000			0.0000	0.0000	0.0000	0.9921	0.0001	0.0076	0.0000	0.0000	0.0000	0.0000	0.0000	0.0000	0.0000	0.0000	0.0000	0.0000	0.0000	0.0000	0.0000	0.0000	0.0000	0.0000	0.0000	0.0000	0.0000	0.0000	0.0000	0.0000	0.0000	0.0000	0.0000	0.0000	0.0000	0.0002	0.0002	0.0001	0.0001	0.0001	0.0000	0.0001	0.0000	0.0001
48	60	0.1665	19	2	0	1	0	0	0	1	0	0	0	1	1	0	0	0	0	0	0	Y	N	N	N	N	N	N	N	N	N	N	N	N	N	N	N	N	N	0.0000	0.0000	0.0000	0.0000	0.0000	0.0000	0.0000	0.0000	0.0000	0.0000	0.0000	0.0000	0.0000	0.0000	0.0000	0.0000	0.0000	0.0000	0.0000	0.0000	0.0000	0.0000	0.0000	0.0000	0.0000	0.0000	0.0000			0.0000	0.0000	0.0000	2.0000	0.0001	7.0000	0.0000	0.0000	0.0000	0.0000	0.0000	0.0000	0.0000	0.0000	0.0000	0.0000	0.0000	0.0000	0.0000	0.0000	0.0000	0.0000	0.0000	0.0000	0.0000	0.0000	0.0000	0.0000	0.0000	0.0000	0.0000	0.0000	0.0000	0.0019	0.0013	0.0005	0.0010	0.0010	0.0001	0.0008	0.0004	0.0004
48	61	0.1665	18	2	0	1	0	0	0	1	0	0	1	1	1	0	0	0	0	0	0	Y	N	N	N	N	N	N	N	N	N	N	N	N	N	N	N	N	N	0.0000	0.0000	0.0000	0.0000	0.0000	0.0000	0.0000	0.0000	0.0000	0.0000	0.0000	0.0000	0.0000	0.0000	0.0000	0.0000	0.0000	0.0000	0.0000	0.0000	0.0000	0.0000	0.0000	0.0000	0.0000	0.0000	0.0000			0.0000	0.0000	0.0000	0.0000	0.0001	0.0000	0.0000	0.0000	0.0000	0.0000	0.0000	0.0000	0.0000	0.0000	0.0000	0.0000	0.0000	0.0000	0.0000	0.0000	0.0000	0.0000	0.0000	0.0000	0.0000	0.0000	0.0000	0.0000	0.0000	0.0000	0.0000	0.0000	0.0000	0.0000	0.0000	0.0000	0.0000	0.0000	0.0000	0.0000	0.0000	0.0000
48	68	0.0095	2	2	0	1	0	0	0	1	0	0	1	0	1	0	0	0	0	0	0	Y	N	N	N	N	N	N	N	N	N	N	N	N	N	N	N	N	N	0.0000	0.0000	0.0000	0.0000	0.0000	0.0000	0.0000	0.0000	0.0000	0.0000	0.0000	0.0000	0.0000	0.0000	0.0000	0.0000	0.0000	0.0000	0.0239	0.0331	0.0000	0.0477	0.0478	0.0000	0.0000	0.0000	0.0000		0.0000	0.0000	-0.0000	0.0000	1.4193	0.0001	5.2011	0.0000	0.0000	0.0000	0.0000	0.0000	0.0000	0.0000	0.0000	0.0000	0.0000	0.0000	0.0000	0.0000	0.0000	0.0000	0.0000	0.0000	0.0000	0.0000	0.0000	0.0000	0.0000	0.0000	0.0000	0.0000	0.0000	0.0000	0.0017	0.0012	0.0005	0.0008	0.0008	0.0000	0.0008	0.0004	0.0005
48	74	0.1665	19	2	0	1	0	0	0	1	0	0	0	1	0	0	0	0	0	0	0	Y	N	N	N	N	N	N	N	N	N	N	N	N	N	N	N	N	N	0.0000	0.0000	0.0000	0.0000	0.0000	0.0000	0.0000	0.0000	0.0000	0.0000	0.0000	0.0000	0.0000	0.0000	0.0000	0.0000	0.0000	0.0000	0.0000	0.0000	0.0000	0.0000	0.0000	0.0000	0.0000	0.0000	0.0000			0.0000	0.0000	0.0000	3.9277	0.0001	0.5227	0.0000	0.0000	0.0000	0.0000	0.0000	0.0000	0.0000	0.0000	0.0000	0.0000	0.0000	0.0000	0.0000	0.0000	0.0000	0.0000	0.0000	0.0000	0.0000	0.0000	0.0000	0.0000	0.0000	0.0000	0.0000	0.0000	0.0000	0.0009	0.0007	0.0003	0.0005	0.0005	0.0000	0.0004	0.0002	0.0002
48	75	0.1665	18	2	0	1	0	0	0	1	0	0	0	1	0	0	0	0	0	0	0	Y	N	N	N	N	N	N	N	N	N	N	N	N	N	N	N	N	N	0.0000	0.0000	0.0000	0.0000	0.0000	0.0000	0.0000	0.0000	0.0000	0.0000	0.0000	0.0000	0.0000	0.0000	0.0000	0.0000	0.0000	0.0000	0.0000	0.0000	0.0000	0.0000	0.0000	0.0000	0.0000	0.0000	0.0000			0.0000	0.0000	0.0000	0.0009	0.0001	0.0000	0.0000	0.0000	0.0000	0.0000	0.0000	0.0000	0.0000	0.0000	0.0000	0.0000	0.0000	0.0000	0.0000	0.0000	0.0000	0.0000	0.0000	0.0000	0.0000	0.0000	0.0000	0.0000	0.0000	0.0000	0.0000	0.0000	0.0000	0.0000	0.0000	0.0000	0.0000	0.0000	0.0000	0.0000	0.0000	0.0000
48	76	0.1633	17	2	0	1	0	0	0	1	0	0	0	1	0	0	0	0	0	0	0	Y	N	N	N	N	N	N	N	N	N	N	N	N	N	N	N	N	N	0.0000	0.0000	0.0000	0.0000	0.0000	0.0000	0.0000	0.0000	0.0000	0.0000	0.0000	0.0000	0.0000	0.0000	0.0000	0.0000	0.0000	0.0000	0.0000	0.0000	0.0000	0.0000	0.0000	0.0000	0.0000	0.0000	0.0000			0.0000	0.0000	0.0000	1.0000	0.0001	0.0000	0.0000	0.0000	0.0000	0.0000	0.0000	0.0000	0.0000	0.0000	0.0000	0.0000	0.0000	0.0000	0.0000	0.0000	0.0000	0.0000	0.0000	0.0000	0.0000	0.0000	0.0000	0.0000	0.0000	0.0000	0.0000	0.0000	0.0000	0.0002	0.0002	0.0001	0.0001	0.0001	0.0000	0.0001	0.0000	0.0001
48	77	0.1189	10	2	0	1	0	1	0	1	0	0	0	0	0	0	0	0	0	0	0	Y	N	N	N	N	N	N	N	N	N	N	N	N	N	N	N	N	N	0.0000	0.0000	0.0000	0.0000	0.0000	0.0000	0.0000	0.0000	0.0000	0.0000	0.0000	0.0000	0.0000	0.0000	0.0000	0.0000	0.0000	0.0000	0.0000	0.0000	0.0000	0.0000	0.0000	0.0000	0.0000	0.0000	0.0000			0.0000	0.0000	0.0000	3.3326	0.0001	4.0108	0.0000	0.0000	0.0000	0.0000	0.0000	0.0000	0.0000	0.0000	0.0000	0.0000	0.0000	0.0000	0.0000	0.0000	0.0000	0.0000	0.0000	0.0000	0.0000	0.0000	0.0000	0.0000	0.0000	0.0000	0.0000	0.0000	0.0000	0.0016	0.0012	0.0004	0.0009	0.0009	0.0001	0.0007	0.0003	0.0004
48	79	0.1859	19	2	0	1	0	0	0	1	0	0	0	1	1	0	0	0	0	0	0	Y	N	N	N	N	N	N	N	N	N	N	N	N	N	N	N	N	N	0.0000	0.0000	0.0000	0.0000	0.0000	0.0000	0.0000	0.0000	0.0000	0.0000	0.0000	0.0000	0.0000	0.0000	0.0000	0.0000	0.0000	0.0000	0.0000	0.0000	0.0000	0.0000	0.0000	0.0000	0.0000	0.0000	0.0000			0.0000	0.0000	0.0000	0.0001	0.0001	1.0072	0.0000	0.0000	0.0000	0.0000	0.0000	0.0000	0.0000	0.0000	0.0000	0.0000	0.0000	0.0000	0.0000	0.0000	0.0000	0.0000	0.0000	0.0000	0.0000	0.0000	0.0000	0.0000	0.0000	0.0000	0.0000	0.0000	0.0000	0.0002	0.0002	0.0001	0.0001	0.0001	0.0000	0.0001	0.0000	0.0001
48	80	0.1762	18	2	0	1	0	0	0	1	0	0	0	1	1	0	0	0	0	0	0	Y	N	N	N	N	N	N	N	N	N	N	N	N	N	N	N	N	N	0.0000	0.0000	0.0000	0.0000	0.0000	0.0000	0.0000	0.0000	0.0000	0.0000	0.0000	0.0000	0.0000	0.0000	0.0000	0.0000	0.0000	0.0000	0.0000	0.0000	0.0000	0.0000	0.0000	0.0000	0.0000	0.0000	0.0000			0.0000	0.0000	0.0000	1.0058	0.0001	1.9973	0.0000	0.0000	0.0000	0.0000	0.0000	0.0000	0.0000	0.0000	0.0000	0.0000	0.0000	0.0000	0.0000	0.0000	0.0000	0.0000	0.0000	0.0000	0.0000	0.0000	0.0000	0.0000	0.0000	0.0000	0.0000	0.0000	0.0000	0.0007	0.0005	0.0002	0.0004	0.0004	0.0000	0.0003	0.0001	0.0002
48	83	0.1762	18	2	0	1	0	0	0	1	0	0	0	1	1	0	0	0	0	0	0	Y	N	N	N	N	N	N	N	N	N	N	N	N	N	N	N	N	N	0.0000	0.0000	0.0000	0.0000	0.0000	0.0000	0.0000	0.0000	0.0000	0.0000	0.0000	0.0000	0.0000	0.0000	0.0000	0.0000	0.0000	0.0000	0.0000	0.0000	0.0000	0.0000	0.0000	0.0000	0.0000	0.0000	0.0000			0.0000	0.0000	0.0000	5.0069	0.0001	6.0103	0.0000	0.0000	0.0000	0.0000	0.0000	0.0000	0.0000	0.0000	0.0000	0.0000	0.0000	0.0000	0.0000	0.0000	0.0000	0.0000	0.0000	0.0000	0.0000	0.0000	0.0000	0.0000	0.0000	0.0000	0.0000	0.0000	0.0000	0.0024	0.0018	0.0006	0.0013	0.0013	0.0001	0.0011	0.0005	0.0006
48	84	0.1698	17	2	0	1	0	0	0	1	0	1	1	1	1	0	0	0	0	0	0	Y	N	N	N	N	N	N	N	N	N	N	N	N	N	N	N	N	N	0.0000	0.0000	0.0000	0.0000	0.0000	0.0000	0.0000	0.0000	0.0000	0.0000	0.0000	0.0000	0.0000	0.0000	0.0000	0.0000	0.0000	0.0000	0.0000	0.0000	0.0000	0.0000	0.0000	0.0000	0.0000	0.0000	0.0000			0.0000	0.0000	0.0000	1.9932	0.0001	0.0278	0.0000	0.0000	0.0000	0.0000	0.0000	0.0000	0.0000	0.0000	0.0000	0.0000	0.0000	0.0000	0.0000	0.0000	0.0000	0.0000	0.0000	0.0000	0.0000	0.0000	0.0000	0.0000	0.0000	0.0000	0.0000	0.0000	0.0000	0.0005	0.0003	0.0001	0.0003	0.0002	0.0000	0.0002	0.0001	0.0001
48	91	0.1081	9	2	0	1	0	0	0	1	0	0	0	0	0	0	0	0	0	0	0	Y	N	N	N	N	N	N	N	N	N	N	N	N	N	N	N	N	N	0.0000	0.0000	0.0000	0.0000	0.0000	0.0000	0.0000	0.0000	0.0000	0.0000	0.0000	0.0000	0.0000	0.0000	0.0000	0.0000	0.0000	0.0000	0.0000	0.0000	0.0000	0.0000	0.0000	0.0000	0.0000	0.0000	0.0000		0.0000	0.0000	-0.0000	0.0000	1.5872	0.0001	4.4746	0.0000	0.0000	0.0000	0.0000	0.0000	0.0000	0.0000	0.0000	0.0000	0.0000	0.0000	0.0000	0.0000	0.0000	0.0000	0.0000	0.0000	0.0000	0.0000	0.0000	0.0000	0.0000	0.0000	0.0000	0.0000	0.0000	0.0000	0.0014	0.0010	0.0004	0.0007	0.0007	0.0000	0.0007	0.0003	0.0004
48	92	0.1828	20	2	0	1	1	0	0	1	1	0	0	1	1	0	0	0	0	0	0	Y	N	N	N	N	N	N	N	N	N	N	N	N	N	N	N	N	N	0.0000	0.0000	0.0000	0.0000	0.0000	0.0000	0.0000	0.0000	0.0000	0.0000	0.0000	0.0000	0.0000	0.0000	0.0000	0.0000	0.0000	0.0000	0.0000	0.0000	0.0000	0.0000	0.0000	0.0000	0.0000	0.0000	0.0000			0.0000	0.0000	0.0000	1.0091	0.0001	1.9972	0.0000	0.0000	0.0000	0.0000	0.0000	0.0000	0.0000	0.0000	0.0000	0.0000	0.0000	0.0000	0.0000	0.0000	0.0000	0.0000	0.0000	0.0000	0.0000	0.0000	0.0000	0.0000	0.0000	0.0000	0.0000	0.0000	0.0000	0.0006	0.0005	0.0002	0.0004	0.0003	0.0000	0.0003	0.0001	0.0002
48	93	0.1665	19	2	0	1	0	0	0	1	0	0	1	1	1	0	0	0	0	0	0	Y	N	N	N	N	N	N	N	N	N	N	N	N	N	N	N	N	N	0.0000	0.0000	0.0000	0.0000	0.0000	0.0000	0.0000	0.0000	0.0000	0.0000	0.0000	0.0000	0.0000	0.0000	0.0000	0.0000	0.0000	0.0000	0.0000	0.0000	0.0000	0.0000	0.0000	0.0000	0.0000	0.0000	0.0000			0.0000	-0.0000	0.0000	2.0083	0.0001	3.0031	0.0000	0.0000	0.0000	0.0000	0.0000	0.0000	0.0000	0.0000	0.0000	0.0000	0.0000	0.0000	0.0000	0.0000	0.0000	0.0000	0.0000	0.0000	0.0000	0.0000	0.0000	0.0000	0.0000	0.0000	0.0000	0.0000	0.0000	0.0011	0.0008	0.0003	0.0006	0.0006	0.0000	0.0005	0.0002	0.0003
48	94	0.1665	18	2	0	1	0	0	0	1	0	0	0	1	0	0	0	0	0	0	0	Y	N	N	N	N	N	N	N	N	N	N	N	N	N	N	N	N	N	0.0000	0.0000	0.0000	0.0000	0.0000	0.0000	0.0000	0.0000	0.0000	0.0000	0.0000	0.0000	0.0000	0.0000	0.0000	0.0000	0.0000	0.0000	0.0000	0.0000	0.0000	0.0000	0.0000	0.0000	0.0000	0.0000	0.0000			0.0000	-0.0000	0.0000	0.0000	0.0001	0.0002	0.0000	0.0000	0.0000	0.0000	0.0000	0.0000	0.0000	0.0000	0.0000	0.0000	0.0000	0.0000	0.0000	0.0000	0.0000	0.0000	0.0000	0.0000	0.0000	0.0000	0.0000	0.0000	0.0000	0.0000	0.0000	0.0000	0.0000	0.0000	0.0000	0.0000	0.0000	0.0000	0.0000	0.0000	0.0000	0.0000
48	95	0.1633	17	2	0	1	0	0	0	1	0	0	0	1	0	0	0	0	0	0	0	Y	N	N	N	N	N	N	N	N	N	N	N	N	N	N	N	N	N	0.0000	0.0000	0.0000	0.0000	0.0000	0.0000	0.0000	0.0000	0.0000	0.0000	0.0000	0.0000	0.0000	0.0000	0.0000	0.0000	0.0000	0.0000	0.0000	0.0000	0.0000	0.0000	0.0000	0.0000	0.0000	0.0000	0.0000			0.0000	0.0000	0.0000	1.0000	0.0001	0.0001	0.0000	0.0000	0.0000	0.0000	0.0000	0.0000	0.0000	0.0000	0.0000	0.0000	0.0000	0.0000	0.0000	0.0000	0.0000	0.0000	0.0000	0.0000	0.0000	0.0000	0.0000	0.0000	0.0000	0.0000	0.0000	0.0000	0.0000	0.0002	0.0002	0.0001	0.0001	0.0001	0.0000	0.0001	0.0000	0.0001
48	96	0.1633	16	2	0	1	0	0	0	1	0	1	0	1	0	0	0	0	0	0	0	Y	N	N	N	N	N	N	N	N	N	N	N	N	N	N	N	N	N	0.0000	0.0000	0.0000	0.0000	0.0000	0.0000	0.0000	0.0000	0.0000	0.0000	0.0000	0.0000	0.0000	0.0000	0.0000	0.0000	0.0000	0.0000	0.0000	0.0000	0.0000	0.0000	0.0000	0.0000	0.0000	0.0000	0.0000			0.0000	0.0000	0.0000	0.0000	0.0001	0.0001	0.0000	0.0000	0.0000	0.0000	0.0000	0.0000	0.0000	0.0000	0.0000	0.0000	0.0000	0.0000	0.0000	0.0000	0.0000	0.0000	0.0000	0.0000	0.0000	0.0000	0.0000	0.0000	0.0000	0.0000	0.0000	0.0000	0.0000	0.0000	0.0000	0.0000	0.0000	0.0000	0.0000	0.0000	0.0000	0.0000
48	97	0.1601	15	2	0	1	0	0	0	1	0	0	0	0	0	0	0	0	0	0	0	Y	N	N	N	N	N	N	N	N	N	N	N	N	N	N	N	N	N	0.0000	0.0000	0.0000	0.0000	0.0000	0.0000	0.0000	0.0000	0.0000	0.0000	0.0000	0.0000	0.0000	0.0000	0.0000	0.0000	0.0000	0.0000	0.0000	0.0000	0.0000	0.0000	0.0000	0.0000	0.0000	0.0000	0.0000			0.0000	0.0000	0.0000	0.9999	0.0001	0.0008	0.0000	0.0000	0.0000	0.0000	0.0000	0.0000	0.0000	0.0000	0.0000	0.0000	0.0000	0.0000	0.0000	0.0000	0.0000	0.0000	0.0000	0.0000	0.0000	0.0000	0.0000	0.0000	0.0000	0.0000	0.0000	0.0000	0.0000	0.0002	0.0002	0.0001	0.0001	0.0001	0.0000	0.0001	0.0000	0.0001
48	107	0.1633	16	2	0	1	0	0	0	1	0	0	0	0	0	0	0	0	0	0	0	Y	N	N	N	N	N	N	N	N	N	N	N	N	N	N	N	N	N	0.0000	0.0000	0.0000	0.0000	0.0000	0.0000	0.0000	0.0000	0.0000	0.0000	0.0000	0.0000	0.0000	0.0000	0.0000	0.0000	0.0000	0.0000	0.0000	0.0000	0.0000	0.0000	0.0000	0.0000	0.0000	0.0000	0.0000			0.0000	0.0000	0.0000	1.0015	0.0001	0.9989	0.0000	0.0000	0.0000	0.0000	0.0000	0.0000	0.0000	0.0000	0.0000	0.0000	0.0000	0.0000	0.0000	0.0000	0.0000	0.0000	0.0000	0.0000	0.0000	0.0000	0.0000	0.0000	0.0000	0.0000	0.0000	0.0000	0.0000	0.0005	0.0003	0.0001	0.0003	0.0002	0.0000	0.0002	0.0001	0.0001
48	108	0.1601	15	2	0	1	0	0	0	1	0	0	0	0	0	0	0	0	0	0	0	Y	N	N	N	N	N	N	N	N	N	N	N	N	N	N	N	N	N	0.0000	0.0000	0.0000	0.0000	0.0000	0.0000	0.0000	0.0000	0.0000	0.0000	0.0000	0.0000	0.0000	0.0000	0.0000	0.0000	0.0000	0.0000	0.0000	0.0000	0.0000	0.0000	0.0000	0.0000	0.0000	0.0000	0.0000			0.0000	0.0000	0.0000	1.0004	0.0001	0.0020	0.0000	0.0000	0.0000	0.0000	0.0000	0.0000	0.0000	0.0000	0.0000	0.0000	0.0000	0.0000	0.0000	0.0000	0.0000	0.0000	0.0000	0.0000	0.0000	0.0000	0.0000	0.0000	0.0000	0.0000	0.0000	0.0000	0.0000	0.0002	0.0002	0.0001	0.0001	0.0001	0.0000	0.0001	0.0000	0.0001
48	109	0.1341	14	2	0	1	0	1	0	1	0	0	0	0	0	0	0	0	0	0	0	Y	N	N	N	N	N	N	N	N	N	N	N	N	N	N	N	N	N	0.0000	0.0000	0.0000	0.0000	0.0000	0.0000	0.0000	0.0000	0.0000	0.0000	0.0000	0.0000	0.0000	0.0000	0.0000	0.0000	0.0000	0.0000	0.0000	0.0000	0.0000	0.0000	0.0000	0.0000	0.0000	0.0000	0.0000			0.0000	0.0000	0.0000	3.0035	0.0001	5.0043	0.0000	0.0000	0.0000	0.0000	0.0000	0.0000	0.0000	0.0000	0.0000	0.0000	0.0000	0.0000	0.0000	0.0000	0.0000	0.0000	0.0000	0.0000	0.0000	0.0000	0.0000	0.0000	0.0000	0.0000	0.0000	0.0000	0.0000	0.0018	0.0013	0.0005	0.0010	0.0009	0.0001	0.0008	0.0004	0.0004
48	112	0.0947	8	2	0	1	0	1	0	1	0	0	0	0	0	0	0	0	0	0	0	Y	N	N	N	N	N	N	N	N	N	N	N	N	N	N	N	N	N	0.0000	0.0000	0.0000	0.0000	0.0000	0.0000	0.0000	0.0000	0.0000	0.0000	0.0000	0.0000	0.0000	0.0000	0.0000	0.0000	0.0000	0.0000	0.0000	0.0000	0.0000	0.0000	0.0000	0.0000	0.0000	0.0000	0.0000			0.0000	0.0000	0.0000	3.0209	0.0001	2.2550	0.0000	0.0000	0.0000	0.0000	0.0000	0.0000	0.0000	0.0000	0.0000	0.0000	0.0000	0.0000	0.0000	0.0000	0.0000	0.0000	0.0000	0.0000	0.0000	0.0000	0.0000	0.0000	0.0000	0.0000	0.0000	0.0000	0.0000	0.0013	0.0009	0.0003	0.0006	0.0006	0.0000	0.0006	0.0003	0.0003
49	50	0.1891	21	2	0	1	1	0	0	0	1	0	0	1	1	0	0	0	0	0	0	Y	N	N	N	N	N	N	N	N	N	N	N	N	N	N	N	N	N	0.0000	0.0000	0.0000	0.0000	0.0000	0.0000	0.0000	0.0000	0.0000	0.0000	0.0000	0.0000	0.0000	0.0000	0.0000	0.0000	0.0000	0.0000	0.0000	0.0000	0.0000	0.0000	0.0000	0.0000	0.0000	0.0000	0.0000		0.0972	0.0000	-0.0000	1.6285	0.0001	1.0381	0.9998	0.0000	0.0000	0.0000	0.0000	0.0000	0.0000	0.0000	0.0000	0.0000	0.0000	0.0000	0.0000	0.0000	0.0000	0.0000	0.0000	0.0000	0.0000	0.0000	0.0000	0.0000	0.0000	0.0000	0.0000	0.0000	0.0000	0.0000	0.0068	0.0042	0.0025	0.0017	0.0015	0.0002	0.0051	0.0027	0.0024
49	51	0.1891	21	2	0	1	0	0	0	0	0	0	0	1	1	0	0	0	0	0	0	Y	N	N	N	N	N	N	N	N	N	N	N	N	N	N	N	N	N	0.0000	0.0000	0.0000	0.0000	0.0000	0.0000	0.0000	0.0000	0.0000	0.0000	0.0000	0.0000	0.0000	0.0000	0.0000	0.0000	0.0000	0.0000	0.0000	0.0000	0.0000	0.0000	0.0000	0.0000	0.0000	0.0000	0.0000			0.0000	0.0000	1.6285	0.0001	1.0381	1.0003	0.0000	0.0000	0.0000	0.0000	0.0000	0.0000	0.0000	0.0000	0.0000	0.0000	0.0000	0.0000	0.0000	0.0000	0.0000	0.0000	0.0000	0.0000	0.0000	0.0000	0.0000	0.0000	0.0000	0.0000	0.0000	0.0000	0.0000	0.0068	0.0042	0.0025	0.0017	0.0015	0.0002	0.0051	0.0027	0.0024
49	52	0.1859	20	2	0	1	0	0	0	1	0	0	0	1	1	0	0	0	0	0	0	Y	N	N	N	N	N	N	N	N	N	N	N	N	N	N	N	N	N	0.1703	0.2132	0.0000	0.2551	0.3374	0.0000	0.0000	0.0000	0.0000	0.0000	0.0000	0.0000	0.0000	0.0000	0.0000	0.0000	0.0000	0.0000	0.0000	0.0000	0.0000	0.0000	0.0000	0.0001	0.0000	0.0000	0.0000	0.0000	0.7662	-0.0000	-0.0000	1.6285	1.0000	1.0381	0.0042	0.0000	0.0000	0.0000	0.0000	0.0000	0.0000	0.0000	0.0000	0.0000	0.0000	0.0000	0.0000	0.0000	0.0000	0.0000	0.0000	0.0000	0.0000	0.0267	0.0236	0.0031	0.0063	0.0062	0.0001	0.0204	0.0174	0.0030	0.0067	0.0042	0.0025	0.0017	0.0015	0.0002	0.0051	0.0027	0.0024
49	53	0.1828	19	2	0	0	0	0	0	0	0	0	0	1	1	0	0	0	0	0	0	Y	N	N	N	N	N	N	N	N	N	N	N	N	N	N	N	N	N	6.2567	4.9562	0.4869	6.7474	6.7117	0.0165	0.4111	0.0198	1.5179	0.0019	0.0021	0.0000	0.0078	0.0079	0.0000	0.0000	0.0000	0.0000	0.0003	0.0004	0.0001	0.0012	0.0012	0.0009	0.0000	0.0000	0.0000	0.0026	0.1195	-0.0000	-0.0000	1.6285	0.9921	1.0381	0.0076	0.0000	0.0000	0.0000	0.0000	0.0000	0.0000	0.0000	0.0000	0.0000	0.0000	0.0000	0.0000	0.0000	0.0000	0.0000	0.0000	0.0000	0.0000	0.0266	0.0235	0.0031	0.0064	0.0062	0.0001	0.0202	0.0172	0.0030	0.0068	0.0043	0.0025	0.0017	0.0015	0.0002	0.0051	0.0027	0.0024
49	54	0.1875	17	2	0	1	0	0	0	0	0	0	0	1	0	0	0	0	0	0	0	Y	N	N	N	N	N	N	N	N	N	N	N	N	N	N	N	N	N	0.0000	0.0000	0.0000	0.0000	0.0000	0.0000	0.0000	0.0000	0.0000	0.0000	0.0000	0.0000	0.0000	0.0000	0.0000	0.0000	0.0000	0.0000	0.0000	0.0000	0.0000	0.0000	0.0000	0.0000	0.0000	0.0000	0.0000			0.0000	0.0000	1.6285	0.0000	1.0381	0.0000	0.0000	0.0000	0.0000	0.0000	0.0000	0.0000	0.0000	0.0000	0.0000	0.0000	0.0000	0.0000	0.0000	0.0000	0.0000	0.0000	0.0000	0.0000	0.0000	0.0000	0.0000	0.0000	0.0000	0.0000	0.0000	0.0000	0.0000	0.0000	0.0000	0.0000	0.0000	0.0000	0.0000	0.0000	0.0000	0.0000
49	58	0.1779	17	2	0	1	0	0	0	0	0	0	1	0	1	0	0	0	0	0	0	Y	N	N	N	N	N	N	N	N	N	N	N	N	N	N	N	N	N	1.1268	7.4659	1.5737	23.8856	12.0007	22865.6112	0.0000	0.0000	0.0000	0.0226	0.0134	0.0927	0.0953	0.0509	2.4764	0.0000	0.0000	0.0000	0.0201	0.0018	0.0589	0.0040	0.0042	0.0001	0.0269	0.0001	0.0625	0.9062	15.4238	0.0001	0.0001	1.6285	1.0033	1.0381	1.0015	0.0006	0.0003	0.0003	0.0006	0.0003	0.0003	0.0000	0.0000	0.0000	0.0003	0.0000	0.0003	0.0000	0.0000	0.0000	0.0003	0.0000	0.0003	0.0269	0.0238	0.0031	0.0064	0.0063	0.0001	0.0205	0.0175	0.0030	0.0168	0.0114	0.0054	0.0050	0.0047	0.0003	0.0118	0.0067	0.0051
49	59	0.1633	16	2	0	1	0	0	0	0	0	0	0	0	0	0	0	0	0	0	0	Y	N	N	N	N	N	N	N	N	N	N	N	N	N	N	N	N	N	0.0001	0.0000	0.0007	0.0022	0.0010	96.8164	0.0000	0.0000	0.0000	0.0000	0.0000	0.0000	0.0000	0.0000	0.0002	0.0000	0.0000	0.0000	0.0154	0.0197	0.0082	0.0030	0.0033	0.0000	0.0193	0.0283	0.0087	0.9062	0.2455	0.0000	-0.0002	1.6285	2.9984	1.0381	1.5227	0.0000	0.0000	0.0000	0.0000	0.0000	0.0000	0.0000	0.0000	0.0000	0.0005	0.0004	0.0001	0.0000	0.0000	0.0000	0.0004	0.0003	0.0001	0.0802	0.0708	0.0093	0.0178	0.0175	0.0003	0.0624	0.0533	0.0090	0.0299	0.0188	0.0111	0.0071	0.0065	0.0006	0.0228	0.0124	0.0105
49	60	0.1665	18	2	0	0	0	0	0	0	0	0	0	1	1	0	0	0	0	0	0	Y	N	N	N	N	N	N	N	N	N	N	N	N	N	N	N	N	N	0.2774	0.2204	0.0000	1.5162	1.4022	0.0000	0.0820	0.0590	0.0000	0.0140	0.0158	0.0000	0.0454	0.0461	0.0000	0.0046	0.0054	0.0000	0.0503	0.0717	0.0144	0.0299	0.0329	0.0001	0.0567	0.0922	0.0153	0.0000	0.1202	-0.0002	-0.0015	1.6285	2.0000	1.0381	7.0000	0.0007	0.0007	0.0000	0.0005	0.0005	0.0000	0.0002	0.0002	0.0000	0.0029	0.0026	0.0003	0.0004	0.0004	0.0000	0.0025	0.0022	0.0003	0.0530	0.0468	0.0062	0.0121	0.0119	0.0002	0.0409	0.0349	0.0060	0.0574	0.0360	0.0215	0.0137	0.0124	0.0012	0.0437	0.0235	0.0202
49	61	0.1665	17	2	0	0	0	0	0	0	0	0	1	1	1	0	0	0	0	0	0	Y	N	N	N	N	N	N	N	N	N	N	N	N	N	N	N	N	N	0.0000	0.0000	0.0000	0.0000	0.0000	0.0000	0.0000	0.0000	0.0000	0.0000	0.0000	0.0000	0.0000	0.0000	0.0000	0.0000	0.0000	0.0000	0.0000	0.0000	0.0000	0.0000	0.0000	0.0000	0.0000	0.0000	0.0000			0.0000	0.0000	1.6285	0.0000	1.0381	0.0000	0.0000	0.0000	0.0000	0.0000	0.0000	0.0000	0.0000	0.0000	0.0000	0.0000	0.0000	0.0000	0.0000	0.0000	0.0000	0.0000	0.0000	0.0000	0.0000	0.0000	0.0000	0.0000	0.0000	0.0000	0.0000	0.0000	0.0000	0.0000	0.0000	0.0000	0.0000	0.0000	0.0000	0.0000	0.0000	0.0000
49	62	0.1742	18	2	0	1	0	0	0	0	0	0	0	1	0	0	0	0	0	0	0	Y	N	N	N	N	N	N	N	N	N	N	N	N	N	N	N	N	N	0.0000	0.0000	0.0000	0.0003	0.0002	0.0000	0.0000	0.0000	0.0000	0.0000	0.0000	0.0000	0.0000	0.0000	0.0000	0.0000	0.0000	0.0000	0.0083	0.0083	0.0084	0.0021	0.0026	0.0000	0.0136	0.0144	0.0122	0.0000	0.3857	-0.0000	-0.0001	1.6285	0.9672	1.0381	2.9870	0.0000	0.0000	0.0000	0.0000	0.0000	0.0000	0.0000	0.0000	0.0000	0.0004	0.0003	0.0001	0.0001	0.0001	0.0000	0.0004	0.0003	0.0001	0.0281	0.0250	0.0031	0.0067	0.0067	0.0001	0.0213	0.0183	0.0030	0.0511	0.0370	0.0141	0.0237	0.0193	0.0044	0.0273	0.0177	0.0097
49	63	0.1430	17	2	0	1	0	0	0	0	0	1	0	1	0	0	0	0	0	0	0	Y	N	N	N	N	N	N	N	N	N	N	N	N	N	N	N	N	N	0.0000	0.0000	0.0000	0.0000	0.0000	0.0000	0.0000	0.0000	0.0000	0.0000	0.0000	0.0000	0.0000	0.0000	0.0000	0.0000	0.0000	0.0000	0.1523	0.2402	0.0052	0.5689	0.6189	0.0318	0.0087	0.0134	0.0036	0.0000	0.0129	-0.0000	-0.0063	1.6285	2.0363	1.0381	7.8590	0.0000	0.0000	0.0000	0.0000	0.0000	0.0000	0.0000	0.0000	0.0000	0.0103	0.0102	0.0001	0.0099	0.0098	0.0000	0.0004	0.0004	0.0001	0.0550	0.0486	0.0064	0.0121	0.0119	0.0002	0.0429	0.0367	0.0062	0.0678	0.0424	0.0253	0.0174	0.0159	0.0015	0.0504	0.0265	0.0239
49	64	0.1373	16	2	0	1	0	0	0	0	0	0	0	0	0	0	0	0	0	0	0	Y	N	N	N	N	N	N	N	N	N	N	N	N	N	N	N	N	N	0.0052	0.0037	0.0000	0.0051	0.0047	0.0000	0.0139	0.0125	0.0000	0.0001	0.0001	0.0000	0.0004	0.0004	0.0000	0.0000	0.0000	0.0000	0.0191	0.0300	0.0007	0.0759	0.0832	0.0008	0.0010	0.0013	0.0007	0.0000	0.0133	-0.0000	-0.0001	1.6285	0.0049	1.0381	1.8223	0.0000	0.0000	0.0000	0.0000	0.0000	0.0000	0.0000	0.0000	0.0000	0.0002	0.0002	0.0000	0.0002	0.0002	0.0000	0.0000	0.0000	0.0000	0.0001	0.0001	0.0000	0.0000	0.0000	0.0000	0.0001	0.0001	0.0000	0.0124	0.0078	0.0046	0.0030	0.0027	0.0003	0.0094	0.0051	0.0044
49	65	0.1665	17	2	0	1	0	0	0	0	0	0	0	0	0	0	0	0	0	0	0	Y	N	N	N	N	N	N	N	N	N	N	N	N	N	N	N	N	N	0.0620	0.2000	0.0000	1.4784	1.3928	0.0000	0.0000	0.0000	0.0000	0.0004	0.0005	0.0000	0.0020	0.0020	0.0000	0.0000	0.0000	0.0000	0.0071	0.0025	0.0150	0.0013	0.0014	0.0002	0.0090	0.0031	0.0160	0.0000	3.5267	-0.0000	0.0000	1.6285	2.0010	1.0381	3.9928	0.0000	0.0000	0.0000	0.0000	0.0000	0.0000	0.0000	0.0000	0.0000	0.0003	0.0001	0.0002	0.0000	0.0000	0.0000	0.0003	0.0000	0.0002	0.0539	0.0476	0.0063	0.0121	0.0118	0.0002	0.0418	0.0358	0.0061	0.0394	0.0248	0.0146	0.0094	0.0086	0.0008	0.0300	0.0163	0.0138
49	66	0.1633	16	2	0	1	0	0	0	0	0	0	0	0	0	0	0	0	0	0	0	Y	N	N	N	N	N	N	N	N	N	N	N	N	N	N	N	N	N	1.7725	1.8721	0.0014	0.0080	0.0074	0.0000	1.8937	1.8609	0.0013	0.0009	0.0010	0.0000	0.0000	0.0000	0.0000	0.0011	0.0013	0.0000	0.0005	0.0005	0.0004	0.0002	0.0002	0.0000	0.0006	0.0007	0.0005	0.0001	0.4813	-0.0000	-0.0000	1.6285	1.0002	1.0381	0.0173	0.0000	0.0000	0.0000	0.0000	0.0000	0.0000	0.0000	0.0000	0.0000	0.0000	0.0000	0.0000	0.0000	0.0000	0.0000	0.0000	0.0000	0.0000	0.0271	0.0240	0.0032	0.0060	0.0059	0.0001	0.0211	0.0180	0.0031	0.0069	0.0043	0.0026	0.0016	0.0015	0.0001	0.0052	0.0028	0.0024
49	67	0.1633	15	2	0	1	0	0	0	1	0	0	0	0	0	0	0	0	0	0	0	Y	N	N	N	N	N	N	N	N	N	N	N	N	N	N	N	N	N	0.0000	0.0000	0.0000	0.0000	0.0000	0.0000	0.0000	0.0000	0.0000	0.0000	0.0000	0.0000	0.0000	0.0000	0.0000	0.0000	0.0000	0.0000	0.0000	0.0000	0.0000	0.0000	0.0000	0.0000	0.0000	0.0000	0.0000			0.0000	-0.0000	1.6285	0.0001	1.0381	0.0028	0.0000	0.0000	0.0000	0.0000	0.0000	0.0000	0.0000	0.0000	0.0000	0.0000	0.0000	0.0000	0.0000	0.0000	0.0000	0.0000	0.0000	0.0000	0.0000	0.0000	0.0000	0.0000	0.0000	0.0000	0.0000	0.0000	0.0000	0.0000	0.0000	0.0000	0.0000	0.0000	0.0000	0.0000	0.0000	0.0000
49	73	0.1816	19	2	0	1	0	0	0	1	0	0	0	1	0	0	0	0	0	0	0	Y	N	N	N	N	N	N	N	N	N	N	N	N	N	N	N	N	N	0.3357	0.2493	0.0000	0.0000	0.0000	0.0000	2109.3942	inf	0.0000	0.0011	0.0012	0.0000	0.0000	0.0000	0.0000	0.0016	0.0019	0.0000	0.0032	0.0048	0.0000	0.0111	0.0121	0.0000	0.0000	0.0000	0.0000	0.0000	0.0002	-0.0000	-0.0001	1.6285	3.9579	1.0381	0.9988	0.0001	0.0001	0.0000	0.0000	0.0000	0.0000	0.0001	0.0001	0.0000	0.0001	0.0001	0.0000	0.0001	0.0001	0.0000	0.0000	0.0000	0.0000	0.1412	0.1251	0.0160	0.0476	0.0455	0.0020	0.0936	0.0796	0.0140	0.0348	0.0229	0.0119	0.0099	0.0091	0.0008	0.0249	0.0138	0.0111
49	74	0.1665	18	2	0	0	0	0	0	0	0	0	0	1	0	0	0	0	0	0	0	Y	N	N	N	N	N	N	N	N	N	N	N	N	N	N	N	N	N	1.5513	21.7947	0.0012	0.0000	0.0000	0.0000	1.5389	21.5499	0.0012	0.0022	0.0025	0.0000	0.0000	0.0000	0.0000	0.0028	0.0033	0.0000	0.0014	0.0001	0.0036	0.0000	0.0000	0.0000	0.0018	0.0002	0.0038	0.0002	18.8206	-0.0001	0.0000	1.6285	3.9277	1.0381	0.5227	0.0002	0.0002	0.0000	0.0000	0.0000	0.0000	0.0002	0.0002	0.0000	0.0000	0.0000	0.0000	0.0000	0.0000	0.0000	0.0000	0.0000	0.0000	0.1027	0.0908	0.0119	0.0234	0.0230	0.0004	0.0793	0.0678	0.0115	0.0291	0.0183	0.0109	0.0070	0.0063	0.0006	0.0222	0.0119	0.0102
49	75	0.1665	17	2	0	0	0	0	0	0	0	0	0	1	0	0	0	0	0	0	0	Y	N	N	N	N	N	N	N	N	N	N	N	N	N	N	N	N	N	0.0000	0.0000	0.0000	0.0000	0.0000	0.0000	0.0000	0.0000	0.0000	0.0000	0.0000	0.0000	0.0000	0.0000	0.0000	0.0000	0.0000	0.0000	0.0000	0.0000	0.0000	0.0000	0.0000	0.0000	0.0000	0.0000	0.0000			0.0000	0.0000	1.6285	0.0009	1.0381	0.0000	0.0000	0.0000	0.0000	0.0000	0.0000	0.0000	0.0000	0.0000	0.0000	0.0000	0.0000	0.0000	0.0000	0.0000	0.0000	0.0000	0.0000	0.0000	0.0000	0.0000	0.0000	0.0000	0.0000	0.0000	0.0000	0.0000	0.0000	0.0000	0.0000	0.0000	0.0000	0.0000	0.0000	0.0000	0.0000	0.0000
49	76	0.1633	16	2	0	0	0	0	0	0	0	0	0	1	0	0	0	0	0	0	0	Y	N	N	N	N	N	N	N	N	N	N	N	N	N	N	N	N	N	0.0000	0.0000	0.0000	0.0000	0.0000	0.0000	0.0000	0.0000	0.0000	0.0000	0.0000	0.0000	0.0000	0.0000	0.0000	0.0000	0.0000	0.0000	0.0000	0.0000	0.0000	0.0000	0.0000	0.0000	0.0000	0.0000	0.0000			0.0000	0.0000	1.6285	1.0000	1.0381	0.0000	0.0000	0.0000	0.0000	0.0000	0.0000	0.0000	0.0000	0.0000	0.0000	0.0000	0.0000	0.0000	0.0000	0.0000	0.0000	0.0000	0.0000	0.0000	0.0267	0.0236	0.0031	0.0061	0.0060	0.0001	0.0206	0.0176	0.0030	0.0067	0.0042	0.0025	0.0016	0.0015	0.0001	0.0051	0.0027	0.0024
49	77	0.1189	9	2	0	0	0	1	0	0	0	0	0	0	0	0	0	0	0	0	0	Y	N	N	N	N	N	N	N	N	N	N	N	N	N	N	N	N	N	92.5417	65.0780	335.5901	2530.1316	2387.2441	1190.4138	49.1953	30.9183	3.4951	0.1372	0.1549	0.0009	0.2825	0.2880	0.0213	0.0927	0.1081	0.0000	0.0015	0.0024	0.0000	0.0001	0.0001	0.0000	0.0019	0.0035	0.0000	0.0008	0.0007	-0.0030	-0.0000	1.6285	3.3326	1.0381	4.0108	0.0130	0.0130	0.0000	0.0063	0.0063	0.0000	0.0067	0.0067	0.0000	0.0001	0.0001	0.0000	0.0000	0.0000	0.0000	0.0001	0.0001	0.0000	0.0947	0.0838	0.0108	0.0222	0.0218	0.0005	0.0724	0.0621	0.0104	0.0482	0.0300	0.0182	0.0109	0.0099	0.0010	0.0373	0.0201	0.0172
49	78	0.1891	19	2	0	1	0	0	0	1	0	0	0	1	1	0	0	0	0	0	0	Y	N	N	N	N	N	N	N	N	N	N	N	N	N	N	N	N	N	0.0000	0.0000	0.0000	0.0000	0.0000	0.0000	0.0000	0.0000	0.0000	0.0000	0.0000	0.0000	0.0000	0.0000	0.0000	0.0000	0.0000	0.0000	0.2929	0.1466	0.5449	1.0799	0.3870	5.8690	0.0021	0.0038	0.0000		2.1588	0.0000	0.0001	1.6285	0.0000	1.0381	0.9988	0.0000	0.0000	0.0000	0.0000	0.0000	0.0000	0.0000	0.0000	0.0000	0.0020	0.0006	0.0014	0.0020	0.0006	0.0014	0.0000	0.0000	0.0000	0.0000	0.0000	0.0000	0.0000	0.0000	0.0000	0.0000	0.0000	0.0000	0.0068	0.0043	0.0025	0.0018	0.0016	0.0002	0.0049	0.0027	0.0023
49	79	0.1859	18	2	0	0	0	0	0	0	0	0	0	1	1	0	0	0	0	0	0	Y	N	N	N	N	N	N	N	N	N	N	N	N	N	N	N	N	N	0.0000	0.0000	0.0000	0.0000	0.0000	0.0000	0.0000	0.0000	0.0000	0.0000	0.0000	0.0000	0.0000	0.0000	0.0000	0.0000	0.0000	0.0000	0.0353	0.0501	0.0098	0.0101	0.0085	0.0244	0.0438	0.0735	0.0087		0.1145	-0.0000	-0.0001	1.6285	0.0001	1.0381	1.0072	0.0000	0.0000	0.0000	0.0000	0.0000	0.0000	0.0000	0.0000	0.0000	0.0002	0.0002	0.0000	0.0000	0.0000	0.0000	0.0002	0.0002	0.0000	0.0000	0.0000	0.0000	0.0000	0.0000	0.0000	0.0000	0.0000	0.0000	0.0067	0.0042	0.0025	0.0017	0.0015	0.0002	0.0050	0.0027	0.0023
49	80	0.1762	17	2	0	0	0	0	0	0	0	0	0	1	1	0	0	0	0	0	0	Y	N	N	N	N	N	N	N	N	N	N	N	N	N	N	N	N	N	7.6861	6.2668	0.0013	0.3373	0.3144	0.2606	7.9327	5.7806	0.0000	0.1641	0.1857	0.0000	0.0016	0.0016	0.0002	0.2140	0.2506	0.0000	0.0214	0.0296	0.0071	0.0047	0.0051	0.0008	0.0270	0.0433	0.0075	0.0000	0.1379	-0.0010	-0.0002	1.6285	1.0058	1.0381	1.9973	0.0045	0.0045	0.0000	0.0000	0.0000	0.0000	0.0045	0.0045	0.0000	0.0004	0.0004	0.0001	0.0000	0.0000	0.0000	0.0004	0.0003	0.0001	0.0276	0.0244	0.0032	0.0065	0.0064	0.0001	0.0211	0.0180	0.0031	0.0198	0.0125	0.0073	0.0050	0.0045	0.0005	0.0148	0.0080	0.0068
49	81	0.1373	16	2	0	1	0	0	0	0	0	0	0	0	0	0	0	0	0	0	0	Y	N	N	N	N	N	N	N	N	N	N	N	N	N	N	N	N	N	368.7268	185.1779	1930.4733	999.5107	904.0328	inf	227.9924	1.7864	1835.6904	0.0144	0.0079	0.0644	0.0326	0.0324	0.0467	0.0094	0.0001	0.0650	0.0000	0.0000	0.0000	0.0000	0.0000	0.0000	0.0000	0.0000	0.0000	1.0709	0.4666	0.0008	-0.0000	1.6285	7.0000	1.0381	2.0013	0.0026	0.0013	0.0014	0.0013	0.0013	0.0000	0.0013	0.0000	0.0013	0.0000	0.0000	0.0000	0.0000	0.0000	0.0000	0.0000	0.0000	0.0000	0.1821	0.1610	0.0211	0.0395	0.0388	0.0006	0.1426	0.1222	0.0204	0.0586	0.0367	0.0219	0.0141	0.0128	0.0013	0.0446	0.0240	0.0206
49	82	0.1373	15	2	0	1	0	1	0	1	0	0	0	0	0	0	0	0	0	0	0	Y	N	N	N	N	N	N	N	N	N	N	N	N	N	N	N	N	N	0.0000	0.0000	0.0000	0.0000	0.0000	0.0000	0.0000	0.0000	0.0000	0.0000	0.0000	0.0000	0.0000	0.0000	0.0000	0.0000	0.0000	0.0000	0.0757	0.0754	0.0764	0.1011	0.0966	0.2589	0.0585	0.0519	0.0681		0.3500	0.0000	-0.0000	1.6285	0.0005	1.0381	0.0029	0.0000	0.0000	0.0000	0.0000	0.0000	0.0000	0.0000	0.0000	0.0000	0.0000	0.0000	0.0000	0.0000	0.0000	0.0000	0.0000	0.0000	0.0000	0.0000	0.0000	0.0000	0.0000	0.0000	0.0000	0.0000	0.0000	0.0000	0.0001	0.0000	0.0000	0.0000	0.0000	0.0000	0.0000	0.0000	0.0000
49	83	0.1762	17	2	0	0	0	0	0	0	0	0	0	1	1	0	0	0	0	0	0	Y	N	N	N	N	N	N	N	N	N	N	N	N	N	N	N	N	N	1.0890	0.8800	0.1106	1.1988	1.0999	0.0000	1.0601	0.7773	0.1074	0.0397	0.0447	0.0013	0.0238	0.0242	0.0000	0.0446	0.0518	0.0014	0.0365	0.0508	0.0118	0.0198	0.0220	0.0001	0.0420	0.0667	0.0127	0.0038	0.1351	-0.0012	-0.0013	1.6285	5.0069	1.0381	6.0103	0.0053	0.0052	0.0000	0.0007	0.0007	0.0000	0.0045	0.0045	0.0000	0.0025	0.0022	0.0003	0.0003	0.0003	0.0000	0.0022	0.0019	0.0003	0.1326	0.1173	0.0153	0.0307	0.0301	0.0006	0.1019	0.0872	0.0147	0.0690	0.0436	0.0254	0.0172	0.0155	0.0018	0.0518	0.0282	0.0236
49	84	0.1698	16	2	0	0	0	0	0	0	0	1	1	1	1	0	0	0	0	0	0	Y	N	N	N	N	N	N	N	N	N	N	N	N	N	N	N	N	N	41187.4058	34193.1044	0.0023	11.7495	11.2371	0.0000	50847.1583	38583.7722	0.0024	18.4716	20.9116	0.0000	0.0046	0.0047	0.0000	23.7306	27.7620	0.0000	0.0004	0.0006	0.0002	0.0004	0.0004	0.0002	0.0005	0.0007	0.0002	0.0000	0.1560	-0.2294	-0.0000	1.6285	1.9932	1.0381	0.0278	0.9939	0.9939	0.0000	0.0001	0.0001	0.0000	0.9938	0.9938	0.0000	0.0000	0.0000	0.0000	0.0000	0.0000	0.0000	0.0000	0.0000	0.0000	0.0538	0.0475	0.0063	0.0119	0.0117	0.0002	0.0419	0.0358	0.0061	0.0138	0.0088	0.0051	0.0035	0.0032	0.0003	0.0103	0.0056	0.0047
49	85	0.1596	14	2	0	1	0	0	0	0	0	0	0	0	0	0	0	0	0	0	0	Y	N	N	N	N	N	N	N	N	N	N	N	N	N	N	N	N	N	0.0012	0.0006	0.0262	0.0017	0.0009	31.8055	0.0008	0.0006	0.0000	0.0002	0.0001	0.0005	0.0006	0.0004	0.0118	0.0001	0.0001	0.0000	0.1510	0.2223	0.0181	0.3494	0.3998	0.0004	0.0621	0.0961	0.0204	0.4323	0.0438	0.0000	-0.0139	1.6285	9.9670	1.0381	12.6920	0.0000	0.0000	0.0000	0.0000	0.0000	0.0000	0.0000	0.0000	0.0000	0.0242	0.0231	0.0010	0.0173	0.0173	0.0000	0.0069	0.0058	0.0010	0.2520	0.2232	0.0288	0.0587	0.0576	0.0012	0.1933	0.1657	0.0276	0.1600	0.1041	0.0559	0.0495	0.0432	0.0062	0.1105	0.0608	0.0496
49	86	0.1531	13	2	0	1	0	1	0	1	0	0	0	0	0	0	0	0	0	0	0	Y	N	N	N	N	N	N	N	N	N	N	N	N	N	N	N	N	N	0.0281	0.0232	0.0426	0.0357	0.0340	0.1322	0.0182	0.0143	0.0337	0.0064	0.0067	0.0032	0.0197	0.0192	0.0602	0.0005	0.0004	0.0006	0.2260	0.2887	0.0741	0.5527	0.5634	0.4553	0.0254	0.0308	0.0177	0.0512	0.1059	-0.0001	-0.0040	1.6285	1.5419	1.0381	1.3342	0.0004	0.0003	0.0000	0.0003	0.0003	0.0000	0.0000	0.0000	0.0000	0.0077	0.0070	0.0007	0.0072	0.0066	0.0006	0.0005	0.0004	0.0002	0.0566	0.0511	0.0056	0.0173	0.0171	0.0002	0.0393	0.0340	0.0053	0.0341	0.0241	0.0100	0.0130	0.0117	0.0013	0.0211	0.0124	0.0087
49	90	0.1250	9	2	0	1	0	0	0	1	0	0	0	0	0	0	0	0	0	0	0	Y	N	N	N	N	N	N	N	N	N	N	N	N	N	N	N	N	N	0.2116	0.1680	0.0000	1.5030	1.4875	0.0020	0.0000	0.0000	0.0000	0.0048	0.0054	0.0000	0.0222	0.0226	0.0000	0.0000	0.0000	0.0000	0.0227	0.0324	0.0066	0.0148	0.0152	0.0041	0.0248	0.0406	0.0066	0.0000	0.1217	-0.0002	-0.0012	1.6285	5.9354	1.0381	8.3561	0.0008	0.0008	0.0000	0.0008	0.0008	0.0000	0.0000	0.0000	0.0000	0.0023	0.0020	0.0002	0.0003	0.0003	0.0000	0.0020	0.0017	0.0002	0.1600	0.1414	0.0186	0.0346	0.0341	0.0005	0.1254	0.1074	0.0181	0.1005	0.0629	0.0376	0.0211	0.0204	0.0007	0.0794	0.0425	0.0369
49	91	0.1081	8	2	0	0	0	0	0	0	0	0	0	0	0	0	0	0	0	0	0	Y	N	N	N	N	N	N	N	N	N	N	N	N	N	N	N	N	N	0.0196	0.0568	0.0254	0.1291	0.1981	0.1221	0.0036	0.0002	0.0124	0.0001	0.0000	0.0002	0.0002	0.0002	0.0037	0.0000	0.0000	0.0001	0.0028	0.0007	0.0068	0.0017	0.0008	0.0302	0.0032	0.0006	0.0063	0.5794	5.1695	0.0000	0.0000	1.6285	1.5872	1.0381	4.4746	0.0000	0.0000	0.0000	0.0000	0.0000	0.0000	0.0000	0.0000	0.0000	0.0001	0.0000	0.0001	0.0000	0.0000	0.0000	0.0001	0.0000	0.0001	0.0433	0.0382	0.0051	0.0091	0.0090	0.0001	0.0342	0.0292	0.0050	0.0523	0.0341	0.0181	0.0133	0.0129	0.0004	0.0389	0.0212	0.0177
49	92	0.1828	19	2	0	0	1	0	0	0	1	0	0	1	1	0	0	0	0	0	0	Y	N	N	N	N	N	N	N	N	N	N	N	N	N	N	N	N	N	0.7983	0.8062	0.0001	7.8685	7.2140	0.0000	0.0000	0.0000	0.0001	0.0267	0.0302	0.0000	0.1115	0.1135	0.0000	0.0000	0.0000	0.0000	0.0334	0.0374	0.0267	0.0142	0.0157	0.0000	0.0397	0.0493	0.0286	0.0000	0.4256	-0.0002	-0.0002	1.6285	1.0091	1.0381	1.9972	0.0007	0.0007	0.0000	0.0007	0.0007	0.0000	0.0000	0.0000	0.0000	0.0007	0.0005	0.0002	0.0001	0.0001	0.0000	0.0006	0.0004	0.0002	0.0270	0.0239	0.0031	0.0065	0.0063	0.0001	0.0205	0.0175	0.0030	0.0200	0.0125	0.0075	0.0049	0.0044	0.0005	0.0151	0.0081	0.0070
49	93	0.1665	18	2	0	0	0	0	0	0	0	0	1	1	1	0	0	0	0	0	0	Y	N	N	N	N	N	N	N	N	N	N	N	N	N	N	N	N	N	8.6859	6.0929	33.2397	0.0372	0.0344	0.0000	54.6362	48.3774	32.3995	0.0030	0.0032	0.0016	0.0000	0.0000	0.0000	0.0039	0.0043	0.0017	0.0003	0.0005	0.0000	0.0012	0.0014	0.0000	0.0001	0.0001	0.0001	0.0664	0.0550	-0.0000	-0.0000	1.6285	2.0083	1.0381	3.0031	0.0002	0.0002	0.0000	0.0000	0.0000	0.0000	0.0002	0.0001	0.0000	0.0000	0.0000	0.0000	0.0000	0.0000	0.0000	0.0000	0.0000	0.0000	0.0530	0.0469	0.0062	0.0122	0.0120	0.0002	0.0408	0.0349	0.0060	0.0328	0.0205	0.0122	0.0078	0.0071	0.0007	0.0249	0.0134	0.0115
49	94	0.1665	17	2	0	0	0	0	0	0	0	0	0	1	0	0	0	0	0	0	0	Y	N	N	N	N	N	N	N	N	N	N	N	N	N	N	N	N	N	0.0000	0.0000	0.0000	0.0000	0.0000	0.0000	0.0000	0.0000	0.0000	0.0000	0.0000	0.0000	0.0000	0.0000	0.0000	0.0000	0.0000	0.0000	3.9805	3.3108	4.9900	4.7125	4.7871	0.0000	3.4453	0.0000	5.0737		1.0000	0.0000	-0.0000	1.6285	0.0000	1.0381	0.0002	0.0000	0.0000	0.0000	0.0000	0.0000	0.0000	0.0000	0.0000	0.0000	0.0000	0.0000	0.0000	0.0000	0.0000	0.0000	0.0000	0.0000	0.0000	0.0000	0.0000	0.0000	0.0000	0.0000	0.0000	0.0000	0.0000	0.0000	0.0000	0.0000	0.0000	0.0000	0.0000	0.0000	0.0000	0.0000	0.0000
49	95	0.1633	16	2	0	0	0	0	0	0	0	0	0	1	0	0	0	0	0	0	0	Y	N	N	N	N	N	N	N	N	N	N	N	N	N	N	N	N	N	0.0000	0.0000	0.0000	0.0000	0.0000	0.0000	0.0000	0.0000	0.0000	0.0000	0.0000	0.0000	0.0000	0.0000	0.0000	0.0000	0.0000	0.0000	0.0014	0.0000	0.0038	0.0000	0.0000	0.0000	0.0018	0.0000	0.0040		inf	0.0000	0.0000	1.6285	1.0000	1.0381	0.0001	0.0000	0.0000	0.0000	0.0000	0.0000	0.0000	0.0000	0.0000	0.0000	0.0000	0.0000	0.0000	0.0000	0.0000	0.0000	0.0000	0.0000	0.0000	0.0267	0.0236	0.0031	0.0061	0.0060	0.0001	0.0206	0.0176	0.0030	0.0067	0.0042	0.0025	0.0016	0.0015	0.0001	0.0051	0.0027	0.0024
49	96	0.1633	15	2	0	0	0	0	0	0	0	1	0	1	0	0	0	0	0	0	0	Y	N	N	N	N	N	N	N	N	N	N	N	N	N	N	N	N	N	0.0000	0.0000	0.0000	0.0000	0.0000	0.0000	0.0000	0.0000	0.0000	0.0000	0.0000	0.0000	0.0000	0.0000	0.0000	0.0000	0.0000	0.0000	0.0000	0.0000	0.0000	0.0000	0.0000	0.0000	0.0000	0.0000	0.0000			0.0000	0.0000	1.6285	0.0000	1.0381	0.0001	0.0000	0.0000	0.0000	0.0000	0.0000	0.0000	0.0000	0.0000	0.0000	0.0000	0.0000	0.0000	0.0000	0.0000	0.0000	0.0000	0.0000	0.0000	0.0000	0.0000	0.0000	0.0000	0.0000	0.0000	0.0000	0.0000	0.0000	0.0000	0.0000	0.0000	0.0000	0.0000	0.0000	0.0000	0.0000	0.0000
49	97	0.1601	14	2	0	0	0	0	0	0	0	0	0	0	0	0	0	0	0	0	0	Y	N	N	N	N	N	N	N	N	N	N	N	N	N	N	N	N	N	8305.2166	inf	0.0000	inf	inf	0.0000	8140.6220	inf	0.0000	0.0015	0.0017	0.0000	0.0000	0.0000	0.0000	0.0019	0.0022	0.0000	0.0000	0.0000	0.0000	0.0000	0.0000	0.0000	0.0000	0.0000	0.0000	0.0000		-0.0000	-0.0000	1.6285	0.9999	1.0381	0.0008	0.0000	0.0000	0.0000	0.0000	0.0000	0.0000	0.0000	0.0000	0.0000	0.0000	0.0000	0.0000	0.0000	0.0000	0.0000	0.0000	0.0000	0.0000	0.0271	0.0239	0.0032	0.0060	0.0059	0.0001	0.0211	0.0180	0.0031	0.0068	0.0042	0.0025	0.0016	0.0015	0.0001	0.0052	0.0028	0.0024
49	99	0.1341	14	2	0	1	0	1	0	1	0	0	0	0	0	0	0	0	0	0	0	Y	N	N	N	N	N	N	N	N	N	N	N	N	N	N	N	N	N	0.0100	0.0028	0.1253	0.0000	0.0000	0.0000	0.1067	273.1153	0.2271	0.0002	0.0001	0.0013	0.0000	0.0000	0.0000	0.0003	0.0001	0.0013	0.0228	0.0302	0.0104	0.0919	0.0919	0.0917	0.0027	0.0000	0.0059	1.9998	0.2084	0.0000	-0.0010	1.6285	5.0000	1.0381	11.0015	0.0000	0.0000	0.0000	0.0000	0.0000	0.0000	0.0000	0.0000	0.0000	0.0023	0.0019	0.0004	0.0021	0.0019	0.0002	0.0002	0.0000	0.0002	0.1315	0.1162	0.0153	0.0286	0.0281	0.0005	0.1029	0.0881	0.0148	0.0993	0.0619	0.0374	0.0223	0.0204	0.0020	0.0770	0.0416	0.0354
49	100	0.1024	8	2	0	1	0	0	0	0	0	0	0	0	0	0	0	0	0	0	0	Y	N	N	N	N	N	N	N	N	N	N	N	N	N	N	N	N	N	0.0000	0.0000	0.0000	0.0000	0.0000	0.0000	0.0000	0.0000	0.0000	0.0000	0.0000	0.0000	0.0000	0.0000	0.0000	0.0000	0.0000	0.0000	0.0452	0.0486	0.0391	0.0450	0.0468	0.0018	0.0452	0.0494	0.0401	0.0000	0.4535	-0.0000	-0.0006	1.6285	2.0003	1.0381	3.6794	0.0000	0.0000	0.0000	0.0000	0.0000	0.0000	0.0000	0.0000	0.0000	0.0018	0.0013	0.0006	0.0004	0.0004	0.0000	0.0014	0.0009	0.0006	0.0547	0.0484	0.0064	0.0124	0.0122	0.0002	0.0423	0.0362	0.0061	0.0405	0.0259	0.0146	0.0086	0.0083	0.0004	0.0319	0.0176	0.0142
49	101	0.0917	7	2	0	1	0	1	0	1	0	0	0	0	0	0	0	0	0	0	0	Y	N	N	N	N	N	N	N	N	N	N	N	N	N	N	N	N	N	0.0776	0.0649	0.0020	0.2393	0.2443	0.0126	0.0001	0.0001	0.0000	0.0081	0.0091	0.0001	0.0188	0.0193	0.0008	0.0000	0.0000	0.0000	0.1038	0.1403	0.0433	0.0785	0.0791	0.0608	0.1095	0.1647	0.0430	0.0012	0.1862	-0.0000	-0.0011	1.6285	0.0087	1.0381	3.3708	0.0000	0.0000	0.0000	0.0000	0.0000	0.0000	0.0000	0.0000	0.0000	0.0024	0.0020	0.0004	0.0003	0.0003	0.0000	0.0020	0.0017	0.0004	0.0007	0.0006	0.0001	0.0003	0.0003	0.0000	0.0004	0.0003	0.0001	0.0228	0.0142	0.0086	0.0042	0.0041	0.0002	0.0186	0.0102	0.0084
49	106	0.1698	16	2	0	1	0	0	0	1	0	0	0	0	0	0	0	0	0	0	0	Y	N	N	N	N	N	N	N	N	N	N	N	N	N	N	N	N	N	1.1943	1.2163	0.0000	12.8365	11.7531	0.0000	0.0000	0.0000	0.0000	0.0153	0.0173	0.0000	0.0691	0.0703	0.0000	0.0000	0.0000	0.0000	0.0128	0.0142	0.0104	0.0054	0.0060	0.0000	0.0153	0.0188	0.0111	0.0000	0.4254	-0.0003	-0.0002	1.6285	3.0043	1.0381	5.0032	0.0012	0.0012	0.0000	0.0012	0.0012	0.0000	0.0000	0.0000	0.0000	0.0007	0.0005	0.0002	0.0001	0.0001	0.0000	0.0006	0.0004	0.0002	0.0805	0.0711	0.0094	0.0178	0.0175	0.0003	0.0627	0.0536	0.0091	0.0523	0.0330	0.0193	0.0130	0.0117	0.0013	0.0393	0.0213	0.0180
49	107	0.1633	15	2	0	0	0	0	0	0	0	0	0	0	0	0	0	0	0	0	0	Y	N	N	N	N	N	N	N	N	N	N	N	N	N	N	N	N	N	29.5802	21.2849	0.0000	0.0016	0.0015	0.0000	949.8100	890.6985	0.0000	0.0453	0.0513	0.0000	0.0000	0.0000	0.0000	0.0582	0.0681	0.0000	0.0015	0.0024	0.0000	0.0062	0.0069	0.0000	0.0001	0.0001	0.0000	0.0000	0.0100	-0.0003	-0.0000	1.6285	1.0015	1.0381	0.9989	0.0012	0.0012	0.0000	0.0000	0.0000	0.0000	0.0012	0.0012	0.0000	0.0000	0.0000	0.0000	0.0000	0.0000	0.0000	0.0000	0.0000	0.0000	0.0272	0.0240	0.0032	0.0060	0.0059	0.0001	0.0211	0.0180	0.0031	0.0134	0.0085	0.0050	0.0032	0.0029	0.0003	0.0102	0.0056	0.0047
49	108	0.1601	14	2	0	0	0	0	0	0	0	0	0	0	0	0	0	0	0	0	0	Y	N	N	N	N	N	N	N	N	N	N	N	N	N	N	N	N	N	45.1718	40.4399	0.0000	0.1531	0.1570	0.0000	370.7082	inf	0.0000	0.0004	0.0004	0.0000	0.0000	0.0000	0.0000	0.0005	0.0006	0.0000	0.0000	0.0000	0.0000	0.0000	0.0000	0.0000	0.0000	0.0000	0.0000	0.0000	0.2588	-0.0000	-0.0000	1.6285	1.0004	1.0381	0.0020	0.0000	0.0000	0.0000	0.0000	0.0000	0.0000	0.0000	0.0000	0.0000	0.0000	0.0000	0.0000	0.0000	0.0000	0.0000	0.0000	0.0000	0.0000	0.0271	0.0239	0.0032	0.0060	0.0059	0.0001	0.0211	0.0180	0.0031	0.0068	0.0042	0.0025	0.0016	0.0015	0.0001	0.0052	0.0028	0.0024
49	109	0.1341	13	2	0	0	0	1	0	0	0	0	0	0	0	0	0	0	0	0	0	Y	N	N	N	N	N	N	N	N	N	N	N	N	N	N	N	N	N	0.5735	0.7576	0.0000	0.0000	0.0000	0.0000	0.6320	0.8108	0.0000	0.0003	0.0003	0.0000	0.0000	0.0000	0.0000	0.0003	0.0004	0.0000	0.0004	0.0004	0.0005	0.0002	0.0002	0.0002	0.0005	0.0005	0.0006	0.0000	0.8685	-0.0000	-0.0000	1.6285	3.0035	1.0381	5.0043	0.0000	0.0000	0.0000	0.0000	0.0000	0.0000	0.0000	0.0000	0.0000	0.0000	0.0000	0.0000	0.0000	0.0000	0.0000	0.0000	0.0000	0.0000	0.0801	0.0707	0.0094	0.0175	0.0172	0.0003	0.0626	0.0535	0.0091	0.0520	0.0325	0.0195	0.0118	0.0107	0.0010	0.0402	0.0217	0.0185
49	110	0.1306	9	2	0	1	0	0	0	0	0	0	0	0	0	0	0	0	0	0	0	Y	N	N	N	N	N	N	N	N	N	N	N	N	N	N	N	N	N	17.9988	13.9259	1.5638	31.8218	33.2065	6.9597	12.7949	8.8620	0.0202	0.0674	0.0761	0.0015	0.1552	0.1568	0.0529	0.0441	0.0515	0.0000	0.0037	0.0055	0.0009	0.0049	0.0047	0.0076	0.0034	0.0058	0.0007	0.0025	0.1036	-0.0028	-0.0002	1.6285	7.0195	1.0381	5.1243	0.0123	0.0122	0.0000	0.0059	0.0059	0.0000	0.0063	0.0063	0.0000	0.0003	0.0003	0.0000	0.0001	0.0001	0.0000	0.0002	0.0002	0.0000	0.1820	0.1608	0.0211	0.0382	0.0376	0.0006	0.1438	0.1232	0.0206	0.0809	0.0503	0.0306	0.0168	0.0159	0.0009	0.0640	0.0343	0.0297
49	111	0.1081	8	2	0	1	0	0	0	1	0	0	0	0	0	0	0	0	0	0	0	Y	N	N	N	N	N	N	N	N	N	N	N	N	N	N	N	N	N	4.7744	4.1265	0.0920	6.5376	6.4912	0.9215	4.1441	3.4415	0.0707	0.0116	0.0131	0.0001	0.0250	0.0254	0.0009	0.0080	0.0093	0.0001	0.0024	0.0032	0.0010	0.0038	0.0039	0.0010	0.0019	0.0027	0.0010	0.0009	0.1624	-0.0001	-0.0001	1.6285	2.0281	1.0381	3.4706	0.0006	0.0006	0.0000	0.0003	0.0003	0.0000	0.0003	0.0003	0.0000	0.0001	0.0001	0.0000	0.0000	0.0000	0.0000	0.0001	0.0001	0.0000	0.0551	0.0486	0.0065	0.0116	0.0114	0.0002	0.0435	0.0372	0.0063	0.0486	0.0320	0.0167	0.0127	0.0123	0.0004	0.0360	0.0196	0.0163
49	112	0.0947	7	2	0	0	0	1	0	0	0	0	0	0	0	0	0	0	0	0	0	Y	N	N	N	N	N	N	N	N	N	N	N	N	N	N	N	N	N	1.2622	0.0216	8.7859	0.0265	0.0281	0.0186	3.1527	0.1004	10.6023	0.0018	0.0000	0.0154	0.0001	0.0001	0.0003	0.0023	0.0000	0.0158	0.0015	0.0013	0.0018	0.0035	0.0032	0.0146	0.0007	0.0001	0.0015	72.9600	0.6821	0.0001	-0.0000	1.6285	3.0209	1.0381	2.2550	0.0002	0.0000	0.0001	0.0000	0.0000	0.0000	0.0001	0.0000	0.0001	0.0001	0.0000	0.0000	0.0000	0.0000	0.0000	0.0000	0.0000	0.0000	0.0826	0.0729	0.0097	0.0168	0.0166	0.0002	0.0658	0.0563	0.0095	0.0481	0.0319	0.0161	0.0128	0.0125	0.0003	0.0353	0.0195	0.0158
49	126	0.1671	20	2	0	1	0	0	0	0	0	0	0	0	0	0	0	0	0	0	0	Y	N	N	N	N	N	N	N	N	N	N	N	N	N	N	N	N	N	0.0001	0.0001	0.0000	0.0001	0.0001	0.0000	0.0000	0.0000	0.0000	0.0000	0.0000	0.0000	0.0000	0.0000	0.0000	0.0000	0.0000	0.0000	0.0015	0.0024	0.0000	0.0058	0.0064	0.0000	0.0000	0.0000	0.0000	0.0000	0.0013	-0.0000	-0.0000	1.6285	1.0002	1.0381	2.0058	0.0000	0.0000	0.0000	0.0000	0.0000	0.0000	0.0000	0.0000	0.0000	0.0000	0.0000	0.0000	0.0000	0.0000	0.0000	0.0000	0.0000	0.0000	0.0268	0.0237	0.0031	0.0061	0.0060	0.0001	0.0207	0.0176	0.0030	0.0198	0.0125	0.0073	0.0052	0.0047	0.0005	0.0146	0.0078	0.0068
49	133	0.1875	17	2	0	1	0	0	0	0	0	0	0	1	0	0	0	0	0	0	0	Y	N	N	N	N	N	N	N	N	N	N	N	N	N	N	N	N	N	0.0000	0.0000	0.0000	0.0000	0.0000	0.0000	0.0000	0.0000	0.0000	0.0000	0.0000	0.0000	0.0000	0.0000	0.0000	0.0000	0.0000	0.0000	0.0000	0.0000	0.0000	0.0000	0.0000	0.0000	0.0000	0.0000	0.0000			0.0000	0.0000	1.6285	0.0000	1.0381	0.0001	0.0000	0.0000	0.0000	0.0000	0.0000	0.0000	0.0000	0.0000	0.0000	0.0000	0.0000	0.0000	0.0000	0.0000	0.0000	0.0000	0.0000	0.0000	0.0000	0.0000	0.0000	0.0000	0.0000	0.0000	0.0000	0.0000	0.0000	0.0000	0.0000	0.0000	0.0000	0.0000	0.0000	0.0000	0.0000	0.0000
49	134	0.1474	16	2	0	1	0	1	0	1	0	1	0	1	0	0	0	0	0	0	0	Y	N	N	N	N	N	N	N	N	N	N	N	N	N	N	N	N	N	0.2070	0.0281	0.7333	0.0586	0.0546	0.0000	0.2139	0.0000	0.7149	0.0042	0.0001	0.0355	0.0004	0.0004	0.0000	0.0053	0.0000	0.0367	0.0204	0.0038	0.0485	0.0073	0.0080	0.0000	0.0248	0.0014	0.0513	44.0009	7.6144	0.0003	0.0004	1.6285	4.0005	1.0381	6.9251	0.0004	0.0000	0.0004	0.0000	0.0000	0.0000	0.0004	0.0000	0.0004	0.0015	0.0002	0.0013	0.0001	0.0001	0.0000	0.0013	0.0000	0.0013	0.1063	0.0940	0.0124	0.0234	0.0230	0.0004	0.0830	0.0710	0.0120	0.0721	0.0452	0.0269	0.0180	0.0165	0.0015	0.0542	0.0288	0.0254
49	135	0.1800	21	2	0	1	0	0	0	0	0	0	0	1	0	0	0	0	0	0	0	Y	N	N	N	N	N	N	N	N	N	N	N	N	N	N	N	N	N	0.0058	0.0054	0.0166	0.0088	0.0082	0.0000	0.0051	0.0000	0.0161	0.0000	0.0000	0.0000	0.0000	0.0000	0.0000	0.0000	0.0000	0.0000	0.0000	0.0000	0.0001	0.0000	0.0000	0.0000	0.0000	0.0000	0.0001	3.1429	4.3961	0.0000	0.0000	1.6285	0.9923	1.0381	0.0060	0.0000	0.0000	0.0000	0.0000	0.0000	0.0000	0.0000	0.0000	0.0000	0.0000	0.0000	0.0000	0.0000	0.0000	0.0000	0.0000	0.0000	0.0000	0.0268	0.0237	0.0031	0.0063	0.0062	0.0001	0.0205	0.0175	0.0030	0.0064	0.0041	0.0023	0.0018	0.0016	0.0002	0.0047	0.0025	0.0022
49	136	0.1671	20	2	0	1	0	0	0	0	0	1	0	1	0	0	0	0	0	0	0	Y	N	N	N	N	N	N	N	N	N	N	N	N	N	N	N	N	N	0.0578	0.1757	0.1034	0.2791	0.2577	0.0000	0.0314	0.0000	0.1001	0.0004	0.0002	0.0016	0.0008	0.0008	0.0000	0.0002	0.0000	0.0017	0.0065	0.0012	0.0155	0.0029	0.0032	0.0000	0.0077	0.0000	0.0166	0.9996	7.5133	0.0000	0.0000	1.6285	2.0106	1.0381	2.0023	0.0000	0.0000	0.0000	0.0000	0.0000	0.0000	0.0000	0.0000	0.0000	0.0002	0.0000	0.0001	0.0000	0.0000	0.0000	0.0001	0.0000	0.0001	0.0533	0.0471	0.0062	0.0122	0.0120	0.0002	0.0411	0.0351	0.0060	0.0261	0.0165	0.0096	0.0068	0.0062	0.0006	0.0193	0.0103	0.0090
49	137	0.1639	19	2	0	1	0	1	0	0	0	0	0	0	0	0	0	0	0	0	0	Y	N	N	N	N	N	N	N	N	N	N	N	N	N	N	N	N	N	2.9710	1.8552	11.2852	2.6737	2.4574	0.0000	3.4500	0.0000	10.8914	0.0002	0.0001	0.0010	0.0005	0.0005	0.0000	0.0001	0.0000	0.0010	0.0001	0.0001	0.0001	0.0002	0.0002	0.0000	0.0000	0.0000	0.0001	0.8667	0.6346	0.0000	-0.0000	1.6285	0.0008	1.0381	1.0019	0.0000	0.0000	0.0000	0.0000	0.0000	0.0000	0.0000	0.0000	0.0000	0.0000	0.0000	0.0000	0.0000	0.0000	0.0000	0.0000	0.0000	0.0000	0.0000	0.0000	0.0000	0.0000	0.0000	0.0000	0.0000	0.0000	0.0000	0.0066	0.0042	0.0025	0.0017	0.0015	0.0002	0.0049	0.0026	0.0023
50	60	0.0325	8	2	0	1	1	0	0	0	1	0	0	2	2	0	0	0	0	0	0	Y	N	N	N	Y	Y	N	N	N	N	N	N	N	N	N	N	N	N	0.0000	0.0000	0.0000	0.0000	0.0000	0.0000	0.0000	0.0000	0.0000	0.0000	0.0000	0.0000	0.0000	0.0000	0.0000	0.0000	0.0000	0.0000	0.0000	0.0000	0.0000	0.0000	0.0000	0.0000	0.0000	0.0000	0.0000			0.0000	0.0000	0.0001	2.0000	0.9998	7.0000	0.0000	0.0000	0.0000	0.0000	0.0000	0.0000	0.0000	0.0000	0.0000	0.0000	0.0000	0.0000	0.0000	0.0000	0.0000	0.0000	0.0000	0.0000	0.0000	0.0000	0.0000	0.0000	0.0000	0.0000	0.0000	0.0000	0.0000	0.0173	0.0084	0.0089	0.0003	0.0003	0.0001	0.0169	0.0081	0.0088
50	61	0.0325	7	2	0	1	1	0	0	0	1	0	1	2	2	0	0	0	0	0	0	Y	N	N	N	Y	Y	N	N	N	N	N	N	N	N	N	N	N	N	0.0000	0.0000	0.0000	0.0000	0.0000	0.0000	0.0000	0.0000	0.0000	0.0000	0.0000	0.0000	0.0000	0.0000	0.0000	0.0000	0.0000	0.0000	0.0000	0.0000	0.0000	0.0000	0.0000	0.0000	0.0000	0.0000	0.0000			0.0000	0.0000	0.0001	0.0000	0.9998	0.0000	0.0000	0.0000	0.0000	0.0000	0.0000	0.0000	0.0000	0.0000	0.0000	0.0000	0.0000	0.0000	0.0000	0.0000	0.0000	0.0000	0.0000	0.0000	0.0000	0.0000	0.0000	0.0000	0.0000	0.0000	0.0000	0.0000	0.0000	0.0000	0.0000	0.0000	0.0000	0.0000	0.0000	0.0000	0.0000	0.0000
50	68	0.1830	21	2	0	1	1	0	0	0	1	0	1	1	2	0	0	0	0	0	0	Y	N	N	N	N	Y	N	N	N	N	N	N	N	N	N	N	N	N	0.0000	0.0000	0.0000	0.0000	0.0000	0.0000	0.0000	0.0000	0.0000	0.0000	0.0000	0.0000	0.0000	0.0000	0.0000	0.0000	0.0000	0.0000	0.0000	0.0000	0.0000	0.0000	0.0000	0.0000	0.0000	0.0000	0.0000		inf	0.0000	0.0000	0.0001	1.4193	0.9998	5.2011	0.0000	0.0000	0.0000	0.0000	0.0000	0.0000	0.0000	0.0000	0.0000	0.0000	0.0000	0.0000	0.0000	0.0000	0.0000	0.0000	0.0000	0.0000	0.0000	0.0000	0.0000	0.0000	0.0000	0.0000	0.0000	0.0000	0.0000	0.0135	0.0077	0.0058	0.0026	0.0022	0.0004	0.0109	0.0055	0.0054
50	69	0.1329	20	2	0	1	1	1	0	0	1	0	0	1	1	0	0	0	0	0	0	Y	N	N	N	N	N	N	N	N	N	N	N	N	N	N	N	N	N	0.0000	0.0000	0.0000	0.0000	0.0000	0.0000	0.0000	0.0000	0.0000	0.0000	0.0000	0.0000	0.0000	0.0000	0.0000	0.0000	0.0000	0.0000	0.0004	0.0008	0.0000	0.0032	0.0039	0.0000	0.0000	0.0000	0.0000		0.0114	0.0000	-0.0000	0.0001	9.3928	0.9998	3.6523	0.0000	0.0000	0.0000	0.0000	0.0000	0.0000	0.0000	0.0000	0.0000	0.0000	0.0000	0.0000	0.0000	0.0000	0.0000	0.0000	0.0000	0.0000	0.0000	0.0000	0.0000	0.0000	0.0000	0.0000	0.0000	0.0000	0.0000	0.0242	0.0128	0.0113	0.0031	0.0025	0.0006	0.0210	0.0103	0.0107
50	74	0.0325	8	2	0	1	1	0	0	0	1	0	0	2	1	0	0	0	0	0	0	Y	N	N	N	Y	N	N	N	N	N	N	N	N	N	N	N	N	N	0.0000	0.0000	0.0000	0.0000	0.0000	0.0000	0.0000	0.0000	0.0000	0.0000	0.0000	0.0000	0.0000	0.0000	0.0000	0.0000	0.0000	0.0000	0.0000	0.0000	0.0000	0.0009	0.0011	0.0000	0.0000	0.0000	0.0000		0.0000	0.0000	-0.0000	0.0001	3.9277	0.9998	0.5227	0.0000	0.0000	0.0000	0.0000	0.0000	0.0000	0.0000	0.0000	0.0000	0.0000	0.0000	0.0000	0.0000	0.0000	0.0000	0.0000	0.0000	0.0000	0.0000	0.0000	0.0000	0.0000	0.0000	0.0000	0.0000	0.0000	0.0000	0.0087	0.0043	0.0045	0.0002	0.0001	0.0000	0.0086	0.0041	0.0045
50	75	0.0325	7	2	0	1	1	0	0	0	1	0	0	2	1	0	0	0	0	0	0	Y	N	N	N	Y	N	N	N	N	N	N	N	N	N	N	N	N	N	0.0000	0.0000	0.0000	0.0000	0.0000	0.0000	0.0000	0.0000	0.0000	0.0000	0.0000	0.0000	0.0000	0.0000	0.0000	0.0000	0.0000	0.0000	0.0000	0.0000	0.0000	0.0000	0.0000	0.0000	0.0000	0.0000	0.0000			0.0000	0.0000	0.0001	0.0009	0.9998	0.0000	0.0000	0.0000	0.0000	0.0000	0.0000	0.0000	0.0000	0.0000	0.0000	0.0000	0.0000	0.0000	0.0000	0.0000	0.0000	0.0000	0.0000	0.0000	0.0000	0.0000	0.0000	0.0000	0.0000	0.0000	0.0000	0.0000	0.0000	0.0000	0.0000	0.0000	0.0000	0.0000	0.0000	0.0000	0.0000	0.0000
50	76	0.0293	6	2	0	1	1	0	0	0	1	0	0	2	1	0	0	0	0	0	0	Y	N	N	N	Y	N	N	N	N	N	N	N	N	N	N	N	N	N	0.0000	0.0000	0.0000	0.0000	0.0000	0.0000	0.0000	0.0000	0.0000	0.0000	0.0000	0.0000	0.0000	0.0000	0.0000	0.0000	0.0000	0.0000	0.0000	0.0000	0.0000	0.0000	0.0000	0.0000	0.0000	0.0000	0.0000			0.0000	0.0000	0.0001	1.0000	0.9998	0.0000	0.0000	0.0000	0.0000	0.0000	0.0000	0.0000	0.0000	0.0000	0.0000	0.0000	0.0000	0.0000	0.0000	0.0000	0.0000	0.0000	0.0000	0.0000	0.0000	0.0000	0.0000	0.0000	0.0000	0.0000	0.0000	0.0000	0.0000	0.0020	0.0010	0.0010	0.0000	0.0000	0.0000	0.0020	0.0009	0.0010
50	77	0.0737	13	2	0	1	1	1	0	0	1	0	0	1	1	0	0	0	0	0	0	Y	N	N	N	N	N	N	N	N	N	N	N	N	N	N	N	N	N	0.0000	0.0000	0.0000	0.0000	0.0000	0.0000	0.0000	0.0000	0.0000	0.0000	0.0000	0.0000	0.0000	0.0000	0.0000	0.0000	0.0000	0.0000	0.0000	0.0000	0.0000	0.0000	0.0000	0.0000	0.0000	0.0000	0.0000			0.0000	0.0000	0.0001	3.3326	0.9998	4.0108	0.0000	0.0000	0.0000	0.0000	0.0000	0.0000	0.0000	0.0000	0.0000	0.0000	0.0000	0.0000	0.0000	0.0000	0.0000	0.0000	0.0000	0.0000	0.0000	0.0000	0.0000	0.0000	0.0000	0.0000	0.0000	0.0000	0.0000	0.0139	0.0070	0.0069	0.0004	0.0004	0.0001	0.0135	0.0066	0.0069
50	79	0.0583	12	2	0	1	1	0	0	0	1	0	0	2	2	0	0	0	0	0	0	Y	N	N	N	Y	Y	N	N	N	N	N	N	N	N	N	N	N	N	0.0000	0.0000	0.0000	0.0000	0.0000	0.0000	0.0000	0.0000	0.0000	0.0000	0.0000	0.0000	0.0000	0.0000	0.0000	0.0000	0.0000	0.0000	0.0000	0.0000	0.0000	0.0000	0.0000	0.0000	0.0000	0.0000	0.0000			0.0000	-0.0000	0.0001	0.0001	0.9998	1.0072	0.0000	0.0000	0.0000	0.0000	0.0000	0.0000	0.0000	0.0000	0.0000	0.0000	0.0000	0.0000	0.0000	0.0000	0.0000	0.0000	0.0000	0.0000	0.0000	0.0000	0.0000	0.0000	0.0000	0.0000	0.0000	0.0000	0.0000	0.0020	0.0010	0.0010	0.0001	0.0001	0.0000	0.0019	0.0009	0.0010
50	80	0.0486	11	2	0	1	1	0	0	0	1	0	0	2	2	0	0	0	0	0	0	Y	N	N	N	Y	Y	N	N	N	N	N	N	N	N	N	N	N	N	0.0000	0.0000	0.0000	0.0000	0.0000	0.0000	0.0000	0.0000	0.0000	0.0000	0.0000	0.0000	0.0000	0.0000	0.0000	0.0000	0.0000	0.0000	0.0000	0.0000	0.0000	0.0000	0.0000	0.0000	0.0000	0.0000	0.0000			0.0000	0.0000	0.0001	1.0058	0.9998	1.9973	0.0000	0.0000	0.0000	0.0000	0.0000	0.0000	0.0000	0.0000	0.0000	0.0000	0.0000	0.0000	0.0000	0.0000	0.0000	0.0000	0.0000	0.0000	0.0000	0.0000	0.0000	0.0000	0.0000	0.0000	0.0000	0.0000	0.0000	0.0059	0.0029	0.0030	0.0003	0.0002	0.0001	0.0057	0.0027	0.0029
50	83	0.0486	11	2	0	1	1	0	0	0	1	0	0	2	2	0	0	0	0	0	0	Y	N	N	N	Y	Y	N	N	N	N	N	N	N	N	N	N	N	N	0.0000	0.0000	0.0000	0.0000	0.0000	0.0000	0.0000	0.0000	0.0000	0.0000	0.0000	0.0000	0.0000	0.0000	0.0000	0.0000	0.0000	0.0000	0.0000	0.0000	0.0000	0.0000	0.0000	0.0000	0.0000	0.0000	0.0000			0.0000	0.0000	0.0001	5.0069	0.9998	6.0103	0.0000	0.0000	0.0000	0.0000	0.0000	0.0000	0.0000	0.0000	0.0000	0.0000	0.0000	0.0000	0.0000	0.0000	0.0000	0.0000	0.0000	0.0000	0.0000	0.0000	0.0000	0.0000	0.0000	0.0000	0.0000	0.0000	0.0000	0.0206	0.0102	0.0104	0.0008	0.0006	0.0002	0.0198	0.0096	0.0102
50	84	0.0422	10	2	0	1	1	0	0	0	1	1	1	2	2	0	0	0	0	0	0	Y	N	N	N	Y	Y	N	N	N	N	N	N	N	N	N	N	N	N	0.0000	0.0000	0.0000	0.0000	0.0000	0.0000	0.0000	0.0000	0.0000	0.0000	0.0000	0.0000	0.0000	0.0000	0.0000	0.0000	0.0000	0.0000	0.0000	0.0000	0.0000	0.0000	0.0000	0.0000	0.0000	0.0000	0.0000			0.0000	0.0000	0.0001	1.9932	0.9998	0.0278	0.0000	0.0000	0.0000	0.0000	0.0000	0.0000	0.0000	0.0000	0.0000	0.0000	0.0000	0.0000	0.0000	0.0000	0.0000	0.0000	0.0000	0.0000	0.0000	0.0000	0.0000	0.0000	0.0000	0.0000	0.0000	0.0000	0.0000	0.0041	0.0020	0.0021	0.0002	0.0001	0.0000	0.0039	0.0019	0.0020
50	87	0.1073	14	1	0	1	1	0	0	0	1	0	0	1	2	0	0	0	0	0	0	N	N	N	N	N	Y	N	N	N	N	N	N	N	N	N	N	N	N	0.0000	0.0000	0.0000	0.0000	0.0000	0.0000	0.0000	0.0000	0.0000	0.0000	0.0000	0.0000	0.0000	0.0000	0.0000	0.0000	0.0000	0.0000	0.0000	0.0000	0.0000	0.0000	0.0000	0.0000	0.0000	0.0000	0.0000			0.0000	0.0000	0.0001	0.9989	0.9998	0.5152	0.0000	0.0000	0.0000	0.0000	0.0000	0.0000	0.0000	0.0000	0.0000	0.0000	0.0000	0.0000	0.0000	0.0000	0.0000	0.0000	0.0000	0.0000	0.0000	0.0000	0.0000	0.0000	0.0000	0.0000	0.0000	0.0000	0.0000	0.0053	0.0033	0.0020	0.0027	0.0020	0.0007	0.0026	0.0013	0.0013
50	88	0.0779	13	1	0	1	1	0	0	0	1	0	1	1	2	0	0	0	0	0	0	N	N	N	N	N	Y	N	N	N	N	N	N	N	N	N	N	N	N	0.0000	0.0000	0.0000	0.0000	0.0000	0.0000	0.0000	0.0000	0.0000	0.0000	0.0000	0.0000	0.0000	0.0000	0.0000	0.0000	0.0000	0.0000	0.0000	0.0000	0.0000	0.0000	0.0000	0.0000	0.0000	0.0000	0.0000			0.0000	0.0000	0.0001	6.0209	0.9998	2.4875	0.0000	0.0000	0.0000	0.0000	0.0000	0.0000	0.0000	0.0000	0.0000	0.0000	0.0000	0.0000	0.0000	0.0000	0.0000	0.0000	0.0000	0.0000	0.0000	0.0000	0.0000	0.0000	0.0000	0.0000	0.0000	0.0000	0.0000	0.0185	0.0099	0.0086	0.0031	0.0024	0.0007	0.0154	0.0075	0.0079
50	91	0.1113	16	2	0	1	1	0	0	0	1	0	0	1	1	0	0	0	0	0	0	Y	N	N	N	N	N	N	N	N	N	N	N	N	N	N	N	N	N	0.0000	0.0000	0.0000	0.0000	0.0000	0.0000	0.0000	0.0000	0.0000	0.0000	0.0000	0.0000	0.0000	0.0000	0.0000	0.0000	0.0000	0.0000	0.0006	0.0010	0.0000	0.0000	0.0000	0.0000	0.0008	0.0016	0.0000		0.0000	0.0000	-0.0000	0.0001	1.5872	0.9998	4.4746	0.0000	0.0000	0.0000	0.0000	0.0000	0.0000	0.0000	0.0000	0.0000	0.0000	0.0000	0.0000	0.0000	0.0000	0.0000	0.0000	0.0000	0.0000	0.0000	0.0000	0.0000	0.0000	0.0000	0.0000	0.0000	0.0000	0.0000	0.0166	0.0096	0.0070	0.0035	0.0033	0.0003	0.0130	0.0063	0.0067
50	92	0.0098	3	2	0	1	2	0	0	0	2	0	0	2	2	0	0	0	0	0	0	Y	N	N	Y	Y	Y	N	N	N	N	N	N	N	N	N	N	N	N	0.0000	0.0000	0.0000	0.0000	0.0000	0.0000	0.0000	0.0000	0.0000	0.0000	0.0000	0.0000	0.0000	0.0000	0.0000	0.0000	0.0000	0.0000	0.0000	0.0000	0.0000	0.0000	0.0000	0.0000	0.0000	0.0000	0.0000			0.0000	0.0000	0.0001	1.0091	0.9998	1.9972	0.0000	0.0000	0.0000	0.0000	0.0000	0.0000	0.0000	0.0000	0.0000	0.0000	0.0000	0.0000	0.0000	0.0000	0.0000	0.0000	0.0000	0.0000	0.0000	0.0000	0.0000	0.0000	0.0000	0.0000	0.0000	0.0000	0.0000	0.0061	0.0029	0.0031	0.0000	0.0000	0.0000	0.0060	0.0029	0.0031
50	107	0.0357	9	2	0	1	1	0	0	0	1	0	0	1	1	0	0	0	0	0	0	Y	N	N	N	N	N	N	N	N	N	N	N	N	N	N	N	N	N	0.0000	0.0000	0.0000	0.0000	0.0000	0.0000	0.0000	0.0000	0.0000	0.0000	0.0000	0.0000	0.0000	0.0000	0.0000	0.0000	0.0000	0.0000	0.0000	0.0000	0.0000	0.0000	0.0000	0.0000	0.0000	0.0000	0.0000			0.0000	0.0000	0.0001	1.0015	0.9998	0.9989	0.0000	0.0000	0.0000	0.0000	0.0000	0.0000	0.0000	0.0000	0.0000	0.0000	0.0000	0.0000	0.0000	0.0000	0.0000	0.0000	0.0000	0.0000	0.0000	0.0000	0.0000	0.0000	0.0000	0.0000	0.0000	0.0000	0.0000	0.0040	0.0019	0.0020	0.0001	0.0001	0.0000	0.0039	0.0019	0.0020
50	108	0.0325	8	2	0	1	1	0	0	0	1	0	0	1	1	0	0	0	0	0	0	Y	N	N	N	N	N	N	N	N	N	N	N	N	N	N	N	N	N	0.0000	0.0000	0.0000	0.0000	0.0000	0.0000	0.0000	0.0000	0.0000	0.0000	0.0000	0.0000	0.0000	0.0000	0.0000	0.0000	0.0000	0.0000	0.0000	0.0000	0.0000	0.0000	0.0000	0.0000	0.0000	0.0000	0.0000			0.0000	0.0000	0.0001	1.0004	0.9998	0.0020	0.0000	0.0000	0.0000	0.0000	0.0000	0.0000	0.0000	0.0000	0.0000	0.0000	0.0000	0.0000	0.0000	0.0000	0.0000	0.0000	0.0000	0.0000	0.0000	0.0000	0.0000	0.0000	0.0000	0.0000	0.0000	0.0000	0.0000	0.0020	0.0010	0.0010	0.0000	0.0000	0.0000	0.0020	0.0009	0.0010
50	112	0.0979	15	2	0	1	1	1	0	0	1	0	0	1	1	0	0	0	0	0	0	Y	N	N	N	N	N	N	N	N	N	N	N	N	N	N	N	N	N	0.0000	0.0000	0.0000	0.0000	0.0000	0.0000	0.0000	0.0000	0.0000	0.0000	0.0000	0.0000	0.0000	0.0000	0.0000	0.0000	0.0000	0.0000	0.0000	0.0000	0.0000	0.0000	0.0000	0.0000	0.0000	0.0000	0.0000			0.0000	0.0000	0.0001	3.0209	0.9998	2.2550	0.0000	0.0000	0.0000	0.0000	0.0000	0.0000	0.0000	0.0000	0.0000	0.0000	0.0000	0.0000	0.0000	0.0000	0.0000	0.0000	0.0000	0.0000	0.0000	0.0000	0.0000	0.0000	0.0000	0.0000	0.0000	0.0000	0.0000	0.0158	0.0093	0.0065	0.0040	0.0036	0.0004	0.0118	0.0057	0.0061
50	127	0.0948	16	1	0	1	1	0	0	0	1	0	1	1	2	0	0	0	0	0	0	N	N	N	N	N	Y	N	N	N	N	N	N	N	N	N	N	N	N	0.0000	0.0000	0.0000	0.0000	0.0000	0.0000	0.0000	0.0000	0.0000	0.0000	0.0000	0.0000	0.0000	0.0000	0.0000	0.0000	0.0000	0.0000	0.0000	0.0000	0.0000	0.0000	0.0000	0.0000	0.0000	0.0000	0.0000			0.0000	0.0000	0.0001	1.0000	0.9998	2.0000	0.0000	0.0000	0.0000	0.0000	0.0000	0.0000	0.0000	0.0000	0.0000	0.0000	0.0000	0.0000	0.0000	0.0000	0.0000	0.0000	0.0000	0.0000	0.0000	0.0000	0.0000	0.0000	0.0000	0.0000	0.0000	0.0000	0.0000	0.0058	0.0029	0.0029	0.0003	0.0002	0.0001	0.0055	0.0027	0.0028
50	128	0.0948	15	1	0	1	1	0	0	0	1	0	1	1	2	0	0	0	0	0	0	N	N	N	N	N	Y	N	N	N	N	N	N	N	N	N	N	N	N	0.0000	0.0000	0.0000	0.0000	0.0000	0.0000	0.0000	0.0000	0.0000	0.0000	0.0000	0.0000	0.0000	0.0000	0.0000	0.0000	0.0000	0.0000	0.0000	0.0000	0.0000	0.0000	0.0000	0.0000	0.0000	0.0000	0.0000			0.0000	0.0000	0.0001	3.0000	0.9998	2.0000	0.0000	0.0000	0.0000	0.0000	0.0000	0.0000	0.0000	0.0000	0.0000	0.0000	0.0000	0.0000	0.0000	0.0000	0.0000	0.0000	0.0000	0.0000	0.0000	0.0000	0.0000	0.0000	0.0000	0.0000	0.0000	0.0000	0.0000	0.0095	0.0048	0.0048	0.0004	0.0003	0.0001	0.0091	0.0044	0.0047
50	129	0.0980	17	1	0	1	1	0	0	0	1	0	1	1	2	0	0	0	0	0	0	N	N	N	N	N	Y	N	N	N	N	N	N	N	N	N	N	N	N	0.0000	0.0000	0.0000	0.0000	0.0000	0.0000	0.0000	0.0000	0.0000	0.0000	0.0000	0.0000	0.0000	0.0000	0.0000	0.0000	0.0000	0.0000	0.0000	0.0000	0.0000	0.0000	0.0000	0.0000	0.0000	0.0000	0.0000			0.0000	0.0000	0.0001	2.0004	0.9998	1.0045	0.0000	0.0000	0.0000	0.0000	0.0000	0.0000	0.0000	0.0000	0.0000	0.0000	0.0000	0.0000	0.0000	0.0000	0.0000	0.0000	0.0000	0.0000	0.0000	0.0000	0.0000	0.0000	0.0000	0.0000	0.0000	0.0000	0.0000	0.0058	0.0029	0.0029	0.0003	0.0002	0.0001	0.0055	0.0027	0.0028
51	60	0.0324	8	2	0	1	0	0	0	0	0	0	0	2	2	0	0	0	0	0	0	Y	N	N	N	Y	Y	N	N	N	N	N	N	N	N	N	N	N	N	0.0000	0.0000	0.0000	0.0000	0.0000	0.0000	0.0000	0.0000	0.0000	0.0000	0.0000	0.0000	0.0000	0.0000	0.0000	0.0000	0.0000	0.0000	0.0000	0.0000	0.0000	0.0000	0.0000	0.0000	0.0000	0.0000	0.0000			0.0000	0.0000	0.0001	2.0000	1.0003	7.0000	0.0000	0.0000	0.0000	0.0000	0.0000	0.0000	0.0000	0.0000	0.0000	0.0000	0.0000	0.0000	0.0000	0.0000	0.0000	0.0000	0.0000	0.0000	0.0000	0.0000	0.0000	0.0000	0.0000	0.0000	0.0000	0.0000	0.0000	0.0173	0.0084	0.0089	0.0003	0.0003	0.0001	0.0169	0.0081	0.0088
51	61	0.0324	7	2	0	1	0	0	0	0	0	0	1	2	2	0	0	0	0	0	0	Y	N	N	N	Y	Y	N	N	N	N	N	N	N	N	N	N	N	N	0.0000	0.0000	0.0000	0.0000	0.0000	0.0000	0.0000	0.0000	0.0000	0.0000	0.0000	0.0000	0.0000	0.0000	0.0000	0.0000	0.0000	0.0000	0.0000	0.0000	0.0000	0.0000	0.0000	0.0000	0.0000	0.0000	0.0000			0.0000	0.0000	0.0001	0.0000	1.0003	0.0000	0.0000	0.0000	0.0000	0.0000	0.0000	0.0000	0.0000	0.0000	0.0000	0.0000	0.0000	0.0000	0.0000	0.0000	0.0000	0.0000	0.0000	0.0000	0.0000	0.0000	0.0000	0.0000	0.0000	0.0000	0.0000	0.0000	0.0000	0.0000	0.0000	0.0000	0.0000	0.0000	0.0000	0.0000	0.0000	0.0000
51	68	0.1829	21	2	0	1	0	0	0	0	0	0	1	1	2	0	0	0	0	0	0	Y	N	N	N	N	Y	N	N	N	N	N	N	N	N	N	N	N	N	0.0000	0.0000	0.0000	0.0000	0.0000	0.0000	0.0000	0.0000	0.0000	0.0000	0.0000	0.0000	0.0000	0.0000	0.0000	0.0000	0.0000	0.0000	0.0000	0.0000	0.0000	0.0000	0.0000	0.0000	0.0000	0.0000	0.0000			0.0000	0.0000	0.0001	1.4193	1.0003	5.2011	0.0000	0.0000	0.0000	0.0000	0.0000	0.0000	0.0000	0.0000	0.0000	0.0000	0.0000	0.0000	0.0000	0.0000	0.0000	0.0000	0.0000	0.0000	0.0000	0.0000	0.0000	0.0000	0.0000	0.0000	0.0000	0.0000	0.0000	0.0135	0.0077	0.0058	0.0026	0.0022	0.0004	0.0109	0.0055	0.0054
51	69	0.1328	20	2	0	1	0	1	0	0	0	0	0	1	1	0	0	0	0	0	0	Y	N	N	N	N	N	N	N	N	N	N	N	N	N	N	N	N	N	0.0000	0.0000	0.0000	0.0000	0.0000	0.0000	0.0000	0.0000	0.0000	0.0000	0.0000	0.0000	0.0000	0.0000	0.0000	0.0000	0.0000	0.0000	0.0025	0.0047	0.0000	0.0191	0.0237	0.0000	0.0000	0.0000	0.0000		0.0003	0.0000	-0.0000	0.0001	9.3928	1.0003	3.6523	0.0000	0.0000	0.0000	0.0000	0.0000	0.0000	0.0000	0.0000	0.0000	0.0001	0.0001	0.0000	0.0001	0.0001	0.0000	0.0000	0.0000	0.0000	0.0000	0.0000	0.0000	0.0000	0.0000	0.0000	0.0000	0.0000	0.0000	0.0242	0.0128	0.0113	0.0031	0.0025	0.0006	0.0210	0.0103	0.0107
51	74	0.0324	8	2	0	1	0	0	0	0	0	0	0	2	1	0	0	0	0	0	0	Y	N	N	N	Y	N	N	N	N	N	N	N	N	N	N	N	N	N	0.0000	0.0000	0.0000	0.0000	0.0000	0.0000	0.0000	0.0000	0.0000	0.0000	0.0000	0.0000	0.0000	0.0000	0.0000	0.0000	0.0000	0.0000	0.0103	0.0047	0.0155	0.0000	0.0000	0.0000	0.0105	0.0048	0.0157		3.5000	0.0000	0.0000	0.0001	3.9277	1.0003	0.5227	0.0000	0.0000	0.0000	0.0000	0.0000	0.0000	0.0000	0.0000	0.0000	0.0001	0.0000	0.0001	0.0000	0.0000	0.0000	0.0001	0.0000	0.0001	0.0000	0.0000	0.0000	0.0000	0.0000	0.0000	0.0000	0.0000	0.0000	0.0088	0.0043	0.0045	0.0002	0.0001	0.0000	0.0086	0.0041	0.0045
51	75	0.0324	7	2	0	1	0	0	0	0	0	0	0	2	1	0	0	0	0	0	0	Y	N	N	N	Y	N	N	N	N	N	N	N	N	N	N	N	N	N	0.0000	0.0000	0.0000	0.0000	0.0000	0.0000	0.0000	0.0000	0.0000	0.0000	0.0000	0.0000	0.0000	0.0000	0.0000	0.0000	0.0000	0.0000	0.0000	0.0000	0.0000	0.0000	0.0000	0.0000	0.0000	0.0000	0.0000			0.0000	0.0000	0.0001	0.0009	1.0003	0.0000	0.0000	0.0000	0.0000	0.0000	0.0000	0.0000	0.0000	0.0000	0.0000	0.0000	0.0000	0.0000	0.0000	0.0000	0.0000	0.0000	0.0000	0.0000	0.0000	0.0000	0.0000	0.0000	0.0000	0.0000	0.0000	0.0000	0.0000	0.0000	0.0000	0.0000	0.0000	0.0000	0.0000	0.0000	0.0000	0.0000
51	76	0.0292	6	2	0	1	0	0	0	0	0	0	0	2	1	0	0	0	0	0	0	Y	N	N	N	Y	N	N	N	N	N	N	N	N	N	N	N	N	N	0.0000	0.0000	0.0000	0.0000	0.0000	0.0000	0.0000	0.0000	0.0000	0.0000	0.0000	0.0000	0.0000	0.0000	0.0000	0.0000	0.0000	0.0000	0.0000	0.0000	0.0000	0.0000	0.0000	0.0000	0.0000	0.0000	0.0000			0.0000	0.0000	0.0001	1.0000	1.0003	0.0000	0.0000	0.0000	0.0000	0.0000	0.0000	0.0000	0.0000	0.0000	0.0000	0.0000	0.0000	0.0000	0.0000	0.0000	0.0000	0.0000	0.0000	0.0000	0.0000	0.0000	0.0000	0.0000	0.0000	0.0000	0.0000	0.0000	0.0000	0.0020	0.0010	0.0010	0.0000	0.0000	0.0000	0.0020	0.0009	0.0010
51	77	0.0736	13	2	0	1	0	1	0	0	0	0	0	1	1	0	0	0	0	0	0	Y	N	N	N	N	N	N	N	N	N	N	N	N	N	N	N	N	N	0.0000	0.0000	0.0000	0.0000	0.0000	0.0000	0.0000	0.0000	0.0000	0.0000	0.0000	0.0000	0.0000	0.0000	0.0000	0.0000	0.0000	0.0000	0.0000	0.0000	0.0000	0.0000	0.0000	0.0000	0.0000	0.0000	0.0000			0.0000	0.0000	0.0001	3.3326	1.0003	4.0108	0.0000	0.0000	0.0000	0.0000	0.0000	0.0000	0.0000	0.0000	0.0000	0.0000	0.0000	0.0000	0.0000	0.0000	0.0000	0.0000	0.0000	0.0000	0.0000	0.0000	0.0000	0.0000	0.0000	0.0000	0.0000	0.0000	0.0000	0.0139	0.0070	0.0069	0.0004	0.0004	0.0001	0.0135	0.0066	0.0069
51	79	0.0582	12	2	0	1	0	0	0	0	0	0	0	2	2	0	0	0	0	0	0	Y	N	N	N	Y	Y	N	N	N	N	N	N	N	N	N	N	N	N	0.0000	0.0000	0.0000	0.0000	0.0000	0.0000	0.0000	0.0000	0.0000	0.0000	0.0000	0.0000	0.0000	0.0000	0.0000	0.0000	0.0000	0.0000	0.0000	0.0000	0.0000	0.0000	0.0000	0.0000	0.0000	0.0000	0.0000			0.0000	0.0000	0.0001	0.0001	1.0003	1.0072	0.0000	0.0000	0.0000	0.0000	0.0000	0.0000	0.0000	0.0000	0.0000	0.0000	0.0000	0.0000	0.0000	0.0000	0.0000	0.0000	0.0000	0.0000	0.0000	0.0000	0.0000	0.0000	0.0000	0.0000	0.0000	0.0000	0.0000	0.0020	0.0010	0.0010	0.0001	0.0001	0.0000	0.0019	0.0009	0.0010
51	80	0.0485	11	2	0	1	0	0	0	0	0	0	0	2	2	0	0	0	0	0	0	Y	N	N	N	Y	Y	N	N	N	N	N	N	N	N	N	N	N	N	0.0000	0.0000	0.0000	0.0000	0.0000	0.0000	0.0000	0.0000	0.0000	0.0000	0.0000	0.0000	0.0000	0.0000	0.0000	0.0000	0.0000	0.0000	0.0000	0.0000	0.0000	0.0000	0.0000	0.0000	0.0000	0.0000	0.0000			0.0000	0.0000	0.0001	1.0058	1.0003	1.9973	0.0000	0.0000	0.0000	0.0000	0.0000	0.0000	0.0000	0.0000	0.0000	0.0000	0.0000	0.0000	0.0000	0.0000	0.0000	0.0000	0.0000	0.0000	0.0000	0.0000	0.0000	0.0000	0.0000	0.0000	0.0000	0.0000	0.0000	0.0059	0.0029	0.0030	0.0003	0.0002	0.0001	0.0057	0.0027	0.0029
51	83	0.0485	11	2	0	1	0	0	0	0	0	0	0	2	2	0	0	0	0	0	0	Y	N	N	N	Y	Y	N	N	N	N	N	N	N	N	N	N	N	N	0.0000	0.0000	0.0000	0.0000	0.0000	0.0000	0.0000	0.0000	0.0000	0.0000	0.0000	0.0000	0.0000	0.0000	0.0000	0.0000	0.0000	0.0000	0.0000	0.0000	0.0000	0.0000	0.0000	0.0000	0.0000	0.0000	0.0000			0.0000	0.0000	0.0001	5.0069	1.0003	6.0103	0.0000	0.0000	0.0000	0.0000	0.0000	0.0000	0.0000	0.0000	0.0000	0.0000	0.0000	0.0000	0.0000	0.0000	0.0000	0.0000	0.0000	0.0000	0.0000	0.0000	0.0000	0.0000	0.0000	0.0000	0.0000	0.0000	0.0000	0.0206	0.0102	0.0104	0.0008	0.0006	0.0002	0.0198	0.0096	0.0102
51	84	0.0421	10	2	0	1	0	0	0	0	0	1	1	2	2	0	0	0	0	0	0	Y	N	N	N	Y	Y	N	N	N	N	N	N	N	N	N	N	N	N	0.0000	0.0000	0.0000	0.0000	0.0000	0.0000	0.0000	0.0000	0.0000	0.0000	0.0000	0.0000	0.0000	0.0000	0.0000	0.0000	0.0000	0.0000	0.0000	0.0000	0.0000	0.0000	0.0000	0.0000	0.0000	0.0000	0.0000			0.0000	0.0000	0.0001	1.9932	1.0003	0.0278	0.0000	0.0000	0.0000	0.0000	0.0000	0.0000	0.0000	0.0000	0.0000	0.0000	0.0000	0.0000	0.0000	0.0000	0.0000	0.0000	0.0000	0.0000	0.0000	0.0000	0.0000	0.0000	0.0000	0.0000	0.0000	0.0000	0.0000	0.0041	0.0020	0.0021	0.0002	0.0001	0.0000	0.0039	0.0019	0.0020
51	87	0.1072	14	1	0	1	0	0	0	0	0	0	0	1	2	0	0	0	0	0	0	N	N	N	N	N	Y	N	N	N	N	N	N	N	N	N	N	N	N	0.0000	0.0000	0.0000	0.0000	0.0000	0.0000	0.0000	0.0000	0.0000	0.0000	0.0000	0.0000	0.0000	0.0000	0.0000	0.0000	0.0000	0.0000	0.0000	0.0000	0.0000	0.0000	0.0000	0.0000	0.0000	0.0000	0.0000			0.0000	0.0000	0.0001	0.9989	1.0003	0.5152	0.0000	0.0000	0.0000	0.0000	0.0000	0.0000	0.0000	0.0000	0.0000	0.0000	0.0000	0.0000	0.0000	0.0000	0.0000	0.0000	0.0000	0.0000	0.0000	0.0000	0.0000	0.0000	0.0000	0.0000	0.0000	0.0000	0.0000	0.0053	0.0033	0.0020	0.0027	0.0020	0.0007	0.0026	0.0013	0.0013
51	88	0.0778	13	1	0	1	0	0	0	0	0	0	1	1	2	0	0	0	0	0	0	N	N	N	N	N	Y	N	N	N	N	N	N	N	N	N	N	N	N	0.0000	0.0000	0.0000	0.0000	0.0000	0.0000	0.0000	0.0000	0.0000	0.0000	0.0000	0.0000	0.0000	0.0000	0.0000	0.0000	0.0000	0.0000	0.0000	0.0000	0.0000	0.0000	0.0000	0.0000	0.0000	0.0000	0.0000			0.0000	0.0000	0.0001	6.0209	1.0003	2.4875	0.0000	0.0000	0.0000	0.0000	0.0000	0.0000	0.0000	0.0000	0.0000	0.0000	0.0000	0.0000	0.0000	0.0000	0.0000	0.0000	0.0000	0.0000	0.0000	0.0000	0.0000	0.0000	0.0000	0.0000	0.0000	0.0000	0.0000	0.0185	0.0099	0.0086	0.0031	0.0024	0.0007	0.0154	0.0075	0.0079
51	91	0.1112	16	2	0	1	0	0	0	0	0	0	0	1	1	0	0	0	0	0	0	Y	N	N	N	N	N	N	N	N	N	N	N	N	N	N	N	N	N	0.0000	0.0000	0.0000	0.0000	0.0000	0.0000	0.0000	0.0000	0.0000	0.0000	0.0000	0.0000	0.0000	0.0000	0.0000	0.0000	0.0000	0.0000	0.0006	0.0000	0.0014	0.0000	0.0000	0.0000	0.0008	0.0000	0.0015		213.3444	0.0000	0.0000	0.0001	1.5872	1.0003	4.4746	0.0000	0.0000	0.0000	0.0000	0.0000	0.0000	0.0000	0.0000	0.0000	0.0000	0.0000	0.0000	0.0000	0.0000	0.0000	0.0000	0.0000	0.0000	0.0000	0.0000	0.0000	0.0000	0.0000	0.0000	0.0000	0.0000	0.0000	0.0166	0.0096	0.0070	0.0035	0.0033	0.0003	0.0130	0.0063	0.0068
51	92	0.0097	3	2	0	1	1	0	0	0	1	0	0	2	2	0	0	0	0	0	0	Y	N	N	N	Y	Y	N	N	N	N	N	N	N	N	N	N	N	N	0.0000	0.0000	0.0000	0.0000	0.0000	0.0000	0.0000	0.0000	0.0000	0.0000	0.0000	0.0000	0.0000	0.0000	0.0000	0.0000	0.0000	0.0000	0.0000	0.0000	0.0000	0.0000	0.0000	0.0000	0.0000	0.0000	0.0000			0.0000	0.0000	0.0001	1.0091	1.0003	1.9972	0.0000	0.0000	0.0000	0.0000	0.0000	0.0000	0.0000	0.0000	0.0000	0.0000	0.0000	0.0000	0.0000	0.0000	0.0000	0.0000	0.0000	0.0000	0.0000	0.0000	0.0000	0.0000	0.0000	0.0000	0.0000	0.0000	0.0000	0.0061	0.0029	0.0031	0.0000	0.0000	0.0000	0.0060	0.0029	0.0031
51	107	0.0356	9	2	0	1	0	0	0	0	0	0	0	1	1	0	0	0	0	0	0	Y	N	N	N	N	N	N	N	N	N	N	N	N	N	N	N	N	N	0.0000	0.0000	0.0000	0.0000	0.0000	0.0000	0.0000	0.0000	0.0000	0.0000	0.0000	0.0000	0.0000	0.0000	0.0000	0.0000	0.0000	0.0000	0.0000	0.0000	0.0000	0.0000	0.0000	0.0000	0.0000	0.0000	0.0000			0.0000	0.0000	0.0001	1.0015	1.0003	0.9989	0.0000	0.0000	0.0000	0.0000	0.0000	0.0000	0.0000	0.0000	0.0000	0.0000	0.0000	0.0000	0.0000	0.0000	0.0000	0.0000	0.0000	0.0000	0.0000	0.0000	0.0000	0.0000	0.0000	0.0000	0.0000	0.0000	0.0000	0.0040	0.0019	0.0020	0.0001	0.0001	0.0000	0.0039	0.0019	0.0020
51	108	0.0324	8	2	0	1	0	0	0	0	0	0	0	1	1	0	0	0	0	0	0	Y	N	N	N	N	N	N	N	N	N	N	N	N	N	N	N	N	N	0.0000	0.0000	0.0000	0.0000	0.0000	0.0000	0.0000	0.0000	0.0000	0.0000	0.0000	0.0000	0.0000	0.0000	0.0000	0.0000	0.0000	0.0000	0.0000	0.0000	0.0000	0.0000	0.0000	0.0000	0.0000	0.0000	0.0000			0.0000	0.0000	0.0001	1.0004	1.0003	0.0020	0.0000	0.0000	0.0000	0.0000	0.0000	0.0000	0.0000	0.0000	0.0000	0.0000	0.0000	0.0000	0.0000	0.0000	0.0000	0.0000	0.0000	0.0000	0.0000	0.0000	0.0000	0.0000	0.0000	0.0000	0.0000	0.0000	0.0000	0.0020	0.0010	0.0010	0.0000	0.0000	0.0000	0.0020	0.0009	0.0010
51	112	0.0978	15	2	0	1	0	1	0	0	0	0	0	1	1	0	0	0	0	0	0	Y	N	N	N	N	N	N	N	N	N	N	N	N	N	N	N	N	N	0.0000	0.0000	0.0000	0.0000	0.0000	0.0000	0.0000	0.0000	0.0000	0.0000	0.0000	0.0000	0.0000	0.0000	0.0000	0.0000	0.0000	0.0000	0.0000	0.0000	0.0000	0.0000	0.0000	0.0000	0.0000	0.0000	0.0000			0.0000	-0.0000	0.0001	3.0209	1.0003	2.2550	0.0000	0.0000	0.0000	0.0000	0.0000	0.0000	0.0000	0.0000	0.0000	0.0000	0.0000	0.0000	0.0000	0.0000	0.0000	0.0000	0.0000	0.0000	0.0000	0.0000	0.0000	0.0000	0.0000	0.0000	0.0000	0.0000	0.0000	0.0158	0.0093	0.0065	0.0040	0.0036	0.0004	0.0118	0.0057	0.0061
51	127	0.0947	16	1	0	1	0	0	0	0	0	0	1	1	2	0	0	0	0	0	0	N	N	N	N	N	Y	N	N	N	N	N	N	N	N	N	N	N	N	0.0000	0.0000	0.0000	0.0000	0.0000	0.0000	0.0000	0.0000	0.0000	0.0000	0.0000	0.0000	0.0000	0.0000	0.0000	0.0000	0.0000	0.0000	0.0000	0.0000	0.0000	0.0000	0.0000	0.0000	0.0000	0.0000	0.0000			0.0000	0.0000	0.0001	1.0000	1.0003	2.0000	0.0000	0.0000	0.0000	0.0000	0.0000	0.0000	0.0000	0.0000	0.0000	0.0000	0.0000	0.0000	0.0000	0.0000	0.0000	0.0000	0.0000	0.0000	0.0000	0.0000	0.0000	0.0000	0.0000	0.0000	0.0000	0.0000	0.0000	0.0058	0.0029	0.0029	0.0003	0.0002	0.0001	0.0055	0.0027	0.0028
51	128	0.0947	15	1	0	1	0	0	0	0	0	0	1	1	2	0	0	0	0	0	0	N	N	N	N	N	Y	N	N	N	N	N	N	N	N	N	N	N	N	0.0000	0.0000	0.0000	0.0000	0.0000	0.0000	0.0000	0.0000	0.0000	0.0000	0.0000	0.0000	0.0000	0.0000	0.0000	0.0000	0.0000	0.0000	0.0000	0.0000	0.0000	0.0000	0.0000	0.0000	0.0000	0.0000	0.0000			0.0000	0.0000	0.0001	3.0000	1.0003	2.0000	0.0000	0.0000	0.0000	0.0000	0.0000	0.0000	0.0000	0.0000	0.0000	0.0000	0.0000	0.0000	0.0000	0.0000	0.0000	0.0000	0.0000	0.0000	0.0000	0.0000	0.0000	0.0000	0.0000	0.0000	0.0000	0.0000	0.0000	0.0096	0.0048	0.0048	0.0004	0.0003	0.0001	0.0091	0.0044	0.0047
51	129	0.0979	17	1	0	1	0	0	0	0	0	0	1	1	2	0	0	0	0	0	0	N	N	N	N	N	Y	N	N	N	N	N	N	N	N	N	N	N	N	0.0000	0.0000	0.0000	0.0000	0.0000	0.0000	0.0000	0.0000	0.0000	0.0000	0.0000	0.0000	0.0000	0.0000	0.0000	0.0000	0.0000	0.0000	0.0034	0.0069	0.0000	0.0743	0.0959	0.0000	0.0000	0.0000	0.0000		0.0000	0.0000	-0.0000	0.0001	2.0004	1.0003	1.0045	0.0000	0.0000	0.0000	0.0000	0.0000	0.0000	0.0000	0.0000	0.0000	0.0000	0.0000	0.0000	0.0000	0.0000	0.0000	0.0000	0.0000	0.0000	0.0000	0.0000	0.0000	0.0000	0.0000	0.0000	0.0000	0.0000	0.0000	0.0058	0.0029	0.0029	0.0003	0.0002	0.0001	0.0055	0.0027	0.0028
52	60	0.0291	7	2	0	1	0	0	0	1	0	0	0	2	2	0	0	0	0	0	0	Y	N	N	N	Y	Y	N	N	N	N	N	N	N	N	N	N	N	N	0.0000	0.0000	0.0000	0.0000	0.0000	0.0000	0.0000	0.0000	0.0000	0.0000	0.0000	0.0000	0.0000	0.0000	0.0000	0.0000	0.0000	0.0000	0.0000	0.0000	0.0000	0.0000	0.0000	0.0000	0.0000	0.0000	0.0000			0.0000	0.0000	1.0000	2.0000	0.0042	7.0000	0.0000	0.0000	0.0000	0.0000	0.0000	0.0000	0.0000	0.0000	0.0000	0.0000	0.0000	0.0000	0.0000	0.0000	0.0000	0.0000	0.0000	0.0000	0.0233	0.0204	0.0029	0.0004	0.0004	0.0000	0.0229	0.0199	0.0029	0.0172	0.0083	0.0089	0.0003	0.0002	0.0001	0.0169	0.0082	0.0088
52	61	0.0291	6	2	0	1	0	0	0	1	0	0	1	2	2	0	0	0	0	0	0	Y	N	N	N	Y	Y	N	N	N	N	N	N	N	N	N	N	N	N	0.0000	0.0000	0.0000	0.0000	0.0000	0.0000	0.0000	0.0000	0.0000	0.0000	0.0000	0.0000	0.0000	0.0000	0.0000	0.0000	0.0000	0.0000	0.0000	0.0000	0.0000	0.0000	0.0000	0.0000	0.0000	0.0000	0.0000			0.0000	0.0000	1.0000	0.0000	0.0042	0.0000	0.0000	0.0000	0.0000	0.0000	0.0000	0.0000	0.0000	0.0000	0.0000	0.0000	0.0000	0.0000	0.0000	0.0000	0.0000	0.0000	0.0000	0.0000	0.0000	0.0000	0.0000	0.0000	0.0000	0.0000	0.0000	0.0000	0.0000	0.0000	0.0000	0.0000	0.0000	0.0000	0.0000	0.0000	0.0000	0.0000
52	68	0.1796	20	2	0	1	0	0	0	1	0	0	1	1	2	0	0	0	0	0	0	Y	N	N	N	N	Y	N	N	N	N	N	N	N	N	N	N	N	N	1.3186	6.1220	0.0000	1.1190	6.1863	0.0000	0.0000	0.0000	0.0000	0.0000	0.0000	0.0000	0.0000	0.0000	0.0000	0.0000	0.0000	0.0000	0.0000	0.0000	0.0000	0.0000	0.0000	0.0000	0.0000	0.0000	0.0000	0.0000	6.1875	-0.0000	0.0000	1.0000	1.4193	0.0042	5.2011	0.0000	0.0000	0.0000	0.0000	0.0000	0.0000	0.0000	0.0000	0.0000	0.0000	0.0000	0.0000	0.0000	0.0000	0.0000	0.0000	0.0000	0.0000	0.0244	0.0216	0.0028	0.0061	0.0060	0.0001	0.0183	0.0156	0.0027	0.0135	0.0077	0.0058	0.0025	0.0022	0.0004	0.0109	0.0055	0.0054
52	69	0.1295	19	2	0	1	0	1	0	1	0	0	0	1	1	0	0	0	0	0	0	Y	N	N	N	N	N	N	N	N	N	N	N	N	N	N	N	N	N	448.7308	501.2122	0.0000	734.4748	1106.1612	0.0000	218.0634	inf	0.0000	0.0050	0.0056	0.0000	0.0618	0.0650	0.0000	0.0001	0.0001	0.0000	0.0000	0.0000	0.0000	0.0001	0.0001	0.0002	0.0000	0.0000	0.0000	0.0000	0.8590	-0.0001	-0.0000	1.0000	9.3928	0.0042	3.6523	0.0005	0.0005	0.0000	0.0005	0.0005	0.0000	0.0000	0.0000	0.0000	0.0000	0.0000	0.0000	0.0000	0.0000	0.0000	0.0000	0.0000	0.0000	0.1075	0.0946	0.0129	0.0085	0.0080	0.0004	0.0990	0.0865	0.0124	0.0241	0.0127	0.0113	0.0030	0.0024	0.0006	0.0210	0.0103	0.0107
52	74	0.0291	7	2	0	1	0	0	0	1	0	0	0	2	1	0	0	0	0	0	0	Y	N	N	N	Y	N	N	N	N	N	N	N	N	N	N	N	N	N	0.0000	0.0000	0.0000	0.0000	0.0000	0.0000	0.0000	0.0000	0.0000	0.0000	0.0000	0.0000	0.0000	0.0000	0.0000	0.0000	0.0000	0.0000	0.0000	0.0000	0.0000	0.0010	0.0014	0.0000	0.0000	0.0000	0.0000		0.6910	0.0000	-0.0000	1.0000	3.9277	0.0042	0.5227	0.0000	0.0000	0.0000	0.0000	0.0000	0.0000	0.0000	0.0000	0.0000	0.0000	0.0000	0.0000	0.0000	0.0000	0.0000	0.0000	0.0000	0.0000	0.0452	0.0395	0.0057	0.0009	0.0008	0.0001	0.0444	0.0387	0.0056	0.0087	0.0042	0.0045	0.0001	0.0001	0.0000	0.0086	0.0041	0.0045
52	75	0.0291	6	2	0	1	0	0	0	1	0	0	0	2	1	0	0	0	0	0	0	Y	N	N	N	Y	N	N	N	N	N	N	N	N	N	N	N	N	N	0.0000	0.0000	0.0000	0.0000	0.0000	0.0000	0.0000	0.0000	0.0000	0.0000	0.0000	0.0000	0.0000	0.0000	0.0000	0.0000	0.0000	0.0000	0.0000	0.0000	0.0000	0.0000	0.0000	0.0000	0.0000	0.0000	0.0000			0.0000	0.0000	1.0000	0.0009	0.0042	0.0000	0.0000	0.0000	0.0000	0.0000	0.0000	0.0000	0.0000	0.0000	0.0000	0.0000	0.0000	0.0000	0.0000	0.0000	0.0000	0.0000	0.0000	0.0000	0.0000	0.0000	0.0000	0.0000	0.0000	0.0000	0.0000	0.0000	0.0000	0.0000	0.0000	0.0000	0.0000	0.0000	0.0000	0.0000	0.0000	0.0000
52	76	0.0259	5	2	0	1	0	0	0	1	0	0	0	2	1	0	0	0	0	0	0	Y	N	N	N	Y	N	N	N	N	N	N	N	N	N	N	N	N	N	0.0000	0.0000	0.0000	0.0000	0.0000	0.0000	0.0000	0.0000	0.0000	0.0000	0.0000	0.0000	0.0000	0.0000	0.0000	0.0000	0.0000	0.0000	0.0000	0.0000	0.0000	0.0000	0.0000	0.0000	0.0000	0.0000	0.0000			0.0000	0.0000	1.0000	1.0000	0.0042	0.0000	0.0000	0.0000	0.0000	0.0000	0.0000	0.0000	0.0000	0.0000	0.0000	0.0000	0.0000	0.0000	0.0000	0.0000	0.0000	0.0000	0.0000	0.0000	0.0117	0.0102	0.0015	0.0002	0.0002	0.0000	0.0115	0.0101	0.0015	0.0020	0.0010	0.0010	0.0000	0.0000	0.0000	0.0020	0.0009	0.0010
52	77	0.0703	12	2	0	1	0	1	0	1	0	0	0	1	1	0	0	0	0	0	0	Y	N	N	N	N	N	N	N	N	N	N	N	N	N	N	N	N	N	inf	inf	0.0000	inf	inf	0.0000	0.0000	0.0000	0.0000	0.0131	0.0149	0.0000	0.1912	0.1985	0.0000	0.0000	0.0000	0.0000	0.0000	0.0000	0.0000	0.0000	0.0000	0.0000	0.0000	0.0000	0.0000	0.0000		-0.0001	0.0000	1.0000	3.3326	0.0042	4.0108	0.0005	0.0005	0.0000	0.0005	0.0005	0.0000	0.0000	0.0000	0.0000	0.0000	0.0000	0.0000	0.0000	0.0000	0.0000	0.0000	0.0000	0.0000	0.0415	0.0364	0.0051	0.0028	0.0027	0.0001	0.0387	0.0337	0.0050	0.0139	0.0069	0.0069	0.0004	0.0003	0.0001	0.0135	0.0066	0.0069
52	79	0.0549	11	2	0	1	0	0	0	1	0	0	0	2	2	0	0	0	0	0	0	Y	N	N	N	Y	Y	N	N	N	N	N	N	N	N	N	N	N	N	0.0000	0.0000	0.0000	0.0000	0.0000	0.0000	0.0000	0.0000	0.0000	0.0000	0.0000	0.0000	0.0000	0.0000	0.0000	0.0000	0.0000	0.0000	0.0000	0.0000	0.0000	0.0000	0.0000	0.0000	0.0000	0.0000	0.0000			0.0000	0.0000	1.0000	0.0001	0.0042	1.0072	0.0000	0.0000	0.0000	0.0000	0.0000	0.0000	0.0000	0.0000	0.0000	0.0000	0.0000	0.0000	0.0000	0.0000	0.0000	0.0000	0.0000	0.0000	0.0000	0.0000	0.0000	0.0000	0.0000	0.0000	0.0000	0.0000	0.0000	0.0020	0.0010	0.0010	0.0001	0.0001	0.0000	0.0019	0.0009	0.0010
52	80	0.0452	10	2	0	1	0	0	0	1	0	0	0	2	2	0	0	0	0	0	0	Y	N	N	N	Y	Y	N	N	N	N	N	N	N	N	N	N	N	N	0.0000	0.0000	0.0000	0.0000	0.0000	0.0000	0.0000	0.0000	0.0000	0.0000	0.0000	0.0000	0.0000	0.0000	0.0000	0.0000	0.0000	0.0000	0.0000	0.0000	0.0000	0.0000	0.0000	0.0000	0.0000	0.0000	0.0000		inf	0.0000	0.0000	1.0000	1.0058	0.0042	1.9973	0.0000	0.0000	0.0000	0.0000	0.0000	0.0000	0.0000	0.0000	0.0000	0.0000	0.0000	0.0000	0.0000	0.0000	0.0000	0.0000	0.0000	0.0000	0.0120	0.0105	0.0015	0.0005	0.0005	0.0000	0.0115	0.0100	0.0015	0.0059	0.0029	0.0030	0.0002	0.0002	0.0001	0.0057	0.0027	0.0029
52	83	0.0452	10	2	0	1	0	0	0	1	0	0	0	2	2	0	0	0	0	0	0	Y	N	N	N	Y	Y	N	N	N	N	N	N	N	N	N	N	N	N	0.0000	0.0000	0.0000	0.0000	0.0000	0.0000	0.0000	0.0000	0.0000	0.0000	0.0000	0.0000	0.0000	0.0000	0.0000	0.0000	0.0000	0.0000	0.0005	0.0010	0.0000	0.0141	0.0193	0.0000	0.0000	0.0000	0.0000		0.0001	0.0000	-0.0000	1.0000	5.0069	0.0042	6.0103	0.0000	0.0000	0.0000	0.0000	0.0000	0.0000	0.0000	0.0000	0.0000	0.0000	0.0000	0.0000	0.0000	0.0000	0.0000	0.0000	0.0000	0.0000	0.0578	0.0506	0.0072	0.0024	0.0023	0.0002	0.0554	0.0484	0.0070	0.0205	0.0101	0.0104	0.0007	0.0005	0.0002	0.0198	0.0096	0.0102
52	84	0.0388	9	2	0	1	0	0	0	1	0	1	1	2	2	0	0	0	0	0	0	Y	N	N	N	Y	Y	N	N	N	N	N	N	N	N	N	N	N	N	0.0000	0.0000	0.0000	0.0000	0.0000	0.0000	0.0000	0.0000	0.0000	0.0000	0.0000	0.0000	0.0000	0.0000	0.0000	0.0000	0.0000	0.0000	0.0000	0.0000	0.0000	0.0001	0.0001	0.0000	0.0000	0.0000	0.0000		2.3654	0.0000	0.0000	1.0000	1.9932	0.0042	0.0278	0.0000	0.0000	0.0000	0.0000	0.0000	0.0000	0.0000	0.0000	0.0000	0.0000	0.0000	0.0000	0.0000	0.0000	0.0000	0.0000	0.0000	0.0000	0.0234	0.0204	0.0029	0.0006	0.0006	0.0000	0.0228	0.0199	0.0029	0.0041	0.0020	0.0021	0.0002	0.0001	0.0000	0.0039	0.0019	0.0020
52	87	0.1039	13	1	0	1	0	0	0	1	0	0	0	1	2	0	0	0	0	0	0	N	N	N	N	N	Y	N	N	N	N	N	N	N	N	N	N	N	N	0.0000	0.0000	0.0000	0.0000	0.0000	0.0000	0.0000	0.0000	0.0000	0.0000	0.0000	0.0000	0.0000	0.0000	0.0000	0.0000	0.0000	0.0000	0.0000	0.0000	0.0000	0.0000	0.0000	0.0000	0.0000	0.0000	0.0000			0.0000	0.0000	1.0000	0.9989	0.0042	0.5152	0.0000	0.0000	0.0000	0.0000	0.0000	0.0000	0.0000	0.0000	0.0000	0.0000	0.0000	0.0000	0.0000	0.0000	0.0000	0.0000	0.0000	0.0000	0.0115	0.0101	0.0014	0.0007	0.0006	0.0000	0.0108	0.0094	0.0014	0.0053	0.0032	0.0020	0.0026	0.0020	0.0007	0.0026	0.0013	0.0013
52	88	0.0745	12	1	0	1	0	0	0	1	0	0	1	1	2	0	0	0	0	0	0	N	N	N	N	N	Y	N	N	N	N	N	N	N	N	N	N	N	N	0.0000	0.0000	0.0000	0.0000	0.0000	0.0000	0.0000	0.0000	0.0000	0.0000	0.0000	0.0000	0.0000	0.0000	0.0000	0.0000	0.0000	0.0000	0.0000	0.0000	0.0000	0.0000	0.0000	0.0000	0.0000	0.0000	0.0000			0.0000	0.0000	1.0000	6.0209	0.0042	2.4875	0.0000	0.0000	0.0000	0.0000	0.0000	0.0000	0.0000	0.0000	0.0000	0.0000	0.0000	0.0000	0.0000	0.0000	0.0000	0.0000	0.0000	0.0000	0.0688	0.0602	0.0086	0.0021	0.0020	0.0001	0.0666	0.0582	0.0085	0.0185	0.0099	0.0086	0.0031	0.0023	0.0007	0.0154	0.0075	0.0079
52	91	0.1079	15	2	0	1	0	0	0	1	0	0	0	1	1	0	0	0	0	0	0	Y	N	N	N	N	N	N	N	N	N	N	N	N	N	N	N	N	N	1.0087	0.6658	0.0000	1.6569	1.6358	0.0000	57.1378	64.0517	0.0000	0.0006	0.0007	0.0000	0.0046	0.0049	0.0000	0.0003	0.0003	0.0000	0.0006	0.0010	0.0000	0.0028	0.0030	0.0000	0.0000	0.0000	0.0000	0.0000	0.0039	-0.0000	-0.0000	1.0000	1.5872	0.0042	4.4746	0.0000	0.0000	0.0000	0.0000	0.0000	0.0000	0.0000	0.0000	0.0000	0.0000	0.0000	0.0000	0.0000	0.0000	0.0000	0.0000	0.0000	0.0000	0.0187	0.0164	0.0023	0.0013	0.0012	0.0001	0.0174	0.0152	0.0022	0.0166	0.0095	0.0070	0.0035	0.0032	0.0003	0.0131	0.0063	0.0068
52	92	0.0064	2	2	0	1	1	0	0	1	1	0	0	2	2	0	0	0	0	0	0	Y	N	N	N	Y	Y	N	N	N	N	N	N	N	N	N	N	N	N	0.0600	0.0332	0.0000	0.0127	0.0132	0.0000	0.0000	0.0000	0.0000	0.0004	0.0005	0.0000	0.0215	0.0222	0.0000	0.0000	0.0000	0.0000	0.0066	0.0137	0.0000	1.6840	1.6876	0.0000	0.0000	0.0000	0.0000	0.0000	0.0004	-0.0000	-0.0000	1.0000	1.0091	0.0042	1.9972	0.0000	0.0000	0.0000	0.0000	0.0000	0.0000	0.0000	0.0000	0.0000	0.0000	0.0000	0.0000	0.0000	0.0000	0.0000	0.0000	0.0000	0.0000	0.0121	0.0106	0.0015	0.0002	0.0002	0.0000	0.0119	0.0104	0.0015	0.0061	0.0029	0.0031	0.0000	0.0000	0.0000	0.0060	0.0029	0.0031
52	107	0.0323	8	2	0	1	0	0	0	1	0	0	0	1	1	0	0	0	0	0	0	Y	N	N	N	N	N	N	N	N	N	N	N	N	N	N	N	N	N	0.0000	0.0000	0.0000	0.0000	0.0000	0.0000	0.0000	0.0000	0.0000	0.0000	0.0000	0.0000	0.0000	0.0000	0.0000	0.0000	0.0000	0.0000	0.0000	0.0000	0.0000	0.0004	0.0006	0.0000	0.0000	0.0000	0.0000		0.1476	0.0000	-0.0000	1.0000	1.0015	0.0042	0.9989	0.0000	0.0000	0.0000	0.0000	0.0000	0.0000	0.0000	0.0000	0.0000	0.0000	0.0000	0.0000	0.0000	0.0000	0.0000	0.0000	0.0000	0.0000	0.0118	0.0103	0.0015	0.0003	0.0003	0.0000	0.0115	0.0100	0.0015	0.0040	0.0019	0.0020	0.0001	0.0000	0.0000	0.0039	0.0019	0.0020
52	108	0.0291	7	2	0	1	0	0	0	1	0	0	0	1	1	0	0	0	0	0	0	Y	N	N	N	N	N	N	N	N	N	N	N	N	N	N	N	N	N	0.0000	0.0000	0.0000	0.0000	0.0000	0.0000	0.0000	0.0000	0.0000	0.0000	0.0000	0.0000	0.0000	0.0000	0.0000	0.0000	0.0000	0.0000	0.0000	0.0000	0.0000	0.0000	0.0000	0.0000	0.0000	0.0000	0.0000		0.0000	0.0000	-0.0000	1.0000	1.0004	0.0042	0.0020	0.0000	0.0000	0.0000	0.0000	0.0000	0.0000	0.0000	0.0000	0.0000	0.0000	0.0000	0.0000	0.0000	0.0000	0.0000	0.0000	0.0000	0.0000	0.0117	0.0103	0.0015	0.0003	0.0002	0.0000	0.0115	0.0100	0.0015	0.0020	0.0010	0.0010	0.0000	0.0000	0.0000	0.0020	0.0009	0.0010
52	112	0.0945	14	2	0	1	0	1	0	1	0	0	0	1	1	0	0	0	0	0	0	Y	N	N	N	N	N	N	N	N	N	N	N	N	N	N	N	N	N	44.1470	30.9602	0.0000	98.4760	96.5437	0.0000	1108.8017	inf	0.0000	0.0003	0.0004	0.0000	0.0029	0.0031	0.0000	0.0002	0.0002	0.0000	0.0000	0.0000	0.0000	0.0000	0.0000	0.0000	0.0000	0.0000	0.0000	0.0000	0.0464	-0.0000	-0.0000	1.0000	3.0209	0.0042	2.2550	0.0000	0.0000	0.0000	0.0000	0.0000	0.0000	0.0000	0.0000	0.0000	0.0000	0.0000	0.0000	0.0000	0.0000	0.0000	0.0000	0.0000	0.0000	0.0358	0.0313	0.0044	0.0019	0.0018	0.0001	0.0338	0.0295	0.0043	0.0158	0.0093	0.0065	0.0040	0.0036	0.0004	0.0118	0.0057	0.0061
52	127	0.0914	15	1	0	1	0	0	0	1	0	0	1	1	2	0	0	0	0	0	0	N	N	N	N	N	Y	N	N	N	N	N	N	N	N	N	N	N	N	0.0000	0.0000	0.0000	0.0000	0.0000	0.0000	0.0000	0.0000	0.0000	0.0000	0.0000	0.0000	0.0000	0.0000	0.0000	0.0000	0.0000	0.0000	0.0000	0.0000	0.0000	0.0000	0.0000	0.0000	0.0000	0.0000	0.0000			0.0000	0.0000	1.0000	1.0000	0.0042	2.0000	0.0000	0.0000	0.0000	0.0000	0.0000	0.0000	0.0000	0.0000	0.0000	0.0000	0.0000	0.0000	0.0000	0.0000	0.0000	0.0000	0.0000	0.0000	0.0115	0.0101	0.0014	0.0005	0.0005	0.0000	0.0110	0.0096	0.0014	0.0058	0.0029	0.0029	0.0002	0.0002	0.0001	0.0055	0.0027	0.0028
52	128	0.0914	14	1	0	1	0	0	0	1	0	0	1	1	2	0	0	0	0	0	0	N	N	N	N	N	Y	N	N	N	N	N	N	N	N	N	N	N	N	0.0000	0.0000	0.0000	0.0000	0.0000	0.0000	0.0000	0.0000	0.0000	0.0000	0.0000	0.0000	0.0000	0.0000	0.0000	0.0000	0.0000	0.0000	0.0000	0.0000	0.0000	0.0000	0.0000	0.0000	0.0000	0.0000	0.0000			0.0000	0.0000	1.0000	3.0000	0.0042	2.0000	0.0000	0.0000	0.0000	0.0000	0.0000	0.0000	0.0000	0.0000	0.0000	0.0000	0.0000	0.0000	0.0000	0.0000	0.0000	0.0000	0.0000	0.0000	0.0341	0.0298	0.0042	0.0016	0.0015	0.0001	0.0325	0.0284	0.0042	0.0095	0.0047	0.0048	0.0004	0.0003	0.0001	0.0091	0.0044	0.0047
52	129	0.0946	16	1	0	1	0	0	0	1	0	0	1	1	2	0	0	0	0	0	0	N	N	N	N	N	Y	N	N	N	N	N	N	N	N	N	N	N	N	0.0000	0.0000	0.0000	0.0000	0.0000	0.0000	0.0000	0.0000	0.0000	0.0000	0.0000	0.0000	0.0000	0.0000	0.0000	0.0000	0.0000	0.0000	0.0035	0.0069	0.0000	0.0000	0.0000	0.0000	0.0036	0.0074	0.0000		0.0000	0.0000	-0.0000	1.0000	2.0004	0.0042	1.0045	0.0000	0.0000	0.0000	0.0000	0.0000	0.0000	0.0000	0.0000	0.0000	0.0000	0.0000	0.0000	0.0000	0.0000	0.0000	0.0000	0.0000	0.0000	0.0228	0.0200	0.0028	0.0011	0.0010	0.0001	0.0218	0.0190	0.0028	0.0058	0.0029	0.0029	0.0002	0.0002	0.0001	0.0055	0.0027	0.0028
53	54	0.1052	11	2	0	1	0	0	0	0	0	0	0	2	1	0	0	0	0	0	0	Y	N	N	N	Y	N	N	N	N	N	N	N	N	N	N	N	N	N	0.0000	0.0000	0.0000	0.0000	0.0000	0.0000	0.0000	0.0000	0.0000	0.0000	0.0000	0.0000	0.0000	0.0000	0.0000	0.0000	0.0000	0.0000	0.0000	0.0000	0.0000	0.0000	0.0000	0.0000	0.0000	0.0000	0.0000			0.0000	0.0000	0.9921	0.0000	0.0076	0.0000	0.0000	0.0000	0.0000	0.0000	0.0000	0.0000	0.0000	0.0000	0.0000	0.0000	0.0000	0.0000	0.0000	0.0000	0.0000	0.0000	0.0000	0.0000	0.0000	0.0000	0.0000	0.0000	0.0000	0.0000	0.0000	0.0000	0.0000	0.0000	0.0000	0.0000	0.0000	0.0000	0.0000	0.0000	0.0000	0.0000
53	58	0.0437	9	2	0	1	0	0	0	0	0	0	1	1	2	0	0	0	0	0	0	Y	N	N	N	N	Y	N	N	N	N	N	N	N	N	N	N	N	N	0.0000	0.0000	0.0000	0.0000	0.0000	0.0000	0.0000	0.0000	0.0000	0.0000	0.0000	0.0000	0.0000	0.0000	0.0000	0.0000	0.0000	0.0000	0.0000	0.0000	0.0000	0.0000	0.0000	0.0000	0.0000	0.0000	0.0000			0.0000	0.0000	0.9921	1.0033	0.0076	1.0015	0.0000	0.0000	0.0000	0.0000	0.0000	0.0000	0.0000	0.0000	0.0000	0.0000	0.0000	0.0000	0.0000	0.0000	0.0000	0.0000	0.0000	0.0000	0.0116	0.0102	0.0014	0.0005	0.0004	0.0000	0.0112	0.0097	0.0014	0.0053	0.0031	0.0022	0.0008	0.0007	0.0000	0.0045	0.0023	0.0022
53	59	0.0291	8	2	0	1	0	0	0	0	0	0	0	1	1	0	0	0	0	0	0	Y	N	N	N	N	N	N	N	N	N	N	N	N	N	N	N	N	N	0.0000	0.0000	0.0000	0.0000	0.0000	0.0000	0.0000	0.0000	0.0000	0.0000	0.0000	0.0000	0.0000	0.0000	0.0000	0.0000	0.0000	0.0000	0.0000	0.0000	0.0000	0.0002	0.0002	0.0000	0.0000	0.0000	0.0000		0.0000	0.0000	-0.0000	0.9921	2.9984	0.0076	1.5227	0.0000	0.0000	0.0000	0.0000	0.0000	0.0000	0.0000	0.0000	0.0000	0.0000	0.0000	0.0000	0.0000	0.0000	0.0000	0.0000	0.0000	0.0000	0.0348	0.0304	0.0044	0.0007	0.0007	0.0000	0.0341	0.0297	0.0043	0.0089	0.0044	0.0046	0.0002	0.0002	0.0000	0.0087	0.0042	0.0045
53	60	0.0259	6	2	0	0	0	0	0	0	0	0	0	2	2	0	0	0	0	0	0	Y	N	N	N	Y	Y	N	N	N	N	N	N	N	N	N	N	N	N	0.0000	0.0000	0.0000	0.0000	0.0000	0.0000	0.0000	0.0000	0.0000	0.0000	0.0000	0.0000	0.0000	0.0000	0.0000	0.0000	0.0000	0.0000	0.0000	0.0000	0.0000	0.0000	0.0000	0.0000	0.0000	0.0000	0.0000			0.0000	0.0000	0.9921	2.0000	0.0076	7.0000	0.0000	0.0000	0.0000	0.0000	0.0000	0.0000	0.0000	0.0000	0.0000	0.0000	0.0000	0.0000	0.0000	0.0000	0.0000	0.0000	0.0000	0.0000	0.0232	0.0203	0.0029	0.0004	0.0004	0.0000	0.0229	0.0199	0.0029	0.0174	0.0085	0.0089	0.0004	0.0003	0.0001	0.0170	0.0082	0.0088
53	61	0.0259	5	2	0	0	0	0	0	0	0	0	1	2	2	0	0	0	0	0	0	Y	N	N	N	Y	Y	N	N	N	N	N	N	N	N	N	N	N	N	0.0000	0.0000	0.0000	0.0000	0.0000	0.0000	0.0000	0.0000	0.0000	0.0000	0.0000	0.0000	0.0000	0.0000	0.0000	0.0000	0.0000	0.0000	0.0000	0.0000	0.0000	0.0000	0.0000	0.0000	0.0000	0.0000	0.0000			0.0000	0.0000	0.9921	0.0000	0.0076	0.0000	0.0000	0.0000	0.0000	0.0000	0.0000	0.0000	0.0000	0.0000	0.0000	0.0000	0.0000	0.0000	0.0000	0.0000	0.0000	0.0000	0.0000	0.0000	0.0000	0.0000	0.0000	0.0000	0.0000	0.0000	0.0000	0.0000	0.0000	0.0000	0.0000	0.0000	0.0000	0.0000	0.0000	0.0000	0.0000	0.0000
53	62	0.0919	12	2	0	1	0	0	0	0	0	0	0	2	1	0	0	0	0	0	0	Y	N	N	N	Y	N	N	N	N	N	N	N	N	N	N	N	N	N	0.0000	0.0000	0.0000	0.0000	0.0000	0.0000	0.0000	0.0000	0.0000	0.0000	0.0000	0.0000	0.0000	0.0000	0.0000	0.0000	0.0000	0.0000	0.0336	0.0504	0.0024	0.0070	0.0074	0.0001	0.0420	0.0732	0.0025		0.0251	0.0000	-0.0002	0.9921	0.9672	0.0076	2.9870	0.0000	0.0000	0.0000	0.0000	0.0000	0.0000	0.0000	0.0000	0.0000	0.0004	0.0004	0.0000	0.0000	0.0000	0.0000	0.0004	0.0004	0.0000	0.0126	0.0112	0.0014	0.0010	0.0010	0.0000	0.0116	0.0102	0.0014	0.0118	0.0077	0.0041	0.0028	0.0027	0.0002	0.0090	0.0050	0.0040
53	63	0.0608	11	2	0	1	0	0	0	0	0	1	0	2	1	0	0	0	0	0	0	Y	N	N	N	Y	N	N	N	N	N	N	N	N	N	N	N	N	N	0.0000	0.0000	0.0000	0.0000	0.0000	0.0000	0.0000	0.0000	0.0000	0.0000	0.0000	0.0000	0.0000	0.0000	0.0000	0.0000	0.0000	0.0000	0.0895	0.1767	0.0010	1.4295	1.5884	0.0000	0.0012	0.0013	0.0011		0.0058	0.0000	-0.0011	0.9921	2.0363	0.0076	7.8590	0.0000	0.0000	0.0000	0.0000	0.0000	0.0000	0.0000	0.0000	0.0000	0.0018	0.0018	0.0000	0.0018	0.0018	0.0000	0.0000	0.0000	0.0000	0.0238	0.0209	0.0030	0.0006	0.0006	0.0000	0.0233	0.0203	0.0030	0.0200	0.0101	0.0099	0.0012	0.0011	0.0001	0.0187	0.0089	0.0098
53	64	0.0550	10	2	0	1	0	0	0	0	0	0	0	1	1	0	0	0	0	0	0	Y	N	N	N	N	N	N	N	N	N	N	N	N	N	N	N	N	N	0.0000	0.0000	0.0000	0.0000	0.0000	0.0000	0.0000	0.0000	0.0000	0.0000	0.0000	0.0000	0.0000	0.0000	0.0000	0.0000	0.0000	0.0000	0.0018	0.0036	0.0000	0.0555	0.0695	0.0000	0.0000	0.0001	0.0000		0.0060	0.0000	-0.0000	0.9921	0.0049	0.0076	1.8223	0.0000	0.0000	0.0000	0.0000	0.0000	0.0000	0.0000	0.0000	0.0000	0.0000	0.0000	0.0000	0.0000	0.0000	0.0000	0.0000	0.0000	0.0000	0.0001	0.0001	0.0000	0.0000	0.0000	0.0000	0.0001	0.0001	0.0000	0.0036	0.0018	0.0018	0.0001	0.0001	0.0000	0.0035	0.0017	0.0018
53	65	0.0323	9	2	0	1	0	0	0	0	0	0	0	1	1	0	0	0	0	0	0	Y	N	N	N	N	N	N	N	N	N	N	N	N	N	N	N	N	N	5.5853	inf	0.0000	12.4356	inf	0.0000	0.0000	0.0000	0.0000	0.0000	0.0000	0.0000	0.0002	0.0002	0.0000	0.0000	0.0000	0.0000	0.0000	0.0000	0.0000	0.0000	0.0000	0.0001	0.0000	0.0000	0.0000	0.0000	inf	-0.0000	0.0000	0.9921	2.0010	0.0076	3.9928	0.0000	0.0000	0.0000	0.0000	0.0000	0.0000	0.0000	0.0000	0.0000	0.0000	0.0000	0.0000	0.0000	0.0000	0.0000	0.0000	0.0000	0.0000	0.0233	0.0204	0.0029	0.0005	0.0005	0.0000	0.0228	0.0199	0.0029	0.0118	0.0058	0.0060	0.0003	0.0002	0.0001	0.0115	0.0055	0.0060
53	66	0.0291	8	2	0	1	0	0	0	0	0	0	0	1	1	0	0	0	0	0	0	Y	N	N	N	N	N	N	N	N	N	N	N	N	N	N	N	N	N	1.9347	0.0000	inf	0.0000	0.0000	0.0000	inf	0.0000	inf	0.0000	0.0000	0.0001	0.0000	0.0000	0.0000	0.0000	0.0000	0.0001	0.0000	0.0000	0.0000	0.0002	0.0002	0.0000	0.0000	0.0000	0.0000	inf	0.0000	0.0000	-0.0000	0.9921	1.0002	0.0076	0.0173	0.0000	0.0000	0.0000	0.0000	0.0000	0.0000	0.0000	0.0000	0.0000	0.0000	0.0000	0.0000	0.0000	0.0000	0.0000	0.0000	0.0000	0.0000	0.0117	0.0103	0.0015	0.0002	0.0002	0.0000	0.0115	0.0100	0.0015	0.0021	0.0010	0.0010	0.0000	0.0000	0.0000	0.0020	0.0010	0.0010
53	67	0.0291	7	2	0	1	0	0	0	1	0	0	0	1	1	0	0	0	0	0	0	Y	N	N	N	N	N	N	N	N	N	N	N	N	N	N	N	N	N	0.0000	0.0000	0.0000	0.0000	0.0000	0.0000	0.0000	0.0000	0.0000	0.0000	0.0000	0.0000	0.0000	0.0000	0.0000	0.0000	0.0000	0.0000	0.0000	0.0000	0.0000	0.0000	0.0000	0.0000	0.0000	0.0000	0.0000			0.0000	0.0000	0.9921	0.0001	0.0076	0.0028	0.0000	0.0000	0.0000	0.0000	0.0000	0.0000	0.0000	0.0000	0.0000	0.0000	0.0000	0.0000	0.0000	0.0000	0.0000	0.0000	0.0000	0.0000	0.0000	0.0000	0.0000	0.0000	0.0000	0.0000	0.0000	0.0000	0.0000	0.0000	0.0000	0.0000	0.0000	0.0000	0.0000	0.0000	0.0000	0.0000
53	68	0.1764	19	2	0	0	0	0	0	0	0	0	1	1	2	0	0	0	0	0	0	Y	N	N	N	N	Y	N	N	N	N	N	N	N	N	N	N	N	N	555.7897	8016.9437	0.0000	588.7650	8219.3846	0.0000	0.0149	inf	0.0000	0.0090	0.0102	0.0000	0.0360	0.0365	0.0000	0.0000	0.0000	0.0000	0.0000	0.0000	0.0000	0.0001	0.0000	0.0004	0.0000	0.0000	0.0000	0.0000	21.2755	-0.0001	0.0000	0.9921	1.4193	0.0076	5.2011	0.0002	0.0002	0.0000	0.0002	0.0002	0.0000	0.0000	0.0000	0.0000	0.0000	0.0000	0.0000	0.0000	0.0000	0.0000	0.0000	0.0000	0.0000	0.0243	0.0215	0.0028	0.0061	0.0060	0.0001	0.0182	0.0155	0.0027	0.0136	0.0078	0.0058	0.0026	0.0022	0.0004	0.0109	0.0055	0.0054
53	69	0.1263	18	2	0	0	0	1	0	0	0	0	0	1	1	0	0	0	0	0	0	Y	N	N	N	N	N	N	N	N	N	N	N	N	N	N	N	N	N	509902.9057	382156.9004	0.0000	839060.3167	821609.1293	0.0000	90297.4840	257209.0545	0.0000	8.9046	10.1121	0.0000	99.8100	105.6767	0.0000	0.1897	0.2169	0.0000	0.0000	0.0000	0.0000	0.0001	0.0001	0.0001	0.0000	0.0000	0.0000	0.0000	0.2427	-0.2219	-0.0000	0.9921	9.3928	0.0076	3.6523	0.9613	0.9613	0.0000	0.9427	0.9427	0.0000	0.0187	0.0187	0.0000	0.0000	0.0000	0.0000	0.0000	0.0000	0.0000	0.0000	0.0000	0.0000	0.1080	0.0951	0.0129	0.0094	0.0089	0.0005	0.0985	0.0861	0.0124	0.0243	0.0129	0.0114	0.0032	0.0026	0.0006	0.0211	0.0103	0.0108
53	73	0.0409	7	2	0	1	0	0	0	1	0	0	0	2	1	0	0	0	0	0	0	Y	N	N	N	Y	N	N	N	N	N	N	N	N	N	N	N	N	N	inf	inf	0.0000	0.0000	0.0000	0.0000	inf	inf	0.0000	0.0001	0.0002	0.0000	0.0000	0.0000	0.0000	0.0002	0.0002	0.0000	0.0000	0.0000	0.0000	0.0000	0.0000	0.0000	0.0000	0.0000	0.0000	0.0000		-0.0000	0.0000	0.9921	3.9579	0.0076	0.9988	0.0000	0.0000	0.0000	0.0000	0.0000	0.0000	0.0000	0.0000	0.0000	0.0000	0.0000	0.0000	0.0000	0.0000	0.0000	0.0000	0.0000	0.0000	0.0685	0.0613	0.0072	0.0127	0.0126	0.0002	0.0558	0.0487	0.0071	0.0104	0.0054	0.0050	0.0007	0.0006	0.0001	0.0097	0.0047	0.0050
53	74	0.0259	6	2	0	0	0	0	0	0	0	0	0	2	1	0	0	0	0	0	0	Y	N	N	N	Y	N	N	N	N	N	N	N	N	N	N	N	N	N	0.0012	0.0009	0.0000	0.0000	0.0000	0.0000	0.0017	0.0014	0.0000	0.0000	0.0000	0.0000	0.0000	0.0000	0.0000	0.0000	0.0000	0.0000	0.0000	0.0001	0.0000	0.0005	0.0006	0.0000	0.0000	0.0000	0.0000	0.0000	0.3286	-0.0000	-0.0000	0.9921	3.9277	0.0076	0.5227	0.0000	0.0000	0.0000	0.0000	0.0000	0.0000	0.0000	0.0000	0.0000	0.0000	0.0000	0.0000	0.0000	0.0000	0.0000	0.0000	0.0000	0.0000	0.0451	0.0395	0.0057	0.0007	0.0007	0.0000	0.0444	0.0387	0.0056	0.0088	0.0043	0.0045	0.0002	0.0002	0.0000	0.0086	0.0041	0.0045
53	75	0.0259	5	2	0	0	0	0	0	0	0	0	0	2	1	0	0	0	0	0	0	Y	N	N	N	Y	N	N	N	N	N	N	N	N	N	N	N	N	N	0.0000	0.0000	0.0000	0.0000	0.0000	0.0000	0.0000	0.0000	0.0000	0.0000	0.0000	0.0000	0.0000	0.0000	0.0000	0.0000	0.0000	0.0000	0.0000	0.0000	0.0000	0.0000	0.0000	0.0000	0.0000	0.0000	0.0000			0.0000	0.0000	0.9921	0.0009	0.0076	0.0000	0.0000	0.0000	0.0000	0.0000	0.0000	0.0000	0.0000	0.0000	0.0000	0.0000	0.0000	0.0000	0.0000	0.0000	0.0000	0.0000	0.0000	0.0000	0.0000	0.0000	0.0000	0.0000	0.0000	0.0000	0.0000	0.0000	0.0000	0.0000	0.0000	0.0000	0.0000	0.0000	0.0000	0.0000	0.0000	0.0000
53	76	0.0226	4	2	0	0	0	0	0	0	0	0	0	2	1	0	0	0	0	0	0	Y	N	N	N	Y	N	N	N	N	N	N	N	N	N	N	N	N	N	0.0000	0.0000	0.0000	0.0000	0.0000	0.0000	0.0000	0.0000	0.0000	0.0000	0.0000	0.0000	0.0000	0.0000	0.0000	0.0000	0.0000	0.0000	0.0000	0.0000	0.0000	0.0000	0.0000	0.0000	0.0000	0.0000	0.0000			0.0000	0.0000	0.9921	1.0000	0.0076	0.0000	0.0000	0.0000	0.0000	0.0000	0.0000	0.0000	0.0000	0.0000	0.0000	0.0000	0.0000	0.0000	0.0000	0.0000	0.0000	0.0000	0.0000	0.0000	0.0117	0.0102	0.0015	0.0002	0.0002	0.0000	0.0115	0.0101	0.0015	0.0020	0.0010	0.0010	0.0000	0.0000	0.0000	0.0020	0.0009	0.0010
53	77	0.0671	11	2	0	0	0	1	0	0	0	0	0	1	1	0	0	0	0	0	0	Y	N	N	N	N	N	N	N	N	N	N	N	N	N	N	N	N	N	3514058.4310	2012709.1482	inf	1642283.5963	1415416.4720	inf	0.0000	0.0000	0.0000	23.5068	26.8110	0.0009	323.5515	345.1736	0.0250	0.0000	0.0000	0.0000	0.0000	0.0000	0.0000	0.0002	0.0002	0.0000	0.0000	0.0000	0.0000	0.0000	0.0000	-0.2256	-0.0000	0.9921	3.3326	0.0076	4.0108	0.9774	0.9774	0.0000	0.9774	0.9774	0.0000	0.0000	0.0000	0.0000	0.0000	0.0000	0.0000	0.0000	0.0000	0.0000	0.0000	0.0000	0.0000	0.0416	0.0365	0.0051	0.0030	0.0028	0.0002	0.0386	0.0336	0.0049	0.0140	0.0070	0.0070	0.0005	0.0004	0.0001	0.0135	0.0066	0.0069
53	78	0.0549	11	2	0	1	0	0	0	1	0	0	0	2	2	0	0	0	0	0	0	Y	N	N	N	Y	Y	N	N	N	N	N	N	N	N	N	N	N	N	0.0000	0.0000	0.0000	0.0000	0.0000	0.0000	0.0000	0.0000	0.0000	0.0000	0.0000	0.0000	0.0000	0.0000	0.0000	0.0000	0.0000	0.0000	0.0001	0.0001	0.0000	0.0009	0.0011	0.0000	0.0000	0.0000	0.0000		0.0000	0.0000	-0.0000	0.9921	0.0000	0.0076	0.9988	0.0000	0.0000	0.0000	0.0000	0.0000	0.0000	0.0000	0.0000	0.0000	0.0000	0.0000	0.0000	0.0000	0.0000	0.0000	0.0000	0.0000	0.0000	0.0000	0.0000	0.0000	0.0000	0.0000	0.0000	0.0000	0.0000	0.0000	0.0020	0.0010	0.0010	0.0001	0.0001	0.0000	0.0019	0.0009	0.0010
53	79	0.0517	10	2	0	0	0	0	0	0	0	0	0	2	2	0	0	0	0	0	0	Y	N	N	N	Y	Y	N	N	N	N	N	N	N	N	N	N	N	N	0.0000	0.0000	0.0000	0.0000	0.0000	0.0000	0.0000	0.0000	0.0000	0.0000	0.0000	0.0000	0.0000	0.0000	0.0000	0.0000	0.0000	0.0000	0.0001	0.0001	0.0000	0.0000	0.0001	0.0000	0.0001	0.0001	0.0000		0.0000	0.0000	-0.0000	0.9921	0.0001	0.0076	1.0072	0.0000	0.0000	0.0000	0.0000	0.0000	0.0000	0.0000	0.0000	0.0000	0.0000	0.0000	0.0000	0.0000	0.0000	0.0000	0.0000	0.0000	0.0000	0.0000	0.0000	0.0000	0.0000	0.0000	0.0000	0.0000	0.0000	0.0000	0.0020	0.0010	0.0010	0.0001	0.0001	0.0000	0.0019	0.0009	0.0010
53	80	0.0420	9	2	0	0	0	0	0	0	0	0	0	2	2	0	0	0	0	0	0	Y	N	N	N	Y	Y	N	N	N	N	N	N	N	N	N	N	N	N	0.0027	0.0000	0.0111	0.1777	0.0000	inf	0.0000	0.0000	0.0000	0.0000	0.0000	0.0000	0.0000	0.0000	0.0002	0.0000	0.0000	0.0000	0.0002	0.0000	0.0004	0.0001	0.0001	0.0000	0.0002	0.0000	0.0004	inf	64.0019	0.0000	0.0000	0.9921	1.0058	0.0076	1.9973	0.0000	0.0000	0.0000	0.0000	0.0000	0.0000	0.0000	0.0000	0.0000	0.0000	0.0000	0.0000	0.0000	0.0000	0.0000	0.0000	0.0000	0.0000	0.0120	0.0105	0.0015	0.0005	0.0005	0.0000	0.0115	0.0100	0.0015	0.0060	0.0030	0.0030	0.0003	0.0002	0.0001	0.0057	0.0027	0.0030
53	81	0.0550	10	2	0	1	0	0	0	0	0	0	0	1	1	0	0	0	0	0	0	Y	N	N	N	N	N	N	N	N	N	N	N	N	N	N	N	N	N	0.0000	0.0000	0.0000	0.0000	0.0000	0.0000	0.0000	0.0000	0.0000	0.0000	0.0000	0.0000	0.0000	0.0000	0.0000	0.0000	0.0000	0.0000	0.0000	0.0000	0.0000	0.0000	0.0000	0.0000	0.0000	0.0000	0.0000			0.0000	0.0000	0.9921	7.0000	0.0076	2.0013	0.0000	0.0000	0.0000	0.0000	0.0000	0.0000	0.0000	0.0000	0.0000	0.0000	0.0000	0.0000	0.0000	0.0000	0.0000	0.0000	0.0000	0.0000	0.0793	0.0694	0.0099	0.0018	0.0018	0.0001	0.0774	0.0676	0.0098	0.0172	0.0085	0.0087	0.0005	0.0004	0.0001	0.0167	0.0081	0.0086
53	82	0.0550	9	2	0	1	0	1	0	1	0	0	0	1	1	0	0	0	0	0	0	Y	N	N	N	N	N	N	N	N	N	N	N	N	N	N	N	N	N	0.0000	0.0000	0.0000	0.0000	0.0000	0.0000	0.0000	0.0000	0.0000	0.0000	0.0000	0.0000	0.0000	0.0000	0.0000	0.0000	0.0000	0.0000	0.0000	0.0000	0.0000	0.0000	0.0000	0.0000	0.0000	0.0000	0.0000			0.0000	-0.0000	0.9921	0.0005	0.0076	0.0029	0.0000	0.0000	0.0000	0.0000	0.0000	0.0000	0.0000	0.0000	0.0000	0.0000	0.0000	0.0000	0.0000	0.0000	0.0000	0.0000	0.0000	0.0000	0.0000	0.0000	0.0000	0.0000	0.0000	0.0000	0.0000	0.0000	0.0000	0.0000	0.0000	0.0000	0.0000	0.0000	0.0000	0.0000	0.0000	0.0000
53	83	0.0420	9	2	0	0	0	0	0	0	0	0	0	2	2	0	0	0	0	0	0	Y	N	N	N	Y	Y	N	N	N	N	N	N	N	N	N	N	N	N	0.0342	0.0194	0.0000	0.0360	0.0297	0.0000	0.0000	0.0000	0.0000	0.0029	0.0034	0.0000	0.0753	0.0799	0.0000	0.0000	0.0000	0.0000	0.0862	0.1731	0.0010	2.0929	2.6874	0.0000	0.0005	0.0000	0.0010	0.0000	0.0057	-0.0000	-0.0011	0.9921	5.0069	0.0076	6.0103	0.0002	0.0002	0.0000	0.0002	0.0002	0.0000	0.0000	0.0000	0.0000	0.0018	0.0018	0.0000	0.0018	0.0018	0.0000	0.0000	0.0000	0.0000	0.0577	0.0505	0.0072	0.0023	0.0021	0.0001	0.0554	0.0484	0.0070	0.0208	0.0103	0.0105	0.0008	0.0007	0.0002	0.0199	0.0096	0.0103
53	84	0.0356	8	2	0	0	0	0	0	0	0	1	1	2	2	0	0	0	0	0	0	Y	N	N	N	Y	Y	N	N	N	N	N	N	N	N	N	N	N	N	0.0003	0.0004	0.0000	0.0014	0.0012	0.0000	0.0000	0.0000	0.0000	0.0000	0.0000	0.0000	0.0000	0.0000	0.0000	0.0000	0.0000	0.0000	0.0011	0.0008	0.0013	0.0090	0.0106	0.0021	0.0007	0.0000	0.0013	0.0000	1.5617	-0.0000	-0.0000	0.9921	1.9932	0.0076	0.0278	0.0000	0.0000	0.0000	0.0000	0.0000	0.0000	0.0000	0.0000	0.0000	0.0000	0.0000	0.0000	0.0000	0.0000	0.0000	0.0000	0.0000	0.0000	0.0233	0.0204	0.0029	0.0005	0.0005	0.0000	0.0228	0.0199	0.0029	0.0041	0.0021	0.0021	0.0002	0.0002	0.0000	0.0039	0.0019	0.0020
53	85	0.0838	10	2	0	1	0	0	0	0	0	0	0	1	1	0	0	0	0	0	0	Y	N	N	N	N	N	N	N	N	N	N	N	N	N	N	N	N	N	0.0010	19.8979	0.0000	0.0571	66.2539	0.0000	0.0000	0.0000	0.0000	0.0000	0.0000	0.0000	0.0002	0.0002	0.0000	0.0000	0.0000	0.0000	0.0117	0.0000	0.0257	0.0038	0.0000	0.0397	0.0127	0.0000	0.0253	0.0000	31426.9502	-0.0000	0.0002	0.9921	9.9670	0.0076	12.6920	0.0000	0.0000	0.0000	0.0000	0.0000	0.0000	0.0000	0.0000	0.0000	0.0005	0.0000	0.0005	0.0000	0.0000	0.0000	0.0005	0.0000	0.0005	0.1096	0.0962	0.0134	0.0060	0.0057	0.0003	0.1036	0.0905	0.0131	0.0453	0.0248	0.0206	0.0054	0.0049	0.0005	0.0399	0.0199	0.0200
53	86	0.0773	9	2	0	1	0	1	0	1	0	0	0	1	1	0	0	0	0	0	0	Y	N	N	N	N	N	N	N	N	N	N	N	N	N	N	N	N	N	11.7815	34.8761	0.4363	60.3740	84.1933	0.0000	4.0413	16.6727	0.4683	0.0037	0.0041	0.0003	0.0132	0.0133	0.0000	0.0014	0.0016	0.0003	0.0003	0.0001	0.0007	0.0002	0.0002	0.0023	0.0003	0.0001	0.0007	0.0076	3.1658	-0.0000	0.0000	0.9921	1.5419	0.0076	1.3342	0.0001	0.0001	0.0000	0.0001	0.0001	0.0000	0.0000	0.0000	0.0000	0.0000	0.0000	0.0000	0.0000	0.0000	0.0000	0.0000	0.0000	0.0000	0.0269	0.0243	0.0025	0.0053	0.0052	0.0001	0.0216	0.0191	0.0025	0.0099	0.0064	0.0035	0.0025	0.0024	0.0001	0.0075	0.0040	0.0034
53	87	0.1006	12	1	0	0	0	0	0	0	0	0	0	1	2	0	0	0	0	0	0	N	N	N	N	N	Y	N	N	N	N	N	N	N	N	N	N	N	N	inf	inf	0.0000	inf	inf	0.0000	0.0000	0.0000	0.0000	0.0000	0.0000	0.0000	0.0000	0.0000	0.0000	0.0000	0.0000	0.0000	0.0000	0.0000	0.0000	0.0000	0.0000	0.0000	0.0000	0.0000	0.0000	0.0000		-0.0000	0.0000	0.9921	0.9989	0.0076	0.5152	0.0000	0.0000	0.0000	0.0000	0.0000	0.0000	0.0000	0.0000	0.0000	0.0000	0.0000	0.0000	0.0000	0.0000	0.0000	0.0000	0.0000	0.0000	0.0115	0.0100	0.0014	0.0007	0.0007	0.0000	0.0108	0.0094	0.0014	0.0053	0.0033	0.0020	0.0027	0.0020	0.0007	0.0026	0.0013	0.0013
53	88	0.0712	11	1	0	0	0	0	0	0	0	0	1	1	2	0	0	0	0	0	0	N	N	N	N	N	Y	N	N	N	N	N	N	N	N	N	N	N	N	inf	inf	0.0000	inf	inf	0.0000	0.0000	0.0000	0.0000	0.0025	0.0028	0.0000	0.0705	0.0746	0.0000	0.0000	0.0000	0.0000	0.0000	0.0000	0.0000	0.0000	0.0000	0.0000	0.0000	0.0000	0.0000	0.0000		-0.0000	0.0000	0.9921	6.0209	0.0076	2.4875	0.0002	0.0002	0.0000	0.0002	0.0002	0.0000	0.0000	0.0000	0.0000	0.0000	0.0000	0.0000	0.0000	0.0000	0.0000	0.0000	0.0000	0.0000	0.0686	0.0600	0.0085	0.0024	0.0023	0.0001	0.0661	0.0578	0.0084	0.0186	0.0100	0.0086	0.0032	0.0024	0.0007	0.0154	0.0075	0.0079
53	90	0.1216	15	2	0	1	0	0	0	1	0	0	0	1	1	0	0	0	0	0	0	Y	N	N	N	N	N	N	N	N	N	N	N	N	N	N	N	N	N	14197.2266	8971.7455	18.9233	28119.5959	25854.7602	95.0587	0.0000	0.0000	0.0000	14.1125	16.0992	0.0006	179.1578	191.4481	0.0135	0.0000	0.0000	0.0000	0.0010	0.0018	0.0000	0.0064	0.0074	0.0001	0.0000	0.0000	0.0000	0.0000	0.0135	-0.2262	-0.0000	0.9921	5.9354	0.0076	8.3561	0.9801	0.9801	0.0000	0.9801	0.9801	0.0000	0.0000	0.0000	0.0000	0.0000	0.0000	0.0000	0.0000	0.0000	0.0000	0.0000	0.0000	0.0000	0.0694	0.0609	0.0086	0.0055	0.0051	0.0004	0.0640	0.0558	0.0082	0.0296	0.0162	0.0134	0.0046	0.0039	0.0007	0.0251	0.0123	0.0128
53	91	0.1047	14	2	0	0	0	0	0	0	0	0	0	1	1	0	0	0	0	0	0	Y	N	N	N	N	N	N	N	N	N	N	N	N	N	N	N	N	N	15.3076	10.1905	0.1791	23.9631	24.6562	45.4968	658.5260	5969.5124	0.1673	1.0632	1.2163	0.0003	7.6461	8.5041	0.0004	0.5332	0.6114	0.0002	0.0695	0.1194	0.0014	0.3191	0.3449	0.0000	0.0008	0.0001	0.0015	0.0000	0.0087	-0.0046	-0.0007	0.9921	1.5872	0.0076	4.4746	0.0200	0.0200	0.0000	0.0107	0.0107	0.0000	0.0093	0.0093	0.0000	0.0012	0.0011	0.0000	0.0011	0.0011	0.0000	0.0000	0.0000	0.0000	0.0188	0.0165	0.0024	0.0014	0.0013	0.0001	0.0174	0.0152	0.0022	0.0167	0.0096	0.0071	0.0036	0.0033	0.0003	0.0131	0.0063	0.0068
53	99	0.0518	8	2	0	1	0	1	0	1	0	0	0	1	1	0	0	0	0	0	0	Y	N	N	N	N	N	N	N	N	N	N	N	N	N	N	N	N	N	0.0055	0.0031	0.0000	0.0076	0.0063	0.0000	0.0000	0.0000	0.0000	0.0003	0.0004	0.0000	0.0150	0.0155	0.0000	0.0000	0.0000	0.0000	0.0633	0.1269	0.0007	1.9728	2.4720	0.0000	0.0004	0.0000	0.0007	0.0000	0.0054	-0.0000	-0.0011	0.9921	5.0000	0.0076	11.0015	0.0000	0.0000	0.0000	0.0000	0.0000	0.0000	0.0000	0.0000	0.0000	0.0019	0.0018	0.0000	0.0018	0.0018	0.0000	0.0000	0.0000	0.0000	0.0571	0.0500	0.0071	0.0013	0.0013	0.0000	0.0558	0.0487	0.0071	0.0294	0.0146	0.0148	0.0009	0.0007	0.0002	0.0284	0.0138	0.0146
53	100	0.1327	18	2	0	1	0	0	0	0	0	0	0	1	1	0	0	0	0	0	0	Y	N	N	N	N	N	N	N	N	N	N	N	N	N	N	N	N	N	0.0000	0.0000	0.0000	0.0450	0.3834	0.0000	0.0000	0.0000	0.0000	0.0000	0.0000	0.0000	0.0000	0.0000	0.0000	0.0000	0.0000	0.0000	0.0017	0.0030	0.0000	0.0000	0.0000	0.0001	0.0021	0.0042	0.0000	0.0000	0.0089	-0.0000	-0.0000	0.9921	2.0003	0.0076	3.6794	0.0000	0.0000	0.0000	0.0000	0.0000	0.0000	0.0000	0.0000	0.0000	0.0000	0.0000	0.0000	0.0000	0.0000	0.0000	0.0000	0.0000	0.0000	0.0234	0.0206	0.0029	0.0020	0.0019	0.0001	0.0215	0.0187	0.0028	0.0118	0.0067	0.0051	0.0023	0.0019	0.0003	0.0096	0.0048	0.0048
53	101	0.1220	17	2	0	1	0	1	0	1	0	0	0	1	1	0	0	0	0	0	0	Y	N	N	N	N	N	N	N	N	N	N	N	N	N	N	N	N	N	112.6433	68.1364	95.8946	43.9917	36.9973	inf	0.0000	0.0000	0.0000	0.0035	0.0040	0.0000	0.0087	0.0089	0.0005	0.0000	0.0000	0.0000	0.0000	0.0001	0.0000	0.0002	0.0002	0.0000	0.0000	0.0000	0.0000	0.0012	0.0059	-0.0000	-0.0000	0.9921	0.0087	0.0076	3.3708	0.0000	0.0000	0.0000	0.0000	0.0000	0.0000	0.0000	0.0000	0.0000	0.0000	0.0000	0.0000	0.0000	0.0000	0.0000	0.0000	0.0000	0.0000	0.0004	0.0003	0.0000	0.0002	0.0002	0.0000	0.0002	0.0002	0.0000	0.0065	0.0035	0.0030	0.0009	0.0007	0.0002	0.0056	0.0027	0.0029
53	106	0.0356	8	2	0	1	0	0	0	1	0	0	0	1	1	0	0	0	0	0	0	Y	N	N	N	N	N	N	N	N	N	N	N	N	N	N	N	N	N	0.0000	0.0000	0.0000	0.0000	0.0000	0.0000	0.0000	0.0000	0.0000	0.0000	0.0000	0.0000	0.0000	0.0000	0.0000	0.0000	0.0000	0.0000	0.2688	0.3863	0.1540	4.6685	5.9693	0.0000	0.0812	0.0000	0.1568		0.4082	0.0000	-0.0014	0.9921	3.0043	0.0076	5.0032	0.0000	0.0000	0.0000	0.0000	0.0000	0.0000	0.0000	0.0000	0.0000	0.0042	0.0030	0.0012	0.0030	0.0030	0.0000	0.0012	0.0000	0.0012	0.0349	0.0305	0.0044	0.0008	0.0008	0.0000	0.0341	0.0298	0.0043	0.0157	0.0077	0.0079	0.0006	0.0005	0.0001	0.0150	0.0072	0.0078
53	107	0.0291	7	2	0	0	0	0	0	0	0	0	0	1	1	0	0	0	0	0	0	Y	N	N	N	N	N	N	N	N	N	N	N	N	N	N	N	N	N	0.0000	0.0000	0.0000	0.0000	0.0000	0.0000	0.0000	0.0000	0.0000	0.0000	0.0000	0.0000	0.0000	0.0000	0.0000	0.0000	0.0000	0.0000	0.0008	0.0014	0.0002	0.0297	0.0369	0.0000	0.0001	0.0000	0.0002		0.1858	0.0000	-0.0000	0.9921	1.0015	0.0076	0.9989	0.0000	0.0000	0.0000	0.0000	0.0000	0.0000	0.0000	0.0000	0.0000	0.0000	0.0000	0.0000	0.0000	0.0000	0.0000	0.0000	0.0000	0.0000	0.0118	0.0103	0.0015	0.0002	0.0002	0.0000	0.0115	0.0100	0.0015	0.0040	0.0020	0.0021	0.0001	0.0001	0.0000	0.0039	0.0019	0.0020
53	108	0.0259	6	2	0	0	0	0	0	0	0	0	0	1	1	0	0	0	0	0	0	Y	N	N	N	N	N	N	N	N	N	N	N	N	N	N	N	N	N	0.0000	0.0000	0.0000	0.0000	0.0000	0.0000	0.0000	0.0000	0.0000	0.0000	0.0000	0.0000	0.0000	0.0000	0.0000	0.0000	0.0000	0.0000	0.0001	0.0001	0.0000	0.0028	0.0035	0.0000	0.0000	0.0000	0.0000		0.0084	0.0000	-0.0000	0.9921	1.0004	0.0076	0.0020	0.0000	0.0000	0.0000	0.0000	0.0000	0.0000	0.0000	0.0000	0.0000	0.0000	0.0000	0.0000	0.0000	0.0000	0.0000	0.0000	0.0000	0.0000	0.0117	0.0102	0.0015	0.0002	0.0002	0.0000	0.0115	0.0100	0.0015	0.0020	0.0010	0.0010	0.0000	0.0000	0.0000	0.0020	0.0009	0.0010
53	110	0.1272	15	2	0	1	0	0	0	0	0	0	0	1	1	0	0	0	0	0	0	Y	N	N	N	N	N	N	N	N	N	N	N	N	N	N	N	N	N	1955.5556	3596704.2892	0.0000	4795438.9256	9305031.5327	0.0000	11.5139	135842.3982	0.0000	12.6760	14.4580	0.0000	193.5410	206.8598	0.0000	0.0833	0.0955	0.0000	0.0065	0.0000	0.0136	0.0000	0.0000	0.0001	0.0072	0.0000	0.0143	0.0000	3086.2363	-0.2285	0.0001	0.9921	7.0195	0.0076	5.1243	0.9902	0.9902	0.0000	0.9841	0.9841	0.0000	0.0061	0.0061	0.0000	0.0002	0.0000	0.0002	0.0000	0.0000	0.0000	0.0002	0.0000	0.0002	0.0781	0.0685	0.0096	0.0051	0.0048	0.0003	0.0730	0.0637	0.0093	0.0232	0.0121	0.0111	0.0024	0.0019	0.0006	0.0208	0.0102	0.0105
53	111	0.1047	14	2	0	1	0	0	0	1	0	0	0	1	1	0	0	0	0	0	0	Y	N	N	N	N	N	N	N	N	N	N	N	N	N	N	N	N	N	713.3579	4696.4618	1.6747	16593.0365	17532.7046	610.1516	368.0968	4208.6426	0.0506	0.6713	0.7672	0.0034	3.9751	4.3816	0.0623	0.4213	0.4831	0.0001	0.0009	0.0002	0.0020	0.0002	0.0002	0.0001	0.0011	0.0001	0.0021	0.0006	8.9076	-0.0037	0.0000	0.9921	2.0281	0.0076	3.4706	0.0160	0.0160	0.0000	0.0067	0.0067	0.0000	0.0093	0.0093	0.0000	0.0000	0.0000	0.0000	0.0000	0.0000	0.0000	0.0000	0.0000	0.0000	0.0239	0.0209	0.0030	0.0017	0.0015	0.0002	0.0222	0.0193	0.0028	0.0157	0.0091	0.0066	0.0035	0.0033	0.0002	0.0122	0.0058	0.0063
53	112	0.0912	13	2	0	0	0	1	0	0	0	0	0	1	1	0	0	0	0	0	0	Y	N	N	N	N	N	N	N	N	N	N	N	N	N	N	N	N	N	42.6458	28.7401	0.2887	1513.8600	1485.2124	inf	18.9502	10.5196	0.0000	0.5988	0.6847	0.0000	4.7461	5.2327	0.0002	0.3381	0.3875	0.0000	0.0140	0.0238	0.0000	0.0031	0.0035	0.0000	0.0178	0.0368	0.0000	0.0000	0.0010	-0.0050	-0.0001	0.9921	3.0209	0.0076	2.2550	0.0215	0.0215	0.0000	0.0101	0.0101	0.0000	0.0114	0.0114	0.0000	0.0002	0.0002	0.0000	0.0000	0.0000	0.0000	0.0002	0.0002	0.0000	0.0359	0.0314	0.0045	0.0021	0.0019	0.0002	0.0338	0.0294	0.0043	0.0160	0.0094	0.0066	0.0041	0.0037	0.0005	0.0118	0.0057	0.0061
53	120	0.0817	14	1	0	1	0	0	0	0	0	0	0	2	1	0	0	0	0	0	0	N	N	N	N	Y	N	N	N	N	N	N	N	N	N	N	N	N	N	0.0000	0.0000	0.0000	0.0000	0.0000	0.0000	0.0000	0.0000	0.0000	0.0000	0.0000	0.0000	0.0000	0.0000	0.0000	0.0000	0.0000	0.0000	0.0000	0.0000	0.0000	0.0000	0.0000	0.0000	0.0000	0.0000	0.0000			0.0000	0.0000	0.9921	2.9998	0.0076	1.0000	0.0000	0.0000	0.0000	0.0000	0.0000	0.0000	0.0000	0.0000	0.0000	0.0000	0.0000	0.0000	0.0000	0.0000	0.0000	0.0000	0.0000	0.0000	0.0341	0.0298	0.0042	0.0015	0.0014	0.0001	0.0325	0.0284	0.0042	0.0075	0.0037	0.0038	0.0003	0.0003	0.0001	0.0071	0.0034	0.0037
53	121	0.0817	13	1	0	1	0	0	0	0	0	1	0	2	1	0	0	0	0	0	0	N	N	N	N	Y	N	N	N	N	N	N	N	N	N	N	N	N	N	0.0000	0.0000	0.0000	0.0000	0.0000	0.0000	0.0000	0.0000	0.0000	0.0000	0.0000	0.0000	0.0000	0.0000	0.0000	0.0000	0.0000	0.0000	0.0000	0.0000	0.0000	0.0000	0.0000	0.0000	0.0000	0.0000	0.0000			0.0000	0.0000	0.9921	0.0006	0.0076	0.0007	0.0000	0.0000	0.0000	0.0000	0.0000	0.0000	0.0000	0.0000	0.0000	0.0000	0.0000	0.0000	0.0000	0.0000	0.0000	0.0000	0.0000	0.0000	0.0000	0.0000	0.0000	0.0000	0.0000	0.0000	0.0000	0.0000	0.0000	0.0000	0.0000	0.0000	0.0000	0.0000	0.0000	0.0000	0.0000	0.0000
53	126	0.0848	14	2	0	1	0	0	0	0	0	0	0	1	1	0	0	0	0	0	0	Y	N	N	N	N	N	N	N	N	N	N	N	N	N	N	N	N	N	0.0000	0.0000	0.0000	0.0000	0.0000	0.0000	0.0000	0.0000	0.0000	0.0000	0.0000	0.0000	0.0000	0.0000	0.0000	0.0000	0.0000	0.0000	0.0000	0.0000	0.0000	0.0000	0.0000	0.0000	0.0000	0.0000	0.0000			0.0000	0.0000	0.9921	1.0002	0.0076	2.0058	0.0000	0.0000	0.0000	0.0000	0.0000	0.0000	0.0000	0.0000	0.0000	0.0000	0.0000	0.0000	0.0000	0.0000	0.0000	0.0000	0.0000	0.0000	0.0115	0.0101	0.0014	0.0005	0.0005	0.0000	0.0110	0.0096	0.0014	0.0057	0.0028	0.0029	0.0003	0.0002	0.0001	0.0054	0.0026	0.0028
53	127	0.0882	14	1	0	0	0	0	0	0	0	0	1	1	2	0	0	0	0	0	0	N	N	N	N	N	Y	N	N	N	N	N	N	N	N	N	N	N	N	0.0000	0.0000	0.0000	0.0000	0.0000	0.0000	0.0000	0.0000	0.0000	0.0000	0.0000	0.0000	0.0000	0.0000	0.0000	0.0000	0.0000	0.0000	0.0000	0.0000	0.0000	0.0000	0.0000	0.0000	0.0000	0.0000	0.0000			0.0000	0.0000	0.9921	1.0000	0.0076	2.0000	0.0000	0.0000	0.0000	0.0000	0.0000	0.0000	0.0000	0.0000	0.0000	0.0000	0.0000	0.0000	0.0000	0.0000	0.0000	0.0000	0.0000	0.0000	0.0115	0.0100	0.0014	0.0005	0.0005	0.0000	0.0110	0.0096	0.0014	0.0058	0.0029	0.0029	0.0003	0.0002	0.0001	0.0056	0.0027	0.0029
53	128	0.0882	13	1	0	0	0	0	0	0	0	0	1	1	2	0	0	0	0	0	0	N	N	N	N	N	Y	N	N	N	N	N	N	N	N	N	N	N	N	0.0000	0.0000	0.0000	0.0000	0.0000	0.0000	0.0000	0.0000	0.0000	0.0000	0.0000	0.0000	0.0000	0.0000	0.0000	0.0000	0.0000	0.0000	0.0000	0.0000	0.0000	0.0000	0.0000	0.0000	0.0000	0.0000	0.0000			0.0000	0.0000	0.9921	3.0000	0.0076	2.0000	0.0000	0.0000	0.0000	0.0000	0.0000	0.0000	0.0000	0.0000	0.0000	0.0000	0.0000	0.0000	0.0000	0.0000	0.0000	0.0000	0.0000	0.0000	0.0340	0.0298	0.0042	0.0015	0.0014	0.0001	0.0325	0.0284	0.0042	0.0096	0.0048	0.0048	0.0004	0.0003	0.0001	0.0092	0.0044	0.0047
53	129	0.0914	15	1	0	0	0	0	0	0	0	0	1	1	2	0	0	0	0	0	0	N	N	N	N	N	Y	N	N	N	N	N	N	N	N	N	N	N	N	0.0000	0.0000	0.0000	0.0000	0.0000	0.0000	0.0000	0.0000	0.0000	0.0000	0.0000	0.0000	0.0000	0.0000	0.0000	0.0000	0.0000	0.0000	0.0120	0.0239	0.0000	0.2480	0.3158	0.0000	0.0000	0.0000	0.0000		0.0000	0.0000	-0.0000	0.9921	2.0004	0.0076	1.0045	0.0000	0.0000	0.0000	0.0000	0.0000	0.0000	0.0000	0.0000	0.0000	0.0001	0.0001	0.0000	0.0001	0.0001	0.0000	0.0000	0.0000	0.0000	0.0228	0.0200	0.0028	0.0010	0.0010	0.0001	0.0218	0.0190	0.0028	0.0058	0.0029	0.0029	0.0003	0.0002	0.0001	0.0056	0.0027	0.0029
53	133	0.1052	11	2	0	1	0	0	0	0	0	0	0	2	1	0	0	0	0	0	0	Y	N	N	N	Y	N	N	N	N	N	N	N	N	N	N	N	N	N	0.0000	0.0000	0.0000	0.0000	0.0000	0.0000	0.0000	0.0000	0.0000	0.0000	0.0000	0.0000	0.0000	0.0000	0.0000	0.0000	0.0000	0.0000	0.0000	0.0000	0.0000	0.0000	0.0000	0.0000	0.0000	0.0000	0.0000			0.0000	0.0000	0.9921	0.0000	0.0076	0.0001	0.0000	0.0000	0.0000	0.0000	0.0000	0.0000	0.0000	0.0000	0.0000	0.0000	0.0000	0.0000	0.0000	0.0000	0.0000	0.0000	0.0000	0.0000	0.0000	0.0000	0.0000	0.0000	0.0000	0.0000	0.0000	0.0000	0.0000	0.0000	0.0000	0.0000	0.0000	0.0000	0.0000	0.0000	0.0000	0.0000
53	134	0.0652	10	2	0	1	0	1	0	1	0	1	0	2	1	0	0	0	0	0	0	Y	N	N	N	Y	N	N	N	N	N	N	N	N	N	N	N	N	N	0.0000	0.0000	0.0000	0.0000	0.0000	0.0000	0.0000	0.0000	0.0000	0.0000	0.0000	0.0000	0.0000	0.0000	0.0000	0.0000	0.0000	0.0000	0.0000	0.0000	0.0000	0.0000	0.0000	0.0000	0.0000	0.0000	0.0000			0.0000	0.0000	0.9921	4.0005	0.0076	6.9251	0.0000	0.0000	0.0000	0.0000	0.0000	0.0000	0.0000	0.0000	0.0000	0.0000	0.0000	0.0000	0.0000	0.0000	0.0000	0.0000	0.0000	0.0000	0.0462	0.0404	0.0058	0.0012	0.0012	0.0000	0.0449	0.0392	0.0057	0.0213	0.0107	0.0107	0.0011	0.0009	0.0001	0.0203	0.0097	0.0105
53	135	0.0978	15	2	0	1	0	0	0	0	0	0	0	2	1	0	0	0	0	0	0	Y	N	N	N	Y	N	N	N	N	N	N	N	N	N	N	N	N	N	0.0000	0.0000	0.0000	0.0000	0.0000	0.0000	0.0000	0.0000	0.0000	0.0000	0.0000	0.0000	0.0000	0.0000	0.0000	0.0000	0.0000	0.0000	0.0010	0.0000	0.0020	0.0001	0.0001	0.0000	0.0010	0.0000	0.0020		119.1406	0.0000	0.0000	0.9921	0.9923	0.0076	0.0060	0.0000	0.0000	0.0000	0.0000	0.0000	0.0000	0.0000	0.0000	0.0000	0.0000	0.0000	0.0000	0.0000	0.0000	0.0000	0.0000	0.0000	0.0000	0.0116	0.0101	0.0014	0.0007	0.0007	0.0000	0.0109	0.0095	0.0014	0.0018	0.0009	0.0009	0.0001	0.0001	0.0000	0.0017	0.0008	0.0009
53	136	0.0848	14	2	0	1	0	0	0	0	0	1	0	2	1	0	0	0	0	0	0	Y	N	N	N	Y	N	N	N	N	N	N	N	N	N	N	N	N	N	0.0000	0.0000	0.0000	0.0000	0.0000	0.0000	0.0000	0.0000	0.0000	0.0000	0.0000	0.0000	0.0000	0.0000	0.0000	0.0000	0.0000	0.0000	0.0002	0.0005	0.0000	0.0047	0.0059	0.0000	0.0000	0.0000	0.0000		0.0084	0.0000	-0.0000	0.9921	2.0106	0.0076	2.0023	0.0000	0.0000	0.0000	0.0000	0.0000	0.0000	0.0000	0.0000	0.0000	0.0000	0.0000	0.0000	0.0000	0.0000	0.0000	0.0000	0.0000	0.0000	0.0229	0.0200	0.0028	0.0010	0.0010	0.0001	0.0219	0.0191	0.0028	0.0075	0.0037	0.0038	0.0004	0.0003	0.0001	0.0072	0.0034	0.0037
53	137	0.0817	13	2	0	1	0	1	0	0	0	0	0	1	1	0	0	0	0	0	0	Y	N	N	N	N	N	N	N	N	N	N	N	N	N	N	N	N	N	0.0000	0.0000	0.0000	0.0000	0.0000	0.0000	0.0000	0.0000	0.0000	0.0000	0.0000	0.0000	0.0000	0.0000	0.0000	0.0000	0.0000	0.0000	0.0000	0.0000	0.0000	0.0000	0.0000	0.0000	0.0000	0.0000	0.0000			0.0000	0.0000	0.9921	0.0008	0.0076	1.0019	0.0000	0.0000	0.0000	0.0000	0.0000	0.0000	0.0000	0.0000	0.0000	0.0000	0.0000	0.0000	0.0000	0.0000	0.0000	0.0000	0.0000	0.0000	0.0000	0.0000	0.0000	0.0000	0.0000	0.0000	0.0000	0.0000	0.0000	0.0019	0.0009	0.0010	0.0001	0.0001	0.0000	0.0018	0.0009	0.0009
54	60	0.0858	10	2	0	1	0	0	0	0	0	0	0	2	1	0	0	0	0	0	0	Y	N	N	N	Y	N	N	N	N	N	N	N	N	N	N	N	N	N	0.0000	0.0000	0.0000	0.0000	0.0000	0.0000	0.0000	0.0000	0.0000	0.0000	0.0000	0.0000	0.0000	0.0000	0.0000	0.0000	0.0000	0.0000	0.0000	0.0000	0.0000	0.0000	0.0000	0.0000	0.0000	0.0000	0.0000			0.0000	0.0000	0.0000	2.0000	0.0000	7.0000	0.0000	0.0000	0.0000	0.0000	0.0000	0.0000	0.0000	0.0000	0.0000	0.0000	0.0000	0.0000	0.0000	0.0000	0.0000	0.0000	0.0000	0.0000	0.0000	0.0000	0.0000	0.0000	0.0000	0.0000	0.0000	0.0000	0.0000	0.0000	0.0000	0.0000	0.0000	0.0000	0.0000	0.0000	0.0000	0.0000
54	61	0.0858	9	2	0	1	0	0	0	0	0	0	1	2	1	0	0	0	0	0	0	Y	N	N	N	Y	N	N	N	N	N	N	N	N	N	N	N	N	N	0.0000	0.0000	0.0000	0.0000	0.0000	0.0000	0.0000	0.0000	0.0000	0.0000	0.0000	0.0000	0.0000	0.0000	0.0000	0.0000	0.0000	0.0000	0.0000	0.0000	0.0000	0.0000	0.0000	0.0000	0.0000	0.0000	0.0000			0.0000	0.0000	0.0000	0.0000	0.0000	0.0000	0.0000	0.0000	0.0000	0.0000	0.0000	0.0000	0.0000	0.0000	0.0000	0.0000	0.0000	0.0000	0.0000	0.0000	0.0000	0.0000	0.0000	0.0000	0.0000	0.0000	0.0000	0.0000	0.0000	0.0000	0.0000	0.0000	0.0000	0.0000	0.0000	0.0000	0.0000	0.0000	0.0000	0.0000	0.0000	0.0000
54	68	0.1779	17	2	0	1	0	0	0	0	0	0	1	1	1	0	0	0	0	0	0	Y	N	N	N	N	N	N	N	N	N	N	N	N	N	N	N	N	N	0.0000	0.0000	0.0000	0.0000	0.0000	0.0000	0.0000	0.0000	0.0000	0.0000	0.0000	0.0000	0.0000	0.0000	0.0000	0.0000	0.0000	0.0000	0.0000	0.0000	0.0000	0.0000	0.0000	0.0000	0.0000	0.0000	0.0000			0.0000	0.0000	0.0000	1.4193	0.0000	5.2011	0.0000	0.0000	0.0000	0.0000	0.0000	0.0000	0.0000	0.0000	0.0000	0.0000	0.0000	0.0000	0.0000	0.0000	0.0000	0.0000	0.0000	0.0000	0.0000	0.0000	0.0000	0.0000	0.0000	0.0000	0.0000	0.0000	0.0000	0.0000	0.0000	0.0000	0.0000	0.0000	0.0000	0.0000	0.0000	0.0000
54	69	0.1278	16	2	0	1	0	1	0	0	0	0	0	1	0	0	0	0	0	0	0	Y	N	N	N	N	N	N	N	N	N	N	N	N	N	N	N	N	N	0.0000	0.0000	0.0000	0.0000	0.0000	0.0000	0.0000	0.0000	0.0000	0.0000	0.0000	0.0000	0.0000	0.0000	0.0000	0.0000	0.0000	0.0000	0.0000	0.0000	0.0000	0.0000	0.0000	0.0000	0.0000	0.0000	0.0000			0.0000	0.0000	0.0000	9.3928	0.0000	3.6523	0.0000	0.0000	0.0000	0.0000	0.0000	0.0000	0.0000	0.0000	0.0000	0.0000	0.0000	0.0000	0.0000	0.0000	0.0000	0.0000	0.0000	0.0000	0.0000	0.0000	0.0000	0.0000	0.0000	0.0000	0.0000	0.0000	0.0000	0.0000	0.0000	0.0000	0.0000	0.0000	0.0000	0.0000	0.0000	0.0000
54	74	0.0858	10	2	0	1	0	0	0	0	0	0	0	2	0	0	0	0	0	0	0	Y	N	N	N	Y	N	N	N	N	N	N	N	N	N	N	N	N	N	0.0000	0.0000	0.0000	0.0000	0.0000	0.0000	0.0000	0.0000	0.0000	0.0000	0.0000	0.0000	0.0000	0.0000	0.0000	0.0000	0.0000	0.0000	0.0000	0.0000	0.0000	0.0000	0.0000	0.0000	0.0000	0.0000	0.0000			0.0000	0.0000	0.0000	3.9277	0.0000	0.5227	0.0000	0.0000	0.0000	0.0000	0.0000	0.0000	0.0000	0.0000	0.0000	0.0000	0.0000	0.0000	0.0000	0.0000	0.0000	0.0000	0.0000	0.0000	0.0000	0.0000	0.0000	0.0000	0.0000	0.0000	0.0000	0.0000	0.0000	0.0000	0.0000	0.0000	0.0000	0.0000	0.0000	0.0000	0.0000	0.0000
54	75	0.0858	9	2	0	1	0	0	0	0	0	0	0	2	0	0	0	0	0	0	0	Y	N	N	N	Y	N	N	N	N	N	N	N	N	N	N	N	N	N	0.0000	0.0000	0.0000	0.0000	0.0000	0.0000	0.0000	0.0000	0.0000	0.0000	0.0000	0.0000	0.0000	0.0000	0.0000	0.0000	0.0000	0.0000	0.0000	0.0000	0.0000	0.0000	0.0000	0.0000	0.0000	0.0000	0.0000			0.0000	0.0000	0.0000	0.0009	0.0000	0.0000	0.0000	0.0000	0.0000	0.0000	0.0000	0.0000	0.0000	0.0000	0.0000	0.0000	0.0000	0.0000	0.0000	0.0000	0.0000	0.0000	0.0000	0.0000	0.0000	0.0000	0.0000	0.0000	0.0000	0.0000	0.0000	0.0000	0.0000	0.0000	0.0000	0.0000	0.0000	0.0000	0.0000	0.0000	0.0000	0.0000
54	76	0.0826	8	2	0	1	0	0	0	0	0	0	0	2	0	0	0	0	0	0	0	Y	N	N	N	Y	N	N	N	N	N	N	N	N	N	N	N	N	N	0.0000	0.0000	0.0000	0.0000	0.0000	0.0000	0.0000	0.0000	0.0000	0.0000	0.0000	0.0000	0.0000	0.0000	0.0000	0.0000	0.0000	0.0000	0.0000	0.0000	0.0000	0.0000	0.0000	0.0000	0.0000	0.0000	0.0000			0.0000	0.0000	0.0000	1.0000	0.0000	0.0000	0.0000	0.0000	0.0000	0.0000	0.0000	0.0000	0.0000	0.0000	0.0000	0.0000	0.0000	0.0000	0.0000	0.0000	0.0000	0.0000	0.0000	0.0000	0.0000	0.0000	0.0000	0.0000	0.0000	0.0000	0.0000	0.0000	0.0000	0.0000	0.0000	0.0000	0.0000	0.0000	0.0000	0.0000	0.0000	0.0000
54	77	0.0686	9	2	0	1	0	1	0	0	0	0	0	1	0	0	0	0	0	0	0	Y	N	N	N	N	N	N	N	N	N	N	N	N	N	N	N	N	N	0.0000	0.0000	0.0000	0.0000	0.0000	0.0000	0.0000	0.0000	0.0000	0.0000	0.0000	0.0000	0.0000	0.0000	0.0000	0.0000	0.0000	0.0000	0.0000	0.0000	0.0000	0.0000	0.0000	0.0000	0.0000	0.0000	0.0000			0.0000	0.0000	0.0000	3.3326	0.0000	4.0108	0.0000	0.0000	0.0000	0.0000	0.0000	0.0000	0.0000	0.0000	0.0000	0.0000	0.0000	0.0000	0.0000	0.0000	0.0000	0.0000	0.0000	0.0000	0.0000	0.0000	0.0000	0.0000	0.0000	0.0000	0.0000	0.0000	0.0000	0.0000	0.0000	0.0000	0.0000	0.0000	0.0000	0.0000	0.0000	0.0000
54	79	0.1052	10	2	0	1	0	0	0	0	0	0	0	2	1	0	0	0	0	0	0	Y	N	N	N	Y	N	N	N	N	N	N	N	N	N	N	N	N	N	0.0000	0.0000	0.0000	0.0000	0.0000	0.0000	0.0000	0.0000	0.0000	0.0000	0.0000	0.0000	0.0000	0.0000	0.0000	0.0000	0.0000	0.0000	0.0000	0.0000	0.0000	0.0000	0.0000	0.0000	0.0000	0.0000	0.0000			0.0000	0.0000	0.0000	0.0001	0.0000	1.0072	0.0000	0.0000	0.0000	0.0000	0.0000	0.0000	0.0000	0.0000	0.0000	0.0000	0.0000	0.0000	0.0000	0.0000	0.0000	0.0000	0.0000	0.0000	0.0000	0.0000	0.0000	0.0000	0.0000	0.0000	0.0000	0.0000	0.0000	0.0000	0.0000	0.0000	0.0000	0.0000	0.0000	0.0000	0.0000	0.0000
54	80	0.0955	9	2	0	1	0	0	0	0	0	0	0	2	1	0	0	0	0	0	0	Y	N	N	N	Y	N	N	N	N	N	N	N	N	N	N	N	N	N	0.0000	0.0000	0.0000	0.0000	0.0000	0.0000	0.0000	0.0000	0.0000	0.0000	0.0000	0.0000	0.0000	0.0000	0.0000	0.0000	0.0000	0.0000	0.0000	0.0000	0.0000	0.0000	0.0000	0.0000	0.0000	0.0000	0.0000			0.0000	0.0000	0.0000	1.0058	0.0000	1.9973	0.0000	0.0000	0.0000	0.0000	0.0000	0.0000	0.0000	0.0000	0.0000	0.0000	0.0000	0.0000	0.0000	0.0000	0.0000	0.0000	0.0000	0.0000	0.0000	0.0000	0.0000	0.0000	0.0000	0.0000	0.0000	0.0000	0.0000	0.0000	0.0000	0.0000	0.0000	0.0000	0.0000	0.0000	0.0000	0.0000
54	83	0.0955	9	2	0	1	0	0	0	0	0	0	0	2	1	0	0	0	0	0	0	Y	N	N	N	Y	N	N	N	N	N	N	N	N	N	N	N	N	N	0.0000	0.0000	0.0000	0.0000	0.0000	0.0000	0.0000	0.0000	0.0000	0.0000	0.0000	0.0000	0.0000	0.0000	0.0000	0.0000	0.0000	0.0000	0.0000	0.0000	0.0000	0.0000	0.0000	0.0000	0.0000	0.0000	0.0000			0.0000	0.0000	0.0000	5.0069	0.0000	6.0103	0.0000	0.0000	0.0000	0.0000	0.0000	0.0000	0.0000	0.0000	0.0000	0.0000	0.0000	0.0000	0.0000	0.0000	0.0000	0.0000	0.0000	0.0000	0.0000	0.0000	0.0000	0.0000	0.0000	0.0000	0.0000	0.0000	0.0000	0.0000	0.0000	0.0000	0.0000	0.0000	0.0000	0.0000	0.0000	0.0000
54	84	0.0890	8	2	0	1	0	0	0	0	0	1	1	2	1	0	0	0	0	0	0	Y	N	N	N	Y	N	N	N	N	N	N	N	N	N	N	N	N	N	0.0000	0.0000	0.0000	0.0000	0.0000	0.0000	0.0000	0.0000	0.0000	0.0000	0.0000	0.0000	0.0000	0.0000	0.0000	0.0000	0.0000	0.0000	0.0000	0.0000	0.0000	0.0000	0.0000	0.0000	0.0000	0.0000	0.0000			0.0000	0.0000	0.0000	1.9932	0.0000	0.0278	0.0000	0.0000	0.0000	0.0000	0.0000	0.0000	0.0000	0.0000	0.0000	0.0000	0.0000	0.0000	0.0000	0.0000	0.0000	0.0000	0.0000	0.0000	0.0000	0.0000	0.0000	0.0000	0.0000	0.0000	0.0000	0.0000	0.0000	0.0000	0.0000	0.0000	0.0000	0.0000	0.0000	0.0000	0.0000	0.0000
54	91	0.1062	12	2	0	1	0	0	0	0	0	0	0	1	0	0	0	0	0	0	0	Y	N	N	N	N	N	N	N	N	N	N	N	N	N	N	N	N	N	0.0000	0.0000	0.0000	0.0000	0.0000	0.0000	0.0000	0.0000	0.0000	0.0000	0.0000	0.0000	0.0000	0.0000	0.0000	0.0000	0.0000	0.0000	0.0000	0.0000	0.0000	0.0000	0.0000	0.0000	0.0000	0.0000	0.0000			0.0000	0.0000	0.0000	1.5872	0.0000	4.4746	0.0000	0.0000	0.0000	0.0000	0.0000	0.0000	0.0000	0.0000	0.0000	0.0000	0.0000	0.0000	0.0000	0.0000	0.0000	0.0000	0.0000	0.0000	0.0000	0.0000	0.0000	0.0000	0.0000	0.0000	0.0000	0.0000	0.0000	0.0000	0.0000	0.0000	0.0000	0.0000	0.0000	0.0000	0.0000	0.0000
54	92	0.1021	11	2	0	1	1	0	0	0	1	0	0	2	1	0	0	0	0	0	0	Y	N	N	N	Y	N	N	N	N	N	N	N	N	N	N	N	N	N	0.0000	0.0000	0.0000	0.0000	0.0000	0.0000	0.0000	0.0000	0.0000	0.0000	0.0000	0.0000	0.0000	0.0000	0.0000	0.0000	0.0000	0.0000	0.0000	0.0000	0.0000	0.0000	0.0000	0.0000	0.0000	0.0000	0.0000			0.0000	0.0000	0.0000	1.0091	0.0000	1.9972	0.0000	0.0000	0.0000	0.0000	0.0000	0.0000	0.0000	0.0000	0.0000	0.0000	0.0000	0.0000	0.0000	0.0000	0.0000	0.0000	0.0000	0.0000	0.0000	0.0000	0.0000	0.0000	0.0000	0.0000	0.0000	0.0000	0.0000	0.0000	0.0000	0.0000	0.0000	0.0000	0.0000	0.0000	0.0000	0.0000
54	93	0.0858	10	2	0	1	0	0	0	0	0	0	1	2	1	0	0	0	0	0	0	Y	N	N	N	Y	N	N	N	N	N	N	N	N	N	N	N	N	N	0.0000	0.0000	0.0000	0.0000	0.0000	0.0000	0.0000	0.0000	0.0000	0.0000	0.0000	0.0000	0.0000	0.0000	0.0000	0.0000	0.0000	0.0000	0.0000	0.0000	0.0000	0.0000	0.0000	0.0000	0.0000	0.0000	0.0000			0.0000	0.0000	0.0000	2.0083	0.0000	3.0031	0.0000	0.0000	0.0000	0.0000	0.0000	0.0000	0.0000	0.0000	0.0000	0.0000	0.0000	0.0000	0.0000	0.0000	0.0000	0.0000	0.0000	0.0000	0.0000	0.0000	0.0000	0.0000	0.0000	0.0000	0.0000	0.0000	0.0000	0.0000	0.0000	0.0000	0.0000	0.0000	0.0000	0.0000	0.0000	0.0000
54	94	0.0858	9	2	0	1	0	0	0	0	0	0	0	2	0	0	0	0	0	0	0	Y	N	N	N	Y	N	N	N	N	N	N	N	N	N	N	N	N	N	0.0000	0.0000	0.0000	0.0000	0.0000	0.0000	0.0000	0.0000	0.0000	0.0000	0.0000	0.0000	0.0000	0.0000	0.0000	0.0000	0.0000	0.0000	0.0000	0.0000	0.0000	0.0000	0.0000	0.0000	0.0000	0.0000	0.0000			0.0000	0.0000	0.0000	0.0000	0.0000	0.0002	0.0000	0.0000	0.0000	0.0000	0.0000	0.0000	0.0000	0.0000	0.0000	0.0000	0.0000	0.0000	0.0000	0.0000	0.0000	0.0000	0.0000	0.0000	0.0000	0.0000	0.0000	0.0000	0.0000	0.0000	0.0000	0.0000	0.0000	0.0000	0.0000	0.0000	0.0000	0.0000	0.0000	0.0000	0.0000	0.0000
54	95	0.0826	8	2	0	1	0	0	0	0	0	0	0	2	0	0	0	0	0	0	0	Y	N	N	N	Y	N	N	N	N	N	N	N	N	N	N	N	N	N	0.0000	0.0000	0.0000	0.0000	0.0000	0.0000	0.0000	0.0000	0.0000	0.0000	0.0000	0.0000	0.0000	0.0000	0.0000	0.0000	0.0000	0.0000	0.0000	0.0000	0.0000	0.0000	0.0000	0.0000	0.0000	0.0000	0.0000			0.0000	0.0000	0.0000	1.0000	0.0000	0.0001	0.0000	0.0000	0.0000	0.0000	0.0000	0.0000	0.0000	0.0000	0.0000	0.0000	0.0000	0.0000	0.0000	0.0000	0.0000	0.0000	0.0000	0.0000	0.0000	0.0000	0.0000	0.0000	0.0000	0.0000	0.0000	0.0000	0.0000	0.0000	0.0000	0.0000	0.0000	0.0000	0.0000	0.0000	0.0000	0.0000
54	96	0.0826	7	2	0	1	0	0	0	0	0	1	0	2	0	0	0	0	0	0	0	Y	N	N	N	Y	N	N	N	N	N	N	N	N	N	N	N	N	N	0.0000	0.0000	0.0000	0.0000	0.0000	0.0000	0.0000	0.0000	0.0000	0.0000	0.0000	0.0000	0.0000	0.0000	0.0000	0.0000	0.0000	0.0000	0.0000	0.0000	0.0000	0.0000	0.0000	0.0000	0.0000	0.0000	0.0000			0.0000	0.0000	0.0000	0.0000	0.0000	0.0001	0.0000	0.0000	0.0000	0.0000	0.0000	0.0000	0.0000	0.0000	0.0000	0.0000	0.0000	0.0000	0.0000	0.0000	0.0000	0.0000	0.0000	0.0000	0.0000	0.0000	0.0000	0.0000	0.0000	0.0000	0.0000	0.0000	0.0000	0.0000	0.0000	0.0000	0.0000	0.0000	0.0000	0.0000	0.0000	0.0000
54	97	0.0794	6	2	0	1	0	0	0	0	0	0	0	1	0	0	0	0	0	0	0	Y	N	N	N	N	N	N	N	N	N	N	N	N	N	N	N	N	N	0.0000	0.0000	0.0000	0.0000	0.0000	0.0000	0.0000	0.0000	0.0000	0.0000	0.0000	0.0000	0.0000	0.0000	0.0000	0.0000	0.0000	0.0000	0.0000	0.0000	0.0000	0.0000	0.0000	0.0000	0.0000	0.0000	0.0000			0.0000	0.0000	0.0000	0.9999	0.0000	0.0008	0.0000	0.0000	0.0000	0.0000	0.0000	0.0000	0.0000	0.0000	0.0000	0.0000	0.0000	0.0000	0.0000	0.0000	0.0000	0.0000	0.0000	0.0000	0.0000	0.0000	0.0000	0.0000	0.0000	0.0000	0.0000	0.0000	0.0000	0.0000	0.0000	0.0000	0.0000	0.0000	0.0000	0.0000	0.0000	0.0000
54	107	0.0826	7	2	0	1	0	0	0	0	0	0	0	1	0	0	0	0	0	0	0	Y	N	N	N	N	N	N	N	N	N	N	N	N	N	N	N	N	N	0.0000	0.0000	0.0000	0.0000	0.0000	0.0000	0.0000	0.0000	0.0000	0.0000	0.0000	0.0000	0.0000	0.0000	0.0000	0.0000	0.0000	0.0000	0.0000	0.0000	0.0000	0.0000	0.0000	0.0000	0.0000	0.0000	0.0000			0.0000	0.0000	0.0000	1.0015	0.0000	0.9989	0.0000	0.0000	0.0000	0.0000	0.0000	0.0000	0.0000	0.0000	0.0000	0.0000	0.0000	0.0000	0.0000	0.0000	0.0000	0.0000	0.0000	0.0000	0.0000	0.0000	0.0000	0.0000	0.0000	0.0000	0.0000	0.0000	0.0000	0.0000	0.0000	0.0000	0.0000	0.0000	0.0000	0.0000	0.0000	0.0000
54	108	0.0794	6	2	0	1	0	0	0	0	0	0	0	1	0	0	0	0	0	0	0	Y	N	N	N	N	N	N	N	N	N	N	N	N	N	N	N	N	N	0.0000	0.0000	0.0000	0.0000	0.0000	0.0000	0.0000	0.0000	0.0000	0.0000	0.0000	0.0000	0.0000	0.0000	0.0000	0.0000	0.0000	0.0000	0.0000	0.0000	0.0000	0.0000	0.0000	0.0000	0.0000	0.0000	0.0000			0.0000	0.0000	0.0000	1.0004	0.0000	0.0020	0.0000	0.0000	0.0000	0.0000	0.0000	0.0000	0.0000	0.0000	0.0000	0.0000	0.0000	0.0000	0.0000	0.0000	0.0000	0.0000	0.0000	0.0000	0.0000	0.0000	0.0000	0.0000	0.0000	0.0000	0.0000	0.0000	0.0000	0.0000	0.0000	0.0000	0.0000	0.0000	0.0000	0.0000	0.0000	0.0000
54	109	0.0534	5	2	0	1	0	1	0	0	0	0	0	1	0	0	0	0	0	0	0	Y	N	N	N	N	N	N	N	N	N	N	N	N	N	N	N	N	N	0.0000	0.0000	0.0000	0.0000	0.0000	0.0000	0.0000	0.0000	0.0000	0.0000	0.0000	0.0000	0.0000	0.0000	0.0000	0.0000	0.0000	0.0000	0.0000	0.0000	0.0000	0.0000	0.0000	0.0000	0.0000	0.0000	0.0000			0.0000	0.0000	0.0000	3.0035	0.0000	5.0043	0.0000	0.0000	0.0000	0.0000	0.0000	0.0000	0.0000	0.0000	0.0000	0.0000	0.0000	0.0000	0.0000	0.0000	0.0000	0.0000	0.0000	0.0000	0.0000	0.0000	0.0000	0.0000	0.0000	0.0000	0.0000	0.0000	0.0000	0.0000	0.0000	0.0000	0.0000	0.0000	0.0000	0.0000	0.0000	0.0000
54	112	0.0928	11	2	0	1	0	1	0	0	0	0	0	1	0	0	0	0	0	0	0	Y	N	N	N	N	N	N	N	N	N	N	N	N	N	N	N	N	N	0.0000	0.0000	0.0000	0.0000	0.0000	0.0000	0.0000	0.0000	0.0000	0.0000	0.0000	0.0000	0.0000	0.0000	0.0000	0.0000	0.0000	0.0000	0.0000	0.0000	0.0000	0.0000	0.0000	0.0000	0.0000	0.0000	0.0000			0.0000	0.0000	0.0000	3.0209	0.0000	2.2550	0.0000	0.0000	0.0000	0.0000	0.0000	0.0000	0.0000	0.0000	0.0000	0.0000	0.0000	0.0000	0.0000	0.0000	0.0000	0.0000	0.0000	0.0000	0.0000	0.0000	0.0000	0.0000	0.0000	0.0000	0.0000	0.0000	0.0000	0.0000	0.0000	0.0000	0.0000	0.0000	0.0000	0.0000	0.0000	0.0000
58	60	0.0333	8	2	0	1	0	0	0	0	0	0	1	1	2	0	0	0	0	0	0	Y	N	N	N	N	Y	N	N	N	N	N	N	N	N	N	N	N	N	0.0000	0.0000	0.0000	0.0000	0.0000	0.0000	0.0000	0.0000	0.0000	0.0000	0.0000	0.0000	0.0000	0.0000	0.0000	0.0000	0.0000	0.0000	0.0000	0.0000	0.0000	0.0000	0.0000	0.0000	0.0000	0.0000	0.0000			0.0000	0.0000	1.0033	2.0000	1.0015	7.0000	0.0000	0.0000	0.0000	0.0000	0.0000	0.0000	0.0000	0.0000	0.0000	0.0000	0.0000	0.0000	0.0000	0.0000	0.0000	0.0000	0.0000	0.0000	0.0231	0.0202	0.0029	0.0006	0.0006	0.0000	0.0226	0.0197	0.0029	0.0451	0.0261	0.0190	0.0059	0.0058	0.0000	0.0392	0.0203	0.0189
58	61	0.0333	7	2	0	1	0	0	0	0	0	0	2	1	2	0	0	0	0	0	0	Y	N	N	N	N	Y	N	N	N	N	N	N	N	N	N	N	N	N	0.0000	0.0000	0.0000	0.0000	0.0000	0.0000	0.0000	0.0000	0.0000	0.0000	0.0000	0.0000	0.0000	0.0000	0.0000	0.0000	0.0000	0.0000	0.0000	0.0000	0.0000	0.0000	0.0000	0.0000	0.0000	0.0000	0.0000			0.0000	0.0000	1.0033	0.0000	1.0015	0.0000	0.0000	0.0000	0.0000	0.0000	0.0000	0.0000	0.0000	0.0000	0.0000	0.0000	0.0000	0.0000	0.0000	0.0000	0.0000	0.0000	0.0000	0.0000	0.0000	0.0000	0.0000	0.0000	0.0000	0.0000	0.0000	0.0000	0.0000	0.0000	0.0000	0.0000	0.0000	0.0000	0.0000	0.0000	0.0000	0.0000
58	68	0.1774	17	2	0	1	0	0	0	0	0	0	2	0	2	0	0	0	0	0	0	Y	N	N	N	N	Y	N	N	N	N	N	N	N	N	N	N	N	N	22.9135	16.7926	0.0000	24.0585	22.5726	0.0000	0.0000	0.0000	0.0000	0.0130	0.0147	0.0000	0.0521	0.0529	0.0000	0.0000	0.0000	0.0000	0.0006	0.0009	0.0000	0.0022	0.0023	0.0000	0.0000	0.0000	0.0000	0.0000	0.0017	-0.0001	-0.0000	1.0033	1.4193	1.0015	5.2011	0.0003	0.0003	0.0000	0.0003	0.0003	0.0000	0.0000	0.0000	0.0000	0.0000	0.0000	0.0000	0.0000	0.0000	0.0000	0.0000	0.0000	0.0000	0.0246	0.0218	0.0028	0.0061	0.0060	0.0001	0.0185	0.0157	0.0027	0.0350	0.0227	0.0124	0.0092	0.0085	0.0007	0.0259	0.0142	0.0116
58	69	0.1272	16	2	0	1	0	1	0	0	0	0	1	0	1	0	0	0	0	0	0	Y	N	N	N	N	N	N	N	N	N	N	N	N	N	N	N	N	N	4996.6933	4210.2746	0.0350	18429.4694	17849.6236	17.4848	0.0000	0.0000	0.0000	9.2590	10.5253	0.0000	129.9842	136.4581	0.0010	0.0000	0.0000	0.0000	0.0019	0.0025	0.0008	0.0071	0.0076	0.0001	0.0004	0.0000	0.0008	0.0000	0.2005	-0.2306	-0.0001	1.0033	9.3928	1.0015	3.6523	0.9993	0.9993	0.0000	0.9993	0.9993	0.0000	0.0000	0.0000	0.0000	0.0001	0.0001	0.0000	0.0001	0.0001	0.0000	0.0000	0.0000	0.0000	0.1079	0.0949	0.0130	0.0077	0.0073	0.0004	0.1002	0.0876	0.0126	0.0642	0.0396	0.0245	0.0140	0.0129	0.0011	0.0501	0.0267	0.0234
58	74	0.0333	8	2	0	1	0	0	0	0	0	0	1	1	1	0	0	0	0	0	0	Y	N	N	N	N	N	N	N	N	N	N	N	N	N	N	N	N	N	13.1218	8.6733	inf	0.0000	0.0000	0.0000	inf	inf	inf	0.0006	0.0006	0.0000	0.0000	0.0000	0.0000	0.0006	0.0007	0.0000	0.0000	0.0001	0.0000	0.0003	0.0003	0.0000	0.0000	0.0000	0.0000	0.0001	0.0000	-0.0000	-0.0000	1.0033	3.9277	1.0015	0.5227	0.0000	0.0000	0.0000	0.0000	0.0000	0.0000	0.0000	0.0000	0.0000	0.0000	0.0000	0.0000	0.0000	0.0000	0.0000	0.0000	0.0000	0.0000	0.0449	0.0393	0.0057	0.0011	0.0011	0.0001	0.0438	0.0382	0.0056	0.0228	0.0132	0.0096	0.0029	0.0029	0.0000	0.0198	0.0102	0.0096
58	75	0.0333	7	2	0	1	0	0	0	0	0	0	1	1	1	0	0	0	0	0	0	Y	N	N	N	N	N	N	N	N	N	N	N	N	N	N	N	N	N	0.0000	0.0000	0.0000	0.0000	0.0000	0.0000	0.0000	0.0000	0.0000	0.0000	0.0000	0.0000	0.0000	0.0000	0.0000	0.0000	0.0000	0.0000	0.0000	0.0000	0.0000	0.0000	0.0000	0.0000	0.0000	0.0000	0.0000			0.0000	0.0000	1.0033	0.0009	1.0015	0.0000	0.0000	0.0000	0.0000	0.0000	0.0000	0.0000	0.0000	0.0000	0.0000	0.0000	0.0000	0.0000	0.0000	0.0000	0.0000	0.0000	0.0000	0.0000	0.0000	0.0000	0.0000	0.0000	0.0000	0.0000	0.0000	0.0000	0.0000	0.0000	0.0000	0.0000	0.0000	0.0000	0.0000	0.0000	0.0000	0.0000
58	76	0.0301	6	2	0	1	0	0	0	0	0	0	1	1	1	0	0	0	0	0	0	Y	N	N	N	N	N	N	N	N	N	N	N	N	N	N	N	N	N	0.0000	0.0000	0.0000	0.0000	0.0000	0.0000	0.0000	0.0000	0.0000	0.0000	0.0000	0.0000	0.0000	0.0000	0.0000	0.0000	0.0000	0.0000	0.0000	0.0000	0.0000	0.0000	0.0000	0.0000	0.0000	0.0000	0.0000			0.0000	0.0000	1.0033	1.0000	1.0015	0.0000	0.0000	0.0000	0.0000	0.0000	0.0000	0.0000	0.0000	0.0000	0.0000	0.0000	0.0000	0.0000	0.0000	0.0000	0.0000	0.0000	0.0000	0.0000	0.0117	0.0102	0.0015	0.0003	0.0003	0.0000	0.0114	0.0099	0.0015	0.0052	0.0030	0.0022	0.0007	0.0007	0.0000	0.0045	0.0023	0.0022
58	77	0.0680	9	2	0	1	0	1	0	0	0	0	1	0	1	0	0	0	0	0	0	Y	N	N	N	N	N	N	N	N	N	N	N	N	N	N	N	N	N	0.0000	0.0000	0.0000	0.0000	0.0000	0.0000	0.0000	0.0000	0.0000	0.0000	0.0000	0.0000	0.0000	0.0000	0.0000	0.0000	0.0000	0.0000	0.0000	0.0000	0.0000	0.0000	0.0000	0.0000	0.0000	0.0000	0.0000			0.0000	0.0000	1.0033	3.3326	1.0015	4.0108	0.0000	0.0000	0.0000	0.0000	0.0000	0.0000	0.0000	0.0000	0.0000	0.0000	0.0000	0.0000	0.0000	0.0000	0.0000	0.0000	0.0000	0.0000	0.0418	0.0367	0.0051	0.0026	0.0025	0.0001	0.0392	0.0341	0.0050	0.0368	0.0219	0.0149	0.0052	0.0051	0.0001	0.0316	0.0168	0.0148
58	79	0.0463	6	2	0	1	0	0	0	0	0	0	1	1	2	0	0	0	0	0	0	Y	N	N	N	N	Y	N	N	N	N	N	N	N	N	N	N	N	N	0.0000	0.0000	0.0000	0.0000	0.0000	0.0000	0.0000	0.0000	0.0000	0.0000	0.0000	0.0000	0.0000	0.0000	0.0000	0.0000	0.0000	0.0000	0.0001	0.0000	0.0002	0.0000	0.0000	0.0003	0.0001	0.0000	0.0002		inf	0.0000	0.0000	1.0033	0.0001	1.0015	1.0072	0.0000	0.0000	0.0000	0.0000	0.0000	0.0000	0.0000	0.0000	0.0000	0.0000	0.0000	0.0000	0.0000	0.0000	0.0000	0.0000	0.0000	0.0000	0.0000	0.0000	0.0000	0.0000	0.0000	0.0000	0.0000	0.0000	0.0000	0.0053	0.0031	0.0022	0.0008	0.0007	0.0000	0.0045	0.0023	0.0022
58	80	0.0366	5	2	0	1	0	0	0	0	0	0	1	1	2	0	0	0	0	0	0	Y	N	N	N	N	Y	N	N	N	N	N	N	N	N	N	N	N	N	0.0000	0.0000	0.0000	0.0000	0.0000	0.0000	0.0000	0.0000	0.0000	0.0000	0.0000	0.0000	0.0000	0.0000	0.0000	0.0000	0.0000	0.0000	0.1295	0.0000	0.3112	0.0131	0.0000	0.4218	0.1494	0.0000	0.3100		917541.8974	0.0000	0.0008	1.0033	1.0058	1.0015	1.9973	0.0000	0.0000	0.0000	0.0000	0.0000	0.0000	0.0000	0.0000	0.0000	0.0020	0.0000	0.0020	0.0000	0.0000	0.0000	0.0020	0.0000	0.0020	0.0122	0.0106	0.0015	0.0005	0.0005	0.0000	0.0117	0.0102	0.0015	0.0157	0.0092	0.0065	0.0023	0.0022	0.0001	0.0134	0.0069	0.0065
58	83	0.0366	5	2	0	1	0	0	0	0	0	0	1	1	2	0	0	0	0	0	0	Y	N	N	N	N	Y	N	N	N	N	N	N	N	N	N	N	N	N	0.0000	0.0000	0.0000	0.0000	0.0000	0.0000	0.0000	0.0000	0.0000	0.0000	0.0000	0.0000	0.0000	0.0000	0.0000	0.0000	0.0000	0.0000	0.0002	0.0003	0.0000	0.0012	0.0012	0.0000	0.0000	0.0000	0.0000		0.0000	0.0000	-0.0000	1.0033	5.0069	1.0015	6.0103	0.0000	0.0000	0.0000	0.0000	0.0000	0.0000	0.0000	0.0000	0.0000	0.0000	0.0000	0.0000	0.0000	0.0000	0.0000	0.0000	0.0000	0.0000	0.0585	0.0512	0.0073	0.0021	0.0020	0.0001	0.0564	0.0492	0.0072	0.0549	0.0321	0.0228	0.0079	0.0077	0.0002	0.0470	0.0245	0.0225
58	84	0.0301	4	2	0	1	0	0	0	0	0	1	2	1	2	0	0	0	0	0	0	Y	N	N	N	N	Y	N	N	N	N	N	N	N	N	N	N	N	N	0.0000	0.0000	0.0000	0.0000	0.0000	0.0000	0.0000	0.0000	0.0000	0.0000	0.0000	0.0000	0.0000	0.0000	0.0000	0.0000	0.0000	0.0000	0.0009	0.0000	0.0020	0.0002	0.0001	0.0027	0.0010	0.0000	0.0020		32.1879	0.0000	0.0000	1.0033	1.9932	1.0015	0.0278	0.0000	0.0000	0.0000	0.0000	0.0000	0.0000	0.0000	0.0000	0.0000	0.0000	0.0000	0.0000	0.0000	0.0000	0.0000	0.0000	0.0000	0.0000	0.0237	0.0207	0.0030	0.0005	0.0005	0.0000	0.0232	0.0202	0.0030	0.0108	0.0063	0.0045	0.0016	0.0015	0.0000	0.0092	0.0048	0.0044
58	87	0.1016	10	1	0	1	0	0	0	0	0	0	1	0	2	0	0	0	0	0	0	N	N	N	N	N	Y	N	N	N	N	N	N	N	N	N	N	N	N	0.0000	0.0000	0.0000	0.0000	0.0000	0.0000	0.0000	0.0000	0.0000	0.0000	0.0000	0.0000	0.0000	0.0000	0.0000	0.0000	0.0000	0.0000	0.0694	0.1055	0.0000	0.1389	0.1766	0.0000	0.0000	0.0000	0.0000		0.0000	0.0000	-0.0005	1.0033	0.9989	1.0015	0.5152	0.0000	0.0000	0.0000	0.0000	0.0000	0.0000	0.0000	0.0000	0.0000	0.0009	0.0009	0.0000	0.0009	0.0009	0.0000	0.0000	0.0000	0.0000	0.0117	0.0102	0.0015	0.0007	0.0006	0.0000	0.0110	0.0096	0.0014	0.0124	0.0082	0.0042	0.0062	0.0049	0.0013	0.0062	0.0033	0.0029
58	88	0.0722	9	1	0	1	0	0	0	0	0	0	2	0	2	0	0	0	0	0	0	N	N	N	N	N	Y	N	N	N	N	N	N	N	N	N	N	N	N	0.0000	0.0000	0.0000	0.0000	0.0000	0.0000	0.0000	0.0000	0.0000	0.0000	0.0000	0.0000	0.0000	0.0000	0.0000	0.0000	0.0000	0.0000	0.0182	0.0000	0.0467	0.0000	0.0000	0.0000	0.0238	0.0000	0.0505		22362.6109	0.0000	0.0003	1.0033	6.0209	1.0015	2.4875	0.0000	0.0000	0.0000	0.0000	0.0000	0.0000	0.0000	0.0000	0.0000	0.0009	0.0000	0.0009	0.0000	0.0000	0.0000	0.0009	0.0000	0.0009	0.0696	0.0610	0.0087	0.0022	0.0021	0.0001	0.0674	0.0588	0.0086	0.0474	0.0290	0.0184	0.0113	0.0099	0.0014	0.0361	0.0191	0.0171
58	91	0.1057	12	2	0	1	0	0	0	0	0	0	1	0	1	0	0	0	0	0	0	Y	N	N	N	N	N	N	N	N	N	N	N	N	N	N	N	N	N	19406.0374	170.0076	224760.8458	113140.3629	1305.3164	352625.3415	341.3276	inf	0.0000	0.0649	0.0007	0.5137	1.4107	0.0130	25.1743	0.0000	0.0000	0.0000	0.0000	0.0000	0.0000	0.0000	0.0000	0.0001	0.0000	0.0000	0.0000	109.3960	0.3327	0.0009	-0.0000	1.0033	1.5872	1.0015	4.4746	0.0012	0.0000	0.0012	0.0012	0.0000	0.0012	0.0000	0.0000	0.0000	0.0000	0.0000	0.0000	0.0000	0.0000	0.0000	0.0000	0.0000	0.0000	0.0190	0.0166	0.0024	0.0009	0.0008	0.0000	0.0181	0.0158	0.0023	0.0406	0.0258	0.0148	0.0107	0.0103	0.0004	0.0299	0.0155	0.0144
58	92	0.0496	9	2	0	1	1	0	0	0	1	0	1	1	2	0	0	0	0	0	0	Y	N	N	N	N	Y	N	N	N	N	N	N	N	N	N	N	N	N	0.0000	0.0000	0.0000	0.0000	0.0000	0.0000	0.0000	0.0000	0.0000	0.0000	0.0000	0.0000	0.0000	0.0000	0.0000	0.0000	0.0000	0.0000	0.0000	0.0000	0.0000	0.0000	0.0000	0.0000	0.0000	0.0000	0.0000			0.0000	0.0000	1.0033	1.0091	1.0015	1.9972	0.0000	0.0000	0.0000	0.0000	0.0000	0.0000	0.0000	0.0000	0.0000	0.0000	0.0000	0.0000	0.0000	0.0000	0.0000	0.0000	0.0000	0.0000	0.0118	0.0103	0.0015	0.0005	0.0004	0.0000	0.0113	0.0099	0.0015	0.0155	0.0090	0.0065	0.0022	0.0021	0.0001	0.0133	0.0069	0.0064
58	93	0.0333	8	2	0	1	0	0	0	0	0	0	2	1	2	0	0	0	0	0	0	Y	N	N	N	N	Y	N	N	N	N	N	N	N	N	N	N	N	N	0.0000	0.0000	0.0000	0.0000	0.0000	0.0000	0.0000	0.0000	0.0000	0.0000	0.0000	0.0000	0.0000	0.0000	0.0000	0.0000	0.0000	0.0000	0.0000	0.0000	0.0000	0.0000	0.0000	0.0000	0.0000	0.0000	0.0000			0.0000	0.0000	1.0033	2.0083	1.0015	3.0031	0.0000	0.0000	0.0000	0.0000	0.0000	0.0000	0.0000	0.0000	0.0000	0.0000	0.0000	0.0000	0.0000	0.0000	0.0000	0.0000	0.0000	0.0000	0.0231	0.0202	0.0029	0.0006	0.0006	0.0000	0.0225	0.0196	0.0029	0.0256	0.0148	0.0108	0.0033	0.0033	0.0000	0.0223	0.0115	0.0108
58	94	0.0333	7	2	0	1	0	0	0	0	0	0	1	1	1	0	0	0	0	0	0	Y	N	N	N	N	N	N	N	N	N	N	N	N	N	N	N	N	N	0.0000	0.0000	0.0000	0.0000	0.0000	0.0000	0.0000	0.0000	0.0000	0.0000	0.0000	0.0000	0.0000	0.0000	0.0000	0.0000	0.0000	0.0000	0.0000	0.0000	0.0000	0.0000	0.0000	0.0000	0.0000	0.0000	0.0000			0.0000	0.0000	1.0033	0.0000	1.0015	0.0002	0.0000	0.0000	0.0000	0.0000	0.0000	0.0000	0.0000	0.0000	0.0000	0.0000	0.0000	0.0000	0.0000	0.0000	0.0000	0.0000	0.0000	0.0000	0.0000	0.0000	0.0000	0.0000	0.0000	0.0000	0.0000	0.0000	0.0000	0.0000	0.0000	0.0000	0.0000	0.0000	0.0000	0.0000	0.0000	0.0000
58	95	0.0301	6	2	0	1	0	0	0	0	0	0	1	1	1	0	0	0	0	0	0	Y	N	N	N	N	N	N	N	N	N	N	N	N	N	N	N	N	N	0.0000	0.0000	0.0000	0.0000	0.0000	0.0000	0.0000	0.0000	0.0000	0.0000	0.0000	0.0000	0.0000	0.0000	0.0000	0.0000	0.0000	0.0000	0.0000	0.0000	0.0000	0.0000	0.0000	0.0000	0.0000	0.0000	0.0000			0.0000	0.0000	1.0033	1.0000	1.0015	0.0001	0.0000	0.0000	0.0000	0.0000	0.0000	0.0000	0.0000	0.0000	0.0000	0.0000	0.0000	0.0000	0.0000	0.0000	0.0000	0.0000	0.0000	0.0000	0.0117	0.0102	0.0015	0.0003	0.0003	0.0000	0.0114	0.0099	0.0015	0.0052	0.0030	0.0022	0.0007	0.0007	0.0000	0.0045	0.0023	0.0022
58	96	0.0301	5	2	0	1	0	0	0	0	0	1	1	1	1	0	0	0	0	0	0	Y	N	N	N	N	N	N	N	N	N	N	N	N	N	N	N	N	N	0.0000	0.0000	0.0000	0.0000	0.0000	0.0000	0.0000	0.0000	0.0000	0.0000	0.0000	0.0000	0.0000	0.0000	0.0000	0.0000	0.0000	0.0000	0.0000	0.0000	0.0000	0.0000	0.0000	0.0000	0.0000	0.0000	0.0000			0.0000	0.0000	1.0033	0.0000	1.0015	0.0001	0.0000	0.0000	0.0000	0.0000	0.0000	0.0000	0.0000	0.0000	0.0000	0.0000	0.0000	0.0000	0.0000	0.0000	0.0000	0.0000	0.0000	0.0000	0.0000	0.0000	0.0000	0.0000	0.0000	0.0000	0.0000	0.0000	0.0000	0.0000	0.0000	0.0000	0.0000	0.0000	0.0000	0.0000	0.0000	0.0000
58	97	0.0268	4	2	0	1	0	0	0	0	0	0	1	0	1	0	0	0	0	0	0	Y	N	N	N	N	N	N	N	N	N	N	N	N	N	N	N	N	N	0.0000	0.0000	0.0000	0.0000	0.0000	0.0000	0.0000	0.0000	0.0000	0.0000	0.0000	0.0000	0.0000	0.0000	0.0000	0.0000	0.0000	0.0000	0.0000	0.0000	0.0000	0.0000	0.0000	0.0000	0.0000	0.0000	0.0000			0.0000	0.0000	1.0033	0.9999	1.0015	0.0008	0.0000	0.0000	0.0000	0.0000	0.0000	0.0000	0.0000	0.0000	0.0000	0.0000	0.0000	0.0000	0.0000	0.0000	0.0000	0.0000	0.0000	0.0000	0.0119	0.0104	0.0015	0.0002	0.0002	0.0000	0.0117	0.0102	0.0015	0.0053	0.0031	0.0022	0.0007	0.0007	0.0000	0.0046	0.0024	0.0022
58	107	0.0236	3	2	0	1	0	0	0	0	0	0	1	0	1	0	0	0	0	0	0	Y	N	N	N	N	N	N	N	N	N	N	N	N	N	N	N	N	N	0.0000	0.0000	0.0000	0.0000	0.0000	0.0000	0.0000	0.0000	0.0000	0.0000	0.0000	0.0000	0.0000	0.0000	0.0000	0.0000	0.0000	0.0000	0.0000	0.0000	0.0000	0.0000	0.0000	0.0000	0.0000	0.0000	0.0000		inf	0.0000	0.0000	1.0033	1.0015	1.0015	0.9989	0.0000	0.0000	0.0000	0.0000	0.0000	0.0000	0.0000	0.0000	0.0000	0.0000	0.0000	0.0000	0.0000	0.0000	0.0000	0.0000	0.0000	0.0000	0.0119	0.0104	0.0015	0.0002	0.0002	0.0000	0.0117	0.0102	0.0015	0.0116	0.0066	0.0050	0.0019	0.0019	0.0000	0.0097	0.0047	0.0050
58	112	0.0922	11	2	0	1	0	1	0	0	0	0	1	0	1	0	0	0	0	0	0	Y	N	N	N	N	N	N	N	N	N	N	N	N	N	N	N	N	N	95862.2089	70172.2464	0.0000	216983.5149	220267.7854	0.0000	inf	inf	0.0000	0.0866	0.0989	0.0000	0.7161	0.7549	0.0000	0.0554	0.0635	0.0000	0.0000	0.0000	0.0000	0.0000	0.0000	0.0000	0.0000	0.0000	0.0000	0.0000	0.0000	-0.0007	-0.0000	1.0033	3.0209	1.0015	2.2550	0.0031	0.0031	0.0000	0.0012	0.0012	0.0000	0.0019	0.0019	0.0000	0.0000	0.0000	0.0000	0.0000	0.0000	0.0000	0.0000	0.0000	0.0000	0.0360	0.0315	0.0045	0.0017	0.0016	0.0001	0.0343	0.0299	0.0044	0.0375	0.0240	0.0135	0.0103	0.0099	0.0004	0.0272	0.0142	0.0131
58	127	0.0892	12	1	0	1	0	0	0	0	0	0	2	0	2	0	0	0	0	0	0	N	N	N	N	N	Y	N	N	N	N	N	N	N	N	N	N	N	N	0.0000	0.0000	0.0000	0.0000	0.0000	0.0000	0.0000	0.0000	0.0000	0.0000	0.0000	0.0000	0.0000	0.0000	0.0000	0.0000	0.0000	0.0000	0.0000	0.0000	0.0000	0.0000	0.0000	0.0000	0.0000	0.0000	0.0000			0.0000	0.0000	1.0033	1.0000	1.0015	2.0000	0.0000	0.0000	0.0000	0.0000	0.0000	0.0000	0.0000	0.0000	0.0000	0.0000	0.0000	0.0000	0.0000	0.0000	0.0000	0.0000	0.0000	0.0000	0.0117	0.0103	0.0015	0.0003	0.0003	0.0000	0.0114	0.0099	0.0015	0.0155	0.0092	0.0063	0.0025	0.0024	0.0001	0.0130	0.0068	0.0062
58	128	0.0892	11	1	0	1	0	0	0	0	0	0	2	0	2	0	0	0	0	0	0	N	N	N	N	N	Y	N	N	N	N	N	N	N	N	N	N	N	N	0.0000	0.0000	0.0000	0.0000	0.0000	0.0000	0.0000	0.0000	0.0000	0.0000	0.0000	0.0000	0.0000	0.0000	0.0000	0.0000	0.0000	0.0000	0.0000	0.0000	0.0000	0.0000	0.0000	0.0000	0.0000	0.0000	0.0000			0.0000	0.0000	1.0033	3.0000	1.0015	2.0000	0.0000	0.0000	0.0000	0.0000	0.0000	0.0000	0.0000	0.0000	0.0000	0.0000	0.0000	0.0000	0.0000	0.0000	0.0000	0.0000	0.0000	0.0000	0.0348	0.0304	0.0044	0.0010	0.0009	0.0001	0.0338	0.0295	0.0043	0.0256	0.0152	0.0104	0.0041	0.0040	0.0002	0.0215	0.0112	0.0102
58	129	0.0924	13	1	0	1	0	0	0	0	0	0	2	0	2	0	0	0	0	0	0	N	N	N	N	N	Y	N	N	N	N	N	N	N	N	N	N	N	N	0.0000	0.0000	0.0000	0.0000	0.0000	0.0000	0.0000	0.0000	0.0000	0.0000	0.0000	0.0000	0.0000	0.0000	0.0000	0.0000	0.0000	0.0000	0.0000	0.0000	0.0000	0.0000	0.0000	0.0000	0.0000	0.0000	0.0000			0.0000	0.0000	1.0033	2.0004	1.0015	1.0045	0.0000	0.0000	0.0000	0.0000	0.0000	0.0000	0.0000	0.0000	0.0000	0.0000	0.0000	0.0000	0.0000	0.0000	0.0000	0.0000	0.0000	0.0000	0.0233	0.0204	0.0029	0.0006	0.0006	0.0000	0.0227	0.0198	0.0029	0.0156	0.0093	0.0063	0.0025	0.0024	0.0001	0.0131	0.0068	0.0062
59	60	0.0243	7	2	0	1	0	0	0	0	0	0	0	1	1	0	0	0	0	0	0	Y	N	N	N	N	N	N	N	N	N	N	N	N	N	N	N	N	N	0.0000	0.0000	0.0000	0.0000	0.0000	0.0000	0.0000	0.0000	0.0000	0.0000	0.0000	0.0000	0.0000	0.0000	0.0000	0.0000	0.0000	0.0000	0.0004	0.0005	0.0003	0.2933	0.2946	0.0000	0.0003	0.0003	0.0003		0.5000	0.0000	-0.0000	2.9984	2.0000	1.5227	7.0000	0.0000	0.0000	0.0000	0.0000	0.0000	0.0000	0.0000	0.0000	0.0000	0.0000	0.0000	0.0000	0.0000	0.0000	0.0000	0.0000	0.0000	0.0000	0.0693	0.0605	0.0088	0.0005	0.0004	0.0000	0.0688	0.0601	0.0088	0.0760	0.0365	0.0394	0.0000	0.0000	0.0000	0.0759	0.0365	0.0394
59	61	0.0243	6	2	0	1	0	0	0	0	0	0	1	1	1	0	0	0	0	0	0	Y	N	N	N	N	N	N	N	N	N	N	N	N	N	N	N	N	N	0.0000	0.0000	0.0000	0.0000	0.0000	0.0000	0.0000	0.0000	0.0000	0.0000	0.0000	0.0000	0.0000	0.0000	0.0000	0.0000	0.0000	0.0000	0.0000	0.0000	0.0000	0.0000	0.0000	0.0000	0.0000	0.0000	0.0000			0.0000	0.0000	2.9984	0.0000	1.5227	0.0000	0.0000	0.0000	0.0000	0.0000	0.0000	0.0000	0.0000	0.0000	0.0000	0.0000	0.0000	0.0000	0.0000	0.0000	0.0000	0.0000	0.0000	0.0000	0.0000	0.0000	0.0000	0.0000	0.0000	0.0000	0.0000	0.0000	0.0000	0.0000	0.0000	0.0000	0.0000	0.0000	0.0000	0.0000	0.0000	0.0000
59	68	0.1684	16	2	0	1	0	0	0	0	0	0	1	0	1	0	0	0	0	0	0	Y	N	N	N	N	N	N	N	N	N	N	N	N	N	N	N	N	N	0.0003	0.0003	0.0000	0.0017	0.0015	0.0000	0.0000	0.0000	0.0000	0.0000	0.0000	0.0000	0.0000	0.0000	0.0000	0.0000	0.0000	0.0000	0.0032	0.0036	0.0027	0.0021	0.0025	0.0000	0.0034	0.0039	0.0029	0.0000	0.5678	-0.0000	-0.0000	2.9984	1.4193	1.5227	5.2011	0.0000	0.0000	0.0000	0.0000	0.0000	0.0000	0.0000	0.0000	0.0000	0.0002	0.0001	0.0001	0.0000	0.0000	0.0000	0.0002	0.0001	0.0001	0.0732	0.0647	0.0085	0.0172	0.0169	0.0003	0.0561	0.0478	0.0082	0.0598	0.0344	0.0254	0.0107	0.0092	0.0015	0.0491	0.0252	0.0239
59	69	0.1183	15	2	0	1	0	1	0	0	0	0	0	0	0	0	0	0	0	0	0	Y	N	N	N	N	N	N	N	N	N	N	N	N	N	N	N	N	N	2.5102	1.7278	0.0000	53.3420	45.8521	0.0000	0.0000	0.0000	0.0000	0.0006	0.0007	0.0000	0.0116	0.0122	0.0000	0.0000	0.0000	0.0000	0.0002	0.0004	0.0001	0.0002	0.0003	0.0000	0.0003	0.0004	0.0001	0.0000	0.1402	-0.0000	-0.0000	2.9984	9.3928	1.5227	3.6523	0.0002	0.0002	0.0000	0.0002	0.0002	0.0000	0.0000	0.0000	0.0000	0.0000	0.0000	0.0000	0.0000	0.0000	0.0000	0.0000	0.0000	0.0000	0.3230	0.2839	0.0391	0.0172	0.0163	0.0008	0.3058	0.2676	0.0382	0.1078	0.0572	0.0506	0.0125	0.0102	0.0023	0.0953	0.0470	0.0483
59	74	0.0243	7	2	0	1	0	0	0	0	0	0	0	1	0	0	0	0	0	0	0	Y	N	N	N	N	N	N	N	N	N	N	N	N	N	N	N	N	N	4674.4481	3116.5994	12.9275	0.0026	0.0027	0.0000	4712.6203	3143.5729	12.9625	3.7802	4.3263	0.0035	0.0000	0.0000	0.0000	3.8065	4.3590	0.0035	0.0008	0.0014	0.0003	0.0030	0.0030	0.0000	0.0008	0.0014	0.0003	0.0001	0.2128	-0.1173	-0.0000	2.9984	3.9277	1.5227	0.5227	0.5087	0.5086	0.0001	0.0000	0.0000	0.0000	0.5087	0.5086	0.0001	0.0000	0.0000	0.0000	0.0000	0.0000	0.0000	0.0000	0.0000	0.0000	0.1346	0.1176	0.0170	0.0009	0.0009	0.0000	0.1336	0.1167	0.0170	0.0385	0.0185	0.0200	0.0000	0.0000	0.0000	0.0385	0.0185	0.0200
59	75	0.0243	6	2	0	1	0	0	0	0	0	0	0	1	0	0	0	0	0	0	0	Y	N	N	N	N	N	N	N	N	N	N	N	N	N	N	N	N	N	0.0000	0.0000	0.0000	0.0000	0.0000	0.0000	0.0000	0.0000	0.0000	0.0000	0.0000	0.0000	0.0000	0.0000	0.0000	0.0000	0.0000	0.0000	0.0000	0.0000	0.0000	0.0000	0.0000	0.0000	0.0000	0.0000	0.0000			0.0000	0.0000	2.9984	0.0009	1.5227	0.0000	0.0000	0.0000	0.0000	0.0000	0.0000	0.0000	0.0000	0.0000	0.0000	0.0000	0.0000	0.0000	0.0000	0.0000	0.0000	0.0000	0.0000	0.0000	0.0000	0.0000	0.0000	0.0000	0.0000	0.0000	0.0000	0.0000	0.0000	0.0000	0.0000	0.0000	0.0000	0.0000	0.0000	0.0000	0.0000	0.0000
59	76	0.0211	5	2	0	1	0	0	0	0	0	0	0	1	0	0	0	0	0	0	0	Y	N	N	N	N	N	N	N	N	N	N	N	N	N	N	N	N	N	0.0000	0.0000	0.0000	0.0000	0.0000	0.0000	0.0000	0.0000	0.0000	0.0000	0.0000	0.0000	0.0000	0.0000	0.0000	0.0000	0.0000	0.0000	0.0000	0.0000	0.0000	0.0000	0.0000	0.0000	0.0000	0.0000	0.0000			0.0000	0.0000	2.9984	1.0000	1.5227	0.0000	0.0000	0.0000	0.0000	0.0000	0.0000	0.0000	0.0000	0.0000	0.0000	0.0000	0.0000	0.0000	0.0000	0.0000	0.0000	0.0000	0.0000	0.0000	0.0349	0.0305	0.0044	0.0002	0.0002	0.0000	0.0347	0.0303	0.0044	0.0088	0.0042	0.0046	0.0000	0.0000	0.0000	0.0088	0.0042	0.0046
59	77	0.0590	8	2	0	1	0	1	0	0	0	0	0	0	0	0	0	0	0	0	0	Y	N	N	N	N	N	N	N	N	N	N	N	N	N	N	N	N	N	0.0000	0.0000	0.0000	0.0000	0.0000	0.0000	0.0000	0.0000	0.0000	0.0000	0.0000	0.0000	0.0000	0.0000	0.0000	0.0000	0.0000	0.0000	0.0000	0.0000	0.0000	0.0000	0.0000	0.0000	0.0000	0.0000	0.0000		0.0000	0.0000	-0.0000	2.9984	3.3326	1.5227	4.0108	0.0000	0.0000	0.0000	0.0000	0.0000	0.0000	0.0000	0.0000	0.0000	0.0000	0.0000	0.0000	0.0000	0.0000	0.0000	0.0000	0.0000	0.0000	0.1250	0.1097	0.0153	0.0057	0.0056	0.0001	0.1193	0.1041	0.0152	0.0620	0.0311	0.0309	0.0010	0.0009	0.0001	0.0610	0.0302	0.0308
59	79	0.0373	5	2	0	1	0	0	0	0	0	0	0	1	1	0	0	0	0	0	0	Y	N	N	N	N	N	N	N	N	N	N	N	N	N	N	N	N	N	0.0000	0.0000	0.0000	0.0000	0.0000	0.0000	0.0000	0.0000	0.0000	0.0000	0.0000	0.0000	0.0000	0.0000	0.0000	0.0000	0.0000	0.0000	0.0267	0.0000	0.0525	0.0000	0.0000	0.0000	0.0274	0.0000	0.0531		23030.3365	0.0000	0.0001	2.9984	0.0001	1.5227	1.0072	0.0000	0.0000	0.0000	0.0000	0.0000	0.0000	0.0000	0.0000	0.0000	0.0002	0.0000	0.0002	0.0000	0.0000	0.0000	0.0002	0.0000	0.0002	0.0000	0.0000	0.0000	0.0000	0.0000	0.0000	0.0000	0.0000	0.0000	0.0090	0.0044	0.0046	0.0002	0.0002	0.0000	0.0087	0.0042	0.0045
59	80	0.0276	4	2	0	1	0	0	0	0	0	0	0	1	1	0	0	0	0	0	0	Y	N	N	N	N	N	N	N	N	N	N	N	N	N	N	N	N	N	0.0000	0.0000	0.0000	0.0000	0.0000	0.0000	0.0000	0.0000	0.0000	0.0000	0.0000	0.0000	0.0000	0.0000	0.0000	0.0000	0.0000	0.0000	37.4132	0.0024	73.4149	0.1143	0.0023	0.5829	38.3070	0.0024	74.0656		32009.6610	0.0000	0.3783	2.9984	1.0058	1.5227	1.9973	0.0000	0.0000	0.0000	0.0000	0.0000	0.0000	0.0000	0.0000	0.0000	0.9933	0.0000	0.9933	0.0001	0.0000	0.0001	0.9933	0.0000	0.9932	0.0364	0.0318	0.0046	0.0008	0.0008	0.0001	0.0356	0.0311	0.0045	0.0266	0.0130	0.0135	0.0006	0.0005	0.0001	0.0259	0.0125	0.0134
59	83	0.0276	4	2	0	1	0	0	0	0	0	0	0	1	1	0	0	0	0	0	0	Y	N	N	N	N	N	N	N	N	N	N	N	N	N	N	N	N	N	0.0000	0.0000	0.0000	0.0000	0.0000	0.0000	0.0000	0.0000	0.0000	0.0000	0.0000	0.0000	0.0000	0.0000	0.0000	0.0000	0.0000	0.0000	0.0492	0.1004	0.0002	2.6194	3.4485	0.0000	0.0004	0.0007	0.0002		0.0022	0.0000	-0.0028	2.9984	5.0069	1.5227	6.0103	0.0000	0.0000	0.0000	0.0000	0.0000	0.0000	0.0000	0.0000	0.0000	0.0046	0.0045	0.0000	0.0045	0.0045	0.0000	0.0000	0.0000	0.0000	0.1752	0.1532	0.0220	0.0032	0.0030	0.0003	0.1720	0.1503	0.0217	0.0924	0.0452	0.0472	0.0017	0.0013	0.0004	0.0907	0.0439	0.0468
59	84	0.0211	3	2	0	1	0	0	0	0	0	1	1	1	1	0	0	0	0	0	0	Y	N	N	N	N	N	N	N	N	N	N	N	N	N	N	N	N	N	0.0000	0.0001	0.0000	0.0037	0.0032	0.0000	0.0000	0.0000	0.0000	0.0000	0.0000	0.0000	0.0003	0.0003	0.0000	0.0000	0.0000	0.0000	0.2462	0.0115	0.4748	0.0688	0.0827	0.0000	0.2512	0.0081	0.4792	0.0000	42.3295	-0.0000	0.0016	2.9984	1.9932	1.5227	0.0278	0.0000	0.0000	0.0000	0.0000	0.0000	0.0000	0.0000	0.0000	0.0000	0.0045	0.0001	0.0044	0.0000	0.0000	0.0000	0.0045	0.0001	0.0044	0.0708	0.0618	0.0090	0.0002	0.0002	0.0000	0.0706	0.0617	0.0090	0.0185	0.0091	0.0094	0.0005	0.0004	0.0001	0.0180	0.0087	0.0093
59	91	0.0967	11	2	0	1	0	0	0	0	0	0	0	0	0	0	0	0	0	0	0	Y	N	N	N	N	N	N	N	N	N	N	N	N	N	N	N	N	N	1.7461	2.1330	0.0120	4.2840	0.0351	308.7682	1.4519	1.5007	0.0002	0.0045	0.0051	0.0000	0.0001	0.0000	0.0019	0.0046	0.0053	0.0000	0.0026	0.0024	0.0028	0.0000	0.0000	0.0000	0.0032	0.0035	0.0029	0.0009	0.8494	-0.0001	-0.0000	2.9984	1.5872	1.5227	4.4746	0.0003	0.0003	0.0000	0.0000	0.0000	0.0000	0.0003	0.0003	0.0000	0.0002	0.0001	0.0001	0.0000	0.0000	0.0000	0.0002	0.0001	0.0001	0.0562	0.0492	0.0070	0.0023	0.0022	0.0001	0.0539	0.0471	0.0069	0.0735	0.0425	0.0310	0.0149	0.0140	0.0009	0.0586	0.0285	0.0301
59	92	0.0406	8	2	0	1	1	0	0	0	1	0	0	1	1	0	0	0	0	0	0	Y	N	N	N	N	N	N	N	N	N	N	N	N	N	N	N	N	N	0.0000	0.0000	0.0000	0.0000	0.0000	0.0000	0.0000	0.0000	0.0000	0.0000	0.0000	0.0000	0.0000	0.0000	0.0000	0.0000	0.0000	0.0000	0.0000	0.0000	0.0000	0.0000	0.0000	0.0000	0.0000	0.0000	0.0000			0.0000	0.0000	2.9984	1.0091	1.5227	1.9972	0.0000	0.0000	0.0000	0.0000	0.0000	0.0000	0.0000	0.0000	0.0000	0.0000	0.0000	0.0000	0.0000	0.0000	0.0000	0.0000	0.0000	0.0000	0.0354	0.0309	0.0044	0.0007	0.0007	0.0000	0.0346	0.0302	0.0044	0.0263	0.0128	0.0135	0.0005	0.0003	0.0001	0.0258	0.0125	0.0134
59	93	0.0243	7	2	0	1	0	0	0	0	0	0	1	1	1	0	0	0	0	0	0	Y	N	N	N	N	N	N	N	N	N	N	N	N	N	N	N	N	N	0.0000	0.0000	0.0000	0.0000	0.0000	0.0000	0.0000	0.0000	0.0000	0.0000	0.0000	0.0000	0.0000	0.0000	0.0000	0.0000	0.0000	0.0000	0.0000	0.0000	0.0000	0.0002	0.0002	0.0000	0.0000	0.0000	0.0000		0.7772	0.0000	-0.0000	2.9984	2.0083	1.5227	3.0031	0.0000	0.0000	0.0000	0.0000	0.0000	0.0000	0.0000	0.0000	0.0000	0.0000	0.0000	0.0000	0.0000	0.0000	0.0000	0.0000	0.0000	0.0000	0.0693	0.0605	0.0088	0.0005	0.0005	0.0000	0.0687	0.0600	0.0088	0.0433	0.0208	0.0225	0.0000	0.0000	0.0000	0.0432	0.0208	0.0225
59	94	0.0243	6	2	0	1	0	0	0	0	0	0	0	1	0	0	0	0	0	0	0	Y	N	N	N	N	N	N	N	N	N	N	N	N	N	N	N	N	N	0.0000	0.0000	0.0000	0.0000	0.0000	0.0000	0.0000	0.0000	0.0000	0.0000	0.0000	0.0000	0.0000	0.0000	0.0000	0.0000	0.0000	0.0000	0.0016	0.0020	0.0010	0.0031	0.0031	0.0000	0.0011	0.0012	0.0010		0.2800	0.0000	-0.0000	2.9984	0.0000	1.5227	0.0002	0.0000	0.0000	0.0000	0.0000	0.0000	0.0000	0.0000	0.0000	0.0000	0.0000	0.0000	0.0000	0.0000	0.0000	0.0000	0.0000	0.0000	0.0000	0.0000	0.0000	0.0000	0.0000	0.0000	0.0000	0.0000	0.0000	0.0000	0.0000	0.0000	0.0000	0.0000	0.0000	0.0000	0.0000	0.0000	0.0000
59	95	0.0211	5	2	0	1	0	0	0	0	0	0	0	1	0	0	0	0	0	0	0	Y	N	N	N	N	N	N	N	N	N	N	N	N	N	N	N	N	N	0.0000	0.0000	0.0000	0.0000	0.0000	0.0000	0.0000	0.0000	0.0000	0.0000	0.0000	0.0000	0.0000	0.0000	0.0000	0.0000	0.0000	0.0000	0.0000	0.0000	0.0000	0.0000	0.0000	0.0000	0.0000	0.0000	0.0000		0.7778	0.0000	-0.0000	2.9984	1.0000	1.5227	0.0001	0.0000	0.0000	0.0000	0.0000	0.0000	0.0000	0.0000	0.0000	0.0000	0.0000	0.0000	0.0000	0.0000	0.0000	0.0000	0.0000	0.0000	0.0000	0.0349	0.0305	0.0044	0.0002	0.0002	0.0000	0.0347	0.0303	0.0044	0.0088	0.0042	0.0046	0.0000	0.0000	0.0000	0.0088	0.0042	0.0046
59	96	0.0211	4	2	0	1	0	0	0	0	0	1	0	1	0	0	0	0	0	0	0	Y	N	N	N	N	N	N	N	N	N	N	N	N	N	N	N	N	N	0.0000	0.0000	0.0000	0.0000	0.0000	0.0000	0.0000	0.0000	0.0000	0.0000	0.0000	0.0000	0.0000	0.0000	0.0000	0.0000	0.0000	0.0000	0.0000	0.0000	0.0000	0.0000	0.0000	0.0000	0.0000	0.0000	0.0000			0.0000	0.0000	2.9984	0.0000	1.5227	0.0001	0.0000	0.0000	0.0000	0.0000	0.0000	0.0000	0.0000	0.0000	0.0000	0.0000	0.0000	0.0000	0.0000	0.0000	0.0000	0.0000	0.0000	0.0000	0.0000	0.0000	0.0000	0.0000	0.0000	0.0000	0.0000	0.0000	0.0000	0.0000	0.0000	0.0000	0.0000	0.0000	0.0000	0.0000	0.0000	0.0000
59	97	0.0178	3	2	0	1	0	0	0	0	0	0	0	0	0	0	0	0	0	0	0	Y	N	N	N	N	N	N	N	N	N	N	N	N	N	N	N	N	N	0.0001	0.0000	0.3049	0.0000	0.0000	0.0000	0.0747	0.0000	0.3051	0.0000	0.0000	0.0000	0.0000	0.0000	0.0000	0.0000	0.0000	0.0000	0.0006	0.0012	0.0000	0.3999	0.4006	0.0000	0.0000	0.0000	0.0000	inf	0.0016	0.0000	-0.0000	2.9984	0.9999	1.5227	0.0008	0.0000	0.0000	0.0000	0.0000	0.0000	0.0000	0.0000	0.0000	0.0000	0.0000	0.0000	0.0000	0.0000	0.0000	0.0000	0.0000	0.0000	0.0000	0.0356	0.0311	0.0045	0.0001	0.0001	0.0000	0.0355	0.0310	0.0045	0.0089	0.0043	0.0046	0.0000	0.0000	0.0000	0.0089	0.0043	0.0046
59	107	0.0146	2	2	0	1	0	0	0	0	0	0	0	0	0	0	0	0	0	0	0	Y	N	N	N	N	N	N	N	N	N	N	N	N	N	N	N	N	N	0.0241	0.0142	0.0000	1.7861	1.7824	0.0000	0.0000	0.0000	0.0000	0.0008	0.0010	0.0000	43.8003	43.8176	0.0000	0.0000	0.0000	0.0000	0.0348	0.0678	0.0039	24.5223	24.5837	0.0000	0.0020	0.0000	0.0039	0.0000	0.0613	-0.0000	-0.0003	2.9984	1.0015	1.5227	0.9989	0.0000	0.0000	0.0000	0.0000	0.0000	0.0000	0.0000	0.0000	0.0000	0.0006	0.0006	0.0000	0.0006	0.0006	0.0000	0.0000	0.0000	0.0000	0.0357	0.0312	0.0045	0.0000	0.0000	0.0000	0.0357	0.0312	0.0045	0.0179	0.0086	0.0092	0.0000	0.0000	0.0000	0.0178	0.0086	0.0092
59	112	0.0832	10	2	0	1	0	1	0	0	0	0	0	0	0	0	0	0	0	0	0	Y	N	N	N	N	N	N	N	N	N	N	N	N	N	N	N	N	N	714193.8751	4813426.7841	0.0000	48.6199	48.8756	0.0000	595779.3680	4965440.2835	0.0000	9.2554	10.5765	0.0000	0.0001	0.0001	0.0000	9.5361	10.9242	0.0000	0.0000	0.0000	0.0000	0.0000	0.0000	0.0000	0.0000	0.0000	0.0000	0.0000	9.0036	-0.2302	0.0000	2.9984	3.0209	1.5227	2.2550	0.9975	0.9975	0.0000	0.0000	0.0000	0.0000	0.9975	0.9975	0.0000	0.0000	0.0000	0.0000	0.0000	0.0000	0.0000	0.0000	0.0000	0.0000	0.1078	0.0943	0.0135	0.0032	0.0030	0.0002	0.1046	0.0913	0.0133	0.0690	0.0407	0.0283	0.0151	0.0143	0.0008	0.0539	0.0264	0.0275
60	62	0.1017	11	2	0	1	0	0	0	0	0	0	0	2	1	0	0	0	0	0	0	Y	N	N	N	Y	N	N	N	N	N	N	N	N	N	N	N	N	N	0.0000	0.0000	0.0000	0.0000	0.0000	0.0000	0.0000	0.0000	0.0000	0.0000	0.0000	0.0000	0.0000	0.0000	0.0000	0.0000	0.0000	0.0000	0.0007	0.0011	0.0000	0.0031	0.0032	0.0000	0.0000	0.0000	0.0000		0.0000	0.0000	-0.0000	2.0000	0.9672	7.0000	2.9870	0.0000	0.0000	0.0000	0.0000	0.0000	0.0000	0.0000	0.0000	0.0000	0.0001	0.0001	0.0000	0.0001	0.0001	0.0000	0.0000	0.0000	0.0000	0.0251	0.0223	0.0029	0.0017	0.0017	0.0000	0.0234	0.0206	0.0028	0.1003	0.0649	0.0354	0.0228	0.0217	0.0012	0.0775	0.0432	0.0342
60	63	0.0706	10	2	0	1	0	0	0	0	0	1	0	2	1	0	0	0	0	0	0	Y	N	N	N	Y	N	N	N	N	N	N	N	N	N	N	N	N	N	0.0000	0.0000	0.0000	0.0000	0.0000	0.0000	0.0000	0.0000	0.0000	0.0000	0.0000	0.0000	0.0000	0.0000	0.0000	0.0000	0.0000	0.0000	0.0171	0.0339	0.0004	0.3704	0.3885	0.0000	0.0004	0.0005	0.0004		0.0104	0.0000	-0.0018	2.0000	2.0363	7.0000	7.8590	0.0000	0.0000	0.0000	0.0000	0.0000	0.0000	0.0000	0.0000	0.0000	0.0029	0.0029	0.0000	0.0028	0.0028	0.0000	0.0001	0.0000	0.0000	0.0475	0.0415	0.0060	0.0005	0.0005	0.0000	0.0470	0.0410	0.0060	0.1697	0.0847	0.0850	0.0076	0.0073	0.0004	0.1620	0.0774	0.0846
60	64	0.0648	9	2	0	1	0	0	0	0	0	0	0	1	1	0	0	0	0	0	0	Y	N	N	N	N	N	N	N	N	N	N	N	N	N	N	N	N	N	0.0000	0.0000	0.0000	0.0000	0.0000	0.0000	0.0000	0.0000	0.0000	0.0000	0.0000	0.0000	0.0000	0.0000	0.0000	0.0000	0.0000	0.0000	0.0917	0.0238	0.1568	0.0000	0.0000	0.0000	0.0930	0.0244	0.1575		6.8611	0.0000	0.0007	2.0000	0.0049	7.0000	1.8223	0.0000	0.0000	0.0000	0.0000	0.0000	0.0000	0.0000	0.0000	0.0000	0.0028	0.0004	0.0025	0.0000	0.0000	0.0000	0.0028	0.0004	0.0025	0.0001	0.0001	0.0000	0.0000	0.0000	0.0000	0.0001	0.0001	0.0000	0.0309	0.0151	0.0157	0.0004	0.0004	0.0001	0.0304	0.0147	0.0157
60	65	0.0420	8	2	0	1	0	0	0	0	0	0	0	1	1	0	0	0	0	0	0	Y	N	N	N	N	N	N	N	N	N	N	N	N	N	N	N	N	N	0.0000	0.0000	0.0000	0.0000	0.0000	0.0000	0.0000	0.0000	0.0000	0.0000	0.0000	0.0000	0.0000	0.0000	0.0000	0.0000	0.0000	0.0000	0.0001	0.0002	0.0000	0.0277	0.0280	0.0000	0.0000	0.0000	0.0000		0.0000	0.0000	-0.0000	2.0000	2.0010	7.0000	3.9928	0.0000	0.0000	0.0000	0.0000	0.0000	0.0000	0.0000	0.0000	0.0000	0.0000	0.0000	0.0000	0.0000	0.0000	0.0000	0.0000	0.0000	0.0000	0.0465	0.0406	0.0059	0.0003	0.0003	0.0000	0.0463	0.0404	0.0059	0.1007	0.0485	0.0522	0.0004	0.0004	0.0000	0.1004	0.0482	0.0522
60	66	0.0388	7	2	0	1	0	0	0	0	0	0	0	1	1	0	0	0	0	0	0	Y	N	N	N	N	N	N	N	N	N	N	N	N	N	N	N	N	N	0.0000	0.0000	0.0000	0.0000	0.0000	0.0000	0.0000	0.0000	0.0000	0.0000	0.0000	0.0000	0.0000	0.0000	0.0000	0.0000	0.0000	0.0000	0.0011	0.0024	0.0000	0.2918	0.2921	0.0000	0.0006	0.0012	0.0000		0.0000	0.0000	-0.0000	2.0000	1.0002	7.0000	0.0173	0.0000	0.0000	0.0000	0.0000	0.0000	0.0000	0.0000	0.0000	0.0000	0.0000	0.0000	0.0000	0.0000	0.0000	0.0000	0.0000	0.0000	0.0000	0.0234	0.0204	0.0030	0.0002	0.0002	0.0000	0.0232	0.0203	0.0030	0.0175	0.0084	0.0091	0.0000	0.0000	0.0000	0.0174	0.0084	0.0091
60	67	0.0388	6	2	0	1	0	0	0	1	0	0	0	1	1	0	0	0	0	0	0	Y	N	N	N	N	N	N	N	N	N	N	N	N	N	N	N	N	N	0.0000	0.0000	0.0000	0.0000	0.0000	0.0000	0.0000	0.0000	0.0000	0.0000	0.0000	0.0000	0.0000	0.0000	0.0000	0.0000	0.0000	0.0000	0.2025	0.2945	0.0000	0.4057	0.4057	0.0000	0.1349	0.2311	0.0000		0.0000	0.0000	-0.0000	2.0000	0.0001	7.0000	0.0028	0.0000	0.0000	0.0000	0.0000	0.0000	0.0000	0.0000	0.0000	0.0000	0.0000	0.0000	0.0000	0.0000	0.0000	0.0000	0.0000	0.0000	0.0000	0.0000	0.0000	0.0000	0.0000	0.0000	0.0000	0.0000	0.0000	0.0000	0.0001	0.0001	0.0000	0.0000	0.0000	0.0000	0.0001	0.0000	0.0000
60	68	0.1862	18	2	0	0	0	0	0	0	0	0	1	1	2	0	0	0	0	0	0	Y	N	N	N	N	Y	N	N	N	N	N	N	N	N	N	N	N	N	2.0774	1.3432	0.0000	0.7323	0.6374	0.0000	inf	inf	0.0000	0.0074	0.0084	0.0000	0.0145	0.0148	0.0000	0.0052	0.0061	0.0000	0.0036	0.0063	0.0000	0.0199	0.0232	0.0000	0.0000	0.0000	0.0000	0.0000	0.0000	-0.0001	-0.0003	2.0000	1.4193	7.0000	5.2011	0.0004	0.0004	0.0000	0.0002	0.0002	0.0000	0.0002	0.0002	0.0000	0.0004	0.0004	0.0000	0.0004	0.0004	0.0000	0.0000	0.0000	0.0000	0.0485	0.0428	0.0056	0.0117	0.0115	0.0002	0.0368	0.0313	0.0054	0.1147	0.0655	0.0491	0.0206	0.0177	0.0030	0.0940	0.0479	0.0462
60	69	0.1360	17	2	0	0	0	1	0	0	0	0	0	1	1	0	0	0	0	0	0	Y	N	N	N	N	N	N	N	N	N	N	N	N	N	N	N	N	N	1941.3565	1237.6163	0.0000	281.6460	241.4200	0.0000	2192.4878	1321.7415	0.0000	4.6996	5.3471	0.0000	1.0551	1.1076	0.0000	4.9250	5.6329	0.0000	0.0024	0.0043	0.0003	0.0037	0.0046	0.0000	0.0022	0.0043	0.0003	0.0000	0.0638	-0.2303	-0.0003	2.0000	9.3928	7.0000	3.6523	0.9977	0.9977	0.0000	0.0131	0.0131	0.0000	0.9846	0.9846	0.0000	0.0005	0.0005	0.0000	0.0001	0.0001	0.0000	0.0004	0.0004	0.0000	0.2123	0.1866	0.0257	0.0124	0.0118	0.0006	0.1999	0.1748	0.0251	0.2065	0.1088	0.0978	0.0240	0.0196	0.0044	0.1825	0.0892	0.0934
60	73	0.0443	4	2	0	1	0	0	0	1	0	0	0	2	1	0	0	0	0	0	0	Y	N	N	N	Y	N	N	N	N	N	N	N	N	N	N	N	N	N	0.0000	0.0000	0.0000	0.0000	0.0000	0.0000	0.0000	0.0000	0.0000	0.0000	0.0000	0.0000	0.0000	0.0000	0.0000	0.0000	0.0000	0.0000	0.0003	0.0007	0.0000	0.0075	0.0075	0.0000	0.0000	0.0000	0.0000		0.0000	0.0000	-0.0000	2.0000	3.9579	7.0000	0.9988	0.0000	0.0000	0.0000	0.0000	0.0000	0.0000	0.0000	0.0000	0.0000	0.0000	0.0000	0.0000	0.0000	0.0000	0.0000	0.0000	0.0000	0.0000	0.1367	0.1222	0.0145	0.0237	0.0235	0.0003	0.1130	0.0987	0.0143	0.0890	0.0454	0.0437	0.0040	0.0040	0.0000	0.0850	0.0414	0.0436
60	74	0.0292	3	2	0	0	0	0	0	0	0	0	0	2	1	0	0	0	0	0	0	Y	N	N	N	Y	N	N	N	N	N	N	N	N	N	N	N	N	N	0.0000	0.0000	0.0000	0.0000	0.0000	0.0000	0.0000	0.0000	0.0000	0.0000	0.0000	0.0000	0.0000	0.0000	0.0000	0.0000	0.0000	0.0000	0.0066	0.0111	0.0025	0.0000	0.0000	0.0000	0.0066	0.0111	0.0025		0.2500	0.0000	-0.0002	2.0000	3.9277	7.0000	0.5227	0.0000	0.0000	0.0000	0.0000	0.0000	0.0000	0.0000	0.0000	0.0000	0.0005	0.0004	0.0001	0.0000	0.0000	0.0000	0.0005	0.0004	0.0001	0.0900	0.0786	0.0114	0.0000	0.0000	0.0000	0.0900	0.0786	0.0114	0.0752	0.0359	0.0393	0.0000	0.0000	0.0000	0.0752	0.0359	0.0393
60	75	0.0292	2	2	0	0	0	0	0	0	0	0	0	2	1	0	0	0	0	0	0	Y	N	N	N	Y	N	N	N	N	N	N	N	N	N	N	N	N	N	0.0000	0.0000	0.0000	0.0000	0.0000	0.0000	0.0000	0.0000	0.0000	0.0000	0.0000	0.0000	0.0000	0.0000	0.0000	0.0000	0.0000	0.0000	0.0000	0.0000	0.0000	0.0000	0.0000	0.0000	0.0000	0.0000	0.0000			0.0000	0.0000	2.0000	0.0009	7.0000	0.0000	0.0000	0.0000	0.0000	0.0000	0.0000	0.0000	0.0000	0.0000	0.0000	0.0000	0.0000	0.0000	0.0000	0.0000	0.0000	0.0000	0.0000	0.0000	0.0000	0.0000	0.0000	0.0000	0.0000	0.0000	0.0000	0.0000	0.0000	0.0000	0.0000	0.0000	0.0000	0.0000	0.0000	0.0000	0.0000	0.0000
60	77	0.0768	10	2	0	0	0	1	0	0	0	0	0	1	1	0	0	0	0	0	0	Y	N	N	N	N	N	N	N	N	N	N	N	N	N	N	N	N	N	0.0000	0.0000	0.0000	0.0000	0.0000	0.0000	0.0000	0.0000	0.0000	0.0000	0.0000	0.0000	0.0000	0.0000	0.0000	0.0000	0.0000	0.0000	0.0000	0.0000	0.0000	0.0000	0.0000	0.0000	0.0000	0.0000	0.0000			0.0000	0.0000	2.0000	3.3326	7.0000	4.0108	0.0000	0.0000	0.0000	0.0000	0.0000	0.0000	0.0000	0.0000	0.0000	0.0000	0.0000	0.0000	0.0000	0.0000	0.0000	0.0000	0.0000	0.0000	0.0822	0.0721	0.0101	0.0041	0.0040	0.0001	0.0781	0.0681	0.0100	0.1189	0.0591	0.0598	0.0019	0.0016	0.0002	0.1171	0.0575	0.0595
60	78	0.0647	10	2	0	1	0	0	0	1	0	0	0	2	2	0	0	0	0	0	0	Y	N	N	N	Y	Y	N	N	N	N	N	N	N	N	N	N	N	N	0.0000	0.0000	0.0000	0.0000	0.0000	0.0000	0.0000	0.0000	0.0000	0.0000	0.0000	0.0000	0.0000	0.0000	0.0000	0.0000	0.0000	0.0000	0.0000	0.0000	0.0000	0.0000	0.0000	0.0000	0.0000	0.0000	0.0000			0.0000	0.0000	2.0000	0.0000	7.0000	0.9988	0.0000	0.0000	0.0000	0.0000	0.0000	0.0000	0.0000	0.0000	0.0000	0.0000	0.0000	0.0000	0.0000	0.0000	0.0000	0.0000	0.0000	0.0000	0.0000	0.0000	0.0000	0.0000	0.0000	0.0000	0.0000	0.0000	0.0000	0.0173	0.0086	0.0087	0.0006	0.0005	0.0001	0.0167	0.0081	0.0086
60	79	0.0615	9	2	0	0	0	0	0	0	0	0	0	2	2	0	0	0	0	0	0	Y	N	N	N	Y	Y	N	N	N	N	N	N	N	N	N	N	N	N	0.0000	0.0000	0.0000	0.0000	0.0000	0.0000	0.0000	0.0000	0.0000	0.0000	0.0000	0.0000	0.0000	0.0000	0.0000	0.0000	0.0000	0.0000	0.0000	0.0000	0.0000	0.0000	0.0000	0.0000	0.0000	0.0000	0.0000			0.0000	0.0000	2.0000	0.0001	7.0000	1.0072	0.0000	0.0000	0.0000	0.0000	0.0000	0.0000	0.0000	0.0000	0.0000	0.0000	0.0000	0.0000	0.0000	0.0000	0.0000	0.0000	0.0000	0.0000	0.0000	0.0000	0.0000	0.0000	0.0000	0.0000	0.0000	0.0000	0.0000	0.0172	0.0084	0.0088	0.0005	0.0004	0.0001	0.0167	0.0080	0.0087
60	80	0.0518	8	2	0	0	0	0	0	0	0	0	0	2	2	0	0	0	0	0	0	Y	N	N	N	Y	Y	N	N	N	N	N	N	N	N	N	N	N	N	0.0000	0.0000	0.0000	0.0000	0.0000	0.0000	0.0000	0.0000	0.0000	0.0000	0.0000	0.0000	0.0000	0.0000	0.0000	0.0000	0.0000	0.0000	0.0301	0.0616	0.0000	1.2165	1.5110	0.0000	0.0018	0.0038	0.0000		0.0000	0.0000	-0.0009	2.0000	1.0058	7.0000	1.9973	0.0000	0.0000	0.0000	0.0000	0.0000	0.0000	0.0000	0.0000	0.0000	0.0015	0.0015	0.0000	0.0014	0.0014	0.0000	0.0001	0.0001	0.0000	0.0238	0.0208	0.0030	0.0006	0.0006	0.0000	0.0232	0.0203	0.0030	0.0508	0.0248	0.0260	0.0012	0.0010	0.0002	0.0496	0.0239	0.0258
60	81	0.0648	9	2	0	1	0	0	0	0	0	0	0	1	1	0	0	0	0	0	0	Y	N	N	N	N	N	N	N	N	N	N	N	N	N	N	N	N	N	0.0000	0.0000	0.0000	0.0000	0.0000	0.0000	0.0000	0.0000	0.0000	0.0000	0.0000	0.0000	0.0000	0.0000	0.0000	0.0000	0.0000	0.0000	0.0000	0.0000	0.0000	0.0000	0.0000	0.0000	0.0000	0.0000	0.0000			0.0000	0.0000	2.0000	7.0000	7.0000	2.0013	0.0000	0.0000	0.0000	0.0000	0.0000	0.0000	0.0000	0.0000	0.0000	0.0000	0.0000	0.0000	0.0000	0.0000	0.0000	0.0000	0.0000	0.0000	0.1580	0.1381	0.0199	0.0015	0.0014	0.0001	0.1566	0.1367	0.0198	0.1463	0.0717	0.0745	0.0020	0.0017	0.0003	0.1442	0.0700	0.0742
60	82	0.0648	8	2	0	1	0	1	0	1	0	0	0	1	1	0	0	0	0	0	0	Y	N	N	N	N	N	N	N	N	N	N	N	N	N	N	N	N	N	0.0000	0.0000	0.0000	0.0000	0.0000	0.0000	0.0000	0.0000	0.0000	0.0000	0.0000	0.0000	0.0000	0.0000	0.0000	0.0000	0.0000	0.0000	0.0000	0.0000	0.0000	0.0000	0.0000	0.0000	0.0000	0.0000	0.0000			0.0000	0.0000	2.0000	0.0005	7.0000	0.0029	0.0000	0.0000	0.0000	0.0000	0.0000	0.0000	0.0000	0.0000	0.0000	0.0000	0.0000	0.0000	0.0000	0.0000	0.0000	0.0000	0.0000	0.0000	0.0000	0.0000	0.0000	0.0000	0.0000	0.0000	0.0000	0.0000	0.0000	0.0001	0.0000	0.0000	0.0000	0.0000	0.0000	0.0001	0.0000	0.0000
60	83	0.0518	8	2	0	0	0	0	0	0	0	0	0	2	2	0	0	0	0	0	0	Y	N	N	N	Y	Y	N	N	N	N	N	N	N	N	N	N	N	N	0.0000	0.0000	0.0000	0.0000	0.0000	0.0000	0.0000	0.0000	0.0000	0.0000	0.0000	0.0000	0.0000	0.0000	0.0000	0.0000	0.0000	0.0000	5.6442	0.0013	11.0102	0.0430	0.0081	0.1505	5.7491	0.0011	11.1065		9079.0909	0.0000	0.3803	2.0000	5.0069	7.0000	6.0103	0.0000	0.0000	0.0000	0.0000	0.0000	0.0000	0.0000	0.0000	0.0000	0.9988	0.0001	0.9987	0.0001	0.0000	0.0001	0.9987	0.0001	0.9986	0.1148	0.1003	0.0144	0.0024	0.0022	0.0002	0.1124	0.0981	0.0142	0.1770	0.0863	0.0907	0.0033	0.0025	0.0008	0.1737	0.0838	0.0899
60	84	0.0453	7	2	0	0	0	0	0	0	0	1	1	2	2	0	0	0	0	0	0	Y	N	N	N	Y	Y	N	N	N	N	N	N	N	N	N	N	N	N	0.0000	0.0000	0.0000	0.0000	0.0000	0.0000	0.0000	0.0000	0.0000	0.0000	0.0000	0.0000	0.0000	0.0000	0.0000	0.0000	0.0000	0.0000	0.2439	0.4208	0.0731	0.5064	0.5971	0.0609	0.2365	0.4122	0.0732		0.1797	0.0000	-0.0040	2.0000	1.9932	7.0000	0.0278	0.0000	0.0000	0.0000	0.0000	0.0000	0.0000	0.0000	0.0000	0.0000	0.0086	0.0073	0.0013	0.0005	0.0005	0.0000	0.0081	0.0068	0.0013	0.0465	0.0406	0.0059	0.0004	0.0004	0.0000	0.0460	0.0402	0.0059	0.0353	0.0173	0.0179	0.0010	0.0008	0.0002	0.0343	0.0165	0.0178
60	85	0.0936	9	2	0	1	0	0	0	0	0	0	0	1	1	0	0	0	0	0	0	Y	N	N	N	N	N	N	N	N	N	N	N	N	N	N	N	N	N	0.0000	0.0000	0.0000	0.0000	0.0000	0.0000	0.0000	0.0000	0.0000	0.0000	0.0000	0.0000	0.0000	0.0000	0.0000	0.0000	0.0000	0.0000	2.5939	4.7845	0.0000	0.0068	0.0074	0.0000	2.8895	5.8014	0.0000		0.0000	0.0000	-0.6183	2.0000	9.9670	7.0000	12.6920	0.0000	0.0000	0.0000	0.0000	0.0000	0.0000	0.0000	0.0000	0.0000	0.9985	0.9985	0.0000	0.0003	0.0003	0.0000	0.9983	0.9983	0.0000	0.2189	0.1919	0.0270	0.0083	0.0079	0.0004	0.2106	0.1840	0.0266	0.3850	0.2087	0.1762	0.0395	0.0366	0.0028	0.3455	0.1721	0.1734
60	86	0.0871	8	2	0	1	0	1	0	1	0	0	0	1	1	0	0	0	0	0	0	Y	N	N	N	N	N	N	N	N	N	N	N	N	N	N	N	N	N	0.0000	0.0000	0.0000	0.0000	0.0000	0.0000	0.0000	0.0000	0.0000	0.0000	0.0000	0.0000	0.0000	0.0000	0.0000	0.0000	0.0000	0.0000	0.0312	0.0471	0.0023	0.0359	0.0365	0.0000	0.0298	0.0530	0.0024		0.0272	0.0000	-0.0016	2.0000	1.5419	7.0000	1.3342	0.0000	0.0000	0.0000	0.0000	0.0000	0.0000	0.0000	0.0000	0.0000	0.0026	0.0026	0.0001	0.0007	0.0007	0.0000	0.0019	0.0018	0.0001	0.0534	0.0484	0.0049	0.0098	0.0098	0.0001	0.0435	0.0386	0.0049	0.0845	0.0546	0.0299	0.0201	0.0197	0.0004	0.0644	0.0349	0.0295
60	87	0.1104	11	1	0	0	0	0	0	0	0	0	0	1	2	0	0	0	0	0	0	N	N	N	N	N	Y	N	N	N	N	N	N	N	N	N	N	N	N	0.0000	0.0000	0.0000	0.0000	0.0000	0.0000	0.0000	0.0000	0.0000	0.0000	0.0000	0.0000	0.0000	0.0000	0.0000	0.0000	0.0000	0.0000	0.0000	0.0000	0.0000	0.0000	0.0000	0.0000	0.0000	0.0000	0.0000			0.0000	0.0000	2.0000	0.9989	7.0000	0.5152	0.0000	0.0000	0.0000	0.0000	0.0000	0.0000	0.0000	0.0000	0.0000	0.0000	0.0000	0.0000	0.0000	0.0000	0.0000	0.0000	0.0000	0.0000	0.0229	0.0200	0.0029	0.0010	0.0010	0.0001	0.0219	0.0191	0.0028	0.0449	0.0276	0.0172	0.0222	0.0166	0.0056	0.0227	0.0111	0.0116
60	88	0.0810	10	1	0	0	0	0	0	0	0	0	1	1	2	0	0	0	0	0	0	N	N	N	N	N	Y	N	N	N	N	N	N	N	N	N	N	N	N	0.0000	0.0000	0.0000	0.0000	0.0000	0.0000	0.0000	0.0000	0.0000	0.0000	0.0000	0.0000	0.0000	0.0000	0.0000	0.0000	0.0000	0.0000	0.0013	0.0024	0.0000	0.0008	0.0011	0.0000	0.0013	0.0028	0.0000		0.0000	0.0000	-0.0001	2.0000	6.0209	7.0000	2.4875	0.0000	0.0000	0.0000	0.0000	0.0000	0.0000	0.0000	0.0000	0.0000	0.0002	0.0002	0.0000	0.0000	0.0000	0.0000	0.0002	0.0002	0.0000	0.1369	0.1198	0.0172	0.0025	0.0024	0.0001	0.1344	0.1173	0.0170	0.1581	0.0840	0.0741	0.0244	0.0188	0.0056	0.1337	0.0652	0.0684
60	90	0.1313	14	2	0	1	0	0	0	1	0	0	0	1	1	0	0	0	0	0	0	Y	N	N	N	N	N	N	N	N	N	N	N	N	N	N	N	N	N	0.0000	0.0000	0.0000	0.0000	0.0000	0.0000	0.0000	0.0000	0.0000	0.0000	0.0000	0.0000	0.0000	0.0000	0.0000	0.0000	0.0000	0.0000	0.0358	0.0659	0.0000	0.2617	0.3003	0.0000	0.0000	0.0000	0.0000		0.0000	0.0000	-0.0056	2.0000	5.9354	7.0000	8.3561	0.0000	0.0000	0.0000	0.0000	0.0000	0.0000	0.0000	0.0000	0.0000	0.0090	0.0090	0.0000	0.0090	0.0090	0.0000	0.0000	0.0000	0.0000	0.1380	0.1209	0.0171	0.0084	0.0080	0.0004	0.1296	0.1129	0.0167	0.2506	0.1363	0.1143	0.0343	0.0299	0.0044	0.2163	0.1064	0.1098
60	91	0.1145	13	2	0	0	0	0	0	0	0	0	0	1	1	0	0	0	0	0	0	Y	N	N	N	N	N	N	N	N	N	N	N	N	N	N	N	N	N	0.0000	0.0000	0.0000	0.0000	0.0000	0.0000	0.0000	0.0000	0.0000	0.0000	0.0000	0.0000	0.0000	0.0000	0.0000	0.0000	0.0000	0.0000	0.0641	0.1064	0.0065	0.0031	0.0033	0.0000	0.0798	0.1580	0.0067		0.0449	0.0000	-0.0052	2.0000	1.5872	7.0000	4.4746	0.0000	0.0000	0.0000	0.0000	0.0000	0.0000	0.0000	0.0000	0.0000	0.0091	0.0087	0.0004	0.0001	0.0001	0.0000	0.0090	0.0086	0.0004	0.0369	0.0323	0.0046	0.0017	0.0016	0.0001	0.0352	0.0307	0.0045	0.1415	0.0816	0.0600	0.0290	0.0272	0.0018	0.1126	0.0544	0.0582
60	92	0.0519	6	2	0	0	1	0	0	0	1	0	0	2	2	0	0	0	0	0	0	Y	N	N	N	Y	Y	N	N	N	N	N	N	N	N	N	N	N	N	0.0000	0.0000	0.0000	0.0000	0.0000	0.0000	0.0000	0.0000	0.0000	0.0000	0.0000	0.0000	0.0000	0.0000	0.0000	0.0000	0.0000	0.0000	0.0000	0.0000	0.0000	0.0000	0.0000	0.0000	0.0000	0.0000	0.0000			0.0000	0.0000	2.0000	1.0091	7.0000	1.9972	0.0000	0.0000	0.0000	0.0000	0.0000	0.0000	0.0000	0.0000	0.0000	0.0000	0.0000	0.0000	0.0000	0.0000	0.0000	0.0000	0.0000	0.0000	0.0236	0.0207	0.0030	0.0004	0.0004	0.0000	0.0233	0.0203	0.0030	0.0512	0.0248	0.0264	0.0009	0.0006	0.0002	0.0503	0.0242	0.0261
60	93	0.0356	5	2	0	0	0	0	0	0	0	0	1	2	2	0	0	0	0	0	0	Y	N	N	N	Y	Y	N	N	N	N	N	N	N	N	N	N	N	N	0.0000	0.0000	0.0000	0.0000	0.0000	0.0000	0.0000	0.0000	0.0000	0.0000	0.0000	0.0000	0.0000	0.0000	0.0000	0.0000	0.0000	0.0000	0.0000	0.0000	0.0000	0.0000	0.0000	0.0000	0.0000	0.0000	0.0000			0.0000	0.0000	2.0000	2.0083	7.0000	3.0031	0.0000	0.0000	0.0000	0.0000	0.0000	0.0000	0.0000	0.0000	0.0000	0.0000	0.0000	0.0000	0.0000	0.0000	0.0000	0.0000	0.0000	0.0000	0.0463	0.0404	0.0059	0.0002	0.0001	0.0000	0.0462	0.0403	0.0059	0.0842	0.0403	0.0439	0.0000	0.0000	0.0000	0.0842	0.0403	0.0439
60	94	0.0356	4	2	0	0	0	0	0	0	0	0	0	2	1	0	0	0	0	0	0	Y	N	N	N	Y	N	N	N	N	N	N	N	N	N	N	N	N	N	0.0000	0.0000	0.0000	0.0000	0.0000	0.0000	0.0000	0.0000	0.0000	0.0000	0.0000	0.0000	0.0000	0.0000	0.0000	0.0000	0.0000	0.0000	0.0000	0.0000	0.0000	0.0000	0.0000	0.0000	0.0000	0.0000	0.0000			0.0000	0.0000	2.0000	0.0000	7.0000	0.0002	0.0000	0.0000	0.0000	0.0000	0.0000	0.0000	0.0000	0.0000	0.0000	0.0000	0.0000	0.0000	0.0000	0.0000	0.0000	0.0000	0.0000	0.0000	0.0000	0.0000	0.0000	0.0000	0.0000	0.0000	0.0000	0.0000	0.0000	0.0000	0.0000	0.0000	0.0000	0.0000	0.0000	0.0000	0.0000	0.0000
60	95	0.0324	3	2	0	0	0	0	0	0	0	0	0	2	1	0	0	0	0	0	0	Y	N	N	N	Y	N	N	N	N	N	N	N	N	N	N	N	N	N	0.0000	0.0000	0.0000	0.0000	0.0000	0.0000	0.0000	0.0000	0.0000	0.0000	0.0000	0.0000	0.0000	0.0000	0.0000	0.0000	0.0000	0.0000	0.0000	0.0000	0.0000	0.0000	0.0000	0.0000	0.0000	0.0000	0.0000			0.0000	0.0000	2.0000	1.0000	7.0000	0.0001	0.0000	0.0000	0.0000	0.0000	0.0000	0.0000	0.0000	0.0000	0.0000	0.0000	0.0000	0.0000	0.0000	0.0000	0.0000	0.0000	0.0000	0.0000	0.0233	0.0204	0.0030	0.0000	0.0000	0.0000	0.0233	0.0203	0.0030	0.0172	0.0082	0.0090	0.0000	0.0000	0.0000	0.0172	0.0082	0.0090
60	99	0.0616	7	2	0	1	0	1	0	1	0	0	0	1	1	0	0	0	0	0	0	Y	N	N	N	N	N	N	N	N	N	N	N	N	N	N	N	N	N	0.0000	0.0000	0.0000	0.0000	0.0000	0.0000	0.0000	0.0000	0.0000	0.0000	0.0000	0.0000	0.0000	0.0000	0.0000	0.0000	0.0000	0.0000	4.0036	8.1472	0.0000	0.0000	0.0000	0.0000	4.0601	8.3484	0.0000		0.0000	0.0000	-0.6192	2.0000	5.0000	7.0000	11.0015	0.0000	0.0000	0.0000	0.0000	0.0000	0.0000	0.0000	0.0000	0.0000	1.0000	1.0000	0.0000	0.0000	0.0000	0.0000	1.0000	1.0000	0.0000	0.1138	0.0995	0.0144	0.0011	0.0010	0.0001	0.1128	0.0985	0.0143	0.2498	0.1227	0.1270	0.0035	0.0030	0.0005	0.2463	0.1198	0.1265
60	100	0.1425	17	2	0	1	0	0	0	0	0	0	0	1	1	0	0	0	0	0	0	Y	N	N	N	N	N	N	N	N	N	N	N	N	N	N	N	N	N	0.0000	0.0000	0.0000	0.0000	0.0000	0.0000	0.0000	0.0000	0.0000	0.0000	0.0000	0.0000	0.0000	0.0000	0.0000	0.0000	0.0000	0.0000	0.0231	0.0030	0.0489	0.0129	0.0111	0.0247	0.0253	0.0000	0.0503		12.7059	0.0000	0.0007	2.0000	2.0003	7.0000	3.6794	0.0000	0.0000	0.0000	0.0000	0.0000	0.0000	0.0000	0.0000	0.0000	0.0023	0.0002	0.0022	0.0002	0.0002	0.0001	0.0021	0.0000	0.0021	0.0468	0.0410	0.0058	0.0031	0.0029	0.0002	0.0436	0.0380	0.0056	0.1009	0.0567	0.0442	0.0178	0.0154	0.0024	0.0831	0.0413	0.0418
60	101	0.1318	16	2	0	1	0	1	0	1	0	0	0	1	1	0	0	0	0	0	0	Y	N	N	N	N	N	N	N	N	N	N	N	N	N	N	N	N	N	0.0000	0.0000	0.0000	0.0000	0.0000	0.0000	0.0000	0.0000	0.0000	0.0000	0.0000	0.0000	0.0000	0.0000	0.0000	0.0000	0.0000	0.0000	18.0266	0.0059	38.1832	0.0064	0.0006	0.0358	20.5029	0.0072	39.8846		5757.8544	0.0000	0.3794	2.0000	0.0087	7.0000	3.3708	0.0000	0.0000	0.0000	0.0000	0.0000	0.0000	0.0000	0.0000	0.0000	0.9967	0.0002	0.9965	0.0000	0.0000	0.0000	0.9966	0.0002	0.9964	0.0008	0.0007	0.0001	0.0003	0.0003	0.0000	0.0005	0.0004	0.0001	0.0553	0.0292	0.0261	0.0067	0.0056	0.0011	0.0486	0.0236	0.0250
60	106	0.0453	7	2	0	1	0	0	0	1	0	0	0	1	1	0	0	0	0	0	0	Y	N	N	N	N	N	N	N	N	N	N	N	N	N	N	N	N	N	0.0000	0.0000	0.0000	0.0000	0.0000	0.0000	0.0000	0.0000	0.0000	0.0000	0.0000	0.0000	0.0000	0.0000	0.0000	0.0000	0.0000	0.0000	0.0531	0.1092	0.0000	0.1503	0.1966	0.0000	0.0513	0.1065	0.0000		0.0000	0.0000	-0.0044	2.0000	3.0043	7.0000	5.0032	0.0000	0.0000	0.0000	0.0000	0.0000	0.0000	0.0000	0.0000	0.0000	0.0071	0.0071	0.0000	0.0004	0.0004	0.0000	0.0067	0.0067	0.0000	0.0696	0.0608	0.0088	0.0006	0.0006	0.0000	0.0690	0.0602	0.0088	0.1330	0.0647	0.0683	0.0025	0.0019	0.0006	0.1305	0.0628	0.0677
60	107	0.0388	6	2	0	0	0	0	0	0	0	0	0	1	1	0	0	0	0	0	0	Y	N	N	N	N	N	N	N	N	N	N	N	N	N	N	N	N	N	0.0000	0.0000	0.0000	0.0000	0.0000	0.0000	0.0000	0.0000	0.0000	0.0000	0.0000	0.0000	0.0000	0.0000	0.0000	0.0000	0.0000	0.0000	29.1480	60.6029	0.0107	0.0029	0.0028	0.0326	29.1690	60.6938	0.0107		0.0002	0.0000	-0.6148	2.0000	1.0015	7.0000	0.9989	0.0000	0.0000	0.0000	0.0000	0.0000	0.0000	0.0000	0.0000	0.0000	0.9933	0.9932	0.0002	0.0000	0.0000	0.0000	0.9933	0.9932	0.0002	0.0234	0.0205	0.0030	0.0002	0.0002	0.0000	0.0233	0.0203	0.0030	0.0341	0.0164	0.0177	0.0000	0.0000	0.0000	0.0341	0.0164	0.0177
60	108	0.0356	5	2	0	0	0	0	0	0	0	0	0	1	1	0	0	0	0	0	0	Y	N	N	N	N	N	N	N	N	N	N	N	N	N	N	N	N	N	0.0000	0.0000	0.0000	0.0000	0.0000	0.0000	0.0000	0.0000	0.0000	0.0000	0.0000	0.0000	0.0000	0.0000	0.0000	0.0000	0.0000	0.0000	0.0006	0.0012	0.0000	0.0000	0.0000	0.0000	0.0006	0.0012	0.0000		0.0000	0.0000	-0.0000	2.0000	1.0004	7.0000	0.0020	0.0000	0.0000	0.0000	0.0000	0.0000	0.0000	0.0000	0.0000	0.0000	0.0000	0.0000	0.0000	0.0000	0.0000	0.0000	0.0000	0.0000	0.0000	0.0234	0.0204	0.0030	0.0001	0.0001	0.0000	0.0232	0.0203	0.0030	0.0172	0.0082	0.0089	0.0000	0.0000	0.0000	0.0171	0.0082	0.0089
60	110	0.1370	14	2	0	1	0	0	0	0	0	0	0	1	1	0	0	0	0	0	0	Y	N	N	N	N	N	N	N	N	N	N	N	N	N	N	N	N	N	0.0000	0.0000	0.0000	0.0000	0.0000	0.0000	0.0000	0.0000	0.0000	0.0000	0.0000	0.0000	0.0000	0.0000	0.0000	0.0000	0.0000	0.0000	0.0013	0.0024	0.0000	0.0143	0.0183	0.0000	0.0000	0.0000	0.0000		0.0000	0.0000	-0.0002	2.0000	7.0195	7.0000	5.1243	0.0000	0.0000	0.0000	0.0000	0.0000	0.0000	0.0000	0.0000	0.0000	0.0003	0.0003	0.0000	0.0003	0.0003	0.0000	0.0000	0.0000	0.0000	0.1554	0.1362	0.0193	0.0074	0.0070	0.0004	0.1480	0.1292	0.0189	0.1961	0.1022	0.0939	0.0175	0.0136	0.0038	0.1786	0.0886	0.0900
60	111	0.1145	13	2	0	1	0	0	0	1	0	0	0	1	1	0	0	0	0	0	0	Y	N	N	N	N	N	N	N	N	N	N	N	N	N	N	N	N	N	0.1667	0.1176	0.0000	0.0000	0.0000	0.0000	0.1864	0.1121	0.0000	0.0004	0.0005	0.0000	0.0000	0.0000	0.0000	0.0004	0.0005	0.0000	0.0026	0.0041	0.0004	0.0032	0.0033	0.0000	0.0024	0.0046	0.0004	0.0000	0.0625	-0.0000	-0.0002	2.0000	2.0281	7.0000	3.4706	0.0000	0.0000	0.0000	0.0000	0.0000	0.0000	0.0000	0.0000	0.0000	0.0003	0.0003	0.0000	0.0001	0.0001	0.0000	0.0002	0.0002	0.0000	0.0469	0.0411	0.0059	0.0021	0.0020	0.0001	0.0449	0.0391	0.0058	0.1330	0.0773	0.0557	0.0285	0.0269	0.0016	0.1045	0.0504	0.0541
60	112	0.1010	12	2	0	0	0	1	0	0	0	0	0	1	1	0	0	0	0	0	0	Y	N	N	N	N	N	N	N	N	N	N	N	N	N	N	N	N	N	0.0000	0.0000	0.0000	0.0000	0.0000	0.0000	0.0000	0.0000	0.0000	0.0000	0.0000	0.0000	0.0000	0.0000	0.0000	0.0000	0.0000	0.0000	0.0008	0.0014	0.0000	0.0007	0.0007	0.0000	0.0009	0.0018	0.0000		0.0000	0.0000	-0.0001	2.0000	3.0209	7.0000	2.2550	0.0000	0.0000	0.0000	0.0000	0.0000	0.0000	0.0000	0.0000	0.0000	0.0001	0.0001	0.0000	0.0000	0.0000	0.0000	0.0001	0.0001	0.0000	0.0708	0.0619	0.0089	0.0024	0.0023	0.0001	0.0684	0.0596	0.0087	0.1330	0.0781	0.0548	0.0293	0.0278	0.0015	0.1036	0.0503	0.0533
60	120	0.0914	13	1	0	1	0	0	0	0	0	0	0	2	1	0	0	0	0	0	0	N	N	N	N	Y	N	N	N	N	N	N	N	N	N	N	N	N	N	0.0000	0.0000	0.0000	0.0000	0.0000	0.0000	0.0000	0.0000	0.0000	0.0000	0.0000	0.0000	0.0000	0.0000	0.0000	0.0000	0.0000	0.0000	0.0000	0.0000	0.0000	0.0000	0.0000	0.0000	0.0000	0.0000	0.0000			0.0000	0.0000	2.0000	2.9998	7.0000	1.0000	0.0000	0.0000	0.0000	0.0000	0.0000	0.0000	0.0000	0.0000	0.0000	0.0000	0.0000	0.0000	0.0000	0.0000	0.0000	0.0000	0.0000	0.0000	0.0679	0.0594	0.0085	0.0021	0.0020	0.0001	0.0658	0.0574	0.0084	0.0635	0.0310	0.0325	0.0016	0.0013	0.0003	0.0619	0.0297	0.0322
60	121	0.0914	12	1	0	1	0	0	0	0	0	1	0	2	1	0	0	0	0	0	0	N	N	N	N	Y	N	N	N	N	N	N	N	N	N	N	N	N	N	0.0000	0.0000	0.0000	0.0000	0.0000	0.0000	0.0000	0.0000	0.0000	0.0000	0.0000	0.0000	0.0000	0.0000	0.0000	0.0000	0.0000	0.0000	0.0000	0.0000	0.0000	0.0000	0.0000	0.0000	0.0000	0.0000	0.0000			0.0000	0.0000	2.0000	0.0006	7.0000	0.0007	0.0000	0.0000	0.0000	0.0000	0.0000	0.0000	0.0000	0.0000	0.0000	0.0000	0.0000	0.0000	0.0000	0.0000	0.0000	0.0000	0.0000	0.0000	0.0000	0.0000	0.0000	0.0000	0.0000	0.0000	0.0000	0.0000	0.0000	0.0000	0.0000	0.0000	0.0000	0.0000	0.0000	0.0000	0.0000	0.0000
60	126	0.0946	13	2	0	1	0	0	0	0	0	0	0	1	1	0	0	0	0	0	0	Y	N	N	N	N	N	N	N	N	N	N	N	N	N	N	N	N	N	0.0000	0.0000	0.0000	0.0000	0.0000	0.0000	0.0000	0.0000	0.0000	0.0000	0.0000	0.0000	0.0000	0.0000	0.0000	0.0000	0.0000	0.0000	0.0002	0.0004	0.0000	0.0073	0.0088	0.0000	0.0000	0.0000	0.0000		0.0000	0.0000	-0.0000	2.0000	1.0002	7.0000	2.0058	0.0000	0.0000	0.0000	0.0000	0.0000	0.0000	0.0000	0.0000	0.0000	0.0000	0.0000	0.0000	0.0000	0.0000	0.0000	0.0000	0.0000	0.0000	0.0229	0.0200	0.0029	0.0007	0.0007	0.0000	0.0222	0.0194	0.0028	0.0483	0.0236	0.0247	0.0014	0.0011	0.0002	0.0469	0.0225	0.0245
60	127	0.0980	13	1	0	0	0	0	0	0	0	0	1	1	2	0	0	0	0	0	0	N	N	N	N	N	Y	N	N	N	N	N	N	N	N	N	N	N	N	0.0000	0.0000	0.0000	0.0000	0.0000	0.0000	0.0000	0.0000	0.0000	0.0000	0.0000	0.0000	0.0000	0.0000	0.0000	0.0000	0.0000	0.0000	0.0000	0.0000	0.0000	0.0000	0.0000	0.0000	0.0000	0.0000	0.0000			0.0000	0.0000	2.0000	1.0000	7.0000	2.0000	0.0000	0.0000	0.0000	0.0000	0.0000	0.0000	0.0000	0.0000	0.0000	0.0000	0.0000	0.0000	0.0000	0.0000	0.0000	0.0000	0.0000	0.0000	0.0229	0.0200	0.0029	0.0007	0.0006	0.0000	0.0222	0.0194	0.0028	0.0495	0.0245	0.0251	0.0014	0.0011	0.0003	0.0481	0.0233	0.0248
60	128	0.0980	12	1	0	0	0	0	0	0	0	0	1	1	2	0	0	0	0	0	0	N	N	N	N	N	Y	N	N	N	N	N	N	N	N	N	N	N	N	0.0000	0.0000	0.0000	0.0000	0.0000	0.0000	0.0000	0.0000	0.0000	0.0000	0.0000	0.0000	0.0000	0.0000	0.0000	0.0000	0.0000	0.0000	0.0000	0.0000	0.0000	0.0000	0.0000	0.0000	0.0000	0.0000	0.0000			0.0000	0.0000	2.0000	3.0000	7.0000	2.0000	0.0000	0.0000	0.0000	0.0000	0.0000	0.0000	0.0000	0.0000	0.0000	0.0000	0.0000	0.0000	0.0000	0.0000	0.0000	0.0000	0.0000	0.0000	0.0678	0.0593	0.0085	0.0020	0.0019	0.0001	0.0658	0.0574	0.0084	0.0817	0.0403	0.0413	0.0023	0.0018	0.0005	0.0793	0.0385	0.0408
60	129	0.1012	14	1	0	0	0	0	0	0	0	0	1	1	2	0	0	0	0	0	0	N	N	N	N	N	Y	N	N	N	N	N	N	N	N	N	N	N	N	0.0000	0.0000	0.0000	0.0000	0.0000	0.0000	0.0000	0.0000	0.0000	0.0000	0.0000	0.0000	0.0000	0.0000	0.0000	0.0000	0.0000	0.0000	0.0000	0.0000	0.0000	0.0000	0.0000	0.0000	0.0000	0.0000	0.0000			0.0000	0.0000	2.0000	2.0004	7.0000	1.0045	0.0000	0.0000	0.0000	0.0000	0.0000	0.0000	0.0000	0.0000	0.0000	0.0000	0.0000	0.0000	0.0000	0.0000	0.0000	0.0000	0.0000	0.0000	0.0454	0.0397	0.0057	0.0014	0.0013	0.0001	0.0440	0.0384	0.0056	0.0497	0.0246	0.0251	0.0015	0.0012	0.0003	0.0482	0.0234	0.0248
60	133	0.1150	10	2	0	1	0	0	0	0	0	0	0	2	1	0	0	0	0	0	0	Y	N	N	N	Y	N	N	N	N	N	N	N	N	N	N	N	N	N	0.0000	0.0000	0.0000	0.0000	0.0000	0.0000	0.0000	0.0000	0.0000	0.0000	0.0000	0.0000	0.0000	0.0000	0.0000	0.0000	0.0000	0.0000	0.0000	0.0000	0.0000	0.0000	0.0000	0.0000	0.0000	0.0000	0.0000			0.0000	0.0000	2.0000	0.0000	7.0000	0.0001	0.0000	0.0000	0.0000	0.0000	0.0000	0.0000	0.0000	0.0000	0.0000	0.0000	0.0000	0.0000	0.0000	0.0000	0.0000	0.0000	0.0000	0.0000	0.0000	0.0000	0.0000	0.0000	0.0000	0.0000	0.0000	0.0000	0.0000	0.0000	0.0000	0.0000	0.0000	0.0000	0.0000	0.0000	0.0000	0.0000
60	134	0.0750	9	2	0	1	0	1	0	1	0	1	0	2	1	0	0	0	0	0	0	Y	N	N	N	Y	N	N	N	N	N	N	N	N	N	N	N	N	N	0.0000	0.0000	0.0000	0.0000	0.0000	0.0000	0.0000	0.0000	0.0000	0.0000	0.0000	0.0000	0.0000	0.0000	0.0000	0.0000	0.0000	0.0000	0.0339	0.0685	0.0000	1.0139	1.0789	0.0000	0.0000	0.0000	0.0000		0.0000	0.0000	-0.0038	2.0000	4.0005	7.0000	6.9251	0.0000	0.0000	0.0000	0.0000	0.0000	0.0000	0.0000	0.0000	0.0000	0.0062	0.0062	0.0000	0.0062	0.0062	0.0000	0.0000	0.0000	0.0000	0.0920	0.0804	0.0116	0.0011	0.0011	0.0001	0.0909	0.0793	0.0116	0.1815	0.0900	0.0915	0.0061	0.0057	0.0004	0.1754	0.0843	0.0911
60	135	0.1075	14	2	0	1	0	0	0	0	0	0	0	2	1	0	0	0	0	0	0	Y	N	N	N	Y	N	N	N	N	N	N	N	N	N	N	N	N	N	0.0000	0.0000	0.0000	0.0000	0.0000	0.0000	0.0000	0.0000	0.0000	0.0000	0.0000	0.0000	0.0000	0.0000	0.0000	0.0000	0.0000	0.0000	0.0000	0.0000	0.0000	0.0000	0.0000	0.0000	0.0000	0.0000	0.0000			0.0000	0.0000	2.0000	0.9923	7.0000	0.0060	0.0000	0.0000	0.0000	0.0000	0.0000	0.0000	0.0000	0.0000	0.0000	0.0000	0.0000	0.0000	0.0000	0.0000	0.0000	0.0000	0.0000	0.0000	0.0231	0.0202	0.0029	0.0011	0.0010	0.0001	0.0220	0.0192	0.0028	0.0156	0.0078	0.0078	0.0007	0.0006	0.0001	0.0149	0.0072	0.0077
60	136	0.0946	13	2	0	1	0	0	0	0	0	1	0	2	1	0	0	0	0	0	0	Y	N	N	N	Y	N	N	N	N	N	N	N	N	N	N	N	N	N	0.0000	0.0000	0.0000	0.0000	0.0000	0.0000	0.0000	0.0000	0.0000	0.0000	0.0000	0.0000	0.0000	0.0000	0.0000	0.0000	0.0000	0.0000	0.0000	0.0000	0.0000	0.0000	0.0000	0.0000	0.0000	0.0000	0.0000		0.0000	0.0000	-0.0000	2.0000	2.0106	7.0000	2.0023	0.0000	0.0000	0.0000	0.0000	0.0000	0.0000	0.0000	0.0000	0.0000	0.0000	0.0000	0.0000	0.0000	0.0000	0.0000	0.0000	0.0000	0.0000	0.0456	0.0399	0.0057	0.0014	0.0013	0.0001	0.0442	0.0386	0.0057	0.0638	0.0312	0.0326	0.0018	0.0015	0.0003	0.0621	0.0298	0.0323
60	137	0.0914	12	2	0	1	0	1	0	0	0	0	0	1	1	0	0	0	0	0	0	Y	N	N	N	N	N	N	N	N	N	N	N	N	N	N	N	N	N	0.0000	0.0000	0.0000	0.0000	0.0000	0.0000	0.0000	0.0000	0.0000	0.0000	0.0000	0.0000	0.0000	0.0000	0.0000	0.0000	0.0000	0.0000	0.0006	0.0000	0.0012	0.0000	0.0000	0.0000	0.0006	0.0000	0.0012		inf	0.0000	0.0000	2.0000	0.0008	7.0000	1.0019	0.0000	0.0000	0.0000	0.0000	0.0000	0.0000	0.0000	0.0000	0.0000	0.0000	0.0000	0.0000	0.0000	0.0000	0.0000	0.0000	0.0000	0.0000	0.0000	0.0000	0.0000	0.0000	0.0000	0.0000	0.0000	0.0000	0.0000	0.0162	0.0079	0.0083	0.0004	0.0003	0.0001	0.0158	0.0076	0.0082
61	62	0.0725	10	2	0	1	0	0	0	0	0	0	1	2	1	0	0	0	0	0	0	Y	N	N	N	Y	N	N	N	N	N	N	N	N	N	N	N	N	N	0.0000	0.0000	0.0000	0.0000	0.0000	0.0000	0.0000	0.0000	0.0000	0.0000	0.0000	0.0000	0.0000	0.0000	0.0000	0.0000	0.0000	0.0000	0.0000	0.0000	0.0000	0.0000	0.0000	0.0000	0.0000	0.0000	0.0000			0.0000	0.0000	0.0000	0.9672	0.0000	2.9870	0.0000	0.0000	0.0000	0.0000	0.0000	0.0000	0.0000	0.0000	0.0000	0.0000	0.0000	0.0000	0.0000	0.0000	0.0000	0.0000	0.0000	0.0000	0.0000	0.0000	0.0000	0.0000	0.0000	0.0000	0.0000	0.0000	0.0000	0.0000	0.0000	0.0000	0.0000	0.0000	0.0000	0.0000	0.0000	0.0000
61	63	0.0414	9	2	0	1	0	0	0	0	0	1	1	2	1	0	0	0	0	0	0	Y	N	N	N	Y	N	N	N	N	N	N	N	N	N	N	N	N	N	0.0000	0.0000	0.0000	0.0000	0.0000	0.0000	0.0000	0.0000	0.0000	0.0000	0.0000	0.0000	0.0000	0.0000	0.0000	0.0000	0.0000	0.0000	0.0000	0.0000	0.0000	0.0000	0.0000	0.0000	0.0000	0.0000	0.0000			0.0000	0.0000	0.0000	2.0363	0.0000	7.8590	0.0000	0.0000	0.0000	0.0000	0.0000	0.0000	0.0000	0.0000	0.0000	0.0000	0.0000	0.0000	0.0000	0.0000	0.0000	0.0000	0.0000	0.0000	0.0000	0.0000	0.0000	0.0000	0.0000	0.0000	0.0000	0.0000	0.0000	0.0000	0.0000	0.0000	0.0000	0.0000	0.0000	0.0000	0.0000	0.0000
61	64	0.0356	8	2	0	1	0	0	0	0	0	0	1	1	1	0	0	0	0	0	0	Y	N	N	N	N	N	N	N	N	N	N	N	N	N	N	N	N	N	0.0000	0.0000	0.0000	0.0000	0.0000	0.0000	0.0000	0.0000	0.0000	0.0000	0.0000	0.0000	0.0000	0.0000	0.0000	0.0000	0.0000	0.0000	0.0000	0.0000	0.0000	0.0000	0.0000	0.0000	0.0000	0.0000	0.0000			0.0000	0.0000	0.0000	0.0049	0.0000	1.8223	0.0000	0.0000	0.0000	0.0000	0.0000	0.0000	0.0000	0.0000	0.0000	0.0000	0.0000	0.0000	0.0000	0.0000	0.0000	0.0000	0.0000	0.0000	0.0000	0.0000	0.0000	0.0000	0.0000	0.0000	0.0000	0.0000	0.0000	0.0000	0.0000	0.0000	0.0000	0.0000	0.0000	0.0000	0.0000	0.0000
61	65	0.0128	7	2	0	1	0	0	0	0	0	0	1	1	1	0	0	0	0	0	0	Y	N	N	N	N	N	N	N	N	N	N	N	N	N	N	N	N	N	0.0000	0.0000	0.0000	0.0000	0.0000	0.0000	0.0000	0.0000	0.0000	0.0000	0.0000	0.0000	0.0000	0.0000	0.0000	0.0000	0.0000	0.0000	0.0000	0.0000	0.0000	0.0000	0.0000	0.0000	0.0000	0.0000	0.0000			0.0000	0.0000	0.0000	2.0010	0.0000	3.9928	0.0000	0.0000	0.0000	0.0000	0.0000	0.0000	0.0000	0.0000	0.0000	0.0000	0.0000	0.0000	0.0000	0.0000	0.0000	0.0000	0.0000	0.0000	0.0000	0.0000	0.0000	0.0000	0.0000	0.0000	0.0000	0.0000	0.0000	0.0000	0.0000	0.0000	0.0000	0.0000	0.0000	0.0000	0.0000	0.0000
61	66	0.0096	6	2	0	1	0	0	0	0	0	0	1	1	1	0	0	0	0	0	0	Y	N	N	N	N	N	N	N	N	N	N	N	N	N	N	N	N	N	0.0000	0.0000	0.0000	0.0000	0.0000	0.0000	0.0000	0.0000	0.0000	0.0000	0.0000	0.0000	0.0000	0.0000	0.0000	0.0000	0.0000	0.0000	0.0000	0.0000	0.0000	0.0000	0.0000	0.0000	0.0000	0.0000	0.0000			0.0000	0.0000	0.0000	1.0002	0.0000	0.0173	0.0000	0.0000	0.0000	0.0000	0.0000	0.0000	0.0000	0.0000	0.0000	0.0000	0.0000	0.0000	0.0000	0.0000	0.0000	0.0000	0.0000	0.0000	0.0000	0.0000	0.0000	0.0000	0.0000	0.0000	0.0000	0.0000	0.0000	0.0000	0.0000	0.0000	0.0000	0.0000	0.0000	0.0000	0.0000	0.0000
61	67	0.0096	5	2	0	1	0	0	0	1	0	0	1	1	1	0	0	0	0	0	0	Y	N	N	N	N	N	N	N	N	N	N	N	N	N	N	N	N	N	0.0000	0.0000	0.0000	0.0000	0.0000	0.0000	0.0000	0.0000	0.0000	0.0000	0.0000	0.0000	0.0000	0.0000	0.0000	0.0000	0.0000	0.0000	0.0000	0.0000	0.0000	0.0000	0.0000	0.0000	0.0000	0.0000	0.0000			0.0000	0.0000	0.0000	0.0001	0.0000	0.0028	0.0000	0.0000	0.0000	0.0000	0.0000	0.0000	0.0000	0.0000	0.0000	0.0000	0.0000	0.0000	0.0000	0.0000	0.0000	0.0000	0.0000	0.0000	0.0000	0.0000	0.0000	0.0000	0.0000	0.0000	0.0000	0.0000	0.0000	0.0000	0.0000	0.0000	0.0000	0.0000	0.0000	0.0000	0.0000	0.0000
61	68	0.1570	17	2	0	0	0	0	0	0	0	0	2	1	2	0	0	0	0	0	0	Y	N	N	N	N	Y	N	N	N	N	N	N	N	N	N	N	N	N	0.0000	0.0000	0.0000	0.0000	0.0000	0.0000	0.0000	0.0000	0.0000	0.0000	0.0000	0.0000	0.0000	0.0000	0.0000	0.0000	0.0000	0.0000	0.0000	0.0000	0.0000	0.0000	0.0000	0.0000	0.0000	0.0000	0.0000			0.0000	0.0000	0.0000	1.4193	0.0000	5.2011	0.0000	0.0000	0.0000	0.0000	0.0000	0.0000	0.0000	0.0000	0.0000	0.0000	0.0000	0.0000	0.0000	0.0000	0.0000	0.0000	0.0000	0.0000	0.0000	0.0000	0.0000	0.0000	0.0000	0.0000	0.0000	0.0000	0.0000	0.0000	0.0000	0.0000	0.0000	0.0000	0.0000	0.0000	0.0000	0.0000
61	69	0.1068	16	2	0	0	0	1	0	0	0	0	1	1	1	0	0	0	0	0	0	Y	N	N	N	N	N	N	N	N	N	N	N	N	N	N	N	N	N	0.0000	0.0000	0.0000	0.0000	0.0000	0.0000	0.0000	0.0000	0.0000	0.0000	0.0000	0.0000	0.0000	0.0000	0.0000	0.0000	0.0000	0.0000	0.0000	0.0000	0.0000	0.0000	0.0000	0.0000	0.0000	0.0000	0.0000			0.0000	0.0000	0.0000	9.3928	0.0000	3.6523	0.0000	0.0000	0.0000	0.0000	0.0000	0.0000	0.0000	0.0000	0.0000	0.0000	0.0000	0.0000	0.0000	0.0000	0.0000	0.0000	0.0000	0.0000	0.0000	0.0000	0.0000	0.0000	0.0000	0.0000	0.0000	0.0000	0.0000	0.0000	0.0000	0.0000	0.0000	0.0000	0.0000	0.0000	0.0000	0.0000
61	73	0.0151	3	2	0	1	0	0	0	1	0	0	1	2	1	0	0	0	0	0	0	Y	N	N	N	Y	N	N	N	N	N	N	N	N	N	N	N	N	N	0.0000	0.0000	0.0000	0.0000	0.0000	0.0000	0.0000	0.0000	0.0000	0.0000	0.0000	0.0000	0.0000	0.0000	0.0000	0.0000	0.0000	0.0000	0.0000	0.0000	0.0000	0.0000	0.0000	0.0000	0.0000	0.0000	0.0000			0.0000	0.0000	0.0000	3.9579	0.0000	0.9988	0.0000	0.0000	0.0000	0.0000	0.0000	0.0000	0.0000	0.0000	0.0000	0.0000	0.0000	0.0000	0.0000	0.0000	0.0000	0.0000	0.0000	0.0000	0.0000	0.0000	0.0000	0.0000	0.0000	0.0000	0.0000	0.0000	0.0000	0.0000	0.0000	0.0000	0.0000	0.0000	0.0000	0.0000	0.0000	0.0000
61	74	0.0000	2	2	0	0	0	0	0	0	0	0	1	2	1	0	0	0	0	0	0	Y	N	N	N	Y	N	N	N	N	N	N	N	N	N	N	N	N	N	0.0000	0.0000	0.0000	0.0000	0.0000	0.0000	0.0000	0.0000	0.0000	0.0000	0.0000	0.0000	0.0000	0.0000	0.0000	0.0000	0.0000	0.0000	0.0000	0.0000	0.0000	0.0000	0.0000	0.0000	0.0000	0.0000	0.0000			0.0000	0.0000	0.0000	3.9277	0.0000	0.5227	0.0000	0.0000	0.0000	0.0000	0.0000	0.0000	0.0000	0.0000	0.0000	0.0000	0.0000	0.0000	0.0000	0.0000	0.0000	0.0000	0.0000	0.0000	0.0000	0.0000	0.0000	0.0000	0.0000	0.0000	0.0000	0.0000	0.0000	0.0000	0.0000	0.0000	0.0000	0.0000	0.0000	0.0000	0.0000	0.0000
61	77	0.0476	9	2	0	0	0	1	0	0	0	0	1	1	1	0	0	0	0	0	0	Y	N	N	N	N	N	N	N	N	N	N	N	N	N	N	N	N	N	0.0000	0.0000	0.0000	0.0000	0.0000	0.0000	0.0000	0.0000	0.0000	0.0000	0.0000	0.0000	0.0000	0.0000	0.0000	0.0000	0.0000	0.0000	0.0000	0.0000	0.0000	0.0000	0.0000	0.0000	0.0000	0.0000	0.0000			0.0000	0.0000	0.0000	3.3326	0.0000	4.0108	0.0000	0.0000	0.0000	0.0000	0.0000	0.0000	0.0000	0.0000	0.0000	0.0000	0.0000	0.0000	0.0000	0.0000	0.0000	0.0000	0.0000	0.0000	0.0000	0.0000	0.0000	0.0000	0.0000	0.0000	0.0000	0.0000	0.0000	0.0000	0.0000	0.0000	0.0000	0.0000	0.0000	0.0000	0.0000	0.0000
61	78	0.0355	9	2	0	1	0	0	0	1	0	0	1	2	2	0	0	0	0	0	0	Y	N	N	N	Y	Y	N	N	N	N	N	N	N	N	N	N	N	N	0.0000	0.0000	0.0000	0.0000	0.0000	0.0000	0.0000	0.0000	0.0000	0.0000	0.0000	0.0000	0.0000	0.0000	0.0000	0.0000	0.0000	0.0000	0.0000	0.0000	0.0000	0.0000	0.0000	0.0000	0.0000	0.0000	0.0000			0.0000	0.0000	0.0000	0.0000	0.0000	0.9988	0.0000	0.0000	0.0000	0.0000	0.0000	0.0000	0.0000	0.0000	0.0000	0.0000	0.0000	0.0000	0.0000	0.0000	0.0000	0.0000	0.0000	0.0000	0.0000	0.0000	0.0000	0.0000	0.0000	0.0000	0.0000	0.0000	0.0000	0.0000	0.0000	0.0000	0.0000	0.0000	0.0000	0.0000	0.0000	0.0000
61	79	0.0323	8	2	0	0	0	0	0	0	0	0	1	2	2	0	0	0	0	0	0	Y	N	N	N	Y	Y	N	N	N	N	N	N	N	N	N	N	N	N	0.0000	0.0000	0.0000	0.0000	0.0000	0.0000	0.0000	0.0000	0.0000	0.0000	0.0000	0.0000	0.0000	0.0000	0.0000	0.0000	0.0000	0.0000	0.0000	0.0000	0.0000	0.0000	0.0000	0.0000	0.0000	0.0000	0.0000			0.0000	0.0000	0.0000	0.0001	0.0000	1.0072	0.0000	0.0000	0.0000	0.0000	0.0000	0.0000	0.0000	0.0000	0.0000	0.0000	0.0000	0.0000	0.0000	0.0000	0.0000	0.0000	0.0000	0.0000	0.0000	0.0000	0.0000	0.0000	0.0000	0.0000	0.0000	0.0000	0.0000	0.0000	0.0000	0.0000	0.0000	0.0000	0.0000	0.0000	0.0000	0.0000
61	80	0.0226	7	2	0	0	0	0	0	0	0	0	1	2	2	0	0	0	0	0	0	Y	N	N	N	Y	Y	N	N	N	N	N	N	N	N	N	N	N	N	0.0000	0.0000	0.0000	0.0000	0.0000	0.0000	0.0000	0.0000	0.0000	0.0000	0.0000	0.0000	0.0000	0.0000	0.0000	0.0000	0.0000	0.0000	0.0000	0.0000	0.0000	0.0000	0.0000	0.0000	0.0000	0.0000	0.0000			0.0000	0.0000	0.0000	1.0058	0.0000	1.9973	0.0000	0.0000	0.0000	0.0000	0.0000	0.0000	0.0000	0.0000	0.0000	0.0000	0.0000	0.0000	0.0000	0.0000	0.0000	0.0000	0.0000	0.0000	0.0000	0.0000	0.0000	0.0000	0.0000	0.0000	0.0000	0.0000	0.0000	0.0000	0.0000	0.0000	0.0000	0.0000	0.0000	0.0000	0.0000	0.0000
61	81	0.0356	8	2	0	1	0	0	0	0	0	0	1	1	1	0	0	0	0	0	0	Y	N	N	N	N	N	N	N	N	N	N	N	N	N	N	N	N	N	0.0000	0.0000	0.0000	0.0000	0.0000	0.0000	0.0000	0.0000	0.0000	0.0000	0.0000	0.0000	0.0000	0.0000	0.0000	0.0000	0.0000	0.0000	0.0000	0.0000	0.0000	0.0000	0.0000	0.0000	0.0000	0.0000	0.0000			0.0000	0.0000	0.0000	7.0000	0.0000	2.0013	0.0000	0.0000	0.0000	0.0000	0.0000	0.0000	0.0000	0.0000	0.0000	0.0000	0.0000	0.0000	0.0000	0.0000	0.0000	0.0000	0.0000	0.0000	0.0000	0.0000	0.0000	0.0000	0.0000	0.0000	0.0000	0.0000	0.0000	0.0000	0.0000	0.0000	0.0000	0.0000	0.0000	0.0000	0.0000	0.0000
61	82	0.0356	7	2	0	1	0	1	0	1	0	0	1	1	1	0	0	0	0	0	0	Y	N	N	N	N	N	N	N	N	N	N	N	N	N	N	N	N	N	0.0000	0.0000	0.0000	0.0000	0.0000	0.0000	0.0000	0.0000	0.0000	0.0000	0.0000	0.0000	0.0000	0.0000	0.0000	0.0000	0.0000	0.0000	0.0000	0.0000	0.0000	0.0000	0.0000	0.0000	0.0000	0.0000	0.0000			0.0000	0.0000	0.0000	0.0005	0.0000	0.0029	0.0000	0.0000	0.0000	0.0000	0.0000	0.0000	0.0000	0.0000	0.0000	0.0000	0.0000	0.0000	0.0000	0.0000	0.0000	0.0000	0.0000	0.0000	0.0000	0.0000	0.0000	0.0000	0.0000	0.0000	0.0000	0.0000	0.0000	0.0000	0.0000	0.0000	0.0000	0.0000	0.0000	0.0000	0.0000	0.0000
61	83	0.0226	7	2	0	0	0	0	0	0	0	0	1	2	2	0	0	0	0	0	0	Y	N	N	N	Y	Y	N	N	N	N	N	N	N	N	N	N	N	N	0.0000	0.0000	0.0000	0.0000	0.0000	0.0000	0.0000	0.0000	0.0000	0.0000	0.0000	0.0000	0.0000	0.0000	0.0000	0.0000	0.0000	0.0000	0.0000	0.0000	0.0000	0.0000	0.0000	0.0000	0.0000	0.0000	0.0000			0.0000	0.0000	0.0000	5.0069	0.0000	6.0103	0.0000	0.0000	0.0000	0.0000	0.0000	0.0000	0.0000	0.0000	0.0000	0.0000	0.0000	0.0000	0.0000	0.0000	0.0000	0.0000	0.0000	0.0000	0.0000	0.0000	0.0000	0.0000	0.0000	0.0000	0.0000	0.0000	0.0000	0.0000	0.0000	0.0000	0.0000	0.0000	0.0000	0.0000	0.0000	0.0000
61	84	0.0161	6	2	0	0	0	0	0	0	0	1	2	2	2	0	0	0	0	0	0	Y	N	N	N	Y	Y	N	N	N	N	N	N	N	N	N	N	N	N	0.0000	0.0000	0.0000	0.0000	0.0000	0.0000	0.0000	0.0000	0.0000	0.0000	0.0000	0.0000	0.0000	0.0000	0.0000	0.0000	0.0000	0.0000	0.0000	0.0000	0.0000	0.0000	0.0000	0.0000	0.0000	0.0000	0.0000			0.0000	0.0000	0.0000	1.9932	0.0000	0.0278	0.0000	0.0000	0.0000	0.0000	0.0000	0.0000	0.0000	0.0000	0.0000	0.0000	0.0000	0.0000	0.0000	0.0000	0.0000	0.0000	0.0000	0.0000	0.0000	0.0000	0.0000	0.0000	0.0000	0.0000	0.0000	0.0000	0.0000	0.0000	0.0000	0.0000	0.0000	0.0000	0.0000	0.0000	0.0000	0.0000
61	85	0.0644	8	2	0	1	0	0	0	0	0	0	1	1	1	0	0	0	0	0	0	Y	N	N	N	N	N	N	N	N	N	N	N	N	N	N	N	N	N	0.0000	0.0000	0.0000	0.0000	0.0000	0.0000	0.0000	0.0000	0.0000	0.0000	0.0000	0.0000	0.0000	0.0000	0.0000	0.0000	0.0000	0.0000	0.0000	0.0000	0.0000	0.0000	0.0000	0.0000	0.0000	0.0000	0.0000			0.0000	0.0000	0.0000	9.9670	0.0000	12.6920	0.0000	0.0000	0.0000	0.0000	0.0000	0.0000	0.0000	0.0000	0.0000	0.0000	0.0000	0.0000	0.0000	0.0000	0.0000	0.0000	0.0000	0.0000	0.0000	0.0000	0.0000	0.0000	0.0000	0.0000	0.0000	0.0000	0.0000	0.0000	0.0000	0.0000	0.0000	0.0000	0.0000	0.0000	0.0000	0.0000
61	86	0.0579	7	2	0	1	0	1	0	1	0	0	1	1	1	0	0	0	0	0	0	Y	N	N	N	N	N	N	N	N	N	N	N	N	N	N	N	N	N	0.0000	0.0000	0.0000	0.0000	0.0000	0.0000	0.0000	0.0000	0.0000	0.0000	0.0000	0.0000	0.0000	0.0000	0.0000	0.0000	0.0000	0.0000	0.0000	0.0000	0.0000	0.0000	0.0000	0.0000	0.0000	0.0000	0.0000			0.0000	0.0000	0.0000	1.5419	0.0000	1.3342	0.0000	0.0000	0.0000	0.0000	0.0000	0.0000	0.0000	0.0000	0.0000	0.0000	0.0000	0.0000	0.0000	0.0000	0.0000	0.0000	0.0000	0.0000	0.0000	0.0000	0.0000	0.0000	0.0000	0.0000	0.0000	0.0000	0.0000	0.0000	0.0000	0.0000	0.0000	0.0000	0.0000	0.0000	0.0000	0.0000
61	87	0.0812	10	1	0	0	0	0	0	0	0	0	1	1	2	0	0	0	0	0	0	N	N	N	N	N	Y	N	N	N	N	N	N	N	N	N	N	N	N	0.0000	0.0000	0.0000	0.0000	0.0000	0.0000	0.0000	0.0000	0.0000	0.0000	0.0000	0.0000	0.0000	0.0000	0.0000	0.0000	0.0000	0.0000	0.0000	0.0000	0.0000	0.0000	0.0000	0.0000	0.0000	0.0000	0.0000			0.0000	0.0000	0.0000	0.9989	0.0000	0.5152	0.0000	0.0000	0.0000	0.0000	0.0000	0.0000	0.0000	0.0000	0.0000	0.0000	0.0000	0.0000	0.0000	0.0000	0.0000	0.0000	0.0000	0.0000	0.0000	0.0000	0.0000	0.0000	0.0000	0.0000	0.0000	0.0000	0.0000	0.0000	0.0000	0.0000	0.0000	0.0000	0.0000	0.0000	0.0000	0.0000
61	88	0.0518	9	1	0	0	0	0	0	0	0	0	2	1	2	0	0	0	0	0	0	N	N	N	N	N	Y	N	N	N	N	N	N	N	N	N	N	N	N	0.0000	0.0000	0.0000	0.0000	0.0000	0.0000	0.0000	0.0000	0.0000	0.0000	0.0000	0.0000	0.0000	0.0000	0.0000	0.0000	0.0000	0.0000	0.0000	0.0000	0.0000	0.0000	0.0000	0.0000	0.0000	0.0000	0.0000			0.0000	0.0000	0.0000	6.0209	0.0000	2.4875	0.0000	0.0000	0.0000	0.0000	0.0000	0.0000	0.0000	0.0000	0.0000	0.0000	0.0000	0.0000	0.0000	0.0000	0.0000	0.0000	0.0000	0.0000	0.0000	0.0000	0.0000	0.0000	0.0000	0.0000	0.0000	0.0000	0.0000	0.0000	0.0000	0.0000	0.0000	0.0000	0.0000	0.0000	0.0000	0.0000
61	90	0.1021	13	2	0	1	0	0	0	1	0	0	1	1	1	0	0	0	0	0	0	Y	N	N	N	N	N	N	N	N	N	N	N	N	N	N	N	N	N	0.0000	0.0000	0.0000	0.0000	0.0000	0.0000	0.0000	0.0000	0.0000	0.0000	0.0000	0.0000	0.0000	0.0000	0.0000	0.0000	0.0000	0.0000	0.0000	0.0000	0.0000	0.0000	0.0000	0.0000	0.0000	0.0000	0.0000			0.0000	0.0000	0.0000	5.9354	0.0000	8.3561	0.0000	0.0000	0.0000	0.0000	0.0000	0.0000	0.0000	0.0000	0.0000	0.0000	0.0000	0.0000	0.0000	0.0000	0.0000	0.0000	0.0000	0.0000	0.0000	0.0000	0.0000	0.0000	0.0000	0.0000	0.0000	0.0000	0.0000	0.0000	0.0000	0.0000	0.0000	0.0000	0.0000	0.0000	0.0000	0.0000
61	91	0.0853	12	2	0	0	0	0	0	0	0	0	1	1	1	0	0	0	0	0	0	Y	N	N	N	N	N	N	N	N	N	N	N	N	N	N	N	N	N	0.0000	0.0000	0.0000	0.0000	0.0000	0.0000	0.0000	0.0000	0.0000	0.0000	0.0000	0.0000	0.0000	0.0000	0.0000	0.0000	0.0000	0.0000	0.0000	0.0000	0.0000	0.0000	0.0000	0.0000	0.0000	0.0000	0.0000			0.0000	0.0000	0.0000	1.5872	0.0000	4.4746	0.0000	0.0000	0.0000	0.0000	0.0000	0.0000	0.0000	0.0000	0.0000	0.0000	0.0000	0.0000	0.0000	0.0000	0.0000	0.0000	0.0000	0.0000	0.0000	0.0000	0.0000	0.0000	0.0000	0.0000	0.0000	0.0000	0.0000	0.0000	0.0000	0.0000	0.0000	0.0000	0.0000	0.0000	0.0000	0.0000
61	92	0.0227	5	2	0	0	1	0	0	0	1	0	1	2	2	0	0	0	0	0	0	Y	N	N	N	Y	Y	N	N	N	N	N	N	N	N	N	N	N	N	0.0000	0.0000	0.0000	0.0000	0.0000	0.0000	0.0000	0.0000	0.0000	0.0000	0.0000	0.0000	0.0000	0.0000	0.0000	0.0000	0.0000	0.0000	0.0000	0.0000	0.0000	0.0000	0.0000	0.0000	0.0000	0.0000	0.0000			0.0000	0.0000	0.0000	1.0091	0.0000	1.9972	0.0000	0.0000	0.0000	0.0000	0.0000	0.0000	0.0000	0.0000	0.0000	0.0000	0.0000	0.0000	0.0000	0.0000	0.0000	0.0000	0.0000	0.0000	0.0000	0.0000	0.0000	0.0000	0.0000	0.0000	0.0000	0.0000	0.0000	0.0000	0.0000	0.0000	0.0000	0.0000	0.0000	0.0000	0.0000	0.0000
61	93	0.0064	4	2	0	0	0	0	0	0	0	0	2	2	2	0	0	0	0	0	0	Y	N	N	N	Y	Y	N	N	N	N	N	N	N	N	N	N	N	N	0.0000	0.0000	0.0000	0.0000	0.0000	0.0000	0.0000	0.0000	0.0000	0.0000	0.0000	0.0000	0.0000	0.0000	0.0000	0.0000	0.0000	0.0000	0.0000	0.0000	0.0000	0.0000	0.0000	0.0000	0.0000	0.0000	0.0000			0.0000	0.0000	0.0000	2.0083	0.0000	3.0031	0.0000	0.0000	0.0000	0.0000	0.0000	0.0000	0.0000	0.0000	0.0000	0.0000	0.0000	0.0000	0.0000	0.0000	0.0000	0.0000	0.0000	0.0000	0.0000	0.0000	0.0000	0.0000	0.0000	0.0000	0.0000	0.0000	0.0000	0.0000	0.0000	0.0000	0.0000	0.0000	0.0000	0.0000	0.0000	0.0000
61	94	0.0064	3	2	0	0	0	0	0	0	0	0	1	2	1	0	0	0	0	0	0	Y	N	N	N	Y	N	N	N	N	N	N	N	N	N	N	N	N	N	0.0000	0.0000	0.0000	0.0000	0.0000	0.0000	0.0000	0.0000	0.0000	0.0000	0.0000	0.0000	0.0000	0.0000	0.0000	0.0000	0.0000	0.0000	0.0000	0.0000	0.0000	0.0000	0.0000	0.0000	0.0000	0.0000	0.0000			0.0000	0.0000	0.0000	0.0000	0.0000	0.0002	0.0000	0.0000	0.0000	0.0000	0.0000	0.0000	0.0000	0.0000	0.0000	0.0000	0.0000	0.0000	0.0000	0.0000	0.0000	0.0000	0.0000	0.0000	0.0000	0.0000	0.0000	0.0000	0.0000	0.0000	0.0000	0.0000	0.0000	0.0000	0.0000	0.0000	0.0000	0.0000	0.0000	0.0000	0.0000	0.0000
61	95	0.0032	2	2	0	0	0	0	0	0	0	0	1	2	1	0	0	0	0	0	0	Y	N	N	N	Y	N	N	N	N	N	N	N	N	N	N	N	N	N	0.0000	0.0000	0.0000	0.0000	0.0000	0.0000	0.0000	0.0000	0.0000	0.0000	0.0000	0.0000	0.0000	0.0000	0.0000	0.0000	0.0000	0.0000	0.0000	0.0000	0.0000	0.0000	0.0000	0.0000	0.0000	0.0000	0.0000			0.0000	0.0000	0.0000	1.0000	0.0000	0.0001	0.0000	0.0000	0.0000	0.0000	0.0000	0.0000	0.0000	0.0000	0.0000	0.0000	0.0000	0.0000	0.0000	0.0000	0.0000	0.0000	0.0000	0.0000	0.0000	0.0000	0.0000	0.0000	0.0000	0.0000	0.0000	0.0000	0.0000	0.0000	0.0000	0.0000	0.0000	0.0000	0.0000	0.0000	0.0000	0.0000
61	99	0.0324	6	2	0	1	0	1	0	1	0	0	1	1	1	0	0	0	0	0	0	Y	N	N	N	N	N	N	N	N	N	N	N	N	N	N	N	N	N	0.0000	0.0000	0.0000	0.0000	0.0000	0.0000	0.0000	0.0000	0.0000	0.0000	0.0000	0.0000	0.0000	0.0000	0.0000	0.0000	0.0000	0.0000	0.0000	0.0000	0.0000	0.0000	0.0000	0.0000	0.0000	0.0000	0.0000			0.0000	0.0000	0.0000	5.0000	0.0000	11.0015	0.0000	0.0000	0.0000	0.0000	0.0000	0.0000	0.0000	0.0000	0.0000	0.0000	0.0000	0.0000	0.0000	0.0000	0.0000	0.0000	0.0000	0.0000	0.0000	0.0000	0.0000	0.0000	0.0000	0.0000	0.0000	0.0000	0.0000	0.0000	0.0000	0.0000	0.0000	0.0000	0.0000	0.0000	0.0000	0.0000
61	100	0.1132	16	2	0	1	0	0	0	0	0	0	1	1	1	0	0	0	0	0	0	Y	N	N	N	N	N	N	N	N	N	N	N	N	N	N	N	N	N	0.0000	0.0000	0.0000	0.0000	0.0000	0.0000	0.0000	0.0000	0.0000	0.0000	0.0000	0.0000	0.0000	0.0000	0.0000	0.0000	0.0000	0.0000	0.0000	0.0000	0.0000	0.0000	0.0000	0.0000	0.0000	0.0000	0.0000			0.0000	0.0000	0.0000	2.0003	0.0000	3.6794	0.0000	0.0000	0.0000	0.0000	0.0000	0.0000	0.0000	0.0000	0.0000	0.0000	0.0000	0.0000	0.0000	0.0000	0.0000	0.0000	0.0000	0.0000	0.0000	0.0000	0.0000	0.0000	0.0000	0.0000	0.0000	0.0000	0.0000	0.0000	0.0000	0.0000	0.0000	0.0000	0.0000	0.0000	0.0000	0.0000
61	101	0.1026	15	2	0	1	0	1	0	1	0	0	1	1	1	0	0	0	0	0	0	Y	N	N	N	N	N	N	N	N	N	N	N	N	N	N	N	N	N	0.0000	0.0000	0.0000	0.0000	0.0000	0.0000	0.0000	0.0000	0.0000	0.0000	0.0000	0.0000	0.0000	0.0000	0.0000	0.0000	0.0000	0.0000	0.0000	0.0000	0.0000	0.0000	0.0000	0.0000	0.0000	0.0000	0.0000			0.0000	0.0000	0.0000	0.0087	0.0000	3.3708	0.0000	0.0000	0.0000	0.0000	0.0000	0.0000	0.0000	0.0000	0.0000	0.0000	0.0000	0.0000	0.0000	0.0000	0.0000	0.0000	0.0000	0.0000	0.0000	0.0000	0.0000	0.0000	0.0000	0.0000	0.0000	0.0000	0.0000	0.0000	0.0000	0.0000	0.0000	0.0000	0.0000	0.0000	0.0000	0.0000
61	106	0.0161	6	2	0	1	0	0	0	1	0	0	1	1	1	0	0	0	0	0	0	Y	N	N	N	N	N	N	N	N	N	N	N	N	N	N	N	N	N	0.0000	0.0000	0.0000	0.0000	0.0000	0.0000	0.0000	0.0000	0.0000	0.0000	0.0000	0.0000	0.0000	0.0000	0.0000	0.0000	0.0000	0.0000	0.0000	0.0000	0.0000	0.0000	0.0000	0.0000	0.0000	0.0000	0.0000			0.0000	0.0000	0.0000	3.0043	0.0000	5.0032	0.0000	0.0000	0.0000	0.0000	0.0000	0.0000	0.0000	0.0000	0.0000	0.0000	0.0000	0.0000	0.0000	0.0000	0.0000	0.0000	0.0000	0.0000	0.0000	0.0000	0.0000	0.0000	0.0000	0.0000	0.0000	0.0000	0.0000	0.0000	0.0000	0.0000	0.0000	0.0000	0.0000	0.0000	0.0000	0.0000
61	107	0.0096	5	2	0	0	0	0	0	0	0	0	1	1	1	0	0	0	0	0	0	Y	N	N	N	N	N	N	N	N	N	N	N	N	N	N	N	N	N	0.0000	0.0000	0.0000	0.0000	0.0000	0.0000	0.0000	0.0000	0.0000	0.0000	0.0000	0.0000	0.0000	0.0000	0.0000	0.0000	0.0000	0.0000	0.0000	0.0000	0.0000	0.0000	0.0000	0.0000	0.0000	0.0000	0.0000			0.0000	0.0000	0.0000	1.0015	0.0000	0.9989	0.0000	0.0000	0.0000	0.0000	0.0000	0.0000	0.0000	0.0000	0.0000	0.0000	0.0000	0.0000	0.0000	0.0000	0.0000	0.0000	0.0000	0.0000	0.0000	0.0000	0.0000	0.0000	0.0000	0.0000	0.0000	0.0000	0.0000	0.0000	0.0000	0.0000	0.0000	0.0000	0.0000	0.0000	0.0000	0.0000
61	108	0.0064	4	2	0	0	0	0	0	0	0	0	1	1	1	0	0	0	0	0	0	Y	N	N	N	N	N	N	N	N	N	N	N	N	N	N	N	N	N	0.0000	0.0000	0.0000	0.0000	0.0000	0.0000	0.0000	0.0000	0.0000	0.0000	0.0000	0.0000	0.0000	0.0000	0.0000	0.0000	0.0000	0.0000	0.0000	0.0000	0.0000	0.0000	0.0000	0.0000	0.0000	0.0000	0.0000			0.0000	0.0000	0.0000	1.0004	0.0000	0.0020	0.0000	0.0000	0.0000	0.0000	0.0000	0.0000	0.0000	0.0000	0.0000	0.0000	0.0000	0.0000	0.0000	0.0000	0.0000	0.0000	0.0000	0.0000	0.0000	0.0000	0.0000	0.0000	0.0000	0.0000	0.0000	0.0000	0.0000	0.0000	0.0000	0.0000	0.0000	0.0000	0.0000	0.0000	0.0000	0.0000
61	110	0.1078	13	2	0	1	0	0	0	0	0	0	1	1	1	0	0	0	0	0	0	Y	N	N	N	N	N	N	N	N	N	N	N	N	N	N	N	N	N	0.0000	0.0000	0.0000	0.0000	0.0000	0.0000	0.0000	0.0000	0.0000	0.0000	0.0000	0.0000	0.0000	0.0000	0.0000	0.0000	0.0000	0.0000	0.0000	0.0000	0.0000	0.0000	0.0000	0.0000	0.0000	0.0000	0.0000			0.0000	0.0000	0.0000	7.0195	0.0000	5.1243	0.0000	0.0000	0.0000	0.0000	0.0000	0.0000	0.0000	0.0000	0.0000	0.0000	0.0000	0.0000	0.0000	0.0000	0.0000	0.0000	0.0000	0.0000	0.0000	0.0000	0.0000	0.0000	0.0000	0.0000	0.0000	0.0000	0.0000	0.0000	0.0000	0.0000	0.0000	0.0000	0.0000	0.0000	0.0000	0.0000
61	111	0.0853	12	2	0	1	0	0	0	1	0	0	1	1	1	0	0	0	0	0	0	Y	N	N	N	N	N	N	N	N	N	N	N	N	N	N	N	N	N	0.0000	0.0000	0.0000	0.0000	0.0000	0.0000	0.0000	0.0000	0.0000	0.0000	0.0000	0.0000	0.0000	0.0000	0.0000	0.0000	0.0000	0.0000	0.0000	0.0000	0.0000	0.0000	0.0000	0.0000	0.0000	0.0000	0.0000			0.0000	0.0000	0.0000	2.0281	0.0000	3.4706	0.0000	0.0000	0.0000	0.0000	0.0000	0.0000	0.0000	0.0000	0.0000	0.0000	0.0000	0.0000	0.0000	0.0000	0.0000	0.0000	0.0000	0.0000	0.0000	0.0000	0.0000	0.0000	0.0000	0.0000	0.0000	0.0000	0.0000	0.0000	0.0000	0.0000	0.0000	0.0000	0.0000	0.0000	0.0000	0.0000
61	112	0.0718	11	2	0	0	0	1	0	0	0	0	1	1	1	0	0	0	0	0	0	Y	N	N	N	N	N	N	N	N	N	N	N	N	N	N	N	N	N	0.0000	0.0000	0.0000	0.0000	0.0000	0.0000	0.0000	0.0000	0.0000	0.0000	0.0000	0.0000	0.0000	0.0000	0.0000	0.0000	0.0000	0.0000	0.0000	0.0000	0.0000	0.0000	0.0000	0.0000	0.0000	0.0000	0.0000			0.0000	0.0000	0.0000	3.0209	0.0000	2.2550	0.0000	0.0000	0.0000	0.0000	0.0000	0.0000	0.0000	0.0000	0.0000	0.0000	0.0000	0.0000	0.0000	0.0000	0.0000	0.0000	0.0000	0.0000	0.0000	0.0000	0.0000	0.0000	0.0000	0.0000	0.0000	0.0000	0.0000	0.0000	0.0000	0.0000	0.0000	0.0000	0.0000	0.0000	0.0000	0.0000
61	120	0.0622	12	1	0	1	0	0	0	0	0	0	1	2	1	0	0	0	0	0	0	N	N	N	N	Y	N	N	N	N	N	N	N	N	N	N	N	N	N	0.0000	0.0000	0.0000	0.0000	0.0000	0.0000	0.0000	0.0000	0.0000	0.0000	0.0000	0.0000	0.0000	0.0000	0.0000	0.0000	0.0000	0.0000	0.0000	0.0000	0.0000	0.0000	0.0000	0.0000	0.0000	0.0000	0.0000			0.0000	0.0000	0.0000	2.9998	0.0000	1.0000	0.0000	0.0000	0.0000	0.0000	0.0000	0.0000	0.0000	0.0000	0.0000	0.0000	0.0000	0.0000	0.0000	0.0000	0.0000	0.0000	0.0000	0.0000	0.0000	0.0000	0.0000	0.0000	0.0000	0.0000	0.0000	0.0000	0.0000	0.0000	0.0000	0.0000	0.0000	0.0000	0.0000	0.0000	0.0000	0.0000
61	121	0.0622	11	1	0	1	0	0	0	0	0	1	1	2	1	0	0	0	0	0	0	N	N	N	N	Y	N	N	N	N	N	N	N	N	N	N	N	N	N	0.0000	0.0000	0.0000	0.0000	0.0000	0.0000	0.0000	0.0000	0.0000	0.0000	0.0000	0.0000	0.0000	0.0000	0.0000	0.0000	0.0000	0.0000	0.0000	0.0000	0.0000	0.0000	0.0000	0.0000	0.0000	0.0000	0.0000			0.0000	0.0000	0.0000	0.0006	0.0000	0.0007	0.0000	0.0000	0.0000	0.0000	0.0000	0.0000	0.0000	0.0000	0.0000	0.0000	0.0000	0.0000	0.0000	0.0000	0.0000	0.0000	0.0000	0.0000	0.0000	0.0000	0.0000	0.0000	0.0000	0.0000	0.0000	0.0000	0.0000	0.0000	0.0000	0.0000	0.0000	0.0000	0.0000	0.0000	0.0000	0.0000
61	126	0.0654	12	2	0	1	0	0	0	0	0	0	1	1	1	0	0	0	0	0	0	Y	N	N	N	N	N	N	N	N	N	N	N	N	N	N	N	N	N	0.0000	0.0000	0.0000	0.0000	0.0000	0.0000	0.0000	0.0000	0.0000	0.0000	0.0000	0.0000	0.0000	0.0000	0.0000	0.0000	0.0000	0.0000	0.0000	0.0000	0.0000	0.0000	0.0000	0.0000	0.0000	0.0000	0.0000			0.0000	0.0000	0.0000	1.0002	0.0000	2.0058	0.0000	0.0000	0.0000	0.0000	0.0000	0.0000	0.0000	0.0000	0.0000	0.0000	0.0000	0.0000	0.0000	0.0000	0.0000	0.0000	0.0000	0.0000	0.0000	0.0000	0.0000	0.0000	0.0000	0.0000	0.0000	0.0000	0.0000	0.0000	0.0000	0.0000	0.0000	0.0000	0.0000	0.0000	0.0000	0.0000
61	127	0.0688	12	1	0	0	0	0	0	0	0	0	2	1	2	0	0	0	0	0	0	N	N	N	N	N	Y	N	N	N	N	N	N	N	N	N	N	N	N	0.0000	0.0000	0.0000	0.0000	0.0000	0.0000	0.0000	0.0000	0.0000	0.0000	0.0000	0.0000	0.0000	0.0000	0.0000	0.0000	0.0000	0.0000	0.0000	0.0000	0.0000	0.0000	0.0000	0.0000	0.0000	0.0000	0.0000			0.0000	0.0000	0.0000	1.0000	0.0000	2.0000	0.0000	0.0000	0.0000	0.0000	0.0000	0.0000	0.0000	0.0000	0.0000	0.0000	0.0000	0.0000	0.0000	0.0000	0.0000	0.0000	0.0000	0.0000	0.0000	0.0000	0.0000	0.0000	0.0000	0.0000	0.0000	0.0000	0.0000	0.0000	0.0000	0.0000	0.0000	0.0000	0.0000	0.0000	0.0000	0.0000
61	128	0.0688	11	1	0	0	0	0	0	0	0	0	2	1	2	0	0	0	0	0	0	N	N	N	N	N	Y	N	N	N	N	N	N	N	N	N	N	N	N	0.0000	0.0000	0.0000	0.0000	0.0000	0.0000	0.0000	0.0000	0.0000	0.0000	0.0000	0.0000	0.0000	0.0000	0.0000	0.0000	0.0000	0.0000	0.0000	0.0000	0.0000	0.0000	0.0000	0.0000	0.0000	0.0000	0.0000			0.0000	0.0000	0.0000	3.0000	0.0000	2.0000	0.0000	0.0000	0.0000	0.0000	0.0000	0.0000	0.0000	0.0000	0.0000	0.0000	0.0000	0.0000	0.0000	0.0000	0.0000	0.0000	0.0000	0.0000	0.0000	0.0000	0.0000	0.0000	0.0000	0.0000	0.0000	0.0000	0.0000	0.0000	0.0000	0.0000	0.0000	0.0000	0.0000	0.0000	0.0000	0.0000
61	129	0.0720	13	1	0	0	0	0	0	0	0	0	2	1	2	0	0	0	0	0	0	N	N	N	N	N	Y	N	N	N	N	N	N	N	N	N	N	N	N	0.0000	0.0000	0.0000	0.0000	0.0000	0.0000	0.0000	0.0000	0.0000	0.0000	0.0000	0.0000	0.0000	0.0000	0.0000	0.0000	0.0000	0.0000	0.0000	0.0000	0.0000	0.0000	0.0000	0.0000	0.0000	0.0000	0.0000			0.0000	0.0000	0.0000	2.0004	0.0000	1.0045	0.0000	0.0000	0.0000	0.0000	0.0000	0.0000	0.0000	0.0000	0.0000	0.0000	0.0000	0.0000	0.0000	0.0000	0.0000	0.0000	0.0000	0.0000	0.0000	0.0000	0.0000	0.0000	0.0000	0.0000	0.0000	0.0000	0.0000	0.0000	0.0000	0.0000	0.0000	0.0000	0.0000	0.0000	0.0000	0.0000
61	133	0.0858	9	2	0	1	0	0	0	0	0	0	1	2	1	0	0	0	0	0	0	Y	N	N	N	Y	N	N	N	N	N	N	N	N	N	N	N	N	N	0.0000	0.0000	0.0000	0.0000	0.0000	0.0000	0.0000	0.0000	0.0000	0.0000	0.0000	0.0000	0.0000	0.0000	0.0000	0.0000	0.0000	0.0000	0.0000	0.0000	0.0000	0.0000	0.0000	0.0000	0.0000	0.0000	0.0000			0.0000	0.0000	0.0000	0.0000	0.0000	0.0001	0.0000	0.0000	0.0000	0.0000	0.0000	0.0000	0.0000	0.0000	0.0000	0.0000	0.0000	0.0000	0.0000	0.0000	0.0000	0.0000	0.0000	0.0000	0.0000	0.0000	0.0000	0.0000	0.0000	0.0000	0.0000	0.0000	0.0000	0.0000	0.0000	0.0000	0.0000	0.0000	0.0000	0.0000	0.0000	0.0000
61	134	0.0458	8	2	0	1	0	1	0	1	0	1	1	2	1	0	0	0	0	0	0	Y	N	N	N	Y	N	N	N	N	N	N	N	N	N	N	N	N	N	0.0000	0.0000	0.0000	0.0000	0.0000	0.0000	0.0000	0.0000	0.0000	0.0000	0.0000	0.0000	0.0000	0.0000	0.0000	0.0000	0.0000	0.0000	0.0000	0.0000	0.0000	0.0000	0.0000	0.0000	0.0000	0.0000	0.0000			0.0000	0.0000	0.0000	4.0005	0.0000	6.9251	0.0000	0.0000	0.0000	0.0000	0.0000	0.0000	0.0000	0.0000	0.0000	0.0000	0.0000	0.0000	0.0000	0.0000	0.0000	0.0000	0.0000	0.0000	0.0000	0.0000	0.0000	0.0000	0.0000	0.0000	0.0000	0.0000	0.0000	0.0000	0.0000	0.0000	0.0000	0.0000	0.0000	0.0000	0.0000	0.0000
61	135	0.0783	13	2	0	1	0	0	0	0	0	0	1	2	1	0	0	0	0	0	0	Y	N	N	N	Y	N	N	N	N	N	N	N	N	N	N	N	N	N	0.0000	0.0000	0.0000	0.0000	0.0000	0.0000	0.0000	0.0000	0.0000	0.0000	0.0000	0.0000	0.0000	0.0000	0.0000	0.0000	0.0000	0.0000	0.0000	0.0000	0.0000	0.0000	0.0000	0.0000	0.0000	0.0000	0.0000			0.0000	0.0000	0.0000	0.9923	0.0000	0.0060	0.0000	0.0000	0.0000	0.0000	0.0000	0.0000	0.0000	0.0000	0.0000	0.0000	0.0000	0.0000	0.0000	0.0000	0.0000	0.0000	0.0000	0.0000	0.0000	0.0000	0.0000	0.0000	0.0000	0.0000	0.0000	0.0000	0.0000	0.0000	0.0000	0.0000	0.0000	0.0000	0.0000	0.0000	0.0000	0.0000
61	136	0.0654	12	2	0	1	0	0	0	0	0	1	1	2	1	0	0	0	0	0	0	Y	N	N	N	Y	N	N	N	N	N	N	N	N	N	N	N	N	N	0.0000	0.0000	0.0000	0.0000	0.0000	0.0000	0.0000	0.0000	0.0000	0.0000	0.0000	0.0000	0.0000	0.0000	0.0000	0.0000	0.0000	0.0000	0.0000	0.0000	0.0000	0.0000	0.0000	0.0000	0.0000	0.0000	0.0000			0.0000	0.0000	0.0000	2.0106	0.0000	2.0023	0.0000	0.0000	0.0000	0.0000	0.0000	0.0000	0.0000	0.0000	0.0000	0.0000	0.0000	0.0000	0.0000	0.0000	0.0000	0.0000	0.0000	0.0000	0.0000	0.0000	0.0000	0.0000	0.0000	0.0000	0.0000	0.0000	0.0000	0.0000	0.0000	0.0000	0.0000	0.0000	0.0000	0.0000	0.0000	0.0000
61	137	0.0622	11	2	0	1	0	1	0	0	0	0	1	1	1	0	0	0	0	0	0	Y	N	N	N	N	N	N	N	N	N	N	N	N	N	N	N	N	N	0.0000	0.0000	0.0000	0.0000	0.0000	0.0000	0.0000	0.0000	0.0000	0.0000	0.0000	0.0000	0.0000	0.0000	0.0000	0.0000	0.0000	0.0000	0.0000	0.0000	0.0000	0.0000	0.0000	0.0000	0.0000	0.0000	0.0000			0.0000	0.0000	0.0000	0.0008	0.0000	1.0019	0.0000	0.0000	0.0000	0.0000	0.0000	0.0000	0.0000	0.0000	0.0000	0.0000	0.0000	0.0000	0.0000	0.0000	0.0000	0.0000	0.0000	0.0000	0.0000	0.0000	0.0000	0.0000	0.0000	0.0000	0.0000	0.0000	0.0000	0.0000	0.0000	0.0000	0.0000	0.0000	0.0000	0.0000	0.0000	0.0000
62	68	0.1780	18	2	0	1	0	0	0	0	0	0	1	1	1	0	0	0	0	0	0	Y	N	N	N	N	N	N	N	N	N	N	N	N	N	N	N	N	N	0.0000	0.0000	0.0000	0.0000	0.0000	0.0000	0.0000	0.0000	0.0000	0.0000	0.0000	0.0000	0.0000	0.0000	0.0000	0.0000	0.0000	0.0000	0.0006	0.0009	0.0000	0.0016	0.0019	0.0000	0.0000	0.0000	0.0000		0.0044	0.0000	-0.0000	0.9672	1.4193	2.9870	5.2011	0.0000	0.0000	0.0000	0.0000	0.0000	0.0000	0.0000	0.0000	0.0000	0.0001	0.0001	0.0000	0.0001	0.0001	0.0000	0.0000	0.0000	0.0000	0.0256	0.0228	0.0028	0.0064	0.0064	0.0001	0.0191	0.0164	0.0027	0.0917	0.0642	0.0275	0.0358	0.0303	0.0054	0.0559	0.0338	0.0221
62	69	0.1278	17	2	0	1	0	1	0	0	0	0	0	1	0	0	0	0	0	0	0	Y	N	N	N	N	N	N	N	N	N	N	N	N	N	N	N	N	N	0.0000	0.0000	0.0004	0.0000	0.0000	0.0000	0.0001	0.0000	0.0004	0.0000	0.0000	0.0000	0.0000	0.0000	0.0000	0.0000	0.0000	0.0000	0.0027	0.0033	0.0013	0.0061	0.0070	0.0001	0.0010	0.0007	0.0015	inf	0.1991	0.0000	-0.0002	0.9672	9.3928	2.9870	3.6523	0.0000	0.0000	0.0000	0.0000	0.0000	0.0000	0.0000	0.0000	0.0000	0.0004	0.0003	0.0001	0.0003	0.0003	0.0000	0.0001	0.0000	0.0001	0.1146	0.1018	0.0128	0.0100	0.0097	0.0002	0.1046	0.0921	0.0126	0.1536	0.1031	0.0505	0.0492	0.0432	0.0060	0.1044	0.0599	0.0446
62	74	0.0858	11	2	0	1	0	0	0	0	0	0	0	2	0	0	0	0	0	0	0	Y	N	N	N	Y	N	N	N	N	N	N	N	N	N	N	N	N	N	0.0000	0.0000	0.0005	0.0000	0.0000	0.0000	0.0000	0.0000	0.0005	0.0000	0.0000	0.0000	0.0000	0.0000	0.0000	0.0000	0.0000	0.0000	0.0071	0.0088	0.0038	0.0000	0.0000	0.0001	0.0092	0.0133	0.0040	inf	0.2369	0.0000	-0.0002	0.9672	3.9277	2.9870	0.5227	0.0000	0.0000	0.0000	0.0000	0.0000	0.0000	0.0000	0.0000	0.0000	0.0004	0.0003	0.0001	0.0000	0.0000	0.0000	0.0004	0.0003	0.0001	0.0488	0.0432	0.0055	0.0033	0.0032	0.0000	0.0455	0.0400	0.0055	0.0510	0.0330	0.0180	0.0117	0.0111	0.0006	0.0393	0.0220	0.0174
62	75	0.0858	10	2	0	1	0	0	0	0	0	0	0	2	0	0	0	0	0	0	0	Y	N	N	N	Y	N	N	N	N	N	N	N	N	N	N	N	N	N	0.0000	0.0000	0.0000	0.0000	0.0000	0.0000	0.0000	0.0000	0.0000	0.0000	0.0000	0.0000	0.0000	0.0000	0.0000	0.0000	0.0000	0.0000	0.0000	0.0000	0.0000	0.0000	0.0000	0.0000	0.0000	0.0000	0.0000			0.0000	0.0000	0.9672	0.0009	2.9870	0.0000	0.0000	0.0000	0.0000	0.0000	0.0000	0.0000	0.0000	0.0000	0.0000	0.0000	0.0000	0.0000	0.0000	0.0000	0.0000	0.0000	0.0000	0.0000	0.0000	0.0000	0.0000	0.0000	0.0000	0.0000	0.0000	0.0000	0.0000	0.0000	0.0000	0.0000	0.0000	0.0000	0.0000	0.0000	0.0000	0.0000
62	76	0.0826	9	2	0	1	0	0	0	0	0	0	0	2	0	0	0	0	0	0	0	Y	N	N	N	Y	N	N	N	N	N	N	N	N	N	N	N	N	N	0.0000	0.0000	0.0000	0.0000	0.0000	0.0000	0.0000	0.0000	0.0000	0.0000	0.0000	0.0000	0.0000	0.0000	0.0000	0.0000	0.0000	0.0000	0.0000	0.0000	0.0000	0.0000	0.0000	0.0000	0.0000	0.0000	0.0000			0.0000	0.0000	0.9672	1.0000	2.9870	0.0000	0.0000	0.0000	0.0000	0.0000	0.0000	0.0000	0.0000	0.0000	0.0000	0.0000	0.0000	0.0000	0.0000	0.0000	0.0000	0.0000	0.0000	0.0000	0.0127	0.0112	0.0014	0.0008	0.0008	0.0000	0.0118	0.0104	0.0014	0.0117	0.0076	0.0041	0.0027	0.0025	0.0001	0.0090	0.0050	0.0040
62	77	0.0686	10	2	0	1	0	1	0	0	0	0	0	1	0	0	0	0	0	0	0	Y	N	N	N	N	N	N	N	N	N	N	N	N	N	N	N	N	N	0.0000	0.0000	0.0000	0.0000	0.0000	0.0000	0.0000	0.0000	0.0000	0.0000	0.0000	0.0000	0.0000	0.0000	0.0000	0.0000	0.0000	0.0000	0.0070	0.0108	0.0000	0.0060	0.0063	0.0000	0.0073	0.0130	0.0000		0.0019	0.0000	-0.0004	0.9672	3.3326	2.9870	4.0108	0.0000	0.0000	0.0000	0.0000	0.0000	0.0000	0.0000	0.0000	0.0000	0.0006	0.0006	0.0000	0.0001	0.0001	0.0000	0.0005	0.0005	0.0000	0.0442	0.0393	0.0049	0.0043	0.0043	0.0000	0.0399	0.0350	0.0049	0.0825	0.0535	0.0290	0.0183	0.0174	0.0009	0.0642	0.0361	0.0281
62	79	0.1052	11	2	0	1	0	0	0	0	0	0	0	2	1	0	0	0	0	0	0	Y	N	N	N	Y	N	N	N	N	N	N	N	N	N	N	N	N	N	0.0000	0.0000	0.0000	0.0000	0.0000	0.0000	0.0000	0.0000	0.0000	0.0000	0.0000	0.0000	0.0000	0.0000	0.0000	0.0000	0.0000	0.0000	0.0000	0.0000	0.0000	0.0000	0.0000	0.0000	0.0000	0.0000	0.0000			0.0000	0.0000	0.9672	0.0001	2.9870	1.0072	0.0000	0.0000	0.0000	0.0000	0.0000	0.0000	0.0000	0.0000	0.0000	0.0000	0.0000	0.0000	0.0000	0.0000	0.0000	0.0000	0.0000	0.0000	0.0000	0.0000	0.0000	0.0000	0.0000	0.0000	0.0000	0.0000	0.0000	0.0118	0.0077	0.0041	0.0029	0.0027	0.0002	0.0089	0.0050	0.0039
62	80	0.0955	10	2	0	1	0	0	0	0	0	0	0	2	1	0	0	0	0	0	0	Y	N	N	N	Y	N	N	N	N	N	N	N	N	N	N	N	N	N	0.0000	0.0000	0.0000	0.0000	0.0000	0.0000	0.0000	0.0000	0.0000	0.0000	0.0000	0.0000	0.0000	0.0000	0.0000	0.0000	0.0000	0.0000	0.0001	0.0002	0.0000	0.0004	0.0004	0.0001	0.0000	0.0000	0.0000		0.0169	0.0000	-0.0000	0.9672	1.0058	2.9870	1.9973	0.0000	0.0000	0.0000	0.0000	0.0000	0.0000	0.0000	0.0000	0.0000	0.0000	0.0000	0.0000	0.0000	0.0000	0.0000	0.0000	0.0000	0.0000	0.0129	0.0115	0.0015	0.0011	0.0011	0.0000	0.0118	0.0104	0.0014	0.0349	0.0228	0.0121	0.0085	0.0080	0.0005	0.0263	0.0147	0.0116
62	83	0.0955	10	2	0	1	0	0	0	0	0	0	0	2	1	0	0	0	0	0	0	Y	N	N	N	Y	N	N	N	N	N	N	N	N	N	N	N	N	N	0.0000	0.0000	0.0000	0.0000	0.0000	0.0000	0.0000	0.0000	0.0000	0.0000	0.0000	0.0000	0.0000	0.0000	0.0000	0.0000	0.0000	0.0000	0.0452	0.0005	0.1287	0.0014	0.0015	0.0000	0.0592	0.0000	0.1344		136.0838	0.0000	0.0020	0.9672	5.0069	2.9870	6.0103	0.0000	0.0000	0.0000	0.0000	0.0000	0.0000	0.0000	0.0000	0.0000	0.0055	0.0000	0.0054	0.0000	0.0000	0.0000	0.0054	0.0000	0.0054	0.0622	0.0552	0.0070	0.0050	0.0049	0.0001	0.0572	0.0503	0.0069	0.1211	0.0789	0.0422	0.0293	0.0275	0.0018	0.0919	0.0514	0.0404
62	84	0.0891	9	2	0	1	0	0	0	0	0	1	1	2	1	0	0	0	0	0	0	Y	N	N	N	Y	N	N	N	N	N	N	N	N	N	N	N	N	N	0.0000	0.0000	0.0000	0.0000	0.0000	0.0000	0.0000	0.0000	0.0000	0.0000	0.0000	0.0000	0.0000	0.0000	0.0000	0.0000	0.0000	0.0000	0.0002	0.0000	0.0004	0.0001	0.0000	0.0007	0.0002	0.0000	0.0004		14.5682	0.0000	0.0000	0.9672	1.9932	2.9870	0.0278	0.0000	0.0000	0.0000	0.0000	0.0000	0.0000	0.0000	0.0000	0.0000	0.0000	0.0000	0.0000	0.0000	0.0000	0.0000	0.0000	0.0000	0.0000	0.0252	0.0223	0.0029	0.0017	0.0016	0.0000	0.0235	0.0206	0.0029	0.0241	0.0157	0.0084	0.0059	0.0055	0.0004	0.0182	0.0102	0.0080
62	91	0.1062	13	2	0	1	0	0	0	0	0	0	0	1	0	0	0	0	0	0	0	Y	N	N	N	N	N	N	N	N	N	N	N	N	N	N	N	N	N	0.0000	0.0000	0.0000	0.0000	0.0000	0.0000	0.0000	0.0000	0.0000	0.0000	0.0000	0.0000	0.0000	0.0000	0.0000	0.0000	0.0000	0.0000	0.0007	0.0010	0.0000	0.0004	0.0004	0.0000	0.0008	0.0015	0.0000		0.0070	0.0000	-0.0000	0.9672	1.5872	2.9870	4.4746	0.0000	0.0000	0.0000	0.0000	0.0000	0.0000	0.0000	0.0000	0.0000	0.0001	0.0001	0.0000	0.0000	0.0000	0.0000	0.0000	0.0000	0.0000	0.0200	0.0177	0.0023	0.0020	0.0019	0.0000	0.0180	0.0158	0.0022	0.0882	0.0595	0.0287	0.0278	0.0264	0.0014	0.0604	0.0331	0.0273
62	92	0.1021	12	2	0	1	1	0	0	0	1	0	0	2	1	0	0	0	0	0	0	Y	N	N	N	Y	N	N	N	N	N	N	N	N	N	N	N	N	N	0.0000	0.0000	0.0000	0.0000	0.0000	0.0000	0.0000	0.0000	0.0000	0.0000	0.0000	0.0000	0.0000	0.0000	0.0000	0.0000	0.0000	0.0000	0.1560	0.0004	0.4447	0.0012	0.0012	0.0000	0.2042	0.0000	0.4641		559.8842	0.0000	0.0021	0.9672	1.0091	2.9870	1.9972	0.0000	0.0000	0.0000	0.0000	0.0000	0.0000	0.0000	0.0000	0.0000	0.0054	0.0000	0.0054	0.0000	0.0000	0.0000	0.0054	0.0000	0.0054	0.0128	0.0114	0.0014	0.0010	0.0010	0.0000	0.0118	0.0104	0.0014	0.0349	0.0226	0.0122	0.0083	0.0078	0.0005	0.0266	0.0149	0.0117
62	93	0.0858	11	2	0	1	0	0	0	0	0	0	1	2	1	0	0	0	0	0	0	Y	N	N	N	Y	N	N	N	N	N	N	N	N	N	N	N	N	N	0.0000	0.0000	0.0000	0.0000	0.0000	0.0000	0.0000	0.0000	0.0000	0.0000	0.0000	0.0000	0.0000	0.0000	0.0000	0.0000	0.0000	0.0000	0.0003	0.0003	0.0005	0.0000	0.0000	0.0000	0.0004	0.0004	0.0005		0.9948	0.0000	-0.0000	0.9672	2.0083	2.9870	3.0031	0.0000	0.0000	0.0000	0.0000	0.0000	0.0000	0.0000	0.0000	0.0000	0.0000	0.0000	0.0000	0.0000	0.0000	0.0000	0.0000	0.0000	0.0000	0.0251	0.0223	0.0029	0.0017	0.0017	0.0000	0.0234	0.0206	0.0028	0.0573	0.0371	0.0202	0.0131	0.0124	0.0007	0.0442	0.0247	0.0195
62	94	0.0858	10	2	0	1	0	0	0	0	0	0	0	2	0	0	0	0	0	0	0	Y	N	N	N	Y	N	N	N	N	N	N	N	N	N	N	N	N	N	0.0000	0.0000	0.0000	0.0000	0.0000	0.0000	0.0000	0.0000	0.0000	0.0000	0.0000	0.0000	0.0000	0.0000	0.0000	0.0000	0.0000	0.0000	0.0176	0.0126	0.0292	0.0267	0.0256	0.0821	0.0127	0.0000	0.0280		1.0000	0.0000	-0.0000	0.9672	0.0000	2.9870	0.0002	0.0000	0.0000	0.0000	0.0000	0.0000	0.0000	0.0000	0.0000	0.0000	0.0000	0.0000	0.0000	0.0000	0.0000	0.0000	0.0000	0.0000	0.0000	0.0000	0.0000	0.0000	0.0000	0.0000	0.0000	0.0000	0.0000	0.0000	0.0000	0.0000	0.0000	0.0000	0.0000	0.0000	0.0000	0.0000	0.0000
62	95	0.0826	9	2	0	1	0	0	0	0	0	0	0	2	0	0	0	0	0	0	0	Y	N	N	N	Y	N	N	N	N	N	N	N	N	N	N	N	N	N	0.0000	0.0000	0.0000	0.0000	0.0000	0.0000	0.0000	0.0000	0.0000	0.0000	0.0000	0.0000	0.0000	0.0000	0.0000	0.0000	0.0000	0.0000	0.0000	0.0000	0.0000	0.0000	0.0000	0.0000	0.0000	0.0000	0.0000		13.1071	0.0000	0.0000	0.9672	1.0000	2.9870	0.0001	0.0000	0.0000	0.0000	0.0000	0.0000	0.0000	0.0000	0.0000	0.0000	0.0000	0.0000	0.0000	0.0000	0.0000	0.0000	0.0000	0.0000	0.0000	0.0127	0.0112	0.0014	0.0008	0.0008	0.0000	0.0118	0.0104	0.0014	0.0117	0.0076	0.0041	0.0027	0.0025	0.0001	0.0090	0.0050	0.0040
62	96	0.0826	8	2	0	1	0	0	0	0	0	1	0	2	0	0	0	0	0	0	0	Y	N	N	N	Y	N	N	N	N	N	N	N	N	N	N	N	N	N	0.0000	0.0000	0.0000	0.0000	0.0000	0.0000	0.0000	0.0000	0.0000	0.0000	0.0000	0.0000	0.0000	0.0000	0.0000	0.0000	0.0000	0.0000	0.0000	0.0000	0.0000	0.0000	0.0000	0.0000	0.0000	0.0000	0.0000			0.0000	0.0000	0.9672	0.0000	2.9870	0.0001	0.0000	0.0000	0.0000	0.0000	0.0000	0.0000	0.0000	0.0000	0.0000	0.0000	0.0000	0.0000	0.0000	0.0000	0.0000	0.0000	0.0000	0.0000	0.0000	0.0000	0.0000	0.0000	0.0000	0.0000	0.0000	0.0000	0.0000	0.0000	0.0000	0.0000	0.0000	0.0000	0.0000	0.0000	0.0000	0.0000
62	97	0.0794	7	2	0	1	0	0	0	0	0	0	0	1	0	0	0	0	0	0	0	Y	N	N	N	N	N	N	N	N	N	N	N	N	N	N	N	N	N	0.0000	0.0000	0.0000	0.0000	0.0000	0.0000	0.0000	0.0000	0.0000	0.0000	0.0000	0.0000	0.0000	0.0000	0.0000	0.0000	0.0000	0.0000	0.0000	0.0000	0.0000	0.0000	0.0000	0.0000	0.0000	0.0000	0.0000			0.0000	0.0000	0.9672	0.9999	2.9870	0.0008	0.0000	0.0000	0.0000	0.0000	0.0000	0.0000	0.0000	0.0000	0.0000	0.0000	0.0000	0.0000	0.0000	0.0000	0.0000	0.0000	0.0000	0.0000	0.0126	0.0112	0.0014	0.0008	0.0008	0.0000	0.0118	0.0104	0.0014	0.0117	0.0076	0.0041	0.0027	0.0025	0.0001	0.0090	0.0050	0.0040
62	107	0.0826	8	2	0	1	0	0	0	0	0	0	0	1	0	0	0	0	0	0	0	Y	N	N	N	N	N	N	N	N	N	N	N	N	N	N	N	N	N	0.0000	0.0000	0.0000	0.0000	0.0000	0.0000	0.0000	0.0000	0.0000	0.0000	0.0000	0.0000	0.0000	0.0000	0.0000	0.0000	0.0000	0.0000	0.0009	0.0013	0.0000	0.0037	0.0039	0.0000	0.0000	0.0000	0.0000		0.0027	0.0000	-0.0000	0.9672	1.0015	2.9870	0.9989	0.0000	0.0000	0.0000	0.0000	0.0000	0.0000	0.0000	0.0000	0.0000	0.0000	0.0000	0.0000	0.0000	0.0000	0.0000	0.0000	0.0000	0.0000	0.0127	0.0112	0.0014	0.0008	0.0008	0.0000	0.0118	0.0104	0.0014	0.0233	0.0151	0.0082	0.0053	0.0051	0.0003	0.0180	0.0100	0.0079
62	108	0.0794	7	2	0	1	0	0	0	0	0	0	0	1	0	0	0	0	0	0	0	Y	N	N	N	N	N	N	N	N	N	N	N	N	N	N	N	N	N	0.0000	0.0000	0.0000	0.0000	0.0000	0.0000	0.0000	0.0000	0.0000	0.0000	0.0000	0.0000	0.0000	0.0000	0.0000	0.0000	0.0000	0.0000	0.0000	0.0000	0.0000	0.0000	0.0000	0.0000	0.0000	0.0000	0.0000			0.0000	-0.0000	0.9672	1.0004	2.9870	0.0020	0.0000	0.0000	0.0000	0.0000	0.0000	0.0000	0.0000	0.0000	0.0000	0.0000	0.0000	0.0000	0.0000	0.0000	0.0000	0.0000	0.0000	0.0000	0.0126	0.0112	0.0014	0.0008	0.0008	0.0000	0.0118	0.0104	0.0014	0.0117	0.0076	0.0041	0.0027	0.0025	0.0001	0.0090	0.0050	0.0040
62	109	0.0534	6	2	0	1	0	1	0	0	0	0	0	1	0	0	0	0	0	0	0	Y	N	N	N	N	N	N	N	N	N	N	N	N	N	N	N	N	N	0.0000	0.0000	0.0000	0.0000	0.0000	0.0000	0.0000	0.0000	0.0000	0.0000	0.0000	0.0000	0.0000	0.0000	0.0000	0.0000	0.0000	0.0000	0.0000	0.0000	0.0000	0.0000	0.0000	0.0000	0.0000	0.0000	0.0000			0.0000	0.0000	0.9672	3.0035	2.9870	5.0043	0.0000	0.0000	0.0000	0.0000	0.0000	0.0000	0.0000	0.0000	0.0000	0.0000	0.0000	0.0000	0.0000	0.0000	0.0000	0.0000	0.0000	0.0000	0.0375	0.0332	0.0043	0.0024	0.0024	0.0000	0.0351	0.0308	0.0043	0.0900	0.0579	0.0321	0.0197	0.0188	0.0009	0.0703	0.0391	0.0312
62	112	0.0928	12	2	0	1	0	1	0	0	0	0	0	1	0	0	0	0	0	0	0	Y	N	N	N	N	N	N	N	N	N	N	N	N	N	N	N	N	N	0.0000	0.0000	0.0000	0.0000	0.0000	0.0000	0.0000	0.0000	0.0000	0.0000	0.0000	0.0000	0.0000	0.0000	0.0000	0.0000	0.0000	0.0000	0.0002	0.0004	0.0000	0.0004	0.0004	0.0000	0.0002	0.0003	0.0000		0.0064	0.0000	-0.0000	0.9672	3.0209	2.9870	2.2550	0.0000	0.0000	0.0000	0.0000	0.0000	0.0000	0.0000	0.0000	0.0000	0.0000	0.0000	0.0000	0.0000	0.0000	0.0000	0.0000	0.0000	0.0000	0.0383	0.0339	0.0043	0.0033	0.0032	0.0001	0.0350	0.0307	0.0043	0.0814	0.0552	0.0263	0.0262	0.0249	0.0012	0.0552	0.0302	0.0250
63	68	0.1647	17	2	0	1	0	0	0	0	0	1	1	1	1	0	0	0	0	0	0	Y	N	N	N	N	N	N	N	N	N	N	N	N	N	N	N	N	N	0.0000	0.0000	0.0000	0.0000	0.0000	0.0000	0.0000	0.0000	0.0000	0.0000	0.0000	0.0000	0.0000	0.0000	0.0000	0.0000	0.0000	0.0000	4.1082	7.1149	0.0402	0.1443	0.1632	0.0057	5.1235	10.2673	0.0423	0.0000	0.0042	-0.0000	-0.3457	2.0363	1.4193	7.8590	5.2011	0.0000	0.0000	0.0000	0.0000	0.0000	0.0000	0.0000	0.0000	0.0000	0.5621	0.5598	0.0023	0.0040	0.0040	0.0000	0.5581	0.5558	0.0023	0.0502	0.0444	0.0059	0.0116	0.0115	0.0002	0.0386	0.0329	0.0057	0.1368	0.0787	0.0581	0.0279	0.0245	0.0034	0.1089	0.0541	0.0548
63	69	0.1145	16	2	0	1	0	1	0	0	0	1	0	1	0	0	0	0	0	0	0	Y	N	N	N	N	N	N	N	N	N	N	N	N	N	N	N	N	N	0.0118	0.0008	4.3609	0.0080	0.0072	0.0000	0.0176	0.0000	5.6438	0.0009	0.0001	0.0063	0.0018	0.0019	0.0000	0.0008	0.0000	0.0064	0.0725	0.1344	0.0014	0.2281	0.2627	0.0083	0.0457	0.0945	0.0011	8.5020	0.0094	0.0001	-0.0109	2.0363	9.3928	7.8590	3.6523	0.0002	0.0000	0.0002	0.0000	0.0000	0.0000	0.0002	0.0000	0.0002	0.0180	0.0178	0.0002	0.0083	0.0082	0.0000	0.0097	0.0095	0.0001	0.2217	0.1947	0.0269	0.0110	0.0105	0.0005	0.2107	0.1842	0.0264	0.2478	0.1324	0.1154	0.0363	0.0314	0.0049	0.2114	0.1010	0.1104
63	74	0.0725	10	2	0	1	0	0	0	0	0	1	0	2	0	0	0	0	0	0	0	Y	N	N	N	Y	N	N	N	N	N	N	N	N	N	N	N	N	N	0.0506	0.0154	0.3003	12.7359	12.6642	0.0000	0.0357	0.0000	0.3001	0.0001	0.0000	0.0009	0.0036	0.0038	0.0000	0.0001	0.0000	0.0009	0.0029	0.0030	0.0028	0.0003	0.0003	0.0000	0.0031	0.0033	0.0029	2.6522	0.9464	0.0000	-0.0000	2.0363	3.9277	7.8590	0.5227	0.0000	0.0000	0.0000	0.0000	0.0000	0.0000	0.0000	0.0000	0.0000	0.0003	0.0001	0.0001	0.0000	0.0000	0.0000	0.0003	0.0001	0.0001	0.0923	0.0806	0.0117	0.0010	0.0010	0.0000	0.0913	0.0796	0.0116	0.0859	0.0428	0.0431	0.0039	0.0037	0.0002	0.0821	0.0392	0.0429
63	75	0.0725	9	2	0	1	0	0	0	0	0	1	0	2	0	0	0	0	0	0	0	Y	N	N	N	Y	N	N	N	N	N	N	N	N	N	N	N	N	N	0.0000	0.0000	0.0000	0.0000	0.0000	0.0000	0.0000	0.0000	0.0000	0.0000	0.0000	0.0000	0.0000	0.0000	0.0000	0.0000	0.0000	0.0000	0.0000	0.0000	0.0000	0.0000	0.0000	0.0000	0.0000	0.0000	0.0000			0.0000	0.0000	2.0363	0.0009	7.8590	0.0000	0.0000	0.0000	0.0000	0.0000	0.0000	0.0000	0.0000	0.0000	0.0000	0.0000	0.0000	0.0000	0.0000	0.0000	0.0000	0.0000	0.0000	0.0000	0.0000	0.0000	0.0000	0.0000	0.0000	0.0000	0.0000	0.0000	0.0000	0.0000	0.0000	0.0000	0.0000	0.0000	0.0000	0.0000	0.0000	0.0000
63	76	0.0693	8	2	0	1	0	0	0	0	0	1	0	2	0	0	0	0	0	0	0	Y	N	N	N	Y	N	N	N	N	N	N	N	N	N	N	N	N	N	inf	inf	0.0000	inf	inf	0.0000	0.0000	0.0000	0.0000	0.0013	0.0014	0.0000	0.1278	0.1322	0.0000	0.0000	0.0000	0.0000	0.0000	0.0000	0.0000	0.0000	0.0000	0.0000	0.0000	0.0000	0.0000	0.0000		-0.0000	0.0000	2.0363	1.0000	7.8590	0.0000	0.0000	0.0000	0.0000	0.0000	0.0000	0.0000	0.0000	0.0000	0.0000	0.0000	0.0000	0.0000	0.0000	0.0000	0.0000	0.0000	0.0000	0.0000	0.0239	0.0209	0.0030	0.0002	0.0002	0.0000	0.0237	0.0207	0.0030	0.0197	0.0098	0.0099	0.0009	0.0008	0.0000	0.0188	0.0090	0.0099
63	77	0.0553	9	2	0	1	0	1	0	0	0	1	0	1	0	0	0	0	0	0	0	Y	N	N	N	N	N	N	N	N	N	N	N	N	N	N	N	N	N	0.0000	0.0000	0.0000	0.0000	0.0000	0.0000	0.0000	0.0000	0.0000	0.0000	0.0000	0.0000	0.0000	0.0000	0.0000	0.0000	0.0000	0.0000	6.9354	13.6772	0.0068	0.0334	0.0347	0.0002	7.3644	15.3873	0.0068		0.0005	0.0000	-0.6173	2.0363	3.3326	7.8590	4.0108	0.0000	0.0000	0.0000	0.0000	0.0000	0.0000	0.0000	0.0000	0.0000	0.9978	0.9973	0.0005	0.0003	0.0003	0.0000	0.9975	0.9970	0.0005	0.0857	0.0752	0.0106	0.0036	0.0036	0.0000	0.0821	0.0716	0.0105	0.1439	0.0729	0.0710	0.0084	0.0081	0.0003	0.1354	0.0648	0.0707
63	79	0.0919	10	2	0	1	0	0	0	0	0	1	0	2	1	0	0	0	0	0	0	Y	N	N	N	Y	N	N	N	N	N	N	N	N	N	N	N	N	N	0.0000	0.0000	0.0000	0.0000	0.0000	0.0000	0.0000	0.0000	0.0000	0.0000	0.0000	0.0000	0.0000	0.0000	0.0000	0.0000	0.0000	0.0000	0.0000	0.0000	0.0000	0.0000	0.0000	0.0000	0.0000	0.0000	0.0000			0.0000	0.0000	2.0363	0.0001	7.8590	1.0072	0.0000	0.0000	0.0000	0.0000	0.0000	0.0000	0.0000	0.0000	0.0000	0.0000	0.0000	0.0000	0.0000	0.0000	0.0000	0.0000	0.0000	0.0000	0.0000	0.0000	0.0000	0.0000	0.0000	0.0000	0.0000	0.0000	0.0000	0.0201	0.0103	0.0098	0.0017	0.0016	0.0002	0.0184	0.0088	0.0096
63	80	0.0822	9	2	0	1	0	0	0	0	0	1	0	2	1	0	0	0	0	0	0	Y	N	N	N	Y	N	N	N	N	N	N	N	N	N	N	N	N	N	0.0002	0.0001	0.0000	0.0007	0.0006	0.0000	0.0000	0.0000	0.0000	0.0000	0.0000	0.0000	0.0001	0.0001	0.0000	0.0000	0.0000	0.0000	0.0106	0.0204	0.0001	0.1251	0.1386	0.0015	0.0001	0.0000	0.0001	0.0000	0.0064	-0.0000	-0.0004	2.0363	1.0058	7.8590	1.9973	0.0000	0.0000	0.0000	0.0000	0.0000	0.0000	0.0000	0.0000	0.0000	0.0006	0.0006	0.0000	0.0006	0.0006	0.0000	0.0000	0.0000	0.0000	0.0250	0.0218	0.0031	0.0007	0.0006	0.0000	0.0243	0.0212	0.0031	0.0596	0.0306	0.0290	0.0050	0.0045	0.0005	0.0546	0.0261	0.0285
63	83	0.0822	9	2	0	1	0	0	0	0	0	1	0	2	1	0	0	0	0	0	0	Y	N	N	N	Y	N	N	N	N	N	N	N	N	N	N	N	N	N	0.0000	0.0000	0.0000	0.0001	0.0001	0.0000	0.0000	0.0000	0.0000	0.0000	0.0000	0.0000	0.0000	0.0000	0.0000	0.0000	0.0000	0.0000	4.7883	0.0266	9.7943	0.1695	0.1890	0.0000	5.1888	0.0002	9.9626	0.0000	350.5162	-0.0000	0.3754	2.0363	5.0069	7.8590	6.0103	0.0000	0.0000	0.0000	0.0000	0.0000	0.0000	0.0000	0.0000	0.0000	0.9932	0.0028	0.9904	0.0028	0.0028	0.0000	0.9904	0.0000	0.9904	0.1202	0.1051	0.0151	0.0027	0.0025	0.0002	0.1175	0.1026	0.0149	0.2074	0.1063	0.1011	0.0166	0.0148	0.0017	0.1909	0.0915	0.0994
63	84	0.0758	8	2	0	1	0	0	0	0	0	2	1	2	1	0	0	0	0	0	0	Y	N	N	N	Y	N	N	N	N	N	N	N	N	N	N	N	N	N	0.0398	1.0385	0.0000	22.5848	21.1045	0.0000	0.0000	0.0000	0.0000	0.0006	0.0007	0.0000	0.0911	0.0939	0.0000	0.0000	0.0000	0.0000	0.0155	0.0007	0.0312	0.0040	0.0045	0.0001	0.0165	0.0000	0.0317	0.0000	43.2043	-0.0000	0.0002	2.0363	1.9932	7.8590	0.0278	0.0000	0.0000	0.0000	0.0000	0.0000	0.0000	0.0000	0.0000	0.0000	0.0006	0.0000	0.0006	0.0000	0.0000	0.0000	0.0006	0.0000	0.0006	0.0486	0.0424	0.0062	0.0003	0.0003	0.0000	0.0483	0.0421	0.0061	0.0413	0.0213	0.0200	0.0036	0.0032	0.0003	0.0378	0.0181	0.0197
63	91	0.0929	12	2	0	1	0	0	0	0	0	1	0	1	0	0	0	0	0	0	0	Y	N	N	N	N	N	N	N	N	N	N	N	N	N	N	N	N	N	0.0005	0.0008	0.0000	0.5095	0.5379	0.0000	0.0000	0.0000	0.0000	0.0000	0.0000	0.0000	0.0000	0.0000	0.0000	0.0000	0.0000	0.0000	0.0013	0.0009	0.0017	0.0000	0.0000	0.0000	0.0016	0.0014	0.0018	0.0000	1.3558	-0.0000	-0.0000	2.0363	1.5872	7.8590	4.4746	0.0000	0.0000	0.0000	0.0000	0.0000	0.0000	0.0000	0.0000	0.0000	0.0002	0.0001	0.0001	0.0000	0.0000	0.0000	0.0002	0.0001	0.0001	0.0386	0.0338	0.0048	0.0014	0.0014	0.0001	0.0372	0.0324	0.0048	0.1648	0.0954	0.0694	0.0362	0.0343	0.0019	0.1285	0.0611	0.0675
63	92	0.0888	11	2	0	1	1	0	0	0	1	1	0	2	1	0	0	0	0	0	0	Y	N	N	N	Y	N	N	N	N	N	N	N	N	N	N	N	N	N	0.0000	0.0000	0.0000	0.0000	0.0000	0.0000	0.0000	0.0000	0.0000	0.0000	0.0000	0.0000	0.0000	0.0000	0.0000	0.0000	0.0000	0.0000	16.8327	0.0007	33.7860	0.0058	0.0065	0.0000	17.8553	0.0000	34.2133		50364.3879	0.0000	0.3767	2.0363	1.0091	7.8590	1.9972	0.0000	0.0000	0.0000	0.0000	0.0000	0.0000	0.0000	0.0000	0.0000	0.9893	0.0000	0.9893	0.0000	0.0000	0.0000	0.9893	0.0000	0.9893	0.0242	0.0212	0.0030	0.0006	0.0006	0.0000	0.0236	0.0206	0.0030	0.0588	0.0295	0.0293	0.0034	0.0030	0.0004	0.0554	0.0265	0.0289
63	93	0.0725	10	2	0	1	0	0	0	0	0	1	1	2	1	0	0	0	0	0	0	Y	N	N	N	Y	N	N	N	N	N	N	N	N	N	N	N	N	N	0.0000	0.0000	0.0000	0.0000	0.0000	0.0000	0.0000	0.0000	0.0000	0.0000	0.0000	0.0000	0.0000	0.0000	0.0000	0.0000	0.0000	0.0000	0.0184	0.0002	0.0364	0.0023	0.0024	0.0000	0.0191	0.0000	0.0366		172.0474	0.0000	0.0007	2.0363	2.0083	7.8590	3.0031	0.0000	0.0000	0.0000	0.0000	0.0000	0.0000	0.0000	0.0000	0.0000	0.0018	0.0000	0.0018	0.0000	0.0000	0.0000	0.0018	0.0000	0.0018	0.0475	0.0415	0.0060	0.0006	0.0005	0.0000	0.0469	0.0409	0.0060	0.0966	0.0482	0.0485	0.0043	0.0041	0.0002	0.0923	0.0441	0.0483
63	94	0.0725	9	2	0	1	0	0	0	0	0	1	0	2	0	0	0	0	0	0	0	Y	N	N	N	Y	N	N	N	N	N	N	N	N	N	N	N	N	N	0.0000	0.0000	0.0000	0.0000	0.0000	0.0000	0.0000	0.0000	0.0000	0.0000	0.0000	0.0000	0.0000	0.0000	0.0000	0.0000	0.0000	0.0000	2.2859	1.7763	3.2061	4.0631	4.0779	0.0000	1.5903	0.0008	3.2153		0.9995	0.0000	-0.0000	2.0363	0.0000	7.8590	0.0002	0.0000	0.0000	0.0000	0.0000	0.0000	0.0000	0.0000	0.0000	0.0000	0.0000	0.0000	0.0000	0.0000	0.0000	0.0000	0.0000	0.0000	0.0000	0.0000	0.0000	0.0000	0.0000	0.0000	0.0000	0.0000	0.0000	0.0000	0.0000	0.0000	0.0000	0.0000	0.0000	0.0000	0.0000	0.0000	0.0000
63	95	0.0693	8	2	0	1	0	0	0	0	0	1	0	2	0	0	0	0	0	0	0	Y	N	N	N	Y	N	N	N	N	N	N	N	N	N	N	N	N	N	0.0000	0.0000	0.0000	0.0000	0.0000	0.0000	0.0000	0.0000	0.0000	0.0000	0.0000	0.0000	0.0000	0.0000	0.0000	0.0000	0.0000	0.0000	0.0005	0.0000	0.0010	0.0000	0.0000	0.0000	0.0005	0.0000	0.0010		3233.5873	0.0000	0.0000	2.0363	1.0000	7.8590	0.0001	0.0000	0.0000	0.0000	0.0000	0.0000	0.0000	0.0000	0.0000	0.0000	0.0000	0.0000	0.0000	0.0000	0.0000	0.0000	0.0000	0.0000	0.0000	0.0239	0.0209	0.0030	0.0002	0.0002	0.0000	0.0237	0.0207	0.0030	0.0197	0.0098	0.0099	0.0009	0.0008	0.0000	0.0188	0.0090	0.0099
63	96	0.0693	7	2	0	1	0	0	0	0	0	2	0	2	0	0	0	0	0	0	0	Y	N	N	N	Y	N	N	N	N	N	N	N	N	N	N	N	N	N	0.0000	0.0000	0.0000	0.0000	0.0000	0.0000	0.0000	0.0000	0.0000	0.0000	0.0000	0.0000	0.0000	0.0000	0.0000	0.0000	0.0000	0.0000	0.0000	0.0000	0.0000	0.0000	0.0000	0.0000	0.0000	0.0000	0.0000			0.0000	0.0000	2.0363	0.0000	7.8590	0.0001	0.0000	0.0000	0.0000	0.0000	0.0000	0.0000	0.0000	0.0000	0.0000	0.0000	0.0000	0.0000	0.0000	0.0000	0.0000	0.0000	0.0000	0.0000	0.0000	0.0000	0.0000	0.0000	0.0000	0.0000	0.0000	0.0000	0.0000	0.0000	0.0000	0.0000	0.0000	0.0000	0.0000	0.0000	0.0000	0.0000
63	97	0.0661	6	2	0	1	0	0	0	0	0	1	0	1	0	0	0	0	0	0	0	Y	N	N	N	N	N	N	N	N	N	N	N	N	N	N	N	N	N	0.0000	0.0000	0.0000	0.0000	0.0000	0.0000	0.0000	0.0000	0.0000	0.0000	0.0000	0.0000	0.0000	0.0000	0.0000	0.0000	0.0000	0.0000	0.0000	0.0000	0.0000	0.0000	0.0000	0.0000	0.0000	0.0000	0.0000			0.0000	0.0000	2.0363	0.9999	7.8590	0.0008	0.0000	0.0000	0.0000	0.0000	0.0000	0.0000	0.0000	0.0000	0.0000	0.0000	0.0000	0.0000	0.0000	0.0000	0.0000	0.0000	0.0000	0.0000	0.0244	0.0213	0.0031	0.0002	0.0002	0.0000	0.0243	0.0212	0.0031	0.0201	0.0102	0.0099	0.0013	0.0012	0.0001	0.0188	0.0090	0.0098
63	107	0.0693	7	2	0	1	0	0	0	0	0	1	0	1	0	0	0	0	0	0	0	Y	N	N	N	N	N	N	N	N	N	N	N	N	N	N	N	N	N	0.0017	0.0012	0.0000	0.0392	0.0382	0.0000	0.0000	0.0000	0.0000	0.0000	0.0000	0.0000	0.0003	0.0003	0.0000	0.0000	0.0000	0.0000	0.0012	0.0020	0.0005	0.0080	0.0086	0.0000	0.0008	0.0011	0.0005	0.0000	0.2492	-0.0000	-0.0000	2.0363	1.0015	7.8590	0.9989	0.0000	0.0000	0.0000	0.0000	0.0000	0.0000	0.0000	0.0000	0.0000	0.0000	0.0000	0.0000	0.0000	0.0000	0.0000	0.0000	0.0000	0.0000	0.0245	0.0214	0.0031	0.0002	0.0002	0.0000	0.0243	0.0212	0.0031	0.0399	0.0202	0.0197	0.0025	0.0023	0.0002	0.0374	0.0179	0.0195
63	108	0.0661	6	2	0	1	0	0	0	0	0	1	0	1	0	0	0	0	0	0	0	Y	N	N	N	N	N	N	N	N	N	N	N	N	N	N	N	N	N	0.0000	0.0000	0.0000	0.0000	0.0000	0.0000	0.0000	0.0000	0.0000	0.0000	0.0000	0.0000	0.0000	0.0000	0.0000	0.0000	0.0000	0.0000	0.0000	0.0000	0.0000	0.0000	0.0000	0.0000	0.0000	0.0000	0.0000			0.0000	-0.0000	2.0363	1.0004	7.8590	0.0020	0.0000	0.0000	0.0000	0.0000	0.0000	0.0000	0.0000	0.0000	0.0000	0.0000	0.0000	0.0000	0.0000	0.0000	0.0000	0.0000	0.0000	0.0000	0.0244	0.0213	0.0031	0.0002	0.0002	0.0000	0.0243	0.0212	0.0031	0.0201	0.0102	0.0099	0.0013	0.0012	0.0001	0.0188	0.0090	0.0099
63	109	0.0401	5	2	0	1	0	1	0	0	0	1	0	1	0	0	0	0	0	0	0	Y	N	N	N	N	N	N	N	N	N	N	N	N	N	N	N	N	N	0.0000	0.0000	0.0000	0.0000	0.0000	0.0000	0.0000	0.0000	0.0000	0.0000	0.0000	0.0000	0.0000	0.0000	0.0000	0.0000	0.0000	0.0000	0.0000	0.0000	0.0000	0.0000	0.0000	0.0000	0.0000	0.0000	0.0000		inf	0.0000	0.0000	2.0363	3.0035	7.8590	5.0043	0.0000	0.0000	0.0000	0.0000	0.0000	0.0000	0.0000	0.0000	0.0000	0.0000	0.0000	0.0000	0.0000	0.0000	0.0000	0.0000	0.0000	0.0000	0.0723	0.0632	0.0092	0.0001	0.0001	0.0000	0.0722	0.0630	0.0092	0.1551	0.0777	0.0774	0.0077	0.0074	0.0003	0.1474	0.0703	0.0770
63	112	0.0795	11	2	0	1	0	1	0	0	0	1	0	1	0	0	0	0	0	0	0	Y	N	N	N	N	N	N	N	N	N	N	N	N	N	N	N	N	N	0.0587	0.0418	0.0000	0.8445	0.8935	0.0000	0.0000	0.0000	0.0000	0.0000	0.0000	0.0000	0.0000	0.0000	0.0000	0.0000	0.0000	0.0000	0.0000	0.0000	0.0000	0.0000	0.0000	0.0000	0.0000	0.0000	0.0000	0.0000	0.0580	-0.0000	-0.0000	2.0363	3.0209	7.8590	2.2550	0.0000	0.0000	0.0000	0.0000	0.0000	0.0000	0.0000	0.0000	0.0000	0.0000	0.0000	0.0000	0.0000	0.0000	0.0000	0.0000	0.0000	0.0000	0.0740	0.0647	0.0093	0.0019	0.0018	0.0001	0.0720	0.0628	0.0092	0.1542	0.0908	0.0634	0.0361	0.0344	0.0017	0.1181	0.0564	0.0617
64	68	0.1335	16	2	0	1	0	0	0	0	0	0	1	0	1	0	0	0	0	0	0	Y	N	N	N	N	N	N	N	N	N	N	N	N	N	N	N	N	N	0.0002	0.0001	0.0000	0.1225	0.1104	0.0000	0.0000	0.0000	0.0000	0.0001	0.0001	0.0000	0.0002	0.0002	0.0000	0.0000	0.0000	0.0000	0.2778	0.4796	0.0056	0.0017	0.0019	0.0004	0.3403	0.6633	0.0059	0.0000	0.0087	-0.0000	-0.0042	0.0049	1.4193	1.8223	5.2011	0.0000	0.0000	0.0000	0.0000	0.0000	0.0000	0.0000	0.0000	0.0000	0.0069	0.0068	0.0001	0.0000	0.0000	0.0000	0.0069	0.0068	0.0001	0.0001	0.0001	0.0000	0.0000	0.0000	0.0000	0.0001	0.0001	0.0000	0.0249	0.0143	0.0106	0.0046	0.0040	0.0006	0.0203	0.0103	0.0100
64	69	0.0834	15	2	0	1	0	1	0	0	0	0	0	0	0	0	0	0	0	0	0	Y	N	N	N	N	N	N	N	N	N	N	N	N	N	N	N	N	N	6.8697	4.2601	4.6033	26.0053	22.3264	30.6931	0.0656	0.0000	4.2617	0.0358	0.0404	0.0018	0.5072	0.5231	0.0073	0.0002	0.0000	0.0017	0.0052	0.0095	0.0004	0.0195	0.0234	0.0002	0.0032	0.0061	0.0004	0.0059	0.0359	-0.0000	-0.0001	0.0049	9.3928	1.8223	3.6523	0.0000	0.0000	0.0000	0.0000	0.0000	0.0000	0.0000	0.0000	0.0000	0.0002	0.0002	0.0000	0.0001	0.0001	0.0000	0.0001	0.0001	0.0000	0.0006	0.0005	0.0001	0.0000	0.0000	0.0000	0.0005	0.0005	0.0001	0.0449	0.0238	0.0211	0.0055	0.0046	0.0009	0.0394	0.0192	0.0202
64	74	0.0414	9	2	0	1	0	0	0	0	0	0	0	1	0	0	0	0	0	0	0	Y	N	N	N	N	N	N	N	N	N	N	N	N	N	N	N	N	N	116.8905	3842.9108	2.1036	2033925.1169	1752922.8265	0.0000	4.2966	124.4437	2.1025	0.4481	0.5091	0.0155	12.7944	12.9613	0.0000	0.0167	0.0169	0.0156	0.0038	0.0001	0.0074	0.0000	0.0000	0.0000	0.0039	0.0001	0.0074	0.0043	58.1930	-0.0000	0.0000	0.0049	3.9277	1.8223	0.5227	0.0001	0.0001	0.0000	0.0001	0.0001	0.0000	0.0000	0.0000	0.0000	0.0001	0.0000	0.0001	0.0000	0.0000	0.0000	0.0001	0.0000	0.0001	0.0002	0.0002	0.0000	0.0000	0.0000	0.0000	0.0002	0.0002	0.0000	0.0156	0.0076	0.0080	0.0002	0.0002	0.0000	0.0154	0.0075	0.0080
64	75	0.0414	8	2	0	1	0	0	0	0	0	0	0	1	0	0	0	0	0	0	0	Y	N	N	N	N	N	N	N	N	N	N	N	N	N	N	N	N	N	0.0000	0.0000	0.0000	0.0000	0.0000	0.0000	0.0000	0.0000	0.0000	0.0000	0.0000	0.0000	0.0000	0.0000	0.0000	0.0000	0.0000	0.0000	0.0000	0.0000	0.0000	0.0000	0.0000	0.0000	0.0000	0.0000	0.0000			0.0000	0.0000	0.0049	0.0009	1.8223	0.0000	0.0000	0.0000	0.0000	0.0000	0.0000	0.0000	0.0000	0.0000	0.0000	0.0000	0.0000	0.0000	0.0000	0.0000	0.0000	0.0000	0.0000	0.0000	0.0000	0.0000	0.0000	0.0000	0.0000	0.0000	0.0000	0.0000	0.0000	0.0000	0.0000	0.0000	0.0000	0.0000	0.0000	0.0000	0.0000	0.0000
64	76	0.0381	7	2	0	1	0	0	0	0	0	0	0	1	0	0	0	0	0	0	0	Y	N	N	N	N	N	N	N	N	N	N	N	N	N	N	N	N	N	inf	0.0000	inf	0.0000	0.0000	0.0000	inf	0.0000	inf	0.4937	0.0000	3.9763	0.0000	0.0000	0.0000	0.5102	0.0000	3.9862	0.0000	0.0000	0.0000	0.0000	0.0000	0.0000	0.0000	0.0000	0.0000	inf		0.0000	0.0000	0.0049	1.0000	1.8223	0.0000	0.0000	0.0000	0.0000	0.0000	0.0000	0.0000	0.0000	0.0000	0.0000	0.0000	0.0000	0.0000	0.0000	0.0000	0.0000	0.0000	0.0000	0.0000	0.0001	0.0001	0.0000	0.0000	0.0000	0.0000	0.0001	0.0001	0.0000	0.0036	0.0018	0.0018	0.0000	0.0000	0.0000	0.0035	0.0017	0.0018
64	77	0.0242	8	2	0	1	0	1	0	0	0	0	0	0	0	0	0	0	0	0	0	Y	N	N	N	N	N	N	N	N	N	N	N	N	N	N	N	N	N	0.0000	0.0000	0.0000	0.0000	0.0000	0.0000	0.0000	0.0000	0.0000	0.0000	0.0000	0.0000	0.0000	0.0000	0.0000	0.0000	0.0000	0.0000	0.3274	0.1082	0.5477	0.0001	0.0001	0.0000	0.3355	0.1131	0.5500		5.0382	0.0000	0.0018	0.0049	3.3326	1.8223	4.0108	0.0000	0.0000	0.0000	0.0000	0.0000	0.0000	0.0000	0.0000	0.0000	0.0084	0.0014	0.0070	0.0000	0.0000	0.0000	0.0084	0.0014	0.0070	0.0002	0.0002	0.0000	0.0000	0.0000	0.0000	0.0002	0.0002	0.0000	0.0258	0.0129	0.0129	0.0006	0.0006	0.0001	0.0252	0.0124	0.0128
64	79	0.0607	9	2	0	1	0	0	0	0	0	0	0	1	1	0	0	0	0	0	0	Y	N	N	N	N	N	N	N	N	N	N	N	N	N	N	N	N	N	0.0000	0.0000	0.0000	0.0000	0.0000	0.0000	0.0000	0.0000	0.0000	0.0000	0.0000	0.0000	0.0000	0.0000	0.0000	0.0000	0.0000	0.0000	0.0000	0.0000	0.0000	0.0001	0.0001	0.0000	0.0000	0.0000	0.0000		0.0884	0.0000	-0.0000	0.0049	0.0001	1.8223	1.0072	0.0000	0.0000	0.0000	0.0000	0.0000	0.0000	0.0000	0.0000	0.0000	0.0000	0.0000	0.0000	0.0000	0.0000	0.0000	0.0000	0.0000	0.0000	0.0000	0.0000	0.0000	0.0000	0.0000	0.0000	0.0000	0.0000	0.0000	0.0037	0.0019	0.0018	0.0002	0.0002	0.0000	0.0035	0.0017	0.0018
64	80	0.0510	8	2	0	1	0	0	0	0	0	0	0	1	1	0	0	0	0	0	0	Y	N	N	N	N	N	N	N	N	N	N	N	N	N	N	N	N	N	1.5358	0.8858	0.0000	0.0000	0.0000	0.0000	5245.6188	2916.0834	0.0000	0.0009	0.0010	0.0000	0.0000	0.0000	0.0000	0.0009	0.0011	0.0000	0.0006	0.0011	0.0000	0.0100	0.0118	0.0000	0.0000	0.0000	0.0000	0.0000	0.0000	-0.0000	-0.0000	0.0049	1.0058	1.8223	1.9973	0.0000	0.0000	0.0000	0.0000	0.0000	0.0000	0.0000	0.0000	0.0000	0.0000	0.0000	0.0000	0.0000	0.0000	0.0000	0.0000	0.0000	0.0000	0.0001	0.0001	0.0000	0.0000	0.0000	0.0000	0.0001	0.0001	0.0000	0.0109	0.0055	0.0054	0.0006	0.0005	0.0001	0.0103	0.0050	0.0053
64	83	0.0510	8	2	0	1	0	0	0	0	0	0	0	1	1	0	0	0	0	0	0	Y	N	N	N	N	N	N	N	N	N	N	N	N	N	N	N	N	N	0.0011	0.0117	0.0000	0.0000	0.0000	0.0000	0.0011	0.0112	0.0000	0.0002	0.0002	0.0000	0.0000	0.0000	0.0000	0.0002	0.0002	0.0000	0.1677	0.0178	0.3206	0.0002	0.0000	0.0009	0.1770	0.0195	0.3262	0.0000	17.6833	-0.0000	0.0021	0.0049	5.0069	1.8223	6.0103	0.0000	0.0000	0.0000	0.0000	0.0000	0.0000	0.0000	0.0000	0.0000	0.0063	0.0003	0.0060	0.0000	0.0000	0.0000	0.0063	0.0003	0.0060	0.0003	0.0003	0.0000	0.0000	0.0000	0.0000	0.0003	0.0003	0.0000	0.0378	0.0191	0.0187	0.0020	0.0017	0.0003	0.0358	0.0174	0.0184
64	84	0.0446	7	2	0	1	0	0	0	0	0	1	1	1	1	0	0	0	0	0	0	Y	N	N	N	N	N	N	N	N	N	N	N	N	N	N	N	N	N	281.5036	1004.9599	0.7215	11.2183	0.0000	inf	279.9847	1120.8551	0.0526	0.2427	0.2769	0.0011	0.0044	0.0000	0.3991	0.2498	0.2863	0.0001	0.0009	0.0003	0.0015	0.0004	0.0005	0.0000	0.0009	0.0003	0.0015	0.0005	5.1541	-0.0000	0.0000	0.0049	1.9932	1.8223	0.0278	0.0000	0.0000	0.0000	0.0000	0.0000	0.0000	0.0000	0.0000	0.0000	0.0000	0.0000	0.0000	0.0000	0.0000	0.0000	0.0000	0.0000	0.0000	0.0001	0.0001	0.0000	0.0000	0.0000	0.0000	0.0001	0.0001	0.0000	0.0076	0.0038	0.0037	0.0005	0.0004	0.0001	0.0071	0.0035	0.0037
64	91	0.0618	11	2	0	1	0	0	0	0	0	0	0	0	0	0	0	0	0	0	0	Y	N	N	N	N	N	N	N	N	N	N	N	N	N	N	N	N	N	4.4534	4.7973	0.0000	179.3118	190.3358	0.0000	0.0000	0.0000	0.0000	0.0003	0.0003	0.0000	0.0043	0.0045	0.0000	0.0000	0.0000	0.0000	0.0001	0.0001	0.0001	0.0000	0.0000	0.0000	0.0001	0.0001	0.0001	0.0000	0.6336	-0.0000	-0.0000	0.0049	1.5872	1.8223	4.4746	0.0000	0.0000	0.0000	0.0000	0.0000	0.0000	0.0000	0.0000	0.0000	0.0000	0.0000	0.0000	0.0000	0.0000	0.0000	0.0000	0.0000	0.0000	0.0001	0.0001	0.0000	0.0000	0.0000	0.0000	0.0001	0.0001	0.0000	0.0304	0.0176	0.0128	0.0063	0.0059	0.0004	0.0241	0.0117	0.0124
64	92	0.0576	10	2	0	1	1	0	0	0	1	0	0	1	1	0	0	0	0	0	0	Y	N	N	N	N	N	N	N	N	N	N	N	N	N	N	N	N	N	0.0000	0.0000	0.0000	0.0000	0.0000	0.0000	0.0000	0.0000	0.0000	0.0000	0.0000	0.0000	0.0000	0.0000	0.0000	0.0000	0.0000	0.0000	0.3325	0.0000	0.6551	0.0000	0.0000	0.0000	0.3417	0.0000	0.6635		1421465.2800	0.0000	0.0014	0.0049	1.0091	1.8223	1.9972	0.0000	0.0000	0.0000	0.0000	0.0000	0.0000	0.0000	0.0000	0.0000	0.0036	0.0000	0.0036	0.0000	0.0000	0.0000	0.0036	0.0000	0.0036	0.0001	0.0001	0.0000	0.0000	0.0000	0.0000	0.0001	0.0001	0.0000	0.0107	0.0053	0.0054	0.0003	0.0002	0.0001	0.0104	0.0050	0.0054
64	93	0.0414	9	2	0	1	0	0	0	0	0	0	1	1	1	0	0	0	0	0	0	Y	N	N	N	N	N	N	N	N	N	N	N	N	N	N	N	N	N	0.0000	0.0000	0.0000	0.0000	0.0000	0.0000	0.0000	0.0000	0.0000	0.0000	0.0000	0.0000	0.0000	0.0000	0.0000	0.0000	0.0000	0.0000	0.0004	0.0000	0.0007	0.0003	0.0003	0.0000	0.0004	0.0000	0.0007		85.6735	0.0000	0.0000	0.0049	2.0083	1.8223	3.0031	0.0000	0.0000	0.0000	0.0000	0.0000	0.0000	0.0000	0.0000	0.0000	0.0000	0.0000	0.0000	0.0000	0.0000	0.0000	0.0000	0.0000	0.0000	0.0001	0.0001	0.0000	0.0000	0.0000	0.0000	0.0001	0.0001	0.0000	0.0176	0.0086	0.0090	0.0002	0.0002	0.0000	0.0173	0.0084	0.0089
64	94	0.0413	8	2	0	1	0	0	0	0	0	0	0	1	0	0	0	0	0	0	0	Y	N	N	N	N	N	N	N	N	N	N	N	N	N	N	N	N	N	0.0000	0.0000	0.0000	0.0000	0.0000	0.0000	0.0000	0.0000	0.0000	0.0000	0.0000	0.0000	0.0000	0.0000	0.0000	0.0000	0.0000	0.0000	0.0904	0.0700	0.1280	0.1701	0.1712	0.0000	0.0616	0.0000	0.1284		0.9944	0.0000	-0.0000	0.0049	0.0000	1.8223	0.0002	0.0000	0.0000	0.0000	0.0000	0.0000	0.0000	0.0000	0.0000	0.0000	0.0000	0.0000	0.0000	0.0000	0.0000	0.0000	0.0000	0.0000	0.0000	0.0000	0.0000	0.0000	0.0000	0.0000	0.0000	0.0000	0.0000	0.0000	0.0000	0.0000	0.0000	0.0000	0.0000	0.0000	0.0000	0.0000	0.0000
64	95	0.0381	7	2	0	1	0	0	0	0	0	0	0	1	0	0	0	0	0	0	0	Y	N	N	N	N	N	N	N	N	N	N	N	N	N	N	N	N	N	0.0000	0.0000	0.0000	0.0000	0.0000	0.0000	0.0000	0.0000	0.0000	0.0000	0.0000	0.0000	0.0000	0.0000	0.0000	0.0000	0.0000	0.0000	0.0000	0.0000	0.0000	0.0000	0.0000	0.0000	0.0000	0.0000	0.0000		inf	0.0000	0.0000	0.0049	1.0000	1.8223	0.0001	0.0000	0.0000	0.0000	0.0000	0.0000	0.0000	0.0000	0.0000	0.0000	0.0000	0.0000	0.0000	0.0000	0.0000	0.0000	0.0000	0.0000	0.0000	0.0001	0.0001	0.0000	0.0000	0.0000	0.0000	0.0001	0.0001	0.0000	0.0036	0.0018	0.0018	0.0000	0.0000	0.0000	0.0035	0.0017	0.0018
64	96	0.0381	6	2	0	1	0	0	0	0	0	1	0	1	0	0	0	0	0	0	0	Y	N	N	N	N	N	N	N	N	N	N	N	N	N	N	N	N	N	0.0000	0.0000	0.0000	0.0000	0.0000	0.0000	0.0000	0.0000	0.0000	0.0000	0.0000	0.0000	0.0000	0.0000	0.0000	0.0000	0.0000	0.0000	0.0000	0.0000	0.0000	0.0000	0.0000	0.0000	0.0000	0.0000	0.0000			0.0000	0.0000	0.0049	0.0000	1.8223	0.0001	0.0000	0.0000	0.0000	0.0000	0.0000	0.0000	0.0000	0.0000	0.0000	0.0000	0.0000	0.0000	0.0000	0.0000	0.0000	0.0000	0.0000	0.0000	0.0000	0.0000	0.0000	0.0000	0.0000	0.0000	0.0000	0.0000	0.0000	0.0000	0.0000	0.0000	0.0000	0.0000	0.0000	0.0000	0.0000	0.0000
64	97	0.0349	5	2	0	1	0	0	0	0	0	0	0	0	0	0	0	0	0	0	0	Y	N	N	N	N	N	N	N	N	N	N	N	N	N	N	N	N	N	0.0000	0.0000	0.0000	0.0000	0.0000	0.0000	0.0000	0.0000	0.0000	0.0000	0.0000	0.0000	0.0000	0.0000	0.0000	0.0000	0.0000	0.0000	0.0000	0.0000	0.0000	0.0000	0.0000	0.0000	0.0000	0.0000	0.0000			0.0000	0.0000	0.0049	0.9999	1.8223	0.0008	0.0000	0.0000	0.0000	0.0000	0.0000	0.0000	0.0000	0.0000	0.0000	0.0000	0.0000	0.0000	0.0000	0.0000	0.0000	0.0000	0.0000	0.0000	0.0001	0.0001	0.0000	0.0000	0.0000	0.0000	0.0001	0.0001	0.0000	0.0037	0.0018	0.0018	0.0001	0.0001	0.0000	0.0035	0.0017	0.0018
64	107	0.0381	6	2	0	1	0	0	0	0	0	0	0	0	0	0	0	0	0	0	0	Y	N	N	N	N	N	N	N	N	N	N	N	N	N	N	N	N	N	0.3976	0.2280	0.0000	inf	inf	0.0000	0.3008	0.1684	0.0000	0.0011	0.0012	0.0000	0.0091	0.0092	0.0000	0.0009	0.0010	0.0000	0.0027	0.0055	0.0000	0.0000	0.0000	0.0000	0.0028	0.0058	0.0000	0.0000	0.0068	-0.0000	-0.0000	0.0049	1.0015	1.8223	0.9989	0.0000	0.0000	0.0000	0.0000	0.0000	0.0000	0.0000	0.0000	0.0000	0.0000	0.0000	0.0000	0.0000	0.0000	0.0000	0.0000	0.0000	0.0000	0.0001	0.0001	0.0000	0.0000	0.0000	0.0000	0.0001	0.0001	0.0000	0.0073	0.0036	0.0037	0.0003	0.0002	0.0000	0.0070	0.0034	0.0036
64	108	0.0349	5	2	0	1	0	0	0	0	0	0	0	0	0	0	0	0	0	0	0	Y	N	N	N	N	N	N	N	N	N	N	N	N	N	N	N	N	N	0.0000	0.0000	0.0000	0.0000	0.0000	0.0000	0.0000	0.0000	0.0000	0.0000	0.0000	0.0000	0.0000	0.0000	0.0000	0.0000	0.0000	0.0000	0.0000	0.0000	0.0000	0.0004	0.0004	0.0009	0.0000	0.0000	0.0000		0.8787	0.0000	-0.0000	0.0049	1.0004	1.8223	0.0020	0.0000	0.0000	0.0000	0.0000	0.0000	0.0000	0.0000	0.0000	0.0000	0.0000	0.0000	0.0000	0.0000	0.0000	0.0000	0.0000	0.0000	0.0000	0.0001	0.0001	0.0000	0.0000	0.0000	0.0000	0.0001	0.0001	0.0000	0.0037	0.0018	0.0018	0.0001	0.0001	0.0000	0.0035	0.0017	0.0018
64	109	0.0089	4	2	0	1	0	1	0	0	0	0	0	0	0	0	0	0	0	0	0	Y	N	N	N	N	N	N	N	N	N	N	N	N	N	N	N	N	N	0.0000	0.0000	0.0000	0.0000	0.0000	0.0000	0.0000	0.0000	0.0000	0.0000	0.0000	0.0000	0.0000	0.0000	0.0000	0.0000	0.0000	0.0000	0.0001	0.0002	0.0001	0.0032	0.0035	0.0000	0.0001	0.0000	0.0001		0.8681	0.0000	-0.0000	0.0049	3.0035	1.8223	5.0043	0.0000	0.0000	0.0000	0.0000	0.0000	0.0000	0.0000	0.0000	0.0000	0.0000	0.0000	0.0000	0.0000	0.0000	0.0000	0.0000	0.0000	0.0000	0.0002	0.0002	0.0000	0.0000	0.0000	0.0000	0.0002	0.0002	0.0000	0.0283	0.0140	0.0144	0.0006	0.0005	0.0001	0.0277	0.0134	0.0143
64	112	0.0483	10	2	0	1	0	1	0	0	0	0	0	0	0	0	0	0	0	0	0	Y	N	N	N	N	N	N	N	N	N	N	N	N	N	N	N	N	N	25.1152	18.2197	0.0000	301.7674	294.6928	0.0000	0.0000	0.0000	0.0000	0.0001	0.0001	0.0000	0.0028	0.0028	0.0000	0.0000	0.0000	0.0000	0.0000	0.0000	0.0000	0.0000	0.0000	0.0000	0.0000	0.0000	0.0000	0.0000	0.0803	-0.0000	-0.0000	0.0049	3.0209	1.8223	2.2550	0.0000	0.0000	0.0000	0.0000	0.0000	0.0000	0.0000	0.0000	0.0000	0.0000	0.0000	0.0000	0.0000	0.0000	0.0000	0.0000	0.0000	0.0000	0.0002	0.0002	0.0000	0.0000	0.0000	0.0000	0.0002	0.0002	0.0000	0.0286	0.0168	0.0117	0.0063	0.0060	0.0003	0.0222	0.0108	0.0114
65	68	0.1764	17	2	0	1	0	0	0	0	0	0	1	0	1	0	0	0	0	0	0	Y	N	N	N	N	N	N	N	N	N	N	N	N	N	N	N	N	N	2.1487	0.0000	366.4703	1.6550	0.0000	815.7684	0.0000	0.0000	0.0000	0.0003	0.0000	0.0028	0.0014	0.0000	0.0857	0.0000	0.0000	0.0000	0.0002	0.0003	0.0000	0.0008	0.0010	0.0001	0.0000	0.0000	0.0000	inf	0.0218	0.0000	-0.0000	2.0010	1.4193	3.9928	5.2011	0.0000	0.0000	0.0000	0.0000	0.0000	0.0000	0.0000	0.0000	0.0000	0.0000	0.0000	0.0000	0.0000	0.0000	0.0000	0.0000	0.0000	0.0000	0.0492	0.0435	0.0057	0.0116	0.0114	0.0002	0.0376	0.0321	0.0055	0.0789	0.0454	0.0334	0.0143	0.0123	0.0020	0.0646	0.0332	0.0314
65	69	0.1263	16	2	0	1	0	1	0	0	0	0	0	0	0	0	0	0	0	0	0	Y	N	N	N	N	N	N	N	N	N	N	N	N	N	N	N	N	N	0.4327	0.4446	0.0080	1.5893	1.3783	2.3984	0.0000	0.0000	0.0000	0.0001	0.0001	0.0000	0.0014	0.0014	0.0001	0.0000	0.0000	0.0000	0.0002	0.0002	0.0002	0.0009	0.0010	0.0000	0.0001	0.0000	0.0002	0.0020	0.6995	-0.0000	-0.0000	2.0010	9.3928	3.9928	3.6523	0.0000	0.0000	0.0000	0.0000	0.0000	0.0000	0.0000	0.0000	0.0000	0.0000	0.0000	0.0000	0.0000	0.0000	0.0000	0.0000	0.0000	0.0000	0.2168	0.1905	0.0262	0.0118	0.0113	0.0006	0.2049	0.1793	0.0257	0.1423	0.0757	0.0665	0.0169	0.0139	0.0030	0.1254	0.0618	0.0635
65	74	0.0323	8	2	0	1	0	0	0	0	0	0	0	1	0	0	0	0	0	0	0	Y	N	N	N	N	N	N	N	N	N	N	N	N	N	N	N	N	N	0.0000	0.0000	0.0000	0.0000	0.0000	0.0000	0.0000	0.0000	0.0000	0.0000	0.0000	0.0000	0.0000	0.0000	0.0000	0.0000	0.0000	0.0000	0.0035	0.0061	0.0011	0.0002	0.0002	0.0006	0.0035	0.0061	0.0011		0.2000	0.0000	-0.0001	2.0010	3.9277	3.9928	0.5227	0.0000	0.0000	0.0000	0.0000	0.0000	0.0000	0.0000	0.0000	0.0000	0.0002	0.0001	0.0000	0.0000	0.0000	0.0000	0.0002	0.0001	0.0000	0.0903	0.0789	0.0114	0.0005	0.0005	0.0000	0.0898	0.0784	0.0114	0.0510	0.0246	0.0265	0.0002	0.0002	0.0000	0.0508	0.0244	0.0265
65	75	0.0323	7	2	0	1	0	0	0	0	0	0	0	1	0	0	0	0	0	0	0	Y	N	N	N	N	N	N	N	N	N	N	N	N	N	N	N	N	N	0.0000	0.0000	0.0000	0.0000	0.0000	0.0000	0.0000	0.0000	0.0000	0.0000	0.0000	0.0000	0.0000	0.0000	0.0000	0.0000	0.0000	0.0000	0.0000	0.0000	0.0000	0.0000	0.0000	0.0000	0.0000	0.0000	0.0000			0.0000	0.0000	2.0010	0.0009	3.9928	0.0000	0.0000	0.0000	0.0000	0.0000	0.0000	0.0000	0.0000	0.0000	0.0000	0.0000	0.0000	0.0000	0.0000	0.0000	0.0000	0.0000	0.0000	0.0000	0.0000	0.0000	0.0000	0.0000	0.0000	0.0000	0.0000	0.0000	0.0000	0.0000	0.0000	0.0000	0.0000	0.0000	0.0000	0.0000	0.0000	0.0000
65	76	0.0291	6	2	0	1	0	0	0	0	0	0	0	1	0	0	0	0	0	0	0	Y	N	N	N	N	N	N	N	N	N	N	N	N	N	N	N	N	N	12899.9448	0.0000	52544.4736	0.0000	0.0000	0.0000	12944.9022	0.0000	52680.2841	0.0269	0.0000	0.2115	0.0000	0.0000	0.0000	0.0271	0.0000	0.2120	0.0000	0.0000	0.0000	0.0000	0.0000	0.0000	0.0000	0.0000	0.0000	inf	inf	0.0005	0.0000	2.0010	1.0000	3.9928	0.0000	0.0006	0.0000	0.0006	0.0000	0.0000	0.0000	0.0006	0.0000	0.0006	0.0000	0.0000	0.0000	0.0000	0.0000	0.0000	0.0000	0.0000	0.0000	0.0234	0.0204	0.0030	0.0002	0.0002	0.0000	0.0233	0.0203	0.0030	0.0117	0.0056	0.0060	0.0000	0.0000	0.0000	0.0116	0.0056	0.0060
65	77	0.0670	9	2	0	1	0	1	0	0	0	0	0	0	0	0	0	0	0	0	0	Y	N	N	N	N	N	N	N	N	N	N	N	N	N	N	N	N	N	0.0000	0.0000	0.0000	0.0000	0.0000	0.0000	0.0000	0.0000	0.0000	0.0000	0.0000	0.0000	0.0000	0.0000	0.0000	0.0000	0.0000	0.0000	0.0023	0.0046	0.0000	0.1221	0.1372	0.0000	0.0000	0.0000	0.0000		0.0000	0.0000	-0.0001	2.0010	3.3326	3.9928	4.0108	0.0000	0.0000	0.0000	0.0000	0.0000	0.0000	0.0000	0.0000	0.0000	0.0002	0.0002	0.0000	0.0002	0.0002	0.0000	0.0000	0.0000	0.0000	0.0839	0.0736	0.0103	0.0039	0.0038	0.0001	0.0800	0.0697	0.0102	0.0818	0.0412	0.0407	0.0016	0.0014	0.0002	0.0803	0.0398	0.0405
65	79	0.0453	6	2	0	1	0	0	0	0	0	0	0	1	1	0	0	0	0	0	0	Y	N	N	N	N	N	N	N	N	N	N	N	N	N	N	N	N	N	0.0000	0.0000	0.0000	0.0000	0.0000	0.0000	0.0000	0.0000	0.0000	0.0000	0.0000	0.0000	0.0000	0.0000	0.0000	0.0000	0.0000	0.0000	0.0000	0.0000	0.0000	0.0000	0.0000	0.0000	0.0000	0.0000	0.0000			0.0000	0.0000	2.0010	0.0001	3.9928	1.0072	0.0000	0.0000	0.0000	0.0000	0.0000	0.0000	0.0000	0.0000	0.0000	0.0000	0.0000	0.0000	0.0000	0.0000	0.0000	0.0000	0.0000	0.0000	0.0000	0.0000	0.0000	0.0000	0.0000	0.0000	0.0000	0.0000	0.0000	0.0119	0.0059	0.0060	0.0003	0.0003	0.0001	0.0115	0.0056	0.0060
65	80	0.0356	5	2	0	1	0	0	0	0	0	0	0	1	1	0	0	0	0	0	0	Y	N	N	N	N	N	N	N	N	N	N	N	N	N	N	N	N	N	118.2877	inf	0.0000	0.0000	0.0000	0.0000	1669.9616	inf	0.0000	0.0000	0.0001	0.0000	0.0000	0.0000	0.0000	0.0000	0.0001	0.0000	0.0000	0.0000	0.0000	0.0000	0.0000	0.0001	0.0000	0.0000	0.0000	0.0000	inf	-0.0000	0.0000	2.0010	1.0058	3.9928	1.9973	0.0000	0.0000	0.0000	0.0000	0.0000	0.0000	0.0000	0.0000	0.0000	0.0000	0.0000	0.0000	0.0000	0.0000	0.0000	0.0000	0.0000	0.0000	0.0244	0.0213	0.0031	0.0005	0.0005	0.0000	0.0239	0.0208	0.0030	0.0351	0.0173	0.0178	0.0009	0.0008	0.0002	0.0342	0.0165	0.0177
65	83	0.0356	5	2	0	1	0	0	0	0	0	0	0	1	1	0	0	0	0	0	0	Y	N	N	N	N	N	N	N	N	N	N	N	N	N	N	N	N	N	0.1216	0.0684	0.0000	0.0000	0.0000	0.0000	1207.8022	670.1731	0.0000	0.0000	0.0000	0.0000	0.0000	0.0000	0.0000	0.0000	0.0000	0.0000	0.0001	0.0002	0.0000	0.0038	0.0048	0.0000	0.0000	0.0000	0.0000	0.0000	0.0000	-0.0000	-0.0000	2.0010	5.0069	3.9928	6.0103	0.0000	0.0000	0.0000	0.0000	0.0000	0.0000	0.0000	0.0000	0.0000	0.0000	0.0000	0.0000	0.0000	0.0000	0.0000	0.0000	0.0000	0.0000	0.1174	0.1026	0.0148	0.0019	0.0017	0.0002	0.1155	0.1009	0.0146	0.1223	0.0601	0.0622	0.0026	0.0021	0.0005	0.1197	0.0580	0.0617
65	84	0.0291	4	2	0	1	0	0	0	0	0	1	1	1	1	0	0	0	0	0	0	Y	N	N	N	N	N	N	N	N	N	N	N	N	N	N	N	N	N	32.2501	18.2914	0.0000	0.0008	0.0007	0.0000	inf	inf	0.0000	0.0132	0.0151	0.0000	0.0000	0.0000	0.0000	0.0133	0.0152	0.0000	0.0004	0.0008	0.0000	0.0135	0.0159	0.0000	0.0000	0.0000	0.0000	0.0000	0.0000	-0.0001	-0.0000	2.0010	1.9932	3.9928	0.0278	0.0006	0.0006	0.0000	0.0000	0.0000	0.0000	0.0006	0.0006	0.0000	0.0000	0.0000	0.0000	0.0000	0.0000	0.0000	0.0000	0.0000	0.0000	0.0475	0.0415	0.0060	0.0002	0.0002	0.0000	0.0473	0.0413	0.0060	0.0244	0.0121	0.0123	0.0007	0.0006	0.0001	0.0236	0.0114	0.0122
65	91	0.1047	12	2	0	1	0	0	0	0	0	0	0	0	0	0	0	0	0	0	0	Y	N	N	N	N	N	N	N	N	N	N	N	N	N	N	N	N	N	0.1975	0.1514	0.0039	631.4590	672.3263	8.1776	0.0000	0.0000	0.0000	0.0004	0.0005	0.0000	0.0106	0.0112	0.0002	0.0000	0.0000	0.0000	0.0023	0.0034	0.0007	0.0000	0.0000	0.0000	0.0028	0.0050	0.0008	0.0008	0.1578	-0.0000	-0.0001	2.0010	1.5872	3.9928	4.4746	0.0000	0.0000	0.0000	0.0000	0.0000	0.0000	0.0000	0.0000	0.0000	0.0002	0.0002	0.0000	0.0000	0.0000	0.0000	0.0002	0.0002	0.0000	0.0377	0.0330	0.0047	0.0016	0.0015	0.0001	0.0361	0.0315	0.0046	0.0969	0.0562	0.0407	0.0199	0.0187	0.0012	0.0770	0.0375	0.0395
65	92	0.0486	9	2	0	1	1	0	0	0	1	0	0	1	1	0	0	0	0	0	0	Y	N	N	N	N	N	N	N	N	N	N	N	N	N	N	N	N	N	inf	inf	0.0000	inf	inf	0.0000	0.0000	0.0000	0.0000	0.0000	0.0000	0.0000	0.0002	0.0002	0.0000	0.0000	0.0000	0.0000	0.0000	0.0000	0.0000	0.0000	0.0000	0.0000	0.0000	0.0000	0.0000	0.0000		-0.0000	0.0000	2.0010	1.0091	3.9928	1.9972	0.0000	0.0000	0.0000	0.0000	0.0000	0.0000	0.0000	0.0000	0.0000	0.0000	0.0000	0.0000	0.0000	0.0000	0.0000	0.0000	0.0000	0.0000	0.0237	0.0207	0.0030	0.0005	0.0005	0.0000	0.0232	0.0202	0.0030	0.0347	0.0170	0.0178	0.0007	0.0006	0.0002	0.0340	0.0164	0.0176
65	93	0.0323	8	2	0	1	0	0	0	0	0	0	1	1	1	0	0	0	0	0	0	Y	N	N	N	N	N	N	N	N	N	N	N	N	N	N	N	N	N	23802.5457	13146.6589	0.0000	9388.4826	9816.4616	0.0000	0.0000	0.0000	0.0000	0.0041	0.0047	0.0000	0.4474	0.4722	0.0000	0.0000	0.0000	0.0000	0.0000	0.0000	0.0000	0.0000	0.0000	0.0000	0.0000	0.0000	0.0000	0.0000	0.0000	-0.0000	-0.0000	2.0010	2.0083	3.9928	3.0031	0.0002	0.0002	0.0000	0.0002	0.0002	0.0000	0.0000	0.0000	0.0000	0.0000	0.0000	0.0000	0.0000	0.0000	0.0000	0.0000	0.0000	0.0000	0.0465	0.0406	0.0059	0.0004	0.0004	0.0000	0.0461	0.0402	0.0059	0.0571	0.0275	0.0296	0.0002	0.0002	0.0000	0.0569	0.0273	0.0296
65	94	0.0323	7	2	0	1	0	0	0	0	0	0	0	1	0	0	0	0	0	0	0	Y	N	N	N	N	N	N	N	N	N	N	N	N	N	N	N	N	N	0.0000	0.0000	0.0000	0.0000	0.0000	0.0000	0.0000	0.0000	0.0000	0.0000	0.0000	0.0000	0.0000	0.0000	0.0000	0.0000	0.0000	0.0000	0.0000	0.0000	0.0000	0.0000	0.0000	0.0000	0.0000	0.0000	0.0000			0.0000	0.0000	2.0010	0.0000	3.9928	0.0002	0.0000	0.0000	0.0000	0.0000	0.0000	0.0000	0.0000	0.0000	0.0000	0.0000	0.0000	0.0000	0.0000	0.0000	0.0000	0.0000	0.0000	0.0000	0.0000	0.0000	0.0000	0.0000	0.0000	0.0000	0.0000	0.0000	0.0000	0.0000	0.0000	0.0000	0.0000	0.0000	0.0000	0.0000	0.0000	0.0000
65	95	0.0291	6	2	0	1	0	0	0	0	0	0	0	1	0	0	0	0	0	0	0	Y	N	N	N	N	N	N	N	N	N	N	N	N	N	N	N	N	N	0.0000	0.0000	0.0000	0.0000	0.0000	0.0000	0.0000	0.0000	0.0000	0.0000	0.0000	0.0000	0.0000	0.0000	0.0000	0.0000	0.0000	0.0000	0.0000	0.0000	0.0000	0.0000	0.0000	0.0000	0.0000	0.0000	0.0000		inf	0.0000	0.0000	2.0010	1.0000	3.9928	0.0001	0.0000	0.0000	0.0000	0.0000	0.0000	0.0000	0.0000	0.0000	0.0000	0.0000	0.0000	0.0000	0.0000	0.0000	0.0000	0.0000	0.0000	0.0000	0.0234	0.0204	0.0030	0.0002	0.0002	0.0000	0.0233	0.0203	0.0030	0.0117	0.0056	0.0060	0.0000	0.0000	0.0000	0.0116	0.0056	0.0060
65	96	0.0291	5	2	0	1	0	0	0	0	0	1	0	1	0	0	0	0	0	0	0	Y	N	N	N	N	N	N	N	N	N	N	N	N	N	N	N	N	N	0.0000	0.0000	0.0000	0.0000	0.0000	0.0000	0.0000	0.0000	0.0000	0.0000	0.0000	0.0000	0.0000	0.0000	0.0000	0.0000	0.0000	0.0000	0.0339	0.0296	0.0381	0.0568	0.0568	0.0000	0.0261	0.0000	0.0381		1.3333	0.0000	-0.0000	2.0010	0.0000	3.9928	0.0001	0.0000	0.0000	0.0000	0.0000	0.0000	0.0000	0.0000	0.0000	0.0000	0.0000	0.0000	0.0000	0.0000	0.0000	0.0000	0.0000	0.0000	0.0000	0.0000	0.0000	0.0000	0.0000	0.0000	0.0000	0.0000	0.0000	0.0000	0.0000	0.0000	0.0000	0.0000	0.0000	0.0000	0.0000	0.0000	0.0000
65	97	0.0259	4	2	0	1	0	0	0	0	0	0	0	0	0	0	0	0	0	0	0	Y	N	N	N	N	N	N	N	N	N	N	N	N	N	N	N	N	N	0.0000	0.0000	0.0000	0.0000	0.0000	0.0000	0.0000	0.0000	0.0000	0.0000	0.0000	0.0000	0.0000	0.0000	0.0000	0.0000	0.0000	0.0000	0.0009	0.0017	0.0000	0.1875	0.1889	0.0000	0.0000	0.0000	0.0000		0.0211	0.0000	-0.0000	2.0010	0.9999	3.9928	0.0008	0.0000	0.0000	0.0000	0.0000	0.0000	0.0000	0.0000	0.0000	0.0000	0.0000	0.0000	0.0000	0.0000	0.0000	0.0000	0.0000	0.0000	0.0000	0.0239	0.0209	0.0030	0.0001	0.0001	0.0000	0.0238	0.0208	0.0030	0.0118	0.0057	0.0061	0.0001	0.0001	0.0000	0.0117	0.0057	0.0061
65	107	0.0226	3	2	0	1	0	0	0	0	0	0	0	0	0	0	0	0	0	0	0	Y	N	N	N	N	N	N	N	N	N	N	N	N	N	N	N	N	N	0.0009	0.0005	0.0000	0.0000	0.0000	0.0000	0.1056	inf	0.0000	0.0000	0.0001	0.0000	0.0000	0.0000	0.0000	0.0000	0.0001	0.0000	0.0490	0.1002	0.0008	10.6548	10.7396	0.0000	0.0004	0.0000	0.0008	0.0000	0.0087	-0.0000	-0.0007	2.0010	1.0015	3.9928	0.9989	0.0000	0.0000	0.0000	0.0000	0.0000	0.0000	0.0000	0.0000	0.0000	0.0012	0.0011	0.0000	0.0011	0.0011	0.0000	0.0000	0.0000	0.0000	0.0240	0.0209	0.0031	0.0000	0.0000	0.0000	0.0239	0.0209	0.0030	0.0236	0.0114	0.0121	0.0001	0.0001	0.0000	0.0235	0.0113	0.0121
65	112	0.0912	11	2	0	1	0	1	0	0	0	0	0	0	0	0	0	0	0	0	0	Y	N	N	N	N	N	N	N	N	N	N	N	N	N	N	N	N	N	1.0541	0.9799	0.0000	7.6484	10.4017	0.0000	0.0000	0.0000	0.0000	0.0000	0.0000	0.0000	0.0000	0.0000	0.0000	0.0000	0.0000	0.0000	0.0000	0.0000	0.0000	0.0000	0.0000	0.0000	0.0000	0.0000	0.0000	0.0000	0.3774	-0.0000	-0.0000	2.0010	3.0209	3.9928	2.2550	0.0000	0.0000	0.0000	0.0000	0.0000	0.0000	0.0000	0.0000	0.0000	0.0000	0.0000	0.0000	0.0000	0.0000	0.0000	0.0000	0.0000	0.0000	0.0723	0.0633	0.0090	0.0022	0.0021	0.0001	0.0701	0.0612	0.0089	0.0909	0.0537	0.0372	0.0200	0.0190	0.0010	0.0709	0.0347	0.0362
66	68	0.1569	16	2	0	1	0	0	0	0	0	0	1	0	1	0	0	0	0	0	0	Y	N	N	N	N	N	N	N	N	N	N	N	N	N	N	N	N	N	4.3045	2.8048	0.0000	22.7983	19.8922	0.0000	0.0000	0.0000	0.0000	0.0007	0.0007	0.0000	0.0028	0.0028	0.0000	0.0000	0.0000	0.0000	0.0002	0.0003	0.0000	0.0001	0.0001	0.0000	0.0002	0.0003	0.0000	0.0000	0.0001	-0.0000	-0.0000	1.0002	1.4193	0.0173	5.2011	0.0000	0.0000	0.0000	0.0000	0.0000	0.0000	0.0000	0.0000	0.0000	0.0000	0.0000	0.0000	0.0000	0.0000	0.0000	0.0000	0.0000	0.0000	0.0248	0.0219	0.0029	0.0058	0.0057	0.0001	0.0190	0.0162	0.0028	0.0138	0.0079	0.0058	0.0025	0.0021	0.0004	0.0113	0.0058	0.0055
66	69	0.1068	15	2	0	1	0	1	0	0	0	0	0	0	0	0	0	0	0	0	0	Y	N	N	N	N	N	N	N	N	N	N	N	N	N	N	N	N	N	0.7970	0.4916	0.0000	0.1145	0.0989	0.0000	0.7645	0.4398	0.0000	0.0001	0.0002	0.0000	0.0000	0.0000	0.0000	0.0002	0.0002	0.0000	0.0002	0.0003	0.0000	0.0000	0.0001	0.0000	0.0002	0.0004	0.0000	0.0000	0.0199	-0.0000	-0.0000	1.0002	9.3928	0.0173	3.6523	0.0000	0.0000	0.0000	0.0000	0.0000	0.0000	0.0000	0.0000	0.0000	0.0000	0.0000	0.0000	0.0000	0.0000	0.0000	0.0000	0.0000	0.0000	0.1091	0.0958	0.0132	0.0058	0.0055	0.0003	0.1033	0.0903	0.0130	0.0248	0.0132	0.0116	0.0029	0.0024	0.0005	0.0219	0.0108	0.0111
66	74	0.0128	7	2	0	1	0	0	0	0	0	0	0	1	0	0	0	0	0	0	0	Y	N	N	N	N	N	N	N	N	N	N	N	N	N	N	N	N	N	0.0021	0.0014	0.0000	0.0040	0.0042	0.0000	0.0000	0.0000	0.0000	0.0000	0.0000	0.0000	0.0000	0.0000	0.0000	0.0000	0.0000	0.0000	0.0001	0.0001	0.0000	0.0058	0.0058	0.0000	0.0001	0.0001	0.0000	0.0000	0.2085	-0.0000	-0.0000	1.0002	3.9277	0.0173	0.5227	0.0000	0.0000	0.0000	0.0000	0.0000	0.0000	0.0000	0.0000	0.0000	0.0000	0.0000	0.0000	0.0000	0.0000	0.0000	0.0000	0.0000	0.0000	0.0454	0.0397	0.0058	0.0003	0.0003	0.0000	0.0451	0.0394	0.0057	0.0089	0.0043	0.0046	0.0000	0.0000	0.0000	0.0088	0.0042	0.0046
66	75	0.0128	6	2	0	1	0	0	0	0	0	0	0	1	0	0	0	0	0	0	0	Y	N	N	N	N	N	N	N	N	N	N	N	N	N	N	N	N	N	0.0000	0.0000	0.0000	0.0000	0.0000	0.0000	0.0000	0.0000	0.0000	0.0000	0.0000	0.0000	0.0000	0.0000	0.0000	0.0000	0.0000	0.0000	0.0000	0.0000	0.0000	0.0000	0.0000	0.0000	0.0000	0.0000	0.0000			0.0000	0.0000	1.0002	0.0009	0.0173	0.0000	0.0000	0.0000	0.0000	0.0000	0.0000	0.0000	0.0000	0.0000	0.0000	0.0000	0.0000	0.0000	0.0000	0.0000	0.0000	0.0000	0.0000	0.0000	0.0000	0.0000	0.0000	0.0000	0.0000	0.0000	0.0000	0.0000	0.0000	0.0000	0.0000	0.0000	0.0000	0.0000	0.0000	0.0000	0.0000	0.0000
66	76	0.0096	5	2	0	1	0	0	0	0	0	0	0	1	0	0	0	0	0	0	0	Y	N	N	N	N	N	N	N	N	N	N	N	N	N	N	N	N	N	7089239.1394	0.0000	inf	0.0000	0.0000	0.0000	inf	0.0000	inf	84.7821	0.0000	665.2433	0.0000	0.0000	0.0000	85.2496	0.0000	666.3339	0.0000	0.0000	0.0000	0.0061	0.0062	0.0000	0.0000	0.0000	0.0000	inf	0.0000	0.7687	-0.0000	1.0002	1.0000	0.0173	0.0000	0.9994	0.0000	0.9994	0.0000	0.0000	0.0000	0.9994	0.0000	0.9994	0.0000	0.0000	0.0000	0.0000	0.0000	0.0000	0.0000	0.0000	0.0000	0.0118	0.0103	0.0015	0.0001	0.0001	0.0000	0.0117	0.0102	0.0015	0.0020	0.0010	0.0011	0.0000	0.0000	0.0000	0.0020	0.0010	0.0011
66	77	0.0476	8	2	0	1	0	1	0	0	0	0	0	0	0	0	0	0	0	0	0	Y	N	N	N	N	N	N	N	N	N	N	N	N	N	N	N	N	N	0.0000	0.0000	0.0000	0.0000	0.0000	0.0000	0.0000	0.0000	0.0000	0.0000	0.0000	0.0000	0.0000	0.0000	0.0000	0.0000	0.0000	0.0000	0.0133	0.0265	0.0000	0.0000	0.0000	0.0000	0.0135	0.0274	0.0000		0.0000	0.0000	-0.0001	1.0002	3.3326	0.0173	4.0108	0.0000	0.0000	0.0000	0.0000	0.0000	0.0000	0.0000	0.0000	0.0000	0.0002	0.0002	0.0000	0.0000	0.0000	0.0000	0.0002	0.0002	0.0000	0.0422	0.0370	0.0052	0.0019	0.0019	0.0000	0.0403	0.0351	0.0052	0.0143	0.0072	0.0071	0.0002	0.0002	0.0000	0.0140	0.0069	0.0071
66	79	0.0258	5	2	0	1	0	0	0	0	0	0	0	1	1	0	0	0	0	0	0	Y	N	N	N	N	N	N	N	N	N	N	N	N	N	N	N	N	N	0.0000	0.0000	0.0000	0.0000	0.0000	0.0000	0.0000	0.0000	0.0000	0.0000	0.0000	0.0000	0.0000	0.0000	0.0000	0.0000	0.0000	0.0000	0.0000	0.0000	0.0000	0.0000	0.0000	0.0000	0.0000	0.0000	0.0000			0.0000	0.0000	1.0002	0.0001	0.0173	1.0072	0.0000	0.0000	0.0000	0.0000	0.0000	0.0000	0.0000	0.0000	0.0000	0.0000	0.0000	0.0000	0.0000	0.0000	0.0000	0.0000	0.0000	0.0000	0.0000	0.0000	0.0000	0.0000	0.0000	0.0000	0.0000	0.0000	0.0000	0.0021	0.0010	0.0010	0.0001	0.0000	0.0000	0.0020	0.0010	0.0010
66	80	0.0161	4	2	0	1	0	0	0	0	0	0	0	1	1	0	0	0	0	0	0	Y	N	N	N	N	N	N	N	N	N	N	N	N	N	N	N	N	N	60009.4142	33735.7632	0.0000	0.0000	0.0000	0.0000	inf	inf	0.0000	0.1504	0.1721	0.0000	0.0000	0.0000	0.0000	0.1539	0.1764	0.0000	0.0000	0.0000	0.0000	0.0001	0.0001	0.0000	0.0000	0.0000	0.0000	0.0000	0.0000	-0.0004	-0.0000	1.0002	1.0058	0.0173	1.9973	0.0018	0.0018	0.0000	0.0000	0.0000	0.0000	0.0018	0.0018	0.0000	0.0000	0.0000	0.0000	0.0000	0.0000	0.0000	0.0000	0.0000	0.0000	0.0123	0.0107	0.0016	0.0003	0.0003	0.0000	0.0120	0.0105	0.0015	0.0061	0.0030	0.0031	0.0002	0.0001	0.0000	0.0060	0.0029	0.0031
66	83	0.0161	4	2	0	1	0	0	0	0	0	0	0	1	1	0	0	0	0	0	0	Y	N	N	N	N	N	N	N	N	N	N	N	N	N	N	N	N	N	66.4983	37.3007	0.0000	0.0000	0.0000	0.0000	66.3979	36.8282	0.0000	0.0312	0.0357	0.0000	0.0000	0.0000	0.0000	0.0318	0.0364	0.0000	0.0005	0.0010	0.0000	0.0000	0.0000	0.0000	0.0005	0.0010	0.0000	0.0000	0.0000	-0.0004	-0.0000	1.0002	5.0069	0.0173	6.0103	0.0018	0.0018	0.0000	0.0000	0.0000	0.0000	0.0018	0.0018	0.0000	0.0000	0.0000	0.0000	0.0000	0.0000	0.0000	0.0000	0.0000	0.0000	0.0592	0.0517	0.0075	0.0011	0.0010	0.0001	0.0581	0.0507	0.0074	0.0213	0.0104	0.0108	0.0004	0.0003	0.0001	0.0208	0.0101	0.0107
66	84	0.0097	3	2	0	1	0	0	0	0	0	1	1	1	1	0	0	0	0	0	0	Y	N	N	N	N	N	N	N	N	N	N	N	N	N	N	N	N	N	1269732.7900	825286.6013	0.0000	64.2091	55.8800	0.0000	5493362.4487	7124270.1480	0.0000	41.6357	47.7027	0.0000	0.0564	0.0584	0.0000	41.7341	47.8276	0.0000	0.0000	0.0001	0.0000	0.0009	0.0010	0.0000	0.0000	0.0000	0.0000	0.0000	0.1478	-0.2298	-0.0000	1.0002	1.9932	0.0173	0.0278	0.9958	0.9958	0.0000	0.0000	0.0000	0.0000	0.9958	0.9958	0.0000	0.0000	0.0000	0.0000	0.0000	0.0000	0.0000	0.0000	0.0000	0.0000	0.0239	0.0209	0.0030	0.0001	0.0001	0.0000	0.0239	0.0208	0.0030	0.0042	0.0021	0.0021	0.0001	0.0001	0.0000	0.0041	0.0020	0.0021
66	91	0.0852	11	2	0	1	0	0	0	0	0	0	0	0	0	0	0	0	0	0	0	Y	N	N	N	N	N	N	N	N	N	N	N	N	N	N	N	N	N	10.1654	6.9297	28.1278	0.1924	0.1691	inf	11.1808	6.8011	27.7720	0.0009	0.0009	0.0008	0.0000	0.0000	0.0000	0.0009	0.0009	0.0009	0.0001	0.0001	0.0000	0.0001	0.0001	0.0000	0.0001	0.0001	0.0000	0.1336	0.1671	-0.0000	-0.0000	1.0002	1.5872	0.0173	4.4746	0.0000	0.0000	0.0000	0.0000	0.0000	0.0000	0.0000	0.0000	0.0000	0.0000	0.0000	0.0000	0.0000	0.0000	0.0000	0.0000	0.0000	0.0000	0.0190	0.0166	0.0024	0.0008	0.0007	0.0000	0.0182	0.0159	0.0023	0.0169	0.0098	0.0071	0.0034	0.0032	0.0002	0.0135	0.0066	0.0069
66	92	0.0291	8	2	0	1	1	0	0	0	1	0	0	1	1	0	0	0	0	0	0	Y	N	N	N	N	N	N	N	N	N	N	N	N	N	N	N	N	N	inf	0.0000	inf	0.0000	0.0000	0.0000	inf	0.0000	inf	0.0000	0.0000	0.0001	0.0000	0.0000	0.0000	0.0000	0.0000	0.0001	0.0000	0.0000	0.0000	0.0000	0.0000	0.0000	0.0000	0.0000	0.0000	inf		0.0000	0.0000	1.0002	1.0091	0.0173	1.9972	0.0000	0.0000	0.0000	0.0000	0.0000	0.0000	0.0000	0.0000	0.0000	0.0000	0.0000	0.0000	0.0000	0.0000	0.0000	0.0000	0.0000	0.0000	0.0119	0.0104	0.0015	0.0002	0.0002	0.0000	0.0117	0.0102	0.0015	0.0061	0.0029	0.0031	0.0001	0.0001	0.0000	0.0059	0.0029	0.0031
66	93	0.0128	7	2	0	1	0	0	0	0	0	0	1	1	1	0	0	0	0	0	0	Y	N	N	N	N	N	N	N	N	N	N	N	N	N	N	N	N	N	8246.1450	0.0000	70142.1374	0.0000	0.0000	0.0000	8292.5046	0.0000	70336.8861	0.0081	0.0000	0.0638	0.0000	0.0000	0.0000	0.0082	0.0000	0.0640	0.0000	0.0000	0.0000	0.0000	0.0000	0.0000	0.0000	0.0000	0.0000	inf	0.9216	0.0001	-0.0000	1.0002	2.0083	0.0173	3.0031	0.0002	0.0000	0.0002	0.0000	0.0000	0.0000	0.0002	0.0000	0.0002	0.0000	0.0000	0.0000	0.0000	0.0000	0.0000	0.0000	0.0000	0.0000	0.0234	0.0204	0.0030	0.0002	0.0002	0.0000	0.0232	0.0202	0.0030	0.0100	0.0048	0.0052	0.0000	0.0000	0.0000	0.0099	0.0048	0.0052
66	94	0.0128	6	2	0	1	0	0	0	0	0	0	0	1	0	0	0	0	0	0	0	Y	N	N	N	N	N	N	N	N	N	N	N	N	N	N	N	N	N	0.0000	0.0000	0.0000	0.0000	0.0000	0.0000	0.0000	0.0000	0.0000	0.0000	0.0000	0.0000	0.0000	0.0000	0.0000	0.0000	0.0000	0.0000	0.0000	0.0000	0.0000	0.0000	0.0000	0.0000	0.0000	0.0000	0.0000			0.0000	0.0000	1.0002	0.0000	0.0173	0.0002	0.0000	0.0000	0.0000	0.0000	0.0000	0.0000	0.0000	0.0000	0.0000	0.0000	0.0000	0.0000	0.0000	0.0000	0.0000	0.0000	0.0000	0.0000	0.0000	0.0000	0.0000	0.0000	0.0000	0.0000	0.0000	0.0000	0.0000	0.0000	0.0000	0.0000	0.0000	0.0000	0.0000	0.0000	0.0000	0.0000
66	95	0.0096	5	2	0	1	0	0	0	0	0	0	0	1	0	0	0	0	0	0	0	Y	N	N	N	N	N	N	N	N	N	N	N	N	N	N	N	N	N	0.0000	0.0000	0.0000	0.0000	0.0000	0.0000	0.0000	0.0000	0.0000	0.0000	0.0000	0.0000	0.0000	0.0000	0.0000	0.0000	0.0000	0.0000	0.0000	0.0000	0.0000	0.0061	0.0062	0.0000	0.0000	0.0000	0.0000		0.0000	0.0000	-0.0000	1.0002	1.0000	0.0173	0.0001	0.0000	0.0000	0.0000	0.0000	0.0000	0.0000	0.0000	0.0000	0.0000	0.0000	0.0000	0.0000	0.0000	0.0000	0.0000	0.0000	0.0000	0.0000	0.0118	0.0103	0.0015	0.0001	0.0001	0.0000	0.0117	0.0102	0.0015	0.0020	0.0010	0.0011	0.0000	0.0000	0.0000	0.0020	0.0010	0.0011
66	96	0.0096	4	2	0	1	0	0	0	0	0	1	0	1	0	0	0	0	0	0	0	Y	N	N	N	N	N	N	N	N	N	N	N	N	N	N	N	N	N	0.0000	0.0000	0.0000	0.0000	0.0000	0.0000	0.0000	0.0000	0.0000	0.0000	0.0000	0.0000	0.0000	0.0000	0.0000	0.0000	0.0000	0.0000	0.2117	0.2470	0.1778	0.5167	0.5167	0.0000	0.1185	0.0000	0.1778		0.7500	0.0000	-0.0000	1.0002	0.0000	0.0173	0.0001	0.0000	0.0000	0.0000	0.0000	0.0000	0.0000	0.0000	0.0000	0.0000	0.0000	0.0000	0.0000	0.0000	0.0000	0.0000	0.0000	0.0000	0.0000	0.0000	0.0000	0.0000	0.0000	0.0000	0.0000	0.0000	0.0000	0.0000	0.0000	0.0000	0.0000	0.0000	0.0000	0.0000	0.0000	0.0000	0.0000
66	97	0.0064	3	2	0	1	0	0	0	0	0	0	0	0	0	0	0	0	0	0	0	Y	N	N	N	N	N	N	N	N	N	N	N	N	N	N	N	N	N	0.0014	0.0000	0.0343	0.0000	0.0000	0.0000	0.0085	0.0000	0.0343	0.0000	0.0000	0.0000	0.0000	0.0000	0.0000	0.0000	0.0000	0.0000	0.0001	0.0002	0.0000	0.0420	0.0420	0.0000	0.0000	0.0000	0.0000	inf	0.1954	0.0000	-0.0000	1.0002	0.9999	0.0173	0.0008	0.0000	0.0000	0.0000	0.0000	0.0000	0.0000	0.0000	0.0000	0.0000	0.0000	0.0000	0.0000	0.0000	0.0000	0.0000	0.0000	0.0000	0.0000	0.0120	0.0105	0.0015	0.0000	0.0000	0.0000	0.0120	0.0105	0.0015	0.0021	0.0010	0.0011	0.0000	0.0000	0.0000	0.0020	0.0010	0.0011
66	107	0.0032	2	2	0	1	0	0	0	0	0	0	0	0	0	0	0	0	0	0	0	Y	N	N	N	N	N	N	N	N	N	N	N	N	N	N	N	N	N	36.6035	22.9894	0.0000	104.1730	104.1027	0.0000	306.8705	inf	0.0000	0.1434	0.1643	0.0000	103.8182	103.8508	0.0000	0.1409	0.1615	0.0000	0.0039	0.0071	0.0009	0.9966	0.9976	0.0000	0.0005	0.0000	0.0009	0.0000	0.1322	-0.0004	-0.0000	1.0002	1.0015	0.0173	0.9989	0.0017	0.0017	0.0000	0.0000	0.0000	0.0000	0.0017	0.0017	0.0000	0.0000	0.0000	0.0000	0.0000	0.0000	0.0000	0.0000	0.0000	0.0000	0.0121	0.0105	0.0015	0.0000	0.0000	0.0000	0.0121	0.0105	0.0015	0.0041	0.0020	0.0021	0.0000	0.0000	0.0000	0.0041	0.0020	0.0021
66	112	0.0718	10	2	0	1	0	1	0	0	0	0	0	0	0	0	0	0	0	0	0	Y	N	N	N	N	N	N	N	N	N	N	N	N	N	N	N	N	N	0.3632	0.2764	0.0000	0.0000	0.0000	0.0000	0.4045	0.2704	0.0000	0.0000	0.0000	0.0000	0.0000	0.0000	0.0000	0.0000	0.0000	0.0000	0.0000	0.0000	0.0000	0.0000	0.0000	0.0000	0.0000	0.0000	0.0000	0.0200	0.1505	-0.0000	-0.0000	1.0002	3.0209	0.0173	2.2550	0.0000	0.0000	0.0000	0.0000	0.0000	0.0000	0.0000	0.0000	0.0000	0.0000	0.0000	0.0000	0.0000	0.0000	0.0000	0.0000	0.0000	0.0000	0.0364	0.0318	0.0046	0.0011	0.0010	0.0001	0.0353	0.0308	0.0045	0.0159	0.0094	0.0065	0.0035	0.0033	0.0002	0.0124	0.0061	0.0063
67	68	0.1538	15	2	0	1	0	0	0	1	0	0	1	0	1	0	0	0	0	0	0	Y	N	N	N	N	N	N	N	N	N	N	N	N	N	N	N	N	N	0.0000	0.0000	0.0000	0.0000	0.0000	0.0000	0.0000	0.0000	0.0000	0.0000	0.0000	0.0000	0.0000	0.0000	0.0000	0.0000	0.0000	0.0000	0.0000	0.0000	0.0000	0.0000	0.0000	0.0000	0.0000	0.0000	0.0000			0.0000	-0.0000	0.0001	1.4193	0.0028	5.2011	0.0000	0.0000	0.0000	0.0000	0.0000	0.0000	0.0000	0.0000	0.0000	0.0000	0.0000	0.0000	0.0000	0.0000	0.0000	0.0000	0.0000	0.0000	0.0000	0.0000	0.0000	0.0000	0.0000	0.0000	0.0000	0.0000	0.0000	0.0001	0.0001	0.0000	0.0000	0.0000	0.0000	0.0001	0.0000	0.0000
67	69	0.1036	14	2	0	1	0	1	0	1	0	0	0	0	0	0	0	0	0	0	0	Y	N	N	N	N	N	N	N	N	N	N	N	N	N	N	N	N	N	0.0000	0.0000	0.0000	0.0000	0.0000	0.0000	0.0000	0.0000	0.0000	0.0000	0.0000	0.0000	0.0000	0.0000	0.0000	0.0000	0.0000	0.0000	0.0000	0.0000	0.0000	0.0000	0.0000	0.0000	0.0000	0.0000	0.0000			0.0000	-0.0000	0.0001	9.3928	0.0028	3.6523	0.0000	0.0000	0.0000	0.0000	0.0000	0.0000	0.0000	0.0000	0.0000	0.0000	0.0000	0.0000	0.0000	0.0000	0.0000	0.0000	0.0000	0.0000	0.0000	0.0000	0.0000	0.0000	0.0000	0.0000	0.0000	0.0000	0.0000	0.0001	0.0001	0.0000	0.0000	0.0000	0.0000	0.0001	0.0001	0.0000
67	74	0.0096	6	2	0	1	0	0	0	1	0	0	0	1	0	0	0	0	0	0	0	Y	N	N	N	N	N	N	N	N	N	N	N	N	N	N	N	N	N	1.1394	0.6786	10.4008	3.5759	3.5827	0.0000	0.5099	0.0000	10.4252	0.0039	0.0031	0.0108	0.0208	0.0208	0.0000	0.0014	0.0000	0.0109	0.0034	0.0045	0.0010	0.0058	0.0058	0.0000	0.0027	0.0038	0.0010	0.4286	0.1051	0.0000	-0.0000	0.0001	3.9277	0.0028	0.5227	0.0000	0.0000	0.0000	0.0000	0.0000	0.0000	0.0000	0.0000	0.0000	0.0000	0.0000	0.0000	0.0000	0.0000	0.0000	0.0000	0.0000	0.0000	0.0000	0.0000	0.0000	0.0000	0.0000	0.0000	0.0000	0.0000	0.0000	0.0000	0.0000	0.0000	0.0000	0.0000	0.0000	0.0000	0.0000	0.0000
67	75	0.0096	5	2	0	1	0	0	0	1	0	0	0	1	0	0	0	0	0	0	0	Y	N	N	N	N	N	N	N	N	N	N	N	N	N	N	N	N	N	0.0000	0.0000	0.0000	0.0000	0.0000	0.0000	0.0000	0.0000	0.0000	0.0000	0.0000	0.0000	0.0000	0.0000	0.0000	0.0000	0.0000	0.0000	0.0000	0.0000	0.0000	0.0000	0.0000	0.0000	0.0000	0.0000	0.0000			0.0000	0.0000	0.0001	0.0009	0.0028	0.0000	0.0000	0.0000	0.0000	0.0000	0.0000	0.0000	0.0000	0.0000	0.0000	0.0000	0.0000	0.0000	0.0000	0.0000	0.0000	0.0000	0.0000	0.0000	0.0000	0.0000	0.0000	0.0000	0.0000	0.0000	0.0000	0.0000	0.0000	0.0000	0.0000	0.0000	0.0000	0.0000	0.0000	0.0000	0.0000	0.0000
67	76	0.0064	4	2	0	1	0	0	0	1	0	0	0	1	0	0	0	0	0	0	0	Y	N	N	N	N	N	N	N	N	N	N	N	N	N	N	N	N	N	0.0000	0.0000	0.0000	0.0000	0.0000	0.0000	0.0000	0.0000	0.0000	0.0000	0.0000	0.0000	0.0000	0.0000	0.0000	0.0000	0.0000	0.0000	0.0000	0.0000	0.0000	0.0000	0.0000	0.0000	0.0000	0.0000	0.0000			0.0000	0.0000	0.0001	1.0000	0.0028	0.0000	0.0000	0.0000	0.0000	0.0000	0.0000	0.0000	0.0000	0.0000	0.0000	0.0000	0.0000	0.0000	0.0000	0.0000	0.0000	0.0000	0.0000	0.0000	0.0000	0.0000	0.0000	0.0000	0.0000	0.0000	0.0000	0.0000	0.0000	0.0000	0.0000	0.0000	0.0000	0.0000	0.0000	0.0000	0.0000	0.0000
67	77	0.0444	7	2	0	1	0	1	0	1	0	0	0	0	0	0	0	0	0	0	0	Y	N	N	N	N	N	N	N	N	N	N	N	N	N	N	N	N	N	0.0000	0.0000	0.0000	0.0000	0.0000	0.0000	0.0000	0.0000	0.0000	0.0000	0.0000	0.0000	0.0000	0.0000	0.0000	0.0000	0.0000	0.0000	0.0000	0.0000	0.0000	0.0000	0.0000	0.0000	0.0000	0.0000	0.0000			0.0000	0.0000	0.0001	3.3326	0.0028	4.0108	0.0000	0.0000	0.0000	0.0000	0.0000	0.0000	0.0000	0.0000	0.0000	0.0000	0.0000	0.0000	0.0000	0.0000	0.0000	0.0000	0.0000	0.0000	0.0000	0.0000	0.0000	0.0000	0.0000	0.0000	0.0000	0.0000	0.0000	0.0001	0.0001	0.0000	0.0000	0.0000	0.0000	0.0001	0.0000	0.0000
67	79	0.0226	4	2	0	1	0	0	0	1	0	0	0	1	1	0	0	0	0	0	0	Y	N	N	N	N	N	N	N	N	N	N	N	N	N	N	N	N	N	0.0000	0.0000	0.0000	0.0000	0.0000	0.0000	0.0000	0.0000	0.0000	0.0000	0.0000	0.0000	0.0000	0.0000	0.0000	0.0000	0.0000	0.0000	0.0000	0.0000	0.0000	0.0000	0.0000	0.0000	0.0000	0.0000	0.0000			0.0000	0.0000	0.0001	0.0001	0.0028	1.0072	0.0000	0.0000	0.0000	0.0000	0.0000	0.0000	0.0000	0.0000	0.0000	0.0000	0.0000	0.0000	0.0000	0.0000	0.0000	0.0000	0.0000	0.0000	0.0000	0.0000	0.0000	0.0000	0.0000	0.0000	0.0000	0.0000	0.0000	0.0000	0.0000	0.0000	0.0000	0.0000	0.0000	0.0000	0.0000	0.0000
67	80	0.0129	3	2	0	1	0	0	0	1	0	0	0	1	1	0	0	0	0	0	0	Y	N	N	N	N	N	N	N	N	N	N	N	N	N	N	N	N	N	0.0000	0.0000	0.0000	0.0000	0.0000	0.0000	0.0000	0.0000	0.0000	0.0000	0.0000	0.0000	0.0000	0.0000	0.0000	0.0000	0.0000	0.0000	0.0001	0.0000	0.0001	0.0001	0.0001	0.0000	0.0000	0.0000	0.0000		1.0000	0.0000	-0.0000	0.0001	1.0058	0.0028	1.9973	0.0000	0.0000	0.0000	0.0000	0.0000	0.0000	0.0000	0.0000	0.0000	0.0000	0.0000	0.0000	0.0000	0.0000	0.0000	0.0000	0.0000	0.0000	0.0000	0.0000	0.0000	0.0000	0.0000	0.0000	0.0000	0.0000	0.0000	0.0000	0.0000	0.0000	0.0000	0.0000	0.0000	0.0000	0.0000	0.0000
67	83	0.0129	3	2	0	1	0	0	0	1	0	0	0	1	1	0	0	0	0	0	0	Y	N	N	N	N	N	N	N	N	N	N	N	N	N	N	N	N	N	0.0000	0.0000	0.0000	0.0000	0.0000	0.0000	0.0000	0.0000	0.0000	0.0000	0.0000	0.0000	0.0000	0.0000	0.0000	0.0000	0.0000	0.0000	0.0000	0.0000	0.0000	0.0000	0.0000	0.0000	0.0000	0.0000	0.0000		1.0000	0.0000	-0.0000	0.0001	5.0069	0.0028	6.0103	0.0000	0.0000	0.0000	0.0000	0.0000	0.0000	0.0000	0.0000	0.0000	0.0000	0.0000	0.0000	0.0000	0.0000	0.0000	0.0000	0.0000	0.0000	0.0000	0.0000	0.0000	0.0000	0.0000	0.0000	0.0000	0.0000	0.0000	0.0001	0.0001	0.0000	0.0000	0.0000	0.0000	0.0001	0.0001	0.0000
67	84	0.0065	2	2	0	1	0	0	0	1	0	1	1	1	1	0	0	0	0	0	0	Y	N	N	N	N	N	N	N	N	N	N	N	N	N	N	N	N	N	4.7449	5.1012	6.9684	7.4992	7.6831	0.0000	2.8613	0.0000	7.1709	0.0341	0.0275	0.0773	0.1103	0.1100	0.0000	0.0130	0.0000	0.0769	0.0072	0.0054	0.0111	0.0147	0.0143	0.0575	0.0045	0.0000	0.0107	0.4286	0.9430	0.0000	-0.0000	0.0001	1.9932	0.0028	0.0278	0.0000	0.0000	0.0000	0.0000	0.0000	0.0000	0.0000	0.0000	0.0000	0.0000	0.0000	0.0000	0.0000	0.0000	0.0000	0.0000	0.0000	0.0000	0.0000	0.0000	0.0000	0.0000	0.0000	0.0000	0.0000	0.0000	0.0000	0.0000	0.0000	0.0000	0.0000	0.0000	0.0000	0.0000	0.0000	0.0000
67	91	0.0820	10	2	0	1	0	0	0	1	0	0	0	0	0	0	0	0	0	0	0	Y	N	N	N	N	N	N	N	N	N	N	N	N	N	N	N	N	N	0.0000	0.0000	0.0000	0.0000	0.0000	0.0000	0.0000	0.0000	0.0000	0.0000	0.0000	0.0000	0.0000	0.0000	0.0000	0.0000	0.0000	0.0000	0.0071	0.0092	0.0020	0.0091	0.0093	0.0000	0.0062	0.0091	0.0021		0.0909	0.0000	-0.0000	0.0001	1.5872	0.0028	4.4746	0.0000	0.0000	0.0000	0.0000	0.0000	0.0000	0.0000	0.0000	0.0000	0.0000	0.0000	0.0000	0.0000	0.0000	0.0000	0.0000	0.0000	0.0000	0.0000	0.0000	0.0000	0.0000	0.0000	0.0000	0.0000	0.0000	0.0000	0.0001	0.0001	0.0000	0.0000	0.0000	0.0000	0.0001	0.0000	0.0000
67	92	0.0259	7	2	0	1	1	0	0	1	1	0	0	1	1	0	0	0	0	0	0	Y	N	N	N	N	N	N	N	N	N	N	N	N	N	N	N	N	N	0.0000	0.0000	0.0000	0.0000	0.0000	0.0000	0.0000	0.0000	0.0000	0.0000	0.0000	0.0000	0.0000	0.0000	0.0000	0.0000	0.0000	0.0000	0.0000	0.0000	0.0000	0.0000	0.0000	0.0000	0.0000	0.0000	0.0000			0.0000	0.0000	0.0001	1.0091	0.0028	1.9972	0.0000	0.0000	0.0000	0.0000	0.0000	0.0000	0.0000	0.0000	0.0000	0.0000	0.0000	0.0000	0.0000	0.0000	0.0000	0.0000	0.0000	0.0000	0.0000	0.0000	0.0000	0.0000	0.0000	0.0000	0.0000	0.0000	0.0000	0.0000	0.0000	0.0000	0.0000	0.0000	0.0000	0.0000	0.0000	0.0000
67	93	0.0096	6	2	0	1	0	0	0	1	0	0	1	1	1	0	0	0	0	0	0	Y	N	N	N	N	N	N	N	N	N	N	N	N	N	N	N	N	N	0.0000	0.0000	0.0000	0.0000	0.0000	0.0000	0.0000	0.0000	0.0000	0.0000	0.0000	0.0000	0.0000	0.0000	0.0000	0.0000	0.0000	0.0000	0.0000	0.0000	0.0000	0.0000	0.0000	0.0000	0.0000	0.0000	0.0000			0.0000	0.0000	0.0001	2.0083	0.0028	3.0031	0.0000	0.0000	0.0000	0.0000	0.0000	0.0000	0.0000	0.0000	0.0000	0.0000	0.0000	0.0000	0.0000	0.0000	0.0000	0.0000	0.0000	0.0000	0.0000	0.0000	0.0000	0.0000	0.0000	0.0000	0.0000	0.0000	0.0000	0.0001	0.0000	0.0000	0.0000	0.0000	0.0000	0.0000	0.0000	0.0000
67	94	0.0096	5	2	0	1	0	0	0	1	0	0	0	1	0	0	0	0	0	0	0	Y	N	N	N	N	N	N	N	N	N	N	N	N	N	N	N	N	N	0.0000	0.0000	0.0000	0.0000	0.0000	0.0000	0.0000	0.0000	0.0000	0.0000	0.0000	0.0000	0.0000	0.0000	0.0000	0.0000	0.0000	0.0000	0.0000	0.0000	0.0000	0.0000	0.0000	0.0000	0.0000	0.0000	0.0000			0.0000	0.0000	0.0001	0.0000	0.0028	0.0002	0.0000	0.0000	0.0000	0.0000	0.0000	0.0000	0.0000	0.0000	0.0000	0.0000	0.0000	0.0000	0.0000	0.0000	0.0000	0.0000	0.0000	0.0000	0.0000	0.0000	0.0000	0.0000	0.0000	0.0000	0.0000	0.0000	0.0000	0.0000	0.0000	0.0000	0.0000	0.0000	0.0000	0.0000	0.0000	0.0000
67	95	0.0064	4	2	0	1	0	0	0	1	0	0	0	1	0	0	0	0	0	0	0	Y	N	N	N	N	N	N	N	N	N	N	N	N	N	N	N	N	N	0.0000	0.0000	0.0000	0.0000	0.0000	0.0000	0.0000	0.0000	0.0000	0.0000	0.0000	0.0000	0.0000	0.0000	0.0000	0.0000	0.0000	0.0000	0.0000	0.0000	0.0000	0.0000	0.0000	0.0000	0.0000	0.0000	0.0000			0.0000	0.0000	0.0001	1.0000	0.0028	0.0001	0.0000	0.0000	0.0000	0.0000	0.0000	0.0000	0.0000	0.0000	0.0000	0.0000	0.0000	0.0000	0.0000	0.0000	0.0000	0.0000	0.0000	0.0000	0.0000	0.0000	0.0000	0.0000	0.0000	0.0000	0.0000	0.0000	0.0000	0.0000	0.0000	0.0000	0.0000	0.0000	0.0000	0.0000	0.0000	0.0000
67	96	0.0064	3	2	0	1	0	0	0	1	0	1	0	1	0	0	0	0	0	0	0	Y	N	N	N	N	N	N	N	N	N	N	N	N	N	N	N	N	N	0.0000	0.0000	0.0000	0.0000	0.0000	0.0000	0.0000	0.0000	0.0000	0.0000	0.0000	0.0000	0.0000	0.0000	0.0000	0.0000	0.0000	0.0000	0.0000	0.0000	0.0000	0.0000	0.0000	0.0000	0.0000	0.0000	0.0000			0.0000	0.0000	0.0001	0.0000	0.0028	0.0001	0.0000	0.0000	0.0000	0.0000	0.0000	0.0000	0.0000	0.0000	0.0000	0.0000	0.0000	0.0000	0.0000	0.0000	0.0000	0.0000	0.0000	0.0000	0.0000	0.0000	0.0000	0.0000	0.0000	0.0000	0.0000	0.0000	0.0000	0.0000	0.0000	0.0000	0.0000	0.0000	0.0000	0.0000	0.0000	0.0000
67	97	0.0032	2	2	0	1	0	0	0	1	0	0	0	0	0	0	0	0	0	0	0	Y	N	N	N	N	N	N	N	N	N	N	N	N	N	N	N	N	N	2.0431	0.8126	9.4419	1.9891	1.9900	0.0000	2.9737	0.0000	9.4467	0.0049	0.0017	0.0300	0.0113	0.0113	0.0000	0.0040	0.0000	0.0300	0.0024	0.0020	0.0032	0.0057	0.0057	0.0000	0.0013	0.0000	0.0032	2.3334	0.7140	0.0000	-0.0000	0.0001	0.9999	0.0028	0.0008	0.0000	0.0000	0.0000	0.0000	0.0000	0.0000	0.0000	0.0000	0.0000	0.0000	0.0000	0.0000	0.0000	0.0000	0.0000	0.0000	0.0000	0.0000	0.0000	0.0000	0.0000	0.0000	0.0000	0.0000	0.0000	0.0000	0.0000	0.0000	0.0000	0.0000	0.0000	0.0000	0.0000	0.0000	0.0000	0.0000
67	112	0.0686	9	2	0	1	0	1	0	1	0	0	0	0	0	0	0	0	0	0	0	Y	N	N	N	N	N	N	N	N	N	N	N	N	N	N	N	N	N	0.0000	0.0000	0.0000	0.0000	0.0000	0.0000	0.0000	0.0000	0.0000	0.0000	0.0000	0.0000	0.0000	0.0000	0.0000	0.0000	0.0000	0.0000	0.0000	0.0000	0.0000	0.0000	0.0000	0.0000	0.0000	0.0000	0.0000			0.0000	-0.0000	0.0001	3.0209	0.0028	2.2550	0.0000	0.0000	0.0000	0.0000	0.0000	0.0000	0.0000	0.0000	0.0000	0.0000	0.0000	0.0000	0.0000	0.0000	0.0000	0.0000	0.0000	0.0000	0.0000	0.0000	0.0000	0.0000	0.0000	0.0000	0.0000	0.0000	0.0000	0.0001	0.0001	0.0000	0.0000	0.0000	0.0000	0.0000	0.0000	0.0000
68	73	0.1954	19	2	0	1	0	0	0	1	0	0	1	1	1	0	0	0	0	0	0	Y	N	N	N	N	N	N	N	N	N	N	N	N	N	N	N	N	N	3855.7286	inf	0.0000	0.0000	0.0000	0.0000	4969.4661	inf	0.0000	0.0012	0.0013	0.0000	0.0000	0.0000	0.0000	0.0018	0.0021	0.0000	0.0000	0.0000	0.0000	0.0000	0.0000	0.0000	0.0000	0.0000	0.0000	0.0000	inf	-0.0000	0.0000	1.4193	3.9579	5.2011	0.9988	0.0001	0.0001	0.0000	0.0000	0.0000	0.0000	0.0001	0.0001	0.0000	0.0000	0.0000	0.0000	0.0000	0.0000	0.0000	0.0000	0.0000	0.0000	0.1281	0.1136	0.0145	0.0440	0.0422	0.0018	0.0841	0.0714	0.0128	0.0689	0.0418	0.0270	0.0162	0.0142	0.0019	0.0527	0.0276	0.0251
68	74	0.1804	18	2	0	0	0	0	0	0	0	0	1	1	1	0	0	0	0	0	0	Y	N	N	N	N	N	N	N	N	N	N	N	N	N	N	N	N	N	0.7739	0.5000	3.9599	0.0000	0.0000	0.0000	1114.7445	849.4024	4.0025	0.0024	0.0027	0.0000	0.0000	0.0000	0.0000	0.0032	0.0037	0.0000	0.0031	0.0054	0.0000	0.0172	0.0200	0.0000	0.0000	0.0000	0.0000	0.0002	0.0002	-0.0001	-0.0001	1.4193	3.9277	5.2011	0.5227	0.0002	0.0002	0.0000	0.0000	0.0000	0.0000	0.0002	0.0002	0.0000	0.0002	0.0002	0.0000	0.0002	0.0002	0.0000	0.0000	0.0000	0.0000	0.0939	0.0831	0.0109	0.0226	0.0222	0.0004	0.0713	0.0608	0.0105	0.0581	0.0332	0.0249	0.0105	0.0090	0.0015	0.0476	0.0242	0.0234
68	75	0.1804	17	2	0	0	0	0	0	0	0	0	1	1	1	0	0	0	0	0	0	Y	N	N	N	N	N	N	N	N	N	N	N	N	N	N	N	N	N	0.0000	0.0000	0.0000	0.0000	0.0000	0.0000	0.0000	0.0000	0.0000	0.0000	0.0000	0.0000	0.0000	0.0000	0.0000	0.0000	0.0000	0.0000	0.0000	0.0000	0.0000	0.0000	0.0000	0.0000	0.0000	0.0000	0.0000			0.0000	0.0000	1.4193	0.0009	5.2011	0.0000	0.0000	0.0000	0.0000	0.0000	0.0000	0.0000	0.0000	0.0000	0.0000	0.0000	0.0000	0.0000	0.0000	0.0000	0.0000	0.0000	0.0000	0.0000	0.0000	0.0000	0.0000	0.0000	0.0000	0.0000	0.0000	0.0000	0.0000	0.0000	0.0000	0.0000	0.0000	0.0000	0.0000	0.0000	0.0000	0.0000
68	76	0.1771	16	2	0	0	0	0	0	0	0	0	1	1	1	0	0	0	0	0	0	Y	N	N	N	N	N	N	N	N	N	N	N	N	N	N	N	N	N	0.0000	0.0000	0.0000	0.0000	0.0000	0.0000	0.0000	0.0000	0.0000	0.0000	0.0000	0.0000	0.0000	0.0000	0.0000	0.0000	0.0000	0.0000	0.0000	0.0000	0.0000	0.0000	0.0000	0.0000	0.0000	0.0000	0.0000			0.0000	0.0000	1.4193	1.0000	5.2011	0.0000	0.0000	0.0000	0.0000	0.0000	0.0000	0.0000	0.0000	0.0000	0.0000	0.0000	0.0000	0.0000	0.0000	0.0000	0.0000	0.0000	0.0000	0.0000	0.0244	0.0216	0.0028	0.0059	0.0058	0.0001	0.0186	0.0158	0.0028	0.0134	0.0076	0.0057	0.0024	0.0021	0.0003	0.0109	0.0056	0.0054
68	77	0.1327	9	2	0	0	0	1	0	0	0	0	1	0	1	0	0	0	0	0	0	Y	N	N	N	N	N	N	N	N	N	N	N	N	N	N	N	N	N	86965.6911	83263.1640	0.0000	1192.0808	1245.5493	0.0000	323007.0823	734199.3391	0.0000	0.0794	0.0896	0.0000	0.0046	0.0047	0.0000	0.1039	0.1215	0.0000	0.0000	0.0000	0.0000	0.0000	0.0000	0.0000	0.0000	0.0000	0.0000	0.0000	0.4924	-0.0016	-0.0000	1.4193	3.3326	5.2011	4.0108	0.0069	0.0069	0.0000	0.0001	0.0001	0.0000	0.0068	0.0068	0.0000	0.0000	0.0000	0.0000	0.0000	0.0000	0.0000	0.0000	0.0000	0.0000	0.0863	0.0764	0.0099	0.0213	0.0209	0.0004	0.0650	0.0556	0.0094	0.0966	0.0549	0.0417	0.0161	0.0138	0.0022	0.0806	0.0411	0.0395
68	78	0.2029	19	2	0	1	0	0	0	1	0	0	1	1	2	0	0	0	0	0	0	Y	N	N	N	N	Y	N	N	N	N	N	N	N	N	N	N	N	N	0.0000	0.0000	0.0000	0.0000	0.0000	0.0000	0.0000	0.0000	0.0000	0.0000	0.0000	0.0000	0.0000	0.0000	0.0000	0.0000	0.0000	0.0000	0.0139	0.0240	0.0000	0.0599	0.0733	0.0000	0.0009	0.0018	0.0000		0.0000	0.0000	-0.0001	1.4193	0.0000	5.2011	0.9988	0.0000	0.0000	0.0000	0.0000	0.0000	0.0000	0.0000	0.0000	0.0000	0.0002	0.0002	0.0000	0.0002	0.0002	0.0000	0.0000	0.0000	0.0000	0.0000	0.0000	0.0000	0.0000	0.0000	0.0000	0.0000	0.0000	0.0000	0.0136	0.0079	0.0057	0.0030	0.0024	0.0005	0.0106	0.0055	0.0052
68	79	0.1997	18	2	0	0	0	0	0	0	0	0	1	1	2	0	0	0	0	0	0	Y	N	N	N	N	Y	N	N	N	N	N	N	N	N	N	N	N	N	0.0000	0.0000	0.0000	0.0000	0.0000	0.0000	0.0000	0.0000	0.0000	0.0000	0.0000	0.0000	0.0000	0.0000	0.0000	0.0000	0.0000	0.0000	0.0008	0.0014	0.0000	0.0039	0.0046	0.0000	0.0000	0.0000	0.0000		0.0100	0.0000	-0.0000	1.4193	0.0001	5.2011	1.0072	0.0000	0.0000	0.0000	0.0000	0.0000	0.0000	0.0000	0.0000	0.0000	0.0000	0.0000	0.0000	0.0000	0.0000	0.0000	0.0000	0.0000	0.0000	0.0000	0.0000	0.0000	0.0000	0.0000	0.0000	0.0000	0.0000	0.0000	0.0135	0.0078	0.0057	0.0027	0.0023	0.0004	0.0108	0.0055	0.0053
68	80	0.1900	17	2	0	0	0	0	0	0	0	0	1	1	2	0	0	0	0	0	0	Y	N	N	N	N	Y	N	N	N	N	N	N	N	N	N	N	N	N	2.1728	2.1599	0.0000	1.7516	2.2887	0.0000	0.0000	0.0000	0.0000	0.0017	0.0019	0.0000	0.0067	0.0068	0.0000	0.0000	0.0000	0.0000	0.0008	0.0009	0.0006	0.0038	0.0030	0.0086	0.0000	0.0000	0.0000	0.0000	0.5139	-0.0000	-0.0000	1.4193	1.0058	5.2011	1.9973	0.0000	0.0000	0.0000	0.0000	0.0000	0.0000	0.0000	0.0000	0.0000	0.0000	0.0000	0.0000	0.0000	0.0000	0.0000	0.0000	0.0000	0.0000	0.0252	0.0223	0.0029	0.0062	0.0061	0.0001	0.0190	0.0162	0.0028	0.0397	0.0231	0.0167	0.0079	0.0067	0.0012	0.0319	0.0164	0.0155
68	81	0.1511	16	2	0	1	0	0	0	0	0	0	1	0	1	0	0	0	0	0	0	Y	N	N	N	N	N	N	N	N	N	N	N	N	N	N	N	N	N	2084.7147	0.0000	inf	36.8948	0.0000	inf	inf	0.0000	inf	0.0081	0.0000	0.0704	0.0008	0.0000	0.0535	0.0103	0.0000	0.0709	0.0000	0.0000	0.0000	0.0000	0.0000	0.0000	0.0000	0.0000	0.0000	inf	0.0004	0.0010	-0.0000	1.4193	7.0000	5.2011	2.0013	0.0014	0.0000	0.0014	0.0000	0.0000	0.0000	0.0013	0.0000	0.0013	0.0000	0.0000	0.0000	0.0000	0.0000	0.0000	0.0000	0.0000	0.0000	0.1663	0.1471	0.0192	0.0381	0.0376	0.0006	0.1282	0.1095	0.0186	0.1175	0.0673	0.0501	0.0214	0.0185	0.0030	0.0960	0.0489	0.0472
68	82	0.1511	15	2	0	1	0	1	0	1	0	0	1	0	1	0	0	0	0	0	0	Y	N	N	N	N	N	N	N	N	N	N	N	N	N	N	N	N	N	0.0000	0.0000	0.0000	0.0000	0.0000	0.0000	0.0000	0.0000	0.0000	0.0000	0.0000	0.0000	0.0000	0.0000	0.0000	0.0000	0.0000	0.0000	0.0068	0.0047	0.0129	0.0122	0.0090	0.1293	0.0034	0.0000	0.0082		0.9922	0.0000	-0.0000	1.4193	0.0005	5.2011	0.0029	0.0000	0.0000	0.0000	0.0000	0.0000	0.0000	0.0000	0.0000	0.0000	0.0000	0.0000	0.0000	0.0000	0.0000	0.0000	0.0000	0.0000	0.0000	0.0000	0.0000	0.0000	0.0000	0.0000	0.0000	0.0000	0.0000	0.0000	0.0001	0.0001	0.0000	0.0001	0.0001	0.0000	0.0001	0.0000	0.0000
68	83	0.1900	17	2	0	0	0	0	0	0	0	0	1	1	2	0	0	0	0	0	0	Y	N	N	N	N	Y	N	N	N	N	N	N	N	N	N	N	N	N	3365.4937	2204.3285	0.0000	0.0318	0.0275	0.0000	36430102.8394	24784424.7064	0.0000	8.2518	9.3255	0.0000	0.0004	0.0004	0.0000	10.9123	12.7812	0.0000	0.0025	0.0042	0.0000	0.0126	0.0148	0.0000	0.0000	0.0000	0.0000	0.0000	0.0003	-0.2306	-0.0002	1.4193	5.0069	5.2011	6.0103	0.9993	0.9993	0.0000	0.0000	0.0000	0.0000	0.9992	0.9992	0.0000	0.0003	0.0003	0.0000	0.0003	0.0003	0.0000	0.0000	0.0000	0.0000	0.1211	0.1072	0.0139	0.0295	0.0290	0.0006	0.0916	0.0782	0.0134	0.1385	0.0803	0.0583	0.0270	0.0229	0.0042	0.1115	0.0574	0.0541
68	84	0.1836	16	2	0	0	0	0	0	0	0	1	2	1	2	0	0	0	0	0	0	Y	N	N	N	N	Y	N	N	N	N	N	N	N	N	N	N	N	N	23.2718	15.4484	0.0569	18.0392	15.6996	0.1838	922.5700	3950.0121	0.0000	0.0089	0.0101	0.0000	0.0345	0.0351	0.0000	0.0011	0.0012	0.0000	0.0004	0.0007	0.0000	0.0019	0.0022	0.0001	0.0000	0.0000	0.0000	0.0000	0.0075	-0.0001	-0.0000	1.4193	1.9932	5.2011	0.0278	0.0004	0.0004	0.0000	0.0004	0.0004	0.0000	0.0000	0.0000	0.0000	0.0000	0.0000	0.0000	0.0000	0.0000	0.0000	0.0000	0.0000	0.0000	0.0492	0.0434	0.0057	0.0115	0.0113	0.0002	0.0376	0.0321	0.0055	0.0277	0.0161	0.0116	0.0055	0.0047	0.0008	0.0222	0.0114	0.0108
68	85	0.1735	14	2	0	1	0	0	0	0	0	0	1	0	1	0	0	0	0	0	0	Y	N	N	N	N	N	N	N	N	N	N	N	N	N	N	N	N	N	0.0110	0.0249	0.0380	0.0001	0.0195	0.0000	0.0169	11.8297	0.0556	0.0333	0.0001	0.2918	0.0003	0.0003	0.0001	0.0440	0.0001	0.3035	3.0172	0.0050	7.6736	4.2751	0.0141	31.1045	2.6027	0.0000	5.4560	301.0284	995.4852	0.0059	0.3601	1.4193	9.9670	5.2011	12.6920	0.0077	0.0000	0.0076	0.0000	0.0000	0.0000	0.0076	0.0000	0.0076	0.9481	0.0010	0.9472	0.3329	0.0010	0.3320	0.6152	0.0000	0.6152	0.2301	0.2039	0.0262	0.0563	0.0553	0.0010	0.1737	0.1486	0.0252	0.3142	0.1908	0.1234	0.0779	0.0672	0.0107	0.2364	0.1236	0.1128
68	86	0.1670	13	2	0	1	0	1	0	1	0	0	1	0	1	0	0	0	0	0	0	Y	N	N	N	N	N	N	N	N	N	N	N	N	N	N	N	N	N	1.4483	0.0132	48.2654	0.1660	0.1617	0.1103	1.5369	0.0000	48.5507	8.1199	0.0975	81.0681	0.2815	0.2838	0.1137	11.6866	0.0005	84.5751	5.6064	7.4015	1.6796	1.6965	1.7555	1.0311	7.6038	12.0695	1.7420	91.4069	0.1037	0.3153	-0.2029	1.4193	1.5419	5.2011	1.3342	0.4158	0.0045	0.4113	0.0045	0.0045	0.0000	0.4113	0.0000	0.4113	0.3864	0.3501	0.0363	0.0395	0.0376	0.0020	0.3469	0.3125	0.0344	0.0512	0.0461	0.0051	0.0160	0.0158	0.0002	0.0352	0.0303	0.0049	0.0689	0.0473	0.0216	0.0233	0.0214	0.0019	0.0456	0.0259	0.0197
68	87	0.1775	12	1	0	0	0	0	0	0	0	0	1	0	2	0	0	0	0	0	0	N	N	N	N	N	Y	N	N	N	N	N	N	N	N	N	N	N	N	22.2936	0.0000	19539.7926	0.0000	0.0000	0.0000	13.0701	0.0000	12553.2037	0.0033	0.0000	0.0281	0.0000	0.0000	0.0000	0.0044	0.0000	0.0294	0.0001	0.0002	0.0000	0.0000	0.0000	0.0000	0.0003	0.0006	0.0000	inf	0.0034	0.0001	-0.0000	1.4193	0.9989	5.2011	0.5152	0.0001	0.0000	0.0001	0.0000	0.0000	0.0000	0.0001	0.0000	0.0001	0.0000	0.0000	0.0000	0.0000	0.0000	0.0000	0.0000	0.0000	0.0000	0.0244	0.0216	0.0028	0.0061	0.0060	0.0001	0.0183	0.0156	0.0027	0.0351	0.0230	0.0121	0.0198	0.0151	0.0046	0.0153	0.0079	0.0074
68	88	0.1481	11	1	0	0	0	0	0	0	0	0	2	0	2	0	0	0	0	0	0	N	N	N	N	N	Y	N	N	N	N	N	N	N	N	N	N	N	N	171032.2313	0.0000	138788535.1809	4.1423	0.0000	13488.5292	323624.9897	0.0000	237496713.0707	6.9173	0.0000	59.8608	0.0003	0.0000	0.0215	8.9556	0.0000	61.5766	0.0000	0.0001	0.0000	0.0001	0.0001	0.0000	0.0000	0.0001	0.0000	inf	0.0043	0.7686	-0.0000	1.4193	6.0209	5.2011	2.4875	0.9992	0.0000	0.9992	0.0000	0.0000	0.0000	0.9992	0.0000	0.9992	0.0000	0.0000	0.0000	0.0000	0.0000	0.0000	0.0000	0.0000	0.0000	0.1445	0.1278	0.0167	0.0329	0.0324	0.0005	0.1116	0.0953	0.0162	0.1263	0.0752	0.0511	0.0353	0.0287	0.0066	0.0910	0.0466	0.0445
68	90	0.1389	9	2	0	1	0	0	0	1	0	0	1	0	1	0	0	0	0	0	0	Y	N	N	N	N	N	N	N	N	N	N	N	N	N	N	N	N	N	1412.0943	938.0924	0.0011	0.0670	0.0651	0.0005	366362.1396	3737082.1441	0.0020	6.8461	7.7416	0.0000	0.0021	0.0021	0.0000	8.8740	10.3891	0.0000	0.0048	0.0083	0.0002	0.0310	0.0324	0.0061	0.0000	0.0000	0.0000	0.0000	0.0146	-0.2306	-0.0006	1.4193	5.9354	5.2011	8.3561	0.9992	0.9992	0.0000	0.0001	0.0001	0.0000	0.9992	0.9992	0.0000	0.0010	0.0010	0.0000	0.0010	0.0010	0.0000	0.0000	0.0000	0.0000	0.1460	0.1291	0.0169	0.0334	0.0329	0.0005	0.1126	0.0962	0.0164	0.2061	0.1193	0.0868	0.0320	0.0303	0.0017	0.1741	0.0890	0.0851
68	91	0.1220	8	2	0	0	0	0	0	0	0	0	1	0	1	0	0	0	0	0	0	Y	N	N	N	N	N	N	N	N	N	N	N	N	N	N	N	N	N	0.4506	0.6476	0.0111	0.1628	0.2690	0.0898	0.4649	0.5887	0.0084	0.0033	0.0038	0.0001	0.0002	0.0002	0.0012	0.0042	0.0050	0.0001	0.0074	0.0058	0.0100	0.0011	0.0006	0.0131	0.0091	0.0084	0.0099	0.0039	1.0619	-0.0000	-0.0001	1.4193	1.5872	5.2011	4.4746	0.0001	0.0001	0.0000	0.0000	0.0000	0.0000	0.0001	0.0001	0.0000	0.0008	0.0004	0.0004	0.0000	0.0000	0.0000	0.0008	0.0004	0.0004	0.0396	0.0349	0.0046	0.0089	0.0087	0.0001	0.0307	0.0262	0.0045	0.1096	0.0678	0.0419	0.0236	0.0227	0.0009	0.0861	0.0451	0.0410
68	92	0.1967	19	2	0	0	1	0	0	0	1	0	1	1	2	0	0	0	0	0	0	Y	N	N	N	N	Y	N	N	N	N	N	N	N	N	N	N	N	N	23149.5503	0.0065	inf	0.1827	0.0066	inf	inf	inf	inf	40.4580	0.0000	350.7915	0.0017	0.0001	0.0990	54.0323	0.0000	363.6889	0.0017	0.0031	0.0000	0.0092	0.0109	0.0000	0.0000	0.0000	0.0000	2283725.9863	0.0000	0.7685	-0.0000	1.4193	1.0091	5.2011	1.9972	0.9991	0.0000	0.9991	0.0000	0.0000	0.0000	0.9991	0.0000	0.9991	0.0001	0.0001	0.0000	0.0001	0.0001	0.0000	0.0000	0.0000	0.0000	0.0247	0.0218	0.0028	0.0062	0.0061	0.0001	0.0185	0.0157	0.0027	0.0399	0.0228	0.0171	0.0076	0.0064	0.0012	0.0324	0.0164	0.0159
68	93	0.1804	18	2	0	0	0	0	0	0	0	0	2	1	2	0	0	0	0	0	0	Y	N	N	N	N	Y	N	N	N	N	N	N	N	N	N	N	N	N	528.8052	590.6720	1422.6547	1.9776	1.7150	inf	784.5976	inf	1381.7915	0.0066	0.0035	0.0302	0.0000	0.0000	0.0000	0.0087	0.0048	0.0312	0.0000	0.0000	0.0000	0.0000	0.0000	0.0000	0.0000	0.0000	0.0000	1.1293	2.6803	0.0001	0.0000	1.4193	2.0083	5.2011	3.0031	0.0003	0.0002	0.0002	0.0000	0.0000	0.0000	0.0003	0.0001	0.0002	0.0000	0.0000	0.0000	0.0000	0.0000	0.0000	0.0000	0.0000	0.0000	0.0485	0.0429	0.0056	0.0118	0.0116	0.0002	0.0367	0.0313	0.0054	0.0654	0.0373	0.0280	0.0118	0.0101	0.0017	0.0536	0.0272	0.0263
68	94	0.1804	17	2	0	0	0	0	0	0	0	0	1	1	1	0	0	0	0	0	0	Y	N	N	N	N	N	N	N	N	N	N	N	N	N	N	N	N	N	0.0000	0.0000	0.0000	0.0000	0.0000	0.0000	0.0000	0.0000	0.0000	0.0000	0.0000	0.0000	0.0000	0.0000	0.0000	0.0000	0.0000	0.0000	0.1589	0.1278	0.2101	0.2080	0.2132	0.0000	0.1285	0.0000	0.2154		1.0000	0.0000	-0.0000	1.4193	0.0000	5.2011	0.0002	0.0000	0.0000	0.0000	0.0000	0.0000	0.0000	0.0000	0.0000	0.0000	0.0000	0.0000	0.0000	0.0000	0.0000	0.0000	0.0000	0.0000	0.0000	0.0000	0.0000	0.0000	0.0000	0.0000	0.0000	0.0000	0.0000	0.0000	0.0000	0.0000	0.0000	0.0000	0.0000	0.0000	0.0000	0.0000	0.0000
68	95	0.1771	16	2	0	0	0	0	0	0	0	0	1	1	1	0	0	0	0	0	0	Y	N	N	N	N	N	N	N	N	N	N	N	N	N	N	N	N	N	0.0000	0.0000	0.0000	0.0000	0.0000	0.0000	0.0000	0.0000	0.0000	0.0000	0.0000	0.0000	0.0000	0.0000	0.0000	0.0000	0.0000	0.0000	0.0000	0.0001	0.0000	0.0002	0.0003	0.0000	0.0000	0.0000	0.0000		0.0190	0.0000	-0.0000	1.4193	1.0000	5.2011	0.0001	0.0000	0.0000	0.0000	0.0000	0.0000	0.0000	0.0000	0.0000	0.0000	0.0000	0.0000	0.0000	0.0000	0.0000	0.0000	0.0000	0.0000	0.0000	0.0244	0.0216	0.0028	0.0059	0.0058	0.0001	0.0186	0.0158	0.0028	0.0134	0.0076	0.0057	0.0024	0.0021	0.0003	0.0109	0.0056	0.0054
68	96	0.1771	15	2	0	0	0	0	0	0	0	1	1	1	1	0	0	0	0	0	0	Y	N	N	N	N	N	N	N	N	N	N	N	N	N	N	N	N	N	0.0000	0.0000	0.0000	0.0000	0.0000	0.0000	0.0000	0.0000	0.0000	0.0000	0.0000	0.0000	0.0000	0.0000	0.0000	0.0000	0.0000	0.0000	0.0000	0.0000	0.0000	0.0000	0.0000	0.0000	0.0000	0.0000	0.0000			0.0000	0.0000	1.4193	0.0000	5.2011	0.0001	0.0000	0.0000	0.0000	0.0000	0.0000	0.0000	0.0000	0.0000	0.0000	0.0000	0.0000	0.0000	0.0000	0.0000	0.0000	0.0000	0.0000	0.0000	0.0000	0.0000	0.0000	0.0000	0.0000	0.0000	0.0000	0.0000	0.0000	0.0000	0.0000	0.0000	0.0000	0.0000	0.0000	0.0000	0.0000	0.0000
68	97	0.1739	14	2	0	0	0	0	0	0	0	0	1	0	1	0	0	0	0	0	0	Y	N	N	N	N	N	N	N	N	N	N	N	N	N	N	N	N	N	0.0000	0.0000	0.0000	0.0000	0.0000	0.0000	0.0000	0.0000	0.0000	0.0000	0.0000	0.0000	0.0000	0.0000	0.0000	0.0000	0.0000	0.0000	0.0000	0.0000	0.0000	0.0000	0.0000	0.0000	0.0000	0.0000	0.0000			0.0000	0.0000	1.4193	0.9999	5.2011	0.0008	0.0000	0.0000	0.0000	0.0000	0.0000	0.0000	0.0000	0.0000	0.0000	0.0000	0.0000	0.0000	0.0000	0.0000	0.0000	0.0000	0.0000	0.0000	0.0247	0.0219	0.0029	0.0058	0.0057	0.0001	0.0189	0.0161	0.0028	0.0135	0.0077	0.0058	0.0024	0.0021	0.0003	0.0111	0.0057	0.0054
68	99	0.1479	14	2	0	1	0	1	0	1	0	0	1	0	1	0	0	0	0	0	0	Y	N	N	N	N	N	N	N	N	N	N	N	N	N	N	N	N	N	0.0000	0.0000	0.0000	0.0000	0.0000	0.0000	0.0000	0.0000	0.0000	0.0000	0.0000	0.0000	0.0000	0.0000	0.0000	0.0000	0.0000	0.0000	0.0013	0.0006	0.0022	0.0076	0.0025	0.0389	0.0001	0.0000	0.0001	0.0000	2.7220	-0.0000	0.0000	1.4193	5.0000	5.2011	11.0015	0.0000	0.0000	0.0000	0.0000	0.0000	0.0000	0.0000	0.0000	0.0000	0.0003	0.0001	0.0002	0.0003	0.0001	0.0002	0.0000	0.0000	0.0000	0.1201	0.1062	0.0139	0.0276	0.0272	0.0004	0.0924	0.0789	0.0135	0.1991	0.1134	0.0857	0.0328	0.0282	0.0046	0.1663	0.0852	0.0811
68	100	0.1162	8	2	0	1	0	0	0	0	0	0	1	0	1	0	0	0	0	0	0	Y	N	N	N	N	N	N	N	N	N	N	N	N	N	N	N	N	N	0.0319	0.0215	0.0000	0.0000	0.0000	0.0000	6.8892	594.4329	0.0000	0.0002	0.0002	0.0000	0.0000	0.0000	0.0000	0.0003	0.0003	0.0000	0.0063	0.0105	0.0001	0.0392	0.0418	0.0000	0.0000	0.0000	0.0001	0.0000	0.0052	-0.0000	-0.0003	1.4193	2.0003	5.2011	3.6794	0.0000	0.0000	0.0000	0.0000	0.0000	0.0000	0.0000	0.0000	0.0000	0.0005	0.0005	0.0000	0.0005	0.0005	0.0000	0.0000	0.0000	0.0000	0.0500	0.0442	0.0058	0.0119	0.0117	0.0002	0.0381	0.0325	0.0056	0.0831	0.0493	0.0338	0.0132	0.0124	0.0008	0.0699	0.0369	0.0330
68	101	0.1056	7	2	0	1	0	1	0	1	0	0	1	0	1	0	0	0	0	0	0	Y	N	N	N	N	N	N	N	N	N	N	N	N	N	N	N	N	N	928.2484	906.7377	0.0000	19.9657	19.8303	0.0000	2942.3810	6093.2685	0.0000	12.5530	14.2148	0.0000	1.1968	1.2365	0.0000	21.1752	25.8642	0.0000	0.0135	0.0157	0.0107	0.0599	0.0624	0.0260	0.0072	0.0042	0.0104	0.0000	0.5153	-0.0018	-0.0002	1.4193	0.0087	5.2011	3.3708	0.0080	0.0080	0.0000	0.0003	0.0003	0.0000	0.0077	0.0077	0.0000	0.0006	0.0004	0.0002	0.0003	0.0003	0.0000	0.0003	0.0001	0.0002	0.0006	0.0006	0.0001	0.0003	0.0003	0.0000	0.0004	0.0003	0.0001	0.0461	0.0263	0.0199	0.0055	0.0052	0.0004	0.0406	0.0211	0.0195
68	106	0.1836	16	2	0	1	0	0	0	1	0	0	1	0	1	0	0	0	0	0	0	Y	N	N	N	N	N	N	N	N	N	N	N	N	N	N	N	N	N	0.0100	0.0000	14.0799	0.0083	0.0000	48.3990	0.0000	0.0000	0.0000	0.0000	0.0000	0.0001	0.0000	0.0000	0.0019	0.0000	0.0000	0.0000	0.0007	0.0012	0.0000	0.0035	0.0041	0.0000	0.0000	0.0000	0.0000	inf	0.0026	0.0000	-0.0000	1.4193	3.0043	5.2011	5.0032	0.0000	0.0000	0.0000	0.0000	0.0000	0.0000	0.0000	0.0000	0.0000	0.0001	0.0001	0.0000	0.0001	0.0001	0.0000	0.0000	0.0000	0.0000	0.0735	0.0650	0.0085	0.0172	0.0169	0.0003	0.0563	0.0481	0.0083	0.1048	0.0606	0.0442	0.0203	0.0173	0.0031	0.0845	0.0434	0.0411
68	107	0.1771	15	2	0	0	0	0	0	0	0	0	1	0	1	0	0	0	0	0	0	Y	N	N	N	N	N	N	N	N	N	N	N	N	N	N	N	N	N	0.0265	0.0172	0.0000	0.0202	0.0176	0.0000	0.0000	0.0000	0.0000	0.0000	0.0000	0.0000	0.0001	0.0001	0.0000	0.0000	0.0000	0.0000	0.0007	0.0013	0.0000	0.0042	0.0049	0.0000	0.0000	0.0000	0.0000	0.0000	0.0000	-0.0000	-0.0000	1.4193	1.0015	5.2011	0.9989	0.0000	0.0000	0.0000	0.0000	0.0000	0.0000	0.0000	0.0000	0.0000	0.0000	0.0000	0.0000	0.0000	0.0000	0.0000	0.0000	0.0000	0.0000	0.0248	0.0219	0.0029	0.0058	0.0057	0.0001	0.0190	0.0162	0.0028	0.0269	0.0154	0.0114	0.0048	0.0041	0.0007	0.0220	0.0113	0.0107
68	108	0.1739	14	2	0	0	0	0	0	0	0	0	1	0	1	0	0	0	0	0	0	Y	N	N	N	N	N	N	N	N	N	N	N	N	N	N	N	N	N	0.0000	0.0000	0.0000	0.0000	0.0000	0.0000	0.0000	0.0000	0.0000	0.0000	0.0000	0.0000	0.0000	0.0000	0.0000	0.0000	0.0000	0.0000	0.0000	0.0000	0.0000	0.0000	0.0000	0.0000	0.0000	0.0000	0.0000		inf	0.0000	0.0000	1.4193	1.0004	5.2011	0.0020	0.0000	0.0000	0.0000	0.0000	0.0000	0.0000	0.0000	0.0000	0.0000	0.0000	0.0000	0.0000	0.0000	0.0000	0.0000	0.0000	0.0000	0.0000	0.0248	0.0219	0.0029	0.0058	0.0057	0.0001	0.0190	0.0162	0.0028	0.0135	0.0078	0.0058	0.0024	0.0021	0.0003	0.0111	0.0057	0.0054
68	109	0.1479	13	2	0	0	0	1	0	0	0	0	1	0	1	0	0	0	0	0	0	Y	N	N	N	N	N	N	N	N	N	N	N	N	N	N	N	N	N	0.0027	0.0850	0.0000	0.0048	0.0828	0.0000	0.0000	0.0000	0.0000	0.0000	0.0000	0.0000	0.0000	0.0000	0.0000	0.0000	0.0000	0.0000	0.0000	0.0000	0.0000	0.0000	0.0000	0.0001	0.0000	0.0000	0.0000	0.0000	48.6966	-0.0000	0.0000	1.4193	3.0035	5.2011	5.0043	0.0000	0.0000	0.0000	0.0000	0.0000	0.0000	0.0000	0.0000	0.0000	0.0000	0.0000	0.0000	0.0000	0.0000	0.0000	0.0000	0.0000	0.0000	0.0732	0.0646	0.0085	0.0169	0.0166	0.0002	0.0563	0.0480	0.0083	0.1041	0.0593	0.0448	0.0173	0.0149	0.0024	0.0868	0.0444	0.0423
68	110	0.1445	9	2	0	1	0	0	0	0	0	0	1	0	1	0	0	0	0	0	0	Y	N	N	N	N	N	N	N	N	N	N	N	N	N	N	N	N	N	1.1232	0.7268	0.0911	0.0105	0.0097	0.1483	477.2289	1310.1584	0.0354	0.0389	0.0440	0.0000	0.0024	0.0025	0.0011	0.0493	0.0577	0.0000	0.0346	0.0605	0.0004	0.2330	0.2545	0.0077	0.0001	0.0000	0.0002	0.0001	0.0049	-0.0015	-0.0035	1.4193	7.0195	5.2011	5.1243	0.0065	0.0065	0.0000	0.0001	0.0001	0.0000	0.0064	0.0064	0.0000	0.0057	0.0056	0.0000	0.0057	0.0056	0.0000	0.0000	0.0000	0.0000	0.1661	0.1469	0.0192	0.0370	0.0365	0.0005	0.1291	0.1104	0.0187	0.1637	0.0932	0.0705	0.0243	0.0222	0.0021	0.1394	0.0711	0.0683
68	111	0.1220	8	2	0	1	0	0	0	1	0	0	1	0	1	0	0	0	0	0	0	Y	N	N	N	N	N	N	N	N	N	N	N	N	N	N	N	N	N	4.3346	3.2900	0.3466	0.0387	0.0348	2.0787	10.1698	7.4863	0.2747	0.0064	0.0072	0.0001	0.0001	0.0001	0.0009	0.0081	0.0095	0.0001	0.0015	0.0022	0.0003	0.0038	0.0039	0.0004	0.0008	0.0013	0.0003	0.0018	0.0782	-0.0001	-0.0001	1.4193	2.0281	5.2011	3.4706	0.0003	0.0003	0.0000	0.0000	0.0000	0.0000	0.0003	0.0003	0.0000	0.0002	0.0001	0.0000	0.0001	0.0001	0.0000	0.0001	0.0001	0.0000	0.0503	0.0444	0.0059	0.0112	0.0111	0.0001	0.0391	0.0334	0.0057	0.1024	0.0638	0.0386	0.0228	0.0220	0.0008	0.0796	0.0418	0.0378
68	112	0.1086	7	2	0	0	0	1	0	0	0	0	1	0	1	0	0	0	0	0	0	Y	N	N	N	N	N	N	N	N	N	N	N	N	N	N	N	N	N	0.7252	0.0606	2.4932	0.0508	0.0588	0.0000	0.7968	28.7861	2.5480	0.0020	0.0000	0.0170	0.0001	0.0001	0.0000	0.0025	0.0000	0.0174	0.0028	0.0004	0.0068	0.0014	0.0012	0.0064	0.0032	0.0000	0.0068	88.8597	9.4855	0.0001	0.0001	1.4193	3.0209	5.2011	2.2550	0.0002	0.0000	0.0001	0.0000	0.0000	0.0000	0.0001	0.0000	0.0001	0.0003	0.0000	0.0003	0.0000	0.0000	0.0000	0.0002	0.0000	0.0002	0.0754	0.0666	0.0088	0.0163	0.0161	0.0002	0.0591	0.0505	0.0086	0.1016	0.0642	0.0373	0.0234	0.0226	0.0008	0.0782	0.0416	0.0366
68	126	0.1809	20	2	0	1	0	0	0	0	0	0	1	0	1	0	0	0	0	0	0	Y	N	N	N	N	N	N	N	N	N	N	N	N	N	N	N	N	N	0.0000	0.0000	0.0000	0.0000	0.0000	0.0000	0.0000	0.0000	0.0000	0.0000	0.0000	0.0000	0.0000	0.0000	0.0000	0.0000	0.0000	0.0000	0.0000	0.0000	0.0000	0.0000	0.0000	0.0000	0.0000	0.0000	0.0000		inf	0.0000	0.0000	1.4193	1.0002	5.2011	2.0058	0.0000	0.0000	0.0000	0.0000	0.0000	0.0000	0.0000	0.0000	0.0000	0.0000	0.0000	0.0000	0.0000	0.0000	0.0000	0.0000	0.0000	0.0000	0.0245	0.0216	0.0029	0.0059	0.0058	0.0001	0.0186	0.0158	0.0028	0.0394	0.0227	0.0167	0.0081	0.0070	0.0011	0.0313	0.0157	0.0156
68	127	0.1843	20	1	0	0	0	0	0	0	0	0	2	0	2	0	0	0	0	0	0	N	N	N	N	N	Y	N	N	N	N	N	N	N	N	N	N	N	N	0.0000	0.0000	0.0000	0.0000	0.0000	0.0000	0.0000	0.0000	0.0000	0.0000	0.0000	0.0000	0.0000	0.0000	0.0000	0.0000	0.0000	0.0000	0.0000	0.0000	0.0000	0.0000	0.0000	0.0000	0.0000	0.0000	0.0000			0.0000	0.0000	1.4193	1.0000	5.2011	2.0000	0.0000	0.0000	0.0000	0.0000	0.0000	0.0000	0.0000	0.0000	0.0000	0.0000	0.0000	0.0000	0.0000	0.0000	0.0000	0.0000	0.0000	0.0000	0.0245	0.0216	0.0029	0.0059	0.0058	0.0001	0.0186	0.0158	0.0028	0.0402	0.0232	0.0170	0.0080	0.0068	0.0012	0.0322	0.0164	0.0158
68	128	0.1843	19	1	0	0	0	0	0	0	0	0	2	0	2	0	0	0	0	0	0	N	N	N	N	N	Y	N	N	N	N	N	N	N	N	N	N	N	N	0.0000	0.0000	0.0000	0.0000	0.0000	0.0000	0.0000	0.0000	0.0000	0.0000	0.0000	0.0000	0.0000	0.0000	0.0000	0.0000	0.0000	0.0000	0.0000	0.0000	0.0000	0.0000	0.0000	0.0000	0.0000	0.0000	0.0000			0.0000	0.0000	1.4193	3.0000	5.2011	2.0000	0.0000	0.0000	0.0000	0.0000	0.0000	0.0000	0.0000	0.0000	0.0000	0.0000	0.0000	0.0000	0.0000	0.0000	0.0000	0.0000	0.0000	0.0000	0.0723	0.0639	0.0084	0.0174	0.0171	0.0003	0.0550	0.0469	0.0081	0.0662	0.0382	0.0280	0.0131	0.0112	0.0019	0.0531	0.0270	0.0261
68	129	0.1875	21	1	0	0	0	0	0	0	0	0	2	0	2	0	0	0	0	0	0	N	N	N	N	N	Y	N	N	N	N	N	N	N	N	N	N	N	N	0.0000	0.0000	0.0000	0.0000	0.0000	0.0000	0.0000	0.0000	0.0000	0.0000	0.0000	0.0000	0.0000	0.0000	0.0000	0.0000	0.0000	0.0000	0.0005	0.0009	0.0000	0.0025	0.0029	0.0000	0.0000	0.0000	0.0000		0.0053	0.0000	-0.0000	1.4193	2.0004	5.2011	1.0045	0.0000	0.0000	0.0000	0.0000	0.0000	0.0000	0.0000	0.0000	0.0000	0.0000	0.0000	0.0000	0.0000	0.0000	0.0000	0.0000	0.0000	0.0000	0.0486	0.0429	0.0056	0.0117	0.0115	0.0002	0.0368	0.0314	0.0055	0.0403	0.0233	0.0170	0.0080	0.0069	0.0012	0.0322	0.0164	0.0158
68	133	0.2013	17	2	0	1	0	0	0	0	0	0	1	1	1	0	0	0	0	0	0	Y	N	N	N	N	N	N	N	N	N	N	N	N	N	N	N	N	N	0.0000	0.0000	0.0000	0.0000	0.0000	0.0000	0.0000	0.0000	0.0000	0.0000	0.0000	0.0000	0.0000	0.0000	0.0000	0.0000	0.0000	0.0000	0.0000	0.0000	0.0000	0.0000	0.0000	0.0000	0.0000	0.0000	0.0000			0.0000	0.0000	1.4193	0.0000	5.2011	0.0001	0.0000	0.0000	0.0000	0.0000	0.0000	0.0000	0.0000	0.0000	0.0000	0.0000	0.0000	0.0000	0.0000	0.0000	0.0000	0.0000	0.0000	0.0000	0.0000	0.0000	0.0000	0.0000	0.0000	0.0000	0.0000	0.0000	0.0000	0.0000	0.0000	0.0000	0.0000	0.0000	0.0000	0.0000	0.0000	0.0000
68	134	0.1613	16	2	0	1	0	1	0	1	0	1	1	1	1	0	0	0	0	0	0	Y	N	N	N	N	N	N	N	N	N	N	N	N	N	N	N	N	N	5.0158	0.0000	777320.0954	0.0000	0.0000	0.0000	222574.9222	0.0000	755494.1573	0.0045	0.0000	0.0391	0.0000	0.0000	0.0000	0.0059	0.0000	0.0403	0.0009	0.0016	0.0000	0.0046	0.0053	0.0000	0.0000	0.0000	0.0000	inf	0.0000	0.0003	-0.0001	1.4193	4.0005	5.2011	6.9251	0.0004	0.0000	0.0004	0.0000	0.0000	0.0000	0.0004	0.0000	0.0004	0.0001	0.0001	0.0000	0.0001	0.0001	0.0000	0.0000	0.0000	0.0000	0.0971	0.0859	0.0113	0.0226	0.0222	0.0003	0.0746	0.0636	0.0109	0.1453	0.0836	0.0617	0.0284	0.0249	0.0035	0.1169	0.0588	0.0582
68	135	0.1939	21	2	0	1	0	0	0	0	0	0	1	1	1	0	0	0	0	0	0	Y	N	N	N	N	N	N	N	N	N	N	N	N	N	N	N	N	N	0.0000	0.0000	0.0000	0.0000	0.0000	0.0000	0.0000	0.0000	0.0000	0.0000	0.0000	0.0000	0.0000	0.0000	0.0000	0.0000	0.0000	0.0000	0.0000	0.0000	0.0000	0.0000	0.0000	0.0000	0.0000	0.0000	0.0000		0.0000	0.0000	-0.0000	1.4193	0.9923	5.2011	0.0060	0.0000	0.0000	0.0000	0.0000	0.0000	0.0000	0.0000	0.0000	0.0000	0.0000	0.0000	0.0000	0.0000	0.0000	0.0000	0.0000	0.0000	0.0000	0.0245	0.0217	0.0028	0.0061	0.0060	0.0001	0.0184	0.0157	0.0027	0.0127	0.0075	0.0053	0.0029	0.0025	0.0004	0.0099	0.0050	0.0049
68	136	0.1809	20	2	0	1	0	0	0	0	0	1	1	1	1	0	0	0	0	0	0	Y	N	N	N	N	N	N	N	N	N	N	N	N	N	N	N	N	N	0.0000	0.0000	0.0000	0.0000	0.0000	0.0000	0.0000	0.0000	0.0000	0.0000	0.0000	0.0000	0.0000	0.0000	0.0000	0.0000	0.0000	0.0000	0.0004	0.0007	0.0000	0.0019	0.0022	0.0000	0.0000	0.0000	0.0000		0.0001	0.0000	-0.0000	1.4193	2.0106	5.2011	2.0023	0.0000	0.0000	0.0000	0.0000	0.0000	0.0000	0.0000	0.0000	0.0000	0.0000	0.0000	0.0000	0.0000	0.0000	0.0000	0.0000	0.0000	0.0000	0.0487	0.0431	0.0057	0.0117	0.0116	0.0002	0.0370	0.0315	0.0055	0.0520	0.0300	0.0220	0.0107	0.0092	0.0015	0.0413	0.0208	0.0205
68	137	0.1778	19	2	0	1	0	1	0	0	0	0	1	0	1	0	0	0	0	0	0	Y	N	N	N	N	N	N	N	N	N	N	N	N	N	N	N	N	N	0.0000	0.0000	0.0000	0.0000	0.0000	0.0000	0.0000	0.0000	0.0000	0.0000	0.0000	0.0000	0.0000	0.0000	0.0000	0.0000	0.0000	0.0000	0.0000	0.0000	0.0000	0.0000	0.0000	0.0000	0.0000	0.0000	0.0000		0.8338	0.0000	-0.0000	1.4193	0.0008	5.2011	1.0019	0.0000	0.0000	0.0000	0.0000	0.0000	0.0000	0.0000	0.0000	0.0000	0.0000	0.0000	0.0000	0.0000	0.0000	0.0000	0.0000	0.0000	0.0000	0.0000	0.0000	0.0000	0.0000	0.0000	0.0000	0.0000	0.0000	0.0000	0.0132	0.0076	0.0056	0.0026	0.0023	0.0004	0.0105	0.0053	0.0052
69	73	0.1720	18	2	0	1	0	1	0	1	0	0	0	1	0	0	0	0	0	0	0	Y	N	N	N	N	N	N	N	N	N	N	N	N	N	N	N	N	N	494.6429	5918905.8950	0.0000	1644.1785	1998.2351	0.0000	522.8933	inf	0.0000	1.6019	1.7836	0.0000	0.0022	0.0023	0.0000	2.0438	2.3352	0.0000	0.0032	0.0000	0.0074	0.0000	0.0000	0.0000	0.0039	0.0000	0.0078	0.0000	19113.5310	-0.2307	0.0002	9.3928	3.9579	3.6523	0.9988	0.9995	0.9995	0.0000	0.0003	0.0003	0.0000	0.9992	0.9992	0.0000	0.0004	0.0000	0.0004	0.0000	0.0000	0.0000	0.0004	0.0000	0.0004	0.6240	0.5604	0.0636	0.1351	0.1325	0.0026	0.4889	0.4279	0.0610	0.1234	0.0694	0.0540	0.0212	0.0182	0.0029	0.1022	0.0511	0.0511
69	74	0.1570	17	2	0	0	0	1	0	0	0	0	0	1	0	0	0	0	0	0	0	Y	N	N	N	N	N	N	N	N	N	N	N	N	N	N	N	N	N	974.5168	716.5510	4.8038	10.6419	9.1362	0.0000	1017.0391	715.2990	4.6989	1.2432	1.4135	0.0024	0.0118	0.0124	0.0000	1.3197	1.5084	0.0025	0.0013	0.0020	0.0005	0.0011	0.0014	0.0000	0.0013	0.0021	0.0005	0.0002	0.2289	-0.1182	-0.0001	9.3928	3.9277	3.6523	0.5227	0.5125	0.5124	0.0001	0.0003	0.0003	0.0000	0.5122	0.5121	0.0001	0.0001	0.0001	0.0000	0.0000	0.0000	0.0000	0.0001	0.0001	0.0000	0.4122	0.3625	0.0498	0.0241	0.0230	0.0011	0.3881	0.3395	0.0486	0.1046	0.0550	0.0496	0.0122	0.0100	0.0022	0.0924	0.0451	0.0473
69	75	0.1570	16	2	0	0	0	1	0	0	0	0	0	1	0	0	0	0	0	0	0	Y	N	N	N	N	N	N	N	N	N	N	N	N	N	N	N	N	N	inf	inf	0.0000	inf	inf	0.0000	0.0000	0.0000	0.0000	0.0010	0.0012	0.0000	0.0180	0.0189	0.0000	0.0000	0.0000	0.0000	0.0000	0.0000	0.0000	0.0000	0.0000	0.0000	0.0000	0.0000	0.0000	0.0000		-0.0000	0.0000	9.3928	0.0009	3.6523	0.0000	0.0000	0.0000	0.0000	0.0000	0.0000	0.0000	0.0000	0.0000	0.0000	0.0000	0.0000	0.0000	0.0000	0.0000	0.0000	0.0000	0.0000	0.0000	0.0001	0.0001	0.0000	0.0000	0.0000	0.0000	0.0001	0.0001	0.0000	0.0000	0.0000	0.0000	0.0000	0.0000	0.0000	0.0000	0.0000	0.0000
69	76	0.1538	15	2	0	0	0	1	0	0	0	0	0	1	0	0	0	0	0	0	0	Y	N	N	N	N	N	N	N	N	N	N	N	N	N	N	N	N	N	0.0000	0.0000	0.0000	0.0000	0.0000	0.0000	0.0000	0.0000	0.0000	0.0000	0.0000	0.0000	0.0000	0.0000	0.0000	0.0000	0.0000	0.0000	0.0000	0.0000	0.0000	0.0000	0.0000	0.0000	0.0000	0.0000	0.0000			0.0000	0.0000	9.3928	1.0000	3.6523	0.0000	0.0000	0.0000	0.0000	0.0000	0.0000	0.0000	0.0000	0.0000	0.0000	0.0000	0.0000	0.0000	0.0000	0.0000	0.0000	0.0000	0.0000	0.0000	0.1069	0.0939	0.0130	0.0061	0.0058	0.0003	0.1008	0.0881	0.0127	0.0240	0.0126	0.0114	0.0028	0.0023	0.0005	0.0212	0.0103	0.0109
69	77	0.1094	8	2	0	0	0	2	0	0	0	0	0	0	0	0	0	0	0	0	0	Y	N	N	N	N	N	N	N	N	N	N	N	N	N	N	N	N	N	805533.2611	514808.9306	0.0000	535346.6602	463954.6959	0.0000	4429638.0537	5498893.3915	0.0000	4.9273	5.5782	0.0000	28.7042	29.6396	0.0000	2.7170	3.1037	0.0000	0.0000	0.0000	0.0000	0.0001	0.0001	0.0000	0.0000	0.0000	0.0000	0.0000	0.0767	-0.4459	-0.0000	9.3928	3.3326	3.6523	4.0108	1.9319	1.9319	0.0000	0.9572	0.9572	0.0000	0.9747	0.9747	0.0000	0.0000	0.0000	0.0000	0.0000	0.0000	0.0000	0.0000	0.0000	0.0000	0.3921	0.3463	0.0457	0.0333	0.0323	0.0011	0.3587	0.3140	0.0447	0.1746	0.0915	0.0831	0.0181	0.0148	0.0033	0.1565	0.0767	0.0798
69	78	0.1796	18	2	0	1	0	1	0	1	0	0	0	1	1	0	0	0	0	0	0	Y	N	N	N	N	N	N	N	N	N	N	N	N	N	N	N	N	N	0.0000	0.0000	0.0000	0.0000	0.0000	0.0000	0.0000	0.0000	0.0000	0.0000	0.0000	0.0000	0.0000	0.0000	0.0000	0.0000	0.0000	0.0000	0.0085	0.0045	0.0131	0.0526	0.0194	0.1662	0.0000	0.0000	0.0000		2.5003	0.0000	0.0000	9.3928	0.0000	3.6523	0.9988	0.0000	0.0000	0.0000	0.0000	0.0000	0.0000	0.0000	0.0000	0.0000	0.0002	0.0001	0.0001	0.0002	0.0001	0.0001	0.0000	0.0000	0.0000	0.0000	0.0000	0.0000	0.0000	0.0000	0.0000	0.0000	0.0000	0.0000	0.0247	0.0133	0.0114	0.0040	0.0031	0.0009	0.0207	0.0102	0.0105
69	79	0.1764	17	2	0	0	0	1	0	0	0	0	0	1	1	0	0	0	0	0	0	Y	N	N	N	N	N	N	N	N	N	N	N	N	N	N	N	N	N	0.0000	0.0000	0.0000	0.0000	0.0000	0.0000	0.0000	0.0000	0.0000	0.0000	0.0000	0.0000	0.0000	0.0000	0.0000	0.0000	0.0000	0.0000	0.0004	0.0008	0.0000	0.0002	0.0001	0.0007	0.0005	0.0010	0.0000		0.0456	0.0000	-0.0000	9.3928	0.0001	3.6523	1.0072	0.0000	0.0000	0.0000	0.0000	0.0000	0.0000	0.0000	0.0000	0.0000	0.0000	0.0000	0.0000	0.0000	0.0000	0.0000	0.0000	0.0000	0.0000	0.0000	0.0000	0.0000	0.0000	0.0000	0.0000	0.0000	0.0000	0.0000	0.0244	0.0131	0.0113	0.0034	0.0028	0.0006	0.0210	0.0103	0.0107
69	80	0.1667	16	2	0	0	0	1	0	0	0	0	0	1	1	0	0	0	0	0	0	Y	N	N	N	N	N	N	N	N	N	N	N	N	N	N	N	N	N	0.0571	0.0356	0.0000	0.0571	0.0727	0.0000	0.0539	0.0307	0.0000	0.0000	0.0000	0.0000	0.0000	0.0000	0.0000	0.0000	0.0000	0.0000	0.0003	0.0005	0.0000	0.0001	0.0001	0.0001	0.0003	0.0007	0.0000	0.0000	0.0210	-0.0000	-0.0000	9.3928	1.0058	3.6523	1.9973	0.0000	0.0000	0.0000	0.0000	0.0000	0.0000	0.0000	0.0000	0.0000	0.0000	0.0000	0.0000	0.0000	0.0000	0.0000	0.0000	0.0000	0.0000	0.1114	0.0980	0.0134	0.0081	0.0076	0.0004	0.1033	0.0904	0.0130	0.0720	0.0387	0.0333	0.0099	0.0081	0.0018	0.0620	0.0306	0.0314
69	81	0.1278	15	2	0	1	0	1	0	0	0	0	0	0	0	0	0	0	0	0	0	Y	N	N	N	N	N	N	N	N	N	N	N	N	N	N	N	N	N	54478.6099	12.1541	4021930.7328	47.8787	41.6307	0.0000	583128.2435	25.2213	3918738.3780	1.3553	0.0005	11.2253	0.0090	0.0094	0.0000	1.4237	0.0000	11.4417	0.0000	0.0000	0.0000	0.0002	0.0002	0.0000	0.0000	0.0000	0.0000	2851.6788	0.0557	0.7680	-0.0000	9.3928	7.0000	3.6523	2.0013	0.9989	0.0004	0.9985	0.0003	0.0003	0.0000	0.9986	0.0000	0.9985	0.0000	0.0000	0.0000	0.0000	0.0000	0.0000	0.0000	0.0000	0.0000	0.7370	0.6481	0.0890	0.0356	0.0339	0.0017	0.7014	0.6141	0.0873	0.2123	0.1125	0.0997	0.0257	0.0213	0.0044	0.1866	0.0912	0.0953
69	82	0.1277	14	2	0	1	0	2	0	1	0	0	0	0	0	0	0	0	0	0	0	Y	N	N	N	N	N	N	N	N	N	N	N	N	N	N	N	N	N	0.0495	0.0378	0.1433	0.1036	0.0962	0.6467	0.0355	0.0000	0.1321	0.0020	0.0011	0.0096	0.0057	0.0052	0.0626	0.0011	0.0000	0.0088	0.0402	0.0293	0.0670	0.0553	0.0545	0.0968	0.0311	0.0020	0.0662	1.0000	0.9286	0.0000	-0.0000	9.3928	0.0005	3.6523	0.0029	0.0000	0.0000	0.0000	0.0000	0.0000	0.0000	0.0000	0.0000	0.0000	0.0000	0.0000	0.0000	0.0000	0.0000	0.0000	0.0000	0.0000	0.0000	0.0001	0.0001	0.0000	0.0000	0.0000	0.0000	0.0001	0.0001	0.0000	0.0003	0.0002	0.0001	0.0001	0.0001	0.0000	0.0002	0.0001	0.0001
69	83	0.1667	16	2	0	0	0	1	0	0	0	0	0	1	1	0	0	0	0	0	0	Y	N	N	N	N	N	N	N	N	N	N	N	N	N	N	N	N	N	0.4174	0.2644	0.0000	0.0000	0.0000	0.0000	0.9247	0.5728	0.0000	0.0013	0.0015	0.0000	0.0000	0.0000	0.0000	0.0014	0.0017	0.0000	0.0032	0.0058	0.0003	0.0139	0.0172	0.0000	0.0016	0.0029	0.0003	0.0000	0.0384	-0.0002	-0.0005	9.3928	5.0069	3.6523	6.0103	0.0007	0.0007	0.0000	0.0000	0.0000	0.0000	0.0007	0.0007	0.0000	0.0008	0.0008	0.0000	0.0005	0.0005	0.0000	0.0003	0.0003	0.0000	0.5364	0.4720	0.0644	0.0369	0.0348	0.0021	0.4995	0.4372	0.0623	0.2511	0.1348	0.1163	0.0338	0.0274	0.0065	0.2173	0.1074	0.1099
69	84	0.1602	15	2	0	0	0	1	0	0	0	1	1	1	1	0	0	0	0	0	0	Y	N	N	N	N	N	N	N	N	N	N	N	N	N	N	N	N	N	64.5347	45.1962	0.0962	0.0181	0.0019	0.4156	119.2374	74.3930	0.0000	0.0018	0.0021	0.0000	0.0000	0.0000	0.0000	0.0019	0.0022	0.0000	0.0000	0.0000	0.0000	0.0001	0.0001	0.0001	0.0000	0.0000	0.0000	0.0000	0.1413	-0.0001	-0.0000	9.3928	1.9932	3.6523	0.0278	0.0004	0.0004	0.0000	0.0000	0.0000	0.0000	0.0004	0.0004	0.0000	0.0000	0.0000	0.0000	0.0000	0.0000	0.0000	0.0000	0.0000	0.0000	0.2168	0.1905	0.0263	0.0115	0.0109	0.0005	0.2053	0.1796	0.0257	0.0502	0.0271	0.0231	0.0070	0.0058	0.0013	0.0432	0.0213	0.0219
69	85	0.1501	13	2	0	1	0	1	0	0	0	0	0	0	0	0	0	0	0	0	0	Y	N	N	N	N	N	N	N	N	N	N	N	N	N	N	N	N	N	0.8212	1.0695	0.0007	0.8828	1.1172	0.0000	1.4259	6.2825	0.0010	0.0454	0.0515	0.0000	0.1620	0.1710	0.0000	0.0365	0.0416	0.0000	0.0553	0.0481	0.0648	0.1835	0.1531	0.3756	0.0256	0.0066	0.0449	0.0001	1.0058	-0.0107	-0.0037	9.3928	9.9670	3.6523	12.6920	0.0464	0.0463	0.0000	0.0118	0.0118	0.0000	0.0346	0.0346	0.0000	0.0311	0.0155	0.0156	0.0194	0.0140	0.0054	0.0117	0.0015	0.0102	1.0216	0.9000	0.1216	0.0725	0.0687	0.0038	0.9490	0.8313	0.1178	0.5636	0.3225	0.2412	0.1059	0.0914	0.0145	0.4577	0.2310	0.2267
69	86	0.1436	12	2	0	1	0	2	0	1	0	0	0	0	0	0	0	0	0	0	0	Y	N	N	N	N	N	N	N	N	N	N	N	N	N	N	N	N	N	0.9505	0.7704	0.3985	1.3742	1.4184	0.0055	0.8389	0.5887	0.6132	0.0964	0.1047	0.0131	0.2394	0.2431	0.0012	0.0594	0.0651	0.0136	0.1014	0.1359	0.0330	0.1742	0.1714	0.2161	0.0708	0.1106	0.0221	0.0126	0.1224	-0.0051	-0.0064	9.3928	1.5419	3.6523	1.3342	0.0236	0.0233	0.0003	0.0120	0.0120	0.0000	0.0115	0.0113	0.0003	0.0125	0.0112	0.0014	0.0064	0.0059	0.0005	0.0062	0.0053	0.0009	0.2447	0.2223	0.0223	0.0503	0.0495	0.0008	0.1944	0.1728	0.0216	0.1236	0.0821	0.0415	0.0366	0.0342	0.0023	0.0870	0.0479	0.0391
69	90	0.1155	8	2	0	1	0	1	0	1	0	0	0	0	0	0	0	0	0	0	0	Y	N	N	N	N	N	N	N	N	N	N	N	N	N	N	N	N	N	202.2324	646.3785	0.0194	3599.9206	4187.6207	0.2516	0.2729	1.3200	0.0100	1.4647	1.6667	0.0003	24.1661	25.3221	0.0055	0.0020	0.0023	0.0001	0.0072	0.0026	0.0129	0.0067	0.0060	0.0219	0.0073	0.0017	0.0128	0.0000	4.1116	-0.2218	0.0005	9.3928	5.9354	3.6523	8.3561	0.9613	0.9613	0.0000	0.9601	0.9601	0.0000	0.0012	0.0012	0.0000	0.0028	0.0005	0.0022	0.0003	0.0003	0.0000	0.0025	0.0003	0.0022	0.6563	0.5768	0.0796	0.0397	0.0379	0.0018	0.6166	0.5388	0.0777	0.3812	0.2095	0.1717	0.0436	0.0417	0.0018	0.3376	0.1677	0.1699
69	91	0.0986	7	2	0	0	0	1	0	0	0	0	0	0	0	0	0	0	0	0	0	Y	N	N	N	N	N	N	N	N	N	N	N	N	N	N	N	N	N	0.5486	31.2737	0.2654	164.4651	233.3797	6.8364	0.0492	2.4730	0.1986	0.1404	0.1378	0.1588	2.4012	2.4433	1.7140	0.0161	0.0013	0.1195	0.2559	0.0044	0.5982	0.0146	0.0105	0.2507	0.3276	0.0005	0.6015	0.1599	99.7147	-0.0023	0.0228	9.3928	1.5872	3.6523	4.4746	0.0248	0.0214	0.0034	0.0221	0.0212	0.0009	0.0027	0.0002	0.0025	0.0614	0.0006	0.0608	0.0008	0.0006	0.0002	0.0606	0.0000	0.0605	0.1767	0.1551	0.0215	0.0092	0.0087	0.0005	0.1675	0.1465	0.0210	0.2399	0.1383	0.1016	0.0550	0.0540	0.0009	0.1849	0.0843	0.1006
69	92	0.1733	18	2	0	0	1	1	0	0	1	0	0	1	1	0	0	0	0	0	0	Y	N	N	N	N	N	N	N	N	N	N	N	N	N	N	N	N	N	75.0550	55.5078	91.3830	808.1352	686.6861	0.0000	6.5242	0.1501	90.1514	0.0837	0.0878	0.0542	0.8844	0.9363	0.0000	0.0073	0.0002	0.0564	0.0011	0.0016	0.0006	0.0011	0.0014	0.0000	0.0011	0.0016	0.0006	0.0837	0.3334	-0.0014	-0.0000	9.3928	1.0091	3.6523	1.9972	0.0092	0.0085	0.0007	0.0085	0.0085	0.0000	0.0007	0.0000	0.0007	0.0001	0.0001	0.0000	0.0000	0.0000	0.0000	0.0001	0.0000	0.0000	0.1098	0.0966	0.0131	0.0096	0.0090	0.0005	0.1002	0.0876	0.0126	0.0715	0.0378	0.0337	0.0091	0.0073	0.0018	0.0624	0.0305	0.0319
69	93	0.1570	17	2	0	0	0	1	0	0	0	0	1	1	1	0	0	0	0	0	0	Y	N	N	N	N	N	N	N	N	N	N	N	N	N	N	N	N	N	51449.3542	30975.9328	4.1802	848.1189	726.7552	0.0000	2450735.1743	1937317.0809	4.0993	4.7511	5.4055	0.0000	0.6599	0.6924	0.0000	5.0089	5.7292	0.0000	0.0001	0.0002	0.0000	0.0008	0.0010	0.0000	0.0000	0.0000	0.0000	0.0000	0.0058	-0.2326	-0.0000	9.3928	2.0083	3.6523	3.0031	1.0079	1.0079	0.0000	0.0083	0.0083	0.0000	0.9996	0.9996	0.0000	0.0000	0.0000	0.0000	0.0000	0.0000	0.0000	0.0000	0.0000	0.0000	0.2121	0.1865	0.0257	0.0126	0.0120	0.0006	0.1996	0.1745	0.0251	0.1177	0.0619	0.0558	0.0137	0.0112	0.0025	0.1040	0.0507	0.0532
69	94	0.1570	16	2	0	0	0	1	0	0	0	0	0	1	0	0	0	0	0	0	0	Y	N	N	N	N	N	N	N	N	N	N	N	N	N	N	N	N	N	0.0000	0.0000	0.0000	0.0000	0.0000	0.0000	0.0000	0.0000	0.0000	0.0000	0.0000	0.0000	0.0000	0.0000	0.0000	0.0000	0.0000	0.0000	1.9922	1.4975	2.9751	3.1403	3.2458	0.0128	1.4588	0.0000	3.0695		0.9999	0.0000	-0.0000	9.3928	0.0000	3.6523	0.0002	0.0000	0.0000	0.0000	0.0000	0.0000	0.0000	0.0000	0.0000	0.0000	0.0000	0.0000	0.0000	0.0000	0.0000	0.0000	0.0000	0.0000	0.0000	0.0000	0.0000	0.0000	0.0000	0.0000	0.0000	0.0000	0.0000	0.0000	0.0000	0.0000	0.0000	0.0000	0.0000	0.0000	0.0000	0.0000	0.0000
69	95	0.1538	15	2	0	0	0	1	0	0	0	0	0	1	0	0	0	0	0	0	0	Y	N	N	N	N	N	N	N	N	N	N	N	N	N	N	N	N	N	0.0000	0.0000	0.0000	0.0000	0.0000	0.0000	0.0000	0.0000	0.0000	0.0000	0.0000	0.0000	0.0000	0.0000	0.0000	0.0000	0.0000	0.0000	0.0004	0.0000	0.0009	0.0000	0.0000	0.0000	0.0005	0.0000	0.0010		3929.4699	0.0000	0.0000	9.3928	1.0000	3.6523	0.0001	0.0000	0.0000	0.0000	0.0000	0.0000	0.0000	0.0000	0.0000	0.0000	0.0000	0.0000	0.0000	0.0000	0.0000	0.0000	0.0000	0.0000	0.0000	0.1069	0.0939	0.0130	0.0061	0.0058	0.0003	0.1008	0.0881	0.0127	0.0240	0.0126	0.0114	0.0028	0.0023	0.0005	0.0212	0.0103	0.0109
69	96	0.1538	14	2	0	0	0	1	0	0	0	1	0	1	0	0	0	0	0	0	0	Y	N	N	N	N	N	N	N	N	N	N	N	N	N	N	N	N	N	0.0000	0.0000	0.0000	0.0000	0.0000	0.0000	0.0000	0.0000	0.0000	0.0000	0.0000	0.0000	0.0000	0.0000	0.0000	0.0000	0.0000	0.0000	0.0000	0.0000	0.0000	0.0000	0.0000	0.0000	0.0000	0.0000	0.0000			0.0000	0.0000	9.3928	0.0000	3.6523	0.0001	0.0000	0.0000	0.0000	0.0000	0.0000	0.0000	0.0000	0.0000	0.0000	0.0000	0.0000	0.0000	0.0000	0.0000	0.0000	0.0000	0.0000	0.0000	0.0000	0.0000	0.0000	0.0000	0.0000	0.0000	0.0000	0.0000	0.0000	0.0000	0.0000	0.0000	0.0000	0.0000	0.0000	0.0000	0.0000	0.0000
69	97	0.1505	13	2	0	0	0	1	0	0	0	0	0	0	0	0	0	0	0	0	0	Y	N	N	N	N	N	N	N	N	N	N	N	N	N	N	N	N	N	inf	0.0000	inf	inf	0.0000	inf	0.0000	0.0000	0.0000	0.0000	0.0000	0.0000	0.0000	0.0000	0.0002	0.0000	0.0000	0.0000	0.0000	0.0000	0.0000	0.0000	0.0000	0.0000	0.0000	0.0000	0.0000	inf		0.0000	0.0000	9.3928	0.9999	3.6523	0.0008	0.0000	0.0000	0.0000	0.0000	0.0000	0.0000	0.0000	0.0000	0.0000	0.0000	0.0000	0.0000	0.0000	0.0000	0.0000	0.0000	0.0000	0.0000	0.1090	0.0958	0.0132	0.0058	0.0055	0.0003	0.1033	0.0903	0.0130	0.0243	0.0129	0.0114	0.0028	0.0023	0.0005	0.0215	0.0106	0.0109
69	99	0.1246	13	2	0	1	0	2	0	1	0	0	0	0	0	0	0	0	0	0	0	Y	N	N	N	N	N	N	N	N	N	N	N	N	N	N	N	N	N	0.0026	0.0016	0.0000	0.0055	0.0048	0.0000	0.0000	0.0000	0.0000	0.0000	0.0000	0.0000	0.0008	0.0008	0.0000	0.0000	0.0000	0.0000	0.0142	0.0267	0.0004	0.1366	0.1665	0.0030	0.0002	0.0002	0.0003	0.0000	0.0130	-0.0000	-0.0031	9.3928	5.0000	3.6523	11.0015	0.0000	0.0000	0.0000	0.0000	0.0000	0.0000	0.0000	0.0000	0.0000	0.0051	0.0051	0.0001	0.0051	0.0050	0.0000	0.0001	0.0000	0.0000	0.5309	0.4667	0.0643	0.0256	0.0244	0.0012	0.5053	0.4423	0.0631	0.3599	0.1895	0.1704	0.0370	0.0302	0.0068	0.3230	0.1593	0.1636
69	100	0.0929	7	2	0	1	0	1	0	0	0	0	0	0	0	0	0	0	0	0	0	Y	N	N	N	N	N	N	N	N	N	N	N	N	N	N	N	N	N	0.0000	0.0000	0.0000	0.0000	0.0000	0.0000	0.0000	0.0000	0.0000	0.0000	0.0000	0.0000	0.0000	0.0000	0.0000	0.0000	0.0000	0.0000	0.0286	0.0463	0.0067	0.2288	0.2414	0.0029	0.0043	0.0020	0.0067	0.0000	0.1159	-0.0000	-0.0023	9.3928	2.0003	3.6523	3.6794	0.0000	0.0000	0.0000	0.0000	0.0000	0.0000	0.0000	0.0000	0.0000	0.0044	0.0039	0.0005	0.0038	0.0038	0.0000	0.0006	0.0001	0.0005	0.2216	0.1948	0.0267	0.0126	0.0121	0.0006	0.2089	0.1828	0.0262	0.1536	0.0851	0.0686	0.0166	0.0158	0.0009	0.1370	0.0693	0.0677
69	101	0.0822	6	2	0	1	0	2	0	1	0	0	0	0	0	0	0	0	0	0	0	Y	N	N	N	N	N	N	N	N	N	N	N	N	N	N	N	N	N	0.0022	0.1911	0.0000	0.0040	0.0096	0.0000	0.0030	0.4187	0.0000	0.0017	0.0019	0.0000	0.0002	0.0002	0.0000	0.0027	0.0032	0.0000	0.7890	0.0100	1.6333	0.0449	0.0190	1.0564	0.8807	0.0077	1.6366	0.0000	150.9091	-0.0000	0.0282	9.3928	0.0087	3.6523	3.3708	0.0000	0.0000	0.0000	0.0000	0.0000	0.0000	0.0000	0.0000	0.0000	0.0753	0.0005	0.0748	0.0005	0.0002	0.0003	0.0748	0.0003	0.0745	0.0034	0.0030	0.0004	0.0013	0.0013	0.0000	0.0021	0.0017	0.0004	0.0954	0.0496	0.0458	0.0105	0.0102	0.0003	0.0849	0.0394	0.0455
69	106	0.1602	15	2	0	1	0	1	0	1	0	0	0	0	0	0	0	0	0	0	0	Y	N	N	N	N	N	N	N	N	N	N	N	N	N	N	N	N	N	2.3222	1.8834	0.0000	45.1704	38.7718	0.0000	0.0000	0.0000	0.0000	0.0010	0.0011	0.0000	0.0188	0.0197	0.0000	0.0000	0.0000	0.0000	0.0004	0.0006	0.0002	0.0004	0.0005	0.0000	0.0004	0.0006	0.0002	0.0000	0.3319	-0.0001	-0.0000	9.3928	3.0043	3.6523	5.0032	0.0003	0.0003	0.0000	0.0003	0.0003	0.0000	0.0000	0.0000	0.0000	0.0001	0.0001	0.0000	0.0000	0.0000	0.0000	0.0001	0.0001	0.0000	0.3245	0.2852	0.0393	0.0171	0.0163	0.0008	0.3074	0.2689	0.0385	0.1894	0.1014	0.0880	0.0253	0.0205	0.0048	0.1642	0.0809	0.0833
69	107	0.1537	14	2	0	0	0	1	0	0	0	0	0	0	0	0	0	0	0	0	0	Y	N	N	N	N	N	N	N	N	N	N	N	N	N	N	N	N	N	0.0045	0.0027	0.0000	0.0006	0.0005	0.0000	0.0101	0.0057	0.0000	0.0000	0.0000	0.0000	0.0000	0.0000	0.0000	0.0000	0.0000	0.0000	0.0010	0.0019	0.0000	0.0053	0.0065	0.0000	0.0005	0.0010	0.0000	0.0000	0.0016	-0.0000	-0.0000	9.3928	1.0015	3.6523	0.9989	0.0000	0.0000	0.0000	0.0000	0.0000	0.0000	0.0000	0.0000	0.0000	0.0000	0.0000	0.0000	0.0000	0.0000	0.0000	0.0000	0.0000	0.0000	0.1092	0.0960	0.0133	0.0058	0.0055	0.0003	0.1034	0.0905	0.0130	0.0484	0.0257	0.0227	0.0056	0.0046	0.0010	0.0428	0.0211	0.0217
69	108	0.1505	13	2	0	0	0	1	0	0	0	0	0	0	0	0	0	0	0	0	0	Y	N	N	N	N	N	N	N	N	N	N	N	N	N	N	N	N	N	160.3948	1073.0826	0.0000	859.8946	3361.7469	0.0000	0.0000	0.0000	0.0000	0.0008	0.0009	0.0000	0.0156	0.0164	0.0000	0.0000	0.0000	0.0000	0.0000	0.0000	0.0000	0.0000	0.0000	0.0001	0.0000	0.0000	0.0000	0.0000	10.1068	-0.0000	0.0000	9.3928	1.0004	3.6523	0.0020	0.0001	0.0001	0.0000	0.0001	0.0001	0.0000	0.0000	0.0000	0.0000	0.0000	0.0000	0.0000	0.0000	0.0000	0.0000	0.0000	0.0000	0.0000	0.1091	0.0958	0.0132	0.0058	0.0055	0.0003	0.1033	0.0904	0.0130	0.0244	0.0129	0.0115	0.0028	0.0023	0.0005	0.0215	0.0106	0.0110
69	109	0.1246	12	2	0	0	0	2	0	0	0	0	0	0	0	0	0	0	0	0	0	Y	N	N	N	N	N	N	N	N	N	N	N	N	N	N	N	N	N	2.7694	15.9546	0.0000	43.0584	49.6291	0.0000	0.0001	0.0500	0.0000	0.0001	0.0001	0.0000	0.0019	0.0020	0.0000	0.0000	0.0000	0.0000	0.0000	0.0000	0.0001	0.0000	0.0000	0.0001	0.0000	0.0000	0.0001	0.0000	8.6214	-0.0000	0.0000	9.3928	3.0035	3.6523	5.0043	0.0000	0.0000	0.0000	0.0000	0.0000	0.0000	0.0000	0.0000	0.0000	0.0000	0.0000	0.0000	0.0000	0.0000	0.0000	0.0000	0.0000	0.0000	0.3228	0.2836	0.0392	0.0155	0.0148	0.0007	0.3073	0.2688	0.0385	0.1879	0.0988	0.0891	0.0194	0.0159	0.0035	0.1685	0.0830	0.0855
69	110	0.1211	8	2	0	1	0	1	0	0	0	0	0	0	0	0	0	0	0	0	0	Y	N	N	N	N	N	N	N	N	N	N	N	N	N	N	N	N	N	131.8226	81.0693	85.9636	1840.3783	1764.6365	3722.0416	68.5591	39.3801	14.2920	2.6808	3.0434	0.0514	29.0899	30.5423	2.2405	1.4259	1.6275	0.0085	0.0203	0.0375	0.0006	0.0158	0.0173	0.0006	0.0208	0.0413	0.0006	0.0023	0.0139	-0.4518	-0.0036	9.3928	7.0195	3.6523	5.1243	1.9777	1.9731	0.0046	0.9735	0.9696	0.0038	1.0042	1.0035	0.0007	0.0060	0.0059	0.0001	0.0004	0.0004	0.0000	0.0056	0.0055	0.0001	0.7377	0.6483	0.0894	0.0335	0.0317	0.0017	0.7043	0.6166	0.0877	0.2951	0.1577	0.1374	0.0273	0.0249	0.0025	0.2678	0.1328	0.1350
69	111	0.0986	7	2	0	1	0	1	0	1	0	0	0	0	0	0	0	0	0	0	0	Y	N	N	N	N	N	N	N	N	N	N	N	N	N	N	N	N	N	62.5806	42.0491	36.5581	7.3262	7.3478	954.9624	2108.9724	7416.2283	27.3430	4.5212	5.1319	0.1248	2.1565	2.1977	1.4689	4.6422	5.2939	0.0938	0.0722	0.1220	0.0034	0.2944	0.2991	0.0015	0.0022	0.0007	0.0034	0.0034	0.0202	-0.2305	-0.0098	9.3928	2.0281	3.6523	3.4706	1.0134	1.0100	0.0034	0.0235	0.0226	0.0009	0.9899	0.9873	0.0025	0.0164	0.0161	0.0003	0.0160	0.0160	0.0000	0.0004	0.0001	0.0003	0.2241	0.1968	0.0273	0.0109	0.0103	0.0006	0.2132	0.1865	0.0267	0.2272	0.1318	0.0954	0.0545	0.0536	0.0009	0.1727	0.0782	0.0945
69	112	0.0852	6	2	0	0	0	2	0	0	0	0	0	0	0	0	0	0	0	0	0	Y	N	N	N	N	N	N	N	N	N	N	N	N	N	N	N	N	N	26.8402	0.8225	176.4807	6.9592	7.2929	0.0009	41.0363	94.5023	178.7833	3.0187	0.0783	24.1654	1.5858	1.6785	0.0001	3.0749	0.0105	24.5854	0.1125	0.0952	0.1369	0.2279	0.2302	0.0673	0.0749	0.0001	0.1375	42.9305	1.0179	0.7599	-0.0029	9.3928	3.0209	3.6523	2.2550	1.0180	0.0232	0.9948	0.0202	0.0202	0.0000	0.9978	0.0030	0.9948	0.0255	0.0126	0.0129	0.0127	0.0126	0.0001	0.0128	0.0000	0.0128	0.3372	0.2960	0.0412	0.0127	0.0120	0.0007	0.3245	0.2840	0.0405	0.2267	0.1328	0.0939	0.0557	0.0549	0.0008	0.1711	0.0779	0.0932
69	126	0.1576	19	2	0	1	0	1	0	0	0	0	0	0	0	0	0	0	0	0	0	Y	N	N	N	N	N	N	N	N	N	N	N	N	N	N	N	N	N	0.0000	0.0000	0.0000	0.0000	0.0000	0.0000	0.0000	0.0000	0.0000	0.0000	0.0000	0.0000	0.0000	0.0000	0.0000	0.0000	0.0000	0.0000	0.0004	0.0003	0.0006	0.0000	0.0000	0.0000	0.0005	0.0003	0.0006		1.9974	0.0000	0.0000	9.3928	1.0002	3.6523	2.0058	0.0000	0.0000	0.0000	0.0000	0.0000	0.0000	0.0000	0.0000	0.0000	0.0000	0.0000	0.0000	0.0000	0.0000	0.0000	0.0000	0.0000	0.0000	0.1070	0.0940	0.0130	0.0062	0.0059	0.0003	0.1008	0.0881	0.0127	0.0710	0.0377	0.0333	0.0102	0.0084	0.0017	0.0608	0.0293	0.0315
69	133	0.1779	16	2	0	1	0	1	0	0	0	0	0	1	0	0	0	0	0	0	0	Y	N	N	N	N	N	N	N	N	N	N	N	N	N	N	N	N	N	0.0000	0.0000	0.0000	0.0000	0.0000	0.0000	0.0000	0.0000	0.0000	0.0000	0.0000	0.0000	0.0000	0.0000	0.0000	0.0000	0.0000	0.0000	0.0029	0.0045	0.0000	0.0073	0.0075	0.0000	0.0000	0.0000	0.0000		0.0000	0.0000	-0.0000	9.3928	0.0000	3.6523	0.0001	0.0000	0.0000	0.0000	0.0000	0.0000	0.0000	0.0000	0.0000	0.0000	0.0000	0.0000	0.0000	0.0000	0.0000	0.0000	0.0000	0.0000	0.0000	0.0000	0.0000	0.0000	0.0000	0.0000	0.0000	0.0000	0.0000	0.0000	0.0000	0.0000	0.0000	0.0000	0.0000	0.0000	0.0000	0.0000	0.0000
69	134	0.1379	15	2	0	1	0	2	0	1	0	1	0	1	0	0	0	0	0	0	0	Y	N	N	N	N	N	N	N	N	N	N	N	N	N	N	N	N	N	913.7198	0.1108	17962.1819	0.4861	0.4355	0.0000	4246.2746	0.0000	17546.5157	2.3284	0.0004	19.2249	0.0073	0.0077	0.0000	2.4538	0.0000	19.6279	0.0025	0.0038	0.0011	0.0150	0.0176	0.0000	0.0006	0.0000	0.0011	6228.5262	0.2435	0.7685	-0.0003	9.3928	4.0005	3.6523	6.9251	0.9993	0.0002	0.9992	0.0002	0.0002	0.0000	0.9992	0.0000	0.9992	0.0007	0.0005	0.0001	0.0005	0.0005	0.0000	0.0001	0.0000	0.0001	0.4292	0.3772	0.0520	0.0220	0.0209	0.0011	0.4072	0.3563	0.0509	0.2630	0.1404	0.1226	0.0359	0.0306	0.0053	0.2271	0.1098	0.1173
69	135	0.1705	20	2	0	1	0	1	0	0	0	0	0	1	0	0	0	0	0	0	0	Y	N	N	N	N	N	N	N	N	N	N	N	N	N	N	N	N	N	0.0738	0.0773	0.0000	0.2852	0.2527	0.0000	0.0000	0.0000	0.0000	0.0000	0.0000	0.0000	0.0000	0.0000	0.0000	0.0000	0.0000	0.0000	0.0000	0.0000	0.0000	0.0000	0.0000	0.0000	0.0000	0.0000	0.0000	0.0000	0.7089	-0.0000	-0.0000	9.3928	0.9923	3.6523	0.0060	0.0000	0.0000	0.0000	0.0000	0.0000	0.0000	0.0000	0.0000	0.0000	0.0000	0.0000	0.0000	0.0000	0.0000	0.0000	0.0000	0.0000	0.0000	0.1076	0.0945	0.0130	0.0076	0.0073	0.0004	0.0999	0.0873	0.0126	0.0229	0.0123	0.0106	0.0037	0.0031	0.0006	0.0192	0.0093	0.0100
69	136	0.1576	19	2	0	1	0	1	0	0	0	1	0	1	0	0	0	0	0	0	0	Y	N	N	N	N	N	N	N	N	N	N	N	N	N	N	N	N	N	0.0004	0.0005	0.0000	0.0000	0.0000	0.0000	0.0008	inf	0.0000	0.0000	0.0000	0.0000	0.0000	0.0000	0.0000	0.0000	0.0000	0.0000	0.0004	0.0004	0.0005	0.0015	0.0018	0.0000	0.0002	0.0000	0.0005	0.0000	0.9992	-0.0000	-0.0000	9.3928	2.0106	3.6523	2.0023	0.0000	0.0000	0.0000	0.0000	0.0000	0.0000	0.0000	0.0000	0.0000	0.0000	0.0000	0.0000	0.0000	0.0000	0.0000	0.0000	0.0000	0.0000	0.2130	0.1871	0.0259	0.0123	0.0117	0.0006	0.2007	0.1754	0.0253	0.0937	0.0498	0.0439	0.0133	0.0110	0.0023	0.0804	0.0387	0.0416
69	137	0.1544	18	2	0	1	0	2	0	0	0	0	0	0	0	0	0	0	0	0	0	Y	N	N	N	N	N	N	N	N	N	N	N	N	N	N	N	N	N	0.0000	0.0000	0.0000	0.0000	0.0000	0.0000	0.0000	0.0000	0.0000	0.0000	0.0000	0.0000	0.0000	0.0000	0.0000	0.0000	0.0000	0.0000	0.0000	0.0000	0.0000	0.0000	0.0000	0.0000	0.0000	0.0000	0.0000		0.7540	0.0000	-0.0000	9.3928	0.0008	3.6523	1.0019	0.0000	0.0000	0.0000	0.0000	0.0000	0.0000	0.0000	0.0000	0.0000	0.0000	0.0000	0.0000	0.0000	0.0000	0.0000	0.0000	0.0000	0.0000	0.0001	0.0001	0.0000	0.0000	0.0000	0.0000	0.0001	0.0001	0.0000	0.0237	0.0125	0.0112	0.0033	0.0027	0.0006	0.0205	0.0099	0.0106
73	77	0.0977	11	2	0	1	0	1	0	1	0	0	0	1	0	0	0	0	0	0	0	Y	N	N	N	N	N	N	N	N	N	N	N	N	N	N	N	N	N	0.0000	0.0000	0.0000	0.0000	0.0000	0.0000	0.0000	0.0000	0.0000	0.0000	0.0000	0.0000	0.0000	0.0000	0.0000	0.0000	0.0000	0.0000	0.0000	0.0000	0.0000	0.0000	0.0000	0.0000	0.0000	0.0000	0.0000			0.0000	0.0000	3.9579	3.3326	0.9988	4.0108	0.0000	0.0000	0.0000	0.0000	0.0000	0.0000	0.0000	0.0000	0.0000	0.0000	0.0000	0.0000	0.0000	0.0000	0.0000	0.0000	0.0000	0.0000	0.2396	0.2146	0.0251	0.0494	0.0485	0.0009	0.1902	0.1661	0.0241	0.0711	0.0378	0.0334	0.0045	0.0043	0.0002	0.0666	0.0334	0.0332
73	79	0.0824	10	2	0	1	0	0	0	1	0	0	0	2	1	0	0	0	0	0	0	Y	N	N	N	Y	N	N	N	N	N	N	N	N	N	N	N	N	N	0.0000	0.0000	0.0000	0.0000	0.0000	0.0000	0.0000	0.0000	0.0000	0.0000	0.0000	0.0000	0.0000	0.0000	0.0000	0.0000	0.0000	0.0000	0.0000	0.0000	0.0000	0.0000	0.0000	0.0000	0.0000	0.0000	0.0000			0.0000	0.0000	3.9579	0.0001	0.9988	1.0072	0.0000	0.0000	0.0000	0.0000	0.0000	0.0000	0.0000	0.0000	0.0000	0.0000	0.0000	0.0000	0.0000	0.0000	0.0000	0.0000	0.0000	0.0000	0.0000	0.0000	0.0000	0.0000	0.0000	0.0000	0.0000	0.0000	0.0000	0.0103	0.0054	0.0049	0.0008	0.0007	0.0001	0.0095	0.0047	0.0049
73	80	0.0727	9	2	0	1	0	0	0	1	0	0	0	2	1	0	0	0	0	0	0	Y	N	N	N	Y	N	N	N	N	N	N	N	N	N	N	N	N	N	0.0000	0.0000	0.0000	0.0000	0.0000	0.0000	0.0000	0.0000	0.0000	0.0000	0.0000	0.0000	0.0000	0.0000	0.0000	0.0000	0.0000	0.0000	0.0000	0.0000	0.0000	0.0000	0.0000	0.0002	0.0000	0.0000	0.0000		inf	0.0000	0.0000	3.9579	1.0058	0.9988	1.9973	0.0000	0.0000	0.0000	0.0000	0.0000	0.0000	0.0000	0.0000	0.0000	0.0000	0.0000	0.0000	0.0000	0.0000	0.0000	0.0000	0.0000	0.0000	0.0700	0.0626	0.0074	0.0134	0.0132	0.0002	0.0566	0.0495	0.0072	0.0304	0.0158	0.0146	0.0021	0.0020	0.0002	0.0283	0.0139	0.0144
73	83	0.0727	9	2	0	1	0	0	0	1	0	0	0	2	1	0	0	0	0	0	0	Y	N	N	N	Y	N	N	N	N	N	N	N	N	N	N	N	N	N	0.0000	0.0000	0.0000	0.0000	0.0000	0.0000	0.0000	0.0000	0.0000	0.0000	0.0000	0.0000	0.0000	0.0000	0.0000	0.0000	0.0000	0.0000	0.0002	0.0004	0.0000	0.0029	0.0031	0.0000	0.0000	0.0000	0.0000		0.0000	0.0000	-0.0000	3.9579	5.0069	0.9988	6.0103	0.0000	0.0000	0.0000	0.0000	0.0000	0.0000	0.0000	0.0000	0.0000	0.0000	0.0000	0.0000	0.0000	0.0000	0.0000	0.0000	0.0000	0.0000	0.3379	0.3024	0.0355	0.0638	0.0628	0.0010	0.2741	0.2397	0.0345	0.1059	0.0551	0.0508	0.0070	0.0064	0.0006	0.0989	0.0487	0.0502
73	84	0.0662	8	2	0	1	0	0	0	1	0	1	1	2	1	0	0	0	0	0	0	Y	N	N	N	Y	N	N	N	N	N	N	N	N	N	N	N	N	N	7976.9672	214.6315	inf	169.2057	140.8481	inf	inf	inf	inf	0.0110	0.0006	0.0993	0.0031	0.0028	0.0314	0.0127	0.0000	0.1008	0.0000	0.0000	0.0000	0.0000	0.0000	0.0000	0.0000	0.0000	0.0000	21.3423	0.0281	0.0011	-0.0000	3.9579	1.9932	0.9988	0.0278	0.0015	0.0001	0.0014	0.0001	0.0001	0.0000	0.0014	0.0000	0.0014	0.0000	0.0000	0.0000	0.0000	0.0000	0.0000	0.0000	0.0000	0.0000	0.1369	0.1224	0.0145	0.0247	0.0244	0.0003	0.1122	0.0981	0.0142	0.0212	0.0111	0.0101	0.0016	0.0014	0.0001	0.0196	0.0096	0.0100
73	91	0.1354	14	2	0	1	0	0	0	1	0	0	0	1	0	0	0	0	0	0	0	Y	N	N	N	N	N	N	N	N	N	N	N	N	N	N	N	N	N	6.5364	10.8827	0.0000	4830.1775	4855.3654	0.0000	4.5310	6.3017	0.0000	0.0316	0.0353	0.0000	0.0409	0.0417	0.0000	0.0291	0.0334	0.0000	0.0048	0.0032	0.0073	0.0000	0.0000	0.0000	0.0064	0.0053	0.0075	0.0000	1.4691	-0.0008	-0.0000	3.9579	1.5872	0.9988	4.4746	0.0034	0.0034	0.0000	0.0009	0.0009	0.0000	0.0025	0.0025	0.0000	0.0004	0.0002	0.0002	0.0000	0.0000	0.0000	0.0004	0.0002	0.0002	0.1089	0.0975	0.0114	0.0227	0.0223	0.0004	0.0862	0.0752	0.0110	0.0868	0.0524	0.0344	0.0216	0.0204	0.0012	0.0653	0.0321	0.0332
73	92	0.0728	7	2	0	1	1	0	0	1	1	0	0	2	1	0	0	0	0	0	0	Y	N	N	N	Y	N	N	N	N	N	N	N	N	N	N	N	N	N	inf	inf	0.0000	0.0000	0.0000	0.0000	inf	inf	0.0000	0.0001	0.0002	0.0000	0.0000	0.0000	0.0000	0.0002	0.0002	0.0000	0.0000	0.0000	0.0000	0.0000	0.0000	0.0000	0.0000	0.0000	0.0000	0.0000		-0.0000	0.0000	3.9579	1.0091	0.9988	1.9972	0.0000	0.0000	0.0000	0.0000	0.0000	0.0000	0.0000	0.0000	0.0000	0.0000	0.0000	0.0000	0.0000	0.0000	0.0000	0.0000	0.0000	0.0000	0.0696	0.0623	0.0073	0.0129	0.0128	0.0002	0.0567	0.0495	0.0072	0.0306	0.0158	0.0148	0.0019	0.0018	0.0002	0.0287	0.0140	0.0147
73	93	0.0565	6	2	0	1	0	0	0	1	0	0	1	2	1	0	0	0	0	0	0	Y	N	N	N	Y	N	N	N	N	N	N	N	N	N	N	N	N	N	inf	inf	0.0000	0.0000	0.0000	0.0000	inf	inf	0.0000	7.3143	8.1835	0.0000	0.0000	0.0000	0.0000	8.8855	10.1729	0.0000	0.0000	0.0000	0.0000	0.0000	0.0000	0.0000	0.0000	0.0000	0.0000	0.0000		-0.2307	0.0000	3.9579	2.0083	0.9988	3.0031	0.9998	0.9998	0.0000	0.0000	0.0000	0.0000	0.9998	0.9998	0.0000	0.0000	0.0000	0.0000	0.0000	0.0000	0.0000	0.0000	0.0000	0.0000	0.1367	0.1222	0.0145	0.0242	0.0239	0.0003	0.1125	0.0983	0.0142	0.0504	0.0257	0.0247	0.0023	0.0022	0.0000	0.0481	0.0235	0.0247
73	94	0.0565	5	2	0	1	0	0	0	1	0	0	0	2	0	0	0	0	0	0	0	Y	N	N	N	Y	N	N	N	N	N	N	N	N	N	N	N	N	N	0.0000	0.0000	0.0000	0.0000	0.0000	0.0000	0.0000	0.0000	0.0000	0.0000	0.0000	0.0000	0.0000	0.0000	0.0000	0.0000	0.0000	0.0000	0.0000	0.0000	0.0000	0.0000	0.0000	0.0000	0.0000	0.0000	0.0000			0.0000	0.0000	3.9579	0.0000	0.9988	0.0002	0.0000	0.0000	0.0000	0.0000	0.0000	0.0000	0.0000	0.0000	0.0000	0.0000	0.0000	0.0000	0.0000	0.0000	0.0000	0.0000	0.0000	0.0000	0.0000	0.0000	0.0000	0.0000	0.0000	0.0000	0.0000	0.0000	0.0000	0.0000	0.0000	0.0000	0.0000	0.0000	0.0000	0.0000	0.0000	0.0000
73	95	0.0533	4	2	0	1	0	0	0	1	0	0	0	2	0	0	0	0	0	0	0	Y	N	N	N	Y	N	N	N	N	N	N	N	N	N	N	N	N	N	0.0000	0.0000	0.0000	0.0000	0.0000	0.0000	0.0000	0.0000	0.0000	0.0000	0.0000	0.0000	0.0000	0.0000	0.0000	0.0000	0.0000	0.0000	0.0000	0.0000	0.0000	0.0000	0.0000	0.0000	0.0000	0.0000	0.0000			0.0000	0.0000	3.9579	1.0000	0.9988	0.0001	0.0000	0.0000	0.0000	0.0000	0.0000	0.0000	0.0000	0.0000	0.0000	0.0000	0.0000	0.0000	0.0000	0.0000	0.0000	0.0000	0.0000	0.0000	0.0688	0.0615	0.0073	0.0120	0.0119	0.0001	0.0568	0.0496	0.0072	0.0103	0.0052	0.0050	0.0005	0.0005	0.0000	0.0098	0.0048	0.0050
73	107	0.0598	7	2	0	1	0	0	0	1	0	0	0	1	0	0	0	0	0	0	0	Y	N	N	N	N	N	N	N	N	N	N	N	N	N	N	N	N	N	inf	inf	inf	inf	inf	0.0000	inf	inf	inf	14.4602	0.0013	136.2850	0.0016	0.0016	0.0000	17.5990	0.0012	139.0234	0.0000	0.0000	0.0000	0.0000	0.0000	0.0000	0.0000	0.0000	0.0000	12871.9230		0.7678	-0.0000	3.9579	1.0015	0.9988	0.9989	0.9983	0.0001	0.9982	0.0000	0.0000	0.0000	0.9983	0.0001	0.9982	0.0000	0.0000	0.0000	0.0000	0.0000	0.0000	0.0000	0.0000	0.0000	0.0690	0.0617	0.0073	0.0123	0.0122	0.0001	0.0567	0.0495	0.0072	0.0204	0.0104	0.0100	0.0009	0.0009	0.0000	0.0195	0.0095	0.0099
73	108	0.0566	6	2	0	1	0	0	0	1	0	0	0	1	0	0	0	0	0	0	0	Y	N	N	N	N	N	N	N	N	N	N	N	N	N	N	N	N	N	inf	inf	inf	inf	inf	0.0000	inf	0.0000	inf	0.0022	0.0013	0.0096	0.0065	0.0066	0.0000	0.0012	0.0000	0.0098	0.0000	0.0000	0.0000	0.0000	0.0000	0.0000	0.0000	0.0000	0.0000	0.8750		0.0000	0.0000	3.9579	1.0004	0.9988	0.0020	0.0001	0.0001	0.0001	0.0001	0.0001	0.0000	0.0001	0.0000	0.0001	0.0000	0.0000	0.0000	0.0000	0.0000	0.0000	0.0000	0.0000	0.0000	0.0688	0.0615	0.0073	0.0122	0.0121	0.0001	0.0566	0.0494	0.0072	0.0103	0.0052	0.0050	0.0005	0.0005	0.0000	0.0098	0.0048	0.0050
73	112	0.1219	13	2	0	1	0	1	0	1	0	0	0	1	0	0	0	0	0	0	0	Y	N	N	N	N	N	N	N	N	N	N	N	N	N	N	N	N	N	60382554.0092	47196793.2325	0.0000	454.3300	439.4816	0.0000	inf	inf	0.0000	4.7903	5.3509	0.0000	0.0001	0.0001	0.0000	5.9716	6.8373	0.0000	0.0000	0.0000	0.0000	0.0000	0.0000	0.0000	0.0000	0.0000	0.0000	0.0000	0.1403	-0.2299	-0.0000	3.9579	3.0209	0.9988	2.2550	0.9961	0.9961	0.0000	0.0000	0.0000	0.0000	0.9961	0.9961	0.0000	0.0000	0.0000	0.0000	0.0000	0.0000	0.0000	0.0000	0.0000	0.0000	0.2079	0.1862	0.0218	0.0411	0.0405	0.0007	0.1668	0.1457	0.0211	0.0819	0.0503	0.0317	0.0215	0.0204	0.0010	0.0605	0.0298	0.0306
74	77	0.0627	10	2	0	0	0	1	0	0	0	0	0	1	0	0	0	0	0	0	0	Y	N	N	N	N	N	N	N	N	N	N	N	N	N	N	N	N	N	1744.6620	2679.3874	27.7208	0.0000	0.0000	0.0000	1819.2672	2807.6040	27.8123	3.2023	3.6397	0.0639	0.0000	0.0000	0.0000	3.3721	3.8570	0.0644	0.0018	0.0014	0.0023	0.0007	0.0008	0.0000	0.0019	0.0014	0.0023	0.0024	1.7204	-0.1167	0.0000	3.9277	3.3326	0.5227	4.0108	0.5111	0.5099	0.0012	0.0000	0.0000	0.0000	0.5111	0.5099	0.0012	0.0001	0.0000	0.0001	0.0000	0.0000	0.0000	0.0001	0.0000	0.0001	0.1596	0.1401	0.0195	0.0080	0.0079	0.0001	0.1516	0.1322	0.0194	0.0603	0.0299	0.0303	0.0009	0.0008	0.0001	0.0593	0.0291	0.0302
74	78	0.0505	10	2	0	1	0	0	0	1	0	0	0	2	1	0	0	0	0	0	0	Y	N	N	N	Y	N	N	N	N	N	N	N	N	N	N	N	N	N	0.0000	0.0000	0.0000	0.0000	0.0000	0.0000	0.0000	0.0000	0.0000	0.0000	0.0000	0.0000	0.0000	0.0000	0.0000	0.0000	0.0000	0.0000	0.0000	0.0000	0.0000	0.0002	0.0002	0.0000	0.0000	0.0000	0.0000		0.0097	0.0000	-0.0000	3.9277	0.0000	0.5227	0.9988	0.0000	0.0000	0.0000	0.0000	0.0000	0.0000	0.0000	0.0000	0.0000	0.0000	0.0000	0.0000	0.0000	0.0000	0.0000	0.0000	0.0000	0.0000	0.0000	0.0000	0.0000	0.0000	0.0000	0.0000	0.0000	0.0000	0.0000	0.0088	0.0044	0.0044	0.0003	0.0003	0.0000	0.0085	0.0041	0.0044
74	79	0.0473	9	2	0	0	0	0	0	0	0	0	0	2	1	0	0	0	0	0	0	Y	N	N	N	Y	N	N	N	N	N	N	N	N	N	N	N	N	N	0.0000	0.0000	0.0000	0.0000	0.0000	0.0000	0.0000	0.0000	0.0000	0.0000	0.0000	0.0000	0.0000	0.0000	0.0000	0.0000	0.0000	0.0000	0.0000	0.0000	0.0000	0.0000	0.0000	0.0000	0.0000	0.0000	0.0000		4.8068	0.0000	0.0000	3.9277	0.0001	0.5227	1.0072	0.0000	0.0000	0.0000	0.0000	0.0000	0.0000	0.0000	0.0000	0.0000	0.0000	0.0000	0.0000	0.0000	0.0000	0.0000	0.0000	0.0000	0.0000	0.0000	0.0000	0.0000	0.0000	0.0000	0.0000	0.0000	0.0000	0.0000	0.0087	0.0043	0.0044	0.0002	0.0002	0.0000	0.0085	0.0041	0.0044
74	80	0.0376	8	2	0	0	0	0	0	0	0	0	0	2	1	0	0	0	0	0	0	Y	N	N	N	Y	N	N	N	N	N	N	N	N	N	N	N	N	N	0.0000	0.0000	0.0000	0.0000	0.0000	0.0000	0.0000	0.0000	0.0000	0.0000	0.0000	0.0000	0.0000	0.0000	0.0000	0.0000	0.0000	0.0000	0.0019	0.0000	0.0038	0.0003	0.0004	0.0000	0.0020	0.0000	0.0038		242.4874	0.0000	0.0000	3.9277	1.0058	0.5227	1.9973	0.0000	0.0000	0.0000	0.0000	0.0000	0.0000	0.0000	0.0000	0.0000	0.0000	0.0000	0.0000	0.0000	0.0000	0.0000	0.0000	0.0000	0.0000	0.0463	0.0405	0.0058	0.0012	0.0011	0.0001	0.0451	0.0393	0.0057	0.0257	0.0126	0.0132	0.0006	0.0005	0.0001	0.0251	0.0121	0.0131
74	81	0.0507	9	2	0	1	0	0	0	0	0	0	0	1	0	0	0	0	0	0	0	Y	N	N	N	N	N	N	N	N	N	N	N	N	N	N	N	N	N	3017.4092	5068.7202	1.9653	12638.6443	11285.1637	inf	3003.8698	4999.3196	1.9640	1.2219	1.3969	0.0010	0.0322	0.0339	0.0001	1.2333	1.4111	0.0010	0.0004	0.0003	0.0005	0.0000	0.0000	0.0000	0.0004	0.0003	0.0005	0.0001	1.9995	-0.0865	0.0000	3.9277	7.0000	0.5227	2.0013	0.3749	0.3749	0.0000	0.0001	0.0001	0.0000	0.3748	0.3748	0.0000	0.0000	0.0000	0.0000	0.0000	0.0000	0.0000	0.0000	0.0000	0.0000	0.3068	0.2684	0.0385	0.0029	0.0028	0.0001	0.3039	0.2656	0.0383	0.0741	0.0363	0.0378	0.0010	0.0009	0.0002	0.0731	0.0354	0.0376
74	82	0.0507	8	2	0	1	0	1	0	1	0	0	0	1	0	0	0	0	0	0	0	Y	N	N	N	N	N	N	N	N	N	N	N	N	N	N	N	N	N	30012.0048	29398.3170	16233.3658	11714.7696	10715.3215	0.0000	33664.8580	inf	16222.7540	5.5744	5.9022	2.7785	16.7464	16.7777	0.0000	3.3436	3.4236	2.7867	0.0002	0.0002	0.0002	0.0014	0.0016	0.0000	0.0001	0.0000	0.0002	0.0552	0.8788	-0.0000	-0.0000	3.9277	0.0005	0.5227	0.0029	0.0002	0.0002	0.0000	0.0001	0.0001	0.0000	0.0001	0.0001	0.0000	0.0000	0.0000	0.0000	0.0000	0.0000	0.0000	0.0000	0.0000	0.0000	0.0000	0.0000	0.0000	0.0000	0.0000	0.0000	0.0000	0.0000	0.0000	0.0000	0.0000	0.0000	0.0000	0.0000	0.0000	0.0000	0.0000	0.0000
74	83	0.0376	8	2	0	0	0	0	0	0	0	0	0	2	1	0	0	0	0	0	0	Y	N	N	N	Y	N	N	N	N	N	N	N	N	N	N	N	N	N	0.0000	0.0000	0.0000	0.0000	0.0000	0.0000	0.0000	0.0000	0.0000	0.0000	0.0000	0.0000	0.0000	0.0000	0.0000	0.0000	0.0000	0.0000	0.0012	0.0012	0.0013	0.0003	0.0004	0.0000	0.0012	0.0012	0.0013		1.1871	0.0000	-0.0000	3.9277	5.0069	0.5227	6.0103	0.0000	0.0000	0.0000	0.0000	0.0000	0.0000	0.0000	0.0000	0.0000	0.0001	0.0001	0.0001	0.0000	0.0000	0.0000	0.0001	0.0000	0.0001	0.2228	0.1949	0.0279	0.0047	0.0043	0.0003	0.2181	0.1906	0.0276	0.0896	0.0436	0.0460	0.0017	0.0012	0.0004	0.0880	0.0424	0.0456
74	84	0.0312	7	2	0	0	0	0	0	0	0	1	1	2	1	0	0	0	0	0	0	Y	N	N	N	Y	N	N	N	N	N	N	N	N	N	N	N	N	N	1.5091	0.9997	0.3953	10.5412	9.2701	0.4905	0.0264	0.0000	0.3958	0.0004	0.0004	0.0000	0.0389	0.0410	0.0001	0.0000	0.0000	0.0000	0.0002	0.0004	0.0001	0.0037	0.0044	0.0001	0.0001	0.0002	0.0001	0.0106	0.1915	-0.0000	-0.0000	3.9277	1.9932	0.5227	0.0278	0.0000	0.0000	0.0000	0.0000	0.0000	0.0000	0.0000	0.0000	0.0000	0.0000	0.0000	0.0000	0.0000	0.0000	0.0000	0.0000	0.0000	0.0000	0.0902	0.0788	0.0114	0.0008	0.0008	0.0000	0.0894	0.0780	0.0114	0.0179	0.0088	0.0091	0.0005	0.0004	0.0001	0.0174	0.0084	0.0090
74	85	0.0795	9	2	0	1	0	0	0	0	0	0	0	1	0	0	0	0	0	0	0	Y	N	N	N	N	N	N	N	N	N	N	N	N	N	N	N	N	N	2485.8522	1867.9521	0.0000	2038.2580	2008.9972	0.0000	2348.8253	1632.0559	0.0000	2.1596	2.4627	0.0000	0.3126	0.3304	0.0000	2.2334	2.5549	0.0000	0.0009	0.0013	0.0003	0.0002	0.0002	0.0000	0.0010	0.0016	0.0003	0.0000	0.2161	-0.2120	-0.0001	3.9277	9.9670	0.5227	12.6920	0.9186	0.9186	0.0000	0.0051	0.0051	0.0000	0.9135	0.9135	0.0000	0.0002	0.0001	0.0000	0.0000	0.0000	0.0000	0.0002	0.0001	0.0000	0.4254	0.3730	0.0523	0.0163	0.0155	0.0009	0.4090	0.3575	0.0515	0.1952	0.1057	0.0894	0.0201	0.0186	0.0014	0.1751	0.0871	0.0880
74	86	0.0730	8	2	0	1	0	1	0	1	0	0	0	1	0	0	0	0	0	0	0	Y	N	N	N	N	N	N	N	N	N	N	N	N	N	N	N	N	N	3139.2294	2750.3237	209.3451	771.8213	763.7989	818.5702	4213.3617	3613.8213	208.7038	0.8741	0.9601	0.0313	0.3165	0.3187	0.0150	0.9998	1.1218	0.0315	0.0003	0.0003	0.0001	0.0004	0.0004	0.0000	0.0002	0.0003	0.0002	0.0033	0.2345	-0.0206	-0.0000	3.9277	1.5419	0.5227	1.3342	0.0904	0.0901	0.0003	0.0060	0.0060	0.0000	0.0844	0.0841	0.0003	0.0000	0.0000	0.0000	0.0000	0.0000	0.0000	0.0000	0.0000	0.0000	0.1034	0.0938	0.0096	0.0190	0.0189	0.0001	0.0844	0.0749	0.0094	0.0429	0.0277	0.0152	0.0102	0.0100	0.0002	0.0327	0.0177	0.0150
74	90	0.1172	14	2	0	1	0	0	0	1	0	0	0	1	0	0	0	0	0	0	0	Y	N	N	N	N	N	N	N	N	N	N	N	N	N	N	N	N	N	0.0000	0.0000	0.0000	0.0017	0.0016	0.0000	0.0000	0.0000	0.0000	0.0000	0.0000	0.0000	0.0000	0.0000	0.0000	0.0000	0.0000	0.0000	0.0031	0.0040	0.0021	0.0002	0.0002	0.0000	0.0036	0.0050	0.0022	0.0000	0.4494	-0.0000	-0.0001	3.9277	5.9354	0.5227	8.3561	0.0000	0.0000	0.0000	0.0000	0.0000	0.0000	0.0000	0.0000	0.0000	0.0004	0.0003	0.0001	0.0000	0.0000	0.0000	0.0004	0.0003	0.0001	0.2680	0.2350	0.0330	0.0165	0.0157	0.0008	0.2516	0.2193	0.0323	0.1268	0.0689	0.0579	0.0173	0.0151	0.0022	0.1095	0.0538	0.0557
74	91	0.1003	13	2	0	0	0	0	0	0	0	0	0	1	0	0	0	0	0	0	0	Y	N	N	N	N	N	N	N	N	N	N	N	N	N	N	N	N	N	0.0025	0.0033	0.0001	0.0185	0.0183	0.0000	0.0018	0.0024	0.0001	0.0000	0.0000	0.0000	0.0001	0.0001	0.0000	0.0000	0.0000	0.0000	0.0036	0.0032	0.0042	0.0029	0.0031	0.0001	0.0038	0.0033	0.0043	0.0046	0.9633	-0.0000	-0.0000	3.9277	1.5872	0.5227	4.4746	0.0000	0.0000	0.0000	0.0000	0.0000	0.0000	0.0000	0.0000	0.0000	0.0003	0.0001	0.0001	0.0000	0.0000	0.0000	0.0002	0.0001	0.0001	0.0717	0.0628	0.0089	0.0033	0.0031	0.0002	0.0684	0.0596	0.0088	0.0717	0.0413	0.0304	0.0147	0.0138	0.0009	0.0570	0.0275	0.0295
74	92	0.0378	6	2	0	0	1	0	0	0	1	0	0	2	1	0	0	0	0	0	0	Y	N	N	N	Y	N	N	N	N	N	N	N	N	N	N	N	N	N	0.0000	0.0169	0.0000	0.0000	0.0000	0.0000	0.0000	0.0193	0.0000	0.0000	0.0000	0.0000	0.0000	0.0000	0.0000	0.0000	0.0000	0.0000	0.0019	0.0000	0.0037	0.0000	0.0000	0.0000	0.0020	0.0000	0.0038	0.0000	1423.6239	-0.0000	0.0000	3.9277	1.0091	0.5227	1.9972	0.0000	0.0000	0.0000	0.0000	0.0000	0.0000	0.0000	0.0000	0.0000	0.0001	0.0000	0.0000	0.0000	0.0000	0.0000	0.0000	0.0000	0.0000	0.0459	0.0401	0.0058	0.0008	0.0007	0.0000	0.0451	0.0394	0.0057	0.0259	0.0126	0.0134	0.0004	0.0003	0.0001	0.0255	0.0122	0.0133
74	93	0.0215	5	2	0	0	0	0	0	0	0	0	1	2	1	0	0	0	0	0	0	Y	N	N	N	Y	N	N	N	N	N	N	N	N	N	N	N	N	N	0.7510	0.8230	0.0000	0.0000	0.0000	0.0000	0.7536	0.8259	0.0000	0.0021	0.0024	0.0000	0.0000	0.0000	0.0000	0.0021	0.0024	0.0000	0.0028	0.0029	0.0027	0.0042	0.0043	0.0000	0.0028	0.0029	0.0027	0.0000	1.0009	-0.0000	-0.0000	3.9277	2.0083	0.5227	3.0031	0.0002	0.0002	0.0000	0.0000	0.0000	0.0000	0.0002	0.0002	0.0000	0.0001	0.0001	0.0001	0.0000	0.0000	0.0000	0.0001	0.0001	0.0001	0.0899	0.0785	0.0114	0.0003	0.0003	0.0000	0.0896	0.0782	0.0114	0.0426	0.0204	0.0223	0.0000	0.0000	0.0000	0.0426	0.0204	0.0223
74	94	0.0215	4	2	0	0	0	0	0	0	0	0	0	2	0	0	0	0	0	0	0	Y	N	N	N	Y	N	N	N	N	N	N	N	N	N	N	N	N	N	0.0000	0.0000	0.0000	0.0000	0.0000	0.0000	0.0000	0.0000	0.0000	0.0000	0.0000	0.0000	0.0000	0.0000	0.0000	0.0000	0.0000	0.0000	0.0028	0.0036	0.0015	0.0053	0.0053	0.0000	0.0019	0.0023	0.0015		0.2414	0.0000	-0.0000	3.9277	0.0000	0.5227	0.0002	0.0000	0.0000	0.0000	0.0000	0.0000	0.0000	0.0000	0.0000	0.0000	0.0000	0.0000	0.0000	0.0000	0.0000	0.0000	0.0000	0.0000	0.0000	0.0000	0.0000	0.0000	0.0000	0.0000	0.0000	0.0000	0.0000	0.0000	0.0000	0.0000	0.0000	0.0000	0.0000	0.0000	0.0000	0.0000	0.0000
74	95	0.0183	3	2	0	0	0	0	0	0	0	0	0	2	0	0	0	0	0	0	0	Y	N	N	N	Y	N	N	N	N	N	N	N	N	N	N	N	N	N	0.0000	0.0000	0.0000	0.0000	0.0000	0.0000	0.0000	0.0000	0.0000	0.0000	0.0000	0.0000	0.0000	0.0000	0.0000	0.0000	0.0000	0.0000	0.0000	0.0000	0.0000	0.0000	0.0000	0.0000	0.0000	0.0000	0.0000		0.6364	0.0000	-0.0000	3.9277	1.0000	0.5227	0.0001	0.0000	0.0000	0.0000	0.0000	0.0000	0.0000	0.0000	0.0000	0.0000	0.0000	0.0000	0.0000	0.0000	0.0000	0.0000	0.0000	0.0000	0.0000	0.0453	0.0395	0.0058	0.0001	0.0001	0.0000	0.0452	0.0395	0.0058	0.0087	0.0042	0.0045	0.0000	0.0000	0.0000	0.0087	0.0042	0.0045
74	99	0.0475	7	2	0	1	0	1	0	1	0	0	0	1	0	0	0	0	0	0	0	Y	N	N	N	N	N	N	N	N	N	N	N	N	N	N	N	N	N	552.8266	456.7731	2.8619	0.0000	0.0000	0.0000	550.3589	450.4359	2.8606	2.3159	2.6481	0.0076	0.0000	0.0000	0.0000	2.3380	2.6756	0.0076	0.0042	0.0058	0.0026	0.0000	0.0000	0.0000	0.0042	0.0059	0.0026	0.0004	0.4722	-0.1179	-0.0002	3.9277	5.0000	0.5227	11.0015	0.5119	0.5117	0.0002	0.0000	0.0000	0.0000	0.5119	0.5117	0.0002	0.0005	0.0004	0.0002	0.0000	0.0000	0.0000	0.0005	0.0004	0.0002	0.2210	0.1932	0.0278	0.0021	0.0020	0.0001	0.2189	0.1912	0.0277	0.1265	0.0621	0.0644	0.0018	0.0015	0.0003	0.1248	0.0606	0.0642
74	100	0.1283	17	2	0	1	0	0	0	0	0	0	0	1	0	0	0	0	0	0	0	Y	N	N	N	N	N	N	N	N	N	N	N	N	N	N	N	N	N	6977.4655	5277.8706	97.3636	0.0000	0.0000	0.0000	8027.0085	5712.4572	95.4062	5.6389	6.4270	0.0277	0.0000	0.0000	0.0000	6.0449	6.9282	0.0286	0.0008	0.0012	0.0003	0.0011	0.0012	0.0000	0.0008	0.0012	0.0003	0.0006	0.1828	-0.1179	-0.0000	3.9277	2.0003	0.5227	3.6794	0.5122	0.5119	0.0003	0.0000	0.0000	0.0000	0.5122	0.5119	0.0003	0.0000	0.0000	0.0000	0.0000	0.0000	0.0000	0.0000	0.0000	0.0000	0.0908	0.0796	0.0112	0.0061	0.0058	0.0003	0.0847	0.0739	0.0108	0.0510	0.0286	0.0224	0.0090	0.0078	0.0012	0.0420	0.0209	0.0212
74	101	0.1177	16	2	0	1	0	1	0	1	0	0	0	1	0	0	0	0	0	0	0	Y	N	N	N	N	N	N	N	N	N	N	N	N	N	N	N	N	N	3.9283	2.8277	0.0577	0.0000	0.0000	0.0000	8.0288	6.2708	0.0583	0.0244	0.0275	0.0001	0.0000	0.0000	0.0000	0.0405	0.0492	0.0001	0.0062	0.0097	0.0023	0.0148	0.0177	0.0000	0.0050	0.0078	0.0024	0.0006	0.2112	-0.0000	-0.0001	3.9277	0.0087	0.5227	3.3708	0.0000	0.0000	0.0000	0.0000	0.0000	0.0000	0.0000	0.0000	0.0000	0.0002	0.0001	0.0000	0.0000	0.0000	0.0000	0.0001	0.0001	0.0000	0.0015	0.0013	0.0002	0.0006	0.0006	0.0000	0.0009	0.0007	0.0002	0.0280	0.0148	0.0132	0.0034	0.0028	0.0006	0.0246	0.0119	0.0127
74	106	0.0312	7	2	0	1	0	0	0	1	0	0	0	1	0	0	0	0	0	0	0	Y	N	N	N	N	N	N	N	N	N	N	N	N	N	N	N	N	N	502.5622	128903.6233	0.2552	0.0233	0.0000	1.7324	497.4779	133463.9726	0.2539	6.5662	7.5134	0.0065	0.0000	0.0000	0.0000	6.6254	7.5870	0.0065	0.0131	0.0001	0.0254	0.0001	0.0001	0.0000	0.0133	0.0001	0.0256	0.0001	460.1454	-0.2046	0.0003	3.9277	3.0043	0.5227	5.0032	0.8869	0.8868	0.0001	0.0000	0.0000	0.0000	0.8869	0.8868	0.0001	0.0009	0.0000	0.0009	0.0000	0.0000	0.0000	0.0009	0.0000	0.0009	0.1351	0.1180	0.0170	0.0012	0.0011	0.0001	0.1339	0.1169	0.0170	0.0674	0.0328	0.0346	0.0013	0.0010	0.0003	0.0661	0.0318	0.0343
74	107	0.0247	6	2	0	0	0	0	0	0	0	0	0	1	0	0	0	0	0	0	0	Y	N	N	N	N	N	N	N	N	N	N	N	N	N	N	N	N	N	0.3566	0.0255	17.3029	0.0000	0.0000	0.0000	0.3589	0.0256	17.3494	0.0060	0.0008	0.0416	0.0000	0.0000	0.0000	0.0060	0.0008	0.0417	0.0168	0.0324	0.0024	0.0056	0.0056	0.0000	0.0168	0.0324	0.0024	7.3214	0.0803	0.0002	-0.0002	3.9277	1.0015	0.5227	0.9989	0.0003	0.0000	0.0002	0.0000	0.0000	0.0000	0.0003	0.0000	0.0002	0.0003	0.0003	0.0000	0.0000	0.0000	0.0000	0.0003	0.0003	0.0000	0.0455	0.0397	0.0058	0.0003	0.0003	0.0000	0.0452	0.0394	0.0058	0.0173	0.0083	0.0090	0.0000	0.0000	0.0000	0.0173	0.0083	0.0090
74	108	0.0215	5	2	0	0	0	0	0	0	0	0	0	1	0	0	0	0	0	0	0	Y	N	N	N	N	N	N	N	N	N	N	N	N	N	N	N	N	N	0.0743	0.0249	1.1295	0.0261	0.0272	0.0000	0.0450	0.0000	1.1318	0.0000	0.0000	0.0000	0.0001	0.0001	0.0000	0.0000	0.0000	0.0000	0.0000	0.0000	0.0000	0.0027	0.0027	0.0000	0.0000	0.0000	0.0000	0.8750	0.1441	0.0000	-0.0000	3.9277	1.0004	0.5227	0.0020	0.0000	0.0000	0.0000	0.0000	0.0000	0.0000	0.0000	0.0000	0.0000	0.0000	0.0000	0.0000	0.0000	0.0000	0.0000	0.0000	0.0000	0.0000	0.0454	0.0396	0.0058	0.0003	0.0003	0.0000	0.0451	0.0393	0.0057	0.0087	0.0042	0.0045	0.0000	0.0000	0.0000	0.0087	0.0042	0.0045
74	110	0.1228	14	2	0	1	0	0	0	0	0	0	0	1	0	0	0	0	0	0	0	Y	N	N	N	N	N	N	N	N	N	N	N	N	N	N	N	N	N	0.0009	0.0006	0.0000	0.0038	0.0032	0.0000	0.0002	0.0001	0.0000	0.0000	0.0000	0.0000	0.0001	0.0001	0.0000	0.0000	0.0000	0.0000	0.0033	0.0057	0.0006	0.0132	0.0170	0.0000	0.0023	0.0040	0.0007	0.0000	0.1008	-0.0000	-0.0002	3.9277	7.0195	0.5227	5.1243	0.0000	0.0000	0.0000	0.0000	0.0000	0.0000	0.0000	0.0000	0.0000	0.0003	0.0003	0.0000	0.0001	0.0001	0.0000	0.0002	0.0002	0.0000	0.3019	0.2646	0.0373	0.0145	0.0136	0.0008	0.2874	0.2509	0.0365	0.0993	0.0517	0.0476	0.0088	0.0069	0.0019	0.0905	0.0448	0.0456
74	111	0.1003	13	2	0	1	0	0	0	1	0	0	0	1	0	0	0	0	0	0	0	Y	N	N	N	N	N	N	N	N	N	N	N	N	N	N	N	N	N	0.0063	0.0043	0.0000	0.0259	0.0258	0.0000	0.0080	0.0049	0.0000	0.0000	0.0000	0.0000	0.0003	0.0003	0.0000	0.0000	0.0000	0.0000	0.0026	0.0044	0.0001	0.0098	0.0104	0.0001	0.0007	0.0013	0.0001	0.0000	0.0203	-0.0000	-0.0001	3.9277	2.0281	0.5227	3.4706	0.0000	0.0000	0.0000	0.0000	0.0000	0.0000	0.0000	0.0000	0.0000	0.0002	0.0002	0.0000	0.0001	0.0001	0.0000	0.0000	0.0000	0.0000	0.0912	0.0798	0.0114	0.0041	0.0039	0.0002	0.0871	0.0759	0.0111	0.0674	0.0391	0.0282	0.0144	0.0136	0.0008	0.0529	0.0255	0.0274
74	112	0.0869	12	2	0	0	0	1	0	0	0	0	0	1	0	0	0	0	0	0	0	Y	N	N	N	N	N	N	N	N	N	N	N	N	N	N	N	N	N	4.4180	3.8125	0.0000	47.1390	47.2365	0.0000	1.1803	1.1789	0.0000	0.0084	0.0095	0.0000	0.2023	0.2134	0.0000	0.0014	0.0016	0.0000	0.0019	0.0025	0.0010	0.0043	0.0045	0.0001	0.0012	0.0014	0.0010	0.0000	0.2857	-0.0003	-0.0001	3.9277	3.0209	0.5227	2.2550	0.0011	0.0011	0.0000	0.0010	0.0010	0.0000	0.0002	0.0002	0.0000	0.0001	0.0001	0.0000	0.0001	0.0001	0.0000	0.0001	0.0000	0.0000	0.1375	0.1203	0.0171	0.0047	0.0045	0.0002	0.1327	0.1158	0.0169	0.0673	0.0396	0.0278	0.0149	0.0141	0.0008	0.0525	0.0255	0.0270
74	120	0.0773	13	1	0	1	0	0	0	0	0	0	0	2	0	0	0	0	0	0	0	N	N	N	N	Y	N	N	N	N	N	N	N	N	N	N	N	N	N	0.0000	0.0000	0.0000	0.0000	0.0000	0.0000	0.0000	0.0000	0.0000	0.0000	0.0000	0.0000	0.0000	0.0000	0.0000	0.0000	0.0000	0.0000	0.0000	0.0000	0.0000	0.0000	0.0000	0.0000	0.0000	0.0000	0.0000			0.0000	0.0000	3.9277	2.9998	0.5227	1.0000	0.0000	0.0000	0.0000	0.0000	0.0000	0.0000	0.0000	0.0000	0.0000	0.0000	0.0000	0.0000	0.0000	0.0000	0.0000	0.0000	0.0000	0.0000	0.1319	0.1154	0.0165	0.0041	0.0039	0.0003	0.1278	0.1115	0.0163	0.0322	0.0157	0.0165	0.0008	0.0007	0.0002	0.0314	0.0150	0.0163
74	121	0.0773	12	1	0	1	0	0	0	0	0	1	0	2	0	0	0	0	0	0	0	N	N	N	N	Y	N	N	N	N	N	N	N	N	N	N	N	N	N	0.0000	0.0000	0.0000	0.0000	0.0000	0.0000	0.0000	0.0000	0.0000	0.0000	0.0000	0.0000	0.0000	0.0000	0.0000	0.0000	0.0000	0.0000	0.0003	0.0003	0.0004	0.0007	0.0007	0.0000	0.0002	0.0000	0.0004		1.2148	0.0000	-0.0000	3.9277	0.0006	0.5227	0.0007	0.0000	0.0000	0.0000	0.0000	0.0000	0.0000	0.0000	0.0000	0.0000	0.0000	0.0000	0.0000	0.0000	0.0000	0.0000	0.0000	0.0000	0.0000	0.0000	0.0000	0.0000	0.0000	0.0000	0.0000	0.0000	0.0000	0.0000	0.0000	0.0000	0.0000	0.0000	0.0000	0.0000	0.0000	0.0000	0.0000
74	126	0.0805	13	2	0	1	0	0	0	0	0	0	0	1	0	0	0	0	0	0	0	Y	N	N	N	N	N	N	N	N	N	N	N	N	N	N	N	N	N	0.0000	0.0000	0.0000	0.0000	0.0000	0.0000	0.0000	0.0000	0.0000	0.0000	0.0000	0.0000	0.0000	0.0000	0.0000	0.0000	0.0000	0.0000	0.0037	0.0008	0.0064	0.0000	0.0000	0.0000	0.0038	0.0009	0.0064		7.9782	0.0000	0.0000	3.9277	1.0002	0.5227	2.0058	0.0000	0.0000	0.0000	0.0000	0.0000	0.0000	0.0000	0.0000	0.0000	0.0001	0.0000	0.0001	0.0000	0.0000	0.0000	0.0001	0.0000	0.0001	0.0445	0.0389	0.0056	0.0014	0.0013	0.0001	0.0431	0.0376	0.0055	0.0245	0.0119	0.0125	0.0007	0.0006	0.0001	0.0238	0.0114	0.0124
74	133	0.1008	10	2	0	1	0	0	0	0	0	0	0	2	0	0	0	0	0	0	0	Y	N	N	N	Y	N	N	N	N	N	N	N	N	N	N	N	N	N	0.0000	0.0000	0.0000	0.0000	0.0000	0.0000	0.0000	0.0000	0.0000	0.0000	0.0000	0.0000	0.0000	0.0000	0.0000	0.0000	0.0000	0.0000	0.0012	0.0006	0.0021	0.0000	0.0000	0.0000	0.0018	0.0014	0.0021		2.0000	0.0000	0.0000	3.9277	0.0000	0.5227	0.0001	0.0000	0.0000	0.0000	0.0000	0.0000	0.0000	0.0000	0.0000	0.0000	0.0000	0.0000	0.0000	0.0000	0.0000	0.0000	0.0000	0.0000	0.0000	0.0000	0.0000	0.0000	0.0000	0.0000	0.0000	0.0000	0.0000	0.0000	0.0000	0.0000	0.0000	0.0000	0.0000	0.0000	0.0000	0.0000	0.0000
74	134	0.0608	9	2	0	1	0	1	0	1	0	1	0	2	0	0	0	0	0	0	0	Y	N	N	N	Y	N	N	N	N	N	N	N	N	N	N	N	N	N	7749.1899	20945.8120	4.2366	827.2705	821.9045	0.0000	7661.7775	20910.2068	4.2428	8.4591	9.6754	0.0072	0.2788	0.2947	0.0000	8.5639	9.8055	0.0073	0.0011	0.0005	0.0017	0.0003	0.0004	0.0000	0.0011	0.0005	0.0017	0.0001	3.7722	-0.3486	0.0000	3.9277	4.0005	0.5227	6.9251	1.5114	1.5112	0.0002	0.0006	0.0006	0.0000	1.5108	1.5106	0.0002	0.0001	0.0000	0.0001	0.0000	0.0000	0.0000	0.0001	0.0000	0.0001	0.1787	0.1562	0.0225	0.0023	0.0021	0.0001	0.1764	0.1541	0.0224	0.0920	0.0455	0.0464	0.0031	0.0029	0.0002	0.0889	0.0426	0.0462
74	135	0.0934	14	2	0	1	0	0	0	0	0	0	0	2	0	0	0	0	0	0	0	Y	N	N	N	Y	N	N	N	N	N	N	N	N	N	N	N	N	N	0.0000	0.0000	0.0000	0.0000	0.0000	0.0000	0.0000	0.0000	0.0000	0.0000	0.0000	0.0000	0.0000	0.0000	0.0000	0.0000	0.0000	0.0000	0.0000	0.0000	0.0000	0.0000	0.0000	0.0000	0.0000	0.0000	0.0000		65.7143	0.0000	0.0000	3.9277	0.9923	0.5227	0.0060	0.0000	0.0000	0.0000	0.0000	0.0000	0.0000	0.0000	0.0000	0.0000	0.0000	0.0000	0.0000	0.0000	0.0000	0.0000	0.0000	0.0000	0.0000	0.0448	0.0392	0.0056	0.0021	0.0020	0.0001	0.0427	0.0372	0.0055	0.0079	0.0039	0.0040	0.0004	0.0003	0.0000	0.0075	0.0036	0.0039
74	136	0.0805	13	2	0	1	0	0	0	0	0	1	0	2	0	0	0	0	0	0	0	Y	N	N	N	Y	N	N	N	N	N	N	N	N	N	N	N	N	N	0.0000	0.0000	0.0000	0.0000	0.0000	0.0000	0.0000	0.0000	0.0000	0.0000	0.0000	0.0000	0.0000	0.0000	0.0000	0.0000	0.0000	0.0000	0.0003	0.0000	0.0006	0.0002	0.0003	0.0000	0.0003	0.0000	0.0006		46.0333	0.0000	0.0000	3.9277	2.0106	0.5227	2.0023	0.0000	0.0000	0.0000	0.0000	0.0000	0.0000	0.0000	0.0000	0.0000	0.0000	0.0000	0.0000	0.0000	0.0000	0.0000	0.0000	0.0000	0.0000	0.0886	0.0775	0.0111	0.0028	0.0026	0.0002	0.0859	0.0749	0.0109	0.0323	0.0158	0.0165	0.0009	0.0007	0.0002	0.0314	0.0151	0.0164
74	137	0.0773	12	2	0	1	0	1	0	0	0	0	0	1	0	0	0	0	0	0	0	Y	N	N	N	N	N	N	N	N	N	N	N	N	N	N	N	N	N	0.0000	0.0000	0.0000	0.0000	0.0000	0.0000	0.0000	0.0000	0.0000	0.0000	0.0000	0.0000	0.0000	0.0000	0.0000	0.0000	0.0000	0.0000	0.0000	0.0000	0.0000	0.0000	0.0000	0.0000	0.0000	0.0000	0.0000		8.1891	0.0000	0.0000	3.9277	0.0008	0.5227	1.0019	0.0000	0.0000	0.0000	0.0000	0.0000	0.0000	0.0000	0.0000	0.0000	0.0000	0.0000	0.0000	0.0000	0.0000	0.0000	0.0000	0.0000	0.0000	0.0000	0.0000	0.0000	0.0000	0.0000	0.0000	0.0000	0.0000	0.0000	0.0082	0.0040	0.0042	0.0002	0.0002	0.0000	0.0080	0.0038	0.0042
75	77	0.0476	9	2	0	0	0	1	0	0	0	0	0	1	0	0	0	0	0	0	0	Y	N	N	N	N	N	N	N	N	N	N	N	N	N	N	N	N	N	0.0000	0.0000	0.0000	0.0000	0.0000	0.0000	0.0000	0.0000	0.0000	0.0000	0.0000	0.0000	0.0000	0.0000	0.0000	0.0000	0.0000	0.0000	0.0000	0.0000	0.0000	0.0000	0.0000	0.0000	0.0000	0.0000	0.0000			0.0000	0.0000	0.0009	3.3326	0.0000	4.0108	0.0000	0.0000	0.0000	0.0000	0.0000	0.0000	0.0000	0.0000	0.0000	0.0000	0.0000	0.0000	0.0000	0.0000	0.0000	0.0000	0.0000	0.0000	0.0000	0.0000	0.0000	0.0000	0.0000	0.0000	0.0000	0.0000	0.0000	0.0000	0.0000	0.0000	0.0000	0.0000	0.0000	0.0000	0.0000	0.0000
75	78	0.0355	9	2	0	1	0	0	0	1	0	0	0	2	1	0	0	0	0	0	0	Y	N	N	N	Y	N	N	N	N	N	N	N	N	N	N	N	N	N	0.0000	0.0000	0.0000	0.0000	0.0000	0.0000	0.0000	0.0000	0.0000	0.0000	0.0000	0.0000	0.0000	0.0000	0.0000	0.0000	0.0000	0.0000	0.0000	0.0000	0.0000	0.0000	0.0000	0.0000	0.0000	0.0000	0.0000			0.0000	0.0000	0.0009	0.0000	0.0000	0.9988	0.0000	0.0000	0.0000	0.0000	0.0000	0.0000	0.0000	0.0000	0.0000	0.0000	0.0000	0.0000	0.0000	0.0000	0.0000	0.0000	0.0000	0.0000	0.0000	0.0000	0.0000	0.0000	0.0000	0.0000	0.0000	0.0000	0.0000	0.0000	0.0000	0.0000	0.0000	0.0000	0.0000	0.0000	0.0000	0.0000
75	79	0.0323	8	2	0	0	0	0	0	0	0	0	0	2	1	0	0	0	0	0	0	Y	N	N	N	Y	N	N	N	N	N	N	N	N	N	N	N	N	N	0.0000	0.0000	0.0000	0.0000	0.0000	0.0000	0.0000	0.0000	0.0000	0.0000	0.0000	0.0000	0.0000	0.0000	0.0000	0.0000	0.0000	0.0000	0.0000	0.0000	0.0000	0.0000	0.0000	0.0000	0.0000	0.0000	0.0000			0.0000	0.0000	0.0009	0.0001	0.0000	1.0072	0.0000	0.0000	0.0000	0.0000	0.0000	0.0000	0.0000	0.0000	0.0000	0.0000	0.0000	0.0000	0.0000	0.0000	0.0000	0.0000	0.0000	0.0000	0.0000	0.0000	0.0000	0.0000	0.0000	0.0000	0.0000	0.0000	0.0000	0.0000	0.0000	0.0000	0.0000	0.0000	0.0000	0.0000	0.0000	0.0000
75	80	0.0226	7	2	0	0	0	0	0	0	0	0	0	2	1	0	0	0	0	0	0	Y	N	N	N	Y	N	N	N	N	N	N	N	N	N	N	N	N	N	0.0000	0.0000	0.0000	0.0000	0.0000	0.0000	0.0000	0.0000	0.0000	0.0000	0.0000	0.0000	0.0000	0.0000	0.0000	0.0000	0.0000	0.0000	0.0000	0.0000	0.0000	0.0000	0.0000	0.0000	0.0000	0.0000	0.0000			0.0000	0.0000	0.0009	1.0058	0.0000	1.9973	0.0000	0.0000	0.0000	0.0000	0.0000	0.0000	0.0000	0.0000	0.0000	0.0000	0.0000	0.0000	0.0000	0.0000	0.0000	0.0000	0.0000	0.0000	0.0000	0.0000	0.0000	0.0000	0.0000	0.0000	0.0000	0.0000	0.0000	0.0000	0.0000	0.0000	0.0000	0.0000	0.0000	0.0000	0.0000	0.0000
75	81	0.0356	8	2	0	1	0	0	0	0	0	0	0	1	0	0	0	0	0	0	0	Y	N	N	N	N	N	N	N	N	N	N	N	N	N	N	N	N	N	0.0000	0.0000	0.0000	0.0000	0.0000	0.0000	0.0000	0.0000	0.0000	0.0000	0.0000	0.0000	0.0000	0.0000	0.0000	0.0000	0.0000	0.0000	0.0000	0.0000	0.0000	0.0000	0.0000	0.0000	0.0000	0.0000	0.0000			0.0000	0.0000	0.0009	7.0000	0.0000	2.0013	0.0000	0.0000	0.0000	0.0000	0.0000	0.0000	0.0000	0.0000	0.0000	0.0000	0.0000	0.0000	0.0000	0.0000	0.0000	0.0000	0.0000	0.0000	0.0001	0.0001	0.0000	0.0000	0.0000	0.0000	0.0001	0.0001	0.0000	0.0000	0.0000	0.0000	0.0000	0.0000	0.0000	0.0000	0.0000	0.0000
75	82	0.0356	7	2	0	1	0	1	0	1	0	0	0	1	0	0	0	0	0	0	0	Y	N	N	N	N	N	N	N	N	N	N	N	N	N	N	N	N	N	0.0000	0.0000	0.0000	0.0000	0.0000	0.0000	0.0000	0.0000	0.0000	0.0000	0.0000	0.0000	0.0000	0.0000	0.0000	0.0000	0.0000	0.0000	0.0000	0.0000	0.0000	0.0000	0.0000	0.0000	0.0000	0.0000	0.0000			0.0000	0.0000	0.0009	0.0005	0.0000	0.0029	0.0000	0.0000	0.0000	0.0000	0.0000	0.0000	0.0000	0.0000	0.0000	0.0000	0.0000	0.0000	0.0000	0.0000	0.0000	0.0000	0.0000	0.0000	0.0000	0.0000	0.0000	0.0000	0.0000	0.0000	0.0000	0.0000	0.0000	0.0000	0.0000	0.0000	0.0000	0.0000	0.0000	0.0000	0.0000	0.0000
75	83	0.0226	7	2	0	0	0	0	0	0	0	0	0	2	1	0	0	0	0	0	0	Y	N	N	N	Y	N	N	N	N	N	N	N	N	N	N	N	N	N	0.0000	0.0000	0.0000	0.0000	0.0000	0.0000	0.0000	0.0000	0.0000	0.0000	0.0000	0.0000	0.0000	0.0000	0.0000	0.0000	0.0000	0.0000	0.0000	0.0000	0.0000	0.0000	0.0000	0.0000	0.0000	0.0000	0.0000			0.0000	0.0000	0.0009	5.0069	0.0000	6.0103	0.0000	0.0000	0.0000	0.0000	0.0000	0.0000	0.0000	0.0000	0.0000	0.0000	0.0000	0.0000	0.0000	0.0000	0.0000	0.0000	0.0000	0.0000	0.0001	0.0000	0.0000	0.0000	0.0000	0.0000	0.0001	0.0000	0.0000	0.0000	0.0000	0.0000	0.0000	0.0000	0.0000	0.0000	0.0000	0.0000
75	84	0.0161	6	2	0	0	0	0	0	0	0	1	1	2	1	0	0	0	0	0	0	Y	N	N	N	Y	N	N	N	N	N	N	N	N	N	N	N	N	N	0.0000	0.0000	0.0000	0.0000	0.0000	0.0000	0.0000	0.0000	0.0000	0.0000	0.0000	0.0000	0.0000	0.0000	0.0000	0.0000	0.0000	0.0000	0.0000	0.0000	0.0000	0.0000	0.0000	0.0000	0.0000	0.0000	0.0000			0.0000	0.0000	0.0009	1.9932	0.0000	0.0278	0.0000	0.0000	0.0000	0.0000	0.0000	0.0000	0.0000	0.0000	0.0000	0.0000	0.0000	0.0000	0.0000	0.0000	0.0000	0.0000	0.0000	0.0000	0.0000	0.0000	0.0000	0.0000	0.0000	0.0000	0.0000	0.0000	0.0000	0.0000	0.0000	0.0000	0.0000	0.0000	0.0000	0.0000	0.0000	0.0000
75	85	0.0644	8	2	0	1	0	0	0	0	0	0	0	1	0	0	0	0	0	0	0	Y	N	N	N	N	N	N	N	N	N	N	N	N	N	N	N	N	N	inf	inf	0.0000	inf	inf	0.0000	inf	inf	0.0000	5.8379	6.6630	0.0000	0.7771	0.8198	0.0000	6.0368	6.9123	0.0000	0.0000	0.0000	0.0000	0.0000	0.0000	0.0000	0.0000	0.0000	0.0000	0.0000		-0.0001	0.0000	0.0009	9.9670	0.0000	12.6920	0.0006	0.0006	0.0000	0.0000	0.0000	0.0000	0.0006	0.0006	0.0000	0.0000	0.0000	0.0000	0.0000	0.0000	0.0000	0.0000	0.0000	0.0000	0.0001	0.0001	0.0000	0.0000	0.0000	0.0000	0.0001	0.0001	0.0000	0.0000	0.0000	0.0000	0.0000	0.0000	0.0000	0.0000	0.0000	0.0000
75	86	0.0579	7	2	0	1	0	1	0	1	0	0	0	1	0	0	0	0	0	0	0	Y	N	N	N	N	N	N	N	N	N	N	N	N	N	N	N	N	N	inf	inf	inf	inf	inf	inf	inf	inf	inf	2.3510	2.5256	0.6466	0.8401	0.8441	0.2810	2.6942	2.9528	0.6518	0.0000	0.0000	0.0000	0.0000	0.0000	0.0000	0.0000	0.0000	0.0000	0.0262		-0.0000	0.0000	0.0009	1.5419	0.0000	1.3342	0.0001	0.0001	0.0000	0.0000	0.0000	0.0000	0.0001	0.0001	0.0000	0.0000	0.0000	0.0000	0.0000	0.0000	0.0000	0.0000	0.0000	0.0000	0.0000	0.0000	0.0000	0.0000	0.0000	0.0000	0.0000	0.0000	0.0000	0.0000	0.0000	0.0000	0.0000	0.0000	0.0000	0.0000	0.0000	0.0000
75	90	0.1021	13	2	0	1	0	0	0	1	0	0	0	1	0	0	0	0	0	0	0	Y	N	N	N	N	N	N	N	N	N	N	N	N	N	N	N	N	N	0.0000	0.0000	0.0000	0.0000	0.0000	0.0000	0.0000	0.0000	0.0000	0.0000	0.0000	0.0000	0.0000	0.0000	0.0000	0.0000	0.0000	0.0000	0.0000	0.0000	0.0000	0.0000	0.0000	0.0000	0.0000	0.0000	0.0000			0.0000	0.0000	0.0009	5.9354	0.0000	8.3561	0.0000	0.0000	0.0000	0.0000	0.0000	0.0000	0.0000	0.0000	0.0000	0.0000	0.0000	0.0000	0.0000	0.0000	0.0000	0.0000	0.0000	0.0000	0.0001	0.0001	0.0000	0.0000	0.0000	0.0000	0.0001	0.0001	0.0000	0.0000	0.0000	0.0000	0.0000	0.0000	0.0000	0.0000	0.0000	0.0000
75	91	0.0853	12	2	0	0	0	0	0	0	0	0	0	1	0	0	0	0	0	0	0	Y	N	N	N	N	N	N	N	N	N	N	N	N	N	N	N	N	N	0.0000	0.0000	0.0000	0.0000	0.0000	0.0000	0.0000	0.0000	0.0000	0.0000	0.0000	0.0000	0.0000	0.0000	0.0000	0.0000	0.0000	0.0000	0.0000	0.0000	0.0000	0.0000	0.0000	0.0000	0.0000	0.0000	0.0000			0.0000	0.0000	0.0009	1.5872	0.0000	4.4746	0.0000	0.0000	0.0000	0.0000	0.0000	0.0000	0.0000	0.0000	0.0000	0.0000	0.0000	0.0000	0.0000	0.0000	0.0000	0.0000	0.0000	0.0000	0.0000	0.0000	0.0000	0.0000	0.0000	0.0000	0.0000	0.0000	0.0000	0.0000	0.0000	0.0000	0.0000	0.0000	0.0000	0.0000	0.0000	0.0000
75	92	0.0227	5	2	0	0	1	0	0	0	1	0	0	2	1	0	0	0	0	0	0	Y	N	N	N	Y	N	N	N	N	N	N	N	N	N	N	N	N	N	0.0000	0.0000	0.0000	0.0000	0.0000	0.0000	0.0000	0.0000	0.0000	0.0000	0.0000	0.0000	0.0000	0.0000	0.0000	0.0000	0.0000	0.0000	0.0000	0.0000	0.0000	0.0000	0.0000	0.0000	0.0000	0.0000	0.0000			0.0000	0.0000	0.0009	1.0091	0.0000	1.9972	0.0000	0.0000	0.0000	0.0000	0.0000	0.0000	0.0000	0.0000	0.0000	0.0000	0.0000	0.0000	0.0000	0.0000	0.0000	0.0000	0.0000	0.0000	0.0000	0.0000	0.0000	0.0000	0.0000	0.0000	0.0000	0.0000	0.0000	0.0000	0.0000	0.0000	0.0000	0.0000	0.0000	0.0000	0.0000	0.0000
75	93	0.0064	4	2	0	0	0	0	0	0	0	0	1	2	1	0	0	0	0	0	0	Y	N	N	N	Y	N	N	N	N	N	N	N	N	N	N	N	N	N	0.0000	0.0000	0.0000	0.0000	0.0000	0.0000	0.0000	0.0000	0.0000	0.0000	0.0000	0.0000	0.0000	0.0000	0.0000	0.0000	0.0000	0.0000	0.0000	0.0000	0.0000	0.0000	0.0000	0.0000	0.0000	0.0000	0.0000			0.0000	0.0000	0.0009	2.0083	0.0000	3.0031	0.0000	0.0000	0.0000	0.0000	0.0000	0.0000	0.0000	0.0000	0.0000	0.0000	0.0000	0.0000	0.0000	0.0000	0.0000	0.0000	0.0000	0.0000	0.0000	0.0000	0.0000	0.0000	0.0000	0.0000	0.0000	0.0000	0.0000	0.0000	0.0000	0.0000	0.0000	0.0000	0.0000	0.0000	0.0000	0.0000
75	94	0.0064	3	2	0	0	0	0	0	0	0	0	0	2	0	0	0	0	0	0	0	Y	N	N	N	Y	N	N	N	N	N	N	N	N	N	N	N	N	N	0.0000	0.0000	0.0000	0.0000	0.0000	0.0000	0.0000	0.0000	0.0000	0.0000	0.0000	0.0000	0.0000	0.0000	0.0000	0.0000	0.0000	0.0000	0.0000	0.0000	0.0000	0.0000	0.0000	0.0000	0.0000	0.0000	0.0000			0.0000	0.0000	0.0009	0.0000	0.0000	0.0002	0.0000	0.0000	0.0000	0.0000	0.0000	0.0000	0.0000	0.0000	0.0000	0.0000	0.0000	0.0000	0.0000	0.0000	0.0000	0.0000	0.0000	0.0000	0.0000	0.0000	0.0000	0.0000	0.0000	0.0000	0.0000	0.0000	0.0000	0.0000	0.0000	0.0000	0.0000	0.0000	0.0000	0.0000	0.0000	0.0000
75	95	0.0032	2	2	0	0	0	0	0	0	0	0	0	2	0	0	0	0	0	0	0	Y	N	N	N	Y	N	N	N	N	N	N	N	N	N	N	N	N	N	0.0000	0.0000	0.0000	0.0000	0.0000	0.0000	0.0000	0.0000	0.0000	0.0000	0.0000	0.0000	0.0000	0.0000	0.0000	0.0000	0.0000	0.0000	0.0000	0.0000	0.0000	0.0000	0.0000	0.0000	0.0000	0.0000	0.0000			0.0000	0.0000	0.0009	1.0000	0.0000	0.0001	0.0000	0.0000	0.0000	0.0000	0.0000	0.0000	0.0000	0.0000	0.0000	0.0000	0.0000	0.0000	0.0000	0.0000	0.0000	0.0000	0.0000	0.0000	0.0000	0.0000	0.0000	0.0000	0.0000	0.0000	0.0000	0.0000	0.0000	0.0000	0.0000	0.0000	0.0000	0.0000	0.0000	0.0000	0.0000	0.0000
75	99	0.0324	6	2	0	1	0	1	0	1	0	0	0	1	0	0	0	0	0	0	0	Y	N	N	N	N	N	N	N	N	N	N	N	N	N	N	N	N	N	0.0000	0.0000	0.0000	0.0000	0.0000	0.0000	0.0000	0.0000	0.0000	0.0000	0.0000	0.0000	0.0000	0.0000	0.0000	0.0000	0.0000	0.0000	0.0000	0.0000	0.0000	0.0000	0.0000	0.0000	0.0000	0.0000	0.0000			0.0000	0.0000	0.0009	5.0000	0.0000	11.0015	0.0000	0.0000	0.0000	0.0000	0.0000	0.0000	0.0000	0.0000	0.0000	0.0000	0.0000	0.0000	0.0000	0.0000	0.0000	0.0000	0.0000	0.0000	0.0001	0.0000	0.0000	0.0000	0.0000	0.0000	0.0001	0.0000	0.0000	0.0000	0.0000	0.0000	0.0000	0.0000	0.0000	0.0000	0.0000	0.0000
75	100	0.1132	16	2	0	1	0	0	0	0	0	0	0	1	0	0	0	0	0	0	0	Y	N	N	N	N	N	N	N	N	N	N	N	N	N	N	N	N	N	0.0000	0.0000	0.0000	0.0000	0.0000	0.0000	0.0000	0.0000	0.0000	0.0000	0.0000	0.0000	0.0000	0.0000	0.0000	0.0000	0.0000	0.0000	0.0000	0.0000	0.0000	0.0000	0.0000	0.0000	0.0000	0.0000	0.0000			0.0000	0.0000	0.0009	2.0003	0.0000	3.6794	0.0000	0.0000	0.0000	0.0000	0.0000	0.0000	0.0000	0.0000	0.0000	0.0000	0.0000	0.0000	0.0000	0.0000	0.0000	0.0000	0.0000	0.0000	0.0000	0.0000	0.0000	0.0000	0.0000	0.0000	0.0000	0.0000	0.0000	0.0000	0.0000	0.0000	0.0000	0.0000	0.0000	0.0000	0.0000	0.0000
75	101	0.1026	15	2	0	1	0	1	0	1	0	0	0	1	0	0	0	0	0	0	0	Y	N	N	N	N	N	N	N	N	N	N	N	N	N	N	N	N	N	0.0000	0.0000	0.0000	0.0000	0.0000	0.0000	0.0000	0.0000	0.0000	0.0000	0.0000	0.0000	0.0000	0.0000	0.0000	0.0000	0.0000	0.0000	0.0000	0.0000	0.0000	0.0000	0.0000	0.0000	0.0000	0.0000	0.0000			0.0000	0.0000	0.0009	0.0087	0.0000	3.3708	0.0000	0.0000	0.0000	0.0000	0.0000	0.0000	0.0000	0.0000	0.0000	0.0000	0.0000	0.0000	0.0000	0.0000	0.0000	0.0000	0.0000	0.0000	0.0000	0.0000	0.0000	0.0000	0.0000	0.0000	0.0000	0.0000	0.0000	0.0000	0.0000	0.0000	0.0000	0.0000	0.0000	0.0000	0.0000	0.0000
75	106	0.0161	6	2	0	1	0	0	0	1	0	0	0	1	0	0	0	0	0	0	0	Y	N	N	N	N	N	N	N	N	N	N	N	N	N	N	N	N	N	0.0000	0.0000	0.0000	0.0000	0.0000	0.0000	0.0000	0.0000	0.0000	0.0000	0.0000	0.0000	0.0000	0.0000	0.0000	0.0000	0.0000	0.0000	0.0000	0.0000	0.0000	0.0000	0.0000	0.0000	0.0000	0.0000	0.0000			0.0000	0.0000	0.0009	3.0043	0.0000	5.0032	0.0000	0.0000	0.0000	0.0000	0.0000	0.0000	0.0000	0.0000	0.0000	0.0000	0.0000	0.0000	0.0000	0.0000	0.0000	0.0000	0.0000	0.0000	0.0000	0.0000	0.0000	0.0000	0.0000	0.0000	0.0000	0.0000	0.0000	0.0000	0.0000	0.0000	0.0000	0.0000	0.0000	0.0000	0.0000	0.0000
75	107	0.0096	5	2	0	0	0	0	0	0	0	0	0	1	0	0	0	0	0	0	0	Y	N	N	N	N	N	N	N	N	N	N	N	N	N	N	N	N	N	0.0000	0.0000	0.0000	0.0000	0.0000	0.0000	0.0000	0.0000	0.0000	0.0000	0.0000	0.0000	0.0000	0.0000	0.0000	0.0000	0.0000	0.0000	0.0000	0.0000	0.0000	0.0000	0.0000	0.0000	0.0000	0.0000	0.0000			0.0000	0.0000	0.0009	1.0015	0.0000	0.9989	0.0000	0.0000	0.0000	0.0000	0.0000	0.0000	0.0000	0.0000	0.0000	0.0000	0.0000	0.0000	0.0000	0.0000	0.0000	0.0000	0.0000	0.0000	0.0000	0.0000	0.0000	0.0000	0.0000	0.0000	0.0000	0.0000	0.0000	0.0000	0.0000	0.0000	0.0000	0.0000	0.0000	0.0000	0.0000	0.0000
75	108	0.0064	4	2	0	0	0	0	0	0	0	0	0	1	0	0	0	0	0	0	0	Y	N	N	N	N	N	N	N	N	N	N	N	N	N	N	N	N	N	0.0000	0.0000	0.0000	0.0000	0.0000	0.0000	0.0000	0.0000	0.0000	0.0000	0.0000	0.0000	0.0000	0.0000	0.0000	0.0000	0.0000	0.0000	0.0000	0.0000	0.0000	0.0000	0.0000	0.0000	0.0000	0.0000	0.0000			0.0000	0.0000	0.0009	1.0004	0.0000	0.0020	0.0000	0.0000	0.0000	0.0000	0.0000	0.0000	0.0000	0.0000	0.0000	0.0000	0.0000	0.0000	0.0000	0.0000	0.0000	0.0000	0.0000	0.0000	0.0000	0.0000	0.0000	0.0000	0.0000	0.0000	0.0000	0.0000	0.0000	0.0000	0.0000	0.0000	0.0000	0.0000	0.0000	0.0000	0.0000	0.0000
75	110	0.1078	13	2	0	1	0	0	0	0	0	0	0	1	0	0	0	0	0	0	0	Y	N	N	N	N	N	N	N	N	N	N	N	N	N	N	N	N	N	0.0000	0.0000	0.0000	0.0000	0.0000	0.0000	0.0000	0.0000	0.0000	0.0000	0.0000	0.0000	0.0000	0.0000	0.0000	0.0000	0.0000	0.0000	0.0000	0.0000	0.0000	0.0000	0.0000	0.0000	0.0000	0.0000	0.0000			0.0000	0.0000	0.0009	7.0195	0.0000	5.1243	0.0000	0.0000	0.0000	0.0000	0.0000	0.0000	0.0000	0.0000	0.0000	0.0000	0.0000	0.0000	0.0000	0.0000	0.0000	0.0000	0.0000	0.0000	0.0001	0.0001	0.0000	0.0000	0.0000	0.0000	0.0001	0.0001	0.0000	0.0000	0.0000	0.0000	0.0000	0.0000	0.0000	0.0000	0.0000	0.0000
75	111	0.0853	12	2	0	1	0	0	0	1	0	0	0	1	0	0	0	0	0	0	0	Y	N	N	N	N	N	N	N	N	N	N	N	N	N	N	N	N	N	0.0000	0.0000	0.0000	0.0000	0.0000	0.0000	0.0000	0.0000	0.0000	0.0000	0.0000	0.0000	0.0000	0.0000	0.0000	0.0000	0.0000	0.0000	0.0000	0.0000	0.0000	0.0000	0.0000	0.0000	0.0000	0.0000	0.0000			0.0000	0.0000	0.0009	2.0281	0.0000	3.4706	0.0000	0.0000	0.0000	0.0000	0.0000	0.0000	0.0000	0.0000	0.0000	0.0000	0.0000	0.0000	0.0000	0.0000	0.0000	0.0000	0.0000	0.0000	0.0000	0.0000	0.0000	0.0000	0.0000	0.0000	0.0000	0.0000	0.0000	0.0000	0.0000	0.0000	0.0000	0.0000	0.0000	0.0000	0.0000	0.0000
75	112	0.0718	11	2	0	0	0	1	0	0	0	0	0	1	0	0	0	0	0	0	0	Y	N	N	N	N	N	N	N	N	N	N	N	N	N	N	N	N	N	inf	inf	0.0000	inf	inf	0.0000	0.0000	0.0000	0.0000	0.0188	0.0215	0.0000	0.5553	0.5859	0.0000	0.0000	0.0000	0.0000	0.0000	0.0000	0.0000	0.0000	0.0000	0.0000	0.0000	0.0000	0.0000	0.0000		-0.0000	0.0000	0.0009	3.0209	0.0000	2.2550	0.0000	0.0000	0.0000	0.0000	0.0000	0.0000	0.0000	0.0000	0.0000	0.0000	0.0000	0.0000	0.0000	0.0000	0.0000	0.0000	0.0000	0.0000	0.0000	0.0000	0.0000	0.0000	0.0000	0.0000	0.0000	0.0000	0.0000	0.0000	0.0000	0.0000	0.0000	0.0000	0.0000	0.0000	0.0000	0.0000
75	120	0.0622	12	1	0	1	0	0	0	0	0	0	0	2	0	0	0	0	0	0	0	N	N	N	N	Y	N	N	N	N	N	N	N	N	N	N	N	N	N	0.0000	0.0000	0.0000	0.0000	0.0000	0.0000	0.0000	0.0000	0.0000	0.0000	0.0000	0.0000	0.0000	0.0000	0.0000	0.0000	0.0000	0.0000	0.0000	0.0000	0.0000	0.0000	0.0000	0.0000	0.0000	0.0000	0.0000			0.0000	0.0000	0.0009	2.9998	0.0000	1.0000	0.0000	0.0000	0.0000	0.0000	0.0000	0.0000	0.0000	0.0000	0.0000	0.0000	0.0000	0.0000	0.0000	0.0000	0.0000	0.0000	0.0000	0.0000	0.0000	0.0000	0.0000	0.0000	0.0000	0.0000	0.0000	0.0000	0.0000	0.0000	0.0000	0.0000	0.0000	0.0000	0.0000	0.0000	0.0000	0.0000
75	121	0.0622	11	1	0	1	0	0	0	0	0	1	0	2	0	0	0	0	0	0	0	N	N	N	N	Y	N	N	N	N	N	N	N	N	N	N	N	N	N	0.0000	0.0000	0.0000	0.0000	0.0000	0.0000	0.0000	0.0000	0.0000	0.0000	0.0000	0.0000	0.0000	0.0000	0.0000	0.0000	0.0000	0.0000	0.0000	0.0000	0.0000	0.0000	0.0000	0.0000	0.0000	0.0000	0.0000			0.0000	0.0000	0.0009	0.0006	0.0000	0.0007	0.0000	0.0000	0.0000	0.0000	0.0000	0.0000	0.0000	0.0000	0.0000	0.0000	0.0000	0.0000	0.0000	0.0000	0.0000	0.0000	0.0000	0.0000	0.0000	0.0000	0.0000	0.0000	0.0000	0.0000	0.0000	0.0000	0.0000	0.0000	0.0000	0.0000	0.0000	0.0000	0.0000	0.0000	0.0000	0.0000
75	126	0.0654	12	2	0	1	0	0	0	0	0	0	0	1	0	0	0	0	0	0	0	Y	N	N	N	N	N	N	N	N	N	N	N	N	N	N	N	N	N	0.0000	0.0000	0.0000	0.0000	0.0000	0.0000	0.0000	0.0000	0.0000	0.0000	0.0000	0.0000	0.0000	0.0000	0.0000	0.0000	0.0000	0.0000	0.0000	0.0000	0.0000	0.0000	0.0000	0.0000	0.0000	0.0000	0.0000			0.0000	0.0000	0.0009	1.0002	0.0000	2.0058	0.0000	0.0000	0.0000	0.0000	0.0000	0.0000	0.0000	0.0000	0.0000	0.0000	0.0000	0.0000	0.0000	0.0000	0.0000	0.0000	0.0000	0.0000	0.0000	0.0000	0.0000	0.0000	0.0000	0.0000	0.0000	0.0000	0.0000	0.0000	0.0000	0.0000	0.0000	0.0000	0.0000	0.0000	0.0000	0.0000
75	133	0.0858	9	2	0	1	0	0	0	0	0	0	0	2	0	0	0	0	0	0	0	Y	N	N	N	Y	N	N	N	N	N	N	N	N	N	N	N	N	N	0.0000	0.0000	0.0000	0.0000	0.0000	0.0000	0.0000	0.0000	0.0000	0.0000	0.0000	0.0000	0.0000	0.0000	0.0000	0.0000	0.0000	0.0000	0.0000	0.0000	0.0000	0.0000	0.0000	0.0000	0.0000	0.0000	0.0000			0.0000	0.0000	0.0009	0.0000	0.0000	0.0001	0.0000	0.0000	0.0000	0.0000	0.0000	0.0000	0.0000	0.0000	0.0000	0.0000	0.0000	0.0000	0.0000	0.0000	0.0000	0.0000	0.0000	0.0000	0.0000	0.0000	0.0000	0.0000	0.0000	0.0000	0.0000	0.0000	0.0000	0.0000	0.0000	0.0000	0.0000	0.0000	0.0000	0.0000	0.0000	0.0000
75	134	0.0458	8	2	0	1	0	1	0	1	0	1	0	2	0	0	0	0	0	0	0	Y	N	N	N	Y	N	N	N	N	N	N	N	N	N	N	N	N	N	inf	inf	inf	inf	inf	inf	inf	inf	inf	15.0948	2.9708	98.6711	0.1222	0.0222	1.8533	15.2820	3.0107	99.1895	0.0000	0.0000	0.0000	0.0000	0.0000	0.0000	0.0000	0.0000	0.0000	4.8182		0.0004	0.0000	0.0009	4.0005	0.0000	6.9251	0.0006	0.0001	0.0005	0.0000	0.0000	0.0000	0.0006	0.0001	0.0005	0.0000	0.0000	0.0000	0.0000	0.0000	0.0000	0.0000	0.0000	0.0000	0.0000	0.0000	0.0000	0.0000	0.0000	0.0000	0.0000	0.0000	0.0000	0.0000	0.0000	0.0000	0.0000	0.0000	0.0000	0.0000	0.0000	0.0000
75	135	0.0783	13	2	0	1	0	0	0	0	0	0	0	2	0	0	0	0	0	0	0	Y	N	N	N	Y	N	N	N	N	N	N	N	N	N	N	N	N	N	0.0000	0.0000	0.0000	0.0000	0.0000	0.0000	0.0000	0.0000	0.0000	0.0000	0.0000	0.0000	0.0000	0.0000	0.0000	0.0000	0.0000	0.0000	0.0000	0.0000	0.0000	0.0000	0.0000	0.0000	0.0000	0.0000	0.0000			0.0000	0.0000	0.0009	0.9923	0.0000	0.0060	0.0000	0.0000	0.0000	0.0000	0.0000	0.0000	0.0000	0.0000	0.0000	0.0000	0.0000	0.0000	0.0000	0.0000	0.0000	0.0000	0.0000	0.0000	0.0000	0.0000	0.0000	0.0000	0.0000	0.0000	0.0000	0.0000	0.0000	0.0000	0.0000	0.0000	0.0000	0.0000	0.0000	0.0000	0.0000	0.0000
75	136	0.0654	12	2	0	1	0	0	0	0	0	1	0	2	0	0	0	0	0	0	0	Y	N	N	N	Y	N	N	N	N	N	N	N	N	N	N	N	N	N	0.0000	0.0000	0.0000	0.0000	0.0000	0.0000	0.0000	0.0000	0.0000	0.0000	0.0000	0.0000	0.0000	0.0000	0.0000	0.0000	0.0000	0.0000	0.0000	0.0000	0.0000	0.0000	0.0000	0.0000	0.0000	0.0000	0.0000			0.0000	0.0000	0.0009	2.0106	0.0000	2.0023	0.0000	0.0000	0.0000	0.0000	0.0000	0.0000	0.0000	0.0000	0.0000	0.0000	0.0000	0.0000	0.0000	0.0000	0.0000	0.0000	0.0000	0.0000	0.0000	0.0000	0.0000	0.0000	0.0000	0.0000	0.0000	0.0000	0.0000	0.0000	0.0000	0.0000	0.0000	0.0000	0.0000	0.0000	0.0000	0.0000
75	137	0.0622	11	2	0	1	0	1	0	0	0	0	0	1	0	0	0	0	0	0	0	Y	N	N	N	N	N	N	N	N	N	N	N	N	N	N	N	N	N	0.0000	0.0000	0.0000	0.0000	0.0000	0.0000	0.0000	0.0000	0.0000	0.0000	0.0000	0.0000	0.0000	0.0000	0.0000	0.0000	0.0000	0.0000	0.0000	0.0000	0.0000	0.0000	0.0000	0.0000	0.0000	0.0000	0.0000			0.0000	0.0000	0.0009	0.0008	0.0000	1.0019	0.0000	0.0000	0.0000	0.0000	0.0000	0.0000	0.0000	0.0000	0.0000	0.0000	0.0000	0.0000	0.0000	0.0000	0.0000	0.0000	0.0000	0.0000	0.0000	0.0000	0.0000	0.0000	0.0000	0.0000	0.0000	0.0000	0.0000	0.0000	0.0000	0.0000	0.0000	0.0000	0.0000	0.0000	0.0000	0.0000
76	77	0.0476	8	2	0	0	0	1	0	0	0	0	0	1	0	0	0	0	0	0	0	Y	N	N	N	N	N	N	N	N	N	N	N	N	N	N	N	N	N	0.0000	0.0000	0.0000	0.0000	0.0000	0.0000	0.0000	0.0000	0.0000	0.0000	0.0000	0.0000	0.0000	0.0000	0.0000	0.0000	0.0000	0.0000	0.0000	0.0000	0.0000	0.0000	0.0000	0.0000	0.0000	0.0000	0.0000			0.0000	0.0000	1.0000	3.3326	0.0000	4.0108	0.0000	0.0000	0.0000	0.0000	0.0000	0.0000	0.0000	0.0000	0.0000	0.0000	0.0000	0.0000	0.0000	0.0000	0.0000	0.0000	0.0000	0.0000	0.0414	0.0363	0.0051	0.0020	0.0020	0.0000	0.0394	0.0343	0.0051	0.0138	0.0069	0.0070	0.0002	0.0002	0.0000	0.0136	0.0067	0.0069
76	78	0.0355	8	2	0	1	0	0	0	1	0	0	0	2	1	0	0	0	0	0	0	Y	N	N	N	Y	N	N	N	N	N	N	N	N	N	N	N	N	N	0.0000	0.0000	0.0000	0.0000	0.0000	0.0000	0.0000	0.0000	0.0000	0.0000	0.0000	0.0000	0.0000	0.0000	0.0000	0.0000	0.0000	0.0000	0.0000	0.0000	0.0000	0.0000	0.0000	0.0000	0.0000	0.0000	0.0000			0.0000	0.0000	1.0000	0.0000	0.0000	0.9988	0.0000	0.0000	0.0000	0.0000	0.0000	0.0000	0.0000	0.0000	0.0000	0.0000	0.0000	0.0000	0.0000	0.0000	0.0000	0.0000	0.0000	0.0000	0.0000	0.0000	0.0000	0.0000	0.0000	0.0000	0.0000	0.0000	0.0000	0.0020	0.0010	0.0010	0.0001	0.0001	0.0000	0.0019	0.0009	0.0010
76	79	0.0323	7	2	0	0	0	0	0	0	0	0	0	2	1	0	0	0	0	0	0	Y	N	N	N	Y	N	N	N	N	N	N	N	N	N	N	N	N	N	0.0000	0.0000	0.0000	0.0000	0.0000	0.0000	0.0000	0.0000	0.0000	0.0000	0.0000	0.0000	0.0000	0.0000	0.0000	0.0000	0.0000	0.0000	0.0000	0.0000	0.0000	0.0000	0.0000	0.0000	0.0000	0.0000	0.0000			0.0000	0.0000	1.0000	0.0001	0.0000	1.0072	0.0000	0.0000	0.0000	0.0000	0.0000	0.0000	0.0000	0.0000	0.0000	0.0000	0.0000	0.0000	0.0000	0.0000	0.0000	0.0000	0.0000	0.0000	0.0000	0.0000	0.0000	0.0000	0.0000	0.0000	0.0000	0.0000	0.0000	0.0020	0.0010	0.0010	0.0001	0.0000	0.0000	0.0019	0.0009	0.0010
76	80	0.0226	6	2	0	0	0	0	0	0	0	0	0	2	1	0	0	0	0	0	0	Y	N	N	N	Y	N	N	N	N	N	N	N	N	N	N	N	N	N	inf	inf	0.0000	0.0000	0.0000	0.0000	inf	inf	0.0000	0.1537	0.1758	0.0000	0.0000	0.0000	0.0000	0.1582	0.1814	0.0000	0.0000	0.0000	0.0000	0.0000	0.0000	0.0000	0.0000	0.0000	0.0000	0.0000		-0.0004	0.0000	1.0000	1.0058	0.0000	1.9973	0.0019	0.0019	0.0000	0.0000	0.0000	0.0000	0.0019	0.0019	0.0000	0.0000	0.0000	0.0000	0.0000	0.0000	0.0000	0.0000	0.0000	0.0000	0.0120	0.0105	0.0015	0.0003	0.0003	0.0000	0.0117	0.0102	0.0015	0.0059	0.0029	0.0030	0.0001	0.0001	0.0000	0.0058	0.0028	0.0030
76	81	0.0356	7	2	0	1	0	0	0	0	0	0	0	1	0	0	0	0	0	0	0	Y	N	N	N	N	N	N	N	N	N	N	N	N	N	N	N	N	N	0.0000	0.0000	0.0000	0.0000	0.0000	0.0000	0.0000	0.0000	0.0000	0.0000	0.0000	0.0000	0.0000	0.0000	0.0000	0.0000	0.0000	0.0000	0.0000	0.0000	0.0000	0.0000	0.0000	0.0000	0.0000	0.0000	0.0000			0.0000	0.0000	1.0000	7.0000	0.0000	2.0013	0.0000	0.0000	0.0000	0.0000	0.0000	0.0000	0.0000	0.0000	0.0000	0.0000	0.0000	0.0000	0.0000	0.0000	0.0000	0.0000	0.0000	0.0000	0.0796	0.0696	0.0100	0.0006	0.0006	0.0000	0.0789	0.0689	0.0100	0.0170	0.0083	0.0087	0.0002	0.0002	0.0000	0.0168	0.0081	0.0086
76	82	0.0356	6	2	0	1	0	1	0	1	0	0	0	1	0	0	0	0	0	0	0	Y	N	N	N	N	N	N	N	N	N	N	N	N	N	N	N	N	N	0.0000	0.0000	0.0000	0.0000	0.0000	0.0000	0.0000	0.0000	0.0000	0.0000	0.0000	0.0000	0.0000	0.0000	0.0000	0.0000	0.0000	0.0000	0.0000	0.0000	0.0000	0.0000	0.0000	0.0000	0.0000	0.0000	0.0000			0.0000	0.0000	1.0000	0.0005	0.0000	0.0029	0.0000	0.0000	0.0000	0.0000	0.0000	0.0000	0.0000	0.0000	0.0000	0.0000	0.0000	0.0000	0.0000	0.0000	0.0000	0.0000	0.0000	0.0000	0.0000	0.0000	0.0000	0.0000	0.0000	0.0000	0.0000	0.0000	0.0000	0.0000	0.0000	0.0000	0.0000	0.0000	0.0000	0.0000	0.0000	0.0000
76	83	0.0226	6	2	0	0	0	0	0	0	0	0	0	2	1	0	0	0	0	0	0	Y	N	N	N	Y	N	N	N	N	N	N	N	N	N	N	N	N	N	inf	inf	0.0000	0.0000	0.0000	0.0000	inf	inf	0.0000	0.0319	0.0365	0.0000	0.0000	0.0000	0.0000	0.0327	0.0375	0.0000	0.0000	0.0000	0.0000	0.0000	0.0000	0.0000	0.0000	0.0000	0.0000	0.0000		-0.0004	0.0000	1.0000	5.0069	0.0000	6.0103	0.0019	0.0019	0.0000	0.0000	0.0000	0.0000	0.0019	0.0019	0.0000	0.0000	0.0000	0.0000	0.0000	0.0000	0.0000	0.0000	0.0000	0.0000	0.0579	0.0507	0.0073	0.0014	0.0013	0.0001	0.0565	0.0494	0.0072	0.0205	0.0100	0.0105	0.0004	0.0003	0.0001	0.0201	0.0097	0.0104
76	84	0.0161	5	2	0	0	0	0	0	0	0	1	1	2	1	0	0	0	0	0	0	Y	N	N	N	Y	N	N	N	N	N	N	N	N	N	N	N	N	N	inf	inf	0.0000	inf	inf	0.0000	inf	inf	0.0000	42.5610	48.7533	0.0000	0.0171	0.0178	0.0000	42.8975	49.1789	0.0000	0.0000	0.0000	0.0000	0.0000	0.0000	0.0000	0.0000	0.0000	0.0000	0.0000		-0.2300	0.0000	1.0000	1.9932	0.0000	0.0278	0.9964	0.9964	0.0000	0.0000	0.0000	0.0000	0.9964	0.9964	0.0000	0.0000	0.0000	0.0000	0.0000	0.0000	0.0000	0.0000	0.0000	0.0000	0.0234	0.0204	0.0030	0.0002	0.0002	0.0000	0.0232	0.0203	0.0030	0.0041	0.0020	0.0021	0.0001	0.0001	0.0000	0.0040	0.0019	0.0021
76	85	0.0644	7	2	0	1	0	0	0	0	0	0	0	1	0	0	0	0	0	0	0	Y	N	N	N	N	N	N	N	N	N	N	N	N	N	N	N	N	N	0.0000	0.0000	0.0000	0.0000	0.0000	0.0000	0.0000	0.0000	0.0000	0.0000	0.0000	0.0000	0.0000	0.0000	0.0000	0.0000	0.0000	0.0000	0.0000	0.0000	0.0000	0.0000	0.0000	0.0000	0.0000	0.0000	0.0000			0.0000	0.0000	1.0000	9.9670	0.0000	12.6920	0.0000	0.0000	0.0000	0.0000	0.0000	0.0000	0.0000	0.0000	0.0000	0.0000	0.0000	0.0000	0.0000	0.0000	0.0000	0.0000	0.0000	0.0000	0.1102	0.0966	0.0136	0.0040	0.0038	0.0002	0.1062	0.0928	0.0134	0.0448	0.0243	0.0205	0.0046	0.0043	0.0003	0.0402	0.0200	0.0202
76	86	0.0579	6	2	0	1	0	1	0	1	0	0	0	1	0	0	0	0	0	0	0	Y	N	N	N	N	N	N	N	N	N	N	N	N	N	N	N	N	N	0.0000	0.0000	0.0000	0.0000	0.0000	0.0000	0.0000	0.0000	0.0000	0.0000	0.0000	0.0000	0.0000	0.0000	0.0000	0.0000	0.0000	0.0000	0.0000	0.0000	0.0000	0.0000	0.0000	0.0000	0.0000	0.0000	0.0000			0.0000	0.0000	1.0000	1.5419	0.0000	1.3342	0.0000	0.0000	0.0000	0.0000	0.0000	0.0000	0.0000	0.0000	0.0000	0.0000	0.0000	0.0000	0.0000	0.0000	0.0000	0.0000	0.0000	0.0000	0.0269	0.0244	0.0025	0.0049	0.0049	0.0000	0.0219	0.0195	0.0025	0.0099	0.0064	0.0035	0.0023	0.0023	0.0000	0.0075	0.0041	0.0034
76	90	0.1021	12	2	0	1	0	0	0	1	0	0	0	1	0	0	0	0	0	0	0	Y	N	N	N	N	N	N	N	N	N	N	N	N	N	N	N	N	N	0.0000	0.0000	0.0000	0.0000	0.0000	0.0000	0.0000	0.0000	0.0000	0.0000	0.0000	0.0000	0.0000	0.0000	0.0000	0.0000	0.0000	0.0000	0.0000	0.0000	0.0000	0.0000	0.0000	0.0000	0.0000	0.0000	0.0000			0.0000	0.0000	1.0000	5.9354	0.0000	8.3561	0.0000	0.0000	0.0000	0.0000	0.0000	0.0000	0.0000	0.0000	0.0000	0.0000	0.0000	0.0000	0.0000	0.0000	0.0000	0.0000	0.0000	0.0000	0.0695	0.0609	0.0086	0.0041	0.0039	0.0002	0.0653	0.0569	0.0084	0.0291	0.0158	0.0133	0.0040	0.0034	0.0005	0.0251	0.0123	0.0128
76	91	0.0853	11	2	0	0	0	0	0	0	0	0	0	1	0	0	0	0	0	0	0	Y	N	N	N	N	N	N	N	N	N	N	N	N	N	N	N	N	N	0.0000	0.0000	0.0000	0.0000	0.0000	0.0000	0.0000	0.0000	0.0000	0.0000	0.0000	0.0000	0.0000	0.0000	0.0000	0.0000	0.0000	0.0000	0.0000	0.0000	0.0000	0.0000	0.0000	0.0000	0.0000	0.0000	0.0000			0.0000	0.0000	1.0000	1.5872	0.0000	4.4746	0.0000	0.0000	0.0000	0.0000	0.0000	0.0000	0.0000	0.0000	0.0000	0.0000	0.0000	0.0000	0.0000	0.0000	0.0000	0.0000	0.0000	0.0000	0.0186	0.0163	0.0023	0.0008	0.0008	0.0000	0.0178	0.0155	0.0023	0.0164	0.0095	0.0070	0.0034	0.0032	0.0002	0.0131	0.0063	0.0068
76	92	0.0227	4	2	0	0	1	0	0	0	1	0	0	2	1	0	0	0	0	0	0	Y	N	N	N	Y	N	N	N	N	N	N	N	N	N	N	N	N	N	0.0000	0.0000	0.0000	0.0000	0.0000	0.0000	0.0000	0.0000	0.0000	0.0000	0.0000	0.0000	0.0000	0.0000	0.0000	0.0000	0.0000	0.0000	0.0000	0.0000	0.0000	0.0000	0.0000	0.0000	0.0000	0.0000	0.0000			0.0000	0.0000	1.0000	1.0091	0.0000	1.9972	0.0000	0.0000	0.0000	0.0000	0.0000	0.0000	0.0000	0.0000	0.0000	0.0000	0.0000	0.0000	0.0000	0.0000	0.0000	0.0000	0.0000	0.0000	0.0119	0.0104	0.0015	0.0002	0.0002	0.0000	0.0117	0.0102	0.0015	0.0060	0.0029	0.0031	0.0001	0.0001	0.0000	0.0059	0.0028	0.0030
76	93	0.0064	3	2	0	0	0	0	0	0	0	0	1	2	1	0	0	0	0	0	0	Y	N	N	N	Y	N	N	N	N	N	N	N	N	N	N	N	N	N	0.0000	0.0000	0.0000	0.0000	0.0000	0.0000	0.0000	0.0000	0.0000	0.0000	0.0000	0.0000	0.0000	0.0000	0.0000	0.0000	0.0000	0.0000	0.0000	0.0000	0.0000	0.0000	0.0000	0.0000	0.0000	0.0000	0.0000			0.0000	0.0000	1.0000	2.0083	0.0000	3.0031	0.0000	0.0000	0.0000	0.0000	0.0000	0.0000	0.0000	0.0000	0.0000	0.0000	0.0000	0.0000	0.0000	0.0000	0.0000	0.0000	0.0000	0.0000	0.0233	0.0203	0.0030	0.0000	0.0000	0.0000	0.0233	0.0203	0.0030	0.0098	0.0047	0.0051	0.0000	0.0000	0.0000	0.0098	0.0047	0.0051
76	94	0.0064	2	2	0	0	0	0	0	0	0	0	0	2	0	0	0	0	0	0	0	Y	N	N	N	Y	N	N	N	N	N	N	N	N	N	N	N	N	N	0.0000	0.0000	0.0000	0.0000	0.0000	0.0000	0.0000	0.0000	0.0000	0.0000	0.0000	0.0000	0.0000	0.0000	0.0000	0.0000	0.0000	0.0000	0.0000	0.0000	0.0000	0.0000	0.0000	0.0000	0.0000	0.0000	0.0000			0.0000	0.0000	1.0000	0.0000	0.0000	0.0002	0.0000	0.0000	0.0000	0.0000	0.0000	0.0000	0.0000	0.0000	0.0000	0.0000	0.0000	0.0000	0.0000	0.0000	0.0000	0.0000	0.0000	0.0000	0.0000	0.0000	0.0000	0.0000	0.0000	0.0000	0.0000	0.0000	0.0000	0.0000	0.0000	0.0000	0.0000	0.0000	0.0000	0.0000	0.0000	0.0000
76	99	0.0324	5	2	0	1	0	1	0	1	0	0	0	1	0	0	0	0	0	0	0	Y	N	N	N	N	N	N	N	N	N	N	N	N	N	N	N	N	N	0.0000	0.0000	0.0000	0.0000	0.0000	0.0000	0.0000	0.0000	0.0000	0.0000	0.0000	0.0000	0.0000	0.0000	0.0000	0.0000	0.0000	0.0000	0.0000	0.0000	0.0000	0.0000	0.0000	0.0000	0.0000	0.0000	0.0000			0.0000	-0.0000	1.0000	5.0000	0.0000	11.0015	0.0000	0.0000	0.0000	0.0000	0.0000	0.0000	0.0000	0.0000	0.0000	0.0000	0.0000	0.0000	0.0000	0.0000	0.0000	0.0000	0.0000	0.0000	0.0573	0.0501	0.0073	0.0005	0.0004	0.0000	0.0569	0.0496	0.0072	0.0290	0.0143	0.0148	0.0004	0.0003	0.0001	0.0286	0.0139	0.0147
76	100	0.1132	15	2	0	1	0	0	0	0	0	0	0	1	0	0	0	0	0	0	0	Y	N	N	N	N	N	N	N	N	N	N	N	N	N	N	N	N	N	0.0000	0.0000	0.0000	0.0000	0.0000	0.0000	0.0000	0.0000	0.0000	0.0000	0.0000	0.0000	0.0000	0.0000	0.0000	0.0000	0.0000	0.0000	0.0000	0.0000	0.0000	0.0000	0.0000	0.0000	0.0000	0.0000	0.0000			0.0000	0.0000	1.0000	2.0003	0.0000	3.6794	0.0000	0.0000	0.0000	0.0000	0.0000	0.0000	0.0000	0.0000	0.0000	0.0000	0.0000	0.0000	0.0000	0.0000	0.0000	0.0000	0.0000	0.0000	0.0235	0.0206	0.0029	0.0015	0.0015	0.0001	0.0220	0.0192	0.0028	0.0117	0.0066	0.0051	0.0021	0.0018	0.0003	0.0096	0.0048	0.0049
76	101	0.1026	14	2	0	1	0	1	0	1	0	0	0	1	0	0	0	0	0	0	0	Y	N	N	N	N	N	N	N	N	N	N	N	N	N	N	N	N	N	0.0000	0.0000	0.0000	0.0000	0.0000	0.0000	0.0000	0.0000	0.0000	0.0000	0.0000	0.0000	0.0000	0.0000	0.0000	0.0000	0.0000	0.0000	0.0000	0.0000	0.0000	0.0000	0.0000	0.0000	0.0000	0.0000	0.0000			0.0000	0.0000	1.0000	0.0087	0.0000	3.3708	0.0000	0.0000	0.0000	0.0000	0.0000	0.0000	0.0000	0.0000	0.0000	0.0000	0.0000	0.0000	0.0000	0.0000	0.0000	0.0000	0.0000	0.0000	0.0004	0.0003	0.0000	0.0002	0.0002	0.0000	0.0002	0.0002	0.0000	0.0064	0.0034	0.0030	0.0008	0.0006	0.0001	0.0057	0.0027	0.0029
76	106	0.0161	5	2	0	1	0	0	0	1	0	0	0	1	0	0	0	0	0	0	0	Y	N	N	N	N	N	N	N	N	N	N	N	N	N	N	N	N	N	inf	inf	0.0000	inf	inf	0.0000	0.0000	0.0000	0.0000	0.0485	0.0556	0.0000	6.5039	6.7670	0.0000	0.0000	0.0000	0.0000	0.0000	0.0000	0.0000	0.0000	0.0000	0.0000	0.0000	0.0000	0.0000	0.0000		-0.0004	0.0000	1.0000	3.0043	0.0000	5.0032	0.0017	0.0017	0.0000	0.0017	0.0017	0.0000	0.0000	0.0000	0.0000	0.0000	0.0000	0.0000	0.0000	0.0000	0.0000	0.0000	0.0000	0.0000	0.0350	0.0306	0.0044	0.0003	0.0003	0.0000	0.0348	0.0303	0.0044	0.0155	0.0075	0.0080	0.0003	0.0002	0.0001	0.0152	0.0073	0.0079
76	107	0.0096	4	2	0	0	0	0	0	0	0	0	0	1	0	0	0	0	0	0	0	Y	N	N	N	N	N	N	N	N	N	N	N	N	N	N	N	N	N	inf	inf	0.0000	0.0000	0.0000	0.0000	inf	inf	0.0000	0.1440	0.1651	0.0000	0.0000	0.0000	0.0000	0.1448	0.1661	0.0000	0.0000	0.0000	0.0000	0.0000	0.0000	0.0000	0.0000	0.0000	0.0000	0.0000		-0.0004	0.0000	1.0000	1.0015	0.0000	0.9989	0.0017	0.0017	0.0000	0.0000	0.0000	0.0000	0.0017	0.0017	0.0000	0.0000	0.0000	0.0000	0.0000	0.0000	0.0000	0.0000	0.0000	0.0000	0.0118	0.0103	0.0015	0.0001	0.0001	0.0000	0.0117	0.0102	0.0015	0.0040	0.0019	0.0021	0.0000	0.0000	0.0000	0.0040	0.0019	0.0021
76	108	0.0064	3	2	0	0	0	0	0	0	0	0	0	1	0	0	0	0	0	0	0	Y	N	N	N	N	N	N	N	N	N	N	N	N	N	N	N	N	N	0.0000	0.0000	0.0000	0.0000	0.0000	0.0000	0.0000	0.0000	0.0000	0.0000	0.0000	0.0000	0.0000	0.0000	0.0000	0.0000	0.0000	0.0000	0.0000	0.0000	0.0000	0.0000	0.0000	0.0000	0.0000	0.0000	0.0000		inf	0.0000	0.0000	1.0000	1.0004	0.0000	0.0020	0.0000	0.0000	0.0000	0.0000	0.0000	0.0000	0.0000	0.0000	0.0000	0.0000	0.0000	0.0000	0.0000	0.0000	0.0000	0.0000	0.0000	0.0000	0.0118	0.0103	0.0015	0.0001	0.0001	0.0000	0.0117	0.0102	0.0015	0.0020	0.0010	0.0010	0.0000	0.0000	0.0000	0.0020	0.0010	0.0010
76	110	0.1078	12	2	0	1	0	0	0	0	0	0	0	1	0	0	0	0	0	0	0	Y	N	N	N	N	N	N	N	N	N	N	N	N	N	N	N	N	N	0.0000	0.0000	0.0000	0.0000	0.0000	0.0000	0.0000	0.0000	0.0000	0.0000	0.0000	0.0000	0.0000	0.0000	0.0000	0.0000	0.0000	0.0000	0.0000	0.0000	0.0000	0.0000	0.0000	0.0000	0.0000	0.0000	0.0000			0.0000	0.0000	1.0000	7.0195	0.0000	5.1243	0.0000	0.0000	0.0000	0.0000	0.0000	0.0000	0.0000	0.0000	0.0000	0.0000	0.0000	0.0000	0.0000	0.0000	0.0000	0.0000	0.0000	0.0000	0.0783	0.0685	0.0097	0.0036	0.0034	0.0002	0.0747	0.0651	0.0095	0.0228	0.0119	0.0109	0.0020	0.0016	0.0004	0.0208	0.0103	0.0105
76	111	0.0853	11	2	0	1	0	0	0	1	0	0	0	1	0	0	0	0	0	0	0	Y	N	N	N	N	N	N	N	N	N	N	N	N	N	N	N	N	N	0.0000	0.0000	0.0000	0.0000	0.0000	0.0000	0.0000	0.0000	0.0000	0.0000	0.0000	0.0000	0.0000	0.0000	0.0000	0.0000	0.0000	0.0000	0.0000	0.0000	0.0000	0.0000	0.0000	0.0000	0.0000	0.0000	0.0000			0.0000	0.0000	1.0000	2.0281	0.0000	3.4706	0.0000	0.0000	0.0000	0.0000	0.0000	0.0000	0.0000	0.0000	0.0000	0.0000	0.0000	0.0000	0.0000	0.0000	0.0000	0.0000	0.0000	0.0000	0.0236	0.0207	0.0030	0.0010	0.0010	0.0001	0.0226	0.0197	0.0029	0.0155	0.0090	0.0065	0.0033	0.0031	0.0002	0.0121	0.0059	0.0063
76	112	0.0718	10	2	0	0	0	1	0	0	0	0	0	1	0	0	0	0	0	0	0	Y	N	N	N	N	N	N	N	N	N	N	N	N	N	N	N	N	N	0.0000	0.0000	0.0000	0.0000	0.0000	0.0000	0.0000	0.0000	0.0000	0.0000	0.0000	0.0000	0.0000	0.0000	0.0000	0.0000	0.0000	0.0000	0.0000	0.0000	0.0000	0.0000	0.0000	0.0000	0.0000	0.0000	0.0000			0.0000	0.0000	1.0000	3.0209	0.0000	2.2550	0.0000	0.0000	0.0000	0.0000	0.0000	0.0000	0.0000	0.0000	0.0000	0.0000	0.0000	0.0000	0.0000	0.0000	0.0000	0.0000	0.0000	0.0000	0.0357	0.0312	0.0045	0.0012	0.0011	0.0001	0.0345	0.0301	0.0044	0.0154	0.0091	0.0064	0.0034	0.0032	0.0002	0.0120	0.0058	0.0062
76	120	0.0622	11	1	0	1	0	0	0	0	0	0	0	2	0	0	0	0	0	0	0	N	N	N	N	Y	N	N	N	N	N	N	N	N	N	N	N	N	N	0.0000	0.0000	0.0000	0.0000	0.0000	0.0000	0.0000	0.0000	0.0000	0.0000	0.0000	0.0000	0.0000	0.0000	0.0000	0.0000	0.0000	0.0000	0.0000	0.0000	0.0000	0.0000	0.0000	0.0000	0.0000	0.0000	0.0000			0.0000	0.0000	1.0000	2.9998	0.0000	1.0000	0.0000	0.0000	0.0000	0.0000	0.0000	0.0000	0.0000	0.0000	0.0000	0.0000	0.0000	0.0000	0.0000	0.0000	0.0000	0.0000	0.0000	0.0000	0.0342	0.0299	0.0043	0.0010	0.0009	0.0001	0.0332	0.0289	0.0042	0.0074	0.0036	0.0038	0.0002	0.0001	0.0000	0.0072	0.0035	0.0038
76	121	0.0622	10	1	0	1	0	0	0	0	0	1	0	2	0	0	0	0	0	0	0	N	N	N	N	Y	N	N	N	N	N	N	N	N	N	N	N	N	N	0.0000	0.0000	0.0000	0.0000	0.0000	0.0000	0.0000	0.0000	0.0000	0.0000	0.0000	0.0000	0.0000	0.0000	0.0000	0.0000	0.0000	0.0000	0.0000	0.0000	0.0000	0.0000	0.0000	0.0000	0.0000	0.0000	0.0000			0.0000	0.0000	1.0000	0.0006	0.0000	0.0007	0.0000	0.0000	0.0000	0.0000	0.0000	0.0000	0.0000	0.0000	0.0000	0.0000	0.0000	0.0000	0.0000	0.0000	0.0000	0.0000	0.0000	0.0000	0.0000	0.0000	0.0000	0.0000	0.0000	0.0000	0.0000	0.0000	0.0000	0.0000	0.0000	0.0000	0.0000	0.0000	0.0000	0.0000	0.0000	0.0000
76	126	0.0654	11	2	0	1	0	0	0	0	0	0	0	1	0	0	0	0	0	0	0	Y	N	N	N	N	N	N	N	N	N	N	N	N	N	N	N	N	N	0.0000	0.0000	0.0000	0.0000	0.0000	0.0000	0.0000	0.0000	0.0000	0.0000	0.0000	0.0000	0.0000	0.0000	0.0000	0.0000	0.0000	0.0000	0.0000	0.0000	0.0000	0.0000	0.0000	0.0000	0.0000	0.0000	0.0000			0.0000	0.0000	1.0000	1.0002	0.0000	2.0058	0.0000	0.0000	0.0000	0.0000	0.0000	0.0000	0.0000	0.0000	0.0000	0.0000	0.0000	0.0000	0.0000	0.0000	0.0000	0.0000	0.0000	0.0000	0.0115	0.0101	0.0015	0.0003	0.0003	0.0000	0.0112	0.0098	0.0014	0.0056	0.0028	0.0029	0.0002	0.0002	0.0000	0.0055	0.0026	0.0028
76	133	0.0858	8	2	0	1	0	0	0	0	0	0	0	2	0	0	0	0	0	0	0	Y	N	N	N	Y	N	N	N	N	N	N	N	N	N	N	N	N	N	0.0000	0.0000	0.0000	0.0000	0.0000	0.0000	0.0000	0.0000	0.0000	0.0000	0.0000	0.0000	0.0000	0.0000	0.0000	0.0000	0.0000	0.0000	0.0000	0.0000	0.0000	0.0000	0.0000	0.0000	0.0000	0.0000	0.0000			0.0000	0.0000	1.0000	0.0000	0.0000	0.0001	0.0000	0.0000	0.0000	0.0000	0.0000	0.0000	0.0000	0.0000	0.0000	0.0000	0.0000	0.0000	0.0000	0.0000	0.0000	0.0000	0.0000	0.0000	0.0000	0.0000	0.0000	0.0000	0.0000	0.0000	0.0000	0.0000	0.0000	0.0000	0.0000	0.0000	0.0000	0.0000	0.0000	0.0000	0.0000	0.0000
76	134	0.0457	7	2	0	1	0	1	0	1	0	1	0	2	0	0	0	0	0	0	0	Y	N	N	N	Y	N	N	N	N	N	N	N	N	N	N	N	N	N	0.0000	0.0000	0.0000	0.0000	0.0000	0.0000	0.0000	0.0000	0.0000	0.0000	0.0000	0.0000	0.0000	0.0000	0.0000	0.0000	0.0000	0.0000	0.0000	0.0000	0.0000	0.0000	0.0000	0.0000	0.0000	0.0000	0.0000			0.0000	0.0000	1.0000	4.0005	0.0000	6.9251	0.0000	0.0000	0.0000	0.0000	0.0000	0.0000	0.0000	0.0000	0.0000	0.0000	0.0000	0.0000	0.0000	0.0000	0.0000	0.0000	0.0000	0.0000	0.0463	0.0405	0.0059	0.0005	0.0005	0.0000	0.0458	0.0400	0.0058	0.0211	0.0104	0.0107	0.0007	0.0007	0.0000	0.0204	0.0098	0.0106
76	135	0.0783	12	2	0	1	0	0	0	0	0	0	0	2	0	0	0	0	0	0	0	Y	N	N	N	Y	N	N	N	N	N	N	N	N	N	N	N	N	N	0.0000	0.0000	0.0000	0.0000	0.0000	0.0000	0.0000	0.0000	0.0000	0.0000	0.0000	0.0000	0.0000	0.0000	0.0000	0.0000	0.0000	0.0000	0.0000	0.0000	0.0000	0.0000	0.0000	0.0000	0.0000	0.0000	0.0000			0.0000	0.0000	1.0000	0.9923	0.0000	0.0060	0.0000	0.0000	0.0000	0.0000	0.0000	0.0000	0.0000	0.0000	0.0000	0.0000	0.0000	0.0000	0.0000	0.0000	0.0000	0.0000	0.0000	0.0000	0.0116	0.0102	0.0015	0.0005	0.0005	0.0000	0.0111	0.0097	0.0014	0.0018	0.0009	0.0009	0.0001	0.0001	0.0000	0.0017	0.0008	0.0009
76	136	0.0654	11	2	0	1	0	0	0	0	0	1	0	2	0	0	0	0	0	0	0	Y	N	N	N	Y	N	N	N	N	N	N	N	N	N	N	N	N	N	0.0000	0.0000	0.0000	0.0000	0.0000	0.0000	0.0000	0.0000	0.0000	0.0000	0.0000	0.0000	0.0000	0.0000	0.0000	0.0000	0.0000	0.0000	0.0000	0.0000	0.0000	0.0000	0.0000	0.0000	0.0000	0.0000	0.0000			0.0000	0.0000	1.0000	2.0106	0.0000	2.0023	0.0000	0.0000	0.0000	0.0000	0.0000	0.0000	0.0000	0.0000	0.0000	0.0000	0.0000	0.0000	0.0000	0.0000	0.0000	0.0000	0.0000	0.0000	0.0230	0.0201	0.0029	0.0007	0.0006	0.0000	0.0223	0.0194	0.0029	0.0074	0.0037	0.0038	0.0002	0.0002	0.0000	0.0072	0.0035	0.0038
76	137	0.0622	10	2	0	1	0	1	0	0	0	0	0	1	0	0	0	0	0	0	0	Y	N	N	N	N	N	N	N	N	N	N	N	N	N	N	N	N	N	0.0000	0.0000	0.0000	0.0000	0.0000	0.0000	0.0000	0.0000	0.0000	0.0000	0.0000	0.0000	0.0000	0.0000	0.0000	0.0000	0.0000	0.0000	0.0000	0.0000	0.0000	0.0000	0.0000	0.0000	0.0000	0.0000	0.0000			0.0000	0.0000	1.0000	0.0008	0.0000	1.0019	0.0000	0.0000	0.0000	0.0000	0.0000	0.0000	0.0000	0.0000	0.0000	0.0000	0.0000	0.0000	0.0000	0.0000	0.0000	0.0000	0.0000	0.0000	0.0000	0.0000	0.0000	0.0000	0.0000	0.0000	0.0000	0.0000	0.0000	0.0019	0.0009	0.0010	0.0000	0.0000	0.0000	0.0018	0.0009	0.0010
77	78	0.0943	11	2	0	1	0	1	0	1	0	0	0	1	1	0	0	0	0	0	0	Y	N	N	N	N	N	N	N	N	N	N	N	N	N	N	N	N	N	0.0000	0.0000	0.0000	0.0000	0.0000	0.0000	0.0000	0.0000	0.0000	0.0000	0.0000	0.0000	0.0000	0.0000	0.0000	0.0000	0.0000	0.0000	0.0141	0.0273	0.0000	0.2775	0.3254	0.0000	0.0000	0.0000	0.0000		0.0000	0.0000	-0.0001	3.3326	0.0000	4.0108	0.9988	0.0000	0.0000	0.0000	0.0000	0.0000	0.0000	0.0000	0.0000	0.0000	0.0002	0.0002	0.0000	0.0002	0.0002	0.0000	0.0000	0.0000	0.0000	0.0000	0.0000	0.0000	0.0000	0.0000	0.0000	0.0000	0.0000	0.0000	0.0141	0.0073	0.0068	0.0007	0.0006	0.0001	0.0134	0.0067	0.0067
77	79	0.0910	10	2	0	0	0	1	0	0	0	0	0	1	1	0	0	0	0	0	0	Y	N	N	N	N	N	N	N	N	N	N	N	N	N	N	N	N	N	0.0000	0.0000	0.0000	0.0000	0.0000	0.0000	0.0000	0.0000	0.0000	0.0000	0.0000	0.0000	0.0000	0.0000	0.0000	0.0000	0.0000	0.0000	0.0000	0.0001	0.0000	0.0011	0.0013	0.0000	0.0000	0.0000	0.0000		0.0036	0.0000	-0.0000	3.3326	0.0001	4.0108	1.0072	0.0000	0.0000	0.0000	0.0000	0.0000	0.0000	0.0000	0.0000	0.0000	0.0000	0.0000	0.0000	0.0000	0.0000	0.0000	0.0000	0.0000	0.0000	0.0000	0.0000	0.0000	0.0000	0.0000	0.0000	0.0000	0.0000	0.0000	0.0140	0.0071	0.0069	0.0006	0.0005	0.0001	0.0134	0.0066	0.0068
77	80	0.0813	9	2	0	0	0	1	0	0	0	0	0	1	1	0	0	0	0	0	0	Y	N	N	N	N	N	N	N	N	N	N	N	N	N	N	N	N	N	0.0000	0.0000	0.0000	0.0000	0.0000	0.0000	0.0000	0.0000	0.0000	0.0000	0.0000	0.0000	0.0000	0.0000	0.0000	0.0000	0.0000	0.0000	0.0010	0.0019	0.0000	0.0245	0.0295	0.0000	0.0000	0.0000	0.0000		0.0001	0.0000	-0.0000	3.3326	1.0058	4.0108	1.9973	0.0000	0.0000	0.0000	0.0000	0.0000	0.0000	0.0000	0.0000	0.0000	0.0000	0.0000	0.0000	0.0000	0.0000	0.0000	0.0000	0.0000	0.0000	0.0431	0.0378	0.0053	0.0027	0.0026	0.0001	0.0403	0.0352	0.0052	0.0415	0.0211	0.0204	0.0016	0.0013	0.0003	0.0399	0.0197	0.0201
77	81	0.0424	8	2	0	1	0	1	0	0	0	0	0	0	0	0	0	0	0	0	0	Y	N	N	N	N	N	N	N	N	N	N	N	N	N	N	N	N	N	245.2467	139.9907	0.0000	133.6460	122.8152	0.0000	0.0000	0.0000	0.0000	0.0007	0.0008	0.0000	0.0179	0.0181	0.0000	0.0000	0.0000	0.0000	0.0000	0.0000	0.0000	0.0001	0.0001	0.0000	0.0000	0.0000	0.0000	0.0000	0.0000	-0.0000	-0.0000	3.3326	7.0000	4.0108	2.0013	0.0002	0.0002	0.0000	0.0002	0.0002	0.0000	0.0000	0.0000	0.0000	0.0000	0.0000	0.0000	0.0000	0.0000	0.0000	0.0000	0.0000	0.0000	0.2853	0.2504	0.0349	0.0117	0.0116	0.0001	0.2736	0.2388	0.0347	0.1219	0.0611	0.0608	0.0027	0.0025	0.0003	0.1192	0.0586	0.0606
77	82	0.0424	7	2	0	1	0	2	0	1	0	0	0	0	0	0	0	0	0	0	0	Y	N	N	N	N	N	N	N	N	N	N	N	N	N	N	N	N	N	0.0000	0.0000	0.0000	0.0000	0.0000	0.0000	0.0000	0.0000	0.0000	0.0000	0.0000	0.0000	0.0000	0.0000	0.0000	0.0000	0.0000	0.0000	0.0050	0.0035	0.0086	0.0073	0.0073	0.0000	0.0038	0.0000	0.0086		1.0000	0.0000	-0.0000	3.3326	0.0005	4.0108	0.0029	0.0000	0.0000	0.0000	0.0000	0.0000	0.0000	0.0000	0.0000	0.0000	0.0000	0.0000	0.0000	0.0000	0.0000	0.0000	0.0000	0.0000	0.0000	0.0000	0.0000	0.0000	0.0000	0.0000	0.0000	0.0000	0.0000	0.0000	0.0001	0.0001	0.0000	0.0000	0.0000	0.0000	0.0001	0.0001	0.0000
77	83	0.0813	9	2	0	0	0	1	0	0	0	0	0	1	1	0	0	0	0	0	0	Y	N	N	N	N	N	N	N	N	N	N	N	N	N	N	N	N	N	0.0000	0.0000	0.0000	0.0000	0.0000	0.0000	0.0000	0.0000	0.0000	0.0000	0.0000	0.0000	0.0000	0.0000	0.0000	0.0000	0.0000	0.0000	0.0000	0.0000	0.0000	0.0000	0.0000	0.0000	0.0000	0.0000	0.0000		inf	0.0000	0.0000	3.3326	5.0069	4.0108	6.0103	0.0000	0.0000	0.0000	0.0000	0.0000	0.0000	0.0000	0.0000	0.0000	0.0000	0.0000	0.0000	0.0000	0.0000	0.0000	0.0000	0.0000	0.0000	0.2075	0.1823	0.0252	0.0125	0.0121	0.0004	0.1950	0.1702	0.0248	0.1444	0.0732	0.0712	0.0050	0.0040	0.0010	0.1395	0.0692	0.0702
77	84	0.0749	8	2	0	0	0	1	0	0	0	1	1	1	1	0	0	0	0	0	0	Y	N	N	N	N	N	N	N	N	N	N	N	N	N	N	N	N	N	16.8178	12.0143	0.0000	19.5051	16.7020	0.0000	0.0000	0.0000	0.0000	0.0002	0.0003	0.0000	0.0053	0.0054	0.0000	0.0000	0.0000	0.0000	0.0000	0.0000	0.0000	0.0003	0.0003	0.0000	0.0000	0.0000	0.0000	0.0000	0.2275	-0.0000	-0.0000	3.3326	1.9932	4.0108	0.0278	0.0000	0.0000	0.0000	0.0000	0.0000	0.0000	0.0000	0.0000	0.0000	0.0000	0.0000	0.0000	0.0000	0.0000	0.0000	0.0000	0.0000	0.0000	0.0838	0.0735	0.0103	0.0038	0.0037	0.0001	0.0801	0.0698	0.0102	0.0289	0.0147	0.0141	0.0012	0.0010	0.0002	0.0276	0.0137	0.0139
77	85	0.0648	6	2	0	1	0	1	0	0	0	0	0	0	0	0	0	0	0	0	0	Y	N	N	N	N	N	N	N	N	N	N	N	N	N	N	N	N	N	5.6605	4.1346	0.0000	7.9211	8.8536	0.0000	4.5241	inf	0.0000	0.0000	0.0000	0.0000	0.0001	0.0001	0.0000	0.0000	0.0000	0.0000	0.0000	0.0000	0.0000	0.0000	0.0000	0.0000	0.0000	0.0000	0.0000	0.0000	0.1784	-0.0000	-0.0000	3.3326	9.9670	4.0108	12.6920	0.0000	0.0000	0.0000	0.0000	0.0000	0.0000	0.0000	0.0000	0.0000	0.0000	0.0000	0.0000	0.0000	0.0000	0.0000	0.0000	0.0000	0.0000	0.3995	0.3517	0.0479	0.0265	0.0259	0.0006	0.3730	0.3258	0.0472	0.3194	0.1743	0.1451	0.0295	0.0278	0.0017	0.2899	0.1465	0.1434
77	86	0.0583	5	2	0	1	0	2	0	1	0	0	0	0	0	0	0	0	0	0	0	Y	N	N	N	N	N	N	N	N	N	N	N	N	N	N	N	N	N	9.0070	6.9610	17.6040	12.0756	11.5173	62.3577	0.6171	inf	2.0663	0.0004	0.0004	0.0003	0.0019	0.0018	0.0221	0.0000	0.0000	0.0000	0.0000	0.0001	0.0000	0.0002	0.0002	0.0004	0.0000	0.0000	0.0000	0.0804	0.1695	-0.0000	-0.0000	3.3326	1.5419	4.0108	1.3342	0.0000	0.0000	0.0000	0.0000	0.0000	0.0000	0.0000	0.0000	0.0000	0.0000	0.0000	0.0000	0.0000	0.0000	0.0000	0.0000	0.0000	0.0000	0.0940	0.0853	0.0087	0.0182	0.0181	0.0001	0.0758	0.0672	0.0086	0.0699	0.0453	0.0246	0.0161	0.0159	0.0002	0.0538	0.0294	0.0244
77	90	0.0785	5	2	0	1	0	1	0	1	0	0	0	0	0	0	0	0	0	0	0	Y	N	N	N	N	N	N	N	N	N	N	N	N	N	N	N	N	N	621.5094	0.0000	inf	0.0406	0.0000	inf	2896397.2511	0.0000	inf	3.8466	0.0000	32.0456	0.0020	0.0000	0.0864	4.1775	0.0000	32.5334	0.0062	0.0114	0.0000	0.0485	0.0553	0.0000	0.0000	0.0000	0.0000	inf	0.0000	0.7506	-0.0008	3.3326	5.9354	4.0108	8.3561	0.9758	0.0000	0.9758	0.0000	0.0000	0.0000	0.9757	0.0000	0.9757	0.0013	0.0013	0.0000	0.0013	0.0013	0.0000	0.0000	0.0000	0.0000	0.2537	0.2232	0.0304	0.0201	0.0196	0.0005	0.2336	0.2036	0.0300	0.2107	0.1145	0.0962	0.0269	0.0236	0.0033	0.1839	0.0909	0.0929
77	91	0.0617	4	2	0	0	0	1	0	0	0	0	0	0	0	0	0	0	0	0	0	Y	N	N	N	N	N	N	N	N	N	N	N	N	N	N	N	N	N	18.0663	5.5880	1789.5054	25.2982	24.3935	1.2330	380.1632	0.0000	2060.3477	0.2921	0.1546	1.2699	2.0170	2.0577	0.0048	0.1678	0.0000	1.2837	0.0162	0.0277	0.0007	0.0797	0.0844	0.0039	0.0004	0.0002	0.0006	1.1545	0.0191	0.0061	-0.0012	3.3326	1.5872	4.0108	4.4746	0.0200	0.0093	0.0107	0.0093	0.0093	0.0000	0.0107	0.0000	0.0107	0.0019	0.0019	0.0000	0.0019	0.0019	0.0000	0.0000	0.0000	0.0000	0.0683	0.0599	0.0084	0.0046	0.0045	0.0001	0.0637	0.0554	0.0083	0.1201	0.0688	0.0512	0.0238	0.0224	0.0014	0.0963	0.0464	0.0499
77	92	0.0880	11	2	0	0	1	1	0	0	1	0	0	1	1	0	0	0	0	0	0	Y	N	N	N	N	N	N	N	N	N	N	N	N	N	N	N	N	N	89579.3129	0.0000	inf	36031.9016	0.0000	inf	0.0000	0.0000	0.0000	0.2035	0.0000	1.6514	2.8101	0.0000	45.2610	0.0000	0.0000	0.0000	0.0000	0.0000	0.0000	0.0001	0.0001	0.0000	0.0000	0.0000	0.0000	inf	0.0000	0.0066	-0.0000	3.3326	1.0091	4.0108	1.9972	0.0086	0.0000	0.0086	0.0086	0.0000	0.0086	0.0000	0.0000	0.0000	0.0000	0.0000	0.0000	0.0000	0.0000	0.0000	0.0000	0.0000	0.0000	0.0423	0.0371	0.0052	0.0031	0.0029	0.0002	0.0392	0.0342	0.0050	0.0412	0.0206	0.0206	0.0012	0.0009	0.0003	0.0400	0.0197	0.0203
77	93	0.0717	10	2	0	0	0	1	0	0	0	0	1	1	1	0	0	0	0	0	0	Y	N	N	N	N	N	N	N	N	N	N	N	N	N	N	N	N	N	18.2011	10.3047	0.0000	5.6372	4.9798	0.0000	0.0000	0.0000	0.0000	0.1047	0.1194	0.0000	2.0574	2.0953	0.0000	0.0000	0.0000	0.0000	0.0058	0.0116	0.0000	0.3650	0.4208	0.0000	0.0000	0.0000	0.0000	0.0000	0.0000	-0.0020	-0.0002	3.3326	2.0083	4.0108	3.0031	0.0086	0.0086	0.0000	0.0086	0.0086	0.0000	0.0000	0.0000	0.0000	0.0004	0.0004	0.0000	0.0004	0.0004	0.0000	0.0000	0.0000	0.0000	0.0821	0.0721	0.0101	0.0042	0.0041	0.0001	0.0780	0.0680	0.0100	0.0678	0.0337	0.0341	0.0011	0.0009	0.0001	0.0667	0.0327	0.0340
77	94	0.0717	9	2	0	0	0	1	0	0	0	0	0	1	0	0	0	0	0	0	0	Y	N	N	N	N	N	N	N	N	N	N	N	N	N	N	N	N	N	0.0000	0.0000	0.0000	0.0000	0.0000	0.0000	0.0000	0.0000	0.0000	0.0000	0.0000	0.0000	0.0000	0.0000	0.0000	0.0000	0.0000	0.0000	0.0025	0.0020	0.0037	0.0094	0.0048	0.5698	0.0000	0.0000	0.0000		1.0000	0.0000	-0.0000	3.3326	0.0000	4.0108	0.0002	0.0000	0.0000	0.0000	0.0000	0.0000	0.0000	0.0000	0.0000	0.0000	0.0000	0.0000	0.0000	0.0000	0.0000	0.0000	0.0000	0.0000	0.0000	0.0000	0.0000	0.0000	0.0000	0.0000	0.0000	0.0000	0.0000	0.0000	0.0000	0.0000	0.0000	0.0000	0.0000	0.0000	0.0000	0.0000	0.0000
77	95	0.0685	8	2	0	0	0	1	0	0	0	0	0	1	0	0	0	0	0	0	0	Y	N	N	N	N	N	N	N	N	N	N	N	N	N	N	N	N	N	0.0000	0.0000	0.0000	0.0000	0.0000	0.0000	0.0000	0.0000	0.0000	0.0000	0.0000	0.0000	0.0000	0.0000	0.0000	0.0000	0.0000	0.0000	0.0000	0.0000	0.0000	0.0000	0.0000	0.0000	0.0000	0.0000	0.0000		0.0000	0.0000	-0.0000	3.3326	1.0000	4.0108	0.0001	0.0000	0.0000	0.0000	0.0000	0.0000	0.0000	0.0000	0.0000	0.0000	0.0000	0.0000	0.0000	0.0000	0.0000	0.0000	0.0000	0.0000	0.0000	0.0414	0.0363	0.0051	0.0020	0.0020	0.0000	0.0394	0.0343	0.0051	0.0138	0.0069	0.0070	0.0002	0.0002	0.0000	0.0136	0.0067	0.0069
77	96	0.0685	7	2	0	0	0	1	0	0	0	1	0	1	0	0	0	0	0	0	0	Y	N	N	N	N	N	N	N	N	N	N	N	N	N	N	N	N	N	0.0000	0.0000	0.0000	0.0000	0.0000	0.0000	0.0000	0.0000	0.0000	0.0000	0.0000	0.0000	0.0000	0.0000	0.0000	0.0000	0.0000	0.0000	0.0000	0.0000	0.0000	0.0000	0.0000	0.0000	0.0000	0.0000	0.0000			0.0000	0.0000	3.3326	0.0000	4.0108	0.0001	0.0000	0.0000	0.0000	0.0000	0.0000	0.0000	0.0000	0.0000	0.0000	0.0000	0.0000	0.0000	0.0000	0.0000	0.0000	0.0000	0.0000	0.0000	0.0000	0.0000	0.0000	0.0000	0.0000	0.0000	0.0000	0.0000	0.0000	0.0000	0.0000	0.0000	0.0000	0.0000	0.0000	0.0000	0.0000	0.0000
77	97	0.0652	6	2	0	0	0	1	0	0	0	0	0	0	0	0	0	0	0	0	0	Y	N	N	N	N	N	N	N	N	N	N	N	N	N	N	N	N	N	0.0000	0.0000	0.0000	0.0000	0.0000	0.0000	0.0000	0.0000	0.0000	0.0000	0.0000	0.0000	0.0000	0.0000	0.0000	0.0000	0.0000	0.0000	0.0000	0.0000	0.0000	0.0000	0.0000	0.0000	0.0000	0.0000	0.0000			0.0000	0.0000	3.3326	0.9999	4.0108	0.0008	0.0000	0.0000	0.0000	0.0000	0.0000	0.0000	0.0000	0.0000	0.0000	0.0000	0.0000	0.0000	0.0000	0.0000	0.0000	0.0000	0.0000	0.0000	0.0422	0.0370	0.0052	0.0019	0.0019	0.0000	0.0403	0.0351	0.0052	0.0140	0.0070	0.0070	0.0002	0.0002	0.0000	0.0138	0.0068	0.0070
77	99	0.0393	6	2	0	1	0	2	0	1	0	0	0	0	0	0	0	0	0	0	0	Y	N	N	N	N	N	N	N	N	N	N	N	N	N	N	N	N	N	4371.0223	2478.3433	inf	0.0000	0.0000	0.0000	inf	inf	inf	4.8603	5.5396	0.0008	0.0000	0.0000	0.0000	5.0671	5.8066	0.0008	0.0011	0.0022	0.0000	0.3013	0.3026	0.0000	0.0000	0.0000	0.0000	0.0000	0.0000	-0.2304	-0.0001	3.3326	5.0000	4.0108	11.0015	0.9986	0.9986	0.0000	0.0000	0.0000	0.0000	0.9986	0.9986	0.0000	0.0002	0.0002	0.0000	0.0002	0.0002	0.0000	0.0000	0.0000	0.0000	0.2055	0.1803	0.0252	0.0084	0.0083	0.0001	0.1971	0.1720	0.0251	0.2068	0.1029	0.1039	0.0008	0.0008	0.0000	0.2061	0.1021	0.1039
77	100	0.0897	8	2	0	1	0	1	0	0	0	0	0	0	0	0	0	0	0	0	0	Y	N	N	N	N	N	N	N	N	N	N	N	N	N	N	N	N	N	0.0000	0.0000	0.0000	0.0000	0.0000	0.0000	0.0000	0.0000	0.0000	0.0000	0.0000	0.0000	0.0000	0.0000	0.0000	0.0000	0.0000	0.0000	0.0000	0.0000	0.0000	0.0001	0.0000	0.0001	0.0000	0.0000	0.0000		0.7679	0.0000	-0.0000	3.3326	2.0003	4.0108	3.6794	0.0000	0.0000	0.0000	0.0000	0.0000	0.0000	0.0000	0.0000	0.0000	0.0000	0.0000	0.0000	0.0000	0.0000	0.0000	0.0000	0.0000	0.0000	0.0859	0.0757	0.0102	0.0075	0.0072	0.0002	0.0784	0.0685	0.0100	0.0851	0.0475	0.0375	0.0139	0.0120	0.0018	0.0712	0.0355	0.0357
77	101	0.0790	7	2	0	1	0	2	0	1	0	0	0	0	0	0	0	0	0	0	0	Y	N	N	N	N	N	N	N	N	N	N	N	N	N	N	N	N	N	0.0000	0.0000	0.0000	0.0000	0.0000	0.0000	0.0000	0.0000	0.0000	0.0000	0.0000	0.0000	0.0000	0.0000	0.0000	0.0000	0.0000	0.0000	0.0011	0.0004	0.0018	0.0020	0.0024	0.0000	0.0010	0.0000	0.0019		3.8915	0.0000	0.0000	3.3326	0.0087	4.0108	3.3708	0.0000	0.0000	0.0000	0.0000	0.0000	0.0000	0.0000	0.0000	0.0000	0.0001	0.0000	0.0000	0.0000	0.0000	0.0000	0.0000	0.0000	0.0000	0.0013	0.0011	0.0001	0.0005	0.0005	0.0000	0.0008	0.0006	0.0001	0.0467	0.0245	0.0222	0.0050	0.0042	0.0008	0.0417	0.0203	0.0213
77	106	0.0749	8	2	0	1	0	1	0	1	0	0	0	0	0	0	0	0	0	0	0	Y	N	N	N	N	N	N	N	N	N	N	N	N	N	N	N	N	N	9634.5315	5557.4721	0.0000	0.0000	0.0000	0.0000	243276082.7066	inf	0.0000	7.9555	9.0673	0.0000	0.0000	0.0000	0.0000	8.3285	9.5475	0.0000	0.0008	0.0016	0.0000	0.0239	0.0295	0.0000	0.0000	0.0000	0.0000	0.0000	0.0000	-0.2305	-0.0001	3.3326	3.0043	4.0108	5.0032	0.9986	0.9986	0.0000	0.0000	0.0000	0.0000	0.9986	0.9986	0.0000	0.0001	0.0001	0.0000	0.0001	0.0001	0.0000	0.0000	0.0000	0.0000	0.1255	0.1101	0.0154	0.0056	0.0055	0.0001	0.1199	0.1046	0.0153	0.1089	0.0551	0.0538	0.0038	0.0030	0.0007	0.1052	0.0521	0.0531
77	107	0.0684	7	2	0	0	0	1	0	0	0	0	0	0	0	0	0	0	0	0	0	Y	N	N	N	N	N	N	N	N	N	N	N	N	N	N	N	N	N	174.0685	99.4465	0.0000	0.0000	0.0000	0.0000	inf	inf	0.0000	0.0005	0.0005	0.0000	0.0000	0.0000	0.0000	0.0005	0.0006	0.0000	0.0000	0.0000	0.0000	0.0002	0.0002	0.0000	0.0000	0.0000	0.0000	0.0000	0.0000	-0.0000	-0.0000	3.3326	1.0015	4.0108	0.9989	0.0000	0.0000	0.0000	0.0000	0.0000	0.0000	0.0000	0.0000	0.0000	0.0000	0.0000	0.0000	0.0000	0.0000	0.0000	0.0000	0.0000	0.0000	0.0422	0.0370	0.0052	0.0019	0.0019	0.0000	0.0403	0.0352	0.0052	0.0278	0.0139	0.0139	0.0005	0.0004	0.0001	0.0274	0.0136	0.0138
77	108	0.0652	6	2	0	0	0	1	0	0	0	0	0	0	0	0	0	0	0	0	0	Y	N	N	N	N	N	N	N	N	N	N	N	N	N	N	N	N	N	0.0000	0.0000	0.0000	0.0000	0.0000	0.0000	0.0000	0.0000	0.0000	0.0000	0.0000	0.0000	0.0000	0.0000	0.0000	0.0000	0.0000	0.0000	0.0000	0.0000	0.0000	0.0000	0.0000	0.0000	0.0000	0.0000	0.0000			0.0000	0.0000	3.3326	1.0004	4.0108	0.0020	0.0000	0.0000	0.0000	0.0000	0.0000	0.0000	0.0000	0.0000	0.0000	0.0000	0.0000	0.0000	0.0000	0.0000	0.0000	0.0000	0.0000	0.0000	0.0422	0.0370	0.0052	0.0019	0.0019	0.0000	0.0403	0.0351	0.0052	0.0140	0.0070	0.0070	0.0002	0.0002	0.0000	0.0138	0.0068	0.0070
77	109	0.0393	5	2	0	0	0	2	0	0	0	0	0	0	0	0	0	0	0	0	0	Y	N	N	N	N	N	N	N	N	N	N	N	N	N	N	N	N	N	inf	0.0000	inf	0.0000	0.0000	0.0000	inf	0.0000	inf	0.0002	0.0000	0.0013	0.0000	0.0000	0.0000	0.0002	0.0000	0.0013	0.0000	0.0000	0.0000	0.0000	0.0000	0.0000	0.0000	0.0000	0.0000	inf		0.0000	0.0000	3.3326	3.0035	4.0108	5.0043	0.0000	0.0000	0.0000	0.0000	0.0000	0.0000	0.0000	0.0000	0.0000	0.0000	0.0000	0.0000	0.0000	0.0000	0.0000	0.0000	0.0000	0.0000	0.1249	0.1095	0.0154	0.0051	0.0050	0.0001	0.1198	0.1045	0.0153	0.1080	0.0536	0.0544	0.0004	0.0004	0.0000	0.1076	0.0532	0.0544
77	110	0.0842	5	2	0	1	0	1	0	0	0	0	0	0	0	0	0	0	0	0	0	Y	N	N	N	N	N	N	N	N	N	N	N	N	N	N	N	N	N	118.5662	70.4279	0.0000	26.7804	22.6985	0.0000	120.4568	68.9949	0.0000	3.4419	3.9106	0.0000	0.3201	0.3280	0.0000	3.6685	4.2013	0.0000	0.0290	0.0555	0.0005	0.0120	0.0144	0.0032	0.0305	0.0609	0.0004	0.0000	0.0078	-0.2276	-0.0029	3.3326	7.0195	4.0108	5.1243	0.9860	0.9860	0.0000	0.0062	0.0062	0.0000	0.9798	0.9798	0.0000	0.0048	0.0048	0.0000	0.0002	0.0001	0.0000	0.0046	0.0046	0.0000	0.2865	0.2521	0.0343	0.0194	0.0189	0.0005	0.2671	0.2332	0.0339	0.1654	0.0858	0.0796	0.0127	0.0099	0.0028	0.1526	0.0759	0.0768
77	111	0.0617	4	2	0	1	0	1	0	1	0	0	0	0	0	0	0	0	0	0	0	Y	N	N	N	N	N	N	N	N	N	N	N	N	N	N	N	N	N	0.0208	0.0086	20.9532	124.5604	629.4575	0.0107	0.0074	0.0004	25.5958	0.1839	0.1308	0.5639	1.6332	1.6668	0.0021	0.0820	0.0091	0.5700	8.8198	15.2442	0.0269	0.0131	0.0026	0.1979	11.1355	23.1317	0.0223	0.6030	0.0013	0.0023	-0.6150	3.3326	2.0281	4.0108	3.4706	0.0159	0.0099	0.0060	0.0093	0.0093	0.0000	0.0066	0.0006	0.0060	0.9954	0.9941	0.0013	0.0003	0.0001	0.0002	0.9951	0.9941	0.0010	0.0867	0.0761	0.0106	0.0057	0.0056	0.0001	0.0810	0.0705	0.0105	0.1129	0.0652	0.0476	0.0235	0.0222	0.0013	0.0894	0.0430	0.0464
77	112	0.0482	3	2	0	0	0	2	0	0	0	0	0	0	0	0	0	0	0	0	0	Y	N	N	N	N	N	N	N	N	N	N	N	N	N	N	N	N	N	7.5949	3.5601	57.1219	43.8782	47.2471	0.8688	4.3772	0.0000	69.9173	0.1640	0.1059	0.5800	1.6518	1.6763	0.0693	0.0753	0.0000	0.5836	0.0216	0.0298	0.0102	0.0376	0.0355	0.0798	0.0172	0.0267	0.0083	0.7648	0.2432	0.0043	-0.0010	3.3326	3.0209	4.0108	2.2550	0.0214	0.0121	0.0093	0.0121	0.0121	0.0000	0.0093	0.0000	0.0093	0.0024	0.0020	0.0005	0.0009	0.0008	0.0001	0.0015	0.0011	0.0004	0.1306	0.1146	0.0160	0.0074	0.0072	0.0001	0.1232	0.1073	0.0159	0.1130	0.0660	0.0470	0.0243	0.0231	0.0012	0.0887	0.0428	0.0458
77	126	0.0723	12	2	0	1	0	1	0	0	0	0	0	0	0	0	0	0	0	0	0	Y	N	N	N	N	N	N	N	N	N	N	N	N	N	N	N	N	N	inf	inf	0.0000	inf	inf	0.0000	0.0000	0.0000	0.0000	0.0016	0.0018	0.0000	0.0248	0.0259	0.0000	0.0000	0.0000	0.0000	0.0000	0.0000	0.0000	0.0000	0.0000	0.0000	0.0000	0.0000	0.0000	0.0000		-0.0000	0.0000	3.3326	1.0002	4.0108	2.0058	0.0001	0.0001	0.0000	0.0001	0.0001	0.0000	0.0000	0.0000	0.0000	0.0000	0.0000	0.0000	0.0000	0.0000	0.0000	0.0000	0.0000	0.0000	0.0416	0.0365	0.0051	0.0026	0.0025	0.0001	0.0390	0.0340	0.0050	0.0405	0.0203	0.0201	0.0017	0.0015	0.0002	0.0388	0.0188	0.0199
77	133	0.0926	9	2	0	1	0	1	0	0	0	0	0	1	0	0	0	0	0	0	0	Y	N	N	N	N	N	N	N	N	N	N	N	N	N	N	N	N	N	0.0000	0.0000	0.0000	0.0000	0.0000	0.0000	0.0000	0.0000	0.0000	0.0000	0.0000	0.0000	0.0000	0.0000	0.0000	0.0000	0.0000	0.0000	0.0000	0.0000	0.0000	0.0000	0.0000	0.0000	0.0000	0.0000	0.0000			0.0000	0.0000	3.3326	0.0000	4.0108	0.0001	0.0000	0.0000	0.0000	0.0000	0.0000	0.0000	0.0000	0.0000	0.0000	0.0000	0.0000	0.0000	0.0000	0.0000	0.0000	0.0000	0.0000	0.0000	0.0000	0.0000	0.0000	0.0000	0.0000	0.0000	0.0000	0.0000	0.0000	0.0000	0.0000	0.0000	0.0000	0.0000	0.0000	0.0000	0.0000	0.0000
77	134	0.0526	8	2	0	1	0	2	0	1	0	1	0	1	0	0	0	0	0	0	0	Y	N	N	N	N	N	N	N	N	N	N	N	N	N	N	N	N	N	inf	0.0000	inf	0.0000	0.0000	0.0000	inf	0.0000	inf	2.1937	0.0000	17.8617	0.0000	0.0000	0.0000	2.2940	0.0000	17.9608	0.0000	0.0000	0.0000	0.0000	0.0000	0.0000	0.0000	0.0000	0.0000	inf		0.2803	0.0000	3.3326	4.0005	4.0108	6.9251	0.3644	0.0000	0.3644	0.0000	0.0000	0.0000	0.3644	0.0000	0.3644	0.0000	0.0000	0.0000	0.0000	0.0000	0.0000	0.0000	0.0000	0.0000	0.1661	0.1457	0.0204	0.0073	0.0072	0.0001	0.1588	0.1386	0.0203	0.1511	0.0764	0.0747	0.0062	0.0059	0.0003	0.1449	0.0705	0.0744
77	135	0.0852	13	2	0	1	0	1	0	0	0	0	0	1	0	0	0	0	0	0	0	Y	N	N	N	N	N	N	N	N	N	N	N	N	N	N	N	N	N	inf	inf	0.0000	0.0000	0.0000	0.0000	inf	inf	0.0000	0.0012	0.0014	0.0000	0.0000	0.0000	0.0000	0.0014	0.0016	0.0000	0.0000	0.0000	0.0000	0.0000	0.0000	0.0000	0.0000	0.0000	0.0000	0.0000		-0.0000	0.0000	3.3326	0.9923	4.0108	0.0060	0.0001	0.0001	0.0000	0.0000	0.0000	0.0000	0.0001	0.0001	0.0000	0.0000	0.0000	0.0000	0.0000	0.0000	0.0000	0.0000	0.0000	0.0000	0.0420	0.0368	0.0051	0.0045	0.0042	0.0003	0.0375	0.0327	0.0048	0.0130	0.0066	0.0064	0.0007	0.0007	0.0001	0.0123	0.0060	0.0063
77	136	0.0723	12	2	0	1	0	1	0	0	0	1	0	1	0	0	0	0	0	0	0	Y	N	N	N	N	N	N	N	N	N	N	N	N	N	N	N	N	N	inf	inf	0.0000	inf	inf	0.0000	inf	inf	0.0000	4.4077	5.0231	0.0000	0.0000	0.0000	0.0000	4.6997	5.3908	0.0000	0.0000	0.0000	0.0000	0.0000	0.0000	0.0000	0.0000	0.0000	0.0000	0.0000		-0.0841	0.0000	3.3326	2.0106	4.0108	2.0023	0.3643	0.3643	0.0000	0.0000	0.0000	0.0000	0.3643	0.3643	0.0000	0.0000	0.0000	0.0000	0.0000	0.0000	0.0000	0.0000	0.0000	0.0000	0.0827	0.0725	0.0101	0.0051	0.0049	0.0002	0.0775	0.0676	0.0099	0.0534	0.0268	0.0266	0.0022	0.0019	0.0003	0.0512	0.0249	0.0263
77	137	0.0691	11	2	0	1	0	2	0	0	0	0	0	0	0	0	0	0	0	0	0	Y	N	N	N	N	N	N	N	N	N	N	N	N	N	N	N	N	N	inf	inf	0.0000	0.0000	0.0000	0.0000	inf	inf	0.0000	1.7598	2.0019	0.0000	0.0000	0.0000	0.0000	1.9815	2.2892	0.0000	0.0000	0.0000	0.0000	0.0000	0.0000	0.0000	0.0000	0.0000	0.0000	0.0000		-0.0000	0.0000	3.3326	0.0008	4.0108	1.0019	0.0001	0.0001	0.0000	0.0000	0.0000	0.0000	0.0001	0.0001	0.0000	0.0000	0.0000	0.0000	0.0000	0.0000	0.0000	0.0000	0.0000	0.0000	0.0000	0.0000	0.0000	0.0000	0.0000	0.0000	0.0000	0.0000	0.0000	0.0135	0.0067	0.0068	0.0005	0.0004	0.0001	0.0130	0.0063	0.0067
78	83	0.0161	3	2	0	1	0	0	0	1	0	0	0	2	2	0	0	0	0	0	0	Y	N	N	N	Y	Y	N	N	N	N	N	N	N	N	N	N	N	N	0.0000	0.0000	0.0000	0.0000	0.0000	0.0000	0.0000	0.0000	0.0000	0.0000	0.0000	0.0000	0.0000	0.0000	0.0000	0.0000	0.0000	0.0000	0.0000	0.0000	0.0000	0.0002	0.0002	0.0000	0.0000	0.0000	0.0000		0.0344	0.0000	-0.0000	0.0000	5.0069	0.9988	6.0103	0.0000	0.0000	0.0000	0.0000	0.0000	0.0000	0.0000	0.0000	0.0000	0.0000	0.0000	0.0000	0.0000	0.0000	0.0000	0.0000	0.0000	0.0000	0.0000	0.0000	0.0000	0.0000	0.0000	0.0000	0.0000	0.0000	0.0000	0.0217	0.0109	0.0108	0.0004	0.0004	0.0000	0.0213	0.0105	0.0108
78	87	0.1070	12	1	0	1	0	0	0	1	0	0	0	1	2	0	0	0	0	0	0	N	N	N	N	N	Y	N	N	N	N	N	N	N	N	N	N	N	N	0.0000	0.0000	0.0000	0.0000	0.0000	0.0000	0.0000	0.0000	0.0000	0.0000	0.0000	0.0000	0.0000	0.0000	0.0000	0.0000	0.0000	0.0000	0.0000	0.0000	0.0000	0.0000	0.0000	0.0000	0.0000	0.0000	0.0000			0.0000	0.0000	0.0000	0.9989	0.9988	0.5152	0.0000	0.0000	0.0000	0.0000	0.0000	0.0000	0.0000	0.0000	0.0000	0.0000	0.0000	0.0000	0.0000	0.0000	0.0000	0.0000	0.0000	0.0000	0.0000	0.0000	0.0000	0.0000	0.0000	0.0000	0.0000	0.0000	0.0000	0.0053	0.0033	0.0020	0.0027	0.0020	0.0007	0.0026	0.0013	0.0013
78	88	0.0776	11	1	0	1	0	0	0	1	0	0	1	1	2	0	0	0	0	0	0	N	N	N	N	N	Y	N	N	N	N	N	N	N	N	N	N	N	N	0.0000	0.0000	0.0000	0.0000	0.0000	0.0000	0.0000	0.0000	0.0000	0.0000	0.0000	0.0000	0.0000	0.0000	0.0000	0.0000	0.0000	0.0000	0.0000	0.0000	0.0000	0.0000	0.0000	0.0000	0.0000	0.0000	0.0000			0.0000	0.0000	0.0000	6.0209	0.9988	2.4875	0.0000	0.0000	0.0000	0.0000	0.0000	0.0000	0.0000	0.0000	0.0000	0.0000	0.0000	0.0000	0.0000	0.0000	0.0000	0.0000	0.0000	0.0000	0.0000	0.0000	0.0000	0.0000	0.0000	0.0000	0.0000	0.0000	0.0000	0.0187	0.0103	0.0085	0.0034	0.0027	0.0007	0.0153	0.0076	0.0077
78	91	0.1111	14	2	0	1	0	0	0	1	0	0	0	1	1	0	0	0	0	0	0	Y	N	N	N	N	N	N	N	N	N	N	N	N	N	N	N	N	N	0.0000	0.0000	0.0000	0.0000	0.0000	0.0000	0.0000	0.0000	0.0000	0.0000	0.0000	0.0000	0.0000	0.0000	0.0000	0.0000	0.0000	0.0000	0.0715	0.1180	0.0052	0.2043	0.2196	0.0756	0.0322	0.0639	0.0008		0.0309	0.0000	-0.0007	0.0000	1.5872	0.9988	4.4746	0.0000	0.0000	0.0000	0.0000	0.0000	0.0000	0.0000	0.0000	0.0000	0.0012	0.0011	0.0000	0.0008	0.0007	0.0000	0.0004	0.0004	0.0000	0.0000	0.0000	0.0000	0.0000	0.0000	0.0000	0.0000	0.0000	0.0000	0.0163	0.0096	0.0067	0.0037	0.0033	0.0004	0.0125	0.0062	0.0063
78	92	0.0550	11	2	0	1	1	0	0	1	1	0	0	2	2	0	0	0	0	0	0	Y	N	N	N	Y	Y	N	N	N	N	N	N	N	N	N	N	N	N	0.0000	0.0000	0.0000	0.0000	0.0000	0.0000	0.0000	0.0000	0.0000	0.0000	0.0000	0.0000	0.0000	0.0000	0.0000	0.0000	0.0000	0.0000	0.0000	0.0000	0.0000	0.0003	0.0004	0.0000	0.0000	0.0000	0.0000		0.0000	0.0000	-0.0000	0.0000	1.0091	0.9988	1.9972	0.0000	0.0000	0.0000	0.0000	0.0000	0.0000	0.0000	0.0000	0.0000	0.0000	0.0000	0.0000	0.0000	0.0000	0.0000	0.0000	0.0000	0.0000	0.0000	0.0000	0.0000	0.0000	0.0000	0.0000	0.0000	0.0000	0.0000	0.0060	0.0030	0.0030	0.0003	0.0003	0.0001	0.0057	0.0028	0.0029
78	93	0.0387	10	2	0	1	0	0	0	1	0	0	1	2	2	0	0	0	0	0	0	Y	N	N	N	Y	Y	N	N	N	N	N	N	N	N	N	N	N	N	0.0000	0.0000	0.0000	0.0000	0.0000	0.0000	0.0000	0.0000	0.0000	0.0000	0.0000	0.0000	0.0000	0.0000	0.0000	0.0000	0.0000	0.0000	0.0213	0.0429	0.0000	0.6049	0.7141	0.0000	0.0000	0.0000	0.0000		0.0000	0.0000	-0.0001	0.0000	2.0083	0.9988	3.0031	0.0000	0.0000	0.0000	0.0000	0.0000	0.0000	0.0000	0.0000	0.0000	0.0002	0.0002	0.0000	0.0002	0.0002	0.0000	0.0000	0.0000	0.0000	0.0000	0.0000	0.0000	0.0000	0.0000	0.0000	0.0000	0.0000	0.0000	0.0098	0.0049	0.0049	0.0003	0.0003	0.0001	0.0095	0.0046	0.0049
78	94	0.0387	9	2	0	1	0	0	0	1	0	0	0	2	1	0	0	0	0	0	0	Y	N	N	N	Y	N	N	N	N	N	N	N	N	N	N	N	N	N	0.0000	0.0000	0.0000	0.0000	0.0000	0.0000	0.0000	0.0000	0.0000	0.0000	0.0000	0.0000	0.0000	0.0000	0.0000	0.0000	0.0000	0.0000	0.0047	0.0036	0.0066	0.0167	0.0085	0.4785	0.0000	0.0000	0.0000		1.0000	0.0000	-0.0000	0.0000	0.0000	0.9988	0.0002	0.0000	0.0000	0.0000	0.0000	0.0000	0.0000	0.0000	0.0000	0.0000	0.0000	0.0000	0.0000	0.0000	0.0000	0.0000	0.0000	0.0000	0.0000	0.0000	0.0000	0.0000	0.0000	0.0000	0.0000	0.0000	0.0000	0.0000	0.0000	0.0000	0.0000	0.0000	0.0000	0.0000	0.0000	0.0000	0.0000
78	95	0.0355	8	2	0	1	0	0	0	1	0	0	0	2	1	0	0	0	0	0	0	Y	N	N	N	Y	N	N	N	N	N	N	N	N	N	N	N	N	N	0.0000	0.0000	0.0000	0.0000	0.0000	0.0000	0.0000	0.0000	0.0000	0.0000	0.0000	0.0000	0.0000	0.0000	0.0000	0.0000	0.0000	0.0000	0.0000	0.0000	0.0000	0.0000	0.0000	0.0000	0.0000	0.0000	0.0000		0.0000	0.0000	-0.0000	0.0000	1.0000	0.9988	0.0001	0.0000	0.0000	0.0000	0.0000	0.0000	0.0000	0.0000	0.0000	0.0000	0.0000	0.0000	0.0000	0.0000	0.0000	0.0000	0.0000	0.0000	0.0000	0.0000	0.0000	0.0000	0.0000	0.0000	0.0000	0.0000	0.0000	0.0000	0.0020	0.0010	0.0010	0.0001	0.0001	0.0000	0.0019	0.0009	0.0010
78	96	0.0355	7	2	0	1	0	0	0	1	0	1	0	2	1	0	0	0	0	0	0	Y	N	N	N	Y	N	N	N	N	N	N	N	N	N	N	N	N	N	0.0000	0.0000	0.0000	0.0000	0.0000	0.0000	0.0000	0.0000	0.0000	0.0000	0.0000	0.0000	0.0000	0.0000	0.0000	0.0000	0.0000	0.0000	0.0000	0.0000	0.0000	0.0000	0.0000	0.0000	0.0000	0.0000	0.0000			0.0000	0.0000	0.0000	0.0000	0.9988	0.0001	0.0000	0.0000	0.0000	0.0000	0.0000	0.0000	0.0000	0.0000	0.0000	0.0000	0.0000	0.0000	0.0000	0.0000	0.0000	0.0000	0.0000	0.0000	0.0000	0.0000	0.0000	0.0000	0.0000	0.0000	0.0000	0.0000	0.0000	0.0000	0.0000	0.0000	0.0000	0.0000	0.0000	0.0000	0.0000	0.0000
78	97	0.0322	6	2	0	1	0	0	0	1	0	0	0	1	1	0	0	0	0	0	0	Y	N	N	N	N	N	N	N	N	N	N	N	N	N	N	N	N	N	0.0000	0.0000	0.0000	0.0000	0.0000	0.0000	0.0000	0.0000	0.0000	0.0000	0.0000	0.0000	0.0000	0.0000	0.0000	0.0000	0.0000	0.0000	0.0000	0.0000	0.0000	0.0000	0.0000	0.0000	0.0000	0.0000	0.0000			0.0000	0.0000	0.0000	0.9999	0.9988	0.0008	0.0000	0.0000	0.0000	0.0000	0.0000	0.0000	0.0000	0.0000	0.0000	0.0000	0.0000	0.0000	0.0000	0.0000	0.0000	0.0000	0.0000	0.0000	0.0000	0.0000	0.0000	0.0000	0.0000	0.0000	0.0000	0.0000	0.0000	0.0020	0.0010	0.0010	0.0001	0.0001	0.0000	0.0020	0.0010	0.0010
78	112	0.0976	13	2	0	1	0	1	0	1	0	0	0	1	1	0	0	0	0	0	0	Y	N	N	N	N	N	N	N	N	N	N	N	N	N	N	N	N	N	0.0000	0.0000	0.0000	0.0000	0.0000	0.0000	0.0000	0.0000	0.0000	0.0000	0.0000	0.0000	0.0000	0.0000	0.0000	0.0000	0.0000	0.0000	0.3867	0.6410	0.0069	0.4890	0.5288	0.1122	0.3539	0.7059	0.0005		0.0072	0.0000	-0.0036	0.0000	3.0209	0.9988	2.2550	0.0000	0.0000	0.0000	0.0000	0.0000	0.0000	0.0000	0.0000	0.0000	0.0059	0.0059	0.0000	0.0018	0.0018	0.0000	0.0041	0.0041	0.0000	0.0000	0.0000	0.0000	0.0000	0.0000	0.0000	0.0000	0.0000	0.0000	0.0153	0.0091	0.0061	0.0037	0.0034	0.0004	0.0116	0.0058	0.0058
78	127	0.0946	14	1	0	1	0	0	0	1	0	0	1	1	2	0	0	0	0	0	0	N	N	N	N	N	Y	N	N	N	N	N	N	N	N	N	N	N	N	0.0000	0.0000	0.0000	0.0000	0.0000	0.0000	0.0000	0.0000	0.0000	0.0000	0.0000	0.0000	0.0000	0.0000	0.0000	0.0000	0.0000	0.0000	0.0000	0.0000	0.0000	0.0000	0.0000	0.0000	0.0000	0.0000	0.0000			0.0000	0.0000	0.0000	1.0000	0.9988	2.0000	0.0000	0.0000	0.0000	0.0000	0.0000	0.0000	0.0000	0.0000	0.0000	0.0000	0.0000	0.0000	0.0000	0.0000	0.0000	0.0000	0.0000	0.0000	0.0000	0.0000	0.0000	0.0000	0.0000	0.0000	0.0000	0.0000	0.0000	0.0059	0.0031	0.0029	0.0005	0.0004	0.0001	0.0054	0.0027	0.0028
78	128	0.0946	13	1	0	1	0	0	0	1	0	0	1	1	2	0	0	0	0	0	0	N	N	N	N	N	Y	N	N	N	N	N	N	N	N	N	N	N	N	0.0000	0.0000	0.0000	0.0000	0.0000	0.0000	0.0000	0.0000	0.0000	0.0000	0.0000	0.0000	0.0000	0.0000	0.0000	0.0000	0.0000	0.0000	0.0215	0.0415	0.0000	0.2624	0.3136	0.0000	0.0000	0.0000	0.0000		0.0000	0.0000	-0.0001	0.0000	3.0000	0.9988	2.0000	0.0000	0.0000	0.0000	0.0000	0.0000	0.0000	0.0000	0.0000	0.0000	0.0002	0.0002	0.0000	0.0002	0.0002	0.0000	0.0000	0.0000	0.0000	0.0000	0.0000	0.0000	0.0000	0.0000	0.0000	0.0000	0.0000	0.0000	0.0098	0.0051	0.0047	0.0008	0.0007	0.0001	0.0090	0.0044	0.0046
78	129	0.0978	15	1	0	1	0	0	0	1	0	0	1	1	2	0	0	0	0	0	0	N	N	N	N	N	Y	N	N	N	N	N	N	N	N	N	N	N	N	0.0000	0.0000	0.0000	0.0000	0.0000	0.0000	0.0000	0.0000	0.0000	0.0000	0.0000	0.0000	0.0000	0.0000	0.0000	0.0000	0.0000	0.0000	0.0000	0.0000	0.0000	0.0000	0.0000	0.0000	0.0000	0.0000	0.0000			0.0000	0.0000	0.0000	2.0004	0.9988	1.0045	0.0000	0.0000	0.0000	0.0000	0.0000	0.0000	0.0000	0.0000	0.0000	0.0000	0.0000	0.0000	0.0000	0.0000	0.0000	0.0000	0.0000	0.0000	0.0000	0.0000	0.0000	0.0000	0.0000	0.0000	0.0000	0.0000	0.0000	0.0060	0.0031	0.0029	0.0005	0.0004	0.0001	0.0055	0.0027	0.0028
79	81	0.0582	9	2	0	1	0	0	0	0	0	0	0	1	1	0	0	0	0	0	0	Y	N	N	N	N	N	N	N	N	N	N	N	N	N	N	N	N	N	0.0000	0.0000	0.0000	0.0000	0.0000	0.0000	0.0000	0.0000	0.0000	0.0000	0.0000	0.0000	0.0000	0.0000	0.0000	0.0000	0.0000	0.0000	0.0000	0.0000	0.0000	0.0000	0.0000	0.0000	0.0000	0.0000	0.0000		0.0000	0.0000	-0.0000	0.0001	7.0000	1.0072	2.0013	0.0000	0.0000	0.0000	0.0000	0.0000	0.0000	0.0000	0.0000	0.0000	0.0000	0.0000	0.0000	0.0000	0.0000	0.0000	0.0000	0.0000	0.0000	0.0000	0.0000	0.0000	0.0000	0.0000	0.0000	0.0000	0.0000	0.0000	0.0174	0.0088	0.0086	0.0010	0.0009	0.0002	0.0163	0.0079	0.0084
79	82	0.0582	8	2	0	1	0	1	0	1	0	0	0	1	1	0	0	0	0	0	0	Y	N	N	N	N	N	N	N	N	N	N	N	N	N	N	N	N	N	0.0000	0.0000	0.0000	0.0000	0.0000	0.0000	0.0000	0.0000	0.0000	0.0000	0.0000	0.0000	0.0000	0.0000	0.0000	0.0000	0.0000	0.0000	0.0012	0.0017	0.0000	0.0017	0.0018	0.0000	0.0010	0.0017	0.0000		0.0000	0.0000	-0.0000	0.0001	0.0005	1.0072	0.0029	0.0000	0.0000	0.0000	0.0000	0.0000	0.0000	0.0000	0.0000	0.0000	0.0000	0.0000	0.0000	0.0000	0.0000	0.0000	0.0000	0.0000	0.0000	0.0000	0.0000	0.0000	0.0000	0.0000	0.0000	0.0000	0.0000	0.0000	0.0000	0.0000	0.0000	0.0000	0.0000	0.0000	0.0000	0.0000	0.0000
79	83	0.0129	2	2	0	0	0	0	0	0	0	0	0	2	2	0	0	0	0	0	0	Y	N	N	N	Y	Y	N	N	N	N	N	N	N	N	N	N	N	N	2933.7249	1669.4343	0.0000	125.0099	118.1764	0.0000	0.0000	0.0000	0.0000	2.3135	2.5942	0.0000	8.4019	8.4039	0.0000	0.0000	0.0000	0.0000	0.0008	0.0016	0.0000	0.0672	0.0711	0.0000	0.0000	0.0000	0.0000	0.0000	0.0302	-0.0000	-0.0000	0.0001	5.0069	1.0072	6.0103	0.0000	0.0000	0.0000	0.0000	0.0000	0.0000	0.0000	0.0000	0.0000	0.0000	0.0000	0.0000	0.0000	0.0000	0.0000	0.0000	0.0000	0.0000	0.0000	0.0000	0.0000	0.0000	0.0000	0.0000	0.0000	0.0000	0.0000	0.0216	0.0106	0.0109	0.0002	0.0002	0.0000	0.0213	0.0104	0.0109
79	85	0.0870	9	2	0	1	0	0	0	0	0	0	0	1	1	0	0	0	0	0	0	Y	N	N	N	N	N	N	N	N	N	N	N	N	N	N	N	N	N	0.0000	0.0000	0.0000	0.0000	0.0000	0.0000	0.0000	0.0000	0.0000	0.0000	0.0000	0.0000	0.0000	0.0000	0.0000	0.0000	0.0000	0.0000	0.0046	0.0083	0.0000	0.0000	0.0000	0.0000	0.0053	0.0105	0.0000		0.0045	-0.0000	-0.0001	0.0001	9.9670	1.0072	12.6920	0.0000	0.0000	0.0000	0.0000	0.0000	0.0000	0.0000	0.0000	0.0000	0.0002	0.0002	0.0000	0.0000	0.0000	0.0000	0.0002	0.0002	0.0000	0.0000	0.0000	0.0000	0.0000	0.0000	0.0000	0.0000	0.0000	0.0000	0.0454	0.0251	0.0203	0.0057	0.0052	0.0005	0.0397	0.0199	0.0198
79	86	0.0805	8	2	0	1	0	1	0	1	0	0	0	1	1	0	0	0	0	0	0	Y	N	N	N	N	N	N	N	N	N	N	N	N	N	N	N	N	N	20.3829	19.2685	0.0000	28.9714	29.0878	0.0000	0.0000	0.0000	0.0000	0.0053	0.0057	0.0000	0.0135	0.0139	0.0000	0.0000	0.0000	0.0000	0.0003	0.0003	0.0002	0.0005	0.0005	0.0000	0.0002	0.0002	0.0002	0.0114	0.3305	-0.0000	-0.0000	0.0001	1.5419	1.0072	1.3342	0.0000	0.0000	0.0000	0.0000	0.0000	0.0000	0.0000	0.0000	0.0000	0.0000	0.0000	0.0000	0.0000	0.0000	0.0000	0.0000	0.0000	0.0000	0.0000	0.0000	0.0000	0.0000	0.0000	0.0000	0.0000	0.0000	0.0000	0.0100	0.0065	0.0035	0.0025	0.0024	0.0001	0.0075	0.0041	0.0034
79	87	0.1038	11	1	0	0	0	0	0	0	0	0	0	1	2	0	0	0	0	0	0	N	N	N	N	N	Y	N	N	N	N	N	N	N	N	N	N	N	N	0.0000	0.0000	0.0000	0.0000	0.0000	0.0000	0.0000	0.0000	0.0000	0.0000	0.0000	0.0000	0.0000	0.0000	0.0000	0.0000	0.0000	0.0000	0.0000	0.0000	0.0000	0.0000	0.0000	0.0000	0.0000	0.0000	0.0000			0.0000	0.0000	0.0001	0.9989	1.0072	0.5152	0.0000	0.0000	0.0000	0.0000	0.0000	0.0000	0.0000	0.0000	0.0000	0.0000	0.0000	0.0000	0.0000	0.0000	0.0000	0.0000	0.0000	0.0000	0.0000	0.0000	0.0000	0.0000	0.0000	0.0000	0.0000	0.0000	0.0000	0.0053	0.0033	0.0020	0.0027	0.0020	0.0007	0.0026	0.0013	0.0013
79	88	0.0744	10	1	0	0	0	0	0	0	0	0	1	1	2	0	0	0	0	0	0	N	N	N	N	N	Y	N	N	N	N	N	N	N	N	N	N	N	N	0.0000	0.0000	0.0000	0.0000	0.0000	0.0000	0.0000	0.0000	0.0000	0.0000	0.0000	0.0000	0.0000	0.0000	0.0000	0.0000	0.0000	0.0000	0.0000	0.0000	0.0000	0.0000	0.0000	0.0000	0.0000	0.0000	0.0000			0.0000	0.0000	0.0001	6.0209	1.0072	2.4875	0.0000	0.0000	0.0000	0.0000	0.0000	0.0000	0.0000	0.0000	0.0000	0.0000	0.0000	0.0000	0.0000	0.0000	0.0000	0.0000	0.0000	0.0000	0.0000	0.0000	0.0000	0.0000	0.0000	0.0000	0.0000	0.0000	0.0000	0.0186	0.0101	0.0085	0.0033	0.0026	0.0008	0.0153	0.0075	0.0078
79	90	0.1247	14	2	0	1	0	0	0	1	0	0	0	1	1	0	0	0	0	0	0	Y	N	N	N	N	N	N	N	N	N	N	N	N	N	N	N	N	N	0.0000	0.0000	0.0000	0.0000	0.0000	0.0000	0.0000	0.0000	0.0000	0.0000	0.0000	0.0000	0.0000	0.0000	0.0000	0.0000	0.0000	0.0000	0.0006	0.0000	0.0013	0.0001	0.0001	0.0000	0.0007	0.0000	0.0014		30.8206	0.0000	0.0000	0.0001	5.9354	1.0072	8.3561	0.0000	0.0000	0.0000	0.0000	0.0000	0.0000	0.0000	0.0000	0.0000	0.0000	0.0000	0.0000	0.0000	0.0000	0.0000	0.0000	0.0000	0.0000	0.0000	0.0000	0.0000	0.0000	0.0000	0.0000	0.0000	0.0000	0.0000	0.0295	0.0162	0.0132	0.0046	0.0039	0.0007	0.0249	0.0123	0.0126
79	91	0.1078	13	2	0	0	0	0	0	0	0	0	0	1	1	0	0	0	0	0	0	Y	N	N	N	N	N	N	N	N	N	N	N	N	N	N	N	N	N	0.0000	0.0000	0.0000	0.0000	0.0000	0.0000	0.0000	0.0000	0.0000	0.0000	0.0000	0.0000	0.0000	0.0000	0.0000	0.0000	0.0000	0.0000	0.0209	0.0028	0.0464	0.0069	0.0074	0.0004	0.0250	0.0002	0.0482		12.0354	0.0000	0.0001	0.0001	1.5872	1.0072	4.4746	0.0000	0.0000	0.0000	0.0000	0.0000	0.0000	0.0000	0.0000	0.0000	0.0004	0.0000	0.0003	0.0000	0.0000	0.0000	0.0003	0.0000	0.0003	0.0000	0.0000	0.0000	0.0000	0.0000	0.0000	0.0000	0.0000	0.0000	0.0168	0.0098	0.0070	0.0037	0.0035	0.0003	0.0130	0.0063	0.0067
79	92	0.0518	10	2	0	0	1	0	0	0	1	0	0	2	2	0	0	0	0	0	0	Y	N	N	N	Y	Y	N	N	N	N	N	N	N	N	N	N	N	N	0.0000	0.0000	0.0000	0.0000	0.0000	0.0000	0.0000	0.0000	0.0000	0.0000	0.0000	0.0000	0.0000	0.0000	0.0000	0.0000	0.0000	0.0000	0.0000	0.0000	0.0000	0.0000	0.0000	0.0000	0.0000	0.0000	0.0000		0.0000	0.0000	-0.0000	0.0001	1.0091	1.0072	1.9972	0.0000	0.0000	0.0000	0.0000	0.0000	0.0000	0.0000	0.0000	0.0000	0.0000	0.0000	0.0000	0.0000	0.0000	0.0000	0.0000	0.0000	0.0000	0.0000	0.0000	0.0000	0.0000	0.0000	0.0000	0.0000	0.0000	0.0000	0.0059	0.0029	0.0030	0.0003	0.0002	0.0001	0.0057	0.0027	0.0029
79	93	0.0355	9	2	0	0	0	0	0	0	0	0	1	2	2	0	0	0	0	0	0	Y	N	N	N	Y	Y	N	N	N	N	N	N	N	N	N	N	N	N	0.0000	0.0000	0.0000	0.0000	0.0000	0.0000	0.0000	0.0000	0.0000	0.0000	0.0000	0.0000	0.0000	0.0000	0.0000	0.0000	0.0000	0.0000	0.0215	0.0440	0.0000	0.0000	0.0000	0.0000	0.0221	0.0459	0.0000		0.0000	0.0000	-0.0001	0.0001	2.0083	1.0072	3.0031	0.0000	0.0000	0.0000	0.0000	0.0000	0.0000	0.0000	0.0000	0.0000	0.0002	0.0002	0.0000	0.0000	0.0000	0.0000	0.0002	0.0002	0.0000	0.0000	0.0000	0.0000	0.0000	0.0000	0.0000	0.0000	0.0000	0.0000	0.0098	0.0048	0.0050	0.0003	0.0002	0.0001	0.0095	0.0046	0.0049
79	94	0.0355	8	2	0	0	0	0	0	0	0	0	0	2	1	0	0	0	0	0	0	Y	N	N	N	Y	N	N	N	N	N	N	N	N	N	N	N	N	N	78.0573	0.0000	inf	0.0000	0.0000	0.0000	149.8643	0.0000	inf	0.3704	0.0000	0.4986	0.0000	0.0000	0.0000	0.4905	0.0000	0.4986	0.0047	0.0074	0.0000	0.0086	0.0087	0.0000	0.0033	0.0064	0.0000	inf	0.0000	0.0000	-0.0000	0.0001	0.0000	1.0072	0.0002	0.0000	0.0000	0.0000	0.0000	0.0000	0.0000	0.0000	0.0000	0.0000	0.0000	0.0000	0.0000	0.0000	0.0000	0.0000	0.0000	0.0000	0.0000	0.0000	0.0000	0.0000	0.0000	0.0000	0.0000	0.0000	0.0000	0.0000	0.0000	0.0000	0.0000	0.0000	0.0000	0.0000	0.0000	0.0000	0.0000
79	95	0.0323	7	2	0	0	0	0	0	0	0	0	0	2	1	0	0	0	0	0	0	Y	N	N	N	Y	N	N	N	N	N	N	N	N	N	N	N	N	N	22175093.0119	0.0000	inf	0.0000	0.0000	0.0000	30260007.1555	0.0000	inf	23.3952	0.0000	228.1679	0.0000	0.0000	0.0000	32.7875	0.0000	230.2138	0.0000	0.0000	0.0000	0.0000	0.0000	0.0000	0.0000	0.0000	0.0000	inf	0.0000	0.0001	-0.0000	0.0001	1.0000	1.0072	0.0001	0.0001	0.0000	0.0001	0.0000	0.0000	0.0000	0.0001	0.0000	0.0001	0.0000	0.0000	0.0000	0.0000	0.0000	0.0000	0.0000	0.0000	0.0000	0.0000	0.0000	0.0000	0.0000	0.0000	0.0000	0.0000	0.0000	0.0000	0.0020	0.0010	0.0010	0.0001	0.0000	0.0000	0.0019	0.0009	0.0010
79	96	0.0322	6	2	0	0	0	0	0	0	0	1	0	2	1	0	0	0	0	0	0	Y	N	N	N	Y	N	N	N	N	N	N	N	N	N	N	N	N	N	0.0000	0.0000	0.0000	0.0000	0.0000	0.0000	0.0000	0.0000	0.0000	0.0000	0.0000	0.0000	0.0000	0.0000	0.0000	0.0000	0.0000	0.0000	0.0000	0.0000	0.0000	0.0000	0.0000	0.0000	0.0000	0.0000	0.0000			0.0000	0.0000	0.0001	0.0000	1.0072	0.0001	0.0000	0.0000	0.0000	0.0000	0.0000	0.0000	0.0000	0.0000	0.0000	0.0000	0.0000	0.0000	0.0000	0.0000	0.0000	0.0000	0.0000	0.0000	0.0000	0.0000	0.0000	0.0000	0.0000	0.0000	0.0000	0.0000	0.0000	0.0000	0.0000	0.0000	0.0000	0.0000	0.0000	0.0000	0.0000	0.0000
79	97	0.0290	5	2	0	0	0	0	0	0	0	0	0	1	1	0	0	0	0	0	0	Y	N	N	N	N	N	N	N	N	N	N	N	N	N	N	N	N	N	0.0000	0.0000	0.0000	0.0000	0.0000	0.0000	0.0000	0.0000	0.0000	0.0000	0.0000	0.0000	0.0000	0.0000	0.0000	0.0000	0.0000	0.0000	0.0000	0.0000	0.0000	0.0000	0.0000	0.0000	0.0000	0.0000	0.0000		inf	0.0000	0.0000	0.0001	0.9999	1.0072	0.0008	0.0000	0.0000	0.0000	0.0000	0.0000	0.0000	0.0000	0.0000	0.0000	0.0000	0.0000	0.0000	0.0000	0.0000	0.0000	0.0000	0.0000	0.0000	0.0000	0.0000	0.0000	0.0000	0.0000	0.0000	0.0000	0.0000	0.0000	0.0020	0.0010	0.0010	0.0001	0.0000	0.0000	0.0020	0.0009	0.0010
79	99	0.0550	7	2	0	1	0	1	0	1	0	0	0	1	1	0	0	0	0	0	0	Y	N	N	N	N	N	N	N	N	N	N	N	N	N	N	N	N	N	0.0000	0.0000	0.0000	0.0000	0.0000	0.0000	0.0000	0.0000	0.0000	0.0000	0.0000	0.0000	0.0000	0.0000	0.0000	0.0000	0.0000	0.0000	0.1073	0.2126	0.0007	0.0084	0.0103	0.0000	0.1115	0.2268	0.0007		0.0032	0.0000	-0.0019	0.0001	5.0000	1.0072	11.0015	0.0000	0.0000	0.0000	0.0000	0.0000	0.0000	0.0000	0.0000	0.0000	0.0032	0.0031	0.0000	0.0000	0.0000	0.0000	0.0031	0.0031	0.0000	0.0000	0.0000	0.0000	0.0000	0.0000	0.0000	0.0000	0.0000	0.0000	0.0294	0.0148	0.0146	0.0012	0.0010	0.0002	0.0283	0.0138	0.0144
79	100	0.1358	17	2	0	1	0	0	0	0	0	0	0	1	1	0	0	0	0	0	0	Y	N	N	N	N	N	N	N	N	N	N	N	N	N	N	N	N	N	0.0000	0.0000	0.0000	0.0000	0.0000	0.0000	0.0000	0.0000	0.0000	0.0000	0.0000	0.0000	0.0000	0.0000	0.0000	0.0000	0.0000	0.0000	0.0010	0.0017	0.0000	0.0008	0.0009	0.0000	0.0011	0.0021	0.0000		0.0023	0.0000	-0.0000	0.0001	2.0003	1.0072	3.6794	0.0000	0.0000	0.0000	0.0000	0.0000	0.0000	0.0000	0.0000	0.0000	0.0000	0.0000	0.0000	0.0000	0.0000	0.0000	0.0000	0.0000	0.0000	0.0000	0.0000	0.0000	0.0000	0.0000	0.0000	0.0000	0.0000	0.0000	0.0119	0.0068	0.0051	0.0024	0.0020	0.0003	0.0095	0.0048	0.0047
79	101	0.1252	16	2	0	1	0	1	0	1	0	0	0	1	1	0	0	0	0	0	0	Y	N	N	N	N	N	N	N	N	N	N	N	N	N	N	N	N	N	0.0000	0.0000	0.0000	0.0000	0.0000	0.0000	0.0000	0.0000	0.0000	0.0000	0.0000	0.0000	0.0000	0.0000	0.0000	0.0000	0.0000	0.0000	0.1025	0.1883	0.0033	0.7031	0.8547	0.0000	0.0018	0.0000	0.0035		0.0151	0.0000	-0.0004	0.0001	0.0087	1.0072	3.3708	0.0000	0.0000	0.0000	0.0000	0.0000	0.0000	0.0000	0.0000	0.0000	0.0007	0.0007	0.0000	0.0007	0.0007	0.0000	0.0000	0.0000	0.0000	0.0000	0.0000	0.0000	0.0000	0.0000	0.0000	0.0000	0.0000	0.0000	0.0065	0.0035	0.0030	0.0009	0.0008	0.0002	0.0056	0.0027	0.0029
79	106	0.0193	3	2	0	1	0	0	0	1	0	0	0	1	1	0	0	0	0	0	0	Y	N	N	N	N	N	N	N	N	N	N	N	N	N	N	N	N	N	0.0000	0.0000	0.0000	0.0000	0.0000	0.0000	0.0000	0.0000	0.0000	0.0000	0.0000	0.0000	0.0000	0.0000	0.0000	0.0000	0.0000	0.0000	0.0000	0.0000	0.0000	0.0003	0.0003	0.0000	0.0000	0.0000	0.0000		0.0135	0.0000	-0.0000	0.0001	3.0043	1.0072	5.0032	0.0000	0.0000	0.0000	0.0000	0.0000	0.0000	0.0000	0.0000	0.0000	0.0000	0.0000	0.0000	0.0000	0.0000	0.0000	0.0000	0.0000	0.0000	0.0000	0.0000	0.0000	0.0000	0.0000	0.0000	0.0000	0.0000	0.0000	0.0158	0.0078	0.0080	0.0002	0.0002	0.0000	0.0156	0.0076	0.0080
79	110	0.1303	14	2	0	1	0	0	0	0	0	0	0	1	1	0	0	0	0	0	0	Y	N	N	N	N	N	N	N	N	N	N	N	N	N	N	N	N	N	0.0000	0.0000	0.0000	0.0000	0.0000	0.0000	0.0000	0.0000	0.0000	0.0000	0.0000	0.0000	0.0000	0.0000	0.0000	0.0000	0.0000	0.0000	43.0631	0.0063	91.9924	0.0708	0.0370	0.1942	48.5901	0.0001	97.0650		12797.3971	0.0000	0.3785	0.0001	7.0195	1.0072	5.1243	0.0000	0.0000	0.0000	0.0000	0.0000	0.0000	0.0000	0.0000	0.0000	0.9941	0.0001	0.9940	0.0002	0.0001	0.0001	0.9939	0.0000	0.9939	0.0000	0.0000	0.0000	0.0000	0.0000	0.0000	0.0000	0.0000	0.0000	0.0231	0.0123	0.0108	0.0026	0.0021	0.0006	0.0205	0.0102	0.0102
79	111	0.1078	13	2	0	1	0	0	0	1	0	0	0	1	1	0	0	0	0	0	0	Y	N	N	N	N	N	N	N	N	N	N	N	N	N	N	N	N	N	0.0000	0.0000	0.0000	0.0000	0.0000	0.0000	0.0000	0.0000	0.0000	0.0000	0.0000	0.0000	0.0000	0.0000	0.0000	0.0000	0.0000	0.0000	0.2236	0.0550	0.4632	0.1096	0.1167	0.0111	0.2580	0.0190	0.4809		5.9167	0.0000	0.0008	0.0001	2.0281	1.0072	3.4706	0.0000	0.0000	0.0000	0.0000	0.0000	0.0000	0.0000	0.0000	0.0000	0.0035	0.0005	0.0030	0.0004	0.0004	0.0000	0.0031	0.0001	0.0030	0.0000	0.0000	0.0000	0.0000	0.0000	0.0000	0.0000	0.0000	0.0000	0.0158	0.0093	0.0065	0.0037	0.0034	0.0002	0.0121	0.0058	0.0063
79	112	0.0944	12	2	0	0	0	1	0	0	0	0	0	1	1	0	0	0	0	0	0	Y	N	N	N	N	N	N	N	N	N	N	N	N	N	N	N	N	N	0.0000	0.0000	0.0000	0.0000	0.0000	0.0000	0.0000	0.0000	0.0000	0.0000	0.0000	0.0000	0.0000	0.0000	0.0000	0.0000	0.0000	0.0000	0.0231	0.0199	0.0277	0.0463	0.0493	0.0006	0.0159	0.0022	0.0288		0.9549	0.0000	-0.0000	0.0001	3.0209	1.0072	2.2550	0.0000	0.0000	0.0000	0.0000	0.0000	0.0000	0.0000	0.0000	0.0000	0.0004	0.0002	0.0002	0.0002	0.0002	0.0000	0.0002	0.0000	0.0002	0.0000	0.0000	0.0000	0.0000	0.0000	0.0000	0.0000	0.0000	0.0000	0.0157	0.0093	0.0064	0.0037	0.0035	0.0002	0.0120	0.0058	0.0062
79	120	0.0848	13	1	0	1	0	0	0	0	0	0	0	2	1	0	0	0	0	0	0	N	N	N	N	Y	N	N	N	N	N	N	N	N	N	N	N	N	N	0.0000	0.0000	0.0000	0.0000	0.0000	0.0000	0.0000	0.0000	0.0000	0.0000	0.0000	0.0000	0.0000	0.0000	0.0000	0.0000	0.0000	0.0000	0.0000	0.0000	0.0000	0.0000	0.0000	0.0000	0.0000	0.0000	0.0000			0.0000	0.0000	0.0001	2.9998	1.0072	1.0000	0.0000	0.0000	0.0000	0.0000	0.0000	0.0000	0.0000	0.0000	0.0000	0.0000	0.0000	0.0000	0.0000	0.0000	0.0000	0.0000	0.0000	0.0000	0.0000	0.0000	0.0000	0.0000	0.0000	0.0000	0.0000	0.0000	0.0000	0.0075	0.0038	0.0037	0.0005	0.0004	0.0001	0.0070	0.0034	0.0036
79	121	0.0848	12	1	0	1	0	0	0	0	0	1	0	2	1	0	0	0	0	0	0	N	N	N	N	Y	N	N	N	N	N	N	N	N	N	N	N	N	N	0.0000	0.0000	0.0000	0.0000	0.0000	0.0000	0.0000	0.0000	0.0000	0.0000	0.0000	0.0000	0.0000	0.0000	0.0000	0.0000	0.0000	0.0000	0.0000	0.0000	0.0000	0.0000	0.0000	0.0000	0.0000	0.0000	0.0000			0.0000	0.0000	0.0001	0.0006	1.0072	0.0007	0.0000	0.0000	0.0000	0.0000	0.0000	0.0000	0.0000	0.0000	0.0000	0.0000	0.0000	0.0000	0.0000	0.0000	0.0000	0.0000	0.0000	0.0000	0.0000	0.0000	0.0000	0.0000	0.0000	0.0000	0.0000	0.0000	0.0000	0.0000	0.0000	0.0000	0.0000	0.0000	0.0000	0.0000	0.0000	0.0000
79	126	0.0880	13	2	0	1	0	0	0	0	0	0	0	1	1	0	0	0	0	0	0	Y	N	N	N	N	N	N	N	N	N	N	N	N	N	N	N	N	N	0.0000	0.0000	0.0000	0.0000	0.0000	0.0000	0.0000	0.0000	0.0000	0.0000	0.0000	0.0000	0.0000	0.0000	0.0000	0.0000	0.0000	0.0000	0.0000	0.0000	0.0000	0.0000	0.0000	0.0000	0.0000	0.0000	0.0000			0.0000	0.0000	0.0001	1.0002	1.0072	2.0058	0.0000	0.0000	0.0000	0.0000	0.0000	0.0000	0.0000	0.0000	0.0000	0.0000	0.0000	0.0000	0.0000	0.0000	0.0000	0.0000	0.0000	0.0000	0.0000	0.0000	0.0000	0.0000	0.0000	0.0000	0.0000	0.0000	0.0000	0.0057	0.0029	0.0028	0.0004	0.0004	0.0001	0.0053	0.0025	0.0028
79	127	0.0913	13	1	0	0	0	0	0	0	0	0	1	1	2	0	0	0	0	0	0	N	N	N	N	N	Y	N	N	N	N	N	N	N	N	N	N	N	N	0.0000	0.0000	0.0000	0.0000	0.0000	0.0000	0.0000	0.0000	0.0000	0.0000	0.0000	0.0000	0.0000	0.0000	0.0000	0.0000	0.0000	0.0000	0.0000	0.0000	0.0000	0.0000	0.0000	0.0000	0.0000	0.0000	0.0000			0.0000	0.0000	0.0001	1.0000	1.0072	2.0000	0.0000	0.0000	0.0000	0.0000	0.0000	0.0000	0.0000	0.0000	0.0000	0.0000	0.0000	0.0000	0.0000	0.0000	0.0000	0.0000	0.0000	0.0000	0.0000	0.0000	0.0000	0.0000	0.0000	0.0000	0.0000	0.0000	0.0000	0.0059	0.0030	0.0029	0.0004	0.0004	0.0001	0.0054	0.0026	0.0028
79	128	0.0913	12	1	0	0	0	0	0	0	0	0	1	1	2	0	0	0	0	0	0	N	N	N	N	N	Y	N	N	N	N	N	N	N	N	N	N	N	N	0.0000	0.0000	0.0000	0.0000	0.0000	0.0000	0.0000	0.0000	0.0000	0.0000	0.0000	0.0000	0.0000	0.0000	0.0000	0.0000	0.0000	0.0000	0.0227	0.0445	0.0000	0.0140	0.0171	0.0000	0.0234	0.0482	0.0000		0.0000	0.0000	-0.0001	0.0001	3.0000	1.0072	2.0000	0.0000	0.0000	0.0000	0.0000	0.0000	0.0000	0.0000	0.0000	0.0000	0.0002	0.0002	0.0000	0.0000	0.0000	0.0000	0.0002	0.0002	0.0000	0.0000	0.0000	0.0000	0.0000	0.0000	0.0000	0.0000	0.0000	0.0000	0.0097	0.0049	0.0047	0.0007	0.0006	0.0001	0.0090	0.0044	0.0046
79	129	0.0946	14	1	0	0	0	0	0	0	0	0	1	1	2	0	0	0	0	0	0	N	N	N	N	N	Y	N	N	N	N	N	N	N	N	N	N	N	N	0.0000	0.0000	0.0000	0.0000	0.0000	0.0000	0.0000	0.0000	0.0000	0.0000	0.0000	0.0000	0.0000	0.0000	0.0000	0.0000	0.0000	0.0000	0.0000	0.0000	0.0000	0.0000	0.0000	0.0000	0.0000	0.0000	0.0000			0.0000	0.0000	0.0001	2.0004	1.0072	1.0045	0.0000	0.0000	0.0000	0.0000	0.0000	0.0000	0.0000	0.0000	0.0000	0.0000	0.0000	0.0000	0.0000	0.0000	0.0000	0.0000	0.0000	0.0000	0.0000	0.0000	0.0000	0.0000	0.0000	0.0000	0.0000	0.0000	0.0000	0.0059	0.0030	0.0029	0.0004	0.0004	0.0001	0.0055	0.0026	0.0028
79	133	0.1084	10	2	0	1	0	0	0	0	0	0	0	2	1	0	0	0	0	0	0	Y	N	N	N	Y	N	N	N	N	N	N	N	N	N	N	N	N	N	0.0000	0.0000	0.0000	0.0000	0.0000	0.0000	0.0000	0.0000	0.0000	0.0000	0.0000	0.0000	0.0000	0.0000	0.0000	0.0000	0.0000	0.0000	0.0000	0.0000	0.0000	0.0000	0.0000	0.0000	0.0000	0.0000	0.0000			0.0000	0.0000	0.0001	0.0000	1.0072	0.0001	0.0000	0.0000	0.0000	0.0000	0.0000	0.0000	0.0000	0.0000	0.0000	0.0000	0.0000	0.0000	0.0000	0.0000	0.0000	0.0000	0.0000	0.0000	0.0000	0.0000	0.0000	0.0000	0.0000	0.0000	0.0000	0.0000	0.0000	0.0000	0.0000	0.0000	0.0000	0.0000	0.0000	0.0000	0.0000	0.0000
79	134	0.0683	9	2	0	1	0	1	0	1	0	1	0	2	1	0	0	0	0	0	0	Y	N	N	N	Y	N	N	N	N	N	N	N	N	N	N	N	N	N	0.0000	0.0000	0.0000	0.0000	0.0000	0.0000	0.0000	0.0000	0.0000	0.0000	0.0000	0.0000	0.0000	0.0000	0.0000	0.0000	0.0000	0.0000	0.0000	0.0000	0.0000	0.0000	0.0000	0.0000	0.0000	0.0000	0.0000			0.0000	-0.0000	0.0001	4.0005	1.0072	6.9251	0.0000	0.0000	0.0000	0.0000	0.0000	0.0000	0.0000	0.0000	0.0000	0.0000	0.0000	0.0000	0.0000	0.0000	0.0000	0.0000	0.0000	0.0000	0.0000	0.0000	0.0000	0.0000	0.0000	0.0000	0.0000	0.0000	0.0000	0.0215	0.0110	0.0105	0.0016	0.0015	0.0002	0.0199	0.0095	0.0103
79	135	0.1009	14	2	0	1	0	0	0	0	0	0	0	2	1	0	0	0	0	0	0	Y	N	N	N	Y	N	N	N	N	N	N	N	N	N	N	N	N	N	0.0000	0.0000	0.0000	0.0000	0.0000	0.0000	0.0000	0.0000	0.0000	0.0000	0.0000	0.0000	0.0000	0.0000	0.0000	0.0000	0.0000	0.0000	0.0000	0.0000	0.0000	0.0000	0.0000	0.0000	0.0000	0.0000	0.0000			0.0000	0.0000	0.0001	0.9923	1.0072	0.0060	0.0000	0.0000	0.0000	0.0000	0.0000	0.0000	0.0000	0.0000	0.0000	0.0000	0.0000	0.0000	0.0000	0.0000	0.0000	0.0000	0.0000	0.0000	0.0000	0.0000	0.0000	0.0000	0.0000	0.0000	0.0000	0.0000	0.0000	0.0018	0.0010	0.0009	0.0002	0.0001	0.0000	0.0017	0.0008	0.0009
79	136	0.0880	13	2	0	1	0	0	0	0	0	1	0	2	1	0	0	0	0	0	0	Y	N	N	N	Y	N	N	N	N	N	N	N	N	N	N	N	N	N	0.0000	0.0000	0.0000	0.0000	0.0000	0.0000	0.0000	0.0000	0.0000	0.0000	0.0000	0.0000	0.0000	0.0000	0.0000	0.0000	0.0000	0.0000	0.0000	0.0000	0.0000	0.0000	0.0000	0.0000	0.0000	0.0000	0.0000			0.0000	0.0000	0.0001	2.0106	1.0072	2.0023	0.0000	0.0000	0.0000	0.0000	0.0000	0.0000	0.0000	0.0000	0.0000	0.0000	0.0000	0.0000	0.0000	0.0000	0.0000	0.0000	0.0000	0.0000	0.0000	0.0000	0.0000	0.0000	0.0000	0.0000	0.0000	0.0000	0.0000	0.0076	0.0038	0.0037	0.0006	0.0005	0.0001	0.0070	0.0034	0.0036
79	137	0.0848	12	2	0	1	0	1	0	0	0	0	0	1	1	0	0	0	0	0	0	Y	N	N	N	N	N	N	N	N	N	N	N	N	N	N	N	N	N	0.0000	0.0000	0.0000	0.0000	0.0000	0.0000	0.0000	0.0000	0.0000	0.0000	0.0000	0.0000	0.0000	0.0000	0.0000	0.0000	0.0000	0.0000	0.0000	0.0000	0.0000	0.0000	0.0000	0.0000	0.0000	0.0000	0.0000			0.0000	0.0000	0.0001	0.0008	1.0072	1.0019	0.0000	0.0000	0.0000	0.0000	0.0000	0.0000	0.0000	0.0000	0.0000	0.0000	0.0000	0.0000	0.0000	0.0000	0.0000	0.0000	0.0000	0.0000	0.0000	0.0000	0.0000	0.0000	0.0000	0.0000	0.0000	0.0000	0.0000	0.0019	0.0010	0.0010	0.0001	0.0001	0.0000	0.0018	0.0009	0.0009
80	81	0.0550	8	2	0	1	0	0	0	0	0	0	0	1	1	0	0	0	0	0	0	Y	N	N	N	N	N	N	N	N	N	N	N	N	N	N	N	N	N	0.0000	0.0000	0.0000	0.0000	0.0000	0.0000	0.0000	0.0000	0.0000	0.0000	0.0000	0.0000	0.0000	0.0000	0.0000	0.0000	0.0000	0.0000	0.0000	0.0000	0.0000	0.0000	0.0000	0.0000	0.0000	0.0000	0.0000			0.0000	0.0000	1.0058	7.0000	1.9973	2.0013	0.0000	0.0000	0.0000	0.0000	0.0000	0.0000	0.0000	0.0000	0.0000	0.0000	0.0000	0.0000	0.0000	0.0000	0.0000	0.0000	0.0000	0.0000	0.0830	0.0726	0.0104	0.0021	0.0020	0.0001	0.0809	0.0707	0.0102	0.0514	0.0260	0.0254	0.0029	0.0024	0.0004	0.0485	0.0236	0.0250
80	82	0.0550	7	2	0	1	0	1	0	1	0	0	0	1	1	0	0	0	0	0	0	Y	N	N	N	N	N	N	N	N	N	N	N	N	N	N	N	N	N	0.0000	0.0000	0.0000	0.0000	0.0000	0.0000	0.0000	0.0000	0.0000	0.0000	0.0000	0.0000	0.0000	0.0000	0.0000	0.0000	0.0000	0.0000	0.0000	0.0000	0.0000	0.0000	0.0000	0.0000	0.0000	0.0000	0.0000			0.0000	0.0000	1.0058	0.0005	1.9973	0.0029	0.0000	0.0000	0.0000	0.0000	0.0000	0.0000	0.0000	0.0000	0.0000	0.0000	0.0000	0.0000	0.0000	0.0000	0.0000	0.0000	0.0000	0.0000	0.0000	0.0000	0.0000	0.0000	0.0000	0.0000	0.0000	0.0000	0.0000	0.0001	0.0000	0.0000	0.0000	0.0000	0.0000	0.0000	0.0000	0.0000
80	85	0.0838	8	2	0	1	0	0	0	0	0	0	0	1	1	0	0	0	0	0	0	Y	N	N	N	N	N	N	N	N	N	N	N	N	N	N	N	N	N	0.2920	0.2139	0.0000	0.6948	0.7570	0.0000	0.0000	0.0000	0.0000	0.0000	0.0000	0.0000	0.0001	0.0001	0.0000	0.0000	0.0000	0.0000	0.0000	0.0000	0.0000	0.0001	0.0001	0.0001	0.0000	0.0000	0.0000	0.0000	0.1659	-0.0000	-0.0000	1.0058	9.9670	1.9973	12.6920	0.0000	0.0000	0.0000	0.0000	0.0000	0.0000	0.0000	0.0000	0.0000	0.0000	0.0000	0.0000	0.0000	0.0000	0.0000	0.0000	0.0000	0.0000	0.1150	0.1009	0.0141	0.0061	0.0058	0.0004	0.1088	0.0951	0.0137	0.1343	0.0740	0.0603	0.0165	0.0150	0.0015	0.1178	0.0591	0.0588
80	86	0.0773	7	2	0	1	0	1	0	1	0	0	0	1	1	0	0	0	0	0	0	Y	N	N	N	N	N	N	N	N	N	N	N	N	N	N	N	N	N	6.3208	8.8610	0.5146	13.7819	15.8560	2.0647	0.0305	3.2685	0.0000	0.0006	0.0007	0.0001	0.0031	0.0031	0.0026	0.0000	0.0000	0.0000	0.0001	0.0001	0.0001	0.0002	0.0002	0.0013	0.0001	0.0000	0.0001	0.0108	0.9718	-0.0000	-0.0000	1.0058	1.5419	1.9973	1.3342	0.0000	0.0000	0.0000	0.0000	0.0000	0.0000	0.0000	0.0000	0.0000	0.0000	0.0000	0.0000	0.0000	0.0000	0.0000	0.0000	0.0000	0.0000	0.0278	0.0252	0.0026	0.0053	0.0053	0.0001	0.0224	0.0199	0.0025	0.0294	0.0192	0.0103	0.0074	0.0072	0.0002	0.0221	0.0120	0.0100
80	87	0.1006	10	1	0	0	0	0	0	0	0	0	0	1	2	0	0	0	0	0	0	N	N	N	N	N	Y	N	N	N	N	N	N	N	N	N	N	N	N	inf	inf	0.0000	inf	inf	0.0000	0.0000	0.0000	0.0000	0.0000	0.0000	0.0000	0.0000	0.0000	0.0000	0.0000	0.0000	0.0000	0.0000	0.0000	0.0000	0.0000	0.0000	0.0000	0.0000	0.0000	0.0000	0.0000		-0.0000	0.0000	1.0058	0.9989	1.9973	0.5152	0.0000	0.0000	0.0000	0.0000	0.0000	0.0000	0.0000	0.0000	0.0000	0.0000	0.0000	0.0000	0.0000	0.0000	0.0000	0.0000	0.0000	0.0000	0.0120	0.0105	0.0015	0.0007	0.0007	0.0001	0.0113	0.0099	0.0014	0.0156	0.0097	0.0059	0.0079	0.0059	0.0020	0.0077	0.0038	0.0039
80	88	0.0712	9	1	0	0	0	0	0	0	0	0	1	1	2	0	0	0	0	0	0	N	N	N	N	N	Y	N	N	N	N	N	N	N	N	N	N	N	N	1174.9873	725.0642	0.0000	5979.1425	4922.9919	0.0000	0.0000	0.0000	0.0000	0.0006	0.0006	0.0000	0.0163	0.0173	0.0000	0.0000	0.0000	0.0000	0.0000	0.0000	0.0000	0.0000	0.0000	0.0000	0.0000	0.0000	0.0000	0.0000	0.0000	-0.0000	-0.0000	1.0058	6.0209	1.9973	2.4875	0.0000	0.0000	0.0000	0.0000	0.0000	0.0000	0.0000	0.0000	0.0000	0.0000	0.0000	0.0000	0.0000	0.0000	0.0000	0.0000	0.0000	0.0000	0.0719	0.0629	0.0089	0.0025	0.0023	0.0002	0.0694	0.0606	0.0088	0.0551	0.0298	0.0253	0.0096	0.0074	0.0022	0.0455	0.0224	0.0232
80	90	0.1215	13	2	0	1	0	0	0	1	0	0	0	1	1	0	0	0	0	0	0	Y	N	N	N	N	N	N	N	N	N	N	N	N	N	N	N	N	N	0.0028	309.5993	0.0000	635.9466	948.5302	0.0000	0.0000	0.0000	0.0000	0.0008	0.0009	0.0000	0.0111	0.0117	0.0000	0.0000	0.0000	0.0000	0.2932	0.0000	0.6550	0.0000	0.0000	0.0001	0.3482	0.0000	0.6879	0.0000	173935.7877	-0.0000	0.0098	1.0058	5.9354	1.9973	8.3561	0.0001	0.0001	0.0000	0.0001	0.0001	0.0000	0.0000	0.0000	0.0000	0.0257	0.0000	0.0257	0.0000	0.0000	0.0000	0.0257	0.0000	0.0257	0.0724	0.0635	0.0089	0.0054	0.0051	0.0003	0.0670	0.0584	0.0086	0.0877	0.0485	0.0393	0.0139	0.0120	0.0019	0.0739	0.0365	0.0374
80	91	0.1046	12	2	0	0	0	0	0	0	0	0	0	1	1	0	0	0	0	0	0	Y	N	N	N	N	N	N	N	N	N	N	N	N	N	N	N	N	N	0.0000	0.0000	0.0000	0.0000	0.0000	0.0000	0.0000	0.0000	0.0000	0.0000	0.0000	0.0000	0.0000	0.0000	0.0000	0.0000	0.0000	0.0000	8.7689	0.3918	19.9739	0.8703	0.9183	0.0000	11.5098	0.0000	20.6238	0.0000	38.1126	-0.0000	0.1774	1.0058	1.5872	1.9973	4.4746	0.0000	0.0000	0.0000	0.0000	0.0000	0.0000	0.0000	0.0000	0.0000	0.4992	0.0128	0.4864	0.0128	0.0128	0.0000	0.4864	0.0000	0.4864	0.0194	0.0170	0.0024	0.0012	0.0011	0.0001	0.0182	0.0159	0.0023	0.0569	0.0326	0.0244	0.0147	0.0139	0.0008	0.0423	0.0187	0.0236
80	92	0.0485	9	2	0	0	1	0	0	0	1	0	0	2	2	0	0	0	0	0	0	Y	N	N	N	Y	Y	N	N	N	N	N	N	N	N	N	N	N	N	0.0862	0.0486	0.0000	0.0812	0.0665	0.0000	0.0000	0.0000	0.0000	0.0033	0.0038	0.0000	0.0765	0.0808	0.0000	0.0000	0.0000	0.0000	0.0381	0.0772	0.0000	0.9429	1.2155	0.0000	0.0000	0.0000	0.0000	0.0000	0.0000	-0.0000	-0.0004	1.0058	1.0091	1.9973	1.9972	0.0000	0.0000	0.0000	0.0000	0.0000	0.0000	0.0000	0.0000	0.0000	0.0007	0.0007	0.0000	0.0007	0.0007	0.0000	0.0000	0.0000	0.0000	0.0122	0.0107	0.0015	0.0005	0.0005	0.0000	0.0117	0.0102	0.0015	0.0176	0.0087	0.0089	0.0007	0.0006	0.0002	0.0168	0.0081	0.0087
80	93	0.0323	8	2	0	0	0	0	0	0	0	0	1	2	2	0	0	0	0	0	0	Y	N	N	N	Y	Y	N	N	N	N	N	N	N	N	N	N	N	N	1.0771	0.0004	inf	0.0006	0.0005	0.0000	inf	0.0000	inf	0.0004	0.0000	0.0033	0.0000	0.0000	0.0000	0.0004	0.0000	0.0034	0.0004	0.0008	0.0000	0.0166	0.0207	0.0000	0.0000	0.0000	0.0000	1469.2416	0.0000	0.0000	-0.0000	1.0058	2.0083	1.9973	3.0031	0.0000	0.0000	0.0000	0.0000	0.0000	0.0000	0.0000	0.0000	0.0000	0.0000	0.0000	0.0000	0.0000	0.0000	0.0000	0.0000	0.0000	0.0000	0.0239	0.0209	0.0030	0.0007	0.0007	0.0000	0.0231	0.0202	0.0030	0.0289	0.0141	0.0148	0.0007	0.0005	0.0001	0.0282	0.0135	0.0147
80	94	0.0322	7	2	0	0	0	0	0	0	0	0	0	2	1	0	0	0	0	0	0	Y	N	N	N	Y	N	N	N	N	N	N	N	N	N	N	N	N	N	inf	inf	inf	inf	inf	0.0000	inf	0.0000	inf	37.0474	14.1716	192.0438	42.5105	42.6413	0.0000	34.8106	0.0000	193.3839	0.0000	0.0000	0.0000	0.0000	0.0000	0.0000	0.0000	0.0000	0.0000	2.0000		0.0000	-0.0000	1.0058	0.0000	1.9973	0.0002	0.0000	0.0000	0.0000	0.0000	0.0000	0.0000	0.0000	0.0000	0.0000	0.0000	0.0000	0.0000	0.0000	0.0000	0.0000	0.0000	0.0000	0.0000	0.0000	0.0000	0.0000	0.0000	0.0000	0.0000	0.0000	0.0000	0.0000	0.0000	0.0000	0.0000	0.0000	0.0000	0.0000	0.0000	0.0000	0.0000
80	95	0.0290	6	2	0	0	0	0	0	0	0	0	0	2	1	0	0	0	0	0	0	Y	N	N	N	Y	N	N	N	N	N	N	N	N	N	N	N	N	N	inf	inf	inf	inf	inf	0.0000	inf	0.0000	inf	82.9949	0.0000	658.4389	0.0002	0.0002	0.0000	85.4444	0.0000	668.2299	0.0000	0.0000	0.0000	0.0000	0.0000	0.0000	0.0000	0.0000	0.0000	17109076.4851		0.7686	-0.0000	1.0058	1.0000	1.9973	0.0001	0.9992	0.0000	0.9992	0.0000	0.0000	0.0000	0.9992	0.0000	0.9992	0.0000	0.0000	0.0000	0.0000	0.0000	0.0000	0.0000	0.0000	0.0000	0.0120	0.0105	0.0015	0.0003	0.0003	0.0000	0.0117	0.0102	0.0015	0.0059	0.0029	0.0030	0.0001	0.0001	0.0000	0.0058	0.0028	0.0030
80	96	0.0290	5	2	0	0	0	0	0	0	0	1	0	2	1	0	0	0	0	0	0	Y	N	N	N	Y	N	N	N	N	N	N	N	N	N	N	N	N	N	0.0000	0.0000	0.0000	0.0000	0.0000	0.0000	0.0000	0.0000	0.0000	0.0000	0.0000	0.0000	0.0000	0.0000	0.0000	0.0000	0.0000	0.0000	0.0000	0.0000	0.0000	0.0000	0.0000	0.0000	0.0000	0.0000	0.0000			0.0000	0.0000	1.0058	0.0000	1.9973	0.0001	0.0000	0.0000	0.0000	0.0000	0.0000	0.0000	0.0000	0.0000	0.0000	0.0000	0.0000	0.0000	0.0000	0.0000	0.0000	0.0000	0.0000	0.0000	0.0000	0.0000	0.0000	0.0000	0.0000	0.0000	0.0000	0.0000	0.0000	0.0000	0.0000	0.0000	0.0000	0.0000	0.0000	0.0000	0.0000	0.0000
80	97	0.0258	4	2	0	0	0	0	0	0	0	0	0	1	1	0	0	0	0	0	0	Y	N	N	N	N	N	N	N	N	N	N	N	N	N	N	N	N	N	0.0000	0.0000	0.0000	0.0000	0.0000	0.0000	0.0000	0.0000	0.0000	0.0000	0.0000	0.0000	0.0000	0.0000	0.0000	0.0000	0.0000	0.0000	0.0000	0.0000	0.0000	0.0000	0.0000	0.0000	0.0000	0.0000	0.0000		0.6875	0.0000	-0.0000	1.0058	0.9999	1.9973	0.0008	0.0000	0.0000	0.0000	0.0000	0.0000	0.0000	0.0000	0.0000	0.0000	0.0000	0.0000	0.0000	0.0000	0.0000	0.0000	0.0000	0.0000	0.0000	0.0123	0.0107	0.0015	0.0003	0.0003	0.0000	0.0120	0.0104	0.0015	0.0060	0.0029	0.0030	0.0001	0.0001	0.0000	0.0058	0.0028	0.0030
80	99	0.0518	6	2	0	1	0	1	0	1	0	0	0	1	1	0	0	0	0	0	0	Y	N	N	N	N	N	N	N	N	N	N	N	N	N	N	N	N	N	0.0389	0.0262	0.0000	0.0656	0.0598	0.0000	0.0000	0.0000	0.0000	0.0003	0.0004	0.0000	0.0132	0.0141	0.0000	0.0000	0.0000	0.0000	0.0086	0.0146	0.0025	0.2012	0.2366	0.0352	0.0012	0.0002	0.0021	0.0000	0.1719	-0.0000	-0.0004	1.0058	5.0000	1.9973	11.0015	0.0000	0.0000	0.0000	0.0000	0.0000	0.0000	0.0000	0.0000	0.0000	0.0008	0.0006	0.0001	0.0007	0.0006	0.0000	0.0001	0.0000	0.0001	0.0598	0.0523	0.0075	0.0015	0.0014	0.0001	0.0583	0.0509	0.0074	0.0872	0.0438	0.0434	0.0032	0.0027	0.0006	0.0839	0.0411	0.0428
80	100	0.1326	16	2	0	1	0	0	0	0	0	0	0	1	1	0	0	0	0	0	0	Y	N	N	N	N	N	N	N	N	N	N	N	N	N	N	N	N	N	0.0000	0.0000	0.0000	0.0000	0.0000	0.0000	0.0000	0.0000	0.0000	0.0000	0.0000	0.0000	0.0000	0.0000	0.0000	0.0000	0.0000	0.0000	0.0773	0.1354	0.0000	0.3910	0.4558	0.0000	0.0000	0.0000	0.0000		0.0000	-0.0000	-0.0017	1.0058	2.0003	1.9973	3.6794	0.0000	0.0000	0.0000	0.0000	0.0000	0.0000	0.0000	0.0000	0.0000	0.0027	0.0027	0.0000	0.0027	0.0027	0.0000	0.0000	0.0000	0.0000	0.0246	0.0215	0.0030	0.0020	0.0019	0.0001	0.0226	0.0197	0.0029	0.0353	0.0202	0.0151	0.0070	0.0060	0.0010	0.0283	0.0142	0.0141
80	101	0.1220	15	2	0	1	0	1	0	1	0	0	0	1	1	0	0	0	0	0	0	Y	N	N	N	N	N	N	N	N	N	N	N	N	N	N	N	N	N	0.0000	0.0000	0.0000	0.0000	0.0000	0.0000	0.0000	0.0000	0.0000	0.0008	0.0009	0.0000	0.0021	0.0021	0.0000	0.0000	0.0000	0.0000	51.2900	95.2594	0.0010	358.3338	433.0524	0.0000	0.0005	0.0000	0.0010	0.0012	0.0000	-0.0000	-0.6121	1.0058	0.0087	1.9973	3.3708	0.0000	0.0000	0.0000	0.0000	0.0000	0.0000	0.0000	0.0000	0.0000	0.9886	0.9886	0.0000	0.9886	0.9886	0.0000	0.0000	0.0000	0.0000	0.0004	0.0003	0.0000	0.0002	0.0002	0.0000	0.0002	0.0002	0.0000	0.0193	0.0104	0.0089	0.0028	0.0023	0.0005	0.0165	0.0081	0.0084
80	106	0.0161	2	2	0	1	0	0	0	1	0	0	0	1	1	0	0	0	0	0	0	Y	N	N	N	N	N	N	N	N	N	N	N	N	N	N	N	N	N	0.0337	0.0191	0.0000	0.0150	0.0160	0.0000	0.0000	0.0000	0.0000	0.0002	0.0003	0.0000	0.0102	0.0109	0.0000	0.0000	0.0000	0.0000	0.0071	0.0143	0.0000	0.6794	0.6828	0.0701	0.0000	0.0000	0.0000	0.0000	0.0026	-0.0000	-0.0002	1.0058	3.0043	1.9973	5.0032	0.0000	0.0000	0.0000	0.0000	0.0000	0.0000	0.0000	0.0000	0.0000	0.0003	0.0003	0.0000	0.0003	0.0003	0.0000	0.0000	0.0000	0.0000	0.0366	0.0320	0.0046	0.0009	0.0008	0.0001	0.0358	0.0312	0.0046	0.0467	0.0230	0.0237	0.0005	0.0005	0.0000	0.0463	0.0225	0.0237
80	110	0.1271	13	2	0	1	0	0	0	0	0	0	0	1	1	0	0	0	0	0	0	Y	N	N	N	N	N	N	N	N	N	N	N	N	N	N	N	N	N	0.0000	0.0000	0.0000	0.0000	0.0000	0.0000	0.0000	0.0000	0.0000	0.0000	0.0000	0.0000	0.0000	0.0000	0.0000	0.0000	0.0000	0.0000	0.2367	0.3930	0.0600	1.8549	2.3484	0.0002	0.0317	0.0000	0.0632		0.1351	0.0000	-0.0081	1.0058	7.0195	1.9973	5.1243	0.0000	0.0000	0.0000	0.0000	0.0000	0.0000	0.0000	0.0000	0.0000	0.0163	0.0143	0.0019	0.0143	0.0143	0.0000	0.0019	0.0000	0.0019	0.0817	0.0716	0.0101	0.0051	0.0048	0.0003	0.0766	0.0668	0.0097	0.0687	0.0364	0.0322	0.0077	0.0061	0.0016	0.0610	0.0303	0.0306
80	111	0.1046	12	2	0	1	0	0	0	1	0	0	0	1	1	0	0	0	0	0	0	Y	N	N	N	N	N	N	N	N	N	N	N	N	N	N	N	N	N	0.0000	0.0000	0.0000	0.0000	0.0000	0.0000	0.0000	0.0000	0.0000	0.0000	0.0000	0.0000	0.0000	0.0000	0.0000	0.0000	0.0000	0.0000	9.1114	15.6069	0.3145	33.5618	35.2740	0.0000	0.1826	0.0006	0.3244		0.0149	0.0000	-0.2973	1.0058	2.0281	1.9973	3.4706	0.0000	0.0000	0.0000	0.0000	0.0000	0.0000	0.0000	0.0000	0.0000	0.4918	0.4846	0.0072	0.4846	0.4846	0.0000	0.0072	0.0000	0.0072	0.0247	0.0216	0.0031	0.0015	0.0014	0.0001	0.0232	0.0202	0.0030	0.0540	0.0311	0.0229	0.0144	0.0137	0.0007	0.0395	0.0173	0.0222
80	112	0.0912	11	2	0	0	0	1	0	0	0	0	0	1	1	0	0	0	0	0	0	Y	N	N	N	N	N	N	N	N	N	N	N	N	N	N	N	N	N	0.0000	0.0000	0.0000	0.0000	0.0000	0.0000	0.0000	0.0000	0.0000	0.0000	0.0000	0.0000	0.0000	0.0000	0.0000	0.0000	0.0000	0.0000	9.1841	7.9112	10.9461	16.8608	17.6573	0.0000	6.3100	0.0000	11.2764		0.9996	0.0000	-0.0591	1.0058	3.0209	1.9973	2.2550	0.0000	0.0000	0.0000	0.0000	0.0000	0.0000	0.0000	0.0000	0.0000	0.4955	0.2478	0.2477	0.2478	0.2478	0.0000	0.2477	0.0000	0.2477	0.0372	0.0326	0.0046	0.0018	0.0017	0.0001	0.0353	0.0308	0.0045	0.0540	0.0313	0.0226	0.0147	0.0140	0.0007	0.0393	0.0173	0.0220
80	120	0.0816	12	1	0	1	0	0	0	0	0	0	0	2	1	0	0	0	0	0	0	N	N	N	N	Y	N	N	N	N	N	N	N	N	N	N	N	N	N	0.0000	0.0000	0.0000	0.0000	0.0000	0.0000	0.0000	0.0000	0.0000	0.0000	0.0000	0.0000	0.0000	0.0000	0.0000	0.0000	0.0000	0.0000	0.0000	0.0000	0.0000	0.0000	0.0000	0.0000	0.0000	0.0000	0.0000			0.0000	0.0000	1.0058	2.9998	1.9973	1.0000	0.0000	0.0000	0.0000	0.0000	0.0000	0.0000	0.0000	0.0000	0.0000	0.0000	0.0000	0.0000	0.0000	0.0000	0.0000	0.0000	0.0000	0.0000	0.0357	0.0312	0.0045	0.0017	0.0015	0.0001	0.0340	0.0297	0.0043	0.0223	0.0113	0.0111	0.0015	0.0013	0.0003	0.0208	0.0100	0.0108
80	121	0.0816	11	1	0	1	0	0	0	0	0	1	0	2	1	0	0	0	0	0	0	N	N	N	N	Y	N	N	N	N	N	N	N	N	N	N	N	N	N	0.0000	0.0000	0.0000	0.0000	0.0000	0.0000	0.0000	0.0000	0.0000	0.0000	0.0000	0.0000	0.0000	0.0000	0.0000	0.0000	0.0000	0.0000	0.0000	0.0000	0.0000	0.0000	0.0000	0.0000	0.0000	0.0000	0.0000			0.0000	0.0000	1.0058	0.0006	1.9973	0.0007	0.0000	0.0000	0.0000	0.0000	0.0000	0.0000	0.0000	0.0000	0.0000	0.0000	0.0000	0.0000	0.0000	0.0000	0.0000	0.0000	0.0000	0.0000	0.0000	0.0000	0.0000	0.0000	0.0000	0.0000	0.0000	0.0000	0.0000	0.0000	0.0000	0.0000	0.0000	0.0000	0.0000	0.0000	0.0000	0.0000
80	126	0.0848	12	2	0	1	0	0	0	0	0	0	0	1	1	0	0	0	0	0	0	Y	N	N	N	N	N	N	N	N	N	N	N	N	N	N	N	N	N	0.0000	0.0000	0.0000	0.0000	0.0000	0.0000	0.0000	0.0000	0.0000	0.0000	0.0000	0.0000	0.0000	0.0000	0.0000	0.0000	0.0000	0.0000	0.0000	0.0000	0.0000	0.0000	0.0000	0.0000	0.0000	0.0000	0.0000			0.0000	0.0000	1.0058	1.0002	1.9973	2.0058	0.0000	0.0000	0.0000	0.0000	0.0000	0.0000	0.0000	0.0000	0.0000	0.0000	0.0000	0.0000	0.0000	0.0000	0.0000	0.0000	0.0000	0.0000	0.0121	0.0105	0.0015	0.0006	0.0005	0.0000	0.0115	0.0100	0.0015	0.0170	0.0086	0.0084	0.0012	0.0010	0.0002	0.0158	0.0076	0.0082
80	127	0.0881	12	1	0	0	0	0	0	0	0	0	1	1	2	0	0	0	0	0	0	N	N	N	N	N	Y	N	N	N	N	N	N	N	N	N	N	N	N	0.0000	0.0000	0.0000	0.0000	0.0000	0.0000	0.0000	0.0000	0.0000	0.0000	0.0000	0.0000	0.0000	0.0000	0.0000	0.0000	0.0000	0.0000	0.0000	0.0000	0.0000	0.0000	0.0000	0.0000	0.0000	0.0000	0.0000			0.0000	0.0000	1.0058	1.0000	1.9973	2.0000	0.0000	0.0000	0.0000	0.0000	0.0000	0.0000	0.0000	0.0000	0.0000	0.0000	0.0000	0.0000	0.0000	0.0000	0.0000	0.0000	0.0000	0.0000	0.0120	0.0105	0.0015	0.0005	0.0005	0.0000	0.0115	0.0100	0.0015	0.0174	0.0089	0.0085	0.0012	0.0010	0.0002	0.0162	0.0078	0.0083
80	128	0.0881	11	1	0	0	0	0	0	0	0	0	1	1	2	0	0	0	0	0	0	N	N	N	N	N	Y	N	N	N	N	N	N	N	N	N	N	N	N	0.0000	0.0000	0.0000	0.0000	0.0000	0.0000	0.0000	0.0000	0.0000	0.0000	0.0000	0.0000	0.0000	0.0000	0.0000	0.0000	0.0000	0.0000	0.0003	0.0007	0.0000	0.0000	0.0000	0.0000	0.0004	0.0008	0.0000		0.0000	0.0000	-0.0000	1.0058	3.0000	1.9973	2.0000	0.0000	0.0000	0.0000	0.0000	0.0000	0.0000	0.0000	0.0000	0.0000	0.0000	0.0000	0.0000	0.0000	0.0000	0.0000	0.0000	0.0000	0.0000	0.0356	0.0312	0.0044	0.0016	0.0015	0.0001	0.0340	0.0297	0.0043	0.0287	0.0146	0.0141	0.0020	0.0017	0.0004	0.0267	0.0129	0.0137
80	129	0.0914	13	1	0	0	0	0	0	0	0	0	1	1	2	0	0	0	0	0	0	N	N	N	N	N	Y	N	N	N	N	N	N	N	N	N	N	N	N	0.0000	0.0000	0.0000	0.0000	0.0000	0.0000	0.0000	0.0000	0.0000	0.0000	0.0000	0.0000	0.0000	0.0000	0.0000	0.0000	0.0000	0.0000	0.0000	0.0000	0.0000	0.0000	0.0000	0.0000	0.0000	0.0000	0.0000			0.0000	0.0000	1.0058	2.0004	1.9973	1.0045	0.0000	0.0000	0.0000	0.0000	0.0000	0.0000	0.0000	0.0000	0.0000	0.0000	0.0000	0.0000	0.0000	0.0000	0.0000	0.0000	0.0000	0.0000	0.0239	0.0209	0.0030	0.0011	0.0010	0.0001	0.0228	0.0199	0.0029	0.0175	0.0089	0.0086	0.0013	0.0010	0.0002	0.0162	0.0079	0.0084
80	133	0.1052	9	2	0	1	0	0	0	0	0	0	0	2	1	0	0	0	0	0	0	Y	N	N	N	Y	N	N	N	N	N	N	N	N	N	N	N	N	N	0.0000	0.0000	0.0000	0.0000	0.0000	0.0000	0.0000	0.0000	0.0000	0.0000	0.0000	0.0000	0.0000	0.0000	0.0000	0.0000	0.0000	0.0000	0.0060	0.0095	0.0000	0.0164	0.0166	0.0000	0.0000	0.0000	0.0000		0.0000	0.0000	-0.0000	1.0058	0.0000	1.9973	0.0001	0.0000	0.0000	0.0000	0.0000	0.0000	0.0000	0.0000	0.0000	0.0000	0.0000	0.0000	0.0000	0.0000	0.0000	0.0000	0.0000	0.0000	0.0000	0.0000	0.0000	0.0000	0.0000	0.0000	0.0000	0.0000	0.0000	0.0000	0.0000	0.0000	0.0000	0.0000	0.0000	0.0000	0.0000	0.0000	0.0000
80	134	0.0651	8	2	0	1	0	1	0	1	0	1	0	2	1	0	0	0	0	0	0	Y	N	N	N	Y	N	N	N	N	N	N	N	N	N	N	N	N	N	0.0000	0.0000	0.0000	0.0000	0.0000	0.0000	0.0000	0.0000	0.0000	0.0000	0.0000	0.0000	0.0000	0.0000	0.0000	0.0000	0.0000	0.0000	0.0035	0.0068	0.0000	0.0472	0.0532	0.0000	0.0000	0.0000	0.0000		0.0000	0.0000	-0.0001	1.0058	4.0005	1.9973	6.9251	0.0000	0.0000	0.0000	0.0000	0.0000	0.0000	0.0000	0.0000	0.0000	0.0002	0.0002	0.0000	0.0002	0.0002	0.0000	0.0000	0.0000	0.0000	0.0483	0.0423	0.0061	0.0014	0.0013	0.0001	0.0470	0.0410	0.0060	0.0637	0.0325	0.0312	0.0047	0.0041	0.0005	0.0590	0.0284	0.0307
80	135	0.0977	13	2	0	1	0	0	0	0	0	0	0	2	1	0	0	0	0	0	0	Y	N	N	N	Y	N	N	N	N	N	N	N	N	N	N	N	N	N	0.0000	0.0000	0.0000	0.0000	0.0000	0.0000	0.0000	0.0000	0.0000	0.0000	0.0000	0.0000	0.0000	0.0000	0.0000	0.0000	0.0000	0.0000	0.0000	0.0000	0.0000	0.0000	0.0000	0.0000	0.0000	0.0000	0.0000		0.0000	0.0000	-0.0000	1.0058	0.9923	1.9973	0.0060	0.0000	0.0000	0.0000	0.0000	0.0000	0.0000	0.0000	0.0000	0.0000	0.0000	0.0000	0.0000	0.0000	0.0000	0.0000	0.0000	0.0000	0.0000	0.0121	0.0106	0.0015	0.0007	0.0007	0.0000	0.0114	0.0099	0.0015	0.0055	0.0028	0.0026	0.0005	0.0004	0.0001	0.0050	0.0024	0.0026
80	136	0.0848	12	2	0	1	0	0	0	0	0	1	0	2	1	0	0	0	0	0	0	Y	N	N	N	Y	N	N	N	N	N	N	N	N	N	N	N	N	N	0.0000	0.0000	0.0000	0.0000	0.0000	0.0000	0.0000	0.0000	0.0000	0.0000	0.0000	0.0000	0.0000	0.0000	0.0000	0.0000	0.0000	0.0000	0.0000	0.0000	0.0000	0.0000	0.0000	0.0000	0.0000	0.0000	0.0000		inf	0.0000	0.0000	1.0058	2.0106	1.9973	2.0023	0.0000	0.0000	0.0000	0.0000	0.0000	0.0000	0.0000	0.0000	0.0000	0.0000	0.0000	0.0000	0.0000	0.0000	0.0000	0.0000	0.0000	0.0000	0.0240	0.0210	0.0030	0.0011	0.0010	0.0001	0.0229	0.0200	0.0029	0.0224	0.0113	0.0111	0.0016	0.0013	0.0003	0.0208	0.0100	0.0108
80	137	0.0816	11	2	0	1	0	1	0	0	0	0	0	1	1	0	0	0	0	0	0	Y	N	N	N	N	N	N	N	N	N	N	N	N	N	N	N	N	N	0.0000	0.0000	0.0000	0.0000	0.0000	0.0000	0.0000	0.0000	0.0000	0.0000	0.0000	0.0000	0.0000	0.0000	0.0000	0.0000	0.0000	0.0000	0.0000	0.0000	0.0000	0.0000	0.0000	0.0000	0.0000	0.0000	0.0000			0.0000	0.0000	1.0058	0.0008	1.9973	1.0019	0.0000	0.0000	0.0000	0.0000	0.0000	0.0000	0.0000	0.0000	0.0000	0.0000	0.0000	0.0000	0.0000	0.0000	0.0000	0.0000	0.0000	0.0000	0.0000	0.0000	0.0000	0.0000	0.0000	0.0000	0.0000	0.0000	0.0000	0.0057	0.0029	0.0028	0.0004	0.0003	0.0001	0.0053	0.0025	0.0028
81	83	0.0807	8	2	0	1	0	0	0	0	0	0	0	1	1	0	0	0	0	0	0	Y	N	N	N	N	N	N	N	N	N	N	N	N	N	N	N	N	N	0.0000	0.0000	0.0000	0.0000	0.0000	0.0000	0.0000	0.0000	0.0000	0.0000	0.0000	0.0000	0.0000	0.0000	0.0000	0.0000	0.0000	0.0000	0.0000	0.0000	0.0000	0.0000	0.0000	0.0000	0.0000	0.0000	0.0000			0.0000	0.0000	7.0000	5.0069	2.0013	6.0103	0.0000	0.0000	0.0000	0.0000	0.0000	0.0000	0.0000	0.0000	0.0000	0.0000	0.0000	0.0000	0.0000	0.0000	0.0000	0.0000	0.0000	0.0000	0.3995	0.3497	0.0497	0.0084	0.0078	0.0007	0.3910	0.3420	0.0491	0.1789	0.0903	0.0886	0.0091	0.0076	0.0015	0.1698	0.0827	0.0870
81	84	0.0742	7	2	0	1	0	0	0	0	0	1	1	1	1	0	0	0	0	0	0	Y	N	N	N	N	N	N	N	N	N	N	N	N	N	N	N	N	N	inf	inf	0.0000	inf	inf	0.0000	0.0000	0.0000	0.0000	0.0004	0.0004	0.0000	0.0736	0.0766	0.0000	0.0000	0.0000	0.0000	0.0000	0.0000	0.0000	0.0000	0.0000	0.0000	0.0000	0.0000	0.0000	0.0000		-0.0000	0.0000	7.0000	1.9932	2.0013	0.0278	0.0001	0.0001	0.0000	0.0001	0.0001	0.0000	0.0000	0.0000	0.0000	0.0000	0.0000	0.0000	0.0000	0.0000	0.0000	0.0000	0.0000	0.0000	0.1614	0.1411	0.0203	0.0008	0.0008	0.0000	0.1606	0.1404	0.0203	0.0357	0.0182	0.0176	0.0021	0.0018	0.0003	0.0336	0.0164	0.0173
81	91	0.0914	11	2	0	1	0	0	0	0	0	0	0	0	0	0	0	0	0	0	0	Y	N	N	N	N	N	N	N	N	N	N	N	N	N	N	N	N	N	0.0000	0.0000	0.0000	0.0000	0.0000	0.0000	0.0000	0.0000	0.0000	0.0000	0.0000	0.0000	0.0000	0.0000	0.0000	0.0000	0.0000	0.0000	0.0000	0.0000	0.0000	0.0000	0.0000	0.0000	0.0000	0.0000	0.0000		0.3333	0.0000	-0.0000	7.0000	1.5872	2.0013	4.4746	0.0000	0.0000	0.0000	0.0000	0.0000	0.0000	0.0000	0.0000	0.0000	0.0000	0.0000	0.0000	0.0000	0.0000	0.0000	0.0000	0.0000	0.0000	0.1284	0.1124	0.0160	0.0046	0.0044	0.0002	0.1237	0.1080	0.0157	0.1439	0.0832	0.0607	0.0296	0.0279	0.0018	0.1143	0.0553	0.0590
81	92	0.0873	10	2	0	1	1	0	0	0	1	0	0	1	1	0	0	0	0	0	0	Y	N	N	N	N	N	N	N	N	N	N	N	N	N	N	N	N	N	0.0000	0.0000	0.0000	0.0000	0.0000	0.0000	0.0000	0.0000	0.0000	0.0000	0.0000	0.0000	0.0000	0.0000	0.0000	0.0000	0.0000	0.0000	0.0000	0.0000	0.0000	0.0000	0.0000	0.0000	0.0000	0.0000	0.0000			0.0000	0.0000	7.0000	1.0091	2.0013	1.9972	0.0000	0.0000	0.0000	0.0000	0.0000	0.0000	0.0000	0.0000	0.0000	0.0000	0.0000	0.0000	0.0000	0.0000	0.0000	0.0000	0.0000	0.0000	0.0806	0.0706	0.0100	0.0019	0.0018	0.0001	0.0787	0.0688	0.0100	0.0507	0.0250	0.0257	0.0014	0.0010	0.0003	0.0493	0.0240	0.0253
81	93	0.0710	9	2	0	1	0	0	0	0	0	0	1	1	1	0	0	0	0	0	0	Y	N	N	N	N	N	N	N	N	N	N	N	N	N	N	N	N	N	0.0000	0.0000	0.0000	0.0000	0.0000	0.0000	0.0000	0.0000	0.0000	0.0000	0.0000	0.0000	0.0000	0.0000	0.0000	0.0000	0.0000	0.0000	0.0000	0.0000	0.0000	0.0000	0.0000	0.0000	0.0000	0.0000	0.0000			0.0000	0.0000	7.0000	2.0083	2.0013	3.0031	0.0000	0.0000	0.0000	0.0000	0.0000	0.0000	0.0000	0.0000	0.0000	0.0000	0.0000	0.0000	0.0000	0.0000	0.0000	0.0000	0.0000	0.0000	0.1579	0.1380	0.0199	0.0016	0.0015	0.0001	0.1563	0.1365	0.0198	0.0833	0.0408	0.0425	0.0011	0.0010	0.0002	0.0822	0.0398	0.0423
81	94	0.0710	8	2	0	1	0	0	0	0	0	0	0	1	0	0	0	0	0	0	0	Y	N	N	N	N	N	N	N	N	N	N	N	N	N	N	N	N	N	0.0000	0.0000	0.0000	0.0000	0.0000	0.0000	0.0000	0.0000	0.0000	0.0000	0.0000	0.0000	0.0000	0.0000	0.0000	0.0000	0.0000	0.0000	0.0000	0.0000	0.0000	0.0000	0.0000	0.0000	0.0000	0.0000	0.0000			0.0000	0.0000	7.0000	0.0000	2.0013	0.0002	0.0000	0.0000	0.0000	0.0000	0.0000	0.0000	0.0000	0.0000	0.0000	0.0000	0.0000	0.0000	0.0000	0.0000	0.0000	0.0000	0.0000	0.0000	0.0000	0.0000	0.0000	0.0000	0.0000	0.0000	0.0000	0.0000	0.0000	0.0000	0.0000	0.0000	0.0000	0.0000	0.0000	0.0000	0.0000	0.0000
81	95	0.0678	7	2	0	1	0	0	0	0	0	0	0	1	0	0	0	0	0	0	0	Y	N	N	N	N	N	N	N	N	N	N	N	N	N	N	N	N	N	0.0000	0.0000	0.0000	0.0000	0.0000	0.0000	0.0000	0.0000	0.0000	0.0000	0.0000	0.0000	0.0000	0.0000	0.0000	0.0000	0.0000	0.0000	0.0000	0.0000	0.0000	0.0000	0.0000	0.0000	0.0000	0.0000	0.0000			0.0000	0.0000	7.0000	1.0000	2.0013	0.0001	0.0000	0.0000	0.0000	0.0000	0.0000	0.0000	0.0000	0.0000	0.0000	0.0000	0.0000	0.0000	0.0000	0.0000	0.0000	0.0000	0.0000	0.0000	0.0796	0.0695	0.0100	0.0006	0.0006	0.0000	0.0789	0.0689	0.0100	0.0170	0.0083	0.0087	0.0002	0.0002	0.0000	0.0168	0.0081	0.0086
81	96	0.0678	6	2	0	1	0	0	0	0	0	1	0	1	0	0	0	0	0	0	0	Y	N	N	N	N	N	N	N	N	N	N	N	N	N	N	N	N	N	0.0000	0.0000	0.0000	0.0000	0.0000	0.0000	0.0000	0.0000	0.0000	0.0000	0.0000	0.0000	0.0000	0.0000	0.0000	0.0000	0.0000	0.0000	0.0000	0.0000	0.0000	0.0000	0.0000	0.0000	0.0000	0.0000	0.0000			0.0000	0.0000	7.0000	0.0000	2.0013	0.0001	0.0000	0.0000	0.0000	0.0000	0.0000	0.0000	0.0000	0.0000	0.0000	0.0000	0.0000	0.0000	0.0000	0.0000	0.0000	0.0000	0.0000	0.0000	0.0000	0.0000	0.0000	0.0000	0.0000	0.0000	0.0000	0.0000	0.0000	0.0000	0.0000	0.0000	0.0000	0.0000	0.0000	0.0000	0.0000	0.0000
81	97	0.0645	5	2	0	1	0	0	0	0	0	0	0	0	0	0	0	0	0	0	0	Y	N	N	N	N	N	N	N	N	N	N	N	N	N	N	N	N	N	0.0000	0.0000	0.0000	0.0000	0.0000	0.0000	0.0000	0.0000	0.0000	0.0000	0.0000	0.0000	0.0000	0.0000	0.0000	0.0000	0.0000	0.0000	0.0000	0.0000	0.0000	0.0000	0.0000	0.0000	0.0000	0.0000	0.0000			0.0000	0.0000	7.0000	0.9999	2.0013	0.0008	0.0000	0.0000	0.0000	0.0000	0.0000	0.0000	0.0000	0.0000	0.0000	0.0000	0.0000	0.0000	0.0000	0.0000	0.0000	0.0000	0.0000	0.0000	0.0812	0.0710	0.0102	0.0004	0.0004	0.0000	0.0808	0.0706	0.0102	0.0173	0.0086	0.0087	0.0006	0.0005	0.0001	0.0168	0.0081	0.0086
81	107	0.0677	6	2	0	1	0	0	0	0	0	0	0	0	0	0	0	0	0	0	0	Y	N	N	N	N	N	N	N	N	N	N	N	N	N	N	N	N	N	inf	0.0000	inf	inf	0.0000	inf	inf	0.0000	inf	0.0007	0.0000	0.0059	0.0000	0.0000	0.0007	0.0007	0.0000	0.0059	0.0000	0.0000	0.0000	0.0000	0.0000	0.0000	0.0000	0.0000	0.0000	inf		0.0000	0.0000	7.0000	1.0015	2.0013	0.9989	0.0001	0.0000	0.0001	0.0000	0.0000	0.0000	0.0001	0.0000	0.0001	0.0000	0.0000	0.0000	0.0000	0.0000	0.0000	0.0000	0.0000	0.0000	0.0813	0.0711	0.0102	0.0004	0.0004	0.0000	0.0809	0.0707	0.0102	0.0345	0.0172	0.0173	0.0011	0.0010	0.0001	0.0333	0.0162	0.0171
81	108	0.0645	5	2	0	1	0	0	0	0	0	0	0	0	0	0	0	0	0	0	0	Y	N	N	N	N	N	N	N	N	N	N	N	N	N	N	N	N	N	0.0000	0.0000	0.0000	0.0000	0.0000	0.0000	0.0000	0.0000	0.0000	0.0000	0.0000	0.0000	0.0000	0.0000	0.0000	0.0000	0.0000	0.0000	0.0000	0.0000	0.0000	0.0001	0.0001	0.0000	0.0000	0.0000	0.0000		0.0000	0.0000	-0.0000	7.0000	1.0004	2.0013	0.0020	0.0000	0.0000	0.0000	0.0000	0.0000	0.0000	0.0000	0.0000	0.0000	0.0000	0.0000	0.0000	0.0000	0.0000	0.0000	0.0000	0.0000	0.0000	0.0812	0.0710	0.0102	0.0004	0.0004	0.0000	0.0808	0.0706	0.0102	0.0174	0.0086	0.0087	0.0006	0.0005	0.0001	0.0168	0.0081	0.0086
81	109	0.0386	4	2	0	1	0	1	0	0	0	0	0	0	0	0	0	0	0	0	0	Y	N	N	N	N	N	N	N	N	N	N	N	N	N	N	N	N	N	0.0000	0.0000	0.0000	0.0000	0.0000	0.0000	0.0000	0.0000	0.0000	0.0000	0.0000	0.0000	0.0000	0.0000	0.0000	0.0000	0.0000	0.0000	0.0001	0.0002	0.0000	0.0046	0.0051	0.0000	0.0000	0.0000	0.0000		0.0021	0.0000	-0.0000	7.0000	3.0035	2.0013	5.0043	0.0000	0.0000	0.0000	0.0000	0.0000	0.0000	0.0000	0.0000	0.0000	0.0000	0.0000	0.0000	0.0000	0.0000	0.0000	0.0000	0.0000	0.0000	0.2404	0.2101	0.0303	0.0000	0.0000	0.0000	0.2404	0.2101	0.0303	0.1338	0.0660	0.0679	0.0026	0.0023	0.0003	0.1313	0.0636	0.0676
81	112	0.0780	10	2	0	1	0	1	0	0	0	0	0	0	0	0	0	0	0	0	0	Y	N	N	N	N	N	N	N	N	N	N	N	N	N	N	N	N	N	9522.0330	6402.8331	0.0000	inf	inf	0.0000	7255.1712	4035.7641	0.0000	0.0009	0.0010	0.0000	0.0016	0.0017	0.0000	0.0009	0.0010	0.0000	0.0000	0.0000	0.0000	0.0000	0.0000	0.0000	0.0000	0.0000	0.0000	0.0000	0.0000	-0.0001	-0.0000	7.0000	3.0209	2.0013	2.2550	0.0002	0.0002	0.0000	0.0000	0.0000	0.0000	0.0002	0.0002	0.0000	0.0000	0.0000	0.0000	0.0000	0.0000	0.0000	0.0000	0.0000	0.0000	0.2459	0.2152	0.0306	0.0061	0.0058	0.0003	0.2398	0.2095	0.0303	0.1351	0.0796	0.0556	0.0299	0.0284	0.0015	0.1052	0.0511	0.0541
82	83	0.0453	7	2	0	1	0	1	0	1	0	0	0	1	1	0	0	0	0	0	0	Y	N	N	N	N	N	N	N	N	N	N	N	N	N	N	N	N	N	0.0000	0.0000	0.0000	0.0000	0.0000	0.0000	0.0000	0.0000	0.0000	0.0000	0.0000	0.0000	0.0000	0.0000	0.0000	0.0000	0.0000	0.0000	0.0000	0.0000	0.0000	0.0000	0.0000	0.0000	0.0000	0.0000	0.0000			0.0000	0.0000	0.0005	5.0069	0.0029	6.0103	0.0000	0.0000	0.0000	0.0000	0.0000	0.0000	0.0000	0.0000	0.0000	0.0000	0.0000	0.0000	0.0000	0.0000	0.0000	0.0000	0.0000	0.0000	0.0000	0.0000	0.0000	0.0000	0.0000	0.0000	0.0000	0.0000	0.0000	0.0002	0.0002	0.0001	0.0001	0.0001	0.0000	0.0001	0.0001	0.0001
82	84	0.0388	6	2	0	1	0	1	0	1	0	1	1	1	1	0	0	0	0	0	0	Y	N	N	N	N	N	N	N	N	N	N	N	N	N	N	N	N	N	inf	inf	inf	inf	inf	inf	inf	0.0000	inf	0.0017	0.0010	0.0080	0.0101	0.0053	0.8628	0.0001	0.0000	0.0006	0.0000	0.0000	0.0000	0.0000	0.0000	0.0000	0.0000	0.0000	0.0000	1.0000		0.0000	0.0000	0.0005	1.9932	0.0029	0.0278	0.0000	0.0000	0.0000	0.0000	0.0000	0.0000	0.0000	0.0000	0.0000	0.0000	0.0000	0.0000	0.0000	0.0000	0.0000	0.0000	0.0000	0.0000	0.0000	0.0000	0.0000	0.0000	0.0000	0.0000	0.0000	0.0000	0.0000	0.0000	0.0000	0.0000	0.0000	0.0000	0.0000	0.0000	0.0000	0.0000
82	91	0.0560	10	2	0	1	0	1	0	1	0	0	0	0	0	0	0	0	0	0	0	Y	N	N	N	N	N	N	N	N	N	N	N	N	N	N	N	N	N	0.0000	0.0000	0.0000	0.0000	0.0000	0.0000	0.0000	0.0000	0.0000	0.0000	0.0000	0.0000	0.0000	0.0000	0.0000	0.0000	0.0000	0.0000	0.0008	0.0008	0.0007	0.0013	0.0011	0.0174	0.0005	0.0006	0.0004		0.3423	0.0000	-0.0000	0.0005	1.5872	0.0029	4.4746	0.0000	0.0000	0.0000	0.0000	0.0000	0.0000	0.0000	0.0000	0.0000	0.0000	0.0000	0.0000	0.0000	0.0000	0.0000	0.0000	0.0000	0.0000	0.0000	0.0000	0.0000	0.0000	0.0000	0.0000	0.0000	0.0000	0.0000	0.0001	0.0001	0.0000	0.0001	0.0001	0.0000	0.0001	0.0000	0.0000
82	92	0.0519	9	2	0	1	1	1	0	1	1	0	0	1	1	0	0	0	0	0	0	Y	N	N	N	N	N	N	N	N	N	N	N	N	N	N	N	N	N	0.0000	0.0000	0.0000	0.0000	0.0000	0.0000	0.0000	0.0000	0.0000	0.0000	0.0000	0.0000	0.0000	0.0000	0.0000	0.0000	0.0000	0.0000	0.0000	0.0000	0.0000	0.0000	0.0000	0.0000	0.0000	0.0000	0.0000			0.0000	0.0000	0.0005	1.0091	0.0029	1.9972	0.0000	0.0000	0.0000	0.0000	0.0000	0.0000	0.0000	0.0000	0.0000	0.0000	0.0000	0.0000	0.0000	0.0000	0.0000	0.0000	0.0000	0.0000	0.0000	0.0000	0.0000	0.0000	0.0000	0.0000	0.0000	0.0000	0.0000	0.0000	0.0000	0.0000	0.0000	0.0000	0.0000	0.0000	0.0000	0.0000
82	93	0.0356	8	2	0	1	0	1	0	1	0	0	1	1	1	0	0	0	0	0	0	Y	N	N	N	N	N	N	N	N	N	N	N	N	N	N	N	N	N	0.0000	0.0000	0.0000	0.0000	0.0000	0.0000	0.0000	0.0000	0.0000	0.0000	0.0000	0.0000	0.0000	0.0000	0.0000	0.0000	0.0000	0.0000	0.0000	0.0000	0.0000	0.0000	0.0000	0.0000	0.0000	0.0000	0.0000			0.0000	-0.0000	0.0005	2.0083	0.0029	3.0031	0.0000	0.0000	0.0000	0.0000	0.0000	0.0000	0.0000	0.0000	0.0000	0.0000	0.0000	0.0000	0.0000	0.0000	0.0000	0.0000	0.0000	0.0000	0.0000	0.0000	0.0000	0.0000	0.0000	0.0000	0.0000	0.0000	0.0000	0.0000	0.0000	0.0000	0.0000	0.0000	0.0000	0.0000	0.0000	0.0000
82	94	0.0356	7	2	0	1	0	1	0	1	0	0	0	1	0	0	0	0	0	0	0	Y	N	N	N	N	N	N	N	N	N	N	N	N	N	N	N	N	N	0.0000	0.0000	0.0000	0.0000	0.0000	0.0000	0.0000	0.0000	0.0000	0.0000	0.0000	0.0000	0.0000	0.0000	0.0000	0.0000	0.0000	0.0000	0.0000	0.0000	0.0000	0.0000	0.0000	0.0000	0.0000	0.0000	0.0000			0.0000	0.0000	0.0005	0.0000	0.0029	0.0002	0.0000	0.0000	0.0000	0.0000	0.0000	0.0000	0.0000	0.0000	0.0000	0.0000	0.0000	0.0000	0.0000	0.0000	0.0000	0.0000	0.0000	0.0000	0.0000	0.0000	0.0000	0.0000	0.0000	0.0000	0.0000	0.0000	0.0000	0.0000	0.0000	0.0000	0.0000	0.0000	0.0000	0.0000	0.0000	0.0000
82	95	0.0324	6	2	0	1	0	1	0	1	0	0	0	1	0	0	0	0	0	0	0	Y	N	N	N	N	N	N	N	N	N	N	N	N	N	N	N	N	N	0.0000	0.0000	0.0000	0.0000	0.0000	0.0000	0.0000	0.0000	0.0000	0.0000	0.0000	0.0000	0.0000	0.0000	0.0000	0.0000	0.0000	0.0000	0.0000	0.0000	0.0000	0.0000	0.0000	0.0000	0.0000	0.0000	0.0000			0.0000	0.0000	0.0005	1.0000	0.0029	0.0001	0.0000	0.0000	0.0000	0.0000	0.0000	0.0000	0.0000	0.0000	0.0000	0.0000	0.0000	0.0000	0.0000	0.0000	0.0000	0.0000	0.0000	0.0000	0.0000	0.0000	0.0000	0.0000	0.0000	0.0000	0.0000	0.0000	0.0000	0.0000	0.0000	0.0000	0.0000	0.0000	0.0000	0.0000	0.0000	0.0000
82	96	0.0324	5	2	0	1	0	1	0	1	0	1	0	1	0	0	0	0	0	0	0	Y	N	N	N	N	N	N	N	N	N	N	N	N	N	N	N	N	N	0.0000	0.0000	0.0000	0.0000	0.0000	0.0000	0.0000	0.0000	0.0000	0.0000	0.0000	0.0000	0.0000	0.0000	0.0000	0.0000	0.0000	0.0000	0.0000	0.0000	0.0000	0.0000	0.0000	0.0000	0.0000	0.0000	0.0000			0.0000	0.0000	0.0005	0.0000	0.0029	0.0001	0.0000	0.0000	0.0000	0.0000	0.0000	0.0000	0.0000	0.0000	0.0000	0.0000	0.0000	0.0000	0.0000	0.0000	0.0000	0.0000	0.0000	0.0000	0.0000	0.0000	0.0000	0.0000	0.0000	0.0000	0.0000	0.0000	0.0000	0.0000	0.0000	0.0000	0.0000	0.0000	0.0000	0.0000	0.0000	0.0000
82	97	0.0292	4	2	0	1	0	1	0	1	0	0	0	0	0	0	0	0	0	0	0	Y	N	N	N	N	N	N	N	N	N	N	N	N	N	N	N	N	N	0.0000	0.0000	0.0000	0.0000	0.0000	0.0000	0.0000	0.0000	0.0000	0.0000	0.0000	0.0000	0.0000	0.0000	0.0000	0.0000	0.0000	0.0000	0.0000	0.0000	0.0000	0.0000	0.0000	0.0000	0.0000	0.0000	0.0000			0.0000	0.0000	0.0005	0.9999	0.0029	0.0008	0.0000	0.0000	0.0000	0.0000	0.0000	0.0000	0.0000	0.0000	0.0000	0.0000	0.0000	0.0000	0.0000	0.0000	0.0000	0.0000	0.0000	0.0000	0.0000	0.0000	0.0000	0.0000	0.0000	0.0000	0.0000	0.0000	0.0000	0.0000	0.0000	0.0000	0.0000	0.0000	0.0000	0.0000	0.0000	0.0000
82	107	0.0324	5	2	0	1	0	1	0	1	0	0	0	0	0	0	0	0	0	0	0	Y	N	N	N	N	N	N	N	N	N	N	N	N	N	N	N	N	N	inf	inf	inf	inf	inf	0.0000	inf	inf	inf	0.0034	0.0037	0.0012	0.0106	0.0106	0.0000	0.0020	0.0021	0.0012	0.0000	0.0000	0.0000	0.0000	0.0000	0.0000	0.0000	0.0000	0.0000	0.0385		-0.0000	0.0000	0.0005	1.0015	0.0029	0.9989	0.0000	0.0000	0.0000	0.0000	0.0000	0.0000	0.0000	0.0000	0.0000	0.0000	0.0000	0.0000	0.0000	0.0000	0.0000	0.0000	0.0000	0.0000	0.0000	0.0000	0.0000	0.0000	0.0000	0.0000	0.0000	0.0000	0.0000	0.0000	0.0000	0.0000	0.0000	0.0000	0.0000	0.0000	0.0000	0.0000
82	108	0.0292	4	2	0	1	0	1	0	1	0	0	0	0	0	0	0	0	0	0	0	Y	N	N	N	N	N	N	N	N	N	N	N	N	N	N	N	N	N	0.0000	0.0000	0.0000	0.0000	0.0000	0.0000	0.0000	0.0000	0.0000	0.0000	0.0000	0.0000	0.0000	0.0000	0.0000	0.0000	0.0000	0.0000	0.0037	0.0026	0.0063	0.0072	0.0054	0.3075	0.0019	0.0000	0.0043		0.9922	0.0000	-0.0000	0.0005	1.0004	0.0029	0.0020	0.0000	0.0000	0.0000	0.0000	0.0000	0.0000	0.0000	0.0000	0.0000	0.0000	0.0000	0.0000	0.0000	0.0000	0.0000	0.0000	0.0000	0.0000	0.0000	0.0000	0.0000	0.0000	0.0000	0.0000	0.0000	0.0000	0.0000	0.0000	0.0000	0.0000	0.0000	0.0000	0.0000	0.0000	0.0000	0.0000
82	109	0.0032	3	2	0	1	0	2	0	1	0	0	0	0	0	0	0	0	0	0	0	Y	N	N	N	N	N	N	N	N	N	N	N	N	N	N	N	N	N	0.0000	0.0000	0.0000	0.0000	0.0000	0.0000	0.0000	0.0000	0.0000	0.0000	0.0000	0.0000	0.0000	0.0000	0.0000	0.0000	0.0000	0.0000	0.0231	0.0166	0.0381	0.0338	0.0339	0.0000	0.0175	0.0002	0.0382		0.9792	0.0000	-0.0000	0.0005	3.0035	0.0029	5.0043	0.0000	0.0000	0.0000	0.0000	0.0000	0.0000	0.0000	0.0000	0.0000	0.0000	0.0000	0.0000	0.0000	0.0000	0.0000	0.0000	0.0000	0.0000	0.0000	0.0000	0.0000	0.0000	0.0000	0.0000	0.0000	0.0000	0.0000	0.0002	0.0001	0.0000	0.0001	0.0001	0.0000	0.0001	0.0001	0.0000
82	112	0.0426	9	2	0	1	0	2	0	1	0	0	0	0	0	0	0	0	0	0	0	Y	N	N	N	N	N	N	N	N	N	N	N	N	N	N	N	N	N	0.0000	0.0000	0.0000	0.0000	0.0000	0.0000	0.0000	0.0000	0.0000	0.0000	0.0000	0.0000	0.0000	0.0000	0.0000	0.0000	0.0000	0.0000	0.0002	0.0003	0.0000	0.0003	0.0003	0.0000	0.0002	0.0003	0.0000		0.0000	0.0000	-0.0000	0.0005	3.0209	0.0029	2.2550	0.0000	0.0000	0.0000	0.0000	0.0000	0.0000	0.0000	0.0000	0.0000	0.0000	0.0000	0.0000	0.0000	0.0000	0.0000	0.0000	0.0000	0.0000	0.0000	0.0000	0.0000	0.0000	0.0000	0.0000	0.0000	0.0000	0.0000	0.0001	0.0001	0.0000	0.0000	0.0000	0.0000	0.0001	0.0000	0.0000
83	85	0.1103	8	2	0	1	0	0	0	0	0	0	0	1	1	0	0	0	0	0	0	Y	N	N	N	N	N	N	N	N	N	N	N	N	N	N	N	N	N	58.7025	36.8232	0.0000	0.0000	0.0000	0.0000	207163.4309	324711.4313	0.0000	0.0138	0.0157	0.0000	0.0000	0.0000	0.0000	0.0145	0.0166	0.0000	0.0002	0.0004	0.0000	0.0020	0.0022	0.0000	0.0000	0.0000	0.0000	0.0000	0.0002	-0.0018	-0.0001	5.0069	9.9670	6.0103	12.6920	0.0076	0.0076	0.0000	0.0000	0.0000	0.0000	0.0076	0.0076	0.0000	0.0001	0.0001	0.0000	0.0001	0.0001	0.0000	0.0000	0.0000	0.0000	0.5536	0.4859	0.0677	0.0272	0.0255	0.0018	0.5264	0.4605	0.0659	0.4673	0.2573	0.2100	0.0553	0.0501	0.0052	0.4120	0.2072	0.2048
83	86	0.1037	7	2	0	1	0	1	0	1	0	0	0	1	1	0	0	0	0	0	0	Y	N	N	N	N	N	N	N	N	N	N	N	N	N	N	N	N	N	864.4834	638.1329	0.0000	18.9052	18.5930	0.0000	2259.6679	1505.6551	0.0000	3.1274	3.4473	0.0000	0.1793	0.1815	0.0000	3.8111	4.2897	0.0000	0.0036	0.0054	0.0003	0.0095	0.0098	0.0000	0.0017	0.0028	0.0003	0.0000	0.0280	-0.0962	-0.0002	5.0069	1.5419	6.0103	1.3342	0.4169	0.4169	0.0000	0.0045	0.0045	0.0000	0.4124	0.4124	0.0000	0.0004	0.0004	0.0000	0.0002	0.0002	0.0000	0.0001	0.0001	0.0000	0.1333	0.1209	0.0124	0.0251	0.0248	0.0003	0.1082	0.0961	0.0121	0.1024	0.0667	0.0357	0.0254	0.0246	0.0007	0.0771	0.0421	0.0350
83	87	0.1271	10	1	0	0	0	0	0	0	0	0	0	1	2	0	0	0	0	0	0	N	N	N	N	N	Y	N	N	N	N	N	N	N	N	N	N	N	N	inf	inf	0.0000	0.0000	0.0000	0.0000	inf	inf	0.0000	0.0014	0.0016	0.0000	0.0000	0.0000	0.0000	0.0015	0.0017	0.0000	0.0000	0.0000	0.0000	0.0000	0.0000	0.0000	0.0000	0.0000	0.0000	0.0000		-0.0000	0.0000	5.0069	0.9989	6.0103	0.5152	0.0001	0.0001	0.0000	0.0000	0.0000	0.0000	0.0001	0.0001	0.0000	0.0000	0.0000	0.0000	0.0000	0.0000	0.0000	0.0000	0.0000	0.0000	0.0580	0.0508	0.0072	0.0033	0.0030	0.0003	0.0547	0.0477	0.0069	0.0544	0.0338	0.0206	0.0273	0.0204	0.0069	0.0270	0.0133	0.0137
83	88	0.0976	9	1	0	0	0	0	0	0	0	0	1	1	2	0	0	0	0	0	0	N	N	N	N	N	Y	N	N	N	N	N	N	N	N	N	N	N	N	21229445.7983	13079208.6609	0.0000	0.0000	0.0000	0.0000	inf	inf	0.0000	2.8891	3.2985	0.0000	0.0000	0.0000	0.0000	2.9786	3.4073	0.0000	0.0000	0.0000	0.0000	0.0000	0.0000	0.0000	0.0000	0.0000	0.0000	0.0000	0.0000	-0.2307	-0.0000	5.0069	6.0209	6.0103	2.4875	0.9999	0.9999	0.0000	0.0000	0.0000	0.0000	0.9999	0.9999	0.0000	0.0000	0.0000	0.0000	0.0000	0.0000	0.0000	0.0000	0.0000	0.0000	0.3461	0.3031	0.0430	0.0104	0.0097	0.0007	0.3357	0.2934	0.0422	0.1918	0.1035	0.0883	0.0325	0.0250	0.0076	0.1592	0.0785	0.0807
83	90	0.1480	13	2	0	1	0	0	0	1	0	0	0	1	1	0	0	0	0	0	0	Y	N	N	N	N	N	N	N	N	N	N	N	N	N	N	N	N	N	497.3291	156.5816	13061852.6321	0.0053	0.0000	inf	6360935.7284	69752836.2703	12885616.0360	5.7317	3.2655	23.4025	0.0004	0.0000	0.0071	6.1734	3.5376	24.2048	0.0115	0.0209	0.0000	0.0750	0.0872	0.0000	0.0000	0.0000	0.0000	1.0002	0.0001	0.5384	-0.0022	5.0069	5.9354	6.0103	8.3561	1.9994	0.9996	0.9998	0.0000	0.0000	0.0000	1.9994	0.9996	0.9998	0.0035	0.0035	0.0000	0.0035	0.0035	0.0000	0.0000	0.0000	0.0000	0.3488	0.3061	0.0427	0.0250	0.0235	0.0014	0.3239	0.2826	0.0413	0.3049	0.1685	0.1364	0.0469	0.0403	0.0066	0.2580	0.1282	0.1298
83	91	0.1311	12	2	0	0	0	0	0	0	0	0	0	1	1	0	0	0	0	0	0	Y	N	N	N	N	N	N	N	N	N	N	N	N	N	N	N	N	N	0.1253	0.1116	0.2371	0.0000	0.0000	0.0000	0.2249	2.6277	0.2356	0.0052	0.0045	0.0104	0.0000	0.0000	0.0000	0.0056	0.0048	0.0107	0.0419	0.0405	0.0438	0.0996	0.1065	0.0000	0.0247	0.0018	0.0454	0.3243	0.7839	0.0000	-0.0013	5.0069	1.5872	6.0103	4.4746	0.0005	0.0004	0.0001	0.0000	0.0000	0.0000	0.0005	0.0004	0.0001	0.0075	0.0042	0.0033	0.0041	0.0041	0.0000	0.0034	0.0001	0.0033	0.0934	0.0818	0.0116	0.0053	0.0050	0.0003	0.0881	0.0769	0.0112	0.1791	0.1038	0.0753	0.0410	0.0383	0.0027	0.1381	0.0655	0.0726
83	92	0.0750	9	2	0	0	1	0	0	0	1	0	0	2	2	0	0	0	0	0	0	Y	N	N	N	Y	Y	N	N	N	N	N	N	N	N	N	N	N	N	1.0437	14687.2929	0.0000	0.0000	0.0000	0.0000	1.0472	inf	0.0000	17.0388	19.4528	0.0000	0.0000	0.0000	0.0000	17.7310	20.3052	0.0000	16.3258	0.0013	32.1938	0.0182	0.0244	0.0000	16.9314	0.0000	32.7823	0.0000	25006.3575	-0.2307	0.3799	5.0069	1.0091	6.0103	1.9972	0.9998	0.9998	0.0000	0.0000	0.0000	0.0000	0.9998	0.9998	0.0000	0.9976	0.0000	0.9976	0.0000	0.0000	0.0000	0.9976	0.0000	0.9976	0.0587	0.0514	0.0073	0.0023	0.0022	0.0001	0.0564	0.0492	0.0071	0.0611	0.0301	0.0310	0.0022	0.0016	0.0006	0.0589	0.0285	0.0304
83	93	0.0587	8	2	0	0	0	0	0	0	0	0	1	2	2	0	0	0	0	0	0	Y	N	N	N	Y	Y	N	N	N	N	N	N	N	N	N	N	N	N	0.0831	8.1839	0.0000	0.0004	0.0004	0.0000	0.0842	inf	0.0000	0.0015	0.0017	0.0000	0.0000	0.0000	0.0000	0.0015	0.0017	0.0000	0.0178	0.0002	0.0345	0.0054	0.0072	0.0000	0.0180	0.0000	0.0348	0.0000	176.0011	-0.0000	0.0007	5.0069	2.0083	6.0103	3.0031	0.0002	0.0002	0.0000	0.0000	0.0000	0.0000	0.0002	0.0002	0.0000	0.0018	0.0000	0.0018	0.0000	0.0000	0.0000	0.0018	0.0000	0.0018	0.1150	0.1005	0.0144	0.0030	0.0028	0.0002	0.1119	0.0977	0.0142	0.1005	0.0489	0.0516	0.0019	0.0014	0.0005	0.0986	0.0475	0.0511
83	94	0.0587	7	2	0	0	0	0	0	0	0	0	0	2	1	0	0	0	0	0	0	Y	N	N	N	Y	N	N	N	N	N	N	N	N	N	N	N	N	N	inf	inf	inf	inf	inf	0.0000	inf	0.0000	inf	0.0059	0.0044	0.0187	0.0142	0.0143	0.0000	0.0027	0.0000	0.0188	0.0000	0.0000	0.0000	0.0000	0.0000	0.0000	0.0000	0.0000	0.0000	0.5000		0.0000	-0.0000	5.0069	0.0000	6.0103	0.0002	0.0000	0.0000	0.0000	0.0000	0.0000	0.0000	0.0000	0.0000	0.0000	0.0000	0.0000	0.0000	0.0000	0.0000	0.0000	0.0000	0.0000	0.0000	0.0000	0.0000	0.0000	0.0000	0.0000	0.0000	0.0000	0.0000	0.0000	0.0000	0.0000	0.0000	0.0000	0.0000	0.0000	0.0000	0.0000	0.0000
83	95	0.0555	6	2	0	0	0	0	0	0	0	0	0	2	1	0	0	0	0	0	0	Y	N	N	N	Y	N	N	N	N	N	N	N	N	N	N	N	N	N	inf	inf	0.0000	inf	inf	0.0000	0.0000	0.0000	0.0000	0.0126	0.0144	0.0000	0.5203	0.5630	0.0000	0.0000	0.0000	0.0000	0.0000	0.0000	0.0000	0.0000	0.0000	0.0000	0.0000	0.0000	0.0000	0.0000		-0.0002	-0.0000	5.0069	1.0000	6.0103	0.0001	0.0007	0.0007	0.0000	0.0007	0.0007	0.0000	0.0000	0.0000	0.0000	0.0000	0.0000	0.0000	0.0000	0.0000	0.0000	0.0000	0.0000	0.0000	0.0579	0.0507	0.0073	0.0014	0.0013	0.0001	0.0565	0.0494	0.0072	0.0205	0.0100	0.0105	0.0004	0.0003	0.0001	0.0201	0.0097	0.0104
83	96	0.0555	5	2	0	0	0	0	0	0	0	1	0	2	1	0	0	0	0	0	0	Y	N	N	N	Y	N	N	N	N	N	N	N	N	N	N	N	N	N	0.0000	0.0000	0.0000	0.0000	0.0000	0.0000	0.0000	0.0000	0.0000	0.0000	0.0000	0.0000	0.0000	0.0000	0.0000	0.0000	0.0000	0.0000	0.0000	0.0000	0.0000	0.0000	0.0000	0.0000	0.0000	0.0000	0.0000			0.0000	0.0000	5.0069	0.0000	6.0103	0.0001	0.0000	0.0000	0.0000	0.0000	0.0000	0.0000	0.0000	0.0000	0.0000	0.0000	0.0000	0.0000	0.0000	0.0000	0.0000	0.0000	0.0000	0.0000	0.0000	0.0000	0.0000	0.0000	0.0000	0.0000	0.0000	0.0000	0.0000	0.0000	0.0000	0.0000	0.0000	0.0000	0.0000	0.0000	0.0000	0.0000
83	97	0.0523	4	2	0	0	0	0	0	0	0	0	0	1	1	0	0	0	0	0	0	Y	N	N	N	N	N	N	N	N	N	N	N	N	N	N	N	N	N	0.0000	0.0000	0.0000	0.0000	0.0000	0.0000	0.0000	0.0000	0.0000	0.0000	0.0000	0.0000	0.0000	0.0000	0.0000	0.0000	0.0000	0.0000	0.0000	0.0000	0.0000	0.0000	0.0000	0.0000	0.0000	0.0000	0.0000		inf	0.0000	0.0000	5.0069	0.9999	6.0103	0.0008	0.0000	0.0000	0.0000	0.0000	0.0000	0.0000	0.0000	0.0000	0.0000	0.0000	0.0000	0.0000	0.0000	0.0000	0.0000	0.0000	0.0000	0.0000	0.0591	0.0517	0.0074	0.0012	0.0011	0.0001	0.0579	0.0506	0.0073	0.0208	0.0102	0.0106	0.0004	0.0003	0.0001	0.0204	0.0099	0.0105
83	99	0.0783	6	2	0	1	0	1	0	1	0	0	0	1	1	0	0	0	0	0	0	Y	N	N	N	N	N	N	N	N	N	N	N	N	N	N	N	N	N	1.0549	inf	0.0000	0.0000	0.0000	0.0000	1.0427	inf	0.0000	3.4746	3.9708	0.0000	0.0000	0.0000	0.0000	3.5493	4.0606	0.0000	3.2937	0.0000	6.6031	0.0020	0.0000	0.0101	3.4039	0.0000	6.6903	0.0000	inf	-0.2308	0.3806	5.0069	5.0000	6.0103	11.0015	1.0000	1.0000	0.0000	0.0000	0.0000	0.0000	1.0000	1.0000	0.0000	0.9995	0.0000	0.9995	0.0000	0.0000	0.0000	0.9995	0.0000	0.9995	0.2878	0.2518	0.0360	0.0061	0.0056	0.0005	0.2817	0.2463	0.0355	0.3035	0.1521	0.1514	0.0098	0.0079	0.0020	0.2936	0.1442	0.1494
83	100	0.1591	16	2	0	1	0	0	0	0	0	0	0	1	1	0	0	0	0	0	0	Y	N	N	N	N	N	N	N	N	N	N	N	N	N	N	N	N	N	0.0046	0.0753	0.0000	0.0000	0.0000	0.0000	0.0043	inf	0.0000	0.0001	0.0001	0.0000	0.0000	0.0000	0.0000	0.0001	0.0001	0.0000	0.0185	0.0013	0.0414	0.0063	0.0044	0.0174	0.0214	0.0000	0.0431	0.0000	24.2316	-0.0000	0.0008	5.0069	2.0003	6.0103	3.6794	0.0000	0.0000	0.0000	0.0000	0.0000	0.0000	0.0000	0.0000	0.0000	0.0023	0.0001	0.0022	0.0002	0.0001	0.0001	0.0021	0.0000	0.0021	0.1182	0.1038	0.0145	0.0091	0.0085	0.0006	0.1091	0.0952	0.0139	0.1229	0.0703	0.0527	0.0239	0.0204	0.0035	0.0991	0.0499	0.0492
83	101	0.1484	15	2	0	1	0	1	0	1	0	0	0	1	1	0	0	0	0	0	0	Y	N	N	N	N	N	N	N	N	N	N	N	N	N	N	N	N	N	0.2869	1876.6626	0.0000	25.5488	1090.0215	0.0000	0.3926	2620.0988	0.0000	4.2882	4.8333	0.0000	0.4447	0.4517	0.0000	6.8157	8.2782	0.0000	14.9465	0.0026	32.3394	0.0174	0.0004	0.0960	17.3598	0.0032	34.1620	0.0000	10788.7170	-0.0019	0.3821	5.0069	0.0087	6.0103	3.3708	0.0080	0.0080	0.0000	0.0003	0.0003	0.0000	0.0077	0.0077	0.0000	1.0035	0.0001	1.0034	0.0002	0.0000	0.0002	1.0033	0.0001	1.0033	0.0019	0.0017	0.0002	0.0007	0.0007	0.0000	0.0011	0.0009	0.0002	0.0671	0.0361	0.0310	0.0093	0.0077	0.0017	0.0578	0.0284	0.0294
83	106	0.0426	2	2	0	1	0	0	0	1	0	0	0	1	1	0	0	0	0	0	0	Y	N	N	N	N	N	N	N	N	N	N	N	N	N	N	N	N	N	0.0297	0.0168	0.0000	0.0088	0.0095	0.0000	0.0000	0.0000	0.0000	0.0000	0.0001	0.0000	0.0027	0.0029	0.0000	0.0000	0.0000	0.0000	0.0017	0.0034	0.0000	0.3030	0.3058	0.0196	0.0000	0.0000	0.0000	0.0000	0.0061	-0.0000	-0.0002	5.0069	3.0043	6.0103	5.0032	0.0000	0.0000	0.0000	0.0000	0.0000	0.0000	0.0000	0.0000	0.0000	0.0003	0.0003	0.0000	0.0003	0.0003	0.0000	0.0000	0.0000	0.0000	0.1762	0.1541	0.0221	0.0033	0.0030	0.0003	0.1730	0.1511	0.0218	0.1627	0.0800	0.0828	0.0009	0.0009	0.0000	0.1618	0.0791	0.0827
83	110	0.1536	13	2	0	1	0	0	0	0	0	0	0	1	1	0	0	0	0	0	0	Y	N	N	N	N	N	N	N	N	N	N	N	N	N	N	N	N	N	0.0000	0.0000	0.0000	0.0000	0.0000	0.0000	0.0000	0.0000	0.0000	0.0000	0.0000	0.0000	0.0000	0.0000	0.0000	0.0000	0.0000	0.0000	0.0010	0.0010	0.0011	0.0051	0.0066	0.0000	0.0006	0.0000	0.0011		0.9178	0.0000	-0.0000	5.0069	7.0195	6.0103	5.1243	0.0000	0.0000	0.0000	0.0000	0.0000	0.0000	0.0000	0.0000	0.0000	0.0002	0.0001	0.0001	0.0001	0.0001	0.0000	0.0001	0.0000	0.0001	0.3932	0.3449	0.0483	0.0231	0.0216	0.0015	0.3701	0.3234	0.0468	0.2381	0.1262	0.1119	0.0254	0.0197	0.0057	0.2127	0.1065	0.1062
83	111	0.1311	12	2	0	1	0	0	0	1	0	0	0	1	1	0	0	0	0	0	0	Y	N	N	N	N	N	N	N	N	N	N	N	N	N	N	N	N	N	0.0000	0.0000	0.0000	0.0000	0.0000	0.0000	0.0000	0.0000	0.0000	0.0000	0.0000	0.0000	0.0000	0.0000	0.0000	0.0000	0.0000	0.0000	0.0252	0.0020	0.0576	0.0022	0.0024	0.0000	0.0324	0.0018	0.0597		20.2404	0.0000	0.0014	5.0069	2.0281	6.0103	3.4706	0.0000	0.0000	0.0000	0.0000	0.0000	0.0000	0.0000	0.0000	0.0000	0.0042	0.0002	0.0040	0.0001	0.0001	0.0000	0.0042	0.0001	0.0040	0.1187	0.1040	0.0147	0.0066	0.0062	0.0004	0.1121	0.0979	0.0143	0.1688	0.0985	0.0703	0.0402	0.0378	0.0024	0.1285	0.0607	0.0679
83	112	0.1176	11	2	0	0	0	1	0	0	0	0	0	1	1	0	0	0	0	0	0	Y	N	N	N	N	N	N	N	N	N	N	N	N	N	N	N	N	N	0.0000	0.0000	0.0000	0.0000	0.0000	0.0000	0.0000	0.0000	0.0000	0.0000	0.0000	0.0000	0.0000	0.0000	0.0000	0.0000	0.0000	0.0000	0.0247	0.0211	0.0300	0.0504	0.0534	0.0000	0.0164	0.0003	0.0310		0.9909	0.0000	-0.0005	5.0069	3.0209	6.0103	2.2550	0.0000	0.0000	0.0000	0.0000	0.0000	0.0000	0.0000	0.0000	0.0000	0.0042	0.0021	0.0021	0.0021	0.0021	0.0000	0.0021	0.0000	0.0021	0.1789	0.1568	0.0222	0.0081	0.0076	0.0005	0.1709	0.1492	0.0216	0.1687	0.0995	0.0692	0.0412	0.0389	0.0023	0.1276	0.0606	0.0669
83	120	0.1081	12	1	0	1	0	0	0	0	0	0	0	2	1	0	0	0	0	0	0	N	N	N	N	Y	N	N	N	N	N	N	N	N	N	N	N	N	N	0.0000	0.0000	0.0000	0.0000	0.0000	0.0000	0.0000	0.0000	0.0000	0.0000	0.0000	0.0000	0.0000	0.0000	0.0000	0.0000	0.0000	0.0000	0.0000	0.0000	0.0000	0.0000	0.0000	0.0000	0.0000	0.0000	0.0000			0.0000	0.0000	5.0069	2.9998	6.0103	1.0000	0.0000	0.0000	0.0000	0.0000	0.0000	0.0000	0.0000	0.0000	0.0000	0.0000	0.0000	0.0000	0.0000	0.0000	0.0000	0.0000	0.0000	0.0000	0.1718	0.1504	0.0214	0.0072	0.0067	0.0005	0.1646	0.1438	0.0208	0.0777	0.0391	0.0386	0.0050	0.0041	0.0009	0.0727	0.0350	0.0377
83	121	0.1081	11	1	0	1	0	0	0	0	0	1	0	2	1	0	0	0	0	0	0	N	N	N	N	Y	N	N	N	N	N	N	N	N	N	N	N	N	N	0.0000	0.0000	0.0000	0.0000	0.0000	0.0000	0.0000	0.0000	0.0000	0.0000	0.0000	0.0000	0.0000	0.0000	0.0000	0.0000	0.0000	0.0000	0.0000	0.0000	0.0000	0.0000	0.0000	0.0000	0.0000	0.0000	0.0000			0.0000	0.0000	5.0069	0.0006	6.0103	0.0007	0.0000	0.0000	0.0000	0.0000	0.0000	0.0000	0.0000	0.0000	0.0000	0.0000	0.0000	0.0000	0.0000	0.0000	0.0000	0.0000	0.0000	0.0000	0.0000	0.0000	0.0000	0.0000	0.0000	0.0000	0.0000	0.0000	0.0000	0.0000	0.0000	0.0000	0.0000	0.0000	0.0000	0.0000	0.0000	0.0000
83	126	0.1112	12	2	0	1	0	0	0	0	0	0	0	1	1	0	0	0	0	0	0	Y	N	N	N	N	N	N	N	N	N	N	N	N	N	N	N	N	N	0.0000	0.0000	0.0000	0.0000	0.0000	0.0000	0.0000	0.0000	0.0000	0.0000	0.0000	0.0000	0.0000	0.0000	0.0000	0.0000	0.0000	0.0000	0.0000	0.0000	0.0000	0.0000	0.0000	0.0000	0.0000	0.0000	0.0000			0.0000	0.0000	5.0069	1.0002	6.0103	2.0058	0.0000	0.0000	0.0000	0.0000	0.0000	0.0000	0.0000	0.0000	0.0000	0.0000	0.0000	0.0000	0.0000	0.0000	0.0000	0.0000	0.0000	0.0000	0.0580	0.0508	0.0072	0.0025	0.0023	0.0002	0.0556	0.0485	0.0071	0.0591	0.0298	0.0293	0.0040	0.0033	0.0007	0.0551	0.0265	0.0286
83	127	0.1146	12	1	0	0	0	0	0	0	0	0	1	1	2	0	0	0	0	0	0	N	N	N	N	N	Y	N	N	N	N	N	N	N	N	N	N	N	N	0.0000	0.0000	0.0000	0.0000	0.0000	0.0000	0.0000	0.0000	0.0000	0.0000	0.0000	0.0000	0.0000	0.0000	0.0000	0.0000	0.0000	0.0000	0.0000	0.0000	0.0000	0.0000	0.0000	0.0000	0.0000	0.0000	0.0000			0.0000	0.0000	5.0069	1.0000	6.0103	2.0000	0.0000	0.0000	0.0000	0.0000	0.0000	0.0000	0.0000	0.0000	0.0000	0.0000	0.0000	0.0000	0.0000	0.0000	0.0000	0.0000	0.0000	0.0000	0.0579	0.0506	0.0072	0.0023	0.0022	0.0002	0.0555	0.0485	0.0071	0.0606	0.0308	0.0298	0.0040	0.0032	0.0008	0.0565	0.0275	0.0290
83	128	0.1146	11	1	0	0	0	0	0	0	0	0	1	1	2	0	0	0	0	0	0	N	N	N	N	N	Y	N	N	N	N	N	N	N	N	N	N	N	N	0.0000	0.0000	0.0000	0.0000	0.0000	0.0000	0.0000	0.0000	0.0000	0.0000	0.0000	0.0000	0.0000	0.0000	0.0000	0.0000	0.0000	0.0000	0.0000	0.0000	0.0000	0.0000	0.0000	0.0000	0.0000	0.0000	0.0000			0.0000	0.0000	5.0069	3.0000	6.0103	2.0000	0.0000	0.0000	0.0000	0.0000	0.0000	0.0000	0.0000	0.0000	0.0000	0.0000	0.0000	0.0000	0.0000	0.0000	0.0000	0.0000	0.0000	0.0000	0.1716	0.1502	0.0213	0.0070	0.0065	0.0005	0.1646	0.1437	0.0208	0.0998	0.0507	0.0491	0.0066	0.0053	0.0013	0.0932	0.0454	0.0478
83	129	0.1178	13	1	0	0	0	0	0	0	0	0	1	1	2	0	0	0	0	0	0	N	N	N	N	N	Y	N	N	N	N	N	N	N	N	N	N	N	N	0.0000	0.0000	0.0000	0.0000	0.0000	0.0000	0.0000	0.0000	0.0000	0.0000	0.0000	0.0000	0.0000	0.0000	0.0000	0.0000	0.0000	0.0000	0.0000	0.0000	0.0000	0.0000	0.0000	0.0000	0.0000	0.0000	0.0000			0.0000	0.0000	5.0069	2.0004	6.0103	1.0045	0.0000	0.0000	0.0000	0.0000	0.0000	0.0000	0.0000	0.0000	0.0000	0.0000	0.0000	0.0000	0.0000	0.0000	0.0000	0.0000	0.0000	0.0000	0.1150	0.1007	0.0143	0.0046	0.0043	0.0003	0.1104	0.0964	0.0140	0.0609	0.0310	0.0299	0.0041	0.0034	0.0008	0.0568	0.0276	0.0292
83	133	0.1316	9	2	0	1	0	0	0	0	0	0	0	2	1	0	0	0	0	0	0	Y	N	N	N	Y	N	N	N	N	N	N	N	N	N	N	N	N	N	0.0000	0.0000	0.0000	0.0000	0.0000	0.0000	0.0000	0.0000	0.0000	0.0000	0.0000	0.0000	0.0000	0.0000	0.0000	0.0000	0.0000	0.0000	7.9382	0.0000	21.9458	0.0000	0.0000	0.0000	12.5423	0.0000	22.1730		inf	0.0000	0.0000	5.0069	0.0000	6.0103	0.0001	0.0000	0.0000	0.0000	0.0000	0.0000	0.0000	0.0000	0.0000	0.0000	0.0001	0.0000	0.0001	0.0000	0.0000	0.0000	0.0001	0.0000	0.0001	0.0000	0.0000	0.0000	0.0000	0.0000	0.0000	0.0000	0.0000	0.0000	0.0000	0.0000	0.0000	0.0000	0.0000	0.0000	0.0000	0.0000	0.0000
83	134	0.0916	8	2	0	1	0	1	0	1	0	1	0	2	1	0	0	0	0	0	0	Y	N	N	N	Y	N	N	N	N	N	N	N	N	N	N	N	N	N	0.0000	0.0000	0.0000	0.0000	0.0000	0.0000	0.0000	0.0000	0.0000	0.0000	0.0000	0.0000	0.0000	0.0000	0.0000	0.0000	0.0000	0.0000	4.5084	0.0000	9.1885	0.0000	0.0000	0.0000	4.8415	0.0000	9.3464		166638331.4943	0.0000	0.3807	5.0069	4.0005	6.0103	6.9251	0.0000	0.0000	0.0000	0.0000	0.0000	0.0000	0.0000	0.0000	0.0000	0.9996	0.0000	0.9996	0.0000	0.0000	0.0000	0.9996	0.0000	0.9996	0.2326	0.2036	0.0291	0.0056	0.0052	0.0004	0.2270	0.1984	0.0286	0.2217	0.1129	0.1088	0.0153	0.0134	0.0018	0.2065	0.0995	0.1070
83	135	0.1242	13	2	0	1	0	0	0	0	0	0	0	2	1	0	0	0	0	0	0	Y	N	N	N	Y	N	N	N	N	N	N	N	N	N	N	N	N	N	0.0000	0.0000	0.0000	0.0000	0.0000	0.0000	0.0000	0.0000	0.0000	0.0000	0.0000	0.0000	0.0000	0.0000	0.0000	0.0000	0.0000	0.0000	0.0000	0.0000	0.0000	0.0000	0.0000	0.0000	0.0000	0.0000	0.0000		0.0000	0.0000	-0.0000	5.0069	0.9923	6.0103	0.0060	0.0000	0.0000	0.0000	0.0000	0.0000	0.0000	0.0000	0.0000	0.0000	0.0000	0.0000	0.0000	0.0000	0.0000	0.0000	0.0000	0.0000	0.0000	0.0583	0.0511	0.0072	0.0033	0.0031	0.0002	0.0550	0.0480	0.0070	0.0190	0.0098	0.0092	0.0016	0.0014	0.0002	0.0174	0.0084	0.0090
83	136	0.1112	12	2	0	1	0	0	0	0	0	1	0	2	1	0	0	0	0	0	0	Y	N	N	N	Y	N	N	N	N	N	N	N	N	N	N	N	N	N	0.0000	0.0000	0.0000	0.0000	0.0000	0.0000	0.0000	0.0000	0.0000	0.0000	0.0000	0.0000	0.0000	0.0000	0.0000	0.0000	0.0000	0.0000	0.0000	0.0000	0.0000	0.0000	0.0000	0.0000	0.0000	0.0000	0.0000		inf	0.0000	0.0000	5.0069	2.0106	6.0103	2.0023	0.0000	0.0000	0.0000	0.0000	0.0000	0.0000	0.0000	0.0000	0.0000	0.0000	0.0000	0.0000	0.0000	0.0000	0.0000	0.0000	0.0000	0.0000	0.1155	0.1011	0.0144	0.0049	0.0045	0.0004	0.1106	0.0966	0.0140	0.0780	0.0393	0.0387	0.0052	0.0043	0.0009	0.0729	0.0351	0.0378
83	137	0.1081	11	2	0	1	0	1	0	0	0	0	0	1	1	0	0	0	0	0	0	Y	N	N	N	N	N	N	N	N	N	N	N	N	N	N	N	N	N	0.0000	0.0000	0.0000	0.0000	0.0000	0.0000	0.0000	0.0000	0.0000	0.0000	0.0000	0.0000	0.0000	0.0000	0.0000	0.0000	0.0000	0.0000	0.0000	0.0000	0.0000	0.0000	0.0000	0.0000	0.0000	0.0000	0.0000			0.0000	0.0000	5.0069	0.0008	6.0103	1.0019	0.0000	0.0000	0.0000	0.0000	0.0000	0.0000	0.0000	0.0000	0.0000	0.0000	0.0000	0.0000	0.0000	0.0000	0.0000	0.0000	0.0000	0.0000	0.0001	0.0000	0.0000	0.0000	0.0000	0.0000	0.0000	0.0000	0.0000	0.0198	0.0100	0.0098	0.0013	0.0010	0.0002	0.0185	0.0089	0.0096
84	85	0.0741	7	2	0	1	0	0	0	0	0	1	1	1	1	0	0	0	0	0	0	Y	N	N	N	N	N	N	N	N	N	N	N	N	N	N	N	N	N	0.0339	0.0225	0.0000	0.0000	0.0000	0.0000	0.6353	6.1516	0.0000	0.0000	0.0000	0.0000	0.0000	0.0000	0.0000	0.0000	0.0000	0.0000	0.0000	0.0001	0.0000	0.0003	0.0003	0.0000	0.0000	0.0000	0.0000	0.0000	0.0528	-0.0000	-0.0000	1.9932	9.9670	0.0278	12.6920	0.0000	0.0000	0.0000	0.0000	0.0000	0.0000	0.0000	0.0000	0.0000	0.0000	0.0000	0.0000	0.0000	0.0000	0.0000	0.0000	0.0000	0.0000	0.2237	0.1961	0.0276	0.0074	0.0070	0.0004	0.2163	0.1891	0.0272	0.0931	0.0514	0.0417	0.0115	0.0105	0.0010	0.0816	0.0409	0.0406
84	86	0.0676	6	2	0	1	0	1	0	1	0	1	1	1	1	0	0	0	0	0	0	Y	N	N	N	N	N	N	N	N	N	N	N	N	N	N	N	N	N	0.2293	0.1913	0.0000	0.0041	0.0040	0.0000	1.2999	6.2571	0.0000	0.0003	0.0003	0.0000	0.0000	0.0000	0.0000	0.0004	0.0004	0.0000	0.0014	0.0018	0.0005	0.0045	0.0047	0.0002	0.0003	0.0001	0.0005	0.0000	0.1627	-0.0000	-0.0000	1.9932	1.5419	0.0278	1.3342	0.0000	0.0000	0.0000	0.0000	0.0000	0.0000	0.0000	0.0000	0.0000	0.0000	0.0000	0.0000	0.0000	0.0000	0.0000	0.0000	0.0000	0.0000	0.0541	0.0490	0.0050	0.0097	0.0096	0.0001	0.0444	0.0394	0.0050	0.0203	0.0132	0.0071	0.0051	0.0049	0.0001	0.0153	0.0083	0.0070
84	87	0.0909	9	1	0	0	0	0	0	0	0	1	1	1	2	0	0	0	0	0	0	N	N	N	N	N	Y	N	N	N	N	N	N	N	N	N	N	N	N	0.0896	0.0636	0.0000	0.0000	0.0000	0.0000	inf	inf	0.0000	0.0000	0.0000	0.0000	0.0000	0.0000	0.0000	0.0000	0.0000	0.0000	0.0000	0.0000	0.0000	0.0000	0.0000	0.0000	0.0000	0.0000	0.0000	0.0000	0.0000	-0.0000	-0.0000	1.9932	0.9989	0.0278	0.5152	0.0000	0.0000	0.0000	0.0000	0.0000	0.0000	0.0000	0.0000	0.0000	0.0000	0.0000	0.0000	0.0000	0.0000	0.0000	0.0000	0.0000	0.0000	0.0234	0.0205	0.0029	0.0009	0.0009	0.0001	0.0225	0.0196	0.0029	0.0108	0.0067	0.0041	0.0054	0.0040	0.0014	0.0054	0.0026	0.0027
84	88	0.0615	8	1	0	0	0	0	0	0	0	1	2	1	2	0	0	0	0	0	0	N	N	N	N	N	Y	N	N	N	N	N	N	N	N	N	N	N	N	0.2771	0.1701	14.4964	0.0323	0.0000	inf	259.2666	560.9214	0.0000	0.0003	0.0003	0.0000	0.0002	0.0000	0.0045	0.0003	0.0003	0.0000	0.0010	0.0019	0.0000	0.0060	0.0077	0.0000	0.0000	0.0000	0.0000	0.0095	0.0007	-0.0000	-0.0000	1.9932	6.0209	0.0278	2.4875	0.0000	0.0000	0.0000	0.0000	0.0000	0.0000	0.0000	0.0000	0.0000	0.0000	0.0000	0.0000	0.0000	0.0000	0.0000	0.0000	0.0000	0.0000	0.1399	0.1224	0.0175	0.0020	0.0019	0.0001	0.1379	0.1205	0.0174	0.0382	0.0207	0.0175	0.0067	0.0052	0.0015	0.0316	0.0155	0.0160
84	90	0.1118	12	2	0	1	0	0	0	1	0	1	1	1	1	0	0	0	0	0	0	Y	N	N	N	N	N	N	N	N	N	N	N	N	N	N	N	N	N	0.1127	1.4584	0.2756	0.0000	0.0000	0.0000	0.1025	484.9546	0.2681	0.0004	0.0002	0.0023	0.0000	0.0000	0.0000	0.0005	0.0002	0.0023	0.0038	0.0001	0.0083	0.0004	0.0005	0.0000	0.0044	0.0000	0.0087	2.0005	60.3892	0.0000	0.0001	1.9932	5.9354	0.0278	8.3561	0.0001	0.0000	0.0000	0.0000	0.0000	0.0000	0.0001	0.0000	0.0000	0.0002	0.0000	0.0002	0.0000	0.0000	0.0000	0.0002	0.0000	0.0002	0.1409	0.1235	0.0174	0.0078	0.0075	0.0004	0.1331	0.1160	0.0171	0.0603	0.0334	0.0269	0.0094	0.0081	0.0013	0.0510	0.0253	0.0256
84	91	0.0949	11	2	0	0	0	0	0	0	0	1	1	1	1	0	0	0	0	0	0	Y	N	N	N	N	N	N	N	N	N	N	N	N	N	N	N	N	N	0.0000	0.0000	0.0000	0.0000	0.0000	0.0000	0.0000	0.0072	0.0000	0.0000	0.0000	0.0000	0.0000	0.0000	0.0000	0.0000	0.0000	0.0000	0.1355	0.0081	0.3143	0.0215	0.0232	0.0000	0.1674	0.0000	0.3264	0.6316	27.6795	0.0000	0.0016	1.9932	1.5872	0.0278	4.4746	0.0000	0.0000	0.0000	0.0000	0.0000	0.0000	0.0000	0.0000	0.0000	0.0046	0.0002	0.0044	0.0002	0.0002	0.0000	0.0044	0.0000	0.0044	0.0377	0.0330	0.0047	0.0015	0.0015	0.0001	0.0362	0.0316	0.0046	0.0340	0.0198	0.0141	0.0074	0.0069	0.0005	0.0265	0.0129	0.0136
84	92	0.0388	8	2	0	0	1	0	0	0	1	1	1	2	2	0	0	0	0	0	0	Y	N	N	N	Y	Y	N	N	N	N	N	N	N	N	N	N	N	N	0.0130	0.0129	0.0000	0.0000	0.0000	0.0000	0.0301	inf	0.0000	0.0017	0.0019	0.0000	0.0000	0.0000	0.0000	0.0017	0.0020	0.0000	0.1294	0.1500	0.1091	1.7323	2.1934	0.0000	0.0574	0.0000	0.1111	0.0000	0.7367	-0.0000	-0.0003	1.9932	1.0091	0.0278	1.9972	0.0000	0.0000	0.0000	0.0000	0.0000	0.0000	0.0000	0.0000	0.0000	0.0016	0.0009	0.0007	0.0009	0.0009	0.0000	0.0007	0.0000	0.0007	0.0237	0.0207	0.0030	0.0005	0.0005	0.0000	0.0232	0.0202	0.0030	0.0122	0.0061	0.0061	0.0005	0.0004	0.0001	0.0117	0.0056	0.0060
84	93	0.0226	7	2	0	0	0	0	0	0	0	1	2	2	2	0	0	0	0	0	0	Y	N	N	N	Y	Y	N	N	N	N	N	N	N	N	N	N	N	N	0.0000	0.0000	0.0011	0.0000	0.0000	0.0000	0.0005	inf	0.0011	0.0000	0.0000	0.0000	0.0000	0.0000	0.0000	0.0000	0.0000	0.0000	0.0206	0.0408	0.0011	0.7286	0.8774	0.0000	0.0006	0.0000	0.0011	1.0735	0.0279	0.0000	-0.0002	1.9932	2.0083	0.0278	3.0031	0.0000	0.0000	0.0000	0.0000	0.0000	0.0000	0.0000	0.0000	0.0000	0.0004	0.0004	0.0000	0.0004	0.0004	0.0000	0.0000	0.0000	0.0000	0.0465	0.0406	0.0059	0.0005	0.0004	0.0000	0.0460	0.0401	0.0059	0.0201	0.0099	0.0102	0.0006	0.0005	0.0001	0.0195	0.0094	0.0101
84	94	0.0225	6	2	0	0	0	0	0	0	0	1	1	2	1	0	0	0	0	0	0	Y	N	N	N	Y	N	N	N	N	N	N	N	N	N	N	N	N	N	3.2807	1.5516	15.7858	2.2529	2.2361	0.0000	4.3266	0.0000	15.7198	0.0149	0.0055	0.0989	0.0186	0.0186	0.0000	0.0135	0.0000	0.0991	0.0045	0.0036	0.0063	0.0083	0.0083	0.0000	0.0031	0.0000	0.0063	2.0000	1.0000	0.0000	-0.0000	1.9932	0.0000	0.0278	0.0002	0.0000	0.0000	0.0000	0.0000	0.0000	0.0000	0.0000	0.0000	0.0000	0.0000	0.0000	0.0000	0.0000	0.0000	0.0000	0.0000	0.0000	0.0000	0.0000	0.0000	0.0000	0.0000	0.0000	0.0000	0.0000	0.0000	0.0000	0.0000	0.0000	0.0000	0.0000	0.0000	0.0000	0.0000	0.0000	0.0000
84	95	0.0193	5	2	0	0	0	0	0	0	0	1	1	2	1	0	0	0	0	0	0	Y	N	N	N	Y	N	N	N	N	N	N	N	N	N	N	N	N	N	31188.5082	0.0000	inf	0.0000	0.0000	0.0000	inf	0.0000	inf	0.0312	0.0000	0.2455	0.0000	0.0000	0.0000	0.0314	0.0000	0.2461	0.0000	0.0000	0.0000	0.0000	0.0000	0.0000	0.0000	0.0000	0.0000	inf	0.0250	0.0006	-0.0000	1.9932	1.0000	0.0278	0.0001	0.0007	0.0000	0.0007	0.0000	0.0000	0.0000	0.0007	0.0000	0.0007	0.0000	0.0000	0.0000	0.0000	0.0000	0.0000	0.0000	0.0000	0.0000	0.0234	0.0204	0.0030	0.0002	0.0002	0.0000	0.0232	0.0203	0.0030	0.0041	0.0020	0.0021	0.0001	0.0001	0.0000	0.0040	0.0019	0.0021
84	96	0.0193	4	2	0	0	0	0	0	0	0	2	1	2	1	0	0	0	0	0	0	Y	N	N	N	Y	N	N	N	N	N	N	N	N	N	N	N	N	N	0.0000	0.0000	0.0000	0.0000	0.0000	0.0000	0.0000	0.0000	0.0000	0.0000	0.0000	0.0000	0.0000	0.0000	0.0000	0.0000	0.0000	0.0000	0.0000	0.0000	0.0000	0.0000	0.0000	0.0000	0.0000	0.0000	0.0000			0.0000	0.0000	1.9932	0.0000	0.0278	0.0001	0.0000	0.0000	0.0000	0.0000	0.0000	0.0000	0.0000	0.0000	0.0000	0.0000	0.0000	0.0000	0.0000	0.0000	0.0000	0.0000	0.0000	0.0000	0.0000	0.0000	0.0000	0.0000	0.0000	0.0000	0.0000	0.0000	0.0000	0.0000	0.0000	0.0000	0.0000	0.0000	0.0000	0.0000	0.0000	0.0000
84	97	0.0161	3	2	0	0	0	0	0	0	0	1	1	1	1	0	0	0	0	0	0	Y	N	N	N	N	N	N	N	N	N	N	N	N	N	N	N	N	N	0.4424	10.2901	0.0000	108.0057	93.3927	0.0000	0.0000	0.0000	0.0000	0.0000	0.0000	0.0000	0.0010	0.0011	0.0000	0.0000	0.0000	0.0000	0.0000	0.0000	0.0000	0.0000	0.0000	0.0000	0.0000	0.0000	0.0000	0.0000	40.1066	-0.0000	0.0000	1.9932	0.9999	0.0278	0.0008	0.0000	0.0000	0.0000	0.0000	0.0000	0.0000	0.0000	0.0000	0.0000	0.0000	0.0000	0.0000	0.0000	0.0000	0.0000	0.0000	0.0000	0.0000	0.0239	0.0209	0.0030	0.0001	0.0001	0.0000	0.0238	0.0208	0.0030	0.0041	0.0020	0.0021	0.0001	0.0001	0.0000	0.0040	0.0020	0.0021
84	99	0.0421	5	2	0	1	0	1	0	1	0	1	1	1	1	0	0	0	0	0	0	Y	N	N	N	N	N	N	N	N	N	N	N	N	N	N	N	N	N	0.0027	0.0863	0.0000	0.1763	0.5296	0.0000	0.0014	42.1816	0.0000	0.0003	0.0004	0.0000	0.0344	0.0358	0.0000	0.0002	0.0002	0.0000	0.1287	0.0046	0.2552	0.1951	0.0676	0.8567	0.1259	0.0000	0.2472	0.0000	54.9474	-0.0000	0.0028	1.9932	5.0000	0.0278	11.0015	0.0000	0.0000	0.0000	0.0000	0.0000	0.0000	0.0000	0.0000	0.0000	0.0078	0.0001	0.0077	0.0005	0.0001	0.0003	0.0073	0.0000	0.0073	0.1163	0.1016	0.0147	0.0006	0.0006	0.0000	0.1157	0.1011	0.0147	0.0606	0.0306	0.0300	0.0025	0.0021	0.0004	0.0581	0.0285	0.0296
84	100	0.1229	15	2	0	1	0	0	0	0	0	1	1	1	1	0	0	0	0	0	0	Y	N	N	N	N	N	N	N	N	N	N	N	N	N	N	N	N	N	0.0000	0.0000	0.0000	0.0000	0.0000	0.0000	0.0000	0.0000	0.0000	0.0000	0.0000	0.0000	0.0000	0.0000	0.0000	0.0000	0.0000	0.0000	0.0011	0.0017	0.0003	0.0048	0.0056	0.0001	0.0002	0.0000	0.0003		0.1339	-0.0000	-0.0000	1.9932	2.0003	0.0278	3.6794	0.0000	0.0000	0.0000	0.0000	0.0000	0.0000	0.0000	0.0000	0.0000	0.0000	0.0000	0.0000	0.0000	0.0000	0.0000	0.0000	0.0000	0.0000	0.0478	0.0419	0.0059	0.0029	0.0028	0.0002	0.0449	0.0391	0.0057	0.0244	0.0140	0.0104	0.0048	0.0041	0.0007	0.0196	0.0099	0.0098
84	101	0.1123	14	2	0	1	0	1	0	1	0	1	1	1	1	0	0	0	0	0	0	Y	N	N	N	N	N	N	N	N	N	N	N	N	N	N	N	N	N	0.0006	0.0004	0.0000	0.0000	0.0000	0.0000	0.0051	0.0381	0.0000	0.0004	0.0005	0.0000	0.0000	0.0000	0.0000	0.0007	0.0008	0.0000	0.7279	1.1564	0.2243	4.2712	5.1325	0.0002	0.1309	0.0212	0.2368	0.0000	0.1651	-0.0000	-0.0047	1.9932	0.0087	0.0278	3.3708	0.0000	0.0000	0.0000	0.0000	0.0000	0.0000	0.0000	0.0000	0.0000	0.0098	0.0084	0.0014	0.0083	0.0083	0.0000	0.0015	0.0001	0.0014	0.0008	0.0007	0.0001	0.0003	0.0003	0.0000	0.0005	0.0004	0.0001	0.0134	0.0073	0.0062	0.0019	0.0016	0.0003	0.0115	0.0056	0.0058
84	110	0.1174	12	2	0	1	0	0	0	0	0	1	1	1	1	0	0	0	0	0	0	Y	N	N	N	N	N	N	N	N	N	N	N	N	N	N	N	N	N	0.0000	0.0000	0.0000	0.0000	0.0000	0.0000	0.0000	0.0000	0.0000	0.0000	0.0000	0.0000	0.0000	0.0000	0.0000	0.0000	0.0000	0.0000	0.0028	0.0048	0.0005	0.0228	0.0289	0.0000	0.0003	0.0000	0.0005		0.0940	0.0000	-0.0001	1.9932	7.0195	0.0278	5.1243	0.0000	0.0000	0.0000	0.0000	0.0000	0.0000	0.0000	0.0000	0.0000	0.0001	0.0001	0.0000	0.0001	0.0001	0.0000	0.0000	0.0000	0.0000	0.1589	0.1392	0.0197	0.0067	0.0064	0.0004	0.1521	0.1328	0.0193	0.0474	0.0253	0.0221	0.0053	0.0042	0.0011	0.0421	0.0211	0.0210
84	111	0.0949	11	2	0	1	0	0	0	1	0	1	1	1	1	0	0	0	0	0	0	Y	N	N	N	N	N	N	N	N	N	N	N	N	N	N	N	N	N	0.0000	0.0000	0.0000	0.0000	0.0000	0.0000	0.0000	0.0000	0.0000	0.0000	0.0000	0.0000	0.0000	0.0000	0.0000	0.0000	0.0000	0.0000	0.1300	0.2155	0.0079	0.5567	0.5959	0.0000	0.0043	0.0001	0.0082		0.0257	0.0000	-0.0025	1.9932	2.0281	0.0278	3.4706	0.0000	0.0000	0.0000	0.0000	0.0000	0.0000	0.0000	0.0000	0.0000	0.0041	0.0040	0.0001	0.0040	0.0040	0.0000	0.0001	0.0000	0.0001	0.0480	0.0420	0.0060	0.0019	0.0018	0.0001	0.0461	0.0402	0.0059	0.0319	0.0188	0.0131	0.0073	0.0068	0.0005	0.0246	0.0120	0.0127
84	112	0.0815	10	2	0	0	0	1	0	0	0	1	1	1	1	0	0	0	0	0	0	Y	N	N	N	N	N	N	N	N	N	N	N	N	N	N	N	N	N	0.0000	0.0000	0.0000	0.0000	0.0000	0.0000	0.0000	0.0000	0.0000	0.0000	0.0000	0.0000	0.0000	0.0000	0.0000	0.0000	0.0000	0.0000	0.1310	0.1101	0.1615	0.2800	0.2982	0.0000	0.0855	0.0000	0.1673		1.0015	0.0000	-0.0005	1.9932	3.0209	0.0278	2.2550	0.0000	0.0000	0.0000	0.0000	0.0000	0.0000	0.0000	0.0000	0.0000	0.0042	0.0021	0.0021	0.0021	0.0021	0.0000	0.0021	0.0000	0.0021	0.0723	0.0633	0.0091	0.0021	0.0020	0.0001	0.0702	0.0613	0.0089	0.0319	0.0190	0.0129	0.0075	0.0070	0.0005	0.0244	0.0120	0.0125
84	120	0.0719	11	1	0	1	0	0	0	0	0	1	1	2	1	0	0	0	0	0	0	N	N	N	N	Y	N	N	N	N	N	N	N	N	N	N	N	N	N	0.0000	0.0000	0.0000	0.0000	0.0000	0.0000	0.0000	0.0000	0.0000	0.0000	0.0000	0.0000	0.0000	0.0000	0.0000	0.0000	0.0000	0.0000	0.0000	0.0000	0.0000	0.0000	0.0000	0.0000	0.0000	0.0000	0.0000			0.0000	0.0000	1.9932	2.9998	0.0278	1.0000	0.0000	0.0000	0.0000	0.0000	0.0000	0.0000	0.0000	0.0000	0.0000	0.0000	0.0000	0.0000	0.0000	0.0000	0.0000	0.0000	0.0000	0.0000	0.0694	0.0607	0.0087	0.0018	0.0017	0.0001	0.0676	0.0590	0.0086	0.0156	0.0079	0.0077	0.0011	0.0009	0.0002	0.0144	0.0070	0.0075
84	121	0.0719	10	1	0	1	0	0	0	0	0	2	1	2	1	0	0	0	0	0	0	N	N	N	N	Y	N	N	N	N	N	N	N	N	N	N	N	N	N	0.0000	0.0000	0.0000	0.0000	0.0000	0.0000	0.0000	0.0000	0.0000	0.0000	0.0000	0.0000	0.0000	0.0000	0.0000	0.0000	0.0000	0.0000	0.0000	0.0000	0.0000	0.0000	0.0000	0.0000	0.0000	0.0000	0.0000			0.0000	-0.0000	1.9932	0.0006	0.0278	0.0007	0.0000	0.0000	0.0000	0.0000	0.0000	0.0000	0.0000	0.0000	0.0000	0.0000	0.0000	0.0000	0.0000	0.0000	0.0000	0.0000	0.0000	0.0000	0.0000	0.0000	0.0000	0.0000	0.0000	0.0000	0.0000	0.0000	0.0000	0.0000	0.0000	0.0000	0.0000	0.0000	0.0000	0.0000	0.0000	0.0000
84	126	0.0751	11	2	0	1	0	0	0	0	0	1	1	1	1	0	0	0	0	0	0	Y	N	N	N	N	N	N	N	N	N	N	N	N	N	N	N	N	N	0.0000	0.0000	0.0000	0.0000	0.0000	0.0000	0.0000	0.0000	0.0000	0.0000	0.0000	0.0000	0.0000	0.0000	0.0000	0.0000	0.0000	0.0000	0.0000	0.0000	0.0000	0.0000	0.0000	0.0000	0.0000	0.0000	0.0000			0.0000	-0.0000	1.9932	1.0002	0.0278	2.0058	0.0000	0.0000	0.0000	0.0000	0.0000	0.0000	0.0000	0.0000	0.0000	0.0000	0.0000	0.0000	0.0000	0.0000	0.0000	0.0000	0.0000	0.0000	0.0235	0.0205	0.0030	0.0006	0.0006	0.0000	0.0228	0.0199	0.0029	0.0119	0.0061	0.0058	0.0009	0.0008	0.0001	0.0109	0.0053	0.0057
84	127	0.0784	11	1	0	0	0	0	0	0	0	1	2	1	2	0	0	0	0	0	0	N	N	N	N	N	Y	N	N	N	N	N	N	N	N	N	N	N	N	0.0000	0.0000	0.0000	0.0000	0.0000	0.0000	0.0000	0.0000	0.0000	0.0000	0.0000	0.0000	0.0000	0.0000	0.0000	0.0000	0.0000	0.0000	0.0000	0.0000	0.0000	0.0000	0.0000	0.0000	0.0000	0.0000	0.0000			0.0000	0.0000	1.9932	1.0000	0.0278	2.0000	0.0000	0.0000	0.0000	0.0000	0.0000	0.0000	0.0000	0.0000	0.0000	0.0000	0.0000	0.0000	0.0000	0.0000	0.0000	0.0000	0.0000	0.0000	0.0234	0.0204	0.0029	0.0006	0.0005	0.0000	0.0228	0.0199	0.0029	0.0121	0.0062	0.0059	0.0009	0.0007	0.0002	0.0112	0.0055	0.0058
84	128	0.0784	10	1	0	0	0	0	0	0	0	1	2	1	2	0	0	0	0	0	0	N	N	N	N	N	Y	N	N	N	N	N	N	N	N	N	N	N	N	0.0000	0.0000	0.0000	0.0000	0.0000	0.0000	0.0000	0.0000	0.0000	0.0000	0.0000	0.0000	0.0000	0.0000	0.0000	0.0000	0.0000	0.0000	0.0000	0.0000	0.0000	0.0000	0.0000	0.0000	0.0000	0.0000	0.0000			0.0000	0.0000	1.9932	3.0000	0.0278	2.0000	0.0000	0.0000	0.0000	0.0000	0.0000	0.0000	0.0000	0.0000	0.0000	0.0000	0.0000	0.0000	0.0000	0.0000	0.0000	0.0000	0.0000	0.0000	0.0693	0.0606	0.0087	0.0017	0.0016	0.0001	0.0676	0.0590	0.0086	0.0200	0.0102	0.0097	0.0015	0.0012	0.0002	0.0185	0.0090	0.0095
84	129	0.0817	12	1	0	0	0	0	0	0	0	1	2	1	2	0	0	0	0	0	0	N	N	N	N	N	Y	N	N	N	N	N	N	N	N	N	N	N	N	0.0000	0.0000	0.0000	0.0000	0.0000	0.0000	0.0000	0.0000	0.0000	0.0000	0.0000	0.0000	0.0000	0.0000	0.0000	0.0000	0.0000	0.0000	0.0000	0.0000	0.0000	0.0000	0.0000	0.0000	0.0000	0.0000	0.0000			0.0000	0.0000	1.9932	2.0004	0.0278	1.0045	0.0000	0.0000	0.0000	0.0000	0.0000	0.0000	0.0000	0.0000	0.0000	0.0000	0.0000	0.0000	0.0000	0.0000	0.0000	0.0000	0.0000	0.0000	0.0465	0.0406	0.0059	0.0011	0.0010	0.0001	0.0454	0.0396	0.0058	0.0122	0.0062	0.0059	0.0009	0.0008	0.0002	0.0113	0.0055	0.0058
84	133	0.0955	8	2	0	1	0	0	0	0	0	1	1	2	1	0	0	0	0	0	0	Y	N	N	N	Y	N	N	N	N	N	N	N	N	N	N	N	N	N	0.0000	0.0000	0.0000	0.0000	0.0000	0.0000	0.0000	0.0000	0.0000	0.0000	0.0000	0.0000	0.0000	0.0000	0.0000	0.0000	0.0000	0.0000	0.0091	0.0000	0.0250	0.0000	0.0000	0.0000	0.0143	0.0000	0.0253		inf	0.0000	0.0000	1.9932	0.0000	0.0278	0.0001	0.0000	0.0000	0.0000	0.0000	0.0000	0.0000	0.0000	0.0000	0.0000	0.0000	0.0000	0.0000	0.0000	0.0000	0.0000	0.0000	0.0000	0.0000	0.0000	0.0000	0.0000	0.0000	0.0000	0.0000	0.0000	0.0000	0.0000	0.0000	0.0000	0.0000	0.0000	0.0000	0.0000	0.0000	0.0000	0.0000
84	134	0.0554	7	2	0	1	0	1	0	1	0	2	1	2	1	0	0	0	0	0	0	Y	N	N	N	Y	N	N	N	N	N	N	N	N	N	N	N	N	N	0.0001	inf	0.0000	inf	inf	0.0000	0.0000	0.0000	0.0000	0.0000	0.0000	0.0000	0.0001	0.0001	0.0000	0.0000	0.0000	0.0000	0.0050	0.0000	0.0102	0.0000	0.0000	0.0000	0.0054	0.0000	0.0104	0.0000	inf	-0.0000	0.0001	1.9932	4.0005	0.0278	6.9251	0.0000	0.0000	0.0000	0.0000	0.0000	0.0000	0.0000	0.0000	0.0000	0.0002	0.0000	0.0002	0.0000	0.0000	0.0000	0.0002	0.0000	0.0002	0.0940	0.0822	0.0119	0.0008	0.0007	0.0000	0.0933	0.0814	0.0118	0.0442	0.0227	0.0216	0.0034	0.0030	0.0004	0.0409	0.0197	0.0212
84	135	0.0880	12	2	0	1	0	0	0	0	0	1	1	2	1	0	0	0	0	0	0	Y	N	N	N	Y	N	N	N	N	N	N	N	N	N	N	N	N	N	0.0000	0.0000	0.0000	0.0000	0.0000	0.0000	0.0000	0.0000	0.0000	0.0000	0.0000	0.0000	0.0000	0.0000	0.0000	0.0000	0.0000	0.0000	0.0002	0.0003	0.0000	0.0017	0.0019	0.0000	0.0000	0.0000	0.0000		0.0250	0.0000	-0.0000	1.9932	0.9923	0.0278	0.0060	0.0000	0.0000	0.0000	0.0000	0.0000	0.0000	0.0000	0.0000	0.0000	0.0000	0.0000	0.0000	0.0000	0.0000	0.0000	0.0000	0.0000	0.0000	0.0236	0.0206	0.0029	0.0010	0.0009	0.0001	0.0226	0.0197	0.0029	0.0038	0.0020	0.0018	0.0004	0.0003	0.0000	0.0035	0.0017	0.0018
84	136	0.0751	11	2	0	1	0	0	0	0	0	2	1	2	1	0	0	0	0	0	0	Y	N	N	N	Y	N	N	N	N	N	N	N	N	N	N	N	N	N	0.0000	0.0000	0.0000	0.0000	0.0000	0.0000	0.0000	0.0000	0.0000	0.0000	0.0000	0.0000	0.0000	0.0000	0.0000	0.0000	0.0000	0.0000	0.0000	0.0000	0.0001	0.0000	0.0000	0.0000	0.0000	0.0000	0.0001		39.4842	0.0000	0.0000	1.9932	2.0106	0.0278	2.0023	0.0000	0.0000	0.0000	0.0000	0.0000	0.0000	0.0000	0.0000	0.0000	0.0000	0.0000	0.0000	0.0000	0.0000	0.0000	0.0000	0.0000	0.0000	0.0467	0.0408	0.0059	0.0012	0.0011	0.0001	0.0455	0.0397	0.0058	0.0157	0.0080	0.0077	0.0012	0.0010	0.0002	0.0144	0.0069	0.0075
84	137	0.0719	10	2	0	1	0	1	0	0	0	1	1	1	1	0	0	0	0	0	0	Y	N	N	N	N	N	N	N	N	N	N	N	N	N	N	N	N	N	0.0000	0.0000	0.0000	0.0000	0.0000	0.0000	0.0000	0.0000	0.0000	0.0000	0.0000	0.0000	0.0000	0.0000	0.0000	0.0000	0.0000	0.0000	0.0000	0.0000	0.0000	0.0001	0.0002	0.0000	0.0000	0.0000	0.0000		0.0000	0.0000	-0.0000	1.9932	0.0008	0.0278	1.0019	0.0000	0.0000	0.0000	0.0000	0.0000	0.0000	0.0000	0.0000	0.0000	0.0000	0.0000	0.0000	0.0000	0.0000	0.0000	0.0000	0.0000	0.0000	0.0000	0.0000	0.0000	0.0000	0.0000	0.0000	0.0000	0.0000	0.0000	0.0040	0.0020	0.0020	0.0003	0.0002	0.0000	0.0037	0.0018	0.0019
85	91	0.1563	9	2	0	1	0	0	0	0	0	0	0	0	0	0	0	0	0	0	0	Y	N	N	N	N	N	N	N	N	N	N	N	N	N	N	N	N	N	0.0001	0.0002	0.0000	0.0000	0.0000	0.0000	0.0001	0.0002	0.0000	0.0000	0.0000	0.0000	0.0000	0.0000	0.0000	0.0000	0.0000	0.0000	0.0408	0.0348	0.0500	0.0254	0.0264	0.0088	0.0458	0.0399	0.0515	0.0000	0.9440	-0.0000	-0.0020	9.9670	1.5872	12.6920	4.4746	0.0000	0.0000	0.0000	0.0000	0.0000	0.0000	0.0000	0.0000	0.0000	0.0149	0.0077	0.0073	0.0023	0.0022	0.0000	0.0127	0.0055	0.0072	0.1778	0.1560	0.0218	0.0100	0.0095	0.0005	0.1677	0.1465	0.0213	0.3660	0.2208	0.1452	0.0890	0.0838	0.0052	0.2770	0.1371	0.1400
85	92	0.1587	10	2	0	1	1	0	0	0	1	0	0	1	1	0	0	0	0	0	0	Y	N	N	N	N	N	N	N	N	N	N	N	N	N	N	N	N	N	17.0108	0.0000	64.4123	0.0000	0.0000	0.0000	16.8803	0.0000	66.9799	0.0685	0.0000	0.5596	0.0000	0.0000	0.0000	0.0725	0.0000	0.5738	0.0040	0.0001	0.0087	0.0020	0.0007	0.0134	0.0043	0.0000	0.0086	inf	52.9422	0.0059	0.0002	9.9670	1.0091	12.6920	1.9972	0.0076	0.0000	0.0076	0.0000	0.0000	0.0000	0.0076	0.0000	0.0076	0.0005	0.0000	0.0005	0.0000	0.0000	0.0000	0.0005	0.0000	0.0005	0.1115	0.0978	0.0137	0.0061	0.0057	0.0003	0.1054	0.0921	0.0133	0.1335	0.0727	0.0608	0.0153	0.0138	0.0015	0.1182	0.0589	0.0592
85	93	0.1424	9	2	0	1	0	0	0	0	0	0	1	1	1	0	0	0	0	0	0	Y	N	N	N	N	N	N	N	N	N	N	N	N	N	N	N	N	N	0.0000	0.0000	0.0000	0.0000	0.0000	0.0000	0.0000	0.0000	0.0000	0.0000	0.0000	0.0000	0.0000	0.0000	0.0000	0.0000	0.0000	0.0000	4.5361	0.0002	9.8984	0.0315	0.0000	0.4380	5.0520	0.0002	10.0534	inf	49834.1813	0.0000	0.3790	9.9670	2.0083	12.6920	3.0031	0.0000	0.0000	0.0000	0.0000	0.0000	0.0000	0.0000	0.0000	0.0000	0.9953	0.0000	0.9953	0.0007	0.0000	0.0007	0.9946	0.0000	0.9946	0.2187	0.1918	0.0270	0.0085	0.0081	0.0004	0.2102	0.1837	0.0265	0.2194	0.1189	0.1006	0.0225	0.0209	0.0016	0.1969	0.0979	0.0989
85	94	0.1424	8	2	0	1	0	0	0	0	0	0	0	1	0	0	0	0	0	0	0	Y	N	N	N	N	N	N	N	N	N	N	N	N	N	N	N	N	N	0.0000	0.0000	0.0000	0.0000	0.0000	0.0000	0.0000	0.0000	0.0000	0.0000	0.0000	0.0000	0.0000	0.0000	0.0000	0.0000	0.0000	0.0000	1.0680	0.8036	1.5920	1.7858	1.8094	0.0953	0.7615	0.0000	1.6106		1.0000	0.0000	-0.0000	9.9670	0.0000	12.6920	0.0002	0.0000	0.0000	0.0000	0.0000	0.0000	0.0000	0.0000	0.0000	0.0000	0.0000	0.0000	0.0000	0.0000	0.0000	0.0000	0.0000	0.0000	0.0000	0.0000	0.0000	0.0000	0.0000	0.0000	0.0000	0.0000	0.0000	0.0000	0.0000	0.0000	0.0000	0.0000	0.0000	0.0000	0.0000	0.0000	0.0000
85	95	0.1392	7	2	0	1	0	0	0	0	0	0	0	1	0	0	0	0	0	0	0	Y	N	N	N	N	N	N	N	N	N	N	N	N	N	N	N	N	N	0.0000	0.0000	0.0000	0.0000	0.0000	0.0000	0.0000	0.0000	0.0000	0.0000	0.0000	0.0000	0.0000	0.0000	0.0000	0.0000	0.0000	0.0000	0.0002	0.0000	0.0005	0.0000	0.0000	0.0000	0.0002	0.0000	0.0005		inf	0.0000	0.0000	9.9670	1.0000	12.6920	0.0001	0.0000	0.0000	0.0000	0.0000	0.0000	0.0000	0.0000	0.0000	0.0000	0.0000	0.0000	0.0000	0.0000	0.0000	0.0000	0.0000	0.0000	0.0000	0.1102	0.0966	0.0136	0.0040	0.0038	0.0002	0.1062	0.0928	0.0134	0.0448	0.0243	0.0205	0.0046	0.0043	0.0003	0.0402	0.0200	0.0202
85	96	0.1392	6	2	0	1	0	0	0	0	0	1	0	1	0	0	0	0	0	0	0	Y	N	N	N	N	N	N	N	N	N	N	N	N	N	N	N	N	N	0.0000	0.0000	0.0000	0.0000	0.0000	0.0000	0.0000	0.0000	0.0000	0.0000	0.0000	0.0000	0.0000	0.0000	0.0000	0.0000	0.0000	0.0000	0.0000	0.0000	0.0000	0.0000	0.0000	0.0000	0.0000	0.0000	0.0000			0.0000	0.0000	9.9670	0.0000	12.6920	0.0001	0.0000	0.0000	0.0000	0.0000	0.0000	0.0000	0.0000	0.0000	0.0000	0.0000	0.0000	0.0000	0.0000	0.0000	0.0000	0.0000	0.0000	0.0000	0.0000	0.0000	0.0000	0.0000	0.0000	0.0000	0.0000	0.0000	0.0000	0.0000	0.0000	0.0000	0.0000	0.0000	0.0000	0.0000	0.0000	0.0000
85	97	0.1359	5	2	0	1	0	0	0	0	0	0	0	0	0	0	0	0	0	0	0	Y	N	N	N	N	N	N	N	N	N	N	N	N	N	N	N	N	N	812.7041	504.3873	inf	2536.4244	2481.2512	inf	0.0000	0.0000	0.0000	0.0002	0.0002	0.0000	0.0054	0.0057	0.0000	0.0000	0.0000	0.0000	0.0000	0.0000	0.0000	0.0000	0.0000	0.0000	0.0000	0.0000	0.0000	0.0003	0.0000	-0.0000	-0.0000	9.9670	0.9999	12.6920	0.0008	0.0000	0.0000	0.0000	0.0000	0.0000	0.0000	0.0000	0.0000	0.0000	0.0000	0.0000	0.0000	0.0000	0.0000	0.0000	0.0000	0.0000	0.0000	0.1125	0.0986	0.0139	0.0037	0.0035	0.0002	0.1088	0.0951	0.0137	0.0453	0.0246	0.0206	0.0047	0.0043	0.0003	0.0406	0.0203	0.0203
85	107	0.1391	6	2	0	1	0	0	0	0	0	0	0	0	0	0	0	0	0	0	0	Y	N	N	N	N	N	N	N	N	N	N	N	N	N	N	N	N	N	0.0000	0.0000	0.0000	0.0000	0.0000	0.0000	0.0000	0.0000	0.0000	0.0000	0.0000	0.0000	0.0000	0.0000	0.0000	0.0000	0.0000	0.0000	0.0007	0.0012	0.0001	0.0065	0.0069	0.0000	0.0000	0.0000	0.0001		0.0499	0.0000	-0.0000	9.9670	1.0015	12.6920	0.9989	0.0000	0.0000	0.0000	0.0000	0.0000	0.0000	0.0000	0.0000	0.0000	0.0001	0.0001	0.0000	0.0001	0.0001	0.0000	0.0000	0.0000	0.0000	0.1127	0.0988	0.0139	0.0037	0.0035	0.0002	0.1090	0.0952	0.0137	0.0900	0.0491	0.0409	0.0092	0.0086	0.0007	0.0808	0.0405	0.0403
85	108	0.1359	5	2	0	1	0	0	0	0	0	0	0	0	0	0	0	0	0	0	0	Y	N	N	N	N	N	N	N	N	N	N	N	N	N	N	N	N	N	65.8969	238.1013	0.4107	298.9686	1171.3056	0.7807	0.0000	0.0000	0.0000	0.0001	0.0001	0.0000	0.0027	0.0028	0.0001	0.0000	0.0000	0.0000	0.0000	0.0000	0.0000	0.0000	0.0000	0.0001	0.0000	0.0000	0.0000	0.0014	4.8286	-0.0000	0.0000	9.9670	1.0004	12.6920	0.0020	0.0000	0.0000	0.0000	0.0000	0.0000	0.0000	0.0000	0.0000	0.0000	0.0000	0.0000	0.0000	0.0000	0.0000	0.0000	0.0000	0.0000	0.0000	0.1125	0.0986	0.0139	0.0037	0.0035	0.0002	0.1088	0.0951	0.0137	0.0453	0.0247	0.0207	0.0047	0.0043	0.0003	0.0407	0.0203	0.0203
85	109	0.1100	4	2	0	1	0	1	0	0	0	0	0	0	0	0	0	0	0	0	0	Y	N	N	N	N	N	N	N	N	N	N	N	N	N	N	N	N	N	0.1135	0.0718	0.0000	0.3658	0.3692	0.0000	0.0000	0.0000	0.0000	0.0000	0.0000	0.0000	0.0011	0.0011	0.0000	0.0000	0.0000	0.0000	0.0003	0.0005	0.0000	0.0029	0.0031	0.0009	0.0000	0.0000	0.0000	0.0000	0.0274	-0.0000	-0.0001	9.9670	3.0035	12.6920	5.0043	0.0000	0.0000	0.0000	0.0000	0.0000	0.0000	0.0000	0.0000	0.0000	0.0001	0.0001	0.0000	0.0001	0.0001	0.0000	0.0000	0.0000	0.0000	0.3331	0.2918	0.0412	0.0093	0.0088	0.0005	0.3238	0.2830	0.0407	0.3491	0.1883	0.1608	0.0312	0.0293	0.0019	0.3179	0.1590	0.1589
85	112	0.1429	8	2	0	1	0	1	0	0	0	0	0	0	0	0	0	0	0	0	0	Y	N	N	N	N	N	N	N	N	N	N	N	N	N	N	N	N	N	0.4385	0.3244	0.0000	64.6103	67.8605	0.0000	0.0021	0.0013	0.0000	0.0026	0.0030	0.0000	0.0569	0.0604	0.0000	0.0000	0.0000	0.0000	0.0059	0.0091	0.0009	0.0009	0.0009	0.0007	0.0076	0.0145	0.0009	0.0000	0.0613	-0.0002	-0.0011	9.9670	3.0209	12.6920	2.2550	0.0009	0.0009	0.0000	0.0009	0.0009	0.0000	0.0000	0.0000	0.0000	0.0020	0.0019	0.0001	0.0001	0.0001	0.0000	0.0019	0.0018	0.0001	0.3410	0.2990	0.0419	0.0155	0.0146	0.0009	0.3255	0.2845	0.0410	0.3414	0.2087	0.1327	0.0869	0.0825	0.0044	0.2545	0.1262	0.1283
86	91	0.0784	8	2	0	1	0	1	0	1	0	0	0	0	0	0	0	0	0	0	0	Y	N	N	N	N	N	N	N	N	N	N	N	N	N	N	N	N	N	0.0899	0.0832	0.0031	0.1387	0.1393	0.0003	0.0790	0.0982	0.0033	0.0033	0.0037	0.0001	0.0105	0.0106	0.0000	0.0016	0.0017	0.0001	0.0372	0.0442	0.0230	0.0757	0.0764	0.0561	0.0197	0.0178	0.0219	0.0020	0.2563	-0.0000	-0.0011	1.5419	1.5872	1.3342	4.4746	0.0001	0.0001	0.0000	0.0001	0.0001	0.0000	0.0001	0.0001	0.0000	0.0027	0.0021	0.0006	0.0017	0.0017	0.0000	0.0010	0.0005	0.0005	0.0432	0.0392	0.0040	0.0086	0.0085	0.0001	0.0345	0.0307	0.0039	0.0725	0.0486	0.0239	0.0226	0.0219	0.0007	0.0499	0.0267	0.0232
86	92	0.0807	9	2	0	1	1	1	0	1	1	0	0	1	1	0	0	0	0	0	0	Y	N	N	N	N	N	N	N	N	N	N	N	N	N	N	N	N	N	13585.3814	112.2078	726407.3872	294.7586	289.3132	972.6197	33140.6953	0.0000	752390.6870	15.2227	0.1807	159.3322	0.8331	0.8380	0.3590	18.7587	0.0000	162.8089	0.0011	0.0016	0.0002	0.0028	0.0029	0.0004	0.0006	0.0009	0.0002	92.0399	0.0740	0.3155	-0.0000	1.5419	1.0091	1.3342	1.9972	0.4160	0.0045	0.4115	0.0045	0.0045	0.0000	0.4115	0.0000	0.4115	0.0000	0.0000	0.0000	0.0000	0.0000	0.0000	0.0000	0.0000	0.0000	0.0273	0.0247	0.0026	0.0054	0.0053	0.0001	0.0219	0.0194	0.0025	0.0293	0.0190	0.0103	0.0072	0.0070	0.0002	0.0221	0.0120	0.0101
86	93	0.0644	8	2	0	1	0	1	0	1	0	0	1	1	1	0	0	0	0	0	0	Y	N	N	N	N	N	N	N	N	N	N	N	N	N	N	N	N	N	0.0135	0.0006	0.0671	0.0020	0.0020	0.0010	0.0138	0.0002	0.0675	0.0013	0.0000	0.0141	0.0001	0.0001	0.0000	0.0016	0.0000	0.0144	0.0982	0.0365	0.2107	0.0382	0.0380	0.0492	0.1169	0.0357	0.2127	68.4788	3.1612	0.0001	0.0007	1.5419	2.0083	1.3342	3.0031	0.0001	0.0000	0.0001	0.0000	0.0000	0.0000	0.0001	0.0000	0.0001	0.0047	0.0011	0.0036	0.0004	0.0004	0.0000	0.0043	0.0007	0.0036	0.0534	0.0485	0.0049	0.0099	0.0098	0.0001	0.0435	0.0386	0.0049	0.0482	0.0311	0.0171	0.0115	0.0113	0.0002	0.0367	0.0199	0.0169
86	94	0.0644	7	2	0	1	0	1	0	1	0	0	0	1	0	0	0	0	0	0	0	Y	N	N	N	N	N	N	N	N	N	N	N	N	N	N	N	N	N	0.0000	0.0000	0.0000	0.0000	0.0000	0.0000	0.0000	0.0000	0.0000	0.0000	0.0000	0.0000	0.0000	0.0000	0.0000	0.0000	0.0000	0.0000	0.0286	0.0234	0.0406	0.0431	0.0424	0.1182	0.0211	0.0059	0.0398		0.7378	0.0000	-0.0000	1.5419	0.0000	1.3342	0.0002	0.0000	0.0000	0.0000	0.0000	0.0000	0.0000	0.0000	0.0000	0.0000	0.0000	0.0000	0.0000	0.0000	0.0000	0.0000	0.0000	0.0000	0.0000	0.0000	0.0000	0.0000	0.0000	0.0000	0.0000	0.0000	0.0000	0.0000	0.0000	0.0000	0.0000	0.0000	0.0000	0.0000	0.0000	0.0000	0.0000
86	95	0.0612	6	2	0	1	0	1	0	1	0	0	0	1	0	0	0	0	0	0	0	Y	N	N	N	N	N	N	N	N	N	N	N	N	N	N	N	N	N	0.0000	0.0000	0.0000	0.0000	0.0000	0.0000	0.0000	0.0000	0.0000	0.0000	0.0000	0.0000	0.0000	0.0000	0.0000	0.0000	0.0000	0.0000	0.0000	0.0000	0.0000	0.0000	0.0000	0.0000	0.0000	0.0000	0.0000		2.9708	0.0000	0.0000	1.5419	1.0000	1.3342	0.0001	0.0000	0.0000	0.0000	0.0000	0.0000	0.0000	0.0000	0.0000	0.0000	0.0000	0.0000	0.0000	0.0000	0.0000	0.0000	0.0000	0.0000	0.0000	0.0269	0.0244	0.0025	0.0049	0.0049	0.0000	0.0219	0.0195	0.0025	0.0099	0.0064	0.0035	0.0023	0.0023	0.0000	0.0075	0.0041	0.0034
86	96	0.0612	5	2	0	1	0	1	0	1	0	1	0	1	0	0	0	0	0	0	0	Y	N	N	N	N	N	N	N	N	N	N	N	N	N	N	N	N	N	0.0000	0.0000	0.0000	0.0000	0.0000	0.0000	0.0000	0.0000	0.0000	0.0000	0.0000	0.0000	0.0000	0.0000	0.0000	0.0000	0.0000	0.0000	0.0000	0.0000	0.0000	0.0000	0.0000	0.0000	0.0000	0.0000	0.0000			0.0000	0.0000	1.5419	0.0000	1.3342	0.0001	0.0000	0.0000	0.0000	0.0000	0.0000	0.0000	0.0000	0.0000	0.0000	0.0000	0.0000	0.0000	0.0000	0.0000	0.0000	0.0000	0.0000	0.0000	0.0000	0.0000	0.0000	0.0000	0.0000	0.0000	0.0000	0.0000	0.0000	0.0000	0.0000	0.0000	0.0000	0.0000	0.0000	0.0000	0.0000	0.0000
86	97	0.0580	4	2	0	1	0	1	0	1	0	0	0	0	0	0	0	0	0	0	0	Y	N	N	N	N	N	N	N	N	N	N	N	N	N	N	N	N	N	102.7660	85.2196	0.0000	0.0404	0.0399	0.0000	683.9011	inf	0.0000	0.0007	0.0008	0.0000	0.0000	0.0000	0.0000	0.0009	0.0010	0.0000	0.0000	0.0000	0.0000	0.0000	0.0000	0.0000	0.0000	0.0000	0.0000	0.0000	0.1622	-0.0000	-0.0000	1.5419	0.9999	1.3342	0.0008	0.0000	0.0000	0.0000	0.0000	0.0000	0.0000	0.0000	0.0000	0.0000	0.0000	0.0000	0.0000	0.0000	0.0000	0.0000	0.0000	0.0000	0.0000	0.0272	0.0247	0.0025	0.0049	0.0048	0.0000	0.0224	0.0199	0.0025	0.0099	0.0064	0.0035	0.0024	0.0023	0.0000	0.0076	0.0041	0.0035
86	107	0.0612	5	2	0	1	0	1	0	1	0	0	0	0	0	0	0	0	0	0	0	Y	N	N	N	N	N	N	N	N	N	N	N	N	N	N	N	N	N	0.0000	0.0000	0.0000	0.0000	0.0000	0.0000	0.0000	0.0000	0.0000	0.0000	0.0000	0.0000	0.0000	0.0000	0.0000	0.0000	0.0000	0.0000	0.0093	0.0127	0.0031	0.0218	0.0222	0.0000	0.0054	0.0073	0.0032		0.1353	0.0000	-0.0001	1.5419	1.0015	1.3342	0.9989	0.0000	0.0000	0.0000	0.0000	0.0000	0.0000	0.0000	0.0000	0.0000	0.0002	0.0002	0.0000	0.0001	0.0001	0.0000	0.0001	0.0001	0.0000	0.0273	0.0248	0.0025	0.0049	0.0049	0.0000	0.0224	0.0199	0.0025	0.0198	0.0128	0.0070	0.0047	0.0046	0.0001	0.0151	0.0082	0.0069
86	108	0.0580	4	2	0	1	0	1	0	1	0	0	0	0	0	0	0	0	0	0	0	Y	N	N	N	N	N	N	N	N	N	N	N	N	N	N	N	N	N	23.2575	23.0018	0.0000	0.0508	0.0591	0.0000	142.4434	inf	0.0000	0.0004	0.0004	0.0000	0.0000	0.0000	0.0000	0.0004	0.0005	0.0000	0.0000	0.0000	0.0000	0.0001	0.0000	0.0005	0.0000	0.0000	0.0000	0.0000	0.3861	-0.0000	-0.0000	1.5419	1.0004	1.3342	0.0020	0.0000	0.0000	0.0000	0.0000	0.0000	0.0000	0.0000	0.0000	0.0000	0.0000	0.0000	0.0000	0.0000	0.0000	0.0000	0.0000	0.0000	0.0000	0.0272	0.0247	0.0025	0.0049	0.0048	0.0000	0.0224	0.0199	0.0025	0.0099	0.0064	0.0035	0.0024	0.0023	0.0000	0.0076	0.0041	0.0035
86	109	0.0320	3	2	0	1	0	2	0	1	0	0	0	0	0	0	0	0	0	0	0	Y	N	N	N	N	N	N	N	N	N	N	N	N	N	N	N	N	N	0.0147	0.0122	0.0000	0.0000	0.0000	0.0000	0.0981	168.6176	0.0000	0.0001	0.0001	0.0000	0.0000	0.0000	0.0000	0.0002	0.0002	0.0000	0.0084	0.0113	0.0034	0.0318	0.0322	0.0045	0.0015	0.0000	0.0034	0.0000	0.1658	-0.0000	-0.0003	1.5419	3.0035	1.3342	5.0043	0.0000	0.0000	0.0000	0.0000	0.0000	0.0000	0.0000	0.0000	0.0000	0.0006	0.0006	0.0001	0.0006	0.0006	0.0000	0.0001	0.0000	0.0001	0.0805	0.0730	0.0075	0.0141	0.0140	0.0001	0.0664	0.0590	0.0075	0.0763	0.0491	0.0272	0.0174	0.0171	0.0002	0.0589	0.0319	0.0270
86	112	0.0649	7	2	0	1	0	2	0	1	0	0	0	0	0	0	0	0	0	0	0	Y	N	N	N	N	N	N	N	N	N	N	N	N	N	N	N	N	N	0.2739	0.2177	0.4921	1.5816	1.5681	3.2672	0.0125	0.0073	0.0595	0.0011	0.0012	0.0008	0.0058	0.0055	0.0283	0.0001	0.0001	0.0001	0.0042	0.0054	0.0016	0.0036	0.0035	0.0087	0.0044	0.0070	0.0014	0.0697	0.1452	-0.0000	-0.0001	1.5419	3.0209	1.3342	2.2550	0.0001	0.0001	0.0000	0.0001	0.0001	0.0000	0.0000	0.0000	0.0000	0.0003	0.0002	0.0000	0.0001	0.0001	0.0000	0.0002	0.0002	0.0000	0.0822	0.0745	0.0077	0.0156	0.0154	0.0002	0.0666	0.0591	0.0075	0.0663	0.0446	0.0217	0.0210	0.0204	0.0006	0.0453	0.0242	0.0211
87	92	0.1008	12	1	0	0	1	0	0	0	1	0	0	1	2	0	0	0	0	0	0	N	N	N	N	N	Y	N	N	N	N	N	N	N	N	N	N	N	N	inf	0.0000	inf	0.0000	0.0000	0.0000	inf	0.0000	inf	0.0069	0.0000	0.0551	0.0000	0.0000	0.0000	0.0073	0.0000	0.0571	0.0000	0.0000	0.0000	0.0000	0.0000	0.0000	0.0000	0.0000	0.0000	inf		0.0001	0.0000	0.9989	1.0091	0.5152	1.9972	0.0001	0.0000	0.0001	0.0000	0.0000	0.0000	0.0001	0.0000	0.0001	0.0000	0.0000	0.0000	0.0000	0.0000	0.0000	0.0000	0.0000	0.0000	0.0117	0.0102	0.0015	0.0007	0.0007	0.0001	0.0109	0.0095	0.0014	0.0156	0.0096	0.0060	0.0078	0.0058	0.0020	0.0077	0.0038	0.0040
87	93	0.0845	11	1	0	0	0	0	0	0	0	0	1	1	2	0	0	0	0	0	0	N	N	N	N	N	Y	N	N	N	N	N	N	N	N	N	N	N	N	inf	0.0000	inf	0.0000	0.0000	0.0000	inf	0.0000	inf	0.0000	0.0000	0.0000	0.0000	0.0000	0.0000	0.0000	0.0000	0.0000	0.0000	0.0000	0.0000	0.0000	0.0000	0.0000	0.0000	0.0000	0.0000	inf		0.0000	0.0000	0.9989	2.0083	0.5152	3.0031	0.0000	0.0000	0.0000	0.0000	0.0000	0.0000	0.0000	0.0000	0.0000	0.0000	0.0000	0.0000	0.0000	0.0000	0.0000	0.0000	0.0000	0.0000	0.0229	0.0200	0.0029	0.0011	0.0010	0.0001	0.0218	0.0190	0.0028	0.0256	0.0158	0.0098	0.0127	0.0095	0.0032	0.0129	0.0063	0.0066
87	127	0.0884	13	0	0	0	0	0	0	0	0	0	1	0	2	0	0	0	0	0	0	N	N	N	N	N	Y	N	N	N	N	N	N	N	N	N	N	N	N	0.0000	0.0000	0.0000	0.0000	0.0000	0.0000	0.0000	0.0000	0.0000	0.0000	0.0000	0.0000	0.0000	0.0000	0.0000	0.0000	0.0000	0.0000	0.0000	0.0000	0.0000	0.0000	0.0000	0.0000	0.0000	0.0000	0.0000			0.0000	0.0000	0.9989	1.0000	0.5152	2.0000	0.0000	0.0000	0.0000	0.0000	0.0000	0.0000	0.0000	0.0000	0.0000	0.0000	0.0000	0.0000	0.0000	0.0000	0.0000	0.0000	0.0000	0.0000	0.0115	0.0101	0.0014	0.0006	0.0006	0.0000	0.0109	0.0095	0.0014	0.0156	0.0097	0.0059	0.0078	0.0059	0.0020	0.0078	0.0038	0.0040
87	128	0.0884	12	0	0	0	0	0	0	0	0	0	1	0	2	0	0	0	0	0	0	N	N	N	N	N	Y	N	N	N	N	N	N	N	N	N	N	N	N	0.0000	0.0000	0.0000	0.0000	0.0000	0.0000	0.0000	0.0000	0.0000	0.0000	0.0000	0.0000	0.0000	0.0000	0.0000	0.0000	0.0000	0.0000	0.0000	0.0000	0.0000	0.0000	0.0000	0.0000	0.0000	0.0000	0.0000			0.0000	0.0000	0.9989	3.0000	0.5152	2.0000	0.0000	0.0000	0.0000	0.0000	0.0000	0.0000	0.0000	0.0000	0.0000	0.0000	0.0000	0.0000	0.0000	0.0000	0.0000	0.0000	0.0000	0.0000	0.0342	0.0299	0.0043	0.0019	0.0018	0.0001	0.0323	0.0281	0.0041	0.0257	0.0159	0.0098	0.0129	0.0097	0.0032	0.0128	0.0063	0.0065
87	129	0.0917	14	0	0	0	0	0	0	0	0	0	1	0	2	0	0	0	0	0	0	N	N	N	N	N	Y	N	N	N	N	N	N	N	N	N	N	N	N	0.0000	0.0000	0.0000	0.0000	0.0000	0.0000	0.0000	0.0000	0.0000	0.0000	0.0000	0.0000	0.0000	0.0000	0.0000	0.0000	0.0000	0.0000	0.0000	0.0000	0.0000	0.0000	0.0000	0.0000	0.0000	0.0000	0.0000			0.0000	0.0000	0.9989	2.0004	0.5152	1.0045	0.0000	0.0000	0.0000	0.0000	0.0000	0.0000	0.0000	0.0000	0.0000	0.0000	0.0000	0.0000	0.0000	0.0000	0.0000	0.0000	0.0000	0.0000	0.0229	0.0200	0.0029	0.0013	0.0012	0.0001	0.0216	0.0188	0.0028	0.0156	0.0097	0.0059	0.0079	0.0059	0.0020	0.0078	0.0038	0.0040
88	92	0.0975	11	1	0	0	1	0	0	0	1	0	1	1	2	0	0	0	0	0	0	N	N	N	N	N	Y	N	N	N	N	N	N	N	N	N	N	N	N	inf	0.0000	inf	0.0000	0.0000	0.0000	inf	0.0000	inf	14.3393	0.0000	115.2537	0.0000	0.0000	0.0000	14.8600	0.0000	117.0693	0.0000	0.0000	0.0000	0.0000	0.0000	0.0000	0.0000	0.0000	0.0000	inf		0.7690	0.0000	6.0209	1.0091	2.4875	1.9972	0.9997	0.0000	0.9997	0.0000	0.0000	0.0000	0.9997	0.0000	0.9997	0.0000	0.0000	0.0000	0.0000	0.0000	0.0000	0.0000	0.0000	0.0000	0.0697	0.0610	0.0087	0.0024	0.0023	0.0001	0.0673	0.0587	0.0085	0.0548	0.0292	0.0255	0.0091	0.0069	0.0022	0.0457	0.0223	0.0234
88	93	0.0812	10	1	0	0	0	0	0	0	0	0	2	1	2	0	0	0	0	0	0	N	N	N	N	N	Y	N	N	N	N	N	N	N	N	N	N	N	N	inf	0.0000	inf	0.0000	0.0000	0.0000	inf	0.0000	inf	0.0012	0.0000	0.0099	0.0000	0.0000	0.0000	0.0013	0.0000	0.0100	0.0000	0.0000	0.0000	0.0000	0.0000	0.0000	0.0000	0.0000	0.0000	inf		0.0001	0.0000	6.0209	2.0083	2.4875	3.0031	0.0002	0.0000	0.0002	0.0000	0.0000	0.0000	0.0002	0.0000	0.0002	0.0000	0.0000	0.0000	0.0000	0.0000	0.0000	0.0000	0.0000	0.0000	0.1368	0.1197	0.0171	0.0026	0.0025	0.0001	0.1342	0.1171	0.0170	0.0901	0.0478	0.0423	0.0140	0.0107	0.0032	0.0762	0.0371	0.0390
88	127	0.0851	12	0	0	0	0	0	0	0	0	0	2	0	2	0	0	0	0	0	0	N	N	N	N	N	Y	N	N	N	N	N	N	N	N	N	N	N	N	0.0000	0.0000	0.0000	0.0000	0.0000	0.0000	0.0000	0.0000	0.0000	0.0000	0.0000	0.0000	0.0000	0.0000	0.0000	0.0000	0.0000	0.0000	0.0000	0.0000	0.0000	0.0000	0.0000	0.0000	0.0000	0.0000	0.0000			0.0000	0.0000	6.0209	1.0000	2.4875	2.0000	0.0000	0.0000	0.0000	0.0000	0.0000	0.0000	0.0000	0.0000	0.0000	0.0000	0.0000	0.0000	0.0000	0.0000	0.0000	0.0000	0.0000	0.0000	0.0689	0.0603	0.0086	0.0020	0.0018	0.0001	0.0669	0.0584	0.0085	0.0549	0.0295	0.0254	0.0092	0.0072	0.0020	0.0457	0.0223	0.0234
88	128	0.0851	11	0	0	0	0	0	0	0	0	0	2	0	2	0	0	0	0	0	0	N	N	N	N	N	Y	N	N	N	N	N	N	N	N	N	N	N	N	0.0000	0.0000	0.0000	0.0000	0.0000	0.0000	0.0000	0.0000	0.0000	0.0000	0.0000	0.0000	0.0000	0.0000	0.0000	0.0000	0.0000	0.0000	0.0000	0.0000	0.0000	0.0000	0.0000	0.0000	0.0000	0.0000	0.0000			0.0000	0.0000	6.0209	3.0000	2.4875	2.0000	0.0000	0.0000	0.0000	0.0000	0.0000	0.0000	0.0000	0.0000	0.0000	0.0000	0.0000	0.0000	0.0000	0.0000	0.0000	0.0000	0.0000	0.0000	0.2042	0.1787	0.0255	0.0059	0.0055	0.0004	0.1984	0.1732	0.0251	0.0905	0.0486	0.0419	0.0151	0.0118	0.0033	0.0754	0.0368	0.0386
88	129	0.0884	13	0	0	0	0	0	0	0	0	0	2	0	2	0	0	0	0	0	0	N	N	N	N	N	Y	N	N	N	N	N	N	N	N	N	N	N	N	0.0000	0.0000	0.0000	0.0000	0.0000	0.0000	0.0000	0.0000	0.0000	0.0000	0.0000	0.0000	0.0000	0.0000	0.0000	0.0000	0.0000	0.0000	0.0000	0.0000	0.0000	0.0000	0.0000	0.0000	0.0000	0.0000	0.0000			0.0000	0.0000	6.0209	2.0004	2.4875	1.0045	0.0000	0.0000	0.0000	0.0000	0.0000	0.0000	0.0000	0.0000	0.0000	0.0000	0.0000	0.0000	0.0000	0.0000	0.0000	0.0000	0.0000	0.0000	0.1369	0.1198	0.0171	0.0041	0.0038	0.0002	0.1328	0.1159	0.0168	0.0550	0.0296	0.0254	0.0093	0.0073	0.0020	0.0457	0.0223	0.0234
90	92	0.1659	15	2	0	1	1	0	0	1	1	0	0	1	1	0	0	0	0	0	0	Y	N	N	N	N	N	N	N	N	N	N	N	N	N	N	N	N	N	31890.2586	19674.6313	inf	521.5459	0.5801	inf	155868106.1365	87858382.1748	0.0000	14.2794	16.1501	0.9898	1.5559	0.0020	24.3090	15.3647	17.6295	0.0000	0.0004	0.0008	0.0000	0.0030	0.0035	0.0000	0.0000	0.0000	0.0000	0.0086	0.0000	-0.2241	-0.0000	5.9354	1.0091	8.3561	1.9972	1.0083	0.9997	0.0086	0.0086	0.0000	0.0086	0.9997	0.9997	0.0000	0.0000	0.0000	0.0000	0.0000	0.0000	0.0000	0.0000	0.0000	0.0000	0.0706	0.0619	0.0087	0.0055	0.0052	0.0004	0.0651	0.0567	0.0084	0.0871	0.0475	0.0396	0.0131	0.0111	0.0019	0.0741	0.0364	0.0377
90	93	0.1496	14	2	0	1	0	0	0	1	0	0	1	1	1	0	0	0	0	0	0	Y	N	N	N	N	N	N	N	N	N	N	N	N	N	N	N	N	N	0.4143	0.2568	0.0000	0.8956	0.8184	0.0000	5.7138	3.2234	0.0000	0.0709	0.0809	0.0000	1.1212	1.1766	0.0000	0.0014	0.0016	0.0000	0.1711	0.3149	0.0000	1.2519	1.4376	0.0000	0.0002	0.0005	0.0000	0.0000	0.0000	-0.0023	-0.0151	5.9354	2.0083	8.3561	3.0031	0.0098	0.0098	0.0000	0.0096	0.0096	0.0000	0.0002	0.0002	0.0000	0.0244	0.0244	0.0000	0.0244	0.0244	0.0000	0.0000	0.0000	0.0000	0.1379	0.1208	0.0170	0.0086	0.0082	0.0004	0.1293	0.1127	0.0166	0.1426	0.0775	0.0651	0.0195	0.0170	0.0025	0.1232	0.0605	0.0626
90	94	0.1496	13	2	0	1	0	0	0	1	0	0	0	1	0	0	0	0	0	0	0	Y	N	N	N	N	N	N	N	N	N	N	N	N	N	N	N	N	N	0.0000	0.0000	0.0000	0.0000	0.0000	0.0000	0.0000	0.0000	0.0000	0.0000	0.0000	0.0000	0.0000	0.0000	0.0000	0.0000	0.0000	0.0000	0.0361	0.0278	0.0518	0.0473	0.0508	0.0000	0.0292	0.0000	0.0559		0.9951	0.0000	-0.0000	5.9354	0.0000	8.3561	0.0002	0.0000	0.0000	0.0000	0.0000	0.0000	0.0000	0.0000	0.0000	0.0000	0.0000	0.0000	0.0000	0.0000	0.0000	0.0000	0.0000	0.0000	0.0000	0.0000	0.0000	0.0000	0.0000	0.0000	0.0000	0.0000	0.0000	0.0000	0.0000	0.0000	0.0000	0.0000	0.0000	0.0000	0.0000	0.0000	0.0000
90	95	0.1464	12	2	0	1	0	0	0	1	0	0	0	1	0	0	0	0	0	0	0	Y	N	N	N	N	N	N	N	N	N	N	N	N	N	N	N	N	N	0.0000	0.0000	0.0000	0.0000	0.0000	0.0000	0.0000	0.0000	0.0000	0.0000	0.0000	0.0000	0.0000	0.0000	0.0000	0.0000	0.0000	0.0000	0.0000	0.0000	0.0000	0.0001	0.0001	0.0000	0.0000	0.0000	0.0000		0.0000	0.0000	-0.0000	5.9354	1.0000	8.3561	0.0001	0.0000	0.0000	0.0000	0.0000	0.0000	0.0000	0.0000	0.0000	0.0000	0.0000	0.0000	0.0000	0.0000	0.0000	0.0000	0.0000	0.0000	0.0000	0.0695	0.0609	0.0086	0.0041	0.0039	0.0002	0.0653	0.0569	0.0084	0.0291	0.0158	0.0133	0.0040	0.0034	0.0005	0.0251	0.0123	0.0128
90	96	0.1464	11	2	0	1	0	0	0	1	0	1	0	1	0	0	0	0	0	0	0	Y	N	N	N	N	N	N	N	N	N	N	N	N	N	N	N	N	N	0.0000	0.0000	0.0000	0.0000	0.0000	0.0000	0.0000	0.0000	0.0000	0.0000	0.0000	0.0000	0.0000	0.0000	0.0000	0.0000	0.0000	0.0000	0.0000	0.0000	0.0000	0.0000	0.0000	0.0000	0.0000	0.0000	0.0000			0.0000	0.0000	5.9354	0.0000	8.3561	0.0001	0.0000	0.0000	0.0000	0.0000	0.0000	0.0000	0.0000	0.0000	0.0000	0.0000	0.0000	0.0000	0.0000	0.0000	0.0000	0.0000	0.0000	0.0000	0.0000	0.0000	0.0000	0.0000	0.0000	0.0000	0.0000	0.0000	0.0000	0.0000	0.0000	0.0000	0.0000	0.0000	0.0000	0.0000	0.0000	0.0000
90	97	0.1432	10	2	0	1	0	0	0	1	0	0	0	0	0	0	0	0	0	0	0	Y	N	N	N	N	N	N	N	N	N	N	N	N	N	N	N	N	N	0.0000	0.0000	0.0000	0.0000	0.0000	0.0000	0.0000	0.0000	0.0000	0.0000	0.0000	0.0000	0.0000	0.0000	0.0000	0.0000	0.0000	0.0000	0.0001	0.0000	0.0002	0.0000	0.0000	0.0000	0.0001	0.0000	0.0002		37.3069	0.0000	0.0000	5.9354	0.9999	8.3561	0.0008	0.0000	0.0000	0.0000	0.0000	0.0000	0.0000	0.0000	0.0000	0.0000	0.0000	0.0000	0.0000	0.0000	0.0000	0.0000	0.0000	0.0000	0.0000	0.0709	0.0621	0.0088	0.0039	0.0037	0.0002	0.0669	0.0583	0.0086	0.0294	0.0160	0.0134	0.0040	0.0035	0.0005	0.0254	0.0126	0.0128
90	107	0.1464	11	2	0	1	0	0	0	1	0	0	0	0	0	0	0	0	0	0	0	Y	N	N	N	N	N	N	N	N	N	N	N	N	N	N	N	N	N	0.0000	0.0000	0.0000	0.0000	0.0000	0.0000	0.0000	0.0000	0.0000	0.0000	0.0000	0.0000	0.0000	0.0000	0.0000	0.0000	0.0000	0.0000	0.0011	0.0019	0.0001	0.0075	0.0086	0.0002	0.0000	0.0000	0.0001		0.0434	0.0000	-0.0000	5.9354	1.0015	8.3561	0.9989	0.0000	0.0000	0.0000	0.0000	0.0000	0.0000	0.0000	0.0000	0.0000	0.0001	0.0001	0.0000	0.0001	0.0001	0.0000	0.0000	0.0000	0.0000	0.0710	0.0622	0.0088	0.0039	0.0038	0.0002	0.0670	0.0584	0.0086	0.0585	0.0320	0.0265	0.0079	0.0069	0.0010	0.0505	0.0251	0.0255
90	108	0.1432	10	2	0	1	0	0	0	1	0	0	0	0	0	0	0	0	0	0	0	Y	N	N	N	N	N	N	N	N	N	N	N	N	N	N	N	N	N	0.0000	0.0000	0.0000	0.0000	0.0000	0.0000	0.0000	0.0000	0.0000	0.0000	0.0000	0.0000	0.0000	0.0000	0.0000	0.0000	0.0000	0.0000	0.0001	0.0000	0.0002	0.0001	0.0001	0.0000	0.0001	0.0000	0.0002		8.5574	0.0000	0.0000	5.9354	1.0004	8.3561	0.0020	0.0000	0.0000	0.0000	0.0000	0.0000	0.0000	0.0000	0.0000	0.0000	0.0000	0.0000	0.0000	0.0000	0.0000	0.0000	0.0000	0.0000	0.0000	0.0709	0.0621	0.0088	0.0039	0.0037	0.0002	0.0670	0.0584	0.0086	0.0294	0.0160	0.0134	0.0040	0.0035	0.0005	0.0254	0.0126	0.0129
90	109	0.1172	9	2	0	1	0	1	0	1	0	0	0	0	0	0	0	0	0	0	0	Y	N	N	N	N	N	N	N	N	N	N	N	N	N	N	N	N	N	0.0009	0.0000	0.0032	0.0000	0.0000	0.0000	0.0008	0.0000	0.0032	0.0001	0.0000	0.0008	0.0000	0.0000	0.0000	0.0001	0.0000	0.0008	0.1096	0.0036	0.2367	0.0159	0.0178	0.0028	0.1232	0.0000	0.2450	inf	54.2247	0.0000	0.0090	5.9354	3.0035	8.3561	5.0043	0.0000	0.0000	0.0000	0.0000	0.0000	0.0000	0.0000	0.0000	0.0000	0.0248	0.0004	0.0244	0.0005	0.0004	0.0000	0.0244	0.0000	0.0244	0.2099	0.1838	0.0260	0.0107	0.0102	0.0005	0.1992	0.1737	0.0255	0.2268	0.1237	0.1031	0.0288	0.0253	0.0035	0.1979	0.0984	0.0995
91	92	0.1184	14	2	0	0	1	0	0	0	1	0	0	1	1	0	0	0	0	0	0	Y	N	N	N	N	N	N	N	N	N	N	N	N	N	N	N	N	N	0.6798	0.3093	2623.5813	1.1311	0.5391	inf	26.1291	14.8045	15.4745	0.0160	0.0127	0.0394	0.1241	0.0640	0.6632	0.0074	0.0084	0.0002	0.0236	0.0409	0.0000	0.1097	0.1187	0.0000	0.0003	0.0006	0.0000	0.4486	0.0003	0.0000	-0.0007	1.5872	1.0091	4.4746	1.9972	0.0003	0.0002	0.0001	0.0002	0.0001	0.0001	0.0001	0.0001	0.0000	0.0012	0.0012	0.0000	0.0011	0.0011	0.0000	0.0000	0.0000	0.0000	0.0192	0.0167	0.0024	0.0014	0.0013	0.0001	0.0177	0.0155	0.0023	0.0492	0.0283	0.0209	0.0105	0.0097	0.0008	0.0387	0.0187	0.0201
91	93	0.1021	13	2	0	0	0	0	0	0	0	0	1	1	1	0	0	0	0	0	0	Y	N	N	N	N	N	N	N	N	N	N	N	N	N	N	N	N	N	0.0103	0.0054	27.0300	0.0101	0.0100	0.0000	2.2539	1.0030	26.8043	0.1240	0.1120	0.2080	0.5921	0.6244	0.0000	0.1010	0.0846	0.2122	11.9964	20.8158	0.0077	58.4521	62.2396	0.0005	0.0448	0.0843	0.0079	0.2653	0.0003	-0.0001	-0.5984	1.5872	2.0083	4.4746	3.0031	0.0046	0.0036	0.0010	0.0010	0.0010	0.0000	0.0036	0.0026	0.0010	0.9669	0.9666	0.0003	0.9640	0.9640	0.0000	0.0029	0.0026	0.0003	0.0369	0.0323	0.0046	0.0017	0.0016	0.0001	0.0352	0.0306	0.0045	0.0806	0.0464	0.0342	0.0165	0.0155	0.0010	0.0641	0.0309	0.0332
91	94	0.1021	12	2	0	0	0	0	0	0	0	0	0	1	0	0	0	0	0	0	0	Y	N	N	N	N	N	N	N	N	N	N	N	N	N	N	N	N	N	0.0000	0.0000	0.0000	0.0000	0.0000	0.0000	0.0000	0.0000	0.0000	0.0000	0.0000	0.0000	0.0000	0.0000	0.0000	0.0000	0.0000	0.0000	2.8158	2.1301	4.1745	3.5274	3.8048	0.0000	2.3430	0.0259	4.5712		0.9891	0.0000	-0.0000	1.5872	0.0000	4.4746	0.0002	0.0000	0.0000	0.0000	0.0000	0.0000	0.0000	0.0000	0.0000	0.0000	0.0000	0.0000	0.0000	0.0000	0.0000	0.0000	0.0000	0.0000	0.0000	0.0000	0.0000	0.0000	0.0000	0.0000	0.0000	0.0000	0.0000	0.0000	0.0000	0.0000	0.0000	0.0000	0.0000	0.0000	0.0000	0.0000	0.0000
91	95	0.0989	11	2	0	0	0	0	0	0	0	0	0	1	0	0	0	0	0	0	0	Y	N	N	N	N	N	N	N	N	N	N	N	N	N	N	N	N	N	0.0000	0.0000	0.0000	0.0000	0.0000	0.0000	0.0000	0.0000	0.0000	0.0000	0.0000	0.0000	0.0000	0.0000	0.0000	0.0000	0.0000	0.0000	0.0006	0.0010	0.0000	0.0029	0.0031	0.0000	0.0000	0.0000	0.0000		0.0003	0.0000	-0.0000	1.5872	1.0000	4.4746	0.0001	0.0000	0.0000	0.0000	0.0000	0.0000	0.0000	0.0000	0.0000	0.0000	0.0000	0.0000	0.0000	0.0000	0.0000	0.0000	0.0000	0.0000	0.0000	0.0186	0.0163	0.0023	0.0008	0.0008	0.0000	0.0178	0.0155	0.0023	0.0164	0.0095	0.0070	0.0034	0.0032	0.0002	0.0131	0.0063	0.0068
91	96	0.0989	10	2	0	0	0	0	0	0	0	1	0	1	0	0	0	0	0	0	0	Y	N	N	N	N	N	N	N	N	N	N	N	N	N	N	N	N	N	0.0000	0.0000	0.0000	0.0000	0.0000	0.0000	0.0000	0.0000	0.0000	0.0000	0.0000	0.0000	0.0000	0.0000	0.0000	0.0000	0.0000	0.0000	0.0000	0.0000	0.0000	0.0000	0.0000	0.0000	0.0000	0.0000	0.0000			0.0000	0.0000	1.5872	0.0000	4.4746	0.0001	0.0000	0.0000	0.0000	0.0000	0.0000	0.0000	0.0000	0.0000	0.0000	0.0000	0.0000	0.0000	0.0000	0.0000	0.0000	0.0000	0.0000	0.0000	0.0000	0.0000	0.0000	0.0000	0.0000	0.0000	0.0000	0.0000	0.0000	0.0000	0.0000	0.0000	0.0000	0.0000	0.0000	0.0000	0.0000	0.0000
91	97	0.0957	9	2	0	0	0	0	0	0	0	0	0	0	0	0	0	0	0	0	0	Y	N	N	N	N	N	N	N	N	N	N	N	N	N	N	N	N	N	0.0000	0.0000	0.0000	0.0000	0.0000	0.0000	0.0000	0.0000	0.0000	0.0000	0.0000	0.0000	0.0000	0.0000	0.0000	0.0000	0.0000	0.0000	0.0064	0.0000	0.0152	0.0000	0.0000	0.0000	0.0080	0.0000	0.0156		1352.3690	0.0000	0.0000	1.5872	0.9999	4.4746	0.0008	0.0000	0.0000	0.0000	0.0000	0.0000	0.0000	0.0000	0.0000	0.0000	0.0001	0.0000	0.0001	0.0000	0.0000	0.0000	0.0001	0.0000	0.0001	0.0190	0.0166	0.0024	0.0008	0.0007	0.0000	0.0182	0.0159	0.0023	0.0166	0.0096	0.0070	0.0034	0.0032	0.0002	0.0132	0.0064	0.0068
91	99	0.0697	9	2	0	1	0	1	0	1	0	0	0	0	0	0	0	0	0	0	0	Y	N	N	N	N	N	N	N	N	N	N	N	N	N	N	N	N	N	0.0000	0.0001	0.0000	0.0013	0.0020	0.0000	0.0000	0.0000	0.0000	0.0000	0.0000	0.0000	0.0001	0.0001	0.0000	0.0000	0.0000	0.0000	1.0948	0.0156	2.5571	0.0428	0.0303	0.2534	1.3472	0.0087	2.6173	1.1545	121.0130	0.0000	0.0998	1.5872	5.0000	4.4746	11.0015	0.0000	0.0000	0.0000	0.0000	0.0000	0.0000	0.0000	0.0000	0.0000	0.2678	0.0022	0.2656	0.0020	0.0014	0.0007	0.2658	0.0008	0.2649	0.0925	0.0809	0.0116	0.0033	0.0032	0.0002	0.0891	0.0778	0.0114	0.2446	0.1408	0.1039	0.0473	0.0447	0.0026	0.1973	0.0961	0.1012
91	100	0.0718	7	2	0	1	0	0	0	0	0	0	0	0	0	0	0	0	0	0	0	Y	N	N	N	N	N	N	N	N	N	N	N	N	N	N	N	N	N	0.0000	0.0000	0.0000	0.0000	0.0000	0.0000	0.0000	0.0000	0.0000	0.0000	0.0000	0.0000	0.0000	0.0000	0.0000	0.0000	0.0000	0.0000	0.0406	0.0268	0.0621	0.0660	0.0642	0.1214	0.0328	0.0043	0.0610	0.0000	1.4941	-0.0000	-0.0001	1.5872	2.0003	4.4746	3.6794	0.0000	0.0000	0.0000	0.0000	0.0000	0.0000	0.0000	0.0000	0.0000	0.0042	0.0017	0.0025	0.0016	0.0015	0.0001	0.0026	0.0002	0.0024	0.0386	0.0338	0.0048	0.0020	0.0019	0.0001	0.0366	0.0319	0.0047	0.1026	0.0624	0.0402	0.0241	0.0234	0.0007	0.0784	0.0390	0.0395
91	101	0.0611	6	2	0	1	0	1	0	1	0	0	0	0	0	0	0	0	0	0	0	Y	N	N	N	N	N	N	N	N	N	N	N	N	N	N	N	N	N	0.0001	0.0002	0.0000	0.0000	0.0000	0.0000	0.0002	0.1508	0.0000	0.0017	0.0019	0.0000	0.0002	0.0002	0.0000	0.0027	0.0033	0.0000	15.3702	10.9417	20.9866	21.2761	21.4418	0.3557	12.9894	0.0216	21.0928	0.0031	1.5124	-0.0000	-0.0214	1.5872	0.0087	4.4746	3.3708	0.0000	0.0000	0.0000	0.0000	0.0000	0.0000	0.0000	0.0000	0.0000	1.2437	0.4950	0.7486	0.4946	0.4945	0.0001	0.7491	0.0005	0.7486	0.0006	0.0005	0.0001	0.0002	0.0002	0.0000	0.0004	0.0003	0.0001	0.0809	0.0452	0.0357	0.0232	0.0231	0.0002	0.0577	0.0222	0.0355
91	106	0.1054	11	2	0	1	0	0	0	1	0	0	0	0	0	0	0	0	0	0	0	Y	N	N	N	N	N	N	N	N	N	N	N	N	N	N	N	N	N	0.0000	0.0000	0.0000	0.0000	0.0000	0.0000	0.0000	0.0000	0.0000	0.0000	0.0000	0.0000	0.0000	0.0000	0.0000	0.0000	0.0000	0.0000	7.4959	12.8905	0.0051	34.8584	37.5520	0.0002	0.0030	0.0006	0.0053		0.0003	0.0000	-0.5972	1.5872	3.0043	4.4746	5.0032	0.0000	0.0000	0.0000	0.0000	0.0000	0.0000	0.0000	0.0000	0.0000	0.9651	0.9648	0.0003	0.9648	0.9648	0.0000	0.0003	0.0000	0.0003	0.0565	0.0494	0.0071	0.0023	0.0022	0.0001	0.0542	0.0473	0.0069	0.1287	0.0748	0.0539	0.0277	0.0257	0.0020	0.1011	0.0492	0.0519
91	107	0.0989	10	2	0	0	0	0	0	0	0	0	0	0	0	0	0	0	0	0	0	Y	N	N	N	N	N	N	N	N	N	N	N	N	N	N	N	N	N	0.0000	0.0000	0.0000	0.0000	0.0000	0.0000	0.0000	0.0000	0.0000	0.0000	0.0000	0.0000	0.0000	0.0000	0.0000	0.0000	0.0000	0.0000	0.0149	0.0234	0.0032	0.0593	0.0631	0.0000	0.0036	0.0039	0.0033		0.0991	0.0000	-0.0003	1.5872	1.0015	4.4746	0.9989	0.0000	0.0000	0.0000	0.0000	0.0000	0.0000	0.0000	0.0000	0.0000	0.0005	0.0004	0.0000	0.0004	0.0004	0.0000	0.0001	0.0000	0.0000	0.0190	0.0166	0.0024	0.0008	0.0007	0.0000	0.0182	0.0159	0.0023	0.0330	0.0191	0.0139	0.0067	0.0063	0.0004	0.0263	0.0128	0.0135
91	108	0.0957	9	2	0	0	0	0	0	0	0	0	0	0	0	0	0	0	0	0	0	Y	N	N	N	N	N	N	N	N	N	N	N	N	N	N	N	N	N	0.0000	0.0000	0.0000	0.0000	0.0000	0.0000	0.0000	0.0000	0.0000	0.0000	0.0000	0.0000	0.0000	0.0000	0.0000	0.0000	0.0000	0.0000	0.0064	0.0000	0.0152	0.0000	0.0000	0.0000	0.0081	0.0000	0.0156		370.1508	0.0000	0.0000	1.5872	1.0004	4.4746	0.0020	0.0000	0.0000	0.0000	0.0000	0.0000	0.0000	0.0000	0.0000	0.0000	0.0001	0.0000	0.0001	0.0000	0.0000	0.0000	0.0001	0.0000	0.0001	0.0190	0.0166	0.0024	0.0008	0.0007	0.0000	0.0182	0.0159	0.0023	0.0166	0.0096	0.0070	0.0034	0.0032	0.0002	0.0132	0.0064	0.0068
91	109	0.0697	8	2	0	0	0	1	0	0	0	0	0	0	0	0	0	0	0	0	0	Y	N	N	N	N	N	N	N	N	N	N	N	N	N	N	N	N	N	0.0000	0.0005	0.0000	0.0052	0.0054	0.0000	0.0000	0.0000	0.0000	0.0000	0.0000	0.0000	0.0001	0.0001	0.0000	0.0000	0.0000	0.0000	7.5624	0.0077	17.7977	0.0179	0.0181	0.0141	9.3753	0.0028	18.2643	1.1545	1714.3287	0.0000	0.3673	1.5872	3.0035	4.4746	5.0043	0.0000	0.0000	0.0000	0.0000	0.0000	0.0000	0.0000	0.0000	0.0000	0.9659	0.0006	0.9653	0.0004	0.0004	0.0000	0.9654	0.0001	0.9653	0.0562	0.0492	0.0070	0.0020	0.0019	0.0001	0.0542	0.0473	0.0069	0.1277	0.0735	0.0542	0.0247	0.0234	0.0014	0.1030	0.0501	0.0528
91	110	0.0394	2	2	0	1	0	0	0	0	0	0	0	0	0	0	0	0	0	0	0	Y	N	N	N	N	N	N	N	N	N	N	N	N	N	N	N	N	N	2.0498	1.3803	0.1909	14.6439	14.8725	5.9212	20.3251	65.1158	0.1176	0.1782	0.2037	0.0016	5.5090	5.6715	0.2016	0.1069	0.1224	0.0009	0.0869	0.1476	0.0082	0.3762	0.3813	0.0340	0.0053	0.0019	0.0080	0.0011	0.0427	-0.0054	-0.0116	1.5872	7.0195	4.4746	5.1243	0.0233	0.0233	0.0000	0.0095	0.0095	0.0000	0.0138	0.0138	0.0000	0.0200	0.0192	0.0008	0.0191	0.0191	0.0000	0.0009	0.0002	0.0008	0.1308	0.1142	0.0165	0.0017	0.0017	0.0001	0.1290	0.1126	0.0165	0.2305	0.1302	0.1003	0.0507	0.0500	0.0008	0.1798	0.0802	0.0996
91	126	0.1027	15	2	0	1	0	0	0	0	0	0	0	0	0	0	0	0	0	0	0	Y	N	N	N	N	N	N	N	N	N	N	N	N	N	N	N	N	N	0.0000	0.0000	0.0000	0.0000	0.0000	0.0000	0.0000	0.0000	0.0000	0.0000	0.0000	0.0000	0.0000	0.0000	0.0000	0.0000	0.0000	0.0000	0.0019	0.0007	0.0034	0.0000	0.0000	0.0000	0.0024	0.0011	0.0036		3.4872	0.0000	0.0000	1.5872	1.0002	4.4746	2.0058	0.0000	0.0000	0.0000	0.0000	0.0000	0.0000	0.0000	0.0000	0.0000	0.0001	0.0000	0.0001	0.0000	0.0000	0.0000	0.0001	0.0000	0.0001	0.0189	0.0165	0.0024	0.0009	0.0008	0.0000	0.0180	0.0157	0.0023	0.0485	0.0282	0.0203	0.0109	0.0101	0.0007	0.0376	0.0181	0.0196
91	133	0.1231	12	2	0	1	0	0	0	0	0	0	0	1	0	0	0	0	0	0	0	Y	N	N	N	N	N	N	N	N	N	N	N	N	N	N	N	N	N	0.0000	0.0000	0.0000	0.0000	0.0000	0.0000	0.0000	0.0000	0.0000	0.0000	0.0000	0.0000	0.0000	0.0000	0.0000	0.0000	0.0000	0.0000	0.0397	0.0013	0.1120	0.0000	0.0000	0.0000	0.0653	0.0028	0.1140		45.4492	0.0000	0.0000	1.5872	0.0000	4.4746	0.0001	0.0000	0.0000	0.0000	0.0000	0.0000	0.0000	0.0000	0.0000	0.0000	0.0000	0.0000	0.0000	0.0000	0.0000	0.0000	0.0000	0.0000	0.0000	0.0000	0.0000	0.0000	0.0000	0.0000	0.0000	0.0000	0.0000	0.0000	0.0000	0.0000	0.0000	0.0000	0.0000	0.0000	0.0000	0.0000	0.0000
91	134	0.0830	11	2	0	1	0	1	0	1	0	1	0	1	0	0	0	0	0	0	0	Y	N	N	N	N	N	N	N	N	N	N	N	N	N	N	N	N	N	0.0000	0.0000	0.0000	0.0000	0.0000	0.0000	0.0000	0.0000	0.0000	0.0000	0.0000	0.0000	0.0000	0.0000	0.0000	0.0000	0.0000	0.0000	0.0185	0.0007	0.0430	0.0004	0.0004	0.0000	0.0235	0.0009	0.0443		43.2331	0.0000	0.0012	1.5872	4.0005	4.4746	6.9251	0.0000	0.0000	0.0000	0.0000	0.0000	0.0000	0.0000	0.0000	0.0000	0.0033	0.0001	0.0032	0.0000	0.0000	0.0000	0.0033	0.0001	0.0032	0.0747	0.0654	0.0093	0.0029	0.0028	0.0002	0.0718	0.0626	0.0092	0.1768	0.1025	0.0743	0.0381	0.0359	0.0021	0.1387	0.0665	0.0722
91	135	0.1156	16	2	0	1	0	0	0	0	0	0	0	1	0	0	0	0	0	0	0	Y	N	N	N	N	N	N	N	N	N	N	N	N	N	N	N	N	N	0.0000	0.0000	0.0000	0.0000	0.0000	0.0000	0.0000	0.0000	0.0000	0.0000	0.0000	0.0000	0.0000	0.0000	0.0000	0.0000	0.0000	0.0000	0.0918	0.1561	0.0001	0.3839	0.4098	0.0000	0.0000	0.0000	0.0001		0.0003	0.0000	-0.0009	1.5872	0.9923	4.4746	0.0060	0.0000	0.0000	0.0000	0.0000	0.0000	0.0000	0.0000	0.0000	0.0000	0.0015	0.0015	0.0000	0.0015	0.0015	0.0000	0.0000	0.0000	0.0000	0.0190	0.0166	0.0024	0.0011	0.0011	0.0001	0.0179	0.0156	0.0023	0.0159	0.0093	0.0065	0.0038	0.0036	0.0002	0.0121	0.0058	0.0063
91	136	0.1027	15	2	0	1	0	0	0	0	0	1	0	1	0	0	0	0	0	0	0	Y	N	N	N	N	N	N	N	N	N	N	N	N	N	N	N	N	N	0.0000	0.0000	0.0000	0.0000	0.0000	0.0000	0.0000	0.0000	0.0000	0.0000	0.0000	0.0000	0.0000	0.0000	0.0000	0.0000	0.0000	0.0000	0.0234	0.0003	0.0554	0.0007	0.0008	0.0000	0.0299	0.0000	0.0575		141.5460	0.0000	0.0006	1.5872	2.0106	4.4746	2.0023	0.0000	0.0000	0.0000	0.0000	0.0000	0.0000	0.0000	0.0000	0.0000	0.0015	0.0000	0.0015	0.0000	0.0000	0.0000	0.0015	0.0000	0.0015	0.0376	0.0329	0.0047	0.0017	0.0016	0.0001	0.0359	0.0313	0.0046	0.0641	0.0372	0.0268	0.0143	0.0134	0.0009	0.0498	0.0239	0.0259
91	137	0.0995	14	2	0	1	0	1	0	0	0	0	0	0	0	0	0	0	0	0	0	Y	N	N	N	N	N	N	N	N	N	N	N	N	N	N	N	N	N	0.0000	0.0000	0.0000	0.0000	0.0000	0.0000	0.0000	0.0000	0.0000	0.0000	0.0000	0.0000	0.0000	0.0000	0.0000	0.0000	0.0000	0.0000	0.0000	0.0000	0.0000	0.0000	0.0000	0.0000	0.0000	0.0000	0.0000		2.9148	0.0000	0.0000	1.5872	0.0008	4.4746	1.0019	0.0000	0.0000	0.0000	0.0000	0.0000	0.0000	0.0000	0.0000	0.0000	0.0000	0.0000	0.0000	0.0000	0.0000	0.0000	0.0000	0.0000	0.0000	0.0000	0.0000	0.0000	0.0000	0.0000	0.0000	0.0000	0.0000	0.0000	0.0162	0.0094	0.0068	0.0036	0.0033	0.0002	0.0127	0.0061	0.0066
92	99	0.0591	8	2	0	1	1	1	0	1	1	0	0	1	1	0	0	0	0	0	0	Y	N	N	N	N	N	N	N	N	N	N	N	N	N	N	N	N	N	0.0000	0.0000	0.0000	inf	0.0000	inf	0.0000	0.0000	0.0000	0.0000	0.0000	0.0000	0.0001	0.0000	0.0039	0.0000	0.0000	0.0000	11.5377	0.0000	22.8133	0.0000	0.0000	0.0000	11.8585	0.0000	23.1095	inf	inf	0.0000	0.3802	1.0091	5.0000	1.9972	11.0015	0.0000	0.0000	0.0000	0.0000	0.0000	0.0000	0.0000	0.0000	0.0000	0.9982	0.0000	0.9982	0.0000	0.0000	0.0000	0.9982	0.0000	0.9982	0.0581	0.0508	0.0072	0.0013	0.0013	0.0000	0.0567	0.0495	0.0072	0.0865	0.0428	0.0438	0.0023	0.0018	0.0006	0.0842	0.0410	0.0432
92	100	0.1399	18	2	0	1	1	0	0	0	1	0	0	1	1	0	0	0	0	0	0	Y	N	N	N	N	N	N	N	N	N	N	N	N	N	N	N	N	N	0.2928	0.1883	0.0000	0.0000	0.0000	0.0000	363.2301	inf	0.0000	0.0004	0.0005	0.0000	0.0000	0.0000	0.0000	0.0005	0.0005	0.0000	0.0014	0.0025	0.0000	0.0076	0.0090	0.0000	0.0000	0.0000	0.0000	0.0000	0.0012	-0.0000	-0.0000	1.0091	2.0003	1.9972	3.6794	0.0000	0.0000	0.0000	0.0000	0.0000	0.0000	0.0000	0.0000	0.0000	0.0000	0.0000	0.0000	0.0000	0.0000	0.0000	0.0000	0.0000	0.0000	0.0238	0.0209	0.0029	0.0020	0.0019	0.0001	0.0218	0.0190	0.0028	0.0349	0.0197	0.0152	0.0065	0.0056	0.0010	0.0283	0.0141	0.0142
92	101	0.1293	17	2	0	1	1	1	0	1	1	0	0	1	1	0	0	0	0	0	0	Y	N	N	N	N	N	N	N	N	N	N	N	N	N	N	N	N	N	7825.9630	3944082.7099	0.0000	89146.6934	74457.2844	0.0000	10963.8411	inf	0.0000	20.4264	23.0931	0.0000	2.0666	2.1143	0.0000	33.0077	40.2103	0.0000	0.0026	0.0000	0.0056	0.0000	0.0000	0.0000	0.0030	0.0000	0.0059	0.0000	838.8403	-0.0019	0.0000	1.0091	0.0087	1.9972	3.3708	0.0080	0.0080	0.0000	0.0003	0.0003	0.0000	0.0077	0.0077	0.0000	0.0000	0.0000	0.0000	0.0000	0.0000	0.0000	0.0000	0.0000	0.0000	0.0004	0.0003	0.0000	0.0002	0.0002	0.0000	0.0002	0.0002	0.0000	0.0191	0.0102	0.0090	0.0026	0.0021	0.0005	0.0166	0.0081	0.0085
92	106	0.0428	8	2	0	1	1	0	0	1	1	0	0	1	1	0	0	0	0	0	0	Y	N	N	N	N	N	N	N	N	N	N	N	N	N	N	N	N	N	0.0000	0.0000	0.0000	0.0000	0.0000	0.0000	0.0000	0.0000	0.0000	0.0000	0.0000	0.0000	0.0000	0.0000	0.0000	0.0000	0.0000	0.0000	21.6575	0.0004	42.6440	0.0304	0.0081	0.0968	22.4583	0.0000	43.4078		99914.0569	0.0000	0.3798	1.0091	3.0043	1.9972	5.0032	0.0000	0.0000	0.0000	0.0000	0.0000	0.0000	0.0000	0.0000	0.0000	0.9974	0.0000	0.9974	0.0000	0.0000	0.0000	0.9973	0.0000	0.9973	0.0355	0.0310	0.0044	0.0008	0.0008	0.0000	0.0347	0.0303	0.0044	0.0461	0.0227	0.0234	0.0016	0.0012	0.0004	0.0444	0.0214	0.0230
92	107	0.0363	7	2	0	0	1	0	0	0	1	0	0	1	1	0	0	0	0	0	0	Y	N	N	N	N	N	N	N	N	N	N	N	N	N	N	N	N	N	0.0000	0.0000	0.0000	0.0000	0.0000	0.0000	0.0000	0.0000	0.0000	0.0000	0.0000	0.0000	0.0000	0.0000	0.0000	0.0000	0.0000	0.0000	0.0769	0.0035	0.1464	0.0001	0.0000	0.0003	0.0783	0.0036	0.1477		44.5245	0.0000	0.0003	1.0091	1.0015	1.9972	0.9989	0.0000	0.0000	0.0000	0.0000	0.0000	0.0000	0.0000	0.0000	0.0000	0.0009	0.0000	0.0009	0.0000	0.0000	0.0000	0.0009	0.0000	0.0009	0.0120	0.0104	0.0015	0.0002	0.0002	0.0000	0.0117	0.0102	0.0015	0.0118	0.0057	0.0061	0.0002	0.0002	0.0001	0.0116	0.0056	0.0060
92	108	0.0331	6	2	0	0	1	0	0	0	1	0	0	1	1	0	0	0	0	0	0	Y	N	N	N	N	N	N	N	N	N	N	N	N	N	N	N	N	N	0.0000	0.0000	0.0000	0.0000	0.0000	0.0000	0.0000	0.0000	0.0000	0.0000	0.0000	0.0000	0.0000	0.0000	0.0000	0.0000	0.0000	0.0000	0.0000	0.0000	0.0000	0.0012	0.0016	0.0000	0.0000	0.0000	0.0000		0.0000	0.0000	-0.0000	1.0091	1.0004	1.9972	0.0020	0.0000	0.0000	0.0000	0.0000	0.0000	0.0000	0.0000	0.0000	0.0000	0.0000	0.0000	0.0000	0.0000	0.0000	0.0000	0.0000	0.0000	0.0000	0.0119	0.0104	0.0015	0.0002	0.0002	0.0000	0.0117	0.0102	0.0015	0.0059	0.0029	0.0031	0.0001	0.0001	0.0000	0.0058	0.0028	0.0030
92	110	0.1345	15	2	0	1	1	0	0	0	1	0	0	1	1	0	0	0	0	0	0	Y	N	N	N	N	N	N	N	N	N	N	N	N	N	N	N	N	N	364.1292	223.0156	0.0000	580.1551	470.4753	0.0000	0.1249	6.0624	0.0000	0.1097	0.1251	0.0000	1.6898	1.8057	0.0000	0.0000	0.0000	0.0000	0.0003	0.0006	0.0000	0.0029	0.0038	0.0000	0.0000	0.0000	0.0000	0.0000	0.0317	-0.0020	-0.0000	1.0091	7.0195	1.9972	5.1243	0.0087	0.0087	0.0000	0.0087	0.0087	0.0000	0.0000	0.0000	0.0000	0.0000	0.0000	0.0000	0.0000	0.0000	0.0000	0.0000	0.0000	0.0000	0.0794	0.0696	0.0098	0.0052	0.0048	0.0003	0.0743	0.0648	0.0095	0.0683	0.0355	0.0327	0.0069	0.0052	0.0017	0.0614	0.0304	0.0311
92	111	0.1120	14	2	0	1	1	0	0	1	1	0	0	1	1	0	0	0	0	0	0	Y	N	N	N	N	N	N	N	N	N	N	N	N	N	N	N	N	N	7.8970	9.9141	14.8022	1288.0121	854.7891	10091.2495	0.0012	0.0021	0.0000	0.0058	0.0041	0.0174	0.0830	0.0571	0.3336	0.0000	0.0000	0.0000	0.0007	0.0004	0.0012	0.0001	0.0001	0.0000	0.0009	0.0006	0.0012	0.6025	2.0299	0.0000	0.0000	1.0091	2.0281	1.9972	3.4706	0.0001	0.0001	0.0001	0.0001	0.0001	0.0001	0.0000	0.0000	0.0000	0.0000	0.0000	0.0000	0.0000	0.0000	0.0000	0.0000	0.0000	0.0000	0.0243	0.0212	0.0030	0.0017	0.0015	0.0002	0.0226	0.0197	0.0029	0.0462	0.0268	0.0194	0.0103	0.0095	0.0007	0.0360	0.0173	0.0187
92	112	0.0985	13	2	0	0	1	1	0	0	1	0	0	1	1	0	0	0	0	0	0	Y	N	N	N	N	N	N	N	N	N	N	N	N	N	N	N	N	N	1.1442	0.4527	2941.4651	81.5363	45.4130	inf	0.0481	0.0267	0.0000	0.0055	0.0037	0.0179	0.0880	0.0550	0.4120	0.0003	0.0003	0.0000	0.0048	0.0081	0.0000	0.0011	0.0012	0.0000	0.0060	0.0125	0.0000	0.6982	0.0005	0.0000	-0.0001	1.0091	3.0209	1.9972	2.2550	0.0002	0.0001	0.0001	0.0002	0.0001	0.0001	0.0000	0.0000	0.0000	0.0002	0.0002	0.0000	0.0000	0.0000	0.0000	0.0002	0.0002	0.0000	0.0365	0.0319	0.0046	0.0021	0.0019	0.0002	0.0343	0.0299	0.0044	0.0470	0.0276	0.0194	0.0120	0.0107	0.0013	0.0350	0.0169	0.0181
92	120	0.0889	14	1	0	1	1	0	0	0	1	0	0	2	1	0	0	0	0	0	0	N	N	N	N	Y	N	N	N	N	N	N	N	N	N	N	N	N	N	0.0000	0.0000	0.0000	0.0000	0.0000	0.0000	0.0000	0.0000	0.0000	0.0000	0.0000	0.0000	0.0000	0.0000	0.0000	0.0000	0.0000	0.0000	0.0000	0.0000	0.0000	0.0000	0.0000	0.0000	0.0000	0.0000	0.0000			0.0000	0.0000	1.0091	2.9998	1.9972	1.0000	0.0000	0.0000	0.0000	0.0000	0.0000	0.0000	0.0000	0.0000	0.0000	0.0000	0.0000	0.0000	0.0000	0.0000	0.0000	0.0000	0.0000	0.0000	0.0346	0.0303	0.0043	0.0015	0.0015	0.0001	0.0331	0.0289	0.0042	0.0220	0.0108	0.0112	0.0009	0.0006	0.0002	0.0212	0.0102	0.0110
92	121	0.0889	13	1	0	1	1	0	0	0	1	1	0	2	1	0	0	0	0	0	0	N	N	N	N	Y	N	N	N	N	N	N	N	N	N	N	N	N	N	0.0000	0.0000	0.0000	0.0000	0.0000	0.0000	0.0000	0.0000	0.0000	0.0000	0.0000	0.0000	0.0000	0.0000	0.0000	0.0000	0.0000	0.0000	0.0000	0.0000	0.0000	0.0000	0.0000	0.0000	0.0000	0.0000	0.0000			0.0000	0.0000	1.0091	0.0006	1.9972	0.0007	0.0000	0.0000	0.0000	0.0000	0.0000	0.0000	0.0000	0.0000	0.0000	0.0000	0.0000	0.0000	0.0000	0.0000	0.0000	0.0000	0.0000	0.0000	0.0000	0.0000	0.0000	0.0000	0.0000	0.0000	0.0000	0.0000	0.0000	0.0000	0.0000	0.0000	0.0000	0.0000	0.0000	0.0000	0.0000	0.0000
92	126	0.0921	14	2	0	1	1	0	0	0	1	0	0	1	1	0	0	0	0	0	0	Y	N	N	N	N	N	N	N	N	N	N	N	N	N	N	N	N	N	0.0000	0.0000	0.0000	0.0000	0.0000	0.0000	0.0000	0.0000	0.0000	0.0000	0.0000	0.0000	0.0000	0.0000	0.0000	0.0000	0.0000	0.0000	0.0000	0.0000	0.0000	0.0000	0.0000	0.0000	0.0000	0.0000	0.0000			0.0000	0.0000	1.0091	1.0002	1.9972	2.0058	0.0000	0.0000	0.0000	0.0000	0.0000	0.0000	0.0000	0.0000	0.0000	0.0000	0.0000	0.0000	0.0000	0.0000	0.0000	0.0000	0.0000	0.0000	0.0117	0.0102	0.0015	0.0005	0.0005	0.0000	0.0112	0.0097	0.0014	0.0168	0.0083	0.0085	0.0008	0.0006	0.0002	0.0160	0.0077	0.0083
92	127	0.0955	14	1	0	0	1	0	0	0	1	0	1	1	2	0	0	0	0	0	0	N	N	N	N	N	Y	N	N	N	N	N	N	N	N	N	N	N	N	0.0000	0.0000	0.0000	0.0000	0.0000	0.0000	0.0000	0.0000	0.0000	0.0000	0.0000	0.0000	0.0000	0.0000	0.0000	0.0000	0.0000	0.0000	0.0000	0.0000	0.0000	0.0000	0.0000	0.0000	0.0000	0.0000	0.0000			0.0000	0.0000	1.0091	1.0000	1.9972	2.0000	0.0000	0.0000	0.0000	0.0000	0.0000	0.0000	0.0000	0.0000	0.0000	0.0000	0.0000	0.0000	0.0000	0.0000	0.0000	0.0000	0.0000	0.0000	0.0117	0.0102	0.0015	0.0005	0.0005	0.0000	0.0112	0.0097	0.0014	0.0172	0.0085	0.0086	0.0007	0.0005	0.0002	0.0164	0.0080	0.0085
92	128	0.0954	13	1	0	0	1	0	0	0	1	0	1	1	2	0	0	0	0	0	0	N	N	N	N	N	Y	N	N	N	N	N	N	N	N	N	N	N	N	0.0000	0.0000	0.0000	0.0000	0.0000	0.0000	0.0000	0.0000	0.0000	0.0000	0.0000	0.0000	0.0000	0.0000	0.0000	0.0000	0.0000	0.0000	0.0000	0.0000	0.0000	0.0000	0.0000	0.0000	0.0000	0.0000	0.0000			0.0000	0.0000	1.0091	3.0000	1.9972	2.0000	0.0000	0.0000	0.0000	0.0000	0.0000	0.0000	0.0000	0.0000	0.0000	0.0000	0.0000	0.0000	0.0000	0.0000	0.0000	0.0000	0.0000	0.0000	0.0346	0.0303	0.0043	0.0015	0.0014	0.0001	0.0331	0.0289	0.0042	0.0283	0.0141	0.0142	0.0012	0.0009	0.0003	0.0271	0.0132	0.0139
92	129	0.0987	15	1	0	0	1	0	0	0	1	0	1	1	2	0	0	0	0	0	0	N	N	N	N	N	Y	N	N	N	N	N	N	N	N	N	N	N	N	0.0000	0.0000	0.0000	0.0000	0.0000	0.0000	0.0000	0.0000	0.0000	0.0000	0.0000	0.0000	0.0000	0.0000	0.0000	0.0000	0.0000	0.0000	0.0000	0.0000	0.0000	0.0000	0.0000	0.0000	0.0000	0.0000	0.0000			0.0000	0.0000	1.0091	2.0004	1.9972	1.0045	0.0000	0.0000	0.0000	0.0000	0.0000	0.0000	0.0000	0.0000	0.0000	0.0000	0.0000	0.0000	0.0000	0.0000	0.0000	0.0000	0.0000	0.0000	0.0232	0.0203	0.0029	0.0010	0.0010	0.0001	0.0221	0.0193	0.0028	0.0172	0.0086	0.0086	0.0008	0.0006	0.0002	0.0165	0.0080	0.0085
92	133	0.1125	11	2	0	1	1	0	0	0	1	0	0	2	1	0	0	0	0	0	0	Y	N	N	N	Y	N	N	N	N	N	N	N	N	N	N	N	N	N	0.0000	0.0000	0.0000	0.0000	0.0000	0.0000	0.0000	0.0000	0.0000	0.0000	0.0000	0.0000	0.0000	0.0000	0.0000	0.0000	0.0000	0.0000	0.0000	0.0000	0.0000	0.0000	0.0000	0.0000	0.0000	0.0000	0.0000			0.0000	0.0000	1.0091	0.0000	1.9972	0.0001	0.0000	0.0000	0.0000	0.0000	0.0000	0.0000	0.0000	0.0000	0.0000	0.0000	0.0000	0.0000	0.0000	0.0000	0.0000	0.0000	0.0000	0.0000	0.0000	0.0000	0.0000	0.0000	0.0000	0.0000	0.0000	0.0000	0.0000	0.0000	0.0000	0.0000	0.0000	0.0000	0.0000	0.0000	0.0000	0.0000
92	134	0.0724	10	2	0	1	1	1	0	1	1	1	0	2	1	0	0	0	0	0	0	Y	N	N	N	Y	N	N	N	N	N	N	N	N	N	N	N	N	N	0.0000	0.0000	0.0000	0.0000	0.0000	0.0000	0.0000	0.0000	0.0000	0.0000	0.0000	0.0000	0.0000	0.0000	0.0000	0.0000	0.0000	0.0000	0.0000	0.0000	0.0000	0.0000	0.0000	0.0000	0.0000	0.0000	0.0000			0.0000	0.0000	1.0091	4.0005	1.9972	6.9251	0.0000	0.0000	0.0000	0.0000	0.0000	0.0000	0.0000	0.0000	0.0000	0.0000	0.0000	0.0000	0.0000	0.0000	0.0000	0.0000	0.0000	0.0000	0.0469	0.0411	0.0059	0.0012	0.0012	0.0000	0.0457	0.0399	0.0058	0.0629	0.0313	0.0315	0.0029	0.0025	0.0004	0.0600	0.0288	0.0311
92	135	0.1050	15	2	0	1	1	0	0	0	1	0	0	2	1	0	0	0	0	0	0	Y	N	N	N	Y	N	N	N	N	N	N	N	N	N	N	N	N	N	0.0000	0.0000	0.0000	0.0000	0.0000	0.0000	0.0000	0.0000	0.0000	0.0000	0.0000	0.0000	0.0000	0.0000	0.0000	0.0000	0.0000	0.0000	0.0003	0.0000	0.0007	0.0000	0.0000	0.0000	0.0004	0.0000	0.0007		inf	0.0000	0.0000	1.0091	0.9923	1.9972	0.0060	0.0000	0.0000	0.0000	0.0000	0.0000	0.0000	0.0000	0.0000	0.0000	0.0000	0.0000	0.0000	0.0000	0.0000	0.0000	0.0000	0.0000	0.0000	0.0118	0.0103	0.0015	0.0007	0.0007	0.0000	0.0111	0.0096	0.0014	0.0054	0.0027	0.0027	0.0003	0.0003	0.0001	0.0051	0.0024	0.0026
92	136	0.0921	14	2	0	1	1	0	0	0	1	1	0	2	1	0	0	0	0	0	0	Y	N	N	N	Y	N	N	N	N	N	N	N	N	N	N	N	N	N	0.0000	0.0000	0.0000	0.0000	0.0000	0.0000	0.0000	0.0000	0.0000	0.0000	0.0000	0.0000	0.0000	0.0000	0.0000	0.0000	0.0000	0.0000	0.0001	0.0002	0.0000	0.0018	0.0023	0.0000	0.0000	0.0000	0.0000		0.0000	0.0000	-0.0000	1.0091	2.0106	1.9972	2.0023	0.0000	0.0000	0.0000	0.0000	0.0000	0.0000	0.0000	0.0000	0.0000	0.0000	0.0000	0.0000	0.0000	0.0000	0.0000	0.0000	0.0000	0.0000	0.0233	0.0204	0.0029	0.0010	0.0010	0.0001	0.0222	0.0194	0.0028	0.0222	0.0110	0.0112	0.0010	0.0008	0.0002	0.0212	0.0102	0.0110
92	137	0.0889	13	2	0	1	1	1	0	0	1	0	0	1	1	0	0	0	0	0	0	Y	N	N	N	N	N	N	N	N	N	N	N	N	N	N	N	N	N	0.0000	0.0000	0.0000	0.0000	0.0000	0.0000	0.0000	0.0000	0.0000	0.0000	0.0000	0.0000	0.0000	0.0000	0.0000	0.0000	0.0000	0.0000	0.0000	0.0000	0.0000	0.0000	0.0000	0.0000	0.0000	0.0000	0.0000			0.0000	0.0000	1.0091	0.0008	1.9972	1.0019	0.0000	0.0000	0.0000	0.0000	0.0000	0.0000	0.0000	0.0000	0.0000	0.0000	0.0000	0.0000	0.0000	0.0000	0.0000	0.0000	0.0000	0.0000	0.0000	0.0000	0.0000	0.0000	0.0000	0.0000	0.0000	0.0000	0.0000	0.0056	0.0028	0.0029	0.0002	0.0002	0.0001	0.0054	0.0026	0.0028
93	99	0.0487	7	2	0	1	0	1	0	1	0	0	1	1	1	0	0	0	0	0	0	Y	N	N	N	N	N	N	N	N	N	N	N	N	N	N	N	N	N	0.0001	0.0018	0.0000	0.0150	0.0134	0.0000	0.0000	0.0000	0.0000	0.0000	0.0000	0.0000	0.0002	0.0002	0.0000	0.0000	0.0000	0.0000	0.0132	0.0010	0.0250	0.0101	0.0119	0.0000	0.0133	0.0007	0.0251	0.0000	25.8572	-0.0000	0.0006	2.0083	5.0000	3.0031	11.0015	0.0000	0.0000	0.0000	0.0000	0.0000	0.0000	0.0000	0.0000	0.0000	0.0019	0.0001	0.0018	0.0000	0.0000	0.0000	0.0019	0.0000	0.0018	0.1137	0.0994	0.0144	0.0011	0.0011	0.0001	0.1126	0.0983	0.0143	0.1423	0.0698	0.0725	0.0020	0.0017	0.0003	0.1403	0.0682	0.0722
93	100	0.1295	17	2	0	1	0	0	0	0	0	0	1	1	1	0	0	0	0	0	0	Y	N	N	N	N	N	N	N	N	N	N	N	N	N	N	N	N	N	0.0000	0.0114	0.0000	0.0000	0.0000	0.0000	0.0001	inf	0.0000	0.0000	0.0000	0.0000	0.0000	0.0000	0.0000	0.0000	0.0000	0.0000	0.0009	0.0000	0.0020	0.0020	0.0000	0.0144	0.0006	0.0000	0.0013	0.0000	425.0438	-0.0000	0.0000	2.0083	2.0003	3.0031	3.6794	0.0000	0.0000	0.0000	0.0000	0.0000	0.0000	0.0000	0.0000	0.0000	0.0001	0.0000	0.0000	0.0000	0.0000	0.0000	0.0000	0.0000	0.0000	0.0467	0.0410	0.0058	0.0032	0.0030	0.0002	0.0436	0.0380	0.0056	0.0574	0.0322	0.0252	0.0101	0.0087	0.0014	0.0473	0.0235	0.0238
93	101	0.1189	16	2	0	1	0	1	0	1	0	0	1	1	1	0	0	0	0	0	0	Y	N	N	N	N	N	N	N	N	N	N	N	N	N	N	N	N	N	1.1250	0.6708	0.0000	0.0141	0.0119	0.0000	671.0973	3108.9281	0.0000	0.0018	0.0020	0.0000	0.0002	0.0002	0.0000	0.0028	0.0035	0.0000	0.0016	0.0030	0.0000	0.0131	0.0158	0.0000	0.0000	0.0000	0.0000	0.0000	0.0021	-0.0000	-0.0000	2.0083	0.0087	3.0031	3.3708	0.0000	0.0000	0.0000	0.0000	0.0000	0.0000	0.0000	0.0000	0.0000	0.0001	0.0000	0.0000	0.0000	0.0000	0.0000	0.0000	0.0000	0.0000	0.0008	0.0007	0.0001	0.0003	0.0003	0.0000	0.0005	0.0004	0.0001	0.0315	0.0166	0.0149	0.0038	0.0032	0.0006	0.0277	0.0134	0.0142
93	106	0.0324	7	2	0	1	0	0	0	1	0	0	1	1	1	0	0	0	0	0	0	Y	N	N	N	N	N	N	N	N	N	N	N	N	N	N	N	N	N	0.0000	0.0000	0.0000	0.0000	0.0000	0.0000	0.0000	0.0000	0.0000	0.0000	0.0000	0.0000	0.0000	0.0000	0.0000	0.0000	0.0000	0.0000	13.2135	0.0005	25.7111	0.0001	0.0000	0.0002	13.4703	0.0006	25.9381		50037.1349	0.0000	0.3814	2.0083	3.0043	3.0031	5.0032	0.0000	0.0000	0.0000	0.0000	0.0000	0.0000	0.0000	0.0000	0.0000	1.0014	0.0000	1.0014	0.0000	0.0000	0.0000	1.0014	0.0000	1.0014	0.0695	0.0607	0.0088	0.0007	0.0006	0.0000	0.0689	0.0601	0.0088	0.0758	0.0368	0.0389	0.0014	0.0011	0.0003	0.0743	0.0357	0.0386
93	107	0.0259	6	2	0	0	0	0	0	0	0	0	1	1	1	0	0	0	0	0	0	Y	N	N	N	N	N	N	N	N	N	N	N	N	N	N	N	N	N	0.0000	0.0000	0.0000	0.0000	0.0000	0.0000	0.0000	0.0000	0.0000	0.0000	0.0000	0.0000	0.0000	0.0000	0.0000	0.0000	0.0000	0.0000	0.0207	0.0000	0.0399	0.0000	0.0000	0.0000	0.0207	0.0000	0.0399		5222.3110	0.0000	0.0002	2.0083	1.0015	3.0031	0.9989	0.0000	0.0000	0.0000	0.0000	0.0000	0.0000	0.0000	0.0000	0.0000	0.0004	0.0000	0.0004	0.0000	0.0000	0.0000	0.0004	0.0000	0.0004	0.0234	0.0204	0.0030	0.0002	0.0002	0.0000	0.0232	0.0203	0.0030	0.0194	0.0093	0.0101	0.0000	0.0000	0.0000	0.0194	0.0093	0.0101
93	108	0.0227	5	2	0	0	0	0	0	0	0	0	1	1	1	0	0	0	0	0	0	Y	N	N	N	N	N	N	N	N	N	N	N	N	N	N	N	N	N	0.0000	0.0000	0.0000	0.0000	0.0000	0.0000	0.0000	0.0000	0.0000	0.0000	0.0000	0.0000	0.0000	0.0000	0.0000	0.0000	0.0000	0.0000	0.0112	0.0235	0.0000	12.1349	12.1437	0.0000	0.0000	0.0000	0.0000		0.0000	0.0000	-0.0001	2.0083	1.0004	3.0031	0.0020	0.0000	0.0000	0.0000	0.0000	0.0000	0.0000	0.0000	0.0000	0.0000	0.0001	0.0001	0.0000	0.0001	0.0001	0.0000	0.0000	0.0000	0.0000	0.0233	0.0204	0.0030	0.0002	0.0001	0.0000	0.0232	0.0202	0.0030	0.0098	0.0047	0.0051	0.0000	0.0000	0.0000	0.0098	0.0047	0.0051
93	110	0.1240	14	2	0	1	0	0	0	0	0	0	1	1	1	0	0	0	0	0	0	Y	N	N	N	N	N	N	N	N	N	N	N	N	N	N	N	N	N	17.0900	189.0516	0.0000	1638.3790	205823.7948	0.0000	0.9821	10.2133	0.0000	0.0856	0.0977	0.0000	1.6593	1.7561	0.0000	0.0053	0.0061	0.0000	0.0050	0.0005	0.0099	0.0010	0.0000	0.0046	0.0054	0.0006	0.0101	0.0000	17.6113	-0.0031	0.0002	2.0083	7.0195	3.0031	5.1243	0.0133	0.0133	0.0000	0.0125	0.0125	0.0000	0.0008	0.0008	0.0000	0.0006	0.0000	0.0005	0.0000	0.0000	0.0000	0.0005	0.0000	0.0005	0.1553	0.1360	0.0193	0.0075	0.0071	0.0004	0.1478	0.1289	0.0188	0.1117	0.0582	0.0535	0.0099	0.0077	0.0022	0.1018	0.0504	0.0513
93	111	0.1015	13	2	0	1	0	0	0	1	0	0	1	1	1	0	0	0	0	0	0	Y	N	N	N	N	N	N	N	N	N	N	N	N	N	N	N	N	N	0.9395	2.7339	0.0000	70.5878	72.7651	0.0350	0.2578	0.7299	0.0000	0.1731	0.1978	0.0000	2.5838	2.7283	0.0008	0.0579	0.0664	0.0000	0.1842	0.0724	0.3392	0.0366	0.0375	0.0218	0.2245	0.0910	0.3487	0.0000	3.3841	-0.0019	0.0021	2.0083	2.0281	3.0031	3.4706	0.0081	0.0081	0.0000	0.0055	0.0055	0.0000	0.0026	0.0026	0.0000	0.0140	0.0032	0.0108	0.0006	0.0006	0.0000	0.0134	0.0026	0.0108	0.0469	0.0410	0.0059	0.0021	0.0020	0.0001	0.0448	0.0390	0.0058	0.0757	0.0440	0.0318	0.0162	0.0153	0.0009	0.0595	0.0287	0.0308
93	112	0.0881	12	2	0	0	0	1	0	0	0	0	1	1	1	0	0	0	0	0	0	Y	N	N	N	N	N	N	N	N	N	N	N	N	N	N	N	N	N	1.1988	0.8049	0.0000	0.0561	0.0560	0.0000	0.9807	0.5458	0.0000	14.0848	16.0994	0.0000	0.0374	0.0394	0.0000	14.5952	16.7339	0.0000	11.7491	20.0017	0.0032	0.6665	0.7030	0.0000	14.8819	30.6578	0.0033	0.0000	0.0001	-0.2300	-0.5506	2.0083	3.0209	3.0031	2.2550	0.9965	0.9965	0.0000	0.0001	0.0001	0.0000	0.9964	0.9964	0.0000	0.8894	0.8893	0.0001	0.0111	0.0111	0.0000	0.8783	0.8782	0.0001	0.0707	0.0619	0.0089	0.0025	0.0024	0.0001	0.0683	0.0595	0.0087	0.0757	0.0445	0.0312	0.0167	0.0158	0.0009	0.0590	0.0286	0.0304
93	120	0.0785	13	1	0	1	0	0	0	0	0	0	1	2	1	0	0	0	0	0	0	N	N	N	N	Y	N	N	N	N	N	N	N	N	N	N	N	N	N	0.0000	0.0000	0.0000	0.0000	0.0000	0.0000	0.0000	0.0000	0.0000	0.0000	0.0000	0.0000	0.0000	0.0000	0.0000	0.0000	0.0000	0.0000	0.0000	0.0000	0.0000	0.0000	0.0000	0.0000	0.0000	0.0000	0.0000			0.0000	0.0000	2.0083	2.9998	3.0031	1.0000	0.0000	0.0000	0.0000	0.0000	0.0000	0.0000	0.0000	0.0000	0.0000	0.0000	0.0000	0.0000	0.0000	0.0000	0.0000	0.0000	0.0000	0.0000	0.0678	0.0593	0.0085	0.0022	0.0020	0.0001	0.0657	0.0573	0.0084	0.0362	0.0177	0.0185	0.0009	0.0007	0.0002	0.0353	0.0169	0.0184
93	121	0.0785	12	1	0	1	0	0	0	0	0	1	1	2	1	0	0	0	0	0	0	N	N	N	N	Y	N	N	N	N	N	N	N	N	N	N	N	N	N	0.0000	0.0000	0.0000	0.0000	0.0000	0.0000	0.0000	0.0000	0.0000	0.0000	0.0000	0.0000	0.0000	0.0000	0.0000	0.0000	0.0000	0.0000	0.0000	0.0000	0.0000	0.0000	0.0000	0.0000	0.0000	0.0000	0.0000			0.0000	0.0000	2.0083	0.0006	3.0031	0.0007	0.0000	0.0000	0.0000	0.0000	0.0000	0.0000	0.0000	0.0000	0.0000	0.0000	0.0000	0.0000	0.0000	0.0000	0.0000	0.0000	0.0000	0.0000	0.0000	0.0000	0.0000	0.0000	0.0000	0.0000	0.0000	0.0000	0.0000	0.0000	0.0000	0.0000	0.0000	0.0000	0.0000	0.0000	0.0000	0.0000
93	126	0.0817	13	2	0	1	0	0	0	0	0	0	1	1	1	0	0	0	0	0	0	Y	N	N	N	N	N	N	N	N	N	N	N	N	N	N	N	N	N	0.0000	0.0000	0.0000	0.0000	0.0000	0.0000	0.0000	0.0000	0.0000	0.0000	0.0000	0.0000	0.0000	0.0000	0.0000	0.0000	0.0000	0.0000	0.0000	0.0000	0.0000	0.0000	0.0000	0.0000	0.0000	0.0000	0.0000			0.0000	0.0000	2.0083	1.0002	3.0031	2.0058	0.0000	0.0000	0.0000	0.0000	0.0000	0.0000	0.0000	0.0000	0.0000	0.0000	0.0000	0.0000	0.0000	0.0000	0.0000	0.0000	0.0000	0.0000	0.0229	0.0200	0.0029	0.0007	0.0007	0.0000	0.0222	0.0193	0.0028	0.0276	0.0136	0.0141	0.0009	0.0008	0.0001	0.0267	0.0128	0.0139
93	127	0.0850	13	1	0	0	0	0	0	0	0	0	2	1	2	0	0	0	0	0	0	N	N	N	N	N	Y	N	N	N	N	N	N	N	N	N	N	N	N	0.0000	0.0000	0.0000	0.0000	0.0000	0.0000	0.0000	0.0000	0.0000	0.0000	0.0000	0.0000	0.0000	0.0000	0.0000	0.0000	0.0000	0.0000	0.0000	0.0000	0.0000	0.0000	0.0000	0.0000	0.0000	0.0000	0.0000			0.0000	0.0000	2.0083	1.0000	3.0031	2.0000	0.0000	0.0000	0.0000	0.0000	0.0000	0.0000	0.0000	0.0000	0.0000	0.0000	0.0000	0.0000	0.0000	0.0000	0.0000	0.0000	0.0000	0.0000	0.0229	0.0200	0.0029	0.0007	0.0006	0.0000	0.0222	0.0193	0.0028	0.0282	0.0139	0.0143	0.0008	0.0006	0.0002	0.0274	0.0133	0.0141
93	128	0.0850	12	1	0	0	0	0	0	0	0	0	2	1	2	0	0	0	0	0	0	N	N	N	N	N	Y	N	N	N	N	N	N	N	N	N	N	N	N	0.0000	0.0000	0.0000	0.0000	0.0000	0.0000	0.0000	0.0000	0.0000	0.0000	0.0000	0.0000	0.0000	0.0000	0.0000	0.0000	0.0000	0.0000	0.0000	0.0000	0.0000	0.0000	0.0000	0.0000	0.0000	0.0000	0.0000			0.0000	0.0000	2.0083	3.0000	3.0031	2.0000	0.0000	0.0000	0.0000	0.0000	0.0000	0.0000	0.0000	0.0000	0.0000	0.0000	0.0000	0.0000	0.0000	0.0000	0.0000	0.0000	0.0000	0.0000	0.0677	0.0592	0.0085	0.0021	0.0019	0.0001	0.0657	0.0573	0.0084	0.0465	0.0230	0.0236	0.0013	0.0010	0.0003	0.0452	0.0219	0.0233
93	129	0.0883	14	1	0	0	0	0	0	0	0	0	2	1	2	0	0	0	0	0	0	N	N	N	N	N	Y	N	N	N	N	N	N	N	N	N	N	N	N	0.0000	0.0000	0.0000	0.0000	0.0000	0.0000	0.0000	0.0000	0.0000	0.0000	0.0000	0.0000	0.0000	0.0000	0.0000	0.0000	0.0000	0.0000	0.0025	0.0043	0.0007	0.0000	0.0000	0.0000	0.0025	0.0045	0.0007		0.1667	0.0000	-0.0000	2.0083	2.0004	3.0031	1.0045	0.0000	0.0000	0.0000	0.0000	0.0000	0.0000	0.0000	0.0000	0.0000	0.0001	0.0001	0.0000	0.0000	0.0000	0.0000	0.0001	0.0001	0.0000	0.0454	0.0397	0.0057	0.0014	0.0013	0.0001	0.0440	0.0383	0.0056	0.0283	0.0140	0.0143	0.0009	0.0007	0.0002	0.0274	0.0133	0.0141
93	133	0.1021	10	2	0	1	0	0	0	0	0	0	1	2	1	0	0	0	0	0	0	Y	N	N	N	Y	N	N	N	N	N	N	N	N	N	N	N	N	N	0.0000	0.0000	0.0000	0.0000	0.0000	0.0000	0.0000	0.0000	0.0000	0.0000	0.0000	0.0000	0.0000	0.0000	0.0000	0.0000	0.0000	0.0000	0.0000	0.0000	0.0000	0.0000	0.0000	0.0000	0.0000	0.0000	0.0000			0.0000	0.0000	2.0083	0.0000	3.0031	0.0001	0.0000	0.0000	0.0000	0.0000	0.0000	0.0000	0.0000	0.0000	0.0000	0.0000	0.0000	0.0000	0.0000	0.0000	0.0000	0.0000	0.0000	0.0000	0.0000	0.0000	0.0000	0.0000	0.0000	0.0000	0.0000	0.0000	0.0000	0.0000	0.0000	0.0000	0.0000	0.0000	0.0000	0.0000	0.0000	0.0000
93	134	0.0620	9	2	0	1	0	1	0	1	0	1	1	2	1	0	0	0	0	0	0	Y	N	N	N	Y	N	N	N	N	N	N	N	N	N	N	N	N	N	0.0000	0.0000	0.0000	0.0000	0.0000	0.0000	0.0000	0.0000	0.0000	0.0000	0.0000	0.0000	0.0000	0.0000	0.0000	0.0000	0.0000	0.0000	0.0000	0.0000	0.0000	0.0000	0.0000	0.0000	0.0000	0.0000	0.0000			0.0000	0.0000	2.0083	4.0005	3.0031	6.9251	0.0000	0.0000	0.0000	0.0000	0.0000	0.0000	0.0000	0.0000	0.0000	0.0000	0.0000	0.0000	0.0000	0.0000	0.0000	0.0000	0.0000	0.0000	0.0919	0.0803	0.0116	0.0012	0.0012	0.0001	0.0907	0.0792	0.0115	0.1034	0.0512	0.0522	0.0035	0.0032	0.0002	0.0999	0.0480	0.0520
93	135	0.0946	14	2	0	1	0	0	0	0	0	0	1	2	1	0	0	0	0	0	0	Y	N	N	N	Y	N	N	N	N	N	N	N	N	N	N	N	N	N	0.0000	0.0000	0.0000	0.0000	0.0000	0.0000	0.0000	0.0000	0.0000	0.0000	0.0000	0.0000	0.0000	0.0000	0.0000	0.0000	0.0000	0.0000	0.1701	0.0000	0.3401	0.0000	0.0000	0.0000	0.1786	0.0000	0.3439		inf	0.0000	0.0006	2.0083	0.9923	3.0031	0.0060	0.0000	0.0000	0.0000	0.0000	0.0000	0.0000	0.0000	0.0000	0.0000	0.0015	0.0000	0.0015	0.0000	0.0000	0.0000	0.0015	0.0000	0.0015	0.0230	0.0202	0.0029	0.0011	0.0010	0.0001	0.0219	0.0191	0.0028	0.0089	0.0044	0.0044	0.0004	0.0004	0.0000	0.0084	0.0041	0.0044
93	136	0.0817	13	2	0	1	0	0	0	0	0	1	1	2	1	0	0	0	0	0	0	Y	N	N	N	Y	N	N	N	N	N	N	N	N	N	N	N	N	N	0.0000	0.0000	0.0000	0.0000	0.0000	0.0000	0.0000	0.0000	0.0000	0.0000	0.0000	0.0000	0.0000	0.0000	0.0000	0.0000	0.0000	0.0000	0.0413	0.0843	0.0000	1.2917	1.5492	0.0000	0.0000	0.0000	0.0000		0.0000	0.0000	-0.0009	2.0083	2.0106	3.0031	2.0023	0.0000	0.0000	0.0000	0.0000	0.0000	0.0000	0.0000	0.0000	0.0000	0.0015	0.0015	0.0000	0.0015	0.0015	0.0000	0.0000	0.0000	0.0000	0.0456	0.0399	0.0057	0.0014	0.0014	0.0001	0.0441	0.0385	0.0056	0.0365	0.0179	0.0186	0.0012	0.0010	0.0002	0.0353	0.0169	0.0184
93	137	0.0785	12	2	0	1	0	1	0	0	0	0	1	1	1	0	0	0	0	0	0	Y	N	N	N	N	N	N	N	N	N	N	N	N	N	N	N	N	N	0.0000	0.0000	0.0000	0.0000	0.0000	0.0000	0.0000	0.0000	0.0000	0.0000	0.0000	0.0000	0.0000	0.0000	0.0000	0.0000	0.0000	0.0000	0.0000	0.0000	0.0000	0.0000	0.0000	0.0000	0.0000	0.0000	0.0000			0.0000	0.0000	2.0083	0.0008	3.0031	1.0019	0.0000	0.0000	0.0000	0.0000	0.0000	0.0000	0.0000	0.0000	0.0000	0.0000	0.0000	0.0000	0.0000	0.0000	0.0000	0.0000	0.0000	0.0000	0.0000	0.0000	0.0000	0.0000	0.0000	0.0000	0.0000	0.0000	0.0000	0.0092	0.0045	0.0047	0.0002	0.0002	0.0000	0.0090	0.0043	0.0047
94	99	0.0324	6	2	0	1	0	1	0	1	0	0	0	1	0	0	0	0	0	0	0	Y	N	N	N	N	N	N	N	N	N	N	N	N	N	N	N	N	N	0.0000	0.0000	0.0000	0.0000	0.0000	0.0000	0.0000	0.0000	0.0000	0.0000	0.0000	0.0000	0.0000	0.0000	0.0000	0.0000	0.0000	0.0000	3.1391	2.4199	4.4665	5.8930	5.9152	0.0000	2.1393	0.0000	4.4792		1.0000	0.0000	-0.0000	0.0000	5.0000	0.0002	11.0015	0.0000	0.0000	0.0000	0.0000	0.0000	0.0000	0.0000	0.0000	0.0000	0.0000	0.0000	0.0000	0.0000	0.0000	0.0000	0.0000	0.0000	0.0000	0.0000	0.0000	0.0000	0.0000	0.0000	0.0000	0.0000	0.0000	0.0000	0.0000	0.0000	0.0000	0.0000	0.0000	0.0000	0.0000	0.0000	0.0000
94	100	0.1132	16	2	0	1	0	0	0	0	0	0	0	1	0	0	0	0	0	0	0	Y	N	N	N	N	N	N	N	N	N	N	N	N	N	N	N	N	N	0.0000	0.0000	0.0000	0.0000	0.0000	0.0000	0.0000	0.0000	0.0000	0.0000	0.0000	0.0000	0.0000	0.0000	0.0000	0.0000	0.0000	0.0000	0.0014	0.0010	0.0021	0.0031	0.0021	0.0293	0.0005	0.0000	0.0010		1.0000	0.0000	-0.0000	0.0000	2.0003	0.0002	3.6794	0.0000	0.0000	0.0000	0.0000	0.0000	0.0000	0.0000	0.0000	0.0000	0.0000	0.0000	0.0000	0.0000	0.0000	0.0000	0.0000	0.0000	0.0000	0.0000	0.0000	0.0000	0.0000	0.0000	0.0000	0.0000	0.0000	0.0000	0.0000	0.0000	0.0000	0.0000	0.0000	0.0000	0.0000	0.0000	0.0000
94	101	0.1026	15	2	0	1	0	1	0	1	0	0	0	1	0	0	0	0	0	0	0	Y	N	N	N	N	N	N	N	N	N	N	N	N	N	N	N	N	N	0.0000	0.0000	0.0000	0.0000	0.0000	0.0000	0.0000	0.0000	0.0000	0.0000	0.0000	0.0000	0.0000	0.0000	0.0000	0.0000	0.0000	0.0000	0.0024	0.0027	0.0017	0.0037	0.0038	0.0000	0.0018	0.0018	0.0017		0.3077	0.0000	-0.0000	0.0000	0.0087	0.0002	3.3708	0.0000	0.0000	0.0000	0.0000	0.0000	0.0000	0.0000	0.0000	0.0000	0.0000	0.0000	0.0000	0.0000	0.0000	0.0000	0.0000	0.0000	0.0000	0.0000	0.0000	0.0000	0.0000	0.0000	0.0000	0.0000	0.0000	0.0000	0.0000	0.0000	0.0000	0.0000	0.0000	0.0000	0.0000	0.0000	0.0000
94	106	0.0161	6	2	0	1	0	0	0	1	0	0	0	1	0	0	0	0	0	0	0	Y	N	N	N	N	N	N	N	N	N	N	N	N	N	N	N	N	N	0.0000	0.0000	0.0000	0.0000	0.0000	0.0000	0.0000	0.0000	0.0000	0.0000	0.0000	0.0000	0.0000	0.0000	0.0000	0.0000	0.0000	0.0000	2.9197	2.2882	4.0327	5.3885	5.4319	0.0000	2.0023	0.0000	4.0569		1.0000	0.0000	-0.0000	0.0000	3.0043	0.0002	5.0032	0.0000	0.0000	0.0000	0.0000	0.0000	0.0000	0.0000	0.0000	0.0000	0.0000	0.0000	0.0000	0.0000	0.0000	0.0000	0.0000	0.0000	0.0000	0.0000	0.0000	0.0000	0.0000	0.0000	0.0000	0.0000	0.0000	0.0000	0.0000	0.0000	0.0000	0.0000	0.0000	0.0000	0.0000	0.0000	0.0000
94	107	0.0096	5	2	0	0	0	0	0	0	0	0	0	1	0	0	0	0	0	0	0	Y	N	N	N	N	N	N	N	N	N	N	N	N	N	N	N	N	N	0.0000	0.0000	0.0000	0.0000	0.0000	0.0000	0.0000	0.0000	0.0000	0.0000	0.0000	0.0000	0.0000	0.0000	0.0000	0.0000	0.0000	0.0000	0.0046	0.0036	0.0063	0.0087	0.0087	0.0000	0.0031	0.0000	0.0063		1.0000	0.0000	-0.0000	0.0000	1.0015	0.0002	0.9989	0.0000	0.0000	0.0000	0.0000	0.0000	0.0000	0.0000	0.0000	0.0000	0.0000	0.0000	0.0000	0.0000	0.0000	0.0000	0.0000	0.0000	0.0000	0.0000	0.0000	0.0000	0.0000	0.0000	0.0000	0.0000	0.0000	0.0000	0.0000	0.0000	0.0000	0.0000	0.0000	0.0000	0.0000	0.0000	0.0000
94	108	0.0064	4	2	0	0	0	0	0	0	0	0	0	1	0	0	0	0	0	0	0	Y	N	N	N	N	N	N	N	N	N	N	N	N	N	N	N	N	N	0.0000	0.0000	0.0000	0.0000	0.0000	0.0000	0.0000	0.0000	0.0000	0.0000	0.0000	0.0000	0.0000	0.0000	0.0000	0.0000	0.0000	0.0000	0.0025	0.0020	0.0034	0.0047	0.0047	0.0000	0.0017	0.0000	0.0034		1.0000	0.0000	-0.0000	0.0000	1.0004	0.0002	0.0020	0.0000	0.0000	0.0000	0.0000	0.0000	0.0000	0.0000	0.0000	0.0000	0.0000	0.0000	0.0000	0.0000	0.0000	0.0000	0.0000	0.0000	0.0000	0.0000	0.0000	0.0000	0.0000	0.0000	0.0000	0.0000	0.0000	0.0000	0.0000	0.0000	0.0000	0.0000	0.0000	0.0000	0.0000	0.0000	0.0000
94	110	0.1078	13	2	0	1	0	0	0	0	0	0	0	1	0	0	0	0	0	0	0	Y	N	N	N	N	N	N	N	N	N	N	N	N	N	N	N	N	N	0.0000	0.0000	0.0000	0.0000	0.0000	0.0000	0.0000	0.0000	0.0000	0.0000	0.0000	0.0000	0.0000	0.0000	0.0000	0.0000	0.0000	0.0000	0.0013	0.0011	0.0018	0.0019	0.0021	0.0000	0.0010	0.0000	0.0019		0.8356	0.0000	-0.0000	0.0000	7.0195	0.0002	5.1243	0.0000	0.0000	0.0000	0.0000	0.0000	0.0000	0.0000	0.0000	0.0000	0.0000	0.0000	0.0000	0.0000	0.0000	0.0000	0.0000	0.0000	0.0000	0.0000	0.0000	0.0000	0.0000	0.0000	0.0000	0.0000	0.0000	0.0000	0.0000	0.0000	0.0000	0.0000	0.0000	0.0000	0.0000	0.0000	0.0000
94	111	0.0853	12	2	0	1	0	0	0	1	0	0	0	1	0	0	0	0	0	0	0	Y	N	N	N	N	N	N	N	N	N	N	N	N	N	N	N	N	N	0.0000	0.0000	0.0000	0.0000	0.0000	0.0000	0.0000	0.0000	0.0000	0.0000	0.0000	0.0000	0.0000	0.0000	0.0000	0.0000	0.0000	0.0000	0.0538	0.0540	0.0534	0.0674	0.0722	0.0000	0.0447	0.0307	0.0579		0.4980	0.0000	-0.0000	0.0000	2.0281	0.0002	3.4706	0.0000	0.0000	0.0000	0.0000	0.0000	0.0000	0.0000	0.0000	0.0000	0.0000	0.0000	0.0000	0.0000	0.0000	0.0000	0.0000	0.0000	0.0000	0.0000	0.0000	0.0000	0.0000	0.0000	0.0000	0.0000	0.0000	0.0000	0.0000	0.0000	0.0000	0.0000	0.0000	0.0000	0.0000	0.0000	0.0000
94	112	0.0718	11	2	0	0	0	1	0	0	0	0	0	1	0	0	0	0	0	0	0	Y	N	N	N	N	N	N	N	N	N	N	N	N	N	N	N	N	N	0.0000	0.0000	0.0000	0.0000	0.0000	0.0000	0.0000	0.0000	0.0000	0.0000	0.0000	0.0000	0.0000	0.0000	0.0000	0.0000	0.0000	0.0000	2.5671	3.5583	0.0297	2.1974	2.9721	0.0030	3.0867	4.4399	0.0614		0.0033	0.0000	-0.0000	0.0000	3.0209	0.0002	2.2550	0.0000	0.0000	0.0000	0.0000	0.0000	0.0000	0.0000	0.0000	0.0000	0.0000	0.0000	0.0000	0.0000	0.0000	0.0000	0.0000	0.0000	0.0000	0.0000	0.0000	0.0000	0.0000	0.0000	0.0000	0.0000	0.0000	0.0000	0.0000	0.0000	0.0000	0.0000	0.0000	0.0000	0.0000	0.0000	0.0000
94	120	0.0622	12	1	0	1	0	0	0	0	0	0	0	2	0	0	0	0	0	0	0	N	N	N	N	Y	N	N	N	N	N	N	N	N	N	N	N	N	N	0.0000	0.0000	0.0000	0.0000	0.0000	0.0000	0.0000	0.0000	0.0000	0.0000	0.0000	0.0000	0.0000	0.0000	0.0000	0.0000	0.0000	0.0000	0.0000	0.0000	0.0000	0.0000	0.0000	0.0000	0.0000	0.0000	0.0000			0.0000	0.0000	0.0000	2.9998	0.0002	1.0000	0.0000	0.0000	0.0000	0.0000	0.0000	0.0000	0.0000	0.0000	0.0000	0.0000	0.0000	0.0000	0.0000	0.0000	0.0000	0.0000	0.0000	0.0000	0.0000	0.0000	0.0000	0.0000	0.0000	0.0000	0.0000	0.0000	0.0000	0.0000	0.0000	0.0000	0.0000	0.0000	0.0000	0.0000	0.0000	0.0000
94	121	0.0622	11	1	0	1	0	0	0	0	0	1	0	2	0	0	0	0	0	0	0	N	N	N	N	Y	N	N	N	N	N	N	N	N	N	N	N	N	N	0.0000	0.0000	0.0000	0.0000	0.0000	0.0000	0.0000	0.0000	0.0000	0.0000	0.0000	0.0000	0.0000	0.0000	0.0000	0.0000	0.0000	0.0000	0.0000	0.0000	0.0000	0.0000	0.0000	0.0000	0.0000	0.0000	0.0000			0.0000	0.0000	0.0000	0.0006	0.0002	0.0007	0.0000	0.0000	0.0000	0.0000	0.0000	0.0000	0.0000	0.0000	0.0000	0.0000	0.0000	0.0000	0.0000	0.0000	0.0000	0.0000	0.0000	0.0000	0.0000	0.0000	0.0000	0.0000	0.0000	0.0000	0.0000	0.0000	0.0000	0.0000	0.0000	0.0000	0.0000	0.0000	0.0000	0.0000	0.0000	0.0000
94	126	0.0654	12	2	0	1	0	0	0	0	0	0	0	1	0	0	0	0	0	0	0	Y	N	N	N	N	N	N	N	N	N	N	N	N	N	N	N	N	N	0.0000	0.0000	0.0000	0.0000	0.0000	0.0000	0.0000	0.0000	0.0000	0.0000	0.0000	0.0000	0.0000	0.0000	0.0000	0.0000	0.0000	0.0000	0.0000	0.0000	0.0000	0.0000	0.0000	0.0000	0.0000	0.0000	0.0000			0.0000	0.0000	0.0000	1.0002	0.0002	2.0058	0.0000	0.0000	0.0000	0.0000	0.0000	0.0000	0.0000	0.0000	0.0000	0.0000	0.0000	0.0000	0.0000	0.0000	0.0000	0.0000	0.0000	0.0000	0.0000	0.0000	0.0000	0.0000	0.0000	0.0000	0.0000	0.0000	0.0000	0.0000	0.0000	0.0000	0.0000	0.0000	0.0000	0.0000	0.0000	0.0000
94	133	0.0858	9	2	0	1	0	0	0	0	0	0	0	2	0	0	0	0	0	0	0	Y	N	N	N	Y	N	N	N	N	N	N	N	N	N	N	N	N	N	0.0000	0.0000	0.0000	0.0000	0.0000	0.0000	0.0000	0.0000	0.0000	0.0000	0.0000	0.0000	0.0000	0.0000	0.0000	0.0000	0.0000	0.0000	0.0000	0.0000	0.0000	0.0000	0.0000	0.0000	0.0000	0.0000	0.0000			0.0000	0.0000	0.0000	0.0000	0.0002	0.0001	0.0000	0.0000	0.0000	0.0000	0.0000	0.0000	0.0000	0.0000	0.0000	0.0000	0.0000	0.0000	0.0000	0.0000	0.0000	0.0000	0.0000	0.0000	0.0000	0.0000	0.0000	0.0000	0.0000	0.0000	0.0000	0.0000	0.0000	0.0000	0.0000	0.0000	0.0000	0.0000	0.0000	0.0000	0.0000	0.0000
94	134	0.0457	8	2	0	1	0	1	0	1	0	1	0	2	0	0	0	0	0	0	0	Y	N	N	N	Y	N	N	N	N	N	N	N	N	N	N	N	N	N	0.0000	0.0000	0.0000	0.0000	0.0000	0.0000	0.0000	0.0000	0.0000	0.0000	0.0000	0.0000	0.0000	0.0000	0.0000	0.0000	0.0000	0.0000	0.0000	0.0000	0.0000	0.0000	0.0000	0.0000	0.0000	0.0000	0.0000			0.0000	0.0000	0.0000	4.0005	0.0002	6.9251	0.0000	0.0000	0.0000	0.0000	0.0000	0.0000	0.0000	0.0000	0.0000	0.0000	0.0000	0.0000	0.0000	0.0000	0.0000	0.0000	0.0000	0.0000	0.0000	0.0000	0.0000	0.0000	0.0000	0.0000	0.0000	0.0000	0.0000	0.0000	0.0000	0.0000	0.0000	0.0000	0.0000	0.0000	0.0000	0.0000
94	135	0.0783	13	2	0	1	0	0	0	0	0	0	0	2	0	0	0	0	0	0	0	Y	N	N	N	Y	N	N	N	N	N	N	N	N	N	N	N	N	N	0.0000	0.0000	0.0000	0.0000	0.0000	0.0000	0.0000	0.0000	0.0000	0.0000	0.0000	0.0000	0.0000	0.0000	0.0000	0.0000	0.0000	0.0000	0.0345	0.0266	0.0491	0.0572	0.0569	0.0000	0.0245	0.0000	0.0488		1.0000	0.0000	-0.0000	0.0000	0.9923	0.0002	0.0060	0.0000	0.0000	0.0000	0.0000	0.0000	0.0000	0.0000	0.0000	0.0000	0.0000	0.0000	0.0000	0.0000	0.0000	0.0000	0.0000	0.0000	0.0000	0.0000	0.0000	0.0000	0.0000	0.0000	0.0000	0.0000	0.0000	0.0000	0.0000	0.0000	0.0000	0.0000	0.0000	0.0000	0.0000	0.0000	0.0000
94	136	0.0654	12	2	0	1	0	0	0	0	0	1	0	2	0	0	0	0	0	0	0	Y	N	N	N	Y	N	N	N	N	N	N	N	N	N	N	N	N	N	0.0000	0.0000	0.0000	0.0000	0.0000	0.0000	0.0000	0.0000	0.0000	0.0000	0.0000	0.0000	0.0000	0.0000	0.0000	0.0000	0.0000	0.0000	0.0092	0.0071	0.0130	0.0164	0.0168	0.0000	0.0064	0.0000	0.0131		0.9742	0.0000	-0.0000	0.0000	2.0106	0.0002	2.0023	0.0000	0.0000	0.0000	0.0000	0.0000	0.0000	0.0000	0.0000	0.0000	0.0000	0.0000	0.0000	0.0000	0.0000	0.0000	0.0000	0.0000	0.0000	0.0000	0.0000	0.0000	0.0000	0.0000	0.0000	0.0000	0.0000	0.0000	0.0000	0.0000	0.0000	0.0000	0.0000	0.0000	0.0000	0.0000	0.0000
94	137	0.0622	11	2	0	1	0	1	0	0	0	0	0	1	0	0	0	0	0	0	0	Y	N	N	N	N	N	N	N	N	N	N	N	N	N	N	N	N	N	0.0000	0.0000	0.0000	0.0000	0.0000	0.0000	0.0000	0.0000	0.0000	0.0000	0.0000	0.0000	0.0000	0.0000	0.0000	0.0000	0.0000	0.0000	0.0000	0.0000	0.0000	0.0000	0.0000	0.0000	0.0000	0.0000	0.0000			0.0000	0.0000	0.0000	0.0008	0.0002	1.0019	0.0000	0.0000	0.0000	0.0000	0.0000	0.0000	0.0000	0.0000	0.0000	0.0000	0.0000	0.0000	0.0000	0.0000	0.0000	0.0000	0.0000	0.0000	0.0000	0.0000	0.0000	0.0000	0.0000	0.0000	0.0000	0.0000	0.0000	0.0000	0.0000	0.0000	0.0000	0.0000	0.0000	0.0000	0.0000	0.0000
95	99	0.0324	5	2	0	1	0	1	0	1	0	0	0	1	0	0	0	0	0	0	0	Y	N	N	N	N	N	N	N	N	N	N	N	N	N	N	N	N	N	0.0000	0.0000	0.0000	0.0000	0.0000	0.0000	0.0000	0.0000	0.0000	0.0000	0.0000	0.0000	0.0000	0.0000	0.0000	0.0000	0.0000	0.0000	0.0007	0.0000	0.0014	0.0000	0.0000	0.0000	0.0007	0.0000	0.0014		inf	0.0000	0.0000	1.0000	5.0000	0.0001	11.0015	0.0000	0.0000	0.0000	0.0000	0.0000	0.0000	0.0000	0.0000	0.0000	0.0000	0.0000	0.0000	0.0000	0.0000	0.0000	0.0000	0.0000	0.0000	0.0573	0.0501	0.0073	0.0005	0.0004	0.0000	0.0569	0.0496	0.0072	0.0291	0.0143	0.0148	0.0004	0.0003	0.0001	0.0286	0.0139	0.0147
95	100	0.1132	15	2	0	1	0	0	0	0	0	0	0	1	0	0	0	0	0	0	0	Y	N	N	N	N	N	N	N	N	N	N	N	N	N	N	N	N	N	0.0000	0.0000	0.0000	0.0000	0.0000	0.0000	0.0000	0.0000	0.0000	0.0000	0.0000	0.0000	0.0000	0.0000	0.0000	0.0000	0.0000	0.0000	0.0000	0.0000	0.0000	0.0000	0.0000	0.0000	0.0000	0.0000	0.0000		0.1724	0.0000	-0.0000	1.0000	2.0003	0.0001	3.6794	0.0000	0.0000	0.0000	0.0000	0.0000	0.0000	0.0000	0.0000	0.0000	0.0000	0.0000	0.0000	0.0000	0.0000	0.0000	0.0000	0.0000	0.0000	0.0235	0.0206	0.0029	0.0015	0.0015	0.0001	0.0220	0.0192	0.0028	0.0117	0.0066	0.0051	0.0021	0.0018	0.0003	0.0096	0.0048	0.0049
95	101	0.1026	14	2	0	1	0	1	0	1	0	0	0	1	0	0	0	0	0	0	0	Y	N	N	N	N	N	N	N	N	N	N	N	N	N	N	N	N	N	0.0000	0.0000	0.0000	0.0000	0.0000	0.0000	0.0000	0.0000	0.0000	0.0000	0.0000	0.0000	0.0000	0.0000	0.0000	0.0000	0.0000	0.0000	0.0000	0.0000	0.0000	0.0000	0.0000	0.0000	0.0000	0.0000	0.0000		0.6190	0.0000	-0.0000	1.0000	0.0087	0.0001	3.3708	0.0000	0.0000	0.0000	0.0000	0.0000	0.0000	0.0000	0.0000	0.0000	0.0000	0.0000	0.0000	0.0000	0.0000	0.0000	0.0000	0.0000	0.0000	0.0004	0.0003	0.0000	0.0002	0.0002	0.0000	0.0002	0.0002	0.0000	0.0064	0.0034	0.0030	0.0008	0.0006	0.0001	0.0057	0.0027	0.0029
95	106	0.0161	5	2	0	1	0	0	0	1	0	0	0	1	0	0	0	0	0	0	0	Y	N	N	N	N	N	N	N	N	N	N	N	N	N	N	N	N	N	0.0000	0.0000	0.0000	0.0000	0.0000	0.0000	0.0000	0.0000	0.0000	0.0000	0.0000	0.0000	0.0000	0.0000	0.0000	0.0000	0.0000	0.0000	0.0006	0.0000	0.0013	0.0000	0.0000	0.0000	0.0007	0.0000	0.0013		inf	0.0000	0.0000	1.0000	3.0043	0.0001	5.0032	0.0000	0.0000	0.0000	0.0000	0.0000	0.0000	0.0000	0.0000	0.0000	0.0000	0.0000	0.0000	0.0000	0.0000	0.0000	0.0000	0.0000	0.0000	0.0350	0.0306	0.0044	0.0003	0.0003	0.0000	0.0348	0.0303	0.0044	0.0155	0.0075	0.0080	0.0003	0.0002	0.0001	0.0152	0.0073	0.0079
95	107	0.0096	4	2	0	0	0	0	0	0	0	0	0	1	0	0	0	0	0	0	0	Y	N	N	N	N	N	N	N	N	N	N	N	N	N	N	N	N	N	0.0000	0.0000	0.0000	0.0000	0.0000	0.0000	0.0000	0.0000	0.0000	0.0000	0.0000	0.0000	0.0000	0.0000	0.0000	0.0000	0.0000	0.0000	0.0000	0.0000	0.0000	0.0000	0.0000	0.0000	0.0000	0.0000	0.0000		inf	0.0000	0.0000	1.0000	1.0015	0.0001	0.9989	0.0000	0.0000	0.0000	0.0000	0.0000	0.0000	0.0000	0.0000	0.0000	0.0000	0.0000	0.0000	0.0000	0.0000	0.0000	0.0000	0.0000	0.0000	0.0118	0.0103	0.0015	0.0001	0.0001	0.0000	0.0117	0.0102	0.0015	0.0040	0.0019	0.0021	0.0000	0.0000	0.0000	0.0040	0.0019	0.0021
95	108	0.0064	3	2	0	0	0	0	0	0	0	0	0	1	0	0	0	0	0	0	0	Y	N	N	N	N	N	N	N	N	N	N	N	N	N	N	N	N	N	0.0000	0.0000	0.0000	0.0000	0.0000	0.0000	0.0000	0.0000	0.0000	0.0000	0.0000	0.0000	0.0000	0.0000	0.0000	0.0000	0.0000	0.0000	0.0000	0.0000	0.0000	0.0006	0.0006	0.0000	0.0000	0.0000	0.0000		7.0909	0.0000	0.0000	1.0000	1.0004	0.0001	0.0020	0.0000	0.0000	0.0000	0.0000	0.0000	0.0000	0.0000	0.0000	0.0000	0.0000	0.0000	0.0000	0.0000	0.0000	0.0000	0.0000	0.0000	0.0000	0.0118	0.0103	0.0015	0.0001	0.0001	0.0000	0.0117	0.0102	0.0015	0.0020	0.0010	0.0010	0.0000	0.0000	0.0000	0.0020	0.0010	0.0010
95	110	0.1078	12	2	0	1	0	0	0	0	0	0	0	1	0	0	0	0	0	0	0	Y	N	N	N	N	N	N	N	N	N	N	N	N	N	N	N	N	N	0.0000	0.0000	0.0000	0.0000	0.0000	0.0000	0.0000	0.0000	0.0000	0.0000	0.0000	0.0000	0.0000	0.0000	0.0000	0.0000	0.0000	0.0000	0.0000	0.0000	0.0000	0.0000	0.0000	0.0000	0.0000	0.0000	0.0000		3.7857	0.0000	0.0000	1.0000	7.0195	0.0001	5.1243	0.0000	0.0000	0.0000	0.0000	0.0000	0.0000	0.0000	0.0000	0.0000	0.0000	0.0000	0.0000	0.0000	0.0000	0.0000	0.0000	0.0000	0.0000	0.0783	0.0685	0.0097	0.0036	0.0034	0.0002	0.0747	0.0651	0.0095	0.0228	0.0119	0.0109	0.0020	0.0016	0.0004	0.0208	0.0103	0.0105
95	111	0.0852	11	2	0	1	0	0	0	1	0	0	0	1	0	0	0	0	0	0	0	Y	N	N	N	N	N	N	N	N	N	N	N	N	N	N	N	N	N	0.0000	0.0000	0.0000	0.0000	0.0000	0.0000	0.0000	0.0000	0.0000	0.0000	0.0000	0.0000	0.0000	0.0000	0.0000	0.0000	0.0000	0.0000	0.0000	0.0000	0.0000	0.0000	0.0000	0.0000	0.0000	0.0000	0.0000		1.7069	0.0000	0.0000	1.0000	2.0281	0.0001	3.4706	0.0000	0.0000	0.0000	0.0000	0.0000	0.0000	0.0000	0.0000	0.0000	0.0000	0.0000	0.0000	0.0000	0.0000	0.0000	0.0000	0.0000	0.0000	0.0236	0.0207	0.0030	0.0010	0.0010	0.0001	0.0226	0.0197	0.0029	0.0155	0.0090	0.0065	0.0033	0.0031	0.0002	0.0121	0.0059	0.0063
95	112	0.0718	10	2	0	0	0	1	0	0	0	0	0	1	0	0	0	0	0	0	0	Y	N	N	N	N	N	N	N	N	N	N	N	N	N	N	N	N	N	0.0000	0.0000	0.0000	0.0000	0.0000	0.0000	0.0000	0.0000	0.0000	0.0000	0.0000	0.0000	0.0000	0.0000	0.0000	0.0000	0.0000	0.0000	0.0011	0.0019	0.0000	0.0000	0.0000	0.0000	0.0015	0.0030	0.0000		0.0001	0.0000	-0.0000	1.0000	3.0209	0.0001	2.2550	0.0000	0.0000	0.0000	0.0000	0.0000	0.0000	0.0000	0.0000	0.0000	0.0000	0.0000	0.0000	0.0000	0.0000	0.0000	0.0000	0.0000	0.0000	0.0357	0.0312	0.0045	0.0012	0.0011	0.0001	0.0345	0.0301	0.0044	0.0154	0.0091	0.0064	0.0034	0.0032	0.0002	0.0120	0.0058	0.0062
95	120	0.0622	11	1	0	1	0	0	0	0	0	0	0	2	0	0	0	0	0	0	0	N	N	N	N	Y	N	N	N	N	N	N	N	N	N	N	N	N	N	0.0000	0.0000	0.0000	0.0000	0.0000	0.0000	0.0000	0.0000	0.0000	0.0000	0.0000	0.0000	0.0000	0.0000	0.0000	0.0000	0.0000	0.0000	0.0000	0.0000	0.0000	0.0000	0.0000	0.0000	0.0000	0.0000	0.0000			0.0000	0.0000	1.0000	2.9998	0.0001	1.0000	0.0000	0.0000	0.0000	0.0000	0.0000	0.0000	0.0000	0.0000	0.0000	0.0000	0.0000	0.0000	0.0000	0.0000	0.0000	0.0000	0.0000	0.0000	0.0342	0.0299	0.0043	0.0010	0.0009	0.0001	0.0332	0.0289	0.0042	0.0074	0.0036	0.0038	0.0002	0.0001	0.0000	0.0072	0.0035	0.0038
95	121	0.0622	10	1	0	1	0	0	0	0	0	1	0	2	0	0	0	0	0	0	0	N	N	N	N	Y	N	N	N	N	N	N	N	N	N	N	N	N	N	0.0000	0.0000	0.0000	0.0000	0.0000	0.0000	0.0000	0.0000	0.0000	0.0000	0.0000	0.0000	0.0000	0.0000	0.0000	0.0000	0.0000	0.0000	0.0000	0.0000	0.0000	0.0000	0.0000	0.0000	0.0000	0.0000	0.0000			0.0000	0.0000	1.0000	0.0006	0.0001	0.0007	0.0000	0.0000	0.0000	0.0000	0.0000	0.0000	0.0000	0.0000	0.0000	0.0000	0.0000	0.0000	0.0000	0.0000	0.0000	0.0000	0.0000	0.0000	0.0000	0.0000	0.0000	0.0000	0.0000	0.0000	0.0000	0.0000	0.0000	0.0000	0.0000	0.0000	0.0000	0.0000	0.0000	0.0000	0.0000	0.0000
95	126	0.0654	11	2	0	1	0	0	0	0	0	0	0	1	0	0	0	0	0	0	0	Y	N	N	N	N	N	N	N	N	N	N	N	N	N	N	N	N	N	0.0000	0.0000	0.0000	0.0000	0.0000	0.0000	0.0000	0.0000	0.0000	0.0000	0.0000	0.0000	0.0000	0.0000	0.0000	0.0000	0.0000	0.0000	0.0000	0.0000	0.0000	0.0000	0.0000	0.0000	0.0000	0.0000	0.0000			0.0000	0.0000	1.0000	1.0002	0.0001	2.0058	0.0000	0.0000	0.0000	0.0000	0.0000	0.0000	0.0000	0.0000	0.0000	0.0000	0.0000	0.0000	0.0000	0.0000	0.0000	0.0000	0.0000	0.0000	0.0115	0.0101	0.0015	0.0003	0.0003	0.0000	0.0112	0.0098	0.0014	0.0056	0.0028	0.0029	0.0002	0.0002	0.0000	0.0055	0.0026	0.0028
95	133	0.0858	8	2	0	1	0	0	0	0	0	0	0	2	0	0	0	0	0	0	0	Y	N	N	N	Y	N	N	N	N	N	N	N	N	N	N	N	N	N	0.0000	0.0000	0.0000	0.0000	0.0000	0.0000	0.0000	0.0000	0.0000	0.0000	0.0000	0.0000	0.0000	0.0000	0.0000	0.0000	0.0000	0.0000	0.0000	0.0000	0.0000	0.0000	0.0000	0.0000	0.0000	0.0000	0.0000			0.0000	0.0000	1.0000	0.0000	0.0001	0.0001	0.0000	0.0000	0.0000	0.0000	0.0000	0.0000	0.0000	0.0000	0.0000	0.0000	0.0000	0.0000	0.0000	0.0000	0.0000	0.0000	0.0000	0.0000	0.0000	0.0000	0.0000	0.0000	0.0000	0.0000	0.0000	0.0000	0.0000	0.0000	0.0000	0.0000	0.0000	0.0000	0.0000	0.0000	0.0000	0.0000
95	134	0.0457	7	2	0	1	0	1	0	1	0	1	0	2	0	0	0	0	0	0	0	Y	N	N	N	Y	N	N	N	N	N	N	N	N	N	N	N	N	N	0.0000	0.0000	0.0000	0.0000	0.0000	0.0000	0.0000	0.0000	0.0000	0.0000	0.0000	0.0000	0.0000	0.0000	0.0000	0.0000	0.0000	0.0000	0.0000	0.0000	0.0000	0.0000	0.0000	0.0000	0.0000	0.0000	0.0000			0.0000	0.0000	1.0000	4.0005	0.0001	6.9251	0.0000	0.0000	0.0000	0.0000	0.0000	0.0000	0.0000	0.0000	0.0000	0.0000	0.0000	0.0000	0.0000	0.0000	0.0000	0.0000	0.0000	0.0000	0.0463	0.0405	0.0059	0.0005	0.0005	0.0000	0.0458	0.0400	0.0058	0.0211	0.0104	0.0107	0.0007	0.0007	0.0000	0.0204	0.0098	0.0106
95	135	0.0783	12	2	0	1	0	0	0	0	0	0	0	2	0	0	0	0	0	0	0	Y	N	N	N	Y	N	N	N	N	N	N	N	N	N	N	N	N	N	0.0000	0.0000	0.0000	0.0000	0.0000	0.0000	0.0000	0.0000	0.0000	0.0000	0.0000	0.0000	0.0000	0.0000	0.0000	0.0000	0.0000	0.0000	0.0000	0.0000	0.0000	0.0000	0.0000	0.0000	0.0000	0.0000	0.0000		inf	0.0000	0.0000	1.0000	0.9923	0.0001	0.0060	0.0000	0.0000	0.0000	0.0000	0.0000	0.0000	0.0000	0.0000	0.0000	0.0000	0.0000	0.0000	0.0000	0.0000	0.0000	0.0000	0.0000	0.0000	0.0116	0.0102	0.0015	0.0005	0.0005	0.0000	0.0111	0.0097	0.0014	0.0018	0.0009	0.0009	0.0001	0.0001	0.0000	0.0017	0.0008	0.0009
95	136	0.0654	11	2	0	1	0	0	0	0	0	1	0	2	0	0	0	0	0	0	0	Y	N	N	N	Y	N	N	N	N	N	N	N	N	N	N	N	N	N	0.0000	0.0000	0.0000	0.0000	0.0000	0.0000	0.0000	0.0000	0.0000	0.0000	0.0000	0.0000	0.0000	0.0000	0.0000	0.0000	0.0000	0.0000	0.0000	0.0000	0.0000	0.0001	0.0001	0.0000	0.0000	0.0000	0.0000		0.0000	0.0000	-0.0000	1.0000	2.0106	0.0001	2.0023	0.0000	0.0000	0.0000	0.0000	0.0000	0.0000	0.0000	0.0000	0.0000	0.0000	0.0000	0.0000	0.0000	0.0000	0.0000	0.0000	0.0000	0.0000	0.0230	0.0201	0.0029	0.0007	0.0006	0.0000	0.0223	0.0194	0.0029	0.0074	0.0037	0.0038	0.0002	0.0002	0.0000	0.0072	0.0035	0.0038
95	137	0.0622	10	2	0	1	0	1	0	0	0	0	0	1	0	0	0	0	0	0	0	Y	N	N	N	N	N	N	N	N	N	N	N	N	N	N	N	N	N	0.0000	0.0000	0.0000	0.0000	0.0000	0.0000	0.0000	0.0000	0.0000	0.0000	0.0000	0.0000	0.0000	0.0000	0.0000	0.0000	0.0000	0.0000	0.0000	0.0000	0.0000	0.0000	0.0000	0.0000	0.0000	0.0000	0.0000			0.0000	0.0000	1.0000	0.0008	0.0001	1.0019	0.0000	0.0000	0.0000	0.0000	0.0000	0.0000	0.0000	0.0000	0.0000	0.0000	0.0000	0.0000	0.0000	0.0000	0.0000	0.0000	0.0000	0.0000	0.0000	0.0000	0.0000	0.0000	0.0000	0.0000	0.0000	0.0000	0.0000	0.0019	0.0009	0.0010	0.0000	0.0000	0.0000	0.0018	0.0009	0.0010
96	99	0.0292	4	2	0	1	0	1	0	1	0	1	0	1	0	0	0	0	0	0	0	Y	N	N	N	N	N	N	N	N	N	N	N	N	N	N	N	N	N	0.0000	0.0000	0.0000	0.0000	0.0000	0.0000	0.0000	0.0000	0.0000	0.0000	0.0000	0.0000	0.0000	0.0000	0.0000	0.0000	0.0000	0.0000	0.0005	0.0005	0.0000	0.0010	0.0010	0.0000	0.0000	0.0000	0.0000		0.7500	0.0000	-0.0000	0.0000	5.0000	0.0001	11.0015	0.0000	0.0000	0.0000	0.0000	0.0000	0.0000	0.0000	0.0000	0.0000	0.0000	0.0000	0.0000	0.0000	0.0000	0.0000	0.0000	0.0000	0.0000	0.0000	0.0000	0.0000	0.0000	0.0000	0.0000	0.0000	0.0000	0.0000	0.0000	0.0000	0.0000	0.0000	0.0000	0.0000	0.0000	0.0000	0.0000
96	100	0.1100	14	2	0	1	0	0	0	0	0	1	0	1	0	0	0	0	0	0	0	Y	N	N	N	N	N	N	N	N	N	N	N	N	N	N	N	N	N	0.0000	0.0000	0.0000	0.0000	0.0000	0.0000	0.0000	0.0000	0.0000	0.0000	0.0000	0.0000	0.0000	0.0000	0.0000	0.0000	0.0000	0.0000	0.0000	0.0000	0.0000	0.0000	0.0000	0.0000	0.0000	0.0000	0.0000			0.0000	0.0000	0.0000	2.0003	0.0001	3.6794	0.0000	0.0000	0.0000	0.0000	0.0000	0.0000	0.0000	0.0000	0.0000	0.0000	0.0000	0.0000	0.0000	0.0000	0.0000	0.0000	0.0000	0.0000	0.0000	0.0000	0.0000	0.0000	0.0000	0.0000	0.0000	0.0000	0.0000	0.0000	0.0000	0.0000	0.0000	0.0000	0.0000	0.0000	0.0000	0.0000
96	101	0.0994	13	2	0	1	0	1	0	1	0	1	0	1	0	0	0	0	0	0	0	Y	N	N	N	N	N	N	N	N	N	N	N	N	N	N	N	N	N	0.0000	0.0000	0.0000	0.0000	0.0000	0.0000	0.0000	0.0000	0.0000	0.0000	0.0000	0.0000	0.0000	0.0000	0.0000	0.0000	0.0000	0.0000	0.0000	0.0000	0.0000	0.0000	0.0000	0.0000	0.0000	0.0000	0.0000			0.0000	0.0000	0.0000	0.0087	0.0001	3.3708	0.0000	0.0000	0.0000	0.0000	0.0000	0.0000	0.0000	0.0000	0.0000	0.0000	0.0000	0.0000	0.0000	0.0000	0.0000	0.0000	0.0000	0.0000	0.0000	0.0000	0.0000	0.0000	0.0000	0.0000	0.0000	0.0000	0.0000	0.0000	0.0000	0.0000	0.0000	0.0000	0.0000	0.0000	0.0000	0.0000
96	106	0.0129	4	2	0	1	0	0	0	1	0	1	0	1	0	0	0	0	0	0	0	Y	N	N	N	N	N	N	N	N	N	N	N	N	N	N	N	N	N	0.0000	0.0000	0.0000	0.0000	0.0000	0.0000	0.0000	0.0000	0.0000	0.0000	0.0000	0.0000	0.0000	0.0000	0.0000	0.0000	0.0000	0.0000	0.0000	0.0000	0.0000	0.0000	0.0000	0.0000	0.0000	0.0000	0.0000			0.0000	0.0000	0.0000	3.0043	0.0001	5.0032	0.0000	0.0000	0.0000	0.0000	0.0000	0.0000	0.0000	0.0000	0.0000	0.0000	0.0000	0.0000	0.0000	0.0000	0.0000	0.0000	0.0000	0.0000	0.0000	0.0000	0.0000	0.0000	0.0000	0.0000	0.0000	0.0000	0.0000	0.0000	0.0000	0.0000	0.0000	0.0000	0.0000	0.0000	0.0000	0.0000
96	107	0.0064	3	2	0	0	0	0	0	0	0	1	0	1	0	0	0	0	0	0	0	Y	N	N	N	N	N	N	N	N	N	N	N	N	N	N	N	N	N	0.0000	0.0000	0.0000	0.0000	0.0000	0.0000	0.0000	0.0000	0.0000	0.0000	0.0000	0.0000	0.0000	0.0000	0.0000	0.0000	0.0000	0.0000	0.0000	0.0000	0.0000	0.0000	0.0000	0.0000	0.0000	0.0000	0.0000			0.0000	0.0000	0.0000	1.0015	0.0001	0.9989	0.0000	0.0000	0.0000	0.0000	0.0000	0.0000	0.0000	0.0000	0.0000	0.0000	0.0000	0.0000	0.0000	0.0000	0.0000	0.0000	0.0000	0.0000	0.0000	0.0000	0.0000	0.0000	0.0000	0.0000	0.0000	0.0000	0.0000	0.0000	0.0000	0.0000	0.0000	0.0000	0.0000	0.0000	0.0000	0.0000
96	108	0.0032	2	2	0	0	0	0	0	0	0	1	0	1	0	0	0	0	0	0	0	Y	N	N	N	N	N	N	N	N	N	N	N	N	N	N	N	N	N	0.0000	0.0000	0.0000	0.0000	0.0000	0.0000	0.0000	0.0000	0.0000	0.0000	0.0000	0.0000	0.0000	0.0000	0.0000	0.0000	0.0000	0.0000	0.0598	0.0523	0.0670	0.0950	0.0950	0.0000	0.0468	0.0000	0.0670		1.3333	0.0000	-0.0000	0.0000	1.0004	0.0001	0.0020	0.0000	0.0000	0.0000	0.0000	0.0000	0.0000	0.0000	0.0000	0.0000	0.0000	0.0000	0.0000	0.0000	0.0000	0.0000	0.0000	0.0000	0.0000	0.0000	0.0000	0.0000	0.0000	0.0000	0.0000	0.0000	0.0000	0.0000	0.0000	0.0000	0.0000	0.0000	0.0000	0.0000	0.0000	0.0000	0.0000
96	110	0.1045	11	2	0	1	0	0	0	0	0	1	0	1	0	0	0	0	0	0	0	Y	N	N	N	N	N	N	N	N	N	N	N	N	N	N	N	N	N	0.0000	0.0000	0.0000	0.0000	0.0000	0.0000	0.0000	0.0000	0.0000	0.0000	0.0000	0.0000	0.0000	0.0000	0.0000	0.0000	0.0000	0.0000	0.0000	0.0000	0.0000	0.0000	0.0000	0.0000	0.0000	0.0000	0.0000			0.0000	0.0000	0.0000	7.0195	0.0001	5.1243	0.0000	0.0000	0.0000	0.0000	0.0000	0.0000	0.0000	0.0000	0.0000	0.0000	0.0000	0.0000	0.0000	0.0000	0.0000	0.0000	0.0000	0.0000	0.0000	0.0000	0.0000	0.0000	0.0000	0.0000	0.0000	0.0000	0.0000	0.0000	0.0000	0.0000	0.0000	0.0000	0.0000	0.0000	0.0000	0.0000
96	111	0.0820	10	2	0	1	0	0	0	1	0	1	0	1	0	0	0	0	0	0	0	Y	N	N	N	N	N	N	N	N	N	N	N	N	N	N	N	N	N	0.0000	0.0000	0.0000	0.0000	0.0000	0.0000	0.0000	0.0000	0.0000	0.0000	0.0000	0.0000	0.0000	0.0000	0.0000	0.0000	0.0000	0.0000	0.0000	0.0000	0.0000	0.0000	0.0000	0.0000	0.0000	0.0000	0.0000			0.0000	0.0000	0.0000	2.0281	0.0001	3.4706	0.0000	0.0000	0.0000	0.0000	0.0000	0.0000	0.0000	0.0000	0.0000	0.0000	0.0000	0.0000	0.0000	0.0000	0.0000	0.0000	0.0000	0.0000	0.0000	0.0000	0.0000	0.0000	0.0000	0.0000	0.0000	0.0000	0.0000	0.0000	0.0000	0.0000	0.0000	0.0000	0.0000	0.0000	0.0000	0.0000
96	112	0.0686	9	2	0	0	0	1	0	0	0	1	0	1	0	0	0	0	0	0	0	Y	N	N	N	N	N	N	N	N	N	N	N	N	N	N	N	N	N	0.0000	0.0000	0.0000	0.0000	0.0000	0.0000	0.0000	0.0000	0.0000	0.0000	0.0000	0.0000	0.0000	0.0000	0.0000	0.0000	0.0000	0.0000	0.0000	0.0000	0.0000	0.0000	0.0000	0.0000	0.0000	0.0000	0.0000			0.0000	0.0000	0.0000	3.0209	0.0001	2.2550	0.0000	0.0000	0.0000	0.0000	0.0000	0.0000	0.0000	0.0000	0.0000	0.0000	0.0000	0.0000	0.0000	0.0000	0.0000	0.0000	0.0000	0.0000	0.0000	0.0000	0.0000	0.0000	0.0000	0.0000	0.0000	0.0000	0.0000	0.0000	0.0000	0.0000	0.0000	0.0000	0.0000	0.0000	0.0000	0.0000
96	120	0.0590	10	1	0	1	0	0	0	0	0	1	0	2	0	0	0	0	0	0	0	N	N	N	N	Y	N	N	N	N	N	N	N	N	N	N	N	N	N	0.0000	0.0000	0.0000	0.0000	0.0000	0.0000	0.0000	0.0000	0.0000	0.0000	0.0000	0.0000	0.0000	0.0000	0.0000	0.0000	0.0000	0.0000	0.0000	0.0000	0.0000	0.0000	0.0000	0.0000	0.0000	0.0000	0.0000			0.0000	0.0000	0.0000	2.9998	0.0001	1.0000	0.0000	0.0000	0.0000	0.0000	0.0000	0.0000	0.0000	0.0000	0.0000	0.0000	0.0000	0.0000	0.0000	0.0000	0.0000	0.0000	0.0000	0.0000	0.0000	0.0000	0.0000	0.0000	0.0000	0.0000	0.0000	0.0000	0.0000	0.0000	0.0000	0.0000	0.0000	0.0000	0.0000	0.0000	0.0000	0.0000
96	121	0.0590	9	1	0	1	0	0	0	0	0	2	0	2	0	0	0	0	0	0	0	N	N	N	N	Y	N	N	N	N	N	N	N	N	N	N	N	N	N	0.0000	0.0000	0.0000	0.0000	0.0000	0.0000	0.0000	0.0000	0.0000	0.0000	0.0000	0.0000	0.0000	0.0000	0.0000	0.0000	0.0000	0.0000	0.0000	0.0000	0.0000	0.0000	0.0000	0.0000	0.0000	0.0000	0.0000			0.0000	0.0000	0.0000	0.0006	0.0001	0.0007	0.0000	0.0000	0.0000	0.0000	0.0000	0.0000	0.0000	0.0000	0.0000	0.0000	0.0000	0.0000	0.0000	0.0000	0.0000	0.0000	0.0000	0.0000	0.0000	0.0000	0.0000	0.0000	0.0000	0.0000	0.0000	0.0000	0.0000	0.0000	0.0000	0.0000	0.0000	0.0000	0.0000	0.0000	0.0000	0.0000
96	126	0.0622	10	2	0	1	0	0	0	0	0	1	0	1	0	0	0	0	0	0	0	Y	N	N	N	N	N	N	N	N	N	N	N	N	N	N	N	N	N	0.0000	0.0000	0.0000	0.0000	0.0000	0.0000	0.0000	0.0000	0.0000	0.0000	0.0000	0.0000	0.0000	0.0000	0.0000	0.0000	0.0000	0.0000	0.0000	0.0000	0.0000	0.0000	0.0000	0.0000	0.0000	0.0000	0.0000			0.0000	0.0000	0.0000	1.0002	0.0001	2.0058	0.0000	0.0000	0.0000	0.0000	0.0000	0.0000	0.0000	0.0000	0.0000	0.0000	0.0000	0.0000	0.0000	0.0000	0.0000	0.0000	0.0000	0.0000	0.0000	0.0000	0.0000	0.0000	0.0000	0.0000	0.0000	0.0000	0.0000	0.0000	0.0000	0.0000	0.0000	0.0000	0.0000	0.0000	0.0000	0.0000
96	133	0.0826	7	2	0	1	0	0	0	0	0	1	0	2	0	0	0	0	0	0	0	Y	N	N	N	Y	N	N	N	N	N	N	N	N	N	N	N	N	N	0.0000	0.0000	0.0000	0.0000	0.0000	0.0000	0.0000	0.0000	0.0000	0.0000	0.0000	0.0000	0.0000	0.0000	0.0000	0.0000	0.0000	0.0000	0.0000	0.0000	0.0000	0.0000	0.0000	0.0000	0.0000	0.0000	0.0000			0.0000	0.0000	0.0000	0.0000	0.0001	0.0001	0.0000	0.0000	0.0000	0.0000	0.0000	0.0000	0.0000	0.0000	0.0000	0.0000	0.0000	0.0000	0.0000	0.0000	0.0000	0.0000	0.0000	0.0000	0.0000	0.0000	0.0000	0.0000	0.0000	0.0000	0.0000	0.0000	0.0000	0.0000	0.0000	0.0000	0.0000	0.0000	0.0000	0.0000	0.0000	0.0000
96	134	0.0425	6	2	0	1	0	1	0	1	0	2	0	2	0	0	0	0	0	0	0	Y	N	N	N	Y	N	N	N	N	N	N	N	N	N	N	N	N	N	0.0000	0.0000	0.0000	0.0000	0.0000	0.0000	0.0000	0.0000	0.0000	0.0000	0.0000	0.0000	0.0000	0.0000	0.0000	0.0000	0.0000	0.0000	0.0000	0.0000	0.0000	0.0000	0.0000	0.0000	0.0000	0.0000	0.0000			0.0000	0.0000	0.0000	4.0005	0.0001	6.9251	0.0000	0.0000	0.0000	0.0000	0.0000	0.0000	0.0000	0.0000	0.0000	0.0000	0.0000	0.0000	0.0000	0.0000	0.0000	0.0000	0.0000	0.0000	0.0000	0.0000	0.0000	0.0000	0.0000	0.0000	0.0000	0.0000	0.0000	0.0000	0.0000	0.0000	0.0000	0.0000	0.0000	0.0000	0.0000	0.0000
96	135	0.0751	11	2	0	1	0	0	0	0	0	1	0	2	0	0	0	0	0	0	0	Y	N	N	N	Y	N	N	N	N	N	N	N	N	N	N	N	N	N	0.0000	0.0000	0.0000	0.0000	0.0000	0.0000	0.0000	0.0000	0.0000	0.0000	0.0000	0.0000	0.0000	0.0000	0.0000	0.0000	0.0000	0.0000	0.0000	0.0000	0.0000	0.0000	0.0000	0.0000	0.0000	0.0000	0.0000			0.0000	0.0000	0.0000	0.9923	0.0001	0.0060	0.0000	0.0000	0.0000	0.0000	0.0000	0.0000	0.0000	0.0000	0.0000	0.0000	0.0000	0.0000	0.0000	0.0000	0.0000	0.0000	0.0000	0.0000	0.0000	0.0000	0.0000	0.0000	0.0000	0.0000	0.0000	0.0000	0.0000	0.0000	0.0000	0.0000	0.0000	0.0000	0.0000	0.0000	0.0000	0.0000
96	136	0.0622	10	2	0	1	0	0	0	0	0	2	0	2	0	0	0	0	0	0	0	Y	N	N	N	Y	N	N	N	N	N	N	N	N	N	N	N	N	N	0.0000	0.0000	0.0000	0.0000	0.0000	0.0000	0.0000	0.0000	0.0000	0.0000	0.0000	0.0000	0.0000	0.0000	0.0000	0.0000	0.0000	0.0000	0.0000	0.0000	0.0000	0.0000	0.0000	0.0000	0.0000	0.0000	0.0000			0.0000	0.0000	0.0000	2.0106	0.0001	2.0023	0.0000	0.0000	0.0000	0.0000	0.0000	0.0000	0.0000	0.0000	0.0000	0.0000	0.0000	0.0000	0.0000	0.0000	0.0000	0.0000	0.0000	0.0000	0.0000	0.0000	0.0000	0.0000	0.0000	0.0000	0.0000	0.0000	0.0000	0.0000	0.0000	0.0000	0.0000	0.0000	0.0000	0.0000	0.0000	0.0000
96	137	0.0590	9	2	0	1	0	1	0	0	0	1	0	1	0	0	0	0	0	0	0	Y	N	N	N	N	N	N	N	N	N	N	N	N	N	N	N	N	N	0.0000	0.0000	0.0000	0.0000	0.0000	0.0000	0.0000	0.0000	0.0000	0.0000	0.0000	0.0000	0.0000	0.0000	0.0000	0.0000	0.0000	0.0000	0.0000	0.0000	0.0000	0.0000	0.0000	0.0000	0.0000	0.0000	0.0000			0.0000	0.0000	0.0000	0.0008	0.0001	1.0019	0.0000	0.0000	0.0000	0.0000	0.0000	0.0000	0.0000	0.0000	0.0000	0.0000	0.0000	0.0000	0.0000	0.0000	0.0000	0.0000	0.0000	0.0000	0.0000	0.0000	0.0000	0.0000	0.0000	0.0000	0.0000	0.0000	0.0000	0.0000	0.0000	0.0000	0.0000	0.0000	0.0000	0.0000	0.0000	0.0000
97	99	0.0292	3	2	0	1	0	1	0	1	0	0	0	0	0	0	0	0	0	0	0	Y	N	N	N	N	N	N	N	N	N	N	N	N	N	N	N	N	N	0.0000	0.0000	0.0000	0.0000	0.0000	0.0000	0.0000	0.0000	0.0000	0.0000	0.0000	0.0000	0.0000	0.0000	0.0000	0.0000	0.0000	0.0000	0.0000	0.0000	0.0000	0.0000	0.0000	0.0000	0.0000	0.0000	0.0000		0.1143	0.0000	-0.0000	0.9999	5.0000	0.0008	11.0015	0.0000	0.0000	0.0000	0.0000	0.0000	0.0000	0.0000	0.0000	0.0000	0.0000	0.0000	0.0000	0.0000	0.0000	0.0000	0.0000	0.0000	0.0000	0.0590	0.0516	0.0074	0.0003	0.0003	0.0000	0.0587	0.0513	0.0074	0.0299	0.0148	0.0151	0.0006	0.0005	0.0001	0.0293	0.0143	0.0150
97	100	0.1100	13	2	0	1	0	0	0	0	0	0	0	0	0	0	0	0	0	0	0	Y	N	N	N	N	N	N	N	N	N	N	N	N	N	N	N	N	N	0.0000	0.0000	0.0000	0.0000	0.0000	0.0000	0.0000	0.0000	0.0000	0.0000	0.0000	0.0000	0.0000	0.0000	0.0000	0.0000	0.0000	0.0000	0.0000	0.0000	0.0000	0.0000	0.0000	0.0000	0.0000	0.0000	0.0000		0.0328	0.0000	-0.0000	0.9999	2.0003	0.0008	3.6794	0.0000	0.0000	0.0000	0.0000	0.0000	0.0000	0.0000	0.0000	0.0000	0.0000	0.0000	0.0000	0.0000	0.0000	0.0000	0.0000	0.0000	0.0000	0.0240	0.0211	0.0030	0.0015	0.0014	0.0001	0.0226	0.0197	0.0029	0.0118	0.0067	0.0052	0.0021	0.0018	0.0003	0.0098	0.0049	0.0049
97	101	0.0994	12	2	0	1	0	1	0	1	0	0	0	0	0	0	0	0	0	0	0	Y	N	N	N	N	N	N	N	N	N	N	N	N	N	N	N	N	N	0.0000	0.0000	0.0000	0.0000	0.0000	0.0000	0.0000	0.0000	0.0000	0.0000	0.0000	0.0000	0.0000	0.0000	0.0000	0.0000	0.0000	0.0000	0.0000	0.0000	0.0000	0.0000	0.0000	0.0000	0.0000	0.0000	0.0000		1.4868	0.0000	-0.0000	0.9999	0.0087	0.0008	3.3708	0.0000	0.0000	0.0000	0.0000	0.0000	0.0000	0.0000	0.0000	0.0000	0.0000	0.0000	0.0000	0.0000	0.0000	0.0000	0.0000	0.0000	0.0000	0.0004	0.0003	0.0000	0.0002	0.0001	0.0000	0.0002	0.0002	0.0000	0.0065	0.0034	0.0031	0.0008	0.0006	0.0001	0.0057	0.0028	0.0029
97	106	0.0129	3	2	0	1	0	0	0	1	0	0	0	0	0	0	0	0	0	0	0	Y	N	N	N	N	N	N	N	N	N	N	N	N	N	N	N	N	N	0.0005	0.0003	0.0000	0.0021	0.0017	0.0000	0.0000	0.0000	0.0000	0.0000	0.0000	0.0000	0.0007	0.0008	0.0000	0.0000	0.0000	0.0000	0.0070	0.0144	0.0000	0.3550	0.4585	0.0000	0.0000	0.0000	0.0000	0.0000	0.0000	-0.0000	-0.0001	0.9999	3.0043	0.0008	5.0032	0.0000	0.0000	0.0000	0.0000	0.0000	0.0000	0.0000	0.0000	0.0000	0.0001	0.0001	0.0000	0.0001	0.0001	0.0000	0.0000	0.0000	0.0000	0.0358	0.0312	0.0045	0.0002	0.0002	0.0000	0.0356	0.0311	0.0045	0.0156	0.0077	0.0080	0.0003	0.0002	0.0001	0.0153	0.0074	0.0079
97	107	0.0064	2	2	0	0	0	0	0	0	0	0	0	0	0	0	0	0	0	0	0	Y	N	N	N	N	N	N	N	N	N	N	N	N	N	N	N	N	N	478.2324	334.1843	0.0000	420.4739	434.5551	0.0000	0.0000	0.0000	0.0000	0.0066	0.0076	0.0000	2.7762	2.8726	0.0000	0.0000	0.0000	0.0000	0.0000	0.0000	0.0000	0.0066	0.0066	0.0000	0.0000	0.0000	0.0000	0.0000	0.2608	-0.0000	-0.0000	0.9999	1.0015	0.0008	0.9989	0.0001	0.0001	0.0000	0.0001	0.0001	0.0000	0.0000	0.0000	0.0000	0.0000	0.0000	0.0000	0.0000	0.0000	0.0000	0.0000	0.0000	0.0000	0.0120	0.0105	0.0015	0.0000	0.0000	0.0000	0.0120	0.0105	0.0015	0.0040	0.0019	0.0021	0.0000	0.0000	0.0000	0.0040	0.0019	0.0021
97	110	0.1045	10	2	0	1	0	0	0	0	0	0	0	0	0	0	0	0	0	0	0	Y	N	N	N	N	N	N	N	N	N	N	N	N	N	N	N	N	N	0.0000	0.0000	0.0000	0.0000	0.0000	0.0000	0.0000	0.0000	0.0000	0.0000	0.0000	0.0000	0.0000	0.0000	0.0000	0.0000	0.0000	0.0000	0.0069	0.0000	0.0145	0.0000	0.0000	0.0000	0.0076	0.0000	0.0151		2724.6930	0.0000	0.0001	0.9999	7.0195	0.0008	5.1243	0.0000	0.0000	0.0000	0.0000	0.0000	0.0000	0.0000	0.0000	0.0000	0.0002	0.0000	0.0002	0.0000	0.0000	0.0000	0.0002	0.0000	0.0002	0.0799	0.0700	0.0099	0.0034	0.0032	0.0002	0.0765	0.0668	0.0097	0.0230	0.0121	0.0110	0.0020	0.0016	0.0004	0.0210	0.0105	0.0105
97	111	0.0820	9	2	0	1	0	0	0	1	0	0	0	0	0	0	0	0	0	0	0	Y	N	N	N	N	N	N	N	N	N	N	N	N	N	N	N	N	N	0.0000	0.0000	0.0000	0.0000	0.0000	0.0000	0.0000	0.0000	0.0000	0.0000	0.0000	0.0000	0.0000	0.0000	0.0000	0.0000	0.0000	0.0000	0.0002	0.0001	0.0002	0.0004	0.0004	0.0000	0.0001	0.0000	0.0002		0.9846	0.0000	-0.0000	0.9999	2.0281	0.0008	3.4706	0.0000	0.0000	0.0000	0.0000	0.0000	0.0000	0.0000	0.0000	0.0000	0.0000	0.0000	0.0000	0.0000	0.0000	0.0000	0.0000	0.0000	0.0000	0.0241	0.0211	0.0030	0.0009	0.0009	0.0001	0.0232	0.0202	0.0030	0.0156	0.0091	0.0065	0.0033	0.0031	0.0002	0.0123	0.0059	0.0063
97	112	0.0686	8	2	0	0	0	1	0	0	0	0	0	0	0	0	0	0	0	0	0	Y	N	N	N	N	N	N	N	N	N	N	N	N	N	N	N	N	N	0.0000	0.0000	0.0000	0.0000	0.0000	0.0000	0.0000	0.0000	0.0000	0.0000	0.0000	0.0000	0.0000	0.0000	0.0000	0.0000	0.0000	0.0000	0.0001	0.0000	0.0002	0.0000	0.0000	0.0000	0.0001	0.0000	0.0002		92.5123	0.0000	0.0000	0.9999	3.0209	0.0008	2.2550	0.0000	0.0000	0.0000	0.0000	0.0000	0.0000	0.0000	0.0000	0.0000	0.0000	0.0000	0.0000	0.0000	0.0000	0.0000	0.0000	0.0000	0.0000	0.0364	0.0318	0.0046	0.0011	0.0010	0.0001	0.0353	0.0308	0.0045	0.0155	0.0091	0.0064	0.0034	0.0032	0.0002	0.0121	0.0059	0.0062
97	126	0.0622	9	2	0	1	0	0	0	0	0	0	0	0	0	0	0	0	0	0	0	Y	N	N	N	N	N	N	N	N	N	N	N	N	N	N	N	N	N	0.0000	0.0000	0.0000	0.0000	0.0000	0.0000	0.0000	0.0000	0.0000	0.0000	0.0000	0.0000	0.0000	0.0000	0.0000	0.0000	0.0000	0.0000	0.0000	0.0000	0.0000	0.0000	0.0000	0.0000	0.0000	0.0000	0.0000			0.0000	0.0000	0.9999	1.0002	0.0008	2.0058	0.0000	0.0000	0.0000	0.0000	0.0000	0.0000	0.0000	0.0000	0.0000	0.0000	0.0000	0.0000	0.0000	0.0000	0.0000	0.0000	0.0000	0.0000	0.0118	0.0103	0.0015	0.0003	0.0003	0.0000	0.0115	0.0100	0.0015	0.0058	0.0029	0.0029	0.0003	0.0003	0.0000	0.0054	0.0026	0.0028
97	133	0.0826	6	2	0	1	0	0	0	0	0	0	0	1	0	0	0	0	0	0	0	Y	N	N	N	N	N	N	N	N	N	N	N	N	N	N	N	N	N	0.0000	0.0000	0.0000	0.0000	0.0000	0.0000	0.0000	0.0000	0.0000	0.0000	0.0000	0.0000	0.0000	0.0000	0.0000	0.0000	0.0000	0.0000	0.0000	0.0000	0.0000	0.0000	0.0000	0.0000	0.0000	0.0000	0.0000			0.0000	0.0000	0.9999	0.0000	0.0008	0.0001	0.0000	0.0000	0.0000	0.0000	0.0000	0.0000	0.0000	0.0000	0.0000	0.0000	0.0000	0.0000	0.0000	0.0000	0.0000	0.0000	0.0000	0.0000	0.0000	0.0000	0.0000	0.0000	0.0000	0.0000	0.0000	0.0000	0.0000	0.0000	0.0000	0.0000	0.0000	0.0000	0.0000	0.0000	0.0000	0.0000
97	134	0.0425	5	2	0	1	0	1	0	1	0	1	0	1	0	0	0	0	0	0	0	Y	N	N	N	N	N	N	N	N	N	N	N	N	N	N	N	N	N	0.0000	0.0000	0.0000	0.0000	0.0000	0.0000	0.0000	0.0000	0.0000	0.0000	0.0000	0.0000	0.0000	0.0000	0.0000	0.0000	0.0000	0.0000	0.0000	0.0000	0.0000	0.0000	0.0000	0.0000	0.0000	0.0000	0.0000			0.0000	0.0000	0.9999	4.0005	0.0008	6.9251	0.0000	0.0000	0.0000	0.0000	0.0000	0.0000	0.0000	0.0000	0.0000	0.0000	0.0000	0.0000	0.0000	0.0000	0.0000	0.0000	0.0000	0.0000	0.0473	0.0413	0.0060	0.0004	0.0004	0.0000	0.0469	0.0410	0.0060	0.0215	0.0108	0.0107	0.0011	0.0010	0.0001	0.0204	0.0098	0.0106
97	135	0.0751	10	2	0	1	0	0	0	0	0	0	0	1	0	0	0	0	0	0	0	Y	N	N	N	N	N	N	N	N	N	N	N	N	N	N	N	N	N	0.0000	0.0000	0.0000	0.0000	0.0000	0.0000	0.0000	0.0000	0.0000	0.0000	0.0000	0.0000	0.0000	0.0000	0.0000	0.0000	0.0000	0.0000	0.0001	0.0002	0.0000	0.0012	0.0014	0.0000	0.0000	0.0000	0.0000		0.0000	0.0000	-0.0000	0.9999	0.9923	0.0008	0.0060	0.0000	0.0000	0.0000	0.0000	0.0000	0.0000	0.0000	0.0000	0.0000	0.0000	0.0000	0.0000	0.0000	0.0000	0.0000	0.0000	0.0000	0.0000	0.0120	0.0105	0.0015	0.0005	0.0005	0.0000	0.0115	0.0100	0.0015	0.0019	0.0010	0.0009	0.0001	0.0001	0.0000	0.0017	0.0008	0.0009
97	136	0.0622	9	2	0	1	0	0	0	0	0	1	0	1	0	0	0	0	0	0	0	Y	N	N	N	N	N	N	N	N	N	N	N	N	N	N	N	N	N	0.0000	0.0000	0.0000	0.0000	0.0000	0.0000	0.0000	0.0000	0.0000	0.0000	0.0000	0.0000	0.0000	0.0000	0.0000	0.0000	0.0000	0.0000	0.0000	0.0000	0.0000	0.0000	0.0000	0.0000	0.0000	0.0000	0.0000		inf	0.0000	0.0000	0.9999	2.0106	0.0008	2.0023	0.0000	0.0000	0.0000	0.0000	0.0000	0.0000	0.0000	0.0000	0.0000	0.0000	0.0000	0.0000	0.0000	0.0000	0.0000	0.0000	0.0000	0.0000	0.0235	0.0205	0.0030	0.0006	0.0006	0.0000	0.0229	0.0199	0.0029	0.0076	0.0038	0.0038	0.0004	0.0003	0.0001	0.0072	0.0034	0.0038
97	137	0.0590	8	2	0	1	0	1	0	0	0	0	0	0	0	0	0	0	0	0	0	Y	N	N	N	N	N	N	N	N	N	N	N	N	N	N	N	N	N	0.0000	0.0000	0.0000	0.0000	0.0000	0.0000	0.0000	0.0000	0.0000	0.0000	0.0000	0.0000	0.0000	0.0000	0.0000	0.0000	0.0000	0.0000	0.0000	0.0000	0.0000	0.0000	0.0000	0.0000	0.0000	0.0000	0.0000			0.0000	0.0000	0.9999	0.0008	0.0008	1.0019	0.0000	0.0000	0.0000	0.0000	0.0000	0.0000	0.0000	0.0000	0.0000	0.0000	0.0000	0.0000	0.0000	0.0000	0.0000	0.0000	0.0000	0.0000	0.0000	0.0000	0.0000	0.0000	0.0000	0.0000	0.0000	0.0000	0.0000	0.0019	0.0010	0.0010	0.0001	0.0001	0.0000	0.0018	0.0009	0.0010
99	107	0.0824	4	2	0	1	0	1	0	1	0	0	0	0	0	0	0	0	0	0	0	Y	N	N	N	N	N	N	N	N	N	N	N	N	N	N	N	N	N	0.0000	0.0333	0.0000	0.0000	0.0000	0.0000	0.0000	0.0326	0.0000	0.0003	0.0004	0.0000	0.0000	0.0000	0.0000	0.0003	0.0004	0.0000	16.9919	0.0117	33.6612	0.0001	0.0001	0.0000	17.2439	0.0120	33.7991	0.0000	2919.9137	-0.0000	0.3780	5.0000	1.0015	11.0015	0.9989	0.0000	0.0000	0.0000	0.0000	0.0000	0.0000	0.0000	0.0000	0.0000	0.9933	0.0003	0.9930	0.0000	0.0000	0.0000	0.9933	0.0003	0.9930	0.0586	0.0512	0.0074	0.0003	0.0003	0.0000	0.0583	0.0509	0.0074	0.0585	0.0290	0.0295	0.0009	0.0007	0.0001	0.0576	0.0282	0.0294
99	108	0.0792	3	2	0	1	0	1	0	1	0	0	0	0	0	0	0	0	0	0	0	Y	N	N	N	N	N	N	N	N	N	N	N	N	N	N	N	N	N	0.0000	0.0000	0.0000	0.0000	0.0000	0.0000	0.0000	0.0000	0.0000	0.0000	0.0000	0.0000	0.0000	0.0000	0.0000	0.0000	0.0000	0.0000	0.0003	0.0000	0.0007	0.0000	0.0000	0.0002	0.0003	0.0000	0.0007		956.6667	0.0000	0.0000	5.0000	1.0004	11.0015	0.0020	0.0000	0.0000	0.0000	0.0000	0.0000	0.0000	0.0000	0.0000	0.0000	0.0000	0.0000	0.0000	0.0000	0.0000	0.0000	0.0000	0.0000	0.0000	0.0591	0.0516	0.0074	0.0003	0.0003	0.0000	0.0587	0.0513	0.0074	0.0299	0.0148	0.0151	0.0006	0.0005	0.0001	0.0294	0.0143	0.0150
99	109	0.0532	2	2	0	1	0	2	0	1	0	0	0	0	0	0	0	0	0	0	0	Y	N	N	N	N	N	N	N	N	N	N	N	N	N	N	N	N	N	0.0000	0.0000	0.0000	0.0000	0.0000	0.0000	0.0000	0.0000	0.0000	0.0000	0.0000	0.0000	0.0000	0.0000	0.0000	0.0000	0.0000	0.0000	0.0003	0.0006	0.0000	0.2144	0.2167	0.0000	0.0000	0.0000	0.0000		0.0312	0.0000	-0.0000	5.0000	3.0035	11.0015	5.0043	0.0000	0.0000	0.0000	0.0000	0.0000	0.0000	0.0000	0.0000	0.0000	0.0001	0.0001	0.0000	0.0001	0.0001	0.0000	0.0000	0.0000	0.0000	0.1747	0.1526	0.0221	0.0001	0.0001	0.0000	0.1746	0.1525	0.0221	0.2292	0.1122	0.1170	0.0003	0.0003	0.0000	0.2289	0.1118	0.1170
99	112	0.0926	8	2	0	1	0	2	0	1	0	0	0	0	0	0	0	0	0	0	0	Y	N	N	N	N	N	N	N	N	N	N	N	N	N	N	N	N	N	0.0001	0.0002	0.0001	0.0015	0.0025	0.0000	0.0000	0.0000	0.0001	0.0000	0.0000	0.0000	0.0001	0.0001	0.0000	0.0000	0.0000	0.0000	0.0333	0.0085	0.0683	0.0384	0.0240	0.3301	0.0319	0.0005	0.0619	0.7631	5.6568	0.0000	0.0018	5.0000	3.0209	11.0015	2.2550	0.0000	0.0000	0.0000	0.0000	0.0000	0.0000	0.0000	0.0000	0.0000	0.0076	0.0011	0.0065	0.0019	0.0011	0.0007	0.0058	0.0000	0.0057	0.1771	0.1550	0.0222	0.0044	0.0041	0.0002	0.1728	0.1509	0.0219	0.2298	0.1347	0.0951	0.0483	0.0460	0.0023	0.1815	0.0887	0.0928
100	107	0.1282	14	2	0	1	0	0	0	0	0	0	0	0	0	0	0	0	0	0	0	Y	N	N	N	N	N	N	N	N	N	N	N	N	N	N	N	N	N	0.0000	0.0000	0.0000	0.0000	0.0000	0.0000	0.0000	0.0000	0.0000	0.0000	0.0000	0.0000	0.0000	0.0000	0.0000	0.0000	0.0000	0.0000	0.0000	0.0000	0.0000	0.0001	0.0001	0.0001	0.0000	0.0000	0.0000		0.4958	0.0000	-0.0000	2.0003	1.0015	3.6794	0.9989	0.0000	0.0000	0.0000	0.0000	0.0000	0.0000	0.0000	0.0000	0.0000	0.0000	0.0000	0.0000	0.0000	0.0000	0.0000	0.0000	0.0000	0.0000	0.0241	0.0211	0.0030	0.0015	0.0014	0.0001	0.0226	0.0197	0.0029	0.0236	0.0133	0.0103	0.0041	0.0036	0.0006	0.0194	0.0097	0.0097
100	108	0.1250	13	2	0	1	0	0	0	0	0	0	0	0	0	0	0	0	0	0	0	Y	N	N	N	N	N	N	N	N	N	N	N	N	N	N	N	N	N	0.0000	0.0000	0.0000	0.0000	0.0000	0.0000	0.0000	0.0000	0.0000	0.0000	0.0000	0.0000	0.0000	0.0000	0.0000	0.0000	0.0000	0.0000	0.0025	0.0045	0.0000	0.0145	0.0168	0.0000	0.0000	0.0000	0.0000		0.0000	0.0000	-0.0000	2.0003	1.0004	3.6794	0.0020	0.0000	0.0000	0.0000	0.0000	0.0000	0.0000	0.0000	0.0000	0.0000	0.0000	0.0000	0.0000	0.0000	0.0000	0.0000	0.0000	0.0000	0.0000	0.0240	0.0211	0.0030	0.0015	0.0014	0.0001	0.0226	0.0197	0.0029	0.0119	0.0067	0.0052	0.0021	0.0018	0.0003	0.0098	0.0049	0.0049
100	109	0.0990	12	2	0	1	0	1	0	0	0	0	0	0	0	0	0	0	0	0	0	Y	N	N	N	N	N	N	N	N	N	N	N	N	N	N	N	N	N	0.0000	0.0000	0.0000	0.0000	0.0000	0.0000	0.0000	0.0000	0.0000	0.0000	0.0000	0.0000	0.0000	0.0000	0.0000	0.0000	0.0000	0.0000	0.0176	0.0310	0.0005	0.1059	0.1222	0.0000	0.0004	0.0003	0.0005		0.0125	0.0000	-0.0010	2.0003	3.0035	3.6794	5.0043	0.0000	0.0000	0.0000	0.0000	0.0000	0.0000	0.0000	0.0000	0.0000	0.0016	0.0016	0.0000	0.0016	0.0016	0.0000	0.0000	0.0000	0.0000	0.0712	0.0623	0.0088	0.0040	0.0038	0.0002	0.0672	0.0586	0.0086	0.0916	0.0514	0.0402	0.0150	0.0130	0.0020	0.0767	0.0384	0.0383
100	112	0.0597	6	2	0	1	0	1	0	0	0	0	0	0	0	0	0	0	0	0	0	Y	N	N	N	N	N	N	N	N	N	N	N	N	N	N	N	N	N	0.0000	0.0000	0.0000	0.0000	0.0000	0.0000	0.0000	0.0000	0.0000	0.0000	0.0000	0.0000	0.0000	0.0000	0.0000	0.0000	0.0000	0.0000	0.0259	0.0210	0.0337	0.0537	0.0530	0.0798	0.0167	0.0003	0.0329		0.9973	0.0000	-0.0003	2.0003	3.0209	3.6794	2.2550	0.0000	0.0000	0.0000	0.0000	0.0000	0.0000	0.0000	0.0000	0.0000	0.0025	0.0012	0.0012	0.0013	0.0012	0.0000	0.0012	0.0000	0.0012	0.0740	0.0648	0.0092	0.0030	0.0028	0.0002	0.0711	0.0620	0.0090	0.0961	0.0593	0.0368	0.0239	0.0233	0.0006	0.0722	0.0360	0.0362
101	107	0.1100	13	2	0	1	0	1	0	1	0	0	0	0	0	0	0	0	0	0	0	Y	N	N	N	N	N	N	N	N	N	N	N	N	N	N	N	N	N	0.0000	0.0000	0.0000	0.0000	0.0000	0.0000	0.0000	0.0000	0.0000	0.0000	0.0000	0.0000	0.0000	0.0000	0.0000	0.0000	0.0000	0.0000	0.0100	0.0145	0.0049	0.0577	0.0692	0.0000	0.0035	0.0018	0.0052		0.3002	0.0000	-0.0001	0.0087	1.0015	3.3708	0.9989	0.0000	0.0000	0.0000	0.0000	0.0000	0.0000	0.0000	0.0000	0.0000	0.0001	0.0001	0.0000	0.0001	0.0001	0.0000	0.0000	0.0000	0.0000	0.0004	0.0003	0.0000	0.0002	0.0001	0.0000	0.0002	0.0002	0.0000	0.0129	0.0069	0.0061	0.0016	0.0013	0.0003	0.0114	0.0056	0.0058
101	108	0.1068	12	2	0	1	0	1	0	1	0	0	0	0	0	0	0	0	0	0	0	Y	N	N	N	N	N	N	N	N	N	N	N	N	N	N	N	N	N	0.0000	0.0000	0.0000	0.0000	0.0000	0.0000	0.0000	0.0000	0.0000	0.0000	0.0000	0.0000	0.0000	0.0000	0.0000	0.0000	0.0000	0.0000	0.0000	0.0000	0.0000	0.0001	0.0001	0.0000	0.0000	0.0000	0.0000		0.1611	0.0000	-0.0000	0.0087	1.0004	3.3708	0.0020	0.0000	0.0000	0.0000	0.0000	0.0000	0.0000	0.0000	0.0000	0.0000	0.0000	0.0000	0.0000	0.0000	0.0000	0.0000	0.0000	0.0000	0.0000	0.0004	0.0003	0.0000	0.0002	0.0001	0.0000	0.0002	0.0002	0.0000	0.0065	0.0035	0.0031	0.0008	0.0007	0.0001	0.0057	0.0028	0.0029
101	109	0.0808	11	2	0	1	0	2	0	1	0	0	0	0	0	0	0	0	0	0	0	Y	N	N	N	N	N	N	N	N	N	N	N	N	N	N	N	N	N	0.0000	0.0000	0.0000	0.0000	0.0000	0.0000	0.0000	0.0000	0.0000	0.0000	0.0000	0.0000	0.0000	0.0000	0.0000	0.0000	0.0000	0.0000	0.0027	0.0020	0.0034	0.0007	0.0009	0.0000	0.0029	0.0023	0.0035		1.4872	0.0000	-0.0000	0.0087	3.0035	3.3708	5.0043	0.0000	0.0000	0.0000	0.0000	0.0000	0.0000	0.0000	0.0000	0.0000	0.0001	0.0001	0.0001	0.0000	0.0000	0.0000	0.0001	0.0001	0.0001	0.0011	0.0010	0.0001	0.0004	0.0004	0.0000	0.0007	0.0006	0.0001	0.0502	0.0265	0.0238	0.0054	0.0045	0.0009	0.0449	0.0220	0.0229
101	112	0.0414	5	2	0	1	0	2	0	1	0	0	0	0	0	0	0	0	0	0	0	Y	N	N	N	N	N	N	N	N	N	N	N	N	N	N	N	N	N	0.0000	0.0000	0.0000	0.0000	0.0000	0.0000	0.0000	0.0000	0.0000	0.0000	0.0000	0.0000	0.0000	0.0000	0.0000	0.0000	0.0000	0.0000	10.4223	9.1842	12.0333	17.1778	17.2861	0.0408	7.4962	0.0060	12.0859		1.0069	0.0000	-0.0947	0.0087	3.0209	3.3708	2.2550	0.0000	0.0000	0.0000	0.0000	0.0000	0.0000	0.0000	0.0000	0.0000	0.8061	0.4016	0.4044	0.4015	0.4015	0.0000	0.4045	0.0001	0.4044	0.0012	0.0010	0.0001	0.0004	0.0004	0.0000	0.0007	0.0006	0.0001	0.0773	0.0437	0.0336	0.0234	0.0232	0.0001	0.0540	0.0205	0.0335
106	112	0.1044	10	2	0	1	0	1	0	1	0	0	0	0	0	0	0	0	0	0	0	Y	N	N	N	N	N	N	N	N	N	N	N	N	N	N	N	N	N	0.0000	0.0000	0.0000	0.0000	0.0000	0.0000	0.0000	0.0000	0.0000	0.0000	0.0000	0.0000	0.0000	0.0000	0.0000	0.0000	0.0000	0.0000	0.0904	0.1511	0.0025	0.3890	0.4146	0.0000	0.0013	0.0000	0.0026		0.0112	0.0000	-0.0066	3.0043	3.0209	5.0032	2.2550	0.0000	0.0000	0.0000	0.0000	0.0000	0.0000	0.0000	0.0000	0.0000	0.0109	0.0108	0.0001	0.0108	0.0108	0.0000	0.0001	0.0000	0.0001	0.1083	0.0947	0.0135	0.0031	0.0030	0.0002	0.1051	0.0918	0.0134	0.1208	0.0715	0.0493	0.0278	0.0261	0.0017	0.0931	0.0455	0.0476
107	110	0.1110	11	2	0	1	0	0	0	0	0	0	0	0	0	0	0	0	0	0	0	Y	N	N	N	N	N	N	N	N	N	N	N	N	N	N	N	N	N	0.0000	0.0000	0.0000	0.0000	0.0000	0.0000	0.0000	0.0000	0.0000	0.0000	0.0000	0.0000	0.0000	0.0000	0.0000	0.0000	0.0000	0.0000	0.0026	0.0050	0.0000	0.0224	0.0286	0.0000	0.0007	0.0014	0.0000		0.0018	0.0000	-0.0001	1.0015	7.0195	0.9989	5.1243	0.0000	0.0000	0.0000	0.0000	0.0000	0.0000	0.0000	0.0000	0.0000	0.0001	0.0001	0.0000	0.0001	0.0001	0.0000	0.0000	0.0000	0.0000	0.0800	0.0701	0.0099	0.0034	0.0032	0.0002	0.0766	0.0669	0.0097	0.0459	0.0241	0.0218	0.0041	0.0032	0.0009	0.0418	0.0209	0.0209
107	111	0.0885	10	2	0	1	0	0	0	1	0	0	0	0	0	0	0	0	0	0	0	Y	N	N	N	N	N	N	N	N	N	N	N	N	N	N	N	N	N	0.0000	0.0000	0.0000	0.0000	0.0000	0.0000	0.0000	0.0000	0.0000	0.0000	0.0000	0.0000	0.0000	0.0000	0.0000	0.0000	0.0000	0.0000	0.0048	0.0079	0.0004	0.0082	0.0087	0.0000	0.0039	0.0075	0.0004		0.0351	0.0000	-0.0001	1.0015	2.0281	0.9989	3.4706	0.0000	0.0000	0.0000	0.0000	0.0000	0.0000	0.0000	0.0000	0.0000	0.0001	0.0001	0.0000	0.0001	0.0001	0.0000	0.0001	0.0001	0.0000	0.0242	0.0211	0.0030	0.0010	0.0009	0.0001	0.0232	0.0202	0.0030	0.0310	0.0181	0.0129	0.0066	0.0062	0.0004	0.0244	0.0119	0.0125
107	112	0.0751	9	2	0	0	0	1	0	0	0	0	0	0	0	0	0	0	0	0	0	Y	N	N	N	N	N	N	N	N	N	N	N	N	N	N	N	N	N	0.0000	0.0000	0.0000	0.0000	0.0000	0.0000	0.0000	0.0000	0.0000	0.0000	0.0000	0.0000	0.0000	0.0000	0.0000	0.0000	0.0000	0.0000	0.0022	0.0026	0.0018	0.0054	0.0057	0.0000	0.0013	0.0008	0.0018		0.4827	0.0000	-0.0000	1.0015	3.0209	0.9989	2.2550	0.0000	0.0000	0.0000	0.0000	0.0000	0.0000	0.0000	0.0000	0.0000	0.0001	0.0000	0.0000	0.0000	0.0000	0.0000	0.0000	0.0000	0.0000	0.0364	0.0319	0.0046	0.0011	0.0010	0.0001	0.0354	0.0309	0.0045	0.0310	0.0183	0.0127	0.0068	0.0064	0.0004	0.0242	0.0118	0.0124
107	126	0.0687	10	2	0	1	0	0	0	0	0	0	0	0	0	0	0	0	0	0	0	Y	N	N	N	N	N	N	N	N	N	N	N	N	N	N	N	N	N	0.0000	0.0000	0.0000	0.0000	0.0000	0.0000	0.0000	0.0000	0.0000	0.0000	0.0000	0.0000	0.0000	0.0000	0.0000	0.0000	0.0000	0.0000	0.0000	0.0000	0.0000	0.0000	0.0000	0.0000	0.0000	0.0000	0.0000		0.0000	0.0000	-0.0000	1.0015	1.0002	0.9989	2.0058	0.0000	0.0000	0.0000	0.0000	0.0000	0.0000	0.0000	0.0000	0.0000	0.0000	0.0000	0.0000	0.0000	0.0000	0.0000	0.0000	0.0000	0.0000	0.0118	0.0103	0.0015	0.0003	0.0003	0.0000	0.0115	0.0100	0.0015	0.0114	0.0057	0.0057	0.0006	0.0005	0.0001	0.0108	0.0052	0.0056
107	133	0.0890	7	2	0	1	0	0	0	0	0	0	0	1	0	0	0	0	0	0	0	Y	N	N	N	N	N	N	N	N	N	N	N	N	N	N	N	N	N	0.0000	0.0000	0.0000	0.0000	0.0000	0.0000	0.0000	0.0000	0.0000	0.0000	0.0000	0.0000	0.0000	0.0000	0.0000	0.0000	0.0000	0.0000	0.0000	0.0000	0.0000	0.0000	0.0000	0.0000	0.0000	0.0000	0.0000			0.0000	0.0000	1.0015	0.0000	0.9989	0.0001	0.0000	0.0000	0.0000	0.0000	0.0000	0.0000	0.0000	0.0000	0.0000	0.0000	0.0000	0.0000	0.0000	0.0000	0.0000	0.0000	0.0000	0.0000	0.0000	0.0000	0.0000	0.0000	0.0000	0.0000	0.0000	0.0000	0.0000	0.0000	0.0000	0.0000	0.0000	0.0000	0.0000	0.0000	0.0000	0.0000
107	134	0.0490	6	2	0	1	0	1	0	1	0	1	0	1	0	0	0	0	0	0	0	Y	N	N	N	N	N	N	N	N	N	N	N	N	N	N	N	N	N	inf	inf	0.0000	0.0000	0.0000	0.0000	inf	inf	0.0000	0.0000	0.0000	0.0000	0.0000	0.0000	0.0000	0.0000	0.0000	0.0000	0.0000	0.0000	0.0000	0.0000	0.0000	0.0000	0.0000	0.0000	0.0000	0.0000		-0.0000	0.0000	1.0015	4.0005	0.9989	6.9251	0.0000	0.0000	0.0000	0.0000	0.0000	0.0000	0.0000	0.0000	0.0000	0.0000	0.0000	0.0000	0.0000	0.0000	0.0000	0.0000	0.0000	0.0000	0.0474	0.0414	0.0060	0.0004	0.0004	0.0000	0.0470	0.0410	0.0060	0.0427	0.0215	0.0212	0.0022	0.0020	0.0002	0.0405	0.0195	0.0210
107	135	0.0816	11	2	0	1	0	0	0	0	0	0	0	1	0	0	0	0	0	0	0	Y	N	N	N	N	N	N	N	N	N	N	N	N	N	N	N	N	N	0.0000	0.0000	0.0000	0.0000	0.0000	0.0000	0.0000	0.0000	0.0000	0.0000	0.0000	0.0000	0.0000	0.0000	0.0000	0.0000	0.0000	0.0000	0.0002	0.0000	0.0003	0.0000	0.0000	0.0000	0.0002	0.0000	0.0003		inf	0.0000	0.0000	1.0015	0.9923	0.9989	0.0060	0.0000	0.0000	0.0000	0.0000	0.0000	0.0000	0.0000	0.0000	0.0000	0.0000	0.0000	0.0000	0.0000	0.0000	0.0000	0.0000	0.0000	0.0000	0.0119	0.0104	0.0015	0.0005	0.0005	0.0000	0.0114	0.0099	0.0015	0.0037	0.0019	0.0018	0.0002	0.0002	0.0000	0.0034	0.0016	0.0018
107	136	0.0687	10	2	0	1	0	0	0	0	0	1	0	1	0	0	0	0	0	0	0	Y	N	N	N	N	N	N	N	N	N	N	N	N	N	N	N	N	N	0.0000	0.0000	0.0000	0.0000	0.0000	0.0000	0.0000	0.0000	0.0000	0.0000	0.0000	0.0000	0.0000	0.0000	0.0000	0.0000	0.0000	0.0000	0.0000	0.0001	0.0000	0.0008	0.0009	0.0000	0.0000	0.0000	0.0000		0.0000	0.0000	-0.0000	1.0015	2.0106	0.9989	2.0023	0.0000	0.0000	0.0000	0.0000	0.0000	0.0000	0.0000	0.0000	0.0000	0.0000	0.0000	0.0000	0.0000	0.0000	0.0000	0.0000	0.0000	0.0000	0.0235	0.0205	0.0030	0.0006	0.0006	0.0000	0.0229	0.0200	0.0029	0.0151	0.0075	0.0076	0.0008	0.0007	0.0001	0.0143	0.0069	0.0074
107	137	0.0655	9	2	0	1	0	1	0	0	0	0	0	0	0	0	0	0	0	0	0	Y	N	N	N	N	N	N	N	N	N	N	N	N	N	N	N	N	N	0.0000	0.0000	0.0000	0.0000	0.0000	0.0000	0.0000	0.0000	0.0000	0.0000	0.0000	0.0000	0.0000	0.0000	0.0000	0.0000	0.0000	0.0000	0.0052	0.0105	0.0000	0.0000	0.0000	0.0000	0.0055	0.0114	0.0000		0.0000	0.0000	-0.0000	1.0015	0.0008	0.9989	1.0019	0.0000	0.0000	0.0000	0.0000	0.0000	0.0000	0.0000	0.0000	0.0000	0.0000	0.0000	0.0000	0.0000	0.0000	0.0000	0.0000	0.0000	0.0000	0.0000	0.0000	0.0000	0.0000	0.0000	0.0000	0.0000	0.0000	0.0000	0.0038	0.0019	0.0019	0.0002	0.0001	0.0000	0.0036	0.0018	0.0019
108	110	0.1045	10	2	0	1	0	0	0	0	0	0	0	0	0	0	0	0	0	0	0	Y	N	N	N	N	N	N	N	N	N	N	N	N	N	N	N	N	N	0.0000	0.0000	0.0000	0.0000	0.0000	0.0000	0.0000	0.0000	0.0000	0.0000	0.0000	0.0000	0.0000	0.0000	0.0000	0.0000	0.0000	0.0000	0.0069	0.0000	0.0144	0.0000	0.0000	0.0000	0.0075	0.0000	0.0150		2683.3007	0.0000	0.0001	1.0004	7.0195	0.0020	5.1243	0.0000	0.0000	0.0000	0.0000	0.0000	0.0000	0.0000	0.0000	0.0000	0.0002	0.0000	0.0002	0.0000	0.0000	0.0000	0.0002	0.0000	0.0002	0.0799	0.0700	0.0099	0.0034	0.0032	0.0002	0.0766	0.0668	0.0097	0.0231	0.0121	0.0110	0.0020	0.0016	0.0004	0.0210	0.0105	0.0106
108	111	0.0820	9	2	0	1	0	0	0	1	0	0	0	0	0	0	0	0	0	0	0	Y	N	N	N	N	N	N	N	N	N	N	N	N	N	N	N	N	N	0.0000	0.0000	0.0000	0.0000	0.0000	0.0000	0.0000	0.0000	0.0000	0.0000	0.0000	0.0000	0.0000	0.0000	0.0000	0.0000	0.0000	0.0000	0.0002	0.0001	0.0002	0.0004	0.0004	0.0000	0.0001	0.0000	0.0002		0.9826	0.0000	-0.0000	1.0004	2.0281	0.0020	3.4706	0.0000	0.0000	0.0000	0.0000	0.0000	0.0000	0.0000	0.0000	0.0000	0.0000	0.0000	0.0000	0.0000	0.0000	0.0000	0.0000	0.0000	0.0000	0.0241	0.0211	0.0030	0.0009	0.0009	0.0001	0.0232	0.0202	0.0030	0.0156	0.0091	0.0065	0.0033	0.0031	0.0002	0.0123	0.0060	0.0063
108	112	0.0686	8	2	0	0	0	1	0	0	0	0	0	0	0	0	0	0	0	0	0	Y	N	N	N	N	N	N	N	N	N	N	N	N	N	N	N	N	N	0.0000	0.0000	0.0000	0.0000	0.0000	0.0000	0.0000	0.0000	0.0000	0.0000	0.0000	0.0000	0.0000	0.0000	0.0000	0.0000	0.0000	0.0000	0.0001	0.0000	0.0002	0.0000	0.0000	0.0000	0.0001	0.0000	0.0002		89.1064	0.0000	0.0000	1.0004	3.0209	0.0020	2.2550	0.0000	0.0000	0.0000	0.0000	0.0000	0.0000	0.0000	0.0000	0.0000	0.0000	0.0000	0.0000	0.0000	0.0000	0.0000	0.0000	0.0000	0.0000	0.0364	0.0318	0.0046	0.0011	0.0010	0.0001	0.0353	0.0308	0.0045	0.0156	0.0092	0.0064	0.0034	0.0032	0.0002	0.0122	0.0059	0.0062
108	126	0.0622	9	2	0	1	0	0	0	0	0	0	0	0	0	0	0	0	0	0	0	Y	N	N	N	N	N	N	N	N	N	N	N	N	N	N	N	N	N	0.0000	0.0000	0.0000	0.0000	0.0000	0.0000	0.0000	0.0000	0.0000	0.0000	0.0000	0.0000	0.0000	0.0000	0.0000	0.0000	0.0000	0.0000	0.0000	0.0000	0.0000	0.0000	0.0000	0.0000	0.0000	0.0000	0.0000			0.0000	0.0000	1.0004	1.0002	0.0020	2.0058	0.0000	0.0000	0.0000	0.0000	0.0000	0.0000	0.0000	0.0000	0.0000	0.0000	0.0000	0.0000	0.0000	0.0000	0.0000	0.0000	0.0000	0.0000	0.0118	0.0103	0.0015	0.0003	0.0003	0.0000	0.0115	0.0100	0.0015	0.0058	0.0029	0.0029	0.0003	0.0003	0.0000	0.0055	0.0026	0.0028
108	133	0.0826	6	2	0	1	0	0	0	0	0	0	0	1	0	0	0	0	0	0	0	Y	N	N	N	N	N	N	N	N	N	N	N	N	N	N	N	N	N	0.0000	0.0000	0.0000	0.0000	0.0000	0.0000	0.0000	0.0000	0.0000	0.0000	0.0000	0.0000	0.0000	0.0000	0.0000	0.0000	0.0000	0.0000	0.0000	0.0000	0.0000	0.0000	0.0000	0.0000	0.0000	0.0000	0.0000			0.0000	0.0000	1.0004	0.0000	0.0020	0.0001	0.0000	0.0000	0.0000	0.0000	0.0000	0.0000	0.0000	0.0000	0.0000	0.0000	0.0000	0.0000	0.0000	0.0000	0.0000	0.0000	0.0000	0.0000	0.0000	0.0000	0.0000	0.0000	0.0000	0.0000	0.0000	0.0000	0.0000	0.0000	0.0000	0.0000	0.0000	0.0000	0.0000	0.0000	0.0000	0.0000
108	134	0.0425	5	2	0	1	0	1	0	1	0	1	0	1	0	0	0	0	0	0	0	Y	N	N	N	N	N	N	N	N	N	N	N	N	N	N	N	N	N	0.0000	0.0000	0.0000	0.0000	0.0000	0.0000	0.0000	0.0000	0.0000	0.0000	0.0000	0.0000	0.0000	0.0000	0.0000	0.0000	0.0000	0.0000	0.0000	0.0000	0.0000	0.0000	0.0000	0.0000	0.0000	0.0000	0.0000			0.0000	-0.0000	1.0004	4.0005	0.0020	6.9251	0.0000	0.0000	0.0000	0.0000	0.0000	0.0000	0.0000	0.0000	0.0000	0.0000	0.0000	0.0000	0.0000	0.0000	0.0000	0.0000	0.0000	0.0000	0.0473	0.0413	0.0060	0.0004	0.0004	0.0000	0.0469	0.0410	0.0060	0.0215	0.0108	0.0107	0.0011	0.0010	0.0001	0.0204	0.0098	0.0106
108	135	0.0751	10	2	0	1	0	0	0	0	0	0	0	1	0	0	0	0	0	0	0	Y	N	N	N	N	N	N	N	N	N	N	N	N	N	N	N	N	N	0.0000	0.0000	0.0000	0.0000	0.0000	0.0000	0.0000	0.0000	0.0000	0.0000	0.0000	0.0000	0.0000	0.0000	0.0000	0.0000	0.0000	0.0000	0.0001	0.0002	0.0000	0.0012	0.0014	0.0000	0.0000	0.0000	0.0000		0.0000	0.0000	-0.0000	1.0004	0.9923	0.0020	0.0060	0.0000	0.0000	0.0000	0.0000	0.0000	0.0000	0.0000	0.0000	0.0000	0.0000	0.0000	0.0000	0.0000	0.0000	0.0000	0.0000	0.0000	0.0000	0.0120	0.0105	0.0015	0.0005	0.0005	0.0000	0.0115	0.0100	0.0015	0.0019	0.0010	0.0009	0.0001	0.0001	0.0000	0.0017	0.0008	0.0009
108	136	0.0622	9	2	0	1	0	0	0	0	0	1	0	1	0	0	0	0	0	0	0	Y	N	N	N	N	N	N	N	N	N	N	N	N	N	N	N	N	N	0.0000	0.0000	0.0000	0.0000	0.0000	0.0000	0.0000	0.0000	0.0000	0.0000	0.0000	0.0000	0.0000	0.0000	0.0000	0.0000	0.0000	0.0000	0.0000	0.0000	0.0000	0.0000	0.0000	0.0000	0.0000	0.0000	0.0000		inf	0.0000	0.0000	1.0004	2.0106	0.0020	2.0023	0.0000	0.0000	0.0000	0.0000	0.0000	0.0000	0.0000	0.0000	0.0000	0.0000	0.0000	0.0000	0.0000	0.0000	0.0000	0.0000	0.0000	0.0000	0.0235	0.0205	0.0030	0.0006	0.0006	0.0000	0.0229	0.0200	0.0029	0.0076	0.0038	0.0038	0.0004	0.0003	0.0001	0.0072	0.0035	0.0038
108	137	0.0590	8	2	0	1	0	1	0	0	0	0	0	0	0	0	0	0	0	0	0	Y	N	N	N	N	N	N	N	N	N	N	N	N	N	N	N	N	N	0.0000	0.0000	0.0000	0.0000	0.0000	0.0000	0.0000	0.0000	0.0000	0.0000	0.0000	0.0000	0.0000	0.0000	0.0000	0.0000	0.0000	0.0000	0.0000	0.0000	0.0000	0.0000	0.0000	0.0000	0.0000	0.0000	0.0000			0.0000	0.0000	1.0004	0.0008	0.0020	1.0019	0.0000	0.0000	0.0000	0.0000	0.0000	0.0000	0.0000	0.0000	0.0000	0.0000	0.0000	0.0000	0.0000	0.0000	0.0000	0.0000	0.0000	0.0000	0.0000	0.0000	0.0000	0.0000	0.0000	0.0000	0.0000	0.0000	0.0000	0.0019	0.0010	0.0010	0.0001	0.0001	0.0000	0.0018	0.0009	0.0010
109	110	0.1013	9	2	0	1	0	1	0	0	0	0	0	0	0	0	0	0	0	0	0	Y	N	N	N	N	N	N	N	N	N	N	N	N	N	N	N	N	N	0.0000	0.0168	0.0000	0.0003	0.0003	0.0000	0.0000	inf	0.0000	0.0001	0.0001	0.0000	0.0000	0.0000	0.0000	0.0001	0.0001	0.0000	5.5833	0.0057	11.6280	0.0444	0.0507	0.0229	6.0383	0.0000	12.0587	0.0000	1873.1209	-0.0000	0.3777	3.0035	7.0195	5.0043	5.1243	0.0000	0.0000	0.0000	0.0000	0.0000	0.0000	0.0000	0.0000	0.0000	0.9932	0.0005	0.9926	0.0006	0.0005	0.0001	0.9926	0.0000	0.9926	0.2366	0.2071	0.0294	0.0088	0.0083	0.0005	0.2277	0.1988	0.0289	0.1779	0.0925	0.0854	0.0135	0.0104	0.0031	0.1644	0.0821	0.0823
109	111	0.0788	8	2	0	1	0	1	0	1	0	0	0	0	0	0	0	0	0	0	0	Y	N	N	N	N	N	N	N	N	N	N	N	N	N	N	N	N	N	0.0000	0.0000	0.0001	0.0002	0.0002	0.0000	0.0000	0.0001	0.0001	0.0000	0.0000	0.0000	0.0001	0.0001	0.0000	0.0000	0.0000	0.0000	0.1560	0.1584	0.1526	0.4483	0.4729	0.0000	0.0813	0.0017	0.1566	0.6030	0.6979	0.0000	-0.0039	3.0035	2.0281	5.0043	3.4706	0.0000	0.0000	0.0000	0.0000	0.0000	0.0000	0.0000	0.0000	0.0000	0.0187	0.0110	0.0077	0.0109	0.0109	0.0000	0.0078	0.0001	0.0077	0.0715	0.0625	0.0090	0.0025	0.0023	0.0001	0.0690	0.0602	0.0088	0.1200	0.0696	0.0504	0.0244	0.0231	0.0013	0.0956	0.0464	0.0491
109	112	0.0654	7	2	0	0	0	2	0	0	0	0	0	0	0	0	0	0	0	0	0	Y	N	N	N	N	N	N	N	N	N	N	N	N	N	N	N	N	N	0.0000	0.0015	0.0001	0.0237	0.0239	0.0000	0.0000	0.0000	0.0001	0.0000	0.0000	0.0000	0.0001	0.0001	0.0000	0.0000	0.0000	0.0000	0.0921	0.0017	0.2201	0.0039	0.0041	0.0000	0.1156	0.0004	0.2255	0.7631	91.8890	0.0000	0.0041	3.0035	3.0209	5.0043	2.2550	0.0000	0.0000	0.0000	0.0000	0.0000	0.0000	0.0000	0.0000	0.0000	0.0110	0.0001	0.0109	0.0001	0.0001	0.0000	0.0109	0.0000	0.0109	0.1077	0.0942	0.0135	0.0026	0.0025	0.0001	0.1051	0.0917	0.0134	0.1200	0.0703	0.0496	0.0252	0.0240	0.0012	0.0947	0.0463	0.0485
109	126	0.0590	8	2	0	1	0	1	0	0	0	0	0	0	0	0	0	0	0	0	0	Y	N	N	N	N	N	N	N	N	N	N	N	N	N	N	N	N	N	0.0000	0.0000	0.0000	0.0000	0.0000	0.0000	0.0000	0.0000	0.0000	0.0000	0.0000	0.0000	0.0000	0.0000	0.0000	0.0000	0.0000	0.0000	0.0000	0.0000	0.0000	0.0000	0.0000	0.0000	0.0000	0.0000	0.0000			0.0000	0.0000	3.0035	1.0002	5.0043	2.0058	0.0000	0.0000	0.0000	0.0000	0.0000	0.0000	0.0000	0.0000	0.0000	0.0000	0.0000	0.0000	0.0000	0.0000	0.0000	0.0000	0.0000	0.0000	0.0349	0.0305	0.0044	0.0007	0.0007	0.0000	0.0342	0.0298	0.0044	0.0444	0.0219	0.0225	0.0017	0.0015	0.0002	0.0427	0.0205	0.0223
109	133	0.0794	5	2	0	1	0	1	0	0	0	0	0	1	0	0	0	0	0	0	0	Y	N	N	N	N	N	N	N	N	N	N	N	N	N	N	N	N	N	0.0000	0.0000	0.0000	0.0000	0.0000	0.0000	0.0000	0.0000	0.0000	0.0000	0.0000	0.0000	0.0000	0.0000	0.0000	0.0000	0.0000	0.0000	0.0000	0.0000	0.0000	0.0000	0.0000	0.0000	0.0000	0.0000	0.0000			0.0000	0.0000	3.0035	0.0000	5.0043	0.0001	0.0000	0.0000	0.0000	0.0000	0.0000	0.0000	0.0000	0.0000	0.0000	0.0000	0.0000	0.0000	0.0000	0.0000	0.0000	0.0000	0.0000	0.0000	0.0000	0.0000	0.0000	0.0000	0.0000	0.0000	0.0000	0.0000	0.0000	0.0000	0.0000	0.0000	0.0000	0.0000	0.0000	0.0000	0.0000	0.0000
109	134	0.0393	4	2	0	1	0	2	0	1	0	1	0	1	0	0	0	0	0	0	0	Y	N	N	N	N	N	N	N	N	N	N	N	N	N	N	N	N	N	0.0000	0.0000	0.0000	0.0000	0.0000	0.0000	0.0000	0.0000	0.0000	0.0000	0.0000	0.0000	0.0000	0.0000	0.0000	0.0000	0.0000	0.0000	0.0000	0.0000	0.0000	0.0000	0.0000	0.0000	0.0000	0.0000	0.0000		0.0136	0.0000	-0.0000	3.0035	4.0005	5.0043	6.9251	0.0000	0.0000	0.0000	0.0000	0.0000	0.0000	0.0000	0.0000	0.0000	0.0000	0.0000	0.0000	0.0000	0.0000	0.0000	0.0000	0.0000	0.0000	0.1400	0.1223	0.0177	0.0004	0.0004	0.0000	0.1396	0.1219	0.0177	0.1658	0.0825	0.0833	0.0063	0.0060	0.0003	0.1595	0.0766	0.0830
109	135	0.0719	9	2	0	1	0	1	0	0	0	0	0	1	0	0	0	0	0	0	0	Y	N	N	N	N	N	N	N	N	N	N	N	N	N	N	N	N	N	0.0013	0.0003	87.0712	0.0008	0.0007	19.1962	25.4136	0.0000	102.9935	0.0001	0.0001	0.0007	0.0016	0.0016	0.0028	0.0001	0.0000	0.0006	0.1049	0.2085	0.0000	1.9983	2.2271	0.0001	0.0000	0.0000	0.0000	1.4691	0.0000	0.0000	-0.0009	3.0035	0.9923	5.0043	0.0060	0.0000	0.0000	0.0000	0.0000	0.0000	0.0000	0.0000	0.0000	0.0000	0.0015	0.0015	0.0000	0.0015	0.0015	0.0000	0.0000	0.0000	0.0000	0.0355	0.0311	0.0044	0.0014	0.0013	0.0001	0.0341	0.0298	0.0044	0.0144	0.0072	0.0072	0.0008	0.0007	0.0001	0.0136	0.0066	0.0071
109	136	0.0590	8	2	0	1	0	1	0	0	0	1	0	1	0	0	0	0	0	0	0	Y	N	N	N	N	N	N	N	N	N	N	N	N	N	N	N	N	N	0.0000	0.0000	0.0000	0.0000	0.0000	0.0000	0.0000	0.0000	0.0000	0.0000	0.0000	0.0000	0.0000	0.0000	0.0000	0.0000	0.0000	0.0000	0.0258	0.0000	0.0508	0.0000	0.0000	0.0000	0.0268	0.0000	0.0514		inf	0.0000	0.0006	3.0035	2.0106	5.0043	2.0023	0.0000	0.0000	0.0000	0.0000	0.0000	0.0000	0.0000	0.0000	0.0000	0.0015	0.0000	0.0015	0.0000	0.0000	0.0000	0.0015	0.0000	0.0015	0.0695	0.0607	0.0088	0.0015	0.0014	0.0001	0.0680	0.0594	0.0087	0.0586	0.0289	0.0297	0.0022	0.0019	0.0003	0.0564	0.0270	0.0294
109	137	0.0558	7	2	0	1	0	2	0	0	0	0	0	0	0	0	0	0	0	0	0	Y	N	N	N	N	N	N	N	N	N	N	N	N	N	N	N	N	N	0.0000	0.0000	0.0000	0.0000	0.0000	0.0000	0.0000	0.0000	0.0000	0.0000	0.0000	0.0000	0.0000	0.0000	0.0000	0.0000	0.0000	0.0000	0.0000	0.0000	0.0000	0.0000	0.0000	0.0000	0.0000	0.0000	0.0000			0.0000	0.0000	3.0035	0.0008	5.0043	1.0019	0.0000	0.0000	0.0000	0.0000	0.0000	0.0000	0.0000	0.0000	0.0000	0.0000	0.0000	0.0000	0.0000	0.0000	0.0000	0.0000	0.0000	0.0000	0.0000	0.0000	0.0000	0.0000	0.0000	0.0000	0.0000	0.0000	0.0000	0.0148	0.0073	0.0076	0.0005	0.0004	0.0001	0.0144	0.0069	0.0075
112	126	0.0858	14	2	0	1	0	1	0	0	0	0	0	0	0	0	0	0	0	0	0	Y	N	N	N	N	N	N	N	N	N	N	N	N	N	N	N	N	N	0.6735	0.4574	0.0000	3.5153	3.5258	0.0000	0.0000	0.0000	0.0000	0.0000	0.0000	0.0000	0.0000	0.0000	0.0000	0.0000	0.0000	0.0000	0.0000	0.0000	0.0000	0.0000	0.0000	0.0000	0.0000	0.0000	0.0000	0.0000	0.0037	-0.0000	-0.0000	3.0209	1.0002	2.2550	2.0058	0.0000	0.0000	0.0000	0.0000	0.0000	0.0000	0.0000	0.0000	0.0000	0.0000	0.0000	0.0000	0.0000	0.0000	0.0000	0.0000	0.0000	0.0000	0.0357	0.0313	0.0045	0.0016	0.0015	0.0001	0.0341	0.0297	0.0044	0.0454	0.0269	0.0185	0.0109	0.0103	0.0006	0.0346	0.0166	0.0179
112	133	0.1062	11	2	0	1	0	1	0	0	0	0	0	1	0	0	0	0	0	0	0	Y	N	N	N	N	N	N	N	N	N	N	N	N	N	N	N	N	N	0.0000	0.0000	0.0000	0.0000	0.0000	0.0000	0.0000	0.0000	0.0000	0.0000	0.0000	0.0000	0.0000	0.0000	0.0000	0.0000	0.0000	0.0000	0.0000	0.0000	0.0000	0.0000	0.0000	0.0000	0.0000	0.0000	0.0000			0.0000	0.0000	3.0209	0.0000	2.2550	0.0001	0.0000	0.0000	0.0000	0.0000	0.0000	0.0000	0.0000	0.0000	0.0000	0.0000	0.0000	0.0000	0.0000	0.0000	0.0000	0.0000	0.0000	0.0000	0.0000	0.0000	0.0000	0.0000	0.0000	0.0000	0.0000	0.0000	0.0000	0.0000	0.0000	0.0000	0.0000	0.0000	0.0000	0.0000	0.0000	0.0000
112	134	0.0662	10	2	0	1	0	2	0	1	0	1	0	1	0	0	0	0	0	0	0	Y	N	N	N	N	N	N	N	N	N	N	N	N	N	N	N	N	N	119.2870	8608.8455	30.3653	106516.3420	106999.2090	0.0000	7.3316	0.0000	29.9185	0.0073	0.0077	0.0045	0.2422	0.2564	0.0000	0.0006	0.0000	0.0045	0.0001	0.0000	0.0001	0.0000	0.0000	0.0000	0.0001	0.0000	0.0002	0.0834	114.9802	-0.0002	0.0000	3.0209	4.0005	2.2550	6.9251	0.0010	0.0010	0.0001	0.0010	0.0010	0.0000	0.0001	0.0000	0.0001	0.0000	0.0000	0.0000	0.0000	0.0000	0.0000	0.0000	0.0000	0.0000	0.1432	0.1253	0.0179	0.0040	0.0037	0.0002	0.1392	0.1215	0.0177	0.1658	0.0978	0.0680	0.0381	0.0363	0.0018	0.1277	0.0615	0.0662
112	135	0.0988	15	2	0	1	0	1	0	0	0	0	0	1	0	0	0	0	0	0	0	Y	N	N	N	N	N	N	N	N	N	N	N	N	N	N	N	N	N	0.0003	0.0002	0.0000	0.0000	0.0000	0.0000	0.0203	inf	0.0000	0.0000	0.0000	0.0000	0.0000	0.0000	0.0000	0.0000	0.0000	0.0000	0.0011	0.0018	0.0000	0.0043	0.0046	0.0000	0.0000	0.0000	0.0000	0.0000	0.0111	-0.0000	-0.0000	3.0209	0.9923	2.2550	0.0060	0.0000	0.0000	0.0000	0.0000	0.0000	0.0000	0.0000	0.0000	0.0000	0.0000	0.0000	0.0000	0.0000	0.0000	0.0000	0.0000	0.0000	0.0000	0.0359	0.0314	0.0045	0.0021	0.0020	0.0001	0.0338	0.0294	0.0043	0.0148	0.0089	0.0060	0.0038	0.0035	0.0002	0.0111	0.0053	0.0057
112	136	0.0858	14	2	0	1	0	1	0	0	0	1	0	1	0	0	0	0	0	0	0	Y	N	N	N	N	N	N	N	N	N	N	N	N	N	N	N	N	N	2.5596	254.0399	0.0000	0.0000	0.0000	0.0000	2.0534	985.1777	0.0000	0.0011	0.0013	0.0000	0.0000	0.0000	0.0000	0.0012	0.0014	0.0000	0.0004	0.0000	0.0011	0.0000	0.0000	0.0000	0.0006	0.0000	0.0011	0.0000	145.7695	-0.0000	0.0000	3.0209	2.0106	2.2550	2.0023	0.0001	0.0001	0.0000	0.0000	0.0000	0.0000	0.0001	0.0001	0.0000	0.0000	0.0000	0.0000	0.0000	0.0000	0.0000	0.0000	0.0000	0.0000	0.0711	0.0622	0.0089	0.0033	0.0031	0.0002	0.0678	0.0591	0.0087	0.0600	0.0355	0.0245	0.0143	0.0135	0.0008	0.0457	0.0220	0.0237
112	137	0.0827	13	2	0	1	0	2	0	0	0	0	0	0	0	0	0	0	0	0	0	Y	N	N	N	N	N	N	N	N	N	N	N	N	N	N	N	N	N	225.9244	1574.1694	0.0000	0.0000	0.0000	0.0000	212.6802	inf	0.0000	0.0004	0.0005	0.0000	0.0000	0.0000	0.0000	0.0005	0.0006	0.0000	0.0000	0.0000	0.0000	0.0000	0.0000	0.0000	0.0000	0.0000	0.0000	0.0000	9.3449	-0.0000	0.0000	3.0209	0.0008	2.2550	1.0019	0.0000	0.0000	0.0000	0.0000	0.0000	0.0000	0.0000	0.0000	0.0000	0.0000	0.0000	0.0000	0.0000	0.0000	0.0000	0.0000	0.0000	0.0000	0.0000	0.0000	0.0000	0.0000	0.0000	0.0000	0.0000	0.0000	0.0000	0.0152	0.0090	0.0062	0.0036	0.0034	0.0002	0.0116	0.0056	0.0060
127	128	0.0097	2	0	0	0	0	0	0	0	0	0	2	0	2	0	0	0	0	0	0	N	N	N	N	N	Y	N	N	N	N	N	N	N	N	N	N	N	N	0.0000	0.0000	0.0000	0.0000	0.0000	0.0000	0.0000	0.0000	0.0000	0.0000	0.0000	0.0000	0.0000	0.0000	0.0000	0.0000	0.0000	0.0000	0.0000	0.0000	0.0000	0.0000	0.0000	0.0000	0.0000	0.0000	0.0000			0.0000	0.0000	1.0000	3.0000	2.0000	2.0000	0.0000	0.0000	0.0000	0.0000	0.0000	0.0000	0.0000	0.0000	0.0000	0.0000	0.0000	0.0000	0.0000	0.0000	0.0000	0.0000	0.0000	0.0000	0.0347	0.0303	0.0044	0.0000	0.0000	0.0000	0.0347	0.0303	0.0044	0.0294	0.0143	0.0152	0.0000	0.0000	0.0000	0.0294	0.0143	0.0152
127	129	0.0129	2	0	0	0	0	0	0	0	0	0	2	0	2	0	0	0	0	0	0	N	N	N	N	N	Y	N	N	N	N	N	N	N	N	N	N	N	N	0.0000	0.0000	0.0000	0.0000	0.0000	0.0000	0.0000	0.0000	0.0000	0.0000	0.0000	0.0000	0.0000	0.0000	0.0000	0.0000	0.0000	0.0000	0.0000	0.0000	0.0000	0.0000	0.0000	0.0000	0.0000	0.0000	0.0000			0.0000	0.0000	1.0000	2.0004	2.0000	1.0045	0.0000	0.0000	0.0000	0.0000	0.0000	0.0000	0.0000	0.0000	0.0000	0.0000	0.0000	0.0000	0.0000	0.0000	0.0000	0.0000	0.0000	0.0000	0.0232	0.0203	0.0030	0.0000	0.0000	0.0000	0.0232	0.0203	0.0030	0.0179	0.0087	0.0092	0.0000	0.0000	0.0000	0.0179	0.0087	0.0092
128	129	0.0194	3	0	0	0	0	0	0	0	0	0	2	0	2	0	0	0	0	0	0	N	N	N	N	N	Y	N	N	N	N	N	N	N	N	N	N	N	N	0.0000	0.0000	0.0000	0.0000	0.0000	0.0000	0.0000	0.0000	0.0000	0.0000	0.0000	0.0000	0.0000	0.0000	0.0000	0.0000	0.0000	0.0000	0.0000	0.0000	0.0000	0.0000	0.0000	0.0000	0.0000	0.0000	0.0000			0.0000	0.0000	3.0000	2.0004	2.0000	1.0045	0.0000	0.0000	0.0000	0.0000	0.0000	0.0000	0.0000	0.0000	0.0000	0.0000	0.0000	0.0000	0.0000	0.0000	0.0000	0.0000	0.0000	0.0000	0.0689	0.0601	0.0088	0.0001	0.0001	0.0000	0.0688	0.0601	0.0088	0.0295	0.0144	0.0152	0.0001	0.0001	0.0000	0.0295	0.0143	0.0152
