branch_id_1	branch_id_2	dist_bl	dist_node_num	branch_num_fg_beak	branch_num_fg_fork	branch_num_fg_pink	branch_num_fg_red	branch_num_fg_stem_beak	branch_num_fg_stem_fork	branch_num_fg_stem_pink	branch_num_fg_stem_red	branch_num_fg_stem_tube	branch_num_fg_stem_yellow	branch_num_fg_tube	branch_num_fg_yellow	branch_num_mg_beak	branch_num_mg_fork	branch_num_mg_pink	branch_num_mg_red	branch_num_mg_tube	branch_num_mg_yellow	is_fg_beak	is_fg_fork	is_fg_pink	is_fg_red	is_fg_tube	is_fg_yellow	is_mf_beak	is_mf_fork	is_mf_pink	is_mf_red	is_mf_tube	is_mf_yellow	is_mg_beak	is_mg_fork	is_mg_pink	is_mg_red	is_mg_tube	is_mg_yellow	omegaCany2any	omegaCany2dif	omegaCany2spe	omegaCdif2any	omegaCdif2dif	omegaCdif2spe	omegaCspe2any	omegaCspe2dif	omegaCspe2spe	dNCany2any	dNCany2dif	dNCany2spe	dNCdif2any	dNCdif2dif	dNCdif2spe	dNCspe2any	dNCspe2dif	dNCspe2spe	dSCany2any	dSCany2dif	dSCany2spe	dSCdif2any	dSCdif2dif	dSCdif2spe	dSCspe2any	dSCspe2dif	dSCspe2spe	OCNCoD	OCSCoD	OCN_linreg_residual	OCS_linreg_residual	N_sub_1	N_sub_2	S_sub_1	S_sub_2	OCNany2any	OCNany2dif	OCNany2spe	OCNdif2any	OCNdif2dif	OCNdif2spe	OCNspe2any	OCNspe2dif	OCNspe2spe	OCSany2any	OCSany2dif	OCSany2spe	OCSdif2any	OCSdif2dif	OCSdif2spe	OCSspe2any	OCSspe2dif	OCSspe2spe	ECNany2any	ECNany2dif	ECNany2spe	ECNdif2any	ECNdif2dif	ECNdif2spe	ECNspe2any	ECNspe2dif	ECNspe2spe	ECSany2any	ECSany2dif	ECSany2spe	ECSdif2any	ECSdif2dif	ECSdif2spe	ECSspe2any	ECSspe2dif	ECSspe2spe
0	7	0.0432	6	2	0	1	0	0	0	0	0	1	1	1	1	0	0	0	0	0	0	Y	N	N	N	N	N	N	N	N	N	N	N	N	N	N	N	N	N	0.0000	0.0000	0.0000	0.0000	0.0000	0.0000	0.0000	0.0000	0.0000	0.0000	0.0000	0.0000	0.0000	0.0000	0.0000	0.0000	0.0000	0.0000	0.0000	0.0000	0.0000	0.0000	0.0000	0.0000	0.0000	0.0000	0.0000		inf	0.0000	0.0000	0.0030	0.0001	3.0186	6.0395	0.0000	0.0000	0.0000	0.0000	0.0000	0.0000	0.0000	0.0000	0.0000	0.0000	0.0000	0.0000	0.0000	0.0000	0.0000	0.0000	0.0000	0.0000	0.0000	0.0000	0.0000	0.0000	0.0000	0.0000	0.0000	0.0000	0.0000	0.0377	0.0181	0.0196	0.0022	0.0021	0.0001	0.0354	0.0160	0.0194
0	16	0.1127	17	2	0	1	1	0	0	0	0	1	0	2	1	0	0	0	0	0	0	Y	N	N	N	Y	N	N	N	N	N	N	N	N	N	N	N	N	N	0.0000	0.0000	0.0000	0.0000	0.0000	0.0000	0.0000	0.0000	0.0000	0.0000	0.0000	0.0000	0.0000	0.0000	0.0000	0.0000	0.0000	0.0000	0.0000	0.0000	0.0000	0.0000	0.0000	0.0000	0.0000	0.0000	0.0000			0.0000	0.0000	0.0030	0.0000	3.0186	1.0000	0.0000	0.0000	0.0000	0.0000	0.0000	0.0000	0.0000	0.0000	0.0000	0.0000	0.0000	0.0000	0.0000	0.0000	0.0000	0.0000	0.0000	0.0000	0.0000	0.0000	0.0000	0.0000	0.0000	0.0000	0.0000	0.0000	0.0000	0.0061	0.0032	0.0029	0.0010	0.0008	0.0002	0.0051	0.0023	0.0027
0	30	0.0487	4	2	0	1	1	0	0	0	1	1	1	2	1	0	0	0	0	0	0	Y	N	N	N	Y	N	N	N	N	N	N	N	N	N	N	N	N	N	0.0000	0.0000	0.0000	0.0000	0.0000	0.0000	0.0000	0.0000	0.0000	0.0000	0.0000	0.0000	0.0000	0.0000	0.0000	0.0000	0.0000	0.0000	63.1772	0.0000	172.3126	0.0148	0.0000	0.4125	80.4075	0.0000	175.9914		inf	0.0000	0.5244	0.0030	0.0002	3.0186	1.1973	0.0000	0.0000	0.0000	0.0000	0.0000	0.0000	0.0000	0.0000	0.0000	0.9968	0.0000	0.9968	0.0000	0.0000	0.0000	0.9968	0.0000	0.9968	0.0000	0.0000	0.0000	0.0000	0.0000	0.0000	0.0000	0.0000	0.0000	0.0158	0.0100	0.0058	0.0034	0.0033	0.0001	0.0124	0.0067	0.0057
0	31	0.0249	3	2	0	1	0	1	0	0	0	2	0	2	0	0	0	0	0	0	0	Y	N	N	N	Y	N	N	N	N	N	N	N	N	N	N	N	N	N	0.0000	0.0000	0.0000	0.0000	0.0000	0.0000	0.0000	0.0000	0.0000	0.0000	0.0000	0.0000	0.0000	0.0000	0.0000	0.0000	0.0000	0.0000	0.0123	0.0258	0.0006	0.2936	0.3018	0.0000	0.0003	0.0000	0.0006		0.0258	0.0000	-0.0002	0.0030	2.0002	3.0186	1.8085	0.0000	0.0000	0.0000	0.0000	0.0000	0.0000	0.0000	0.0000	0.0000	0.0004	0.0004	0.0000	0.0004	0.0004	0.0000	0.0000	0.0000	0.0000	0.0002	0.0002	0.0000	0.0001	0.0001	0.0000	0.0002	0.0001	0.0000	0.0322	0.0150	0.0172	0.0013	0.0013	0.0000	0.0309	0.0137	0.0172
0	37	0.0874	16	2	0	1	1	0	0	0	1	1	1	2	1	0	0	0	0	0	0	Y	N	N	N	Y	N	N	N	N	N	N	N	N	N	N	N	N	N	0.0000	0.0000	0.0000	0.0000	0.0000	0.0000	0.0000	0.0000	0.0000	0.0000	0.0000	0.0000	0.0000	0.0000	0.0000	0.0000	0.0000	0.0000	0.0000	0.0000	0.0000	0.0000	0.0000	0.0000	0.0000	0.0000	0.0000			0.0000	0.0000	0.0030	0.0000	3.0186	2.0000	0.0000	0.0000	0.0000	0.0000	0.0000	0.0000	0.0000	0.0000	0.0000	0.0000	0.0000	0.0000	0.0000	0.0000	0.0000	0.0000	0.0000	0.0000	0.0000	0.0000	0.0000	0.0000	0.0000	0.0000	0.0000	0.0000	0.0000	0.0122	0.0063	0.0059	0.0016	0.0014	0.0002	0.0105	0.0048	0.0057
0	38	0.0917	18	2	0	1	0	0	0	0	0	1	1	2	1	0	0	0	0	0	0	Y	N	N	N	Y	N	N	N	N	N	N	N	N	N	N	N	N	N	0.0000	0.0000	0.0000	0.0000	0.0000	0.0000	0.0000	0.0000	0.0000	0.0000	0.0000	0.0000	0.0000	0.0000	0.0000	0.0000	0.0000	0.0000	0.0000	0.0000	0.0000	0.0000	0.0000	0.0000	0.0000	0.0000	0.0000			0.0000	0.0000	0.0030	0.0000	3.0186	0.4891	0.0000	0.0000	0.0000	0.0000	0.0000	0.0000	0.0000	0.0000	0.0000	0.0000	0.0000	0.0000	0.0000	0.0000	0.0000	0.0000	0.0000	0.0000	0.0000	0.0000	0.0000	0.0000	0.0000	0.0000	0.0000	0.0000	0.0000	0.0071	0.0037	0.0034	0.0029	0.0029	0.0000	0.0041	0.0008	0.0034
0	39	0.0903	17	2	0	1	0	0	0	0	0	1	0	2	0	0	0	0	0	0	0	Y	N	N	N	Y	N	N	N	N	N	N	N	N	N	N	N	N	N	0.0000	0.0000	0.0000	0.0000	0.0000	0.0000	0.0000	0.0000	0.0000	0.0000	0.0000	0.0000	0.0000	0.0000	0.0000	0.0000	0.0000	0.0000	0.0000	0.0000	0.0000	0.0000	0.0000	0.0000	0.0000	0.0000	0.0000			0.0000	0.0000	0.0030	0.0000	3.0186	0.5132	0.0000	0.0000	0.0000	0.0000	0.0000	0.0000	0.0000	0.0000	0.0000	0.0000	0.0000	0.0000	0.0000	0.0000	0.0000	0.0000	0.0000	0.0000	0.0000	0.0000	0.0000	0.0000	0.0000	0.0000	0.0000	0.0000	0.0000	0.0033	0.0017	0.0016	0.0005	0.0004	0.0001	0.0028	0.0012	0.0015
0	42	0.1127	16	2	0	1	1	0	0	0	1	1	0	2	1	0	0	0	0	0	0	Y	N	N	N	Y	N	N	N	N	N	N	N	N	N	N	N	N	N	0.0000	0.0000	0.0000	0.0000	0.0000	0.0000	0.0000	0.0000	0.0000	0.0000	0.0000	0.0000	0.0000	0.0000	0.0000	0.0000	0.0000	0.0000	0.0000	0.0000	0.0000	0.0000	0.0000	0.0000	0.0000	0.0000	0.0000			0.0000	0.0000	0.0030	0.0001	3.0186	0.0001	0.0000	0.0000	0.0000	0.0000	0.0000	0.0000	0.0000	0.0000	0.0000	0.0000	0.0000	0.0000	0.0000	0.0000	0.0000	0.0000	0.0000	0.0000	0.0000	0.0000	0.0000	0.0000	0.0000	0.0000	0.0000	0.0000	0.0000	0.0000	0.0000	0.0000	0.0000	0.0000	0.0000	0.0000	0.0000	0.0000
0	44	0.0902	15	2	0	1	0	0	0	0	0	1	1	2	1	0	0	0	0	0	0	Y	N	N	N	Y	N	N	N	N	N	N	N	N	N	N	N	N	N	0.0000	0.0000	0.0000	0.0000	0.0000	0.0000	0.0000	0.0000	0.0000	0.0000	0.0000	0.0000	0.0000	0.0000	0.0000	0.0000	0.0000	0.0000	0.0422	0.0000	0.0898	0.2625	0.0000	2.3994	0.0000	0.0000	0.0000		inf	0.0000	0.0011	0.0030	2.9998	3.0186	4.8980	0.0000	0.0000	0.0000	0.0000	0.0000	0.0000	0.0000	0.0000	0.0000	0.0021	0.0000	0.0021	0.0021	0.0000	0.0021	0.0000	0.0000	0.0000	0.0003	0.0002	0.0000	0.0001	0.0001	0.0000	0.0002	0.0002	0.0000	0.0488	0.0258	0.0229	0.0078	0.0070	0.0009	0.0409	0.0189	0.0221
0	45	0.0844	14	2	0	1	0	0	0	0	0	2	0	2	0	0	0	0	0	0	0	Y	N	N	N	Y	N	N	N	N	N	N	N	N	N	N	N	N	N	0.0000	0.0000	0.0000	0.0000	0.0000	0.0000	0.0000	0.0000	0.0000	0.0000	0.0000	0.0000	0.0000	0.0000	0.0000	0.0000	0.0000	0.0000	0.0072	0.0066	0.0080	0.0428	0.0240	0.1973	0.0000	0.0000	0.0000		0.9940	0.0000	0.0000	0.0030	0.0002	3.0186	2.0813	0.0000	0.0000	0.0000	0.0000	0.0000	0.0000	0.0000	0.0000	0.0000	0.0001	0.0000	0.0000	0.0001	0.0000	0.0000	0.0000	0.0000	0.0000	0.0000	0.0000	0.0000	0.0000	0.0000	0.0000	0.0000	0.0000	0.0000	0.0138	0.0076	0.0062	0.0023	0.0021	0.0003	0.0115	0.0055	0.0060
0	55	0.0903	17	2	0	1	0	0	0	0	0	1	1	2	1	0	0	0	0	0	0	Y	N	N	N	Y	N	N	N	N	N	N	N	N	N	N	N	N	N	0.0000	0.0000	0.0000	0.0000	0.0000	0.0000	0.0000	0.0000	0.0000	0.0000	0.0000	0.0000	0.0000	0.0000	0.0000	0.0000	0.0000	0.0000	0.0000	0.0000	0.0000	0.0000	0.0000	0.0000	0.0000	0.0000	0.0000			0.0000	0.0000	0.0030	0.0000	3.0186	1.0065	0.0000	0.0000	0.0000	0.0000	0.0000	0.0000	0.0000	0.0000	0.0000	0.0000	0.0000	0.0000	0.0000	0.0000	0.0000	0.0000	0.0000	0.0000	0.0000	0.0000	0.0000	0.0000	0.0000	0.0000	0.0000	0.0000	0.0000	0.0063	0.0032	0.0030	0.0009	0.0008	0.0001	0.0054	0.0024	0.0029
0	56	0.0874	16	2	0	1	0	0	0	0	0	1	0	2	0	0	0	0	0	0	0	Y	N	N	N	Y	N	N	N	N	N	N	N	N	N	N	N	N	N	0.0000	0.0000	0.0000	0.0000	0.0000	0.0000	0.0000	0.0000	0.0000	0.0000	0.0000	0.0000	0.0000	0.0000	0.0000	0.0000	0.0000	0.0000	0.0000	0.0000	0.0000	0.0000	0.0000	0.0000	0.0000	0.0000	0.0000			0.0000	0.0000	0.0030	0.0000	3.0186	1.0047	0.0000	0.0000	0.0000	0.0000	0.0000	0.0000	0.0000	0.0000	0.0000	0.0000	0.0000	0.0000	0.0000	0.0000	0.0000	0.0000	0.0000	0.0000	0.0000	0.0000	0.0000	0.0000	0.0000	0.0000	0.0000	0.0000	0.0000	0.0061	0.0032	0.0030	0.0008	0.0007	0.0001	0.0053	0.0024	0.0029
0	57	0.0874	15	2	0	1	0	0	0	0	0	2	0	2	0	0	0	0	0	0	0	Y	N	N	N	Y	N	N	N	N	N	N	N	N	N	N	N	N	N	0.0000	0.0000	0.0000	0.0000	0.0000	0.0000	0.0000	0.0000	0.0000	0.0000	0.0000	0.0000	0.0000	0.0000	0.0000	0.0000	0.0000	0.0000	0.0000	0.0000	0.0000	0.0000	0.0000	0.0000	0.0000	0.0000	0.0000			0.0000	0.0000	0.0030	0.0000	3.0186	0.0000	0.0000	0.0000	0.0000	0.0000	0.0000	0.0000	0.0000	0.0000	0.0000	0.0000	0.0000	0.0000	0.0000	0.0000	0.0000	0.0000	0.0000	0.0000	0.0000	0.0000	0.0000	0.0000	0.0000	0.0000	0.0000	0.0000	0.0000	0.0000	0.0000	0.0000	0.0000	0.0000	0.0000	0.0000	0.0000	0.0000
0	61	0.0844	14	2	0	1	0	0	0	0	0	1	0	1	0	0	0	0	0	0	0	Y	N	N	N	N	N	N	N	N	N	N	N	N	N	N	N	N	N	0.0000	0.0000	0.0000	0.0000	0.0000	0.0000	0.0000	0.0000	0.0000	0.0000	0.0000	0.0000	0.0000	0.0000	0.0000	0.0000	0.0000	0.0000	0.0069	0.0119	0.0000	0.0348	0.0387	0.0000	0.0000	0.0000	0.0000		0.0000	0.0000	-0.0000	0.0030	0.0000	3.0186	1.0227	0.0000	0.0000	0.0000	0.0000	0.0000	0.0000	0.0000	0.0000	0.0000	0.0001	0.0001	0.0000	0.0001	0.0001	0.0000	0.0000	0.0000	0.0000	0.0000	0.0000	0.0000	0.0000	0.0000	0.0000	0.0000	0.0000	0.0000	0.0074	0.0043	0.0031	0.0015	0.0013	0.0001	0.0059	0.0030	0.0030
0	62	0.0790	13	2	0	1	0	0	0	0	0	1	0	1	0	0	0	0	0	0	0	Y	N	N	N	N	N	N	N	N	N	N	N	N	N	N	N	N	N	0.0000	0.0000	0.0000	0.0000	0.0000	0.0000	0.0000	0.0000	0.0000	0.0000	0.0000	0.0000	0.0000	0.0000	0.0000	0.0000	0.0000	0.0000	0.1375	0.2652	0.0000	0.7155	0.7497	0.0017	0.0000	0.0000	0.0000		0.0001	0.0000	-0.0010	0.0030	0.4815	3.0186	1.4942	0.0000	0.0000	0.0000	0.0000	0.0000	0.0000	0.0000	0.0000	0.0000	0.0021	0.0021	0.0000	0.0021	0.0021	0.0000	0.0000	0.0000	0.0000	0.0002	0.0001	0.0001	0.0001	0.0001	0.0000	0.0001	0.0000	0.0001	0.0149	0.0077	0.0072	0.0029	0.0027	0.0001	0.0120	0.0050	0.0070
0	63	0.0345	7	2	0	1	0	0	0	0	0	1	1	1	1	0	0	0	0	0	0	Y	N	N	N	N	N	N	N	N	N	N	N	N	N	N	N	N	N	0.0000	0.0000	0.0000	0.0000	0.0000	0.0000	0.0000	0.0000	0.0000	0.0000	0.0000	0.0000	0.0000	0.0000	0.0000	0.0000	0.0000	0.0000	0.2394	0.5012	0.0000	5.0195	5.1462	0.0000	0.0000	0.0000	0.0000		0.0000	0.0000	-0.0022	0.0030	0.0023	3.0186	3.0060	0.0000	0.0000	0.0000	0.0000	0.0000	0.0000	0.0000	0.0000	0.0000	0.0046	0.0046	0.0000	0.0046	0.0046	0.0000	0.0000	0.0000	0.0000	0.0000	0.0000	0.0000	0.0000	0.0000	0.0000	0.0000	0.0000	0.0000	0.0191	0.0091	0.0100	0.0009	0.0009	0.0000	0.0182	0.0082	0.0099
0	64	0.0317	6	2	0	1	0	1	0	0	0	1	0	1	0	0	0	0	0	0	0	Y	N	N	N	N	N	N	N	N	N	N	N	N	N	N	N	N	N	0.0000	0.0000	0.0000	0.0000	0.0000	0.0000	0.0000	0.0000	0.0000	0.0000	0.0000	0.0000	0.0000	0.0000	0.0000	0.0000	0.0000	0.0000	0.0007	0.0014	0.0000	0.0150	0.0154	0.0000	0.0000	0.0000	0.0000		0.0000	0.0000	-0.0000	0.0030	0.9990	3.0186	0.0212	0.0000	0.0000	0.0000	0.0000	0.0000	0.0000	0.0000	0.0000	0.0000	0.0000	0.0000	0.0000	0.0000	0.0000	0.0000	0.0000	0.0000	0.0000	0.0001	0.0001	0.0000	0.0000	0.0000	0.0000	0.0001	0.0001	0.0000	0.0065	0.0031	0.0034	0.0003	0.0003	0.0000	0.0062	0.0028	0.0034
0	69	0.0822	12	2	0	1	0	0	0	0	0	1	0	1	0	0	0	0	0	0	0	Y	N	N	N	N	N	N	N	N	N	N	N	N	N	N	N	N	N	0.0000	0.0000	0.0000	0.0000	0.0000	0.0000	0.0000	0.0000	0.0000	0.0000	0.0000	0.0000	0.0000	0.0000	0.0000	0.0000	0.0000	0.0000	0.0006	0.0011	0.0000	0.0027	0.0033	0.0000	0.0000	0.0000	0.0000		0.0000	0.0000	-0.0000	0.0030	1.0007	3.0186	1.2584	0.0000	0.0000	0.0000	0.0000	0.0000	0.0000	0.0000	0.0000	0.0000	0.0000	0.0000	0.0000	0.0000	0.0000	0.0000	0.0000	0.0000	0.0000	0.0001	0.0001	0.0000	0.0000	0.0000	0.0000	0.0001	0.0001	0.0000	0.0169	0.0091	0.0078	0.0037	0.0030	0.0008	0.0131	0.0061	0.0070
0	70	0.0681	11	2	0	1	0	1	0	0	0	1	0	1	0	0	0	0	0	0	0	Y	N	N	N	N	N	N	N	N	N	N	N	N	N	N	N	N	N	0.0000	0.0000	0.0000	0.0000	0.0000	0.0000	0.0000	0.0000	0.0000	0.0000	0.0000	0.0000	0.0000	0.0000	0.0000	0.0000	0.0000	0.0000	0.0003	0.0006	0.0000	0.0000	0.0000	0.0000	0.0004	0.0008	0.0000		0.0000	0.0000	-0.0000	0.0030	3.0007	3.0186	1.9606	0.0000	0.0000	0.0000	0.0000	0.0000	0.0000	0.0000	0.0000	0.0000	0.0000	0.0000	0.0000	0.0000	0.0000	0.0000	0.0000	0.0000	0.0000	0.0003	0.0002	0.0000	0.0001	0.0001	0.0000	0.0002	0.0002	0.0000	0.0303	0.0157	0.0146	0.0035	0.0032	0.0003	0.0268	0.0124	0.0143
0	71	0.1517	8	1	0	1	0	0	0	0	0	2	0	2	0	0	0	0	0	0	0	N	N	N	N	Y	N	N	N	N	N	N	N	N	N	N	N	N	N	0.0000	0.0000	0.0000	0.0000	0.0000	0.0000	0.0000	0.0000	0.0000	0.0000	0.0000	0.0000	0.0000	0.0000	0.0000	0.0000	0.0000	0.0000	0.2606	0.3121	0.1773	0.5592	0.4698	1.0372	0.0857	0.1521	0.0229		0.3513	0.0000	-0.0173	0.0030	6.1029	3.0186	20.9537	0.0000	0.0000	0.0000	0.0000	0.0000	0.0000	0.0000	0.0000	0.0000	0.0808	0.0598	0.0210	0.0641	0.0453	0.0187	0.0168	0.0145	0.0023	0.0007	0.0007	0.0001	0.0002	0.0002	0.0000	0.0005	0.0004	0.0001	0.3101	0.1916	0.1185	0.1145	0.0965	0.0180	0.1956	0.0951	0.1004
0	75	0.1009	15	2	0	1	0	0	0	0	0	1	0	2	1	0	0	0	0	0	0	Y	N	N	N	Y	N	N	N	N	N	N	N	N	N	N	N	N	N	0.0000	0.0000	0.0000	0.0000	0.0000	0.0000	0.0000	0.0000	0.0000	0.0000	0.0000	0.0000	0.0000	0.0000	0.0000	0.0000	0.0000	0.0000	0.0000	0.0000	0.0000	0.0000	0.0000	0.0000	0.0000	0.0000	0.0000			0.0000	0.0000	0.0030	0.0000	3.0186	1.0000	0.0000	0.0000	0.0000	0.0000	0.0000	0.0000	0.0000	0.0000	0.0000	0.0000	0.0000	0.0000	0.0000	0.0000	0.0000	0.0000	0.0000	0.0000	0.0000	0.0000	0.0000	0.0000	0.0000	0.0000	0.0000	0.0000	0.0000	0.0085	0.0053	0.0032	0.0014	0.0012	0.0001	0.0072	0.0041	0.0031
0	76	0.1009	14	2	0	1	0	0	0	0	0	1	1	2	1	0	0	0	0	0	0	Y	N	N	N	Y	N	N	N	N	N	N	N	N	N	N	N	N	N	0.0000	0.0000	0.0000	0.0000	0.0000	0.0000	0.0000	0.0000	0.0000	0.0000	0.0000	0.0000	0.0000	0.0000	0.0000	0.0000	0.0000	0.0000	0.0000	0.0000	0.0000	0.0000	0.0000	0.0000	0.0000	0.0000	0.0000			0.0000	0.0000	0.0030	0.0000	3.0186	0.0000	0.0000	0.0000	0.0000	0.0000	0.0000	0.0000	0.0000	0.0000	0.0000	0.0000	0.0000	0.0000	0.0000	0.0000	0.0000	0.0000	0.0000	0.0000	0.0000	0.0000	0.0000	0.0000	0.0000	0.0000	0.0000	0.0000	0.0000	0.0010	0.0005	0.0004	0.0005	0.0005	0.0000	0.0005	0.0000	0.0004
0	77	0.0790	13	2	0	1	0	0	0	0	0	2	0	2	0	0	0	0	0	0	0	Y	N	N	N	Y	N	N	N	N	N	N	N	N	N	N	N	N	N	0.0000	0.0000	0.0000	0.0000	0.0000	0.0000	0.0000	0.0000	0.0000	0.0000	0.0000	0.0000	0.0000	0.0000	0.0000	0.0000	0.0000	0.0000	0.0153	0.0259	0.0040	0.0128	0.0113	0.0375	0.0157	0.0319	0.0033		0.1430	0.0000	-0.0001	0.0030	0.0002	3.0186	3.7635	0.0000	0.0000	0.0000	0.0000	0.0000	0.0000	0.0000	0.0000	0.0000	0.0004	0.0003	0.0000	0.0001	0.0000	0.0000	0.0003	0.0003	0.0000	0.0002	0.0001	0.0001	0.0001	0.0001	0.0000	0.0001	0.0000	0.0001	0.0255	0.0131	0.0123	0.0041	0.0038	0.0002	0.0214	0.0093	0.0121
0	78	0.0732	12	2	0	1	0	1	0	0	0	1	0	1	0	0	0	0	0	0	0	Y	N	N	N	N	N	N	N	N	N	N	N	N	N	N	N	N	N	0.0000	0.0000	0.0000	0.0000	0.0000	0.0000	0.0000	0.0000	0.0000	0.0000	0.0000	0.0000	0.0000	0.0000	0.0000	0.0000	0.0000	0.0000	0.0007	0.0014	0.0000	0.0063	0.0069	0.0000	0.0000	0.0000	0.0000		0.0000	0.0000	-0.0000	0.0030	0.5196	3.0186	1.5432	0.0000	0.0000	0.0000	0.0000	0.0000	0.0000	0.0000	0.0000	0.0000	0.0000	0.0000	0.0000	0.0000	0.0000	0.0000	0.0000	0.0000	0.0000	0.0000	0.0000	0.0000	0.0000	0.0000	0.0000	0.0000	0.0000	0.0000	0.0125	0.0064	0.0061	0.0014	0.0013	0.0001	0.0111	0.0051	0.0060
0	93	0.0432	5	2	0	1	0	0	0	0	0	1	0	1	0	0	0	0	0	0	0	Y	N	N	N	N	N	N	N	N	N	N	N	N	N	N	N	N	N	0.0000	0.0000	0.0000	0.0000	0.0000	0.0000	0.0000	0.0000	0.0000	0.0000	0.0000	0.0000	0.0000	0.0000	0.0000	0.0000	0.0000	0.0000	0.0002	0.0002	0.0002	0.0009	0.0009	0.0000	0.0001	0.0000	0.0002		1.0000	0.0000	0.0000	0.0030	0.0001	3.0186	0.0783	0.0000	0.0000	0.0000	0.0000	0.0000	0.0000	0.0000	0.0000	0.0000	0.0000	0.0000	0.0000	0.0000	0.0000	0.0000	0.0000	0.0000	0.0000	0.0000	0.0000	0.0000	0.0000	0.0000	0.0000	0.0000	0.0000	0.0000	0.0005	0.0003	0.0003	0.0000	0.0000	0.0000	0.0005	0.0002	0.0003
0	94	0.0346	4	2	0	1	0	1	0	0	0	1	0	1	0	0	0	0	0	0	0	Y	N	N	N	N	N	N	N	N	N	N	N	N	N	N	N	N	N	0.0000	0.0000	0.0000	0.0000	0.0000	0.0000	0.0000	0.0000	0.0000	0.0000	0.0000	0.0000	0.0000	0.0000	0.0000	0.0000	0.0000	0.0000	0.2359	0.4867	0.0000	4.1229	4.2503	0.0000	0.0000	0.0000	0.0000		0.0000	0.0000	-0.0021	0.0030	0.0004	3.0186	2.9660	0.0000	0.0000	0.0000	0.0000	0.0000	0.0000	0.0000	0.0000	0.0000	0.0045	0.0045	0.0000	0.0045	0.0045	0.0000	0.0000	0.0000	0.0000	0.0000	0.0000	0.0000	0.0000	0.0000	0.0000	0.0000	0.0000	0.0000	0.0191	0.0093	0.0098	0.0011	0.0011	0.0000	0.0180	0.0082	0.0098
1	4	0.0229	8	0	0	0	0	0	0	0	0	0	2	0	2	0	0	0	0	0	0	N	N	N	N	N	Y	N	N	N	N	N	N	N	N	N	N	N	N	0.0000	0.0000	0.0000	0.0000	0.0000	0.0000	0.0000	0.0000	0.0000	0.0000	0.0000	0.0000	0.0000	0.0000	0.0000	0.0000	0.0000	0.0000	0.0000	0.0000	0.0000	0.0000	0.0000	0.0000	0.0000	0.0000	0.0000			0.0000	0.0000	0.0000	0.0000	3.0002	0.0000	0.0000	0.0000	0.0000	0.0000	0.0000	0.0000	0.0000	0.0000	0.0000	0.0000	0.0000	0.0000	0.0000	0.0000	0.0000	0.0000	0.0000	0.0000	0.0000	0.0000	0.0000	0.0000	0.0000	0.0000	0.0000	0.0000	0.0000	0.0000	0.0000	0.0000	0.0000	0.0000	0.0000	0.0000	0.0000	0.0000
1	7	0.0343	7	1	0	0	0	0	0	0	0	0	2	0	2	0	0	0	0	0	0	N	N	N	N	N	Y	N	N	N	N	N	N	N	N	N	N	N	N	0.0000	0.0000	0.0000	0.0000	0.0000	0.0000	0.0000	0.0000	0.0000	0.0000	0.0000	0.0000	0.0000	0.0000	0.0000	0.0000	0.0000	0.0000	0.0000	0.0000	0.0000	0.0000	0.0000	0.0000	0.0000	0.0000	0.0000			0.0000	0.0000	0.0000	0.0001	3.0002	6.0395	0.0000	0.0000	0.0000	0.0000	0.0000	0.0000	0.0000	0.0000	0.0000	0.0000	0.0000	0.0000	0.0000	0.0000	0.0000	0.0000	0.0000	0.0000	0.0000	0.0000	0.0000	0.0000	0.0000	0.0000	0.0000	0.0000	0.0000	0.0193	0.0091	0.0102	0.0005	0.0004	0.0001	0.0189	0.0087	0.0102
1	9	0.0956	21	0	0	0	0	0	0	0	0	0	2	0	2	0	0	0	0	0	0	N	N	N	N	N	Y	N	N	N	N	N	N	N	N	N	N	N	N	0.0000	0.0000	0.0000	0.0000	0.0000	0.0000	0.0000	0.0000	0.0000	0.0000	0.0000	0.0000	0.0000	0.0000	0.0000	0.0000	0.0000	0.0000	0.0000	0.0000	0.0000	0.0000	0.0000	0.0000	0.0000	0.0000	0.0000			0.0000	0.0000	0.0000	0.0000	3.0002	2.0000	0.0000	0.0000	0.0000	0.0000	0.0000	0.0000	0.0000	0.0000	0.0000	0.0000	0.0000	0.0000	0.0000	0.0000	0.0000	0.0000	0.0000	0.0000	0.0000	0.0000	0.0000	0.0000	0.0000	0.0000	0.0000	0.0000	0.0000	0.0060	0.0031	0.0030	0.0009	0.0006	0.0003	0.0052	0.0025	0.0027
1	16	0.1038	18	1	0	0	1	0	0	0	0	0	1	1	2	0	0	0	0	0	0	N	N	N	N	N	Y	N	N	N	N	N	N	N	N	N	N	N	N	0.0000	0.0000	0.0000	0.0000	0.0000	0.0000	0.0000	0.0000	0.0000	0.0000	0.0000	0.0000	0.0000	0.0000	0.0000	0.0000	0.0000	0.0000	0.0000	0.0000	0.0000	0.0000	0.0000	0.0000	0.0000	0.0000	0.0000			0.0000	0.0000	0.0000	0.0000	3.0002	1.0000	0.0000	0.0000	0.0000	0.0000	0.0000	0.0000	0.0000	0.0000	0.0000	0.0000	0.0000	0.0000	0.0000	0.0000	0.0000	0.0000	0.0000	0.0000	0.0000	0.0000	0.0000	0.0000	0.0000	0.0000	0.0000	0.0000	0.0000	0.0031	0.0016	0.0015	0.0005	0.0003	0.0001	0.0026	0.0013	0.0013
1	24	0.0450	8	0	0	1	0	0	0	1	0	0	2	0	2	0	0	0	0	0	0	N	N	N	N	N	Y	N	N	N	N	N	N	N	N	N	N	N	N	0.0000	0.0000	0.0000	0.0000	0.0000	0.0000	0.0000	0.0000	0.0000	0.0000	0.0000	0.0000	0.0000	0.0000	0.0000	0.0000	0.0000	0.0000	0.0000	0.0000	0.0000	0.0000	0.0000	0.0000	0.0000	0.0000	0.0000			0.0000	0.0000	0.0000	0.3906	3.0002	3.9576	0.0000	0.0000	0.0000	0.0000	0.0000	0.0000	0.0000	0.0000	0.0000	0.0000	0.0000	0.0000	0.0000	0.0000	0.0000	0.0000	0.0000	0.0000	0.0000	0.0000	0.0000	0.0000	0.0000	0.0000	0.0000	0.0000	0.0000	0.0140	0.0067	0.0073	0.0003	0.0003	0.0000	0.0137	0.0064	0.0073
1	30	0.0398	3	1	0	0	1	0	0	0	1	0	2	1	2	0	0	0	0	0	0	N	N	N	N	N	Y	N	N	N	N	N	N	N	N	N	N	N	N	0.0000	0.0000	0.0000	0.0000	0.0000	0.0000	0.0000	0.0000	0.0000	0.0000	0.0000	0.0000	0.0000	0.0000	0.0000	0.0000	0.0000	0.0000	0.0009	0.0014	0.0000	0.0047	0.0048	0.0000	0.0000	0.0000	0.0000		0.0000	0.0000	-0.0000	0.0000	0.0002	3.0002	1.1973	0.0000	0.0000	0.0000	0.0000	0.0000	0.0000	0.0000	0.0000	0.0000	0.0000	0.0000	0.0000	0.0000	0.0000	0.0000	0.0000	0.0000	0.0000	0.0000	0.0000	0.0000	0.0000	0.0000	0.0000	0.0000	0.0000	0.0000	0.0115	0.0071	0.0044	0.0021	0.0021	0.0001	0.0094	0.0051	0.0043
1	37	0.0786	17	1	0	0	1	0	0	0	1	0	2	1	2	0	0	0	0	0	0	N	N	N	N	N	Y	N	N	N	N	N	N	N	N	N	N	N	N	0.0000	0.0000	0.0000	0.0000	0.0000	0.0000	0.0000	0.0000	0.0000	0.0000	0.0000	0.0000	0.0000	0.0000	0.0000	0.0000	0.0000	0.0000	0.0000	0.0000	0.0000	0.0000	0.0000	0.0000	0.0000	0.0000	0.0000			0.0000	0.0000	0.0000	0.0000	3.0002	2.0000	0.0000	0.0000	0.0000	0.0000	0.0000	0.0000	0.0000	0.0000	0.0000	0.0000	0.0000	0.0000	0.0000	0.0000	0.0000	0.0000	0.0000	0.0000	0.0000	0.0000	0.0000	0.0000	0.0000	0.0000	0.0000	0.0000	0.0000	0.0061	0.0032	0.0029	0.0007	0.0006	0.0001	0.0054	0.0026	0.0028
1	38	0.0829	19	1	0	0	0	0	0	0	0	0	2	1	2	0	0	0	0	0	0	N	N	N	N	N	Y	N	N	N	N	N	N	N	N	N	N	N	N	0.0000	0.0000	0.0000	0.0000	0.0000	0.0000	0.0000	0.0000	0.0000	0.0000	0.0000	0.0000	0.0000	0.0000	0.0000	0.0000	0.0000	0.0000	0.0000	0.0000	0.0000	0.0000	0.0000	0.0000	0.0000	0.0000	0.0000			0.0000	0.0000	0.0000	0.0000	3.0002	0.4891	0.0000	0.0000	0.0000	0.0000	0.0000	0.0000	0.0000	0.0000	0.0000	0.0000	0.0000	0.0000	0.0000	0.0000	0.0000	0.0000	0.0000	0.0000	0.0000	0.0000	0.0000	0.0000	0.0000	0.0000	0.0000	0.0000	0.0000	0.0053	0.0027	0.0026	0.0022	0.0021	0.0000	0.0031	0.0006	0.0026
1	41	0.1038	18	1	0	1	1	0	0	1	0	0	1	1	2	0	0	0	0	0	0	N	N	N	N	N	Y	N	N	N	N	N	N	N	N	N	N	N	N	0.0000	0.0000	0.0000	0.0000	0.0000	0.0000	0.0000	0.0000	0.0000	0.0000	0.0000	0.0000	0.0000	0.0000	0.0000	0.0000	0.0000	0.0000	0.0000	0.0000	0.0000	0.0000	0.0000	0.0000	0.0000	0.0000	0.0000			0.0000	0.0000	0.0000	0.0000	3.0002	0.0000	0.0000	0.0000	0.0000	0.0000	0.0000	0.0000	0.0000	0.0000	0.0000	0.0000	0.0000	0.0000	0.0000	0.0000	0.0000	0.0000	0.0000	0.0000	0.0000	0.0000	0.0000	0.0000	0.0000	0.0000	0.0000	0.0000	0.0000	0.0000	0.0000	0.0000	0.0000	0.0000	0.0000	0.0000	0.0000	0.0000
1	42	0.1038	17	1	0	0	1	0	0	0	1	0	1	1	2	0	0	0	0	0	0	N	N	N	N	N	Y	N	N	N	N	N	N	N	N	N	N	N	N	0.0000	0.0000	0.0000	0.0000	0.0000	0.0000	0.0000	0.0000	0.0000	0.0000	0.0000	0.0000	0.0000	0.0000	0.0000	0.0000	0.0000	0.0000	0.0000	0.0000	0.0000	0.0000	0.0000	0.0000	0.0000	0.0000	0.0000			0.0000	0.0000	0.0000	0.0001	3.0002	0.0001	0.0000	0.0000	0.0000	0.0000	0.0000	0.0000	0.0000	0.0000	0.0000	0.0000	0.0000	0.0000	0.0000	0.0000	0.0000	0.0000	0.0000	0.0000	0.0000	0.0000	0.0000	0.0000	0.0000	0.0000	0.0000	0.0000	0.0000	0.0000	0.0000	0.0000	0.0000	0.0000	0.0000	0.0000	0.0000	0.0000
1	43	0.1038	17	1	0	1	0	0	0	1	0	0	1	1	2	0	0	0	0	0	0	N	N	N	N	N	Y	N	N	N	N	N	N	N	N	N	N	N	N	0.0000	0.0000	0.0000	0.0000	0.0000	0.0000	0.0000	0.0000	0.0000	0.0000	0.0000	0.0000	0.0000	0.0000	0.0000	0.0000	0.0000	0.0000	0.0000	0.0000	0.0000	0.0000	0.0000	0.0000	0.0000	0.0000	0.0000			0.0000	0.0000	0.0000	0.0000	3.0002	0.0000	0.0000	0.0000	0.0000	0.0000	0.0000	0.0000	0.0000	0.0000	0.0000	0.0000	0.0000	0.0000	0.0000	0.0000	0.0000	0.0000	0.0000	0.0000	0.0000	0.0000	0.0000	0.0000	0.0000	0.0000	0.0000	0.0000	0.0000	0.0000	0.0000	0.0000	0.0000	0.0000	0.0000	0.0000	0.0000	0.0000
1	44	0.0813	16	1	0	0	0	0	0	0	0	0	2	1	2	0	0	0	0	0	0	N	N	N	N	N	Y	N	N	N	N	N	N	N	N	N	N	N	N	0.0000	0.0000	0.0000	0.0000	0.0000	0.0000	0.0000	0.0000	0.0000	0.0000	0.0000	0.0000	0.0000	0.0000	0.0000	0.0000	0.0000	0.0000	0.0000	0.0000	0.0000	0.0000	0.0000	0.0000	0.0000	0.0000	0.0000		inf	0.0000	0.0000	0.0000	2.9998	3.0002	4.8980	0.0000	0.0000	0.0000	0.0000	0.0000	0.0000	0.0000	0.0000	0.0000	0.0000	0.0000	0.0000	0.0000	0.0000	0.0000	0.0000	0.0000	0.0000	0.0000	0.0000	0.0000	0.0000	0.0000	0.0000	0.0000	0.0000	0.0000	0.0242	0.0129	0.0113	0.0030	0.0025	0.0005	0.0212	0.0104	0.0108
1	52	0.0985	20	1	0	1	0	0	0	0	0	0	2	0	2	0	0	0	0	0	0	N	N	N	N	N	Y	N	N	N	N	N	N	N	N	N	N	N	N	0.0000	0.0000	0.0000	0.0000	0.0000	0.0000	0.0000	0.0000	0.0000	0.0000	0.0000	0.0000	0.0000	0.0000	0.0000	0.0000	0.0000	0.0000	0.0000	0.0000	0.0000	0.0000	0.0000	0.0000	0.0000	0.0000	0.0000			0.0000	0.0000	0.0000	0.0000	3.0002	2.0000	0.0000	0.0000	0.0000	0.0000	0.0000	0.0000	0.0000	0.0000	0.0000	0.0000	0.0000	0.0000	0.0000	0.0000	0.0000	0.0000	0.0000	0.0000	0.0000	0.0000	0.0000	0.0000	0.0000	0.0000	0.0000	0.0000	0.0000	0.0116	0.0062	0.0053	0.0019	0.0016	0.0003	0.0097	0.0047	0.0050
1	55	0.0814	18	1	0	0	0	0	0	0	0	0	2	1	2	0	0	0	0	0	0	N	N	N	N	N	Y	N	N	N	N	N	N	N	N	N	N	N	N	0.0000	0.0000	0.0000	0.0000	0.0000	0.0000	0.0000	0.0000	0.0000	0.0000	0.0000	0.0000	0.0000	0.0000	0.0000	0.0000	0.0000	0.0000	0.0000	0.0000	0.0000	0.0000	0.0000	0.0000	0.0000	0.0000	0.0000			0.0000	0.0000	0.0000	0.0000	3.0002	1.0065	0.0000	0.0000	0.0000	0.0000	0.0000	0.0000	0.0000	0.0000	0.0000	0.0000	0.0000	0.0000	0.0000	0.0000	0.0000	0.0000	0.0000	0.0000	0.0000	0.0000	0.0000	0.0000	0.0000	0.0000	0.0000	0.0000	0.0000	0.0032	0.0017	0.0015	0.0004	0.0003	0.0001	0.0028	0.0013	0.0015
1	63	0.0257	8	1	0	0	0	0	0	0	0	0	2	0	2	0	0	0	0	0	0	N	N	N	N	N	Y	N	N	N	N	N	N	N	N	N	N	N	N	0.0000	0.0000	0.0000	0.0000	0.0000	0.0000	0.0000	0.0000	0.0000	0.0000	0.0000	0.0000	0.0000	0.0000	0.0000	0.0000	0.0000	0.0000	0.0000	0.0000	0.0000	0.0000	0.0000	0.0000	0.0000	0.0000	0.0000			0.0000	0.0000	0.0000	0.0023	3.0002	3.0060	0.0000	0.0000	0.0000	0.0000	0.0000	0.0000	0.0000	0.0000	0.0000	0.0000	0.0000	0.0000	0.0000	0.0000	0.0000	0.0000	0.0000	0.0000	0.0000	0.0000	0.0000	0.0000	0.0000	0.0000	0.0000	0.0000	0.0000	0.0097	0.0046	0.0052	0.0001	0.0001	0.0000	0.0097	0.0045	0.0052
1	73	0.0920	16	1	0	1	0	0	0	1	0	0	1	1	2	0	0	0	0	0	0	N	N	N	N	N	Y	N	N	N	N	N	N	N	N	N	N	N	N	0.0000	0.0000	0.0000	0.0000	0.0000	0.0000	0.0000	0.0000	0.0000	0.0000	0.0000	0.0000	0.0000	0.0000	0.0000	0.0000	0.0000	0.0000	0.0000	0.0000	0.0000	0.0000	0.0000	0.0000	0.0000	0.0000	0.0000			0.0000	0.0000	0.0000	0.0000	3.0002	0.0000	0.0000	0.0000	0.0000	0.0000	0.0000	0.0000	0.0000	0.0000	0.0000	0.0000	0.0000	0.0000	0.0000	0.0000	0.0000	0.0000	0.0000	0.0000	0.0000	0.0000	0.0000	0.0000	0.0000	0.0000	0.0000	0.0000	0.0000	0.0000	0.0000	0.0000	0.0000	0.0000	0.0000	0.0000	0.0000	0.0000
1	75	0.0920	16	1	0	0	0	0	0	0	0	0	1	1	2	0	0	0	0	0	0	N	N	N	N	N	Y	N	N	N	N	N	N	N	N	N	N	N	N	0.0000	0.0000	0.0000	0.0000	0.0000	0.0000	0.0000	0.0000	0.0000	0.0000	0.0000	0.0000	0.0000	0.0000	0.0000	0.0000	0.0000	0.0000	0.0000	0.0000	0.0000	0.0000	0.0000	0.0000	0.0000	0.0000	0.0000			0.0000	0.0000	0.0000	0.0000	3.0002	1.0000	0.0000	0.0000	0.0000	0.0000	0.0000	0.0000	0.0000	0.0000	0.0000	0.0000	0.0000	0.0000	0.0000	0.0000	0.0000	0.0000	0.0000	0.0000	0.0000	0.0000	0.0000	0.0000	0.0000	0.0000	0.0000	0.0000	0.0000	0.0057	0.0034	0.0023	0.0004	0.0003	0.0001	0.0053	0.0031	0.0023
1	76	0.0920	15	1	0	0	0	0	0	0	0	0	2	1	2	0	0	0	0	0	0	N	N	N	N	N	Y	N	N	N	N	N	N	N	N	N	N	N	N	0.0000	0.0000	0.0000	0.0000	0.0000	0.0000	0.0000	0.0000	0.0000	0.0000	0.0000	0.0000	0.0000	0.0000	0.0000	0.0000	0.0000	0.0000	0.0000	0.0000	0.0000	0.0000	0.0000	0.0000	0.0000	0.0000	0.0000			0.0000	0.0000	0.0000	0.0000	3.0002	0.0000	0.0000	0.0000	0.0000	0.0000	0.0000	0.0000	0.0000	0.0000	0.0000	0.0000	0.0000	0.0000	0.0000	0.0000	0.0000	0.0000	0.0000	0.0000	0.0000	0.0000	0.0000	0.0000	0.0000	0.0000	0.0000	0.0000	0.0000	0.0007	0.0004	0.0003	0.0004	0.0004	0.0000	0.0004	0.0000	0.0003
1	105	0.1052	18	0	0	0	0	0	0	0	0	0	2	0	2	0	0	0	0	0	0	N	N	N	N	N	Y	N	N	N	N	N	N	N	N	N	N	N	N	0.0000	0.0000	0.0000	0.0000	0.0000	0.0000	0.0000	0.0000	0.0000	0.0000	0.0000	0.0000	0.0000	0.0000	0.0000	0.0000	0.0000	0.0000	0.0000	0.0000	0.0000	0.0000	0.0000	0.0000	0.0000	0.0000	0.0000			0.0000	0.0000	0.0000	0.0000	3.0002	1.0001	0.0000	0.0000	0.0000	0.0000	0.0000	0.0000	0.0000	0.0000	0.0000	0.0000	0.0000	0.0000	0.0000	0.0000	0.0000	0.0000	0.0000	0.0000	0.0000	0.0000	0.0000	0.0000	0.0000	0.0000	0.0000	0.0000	0.0000	0.0028	0.0014	0.0014	0.0004	0.0002	0.0001	0.0025	0.0012	0.0013
1	106	0.0871	18	0	0	0	0	0	0	0	0	0	2	0	2	0	0	0	0	0	0	N	N	N	N	N	Y	N	N	N	N	N	N	N	N	N	N	N	N	0.0000	0.0000	0.0000	0.0000	0.0000	0.0000	0.0000	0.0000	0.0000	0.0000	0.0000	0.0000	0.0000	0.0000	0.0000	0.0000	0.0000	0.0000	0.0000	0.0000	0.0000	0.0000	0.0000	0.0000	0.0000	0.0000	0.0000			0.0000	0.0000	0.0000	0.0000	3.0002	0.0000	0.0000	0.0000	0.0000	0.0000	0.0000	0.0000	0.0000	0.0000	0.0000	0.0000	0.0000	0.0000	0.0000	0.0000	0.0000	0.0000	0.0000	0.0000	0.0000	0.0000	0.0000	0.0000	0.0000	0.0000	0.0000	0.0000	0.0000	0.0000	0.0000	0.0000	0.0000	0.0000	0.0000	0.0000	0.0000	0.0000
1	107	0.0956	22	0	0	0	0	0	0	0	0	0	2	0	2	0	0	0	0	0	0	N	N	N	N	N	Y	N	N	N	N	N	N	N	N	N	N	N	N	0.0000	0.0000	0.0000	0.0000	0.0000	0.0000	0.0000	0.0000	0.0000	0.0000	0.0000	0.0000	0.0000	0.0000	0.0000	0.0000	0.0000	0.0000	0.0000	0.0000	0.0000	0.0000	0.0000	0.0000	0.0000	0.0000	0.0000			0.0000	0.0000	0.0000	0.0000	3.0002	0.0000	0.0000	0.0000	0.0000	0.0000	0.0000	0.0000	0.0000	0.0000	0.0000	0.0000	0.0000	0.0000	0.0000	0.0000	0.0000	0.0000	0.0000	0.0000	0.0000	0.0000	0.0000	0.0000	0.0000	0.0000	0.0000	0.0000	0.0000	0.0000	0.0000	0.0000	0.0000	0.0000	0.0000	0.0000	0.0000	0.0000
3	7	0.0380	2	2	0	1	0	0	0	0	0	0	1	0	1	0	0	0	0	0	0	Y	N	N	N	N	N	N	N	N	N	N	N	N	N	N	N	N	N	9789.6824	15272.2205	0.0000	5150.5480	4991.4294	0.0000	0.0000	0.0000	0.0000	18.5953	22.5370	0.0000	79.6066	79.6710	0.0000	0.0000	0.0000	0.0000	0.0019	0.0015	0.0023	0.0155	0.0160	0.0002	0.0013	0.0000	0.0023	0.0000	1.7613	-0.0000	0.0000	2.0032	0.0001	6.1048	6.0395	0.0001	0.0001	0.0000	0.0001	0.0001	0.0000	0.0000	0.0000	0.0000	0.0002	0.0001	0.0001	0.0001	0.0001	0.0000	0.0001	0.0000	0.0001	0.0000	0.0000	0.0000	0.0000	0.0000	0.0000	0.0000	0.0000	0.0000	0.1029	0.0480	0.0549	0.0046	0.0044	0.0001	0.0983	0.0435	0.0548
3	16	0.1247	17	2	0	1	1	0	0	0	0	0	0	1	1	0	0	0	0	0	0	Y	N	N	N	N	N	N	N	N	N	N	N	N	N	N	N	N	N	0.0000	0.0000	0.0000	0.0000	0.0000	0.0000	0.0000	0.0000	0.0000	0.0000	0.0000	0.0000	0.0000	0.0000	0.0000	0.0000	0.0000	0.0000	0.0016	0.0031	0.0000	0.0088	0.0109	0.0000	0.0000	0.0000	0.0000		0.0000	0.0000	-0.0000	2.0032	0.0000	6.1048	1.0000	0.0000	0.0000	0.0000	0.0000	0.0000	0.0000	0.0000	0.0000	0.0000	0.0000	0.0000	0.0000	0.0000	0.0000	0.0000	0.0000	0.0000	0.0000	0.0000	0.0000	0.0000	0.0000	0.0000	0.0000	0.0000	0.0000	0.0000	0.0125	0.0065	0.0060	0.0023	0.0018	0.0004	0.0102	0.0047	0.0055
3	30	0.0801	8	2	0	1	1	0	0	0	1	0	1	1	1	0	0	0	0	0	0	Y	N	N	N	N	N	N	N	N	N	N	N	N	N	N	N	N	N	0.0000	0.0000	0.0000	0.0000	0.0000	0.0000	0.0000	0.0000	0.0000	0.0000	0.0000	0.0000	0.0000	0.0000	0.0000	0.0000	0.0000	0.0000	0.0158	0.0243	0.0000	0.0592	0.0645	0.0000	0.0004	0.0006	0.0000		0.0000	0.0000	-0.0002	2.0032	0.0002	6.1048	1.1973	0.0000	0.0000	0.0000	0.0000	0.0000	0.0000	0.0000	0.0000	0.0000	0.0005	0.0005	0.0000	0.0005	0.0005	0.0000	0.0000	0.0000	0.0000	0.0000	0.0000	0.0000	0.0000	0.0000	0.0000	0.0000	0.0000	0.0000	0.0320	0.0209	0.0111	0.0084	0.0077	0.0007	0.0236	0.0132	0.0104
3	31	0.0563	7	2	0	1	0	1	0	0	0	1	0	1	0	0	0	0	0	0	0	Y	N	N	N	N	N	N	N	N	N	N	N	N	N	N	N	N	N	0.0000	0.0000	0.0000	0.0000	0.0000	0.0000	0.0000	0.0000	0.0000	0.0000	0.0000	0.0000	0.0000	0.0000	0.0000	0.0000	0.0000	0.0000	0.0327	0.0680	0.0002	0.4949	0.5304	0.0178	0.0000	0.0000	0.0000		0.0031	0.0000	-0.0010	2.0032	2.0002	6.1048	1.8085	0.0000	0.0000	0.0000	0.0000	0.0000	0.0000	0.0000	0.0000	0.0000	0.0021	0.0020	0.0000	0.0020	0.0020	0.0000	0.0000	0.0000	0.0000	0.0496	0.0427	0.0069	0.0015	0.0014	0.0001	0.0481	0.0412	0.0068	0.0628	0.0300	0.0327	0.0041	0.0039	0.0003	0.0586	0.0262	0.0325
3	37	0.0995	16	2	0	1	1	0	0	0	1	0	1	1	1	0	0	0	0	0	0	Y	N	N	N	N	N	N	N	N	N	N	N	N	N	N	N	N	N	0.0000	0.0000	0.0000	0.0000	0.0000	0.0000	0.0000	0.0000	0.0000	0.0000	0.0000	0.0000	0.0000	0.0000	0.0000	0.0000	0.0000	0.0000	0.0003	0.0006	0.0000	0.0023	0.0025	0.0000	0.0000	0.0000	0.0000		0.0000	0.0000	-0.0000	2.0032	0.0000	6.1048	2.0000	0.0000	0.0000	0.0000	0.0000	0.0000	0.0000	0.0000	0.0000	0.0000	0.0000	0.0000	0.0000	0.0000	0.0000	0.0000	0.0000	0.0000	0.0000	0.0000	0.0000	0.0000	0.0000	0.0000	0.0000	0.0000	0.0000	0.0000	0.0324	0.0166	0.0158	0.0044	0.0040	0.0004	0.0280	0.0127	0.0154
3	38	0.1037	18	2	0	1	0	0	0	0	0	0	1	1	1	0	0	0	0	0	0	Y	N	N	N	N	N	N	N	N	N	N	N	N	N	N	N	N	N	0.0000	0.0000	0.0000	0.0000	0.0000	0.0000	0.0000	0.0000	0.0000	0.0000	0.0000	0.0000	0.0000	0.0000	0.0000	0.0000	0.0000	0.0000	0.0004	0.0008	0.0000	0.0010	0.0010	0.0000	0.0000	0.0000	0.0000		0.0000	0.0000	-0.0000	2.0032	0.0000	6.1048	0.4891	0.0000	0.0000	0.0000	0.0000	0.0000	0.0000	0.0000	0.0000	0.0000	0.0000	0.0000	0.0000	0.0000	0.0000	0.0000	0.0000	0.0000	0.0000	0.0000	0.0000	0.0000	0.0000	0.0000	0.0000	0.0000	0.0000	0.0000	0.0144	0.0074	0.0070	0.0060	0.0059	0.0001	0.0084	0.0015	0.0069
3	39	0.1023	17	2	0	1	0	0	0	0	0	0	0	1	0	0	0	0	0	0	0	Y	N	N	N	N	N	N	N	N	N	N	N	N	N	N	N	N	N	0.0000	0.0000	0.0000	0.0000	0.0000	0.0000	0.0000	0.0000	0.0000	0.0000	0.0000	0.0000	0.0000	0.0000	0.0000	0.0000	0.0000	0.0000	0.0009	0.0016	0.0002	0.0054	0.0059	0.0001	0.0001	0.0000	0.0002		0.1314	0.0000	-0.0000	2.0032	0.0000	6.1048	0.5132	0.0000	0.0000	0.0000	0.0000	0.0000	0.0000	0.0000	0.0000	0.0000	0.0000	0.0000	0.0000	0.0000	0.0000	0.0000	0.0000	0.0000	0.0000	0.0000	0.0000	0.0000	0.0000	0.0000	0.0000	0.0000	0.0000	0.0000	0.0087	0.0044	0.0042	0.0013	0.0012	0.0001	0.0074	0.0033	0.0041
3	42	0.1247	16	2	0	1	1	0	0	0	1	0	0	1	1	0	0	0	0	0	0	Y	N	N	N	N	N	N	N	N	N	N	N	N	N	N	N	N	N	0.0000	0.0000	0.0000	0.0000	0.0000	0.0000	0.0000	0.0000	0.0000	0.0000	0.0000	0.0000	0.0000	0.0000	0.0000	0.0000	0.0000	0.0000	0.0000	0.0000	0.0000	0.0000	0.0000	0.0000	0.0000	0.0000	0.0000			0.0000	0.0000	2.0032	0.0001	6.1048	0.0001	0.0000	0.0000	0.0000	0.0000	0.0000	0.0000	0.0000	0.0000	0.0000	0.0000	0.0000	0.0000	0.0000	0.0000	0.0000	0.0000	0.0000	0.0000	0.0000	0.0000	0.0000	0.0000	0.0000	0.0000	0.0000	0.0000	0.0000	0.0081	0.0069	0.0012	0.0048	0.0041	0.0006	0.0033	0.0027	0.0006
3	44	0.1022	15	2	0	1	0	0	0	0	0	0	1	1	1	0	0	0	0	0	0	Y	N	N	N	N	N	N	N	N	N	N	N	N	N	N	N	N	N	0.0000	0.0000	0.0000	0.0000	0.0000	0.0000	0.0000	0.0000	0.0000	0.0000	0.0000	0.0000	0.0000	0.0000	0.0000	0.0000	0.0000	0.0000	14.5469	13.0878	16.1455	0.8721	0.9666	0.0787	17.1144	17.5749	16.7327		1.1259	0.0000	0.1049	2.0032	2.9998	6.1048	4.8980	0.0000	0.0000	0.0000	0.0000	0.0000	0.0000	0.0000	0.0000	0.0000	1.8856	0.8869	0.9986	0.0179	0.0177	0.0002	1.8677	0.8692	0.9985	0.0738	0.0634	0.0104	0.0015	0.0014	0.0001	0.0723	0.0620	0.0103	0.1296	0.0678	0.0619	0.0205	0.0183	0.0022	0.1091	0.0495	0.0597
3	45	0.0964	14	2	0	1	0	0	0	0	0	1	0	1	0	0	0	0	0	0	0	Y	N	N	N	N	N	N	N	N	N	N	N	N	N	N	N	N	N	0.0000	0.0000	0.0000	0.0000	0.0000	0.0000	0.0000	0.0000	0.0000	0.0000	0.0000	0.0000	0.0000	0.0000	0.0000	0.0000	0.0000	0.0000	0.0861	0.0600	0.1170	0.0595	0.0685	0.0001	0.0924	0.0563	0.1237		1.6501	0.0000	0.0005	2.0032	0.0002	6.1048	2.0813	0.0000	0.0000	0.0000	0.0000	0.0000	0.0000	0.0000	0.0000	0.0000	0.0032	0.0012	0.0020	0.0004	0.0004	0.0000	0.0028	0.0008	0.0020	0.0000	0.0000	0.0000	0.0000	0.0000	0.0000	0.0000	0.0000	0.0000	0.0373	0.0202	0.0171	0.0071	0.0062	0.0009	0.0302	0.0140	0.0162
3	55	0.1023	17	2	0	1	0	0	0	0	0	0	1	1	1	0	0	0	0	0	0	Y	N	N	N	N	N	N	N	N	N	N	N	N	N	N	N	N	N	0.0000	0.0000	0.0000	0.0000	0.0000	0.0000	0.0000	0.0000	0.0000	0.0000	0.0000	0.0000	0.0000	0.0000	0.0000	0.0000	0.0000	0.0000	0.0001	0.0002	0.0000	0.0008	0.0008	0.0000	0.0000	0.0000	0.0000		0.0305	0.0000	-0.0000	2.0032	0.0000	6.1048	1.0065	0.0000	0.0000	0.0000	0.0000	0.0000	0.0000	0.0000	0.0000	0.0000	0.0000	0.0000	0.0000	0.0000	0.0000	0.0000	0.0000	0.0000	0.0000	0.0000	0.0000	0.0000	0.0000	0.0000	0.0000	0.0000	0.0000	0.0000	0.0167	0.0086	0.0081	0.0024	0.0022	0.0002	0.0143	0.0064	0.0079
3	56	0.0995	16	2	0	1	0	0	0	0	0	0	0	1	0	0	0	0	0	0	0	Y	N	N	N	N	N	N	N	N	N	N	N	N	N	N	N	N	N	0.0000	0.0000	0.0000	0.0000	0.0000	0.0000	0.0000	0.0000	0.0000	0.0000	0.0000	0.0000	0.0000	0.0000	0.0000	0.0000	0.0000	0.0000	0.1013	0.1974	0.0000	0.7469	0.8275	0.0000	0.0000	0.0000	0.0000		0.0000	0.0000	-0.0008	2.0032	0.0000	6.1048	1.0047	0.0000	0.0000	0.0000	0.0000	0.0000	0.0000	0.0000	0.0000	0.0000	0.0017	0.0017	0.0000	0.0017	0.0017	0.0000	0.0000	0.0000	0.0000	0.0000	0.0000	0.0000	0.0000	0.0000	0.0000	0.0000	0.0000	0.0000	0.0164	0.0084	0.0080	0.0022	0.0020	0.0002	0.0141	0.0064	0.0078
3	57	0.0995	15	2	0	1	0	0	0	0	0	1	0	1	0	0	0	0	0	0	0	Y	N	N	N	N	N	N	N	N	N	N	N	N	N	N	N	N	N	0.0000	0.0000	0.0000	0.0000	0.0000	0.0000	0.0000	0.0000	0.0000	0.0000	0.0000	0.0000	0.0000	0.0000	0.0000	0.0000	0.0000	0.0000	0.0000	0.0000	0.0000	0.0000	0.0000	0.0000	0.0000	0.0000	0.0000			0.0000	0.0000	2.0032	0.0000	6.1048	0.0000	0.0000	0.0000	0.0000	0.0000	0.0000	0.0000	0.0000	0.0000	0.0000	0.0000	0.0000	0.0000	0.0000	0.0000	0.0000	0.0000	0.0000	0.0000	0.0000	0.0000	0.0000	0.0000	0.0000	0.0000	0.0000	0.0000	0.0000	0.0000	0.0000	0.0000	0.0000	0.0000	0.0000	0.0000	0.0000	0.0000
3	61	0.0964	14	2	0	1	0	0	0	0	0	0	0	0	0	0	0	0	0	0	0	Y	N	N	N	N	N	N	N	N	N	N	N	N	N	N	N	N	N	0.0000	0.0000	0.0000	0.0000	0.0000	0.0000	0.0000	0.0000	0.0000	0.0000	0.0000	0.0000	0.0000	0.0000	0.0000	0.0000	0.0000	0.0000	0.0194	0.0342	0.0000	0.0004	0.0004	0.0003	0.0255	0.0537	0.0000		0.0006	0.0000	-0.0002	2.0032	0.0000	6.1048	1.0227	0.0000	0.0000	0.0000	0.0000	0.0000	0.0000	0.0000	0.0000	0.0000	0.0004	0.0004	0.0000	0.0000	0.0000	0.0000	0.0004	0.0004	0.0000	0.0000	0.0000	0.0000	0.0000	0.0000	0.0000	0.0000	0.0000	0.0000	0.0202	0.0115	0.0088	0.0049	0.0042	0.0007	0.0153	0.0073	0.0080
3	62	0.0910	13	2	0	1	0	0	0	0	0	0	0	0	0	0	0	0	0	0	0	Y	N	N	N	N	N	N	N	N	N	N	N	N	N	N	N	N	N	0.0000	0.0000	0.0000	0.0000	0.0000	0.0000	0.0000	0.0000	0.0000	0.0000	0.0000	0.0000	0.0000	0.0000	0.0000	0.0000	0.0000	0.0000	0.4062	0.7883	0.0000	0.0113	0.0119	0.0005	0.4975	1.1947	0.0000		0.0000	0.0000	-0.0075	2.0032	0.4815	6.1048	1.4942	0.0000	0.0000	0.0000	0.0000	0.0000	0.0000	0.0000	0.0000	0.0000	0.0158	0.0158	0.0000	0.0001	0.0001	0.0000	0.0157	0.0157	0.0000	0.0247	0.0229	0.0018	0.0066	0.0066	0.0000	0.0181	0.0163	0.0018	0.0388	0.0200	0.0188	0.0073	0.0069	0.0004	0.0315	0.0131	0.0184
3	63	0.0580	9	2	0	1	0	0	0	0	0	0	1	0	1	0	0	0	0	0	0	Y	N	N	N	N	N	N	N	N	N	N	N	N	N	N	N	N	N	0.0000	0.0000	0.0000	0.0000	0.0000	0.0000	0.0000	0.0000	0.0000	0.0000	0.0000	0.0000	0.0000	0.0000	0.0000	0.0000	0.0000	0.0000	0.0000	0.0000	0.0000	0.0000	0.0000	0.0000	0.0000	0.0000	0.0000			0.0000	0.0000	2.0032	0.0023	6.1048	3.0060	0.0000	0.0000	0.0000	0.0000	0.0000	0.0000	0.0000	0.0000	0.0000	0.0000	0.0000	0.0000	0.0000	0.0000	0.0000	0.0000	0.0000	0.0000	0.0001	0.0001	0.0000	0.0000	0.0000	0.0000	0.0001	0.0001	0.0000	0.0508	0.0245	0.0263	0.0038	0.0034	0.0004	0.0470	0.0211	0.0259
3	64	0.0551	8	2	0	1	0	1	0	0	0	0	0	0	0	0	0	0	0	0	0	Y	N	N	N	N	N	N	N	N	N	N	N	N	N	N	N	N	N	0.0000	0.0000	0.0000	0.0000	0.0000	0.0000	0.0000	0.0000	0.0000	0.0000	0.0000	0.0000	0.0000	0.0000	0.0000	0.0000	0.0000	0.0000	0.0012	0.0012	0.0012	0.0002	0.0002	0.0000	0.0013	0.0014	0.0012		1.0228	0.0000	0.0000	2.0032	0.9990	6.1048	0.0212	0.0000	0.0000	0.0000	0.0000	0.0000	0.0000	0.0000	0.0000	0.0000	0.0000	0.0000	0.0000	0.0000	0.0000	0.0000	0.0000	0.0000	0.0000	0.0249	0.0213	0.0035	0.0001	0.0001	0.0000	0.0247	0.0212	0.0035	0.0175	0.0084	0.0090	0.0013	0.0012	0.0001	0.0161	0.0072	0.0089
3	69	0.0942	12	2	0	1	0	0	0	0	0	0	0	0	0	0	0	0	0	0	0	Y	N	N	N	N	N	N	N	N	N	N	N	N	N	N	N	N	N	0.0000	0.0000	0.0000	0.0000	0.0000	0.0000	0.0000	0.0000	0.0000	0.0000	0.0000	0.0000	0.0000	0.0000	0.0000	0.0000	0.0000	0.0000	0.1328	0.2540	0.0000	0.6546	0.8134	0.0001	0.0000	0.0000	0.0000	0.0000	0.0000	-0.0000	-0.0028	2.0032	1.0007	6.1048	1.2584	0.0000	0.0000	0.0000	0.0000	0.0000	0.0000	0.0000	0.0000	0.0000	0.0059	0.0059	0.0000	0.0059	0.0059	0.0000	0.0000	0.0000	0.0000	0.0252	0.0216	0.0035	0.0006	0.0005	0.0000	0.0246	0.0211	0.0035	0.0447	0.0234	0.0213	0.0091	0.0073	0.0018	0.0356	0.0161	0.0196
3	70	0.0801	11	2	0	1	0	1	0	0	0	0	0	0	0	0	0	0	0	0	0	Y	N	N	N	N	N	N	N	N	N	N	N	N	N	N	N	N	N	7.4181	4.3486	0.0000	49.4135	47.2587	0.0000	0.0000	0.0000	0.0000	0.0134	0.0156	0.0000	0.7754	0.8086	0.0000	0.0000	0.0000	0.0000	0.0018	0.0036	0.0000	0.0157	0.0171	0.0002	0.0000	0.0000	0.0000	0.0000	0.0010	-0.0006	-0.0001	2.0032	3.0007	6.1048	1.9606	0.0010	0.0010	0.0000	0.0010	0.0010	0.0000	0.0000	0.0000	0.0000	0.0002	0.0002	0.0000	0.0002	0.0002	0.0000	0.0000	0.0000	0.0000	0.0746	0.0641	0.0105	0.0013	0.0012	0.0001	0.0733	0.0629	0.0104	0.0831	0.0419	0.0413	0.0096	0.0088	0.0008	0.0736	0.0331	0.0405
3	75	0.1129	15	2	0	1	0	0	0	0	0	0	0	1	1	0	0	0	0	0	0	Y	N	N	N	N	N	N	N	N	N	N	N	N	N	N	N	N	N	0.0000	0.0000	0.0000	0.0000	0.0000	0.0000	0.0000	0.0000	0.0000	0.0000	0.0000	0.0000	0.0000	0.0000	0.0000	0.0000	0.0000	0.0000	0.0000	0.0000	0.0000	0.0000	0.0000	0.0000	0.0000	0.0000	0.0000			0.0000	0.0000	2.0032	0.0000	6.1048	1.0000	0.0000	0.0000	0.0000	0.0000	0.0000	0.0000	0.0000	0.0000	0.0000	0.0000	0.0000	0.0000	0.0000	0.0000	0.0000	0.0000	0.0000	0.0000	0.0000	0.0000	0.0000	0.0000	0.0000	0.0000	0.0000	0.0000	0.0000	0.0156	0.0094	0.0062	0.0018	0.0015	0.0003	0.0138	0.0079	0.0059
3	76	0.1129	14	2	0	1	0	0	0	0	0	0	1	1	1	0	0	0	0	0	0	Y	N	N	N	N	N	N	N	N	N	N	N	N	N	N	N	N	N	0.0000	0.0000	0.0000	0.0000	0.0000	0.0000	0.0000	0.0000	0.0000	0.0000	0.0000	0.0000	0.0000	0.0000	0.0000	0.0000	0.0000	0.0000	0.0000	0.0000	0.0000	0.0000	0.0000	0.0000	0.0000	0.0000	0.0000			0.0000	0.0000	2.0032	0.0000	6.1048	0.0000	0.0000	0.0000	0.0000	0.0000	0.0000	0.0000	0.0000	0.0000	0.0000	0.0000	0.0000	0.0000	0.0000	0.0000	0.0000	0.0000	0.0000	0.0000	0.0000	0.0000	0.0000	0.0000	0.0000	0.0000	0.0000	0.0000	0.0000	0.0020	0.0011	0.0009	0.0011	0.0010	0.0000	0.0009	0.0001	0.0009
3	77	0.0910	13	2	0	1	0	0	0	0	0	1	0	1	0	0	0	0	0	0	0	Y	N	N	N	N	N	N	N	N	N	N	N	N	N	N	N	N	N	0.0000	0.0000	0.0000	0.0000	0.0000	0.0000	0.0000	0.0000	0.0000	0.0000	0.0000	0.0000	0.0000	0.0000	0.0000	0.0000	0.0000	0.0000	0.0034	0.0056	0.0011	0.0080	0.0085	0.0000	0.0025	0.0044	0.0011		0.1869	0.0000	-0.0001	2.0032	0.0002	6.1048	3.7635	0.0000	0.0000	0.0000	0.0000	0.0000	0.0000	0.0000	0.0000	0.0000	0.0002	0.0002	0.0000	0.0001	0.0001	0.0000	0.0001	0.0001	0.0000	0.0127	0.0126	0.0001	0.0064	0.0064	0.0000	0.0064	0.0062	0.0001	0.0673	0.0344	0.0329	0.0105	0.0098	0.0007	0.0567	0.0246	0.0322
3	78	0.0852	12	2	0	1	0	1	0	0	0	0	0	0	0	0	0	0	0	0	0	Y	N	N	N	N	N	N	N	N	N	N	N	N	N	N	N	N	N	0.0000	0.0000	0.0000	0.0000	0.0000	0.0000	0.0000	0.0000	0.0000	0.0000	0.0000	0.0000	0.0000	0.0000	0.0000	0.0000	0.0000	0.0000	0.0026	0.0046	0.0006	0.0002	0.0002	0.0000	0.0029	0.0058	0.0006		0.1334	0.0000	-0.0000	2.0032	0.5196	6.1048	1.5432	0.0000	0.0000	0.0000	0.0000	0.0000	0.0000	0.0000	0.0000	0.0000	0.0001	0.0001	0.0000	0.0000	0.0000	0.0000	0.0001	0.0001	0.0000	0.0131	0.0112	0.0018	0.0002	0.0002	0.0000	0.0129	0.0110	0.0018	0.0346	0.0173	0.0173	0.0040	0.0037	0.0003	0.0306	0.0136	0.0170
4	7	0.0172	8	1	0	0	0	0	0	0	0	0	2	0	2	0	0	0	0	0	0	N	N	N	N	N	Y	N	N	N	N	N	N	N	N	N	N	N	N	0.0000	0.0000	0.0000	0.0000	0.0000	0.0000	0.0000	0.0000	0.0000	0.0000	0.0000	0.0000	0.0000	0.0000	0.0000	0.0000	0.0000	0.0000	0.0000	0.0000	0.0000	0.0000	0.0000	0.0000	0.0000	0.0000	0.0000			0.0000	0.0000	0.0000	0.0001	0.0000	6.0395	0.0000	0.0000	0.0000	0.0000	0.0000	0.0000	0.0000	0.0000	0.0000	0.0000	0.0000	0.0000	0.0000	0.0000	0.0000	0.0000	0.0000	0.0000	0.0000	0.0000	0.0000	0.0000	0.0000	0.0000	0.0000	0.0000	0.0000	0.0000	0.0000	0.0000	0.0000	0.0000	0.0000	0.0000	0.0000	0.0000
4	9	0.0785	22	0	0	0	0	0	0	0	0	0	2	0	2	0	0	0	0	0	0	N	N	N	N	N	Y	N	N	N	N	N	N	N	N	N	N	N	N	0.0000	0.0000	0.0000	0.0000	0.0000	0.0000	0.0000	0.0000	0.0000	0.0000	0.0000	0.0000	0.0000	0.0000	0.0000	0.0000	0.0000	0.0000	0.0000	0.0000	0.0000	0.0000	0.0000	0.0000	0.0000	0.0000	0.0000			0.0000	0.0000	0.0000	0.0000	0.0000	2.0000	0.0000	0.0000	0.0000	0.0000	0.0000	0.0000	0.0000	0.0000	0.0000	0.0000	0.0000	0.0000	0.0000	0.0000	0.0000	0.0000	0.0000	0.0000	0.0000	0.0000	0.0000	0.0000	0.0000	0.0000	0.0000	0.0000	0.0000	0.0000	0.0000	0.0000	0.0000	0.0000	0.0000	0.0000	0.0000	0.0000
4	16	0.0867	19	1	0	0	1	0	0	0	0	0	1	1	2	0	0	0	0	0	0	N	N	N	N	N	Y	N	N	N	N	N	N	N	N	N	N	N	N	0.0000	0.0000	0.0000	0.0000	0.0000	0.0000	0.0000	0.0000	0.0000	0.0000	0.0000	0.0000	0.0000	0.0000	0.0000	0.0000	0.0000	0.0000	0.0000	0.0000	0.0000	0.0000	0.0000	0.0000	0.0000	0.0000	0.0000			0.0000	0.0000	0.0000	0.0000	0.0000	1.0000	0.0000	0.0000	0.0000	0.0000	0.0000	0.0000	0.0000	0.0000	0.0000	0.0000	0.0000	0.0000	0.0000	0.0000	0.0000	0.0000	0.0000	0.0000	0.0000	0.0000	0.0000	0.0000	0.0000	0.0000	0.0000	0.0000	0.0000	0.0000	0.0000	0.0000	0.0000	0.0000	0.0000	0.0000	0.0000	0.0000
4	24	0.0279	5	0	0	1	0	0	0	1	0	0	2	0	2	0	0	0	0	0	0	N	N	N	N	N	Y	N	N	N	N	N	N	N	N	N	N	N	N	0.0000	0.0000	0.0000	0.0000	0.0000	0.0000	0.0000	0.0000	0.0000	0.0000	0.0000	0.0000	0.0000	0.0000	0.0000	0.0000	0.0000	0.0000	0.0000	0.0000	0.0000	0.0000	0.0000	0.0000	0.0000	0.0000	0.0000			0.0000	0.0000	0.0000	0.3906	0.0000	3.9576	0.0000	0.0000	0.0000	0.0000	0.0000	0.0000	0.0000	0.0000	0.0000	0.0000	0.0000	0.0000	0.0000	0.0000	0.0000	0.0000	0.0000	0.0000	0.0000	0.0000	0.0000	0.0000	0.0000	0.0000	0.0000	0.0000	0.0000	0.0000	0.0000	0.0000	0.0000	0.0000	0.0000	0.0000	0.0000	0.0000
4	30	0.0307	8	1	0	0	1	0	0	0	1	0	2	1	2	0	0	0	0	0	0	N	N	N	N	N	Y	N	N	N	N	N	N	N	N	N	N	N	N	0.0000	0.0000	0.0000	0.0000	0.0000	0.0000	0.0000	0.0000	0.0000	0.0000	0.0000	0.0000	0.0000	0.0000	0.0000	0.0000	0.0000	0.0000	0.0000	0.0000	0.0000	0.0000	0.0000	0.0000	0.0000	0.0000	0.0000			0.0000	0.0000	0.0000	0.0002	0.0000	1.1973	0.0000	0.0000	0.0000	0.0000	0.0000	0.0000	0.0000	0.0000	0.0000	0.0000	0.0000	0.0000	0.0000	0.0000	0.0000	0.0000	0.0000	0.0000	0.0000	0.0000	0.0000	0.0000	0.0000	0.0000	0.0000	0.0000	0.0000	0.0000	0.0000	0.0000	0.0000	0.0000	0.0000	0.0000	0.0000	0.0000
4	37	0.0615	18	1	0	0	1	0	0	0	1	0	2	1	2	0	0	0	0	0	0	N	N	N	N	N	Y	N	N	N	N	N	N	N	N	N	N	N	N	0.0000	0.0000	0.0000	0.0000	0.0000	0.0000	0.0000	0.0000	0.0000	0.0000	0.0000	0.0000	0.0000	0.0000	0.0000	0.0000	0.0000	0.0000	0.0000	0.0000	0.0000	0.0000	0.0000	0.0000	0.0000	0.0000	0.0000			0.0000	0.0000	0.0000	0.0000	0.0000	2.0000	0.0000	0.0000	0.0000	0.0000	0.0000	0.0000	0.0000	0.0000	0.0000	0.0000	0.0000	0.0000	0.0000	0.0000	0.0000	0.0000	0.0000	0.0000	0.0000	0.0000	0.0000	0.0000	0.0000	0.0000	0.0000	0.0000	0.0000	0.0000	0.0000	0.0000	0.0000	0.0000	0.0000	0.0000	0.0000	0.0000
4	38	0.0657	20	1	0	0	0	0	0	0	0	0	2	1	2	0	0	0	0	0	0	N	N	N	N	N	Y	N	N	N	N	N	N	N	N	N	N	N	N	0.0000	0.0000	0.0000	0.0000	0.0000	0.0000	0.0000	0.0000	0.0000	0.0000	0.0000	0.0000	0.0000	0.0000	0.0000	0.0000	0.0000	0.0000	0.0000	0.0000	0.0000	0.0000	0.0000	0.0000	0.0000	0.0000	0.0000			0.0000	0.0000	0.0000	0.0000	0.0000	0.4891	0.0000	0.0000	0.0000	0.0000	0.0000	0.0000	0.0000	0.0000	0.0000	0.0000	0.0000	0.0000	0.0000	0.0000	0.0000	0.0000	0.0000	0.0000	0.0000	0.0000	0.0000	0.0000	0.0000	0.0000	0.0000	0.0000	0.0000	0.0000	0.0000	0.0000	0.0000	0.0000	0.0000	0.0000	0.0000	0.0000
4	41	0.0867	19	1	0	1	1	0	0	1	0	0	1	1	2	0	0	0	0	0	0	N	N	N	N	N	Y	N	N	N	N	N	N	N	N	N	N	N	N	0.0000	0.0000	0.0000	0.0000	0.0000	0.0000	0.0000	0.0000	0.0000	0.0000	0.0000	0.0000	0.0000	0.0000	0.0000	0.0000	0.0000	0.0000	0.0000	0.0000	0.0000	0.0000	0.0000	0.0000	0.0000	0.0000	0.0000			0.0000	0.0000	0.0000	0.0000	0.0000	0.0000	0.0000	0.0000	0.0000	0.0000	0.0000	0.0000	0.0000	0.0000	0.0000	0.0000	0.0000	0.0000	0.0000	0.0000	0.0000	0.0000	0.0000	0.0000	0.0000	0.0000	0.0000	0.0000	0.0000	0.0000	0.0000	0.0000	0.0000	0.0000	0.0000	0.0000	0.0000	0.0000	0.0000	0.0000	0.0000	0.0000
4	42	0.0867	18	1	0	0	1	0	0	0	1	0	1	1	2	0	0	0	0	0	0	N	N	N	N	N	Y	N	N	N	N	N	N	N	N	N	N	N	N	0.0000	0.0000	0.0000	0.0000	0.0000	0.0000	0.0000	0.0000	0.0000	0.0000	0.0000	0.0000	0.0000	0.0000	0.0000	0.0000	0.0000	0.0000	0.0000	0.0000	0.0000	0.0000	0.0000	0.0000	0.0000	0.0000	0.0000			0.0000	0.0000	0.0000	0.0001	0.0000	0.0001	0.0000	0.0000	0.0000	0.0000	0.0000	0.0000	0.0000	0.0000	0.0000	0.0000	0.0000	0.0000	0.0000	0.0000	0.0000	0.0000	0.0000	0.0000	0.0000	0.0000	0.0000	0.0000	0.0000	0.0000	0.0000	0.0000	0.0000	0.0000	0.0000	0.0000	0.0000	0.0000	0.0000	0.0000	0.0000	0.0000
4	43	0.0867	18	1	0	1	0	0	0	1	0	0	1	1	2	0	0	0	0	0	0	N	N	N	N	N	Y	N	N	N	N	N	N	N	N	N	N	N	N	0.0000	0.0000	0.0000	0.0000	0.0000	0.0000	0.0000	0.0000	0.0000	0.0000	0.0000	0.0000	0.0000	0.0000	0.0000	0.0000	0.0000	0.0000	0.0000	0.0000	0.0000	0.0000	0.0000	0.0000	0.0000	0.0000	0.0000			0.0000	0.0000	0.0000	0.0000	0.0000	0.0000	0.0000	0.0000	0.0000	0.0000	0.0000	0.0000	0.0000	0.0000	0.0000	0.0000	0.0000	0.0000	0.0000	0.0000	0.0000	0.0000	0.0000	0.0000	0.0000	0.0000	0.0000	0.0000	0.0000	0.0000	0.0000	0.0000	0.0000	0.0000	0.0000	0.0000	0.0000	0.0000	0.0000	0.0000	0.0000	0.0000
4	44	0.0642	17	1	0	0	0	0	0	0	0	0	2	1	2	0	0	0	0	0	0	N	N	N	N	N	Y	N	N	N	N	N	N	N	N	N	N	N	N	0.0000	0.0000	0.0000	0.0000	0.0000	0.0000	0.0000	0.0000	0.0000	0.0000	0.0000	0.0000	0.0000	0.0000	0.0000	0.0000	0.0000	0.0000	0.0000	0.0000	0.0000	0.0000	0.0000	0.0000	0.0000	0.0000	0.0000			0.0000	0.0000	0.0000	2.9998	0.0000	4.8980	0.0000	0.0000	0.0000	0.0000	0.0000	0.0000	0.0000	0.0000	0.0000	0.0000	0.0000	0.0000	0.0000	0.0000	0.0000	0.0000	0.0000	0.0000	0.0000	0.0000	0.0000	0.0000	0.0000	0.0000	0.0000	0.0000	0.0000	0.0000	0.0000	0.0000	0.0000	0.0000	0.0000	0.0000	0.0000	0.0000
4	52	0.0814	21	1	0	1	0	0	0	0	0	0	2	0	2	0	0	0	0	0	0	N	N	N	N	N	Y	N	N	N	N	N	N	N	N	N	N	N	N	0.0000	0.0000	0.0000	0.0000	0.0000	0.0000	0.0000	0.0000	0.0000	0.0000	0.0000	0.0000	0.0000	0.0000	0.0000	0.0000	0.0000	0.0000	0.0000	0.0000	0.0000	0.0000	0.0000	0.0000	0.0000	0.0000	0.0000			0.0000	0.0000	0.0000	0.0000	0.0000	2.0000	0.0000	0.0000	0.0000	0.0000	0.0000	0.0000	0.0000	0.0000	0.0000	0.0000	0.0000	0.0000	0.0000	0.0000	0.0000	0.0000	0.0000	0.0000	0.0000	0.0000	0.0000	0.0000	0.0000	0.0000	0.0000	0.0000	0.0000	0.0000	0.0000	0.0000	0.0000	0.0000	0.0000	0.0000	0.0000	0.0000
4	55	0.0643	19	1	0	0	0	0	0	0	0	0	2	1	2	0	0	0	0	0	0	N	N	N	N	N	Y	N	N	N	N	N	N	N	N	N	N	N	N	0.0000	0.0000	0.0000	0.0000	0.0000	0.0000	0.0000	0.0000	0.0000	0.0000	0.0000	0.0000	0.0000	0.0000	0.0000	0.0000	0.0000	0.0000	0.0000	0.0000	0.0000	0.0000	0.0000	0.0000	0.0000	0.0000	0.0000			0.0000	0.0000	0.0000	0.0000	0.0000	1.0065	0.0000	0.0000	0.0000	0.0000	0.0000	0.0000	0.0000	0.0000	0.0000	0.0000	0.0000	0.0000	0.0000	0.0000	0.0000	0.0000	0.0000	0.0000	0.0000	0.0000	0.0000	0.0000	0.0000	0.0000	0.0000	0.0000	0.0000	0.0000	0.0000	0.0000	0.0000	0.0000	0.0000	0.0000	0.0000	0.0000
4	63	0.0028	3	1	0	0	0	0	0	0	0	0	2	0	2	0	0	0	0	0	0	N	N	N	N	N	Y	N	N	N	N	N	N	N	N	N	N	N	N	0.0000	0.0000	0.0000	0.0000	0.0000	0.0000	0.0000	0.0000	0.0000	0.0000	0.0000	0.0000	0.0000	0.0000	0.0000	0.0000	0.0000	0.0000	0.0000	0.0000	0.0000	0.0000	0.0000	0.0000	0.0000	0.0000	0.0000			0.0000	0.0000	0.0000	0.0023	0.0000	3.0060	0.0000	0.0000	0.0000	0.0000	0.0000	0.0000	0.0000	0.0000	0.0000	0.0000	0.0000	0.0000	0.0000	0.0000	0.0000	0.0000	0.0000	0.0000	0.0000	0.0000	0.0000	0.0000	0.0000	0.0000	0.0000	0.0000	0.0000	0.0000	0.0000	0.0000	0.0000	0.0000	0.0000	0.0000	0.0000	0.0000
4	73	0.0749	17	1	0	1	0	0	0	1	0	0	1	1	2	0	0	0	0	0	0	N	N	N	N	N	Y	N	N	N	N	N	N	N	N	N	N	N	N	0.0000	0.0000	0.0000	0.0000	0.0000	0.0000	0.0000	0.0000	0.0000	0.0000	0.0000	0.0000	0.0000	0.0000	0.0000	0.0000	0.0000	0.0000	0.0000	0.0000	0.0000	0.0000	0.0000	0.0000	0.0000	0.0000	0.0000			0.0000	0.0000	0.0000	0.0000	0.0000	0.0000	0.0000	0.0000	0.0000	0.0000	0.0000	0.0000	0.0000	0.0000	0.0000	0.0000	0.0000	0.0000	0.0000	0.0000	0.0000	0.0000	0.0000	0.0000	0.0000	0.0000	0.0000	0.0000	0.0000	0.0000	0.0000	0.0000	0.0000	0.0000	0.0000	0.0000	0.0000	0.0000	0.0000	0.0000	0.0000	0.0000
4	75	0.0749	17	1	0	0	0	0	0	0	0	0	1	1	2	0	0	0	0	0	0	N	N	N	N	N	Y	N	N	N	N	N	N	N	N	N	N	N	N	0.0000	0.0000	0.0000	0.0000	0.0000	0.0000	0.0000	0.0000	0.0000	0.0000	0.0000	0.0000	0.0000	0.0000	0.0000	0.0000	0.0000	0.0000	0.0000	0.0000	0.0000	0.0000	0.0000	0.0000	0.0000	0.0000	0.0000			0.0000	0.0000	0.0000	0.0000	0.0000	1.0000	0.0000	0.0000	0.0000	0.0000	0.0000	0.0000	0.0000	0.0000	0.0000	0.0000	0.0000	0.0000	0.0000	0.0000	0.0000	0.0000	0.0000	0.0000	0.0000	0.0000	0.0000	0.0000	0.0000	0.0000	0.0000	0.0000	0.0000	0.0000	0.0000	0.0000	0.0000	0.0000	0.0000	0.0000	0.0000	0.0000
4	76	0.0749	16	1	0	0	0	0	0	0	0	0	2	1	2	0	0	0	0	0	0	N	N	N	N	N	Y	N	N	N	N	N	N	N	N	N	N	N	N	0.0000	0.0000	0.0000	0.0000	0.0000	0.0000	0.0000	0.0000	0.0000	0.0000	0.0000	0.0000	0.0000	0.0000	0.0000	0.0000	0.0000	0.0000	0.0000	0.0000	0.0000	0.0000	0.0000	0.0000	0.0000	0.0000	0.0000			0.0000	0.0000	0.0000	0.0000	0.0000	0.0000	0.0000	0.0000	0.0000	0.0000	0.0000	0.0000	0.0000	0.0000	0.0000	0.0000	0.0000	0.0000	0.0000	0.0000	0.0000	0.0000	0.0000	0.0000	0.0000	0.0000	0.0000	0.0000	0.0000	0.0000	0.0000	0.0000	0.0000	0.0000	0.0000	0.0000	0.0000	0.0000	0.0000	0.0000	0.0000	0.0000
4	105	0.0881	19	0	0	0	0	0	0	0	0	0	2	0	2	0	0	0	0	0	0	N	N	N	N	N	Y	N	N	N	N	N	N	N	N	N	N	N	N	0.0000	0.0000	0.0000	0.0000	0.0000	0.0000	0.0000	0.0000	0.0000	0.0000	0.0000	0.0000	0.0000	0.0000	0.0000	0.0000	0.0000	0.0000	0.0000	0.0000	0.0000	0.0000	0.0000	0.0000	0.0000	0.0000	0.0000			0.0000	0.0000	0.0000	0.0000	0.0000	1.0001	0.0000	0.0000	0.0000	0.0000	0.0000	0.0000	0.0000	0.0000	0.0000	0.0000	0.0000	0.0000	0.0000	0.0000	0.0000	0.0000	0.0000	0.0000	0.0000	0.0000	0.0000	0.0000	0.0000	0.0000	0.0000	0.0000	0.0000	0.0000	0.0000	0.0000	0.0000	0.0000	0.0000	0.0000	0.0000	0.0000
4	106	0.0700	19	0	0	0	0	0	0	0	0	0	2	0	2	0	0	0	0	0	0	N	N	N	N	N	Y	N	N	N	N	N	N	N	N	N	N	N	N	0.0000	0.0000	0.0000	0.0000	0.0000	0.0000	0.0000	0.0000	0.0000	0.0000	0.0000	0.0000	0.0000	0.0000	0.0000	0.0000	0.0000	0.0000	0.0000	0.0000	0.0000	0.0000	0.0000	0.0000	0.0000	0.0000	0.0000			0.0000	0.0000	0.0000	0.0000	0.0000	0.0000	0.0000	0.0000	0.0000	0.0000	0.0000	0.0000	0.0000	0.0000	0.0000	0.0000	0.0000	0.0000	0.0000	0.0000	0.0000	0.0000	0.0000	0.0000	0.0000	0.0000	0.0000	0.0000	0.0000	0.0000	0.0000	0.0000	0.0000	0.0000	0.0000	0.0000	0.0000	0.0000	0.0000	0.0000	0.0000	0.0000
4	107	0.0785	23	0	0	0	0	0	0	0	0	0	2	0	2	0	0	0	0	0	0	N	N	N	N	N	Y	N	N	N	N	N	N	N	N	N	N	N	N	0.0000	0.0000	0.0000	0.0000	0.0000	0.0000	0.0000	0.0000	0.0000	0.0000	0.0000	0.0000	0.0000	0.0000	0.0000	0.0000	0.0000	0.0000	0.0000	0.0000	0.0000	0.0000	0.0000	0.0000	0.0000	0.0000	0.0000			0.0000	0.0000	0.0000	0.0000	0.0000	0.0000	0.0000	0.0000	0.0000	0.0000	0.0000	0.0000	0.0000	0.0000	0.0000	0.0000	0.0000	0.0000	0.0000	0.0000	0.0000	0.0000	0.0000	0.0000	0.0000	0.0000	0.0000	0.0000	0.0000	0.0000	0.0000	0.0000	0.0000	0.0000	0.0000	0.0000	0.0000	0.0000	0.0000	0.0000	0.0000	0.0000
5	7	0.0916	17	2	0	1	0	0	0	1	0	0	1	1	1	0	0	0	0	0	0	Y	N	N	N	N	N	N	N	N	N	N	N	N	N	N	N	N	N	0.0000	0.0000	0.0000	0.0000	0.0000	0.0000	0.0000	0.0000	0.0000	0.0000	0.0000	0.0000	0.0000	0.0000	0.0000	0.0000	0.0000	0.0000	0.0010	0.0018	0.0000	0.0000	0.0000	0.0000	0.0012	0.0030	0.0000		0.0000	0.0000	-0.0000	0.0000	0.0001	1.9999	6.0395	0.0000	0.0000	0.0000	0.0000	0.0000	0.0000	0.0000	0.0000	0.0000	0.0000	0.0000	0.0000	0.0000	0.0000	0.0000	0.0000	0.0000	0.0000	0.0000	0.0000	0.0000	0.0000	0.0000	0.0000	0.0000	0.0000	0.0000	0.0313	0.0164	0.0149	0.0070	0.0065	0.0005	0.0243	0.0099	0.0144
5	16	0.0614	8	2	0	1	1	0	0	1	0	0	0	2	1	0	0	0	0	0	0	Y	N	N	N	Y	N	N	N	N	N	N	N	N	N	N	N	N	N	0.0000	0.0000	0.0000	0.0000	0.0000	0.0000	0.0000	0.0000	0.0000	0.0000	0.0000	0.0000	0.0000	0.0000	0.0000	0.0000	0.0000	0.0000	0.0000	0.0000	0.0000	0.0000	0.0000	0.0000	0.0000	0.0000	0.0000			0.0000	0.0000	0.0000	0.0000	1.9999	1.0000	0.0000	0.0000	0.0000	0.0000	0.0000	0.0000	0.0000	0.0000	0.0000	0.0000	0.0000	0.0000	0.0000	0.0000	0.0000	0.0000	0.0000	0.0000	0.0000	0.0000	0.0000	0.0000	0.0000	0.0000	0.0000	0.0000	0.0000	0.0051	0.0026	0.0025	0.0009	0.0008	0.0001	0.0042	0.0018	0.0025
5	30	0.1165	19	2	0	1	1	0	0	1	1	0	1	2	1	0	0	0	0	0	0	Y	N	N	N	Y	N	N	N	N	N	N	N	N	N	N	N	N	N	0.0000	0.0000	0.0000	0.0000	0.0000	0.0000	0.0000	0.0000	0.0000	0.0000	0.0000	0.0000	0.0000	0.0000	0.0000	0.0000	0.0000	0.0000	0.0000	0.0000	0.0000	0.0000	0.0000	0.0000	0.0000	0.0000	0.0000			0.0000	0.0000	0.0000	0.0002	1.9999	1.1973	0.0000	0.0000	0.0000	0.0000	0.0000	0.0000	0.0000	0.0000	0.0000	0.0000	0.0000	0.0000	0.0000	0.0000	0.0000	0.0000	0.0000	0.0000	0.0000	0.0000	0.0000	0.0000	0.0000	0.0000	0.0000	0.0000	0.0000	0.0113	0.0060	0.0053	0.0026	0.0024	0.0002	0.0087	0.0036	0.0052
5	31	0.0927	18	2	0	1	0	1	0	1	0	1	0	2	0	0	0	0	0	0	0	Y	N	N	N	Y	N	N	N	N	N	N	N	N	N	N	N	N	N	0.0000	0.0000	0.0000	0.0000	0.0000	0.0000	0.0000	0.0000	0.0000	0.0000	0.0000	0.0000	0.0000	0.0000	0.0000	0.0000	0.0000	0.0000	0.0000	0.0000	0.0000	0.0000	0.0000	0.0000	0.0000	0.0000	0.0000			0.0000	0.0000	0.0000	2.0002	1.9999	1.8085	0.0000	0.0000	0.0000	0.0000	0.0000	0.0000	0.0000	0.0000	0.0000	0.0000	0.0000	0.0000	0.0000	0.0000	0.0000	0.0000	0.0000	0.0000	0.0000	0.0000	0.0000	0.0000	0.0000	0.0000	0.0000	0.0000	0.0000	0.0254	0.0133	0.0121	0.0056	0.0052	0.0004	0.0199	0.0081	0.0117
5	37	0.0301	3	2	0	1	1	0	0	1	1	0	1	2	1	0	0	0	0	0	0	Y	N	N	N	Y	N	N	N	N	N	N	N	N	N	N	N	N	N	0.0000	0.0000	0.0000	0.0000	0.0000	0.0000	0.0000	0.0000	0.0000	0.0000	0.0000	0.0000	0.0000	0.0000	0.0000	0.0000	0.0000	0.0000	0.0000	0.0000	0.0000	0.0000	0.0000	0.0000	0.0000	0.0000	0.0000			0.0000	0.0000	0.0000	0.0000	1.9999	2.0000	0.0000	0.0000	0.0000	0.0000	0.0000	0.0000	0.0000	0.0000	0.0000	0.0000	0.0000	0.0000	0.0000	0.0000	0.0000	0.0000	0.0000	0.0000	0.0000	0.0000	0.0000	0.0000	0.0000	0.0000	0.0000	0.0000	0.0000	0.0105	0.0052	0.0053	0.0013	0.0013	0.0000	0.0092	0.0039	0.0053
5	42	0.0614	7	2	0	1	1	0	0	1	1	0	0	2	1	0	0	0	0	0	0	Y	N	N	N	Y	N	N	N	N	N	N	N	N	N	N	N	N	N	0.0000	0.0000	0.0000	0.0000	0.0000	0.0000	0.0000	0.0000	0.0000	0.0000	0.0000	0.0000	0.0000	0.0000	0.0000	0.0000	0.0000	0.0000	0.0000	0.0000	0.0000	0.0000	0.0000	0.0000	0.0000	0.0000	0.0000			0.0000	0.0000	0.0000	0.0001	1.9999	0.0001	0.0000	0.0000	0.0000	0.0000	0.0000	0.0000	0.0000	0.0000	0.0000	0.0000	0.0000	0.0000	0.0000	0.0000	0.0000	0.0000	0.0000	0.0000	0.0000	0.0000	0.0000	0.0000	0.0000	0.0000	0.0000	0.0000	0.0000	0.0000	0.0000	0.0000	0.0000	0.0000	0.0000	0.0000	0.0000	0.0000
5	44	0.0389	6	2	0	1	0	0	0	1	0	0	1	2	1	0	0	0	0	0	0	Y	N	N	N	Y	N	N	N	N	N	N	N	N	N	N	N	N	N	0.0000	0.0000	0.0000	0.0000	0.0000	0.0000	0.0000	0.0000	0.0000	0.0000	0.0000	0.0000	0.0000	0.0000	0.0000	0.0000	0.0000	0.0000	0.0000	0.0000	0.0000	0.0000	0.0000	0.0000	0.0000	0.0000	0.0000			0.0000	0.0000	0.0000	2.9998	1.9999	4.8980	0.0000	0.0000	0.0000	0.0000	0.0000	0.0000	0.0000	0.0000	0.0000	0.0000	0.0000	0.0000	0.0000	0.0000	0.0000	0.0000	0.0000	0.0000	0.0000	0.0000	0.0000	0.0000	0.0000	0.0000	0.0000	0.0000	0.0000	0.0419	0.0217	0.0203	0.0061	0.0060	0.0000	0.0359	0.0157	0.0202
5	45	0.0332	5	2	0	1	0	0	0	1	0	1	0	2	0	0	0	0	0	0	0	Y	N	N	N	Y	N	N	N	N	N	N	N	N	N	N	N	N	N	0.0000	0.0000	0.0000	0.0000	0.0000	0.0000	0.0000	0.0000	0.0000	0.0000	0.0000	0.0000	0.0000	0.0000	0.0000	0.0000	0.0000	0.0000	0.0000	0.0000	0.0000	0.0000	0.0000	0.0000	0.0000	0.0000	0.0000			0.0000	0.0000	0.0000	0.0002	1.9999	2.0813	0.0000	0.0000	0.0000	0.0000	0.0000	0.0000	0.0000	0.0000	0.0000	0.0000	0.0000	0.0000	0.0000	0.0000	0.0000	0.0000	0.0000	0.0000	0.0000	0.0000	0.0000	0.0000	0.0000	0.0000	0.0000	0.0000	0.0000	0.0124	0.0069	0.0055	0.0021	0.0021	0.0000	0.0102	0.0047	0.0055
5	55	0.0273	2	2	0	1	0	0	0	1	0	0	1	2	1	0	0	0	0	0	0	Y	N	N	N	Y	N	N	N	N	N	N	N	N	N	N	N	N	N	0.0000	0.0000	0.0000	0.0000	0.0000	0.0000	0.0000	0.0000	0.0000	0.0000	0.0000	0.0000	0.0000	0.0000	0.0000	0.0000	0.0000	0.0000	0.0000	0.0000	0.0000	0.0000	0.0000	0.0000	0.0000	0.0000	0.0000			0.0000	0.0000	0.0000	0.0000	1.9999	1.0065	0.0000	0.0000	0.0000	0.0000	0.0000	0.0000	0.0000	0.0000	0.0000	0.0000	0.0000	0.0000	0.0000	0.0000	0.0000	0.0000	0.0000	0.0000	0.0000	0.0000	0.0000	0.0000	0.0000	0.0000	0.0000	0.0000	0.0000	0.0107	0.0054	0.0054	0.0034	0.0034	0.0000	0.0073	0.0020	0.0054
5	63	0.0944	20	2	0	1	0	0	0	1	0	0	1	1	1	0	0	0	0	0	0	Y	N	N	N	N	N	N	N	N	N	N	N	N	N	N	N	N	N	0.0000	0.0000	0.0000	0.0000	0.0000	0.0000	0.0000	0.0000	0.0000	0.0000	0.0000	0.0000	0.0000	0.0000	0.0000	0.0000	0.0000	0.0000	0.0000	0.0000	0.0000	0.0000	0.0000	0.0000	0.0000	0.0000	0.0000			0.0000	0.0000	0.0000	0.0023	1.9999	3.0060	0.0000	0.0000	0.0000	0.0000	0.0000	0.0000	0.0000	0.0000	0.0000	0.0000	0.0000	0.0000	0.0000	0.0000	0.0000	0.0000	0.0000	0.0000	0.0000	0.0000	0.0000	0.0000	0.0000	0.0000	0.0000	0.0000	0.0000	0.0158	0.0083	0.0075	0.0035	0.0033	0.0002	0.0123	0.0050	0.0073
5	64	0.0916	19	2	0	1	0	1	0	1	0	0	0	1	0	0	0	0	0	0	0	Y	N	N	N	N	N	N	N	N	N	N	N	N	N	N	N	N	N	0.0000	0.0000	0.0000	0.0000	0.0000	0.0000	0.0000	0.0000	0.0000	0.0000	0.0000	0.0000	0.0000	0.0000	0.0000	0.0000	0.0000	0.0000	0.0000	0.0000	0.0000	0.0000	0.0000	0.0000	0.0000	0.0000	0.0000			0.0000	0.0000	0.0000	0.9990	1.9999	0.0212	0.0000	0.0000	0.0000	0.0000	0.0000	0.0000	0.0000	0.0000	0.0000	0.0000	0.0000	0.0000	0.0000	0.0000	0.0000	0.0000	0.0000	0.0000	0.0000	0.0000	0.0000	0.0000	0.0000	0.0000	0.0000	0.0000	0.0000	0.0053	0.0028	0.0025	0.0012	0.0011	0.0001	0.0042	0.0017	0.0025
5	69	0.0636	9	2	0	1	0	0	0	1	0	0	0	1	0	0	0	0	0	0	0	Y	N	N	N	N	N	N	N	N	N	N	N	N	N	N	N	N	N	0.0000	0.0000	0.0000	0.0000	0.0000	0.0000	0.0000	0.0000	0.0000	0.0000	0.0000	0.0000	0.0000	0.0000	0.0000	0.0000	0.0000	0.0000	0.0000	0.0000	0.0000	0.0000	0.0000	0.0000	0.0000	0.0000	0.0000			0.0000	0.0000	0.0000	1.0007	1.9999	1.2584	0.0000	0.0000	0.0000	0.0000	0.0000	0.0000	0.0000	0.0000	0.0000	0.0000	0.0000	0.0000	0.0000	0.0000	0.0000	0.0000	0.0000	0.0000	0.0000	0.0000	0.0000	0.0000	0.0000	0.0000	0.0000	0.0000	0.0000	0.0116	0.0058	0.0058	0.0019	0.0018	0.0001	0.0097	0.0040	0.0057
5	70	0.0494	8	2	0	1	0	1	0	1	0	0	0	1	0	0	0	0	0	0	0	Y	N	N	N	N	N	N	N	N	N	N	N	N	N	N	N	N	N	0.0000	0.0000	0.0000	0.0000	0.0000	0.0000	0.0000	0.0000	0.0000	0.0000	0.0000	0.0000	0.0000	0.0000	0.0000	0.0000	0.0000	0.0000	0.0000	0.0000	0.0000	0.0000	0.0000	0.0000	0.0000	0.0000	0.0000			0.0000	0.0000	0.0000	3.0007	1.9999	1.9606	0.0000	0.0000	0.0000	0.0000	0.0000	0.0000	0.0000	0.0000	0.0000	0.0000	0.0000	0.0000	0.0000	0.0000	0.0000	0.0000	0.0000	0.0000	0.0000	0.0000	0.0000	0.0000	0.0000	0.0000	0.0000	0.0000	0.0000	0.0258	0.0130	0.0128	0.0043	0.0041	0.0002	0.0215	0.0089	0.0126
5	71	0.1773	15	1	0	1	0	0	0	1	0	1	0	2	0	0	0	0	0	0	0	N	N	N	N	Y	N	N	N	N	N	N	N	N	N	N	N	N	N	0.0000	0.0000	0.0000	0.0000	0.0000	0.0000	0.0000	0.0000	0.0000	0.0000	0.0000	0.0000	0.0000	0.0000	0.0000	0.0000	0.0000	0.0000	4.5021	7.5500	0.0035	0.0135	0.0150	0.0000	7.1648	17.2216	0.0039		0.0003	0.0000	-0.4668	0.0000	6.1029	1.9999	20.9537	0.0000	0.0000	0.0000	0.0000	0.0000	0.0000	0.0000	0.0000	0.0000	0.9856	0.9853	0.0003	0.0011	0.0011	0.0000	0.9845	0.9842	0.0003	0.0000	0.0000	0.0000	0.0000	0.0000	0.0000	0.0000	0.0000	0.0000	0.2189	0.1305	0.0884	0.0815	0.0734	0.0082	0.1374	0.0572	0.0803
5	75	0.0604	8	2	0	1	0	0	0	1	0	0	0	2	1	0	0	0	0	0	0	Y	N	N	N	Y	N	N	N	N	N	N	N	N	N	N	N	N	N	0.0000	0.0000	0.0000	0.0000	0.0000	0.0000	0.0000	0.0000	0.0000	0.0000	0.0000	0.0000	0.0000	0.0000	0.0000	0.0000	0.0000	0.0000	0.0000	0.0000	0.0000	0.0000	0.0000	0.0000	0.0000	0.0000	0.0000			0.0000	0.0000	0.0000	0.0000	1.9999	1.0000	0.0000	0.0000	0.0000	0.0000	0.0000	0.0000	0.0000	0.0000	0.0000	0.0000	0.0000	0.0000	0.0000	0.0000	0.0000	0.0000	0.0000	0.0000	0.0000	0.0000	0.0000	0.0000	0.0000	0.0000	0.0000	0.0000	0.0000	0.0085	0.0050	0.0036	0.0005	0.0004	0.0001	0.0081	0.0046	0.0035
5	76	0.0604	7	2	0	1	0	0	0	1	0	0	1	2	1	0	0	0	0	0	0	Y	N	N	N	Y	N	N	N	N	N	N	N	N	N	N	N	N	N	0.0000	0.0000	0.0000	0.0000	0.0000	0.0000	0.0000	0.0000	0.0000	0.0000	0.0000	0.0000	0.0000	0.0000	0.0000	0.0000	0.0000	0.0000	0.0000	0.0000	0.0000	0.0000	0.0000	0.0000	0.0000	0.0000	0.0000			0.0000	0.0000	0.0000	0.0000	1.9999	0.0000	0.0000	0.0000	0.0000	0.0000	0.0000	0.0000	0.0000	0.0000	0.0000	0.0000	0.0000	0.0000	0.0000	0.0000	0.0000	0.0000	0.0000	0.0000	0.0000	0.0000	0.0000	0.0000	0.0000	0.0000	0.0000	0.0000	0.0000	0.0012	0.0007	0.0006	0.0006	0.0006	0.0000	0.0006	0.0001	0.0005
5	77	0.0386	6	2	0	1	0	0	0	1	0	1	0	2	0	0	0	0	0	0	0	Y	N	N	N	Y	N	N	N	N	N	N	N	N	N	N	N	N	N	0.0000	0.0000	0.0000	0.0000	0.0000	0.0000	0.0000	0.0000	0.0000	0.0000	0.0000	0.0000	0.0000	0.0000	0.0000	0.0000	0.0000	0.0000	0.0000	0.0000	0.0000	0.0000	0.0000	0.0000	0.0000	0.0000	0.0000			0.0000	0.0000	0.0000	0.0002	1.9999	3.7635	0.0000	0.0000	0.0000	0.0000	0.0000	0.0000	0.0000	0.0000	0.0000	0.0000	0.0000	0.0000	0.0000	0.0000	0.0000	0.0000	0.0000	0.0000	0.0000	0.0000	0.0000	0.0000	0.0000	0.0000	0.0000	0.0000	0.0000	0.0197	0.0099	0.0098	0.0032	0.0030	0.0002	0.0165	0.0068	0.0096
5	93	0.0916	16	2	0	1	0	0	0	1	0	0	0	1	0	0	0	0	0	0	0	Y	N	N	N	N	N	N	N	N	N	N	N	N	N	N	N	N	N	0.0000	0.0000	0.0000	0.0000	0.0000	0.0000	0.0000	0.0000	0.0000	0.0000	0.0000	0.0000	0.0000	0.0000	0.0000	0.0000	0.0000	0.0000	0.1407	0.2661	0.0000	0.3029	0.3242	0.0000	0.0916	0.2256	0.0000		0.0000	0.0000	-0.0000	0.0000	0.0001	1.9999	0.0783	0.0000	0.0000	0.0000	0.0000	0.0000	0.0000	0.0000	0.0000	0.0000	0.0001	0.0001	0.0000	0.0000	0.0000	0.0000	0.0000	0.0000	0.0000	0.0000	0.0000	0.0000	0.0000	0.0000	0.0000	0.0000	0.0000	0.0000	0.0004	0.0002	0.0002	0.0001	0.0001	0.0000	0.0003	0.0001	0.0002
5	94	0.0830	15	2	0	1	0	1	0	1	0	0	0	1	0	0	0	0	0	0	0	Y	N	N	N	N	N	N	N	N	N	N	N	N	N	N	N	N	N	0.0000	0.0000	0.0000	0.0000	0.0000	0.0000	0.0000	0.0000	0.0000	0.0000	0.0000	0.0000	0.0000	0.0000	0.0000	0.0000	0.0000	0.0000	62.8922	118.9993	0.0000	0.0029	0.0031	0.0000	80.3273	193.8924	0.0000		0.0000	0.0000	-0.4724	0.0000	0.0004	1.9999	2.9660	0.0000	0.0000	0.0000	0.0000	0.0000	0.0000	0.0000	0.0000	0.0000	0.9968	0.9968	0.0000	0.0000	0.0000	0.0000	0.9968	0.9968	0.0000	0.0000	0.0000	0.0000	0.0000	0.0000	0.0000	0.0000	0.0000	0.0000	0.0158	0.0084	0.0075	0.0034	0.0032	0.0002	0.0124	0.0051	0.0073
6	16	0.0679	13	1	0	1	1	0	0	0	0	0	0	2	1	0	0	0	0	0	0	N	N	N	N	Y	N	N	N	N	N	N	N	N	N	N	N	N	N	0.0000	0.0000	0.0000	0.0000	0.0000	0.0000	0.0000	0.0000	0.0000	0.0000	0.0000	0.0000	0.0000	0.0000	0.0000	0.0000	0.0000	0.0000	0.0000	0.0000	0.0000	0.0000	0.0000	0.0000	0.0000	0.0000	0.0000			0.0000	0.0000	0.0000	0.0000	0.0000	1.0000	0.0000	0.0000	0.0000	0.0000	0.0000	0.0000	0.0000	0.0000	0.0000	0.0000	0.0000	0.0000	0.0000	0.0000	0.0000	0.0000	0.0000	0.0000	0.0000	0.0000	0.0000	0.0000	0.0000	0.0000	0.0000	0.0000	0.0000	0.0000	0.0000	0.0000	0.0000	0.0000	0.0000	0.0000	0.0000	0.0000
6	30	0.1006	20	1	0	1	1	0	0	0	1	0	1	2	1	0	0	0	0	0	0	N	N	N	N	Y	N	N	N	N	N	N	N	N	N	N	N	N	N	0.0000	0.0000	0.0000	0.0000	0.0000	0.0000	0.0000	0.0000	0.0000	0.0000	0.0000	0.0000	0.0000	0.0000	0.0000	0.0000	0.0000	0.0000	0.0000	0.0000	0.0000	0.0000	0.0000	0.0000	0.0000	0.0000	0.0000			0.0000	0.0000	0.0000	0.0002	0.0000	1.1973	0.0000	0.0000	0.0000	0.0000	0.0000	0.0000	0.0000	0.0000	0.0000	0.0000	0.0000	0.0000	0.0000	0.0000	0.0000	0.0000	0.0000	0.0000	0.0000	0.0000	0.0000	0.0000	0.0000	0.0000	0.0000	0.0000	0.0000	0.0000	0.0000	0.0000	0.0000	0.0000	0.0000	0.0000	0.0000	0.0000
6	31	0.0768	19	1	0	1	0	1	0	0	0	1	0	2	0	0	0	0	0	0	0	N	N	N	N	Y	N	N	N	N	N	N	N	N	N	N	N	N	N	0.0000	0.0000	0.0000	0.0000	0.0000	0.0000	0.0000	0.0000	0.0000	0.0000	0.0000	0.0000	0.0000	0.0000	0.0000	0.0000	0.0000	0.0000	0.0000	0.0000	0.0000	0.0000	0.0000	0.0000	0.0000	0.0000	0.0000			0.0000	0.0000	0.0000	2.0002	0.0000	1.8085	0.0000	0.0000	0.0000	0.0000	0.0000	0.0000	0.0000	0.0000	0.0000	0.0000	0.0000	0.0000	0.0000	0.0000	0.0000	0.0000	0.0000	0.0000	0.0000	0.0000	0.0000	0.0000	0.0000	0.0000	0.0000	0.0000	0.0000	0.0000	0.0000	0.0000	0.0000	0.0000	0.0000	0.0000	0.0000	0.0000
6	37	0.0427	12	1	0	1	1	0	0	0	1	0	1	2	1	0	0	0	0	0	0	N	N	N	N	Y	N	N	N	N	N	N	N	N	N	N	N	N	N	0.0000	0.0000	0.0000	0.0000	0.0000	0.0000	0.0000	0.0000	0.0000	0.0000	0.0000	0.0000	0.0000	0.0000	0.0000	0.0000	0.0000	0.0000	0.0000	0.0000	0.0000	0.0000	0.0000	0.0000	0.0000	0.0000	0.0000			0.0000	0.0000	0.0000	0.0000	0.0000	2.0000	0.0000	0.0000	0.0000	0.0000	0.0000	0.0000	0.0000	0.0000	0.0000	0.0000	0.0000	0.0000	0.0000	0.0000	0.0000	0.0000	0.0000	0.0000	0.0000	0.0000	0.0000	0.0000	0.0000	0.0000	0.0000	0.0000	0.0000	0.0000	0.0000	0.0000	0.0000	0.0000	0.0000	0.0000	0.0000	0.0000
6	38	0.0469	14	1	0	1	0	0	0	0	0	0	1	2	1	0	0	0	0	0	0	N	N	N	N	Y	N	N	N	N	N	N	N	N	N	N	N	N	N	0.0000	0.0000	0.0000	0.0000	0.0000	0.0000	0.0000	0.0000	0.0000	0.0000	0.0000	0.0000	0.0000	0.0000	0.0000	0.0000	0.0000	0.0000	0.0000	0.0000	0.0000	0.0000	0.0000	0.0000	0.0000	0.0000	0.0000			0.0000	0.0000	0.0000	0.0000	0.0000	0.4891	0.0000	0.0000	0.0000	0.0000	0.0000	0.0000	0.0000	0.0000	0.0000	0.0000	0.0000	0.0000	0.0000	0.0000	0.0000	0.0000	0.0000	0.0000	0.0000	0.0000	0.0000	0.0000	0.0000	0.0000	0.0000	0.0000	0.0000	0.0000	0.0000	0.0000	0.0000	0.0000	0.0000	0.0000	0.0000	0.0000
6	39	0.0455	13	1	0	1	0	0	0	0	0	0	0	2	0	0	0	0	0	0	0	N	N	N	N	Y	N	N	N	N	N	N	N	N	N	N	N	N	N	0.0000	0.0000	0.0000	0.0000	0.0000	0.0000	0.0000	0.0000	0.0000	0.0000	0.0000	0.0000	0.0000	0.0000	0.0000	0.0000	0.0000	0.0000	0.0000	0.0000	0.0000	0.0000	0.0000	0.0000	0.0000	0.0000	0.0000			0.0000	0.0000	0.0000	0.0000	0.0000	0.5132	0.0000	0.0000	0.0000	0.0000	0.0000	0.0000	0.0000	0.0000	0.0000	0.0000	0.0000	0.0000	0.0000	0.0000	0.0000	0.0000	0.0000	0.0000	0.0000	0.0000	0.0000	0.0000	0.0000	0.0000	0.0000	0.0000	0.0000	0.0000	0.0000	0.0000	0.0000	0.0000	0.0000	0.0000	0.0000	0.0000
6	42	0.0679	12	1	0	1	1	0	0	0	1	0	0	2	1	0	0	0	0	0	0	N	N	N	N	Y	N	N	N	N	N	N	N	N	N	N	N	N	N	0.0000	0.0000	0.0000	0.0000	0.0000	0.0000	0.0000	0.0000	0.0000	0.0000	0.0000	0.0000	0.0000	0.0000	0.0000	0.0000	0.0000	0.0000	0.0000	0.0000	0.0000	0.0000	0.0000	0.0000	0.0000	0.0000	0.0000			0.0000	0.0000	0.0000	0.0001	0.0000	0.0001	0.0000	0.0000	0.0000	0.0000	0.0000	0.0000	0.0000	0.0000	0.0000	0.0000	0.0000	0.0000	0.0000	0.0000	0.0000	0.0000	0.0000	0.0000	0.0000	0.0000	0.0000	0.0000	0.0000	0.0000	0.0000	0.0000	0.0000	0.0000	0.0000	0.0000	0.0000	0.0000	0.0000	0.0000	0.0000	0.0000
6	44	0.0454	11	1	0	1	0	0	0	0	0	0	1	2	1	0	0	0	0	0	0	N	N	N	N	Y	N	N	N	N	N	N	N	N	N	N	N	N	N	0.0000	0.0000	0.0000	0.0000	0.0000	0.0000	0.0000	0.0000	0.0000	0.0000	0.0000	0.0000	0.0000	0.0000	0.0000	0.0000	0.0000	0.0000	0.0000	0.0000	0.0000	0.0000	0.0000	0.0000	0.0000	0.0000	0.0000			0.0000	0.0000	0.0000	2.9998	0.0000	4.8980	0.0000	0.0000	0.0000	0.0000	0.0000	0.0000	0.0000	0.0000	0.0000	0.0000	0.0000	0.0000	0.0000	0.0000	0.0000	0.0000	0.0000	0.0000	0.0000	0.0000	0.0000	0.0000	0.0000	0.0000	0.0000	0.0000	0.0000	0.0000	0.0000	0.0000	0.0000	0.0000	0.0000	0.0000	0.0000	0.0000
6	45	0.0396	10	1	0	1	0	0	0	0	0	1	0	2	0	0	0	0	0	0	0	N	N	N	N	Y	N	N	N	N	N	N	N	N	N	N	N	N	N	0.0000	0.0000	0.0000	0.0000	0.0000	0.0000	0.0000	0.0000	0.0000	0.0000	0.0000	0.0000	0.0000	0.0000	0.0000	0.0000	0.0000	0.0000	0.0000	0.0000	0.0000	0.0000	0.0000	0.0000	0.0000	0.0000	0.0000			0.0000	0.0000	0.0000	0.0002	0.0000	2.0813	0.0000	0.0000	0.0000	0.0000	0.0000	0.0000	0.0000	0.0000	0.0000	0.0000	0.0000	0.0000	0.0000	0.0000	0.0000	0.0000	0.0000	0.0000	0.0000	0.0000	0.0000	0.0000	0.0000	0.0000	0.0000	0.0000	0.0000	0.0000	0.0000	0.0000	0.0000	0.0000	0.0000	0.0000	0.0000	0.0000
6	55	0.0455	13	1	0	1	0	0	0	0	0	0	1	2	1	0	0	0	0	0	0	N	N	N	N	Y	N	N	N	N	N	N	N	N	N	N	N	N	N	0.0000	0.0000	0.0000	0.0000	0.0000	0.0000	0.0000	0.0000	0.0000	0.0000	0.0000	0.0000	0.0000	0.0000	0.0000	0.0000	0.0000	0.0000	0.0000	0.0000	0.0000	0.0000	0.0000	0.0000	0.0000	0.0000	0.0000			0.0000	0.0000	0.0000	0.0000	0.0000	1.0065	0.0000	0.0000	0.0000	0.0000	0.0000	0.0000	0.0000	0.0000	0.0000	0.0000	0.0000	0.0000	0.0000	0.0000	0.0000	0.0000	0.0000	0.0000	0.0000	0.0000	0.0000	0.0000	0.0000	0.0000	0.0000	0.0000	0.0000	0.0000	0.0000	0.0000	0.0000	0.0000	0.0000	0.0000	0.0000	0.0000
6	56	0.0427	12	1	0	1	0	0	0	0	0	0	0	2	0	0	0	0	0	0	0	N	N	N	N	Y	N	N	N	N	N	N	N	N	N	N	N	N	N	0.0000	0.0000	0.0000	0.0000	0.0000	0.0000	0.0000	0.0000	0.0000	0.0000	0.0000	0.0000	0.0000	0.0000	0.0000	0.0000	0.0000	0.0000	0.0000	0.0000	0.0000	0.0000	0.0000	0.0000	0.0000	0.0000	0.0000			0.0000	0.0000	0.0000	0.0000	0.0000	1.0047	0.0000	0.0000	0.0000	0.0000	0.0000	0.0000	0.0000	0.0000	0.0000	0.0000	0.0000	0.0000	0.0000	0.0000	0.0000	0.0000	0.0000	0.0000	0.0000	0.0000	0.0000	0.0000	0.0000	0.0000	0.0000	0.0000	0.0000	0.0000	0.0000	0.0000	0.0000	0.0000	0.0000	0.0000	0.0000	0.0000
6	57	0.0427	11	1	0	1	0	0	0	0	0	1	0	2	0	0	0	0	0	0	0	N	N	N	N	Y	N	N	N	N	N	N	N	N	N	N	N	N	N	0.0000	0.0000	0.0000	0.0000	0.0000	0.0000	0.0000	0.0000	0.0000	0.0000	0.0000	0.0000	0.0000	0.0000	0.0000	0.0000	0.0000	0.0000	0.0000	0.0000	0.0000	0.0000	0.0000	0.0000	0.0000	0.0000	0.0000			0.0000	0.0000	0.0000	0.0000	0.0000	0.0000	0.0000	0.0000	0.0000	0.0000	0.0000	0.0000	0.0000	0.0000	0.0000	0.0000	0.0000	0.0000	0.0000	0.0000	0.0000	0.0000	0.0000	0.0000	0.0000	0.0000	0.0000	0.0000	0.0000	0.0000	0.0000	0.0000	0.0000	0.0000	0.0000	0.0000	0.0000	0.0000	0.0000	0.0000	0.0000	0.0000
6	71	0.1614	16	0	0	1	0	0	0	0	0	1	0	2	0	0	0	0	0	0	0	N	N	N	N	Y	N	N	N	N	N	N	N	N	N	N	N	N	N	0.0000	0.0000	0.0000	0.0000	0.0000	0.0000	0.0000	0.0000	0.0000	0.0000	0.0000	0.0000	0.0000	0.0000	0.0000	0.0000	0.0000	0.0000	0.0000	0.0000	0.0000	0.0000	0.0000	0.0000	0.0000	0.0000	0.0000			0.0000	0.0000	0.0000	6.1029	0.0000	20.9537	0.0000	0.0000	0.0000	0.0000	0.0000	0.0000	0.0000	0.0000	0.0000	0.0000	0.0000	0.0000	0.0000	0.0000	0.0000	0.0000	0.0000	0.0000	0.0000	0.0000	0.0000	0.0000	0.0000	0.0000	0.0000	0.0000	0.0000	0.0000	0.0000	0.0000	0.0000	0.0000	0.0000	0.0000	0.0000	0.0000
6	75	0.0561	11	1	0	1	0	0	0	0	0	0	0	2	1	0	0	0	0	0	0	N	N	N	N	Y	N	N	N	N	N	N	N	N	N	N	N	N	N	0.0000	0.0000	0.0000	0.0000	0.0000	0.0000	0.0000	0.0000	0.0000	0.0000	0.0000	0.0000	0.0000	0.0000	0.0000	0.0000	0.0000	0.0000	0.0000	0.0000	0.0000	0.0000	0.0000	0.0000	0.0000	0.0000	0.0000			0.0000	0.0000	0.0000	0.0000	0.0000	1.0000	0.0000	0.0000	0.0000	0.0000	0.0000	0.0000	0.0000	0.0000	0.0000	0.0000	0.0000	0.0000	0.0000	0.0000	0.0000	0.0000	0.0000	0.0000	0.0000	0.0000	0.0000	0.0000	0.0000	0.0000	0.0000	0.0000	0.0000	0.0000	0.0000	0.0000	0.0000	0.0000	0.0000	0.0000	0.0000	0.0000
6	76	0.0561	10	1	0	1	0	0	0	0	0	0	1	2	1	0	0	0	0	0	0	N	N	N	N	Y	N	N	N	N	N	N	N	N	N	N	N	N	N	0.0000	0.0000	0.0000	0.0000	0.0000	0.0000	0.0000	0.0000	0.0000	0.0000	0.0000	0.0000	0.0000	0.0000	0.0000	0.0000	0.0000	0.0000	0.0000	0.0000	0.0000	0.0000	0.0000	0.0000	0.0000	0.0000	0.0000			0.0000	0.0000	0.0000	0.0000	0.0000	0.0000	0.0000	0.0000	0.0000	0.0000	0.0000	0.0000	0.0000	0.0000	0.0000	0.0000	0.0000	0.0000	0.0000	0.0000	0.0000	0.0000	0.0000	0.0000	0.0000	0.0000	0.0000	0.0000	0.0000	0.0000	0.0000	0.0000	0.0000	0.0000	0.0000	0.0000	0.0000	0.0000	0.0000	0.0000	0.0000	0.0000
6	77	0.0342	9	1	0	1	0	0	0	0	0	1	0	2	0	0	0	0	0	0	0	N	N	N	N	Y	N	N	N	N	N	N	N	N	N	N	N	N	N	0.0000	0.0000	0.0000	0.0000	0.0000	0.0000	0.0000	0.0000	0.0000	0.0000	0.0000	0.0000	0.0000	0.0000	0.0000	0.0000	0.0000	0.0000	0.0000	0.0000	0.0000	0.0000	0.0000	0.0000	0.0000	0.0000	0.0000			0.0000	0.0000	0.0000	0.0002	0.0000	3.7635	0.0000	0.0000	0.0000	0.0000	0.0000	0.0000	0.0000	0.0000	0.0000	0.0000	0.0000	0.0000	0.0000	0.0000	0.0000	0.0000	0.0000	0.0000	0.0000	0.0000	0.0000	0.0000	0.0000	0.0000	0.0000	0.0000	0.0000	0.0000	0.0000	0.0000	0.0000	0.0000	0.0000	0.0000	0.0000	0.0000
7	8	0.0844	15	2	0	1	0	0	0	0	0	0	1	1	1	0	0	0	0	0	0	Y	N	N	N	N	N	N	N	N	N	N	N	N	N	N	N	N	N	0.0000	0.0000	0.0000	0.0000	0.0000	0.0000	0.0000	0.0000	0.0000	0.0000	0.0000	0.0000	0.0000	0.0000	0.0000	0.0000	0.0000	0.0000	0.0000	0.0000	0.0000	0.0000	0.0000	0.0000	0.0000	0.0000	0.0000		10.5417	0.0000	0.0000	0.0001	0.0001	6.0395	4.0617	0.0000	0.0000	0.0000	0.0000	0.0000	0.0000	0.0000	0.0000	0.0000	0.0000	0.0000	0.0000	0.0000	0.0000	0.0000	0.0000	0.0000	0.0000	0.0000	0.0000	0.0000	0.0000	0.0000	0.0000	0.0000	0.0000	0.0000	0.0508	0.0258	0.0250	0.0072	0.0065	0.0007	0.0436	0.0193	0.0244
7	9	0.0959	19	1	0	0	0	0	0	0	0	0	2	0	2	0	0	0	0	0	0	N	N	N	N	N	Y	N	N	N	N	N	N	N	N	N	N	N	N	0.0000	0.0000	0.0000	0.0000	0.0000	0.0000	0.0000	0.0000	0.0000	0.0000	0.0000	0.0000	0.0000	0.0000	0.0000	0.0000	0.0000	0.0000	0.0000	0.0000	0.0000	0.0000	0.0000	0.0000	0.0000	0.0000	0.0000			0.0000	0.0000	0.0001	0.0000	6.0395	2.0000	0.0000	0.0000	0.0000	0.0000	0.0000	0.0000	0.0000	0.0000	0.0000	0.0000	0.0000	0.0000	0.0000	0.0000	0.0000	0.0000	0.0000	0.0000	0.0000	0.0000	0.0000	0.0000	0.0000	0.0000	0.0000	0.0000	0.0000	0.0246	0.0119	0.0126	0.0038	0.0029	0.0009	0.0208	0.0091	0.0117
7	10	0.0955	17	2	0	1	0	0	0	0	0	0	1	0	1	0	0	0	0	0	0	Y	N	N	N	N	N	N	N	N	N	N	N	N	N	N	N	N	N	0.0000	0.0000	0.0000	0.0000	0.0000	0.0000	0.0000	0.0000	0.0000	0.0000	0.0000	0.0000	0.0000	0.0000	0.0000	0.0000	0.0000	0.0000	0.0937	0.1728	0.0000	0.0000	0.0000	0.0000	0.1130	0.2351	0.0000		0.0000	0.0000	-0.0011	0.0001	0.0065	6.0395	2.0029	0.0000	0.0000	0.0000	0.0000	0.0000	0.0000	0.0000	0.0000	0.0000	0.0022	0.0022	0.0000	0.0000	0.0000	0.0000	0.0022	0.0022	0.0000	0.0000	0.0000	0.0000	0.0000	0.0000	0.0000	0.0000	0.0000	0.0000	0.0240	0.0130	0.0110	0.0041	0.0034	0.0007	0.0199	0.0096	0.0103
7	13	0.0988	18	2	0	1	0	0	0	0	0	0	1	0	1	0	0	0	0	0	0	Y	N	N	N	N	N	N	N	N	N	N	N	N	N	N	N	N	N	0.0000	0.0000	0.0000	0.0000	0.0000	0.0000	0.0000	0.0000	0.0000	0.0000	0.0000	0.0000	0.0000	0.0000	0.0000	0.0000	0.0000	0.0000	0.0000	0.0000	0.0000	0.0000	0.0000	0.0000	0.0000	0.0000	0.0000			0.0000	0.0000	0.0001	0.0000	6.0395	0.0000	0.0000	0.0000	0.0000	0.0000	0.0000	0.0000	0.0000	0.0000	0.0000	0.0000	0.0000	0.0000	0.0000	0.0000	0.0000	0.0000	0.0000	0.0000	0.0000	0.0000	0.0000	0.0000	0.0000	0.0000	0.0000	0.0000	0.0000	0.0000	0.0000	0.0000	0.0000	0.0000	0.0000	0.0000	0.0000	0.0000
7	15	0.0673	12	2	0	1	0	1	0	1	0	0	1	0	1	0	0	0	0	0	0	Y	N	N	N	N	N	N	N	N	N	N	N	N	N	N	N	N	N	0.0000	0.0000	0.0000	0.0000	0.0000	0.0000	0.0000	0.0000	0.0000	0.0000	0.0000	0.0000	0.0000	0.0000	0.0000	0.0000	0.0000	0.0000	0.0000	0.0000	0.0000	0.0000	0.0000	0.0000	0.0000	0.0000	0.0000			0.0000	0.0000	0.0001	0.0000	6.0395	3.0230	0.0000	0.0000	0.0000	0.0000	0.0000	0.0000	0.0000	0.0000	0.0000	0.0000	0.0000	0.0000	0.0000	0.0000	0.0000	0.0000	0.0000	0.0000	0.0000	0.0000	0.0000	0.0000	0.0000	0.0000	0.0000	0.0000	0.0000	0.0375	0.0182	0.0193	0.0037	0.0033	0.0004	0.0338	0.0149	0.0189
7	16	0.1041	16	2	0	0	1	0	0	0	0	0	1	1	2	0	0	0	0	0	0	Y	N	N	N	N	Y	N	N	N	N	N	N	N	N	N	N	N	N	0.0000	0.0000	0.0000	0.0000	0.0000	0.0000	0.0000	0.0000	0.0000	0.0000	0.0000	0.0000	0.0000	0.0000	0.0000	0.0000	0.0000	0.0000	0.0000	0.0000	0.0000	0.0000	0.0000	0.0000	0.0000	0.0000	0.0000			0.0000	0.0000	0.0001	0.0000	6.0395	1.0000	0.0000	0.0000	0.0000	0.0000	0.0000	0.0000	0.0000	0.0000	0.0000	0.0000	0.0000	0.0000	0.0000	0.0000	0.0000	0.0000	0.0000	0.0000	0.0000	0.0000	0.0000	0.0000	0.0000	0.0000	0.0000	0.0000	0.0000	0.0088	0.0044	0.0044	0.0012	0.0009	0.0003	0.0076	0.0035	0.0041
7	17	0.0580	8	2	0	1	0	0	0	0	0	0	1	0	1	0	0	0	0	0	0	Y	N	N	N	N	N	N	N	N	N	N	N	N	N	N	N	N	N	21117.5299	11977.6762	0.0000	9223.0852	8047.9215	0.0000	0.0000	0.0000	0.0000	2.6794	3.1711	0.0000	12.4922	12.5101	0.0000	0.0000	0.0000	0.0000	0.0001	0.0003	0.0000	0.0014	0.0016	0.0000	0.0000	0.0000	0.0000	0.0000	0.0016	-0.0000	-0.0000	0.0001	3.0020	6.0395	5.0291	0.0000	0.0000	0.0000	0.0000	0.0000	0.0000	0.0000	0.0000	0.0000	0.0000	0.0000	0.0000	0.0000	0.0000	0.0000	0.0000	0.0000	0.0000	0.0000	0.0000	0.0000	0.0000	0.0000	0.0000	0.0000	0.0000	0.0000	0.0789	0.0378	0.0412	0.0074	0.0064	0.0009	0.0715	0.0313	0.0402
7	18	0.0473	7	2	0	1	0	0	0	0	0	0	1	0	1	0	0	0	0	0	0	Y	N	N	N	N	N	N	N	N	N	N	N	N	N	N	N	N	N	0.0000	0.0000	0.0000	0.0000	0.0000	0.0000	0.0000	0.0000	0.0000	0.0000	0.0000	0.0000	0.0000	0.0000	0.0000	0.0000	0.0000	0.0000	0.0000	0.0000	0.0000	0.0000	0.0000	0.0000	0.0000	0.0000	0.0000			0.0000	0.0000	0.0001	0.0121	6.0395	3.0257	0.0000	0.0000	0.0000	0.0000	0.0000	0.0000	0.0000	0.0000	0.0000	0.0000	0.0000	0.0000	0.0000	0.0000	0.0000	0.0000	0.0000	0.0000	0.0000	0.0000	0.0000	0.0000	0.0000	0.0000	0.0000	0.0000	0.0000	0.0560	0.0321	0.0239	0.0128	0.0125	0.0003	0.0432	0.0196	0.0236
7	19	0.0844	15	2	0	1	0	0	0	0	0	0	1	1	1	0	0	0	0	0	0	Y	N	N	N	N	N	N	N	N	N	N	N	N	N	N	N	N	N	0.0000	0.0000	0.0000	0.0000	0.0000	0.0000	0.0000	0.0000	0.0000	0.0000	0.0000	0.0000	0.0000	0.0000	0.0000	0.0000	0.0000	0.0000	0.0001	0.0002	0.0000	0.0008	0.0009	0.0000	0.0000	0.0000	0.0000		0.0000	0.0000	-0.0000	0.0001	0.9999	6.0395	7.0877	0.0000	0.0000	0.0000	0.0000	0.0000	0.0000	0.0000	0.0000	0.0000	0.0000	0.0000	0.0000	0.0000	0.0000	0.0000	0.0000	0.0000	0.0000	0.0000	0.0000	0.0000	0.0000	0.0000	0.0000	0.0000	0.0000	0.0000	0.0963	0.0487	0.0476	0.0125	0.0112	0.0013	0.0838	0.0375	0.0463
7	20	0.0816	14	2	0	1	0	0	0	1	0	0	1	1	1	0	0	0	0	0	0	Y	N	N	N	N	N	N	N	N	N	N	N	N	N	N	N	N	N	0.0000	0.0000	0.0000	0.0000	0.0000	0.0000	0.0000	0.0000	0.0000	0.0000	0.0000	0.0000	0.0000	0.0000	0.0000	0.0000	0.0000	0.0000	0.0000	0.0001	0.0000	0.0002	0.0002	0.0000	0.0000	0.0000	0.0000		0.0476	0.0000	-0.0000	0.0001	0.0002	6.0395	0.9617	0.0000	0.0000	0.0000	0.0000	0.0000	0.0000	0.0000	0.0000	0.0000	0.0000	0.0000	0.0000	0.0000	0.0000	0.0000	0.0000	0.0000	0.0000	0.0000	0.0000	0.0000	0.0000	0.0000	0.0000	0.0000	0.0000	0.0000	0.0140	0.0077	0.0064	0.0026	0.0024	0.0002	0.0114	0.0052	0.0062
7	21	0.0595	7	2	0	1	0	0	0	1	0	0	1	1	1	0	0	0	0	0	0	Y	N	N	N	N	N	N	N	N	N	N	N	N	N	N	N	N	N	0.0000	0.0000	0.0000	0.0000	0.0000	0.0000	0.0000	0.0000	0.0000	0.0000	0.0000	0.0000	0.0000	0.0000	0.0000	0.0000	0.0000	0.0000	0.0000	0.0000	0.0000	0.0000	0.0000	0.0000	0.0000	0.0000	0.0000			0.0000	0.0000	0.0001	0.0000	6.0395	0.0000	0.0000	0.0000	0.0000	0.0000	0.0000	0.0000	0.0000	0.0000	0.0000	0.0000	0.0000	0.0000	0.0000	0.0000	0.0000	0.0000	0.0000	0.0000	0.0000	0.0000	0.0000	0.0000	0.0000	0.0000	0.0000	0.0000	0.0000	0.0081	0.0075	0.0007	0.0041	0.0041	0.0001	0.0040	0.0034	0.0006
7	22	0.1448	18	2	0	1	0	0	0	0	0	0	1	0	1	0	0	0	0	0	0	Y	N	N	N	N	N	N	N	N	N	N	N	N	N	N	N	N	N	0.0000	0.0000	0.0000	0.0000	0.0000	0.0000	0.0000	0.0000	0.0000	0.0000	0.0000	0.0000	0.0000	0.0000	0.0000	0.0000	0.0000	0.0000	0.0004	0.0008	0.0000	0.0032	0.0034	0.0006	0.0000	0.0000	0.0000		0.0157	0.0000	-0.0000	0.0001	0.0001	6.0395	8.1501	0.0000	0.0000	0.0000	0.0000	0.0000	0.0000	0.0000	0.0000	0.0000	0.0000	0.0000	0.0000	0.0000	0.0000	0.0000	0.0000	0.0000	0.0000	0.0000	0.0000	0.0000	0.0000	0.0000	0.0000	0.0000	0.0000	0.0000	0.0965	0.0504	0.0461	0.0128	0.0118	0.0010	0.0837	0.0386	0.0451
7	23	0.0789	15	2	1	1	0	0	1	0	0	0	1	0	1	0	0	0	0	0	0	Y	N	N	N	N	N	N	N	N	N	N	N	N	N	N	N	N	N	0.0000	0.0000	0.0000	0.0000	0.0000	0.0000	0.0000	0.0000	0.0000	0.0000	0.0000	0.0000	0.0000	0.0000	0.0000	0.0000	0.0000	0.0000	0.0009	0.0000	0.0017	0.0000	0.0000	0.0000	0.0010	0.0000	0.0018		inf	0.0000	0.0001	0.0001	4.0000	6.0395	5.9998	0.0000	0.0000	0.0000	0.0000	0.0000	0.0000	0.0000	0.0000	0.0000	0.0001	0.0000	0.0001	0.0000	0.0000	0.0000	0.0001	0.0000	0.0001	0.0000	0.0000	0.0000	0.0000	0.0000	0.0000	0.0000	0.0000	0.0000	0.1138	0.0564	0.0574	0.0124	0.0108	0.0016	0.1014	0.0456	0.0558
7	24	0.0567	8	1	0	1	0	0	0	1	0	0	2	0	2	0	0	0	0	0	0	N	N	N	N	N	Y	N	N	N	N	N	N	N	N	N	N	N	N	0.0000	0.0000	0.0000	0.0000	0.0000	0.0000	0.0000	0.0000	0.0000	0.0000	0.0000	0.0000	0.0000	0.0000	0.0000	0.0000	0.0000	0.0000	0.0025	0.0042	0.0000	0.0094	0.0096	0.0001	0.0000	0.0000	0.0000		0.0012	0.0000	-0.0001	0.0001	0.3906	6.0395	3.9576	0.0000	0.0000	0.0000	0.0000	0.0000	0.0000	0.0000	0.0000	0.0000	0.0002	0.0002	0.0000	0.0002	0.0002	0.0000	0.0000	0.0000	0.0000	0.0000	0.0000	0.0000	0.0000	0.0000	0.0000	0.0000	0.0000	0.0000	0.0980	0.0595	0.0385	0.0264	0.0258	0.0006	0.0716	0.0338	0.0378
7	26	0.0736	11	2	0	1	0	0	0	1	0	0	1	0	1	0	0	0	0	0	0	Y	N	N	N	N	N	N	N	N	N	N	N	N	N	N	N	N	N	0.0000	0.0000	0.0000	0.0000	0.0000	0.0000	0.0000	0.0000	0.0000	0.0000	0.0000	0.0000	0.0000	0.0000	0.0000	0.0000	0.0000	0.0000	15.7235	0.0022	31.1295	0.0085	0.0000	0.0487	18.0619	0.0028	32.5850		14275.7142	0.0000	0.5256	0.0001	1.0038	6.0395	3.8726	0.0000	0.0000	0.0000	0.0000	0.0000	0.0000	0.0000	0.0000	0.0000	0.9994	0.0001	0.9993	0.0001	0.0000	0.0001	0.9993	0.0001	0.9992	0.0000	0.0000	0.0000	0.0000	0.0000	0.0000	0.0000	0.0000	0.0000	0.0636	0.0315	0.0321	0.0082	0.0068	0.0014	0.0553	0.0247	0.0307
7	27	0.0874	17	2	0	1	0	1	0	0	0	0	1	1	1	0	0	0	0	0	0	Y	N	N	N	N	N	N	N	N	N	N	N	N	N	N	N	N	N	0.0000	0.0000	0.0000	0.0000	0.0000	0.0000	0.0000	0.0000	0.0000	0.0000	0.0000	0.0000	0.0000	0.0000	0.0000	0.0000	0.0000	0.0000	0.0000	0.0000	0.0000	0.0000	0.0000	0.0000	0.0000	0.0000	0.0000			0.0000	0.0000	0.0001	0.0000	6.0395	0.0000	0.0000	0.0000	0.0000	0.0000	0.0000	0.0000	0.0000	0.0000	0.0000	0.0000	0.0000	0.0000	0.0000	0.0000	0.0000	0.0000	0.0000	0.0000	0.0000	0.0000	0.0000	0.0000	0.0000	0.0000	0.0000	0.0000	0.0000	0.0000	0.0000	0.0000	0.0000	0.0000	0.0000	0.0000	0.0000	0.0000
7	29	0.0316	4	2	0	1	0	1	0	1	0	1	1	1	1	0	0	0	0	0	0	Y	N	N	N	N	N	N	N	N	N	N	N	N	N	N	N	N	N	0.0000	0.0000	0.0000	0.0000	0.0000	0.0000	0.0000	0.0000	0.0000	0.0000	0.0000	0.0000	0.0000	0.0000	0.0000	0.0000	0.0000	0.0000	0.0001	0.0002	0.0000	0.0020	0.0022	0.0000	0.0000	0.0000	0.0000		0.0006	0.0000	-0.0000	0.0001	3.0059	6.0395	6.0531	0.0000	0.0000	0.0000	0.0000	0.0000	0.0000	0.0000	0.0000	0.0000	0.0000	0.0000	0.0000	0.0000	0.0000	0.0000	0.0000	0.0000	0.0000	0.0000	0.0000	0.0000	0.0000	0.0000	0.0000	0.0000	0.0000	0.0000	0.1120	0.0518	0.0601	0.0056	0.0051	0.0004	0.1064	0.0467	0.0597
7	30	0.0595	7	2	0	0	1	0	0	0	1	0	2	1	2	0	0	0	0	0	0	Y	N	N	N	N	Y	N	N	N	N	N	N	N	N	N	N	N	N	0.0000	0.0000	0.0000	0.0000	0.0000	0.0000	0.0000	0.0000	0.0000	0.0000	0.0000	0.0000	0.0000	0.0000	0.0000	0.0000	0.0000	0.0000	0.0041	0.0064	0.0000	0.0196	0.0205	0.0000	0.0000	0.0000	0.0000		0.0000	0.0000	-0.0000	0.0001	0.0002	6.0395	1.1973	0.0000	0.0000	0.0000	0.0000	0.0000	0.0000	0.0000	0.0000	0.0000	0.0001	0.0001	0.0000	0.0001	0.0001	0.0000	0.0000	0.0000	0.0000	0.0000	0.0000	0.0000	0.0000	0.0000	0.0000	0.0000	0.0000	0.0000	0.0220	0.0140	0.0079	0.0046	0.0044	0.0002	0.0174	0.0096	0.0077
7	31	0.0356	6	2	0	0	0	1	0	0	0	1	1	1	1	0	0	0	0	0	0	Y	N	N	N	N	N	N	N	N	N	N	N	N	N	N	N	N	N	0.0000	0.0000	0.0000	0.0000	0.0000	0.0000	0.0000	0.0000	0.0000	0.0000	0.0000	0.0000	0.0000	0.0000	0.0000	0.0000	0.0000	0.0000	0.0020	0.0015	0.0025	0.0000	0.0000	0.0000	0.0021	0.0015	0.0025		1.9998	0.0000	0.0000	0.0001	2.0002	6.0395	1.8085	0.0000	0.0000	0.0000	0.0000	0.0000	0.0000	0.0000	0.0000	0.0000	0.0001	0.0000	0.0001	0.0000	0.0000	0.0000	0.0001	0.0000	0.0001	0.0000	0.0000	0.0000	0.0000	0.0000	0.0000	0.0000	0.0000	0.0000	0.0445	0.0202	0.0242	0.0008	0.0007	0.0001	0.0436	0.0195	0.0241
7	32	0.0370	7	2	0	1	0	1	0	1	0	0	1	0	1	0	0	0	0	0	0	Y	N	N	N	N	N	N	N	N	N	N	N	N	N	N	N	N	N	0.0000	0.0000	0.0000	0.0000	0.0000	0.0000	0.0000	0.0000	0.0000	0.0000	0.0000	0.0000	0.0000	0.0000	0.0000	0.0000	0.0000	0.0000	0.0000	0.0000	0.0000	0.0000	0.0000	0.0002	0.0000	0.0000	0.0000		inf	0.0000	0.0000	0.0001	4.9997	6.0395	3.1777	0.0000	0.0000	0.0000	0.0000	0.0000	0.0000	0.0000	0.0000	0.0000	0.0000	0.0000	0.0000	0.0000	0.0000	0.0000	0.0000	0.0000	0.0000	0.0000	0.0000	0.0000	0.0000	0.0000	0.0000	0.0000	0.0000	0.0000	0.1009	0.0475	0.0535	0.0055	0.0053	0.0002	0.0954	0.0422	0.0532
7	37	0.0789	15	2	0	0	1	0	0	0	1	0	2	1	2	0	0	0	0	0	0	Y	N	N	N	N	Y	N	N	N	N	N	N	N	N	N	N	N	N	0.0000	0.0000	0.0000	0.0000	0.0000	0.0000	0.0000	0.0000	0.0000	0.0000	0.0000	0.0000	0.0000	0.0000	0.0000	0.0000	0.0000	0.0000	0.0000	0.0000	0.0000	0.0000	0.0000	0.0000	0.0000	0.0000	0.0000			0.0000	0.0000	0.0001	0.0000	6.0395	2.0000	0.0000	0.0000	0.0000	0.0000	0.0000	0.0000	0.0000	0.0000	0.0000	0.0000	0.0000	0.0000	0.0000	0.0000	0.0000	0.0000	0.0000	0.0000	0.0000	0.0000	0.0000	0.0000	0.0000	0.0000	0.0000	0.0000	0.0000	0.0236	0.0117	0.0119	0.0026	0.0023	0.0003	0.0210	0.0094	0.0116
7	38	0.0831	17	2	0	0	0	0	0	0	0	0	2	1	2	0	0	0	0	0	0	Y	N	N	N	N	Y	N	N	N	N	N	N	N	N	N	N	N	N	0.0000	0.0000	0.0000	0.0000	0.0000	0.0000	0.0000	0.0000	0.0000	0.0000	0.0000	0.0000	0.0000	0.0000	0.0000	0.0000	0.0000	0.0000	0.0000	0.0000	0.0000	0.0000	0.0000	0.0000	0.0000	0.0000	0.0000		0.0000	0.0000	-0.0000	0.0001	0.0000	6.0395	0.4891	0.0000	0.0000	0.0000	0.0000	0.0000	0.0000	0.0000	0.0000	0.0000	0.0000	0.0000	0.0000	0.0000	0.0000	0.0000	0.0000	0.0000	0.0000	0.0000	0.0000	0.0000	0.0000	0.0000	0.0000	0.0000	0.0000	0.0000	0.0106	0.0054	0.0052	0.0043	0.0043	0.0001	0.0062	0.0011	0.0051
7	39	0.0817	16	2	0	0	0	0	0	0	0	0	1	1	1	0	0	0	0	0	0	Y	N	N	N	N	N	N	N	N	N	N	N	N	N	N	N	N	N	0.0000	0.0000	0.0000	0.0000	0.0000	0.0000	0.0000	0.0000	0.0000	0.0000	0.0000	0.0000	0.0000	0.0000	0.0000	0.0000	0.0000	0.0000	0.0000	0.0000	0.0000	0.0000	0.0000	0.0000	0.0000	0.0000	0.0000		0.0000	0.0000	-0.0000	0.0001	0.0000	6.0395	0.5132	0.0000	0.0000	0.0000	0.0000	0.0000	0.0000	0.0000	0.0000	0.0000	0.0000	0.0000	0.0000	0.0000	0.0000	0.0000	0.0000	0.0000	0.0000	0.0000	0.0000	0.0000	0.0000	0.0000	0.0000	0.0000	0.0000	0.0000	0.0063	0.0031	0.0032	0.0008	0.0007	0.0001	0.0055	0.0024	0.0031
7	40	0.0374	8	2	0	1	0	0	0	1	0	0	1	0	1	0	0	0	0	0	0	Y	N	N	N	N	N	N	N	N	N	N	N	N	N	N	N	N	N	0.0000	0.0000	0.0000	0.0000	0.0000	0.0000	0.0000	0.0000	0.0000	0.0000	0.0000	0.0000	0.0000	0.0000	0.0000	0.0000	0.0000	0.0000	0.0370	0.0803	0.0000	1.2080	1.2969	0.0001	0.0000	0.0000	0.0000		0.0000	0.0000	-0.0008	0.0001	1.0010	6.0395	2.9998	0.0000	0.0000	0.0000	0.0000	0.0000	0.0000	0.0000	0.0000	0.0000	0.0018	0.0018	0.0000	0.0018	0.0018	0.0000	0.0000	0.0000	0.0000	0.0000	0.0000	0.0000	0.0000	0.0000	0.0000	0.0000	0.0000	0.0000	0.0481	0.0222	0.0259	0.0015	0.0014	0.0001	0.0466	0.0208	0.0258
7	41	0.1041	16	2	0	1	1	0	0	1	0	0	1	1	2	0	0	0	0	0	0	Y	N	N	N	N	Y	N	N	N	N	N	N	N	N	N	N	N	N	0.0000	0.0000	0.0000	0.0000	0.0000	0.0000	0.0000	0.0000	0.0000	0.0000	0.0000	0.0000	0.0000	0.0000	0.0000	0.0000	0.0000	0.0000	0.0000	0.0000	0.0000	0.0000	0.0000	0.0000	0.0000	0.0000	0.0000			0.0000	0.0000	0.0001	0.0000	6.0395	0.0000	0.0000	0.0000	0.0000	0.0000	0.0000	0.0000	0.0000	0.0000	0.0000	0.0000	0.0000	0.0000	0.0000	0.0000	0.0000	0.0000	0.0000	0.0000	0.0000	0.0000	0.0000	0.0000	0.0000	0.0000	0.0000	0.0000	0.0000	0.0000	0.0000	0.0000	0.0000	0.0000	0.0000	0.0000	0.0000	0.0000
7	42	0.1041	15	2	0	0	1	0	0	0	1	0	1	1	2	0	0	0	0	0	0	Y	N	N	N	N	Y	N	N	N	N	N	N	N	N	N	N	N	N	0.0000	0.0000	0.0000	0.0000	0.0000	0.0000	0.0000	0.0000	0.0000	0.0000	0.0000	0.0000	0.0000	0.0000	0.0000	0.0000	0.0000	0.0000	0.0000	0.0000	0.0000	0.0000	0.0000	0.0000	0.0000	0.0000	0.0000		0.0000	0.0000	-0.0000	0.0001	0.0001	6.0395	0.0001	0.0000	0.0000	0.0000	0.0000	0.0000	0.0000	0.0000	0.0000	0.0000	0.0000	0.0000	0.0000	0.0000	0.0000	0.0000	0.0000	0.0000	0.0000	0.0000	0.0000	0.0000	0.0000	0.0000	0.0000	0.0000	0.0000	0.0000	0.0045	0.0040	0.0005	0.0024	0.0023	0.0001	0.0021	0.0017	0.0005
7	43	0.1041	15	2	0	1	0	0	0	1	0	0	1	1	2	0	0	0	0	0	0	Y	N	N	N	N	Y	N	N	N	N	N	N	N	N	N	N	N	N	0.0000	0.0000	0.0000	0.0000	0.0000	0.0000	0.0000	0.0000	0.0000	0.0000	0.0000	0.0000	0.0000	0.0000	0.0000	0.0000	0.0000	0.0000	0.0000	0.0000	0.0000	0.0000	0.0000	0.0000	0.0000	0.0000	0.0000			0.0000	0.0000	0.0001	0.0000	6.0395	0.0000	0.0000	0.0000	0.0000	0.0000	0.0000	0.0000	0.0000	0.0000	0.0000	0.0000	0.0000	0.0000	0.0000	0.0000	0.0000	0.0000	0.0000	0.0000	0.0000	0.0000	0.0000	0.0000	0.0000	0.0000	0.0000	0.0000	0.0000	0.0000	0.0000	0.0000	0.0000	0.0000	0.0000	0.0000	0.0000	0.0000
7	44	0.0816	14	2	0	0	0	0	0	0	0	0	2	1	2	0	0	0	0	0	0	Y	N	N	N	N	Y	N	N	N	N	N	N	N	N	N	N	N	N	0.0000	0.0000	0.0000	0.0000	0.0000	0.0000	0.0000	0.0000	0.0000	0.0000	0.0000	0.0000	0.0000	0.0000	0.0000	0.0000	0.0000	0.0000	0.0014	0.0023	0.0005	0.0025	0.0009	0.0155	0.0012	0.0027	0.0001		0.2009	0.0000	-0.0000	0.0001	2.9998	6.0395	4.8980	0.0000	0.0000	0.0000	0.0000	0.0000	0.0000	0.0000	0.0000	0.0000	0.0001	0.0001	0.0000	0.0000	0.0000	0.0000	0.0001	0.0001	0.0000	0.0000	0.0000	0.0000	0.0000	0.0000	0.0000	0.0000	0.0000	0.0000	0.0935	0.0473	0.0462	0.0115	0.0103	0.0013	0.0820	0.0371	0.0449
7	45	0.0758	13	2	0	0	0	0	0	0	0	1	1	1	1	0	0	0	0	0	0	Y	N	N	N	N	N	N	N	N	N	N	N	N	N	N	N	N	N	0.0000	0.0000	0.0000	0.0000	0.0000	0.0000	0.0000	0.0000	0.0000	0.0000	0.0000	0.0000	0.0000	0.0000	0.0000	0.0000	0.0000	0.0000	0.0000	0.0000	0.0000	0.0003	0.0002	0.0015	0.0000	0.0000	0.0000		0.9402	0.0000	0.0000	0.0001	0.0002	6.0395	2.0813	0.0000	0.0000	0.0000	0.0000	0.0000	0.0000	0.0000	0.0000	0.0000	0.0000	0.0000	0.0000	0.0000	0.0000	0.0000	0.0000	0.0000	0.0000	0.0000	0.0000	0.0000	0.0000	0.0000	0.0000	0.0000	0.0000	0.0000	0.0264	0.0139	0.0125	0.0035	0.0031	0.0003	0.0229	0.0107	0.0122
7	46	0.0824	14	2	0	1	0	0	0	0	0	0	1	1	1	0	0	0	0	0	0	Y	N	N	N	N	N	N	N	N	N	N	N	N	N	N	N	N	N	0.0000	0.0000	0.0000	0.0000	0.0000	0.0000	0.0000	0.0000	0.0000	0.0000	0.0000	0.0000	0.0000	0.0000	0.0000	0.0000	0.0000	0.0000	0.0000	0.0000	0.0000	0.0000	0.0000	0.0000	0.0000	0.0000	0.0000			0.0000	0.0000	0.0001	0.0000	6.0395	0.0000	0.0000	0.0000	0.0000	0.0000	0.0000	0.0000	0.0000	0.0000	0.0000	0.0000	0.0000	0.0000	0.0000	0.0000	0.0000	0.0000	0.0000	0.0000	0.0000	0.0000	0.0000	0.0000	0.0000	0.0000	0.0000	0.0000	0.0000	0.0000	0.0000	0.0000	0.0000	0.0000	0.0000	0.0000	0.0000	0.0000
7	52	0.0988	18	2	0	1	0	0	0	0	0	0	2	0	2	0	0	0	0	0	0	Y	N	N	N	N	Y	N	N	N	N	N	N	N	N	N	N	N	N	0.0000	0.0000	0.0000	0.0000	0.0000	0.0000	0.0000	0.0000	0.0000	0.0000	0.0000	0.0000	0.0000	0.0000	0.0000	0.0000	0.0000	0.0000	0.0009	0.0000	0.0019	0.0051	0.0000	0.0304	0.0000	0.0000	0.0000		inf	0.0000	0.0000	0.0001	0.0000	6.0395	2.0000	0.0000	0.0000	0.0000	0.0000	0.0000	0.0000	0.0000	0.0000	0.0000	0.0000	0.0000	0.0000	0.0000	0.0000	0.0000	0.0000	0.0000	0.0000	0.0000	0.0000	0.0000	0.0000	0.0000	0.0000	0.0000	0.0000	0.0000	0.0233	0.0126	0.0107	0.0040	0.0033	0.0007	0.0193	0.0093	0.0101
7	53	0.0955	17	2	0	1	0	0	0	0	0	0	1	0	1	0	0	0	0	0	0	Y	N	N	N	N	N	N	N	N	N	N	N	N	N	N	N	N	N	0.0000	0.0000	0.0000	0.0000	0.0000	0.0000	0.0000	0.0000	0.0000	0.0000	0.0000	0.0000	0.0000	0.0000	0.0000	0.0000	0.0000	0.0000	0.1849	0.3400	0.0000	0.0000	0.0000	0.0000	0.2240	0.4657	0.0000		0.0000	0.0000	-0.0011	0.0001	0.9935	6.0395	0.0062	0.0000	0.0000	0.0000	0.0000	0.0000	0.0000	0.0000	0.0000	0.0000	0.0022	0.0022	0.0000	0.0000	0.0000	0.0000	0.0022	0.0022	0.0000	0.0000	0.0000	0.0000	0.0000	0.0000	0.0000	0.0000	0.0000	0.0000	0.0122	0.0066	0.0056	0.0021	0.0018	0.0003	0.0100	0.0048	0.0052
7	54	0.0855	16	2	0	1	0	0	0	0	0	0	1	0	1	0	0	0	0	0	0	Y	N	N	N	N	N	N	N	N	N	N	N	N	N	N	N	N	N	0.0000	0.0000	0.0000	0.0000	0.0000	0.0000	0.0000	0.0000	0.0000	0.0000	0.0000	0.0000	0.0000	0.0000	0.0000	0.0000	0.0000	0.0000	22.3266	37.6341	0.0000	0.0003	0.0003	0.0000	27.7623	54.5249	0.0000		0.0000	0.0000	-0.4724	0.0001	0.0065	6.0395	3.0034	0.0000	0.0000	0.0000	0.0000	0.0000	0.0000	0.0000	0.0000	0.0000	0.9967	0.9967	0.0000	0.0000	0.0000	0.0000	0.9967	0.9967	0.0000	0.0000	0.0000	0.0000	0.0000	0.0000	0.0000	0.0000	0.0000	0.0000	0.0446	0.0265	0.0182	0.0087	0.0082	0.0005	0.0359	0.0183	0.0176
7	55	0.0817	16	2	0	0	0	0	0	0	0	0	2	1	2	0	0	0	0	0	0	Y	N	N	N	N	Y	N	N	N	N	N	N	N	N	N	N	N	N	0.0000	0.0000	0.0000	0.0000	0.0000	0.0000	0.0000	0.0000	0.0000	0.0000	0.0000	0.0000	0.0000	0.0000	0.0000	0.0000	0.0000	0.0000	0.0000	0.0000	0.0000	0.0000	0.0000	0.0000	0.0000	0.0000	0.0000			0.0000	0.0000	0.0001	0.0000	6.0395	1.0065	0.0000	0.0000	0.0000	0.0000	0.0000	0.0000	0.0000	0.0000	0.0000	0.0000	0.0000	0.0000	0.0000	0.0000	0.0000	0.0000	0.0000	0.0000	0.0000	0.0000	0.0000	0.0000	0.0000	0.0000	0.0000	0.0000	0.0000	0.0121	0.0060	0.0061	0.0014	0.0012	0.0002	0.0107	0.0048	0.0059
7	56	0.0789	15	2	0	0	0	0	0	0	0	0	1	1	1	0	0	0	0	0	0	Y	N	N	N	N	N	N	N	N	N	N	N	N	N	N	N	N	N	0.0000	0.0000	0.0000	0.0000	0.0000	0.0000	0.0000	0.0000	0.0000	0.0000	0.0000	0.0000	0.0000	0.0000	0.0000	0.0000	0.0000	0.0000	0.0009	0.0000	0.0017	0.0000	0.0000	0.0000	0.0010	0.0000	0.0018		1923.6296	0.0000	0.0000	0.0001	0.0000	6.0395	1.0047	0.0000	0.0000	0.0000	0.0000	0.0000	0.0000	0.0000	0.0000	0.0000	0.0000	0.0000	0.0000	0.0000	0.0000	0.0000	0.0000	0.0000	0.0000	0.0000	0.0000	0.0000	0.0000	0.0000	0.0000	0.0000	0.0000	0.0000	0.0119	0.0059	0.0060	0.0013	0.0011	0.0002	0.0106	0.0048	0.0058
7	57	0.0789	14	2	0	0	0	0	0	0	0	1	1	1	1	0	0	0	0	0	0	Y	N	N	N	N	N	N	N	N	N	N	N	N	N	N	N	N	N	0.0000	0.0000	0.0000	0.0000	0.0000	0.0000	0.0000	0.0000	0.0000	0.0000	0.0000	0.0000	0.0000	0.0000	0.0000	0.0000	0.0000	0.0000	0.0000	0.0000	0.0000	0.0000	0.0000	0.0000	0.0000	0.0000	0.0000			0.0000	0.0000	0.0001	0.0000	6.0395	0.0000	0.0000	0.0000	0.0000	0.0000	0.0000	0.0000	0.0000	0.0000	0.0000	0.0000	0.0000	0.0000	0.0000	0.0000	0.0000	0.0000	0.0000	0.0000	0.0000	0.0000	0.0000	0.0000	0.0000	0.0000	0.0000	0.0000	0.0000	0.0000	0.0000	0.0000	0.0000	0.0000	0.0000	0.0000	0.0000	0.0000
7	58	0.0855	16	2	0	1	0	0	0	0	0	0	1	0	1	0	0	0	0	0	0	Y	N	N	N	N	N	N	N	N	N	N	N	N	N	N	N	N	N	0.0000	0.0000	0.0000	0.0000	0.0000	0.0000	0.0000	0.0000	0.0000	0.0000	0.0000	0.0000	0.0000	0.0000	0.0000	0.0000	0.0000	0.0000	0.0510	0.0730	0.0000	0.1779	0.1839	0.0000	0.0000	0.0000	0.0000		0.0000	0.0000	-0.0005	0.0001	0.0000	6.0395	1.0108	0.0000	0.0000	0.0000	0.0000	0.0000	0.0000	0.0000	0.0000	0.0000	0.0011	0.0011	0.0000	0.0011	0.0011	0.0000	0.0000	0.0000	0.0000	0.0000	0.0000	0.0000	0.0000	0.0000	0.0000	0.0000	0.0000	0.0000	0.0214	0.0149	0.0064	0.0061	0.0059	0.0002	0.0152	0.0090	0.0062
7	59	0.0789	15	2	0	1	0	0	0	0	0	0	1	0	1	0	0	0	0	0	0	Y	N	N	N	N	N	N	N	N	N	N	N	N	N	N	N	N	N	0.0000	0.0000	0.0000	0.0000	0.0000	0.0000	0.0000	0.0000	0.0000	0.0000	0.0000	0.0000	0.0000	0.0000	0.0000	0.0000	0.0000	0.0000	0.0452	0.0830	0.0081	0.0011	0.0013	0.0000	0.0507	0.1026	0.0083		0.0994	0.0000	-0.0005	0.0001	0.0001	6.0395	2.3402	0.0000	0.0000	0.0000	0.0000	0.0000	0.0000	0.0000	0.0000	0.0000	0.0012	0.0011	0.0001	0.0000	0.0000	0.0000	0.0012	0.0011	0.0001	0.0000	0.0000	0.0000	0.0000	0.0000	0.0000	0.0000	0.0000	0.0000	0.0275	0.0137	0.0139	0.0030	0.0026	0.0004	0.0245	0.0110	0.0135
7	60	0.0789	14	2	0	1	0	0	0	1	0	0	1	0	1	0	0	0	0	0	0	Y	N	N	N	N	N	N	N	N	N	N	N	N	N	N	N	N	N	0.0000	0.0000	0.0000	0.0000	0.0000	0.0000	0.0000	0.0000	0.0000	0.0000	0.0000	0.0000	0.0000	0.0000	0.0000	0.0000	0.0000	0.0000	0.0000	0.0000	0.0000	0.0000	0.0000	0.0000	0.0000	0.0000	0.0000			0.0000	0.0000	0.0001	0.0000	6.0395	0.0002	0.0000	0.0000	0.0000	0.0000	0.0000	0.0000	0.0000	0.0000	0.0000	0.0000	0.0000	0.0000	0.0000	0.0000	0.0000	0.0000	0.0000	0.0000	0.0000	0.0000	0.0000	0.0000	0.0000	0.0000	0.0000	0.0000	0.0000	0.0000	0.0000	0.0000	0.0000	0.0000	0.0000	0.0000	0.0000	0.0000
7	61	0.0758	13	2	0	0	0	0	0	0	0	0	1	0	1	0	0	0	0	0	0	Y	N	N	N	N	N	N	N	N	N	N	N	N	N	N	N	N	N	0.0000	0.0000	0.0000	0.0000	0.0000	0.0000	0.0000	0.0000	0.0000	0.0000	0.0000	0.0000	0.0000	0.0000	0.0000	0.0000	0.0000	0.0000	0.0000	0.0001	0.0000	0.0002	0.0002	0.0000	0.0000	0.0000	0.0000		0.0000	0.0000	-0.0000	0.0001	0.0000	6.0395	1.0227	0.0000	0.0000	0.0000	0.0000	0.0000	0.0000	0.0000	0.0000	0.0000	0.0000	0.0000	0.0000	0.0000	0.0000	0.0000	0.0000	0.0000	0.0000	0.0000	0.0000	0.0000	0.0000	0.0000	0.0000	0.0000	0.0000	0.0000	0.0140	0.0077	0.0062	0.0022	0.0020	0.0002	0.0118	0.0057	0.0061
7	62	0.0704	12	2	0	0	0	0	0	0	0	0	1	0	1	0	0	0	0	0	0	Y	N	N	N	N	N	N	N	N	N	N	N	N	N	N	N	N	N	0.0000	0.0000	0.0000	0.0000	0.0000	0.0000	0.0000	0.0000	0.0000	0.0000	0.0000	0.0000	0.0000	0.0000	0.0000	0.0000	0.0000	0.0000	0.0166	0.0331	0.0000	0.1036	0.1084	0.0000	0.0000	0.0000	0.0000		0.0001	0.0000	-0.0002	0.0001	0.4815	6.0395	1.4942	0.0000	0.0000	0.0000	0.0000	0.0000	0.0000	0.0000	0.0000	0.0000	0.0005	0.0005	0.0000	0.0005	0.0005	0.0000	0.0000	0.0000	0.0000	0.0000	0.0000	0.0000	0.0000	0.0000	0.0000	0.0000	0.0000	0.0000	0.0283	0.0142	0.0141	0.0045	0.0043	0.0002	0.0238	0.0099	0.0139
7	63	0.0374	8	2	0	0	0	0	0	0	0	0	2	0	2	0	0	0	0	0	0	Y	N	N	N	N	Y	N	N	N	N	N	N	N	N	N	N	N	N	0.0000	0.0000	0.0000	0.0000	0.0000	0.0000	0.0000	0.0000	0.0000	0.0000	0.0000	0.0000	0.0000	0.0000	0.0000	0.0000	0.0000	0.0000	0.0000	0.0000	0.0000	0.0000	0.0000	0.0000	0.0000	0.0000	0.0000			0.0000	0.0000	0.0001	0.0023	6.0395	3.0060	0.0000	0.0000	0.0000	0.0000	0.0000	0.0000	0.0000	0.0000	0.0000	0.0000	0.0000	0.0000	0.0000	0.0000	0.0000	0.0000	0.0000	0.0000	0.0000	0.0000	0.0000	0.0000	0.0000	0.0000	0.0000	0.0000	0.0000	0.0364	0.0168	0.0196	0.0012	0.0011	0.0001	0.0353	0.0157	0.0195
7	64	0.0345	7	2	0	0	0	1	0	0	0	0	1	0	1	0	0	0	0	0	0	Y	N	N	N	N	N	N	N	N	N	N	N	N	N	N	N	N	N	0.0000	0.0000	0.0000	0.0000	0.0000	0.0000	0.0000	0.0000	0.0000	0.0000	0.0000	0.0000	0.0000	0.0000	0.0000	0.0000	0.0000	0.0000	0.3146	0.3752	0.2624	5.0232	5.3454	0.0000	0.1468	0.0019	0.2634		0.8121	0.0000	-0.0001	0.0001	0.9990	6.0395	0.0212	0.0000	0.0000	0.0000	0.0000	0.0000	0.0000	0.0000	0.0000	0.0000	0.0039	0.0022	0.0018	0.0022	0.0022	0.0000	0.0018	0.0000	0.0018	0.0000	0.0000	0.0000	0.0000	0.0000	0.0000	0.0000	0.0000	0.0000	0.0125	0.0058	0.0067	0.0004	0.0004	0.0000	0.0121	0.0054	0.0067
7	68	0.0923	13	2	0	1	0	0	0	1	0	0	1	1	1	0	0	0	0	0	0	Y	N	N	N	N	N	N	N	N	N	N	N	N	N	N	N	N	N	0.0000	0.0000	0.0000	0.0000	0.0000	0.0000	0.0000	0.0000	0.0000	0.0000	0.0000	0.0000	0.0000	0.0000	0.0000	0.0000	0.0000	0.0000	0.0099	0.0184	0.0000	0.0627	0.0684	0.0001	0.0000	0.0000	0.0000		0.0003	0.0000	-0.0001	0.0001	0.0002	6.0395	1.2554	0.0000	0.0000	0.0000	0.0000	0.0000	0.0000	0.0000	0.0000	0.0000	0.0002	0.0002	0.0000	0.0002	0.0002	0.0000	0.0000	0.0000	0.0000	0.0000	0.0000	0.0000	0.0000	0.0000	0.0000	0.0000	0.0000	0.0000	0.0162	0.0087	0.0075	0.0026	0.0023	0.0002	0.0137	0.0063	0.0073
7	69	0.0736	11	2	0	0	0	0	0	0	0	0	1	0	1	0	0	0	0	0	0	Y	N	N	N	N	N	N	N	N	N	N	N	N	N	N	N	N	N	0.0000	0.0000	0.0000	0.0000	0.0000	0.0000	0.0000	0.0000	0.0000	0.0000	0.0000	0.0000	0.0000	0.0000	0.0000	0.0000	0.0000	0.0000	0.0265	0.0523	0.0000	0.1389	0.1754	0.0000	0.0026	0.0059	0.0000		0.0000	0.0000	-0.0004	0.0001	1.0007	6.0395	1.2584	0.0000	0.0000	0.0000	0.0000	0.0000	0.0000	0.0000	0.0000	0.0000	0.0009	0.0009	0.0000	0.0008	0.0008	0.0000	0.0001	0.0001	0.0000	0.0000	0.0000	0.0000	0.0000	0.0000	0.0000	0.0000	0.0000	0.0000	0.0324	0.0164	0.0160	0.0057	0.0045	0.0012	0.0267	0.0119	0.0148
7	70	0.0595	10	2	0	0	0	1	0	0	0	0	1	0	1	0	0	0	0	0	0	Y	N	N	N	N	N	N	N	N	N	N	N	N	N	N	N	N	N	0.0000	0.0000	0.0000	0.0000	0.0000	0.0000	0.0000	0.0000	0.0000	0.0000	0.0000	0.0000	0.0000	0.0000	0.0000	0.0000	0.0000	0.0000	0.9059	1.8327	0.0231	0.0124	0.0136	0.0000	0.9923	2.1904	0.0235		0.0133	0.0000	-0.0254	0.0001	3.0007	6.0395	1.9606	0.0000	0.0000	0.0000	0.0000	0.0000	0.0000	0.0000	0.0000	0.0000	0.0550	0.0543	0.0007	0.0001	0.0001	0.0000	0.0550	0.0542	0.0007	0.0000	0.0000	0.0000	0.0000	0.0000	0.0000	0.0000	0.0000	0.0000	0.0607	0.0296	0.0311	0.0054	0.0049	0.0005	0.0554	0.0248	0.0306
7	73	0.0923	14	2	0	1	0	0	0	1	0	0	1	1	2	0	0	0	0	0	0	Y	N	N	N	N	Y	N	N	N	N	N	N	N	N	N	N	N	N	0.0000	0.0000	0.0000	0.0000	0.0000	0.0000	0.0000	0.0000	0.0000	0.0000	0.0000	0.0000	0.0000	0.0000	0.0000	0.0000	0.0000	0.0000	0.0000	0.0000	0.0000	0.0000	0.0000	0.0000	0.0000	0.0000	0.0000			0.0000	0.0000	0.0001	0.0000	6.0395	0.0000	0.0000	0.0000	0.0000	0.0000	0.0000	0.0000	0.0000	0.0000	0.0000	0.0000	0.0000	0.0000	0.0000	0.0000	0.0000	0.0000	0.0000	0.0000	0.0000	0.0000	0.0000	0.0000	0.0000	0.0000	0.0000	0.0000	0.0000	0.0000	0.0000	0.0000	0.0000	0.0000	0.0000	0.0000	0.0000	0.0000
7	74	0.0480	8	2	0	1	0	1	0	1	0	0	1	0	1	0	0	0	0	0	0	Y	N	N	N	N	N	N	N	N	N	N	N	N	N	N	N	N	N	0.0000	0.0000	0.0000	0.0000	0.0000	0.0000	0.0000	0.0000	0.0000	0.0000	0.0000	0.0000	0.0000	0.0000	0.0000	0.0000	0.0000	0.0000	0.5887	1.2210	0.0000	0.0039	0.0042	0.0000	0.6382	1.4363	0.0000		0.0000	0.0000	-0.0276	0.0001	2.9595	6.0395	5.1315	0.0000	0.0000	0.0000	0.0000	0.0000	0.0000	0.0000	0.0000	0.0000	0.0583	0.0583	0.0000	0.0000	0.0000	0.0000	0.0583	0.0583	0.0000	0.0000	0.0000	0.0000	0.0000	0.0000	0.0000	0.0000	0.0000	0.0000	0.0990	0.0477	0.0513	0.0077	0.0072	0.0006	0.0913	0.0406	0.0507
7	75	0.0923	14	2	0	0	0	0	0	0	0	0	1	1	2	0	0	0	0	0	0	Y	N	N	N	N	Y	N	N	N	N	N	N	N	N	N	N	N	N	0.0000	0.0000	0.0000	0.0000	0.0000	0.0000	0.0000	0.0000	0.0000	0.0000	0.0000	0.0000	0.0000	0.0000	0.0000	0.0000	0.0000	0.0000	0.0009	0.0014	0.0000	0.0081	0.0096	0.0000	0.0000	0.0000	0.0000		0.0000	0.0000	-0.0000	0.0001	0.0000	6.0395	1.0000	0.0000	0.0000	0.0000	0.0000	0.0000	0.0000	0.0000	0.0000	0.0000	0.0000	0.0000	0.0000	0.0000	0.0000	0.0000	0.0000	0.0000	0.0000	0.0000	0.0000	0.0000	0.0000	0.0000	0.0000	0.0000	0.0000	0.0000	0.0115	0.0069	0.0046	0.0012	0.0010	0.0002	0.0103	0.0059	0.0044
7	76	0.0923	13	2	0	0	0	0	0	0	0	0	2	1	2	0	0	0	0	0	0	Y	N	N	N	N	Y	N	N	N	N	N	N	N	N	N	N	N	N	0.0000	0.0000	0.0000	0.0000	0.0000	0.0000	0.0000	0.0000	0.0000	0.0000	0.0000	0.0000	0.0000	0.0000	0.0000	0.0000	0.0000	0.0000	0.0000	0.0000	0.0000	0.0000	0.0000	0.0000	0.0000	0.0000	0.0000			0.0000	0.0000	0.0001	0.0000	6.0395	0.0000	0.0000	0.0000	0.0000	0.0000	0.0000	0.0000	0.0000	0.0000	0.0000	0.0000	0.0000	0.0000	0.0000	0.0000	0.0000	0.0000	0.0000	0.0000	0.0000	0.0000	0.0000	0.0000	0.0000	0.0000	0.0000	0.0000	0.0000	0.0015	0.0008	0.0007	0.0007	0.0007	0.0000	0.0007	0.0001	0.0007
7	77	0.0704	12	2	0	0	0	0	0	0	0	1	1	1	1	0	0	0	0	0	0	Y	N	N	N	N	N	N	N	N	N	N	N	N	N	N	N	N	N	0.0000	0.0000	0.0000	0.0000	0.0000	0.0000	0.0000	0.0000	0.0000	0.0000	0.0000	0.0000	0.0000	0.0000	0.0000	0.0000	0.0000	0.0000	20.3697	40.9729	0.0000	0.0000	0.0000	0.0002	23.3917	54.2313	0.0000		0.0000	0.0000	-0.4738	0.0001	0.0002	6.0395	3.7635	0.0000	0.0000	0.0000	0.0000	0.0000	0.0000	0.0000	0.0000	0.0000	0.9998	0.9998	0.0000	0.0000	0.0000	0.0000	0.9998	0.9998	0.0000	0.0000	0.0000	0.0000	0.0000	0.0000	0.0000	0.0000	0.0000	0.0000	0.0491	0.0244	0.0247	0.0063	0.0060	0.0004	0.0427	0.0184	0.0243
7	78	0.0646	11	2	0	0	0	1	0	0	0	0	1	0	1	0	0	0	0	0	0	Y	N	N	N	N	N	N	N	N	N	N	N	N	N	N	N	N	N	0.0000	0.0000	0.0000	0.0000	0.0000	0.0000	0.0000	0.0000	0.0000	0.0000	0.0000	0.0000	0.0000	0.0000	0.0000	0.0000	0.0000	0.0000	0.0344	0.0678	0.0032	0.1875	0.2066	0.0000	0.0196	0.0401	0.0032		0.0496	0.0000	-0.0004	0.0001	0.5196	6.0395	1.5432	0.0000	0.0000	0.0000	0.0000	0.0000	0.0000	0.0000	0.0000	0.0000	0.0009	0.0008	0.0000	0.0004	0.0004	0.0000	0.0005	0.0004	0.0000	0.0000	0.0000	0.0000	0.0000	0.0000	0.0000	0.0000	0.0000	0.0000	0.0253	0.0123	0.0131	0.0022	0.0020	0.0002	0.0231	0.0102	0.0129
7	79	0.0580	8	2	0	1	0	0	0	0	0	0	1	0	1	0	0	0	0	0	0	Y	N	N	N	N	N	N	N	N	N	N	N	N	N	N	N	N	N	28.9043	0.0000	60303.6759	0.0000	0.0000	0.0000	21489.4099	0.0000	59035.7345	0.0060	0.0000	0.0376	0.0000	0.0000	0.0000	0.0077	0.0000	0.0377	0.0002	0.0004	0.0000	0.0021	0.0023	0.0000	0.0000	0.0000	0.0000	inf	0.0016	0.0000	-0.0000	0.0001	1.0047	6.0395	3.0004	0.0000	0.0000	0.0000	0.0000	0.0000	0.0000	0.0000	0.0000	0.0000	0.0000	0.0000	0.0000	0.0000	0.0000	0.0000	0.0000	0.0000	0.0000	0.0000	0.0000	0.0000	0.0000	0.0000	0.0000	0.0000	0.0000	0.0000	0.0479	0.0231	0.0249	0.0048	0.0043	0.0006	0.0431	0.0188	0.0243
7	80	0.0473	7	2	0	1	0	0	0	0	0	0	1	0	1	0	0	0	0	0	0	Y	N	N	N	N	N	N	N	N	N	N	N	N	N	N	N	N	N	2.8036	2.0500	0.0000	3.5967	3.5073	0.0000	0.0000	0.0000	0.0000	0.0065	0.0076	0.0000	0.0336	0.0337	0.0000	0.0000	0.0000	0.0000	0.0023	0.0037	0.0004	0.0094	0.0096	0.0000	0.0002	0.0000	0.0004	0.0000	0.0840	-0.0000	-0.0001	0.0001	1.0096	6.0395	2.0672	0.0000	0.0000	0.0000	0.0000	0.0000	0.0000	0.0000	0.0000	0.0000	0.0001	0.0001	0.0000	0.0001	0.0001	0.0000	0.0000	0.0000	0.0000	0.0000	0.0000	0.0000	0.0000	0.0000	0.0000	0.0000	0.0000	0.0000	0.0564	0.0323	0.0242	0.0128	0.0125	0.0003	0.0436	0.0198	0.0238
7	81	0.0402	6	2	0	1	0	1	0	1	0	0	1	0	1	0	0	0	0	0	0	Y	N	N	N	N	N	N	N	N	N	N	N	N	N	N	N	N	N	0.0000	0.0000	0.0000	0.0000	0.0000	0.0000	0.0000	0.0000	0.0000	0.0000	0.0000	0.0000	0.0000	0.0000	0.0000	0.0000	0.0000	0.0000	0.0131	0.0200	0.0067	0.1176	0.1253	0.0001	0.0045	0.0016	0.0068		0.3619	0.0000	-0.0001	0.0001	0.9933	6.0395	1.5154	0.0000	0.0000	0.0000	0.0000	0.0000	0.0000	0.0000	0.0000	0.0000	0.0004	0.0003	0.0001	0.0003	0.0003	0.0000	0.0001	0.0000	0.0001	0.0000	0.0000	0.0000	0.0000	0.0000	0.0000	0.0000	0.0000	0.0000	0.0315	0.0151	0.0163	0.0024	0.0022	0.0001	0.0291	0.0129	0.0162
7	82	0.0174	2	2	0	1	0	0	0	1	0	0	1	0	1	0	0	0	0	0	0	Y	N	N	N	N	N	N	N	N	N	N	N	N	N	N	N	N	N	938.4276	500.5955	0.0000	189.2978	189.2346	0.0000	0.0000	0.0000	0.0000	10.9648	12.9378	0.0000	59.4335	59.4335	0.0000	0.0000	0.0000	0.0000	0.0117	0.0258	0.0000	0.3140	0.3141	0.0000	0.0000	0.0000	0.0000	0.0000	0.0001	-0.0000	-0.0005	0.0001	4.0000	6.0395	3.0004	0.0001	0.0001	0.0000	0.0001	0.0001	0.0000	0.0000	0.0000	0.0000	0.0011	0.0011	0.0000	0.0011	0.0011	0.0000	0.0000	0.0000	0.0000	0.0000	0.0000	0.0000	0.0000	0.0000	0.0000	0.0000	0.0000	0.0000	0.0907	0.0410	0.0497	0.0034	0.0034	0.0000	0.0873	0.0376	0.0497
7	84	0.0569	9	2	0	1	0	1	0	1	0	0	1	0	1	0	0	0	0	0	0	Y	N	N	N	N	N	N	N	N	N	N	N	N	N	N	N	N	N	0.0000	0.0000	0.0000	0.0000	0.0000	0.0000	0.0000	0.0000	0.0000	0.0000	0.0000	0.0000	0.0000	0.0000	0.0000	0.0000	0.0000	0.0000	0.5493	1.1310	0.0000	0.0883	0.0952	0.0000	0.5907	1.3242	0.0000		0.0000	0.0000	-0.0254	0.0001	2.0009	6.0395	6.0608	0.0000	0.0000	0.0000	0.0000	0.0000	0.0000	0.0000	0.0000	0.0000	0.0536	0.0536	0.0000	0.0007	0.0007	0.0000	0.0529	0.0529	0.0000	0.0000	0.0000	0.0000	0.0000	0.0000	0.0000	0.0000	0.0000	0.0000	0.0976	0.0474	0.0502	0.0080	0.0074	0.0006	0.0895	0.0399	0.0496
7	85	0.0429	6	2	0	1	0	0	0	0	0	0	1	0	1	0	0	0	0	0	0	Y	N	N	N	N	N	N	N	N	N	N	N	N	N	N	N	N	N	0.0000	0.0000	0.0000	0.0000	0.0000	0.0000	0.0000	0.0000	0.0000	0.0000	0.0000	0.0000	0.0000	0.0000	0.0000	0.0000	0.0000	0.0000	0.0043	0.0090	0.0000	0.0816	0.0880	0.0001	0.0000	0.0000	0.0000		0.0006	0.0000	-0.0001	0.0001	2.0003	6.0395	2.0390	0.0000	0.0000	0.0000	0.0000	0.0000	0.0000	0.0000	0.0000	0.0000	0.0002	0.0002	0.0000	0.0002	0.0002	0.0000	0.0000	0.0000	0.0000	0.0000	0.0000	0.0000	0.0000	0.0000	0.0000	0.0000	0.0000	0.0000	0.0492	0.0234	0.0258	0.0026	0.0024	0.0002	0.0467	0.0211	0.0256
7	86	0.0356	5	2	0	1	0	1	0	1	0	0	1	0	1	0	0	0	0	0	0	Y	N	N	N	N	N	N	N	N	N	N	N	N	N	N	N	N	N	0.0000	0.0000	0.0000	0.0000	0.0000	0.0000	0.0000	0.0000	0.0000	0.0000	0.0000	0.0000	0.0000	0.0000	0.0000	0.0000	0.0000	0.0000	0.0078	0.0044	0.0107	0.0002	0.0002	0.0000	0.0081	0.0047	0.0108		2.7910	0.0000	0.0000	0.0001	1.0005	6.0395	0.9990	0.0000	0.0000	0.0000	0.0000	0.0000	0.0000	0.0000	0.0000	0.0000	0.0002	0.0001	0.0001	0.0000	0.0000	0.0000	0.0002	0.0000	0.0001	0.0000	0.0000	0.0000	0.0000	0.0000	0.0000	0.0000	0.0000	0.0000	0.0244	0.0113	0.0131	0.0008	0.0008	0.0001	0.0235	0.0105	0.0130
7	89	0.1448	18	2	0	1	0	0	0	0	0	0	1	0	1	0	0	0	0	0	0	Y	N	N	N	N	N	N	N	N	N	N	N	N	N	N	N	N	N	0.0000	0.0000	0.0000	0.0000	0.0000	0.0000	0.0000	0.0000	0.0000	0.0000	0.0000	0.0000	0.0000	0.0000	0.0000	0.0000	0.0000	0.0000	0.0006	0.0011	0.0000	0.0037	0.0040	0.0001	0.0000	0.0000	0.0000		0.0019	0.0000	-0.0000	0.0001	0.0001	6.0395	3.9037	0.0000	0.0000	0.0000	0.0000	0.0000	0.0000	0.0000	0.0000	0.0000	0.0000	0.0000	0.0000	0.0000	0.0000	0.0000	0.0000	0.0000	0.0000	0.0000	0.0000	0.0000	0.0000	0.0000	0.0000	0.0000	0.0000	0.0000	0.0503	0.0270	0.0232	0.0079	0.0074	0.0005	0.0424	0.0197	0.0227
7	90	0.1182	17	2	0	1	0	0	0	0	0	0	1	0	1	0	0	0	0	0	0	Y	N	N	N	N	N	N	N	N	N	N	N	N	N	N	N	N	N	0.0000	0.0000	0.0000	0.0000	0.0000	0.0000	0.0000	0.0000	0.0000	0.0000	0.0000	0.0000	0.0000	0.0000	0.0000	0.0000	0.0000	0.0000	0.0003	0.0005	0.0002	0.0008	0.0010	0.0000	0.0002	0.0002	0.0002		0.3269	0.0000	-0.0000	0.0001	1.0001	6.0395	8.1987	0.0000	0.0000	0.0000	0.0000	0.0000	0.0000	0.0000	0.0000	0.0000	0.0000	0.0000	0.0000	0.0000	0.0000	0.0000	0.0000	0.0000	0.0000	0.0000	0.0000	0.0000	0.0000	0.0000	0.0000	0.0000	0.0000	0.0000	0.1253	0.0661	0.0592	0.0251	0.0201	0.0050	0.1002	0.0461	0.0542
7	91	0.0318	2	2	0	1	0	0	0	0	0	0	1	0	1	0	0	0	0	0	0	Y	N	N	N	N	N	N	N	N	N	N	N	N	N	N	N	N	N	26.9024	26.1909	40.0512	6.8744	6.6282	0.0000	19.6559	0.0000	39.9872	0.0440	0.0363	0.0742	0.1125	0.1126	0.0000	0.0203	0.0000	0.0743	0.0016	0.0014	0.0019	0.0164	0.0170	0.0002	0.0010	0.0000	0.0019	0.5212	1.5425	-0.0000	0.0000	0.0001	1.0071	6.0395	9.1029	0.0000	0.0000	0.0000	0.0000	0.0000	0.0000	0.0000	0.0000	0.0000	0.0002	0.0001	0.0001	0.0001	0.0001	0.0000	0.0001	0.0000	0.0001	0.0000	0.0000	0.0000	0.0000	0.0000	0.0000	0.0000	0.0000	0.0000	0.1257	0.0584	0.0674	0.0049	0.0048	0.0002	0.1208	0.0536	0.0672
7	104	0.1055	15	2	0	1	0	1	0	1	0	0	1	0	1	0	0	0	0	0	0	Y	N	N	N	N	N	N	N	N	N	N	N	N	N	N	N	N	N	0.0000	0.0000	0.0000	0.0000	0.0000	0.0000	0.0000	0.0000	0.0000	0.0000	0.0000	0.0000	0.0000	0.0000	0.0000	0.0000	0.0000	0.0000	35.0269	64.7173	0.0000	0.0000	0.0000	0.0000	42.6386	89.5389	0.0000		0.0000	0.0000	-0.4739	0.0001	1.0000	6.0395	1.0715	0.0000	0.0000	0.0000	0.0000	0.0000	0.0000	0.0000	0.0000	0.0000	1.0000	1.0000	0.0000	0.0000	0.0000	0.0000	1.0000	1.0000	0.0000	0.0000	0.0000	0.0000	0.0000	0.0000	0.0000	0.0000	0.0000	0.0000	0.0285	0.0155	0.0131	0.0051	0.0043	0.0008	0.0235	0.0112	0.0123
7	105	0.1055	16	1	0	0	0	0	0	0	0	0	2	0	2	0	0	0	0	0	0	N	N	N	N	N	Y	N	N	N	N	N	N	N	N	N	N	N	N	0.0000	0.0000	0.0000	0.0000	0.0000	0.0000	0.0000	0.0000	0.0000	0.0000	0.0000	0.0000	0.0000	0.0000	0.0000	0.0000	0.0000	0.0000	0.0006	0.0011	0.0000	0.0029	0.0033	0.0000	0.0000	0.0000	0.0000		0.0000	0.0000	-0.0000	0.0001	0.0000	6.0395	1.0001	0.0000	0.0000	0.0000	0.0000	0.0000	0.0000	0.0000	0.0000	0.0000	0.0000	0.0000	0.0000	0.0000	0.0000	0.0000	0.0000	0.0000	0.0000	0.0000	0.0000	0.0000	0.0000	0.0000	0.0000	0.0000	0.0000	0.0000	0.0158	0.0093	0.0064	0.0034	0.0030	0.0004	0.0123	0.0063	0.0061
7	106	0.0874	16	1	0	0	0	0	0	0	0	0	2	0	2	0	0	0	0	0	0	N	N	N	N	N	Y	N	N	N	N	N	N	N	N	N	N	N	N	0.0000	0.0000	0.0000	0.0000	0.0000	0.0000	0.0000	0.0000	0.0000	0.0000	0.0000	0.0000	0.0000	0.0000	0.0000	0.0000	0.0000	0.0000	0.0000	0.0000	0.0000	0.0000	0.0000	0.0000	0.0000	0.0000	0.0000			0.0000	0.0000	0.0001	0.0000	6.0395	0.0000	0.0000	0.0000	0.0000	0.0000	0.0000	0.0000	0.0000	0.0000	0.0000	0.0000	0.0000	0.0000	0.0000	0.0000	0.0000	0.0000	0.0000	0.0000	0.0000	0.0000	0.0000	0.0000	0.0000	0.0000	0.0000	0.0000	0.0000	0.0000	0.0000	0.0000	0.0000	0.0000	0.0000	0.0000	0.0000	0.0000
7	107	0.0959	20	1	0	0	0	0	0	0	0	0	2	0	2	0	0	0	0	0	0	N	N	N	N	N	Y	N	N	N	N	N	N	N	N	N	N	N	N	0.0000	0.0000	0.0000	0.0000	0.0000	0.0000	0.0000	0.0000	0.0000	0.0000	0.0000	0.0000	0.0000	0.0000	0.0000	0.0000	0.0000	0.0000	0.0000	0.0000	0.0000	0.0000	0.0000	0.0000	0.0000	0.0000	0.0000			0.0000	0.0000	0.0001	0.0000	6.0395	0.0000	0.0000	0.0000	0.0000	0.0000	0.0000	0.0000	0.0000	0.0000	0.0000	0.0000	0.0000	0.0000	0.0000	0.0000	0.0000	0.0000	0.0000	0.0000	0.0000	0.0000	0.0000	0.0000	0.0000	0.0000	0.0000	0.0000	0.0000	0.0000	0.0000	0.0000	0.0000	0.0000	0.0000	0.0000	0.0000	0.0000
7	113	0.0824	14	2	0	1	0	0	0	0	0	0	1	1	1	0	0	0	0	0	0	Y	N	N	N	N	N	N	N	N	N	N	N	N	N	N	N	N	N	0.0000	0.0000	0.0000	0.0000	0.0000	0.0000	0.0000	0.0000	0.0000	0.0000	0.0000	0.0000	0.0000	0.0000	0.0000	0.0000	0.0000	0.0000	0.0000	0.0000	0.0000	0.0000	0.0000	0.0000	0.0000	0.0000	0.0000			0.0000	0.0000	0.0001	0.0000	6.0395	1.0000	0.0000	0.0000	0.0000	0.0000	0.0000	0.0000	0.0000	0.0000	0.0000	0.0000	0.0000	0.0000	0.0000	0.0000	0.0000	0.0000	0.0000	0.0000	0.0000	0.0000	0.0000	0.0000	0.0000	0.0000	0.0000	0.0000	0.0000	0.0119	0.0060	0.0059	0.0015	0.0010	0.0005	0.0104	0.0050	0.0054
7	114	0.0767	13	2	0	1	0	1	0	1	0	1	1	1	1	0	0	0	0	0	0	Y	N	N	N	N	N	N	N	N	N	N	N	N	N	N	N	N	N	0.0000	0.0000	0.0000	0.0000	0.0000	0.0000	0.0000	0.0000	0.0000	0.0000	0.0000	0.0000	0.0000	0.0000	0.0000	0.0000	0.0000	0.0000	0.0000	0.0000	0.0000	0.0000	0.0000	0.0000	0.0000	0.0000	0.0000			0.0000	0.0000	0.0001	0.0000	6.0395	1.0009	0.0000	0.0000	0.0000	0.0000	0.0000	0.0000	0.0000	0.0000	0.0000	0.0000	0.0000	0.0000	0.0000	0.0000	0.0000	0.0000	0.0000	0.0000	0.0000	0.0000	0.0000	0.0000	0.0000	0.0000	0.0000	0.0000	0.0000	0.0354	0.0276	0.0078	0.0130	0.0126	0.0004	0.0224	0.0150	0.0074
7	115	0.1182	17	2	0	1	0	0	0	0	0	0	1	0	1	0	0	0	0	0	0	Y	N	N	N	N	N	N	N	N	N	N	N	N	N	N	N	N	N	0.0000	0.0000	0.0000	0.0000	0.0000	0.0000	0.0000	0.0000	0.0000	0.0000	0.0000	0.0000	0.0000	0.0000	0.0000	0.0000	0.0000	0.0000	0.0002	0.0003	0.0000	0.0008	0.0010	0.0000	0.0000	0.0000	0.0000		0.0013	0.0000	-0.0000	0.0001	0.9998	6.0395	6.9031	0.0000	0.0000	0.0000	0.0000	0.0000	0.0000	0.0000	0.0000	0.0000	0.0000	0.0000	0.0000	0.0000	0.0000	0.0000	0.0000	0.0000	0.0000	0.0000	0.0000	0.0000	0.0000	0.0000	0.0000	0.0000	0.0000	0.0000	0.1113	0.0593	0.0519	0.0240	0.0191	0.0049	0.0873	0.0403	0.0470
7	116	0.1055	16	2	0	1	0	1	0	1	0	0	1	0	1	0	0	0	0	0	0	Y	N	N	N	N	N	N	N	N	N	N	N	N	N	N	N	N	N	0.0000	0.0000	0.0000	0.0000	0.0000	0.0000	0.0000	0.0000	0.0000	0.0000	0.0000	0.0000	0.0000	0.0000	0.0000	0.0000	0.0000	0.0000	0.0006	0.0007	0.0004	0.0012	0.0015	0.0000	0.0004	0.0005	0.0004		0.4993	0.0000	-0.0000	0.0001	0.0012	6.0395	4.2539	0.0000	0.0000	0.0000	0.0000	0.0000	0.0000	0.0000	0.0000	0.0000	0.0000	0.0000	0.0000	0.0000	0.0000	0.0000	0.0000	0.0000	0.0000	0.0000	0.0000	0.0000	0.0000	0.0000	0.0000	0.0000	0.0000	0.0000	0.0543	0.0278	0.0264	0.0085	0.0068	0.0017	0.0458	0.0210	0.0248
7	119	0.0874	16	2	0	1	0	1	0	0	0	0	1	1	1	0	0	0	0	0	0	Y	N	N	N	N	N	N	N	N	N	N	N	N	N	N	N	N	N	0.0000	0.0000	0.0000	0.0000	0.0000	0.0000	0.0000	0.0000	0.0000	0.0000	0.0000	0.0000	0.0000	0.0000	0.0000	0.0000	0.0000	0.0000	0.0000	0.0000	0.0000	0.0000	0.0000	0.0000	0.0000	0.0000	0.0000			0.0000	0.0000	0.0001	0.0000	6.0395	0.0000	0.0000	0.0000	0.0000	0.0000	0.0000	0.0000	0.0000	0.0000	0.0000	0.0000	0.0000	0.0000	0.0000	0.0000	0.0000	0.0000	0.0000	0.0000	0.0000	0.0000	0.0000	0.0000	0.0000	0.0000	0.0000	0.0000	0.0000	0.0000	0.0000	0.0000	0.0000	0.0000	0.0000	0.0000	0.0000	0.0000
8	16	0.0370	4	2	0	1	1	0	0	0	0	0	0	2	1	0	0	0	0	0	0	Y	N	N	N	Y	N	N	N	N	N	N	N	N	N	N	N	N	N	0.0000	0.0000	0.0000	0.0000	0.0000	0.0000	0.0000	0.0000	0.0000	0.0000	0.0000	0.0000	0.0000	0.0000	0.0000	0.0000	0.0000	0.0000	0.0000	0.0000	0.0000	0.0000	0.0000	0.0000	0.0000	0.0000	0.0000			0.0000	0.0000	0.0001	0.0000	4.0617	1.0000	0.0000	0.0000	0.0000	0.0000	0.0000	0.0000	0.0000	0.0000	0.0000	0.0000	0.0000	0.0000	0.0000	0.0000	0.0000	0.0000	0.0000	0.0000	0.0000	0.0000	0.0000	0.0000	0.0000	0.0000	0.0000	0.0000	0.0000	0.0064	0.0031	0.0034	0.0007	0.0005	0.0002	0.0058	0.0026	0.0032
8	30	0.1035	17	2	0	1	1	0	0	0	1	0	1	2	1	0	0	0	0	0	0	Y	N	N	N	Y	N	N	N	N	N	N	N	N	N	N	N	N	N	0.0000	0.0000	0.0000	0.0000	0.0000	0.0000	0.0000	0.0000	0.0000	0.0000	0.0000	0.0000	0.0000	0.0000	0.0000	0.0000	0.0000	0.0000	0.0017	0.0027	0.0000	0.0078	0.0084	0.0000	0.0000	0.0000	0.0000		0.0000	0.0000	-0.0000	0.0001	0.0002	4.0617	1.1973	0.0000	0.0000	0.0000	0.0000	0.0000	0.0000	0.0000	0.0000	0.0000	0.0000	0.0000	0.0000	0.0000	0.0000	0.0000	0.0000	0.0000	0.0000	0.0000	0.0000	0.0000	0.0000	0.0000	0.0000	0.0000	0.0000	0.0000	0.0119	0.0074	0.0045	0.0026	0.0024	0.0002	0.0094	0.0051	0.0043
8	31	0.0797	16	2	0	1	0	1	0	0	0	1	0	2	0	0	0	0	0	0	0	Y	N	N	N	Y	N	N	N	N	N	N	N	N	N	N	N	N	N	0.0000	0.0000	0.0000	0.0000	0.0000	0.0000	0.0000	0.0000	0.0000	0.0000	0.0000	0.0000	0.0000	0.0000	0.0000	0.0000	0.0000	0.0000	0.0010	0.0013	0.0006	0.0022	0.0025	0.0000	0.0007	0.0008	0.0007		0.5011	0.0000	-0.0000	0.0001	2.0002	4.0617	1.8085	0.0000	0.0000	0.0000	0.0000	0.0000	0.0000	0.0000	0.0000	0.0000	0.0000	0.0000	0.0000	0.0000	0.0000	0.0000	0.0000	0.0000	0.0000	0.0000	0.0000	0.0000	0.0000	0.0000	0.0000	0.0000	0.0000	0.0000	0.0313	0.0159	0.0155	0.0045	0.0040	0.0005	0.0268	0.0119	0.0150
8	37	0.0232	5	2	0	1	1	0	0	0	1	0	1	2	1	0	0	0	0	0	0	Y	N	N	N	Y	N	N	N	N	N	N	N	N	N	N	N	N	N	0.0000	0.0000	0.0000	0.0000	0.0000	0.0000	0.0000	0.0000	0.0000	0.0000	0.0000	0.0000	0.0000	0.0000	0.0000	0.0000	0.0000	0.0000	0.0000	0.0000	0.0000	0.0000	0.0000	0.0000	0.0000	0.0000	0.0000			0.0000	0.0000	0.0001	0.0000	4.0617	2.0000	0.0000	0.0000	0.0000	0.0000	0.0000	0.0000	0.0000	0.0000	0.0000	0.0000	0.0000	0.0000	0.0000	0.0000	0.0000	0.0000	0.0000	0.0000	0.0000	0.0000	0.0000	0.0000	0.0000	0.0000	0.0000	0.0000	0.0000	0.0174	0.0083	0.0092	0.0009	0.0008	0.0000	0.0166	0.0074	0.0091
8	38	0.0275	7	2	0	1	0	0	0	0	0	0	1	2	1	0	0	0	0	0	0	Y	N	N	N	Y	N	N	N	N	N	N	N	N	N	N	N	N	N	0.0000	0.0000	0.0000	0.0000	0.0000	0.0000	0.0000	0.0000	0.0000	0.0000	0.0000	0.0000	0.0000	0.0000	0.0000	0.0000	0.0000	0.0000	0.0794	0.1582	0.0000	0.1997	0.1997	0.0000	0.0000	0.0000	0.0000		0.0000	0.0000	-0.0003	0.0001	0.0000	4.0617	0.4891	0.0000	0.0000	0.0000	0.0000	0.0000	0.0000	0.0000	0.0000	0.0000	0.0007	0.0007	0.0000	0.0007	0.0007	0.0000	0.0000	0.0000	0.0000	0.0000	0.0000	0.0000	0.0000	0.0000	0.0000	0.0000	0.0000	0.0000	0.0086	0.0043	0.0043	0.0034	0.0034	0.0000	0.0051	0.0009	0.0043
8	39	0.0260	6	2	0	1	0	0	0	0	0	0	0	2	0	0	0	0	0	0	0	Y	N	N	N	Y	N	N	N	N	N	N	N	N	N	N	N	N	N	0.0000	0.0000	0.0000	0.0000	0.0000	0.0000	0.0000	0.0000	0.0000	0.0000	0.0000	0.0000	0.0000	0.0000	0.0000	0.0000	0.0000	0.0000	0.1520	0.3176	0.0015	2.2619	2.3169	0.0000	0.0009	0.0000	0.0015		0.0053	0.0000	-0.0003	0.0001	0.0000	4.0617	0.5132	0.0000	0.0000	0.0000	0.0000	0.0000	0.0000	0.0000	0.0000	0.0000	0.0007	0.0007	0.0000	0.0007	0.0007	0.0000	0.0000	0.0000	0.0000	0.0000	0.0000	0.0000	0.0000	0.0000	0.0000	0.0000	0.0000	0.0000	0.0047	0.0022	0.0024	0.0003	0.0003	0.0000	0.0044	0.0019	0.0024
8	42	0.0370	3	2	0	1	1	0	0	0	1	0	0	2	1	0	0	0	0	0	0	Y	N	N	N	Y	N	N	N	N	N	N	N	N	N	N	N	N	N	0.0000	0.0000	0.0000	0.0000	0.0000	0.0000	0.0000	0.0000	0.0000	0.0000	0.0000	0.0000	0.0000	0.0000	0.0000	0.0000	0.0000	0.0000	0.0000	0.0000	0.0000	0.0000	0.0000	0.0000	0.0000	0.0000	0.0000			0.0000	0.0000	0.0001	0.0001	4.0617	0.0001	0.0000	0.0000	0.0000	0.0000	0.0000	0.0000	0.0000	0.0000	0.0000	0.0000	0.0000	0.0000	0.0000	0.0000	0.0000	0.0000	0.0000	0.0000	0.0000	0.0000	0.0000	0.0000	0.0000	0.0000	0.0000	0.0000	0.0000	0.0041	0.0035	0.0007	0.0024	0.0021	0.0003	0.0017	0.0014	0.0004
8	44	0.0144	2	2	0	1	0	0	0	0	0	0	1	2	1	0	0	0	0	0	0	Y	N	N	N	Y	N	N	N	N	N	N	N	N	N	N	N	N	N	0.0000	0.0000	0.0000	0.0000	0.0000	0.0000	0.0000	0.0000	0.0000	0.0000	0.0000	0.0000	0.0000	0.0000	0.0000	0.0000	0.0000	0.0000	0.0784	0.1595	0.0028	0.7901	0.7916	0.0114	0.0019	0.0008	0.0027		0.0185	0.0000	-0.0028	0.0001	2.9998	4.0617	4.8980	0.0000	0.0000	0.0000	0.0000	0.0000	0.0000	0.0000	0.0000	0.0000	0.0061	0.0060	0.0001	0.0060	0.0060	0.0000	0.0001	0.0000	0.0001	0.0000	0.0000	0.0000	0.0000	0.0000	0.0000	0.0000	0.0000	0.0000	0.0778	0.0376	0.0403	0.0076	0.0075	0.0000	0.0703	0.0300	0.0403
8	55	0.0260	6	2	0	1	0	0	0	0	0	0	1	2	1	0	0	0	0	0	0	Y	N	N	N	Y	N	N	N	N	N	N	N	N	N	N	N	N	N	0.0000	0.0000	0.0000	0.0000	0.0000	0.0000	0.0000	0.0000	0.0000	0.0000	0.0000	0.0000	0.0000	0.0000	0.0000	0.0000	0.0000	0.0000	0.0009	0.0000	0.0016	0.0000	0.0000	0.0000	0.0009	0.0000	0.0016		inf	0.0000	0.0000	0.0001	0.0000	4.0617	1.0065	0.0000	0.0000	0.0000	0.0000	0.0000	0.0000	0.0000	0.0000	0.0000	0.0000	0.0000	0.0000	0.0000	0.0000	0.0000	0.0000	0.0000	0.0000	0.0000	0.0000	0.0000	0.0000	0.0000	0.0000	0.0000	0.0000	0.0000	0.0090	0.0043	0.0047	0.0005	0.0005	0.0000	0.0085	0.0038	0.0047
8	56	0.0232	5	2	0	1	0	0	0	0	0	0	0	2	0	0	0	0	0	0	0	Y	N	N	N	Y	N	N	N	N	N	N	N	N	N	N	N	N	N	0.0000	0.0000	0.0000	0.0000	0.0000	0.0000	0.0000	0.0000	0.0000	0.0000	0.0000	0.0000	0.0000	0.0000	0.0000	0.0000	0.0000	0.0000	0.0010	0.0018	0.0002	0.0174	0.0180	0.0000	0.0001	0.0000	0.0002		0.0968	0.0000	-0.0000	0.0001	0.0000	4.0617	1.0047	0.0000	0.0000	0.0000	0.0000	0.0000	0.0000	0.0000	0.0000	0.0000	0.0000	0.0000	0.0000	0.0000	0.0000	0.0000	0.0000	0.0000	0.0000	0.0000	0.0000	0.0000	0.0000	0.0000	0.0000	0.0000	0.0000	0.0000	0.0088	0.0042	0.0046	0.0004	0.0004	0.0000	0.0084	0.0038	0.0046
8	57	0.0232	4	2	0	1	0	0	0	0	0	1	0	2	0	0	0	0	0	0	0	Y	N	N	N	Y	N	N	N	N	N	N	N	N	N	N	N	N	N	0.0000	0.0000	0.0000	0.0000	0.0000	0.0000	0.0000	0.0000	0.0000	0.0000	0.0000	0.0000	0.0000	0.0000	0.0000	0.0000	0.0000	0.0000	0.0000	0.0000	0.0000	0.0000	0.0000	0.0000	0.0000	0.0000	0.0000			0.0000	0.0000	0.0001	0.0000	4.0617	0.0000	0.0000	0.0000	0.0000	0.0000	0.0000	0.0000	0.0000	0.0000	0.0000	0.0000	0.0000	0.0000	0.0000	0.0000	0.0000	0.0000	0.0000	0.0000	0.0000	0.0000	0.0000	0.0000	0.0000	0.0000	0.0000	0.0000	0.0000	0.0000	0.0000	0.0000	0.0000	0.0000	0.0000	0.0000	0.0000	0.0000
8	61	0.0202	3	2	0	1	0	0	0	0	0	0	0	1	0	0	0	0	0	0	0	Y	N	N	N	N	N	N	N	N	N	N	N	N	N	N	N	N	N	0.0000	0.0000	0.0000	0.0000	0.0000	0.0000	0.0000	0.0000	0.0000	0.0000	0.0000	0.0000	0.0000	0.0000	0.0000	0.0000	0.0000	0.0000	0.0015	0.0022	0.0006	0.0095	0.0096	0.0001	0.0003	0.0000	0.0006		0.2221	0.0000	-0.0000	0.0001	0.0000	4.0617	1.0227	0.0000	0.0000	0.0000	0.0000	0.0000	0.0000	0.0000	0.0000	0.0000	0.0000	0.0000	0.0000	0.0000	0.0000	0.0000	0.0000	0.0000	0.0000	0.0000	0.0000	0.0000	0.0000	0.0000	0.0000	0.0000	0.0000	0.0000	0.0109	0.0060	0.0049	0.0014	0.0014	0.0000	0.0095	0.0046	0.0049
8	63	0.0814	18	2	0	1	0	0	0	0	0	0	1	1	1	0	0	0	0	0	0	Y	N	N	N	N	N	N	N	N	N	N	N	N	N	N	N	N	N	0.0000	0.0000	0.0000	0.0000	0.0000	0.0000	0.0000	0.0000	0.0000	0.0000	0.0000	0.0000	0.0000	0.0000	0.0000	0.0000	0.0000	0.0000	0.0000	0.0000	0.0000	0.0000	0.0000	0.0000	0.0000	0.0000	0.0000			0.0000	0.0000	0.0001	0.0023	4.0617	3.0060	0.0000	0.0000	0.0000	0.0000	0.0000	0.0000	0.0000	0.0000	0.0000	0.0000	0.0000	0.0000	0.0000	0.0000	0.0000	0.0000	0.0000	0.0000	0.0000	0.0000	0.0000	0.0000	0.0000	0.0000	0.0000	0.0000	0.0000	0.0254	0.0128	0.0126	0.0033	0.0030	0.0003	0.0220	0.0098	0.0123
8	64	0.0786	17	2	0	1	0	1	0	0	0	0	0	1	0	0	0	0	0	0	0	Y	N	N	N	N	N	N	N	N	N	N	N	N	N	N	N	N	N	0.0000	0.0000	0.0000	0.0000	0.0000	0.0000	0.0000	0.0000	0.0000	0.0000	0.0000	0.0000	0.0000	0.0000	0.0000	0.0000	0.0000	0.0000	0.0036	0.0023	0.0049	0.0000	0.0000	0.0000	0.0041	0.0030	0.0051		2.1394	0.0000	0.0000	0.0001	0.9990	4.0617	0.0212	0.0000	0.0000	0.0000	0.0000	0.0000	0.0000	0.0000	0.0000	0.0000	0.0000	0.0000	0.0000	0.0000	0.0000	0.0000	0.0000	0.0000	0.0000	0.0000	0.0000	0.0000	0.0000	0.0000	0.0000	0.0000	0.0000	0.0000	0.0087	0.0044	0.0043	0.0012	0.0011	0.0001	0.0076	0.0034	0.0042
8	69	0.0506	7	2	0	1	0	0	0	0	0	0	0	1	0	0	0	0	0	0	0	Y	N	N	N	N	N	N	N	N	N	N	N	N	N	N	N	N	N	0.0000	0.0000	0.0000	0.0000	0.0000	0.0000	0.0000	0.0000	0.0000	0.0000	0.0000	0.0000	0.0000	0.0000	0.0000	0.0000	0.0000	0.0000	0.0000	0.0000	0.0000	0.0000	0.0000	0.0000	0.0000	0.0000	0.0000			0.0000	-0.0000	0.0001	1.0007	4.0617	1.2584	0.0000	0.0000	0.0000	0.0000	0.0000	0.0000	0.0000	0.0000	0.0000	0.0000	0.0000	0.0000	0.0000	0.0000	0.0000	0.0000	0.0000	0.0000	0.0000	0.0000	0.0000	0.0000	0.0000	0.0000	0.0000	0.0000	0.0000	0.0227	0.0114	0.0113	0.0036	0.0028	0.0008	0.0191	0.0086	0.0106
8	70	0.0365	6	2	0	1	0	1	0	0	0	0	0	1	0	0	0	0	0	0	0	Y	N	N	N	N	N	N	N	N	N	N	N	N	N	N	N	N	N	0.0000	0.0000	0.0000	0.0000	0.0000	0.0000	0.0000	0.0000	0.0000	0.0000	0.0000	0.0000	0.0000	0.0000	0.0000	0.0000	0.0000	0.0000	0.0000	0.0000	0.0000	0.0000	0.0000	0.0000	0.0000	0.0000	0.0000		inf	0.0000	0.0000	0.0001	3.0007	4.0617	1.9606	0.0000	0.0000	0.0000	0.0000	0.0000	0.0000	0.0000	0.0000	0.0000	0.0000	0.0000	0.0000	0.0000	0.0000	0.0000	0.0000	0.0000	0.0000	0.0000	0.0000	0.0000	0.0000	0.0000	0.0000	0.0000	0.0000	0.0000	0.0429	0.0206	0.0223	0.0030	0.0028	0.0002	0.0399	0.0178	0.0221
8	71	0.1643	13	1	0	1	0	0	0	0	0	1	0	2	0	0	0	0	0	0	0	N	N	N	N	Y	N	N	N	N	N	N	N	N	N	N	N	N	N	0.0000	0.0000	0.0000	0.0000	0.0000	0.0000	0.0000	0.0000	0.0000	0.0000	0.0000	0.0000	0.0000	0.0000	0.0000	0.0000	0.0000	0.0000	3.2908	5.3380	0.0001	0.0404	0.0455	0.0000	5.1019	10.9510	0.0001		0.0000	0.0000	-0.4679	0.0001	6.1029	4.0617	20.9537	0.0000	0.0000	0.0000	0.0000	0.0000	0.0000	0.0000	0.0000	0.0000	0.9872	0.9872	0.0000	0.0043	0.0043	0.0000	0.9828	0.9828	0.0000	0.0000	0.0000	0.0000	0.0000	0.0000	0.0000	0.0000	0.0000	0.0000	0.3000	0.1849	0.1151	0.1073	0.0952	0.0122	0.1926	0.0897	0.1029
8	75	0.0474	6	2	0	1	0	0	0	0	0	0	0	2	1	0	0	0	0	0	0	Y	N	N	N	Y	N	N	N	N	N	N	N	N	N	N	N	N	N	0.0000	0.0000	0.0000	0.0000	0.0000	0.0000	0.0000	0.0000	0.0000	0.0000	0.0000	0.0000	0.0000	0.0000	0.0000	0.0000	0.0000	0.0000	0.0000	0.0000	0.0000	0.0000	0.0000	0.0000	0.0000	0.0000	0.0000			0.0000	0.0000	0.0001	0.0000	4.0617	1.0000	0.0000	0.0000	0.0000	0.0000	0.0000	0.0000	0.0000	0.0000	0.0000	0.0000	0.0000	0.0000	0.0000	0.0000	0.0000	0.0000	0.0000	0.0000	0.0000	0.0000	0.0000	0.0000	0.0000	0.0000	0.0000	0.0000	0.0000	0.0080	0.0047	0.0033	0.0006	0.0005	0.0001	0.0074	0.0042	0.0032
8	76	0.0474	5	2	0	1	0	0	0	0	0	0	1	2	1	0	0	0	0	0	0	Y	N	N	N	Y	N	N	N	N	N	N	N	N	N	N	N	N	N	0.0000	0.0000	0.0000	0.0000	0.0000	0.0000	0.0000	0.0000	0.0000	0.0000	0.0000	0.0000	0.0000	0.0000	0.0000	0.0000	0.0000	0.0000	0.0000	0.0000	0.0000	0.0000	0.0000	0.0000	0.0000	0.0000	0.0000			0.0000	0.0000	0.0001	0.0000	4.0617	0.0000	0.0000	0.0000	0.0000	0.0000	0.0000	0.0000	0.0000	0.0000	0.0000	0.0000	0.0000	0.0000	0.0000	0.0000	0.0000	0.0000	0.0000	0.0000	0.0000	0.0000	0.0000	0.0000	0.0000	0.0000	0.0000	0.0000	0.0000	0.0010	0.0006	0.0004	0.0005	0.0005	0.0000	0.0005	0.0000	0.0004
8	77	0.0256	4	2	0	1	0	0	0	0	0	1	0	2	0	0	0	0	0	0	0	Y	N	N	N	Y	N	N	N	N	N	N	N	N	N	N	N	N	N	0.0000	0.0000	0.0000	0.0000	0.0000	0.0000	0.0000	0.0000	0.0000	0.0000	0.0000	0.0000	0.0000	0.0000	0.0000	0.0000	0.0000	0.0000	0.0071	0.0130	0.0016	0.0003	0.0003	0.0000	0.0078	0.0160	0.0017		0.1363	0.0000	-0.0001	0.0001	0.0002	4.0617	3.7635	0.0000	0.0000	0.0000	0.0000	0.0000	0.0000	0.0000	0.0000	0.0000	0.0002	0.0002	0.0000	0.0000	0.0000	0.0000	0.0002	0.0002	0.0000	0.0000	0.0000	0.0000	0.0000	0.0000	0.0000	0.0000	0.0000	0.0000	0.0351	0.0169	0.0183	0.0033	0.0032	0.0002	0.0318	0.0137	0.0181
8	93	0.0786	14	2	0	1	0	0	0	0	0	0	0	1	0	0	0	0	0	0	0	Y	N	N	N	N	N	N	N	N	N	N	N	N	N	N	N	N	N	0.0000	0.0000	0.0000	0.0000	0.0000	0.0000	0.0000	0.0000	0.0000	0.0000	0.0000	0.0000	0.0000	0.0000	0.0000	0.0000	0.0000	0.0000	0.0000	0.0000	0.0000	0.0000	0.0000	0.0003	0.0000	0.0000	0.0000		0.8405	0.0000	-0.0000	0.0001	0.0001	4.0617	0.0783	0.0000	0.0000	0.0000	0.0000	0.0000	0.0000	0.0000	0.0000	0.0000	0.0000	0.0000	0.0000	0.0000	0.0000	0.0000	0.0000	0.0000	0.0000	0.0000	0.0000	0.0000	0.0000	0.0000	0.0000	0.0000	0.0000	0.0000	0.0017	0.0009	0.0008	0.0006	0.0006	0.0000	0.0011	0.0003	0.0008
8	94	0.0700	13	2	0	1	0	1	0	0	0	0	0	1	0	0	0	0	0	0	0	Y	N	N	N	N	N	N	N	N	N	N	N	N	N	N	N	N	N	0.0000	0.0000	0.0000	0.0000	0.0000	0.0000	0.0000	0.0000	0.0000	0.0000	0.0000	0.0000	0.0000	0.0000	0.0000	0.0000	0.0000	0.0000	0.0000	0.0000	0.0000	0.0000	0.0000	0.0000	0.0000	0.0000	0.0000		0.0000	0.0000	-0.0000	0.0001	0.0004	4.0617	2.9660	0.0000	0.0000	0.0000	0.0000	0.0000	0.0000	0.0000	0.0000	0.0000	0.0000	0.0000	0.0000	0.0000	0.0000	0.0000	0.0000	0.0000	0.0000	0.0000	0.0000	0.0000	0.0000	0.0000	0.0000	0.0000	0.0000	0.0000	0.0252	0.0128	0.0124	0.0032	0.0029	0.0003	0.0220	0.0098	0.0121
9	16	0.0779	14	1	0	0	1	0	0	0	0	0	1	1	2	0	0	0	0	0	0	N	N	N	N	N	Y	N	N	N	N	N	N	N	N	N	N	N	N	0.0000	0.0000	0.0000	0.0000	0.0000	0.0000	0.0000	0.0000	0.0000	0.0000	0.0000	0.0000	0.0000	0.0000	0.0000	0.0000	0.0000	0.0000	0.0000	0.0000	0.0000	0.0000	0.0000	0.0000	0.0000	0.0000	0.0000			0.0000	0.0000	0.0000	0.0000	2.0000	1.0000	0.0000	0.0000	0.0000	0.0000	0.0000	0.0000	0.0000	0.0000	0.0000	0.0000	0.0000	0.0000	0.0000	0.0000	0.0000	0.0000	0.0000	0.0000	0.0000	0.0000	0.0000	0.0000	0.0000	0.0000	0.0000	0.0000	0.0000	0.0029	0.0014	0.0015	0.0003	0.0002	0.0001	0.0025	0.0012	0.0014
9	24	0.1078	22	0	0	1	0	0	0	1	0	0	2	0	2	0	0	0	0	0	0	N	N	N	N	N	Y	N	N	N	N	N	N	N	N	N	N	N	N	0.0000	0.0000	0.0000	0.0000	0.0000	0.0000	0.0000	0.0000	0.0000	0.0000	0.0000	0.0000	0.0000	0.0000	0.0000	0.0000	0.0000	0.0000	0.0054	0.0085	0.0000	0.0162	0.0174	0.0000	0.0000	0.0000	0.0000		0.0000	0.0000	-0.0001	0.0000	0.3906	2.0000	3.9576	0.0000	0.0000	0.0000	0.0000	0.0000	0.0000	0.0000	0.0000	0.0000	0.0002	0.0002	0.0000	0.0002	0.0002	0.0000	0.0000	0.0000	0.0000	0.0000	0.0000	0.0000	0.0000	0.0000	0.0000	0.0000	0.0000	0.0000	0.0333	0.0213	0.0120	0.0111	0.0104	0.0008	0.0222	0.0109	0.0113
9	30	0.1106	21	1	0	0	1	0	0	0	1	0	2	1	2	0	0	0	0	0	0	N	N	N	N	N	Y	N	N	N	N	N	N	N	N	N	N	N	N	0.0000	0.0000	0.0000	0.0000	0.0000	0.0000	0.0000	0.0000	0.0000	0.0000	0.0000	0.0000	0.0000	0.0000	0.0000	0.0000	0.0000	0.0000	0.0000	0.0000	0.0000	0.0000	0.0000	0.0000	0.0000	0.0000	0.0000			0.0000	0.0000	0.0000	0.0002	2.0000	1.1973	0.0000	0.0000	0.0000	0.0000	0.0000	0.0000	0.0000	0.0000	0.0000	0.0000	0.0000	0.0000	0.0000	0.0000	0.0000	0.0000	0.0000	0.0000	0.0000	0.0000	0.0000	0.0000	0.0000	0.0000	0.0000	0.0000	0.0000	0.0057	0.0035	0.0022	0.0013	0.0011	0.0002	0.0044	0.0024	0.0020
9	37	0.0527	13	1	0	0	1	0	0	0	1	0	2	1	2	0	0	0	0	0	0	N	N	N	N	N	Y	N	N	N	N	N	N	N	N	N	N	N	N	0.0000	0.0000	0.0000	0.0000	0.0000	0.0000	0.0000	0.0000	0.0000	0.0000	0.0000	0.0000	0.0000	0.0000	0.0000	0.0000	0.0000	0.0000	0.0000	0.0000	0.0000	0.0000	0.0000	0.0000	0.0000	0.0000	0.0000			0.0000	0.0000	0.0000	0.0000	2.0000	2.0000	0.0000	0.0000	0.0000	0.0000	0.0000	0.0000	0.0000	0.0000	0.0000	0.0000	0.0000	0.0000	0.0000	0.0000	0.0000	0.0000	0.0000	0.0000	0.0000	0.0000	0.0000	0.0000	0.0000	0.0000	0.0000	0.0000	0.0000	0.0080	0.0038	0.0042	0.0008	0.0006	0.0002	0.0073	0.0032	0.0040
9	38	0.0569	15	1	0	0	0	0	0	0	0	0	2	1	2	0	0	0	0	0	0	N	N	N	N	N	Y	N	N	N	N	N	N	N	N	N	N	N	N	0.0000	0.0000	0.0000	0.0000	0.0000	0.0000	0.0000	0.0000	0.0000	0.0000	0.0000	0.0000	0.0000	0.0000	0.0000	0.0000	0.0000	0.0000	0.0000	0.0000	0.0000	0.0000	0.0000	0.0000	0.0000	0.0000	0.0000			0.0000	0.0000	0.0000	0.0000	2.0000	0.4891	0.0000	0.0000	0.0000	0.0000	0.0000	0.0000	0.0000	0.0000	0.0000	0.0000	0.0000	0.0000	0.0000	0.0000	0.0000	0.0000	0.0000	0.0000	0.0000	0.0000	0.0000	0.0000	0.0000	0.0000	0.0000	0.0000	0.0000	0.0035	0.0018	0.0017	0.0014	0.0014	0.0000	0.0021	0.0004	0.0017
9	41	0.0779	14	1	0	1	1	0	0	1	0	0	1	1	2	0	0	0	0	0	0	N	N	N	N	N	Y	N	N	N	N	N	N	N	N	N	N	N	N	0.0000	0.0000	0.0000	0.0000	0.0000	0.0000	0.0000	0.0000	0.0000	0.0000	0.0000	0.0000	0.0000	0.0000	0.0000	0.0000	0.0000	0.0000	0.0000	0.0000	0.0000	0.0000	0.0000	0.0000	0.0000	0.0000	0.0000			0.0000	0.0000	0.0000	0.0000	2.0000	0.0000	0.0000	0.0000	0.0000	0.0000	0.0000	0.0000	0.0000	0.0000	0.0000	0.0000	0.0000	0.0000	0.0000	0.0000	0.0000	0.0000	0.0000	0.0000	0.0000	0.0000	0.0000	0.0000	0.0000	0.0000	0.0000	0.0000	0.0000	0.0000	0.0000	0.0000	0.0000	0.0000	0.0000	0.0000	0.0000	0.0000
9	42	0.0779	13	1	0	0	1	0	0	0	1	0	1	1	2	0	0	0	0	0	0	N	N	N	N	N	Y	N	N	N	N	N	N	N	N	N	N	N	N	0.0000	0.0000	0.0000	0.0000	0.0000	0.0000	0.0000	0.0000	0.0000	0.0000	0.0000	0.0000	0.0000	0.0000	0.0000	0.0000	0.0000	0.0000	0.0000	0.0000	0.0000	0.0000	0.0000	0.0000	0.0000	0.0000	0.0000			0.0000	0.0000	0.0000	0.0001	2.0000	0.0001	0.0000	0.0000	0.0000	0.0000	0.0000	0.0000	0.0000	0.0000	0.0000	0.0000	0.0000	0.0000	0.0000	0.0000	0.0000	0.0000	0.0000	0.0000	0.0000	0.0000	0.0000	0.0000	0.0000	0.0000	0.0000	0.0000	0.0000	0.0016	0.0011	0.0005	0.0016	0.0010	0.0005	0.0000	0.0000	0.0000
9	43	0.0779	13	1	0	1	0	0	0	1	0	0	1	1	2	0	0	0	0	0	0	N	N	N	N	N	Y	N	N	N	N	N	N	N	N	N	N	N	N	0.0000	0.0000	0.0000	0.0000	0.0000	0.0000	0.0000	0.0000	0.0000	0.0000	0.0000	0.0000	0.0000	0.0000	0.0000	0.0000	0.0000	0.0000	0.0000	0.0000	0.0000	0.0000	0.0000	0.0000	0.0000	0.0000	0.0000			0.0000	0.0000	0.0000	0.0000	2.0000	0.0000	0.0000	0.0000	0.0000	0.0000	0.0000	0.0000	0.0000	0.0000	0.0000	0.0000	0.0000	0.0000	0.0000	0.0000	0.0000	0.0000	0.0000	0.0000	0.0000	0.0000	0.0000	0.0000	0.0000	0.0000	0.0000	0.0000	0.0000	0.0000	0.0000	0.0000	0.0000	0.0000	0.0000	0.0000	0.0000	0.0000
9	44	0.0554	12	1	0	0	0	0	0	0	0	0	2	1	2	0	0	0	0	0	0	N	N	N	N	N	Y	N	N	N	N	N	N	N	N	N	N	N	N	0.0000	0.0000	0.0000	0.0000	0.0000	0.0000	0.0000	0.0000	0.0000	0.0000	0.0000	0.0000	0.0000	0.0000	0.0000	0.0000	0.0000	0.0000	0.0000	0.0000	0.0000	0.0000	0.0000	0.0000	0.0000	0.0000	0.0000			0.0000	0.0000	0.0000	2.9998	2.0000	4.8980	0.0000	0.0000	0.0000	0.0000	0.0000	0.0000	0.0000	0.0000	0.0000	0.0000	0.0000	0.0000	0.0000	0.0000	0.0000	0.0000	0.0000	0.0000	0.0000	0.0000	0.0000	0.0000	0.0000	0.0000	0.0000	0.0000	0.0000	0.0319	0.0155	0.0164	0.0035	0.0028	0.0007	0.0284	0.0127	0.0157
9	52	0.0726	16	1	0	1	0	0	0	0	0	0	2	0	2	0	0	0	0	0	0	N	N	N	N	N	Y	N	N	N	N	N	N	N	N	N	N	N	N	0.0000	0.0000	0.0000	0.0000	0.0000	0.0000	0.0000	0.0000	0.0000	0.0000	0.0000	0.0000	0.0000	0.0000	0.0000	0.0000	0.0000	0.0000	0.0000	0.0000	0.0000	0.0000	0.0000	0.0000	0.0000	0.0000	0.0000			0.0000	0.0000	0.0000	0.0000	2.0000	2.0000	0.0000	0.0000	0.0000	0.0000	0.0000	0.0000	0.0000	0.0000	0.0000	0.0000	0.0000	0.0000	0.0000	0.0000	0.0000	0.0000	0.0000	0.0000	0.0000	0.0000	0.0000	0.0000	0.0000	0.0000	0.0000	0.0000	0.0000	0.0075	0.0039	0.0036	0.0008	0.0007	0.0001	0.0067	0.0032	0.0035
9	55	0.0555	14	1	0	0	0	0	0	0	0	0	2	1	2	0	0	0	0	0	0	N	N	N	N	N	Y	N	N	N	N	N	N	N	N	N	N	N	N	0.0000	0.0000	0.0000	0.0000	0.0000	0.0000	0.0000	0.0000	0.0000	0.0000	0.0000	0.0000	0.0000	0.0000	0.0000	0.0000	0.0000	0.0000	0.0000	0.0000	0.0000	0.0000	0.0000	0.0000	0.0000	0.0000	0.0000			0.0000	0.0000	0.0000	0.0000	2.0000	1.0065	0.0000	0.0000	0.0000	0.0000	0.0000	0.0000	0.0000	0.0000	0.0000	0.0000	0.0000	0.0000	0.0000	0.0000	0.0000	0.0000	0.0000	0.0000	0.0000	0.0000	0.0000	0.0000	0.0000	0.0000	0.0000	0.0000	0.0000	0.0041	0.0020	0.0022	0.0004	0.0003	0.0001	0.0037	0.0016	0.0021
9	63	0.0885	22	1	0	0	0	0	0	0	0	0	2	0	2	0	0	0	0	0	0	N	N	N	N	N	Y	N	N	N	N	N	N	N	N	N	N	N	N	0.0000	0.0000	0.0000	0.0000	0.0000	0.0000	0.0000	0.0000	0.0000	0.0000	0.0000	0.0000	0.0000	0.0000	0.0000	0.0000	0.0000	0.0000	0.0000	0.0000	0.0000	0.0000	0.0000	0.0000	0.0000	0.0000	0.0000			0.0000	0.0000	0.0000	0.0023	2.0000	3.0060	0.0000	0.0000	0.0000	0.0000	0.0000	0.0000	0.0000	0.0000	0.0000	0.0000	0.0000	0.0000	0.0000	0.0000	0.0000	0.0000	0.0000	0.0000	0.0000	0.0000	0.0000	0.0000	0.0000	0.0000	0.0000	0.0000	0.0000	0.0118	0.0058	0.0060	0.0018	0.0013	0.0004	0.0100	0.0045	0.0055
9	73	0.0661	12	1	0	1	0	0	0	1	0	0	1	1	2	0	0	0	0	0	0	N	N	N	N	N	Y	N	N	N	N	N	N	N	N	N	N	N	N	0.0000	0.0000	0.0000	0.0000	0.0000	0.0000	0.0000	0.0000	0.0000	0.0000	0.0000	0.0000	0.0000	0.0000	0.0000	0.0000	0.0000	0.0000	0.0000	0.0000	0.0000	0.0000	0.0000	0.0000	0.0000	0.0000	0.0000			0.0000	0.0000	0.0000	0.0000	2.0000	0.0000	0.0000	0.0000	0.0000	0.0000	0.0000	0.0000	0.0000	0.0000	0.0000	0.0000	0.0000	0.0000	0.0000	0.0000	0.0000	0.0000	0.0000	0.0000	0.0000	0.0000	0.0000	0.0000	0.0000	0.0000	0.0000	0.0000	0.0000	0.0000	0.0000	0.0000	0.0000	0.0000	0.0000	0.0000	0.0000	0.0000
9	75	0.0661	12	1	0	0	0	0	0	0	0	0	1	1	2	0	0	0	0	0	0	N	N	N	N	N	Y	N	N	N	N	N	N	N	N	N	N	N	N	0.0000	0.0000	0.0000	0.0000	0.0000	0.0000	0.0000	0.0000	0.0000	0.0000	0.0000	0.0000	0.0000	0.0000	0.0000	0.0000	0.0000	0.0000	0.0000	0.0000	0.0000	0.0000	0.0000	0.0000	0.0000	0.0000	0.0000			0.0000	0.0000	0.0000	0.0000	2.0000	1.0000	0.0000	0.0000	0.0000	0.0000	0.0000	0.0000	0.0000	0.0000	0.0000	0.0000	0.0000	0.0000	0.0000	0.0000	0.0000	0.0000	0.0000	0.0000	0.0000	0.0000	0.0000	0.0000	0.0000	0.0000	0.0000	0.0000	0.0000	0.0039	0.0023	0.0016	0.0005	0.0004	0.0001	0.0034	0.0019	0.0015
9	76	0.0661	11	1	0	0	0	0	0	0	0	0	2	1	2	0	0	0	0	0	0	N	N	N	N	N	Y	N	N	N	N	N	N	N	N	N	N	N	N	0.0000	0.0000	0.0000	0.0000	0.0000	0.0000	0.0000	0.0000	0.0000	0.0000	0.0000	0.0000	0.0000	0.0000	0.0000	0.0000	0.0000	0.0000	0.0000	0.0000	0.0000	0.0000	0.0000	0.0000	0.0000	0.0000	0.0000			0.0000	0.0000	0.0000	0.0000	2.0000	0.0000	0.0000	0.0000	0.0000	0.0000	0.0000	0.0000	0.0000	0.0000	0.0000	0.0000	0.0000	0.0000	0.0000	0.0000	0.0000	0.0000	0.0000	0.0000	0.0000	0.0000	0.0000	0.0000	0.0000	0.0000	0.0000	0.0000	0.0000	0.0005	0.0003	0.0002	0.0002	0.0002	0.0000	0.0002	0.0000	0.0002
9	105	0.0457	8	0	0	0	0	0	0	0	0	0	2	0	2	0	0	0	0	0	0	N	N	N	N	N	Y	N	N	N	N	N	N	N	N	N	N	N	N	0.0000	0.0000	0.0000	0.0000	0.0000	0.0000	0.0000	0.0000	0.0000	0.0000	0.0000	0.0000	0.0000	0.0000	0.0000	0.0000	0.0000	0.0000	0.0000	0.0000	0.0000	0.0000	0.0000	0.0000	0.0000	0.0000	0.0000			0.0000	0.0000	0.0000	0.0000	2.0000	1.0001	0.0000	0.0000	0.0000	0.0000	0.0000	0.0000	0.0000	0.0000	0.0000	0.0000	0.0000	0.0000	0.0000	0.0000	0.0000	0.0000	0.0000	0.0000	0.0000	0.0000	0.0000	0.0000	0.0000	0.0000	0.0000	0.0000	0.0000	0.0061	0.0037	0.0025	0.0010	0.0010	0.0000	0.0051	0.0027	0.0024
9	106	0.0157	4	0	0	0	0	0	0	0	0	0	2	0	2	0	0	0	0	0	0	N	N	N	N	N	Y	N	N	N	N	N	N	N	N	N	N	N	N	0.0000	0.0000	0.0000	0.0000	0.0000	0.0000	0.0000	0.0000	0.0000	0.0000	0.0000	0.0000	0.0000	0.0000	0.0000	0.0000	0.0000	0.0000	0.0000	0.0000	0.0000	0.0000	0.0000	0.0000	0.0000	0.0000	0.0000			0.0000	0.0000	0.0000	0.0000	2.0000	0.0000	0.0000	0.0000	0.0000	0.0000	0.0000	0.0000	0.0000	0.0000	0.0000	0.0000	0.0000	0.0000	0.0000	0.0000	0.0000	0.0000	0.0000	0.0000	0.0000	0.0000	0.0000	0.0000	0.0000	0.0000	0.0000	0.0000	0.0000	0.0000	0.0000	0.0000	0.0000	0.0000	0.0000	0.0000	0.0000	0.0000
9	107	0.0072	2	0	0	0	0	0	0	0	0	0	2	0	2	0	0	0	0	0	0	N	N	N	N	N	Y	N	N	N	N	N	N	N	N	N	N	N	N	0.0000	0.0000	0.0000	0.0000	0.0000	0.0000	0.0000	0.0000	0.0000	0.0000	0.0000	0.0000	0.0000	0.0000	0.0000	0.0000	0.0000	0.0000	0.0000	0.0000	0.0000	0.0000	0.0000	0.0000	0.0000	0.0000	0.0000			0.0000	0.0000	0.0000	0.0000	2.0000	0.0000	0.0000	0.0000	0.0000	0.0000	0.0000	0.0000	0.0000	0.0000	0.0000	0.0000	0.0000	0.0000	0.0000	0.0000	0.0000	0.0000	0.0000	0.0000	0.0000	0.0000	0.0000	0.0000	0.0000	0.0000	0.0000	0.0000	0.0000	0.0000	0.0000	0.0000	0.0000	0.0000	0.0000	0.0000	0.0000	0.0000
10	16	0.0597	8	2	0	1	1	0	0	0	0	0	0	1	1	0	0	0	0	0	0	Y	N	N	N	N	N	N	N	N	N	N	N	N	N	N	N	N	N	0.0000	0.0000	0.0000	0.0000	0.0000	0.0000	0.0000	0.0000	0.0000	0.0000	0.0000	0.0000	0.0000	0.0000	0.0000	0.0000	0.0000	0.0000	0.0000	0.0000	0.0000	0.0000	0.0000	0.0000	0.0000	0.0000	0.0000			0.0000	0.0000	0.0065	0.0000	2.0029	1.0000	0.0000	0.0000	0.0000	0.0000	0.0000	0.0000	0.0000	0.0000	0.0000	0.0000	0.0000	0.0000	0.0000	0.0000	0.0000	0.0000	0.0000	0.0000	0.0000	0.0000	0.0000	0.0000	0.0000	0.0000	0.0000	0.0000	0.0000	0.0039	0.0020	0.0019	0.0004	0.0003	0.0001	0.0035	0.0017	0.0018
10	30	0.1147	19	2	0	1	1	0	0	0	1	0	1	1	1	0	0	0	0	0	0	Y	N	N	N	N	N	N	N	N	N	N	N	N	N	N	N	N	N	0.0000	0.0000	0.0000	0.0000	0.0000	0.0000	0.0000	0.0000	0.0000	0.0000	0.0000	0.0000	0.0000	0.0000	0.0000	0.0000	0.0000	0.0000	0.0000	0.0000	0.0000	0.0000	0.0000	0.0000	0.0000	0.0000	0.0000			0.0000	0.0000	0.0065	0.0002	2.0029	1.1973	0.0000	0.0000	0.0000	0.0000	0.0000	0.0000	0.0000	0.0000	0.0000	0.0000	0.0000	0.0000	0.0000	0.0000	0.0000	0.0000	0.0000	0.0000	0.0000	0.0000	0.0000	0.0000	0.0000	0.0000	0.0000	0.0000	0.0000	0.0086	0.0047	0.0039	0.0015	0.0012	0.0002	0.0071	0.0035	0.0036
10	31	0.0909	18	2	0	1	0	1	0	0	0	1	0	1	0	0	0	0	0	0	0	Y	N	N	N	N	N	N	N	N	N	N	N	N	N	N	N	N	N	0.0000	0.0000	0.0000	0.0000	0.0000	0.0000	0.0000	0.0000	0.0000	0.0000	0.0000	0.0000	0.0000	0.0000	0.0000	0.0000	0.0000	0.0000	0.0000	0.0000	0.0000	0.0000	0.0000	0.0000	0.0000	0.0000	0.0000			0.0000	0.0000	0.0065	2.0002	2.0029	1.8085	0.0000	0.0000	0.0000	0.0000	0.0000	0.0000	0.0000	0.0000	0.0000	0.0000	0.0000	0.0000	0.0000	0.0000	0.0000	0.0000	0.0000	0.0000	0.0005	0.0004	0.0001	0.0001	0.0001	0.0000	0.0003	0.0003	0.0001	0.0194	0.0105	0.0089	0.0032	0.0027	0.0005	0.0163	0.0078	0.0084
10	37	0.0283	5	2	0	1	1	0	0	0	1	0	1	1	1	0	0	0	0	0	0	Y	N	N	N	N	N	N	N	N	N	N	N	N	N	N	N	N	N	0.0000	0.0000	0.0000	0.0000	0.0000	0.0000	0.0000	0.0000	0.0000	0.0000	0.0000	0.0000	0.0000	0.0000	0.0000	0.0000	0.0000	0.0000	0.0000	0.0000	0.0000	0.0000	0.0000	0.0000	0.0000	0.0000	0.0000		0.0000	0.0000	-0.0000	0.0065	0.0000	2.0029	2.0000	0.0000	0.0000	0.0000	0.0000	0.0000	0.0000	0.0000	0.0000	0.0000	0.0000	0.0000	0.0000	0.0000	0.0000	0.0000	0.0000	0.0000	0.0000	0.0000	0.0000	0.0000	0.0000	0.0000	0.0000	0.0000	0.0000	0.0000	0.0081	0.0041	0.0040	0.0004	0.0003	0.0001	0.0077	0.0038	0.0039
10	38	0.0326	7	2	0	1	0	0	0	0	0	0	1	1	1	0	0	0	0	0	0	Y	N	N	N	N	N	N	N	N	N	N	N	N	N	N	N	N	N	0.0000	0.0000	0.0000	0.0000	0.0000	0.0000	0.0000	0.0000	0.0000	0.0000	0.0000	0.0000	0.0000	0.0000	0.0000	0.0000	0.0000	0.0000	0.0672	0.1334	0.0000	0.0000	0.0000	0.0000	0.1096	0.5672	0.0000		0.0000	0.0000	-0.0003	0.0065	0.0000	2.0029	0.4891	0.0000	0.0000	0.0000	0.0000	0.0000	0.0000	0.0000	0.0000	0.0000	0.0005	0.0005	0.0000	0.0000	0.0000	0.0000	0.0005	0.0005	0.0000	0.0000	0.0000	0.0000	0.0000	0.0000	0.0000	0.0000	0.0000	0.0000	0.0079	0.0040	0.0039	0.0031	0.0030	0.0000	0.0048	0.0009	0.0039
10	39	0.0312	6	2	0	1	0	0	0	0	0	0	0	1	0	0	0	0	0	0	0	Y	N	N	N	N	N	N	N	N	N	N	N	N	N	N	N	N	N	0.0000	0.0000	0.0000	0.0000	0.0000	0.0000	0.0000	0.0000	0.0000	0.0000	0.0000	0.0000	0.0000	0.0000	0.0000	0.0000	0.0000	0.0000	0.7271	1.4251	0.0000	3.0905	3.4348	0.0000	0.5301	1.1096	0.0000		0.0000	0.0000	-0.0008	0.0065	0.0000	2.0029	0.5132	0.0000	0.0000	0.0000	0.0000	0.0000	0.0000	0.0000	0.0000	0.0000	0.0016	0.0016	0.0000	0.0005	0.0005	0.0000	0.0011	0.0011	0.0000	0.0000	0.0000	0.0000	0.0000	0.0000	0.0000	0.0000	0.0000	0.0000	0.0022	0.0011	0.0011	0.0002	0.0002	0.0000	0.0021	0.0010	0.0011
10	42	0.0597	7	2	0	1	1	0	0	0	1	0	0	1	1	0	0	0	0	0	0	Y	N	N	N	N	N	N	N	N	N	N	N	N	N	N	N	N	N	0.0000	0.0000	0.0000	0.0000	0.0000	0.0000	0.0000	0.0000	0.0000	0.0000	0.0000	0.0000	0.0000	0.0000	0.0000	0.0000	0.0000	0.0000	0.0000	0.0000	0.0000	0.0000	0.0000	0.0000	0.0000	0.0000	0.0000			0.0000	0.0000	0.0065	0.0001	2.0029	0.0001	0.0000	0.0000	0.0000	0.0000	0.0000	0.0000	0.0000	0.0000	0.0000	0.0000	0.0000	0.0000	0.0000	0.0000	0.0000	0.0000	0.0000	0.0000	0.0000	0.0000	0.0000	0.0000	0.0000	0.0000	0.0000	0.0000	0.0000	0.0000	0.0000	0.0000	0.0000	0.0000	0.0000	0.0000	0.0000	0.0000
10	44	0.0371	6	2	0	1	0	0	0	0	0	0	1	1	1	0	0	0	0	0	0	Y	N	N	N	N	N	N	N	N	N	N	N	N	N	N	N	N	N	0.0000	0.0000	0.0000	0.0000	0.0000	0.0000	0.0000	0.0000	0.0000	0.0000	0.0000	0.0000	0.0000	0.0000	0.0000	0.0000	0.0000	0.0000	0.0000	0.0000	0.0000	0.0000	0.0000	0.0000	0.0000	0.0000	0.0000			0.0000	0.0000	0.0065	2.9998	2.0029	4.8980	0.0000	0.0000	0.0000	0.0000	0.0000	0.0000	0.0000	0.0000	0.0000	0.0000	0.0000	0.0000	0.0000	0.0000	0.0000	0.0000	0.0000	0.0000	0.0005	0.0005	0.0001	0.0001	0.0001	0.0000	0.0004	0.0003	0.0001	0.0325	0.0173	0.0152	0.0023	0.0020	0.0003	0.0302	0.0152	0.0150
10	45	0.0314	5	2	0	1	0	0	0	0	0	1	0	1	0	0	0	0	0	0	0	Y	N	N	N	N	N	N	N	N	N	N	N	N	N	N	N	N	N	0.0000	0.0000	0.0000	0.0000	0.0000	0.0000	0.0000	0.0000	0.0000	0.0000	0.0000	0.0000	0.0000	0.0000	0.0000	0.0000	0.0000	0.0000	0.0000	0.0000	0.0000	0.0000	0.0000	0.0000	0.0000	0.0000	0.0000			0.0000	0.0000	0.0065	0.0002	2.0029	2.0813	0.0000	0.0000	0.0000	0.0000	0.0000	0.0000	0.0000	0.0000	0.0000	0.0000	0.0000	0.0000	0.0000	0.0000	0.0000	0.0000	0.0000	0.0000	0.0000	0.0000	0.0000	0.0000	0.0000	0.0000	0.0000	0.0000	0.0000	0.0098	0.0057	0.0042	0.0011	0.0011	0.0001	0.0087	0.0046	0.0041
10	55	0.0312	6	2	0	1	0	0	0	0	0	0	1	1	1	0	0	0	0	0	0	Y	N	N	N	N	N	N	N	N	N	N	N	N	N	N	N	N	N	0.0000	0.0000	0.0000	0.0000	0.0000	0.0000	0.0000	0.0000	0.0000	0.0000	0.0000	0.0000	0.0000	0.0000	0.0000	0.0000	0.0000	0.0000	0.2584	0.5069	0.0000	0.0000	0.0000	0.0000	0.2758	0.5682	0.0000		0.0000	0.0000	-0.0005	0.0065	0.0000	2.0029	1.0065	0.0000	0.0000	0.0000	0.0000	0.0000	0.0000	0.0000	0.0000	0.0000	0.0011	0.0011	0.0000	0.0000	0.0000	0.0000	0.0011	0.0011	0.0000	0.0000	0.0000	0.0000	0.0000	0.0000	0.0000	0.0000	0.0000	0.0000	0.0042	0.0021	0.0021	0.0003	0.0002	0.0000	0.0040	0.0019	0.0020
10	56	0.0283	5	2	0	1	0	0	0	0	0	0	0	1	0	0	0	0	0	0	0	Y	N	N	N	N	N	N	N	N	N	N	N	N	N	N	N	N	N	0.0000	0.0000	0.0000	0.0000	0.0000	0.0000	0.0000	0.0000	0.0000	0.0000	0.0000	0.0000	0.0000	0.0000	0.0000	0.0000	0.0000	0.0000	245.7751	482.9777	0.0000	0.0001	0.0001	0.0000	257.4914	521.5884	0.0000		0.0000	0.0000	-0.4733	0.0065	0.0000	2.0029	1.0047	0.0000	0.0000	0.0000	0.0000	0.0000	0.0000	0.0000	0.0000	0.0000	0.9986	0.9986	0.0000	0.0000	0.0000	0.0000	0.9986	0.9986	0.0000	0.0000	0.0000	0.0000	0.0000	0.0000	0.0000	0.0000	0.0000	0.0000	0.0041	0.0021	0.0020	0.0002	0.0002	0.0000	0.0039	0.0019	0.0020
10	57	0.0283	4	2	0	1	0	0	0	0	0	1	0	1	0	0	0	0	0	0	0	Y	N	N	N	N	N	N	N	N	N	N	N	N	N	N	N	N	N	0.0000	0.0000	0.0000	0.0000	0.0000	0.0000	0.0000	0.0000	0.0000	0.0000	0.0000	0.0000	0.0000	0.0000	0.0000	0.0000	0.0000	0.0000	0.0489	0.0487	0.0490	0.0582	0.0584	0.0000	0.0421	0.0000	0.0492		1.0000	0.0000	0.0000	0.0065	0.0000	2.0029	0.0000	0.0000	0.0000	0.0000	0.0000	0.0000	0.0000	0.0000	0.0000	0.0000	0.0000	0.0000	0.0000	0.0000	0.0000	0.0000	0.0000	0.0000	0.0000	0.0000	0.0000	0.0000	0.0000	0.0000	0.0000	0.0000	0.0000	0.0000	0.0000	0.0000	0.0000	0.0000	0.0000	0.0000	0.0000	0.0000	0.0000
10	63	0.0926	20	2	0	1	0	0	0	0	0	0	1	0	1	0	0	0	0	0	0	Y	N	N	N	N	N	N	N	N	N	N	N	N	N	N	N	N	N	0.0000	0.0000	0.0000	0.0000	0.0000	0.0000	0.0000	0.0000	0.0000	0.0000	0.0000	0.0000	0.0000	0.0000	0.0000	0.0000	0.0000	0.0000	0.0005	0.0009	0.0000	0.0028	0.0033	0.0000	0.0000	0.0000	0.0000		0.0000	0.0000	-0.0000	0.0065	0.0023	2.0029	3.0060	0.0000	0.0000	0.0000	0.0000	0.0000	0.0000	0.0000	0.0000	0.0000	0.0000	0.0000	0.0000	0.0000	0.0000	0.0000	0.0000	0.0000	0.0000	0.0000	0.0000	0.0000	0.0000	0.0000	0.0000	0.0000	0.0000	0.0000	0.0123	0.0067	0.0056	0.0021	0.0018	0.0003	0.0101	0.0049	0.0053
10	64	0.0898	19	2	0	1	0	1	0	0	0	0	0	0	0	0	0	0	0	0	0	Y	N	N	N	N	N	N	N	N	N	N	N	N	N	N	N	N	N	0.0000	0.0000	0.0000	0.0000	0.0000	0.0000	0.0000	0.0000	0.0000	0.0000	0.0000	0.0000	0.0000	0.0000	0.0000	0.0000	0.0000	0.0000	0.0014	0.0000	0.0031	0.0000	0.0000	0.0000	0.0017	0.0000	0.0033		inf	0.0000	0.0000	0.0065	0.9990	2.0029	0.0212	0.0000	0.0000	0.0000	0.0000	0.0000	0.0000	0.0000	0.0000	0.0000	0.0000	0.0000	0.0000	0.0000	0.0000	0.0000	0.0000	0.0000	0.0000	0.0002	0.0002	0.0000	0.0000	0.0000	0.0000	0.0001	0.0001	0.0000	0.0041	0.0022	0.0019	0.0007	0.0006	0.0001	0.0034	0.0016	0.0018
10	69	0.0618	9	2	0	1	0	0	0	0	0	0	0	0	0	0	0	0	0	0	0	Y	N	N	N	N	N	N	N	N	N	N	N	N	N	N	N	N	N	0.0000	0.0000	0.0000	0.0000	0.0000	0.0000	0.0000	0.0000	0.0000	0.0000	0.0000	0.0000	0.0000	0.0000	0.0000	0.0000	0.0000	0.0000	0.0002	0.0004	0.0000	0.0023	0.0030	0.0000	0.0000	0.0000	0.0000		0.0167	0.0000	-0.0000	0.0065	1.0007	2.0029	1.2584	0.0000	0.0000	0.0000	0.0000	0.0000	0.0000	0.0000	0.0000	0.0000	0.0000	0.0000	0.0000	0.0000	0.0000	0.0000	0.0000	0.0000	0.0000	0.0002	0.0002	0.0000	0.0000	0.0000	0.0000	0.0001	0.0001	0.0000	0.0088	0.0045	0.0043	0.0008	0.0006	0.0002	0.0081	0.0039	0.0042
10	70	0.0477	8	2	0	1	0	1	0	0	0	0	0	0	0	0	0	0	0	0	0	Y	N	N	N	N	N	N	N	N	N	N	N	N	N	N	N	N	N	0.0000	0.0000	0.0000	0.0000	0.0000	0.0000	0.0000	0.0000	0.0000	0.0000	0.0000	0.0000	0.0000	0.0000	0.0000	0.0000	0.0000	0.0000	0.0006	0.0002	0.0011	0.0000	0.0000	0.0000	0.0007	0.0002	0.0011		5.9597	0.0000	0.0000	0.0065	3.0007	2.0029	1.9606	0.0000	0.0000	0.0000	0.0000	0.0000	0.0000	0.0000	0.0000	0.0000	0.0000	0.0000	0.0000	0.0000	0.0000	0.0000	0.0000	0.0000	0.0000	0.0005	0.0005	0.0001	0.0001	0.0001	0.0000	0.0004	0.0003	0.0001	0.0197	0.0102	0.0096	0.0019	0.0015	0.0004	0.0179	0.0087	0.0092
10	75	0.0586	8	2	0	1	0	0	0	0	0	0	0	1	1	0	0	0	0	0	0	Y	N	N	N	N	N	N	N	N	N	N	N	N	N	N	N	N	N	0.0000	0.0000	0.0000	0.0000	0.0000	0.0000	0.0000	0.0000	0.0000	0.0000	0.0000	0.0000	0.0000	0.0000	0.0000	0.0000	0.0000	0.0000	0.0000	0.0000	0.0000	0.0000	0.0000	0.0000	0.0000	0.0000	0.0000			0.0000	0.0000	0.0065	0.0000	2.0029	1.0000	0.0000	0.0000	0.0000	0.0000	0.0000	0.0000	0.0000	0.0000	0.0000	0.0000	0.0000	0.0000	0.0000	0.0000	0.0000	0.0000	0.0000	0.0000	0.0000	0.0000	0.0000	0.0000	0.0000	0.0000	0.0000	0.0000	0.0000	0.0088	0.0052	0.0036	0.0007	0.0006	0.0001	0.0081	0.0046	0.0035
10	76	0.0586	7	2	0	1	0	0	0	0	0	0	1	1	1	0	0	0	0	0	0	Y	N	N	N	N	N	N	N	N	N	N	N	N	N	N	N	N	N	0.0000	0.0000	0.0000	0.0000	0.0000	0.0000	0.0000	0.0000	0.0000	0.0000	0.0000	0.0000	0.0000	0.0000	0.0000	0.0000	0.0000	0.0000	0.0000	0.0000	0.0000	0.0000	0.0000	0.0000	0.0000	0.0000	0.0000			0.0000	0.0000	0.0065	0.0000	2.0029	0.0000	0.0000	0.0000	0.0000	0.0000	0.0000	0.0000	0.0000	0.0000	0.0000	0.0000	0.0000	0.0000	0.0000	0.0000	0.0000	0.0000	0.0000	0.0000	0.0000	0.0000	0.0000	0.0000	0.0000	0.0000	0.0000	0.0000	0.0000	0.0011	0.0006	0.0005	0.0005	0.0005	0.0000	0.0005	0.0001	0.0005
10	77	0.0368	6	2	0	1	0	0	0	0	0	1	0	1	0	0	0	0	0	0	0	Y	N	N	N	N	N	N	N	N	N	N	N	N	N	N	N	N	N	0.0000	0.0000	0.0000	0.0000	0.0000	0.0000	0.0000	0.0000	0.0000	0.0000	0.0000	0.0000	0.0000	0.0000	0.0000	0.0000	0.0000	0.0000	0.1569	0.0129	0.3090	0.0000	0.0000	0.0000	0.1726	0.0150	0.3207		22.7185	0.0000	0.0011	0.0065	0.0002	2.0029	3.7635	0.0000	0.0000	0.0000	0.0000	0.0000	0.0000	0.0000	0.0000	0.0000	0.0024	0.0001	0.0023	0.0000	0.0000	0.0000	0.0024	0.0001	0.0023	0.0000	0.0000	0.0000	0.0000	0.0000	0.0000	0.0000	0.0000	0.0000	0.0151	0.0078	0.0073	0.0014	0.0011	0.0003	0.0137	0.0066	0.0071
10	93	0.0898	16	2	0	1	0	0	0	0	0	0	0	0	0	0	0	0	0	0	0	Y	N	N	N	N	N	N	N	N	N	N	N	N	N	N	N	N	N	0.0000	0.0000	0.0000	0.0000	0.0000	0.0000	0.0000	0.0000	0.0000	0.0000	0.0000	0.0000	0.0000	0.0000	0.0000	0.0000	0.0000	0.0000	0.0000	0.0000	0.0000	0.0000	0.0000	0.0000	0.0000	0.0000	0.0000			0.0000	0.0000	0.0065	0.0001	2.0029	0.0783	0.0000	0.0000	0.0000	0.0000	0.0000	0.0000	0.0000	0.0000	0.0000	0.0000	0.0000	0.0000	0.0000	0.0000	0.0000	0.0000	0.0000	0.0000	0.0000	0.0000	0.0000	0.0000	0.0000	0.0000	0.0000	0.0000	0.0000	0.0003	0.0002	0.0001	0.0001	0.0001	0.0000	0.0003	0.0001	0.0001
10	94	0.0812	15	2	0	1	0	1	0	0	0	0	0	0	0	0	0	0	0	0	0	Y	N	N	N	N	N	N	N	N	N	N	N	N	N	N	N	N	N	0.0000	0.0000	0.0000	0.0000	0.0000	0.0000	0.0000	0.0000	0.0000	0.0000	0.0000	0.0000	0.0000	0.0000	0.0000	0.0000	0.0000	0.0000	0.0000	0.0000	0.0000	0.0000	0.0000	0.0000	0.0000	0.0000	0.0000			0.0000	0.0000	0.0065	0.0004	2.0029	2.9660	0.0000	0.0000	0.0000	0.0000	0.0000	0.0000	0.0000	0.0000	0.0000	0.0000	0.0000	0.0000	0.0000	0.0000	0.0000	0.0000	0.0000	0.0000	0.0000	0.0000	0.0000	0.0000	0.0000	0.0000	0.0000	0.0000	0.0000	0.0122	0.0067	0.0055	0.0020	0.0017	0.0003	0.0102	0.0050	0.0053
13	16	0.0512	9	2	0	1	1	0	0	0	0	0	0	1	1	0	0	0	0	0	0	Y	N	N	N	N	N	N	N	N	N	N	N	N	N	N	N	N	N	0.0000	0.0000	0.0000	0.0000	0.0000	0.0000	0.0000	0.0000	0.0000	0.0000	0.0000	0.0000	0.0000	0.0000	0.0000	0.0000	0.0000	0.0000	0.0000	0.0000	0.0000	0.0000	0.0000	0.0000	0.0000	0.0000	0.0000			0.0000	0.0000	0.0000	0.0000	0.0000	1.0000	0.0000	0.0000	0.0000	0.0000	0.0000	0.0000	0.0000	0.0000	0.0000	0.0000	0.0000	0.0000	0.0000	0.0000	0.0000	0.0000	0.0000	0.0000	0.0000	0.0000	0.0000	0.0000	0.0000	0.0000	0.0000	0.0000	0.0000	0.0000	0.0000	0.0000	0.0000	0.0000	0.0000	0.0000	0.0000	0.0000
13	30	0.1063	20	2	0	1	1	0	0	0	1	0	1	1	1	0	0	0	0	0	0	Y	N	N	N	N	N	N	N	N	N	N	N	N	N	N	N	N	N	0.0000	0.0000	0.0000	0.0000	0.0000	0.0000	0.0000	0.0000	0.0000	0.0000	0.0000	0.0000	0.0000	0.0000	0.0000	0.0000	0.0000	0.0000	0.0000	0.0000	0.0000	0.0000	0.0000	0.0000	0.0000	0.0000	0.0000			0.0000	0.0000	0.0000	0.0002	0.0000	1.1973	0.0000	0.0000	0.0000	0.0000	0.0000	0.0000	0.0000	0.0000	0.0000	0.0000	0.0000	0.0000	0.0000	0.0000	0.0000	0.0000	0.0000	0.0000	0.0000	0.0000	0.0000	0.0000	0.0000	0.0000	0.0000	0.0000	0.0000	0.0000	0.0000	0.0000	0.0000	0.0000	0.0000	0.0000	0.0000	0.0000
13	31	0.0825	19	2	0	1	0	1	0	0	0	1	0	1	0	0	0	0	0	0	0	Y	N	N	N	N	N	N	N	N	N	N	N	N	N	N	N	N	N	0.0000	0.0000	0.0000	0.0000	0.0000	0.0000	0.0000	0.0000	0.0000	0.0000	0.0000	0.0000	0.0000	0.0000	0.0000	0.0000	0.0000	0.0000	0.0000	0.0000	0.0000	0.0000	0.0000	0.0000	0.0000	0.0000	0.0000			0.0000	0.0000	0.0000	2.0002	0.0000	1.8085	0.0000	0.0000	0.0000	0.0000	0.0000	0.0000	0.0000	0.0000	0.0000	0.0000	0.0000	0.0000	0.0000	0.0000	0.0000	0.0000	0.0000	0.0000	0.0000	0.0000	0.0000	0.0000	0.0000	0.0000	0.0000	0.0000	0.0000	0.0000	0.0000	0.0000	0.0000	0.0000	0.0000	0.0000	0.0000	0.0000
13	37	0.0199	6	2	0	1	1	0	0	0	1	0	1	1	1	0	0	0	0	0	0	Y	N	N	N	N	N	N	N	N	N	N	N	N	N	N	N	N	N	0.0000	0.0000	0.0000	0.0000	0.0000	0.0000	0.0000	0.0000	0.0000	0.0000	0.0000	0.0000	0.0000	0.0000	0.0000	0.0000	0.0000	0.0000	0.0000	0.0000	0.0000	0.0000	0.0000	0.0000	0.0000	0.0000	0.0000			0.0000	0.0000	0.0000	0.0000	0.0000	2.0000	0.0000	0.0000	0.0000	0.0000	0.0000	0.0000	0.0000	0.0000	0.0000	0.0000	0.0000	0.0000	0.0000	0.0000	0.0000	0.0000	0.0000	0.0000	0.0000	0.0000	0.0000	0.0000	0.0000	0.0000	0.0000	0.0000	0.0000	0.0000	0.0000	0.0000	0.0000	0.0000	0.0000	0.0000	0.0000	0.0000
13	38	0.0242	8	2	0	1	0	0	0	0	0	0	1	1	1	0	0	0	0	0	0	Y	N	N	N	N	N	N	N	N	N	N	N	N	N	N	N	N	N	0.0000	0.0000	0.0000	0.0000	0.0000	0.0000	0.0000	0.0000	0.0000	0.0000	0.0000	0.0000	0.0000	0.0000	0.0000	0.0000	0.0000	0.0000	0.0000	0.0000	0.0000	0.0000	0.0000	0.0000	0.0000	0.0000	0.0000			0.0000	0.0000	0.0000	0.0000	0.0000	0.4891	0.0000	0.0000	0.0000	0.0000	0.0000	0.0000	0.0000	0.0000	0.0000	0.0000	0.0000	0.0000	0.0000	0.0000	0.0000	0.0000	0.0000	0.0000	0.0000	0.0000	0.0000	0.0000	0.0000	0.0000	0.0000	0.0000	0.0000	0.0000	0.0000	0.0000	0.0000	0.0000	0.0000	0.0000	0.0000	0.0000
13	39	0.0228	7	2	0	1	0	0	0	0	0	0	0	1	0	0	0	0	0	0	0	Y	N	N	N	N	N	N	N	N	N	N	N	N	N	N	N	N	N	0.0000	0.0000	0.0000	0.0000	0.0000	0.0000	0.0000	0.0000	0.0000	0.0000	0.0000	0.0000	0.0000	0.0000	0.0000	0.0000	0.0000	0.0000	0.0000	0.0000	0.0000	0.0000	0.0000	0.0000	0.0000	0.0000	0.0000			0.0000	0.0000	0.0000	0.0000	0.0000	0.5132	0.0000	0.0000	0.0000	0.0000	0.0000	0.0000	0.0000	0.0000	0.0000	0.0000	0.0000	0.0000	0.0000	0.0000	0.0000	0.0000	0.0000	0.0000	0.0000	0.0000	0.0000	0.0000	0.0000	0.0000	0.0000	0.0000	0.0000	0.0000	0.0000	0.0000	0.0000	0.0000	0.0000	0.0000	0.0000	0.0000
13	42	0.0512	8	2	0	1	1	0	0	0	1	0	0	1	1	0	0	0	0	0	0	Y	N	N	N	N	N	N	N	N	N	N	N	N	N	N	N	N	N	0.0000	0.0000	0.0000	0.0000	0.0000	0.0000	0.0000	0.0000	0.0000	0.0000	0.0000	0.0000	0.0000	0.0000	0.0000	0.0000	0.0000	0.0000	0.0000	0.0000	0.0000	0.0000	0.0000	0.0000	0.0000	0.0000	0.0000			0.0000	0.0000	0.0000	0.0001	0.0000	0.0001	0.0000	0.0000	0.0000	0.0000	0.0000	0.0000	0.0000	0.0000	0.0000	0.0000	0.0000	0.0000	0.0000	0.0000	0.0000	0.0000	0.0000	0.0000	0.0000	0.0000	0.0000	0.0000	0.0000	0.0000	0.0000	0.0000	0.0000	0.0000	0.0000	0.0000	0.0000	0.0000	0.0000	0.0000	0.0000	0.0000
13	44	0.0287	7	2	0	1	0	0	0	0	0	0	1	1	1	0	0	0	0	0	0	Y	N	N	N	N	N	N	N	N	N	N	N	N	N	N	N	N	N	0.0000	0.0000	0.0000	0.0000	0.0000	0.0000	0.0000	0.0000	0.0000	0.0000	0.0000	0.0000	0.0000	0.0000	0.0000	0.0000	0.0000	0.0000	0.0000	0.0000	0.0000	0.0000	0.0000	0.0000	0.0000	0.0000	0.0000			0.0000	0.0000	0.0000	2.9998	0.0000	4.8980	0.0000	0.0000	0.0000	0.0000	0.0000	0.0000	0.0000	0.0000	0.0000	0.0000	0.0000	0.0000	0.0000	0.0000	0.0000	0.0000	0.0000	0.0000	0.0000	0.0000	0.0000	0.0000	0.0000	0.0000	0.0000	0.0000	0.0000	0.0000	0.0000	0.0000	0.0000	0.0000	0.0000	0.0000	0.0000	0.0000
13	45	0.0230	6	2	0	1	0	0	0	0	0	1	0	1	0	0	0	0	0	0	0	Y	N	N	N	N	N	N	N	N	N	N	N	N	N	N	N	N	N	0.0000	0.0000	0.0000	0.0000	0.0000	0.0000	0.0000	0.0000	0.0000	0.0000	0.0000	0.0000	0.0000	0.0000	0.0000	0.0000	0.0000	0.0000	0.0000	0.0000	0.0000	0.0000	0.0000	0.0000	0.0000	0.0000	0.0000			0.0000	0.0000	0.0000	0.0002	0.0000	2.0813	0.0000	0.0000	0.0000	0.0000	0.0000	0.0000	0.0000	0.0000	0.0000	0.0000	0.0000	0.0000	0.0000	0.0000	0.0000	0.0000	0.0000	0.0000	0.0000	0.0000	0.0000	0.0000	0.0000	0.0000	0.0000	0.0000	0.0000	0.0000	0.0000	0.0000	0.0000	0.0000	0.0000	0.0000	0.0000	0.0000
13	55	0.0228	7	2	0	1	0	0	0	0	0	0	1	1	1	0	0	0	0	0	0	Y	N	N	N	N	N	N	N	N	N	N	N	N	N	N	N	N	N	0.0000	0.0000	0.0000	0.0000	0.0000	0.0000	0.0000	0.0000	0.0000	0.0000	0.0000	0.0000	0.0000	0.0000	0.0000	0.0000	0.0000	0.0000	0.0000	0.0000	0.0000	0.0000	0.0000	0.0000	0.0000	0.0000	0.0000			0.0000	0.0000	0.0000	0.0000	0.0000	1.0065	0.0000	0.0000	0.0000	0.0000	0.0000	0.0000	0.0000	0.0000	0.0000	0.0000	0.0000	0.0000	0.0000	0.0000	0.0000	0.0000	0.0000	0.0000	0.0000	0.0000	0.0000	0.0000	0.0000	0.0000	0.0000	0.0000	0.0000	0.0000	0.0000	0.0000	0.0000	0.0000	0.0000	0.0000	0.0000	0.0000
13	56	0.0199	6	2	0	1	0	0	0	0	0	0	0	1	0	0	0	0	0	0	0	Y	N	N	N	N	N	N	N	N	N	N	N	N	N	N	N	N	N	0.0000	0.0000	0.0000	0.0000	0.0000	0.0000	0.0000	0.0000	0.0000	0.0000	0.0000	0.0000	0.0000	0.0000	0.0000	0.0000	0.0000	0.0000	0.0000	0.0000	0.0000	0.0000	0.0000	0.0000	0.0000	0.0000	0.0000			0.0000	0.0000	0.0000	0.0000	0.0000	1.0047	0.0000	0.0000	0.0000	0.0000	0.0000	0.0000	0.0000	0.0000	0.0000	0.0000	0.0000	0.0000	0.0000	0.0000	0.0000	0.0000	0.0000	0.0000	0.0000	0.0000	0.0000	0.0000	0.0000	0.0000	0.0000	0.0000	0.0000	0.0000	0.0000	0.0000	0.0000	0.0000	0.0000	0.0000	0.0000	0.0000
13	57	0.0199	5	2	0	1	0	0	0	0	0	1	0	1	0	0	0	0	0	0	0	Y	N	N	N	N	N	N	N	N	N	N	N	N	N	N	N	N	N	0.0000	0.0000	0.0000	0.0000	0.0000	0.0000	0.0000	0.0000	0.0000	0.0000	0.0000	0.0000	0.0000	0.0000	0.0000	0.0000	0.0000	0.0000	0.0000	0.0000	0.0000	0.0000	0.0000	0.0000	0.0000	0.0000	0.0000			0.0000	0.0000	0.0000	0.0000	0.0000	0.0000	0.0000	0.0000	0.0000	0.0000	0.0000	0.0000	0.0000	0.0000	0.0000	0.0000	0.0000	0.0000	0.0000	0.0000	0.0000	0.0000	0.0000	0.0000	0.0000	0.0000	0.0000	0.0000	0.0000	0.0000	0.0000	0.0000	0.0000	0.0000	0.0000	0.0000	0.0000	0.0000	0.0000	0.0000	0.0000	0.0000
13	63	0.0842	21	2	0	1	0	0	0	0	0	0	1	0	1	0	0	0	0	0	0	Y	N	N	N	N	N	N	N	N	N	N	N	N	N	N	N	N	N	0.0000	0.0000	0.0000	0.0000	0.0000	0.0000	0.0000	0.0000	0.0000	0.0000	0.0000	0.0000	0.0000	0.0000	0.0000	0.0000	0.0000	0.0000	0.0000	0.0000	0.0000	0.0000	0.0000	0.0000	0.0000	0.0000	0.0000			0.0000	0.0000	0.0000	0.0023	0.0000	3.0060	0.0000	0.0000	0.0000	0.0000	0.0000	0.0000	0.0000	0.0000	0.0000	0.0000	0.0000	0.0000	0.0000	0.0000	0.0000	0.0000	0.0000	0.0000	0.0000	0.0000	0.0000	0.0000	0.0000	0.0000	0.0000	0.0000	0.0000	0.0000	0.0000	0.0000	0.0000	0.0000	0.0000	0.0000	0.0000	0.0000
13	64	0.0814	20	2	0	1	0	1	0	0	0	0	0	0	0	0	0	0	0	0	0	Y	N	N	N	N	N	N	N	N	N	N	N	N	N	N	N	N	N	0.0000	0.0000	0.0000	0.0000	0.0000	0.0000	0.0000	0.0000	0.0000	0.0000	0.0000	0.0000	0.0000	0.0000	0.0000	0.0000	0.0000	0.0000	0.0000	0.0000	0.0000	0.0000	0.0000	0.0000	0.0000	0.0000	0.0000			0.0000	0.0000	0.0000	0.9990	0.0000	0.0212	0.0000	0.0000	0.0000	0.0000	0.0000	0.0000	0.0000	0.0000	0.0000	0.0000	0.0000	0.0000	0.0000	0.0000	0.0000	0.0000	0.0000	0.0000	0.0000	0.0000	0.0000	0.0000	0.0000	0.0000	0.0000	0.0000	0.0000	0.0000	0.0000	0.0000	0.0000	0.0000	0.0000	0.0000	0.0000	0.0000
13	69	0.0534	10	2	0	1	0	0	0	0	0	0	0	0	0	0	0	0	0	0	0	Y	N	N	N	N	N	N	N	N	N	N	N	N	N	N	N	N	N	0.0000	0.0000	0.0000	0.0000	0.0000	0.0000	0.0000	0.0000	0.0000	0.0000	0.0000	0.0000	0.0000	0.0000	0.0000	0.0000	0.0000	0.0000	0.0000	0.0000	0.0000	0.0000	0.0000	0.0000	0.0000	0.0000	0.0000			0.0000	0.0000	0.0000	1.0007	0.0000	1.2584	0.0000	0.0000	0.0000	0.0000	0.0000	0.0000	0.0000	0.0000	0.0000	0.0000	0.0000	0.0000	0.0000	0.0000	0.0000	0.0000	0.0000	0.0000	0.0000	0.0000	0.0000	0.0000	0.0000	0.0000	0.0000	0.0000	0.0000	0.0000	0.0000	0.0000	0.0000	0.0000	0.0000	0.0000	0.0000	0.0000
13	70	0.0392	9	2	0	1	0	1	0	0	0	0	0	0	0	0	0	0	0	0	0	Y	N	N	N	N	N	N	N	N	N	N	N	N	N	N	N	N	N	0.0000	0.0000	0.0000	0.0000	0.0000	0.0000	0.0000	0.0000	0.0000	0.0000	0.0000	0.0000	0.0000	0.0000	0.0000	0.0000	0.0000	0.0000	0.0000	0.0000	0.0000	0.0000	0.0000	0.0000	0.0000	0.0000	0.0000			0.0000	0.0000	0.0000	3.0007	0.0000	1.9606	0.0000	0.0000	0.0000	0.0000	0.0000	0.0000	0.0000	0.0000	0.0000	0.0000	0.0000	0.0000	0.0000	0.0000	0.0000	0.0000	0.0000	0.0000	0.0000	0.0000	0.0000	0.0000	0.0000	0.0000	0.0000	0.0000	0.0000	0.0000	0.0000	0.0000	0.0000	0.0000	0.0000	0.0000	0.0000	0.0000
13	75	0.0502	9	2	0	1	0	0	0	0	0	0	0	1	1	0	0	0	0	0	0	Y	N	N	N	N	N	N	N	N	N	N	N	N	N	N	N	N	N	0.0000	0.0000	0.0000	0.0000	0.0000	0.0000	0.0000	0.0000	0.0000	0.0000	0.0000	0.0000	0.0000	0.0000	0.0000	0.0000	0.0000	0.0000	0.0000	0.0000	0.0000	0.0000	0.0000	0.0000	0.0000	0.0000	0.0000			0.0000	0.0000	0.0000	0.0000	0.0000	1.0000	0.0000	0.0000	0.0000	0.0000	0.0000	0.0000	0.0000	0.0000	0.0000	0.0000	0.0000	0.0000	0.0000	0.0000	0.0000	0.0000	0.0000	0.0000	0.0000	0.0000	0.0000	0.0000	0.0000	0.0000	0.0000	0.0000	0.0000	0.0000	0.0000	0.0000	0.0000	0.0000	0.0000	0.0000	0.0000	0.0000
13	76	0.0502	8	2	0	1	0	0	0	0	0	0	1	1	1	0	0	0	0	0	0	Y	N	N	N	N	N	N	N	N	N	N	N	N	N	N	N	N	N	0.0000	0.0000	0.0000	0.0000	0.0000	0.0000	0.0000	0.0000	0.0000	0.0000	0.0000	0.0000	0.0000	0.0000	0.0000	0.0000	0.0000	0.0000	0.0000	0.0000	0.0000	0.0000	0.0000	0.0000	0.0000	0.0000	0.0000			0.0000	0.0000	0.0000	0.0000	0.0000	0.0000	0.0000	0.0000	0.0000	0.0000	0.0000	0.0000	0.0000	0.0000	0.0000	0.0000	0.0000	0.0000	0.0000	0.0000	0.0000	0.0000	0.0000	0.0000	0.0000	0.0000	0.0000	0.0000	0.0000	0.0000	0.0000	0.0000	0.0000	0.0000	0.0000	0.0000	0.0000	0.0000	0.0000	0.0000	0.0000	0.0000
13	77	0.0284	7	2	0	1	0	0	0	0	0	1	0	1	0	0	0	0	0	0	0	Y	N	N	N	N	N	N	N	N	N	N	N	N	N	N	N	N	N	0.0000	0.0000	0.0000	0.0000	0.0000	0.0000	0.0000	0.0000	0.0000	0.0000	0.0000	0.0000	0.0000	0.0000	0.0000	0.0000	0.0000	0.0000	0.0000	0.0000	0.0000	0.0000	0.0000	0.0000	0.0000	0.0000	0.0000			0.0000	0.0000	0.0000	0.0002	0.0000	3.7635	0.0000	0.0000	0.0000	0.0000	0.0000	0.0000	0.0000	0.0000	0.0000	0.0000	0.0000	0.0000	0.0000	0.0000	0.0000	0.0000	0.0000	0.0000	0.0000	0.0000	0.0000	0.0000	0.0000	0.0000	0.0000	0.0000	0.0000	0.0000	0.0000	0.0000	0.0000	0.0000	0.0000	0.0000	0.0000	0.0000
13	93	0.0814	17	2	0	1	0	0	0	0	0	0	0	0	0	0	0	0	0	0	0	Y	N	N	N	N	N	N	N	N	N	N	N	N	N	N	N	N	N	0.0000	0.0000	0.0000	0.0000	0.0000	0.0000	0.0000	0.0000	0.0000	0.0000	0.0000	0.0000	0.0000	0.0000	0.0000	0.0000	0.0000	0.0000	0.0000	0.0000	0.0000	0.0000	0.0000	0.0000	0.0000	0.0000	0.0000			0.0000	0.0000	0.0000	0.0001	0.0000	0.0783	0.0000	0.0000	0.0000	0.0000	0.0000	0.0000	0.0000	0.0000	0.0000	0.0000	0.0000	0.0000	0.0000	0.0000	0.0000	0.0000	0.0000	0.0000	0.0000	0.0000	0.0000	0.0000	0.0000	0.0000	0.0000	0.0000	0.0000	0.0000	0.0000	0.0000	0.0000	0.0000	0.0000	0.0000	0.0000	0.0000
13	94	0.0728	16	2	0	1	0	1	0	0	0	0	0	0	0	0	0	0	0	0	0	Y	N	N	N	N	N	N	N	N	N	N	N	N	N	N	N	N	N	0.0000	0.0000	0.0000	0.0000	0.0000	0.0000	0.0000	0.0000	0.0000	0.0000	0.0000	0.0000	0.0000	0.0000	0.0000	0.0000	0.0000	0.0000	0.0000	0.0000	0.0000	0.0000	0.0000	0.0000	0.0000	0.0000	0.0000			0.0000	0.0000	0.0000	0.0004	0.0000	2.9660	0.0000	0.0000	0.0000	0.0000	0.0000	0.0000	0.0000	0.0000	0.0000	0.0000	0.0000	0.0000	0.0000	0.0000	0.0000	0.0000	0.0000	0.0000	0.0000	0.0000	0.0000	0.0000	0.0000	0.0000	0.0000	0.0000	0.0000	0.0000	0.0000	0.0000	0.0000	0.0000	0.0000	0.0000	0.0000	0.0000
15	16	0.0508	7	2	0	1	1	1	0	1	0	0	0	1	1	0	0	0	0	0	0	Y	N	N	N	N	N	N	N	N	N	N	N	N	N	N	N	N	N	0.0000	0.0000	0.0000	0.0000	0.0000	0.0000	0.0000	0.0000	0.0000	0.0000	0.0000	0.0000	0.0000	0.0000	0.0000	0.0000	0.0000	0.0000	0.0000	0.0000	0.0000	0.0000	0.0000	0.0000	0.0000	0.0000	0.0000			0.0000	0.0000	0.0000	0.0000	3.0230	1.0000	0.0000	0.0000	0.0000	0.0000	0.0000	0.0000	0.0000	0.0000	0.0000	0.0000	0.0000	0.0000	0.0000	0.0000	0.0000	0.0000	0.0000	0.0000	0.0000	0.0000	0.0000	0.0000	0.0000	0.0000	0.0000	0.0000	0.0000	0.0044	0.0021	0.0023	0.0003	0.0002	0.0001	0.0041	0.0019	0.0022
15	30	0.0835	14	2	0	1	1	1	0	1	1	0	1	1	1	0	0	0	0	0	0	Y	N	N	N	N	N	N	N	N	N	N	N	N	N	N	N	N	N	0.0000	0.0000	0.0000	0.0000	0.0000	0.0000	0.0000	0.0000	0.0000	0.0000	0.0000	0.0000	0.0000	0.0000	0.0000	0.0000	0.0000	0.0000	0.0000	0.0000	0.0000	0.0000	0.0000	0.0000	0.0000	0.0000	0.0000			0.0000	0.0000	0.0000	0.0002	3.0230	1.1973	0.0000	0.0000	0.0000	0.0000	0.0000	0.0000	0.0000	0.0000	0.0000	0.0000	0.0000	0.0000	0.0000	0.0000	0.0000	0.0000	0.0000	0.0000	0.0000	0.0000	0.0000	0.0000	0.0000	0.0000	0.0000	0.0000	0.0000	0.0088	0.0054	0.0034	0.0017	0.0016	0.0001	0.0071	0.0038	0.0033
15	31	0.0597	13	2	0	1	0	2	0	1	0	1	0	1	0	0	0	0	0	0	0	Y	N	N	N	N	N	N	N	N	N	N	N	N	N	N	N	N	N	0.0000	0.0000	0.0000	0.0000	0.0000	0.0000	0.0000	0.0000	0.0000	0.0000	0.0000	0.0000	0.0000	0.0000	0.0000	0.0000	0.0000	0.0000	0.0000	0.0000	0.0000	0.0000	0.0000	0.0000	0.0000	0.0000	0.0000			0.0000	0.0000	0.0000	2.0002	3.0230	1.8085	0.0000	0.0000	0.0000	0.0000	0.0000	0.0000	0.0000	0.0000	0.0000	0.0000	0.0000	0.0000	0.0000	0.0000	0.0000	0.0000	0.0000	0.0000	0.0000	0.0000	0.0000	0.0000	0.0000	0.0000	0.0000	0.0000	0.0000	0.0216	0.0106	0.0111	0.0018	0.0015	0.0003	0.0198	0.0091	0.0107
15	37	0.0256	6	2	0	1	1	1	0	1	1	0	1	1	1	0	0	0	0	0	0	Y	N	N	N	N	N	N	N	N	N	N	N	N	N	N	N	N	N	0.0000	0.0000	0.0000	0.0000	0.0000	0.0000	0.0000	0.0000	0.0000	0.0000	0.0000	0.0000	0.0000	0.0000	0.0000	0.0000	0.0000	0.0000	0.0000	0.0000	0.0000	0.0000	0.0000	0.0000	0.0000	0.0000	0.0000			0.0000	0.0000	0.0000	0.0000	3.0230	2.0000	0.0000	0.0000	0.0000	0.0000	0.0000	0.0000	0.0000	0.0000	0.0000	0.0000	0.0000	0.0000	0.0000	0.0000	0.0000	0.0000	0.0000	0.0000	0.0000	0.0000	0.0000	0.0000	0.0000	0.0000	0.0000	0.0000	0.0000	0.0123	0.0057	0.0066	0.0004	0.0004	0.0001	0.0119	0.0054	0.0065
15	38	0.0298	8	2	0	1	0	1	0	1	0	0	1	1	1	0	0	0	0	0	0	Y	N	N	N	N	N	N	N	N	N	N	N	N	N	N	N	N	N	0.0000	0.0000	0.0000	0.0000	0.0000	0.0000	0.0000	0.0000	0.0000	0.0000	0.0000	0.0000	0.0000	0.0000	0.0000	0.0000	0.0000	0.0000	0.0000	0.0000	0.0000	0.0000	0.0000	0.0000	0.0000	0.0000	0.0000			0.0000	0.0000	0.0000	0.0000	3.0230	0.4891	0.0000	0.0000	0.0000	0.0000	0.0000	0.0000	0.0000	0.0000	0.0000	0.0000	0.0000	0.0000	0.0000	0.0000	0.0000	0.0000	0.0000	0.0000	0.0000	0.0000	0.0000	0.0000	0.0000	0.0000	0.0000	0.0000	0.0000	0.0053	0.0027	0.0027	0.0021	0.0021	0.0000	0.0033	0.0006	0.0026
15	39	0.0284	7	2	0	1	0	1	0	1	0	0	0	1	0	0	0	0	0	0	0	Y	N	N	N	N	N	N	N	N	N	N	N	N	N	N	N	N	N	0.0000	0.0000	0.0000	0.0000	0.0000	0.0000	0.0000	0.0000	0.0000	0.0000	0.0000	0.0000	0.0000	0.0000	0.0000	0.0000	0.0000	0.0000	0.0000	0.0000	0.0000	0.0000	0.0000	0.0000	0.0000	0.0000	0.0000			0.0000	0.0000	0.0000	0.0000	3.0230	0.5132	0.0000	0.0000	0.0000	0.0000	0.0000	0.0000	0.0000	0.0000	0.0000	0.0000	0.0000	0.0000	0.0000	0.0000	0.0000	0.0000	0.0000	0.0000	0.0000	0.0000	0.0000	0.0000	0.0000	0.0000	0.0000	0.0000	0.0000	0.0033	0.0015	0.0018	0.0002	0.0001	0.0000	0.0031	0.0014	0.0017
15	42	0.0508	6	2	0	1	1	1	0	1	1	0	0	1	1	0	0	0	0	0	0	Y	N	N	N	N	N	N	N	N	N	N	N	N	N	N	N	N	N	0.0000	0.0000	0.0000	0.0000	0.0000	0.0000	0.0000	0.0000	0.0000	0.0000	0.0000	0.0000	0.0000	0.0000	0.0000	0.0000	0.0000	0.0000	0.0000	0.0000	0.0000	0.0000	0.0000	0.0000	0.0000	0.0000	0.0000			0.0000	0.0000	0.0000	0.0001	3.0230	0.0001	0.0000	0.0000	0.0000	0.0000	0.0000	0.0000	0.0000	0.0000	0.0000	0.0000	0.0000	0.0000	0.0000	0.0000	0.0000	0.0000	0.0000	0.0000	0.0000	0.0000	0.0000	0.0000	0.0000	0.0000	0.0000	0.0000	0.0000	0.0023	0.0020	0.0003	0.0012	0.0012	0.0000	0.0011	0.0009	0.0002
15	44	0.0283	5	2	0	1	0	1	0	1	0	0	1	1	1	0	0	0	0	0	0	Y	N	N	N	N	N	N	N	N	N	N	N	N	N	N	N	N	N	0.0000	0.0000	0.0000	0.0000	0.0000	0.0000	0.0000	0.0000	0.0000	0.0000	0.0000	0.0000	0.0000	0.0000	0.0000	0.0000	0.0000	0.0000	0.0006	0.0000	0.0012	0.0000	0.0000	0.0000	0.0006	0.0000	0.0012		477.4746	0.0000	0.0000	0.0000	2.9998	3.0230	4.8980	0.0000	0.0000	0.0000	0.0000	0.0000	0.0000	0.0000	0.0000	0.0000	0.0000	0.0000	0.0000	0.0000	0.0000	0.0000	0.0000	0.0000	0.0000	0.0000	0.0000	0.0000	0.0000	0.0000	0.0000	0.0000	0.0000	0.0000	0.0488	0.0232	0.0256	0.0024	0.0022	0.0002	0.0463	0.0210	0.0253
15	45	0.0225	4	2	0	1	0	1	0	1	0	1	0	1	0	0	0	0	0	0	0	Y	N	N	N	N	N	N	N	N	N	N	N	N	N	N	N	N	N	0.0000	0.0000	0.0000	0.0000	0.0000	0.0000	0.0000	0.0000	0.0000	0.0000	0.0000	0.0000	0.0000	0.0000	0.0000	0.0000	0.0000	0.0000	0.0000	0.0000	0.0000	0.0000	0.0000	0.0000	0.0000	0.0000	0.0000		0.0000	0.0000	-0.0000	0.0000	0.0002	3.0230	2.0813	0.0000	0.0000	0.0000	0.0000	0.0000	0.0000	0.0000	0.0000	0.0000	0.0000	0.0000	0.0000	0.0000	0.0000	0.0000	0.0000	0.0000	0.0000	0.0000	0.0000	0.0000	0.0000	0.0000	0.0000	0.0000	0.0000	0.0000	0.0137	0.0068	0.0069	0.0008	0.0008	0.0001	0.0129	0.0060	0.0069
15	55	0.0284	7	2	0	1	0	1	0	1	0	0	1	1	1	0	0	0	0	0	0	Y	N	N	N	N	N	N	N	N	N	N	N	N	N	N	N	N	N	0.0000	0.0000	0.0000	0.0000	0.0000	0.0000	0.0000	0.0000	0.0000	0.0000	0.0000	0.0000	0.0000	0.0000	0.0000	0.0000	0.0000	0.0000	0.0000	0.0000	0.0000	0.0000	0.0000	0.0000	0.0000	0.0000	0.0000			0.0000	0.0000	0.0000	0.0000	3.0230	1.0065	0.0000	0.0000	0.0000	0.0000	0.0000	0.0000	0.0000	0.0000	0.0000	0.0000	0.0000	0.0000	0.0000	0.0000	0.0000	0.0000	0.0000	0.0000	0.0000	0.0000	0.0000	0.0000	0.0000	0.0000	0.0000	0.0000	0.0000	0.0063	0.0029	0.0034	0.0003	0.0002	0.0000	0.0061	0.0027	0.0034
15	56	0.0256	6	2	0	1	0	1	0	1	0	0	0	1	0	0	0	0	0	0	0	Y	N	N	N	N	N	N	N	N	N	N	N	N	N	N	N	N	N	0.0000	0.0000	0.0000	0.0000	0.0000	0.0000	0.0000	0.0000	0.0000	0.0000	0.0000	0.0000	0.0000	0.0000	0.0000	0.0000	0.0000	0.0000	0.0000	0.0000	0.0000	0.0000	0.0000	0.0000	0.0000	0.0000	0.0000			0.0000	0.0000	0.0000	0.0000	3.0230	1.0047	0.0000	0.0000	0.0000	0.0000	0.0000	0.0000	0.0000	0.0000	0.0000	0.0000	0.0000	0.0000	0.0000	0.0000	0.0000	0.0000	0.0000	0.0000	0.0000	0.0000	0.0000	0.0000	0.0000	0.0000	0.0000	0.0000	0.0000	0.0062	0.0029	0.0033	0.0002	0.0002	0.0000	0.0060	0.0027	0.0033
15	57	0.0256	5	2	0	1	0	1	0	1	0	1	0	1	0	0	0	0	0	0	0	Y	N	N	N	N	N	N	N	N	N	N	N	N	N	N	N	N	N	0.0000	0.0000	0.0000	0.0000	0.0000	0.0000	0.0000	0.0000	0.0000	0.0000	0.0000	0.0000	0.0000	0.0000	0.0000	0.0000	0.0000	0.0000	0.0000	0.0000	0.0000	0.0000	0.0000	0.0000	0.0000	0.0000	0.0000			0.0000	0.0000	0.0000	0.0000	3.0230	0.0000	0.0000	0.0000	0.0000	0.0000	0.0000	0.0000	0.0000	0.0000	0.0000	0.0000	0.0000	0.0000	0.0000	0.0000	0.0000	0.0000	0.0000	0.0000	0.0000	0.0000	0.0000	0.0000	0.0000	0.0000	0.0000	0.0000	0.0000	0.0000	0.0000	0.0000	0.0000	0.0000	0.0000	0.0000	0.0000	0.0000
15	61	0.0225	4	2	0	1	0	1	0	1	0	0	0	0	0	0	0	0	0	0	0	Y	N	N	N	N	N	N	N	N	N	N	N	N	N	N	N	N	N	0.0000	0.0000	0.0000	0.0000	0.0000	0.0000	0.0000	0.0000	0.0000	0.0000	0.0000	0.0000	0.0000	0.0000	0.0000	0.0000	0.0000	0.0000	0.0000	0.0000	0.0000	0.0000	0.0000	0.0000	0.0000	0.0000	0.0000		0.0000	0.0000	-0.0000	0.0000	0.0000	3.0230	1.0227	0.0000	0.0000	0.0000	0.0000	0.0000	0.0000	0.0000	0.0000	0.0000	0.0000	0.0000	0.0000	0.0000	0.0000	0.0000	0.0000	0.0000	0.0000	0.0000	0.0000	0.0000	0.0000	0.0000	0.0000	0.0000	0.0000	0.0000	0.0073	0.0038	0.0035	0.0006	0.0006	0.0000	0.0066	0.0032	0.0034
15	62	0.0171	3	2	0	1	0	1	0	1	0	0	0	0	0	0	0	0	0	0	0	Y	N	N	N	N	N	N	N	N	N	N	N	N	N	N	N	N	N	0.0000	0.0000	0.0000	0.0000	0.0000	0.0000	0.0000	0.0000	0.0000	0.0000	0.0000	0.0000	0.0000	0.0000	0.0000	0.0000	0.0000	0.0000	0.0104	0.0218	0.0000	0.1002	0.1002	0.0409	0.0000	0.0000	0.0000		0.0008	0.0000	-0.0001	0.0000	0.4815	3.0230	1.4942	0.0000	0.0000	0.0000	0.0000	0.0000	0.0000	0.0000	0.0000	0.0000	0.0002	0.0002	0.0000	0.0002	0.0002	0.0000	0.0000	0.0000	0.0000	0.0000	0.0000	0.0000	0.0000	0.0000	0.0000	0.0000	0.0000	0.0000	0.0150	0.0071	0.0078	0.0016	0.0015	0.0000	0.0134	0.0056	0.0078
15	63	0.0614	15	2	0	1	0	1	0	1	0	0	1	0	1	0	0	0	0	0	0	Y	N	N	N	N	N	N	N	N	N	N	N	N	N	N	N	N	N	0.0000	0.0000	0.0000	0.0000	0.0000	0.0000	0.0000	0.0000	0.0000	0.0000	0.0000	0.0000	0.0000	0.0000	0.0000	0.0000	0.0000	0.0000	0.0000	0.0000	0.0000	0.0000	0.0000	0.0000	0.0000	0.0000	0.0000			0.0000	0.0000	0.0000	0.0023	3.0230	3.0060	0.0000	0.0000	0.0000	0.0000	0.0000	0.0000	0.0000	0.0000	0.0000	0.0000	0.0000	0.0000	0.0000	0.0000	0.0000	0.0000	0.0000	0.0000	0.0000	0.0000	0.0000	0.0000	0.0000	0.0000	0.0000	0.0000	0.0000	0.0181	0.0089	0.0092	0.0017	0.0015	0.0002	0.0164	0.0074	0.0090
15	64	0.0586	14	2	0	1	0	2	0	1	0	0	0	0	0	0	0	0	0	0	0	Y	N	N	N	N	N	N	N	N	N	N	N	N	N	N	N	N	N	0.0000	0.0000	0.0000	0.0000	0.0000	0.0000	0.0000	0.0000	0.0000	0.0000	0.0000	0.0000	0.0000	0.0000	0.0000	0.0000	0.0000	0.0000	0.0016	0.0000	0.0032	0.0001	0.0001	0.0000	0.0018	0.0000	0.0033		303.2470	0.0000	0.0000	0.0000	0.9990	3.0230	0.0212	0.0000	0.0000	0.0000	0.0000	0.0000	0.0000	0.0000	0.0000	0.0000	0.0000	0.0000	0.0000	0.0000	0.0000	0.0000	0.0000	0.0000	0.0000	0.0000	0.0000	0.0000	0.0000	0.0000	0.0000	0.0000	0.0000	0.0000	0.0062	0.0031	0.0031	0.0006	0.0005	0.0001	0.0056	0.0025	0.0031
15	69	0.0305	4	2	0	1	0	1	0	1	0	0	0	0	0	0	0	0	0	0	0	Y	N	N	N	N	N	N	N	N	N	N	N	N	N	N	N	N	N	0.0000	0.0000	0.0000	0.0000	0.0000	0.0000	0.0000	0.0000	0.0000	0.0000	0.0000	0.0000	0.0000	0.0000	0.0000	0.0000	0.0000	0.0000	0.0000	0.0000	0.0000	0.0000	0.0000	0.0001	0.0000	0.0000	0.0000		inf	0.0000	0.0000	0.0000	1.0007	3.0230	1.2584	0.0000	0.0000	0.0000	0.0000	0.0000	0.0000	0.0000	0.0000	0.0000	0.0000	0.0000	0.0000	0.0000	0.0000	0.0000	0.0000	0.0000	0.0000	0.0000	0.0000	0.0000	0.0000	0.0000	0.0000	0.0000	0.0000	0.0000	0.0167	0.0081	0.0086	0.0020	0.0015	0.0005	0.0148	0.0066	0.0081
15	70	0.0164	3	2	0	1	0	2	0	1	0	0	0	0	0	0	0	0	0	0	0	Y	N	N	N	N	N	N	N	N	N	N	N	N	N	N	N	N	N	0.0000	0.0000	0.0000	0.0000	0.0000	0.0000	0.0000	0.0000	0.0000	0.0000	0.0000	0.0000	0.0000	0.0000	0.0000	0.0000	0.0000	0.0000	0.0000	0.0000	0.0000	0.0005	0.0005	0.0000	0.0000	0.0000	0.0000		0.0009	0.0000	-0.0000	0.0000	3.0007	3.0230	1.9606	0.0000	0.0000	0.0000	0.0000	0.0000	0.0000	0.0000	0.0000	0.0000	0.0000	0.0000	0.0000	0.0000	0.0000	0.0000	0.0000	0.0000	0.0000	0.0000	0.0000	0.0000	0.0000	0.0000	0.0000	0.0000	0.0000	0.0000	0.0315	0.0145	0.0171	0.0007	0.0007	0.0000	0.0308	0.0138	0.0171
15	75	0.0390	5	2	0	1	0	1	0	1	0	0	0	1	1	0	0	0	0	0	0	Y	N	N	N	N	N	N	N	N	N	N	N	N	N	N	N	N	N	0.0000	0.0000	0.0000	0.0000	0.0000	0.0000	0.0000	0.0000	0.0000	0.0000	0.0000	0.0000	0.0000	0.0000	0.0000	0.0000	0.0000	0.0000	0.0000	0.0000	0.0000	0.0000	0.0000	0.0000	0.0000	0.0000	0.0000			0.0000	0.0000	0.0000	0.0000	3.0230	1.0000	0.0000	0.0000	0.0000	0.0000	0.0000	0.0000	0.0000	0.0000	0.0000	0.0000	0.0000	0.0000	0.0000	0.0000	0.0000	0.0000	0.0000	0.0000	0.0000	0.0000	0.0000	0.0000	0.0000	0.0000	0.0000	0.0000	0.0000	0.0059	0.0035	0.0024	0.0004	0.0003	0.0000	0.0055	0.0031	0.0023
15	76	0.0390	4	2	0	1	0	1	0	1	0	0	1	1	1	0	0	0	0	0	0	Y	N	N	N	N	N	N	N	N	N	N	N	N	N	N	N	N	N	0.0000	0.0000	0.0000	0.0000	0.0000	0.0000	0.0000	0.0000	0.0000	0.0000	0.0000	0.0000	0.0000	0.0000	0.0000	0.0000	0.0000	0.0000	0.0000	0.0000	0.0000	0.0000	0.0000	0.0076	0.0000	0.0000	0.0000		inf	0.0000	0.0000	0.0000	0.0000	3.0230	0.0000	0.0000	0.0000	0.0000	0.0000	0.0000	0.0000	0.0000	0.0000	0.0000	0.0000	0.0000	0.0000	0.0000	0.0000	0.0000	0.0000	0.0000	0.0000	0.0000	0.0000	0.0000	0.0000	0.0000	0.0000	0.0000	0.0000	0.0000	0.0007	0.0004	0.0003	0.0004	0.0004	0.0000	0.0004	0.0000	0.0003
15	77	0.0171	3	2	0	1	0	1	0	1	0	1	0	1	0	0	0	0	0	0	0	Y	N	N	N	N	N	N	N	N	N	N	N	N	N	N	N	N	N	0.0000	0.0000	0.0000	0.0000	0.0000	0.0000	0.0000	0.0000	0.0000	0.0000	0.0000	0.0000	0.0000	0.0000	0.0000	0.0000	0.0000	0.0000	0.0000	0.0001	0.0000	0.0006	0.0006	0.0000	0.0000	0.0000	0.0000		0.0000	0.0000	-0.0000	0.0000	0.0002	3.0230	3.7635	0.0000	0.0000	0.0000	0.0000	0.0000	0.0000	0.0000	0.0000	0.0000	0.0000	0.0000	0.0000	0.0000	0.0000	0.0000	0.0000	0.0000	0.0000	0.0000	0.0000	0.0000	0.0000	0.0000	0.0000	0.0000	0.0000	0.0000	0.0258	0.0121	0.0137	0.0017	0.0017	0.0000	0.0241	0.0104	0.0137
15	78	0.0113	2	2	0	1	0	2	0	1	0	0	0	0	0	0	0	0	0	0	0	Y	N	N	N	N	N	N	N	N	N	N	N	N	N	N	N	N	N	0.0000	0.0000	0.0000	0.0000	0.0000	0.0000	0.0000	0.0000	0.0000	0.0000	0.0000	0.0000	0.0000	0.0000	0.0000	0.0000	0.0000	0.0000	0.0343	0.0513	0.0201	0.6792	0.6795	0.0060	0.0113	0.0000	0.0201		0.4696	0.0000	-0.0001	0.0000	0.5196	3.0230	1.5432	0.0000	0.0000	0.0000	0.0000	0.0000	0.0000	0.0000	0.0000	0.0000	0.0005	0.0003	0.0002	0.0003	0.0003	0.0000	0.0002	0.0000	0.0002	0.0000	0.0000	0.0000	0.0000	0.0000	0.0000	0.0000	0.0000	0.0000	0.0137	0.0062	0.0075	0.0005	0.0005	0.0000	0.0132	0.0058	0.0075
15	93	0.0586	11	2	0	1	0	1	0	1	0	0	0	0	0	0	0	0	0	0	0	Y	N	N	N	N	N	N	N	N	N	N	N	N	N	N	N	N	N	0.0000	0.0000	0.0000	0.0000	0.0000	0.0000	0.0000	0.0000	0.0000	0.0000	0.0000	0.0000	0.0000	0.0000	0.0000	0.0000	0.0000	0.0000	0.0000	0.0000	0.0000	0.0000	0.0000	0.0000	0.0000	0.0000	0.0000			0.0000	0.0000	0.0000	0.0001	3.0230	0.0783	0.0000	0.0000	0.0000	0.0000	0.0000	0.0000	0.0000	0.0000	0.0000	0.0000	0.0000	0.0000	0.0000	0.0000	0.0000	0.0000	0.0000	0.0000	0.0000	0.0000	0.0000	0.0000	0.0000	0.0000	0.0000	0.0000	0.0000	0.0013	0.0007	0.0006	0.0004	0.0004	0.0000	0.0008	0.0003	0.0006
15	94	0.0500	10	2	0	1	0	2	0	1	0	0	0	0	0	0	0	0	0	0	0	Y	N	N	N	N	N	N	N	N	N	N	N	N	N	N	N	N	N	0.0000	0.0000	0.0000	0.0000	0.0000	0.0000	0.0000	0.0000	0.0000	0.0000	0.0000	0.0000	0.0000	0.0000	0.0000	0.0000	0.0000	0.0000	0.0000	0.0000	0.0000	0.0000	0.0000	0.0000	0.0000	0.0000	0.0000		0.0000	0.0000	-0.0000	0.0000	0.0004	3.0230	2.9660	0.0000	0.0000	0.0000	0.0000	0.0000	0.0000	0.0000	0.0000	0.0000	0.0000	0.0000	0.0000	0.0000	0.0000	0.0000	0.0000	0.0000	0.0000	0.0000	0.0000	0.0000	0.0000	0.0000	0.0000	0.0000	0.0000	0.0000	0.0186	0.0090	0.0096	0.0016	0.0014	0.0002	0.0170	0.0076	0.0094
16	17	0.0849	13	2	0	1	1	0	0	0	0	0	0	1	1	0	0	0	0	0	0	Y	N	N	N	N	N	N	N	N	N	N	N	N	N	N	N	N	N	0.0000	0.0000	0.0000	0.0000	0.0000	0.0000	0.0000	0.0000	0.0000	0.0000	0.0000	0.0000	0.0000	0.0000	0.0000	0.0000	0.0000	0.0000	0.0017	0.0036	0.0000	0.0164	0.0236	0.0000	0.0000	0.0000	0.0000		0.0000	0.0000	-0.0000	0.0000	3.0020	1.0000	5.0291	0.0000	0.0000	0.0000	0.0000	0.0000	0.0000	0.0000	0.0000	0.0000	0.0000	0.0000	0.0000	0.0000	0.0000	0.0000	0.0000	0.0000	0.0000	0.0000	0.0000	0.0000	0.0000	0.0000	0.0000	0.0000	0.0000	0.0000	0.0115	0.0056	0.0059	0.0012	0.0008	0.0004	0.0103	0.0047	0.0056
16	18	0.0742	12	2	0	1	1	0	0	0	0	0	0	1	1	0	0	0	0	0	0	Y	N	N	N	N	N	N	N	N	N	N	N	N	N	N	N	N	N	0.0000	0.0000	0.0000	0.0000	0.0000	0.0000	0.0000	0.0000	0.0000	0.0000	0.0000	0.0000	0.0000	0.0000	0.0000	0.0000	0.0000	0.0000	0.0000	0.0000	0.0000	0.0000	0.0000	0.0000	0.0000	0.0000	0.0000			0.0000	0.0000	0.0000	0.0121	1.0000	3.0257	0.0000	0.0000	0.0000	0.0000	0.0000	0.0000	0.0000	0.0000	0.0000	0.0000	0.0000	0.0000	0.0000	0.0000	0.0000	0.0000	0.0000	0.0000	0.0000	0.0000	0.0000	0.0000	0.0000	0.0000	0.0000	0.0000	0.0000	0.0046	0.0023	0.0024	0.0005	0.0004	0.0001	0.0041	0.0019	0.0022
16	19	0.0285	4	2	0	1	1	0	0	0	0	0	0	2	1	0	0	0	0	0	0	Y	N	N	N	Y	N	N	N	N	N	N	N	N	N	N	N	N	N	0.0000	0.0000	0.0000	0.0000	0.0000	0.0000	0.0000	0.0000	0.0000	0.0000	0.0000	0.0000	0.0000	0.0000	0.0000	0.0000	0.0000	0.0000	0.0000	0.0000	0.0000	0.0000	0.0000	0.0000	0.0000	0.0000	0.0000			0.0000	0.0000	0.0000	0.9999	1.0000	7.0877	0.0000	0.0000	0.0000	0.0000	0.0000	0.0000	0.0000	0.0000	0.0000	0.0000	0.0000	0.0000	0.0000	0.0000	0.0000	0.0000	0.0000	0.0000	0.0000	0.0000	0.0000	0.0000	0.0000	0.0000	0.0000	0.0000	0.0000	0.0121	0.0058	0.0064	0.0011	0.0007	0.0003	0.0111	0.0050	0.0060
16	20	0.0257	3	2	0	1	1	0	0	1	0	0	0	2	1	0	0	0	0	0	0	Y	N	N	N	Y	N	N	N	N	N	N	N	N	N	N	N	N	N	0.0000	0.0000	0.0000	0.0000	0.0000	0.0000	0.0000	0.0000	0.0000	0.0000	0.0000	0.0000	0.0000	0.0000	0.0000	0.0000	0.0000	0.0000	0.0000	0.0000	0.0000	0.0000	0.0000	0.0000	0.0000	0.0000	0.0000			0.0000	0.0000	0.0000	0.0002	1.0000	0.9617	0.0000	0.0000	0.0000	0.0000	0.0000	0.0000	0.0000	0.0000	0.0000	0.0000	0.0000	0.0000	0.0000	0.0000	0.0000	0.0000	0.0000	0.0000	0.0000	0.0000	0.0000	0.0000	0.0000	0.0000	0.0000	0.0000	0.0000	0.0019	0.0010	0.0009	0.0003	0.0003	0.0000	0.0016	0.0007	0.0008
16	21	0.1148	18	2	0	1	1	0	0	1	0	0	0	2	1	0	0	0	0	0	0	Y	N	N	N	Y	N	N	N	N	N	N	N	N	N	N	N	N	N	0.0000	0.0000	0.0000	0.0000	0.0000	0.0000	0.0000	0.0000	0.0000	0.0000	0.0000	0.0000	0.0000	0.0000	0.0000	0.0000	0.0000	0.0000	0.0000	0.0000	0.0000	0.0000	0.0000	0.0000	0.0000	0.0000	0.0000			0.0000	0.0000	0.0000	0.0000	1.0000	0.0000	0.0000	0.0000	0.0000	0.0000	0.0000	0.0000	0.0000	0.0000	0.0000	0.0000	0.0000	0.0000	0.0000	0.0000	0.0000	0.0000	0.0000	0.0000	0.0000	0.0000	0.0000	0.0000	0.0000	0.0000	0.0000	0.0000	0.0000	0.0007	0.0006	0.0001	0.0004	0.0004	0.0000	0.0004	0.0003	0.0001
16	22	0.1228	13	2	0	1	1	0	0	0	0	0	0	1	1	0	0	0	0	0	0	Y	N	N	N	N	N	N	N	N	N	N	N	N	N	N	N	N	N	0.0000	0.0000	0.0000	0.0000	0.0000	0.0000	0.0000	0.0000	0.0000	0.0000	0.0000	0.0000	0.0000	0.0000	0.0000	0.0000	0.0000	0.0000	0.0017	0.0035	0.0000	0.0195	0.0281	0.0000	0.0000	0.0000	0.0000		0.0000	0.0000	-0.0000	0.0000	0.0001	1.0000	8.1501	0.0000	0.0000	0.0000	0.0000	0.0000	0.0000	0.0000	0.0000	0.0000	0.0000	0.0000	0.0000	0.0000	0.0000	0.0000	0.0000	0.0000	0.0000	0.0000	0.0000	0.0000	0.0000	0.0000	0.0000	0.0000	0.0000	0.0000	0.0116	0.0057	0.0060	0.0010	0.0007	0.0003	0.0106	0.0050	0.0056
16	23	0.0345	6	2	1	1	1	0	1	0	0	0	0	1	1	0	0	0	0	0	0	Y	N	N	N	N	N	N	N	N	N	N	N	N	N	N	N	N	N	0.0000	0.0000	0.0000	0.0000	0.0000	0.0000	0.0000	0.0000	0.0000	0.0000	0.0000	0.0000	0.0000	0.0000	0.0000	0.0000	0.0000	0.0000	0.0000	0.0000	0.0000	0.0000	0.0000	0.0000	0.0000	0.0000	0.0000			0.0000	0.0000	0.0000	4.0000	1.0000	5.9998	0.0000	0.0000	0.0000	0.0000	0.0000	0.0000	0.0000	0.0000	0.0000	0.0000	0.0000	0.0000	0.0000	0.0000	0.0000	0.0000	0.0000	0.0000	0.0000	0.0000	0.0000	0.0000	0.0000	0.0000	0.0000	0.0000	0.0000	0.0142	0.0067	0.0075	0.0011	0.0007	0.0004	0.0130	0.0060	0.0070
16	24	0.1121	19	1	0	1	1	0	0	1	0	0	1	1	2	0	0	0	0	0	0	N	N	N	N	N	Y	N	N	N	N	N	N	N	N	N	N	N	N	0.0000	0.0000	0.0000	0.0000	0.0000	0.0000	0.0000	0.0000	0.0000	0.0000	0.0000	0.0000	0.0000	0.0000	0.0000	0.0000	0.0000	0.0000	0.0284	0.0449	0.0000	0.0926	0.1014	0.0000	0.0000	0.0000	0.0000		0.0000	0.0000	-0.0001	0.0000	0.3906	1.0000	3.9576	0.0000	0.0000	0.0000	0.0000	0.0000	0.0000	0.0000	0.0000	0.0000	0.0003	0.0003	0.0000	0.0003	0.0003	0.0000	0.0000	0.0000	0.0000	0.0000	0.0000	0.0000	0.0000	0.0000	0.0000	0.0000	0.0000	0.0000	0.0109	0.0069	0.0040	0.0033	0.0031	0.0003	0.0076	0.0038	0.0037
16	26	0.0619	8	2	0	1	1	0	0	1	0	0	0	1	1	0	0	0	0	0	0	Y	N	N	N	N	N	N	N	N	N	N	N	N	N	N	N	N	N	0.0000	0.0000	0.0000	0.0000	0.0000	0.0000	0.0000	0.0000	0.0000	0.0000	0.0000	0.0000	0.0000	0.0000	0.0000	0.0000	0.0000	0.0000	0.0000	0.0000	0.0000	0.0000	0.0000	0.0000	0.0000	0.0000	0.0000			0.0000	0.0000	0.0000	1.0038	1.0000	3.8726	0.0000	0.0000	0.0000	0.0000	0.0000	0.0000	0.0000	0.0000	0.0000	0.0000	0.0000	0.0000	0.0000	0.0000	0.0000	0.0000	0.0000	0.0000	0.0000	0.0000	0.0000	0.0000	0.0000	0.0000	0.0000	0.0000	0.0000	0.0078	0.0039	0.0039	0.0011	0.0007	0.0003	0.0067	0.0031	0.0036
16	27	0.0654	12	2	0	1	1	1	0	0	0	0	0	2	1	0	0	0	0	0	0	Y	N	N	N	Y	N	N	N	N	N	N	N	N	N	N	N	N	N	0.0000	0.0000	0.0000	0.0000	0.0000	0.0000	0.0000	0.0000	0.0000	0.0000	0.0000	0.0000	0.0000	0.0000	0.0000	0.0000	0.0000	0.0000	0.0000	0.0000	0.0000	0.0000	0.0000	0.0000	0.0000	0.0000	0.0000			0.0000	0.0000	0.0000	0.0000	1.0000	0.0000	0.0000	0.0000	0.0000	0.0000	0.0000	0.0000	0.0000	0.0000	0.0000	0.0000	0.0000	0.0000	0.0000	0.0000	0.0000	0.0000	0.0000	0.0000	0.0000	0.0000	0.0000	0.0000	0.0000	0.0000	0.0000	0.0000	0.0000	0.0000	0.0000	0.0000	0.0000	0.0000	0.0000	0.0000	0.0000	0.0000
16	29	0.0757	13	2	0	1	1	1	0	1	0	1	0	2	1	0	0	0	0	0	0	Y	N	N	N	Y	N	N	N	N	N	N	N	N	N	N	N	N	N	0.0000	0.0000	0.0000	0.0000	0.0000	0.0000	0.0000	0.0000	0.0000	0.0000	0.0000	0.0000	0.0000	0.0000	0.0000	0.0000	0.0000	0.0000	0.0000	0.0000	0.0000	0.0000	0.0000	0.0000	0.0000	0.0000	0.0000			0.0000	0.0000	0.0000	3.0059	1.0000	6.0531	0.0000	0.0000	0.0000	0.0000	0.0000	0.0000	0.0000	0.0000	0.0000	0.0000	0.0000	0.0000	0.0000	0.0000	0.0000	0.0000	0.0000	0.0000	0.0000	0.0000	0.0000	0.0000	0.0000	0.0000	0.0000	0.0000	0.0000	0.0133	0.0066	0.0067	0.0016	0.0012	0.0004	0.0117	0.0055	0.0063
16	30	0.1148	18	2	0	0	2	0	0	0	1	0	1	2	2	0	0	0	0	0	0	Y	N	N	Y	Y	Y	N	N	N	N	N	N	N	N	N	N	N	N	0.0000	0.0000	0.0000	0.0000	0.0000	0.0000	0.0000	0.0000	0.0000	0.0000	0.0000	0.0000	0.0000	0.0000	0.0000	0.0000	0.0000	0.0000	0.0000	0.0000	0.0000	0.0000	0.0000	0.0000	0.0000	0.0000	0.0000			0.0000	0.0000	0.0000	0.0002	1.0000	1.1973	0.0000	0.0000	0.0000	0.0000	0.0000	0.0000	0.0000	0.0000	0.0000	0.0000	0.0000	0.0000	0.0000	0.0000	0.0000	0.0000	0.0000	0.0000	0.0000	0.0000	0.0000	0.0000	0.0000	0.0000	0.0000	0.0000	0.0000	0.0029	0.0018	0.0011	0.0007	0.0006	0.0001	0.0023	0.0012	0.0010
16	31	0.0910	17	2	0	0	1	1	0	0	0	1	0	2	1	0	0	0	0	0	0	Y	N	N	N	Y	N	N	N	N	N	N	N	N	N	N	N	N	N	0.0000	0.0000	0.0000	0.0000	0.0000	0.0000	0.0000	0.0000	0.0000	0.0000	0.0000	0.0000	0.0000	0.0000	0.0000	0.0000	0.0000	0.0000	0.0000	0.0000	0.0000	0.0000	0.0000	0.0000	0.0000	0.0000	0.0000			0.0000	0.0000	0.0000	2.0002	1.0000	1.8085	0.0000	0.0000	0.0000	0.0000	0.0000	0.0000	0.0000	0.0000	0.0000	0.0000	0.0000	0.0000	0.0000	0.0000	0.0000	0.0000	0.0000	0.0000	0.0000	0.0000	0.0000	0.0000	0.0000	0.0000	0.0000	0.0000	0.0000	0.0072	0.0036	0.0036	0.0010	0.0007	0.0002	0.0062	0.0029	0.0034
16	32	0.0924	18	2	0	1	1	1	0	1	0	0	0	1	1	0	0	0	0	0	0	Y	N	N	N	N	N	N	N	N	N	N	N	N	N	N	N	N	N	0.0000	0.0000	0.0000	0.0000	0.0000	0.0000	0.0000	0.0000	0.0000	0.0000	0.0000	0.0000	0.0000	0.0000	0.0000	0.0000	0.0000	0.0000	0.0008	0.0016	0.0000	0.0057	0.0074	0.0000	0.0000	0.0000	0.0000		0.0000	0.0000	-0.0000	0.0000	4.9997	1.0000	3.1777	0.0000	0.0000	0.0000	0.0000	0.0000	0.0000	0.0000	0.0000	0.0000	0.0000	0.0000	0.0000	0.0000	0.0000	0.0000	0.0000	0.0000	0.0000	0.0000	0.0000	0.0000	0.0000	0.0000	0.0000	0.0000	0.0000	0.0000	0.0121	0.0061	0.0060	0.0017	0.0013	0.0004	0.0103	0.0047	0.0056
16	37	0.0345	6	2	0	0	2	0	0	0	1	0	1	2	2	0	0	0	0	0	0	Y	N	N	Y	Y	Y	N	N	N	N	N	N	N	N	N	N	N	N	0.0000	0.0000	0.0000	0.0000	0.0000	0.0000	0.0000	0.0000	0.0000	0.0000	0.0000	0.0000	0.0000	0.0000	0.0000	0.0000	0.0000	0.0000	0.0000	0.0000	0.0000	0.0000	0.0000	0.0000	0.0000	0.0000	0.0000			0.0000	0.0000	0.0000	0.0000	1.0000	2.0000	0.0000	0.0000	0.0000	0.0000	0.0000	0.0000	0.0000	0.0000	0.0000	0.0000	0.0000	0.0000	0.0000	0.0000	0.0000	0.0000	0.0000	0.0000	0.0000	0.0000	0.0000	0.0000	0.0000	0.0000	0.0000	0.0000	0.0000	0.0029	0.0014	0.0015	0.0002	0.0001	0.0001	0.0027	0.0012	0.0015
16	38	0.0387	8	2	0	0	1	0	0	0	0	0	1	2	2	0	0	0	0	0	0	Y	N	N	N	Y	Y	N	N	N	N	N	N	N	N	N	N	N	N	0.0000	0.0000	0.0000	0.0000	0.0000	0.0000	0.0000	0.0000	0.0000	0.0000	0.0000	0.0000	0.0000	0.0000	0.0000	0.0000	0.0000	0.0000	0.0000	0.0000	0.0000	0.0000	0.0000	0.0000	0.0000	0.0000	0.0000			0.0000	0.0000	0.0000	0.0000	1.0000	0.4891	0.0000	0.0000	0.0000	0.0000	0.0000	0.0000	0.0000	0.0000	0.0000	0.0000	0.0000	0.0000	0.0000	0.0000	0.0000	0.0000	0.0000	0.0000	0.0000	0.0000	0.0000	0.0000	0.0000	0.0000	0.0000	0.0000	0.0000	0.0018	0.0009	0.0009	0.0007	0.0007	0.0000	0.0011	0.0002	0.0009
16	39	0.0373	7	2	0	0	1	0	0	0	0	0	0	2	1	0	0	0	0	0	0	Y	N	N	N	Y	N	N	N	N	N	N	N	N	N	N	N	N	N	0.0000	0.0000	0.0000	0.0000	0.0000	0.0000	0.0000	0.0000	0.0000	0.0000	0.0000	0.0000	0.0000	0.0000	0.0000	0.0000	0.0000	0.0000	0.0000	0.0000	0.0000	0.0000	0.0000	0.0000	0.0000	0.0000	0.0000			0.0000	0.0000	0.0000	0.0000	1.0000	0.5132	0.0000	0.0000	0.0000	0.0000	0.0000	0.0000	0.0000	0.0000	0.0000	0.0000	0.0000	0.0000	0.0000	0.0000	0.0000	0.0000	0.0000	0.0000	0.0000	0.0000	0.0000	0.0000	0.0000	0.0000	0.0000	0.0000	0.0000	0.0008	0.0004	0.0004	0.0001	0.0001	0.0000	0.0007	0.0003	0.0004
16	40	0.0927	19	2	0	1	1	0	0	1	0	0	0	1	1	0	0	0	0	0	0	Y	N	N	N	N	N	N	N	N	N	N	N	N	N	N	N	N	N	0.0000	0.0000	0.0000	0.0000	0.0000	0.0000	0.0000	0.0000	0.0000	0.0000	0.0000	0.0000	0.0000	0.0000	0.0000	0.0000	0.0000	0.0000	0.0085	0.0170	0.0000	0.0618	0.0821	0.0000	0.0000	0.0000	0.0000		0.0000	0.0000	-0.0000	0.0000	1.0010	1.0000	2.9998	0.0000	0.0000	0.0000	0.0000	0.0000	0.0000	0.0000	0.0000	0.0000	0.0001	0.0001	0.0000	0.0001	0.0001	0.0000	0.0000	0.0000	0.0000	0.0000	0.0000	0.0000	0.0000	0.0000	0.0000	0.0000	0.0000	0.0000	0.0059	0.0029	0.0030	0.0008	0.0006	0.0002	0.0051	0.0023	0.0028
16	43	0.0032	2	2	0	1	1	0	0	1	0	0	0	2	2	0	0	0	0	0	0	Y	N	N	N	Y	Y	N	N	N	N	N	N	N	N	N	N	N	N	0.0000	0.0000	0.0000	0.0000	0.0000	0.0000	0.0000	0.0000	0.0000	0.0000	0.0000	0.0000	0.0000	0.0000	0.0000	0.0000	0.0000	0.0000	0.0000	0.0000	0.0000	0.0000	0.0000	0.0000	0.0000	0.0000	0.0000			0.0000	0.0000	0.0000	0.0000	1.0000	0.0000	0.0000	0.0000	0.0000	0.0000	0.0000	0.0000	0.0000	0.0000	0.0000	0.0000	0.0000	0.0000	0.0000	0.0000	0.0000	0.0000	0.0000	0.0000	0.0000	0.0000	0.0000	0.0000	0.0000	0.0000	0.0000	0.0000	0.0000	0.0000	0.0000	0.0000	0.0000	0.0000	0.0000	0.0000	0.0000	0.0000
16	46	0.0605	9	2	0	1	1	0	0	0	0	0	0	2	1	0	0	0	0	0	0	Y	N	N	N	Y	N	N	N	N	N	N	N	N	N	N	N	N	N	0.0000	0.0000	0.0000	0.0000	0.0000	0.0000	0.0000	0.0000	0.0000	0.0000	0.0000	0.0000	0.0000	0.0000	0.0000	0.0000	0.0000	0.0000	0.0000	0.0000	0.0000	0.0000	0.0000	0.0000	0.0000	0.0000	0.0000			0.0000	0.0000	0.0000	0.0000	1.0000	0.0000	0.0000	0.0000	0.0000	0.0000	0.0000	0.0000	0.0000	0.0000	0.0000	0.0000	0.0000	0.0000	0.0000	0.0000	0.0000	0.0000	0.0000	0.0000	0.0000	0.0000	0.0000	0.0000	0.0000	0.0000	0.0000	0.0000	0.0000	0.0000	0.0000	0.0000	0.0000	0.0000	0.0000	0.0000	0.0000	0.0000
16	52	0.0544	9	2	0	1	1	0	0	0	0	0	1	1	2	0	0	0	0	0	0	Y	N	N	N	N	Y	N	N	N	N	N	N	N	N	N	N	N	N	0.0000	0.0000	0.0000	0.0000	0.0000	0.0000	0.0000	0.0000	0.0000	0.0000	0.0000	0.0000	0.0000	0.0000	0.0000	0.0000	0.0000	0.0000	0.0000	0.0000	0.0000	0.0000	0.0000	0.0000	0.0000	0.0000	0.0000			0.0000	0.0000	0.0000	0.0000	1.0000	2.0000	0.0000	0.0000	0.0000	0.0000	0.0000	0.0000	0.0000	0.0000	0.0000	0.0000	0.0000	0.0000	0.0000	0.0000	0.0000	0.0000	0.0000	0.0000	0.0000	0.0000	0.0000	0.0000	0.0000	0.0000	0.0000	0.0000	0.0000	0.0038	0.0019	0.0018	0.0004	0.0003	0.0001	0.0034	0.0016	0.0017
16	53	0.0511	8	2	0	1	1	0	0	0	0	0	0	1	1	0	0	0	0	0	0	Y	N	N	N	N	N	N	N	N	N	N	N	N	N	N	N	N	N	0.0000	0.0000	0.0000	0.0000	0.0000	0.0000	0.0000	0.0000	0.0000	0.0000	0.0000	0.0000	0.0000	0.0000	0.0000	0.0000	0.0000	0.0000	0.0000	0.0000	0.0000	0.0000	0.0000	0.0000	0.0000	0.0000	0.0000			0.0000	0.0000	0.0000	0.9935	1.0000	0.0062	0.0000	0.0000	0.0000	0.0000	0.0000	0.0000	0.0000	0.0000	0.0000	0.0000	0.0000	0.0000	0.0000	0.0000	0.0000	0.0000	0.0000	0.0000	0.0000	0.0000	0.0000	0.0000	0.0000	0.0000	0.0000	0.0000	0.0000	0.0020	0.0010	0.0009	0.0002	0.0002	0.0000	0.0018	0.0009	0.0009
16	54	0.0411	7	2	0	1	1	0	0	0	0	0	0	1	1	0	0	0	0	0	0	Y	N	N	N	N	N	N	N	N	N	N	N	N	N	N	N	N	N	0.0000	0.0000	0.0000	0.0000	0.0000	0.0000	0.0000	0.0000	0.0000	0.0000	0.0000	0.0000	0.0000	0.0000	0.0000	0.0000	0.0000	0.0000	0.0000	0.0000	0.0000	0.0000	0.0000	0.0000	0.0000	0.0000	0.0000			0.0000	0.0000	0.0000	0.0065	1.0000	3.0034	0.0000	0.0000	0.0000	0.0000	0.0000	0.0000	0.0000	0.0000	0.0000	0.0000	0.0000	0.0000	0.0000	0.0000	0.0000	0.0000	0.0000	0.0000	0.0000	0.0000	0.0000	0.0000	0.0000	0.0000	0.0000	0.0000	0.0000	0.0045	0.0021	0.0023	0.0004	0.0003	0.0001	0.0041	0.0019	0.0022
16	55	0.0373	7	2	0	0	1	0	0	0	0	0	1	2	2	0	0	0	0	0	0	Y	N	N	N	Y	Y	N	N	N	N	N	N	N	N	N	N	N	N	0.0000	0.0000	0.0000	0.0000	0.0000	0.0000	0.0000	0.0000	0.0000	0.0000	0.0000	0.0000	0.0000	0.0000	0.0000	0.0000	0.0000	0.0000	0.0000	0.0000	0.0000	0.0000	0.0000	0.0000	0.0000	0.0000	0.0000			0.0000	0.0000	0.0000	0.0000	1.0000	1.0065	0.0000	0.0000	0.0000	0.0000	0.0000	0.0000	0.0000	0.0000	0.0000	0.0000	0.0000	0.0000	0.0000	0.0000	0.0000	0.0000	0.0000	0.0000	0.0000	0.0000	0.0000	0.0000	0.0000	0.0000	0.0000	0.0000	0.0000	0.0015	0.0007	0.0008	0.0001	0.0001	0.0000	0.0014	0.0006	0.0008
16	56	0.0345	6	2	0	0	1	0	0	0	0	0	0	2	1	0	0	0	0	0	0	Y	N	N	N	Y	N	N	N	N	N	N	N	N	N	N	N	N	N	0.0000	0.0000	0.0000	0.0000	0.0000	0.0000	0.0000	0.0000	0.0000	0.0000	0.0000	0.0000	0.0000	0.0000	0.0000	0.0000	0.0000	0.0000	0.0067	0.0143	0.0000	0.0000	0.0000	0.0000	0.0073	0.0160	0.0000		0.0000	0.0000	-0.0000	0.0000	0.0000	1.0000	1.0047	0.0000	0.0000	0.0000	0.0000	0.0000	0.0000	0.0000	0.0000	0.0000	0.0000	0.0000	0.0000	0.0000	0.0000	0.0000	0.0000	0.0000	0.0000	0.0000	0.0000	0.0000	0.0000	0.0000	0.0000	0.0000	0.0000	0.0000	0.0015	0.0007	0.0008	0.0001	0.0001	0.0000	0.0014	0.0006	0.0007
16	57	0.0345	5	2	0	0	1	0	0	0	0	1	0	2	1	0	0	0	0	0	0	Y	N	N	N	Y	N	N	N	N	N	N	N	N	N	N	N	N	N	0.0000	0.0000	0.0000	0.0000	0.0000	0.0000	0.0000	0.0000	0.0000	0.0000	0.0000	0.0000	0.0000	0.0000	0.0000	0.0000	0.0000	0.0000	0.0000	0.0000	0.0000	0.0000	0.0000	0.0000	0.0000	0.0000	0.0000			0.0000	0.0000	0.0000	0.0000	1.0000	0.0000	0.0000	0.0000	0.0000	0.0000	0.0000	0.0000	0.0000	0.0000	0.0000	0.0000	0.0000	0.0000	0.0000	0.0000	0.0000	0.0000	0.0000	0.0000	0.0000	0.0000	0.0000	0.0000	0.0000	0.0000	0.0000	0.0000	0.0000	0.0000	0.0000	0.0000	0.0000	0.0000	0.0000	0.0000	0.0000	0.0000
16	58	0.0411	7	2	0	1	1	0	0	0	0	0	0	1	1	0	0	0	0	0	0	Y	N	N	N	N	N	N	N	N	N	N	N	N	N	N	N	N	N	0.0000	0.0000	0.0000	0.0000	0.0000	0.0000	0.0000	0.0000	0.0000	0.0000	0.0000	0.0000	0.0000	0.0000	0.0000	0.0000	0.0000	0.0000	0.0000	0.0000	0.0000	0.0000	0.0000	0.0000	0.0000	0.0000	0.0000			0.0000	0.0000	0.0000	0.0000	1.0000	1.0108	0.0000	0.0000	0.0000	0.0000	0.0000	0.0000	0.0000	0.0000	0.0000	0.0000	0.0000	0.0000	0.0000	0.0000	0.0000	0.0000	0.0000	0.0000	0.0000	0.0000	0.0000	0.0000	0.0000	0.0000	0.0000	0.0000	0.0000	0.0016	0.0008	0.0008	0.0002	0.0001	0.0000	0.0014	0.0006	0.0008
16	59	0.0345	6	2	0	1	1	0	0	0	0	0	0	1	1	0	0	0	0	0	0	Y	N	N	N	N	N	N	N	N	N	N	N	N	N	N	N	N	N	0.0000	0.0000	0.0000	0.0000	0.0000	0.0000	0.0000	0.0000	0.0000	0.0000	0.0000	0.0000	0.0000	0.0000	0.0000	0.0000	0.0000	0.0000	0.0291	0.0555	0.0055	0.0000	0.0000	0.0000	0.0317	0.0621	0.0059		0.1111	0.0000	-0.0000	0.0000	0.0001	1.0000	2.3402	0.0000	0.0000	0.0000	0.0000	0.0000	0.0000	0.0000	0.0000	0.0000	0.0001	0.0001	0.0000	0.0000	0.0000	0.0000	0.0001	0.0001	0.0000	0.0000	0.0000	0.0000	0.0000	0.0000	0.0000	0.0000	0.0000	0.0000	0.0034	0.0016	0.0018	0.0003	0.0002	0.0001	0.0032	0.0014	0.0017
16	60	0.0345	5	2	0	1	1	0	0	1	0	0	0	1	1	0	0	0	0	0	0	Y	N	N	N	N	N	N	N	N	N	N	N	N	N	N	N	N	N	0.0000	0.0000	0.0000	0.0000	0.0000	0.0000	0.0000	0.0000	0.0000	0.0000	0.0000	0.0000	0.0000	0.0000	0.0000	0.0000	0.0000	0.0000	0.0000	0.0000	0.0000	0.0000	0.0000	0.0000	0.0000	0.0000	0.0000			0.0000	0.0000	0.0000	0.0000	1.0000	0.0002	0.0000	0.0000	0.0000	0.0000	0.0000	0.0000	0.0000	0.0000	0.0000	0.0000	0.0000	0.0000	0.0000	0.0000	0.0000	0.0000	0.0000	0.0000	0.0000	0.0000	0.0000	0.0000	0.0000	0.0000	0.0000	0.0000	0.0000	0.0000	0.0000	0.0000	0.0000	0.0000	0.0000	0.0000	0.0000	0.0000
16	61	0.0315	4	2	0	0	1	0	0	0	0	0	0	1	1	0	0	0	0	0	0	Y	N	N	N	N	N	N	N	N	N	N	N	N	N	N	N	N	N	0.0000	0.0000	0.0000	0.0000	0.0000	0.0000	0.0000	0.0000	0.0000	0.0000	0.0000	0.0000	0.0000	0.0000	0.0000	0.0000	0.0000	0.0000	0.0000	0.0000	0.0000	0.0000	0.0000	0.0000	0.0000	0.0000	0.0000			0.0000	0.0000	0.0000	0.0000	1.0000	1.0227	0.0000	0.0000	0.0000	0.0000	0.0000	0.0000	0.0000	0.0000	0.0000	0.0000	0.0000	0.0000	0.0000	0.0000	0.0000	0.0000	0.0000	0.0000	0.0000	0.0000	0.0000	0.0000	0.0000	0.0000	0.0000	0.0000	0.0000	0.0018	0.0010	0.0008	0.0003	0.0002	0.0000	0.0015	0.0007	0.0008
16	63	0.0927	19	2	0	0	1	0	0	0	0	0	1	1	2	0	0	0	0	0	0	Y	N	N	N	N	Y	N	N	N	N	N	N	N	N	N	N	N	N	0.0000	0.0000	0.0000	0.0000	0.0000	0.0000	0.0000	0.0000	0.0000	0.0000	0.0000	0.0000	0.0000	0.0000	0.0000	0.0000	0.0000	0.0000	0.0000	0.0000	0.0000	0.0000	0.0000	0.0000	0.0000	0.0000	0.0000			0.0000	0.0000	0.0000	0.0023	1.0000	3.0060	0.0000	0.0000	0.0000	0.0000	0.0000	0.0000	0.0000	0.0000	0.0000	0.0000	0.0000	0.0000	0.0000	0.0000	0.0000	0.0000	0.0000	0.0000	0.0000	0.0000	0.0000	0.0000	0.0000	0.0000	0.0000	0.0000	0.0000	0.0045	0.0022	0.0022	0.0006	0.0005	0.0002	0.0038	0.0018	0.0021
16	64	0.0899	18	2	0	0	1	1	0	0	0	0	0	1	1	0	0	0	0	0	0	Y	N	N	N	N	N	N	N	N	N	N	N	N	N	N	N	N	N	0.0000	0.0000	0.0000	0.0000	0.0000	0.0000	0.0000	0.0000	0.0000	0.0000	0.0000	0.0000	0.0000	0.0000	0.0000	0.0000	0.0000	0.0000	0.0329	0.0529	0.0131	0.0000	0.0000	0.0000	0.0381	0.0668	0.0140		0.2500	0.0000	-0.0000	0.0000	0.9990	1.0000	0.0212	0.0000	0.0000	0.0000	0.0000	0.0000	0.0000	0.0000	0.0000	0.0000	0.0001	0.0000	0.0000	0.0000	0.0000	0.0000	0.0001	0.0000	0.0000	0.0000	0.0000	0.0000	0.0000	0.0000	0.0000	0.0000	0.0000	0.0000	0.0015	0.0008	0.0008	0.0002	0.0002	0.0001	0.0013	0.0006	0.0007
16	68	0.0587	6	2	0	1	1	0	0	1	0	0	0	2	1	0	0	0	0	0	0	Y	N	N	N	Y	N	N	N	N	N	N	N	N	N	N	N	N	N	0.0000	0.0000	0.0000	0.0000	0.0000	0.0000	0.0000	0.0000	0.0000	0.0000	0.0000	0.0000	0.0000	0.0000	0.0000	0.0000	0.0000	0.0000	0.0000	0.0000	0.0000	0.0000	0.0000	0.0000	0.0000	0.0000	0.0000			0.0000	0.0000	0.0000	0.0002	1.0000	1.2554	0.0000	0.0000	0.0000	0.0000	0.0000	0.0000	0.0000	0.0000	0.0000	0.0000	0.0000	0.0000	0.0000	0.0000	0.0000	0.0000	0.0000	0.0000	0.0000	0.0000	0.0000	0.0000	0.0000	0.0000	0.0000	0.0000	0.0000	0.0026	0.0013	0.0013	0.0002	0.0002	0.0000	0.0024	0.0011	0.0013
16	69	0.0619	8	2	0	0	1	0	0	0	0	0	0	1	1	0	0	0	0	0	0	Y	N	N	N	N	N	N	N	N	N	N	N	N	N	N	N	N	N	0.0000	0.0000	0.0000	0.0000	0.0000	0.0000	0.0000	0.0000	0.0000	0.0000	0.0000	0.0000	0.0000	0.0000	0.0000	0.0000	0.0000	0.0000	0.0000	0.0000	0.0000	0.0000	0.0000	0.0000	0.0000	0.0000	0.0000			0.0000	0.0000	0.0000	1.0007	1.0000	1.2584	0.0000	0.0000	0.0000	0.0000	0.0000	0.0000	0.0000	0.0000	0.0000	0.0000	0.0000	0.0000	0.0000	0.0000	0.0000	0.0000	0.0000	0.0000	0.0000	0.0000	0.0000	0.0000	0.0000	0.0000	0.0000	0.0000	0.0000	0.0041	0.0021	0.0020	0.0008	0.0006	0.0002	0.0033	0.0015	0.0017
16	70	0.0477	7	2	0	0	1	1	0	0	0	0	0	1	1	0	0	0	0	0	0	Y	N	N	N	N	N	N	N	N	N	N	N	N	N	N	N	N	N	0.0000	0.0000	0.0000	0.0000	0.0000	0.0000	0.0000	0.0000	0.0000	0.0000	0.0000	0.0000	0.0000	0.0000	0.0000	0.0000	0.0000	0.0000	0.0000	0.0000	0.0000	0.0000	0.0000	0.0000	0.0000	0.0000	0.0000			0.0000	0.0000	0.0000	3.0007	1.0000	1.9606	0.0000	0.0000	0.0000	0.0000	0.0000	0.0000	0.0000	0.0000	0.0000	0.0000	0.0000	0.0000	0.0000	0.0000	0.0000	0.0000	0.0000	0.0000	0.0000	0.0000	0.0000	0.0000	0.0000	0.0000	0.0000	0.0000	0.0000	0.0073	0.0035	0.0038	0.0006	0.0004	0.0002	0.0067	0.0031	0.0036
16	71	0.1756	14	1	0	0	1	0	0	0	0	1	0	2	1	0	0	0	0	0	0	N	N	N	N	Y	N	N	N	N	N	N	N	N	N	N	N	N	N	0.0000	0.0000	0.0000	0.0000	0.0000	0.0000	0.0000	0.0000	0.0000	0.0000	0.0000	0.0000	0.0000	0.0000	0.0000	0.0000	0.0000	0.0000	0.0000	0.0000	0.0000	0.0000	0.0000	0.0000	0.0000	0.0000	0.0000			0.0000	0.0000	0.0000	6.1029	1.0000	20.9537	0.0000	0.0000	0.0000	0.0000	0.0000	0.0000	0.0000	0.0000	0.0000	0.0000	0.0000	0.0000	0.0000	0.0000	0.0000	0.0000	0.0000	0.0000	0.0000	0.0000	0.0000	0.0000	0.0000	0.0000	0.0000	0.0000	0.0000	0.0700	0.0430	0.0270	0.0247	0.0211	0.0036	0.0453	0.0219	0.0234
16	73	0.0587	7	2	0	1	1	0	0	1	0	0	0	2	2	0	0	0	0	0	0	Y	N	N	N	Y	Y	N	N	N	N	N	N	N	N	N	N	N	N	0.0000	0.0000	0.0000	0.0000	0.0000	0.0000	0.0000	0.0000	0.0000	0.0000	0.0000	0.0000	0.0000	0.0000	0.0000	0.0000	0.0000	0.0000	0.0000	0.0000	0.0000	0.0000	0.0000	0.0000	0.0000	0.0000	0.0000			0.0000	0.0000	0.0000	0.0000	1.0000	0.0000	0.0000	0.0000	0.0000	0.0000	0.0000	0.0000	0.0000	0.0000	0.0000	0.0000	0.0000	0.0000	0.0000	0.0000	0.0000	0.0000	0.0000	0.0000	0.0000	0.0000	0.0000	0.0000	0.0000	0.0000	0.0000	0.0000	0.0000	0.0000	0.0000	0.0000	0.0000	0.0000	0.0000	0.0000	0.0000	0.0000
16	74	0.0592	9	2	0	1	1	1	0	1	0	0	0	1	1	0	0	0	0	0	0	Y	N	N	N	N	N	N	N	N	N	N	N	N	N	N	N	N	N	0.0000	0.0000	0.0000	0.0000	0.0000	0.0000	0.0000	0.0000	0.0000	0.0000	0.0000	0.0000	0.0000	0.0000	0.0000	0.0000	0.0000	0.0000	0.0000	0.0000	0.0000	0.0000	0.0000	0.0000	0.0000	0.0000	0.0000			0.0000	0.0000	0.0000	2.9595	1.0000	5.1315	0.0000	0.0000	0.0000	0.0000	0.0000	0.0000	0.0000	0.0000	0.0000	0.0000	0.0000	0.0000	0.0000	0.0000	0.0000	0.0000	0.0000	0.0000	0.0000	0.0000	0.0000	0.0000	0.0000	0.0000	0.0000	0.0000	0.0000	0.0117	0.0056	0.0061	0.0010	0.0006	0.0003	0.0107	0.0050	0.0057
16	75	0.0587	7	2	0	0	1	0	0	0	0	0	0	2	2	0	0	0	0	0	0	Y	N	N	N	Y	Y	N	N	N	N	N	N	N	N	N	N	N	N	0.0000	0.0000	0.0000	0.0000	0.0000	0.0000	0.0000	0.0000	0.0000	0.0000	0.0000	0.0000	0.0000	0.0000	0.0000	0.0000	0.0000	0.0000	0.0000	0.0000	0.0000	0.0000	0.0000	0.0000	0.0000	0.0000	0.0000			0.0000	0.0000	0.0000	0.0000	1.0000	1.0000	0.0000	0.0000	0.0000	0.0000	0.0000	0.0000	0.0000	0.0000	0.0000	0.0000	0.0000	0.0000	0.0000	0.0000	0.0000	0.0000	0.0000	0.0000	0.0000	0.0000	0.0000	0.0000	0.0000	0.0000	0.0000	0.0000	0.0000	0.0019	0.0011	0.0008	0.0001	0.0001	0.0000	0.0018	0.0010	0.0008
16	76	0.0587	6	2	0	0	1	0	0	0	0	0	1	2	2	0	0	0	0	0	0	Y	N	N	N	Y	Y	N	N	N	N	N	N	N	N	N	N	N	N	0.0000	0.0000	0.0000	0.0000	0.0000	0.0000	0.0000	0.0000	0.0000	0.0000	0.0000	0.0000	0.0000	0.0000	0.0000	0.0000	0.0000	0.0000	0.0000	0.0000	0.0000	0.0000	0.0000	0.0000	0.0000	0.0000	0.0000			0.0000	0.0000	0.0000	0.0000	1.0000	0.0000	0.0000	0.0000	0.0000	0.0000	0.0000	0.0000	0.0000	0.0000	0.0000	0.0000	0.0000	0.0000	0.0000	0.0000	0.0000	0.0000	0.0000	0.0000	0.0000	0.0000	0.0000	0.0000	0.0000	0.0000	0.0000	0.0000	0.0000	0.0002	0.0001	0.0001	0.0001	0.0001	0.0000	0.0001	0.0000	0.0001
16	77	0.0369	5	2	0	0	1	0	0	0	0	1	0	2	1	0	0	0	0	0	0	Y	N	N	N	Y	N	N	N	N	N	N	N	N	N	N	N	N	N	0.0000	0.0000	0.0000	0.0000	0.0000	0.0000	0.0000	0.0000	0.0000	0.0000	0.0000	0.0000	0.0000	0.0000	0.0000	0.0000	0.0000	0.0000	0.0000	0.0000	0.0000	0.0000	0.0000	0.0000	0.0000	0.0000	0.0000			0.0000	0.0000	0.0000	0.0002	1.0000	3.7635	0.0000	0.0000	0.0000	0.0000	0.0000	0.0000	0.0000	0.0000	0.0000	0.0000	0.0000	0.0000	0.0000	0.0000	0.0000	0.0000	0.0000	0.0000	0.0000	0.0000	0.0000	0.0000	0.0000	0.0000	0.0000	0.0000	0.0000	0.0061	0.0029	0.0032	0.0007	0.0005	0.0001	0.0054	0.0024	0.0030
16	79	0.0849	13	2	0	1	1	0	0	0	0	0	0	1	1	0	0	0	0	0	0	Y	N	N	N	N	N	N	N	N	N	N	N	N	N	N	N	N	N	0.0000	0.0000	0.0000	0.0000	0.0000	0.0000	0.0000	0.0000	0.0000	0.0000	0.0000	0.0000	0.0000	0.0000	0.0000	0.0000	0.0000	0.0000	0.0029	0.0058	0.0000	0.0252	0.0351	0.0000	0.0000	0.0000	0.0000		0.0000	0.0000	-0.0000	0.0000	1.0047	1.0000	3.0004	0.0000	0.0000	0.0000	0.0000	0.0000	0.0000	0.0000	0.0000	0.0000	0.0000	0.0000	0.0000	0.0000	0.0000	0.0000	0.0000	0.0000	0.0000	0.0000	0.0000	0.0000	0.0000	0.0000	0.0000	0.0000	0.0000	0.0000	0.0070	0.0034	0.0036	0.0008	0.0006	0.0002	0.0062	0.0029	0.0034
16	80	0.0742	12	2	0	1	1	0	0	0	0	0	0	1	1	0	0	0	0	0	0	Y	N	N	N	N	N	N	N	N	N	N	N	N	N	N	N	N	N	0.0000	0.0000	0.0000	0.0000	0.0000	0.0000	0.0000	0.0000	0.0000	0.0000	0.0000	0.0000	0.0000	0.0000	0.0000	0.0000	0.0000	0.0000	0.0255	0.0517	0.0000	0.1898	0.2504	0.0000	0.0048	0.0104	0.0000		0.0000	0.0000	-0.0001	0.0000	1.0096	1.0000	2.0672	0.0000	0.0000	0.0000	0.0000	0.0000	0.0000	0.0000	0.0000	0.0000	0.0001	0.0001	0.0000	0.0001	0.0001	0.0000	0.0000	0.0000	0.0000	0.0000	0.0000	0.0000	0.0000	0.0000	0.0000	0.0000	0.0000	0.0000	0.0047	0.0023	0.0024	0.0005	0.0004	0.0001	0.0042	0.0019	0.0023
16	81	0.0671	11	2	0	1	1	1	0	1	0	0	0	1	1	0	0	0	0	0	0	Y	N	N	N	N	N	N	N	N	N	N	N	N	N	N	N	N	N	0.0000	0.0000	0.0000	0.0000	0.0000	0.0000	0.0000	0.0000	0.0000	0.0000	0.0000	0.0000	0.0000	0.0000	0.0000	0.0000	0.0000	0.0000	0.0273	0.0515	0.0052	0.0000	0.0000	0.0000	0.0297	0.0576	0.0055		0.1111	0.0000	-0.0000	0.0000	0.9933	1.0000	1.5154	0.0000	0.0000	0.0000	0.0000	0.0000	0.0000	0.0000	0.0000	0.0000	0.0001	0.0001	0.0000	0.0000	0.0000	0.0000	0.0001	0.0001	0.0000	0.0000	0.0000	0.0000	0.0000	0.0000	0.0000	0.0000	0.0000	0.0000	0.0037	0.0017	0.0019	0.0003	0.0002	0.0001	0.0034	0.0016	0.0018
16	82	0.0899	15	2	0	1	1	0	0	1	0	0	0	1	1	0	0	0	0	0	0	Y	N	N	N	N	N	N	N	N	N	N	N	N	N	N	N	N	N	0.0000	0.0000	0.0000	0.0000	0.0000	0.0000	0.0000	0.0000	0.0000	0.0000	0.0000	0.0000	0.0000	0.0000	0.0000	0.0000	0.0000	0.0000	0.0000	0.0000	0.0000	0.0000	0.0000	0.0000	0.0000	0.0000	0.0000			0.0000	0.0000	0.0000	4.0000	1.0000	3.0004	0.0000	0.0000	0.0000	0.0000	0.0000	0.0000	0.0000	0.0000	0.0000	0.0000	0.0000	0.0000	0.0000	0.0000	0.0000	0.0000	0.0000	0.0000	0.0000	0.0000	0.0000	0.0000	0.0000	0.0000	0.0000	0.0000	0.0000	0.0102	0.0051	0.0051	0.0014	0.0011	0.0003	0.0088	0.0040	0.0047
16	84	0.0504	8	2	0	1	1	1	0	1	0	0	0	1	1	0	0	0	0	0	0	Y	N	N	N	N	N	N	N	N	N	N	N	N	N	N	N	N	N	0.0000	0.0000	0.0000	0.0000	0.0000	0.0000	0.0000	0.0000	0.0000	0.0000	0.0000	0.0000	0.0000	0.0000	0.0000	0.0000	0.0000	0.0000	0.0000	0.0000	0.0000	0.0000	0.0000	0.0000	0.0000	0.0000	0.0000			0.0000	0.0000	0.0000	2.0009	1.0000	6.0608	0.0000	0.0000	0.0000	0.0000	0.0000	0.0000	0.0000	0.0000	0.0000	0.0000	0.0000	0.0000	0.0000	0.0000	0.0000	0.0000	0.0000	0.0000	0.0000	0.0000	0.0000	0.0000	0.0000	0.0000	0.0000	0.0000	0.0000	0.0116	0.0056	0.0061	0.0009	0.0006	0.0003	0.0107	0.0050	0.0057
16	85	0.0983	17	2	0	1	1	0	0	0	0	0	0	1	1	0	0	0	0	0	0	Y	N	N	N	N	N	N	N	N	N	N	N	N	N	N	N	N	N	0.0000	0.0000	0.0000	0.0000	0.0000	0.0000	0.0000	0.0000	0.0000	0.0000	0.0000	0.0000	0.0000	0.0000	0.0000	0.0000	0.0000	0.0000	0.0163	0.0316	0.0000	0.0994	0.1253	0.0000	0.0000	0.0000	0.0000		0.0000	0.0000	-0.0001	0.0000	2.0003	1.0000	2.0390	0.0000	0.0000	0.0000	0.0000	0.0000	0.0000	0.0000	0.0000	0.0000	0.0001	0.0001	0.0000	0.0001	0.0001	0.0000	0.0000	0.0000	0.0000	0.0000	0.0000	0.0000	0.0000	0.0000	0.0000	0.0000	0.0000	0.0000	0.0080	0.0041	0.0039	0.0013	0.0010	0.0003	0.0067	0.0031	0.0036
16	86	0.0910	16	2	0	1	1	1	0	1	0	0	0	1	1	0	0	0	0	0	0	Y	N	N	N	N	N	N	N	N	N	N	N	N	N	N	N	N	N	0.0000	0.0000	0.0000	0.0000	0.0000	0.0000	0.0000	0.0000	0.0000	0.0000	0.0000	0.0000	0.0000	0.0000	0.0000	0.0000	0.0000	0.0000	0.0441	0.0750	0.0135	0.0000	0.0000	0.0000	0.0509	0.0940	0.0145		0.1818	0.0000	-0.0000	0.0000	1.0005	1.0000	0.9990	0.0000	0.0000	0.0000	0.0000	0.0000	0.0000	0.0000	0.0000	0.0000	0.0001	0.0001	0.0000	0.0000	0.0000	0.0000	0.0001	0.0001	0.0000	0.0000	0.0000	0.0000	0.0000	0.0000	0.0000	0.0000	0.0000	0.0000	0.0029	0.0015	0.0015	0.0004	0.0003	0.0001	0.0026	0.0012	0.0014
16	89	0.1228	13	2	0	1	1	0	0	0	0	0	0	1	1	0	0	0	0	0	0	Y	N	N	N	N	N	N	N	N	N	N	N	N	N	N	N	N	N	0.0000	0.0000	0.0000	0.0000	0.0000	0.0000	0.0000	0.0000	0.0000	0.0000	0.0000	0.0000	0.0000	0.0000	0.0000	0.0000	0.0000	0.0000	0.0034	0.0068	0.0000	0.0314	0.0413	0.0000	0.0000	0.0000	0.0000		0.0000	0.0000	-0.0000	0.0000	0.0001	1.0000	3.9037	0.0000	0.0000	0.0000	0.0000	0.0000	0.0000	0.0000	0.0000	0.0000	0.0000	0.0000	0.0000	0.0000	0.0000	0.0000	0.0000	0.0000	0.0000	0.0000	0.0000	0.0000	0.0000	0.0000	0.0000	0.0000	0.0000	0.0000	0.0059	0.0029	0.0030	0.0006	0.0005	0.0002	0.0053	0.0025	0.0028
16	90	0.0962	12	2	0	1	1	0	0	0	0	0	0	1	1	0	0	0	0	0	0	Y	N	N	N	N	N	N	N	N	N	N	N	N	N	N	N	N	N	0.0000	0.0000	0.0000	0.0000	0.0000	0.0000	0.0000	0.0000	0.0000	0.0000	0.0000	0.0000	0.0000	0.0000	0.0000	0.0000	0.0000	0.0000	0.0027	0.0050	0.0000	0.0072	0.0095	0.0000	0.0017	0.0034	0.0000		0.0000	0.0000	-0.0000	0.0000	1.0001	1.0000	8.1987	0.0000	0.0000	0.0000	0.0000	0.0000	0.0000	0.0000	0.0000	0.0000	0.0000	0.0000	0.0000	0.0000	0.0000	0.0000	0.0000	0.0000	0.0000	0.0000	0.0000	0.0000	0.0000	0.0000	0.0000	0.0000	0.0000	0.0000	0.0149	0.0079	0.0070	0.0028	0.0021	0.0007	0.0121	0.0058	0.0063
16	91	0.1043	17	2	0	1	1	0	0	0	0	0	0	1	1	0	0	0	0	0	0	Y	N	N	N	N	N	N	N	N	N	N	N	N	N	N	N	N	N	0.0000	0.0000	0.0000	0.0000	0.0000	0.0000	0.0000	0.0000	0.0000	0.0000	0.0000	0.0000	0.0000	0.0000	0.0000	0.0000	0.0000	0.0000	0.0013	0.0025	0.0000	0.0074	0.0093	0.0000	0.0000	0.0000	0.0000		0.0000	0.0000	-0.0000	0.0000	1.0071	1.0000	9.1029	0.0000	0.0000	0.0000	0.0000	0.0000	0.0000	0.0000	0.0000	0.0000	0.0000	0.0000	0.0000	0.0000	0.0000	0.0000	0.0000	0.0000	0.0000	0.0000	0.0000	0.0000	0.0000	0.0000	0.0000	0.0000	0.0000	0.0000	0.0152	0.0079	0.0073	0.0027	0.0022	0.0005	0.0125	0.0057	0.0068
16	92	0.0899	16	2	0	1	1	0	0	1	0	0	0	1	1	0	0	0	0	0	0	Y	N	N	N	N	N	N	N	N	N	N	N	N	N	N	N	N	N	0.0000	0.0000	0.0000	0.0000	0.0000	0.0000	0.0000	0.0000	0.0000	0.0000	0.0000	0.0000	0.0000	0.0000	0.0000	0.0000	0.0000	0.0000	0.0027	0.0054	0.0000	0.0000	0.0000	0.0000	0.0032	0.0069	0.0000		0.0000	0.0000	-0.0000	0.0000	0.9988	1.0000	4.0321	0.0000	0.0000	0.0000	0.0000	0.0000	0.0000	0.0000	0.0000	0.0000	0.0000	0.0000	0.0000	0.0000	0.0000	0.0000	0.0000	0.0000	0.0000	0.0000	0.0000	0.0000	0.0000	0.0000	0.0000	0.0000	0.0000	0.0000	0.0074	0.0037	0.0037	0.0010	0.0008	0.0003	0.0063	0.0029	0.0034
16	93	0.0899	15	2	0	0	1	0	0	0	0	0	0	1	1	0	0	0	0	0	0	Y	N	N	N	N	N	N	N	N	N	N	N	N	N	N	N	N	N	0.0000	0.0000	0.0000	0.0000	0.0000	0.0000	0.0000	0.0000	0.0000	0.0000	0.0000	0.0000	0.0000	0.0000	0.0000	0.0000	0.0000	0.0000	0.0000	0.0000	0.0000	0.0000	0.0000	0.0000	0.0000	0.0000	0.0000			0.0000	0.0000	0.0000	0.0001	1.0000	0.0783	0.0000	0.0000	0.0000	0.0000	0.0000	0.0000	0.0000	0.0000	0.0000	0.0000	0.0000	0.0000	0.0000	0.0000	0.0000	0.0000	0.0000	0.0000	0.0000	0.0000	0.0000	0.0000	0.0000	0.0000	0.0000	0.0000	0.0000	0.0001	0.0001	0.0001	0.0000	0.0000	0.0000	0.0001	0.0000	0.0001
16	94	0.0813	14	2	0	0	1	1	0	0	0	0	0	1	1	0	0	0	0	0	0	Y	N	N	N	N	N	N	N	N	N	N	N	N	N	N	N	N	N	0.0000	0.0000	0.0000	0.0000	0.0000	0.0000	0.0000	0.0000	0.0000	0.0000	0.0000	0.0000	0.0000	0.0000	0.0000	0.0000	0.0000	0.0000	0.0000	0.0000	0.0000	0.0000	0.0000	0.0000	0.0000	0.0000	0.0000			0.0000	0.0000	0.0000	0.0004	1.0000	2.9660	0.0000	0.0000	0.0000	0.0000	0.0000	0.0000	0.0000	0.0000	0.0000	0.0000	0.0000	0.0000	0.0000	0.0000	0.0000	0.0000	0.0000	0.0000	0.0000	0.0000	0.0000	0.0000	0.0000	0.0000	0.0000	0.0000	0.0000	0.0045	0.0022	0.0022	0.0006	0.0005	0.0001	0.0038	0.0018	0.0021
16	100	0.0711	13	1	0	1	1	0	0	0	0	0	0	2	1	0	0	0	0	0	0	N	N	N	N	Y	N	N	N	N	N	N	N	N	N	N	N	N	N	0.0000	0.0000	0.0000	0.0000	0.0000	0.0000	0.0000	0.0000	0.0000	0.0000	0.0000	0.0000	0.0000	0.0000	0.0000	0.0000	0.0000	0.0000	0.0000	0.0000	0.0000	0.0000	0.0000	0.0000	0.0000	0.0000	0.0000			0.0000	0.0000	0.0000	0.0000	1.0000	0.0000	0.0000	0.0000	0.0000	0.0000	0.0000	0.0000	0.0000	0.0000	0.0000	0.0000	0.0000	0.0000	0.0000	0.0000	0.0000	0.0000	0.0000	0.0000	0.0000	0.0000	0.0000	0.0000	0.0000	0.0000	0.0000	0.0000	0.0000	0.0000	0.0000	0.0000	0.0000	0.0000	0.0000	0.0000	0.0000	0.0000
16	101	0.0654	12	1	0	1	1	0	0	0	0	0	0	2	1	0	0	0	0	0	0	N	N	N	N	Y	N	N	N	N	N	N	N	N	N	N	N	N	N	0.0000	0.0000	0.0000	0.0000	0.0000	0.0000	0.0000	0.0000	0.0000	0.0000	0.0000	0.0000	0.0000	0.0000	0.0000	0.0000	0.0000	0.0000	0.0000	0.0000	0.0000	0.0000	0.0000	0.0000	0.0000	0.0000	0.0000			0.0000	0.0000	0.0000	1.0000	1.0000	0.0000	0.0000	0.0000	0.0000	0.0000	0.0000	0.0000	0.0000	0.0000	0.0000	0.0000	0.0000	0.0000	0.0000	0.0000	0.0000	0.0000	0.0000	0.0000	0.0000	0.0000	0.0000	0.0000	0.0000	0.0000	0.0000	0.0000	0.0000	0.0015	0.0007	0.0008	0.0002	0.0001	0.0001	0.0013	0.0006	0.0007
16	102	0.0654	11	1	0	1	1	0	0	0	0	0	0	2	1	0	0	0	0	0	0	N	N	N	N	Y	N	N	N	N	N	N	N	N	N	N	N	N	N	0.0000	0.0000	0.0000	0.0000	0.0000	0.0000	0.0000	0.0000	0.0000	0.0000	0.0000	0.0000	0.0000	0.0000	0.0000	0.0000	0.0000	0.0000	0.0000	0.0000	0.0000	0.0000	0.0000	0.0000	0.0000	0.0000	0.0000			0.0000	0.0000	0.0000	0.0000	1.0000	0.0005	0.0000	0.0000	0.0000	0.0000	0.0000	0.0000	0.0000	0.0000	0.0000	0.0000	0.0000	0.0000	0.0000	0.0000	0.0000	0.0000	0.0000	0.0000	0.0000	0.0000	0.0000	0.0000	0.0000	0.0000	0.0000	0.0000	0.0000	0.0000	0.0000	0.0000	0.0000	0.0000	0.0000	0.0000	0.0000	0.0000
16	104	0.0835	10	2	0	1	1	1	0	1	0	0	0	1	1	0	0	0	0	0	0	Y	N	N	N	N	N	N	N	N	N	N	N	N	N	N	N	N	N	0.0000	0.0000	0.0000	0.0000	0.0000	0.0000	0.0000	0.0000	0.0000	0.0000	0.0000	0.0000	0.0000	0.0000	0.0000	0.0000	0.0000	0.0000	0.0000	0.0000	0.0000	0.0000	0.0000	0.0000	0.0000	0.0000	0.0000			0.0000	0.0000	0.0000	1.0000	1.0000	1.0715	0.0000	0.0000	0.0000	0.0000	0.0000	0.0000	0.0000	0.0000	0.0000	0.0000	0.0000	0.0000	0.0000	0.0000	0.0000	0.0000	0.0000	0.0000	0.0000	0.0000	0.0000	0.0000	0.0000	0.0000	0.0000	0.0000	0.0000	0.0029	0.0014	0.0015	0.0003	0.0002	0.0001	0.0026	0.0012	0.0014
16	105	0.0835	11	1	0	0	1	0	0	0	0	0	1	1	2	0	0	0	0	0	0	N	N	N	N	N	Y	N	N	N	N	N	N	N	N	N	N	N	N	0.0000	0.0000	0.0000	0.0000	0.0000	0.0000	0.0000	0.0000	0.0000	0.0000	0.0000	0.0000	0.0000	0.0000	0.0000	0.0000	0.0000	0.0000	0.0000	0.0000	0.0000	0.0000	0.0000	0.0000	0.0000	0.0000	0.0000			0.0000	0.0000	0.0000	0.0000	1.0000	1.0001	0.0000	0.0000	0.0000	0.0000	0.0000	0.0000	0.0000	0.0000	0.0000	0.0000	0.0000	0.0000	0.0000	0.0000	0.0000	0.0000	0.0000	0.0000	0.0000	0.0000	0.0000	0.0000	0.0000	0.0000	0.0000	0.0000	0.0000	0.0014	0.0007	0.0007	0.0001	0.0001	0.0000	0.0013	0.0006	0.0007
16	106	0.0654	11	1	0	0	1	0	0	0	0	0	1	1	2	0	0	0	0	0	0	N	N	N	N	N	Y	N	N	N	N	N	N	N	N	N	N	N	N	0.0000	0.0000	0.0000	0.0000	0.0000	0.0000	0.0000	0.0000	0.0000	0.0000	0.0000	0.0000	0.0000	0.0000	0.0000	0.0000	0.0000	0.0000	0.0000	0.0000	0.0000	0.0000	0.0000	0.0000	0.0000	0.0000	0.0000			0.0000	0.0000	0.0000	0.0000	1.0000	0.0000	0.0000	0.0000	0.0000	0.0000	0.0000	0.0000	0.0000	0.0000	0.0000	0.0000	0.0000	0.0000	0.0000	0.0000	0.0000	0.0000	0.0000	0.0000	0.0000	0.0000	0.0000	0.0000	0.0000	0.0000	0.0000	0.0000	0.0000	0.0000	0.0000	0.0000	0.0000	0.0000	0.0000	0.0000	0.0000	0.0000
16	107	0.0739	15	1	0	0	1	0	0	0	0	0	1	1	2	0	0	0	0	0	0	N	N	N	N	N	Y	N	N	N	N	N	N	N	N	N	N	N	N	0.0000	0.0000	0.0000	0.0000	0.0000	0.0000	0.0000	0.0000	0.0000	0.0000	0.0000	0.0000	0.0000	0.0000	0.0000	0.0000	0.0000	0.0000	0.0000	0.0000	0.0000	0.0000	0.0000	0.0000	0.0000	0.0000	0.0000			0.0000	0.0000	0.0000	0.0000	1.0000	0.0000	0.0000	0.0000	0.0000	0.0000	0.0000	0.0000	0.0000	0.0000	0.0000	0.0000	0.0000	0.0000	0.0000	0.0000	0.0000	0.0000	0.0000	0.0000	0.0000	0.0000	0.0000	0.0000	0.0000	0.0000	0.0000	0.0000	0.0000	0.0000	0.0000	0.0000	0.0000	0.0000	0.0000	0.0000	0.0000	0.0000
16	113	0.0605	9	2	0	1	1	0	0	0	0	0	0	2	1	0	0	0	0	0	0	Y	N	N	N	Y	N	N	N	N	N	N	N	N	N	N	N	N	N	0.0000	0.0000	0.0000	0.0000	0.0000	0.0000	0.0000	0.0000	0.0000	0.0000	0.0000	0.0000	0.0000	0.0000	0.0000	0.0000	0.0000	0.0000	0.0000	0.0000	0.0000	0.0000	0.0000	0.0000	0.0000	0.0000	0.0000			0.0000	0.0000	0.0000	0.0000	1.0000	1.0000	0.0000	0.0000	0.0000	0.0000	0.0000	0.0000	0.0000	0.0000	0.0000	0.0000	0.0000	0.0000	0.0000	0.0000	0.0000	0.0000	0.0000	0.0000	0.0000	0.0000	0.0000	0.0000	0.0000	0.0000	0.0000	0.0000	0.0000	0.0019	0.0010	0.0009	0.0001	0.0001	0.0000	0.0018	0.0009	0.0009
16	114	0.0547	8	2	0	1	1	1	0	1	0	1	0	2	1	0	0	0	0	0	0	Y	N	N	N	Y	N	N	N	N	N	N	N	N	N	N	N	N	N	0.0000	0.0000	0.0000	0.0000	0.0000	0.0000	0.0000	0.0000	0.0000	0.0000	0.0000	0.0000	0.0000	0.0000	0.0000	0.0000	0.0000	0.0000	0.0000	0.0000	0.0000	0.0000	0.0000	0.0000	0.0000	0.0000	0.0000			0.0000	0.0000	0.0000	0.0000	1.0000	1.0009	0.0000	0.0000	0.0000	0.0000	0.0000	0.0000	0.0000	0.0000	0.0000	0.0000	0.0000	0.0000	0.0000	0.0000	0.0000	0.0000	0.0000	0.0000	0.0000	0.0000	0.0000	0.0000	0.0000	0.0000	0.0000	0.0000	0.0000	0.0015	0.0007	0.0008	0.0001	0.0001	0.0000	0.0014	0.0006	0.0007
16	115	0.0962	12	2	0	1	1	0	0	0	0	0	0	1	1	0	0	0	0	0	0	Y	N	N	N	N	N	N	N	N	N	N	N	N	N	N	N	N	N	0.0000	0.0000	0.0000	0.0000	0.0000	0.0000	0.0000	0.0000	0.0000	0.0000	0.0000	0.0000	0.0000	0.0000	0.0000	0.0000	0.0000	0.0000	0.0015	0.0028	0.0000	0.0075	0.0098	0.0000	0.0000	0.0000	0.0000		0.0000	0.0000	-0.0000	0.0000	0.9998	1.0000	6.9031	0.0000	0.0000	0.0000	0.0000	0.0000	0.0000	0.0000	0.0000	0.0000	0.0000	0.0000	0.0000	0.0000	0.0000	0.0000	0.0000	0.0000	0.0000	0.0000	0.0000	0.0000	0.0000	0.0000	0.0000	0.0000	0.0000	0.0000	0.0132	0.0071	0.0061	0.0027	0.0020	0.0006	0.0106	0.0051	0.0055
16	116	0.0835	11	2	0	1	1	1	0	1	0	0	0	1	1	0	0	0	0	0	0	Y	N	N	N	N	N	N	N	N	N	N	N	N	N	N	N	N	N	0.0000	0.0000	0.0000	0.0000	0.0000	0.0000	0.0000	0.0000	0.0000	0.0000	0.0000	0.0000	0.0000	0.0000	0.0000	0.0000	0.0000	0.0000	0.0034	0.0070	0.0000	0.0000	0.0000	0.0000	0.0038	0.0082	0.0000		0.0000	0.0000	-0.0000	0.0000	0.0012	1.0000	4.2539	0.0000	0.0000	0.0000	0.0000	0.0000	0.0000	0.0000	0.0000	0.0000	0.0000	0.0000	0.0000	0.0000	0.0000	0.0000	0.0000	0.0000	0.0000	0.0000	0.0000	0.0000	0.0000	0.0000	0.0000	0.0000	0.0000	0.0000	0.0059	0.0028	0.0030	0.0006	0.0004	0.0002	0.0053	0.0024	0.0028
16	119	0.0654	11	2	0	1	1	1	0	0	0	0	0	2	1	0	0	0	0	0	0	Y	N	N	N	Y	N	N	N	N	N	N	N	N	N	N	N	N	N	0.0000	0.0000	0.0000	0.0000	0.0000	0.0000	0.0000	0.0000	0.0000	0.0000	0.0000	0.0000	0.0000	0.0000	0.0000	0.0000	0.0000	0.0000	0.0000	0.0000	0.0000	0.0000	0.0000	0.0000	0.0000	0.0000	0.0000			0.0000	0.0000	0.0000	0.0000	1.0000	0.0000	0.0000	0.0000	0.0000	0.0000	0.0000	0.0000	0.0000	0.0000	0.0000	0.0000	0.0000	0.0000	0.0000	0.0000	0.0000	0.0000	0.0000	0.0000	0.0000	0.0000	0.0000	0.0000	0.0000	0.0000	0.0000	0.0000	0.0000	0.0000	0.0000	0.0000	0.0000	0.0000	0.0000	0.0000	0.0000	0.0000
16	120	0.0626	10	1	0	1	1	0	0	1	0	1	0	2	1	0	0	0	0	0	0	N	N	N	N	Y	N	N	N	N	N	N	N	N	N	N	N	N	N	0.0000	0.0000	0.0000	0.0000	0.0000	0.0000	0.0000	0.0000	0.0000	0.0000	0.0000	0.0000	0.0000	0.0000	0.0000	0.0000	0.0000	0.0000	0.0000	0.0000	0.0000	0.0000	0.0000	0.0000	0.0000	0.0000	0.0000			0.0000	0.0000	0.0000	0.0001	1.0000	1.0001	0.0000	0.0000	0.0000	0.0000	0.0000	0.0000	0.0000	0.0000	0.0000	0.0000	0.0000	0.0000	0.0000	0.0000	0.0000	0.0000	0.0000	0.0000	0.0000	0.0000	0.0000	0.0000	0.0000	0.0000	0.0000	0.0000	0.0000	0.0015	0.0007	0.0008	0.0002	0.0001	0.0000	0.0013	0.0006	0.0007
17	30	0.0942	10	2	0	1	1	0	0	0	1	0	1	1	1	0	0	0	0	0	0	Y	N	N	N	N	N	N	N	N	N	N	N	N	N	N	N	N	N	0.0000	0.0000	0.0000	0.0000	0.0000	0.0000	0.0000	0.0000	0.0000	0.0000	0.0000	0.0000	0.0000	0.0000	0.0000	0.0000	0.0000	0.0000	0.0025	0.0031	0.0011	0.0077	0.0082	0.0001	0.0005	0.0000	0.0012		0.1674	0.0000	-0.0000	3.0020	0.0002	5.0291	1.1973	0.0000	0.0000	0.0000	0.0000	0.0000	0.0000	0.0000	0.0000	0.0000	0.0001	0.0001	0.0000	0.0001	0.0001	0.0000	0.0000	0.0000	0.0000	0.0000	0.0000	0.0000	0.0000	0.0000	0.0000	0.0000	0.0000	0.0000	0.0282	0.0191	0.0091	0.0078	0.0073	0.0005	0.0204	0.0118	0.0086
17	31	0.0704	9	2	0	1	0	1	0	0	0	1	0	1	0	0	0	0	0	0	0	Y	N	N	N	N	N	N	N	N	N	N	N	N	N	N	N	N	N	1.7941	1.2362	0.0000	0.0000	0.0000	0.0000	1.6713	1.0597	0.0000	0.0019	0.0022	0.0000	0.0000	0.0000	0.0000	0.0020	0.0023	0.0000	0.0011	0.0018	0.0004	0.0000	0.0000	0.0000	0.0012	0.0022	0.0004	0.0000	0.2000	-0.0001	-0.0000	3.0020	2.0002	5.0291	1.8085	0.0001	0.0001	0.0000	0.0000	0.0000	0.0000	0.0001	0.0001	0.0000	0.0001	0.0000	0.0000	0.0000	0.0000	0.0000	0.0001	0.0000	0.0000	0.0734	0.0633	0.0101	0.0022	0.0021	0.0001	0.0712	0.0611	0.0100	0.0564	0.0279	0.0285	0.0055	0.0048	0.0007	0.0509	0.0231	0.0278
17	37	0.0851	12	2	0	1	1	0	0	0	1	0	1	1	1	0	0	0	0	0	0	Y	N	N	N	N	N	N	N	N	N	N	N	N	N	N	N	N	N	0.0000	0.0000	0.0000	0.0000	0.0000	0.0000	0.0000	0.0000	0.0000	0.0000	0.0000	0.0000	0.0000	0.0000	0.0000	0.0000	0.0000	0.0000	0.0004	0.0008	0.0000	0.0050	0.0063	0.0000	0.0000	0.0000	0.0000		0.0000	0.0000	-0.0000	3.0020	0.0000	5.0291	2.0000	0.0000	0.0000	0.0000	0.0000	0.0000	0.0000	0.0000	0.0000	0.0000	0.0000	0.0000	0.0000	0.0000	0.0000	0.0000	0.0000	0.0000	0.0000	0.0000	0.0000	0.0000	0.0000	0.0000	0.0000	0.0000	0.0000	0.0000	0.0250	0.0119	0.0131	0.0020	0.0016	0.0004	0.0230	0.0103	0.0127
17	38	0.0894	14	2	0	1	0	0	0	0	0	0	1	1	1	0	0	0	0	0	0	Y	N	N	N	N	N	N	N	N	N	N	N	N	N	N	N	N	N	0.0000	0.0000	0.0000	0.0000	0.0000	0.0000	0.0000	0.0000	0.0000	0.0000	0.0000	0.0000	0.0000	0.0000	0.0000	0.0000	0.0000	0.0000	0.0000	0.0000	0.0000	0.0000	0.0000	0.0000	0.0000	0.0000	0.0000			0.0000	0.0000	3.0020	0.0000	5.0291	0.4891	0.0000	0.0000	0.0000	0.0000	0.0000	0.0000	0.0000	0.0000	0.0000	0.0000	0.0000	0.0000	0.0000	0.0000	0.0000	0.0000	0.0000	0.0000	0.0000	0.0000	0.0000	0.0000	0.0000	0.0000	0.0000	0.0000	0.0000	0.0138	0.0070	0.0068	0.0056	0.0055	0.0001	0.0082	0.0015	0.0068
17	39	0.0879	13	2	0	1	0	0	0	0	0	0	0	1	0	0	0	0	0	0	0	Y	N	N	N	N	N	N	N	N	N	N	N	N	N	N	N	N	N	0.0000	0.0000	0.0000	0.0000	0.0000	0.0000	0.0000	0.0000	0.0000	0.0000	0.0000	0.0000	0.0000	0.0000	0.0000	0.0000	0.0000	0.0000	0.0000	0.0000	0.0000	0.0000	0.0000	0.0000	0.0000	0.0000	0.0000			0.0000	0.0000	3.0020	0.0000	5.0291	0.5132	0.0000	0.0000	0.0000	0.0000	0.0000	0.0000	0.0000	0.0000	0.0000	0.0000	0.0000	0.0000	0.0000	0.0000	0.0000	0.0000	0.0000	0.0000	0.0000	0.0000	0.0000	0.0000	0.0000	0.0000	0.0000	0.0000	0.0000	0.0067	0.0032	0.0035	0.0007	0.0005	0.0001	0.0061	0.0027	0.0034
17	42	0.1103	12	2	0	1	1	0	0	0	1	0	0	1	1	0	0	0	0	0	0	Y	N	N	N	N	N	N	N	N	N	N	N	N	N	N	N	N	N	0.0000	0.0000	0.0000	0.0000	0.0000	0.0000	0.0000	0.0000	0.0000	0.0000	0.0000	0.0000	0.0000	0.0000	0.0000	0.0000	0.0000	0.0000	0.0000	0.0000	0.0000	0.0000	0.0000	0.0000	0.0000	0.0000	0.0000			0.0000	0.0000	3.0020	0.0001	5.0291	0.0001	0.0000	0.0000	0.0000	0.0000	0.0000	0.0000	0.0000	0.0000	0.0000	0.0000	0.0000	0.0000	0.0000	0.0000	0.0000	0.0000	0.0000	0.0000	0.0000	0.0000	0.0000	0.0000	0.0000	0.0000	0.0000	0.0000	0.0000	0.0000	0.0000	0.0000	0.0000	0.0000	0.0000	0.0000	0.0000	0.0000
17	44	0.0878	11	2	0	1	0	0	0	0	0	0	1	1	1	0	0	0	0	0	0	Y	N	N	N	N	N	N	N	N	N	N	N	N	N	N	N	N	N	0.0000	0.0000	0.0000	0.0000	0.0000	0.0000	0.0000	0.0000	0.0000	0.0000	0.0000	0.0000	0.0000	0.0000	0.0000	0.0000	0.0000	0.0000	10.0070	0.0004	19.6045	0.0244	0.0024	0.1321	11.0985	0.0000	20.2624		49884.6166	0.0000	0.5254	3.0020	2.9998	5.0291	4.8980	0.0000	0.0000	0.0000	0.0000	0.0000	0.0000	0.0000	0.0000	0.0000	0.9988	0.0000	0.9988	0.0002	0.0000	0.0002	0.9986	0.0000	0.9986	0.0913	0.0785	0.0128	0.0015	0.0014	0.0001	0.0898	0.0771	0.0128	0.0998	0.0489	0.0509	0.0098	0.0082	0.0017	0.0900	0.0407	0.0493
17	45	0.0821	10	2	0	1	0	0	0	0	0	1	0	1	0	0	0	0	0	0	0	Y	N	N	N	N	N	N	N	N	N	N	N	N	N	N	N	N	N	0.0000	0.0000	0.0000	0.0000	0.0000	0.0000	0.0000	0.0000	0.0000	0.0000	0.0000	0.0000	0.0000	0.0000	0.0000	0.0000	0.0000	0.0000	0.0053	0.0034	0.0072	0.0064	0.0074	0.0001	0.0051	0.0025	0.0075		2.0059	0.0000	0.0000	3.0020	0.0002	5.0291	2.0813	0.0000	0.0000	0.0000	0.0000	0.0000	0.0000	0.0000	0.0000	0.0000	0.0001	0.0000	0.0001	0.0000	0.0000	0.0000	0.0001	0.0000	0.0001	0.0000	0.0000	0.0000	0.0000	0.0000	0.0000	0.0000	0.0000	0.0000	0.0284	0.0146	0.0138	0.0031	0.0027	0.0004	0.0253	0.0119	0.0134
17	55	0.0879	13	2	0	1	0	0	0	0	0	0	1	1	1	0	0	0	0	0	0	Y	N	N	N	N	N	N	N	N	N	N	N	N	N	N	N	N	N	0.0000	0.0000	0.0000	0.0000	0.0000	0.0000	0.0000	0.0000	0.0000	0.0000	0.0000	0.0000	0.0000	0.0000	0.0000	0.0000	0.0000	0.0000	0.0000	0.0000	0.0000	0.0000	0.0000	0.0000	0.0000	0.0000	0.0000			0.0000	0.0000	3.0020	0.0000	5.0291	1.0065	0.0000	0.0000	0.0000	0.0000	0.0000	0.0000	0.0000	0.0000	0.0000	0.0000	0.0000	0.0000	0.0000	0.0000	0.0000	0.0000	0.0000	0.0000	0.0000	0.0000	0.0000	0.0000	0.0000	0.0000	0.0000	0.0000	0.0000	0.0129	0.0062	0.0067	0.0012	0.0009	0.0002	0.0117	0.0052	0.0065
17	56	0.0851	12	2	0	1	0	0	0	0	0	0	0	1	0	0	0	0	0	0	0	Y	N	N	N	N	N	N	N	N	N	N	N	N	N	N	N	N	N	0.0000	0.0000	0.0000	0.0000	0.0000	0.0000	0.0000	0.0000	0.0000	0.0000	0.0000	0.0000	0.0000	0.0000	0.0000	0.0000	0.0000	0.0000	0.0016	0.0000	0.0030	0.0000	0.0000	0.0000	0.0017	0.0000	0.0031		11683.9412	0.0000	0.0000	3.0020	0.0000	5.0291	1.0047	0.0000	0.0000	0.0000	0.0000	0.0000	0.0000	0.0000	0.0000	0.0000	0.0000	0.0000	0.0000	0.0000	0.0000	0.0000	0.0000	0.0000	0.0000	0.0000	0.0000	0.0000	0.0000	0.0000	0.0000	0.0000	0.0000	0.0000	0.0126	0.0060	0.0066	0.0010	0.0008	0.0002	0.0116	0.0052	0.0064
17	57	0.0851	11	2	0	1	0	0	0	0	0	1	0	1	0	0	0	0	0	0	0	Y	N	N	N	N	N	N	N	N	N	N	N	N	N	N	N	N	N	0.0000	0.0000	0.0000	0.0000	0.0000	0.0000	0.0000	0.0000	0.0000	0.0000	0.0000	0.0000	0.0000	0.0000	0.0000	0.0000	0.0000	0.0000	0.0000	0.0000	0.0000	0.0000	0.0000	0.0000	0.0000	0.0000	0.0000			0.0000	0.0000	3.0020	0.0000	5.0291	0.0000	0.0000	0.0000	0.0000	0.0000	0.0000	0.0000	0.0000	0.0000	0.0000	0.0000	0.0000	0.0000	0.0000	0.0000	0.0000	0.0000	0.0000	0.0000	0.0000	0.0000	0.0000	0.0000	0.0000	0.0000	0.0000	0.0000	0.0000	0.0000	0.0000	0.0000	0.0000	0.0000	0.0000	0.0000	0.0000	0.0000
17	61	0.0821	10	2	0	1	0	0	0	0	0	0	0	0	0	0	0	0	0	0	0	Y	N	N	N	N	N	N	N	N	N	N	N	N	N	N	N	N	N	0.0000	0.0000	0.0000	0.0000	0.0000	0.0000	0.0000	0.0000	0.0000	0.0000	0.0000	0.0000	0.0000	0.0000	0.0000	0.0000	0.0000	0.0000	0.0000	0.0000	0.0000	0.0001	0.0000	0.0006	0.0000	0.0000	0.0000		inf	0.0000	0.0000	3.0020	0.0000	5.0291	1.0227	0.0000	0.0000	0.0000	0.0000	0.0000	0.0000	0.0000	0.0000	0.0000	0.0000	0.0000	0.0000	0.0000	0.0000	0.0000	0.0000	0.0000	0.0000	0.0000	0.0000	0.0000	0.0000	0.0000	0.0000	0.0000	0.0000	0.0000	0.0153	0.0084	0.0069	0.0022	0.0019	0.0002	0.0131	0.0064	0.0067
17	62	0.0766	9	2	0	1	0	0	0	0	0	0	0	0	0	0	0	0	0	0	0	Y	N	N	N	N	N	N	N	N	N	N	N	N	N	N	N	N	N	0.0000	0.0000	0.0000	0.0000	0.0000	0.0000	0.0000	0.0000	0.0000	0.0000	0.0000	0.0000	0.0000	0.0000	0.0000	0.0000	0.0000	0.0000	0.0016	0.0033	0.0000	0.0109	0.0116	0.0002	0.0000	0.0000	0.0000		0.0014	0.0000	-0.0000	3.0020	0.4815	5.0291	1.4942	0.0000	0.0000	0.0000	0.0000	0.0000	0.0000	0.0000	0.0000	0.0000	0.0000	0.0000	0.0000	0.0000	0.0000	0.0000	0.0000	0.0000	0.0000	0.0337	0.0315	0.0023	0.0097	0.0096	0.0000	0.0241	0.0218	0.0022	0.0312	0.0152	0.0160	0.0046	0.0043	0.0003	0.0267	0.0109	0.0157
17	63	0.0721	11	2	0	1	0	0	0	0	0	0	1	0	1	0	0	0	0	0	0	Y	N	N	N	N	N	N	N	N	N	N	N	N	N	N	N	N	N	1.0979	0.6380	0.0000	23424.3749	20690.1504	0.0000	0.0000	0.0000	0.0000	0.0164	0.0195	0.0000	0.0733	0.0736	0.0000	0.0000	0.0000	0.0000	0.0149	0.0305	0.0000	0.0000	0.0000	0.0000	0.0165	0.0369	0.0000	0.0000	0.0000	-0.0000	-0.0003	3.0020	0.0023	5.0291	3.0060	0.0000	0.0000	0.0000	0.0000	0.0000	0.0000	0.0000	0.0000	0.0000	0.0006	0.0006	0.0000	0.0000	0.0000	0.0000	0.0006	0.0006	0.0000	0.0001	0.0001	0.0000	0.0000	0.0000	0.0000	0.0001	0.0001	0.0000	0.0382	0.0187	0.0195	0.0036	0.0032	0.0004	0.0346	0.0155	0.0191
17	64	0.0692	10	2	0	1	0	1	0	0	0	0	0	0	0	0	0	0	0	0	0	Y	N	N	N	N	N	N	N	N	N	N	N	N	N	N	N	N	N	0.0141	0.0000	0.0627	0.0000	0.0000	0.0000	0.0131	0.0000	0.0619	0.0001	0.0000	0.0005	0.0000	0.0000	0.0000	0.0001	0.0000	0.0005	0.0046	0.0016	0.0074	0.0000	0.0000	0.0000	0.0051	0.0019	0.0076	inf	4.8482	0.0000	0.0000	3.0020	0.9990	5.0291	0.0212	0.0000	0.0000	0.0000	0.0000	0.0000	0.0000	0.0000	0.0000	0.0000	0.0001	0.0000	0.0000	0.0000	0.0000	0.0000	0.0001	0.0000	0.0000	0.0308	0.0265	0.0043	0.0009	0.0008	0.0000	0.0299	0.0257	0.0043	0.0130	0.0063	0.0067	0.0012	0.0011	0.0001	0.0118	0.0053	0.0065
17	69	0.0799	8	2	0	1	0	0	0	0	0	0	0	0	0	0	0	0	0	0	0	Y	N	N	N	N	N	N	N	N	N	N	N	N	N	N	N	N	N	0.0000	0.0000	0.0000	0.0000	0.0000	0.0000	0.0000	0.0000	0.0000	0.0000	0.0000	0.0000	0.0000	0.0000	0.0000	0.0000	0.0000	0.0000	0.0000	0.0000	0.0000	0.0000	0.0000	0.0000	0.0000	0.0000	0.0000		inf	0.0000	0.0000	3.0020	1.0007	5.0291	1.2584	0.0000	0.0000	0.0000	0.0000	0.0000	0.0000	0.0000	0.0000	0.0000	0.0000	0.0000	0.0000	0.0000	0.0000	0.0000	0.0000	0.0000	0.0000	0.0312	0.0269	0.0044	0.0007	0.0006	0.0000	0.0306	0.0262	0.0044	0.0357	0.0177	0.0180	0.0059	0.0044	0.0016	0.0298	0.0134	0.0164
17	70	0.0658	7	2	0	1	0	1	0	0	0	0	0	0	0	0	0	0	0	0	0	Y	N	N	N	N	N	N	N	N	N	N	N	N	N	N	N	N	N	0.0000	0.0000	0.0000	0.0000	0.0000	0.0000	0.0000	0.0000	0.0000	0.0000	0.0000	0.0000	0.0000	0.0000	0.0000	0.0000	0.0000	0.0000	0.0000	0.0000	0.0000	0.0000	0.0000	0.0000	0.0000	0.0000	0.0000		0.8571	0.0000	-0.0000	3.0020	3.0007	5.0291	1.9606	0.0000	0.0000	0.0000	0.0000	0.0000	0.0000	0.0000	0.0000	0.0000	0.0000	0.0000	0.0000	0.0000	0.0000	0.0000	0.0000	0.0000	0.0000	0.0925	0.0795	0.0130	0.0012	0.0012	0.0000	0.0913	0.0784	0.0129	0.0652	0.0305	0.0347	0.0037	0.0031	0.0006	0.0615	0.0275	0.0340
17	75	0.0985	11	2	0	1	0	0	0	0	0	0	0	1	1	0	0	0	0	0	0	Y	N	N	N	N	N	N	N	N	N	N	N	N	N	N	N	N	N	0.0000	0.0000	0.0000	0.0000	0.0000	0.0000	0.0000	0.0000	0.0000	0.0000	0.0000	0.0000	0.0000	0.0000	0.0000	0.0000	0.0000	0.0000	0.0000	0.0000	0.0000	0.0000	0.0000	0.0000	0.0000	0.0000	0.0000			0.0000	0.0000	3.0020	0.0000	5.0291	1.0000	0.0000	0.0000	0.0000	0.0000	0.0000	0.0000	0.0000	0.0000	0.0000	0.0000	0.0000	0.0000	0.0000	0.0000	0.0000	0.0000	0.0000	0.0000	0.0000	0.0000	0.0000	0.0000	0.0000	0.0000	0.0000	0.0000	0.0000	0.0156	0.0096	0.0059	0.0027	0.0022	0.0005	0.0128	0.0074	0.0054
17	76	0.0985	10	2	0	1	0	0	0	0	0	0	1	1	1	0	0	0	0	0	0	Y	N	N	N	N	N	N	N	N	N	N	N	N	N	N	N	N	N	0.0000	0.0000	0.0000	0.0000	0.0000	0.0000	0.0000	0.0000	0.0000	0.0000	0.0000	0.0000	0.0000	0.0000	0.0000	0.0000	0.0000	0.0000	0.0000	0.0000	0.0000	0.0000	0.0000	0.0000	0.0000	0.0000	0.0000			0.0000	0.0000	3.0020	0.0000	5.0291	0.0000	0.0000	0.0000	0.0000	0.0000	0.0000	0.0000	0.0000	0.0000	0.0000	0.0000	0.0000	0.0000	0.0000	0.0000	0.0000	0.0000	0.0000	0.0000	0.0000	0.0000	0.0000	0.0000	0.0000	0.0000	0.0000	0.0000	0.0000	0.0019	0.0010	0.0009	0.0009	0.0009	0.0000	0.0009	0.0001	0.0009
17	77	0.0766	9	2	0	1	0	0	0	0	0	1	0	1	0	0	0	0	0	0	0	Y	N	N	N	N	N	N	N	N	N	N	N	N	N	N	N	N	N	0.0014	0.0000	inf	0.0000	0.0000	0.0000	inf	0.0000	inf	0.0000	0.0000	0.0000	0.0000	0.0000	0.0000	0.0000	0.0000	0.0000	0.0001	0.0001	0.0000	0.0005	0.0006	0.0000	0.0000	0.0000	0.0000	inf	0.0000	0.0000	-0.0000	3.0020	0.0002	5.0291	3.7635	0.0000	0.0000	0.0000	0.0000	0.0000	0.0000	0.0000	0.0000	0.0000	0.0000	0.0000	0.0000	0.0000	0.0000	0.0000	0.0000	0.0000	0.0000	0.0189	0.0187	0.0002	0.0095	0.0095	0.0000	0.0094	0.0093	0.0002	0.0533	0.0256	0.0277	0.0057	0.0052	0.0005	0.0475	0.0203	0.0272
17	78	0.0709	8	2	0	1	0	1	0	0	0	0	0	0	0	0	0	0	0	0	0	Y	N	N	N	N	N	N	N	N	N	N	N	N	N	N	N	N	N	0.0000	0.0000	0.0000	0.0000	0.0000	0.0000	0.0000	0.0000	0.0000	0.0000	0.0000	0.0000	0.0000	0.0000	0.0000	0.0000	0.0000	0.0000	0.0018	0.0008	0.0027	0.0001	0.0001	0.0000	0.0020	0.0009	0.0028		3.9353	0.0000	0.0000	3.0020	0.5196	5.0291	1.5432	0.0000	0.0000	0.0000	0.0000	0.0000	0.0000	0.0000	0.0000	0.0000	0.0000	0.0000	0.0000	0.0000	0.0000	0.0000	0.0000	0.0000	0.0000	0.0162	0.0139	0.0023	0.0002	0.0002	0.0000	0.0160	0.0137	0.0023	0.0269	0.0125	0.0145	0.0014	0.0012	0.0003	0.0255	0.0113	0.0142
17	93	0.0693	7	2	0	1	0	0	0	0	0	0	0	0	0	0	0	0	0	0	0	Y	N	N	N	N	N	N	N	N	N	N	N	N	N	N	N	N	N	108964.6729	63173.5874	368794.5358	92377.8470	83780.6870	0.0000	110841.8332	0.0000	361605.6686	3.3762	1.9855	11.2701	12.0373	12.0706	0.0000	1.9635	0.0000	11.2994	0.0000	0.0000	0.0000	0.0001	0.0001	0.0000	0.0000	0.0000	0.0000	1.0000	1.0175	-0.0000	0.0000	3.0020	0.0001	5.0291	0.0783	0.0000	0.0000	0.0000	0.0000	0.0000	0.0000	0.0000	0.0000	0.0000	0.0000	0.0000	0.0000	0.0000	0.0000	0.0000	0.0000	0.0000	0.0000	0.0000	0.0000	0.0000	0.0000	0.0000	0.0000	0.0000	0.0000	0.0000	0.0011	0.0005	0.0006	0.0001	0.0001	0.0000	0.0010	0.0004	0.0006
17	94	0.0607	6	2	0	1	0	1	0	0	0	0	0	0	0	0	0	0	0	0	0	Y	N	N	N	N	N	N	N	N	N	N	N	N	N	N	N	N	N	102201.6623	0.0000	inf	0.0000	0.0000	0.0000	inf	0.0000	inf	0.2635	0.0000	4.8523	0.0000	0.0000	0.0000	0.3966	0.0000	4.8682	0.0000	0.0000	0.0000	0.0000	0.0000	0.0000	0.0000	0.0000	0.0000	inf	0.0079	0.0000	-0.0000	3.0020	0.0004	5.0291	2.9660	0.0000	0.0000	0.0000	0.0000	0.0000	0.0000	0.0000	0.0000	0.0000	0.0000	0.0000	0.0000	0.0000	0.0000	0.0000	0.0000	0.0000	0.0000	0.0000	0.0000	0.0000	0.0000	0.0000	0.0000	0.0000	0.0000	0.0000	0.0398	0.0191	0.0207	0.0035	0.0031	0.0004	0.0363	0.0160	0.0203
18	30	0.0724	9	2	0	1	1	0	0	0	1	0	1	1	1	0	0	0	0	0	0	Y	N	N	N	N	N	N	N	N	N	N	N	N	N	N	N	N	N	0.0000	0.0000	0.0000	0.0000	0.0000	0.0000	0.0000	0.0000	0.0000	0.0000	0.0000	0.0000	0.0000	0.0000	0.0000	0.0000	0.0000	0.0000	88.2708	130.0021	0.0000	318.5474	334.1966	0.0000	0.0000	0.0000	0.0000		0.0000	0.0000	-0.4734	0.0121	0.0002	3.0257	1.1973	0.0000	0.0000	0.0000	0.0000	0.0000	0.0000	0.0000	0.0000	0.0000	0.9988	0.9988	0.0000	0.9988	0.9988	0.0000	0.0000	0.0000	0.0000	0.0000	0.0000	0.0000	0.0000	0.0000	0.0000	0.0000	0.0000	0.0000	0.0113	0.0077	0.0036	0.0031	0.0030	0.0001	0.0082	0.0047	0.0035
18	31	0.0486	8	2	0	1	0	1	0	0	0	1	0	1	0	0	0	0	0	0	0	Y	N	N	N	N	N	N	N	N	N	N	N	N	N	N	N	N	N	29658.6069	18008.5091	0.0000	9.2576	8.6175	0.0000	inf	inf	0.0000	13.0441	15.7025	0.0000	0.0390	0.0390	0.0000	19.2330	25.6098	0.0000	0.0004	0.0009	0.0000	0.0042	0.0045	0.0000	0.0000	0.0000	0.0000	0.0000	0.0004	-0.0058	-0.0000	0.0121	2.0002	3.0257	1.8085	0.0104	0.0104	0.0000	0.0000	0.0000	0.0000	0.0104	0.0104	0.0000	0.0000	0.0000	0.0000	0.0000	0.0000	0.0000	0.0000	0.0000	0.0000	0.0008	0.0007	0.0001	0.0003	0.0003	0.0000	0.0005	0.0004	0.0001	0.0227	0.0115	0.0113	0.0024	0.0022	0.0002	0.0203	0.0093	0.0111
18	37	0.0633	11	2	0	1	1	0	0	0	1	0	1	1	1	0	0	0	0	0	0	Y	N	N	N	N	N	N	N	N	N	N	N	N	N	N	N	N	N	0.0000	0.0000	0.0000	0.0000	0.0000	0.0000	0.0000	0.0000	0.0000	0.0000	0.0000	0.0000	0.0000	0.0000	0.0000	0.0000	0.0000	0.0000	47.4869	87.3653	0.0000	0.0000	0.0000	0.0000	74.8999	170.8913	0.0000		0.0000	0.0000	-0.4736	0.0121	0.0000	3.0257	2.0000	0.0000	0.0000	0.0000	0.0000	0.0000	0.0000	0.0000	0.0000	0.0000	0.9992	0.9992	0.0000	0.0000	0.0000	0.0000	0.9992	0.9992	0.0000	0.0000	0.0000	0.0000	0.0000	0.0000	0.0000	0.0000	0.0000	0.0000	0.0210	0.0114	0.0096	0.0077	0.0056	0.0021	0.0133	0.0058	0.0075
18	38	0.0676	13	2	0	1	0	0	0	0	0	0	1	1	1	0	0	0	0	0	0	Y	N	N	N	N	N	N	N	N	N	N	N	N	N	N	N	N	N	0.0000	0.0000	0.0000	0.0000	0.0000	0.0000	0.0000	0.0000	0.0000	0.0000	0.0000	0.0000	0.0000	0.0000	0.0000	0.0000	0.0000	0.0000	0.0000	0.0000	0.0000	0.0000	0.0000	0.0000	0.0000	0.0000	0.0000			0.0000	0.0000	0.0121	0.0000	3.0257	0.4891	0.0000	0.0000	0.0000	0.0000	0.0000	0.0000	0.0000	0.0000	0.0000	0.0000	0.0000	0.0000	0.0000	0.0000	0.0000	0.0000	0.0000	0.0000	0.0000	0.0000	0.0000	0.0000	0.0000	0.0000	0.0000	0.0000	0.0000	0.0054	0.0028	0.0027	0.0022	0.0022	0.0000	0.0032	0.0006	0.0026
18	39	0.0662	12	2	0	1	0	0	0	0	0	0	0	1	0	0	0	0	0	0	0	Y	N	N	N	N	N	N	N	N	N	N	N	N	N	N	N	N	N	0.0000	0.0000	0.0000	0.0000	0.0000	0.0000	0.0000	0.0000	0.0000	0.0000	0.0000	0.0000	0.0000	0.0000	0.0000	0.0000	0.0000	0.0000	0.0000	0.0000	0.0000	0.0000	0.0000	0.0000	0.0000	0.0000	0.0000			0.0000	0.0000	0.0121	0.0000	3.0257	0.5132	0.0000	0.0000	0.0000	0.0000	0.0000	0.0000	0.0000	0.0000	0.0000	0.0000	0.0000	0.0000	0.0000	0.0000	0.0000	0.0000	0.0000	0.0000	0.0000	0.0000	0.0000	0.0000	0.0000	0.0000	0.0000	0.0000	0.0000	0.0055	0.0030	0.0025	0.0021	0.0015	0.0005	0.0035	0.0015	0.0020
18	42	0.0886	11	2	0	1	1	0	0	0	1	0	0	1	1	0	0	0	0	0	0	Y	N	N	N	N	N	N	N	N	N	N	N	N	N	N	N	N	N	0.0000	0.0000	0.0000	0.0000	0.0000	0.0000	0.0000	0.0000	0.0000	0.0000	0.0000	0.0000	0.0000	0.0000	0.0000	0.0000	0.0000	0.0000	0.0000	0.0000	0.0000	0.0000	0.0000	0.0000	0.0000	0.0000	0.0000			0.0000	0.0000	0.0121	0.0001	3.0257	0.0001	0.0000	0.0000	0.0000	0.0000	0.0000	0.0000	0.0000	0.0000	0.0000	0.0000	0.0000	0.0000	0.0000	0.0000	0.0000	0.0000	0.0000	0.0000	0.0000	0.0000	0.0000	0.0000	0.0000	0.0000	0.0000	0.0000	0.0000	0.0024	0.0021	0.0003	0.0013	0.0012	0.0001	0.0011	0.0009	0.0002
18	44	0.0660	10	2	0	1	0	0	0	0	0	0	1	1	1	0	0	0	0	0	0	Y	N	N	N	N	N	N	N	N	N	N	N	N	N	N	N	N	N	0.0000	0.0000	0.0000	0.0000	0.0000	0.0000	0.0000	0.0000	0.0000	0.0000	0.0000	0.0000	0.0000	0.0000	0.0000	0.0000	0.0000	0.0000	0.0000	0.0000	0.0000	0.0000	0.0000	0.0000	0.0000	0.0000	0.0000			0.0000	0.0000	0.0121	2.9998	3.0257	4.8980	0.0000	0.0000	0.0000	0.0000	0.0000	0.0000	0.0000	0.0000	0.0000	0.0000	0.0000	0.0000	0.0000	0.0000	0.0000	0.0000	0.0000	0.0000	0.0011	0.0009	0.0002	0.0003	0.0003	0.0000	0.0008	0.0006	0.0002	0.0820	0.0450	0.0370	0.0301	0.0221	0.0080	0.0519	0.0229	0.0290
18	45	0.0603	9	2	0	1	0	0	0	0	0	1	0	1	0	0	0	0	0	0	0	Y	N	N	N	N	N	N	N	N	N	N	N	N	N	N	N	N	N	0.0000	0.0000	0.0000	0.0000	0.0000	0.0000	0.0000	0.0000	0.0000	0.0000	0.0000	0.0000	0.0000	0.0000	0.0000	0.0000	0.0000	0.0000	0.0000	0.0000	0.0000	0.0000	0.0000	0.0000	0.0000	0.0000	0.0000			0.0000	0.0000	0.0121	0.0002	3.0257	2.0813	0.0000	0.0000	0.0000	0.0000	0.0000	0.0000	0.0000	0.0000	0.0000	0.0000	0.0000	0.0000	0.0000	0.0000	0.0000	0.0000	0.0000	0.0000	0.0000	0.0000	0.0000	0.0000	0.0000	0.0000	0.0000	0.0000	0.0000	0.0228	0.0128	0.0101	0.0084	0.0062	0.0022	0.0144	0.0066	0.0079
18	55	0.0662	12	2	0	1	0	0	0	0	0	0	1	1	1	0	0	0	0	0	0	Y	N	N	N	N	N	N	N	N	N	N	N	N	N	N	N	N	N	0.0000	0.0000	0.0000	0.0000	0.0000	0.0000	0.0000	0.0000	0.0000	0.0000	0.0000	0.0000	0.0000	0.0000	0.0000	0.0000	0.0000	0.0000	0.0000	0.0000	0.0000	0.0000	0.0000	0.0000	0.0000	0.0000	0.0000			0.0000	0.0000	0.0121	0.0000	3.0257	1.0065	0.0000	0.0000	0.0000	0.0000	0.0000	0.0000	0.0000	0.0000	0.0000	0.0000	0.0000	0.0000	0.0000	0.0000	0.0000	0.0000	0.0000	0.0000	0.0000	0.0000	0.0000	0.0000	0.0000	0.0000	0.0000	0.0000	0.0000	0.0108	0.0058	0.0049	0.0040	0.0029	0.0011	0.0068	0.0030	0.0038
18	56	0.0633	11	2	0	1	0	0	0	0	0	0	0	1	0	0	0	0	0	0	0	Y	N	N	N	N	N	N	N	N	N	N	N	N	N	N	N	N	N	0.0000	0.0000	0.0000	0.0000	0.0000	0.0000	0.0000	0.0000	0.0000	0.0000	0.0000	0.0000	0.0000	0.0000	0.0000	0.0000	0.0000	0.0000	0.0000	0.0000	0.0000	0.0000	0.0000	0.0000	0.0000	0.0000	0.0000			0.0000	0.0000	0.0121	0.0000	3.0257	1.0047	0.0000	0.0000	0.0000	0.0000	0.0000	0.0000	0.0000	0.0000	0.0000	0.0000	0.0000	0.0000	0.0000	0.0000	0.0000	0.0000	0.0000	0.0000	0.0000	0.0000	0.0000	0.0000	0.0000	0.0000	0.0000	0.0000	0.0000	0.0106	0.0058	0.0049	0.0039	0.0028	0.0011	0.0067	0.0029	0.0038
18	57	0.0633	10	2	0	1	0	0	0	0	0	1	0	1	0	0	0	0	0	0	0	Y	N	N	N	N	N	N	N	N	N	N	N	N	N	N	N	N	N	0.0000	0.0000	0.0000	0.0000	0.0000	0.0000	0.0000	0.0000	0.0000	0.0000	0.0000	0.0000	0.0000	0.0000	0.0000	0.0000	0.0000	0.0000	0.0000	0.0000	0.0000	0.0000	0.0000	0.0000	0.0000	0.0000	0.0000			0.0000	0.0000	0.0121	0.0000	3.0257	0.0000	0.0000	0.0000	0.0000	0.0000	0.0000	0.0000	0.0000	0.0000	0.0000	0.0000	0.0000	0.0000	0.0000	0.0000	0.0000	0.0000	0.0000	0.0000	0.0000	0.0000	0.0000	0.0000	0.0000	0.0000	0.0000	0.0000	0.0000	0.0000	0.0000	0.0000	0.0000	0.0000	0.0000	0.0000	0.0000	0.0000
18	61	0.0603	9	2	0	1	0	0	0	0	0	0	0	0	0	0	0	0	0	0	0	Y	N	N	N	N	N	N	N	N	N	N	N	N	N	N	N	N	N	0.0000	0.0000	0.0000	0.0000	0.0000	0.0000	0.0000	0.0000	0.0000	0.0000	0.0000	0.0000	0.0000	0.0000	0.0000	0.0000	0.0000	0.0000	0.0000	0.0000	0.0000	0.0000	0.0000	0.0000	0.0000	0.0000	0.0000			0.0000	0.0000	0.0121	0.0000	3.0257	1.0227	0.0000	0.0000	0.0000	0.0000	0.0000	0.0000	0.0000	0.0000	0.0000	0.0000	0.0000	0.0000	0.0000	0.0000	0.0000	0.0000	0.0000	0.0000	0.0000	0.0000	0.0000	0.0000	0.0000	0.0000	0.0000	0.0000	0.0000	0.0118	0.0068	0.0050	0.0044	0.0033	0.0011	0.0074	0.0034	0.0039
18	62	0.0549	8	2	0	1	0	0	0	0	0	0	0	0	0	0	0	0	0	0	0	Y	N	N	N	N	N	N	N	N	N	N	N	N	N	N	N	N	N	0.0000	0.0000	0.0000	0.0000	0.0000	0.0000	0.0000	0.0000	0.0000	0.0000	0.0000	0.0000	0.0000	0.0000	0.0000	0.0000	0.0000	0.0000	0.0000	0.0000	0.0000	0.0000	0.0000	0.0000	0.0000	0.0000	0.0000			0.0000	0.0000	0.0121	0.4815	3.0257	1.4942	0.0000	0.0000	0.0000	0.0000	0.0000	0.0000	0.0000	0.0000	0.0000	0.0000	0.0000	0.0000	0.0000	0.0000	0.0000	0.0000	0.0000	0.0000	0.0003	0.0002	0.0000	0.0001	0.0001	0.0000	0.0002	0.0001	0.0000	0.0234	0.0127	0.0107	0.0087	0.0066	0.0020	0.0147	0.0061	0.0087
18	63	0.0503	10	2	0	1	0	0	0	0	0	0	1	0	1	0	0	0	0	0	0	Y	N	N	N	N	N	N	N	N	N	N	N	N	N	N	N	N	N	0.2893	0.0000	inf	0.0000	0.0000	0.0000	0.4190	0.0000	inf	0.2029	0.0000	0.4657	0.0000	0.0000	0.0000	0.3814	0.0000	0.4658	0.7013	1.2104	0.0000	0.0063	0.0065	0.0000	0.9103	1.9764	0.0000	inf	0.0000	0.0000	-0.0092	0.0121	0.0023	3.0257	3.0060	0.0000	0.0000	0.0000	0.0000	0.0000	0.0000	0.0000	0.0000	0.0000	0.0194	0.0194	0.0000	0.0000	0.0000	0.0000	0.0194	0.0194	0.0000	0.0000	0.0000	0.0000	0.0000	0.0000	0.0000	0.0000	0.0000	0.0000	0.0277	0.0160	0.0116	0.0064	0.0062	0.0002	0.0213	0.0098	0.0115
18	64	0.0475	9	2	0	1	0	1	0	0	0	0	0	0	0	0	0	0	0	0	0	Y	N	N	N	N	N	N	N	N	N	N	N	N	N	N	N	N	N	3.3945	2.4687	0.0000	1293.2107	1328.0315	0.0000	0.0000	0.0000	0.0000	0.0029	0.0035	0.0000	0.0097	0.0097	0.0000	0.0000	0.0000	0.0000	0.0009	0.0014	0.0001	0.0000	0.0000	0.0000	0.0011	0.0024	0.0001	0.0000	0.0488	-0.0000	-0.0000	0.0121	0.9990	3.0257	0.0212	0.0000	0.0000	0.0000	0.0000	0.0000	0.0000	0.0000	0.0000	0.0000	0.0000	0.0000	0.0000	0.0000	0.0000	0.0000	0.0000	0.0000	0.0000	0.0004	0.0003	0.0001	0.0001	0.0001	0.0000	0.0003	0.0002	0.0001	0.0097	0.0056	0.0041	0.0023	0.0022	0.0001	0.0074	0.0034	0.0040
18	69	0.0581	7	2	0	1	0	0	0	0	0	0	0	0	0	0	0	0	0	0	0	Y	N	N	N	N	N	N	N	N	N	N	N	N	N	N	N	N	N	0.0000	0.0000	0.0000	0.0000	0.0000	0.0000	0.0000	0.0000	0.0000	0.0000	0.0000	0.0000	0.0000	0.0000	0.0000	0.0000	0.0000	0.0000	0.0000	0.0000	0.0000	0.0000	0.0000	0.0000	0.0000	0.0000	0.0000		inf	0.0000	0.0000	0.0121	1.0007	3.0257	1.2584	0.0000	0.0000	0.0000	0.0000	0.0000	0.0000	0.0000	0.0000	0.0000	0.0000	0.0000	0.0000	0.0000	0.0000	0.0000	0.0000	0.0000	0.0000	0.0004	0.0003	0.0001	0.0001	0.0001	0.0000	0.0003	0.0002	0.0001	0.0266	0.0146	0.0121	0.0101	0.0073	0.0028	0.0165	0.0073	0.0093
18	70	0.0440	6	2	0	1	0	1	0	0	0	0	0	0	0	0	0	0	0	0	0	Y	N	N	N	N	N	N	N	N	N	N	N	N	N	N	N	N	N	0.0000	0.0000	0.0000	0.0000	0.0000	0.0000	0.0000	0.0000	0.0000	0.0000	0.0000	0.0000	0.0000	0.0000	0.0000	0.0000	0.0000	0.0000	0.0000	0.0000	0.0000	0.0000	0.0000	0.0000	0.0000	0.0000	0.0000		0.0000	0.0000	-0.0000	0.0121	3.0007	3.0257	1.9606	0.0000	0.0000	0.0000	0.0000	0.0000	0.0000	0.0000	0.0000	0.0000	0.0000	0.0000	0.0000	0.0000	0.0000	0.0000	0.0000	0.0000	0.0000	0.0011	0.0009	0.0002	0.0003	0.0003	0.0000	0.0008	0.0006	0.0002	0.0530	0.0285	0.0245	0.0183	0.0133	0.0050	0.0347	0.0152	0.0195
18	75	0.0767	10	2	0	1	0	0	0	0	0	0	0	1	1	0	0	0	0	0	0	Y	N	N	N	N	N	N	N	N	N	N	N	N	N	N	N	N	N	0.0000	0.0000	0.0000	0.0000	0.0000	0.0000	0.0000	0.0000	0.0000	0.0000	0.0000	0.0000	0.0000	0.0000	0.0000	0.0000	0.0000	0.0000	0.0000	0.0000	0.0000	0.0000	0.0000	0.0000	0.0000	0.0000	0.0000			0.0000	0.0000	0.0121	0.0000	3.0257	1.0000	0.0000	0.0000	0.0000	0.0000	0.0000	0.0000	0.0000	0.0000	0.0000	0.0000	0.0000	0.0000	0.0000	0.0000	0.0000	0.0000	0.0000	0.0000	0.0000	0.0000	0.0000	0.0000	0.0000	0.0000	0.0000	0.0000	0.0000	0.0067	0.0042	0.0025	0.0012	0.0011	0.0001	0.0055	0.0031	0.0024
18	76	0.0767	9	2	0	1	0	0	0	0	0	0	1	1	1	0	0	0	0	0	0	Y	N	N	N	N	N	N	N	N	N	N	N	N	N	N	N	N	N	0.0000	0.0000	0.0000	0.0000	0.0000	0.0000	0.0000	0.0000	0.0000	0.0000	0.0000	0.0000	0.0000	0.0000	0.0000	0.0000	0.0000	0.0000	0.0000	0.0000	0.0000	0.0000	0.0000	0.0000	0.0000	0.0000	0.0000			0.0000	0.0000	0.0121	0.0000	3.0257	0.0000	0.0000	0.0000	0.0000	0.0000	0.0000	0.0000	0.0000	0.0000	0.0000	0.0000	0.0000	0.0000	0.0000	0.0000	0.0000	0.0000	0.0000	0.0000	0.0000	0.0000	0.0000	0.0000	0.0000	0.0000	0.0000	0.0000	0.0000	0.0007	0.0004	0.0003	0.0004	0.0004	0.0000	0.0004	0.0000	0.0003
18	77	0.0549	8	2	0	1	0	0	0	0	0	1	0	1	0	0	0	0	0	0	0	Y	N	N	N	N	N	N	N	N	N	N	N	N	N	N	N	N	N	0.3113	0.0000	27.0958	0.0000	0.0000	0.0000	0.3980	0.0000	22.2005	0.0013	0.0000	0.1546	0.0000	0.0000	0.0000	0.0027	0.0000	0.1581	0.0043	0.0031	0.0057	0.0000	0.0000	0.0000	0.0067	0.0061	0.0071	inf	1.5683	0.0000	0.0000	0.0121	0.0002	3.0257	3.7635	0.0000	0.0000	0.0000	0.0000	0.0000	0.0000	0.0000	0.0000	0.0000	0.0002	0.0001	0.0001	0.0000	0.0000	0.0000	0.0002	0.0001	0.0001	0.0001	0.0001	0.0000	0.0000	0.0000	0.0000	0.0000	0.0000	0.0000	0.0419	0.0227	0.0192	0.0151	0.0113	0.0038	0.0267	0.0113	0.0154
18	78	0.0491	7	2	0	1	0	1	0	0	0	0	0	0	0	0	0	0	0	0	0	Y	N	N	N	N	N	N	N	N	N	N	N	N	N	N	N	N	N	0.0000	0.0000	0.0000	0.0000	0.0000	0.0000	0.0000	0.0000	0.0000	0.0000	0.0000	0.0000	0.0000	0.0000	0.0000	0.0000	0.0000	0.0000	0.0000	0.0000	0.0000	0.0000	0.0000	0.0000	0.0000	0.0000	0.0000		inf	0.0000	0.0000	0.0121	0.5196	3.0257	1.5432	0.0000	0.0000	0.0000	0.0000	0.0000	0.0000	0.0000	0.0000	0.0000	0.0000	0.0000	0.0000	0.0000	0.0000	0.0000	0.0000	0.0000	0.0000	0.0002	0.0002	0.0000	0.0001	0.0001	0.0000	0.0001	0.0001	0.0000	0.0222	0.0119	0.0103	0.0077	0.0056	0.0021	0.0145	0.0063	0.0082
18	93	0.0475	6	2	0	1	0	0	0	0	0	0	0	0	0	0	0	0	0	0	0	Y	N	N	N	N	N	N	N	N	N	N	N	N	N	N	N	N	N	0.0000	0.0000	0.0000	0.0000	0.0000	0.0000	0.0000	0.0000	0.0000	0.0000	0.0000	0.0000	0.0000	0.0000	0.0000	0.0000	0.0000	0.0000	0.0000	0.0000	0.0000	0.0000	0.0000	0.0000	0.0000	0.0000	0.0000			0.0000	0.0000	0.0121	0.0001	3.0257	0.0783	0.0000	0.0000	0.0000	0.0000	0.0000	0.0000	0.0000	0.0000	0.0000	0.0000	0.0000	0.0000	0.0000	0.0000	0.0000	0.0000	0.0000	0.0000	0.0000	0.0000	0.0000	0.0000	0.0000	0.0000	0.0000	0.0000	0.0000	0.0016	0.0009	0.0007	0.0006	0.0006	0.0000	0.0010	0.0003	0.0007
18	94	0.0389	5	2	0	1	0	1	0	0	0	0	0	0	0	0	0	0	0	0	0	Y	N	N	N	N	N	N	N	N	N	N	N	N	N	N	N	N	N	0.0000	0.0000	0.0000	0.0000	0.0000	0.0000	0.0000	0.0000	0.0000	0.0000	0.0000	0.0000	0.0000	0.0000	0.0000	0.0000	0.0000	0.0000	0.1622	0.0000	0.3790	0.0033	0.0000	0.1475	0.2071	0.0000	0.3817		210965.7196	0.0000	0.0024	0.0121	0.0004	3.0257	2.9660	0.0000	0.0000	0.0000	0.0000	0.0000	0.0000	0.0000	0.0000	0.0000	0.0045	0.0000	0.0045	0.0000	0.0000	0.0000	0.0045	0.0000	0.0045	0.0000	0.0000	0.0000	0.0000	0.0000	0.0000	0.0000	0.0000	0.0000	0.0278	0.0159	0.0119	0.0061	0.0060	0.0001	0.0217	0.0099	0.0118
19	30	0.1150	17	2	0	1	1	0	0	0	1	0	1	2	1	0	0	0	0	0	0	Y	N	N	N	Y	N	N	N	N	N	N	N	N	N	N	N	N	N	0.0000	0.0000	0.0000	0.0000	0.0000	0.0000	0.0000	0.0000	0.0000	0.0000	0.0000	0.0000	0.0000	0.0000	0.0000	0.0000	0.0000	0.0000	0.0000	0.0000	0.0000	0.0000	0.0000	0.0000	0.0000	0.0000	0.0000		inf	0.0000	0.0000	0.9999	0.0002	7.0877	1.1973	0.0000	0.0000	0.0000	0.0000	0.0000	0.0000	0.0000	0.0000	0.0000	0.0000	0.0000	0.0000	0.0000	0.0000	0.0000	0.0000	0.0000	0.0000	0.0000	0.0000	0.0000	0.0000	0.0000	0.0000	0.0000	0.0000	0.0000	0.0232	0.0144	0.0088	0.0049	0.0046	0.0003	0.0183	0.0098	0.0084
19	31	0.0912	16	2	0	1	0	1	0	0	0	1	0	2	0	0	0	0	0	0	0	Y	N	N	N	Y	N	N	N	N	N	N	N	N	N	N	N	N	N	0.0000	0.0000	0.0000	0.0000	0.0000	0.0000	0.0000	0.0000	0.0000	0.0000	0.0000	0.0000	0.0000	0.0000	0.0000	0.0000	0.0000	0.0000	0.0000	0.0000	0.0000	0.0000	0.0000	0.0001	0.0000	0.0000	0.0000		2.1602	0.0000	0.0000	0.9999	2.0002	7.0877	1.8085	0.0000	0.0000	0.0000	0.0000	0.0000	0.0000	0.0000	0.0000	0.0000	0.0000	0.0000	0.0000	0.0000	0.0000	0.0000	0.0000	0.0000	0.0000	0.0246	0.0211	0.0035	0.0003	0.0003	0.0000	0.0242	0.0208	0.0034	0.0589	0.0297	0.0292	0.0075	0.0066	0.0010	0.0514	0.0231	0.0282
19	37	0.0347	5	2	0	1	1	0	0	0	1	0	1	2	1	0	0	0	0	0	0	Y	N	N	N	Y	N	N	N	N	N	N	N	N	N	N	N	N	N	0.0000	0.0000	0.0000	0.0000	0.0000	0.0000	0.0000	0.0000	0.0000	0.0000	0.0000	0.0000	0.0000	0.0000	0.0000	0.0000	0.0000	0.0000	0.0000	0.0000	0.0000	0.0000	0.0000	0.0000	0.0000	0.0000	0.0000			0.0000	0.0000	0.9999	0.0000	7.0877	2.0000	0.0000	0.0000	0.0000	0.0000	0.0000	0.0000	0.0000	0.0000	0.0000	0.0000	0.0000	0.0000	0.0000	0.0000	0.0000	0.0000	0.0000	0.0000	0.0000	0.0000	0.0000	0.0000	0.0000	0.0000	0.0000	0.0000	0.0000	0.0330	0.0156	0.0175	0.0012	0.0011	0.0001	0.0319	0.0145	0.0174
19	38	0.0390	7	2	0	1	0	0	0	0	0	0	1	2	1	0	0	0	0	0	0	Y	N	N	N	Y	N	N	N	N	N	N	N	N	N	N	N	N	N	0.0000	0.0000	0.0000	0.0000	0.0000	0.0000	0.0000	0.0000	0.0000	0.0000	0.0000	0.0000	0.0000	0.0000	0.0000	0.0000	0.0000	0.0000	31.7461	0.0000	63.6675	0.0000	0.0000	0.0000	51.9282	0.0000	63.6793		inf	0.0000	0.2566	0.9999	0.0000	7.0877	0.4891	0.0000	0.0000	0.0000	0.0000	0.0000	0.0000	0.0000	0.0000	0.0000	0.4878	0.0000	0.4878	0.0000	0.0000	0.0000	0.4878	0.0000	0.4878	0.0000	0.0000	0.0000	0.0000	0.0000	0.0000	0.0000	0.0000	0.0000	0.0154	0.0077	0.0077	0.0060	0.0060	0.0000	0.0094	0.0017	0.0077
19	39	0.0375	6	2	0	1	0	0	0	0	0	0	0	2	0	0	0	0	0	0	0	Y	N	N	N	Y	N	N	N	N	N	N	N	N	N	N	N	N	N	0.0000	0.0000	0.0000	0.0000	0.0000	0.0000	0.0000	0.0000	0.0000	0.0000	0.0000	0.0000	0.0000	0.0000	0.0000	0.0000	0.0000	0.0000	57.7982	0.6426	109.1840	5.8780	6.0715	0.0000	60.6320	0.0000	109.5270		188.9824	0.0000	0.2659	0.9999	0.0000	7.0877	0.5132	0.0000	0.0000	0.0000	0.0000	0.0000	0.0000	0.0000	0.0000	0.0000	0.5107	0.0027	0.5080	0.0027	0.0027	0.0000	0.5080	0.0000	0.5080	0.0000	0.0000	0.0000	0.0000	0.0000	0.0000	0.0000	0.0000	0.0000	0.0088	0.0042	0.0047	0.0005	0.0004	0.0000	0.0084	0.0037	0.0046
19	42	0.0485	3	2	0	1	1	0	0	0	1	0	0	2	1	0	0	0	0	0	0	Y	N	N	N	Y	N	N	N	N	N	N	N	N	N	N	N	N	N	0.0000	0.0000	0.0000	0.0000	0.0000	0.0000	0.0000	0.0000	0.0000	0.0000	0.0000	0.0000	0.0000	0.0000	0.0000	0.0000	0.0000	0.0000	0.0000	0.0000	0.0000	0.0000	0.0000	0.0000	0.0000	0.0000	0.0000			0.0000	0.0000	0.9999	0.0001	7.0877	0.0001	0.0000	0.0000	0.0000	0.0000	0.0000	0.0000	0.0000	0.0000	0.0000	0.0000	0.0000	0.0000	0.0000	0.0000	0.0000	0.0000	0.0000	0.0000	0.0000	0.0000	0.0000	0.0000	0.0000	0.0000	0.0000	0.0000	0.0000	0.0071	0.0061	0.0010	0.0039	0.0036	0.0003	0.0031	0.0025	0.0007
19	44	0.0259	2	2	0	1	0	0	0	0	0	0	1	2	1	0	0	0	0	0	0	Y	N	N	N	Y	N	N	N	N	N	N	N	N	N	N	N	N	N	0.0000	0.0000	0.0000	0.0000	0.0000	0.0000	0.0000	0.0000	0.0000	0.0000	0.0000	0.0000	0.0000	0.0000	0.0000	0.0000	0.0000	0.0000	6.2858	13.0574	0.0534	0.5659	0.5673	0.0967	6.6631	14.9024	0.0534		0.0044	0.0000	-0.4133	0.9999	2.9998	7.0877	4.8980	0.0000	0.0000	0.0000	0.0000	0.0000	0.0000	0.0000	0.0000	0.0000	0.8802	0.8763	0.0039	0.0049	0.0049	0.0000	0.8753	0.8714	0.0039	0.0372	0.0319	0.0053	0.0000	0.0000	0.0000	0.0372	0.0319	0.0053	0.1400	0.0671	0.0729	0.0087	0.0086	0.0000	0.1314	0.0585	0.0729
19	55	0.0375	6	2	0	1	0	0	0	0	0	0	1	2	1	0	0	0	0	0	0	Y	N	N	N	Y	N	N	N	N	N	N	N	N	N	N	N	N	N	0.0000	0.0000	0.0000	0.0000	0.0000	0.0000	0.0000	0.0000	0.0000	0.0000	0.0000	0.0000	0.0000	0.0000	0.0000	0.0000	0.0000	0.0000	0.3236	0.6847	0.0000	7.3267	7.6123	0.0000	0.0000	0.0000	0.0000		0.0000	0.0000	-0.0026	0.9999	0.0000	7.0877	1.0065	0.0000	0.0000	0.0000	0.0000	0.0000	0.0000	0.0000	0.0000	0.0000	0.0055	0.0055	0.0000	0.0055	0.0055	0.0000	0.0000	0.0000	0.0000	0.0000	0.0000	0.0000	0.0000	0.0000	0.0000	0.0000	0.0000	0.0000	0.0170	0.0080	0.0090	0.0008	0.0007	0.0000	0.0163	0.0073	0.0089
19	56	0.0347	5	2	0	1	0	0	0	0	0	0	0	2	0	0	0	0	0	0	0	Y	N	N	N	Y	N	N	N	N	N	N	N	N	N	N	N	N	N	0.0000	0.0000	0.0000	0.0000	0.0000	0.0000	0.0000	0.0000	0.0000	0.0000	0.0000	0.0000	0.0000	0.0000	0.0000	0.0000	0.0000	0.0000	0.3300	0.0000	0.6245	0.0000	0.0000	0.0000	0.3421	0.0000	0.6264		inf	0.0000	0.0029	0.9999	0.0000	7.0877	1.0047	0.0000	0.0000	0.0000	0.0000	0.0000	0.0000	0.0000	0.0000	0.0000	0.0055	0.0000	0.0055	0.0000	0.0000	0.0000	0.0055	0.0000	0.0055	0.0000	0.0000	0.0000	0.0000	0.0000	0.0000	0.0000	0.0000	0.0000	0.0167	0.0079	0.0088	0.0006	0.0006	0.0000	0.0161	0.0073	0.0088
19	57	0.0347	4	2	0	1	0	0	0	0	0	1	0	2	0	0	0	0	0	0	0	Y	N	N	N	Y	N	N	N	N	N	N	N	N	N	N	N	N	N	0.0000	0.0000	0.0000	0.0000	0.0000	0.0000	0.0000	0.0000	0.0000	0.0000	0.0000	0.0000	0.0000	0.0000	0.0000	0.0000	0.0000	0.0000	0.0000	0.0000	0.0000	0.0000	0.0000	0.0000	0.0000	0.0000	0.0000			0.0000	0.0000	0.9999	0.0000	7.0877	0.0000	0.0000	0.0000	0.0000	0.0000	0.0000	0.0000	0.0000	0.0000	0.0000	0.0000	0.0000	0.0000	0.0000	0.0000	0.0000	0.0000	0.0000	0.0000	0.0000	0.0000	0.0000	0.0000	0.0000	0.0000	0.0000	0.0000	0.0000	0.0000	0.0000	0.0000	0.0000	0.0000	0.0000	0.0000	0.0000	0.0000
19	61	0.0317	3	2	0	1	0	0	0	0	0	0	0	1	0	0	0	0	0	0	0	Y	N	N	N	N	N	N	N	N	N	N	N	N	N	N	N	N	N	0.0000	0.0000	0.0000	0.0000	0.0000	0.0000	0.0000	0.0000	0.0000	0.0000	0.0000	0.0000	0.0000	0.0000	0.0000	0.0000	0.0000	0.0000	0.0008	0.0011	0.0003	0.0055	0.0055	0.0001	0.0002	0.0000	0.0003		0.2221	0.0000	-0.0000	0.9999	0.0000	7.0877	1.0227	0.0000	0.0000	0.0000	0.0000	0.0000	0.0000	0.0000	0.0000	0.0000	0.0000	0.0000	0.0000	0.0000	0.0000	0.0000	0.0000	0.0000	0.0000	0.0000	0.0000	0.0000	0.0000	0.0000	0.0000	0.0000	0.0000	0.0000	0.0207	0.0114	0.0093	0.0024	0.0024	0.0000	0.0183	0.0090	0.0093
19	63	0.0929	18	2	0	1	0	0	0	0	0	0	1	1	1	0	0	0	0	0	0	Y	N	N	N	N	N	N	N	N	N	N	N	N	N	N	N	N	N	0.0000	0.0000	0.0000	0.0000	0.0000	0.0000	0.0000	0.0000	0.0000	0.0000	0.0000	0.0000	0.0000	0.0000	0.0000	0.0000	0.0000	0.0000	0.0000	0.0000	0.0000	0.0000	0.0000	0.0000	0.0000	0.0000	0.0000			0.0000	0.0000	0.9999	0.0023	7.0877	3.0060	0.0000	0.0000	0.0000	0.0000	0.0000	0.0000	0.0000	0.0000	0.0000	0.0000	0.0000	0.0000	0.0000	0.0000	0.0000	0.0000	0.0000	0.0000	0.0000	0.0000	0.0000	0.0000	0.0000	0.0000	0.0000	0.0000	0.0000	0.0480	0.0242	0.0239	0.0057	0.0051	0.0006	0.0423	0.0191	0.0233
19	64	0.0901	17	2	0	1	0	1	0	0	0	0	0	1	0	0	0	0	0	0	0	Y	N	N	N	N	N	N	N	N	N	N	N	N	N	N	N	N	N	0.0000	0.0000	0.0000	0.0000	0.0000	0.0000	0.0000	0.0000	0.0000	0.0000	0.0000	0.0000	0.0000	0.0000	0.0000	0.0000	0.0000	0.0000	0.0019	0.0012	0.0026	0.0001	0.0001	0.0000	0.0022	0.0015	0.0027		2.0971	0.0000	0.0000	0.9999	0.9990	7.0877	0.0212	0.0000	0.0000	0.0000	0.0000	0.0000	0.0000	0.0000	0.0000	0.0000	0.0000	0.0000	0.0000	0.0000	0.0000	0.0000	0.0000	0.0000	0.0000	0.0124	0.0106	0.0017	0.0002	0.0002	0.0000	0.0122	0.0104	0.0017	0.0165	0.0083	0.0082	0.0020	0.0018	0.0002	0.0145	0.0065	0.0080
19	69	0.0621	7	2	0	1	0	0	0	0	0	0	0	1	0	0	0	0	0	0	0	Y	N	N	N	N	N	N	N	N	N	N	N	N	N	N	N	N	N	0.0000	0.0000	0.0000	0.0000	0.0000	0.0000	0.0000	0.0000	0.0000	0.0000	0.0000	0.0000	0.0000	0.0000	0.0000	0.0000	0.0000	0.0000	0.0000	0.0000	0.0000	0.0000	0.0000	0.0000	0.0000	0.0000	0.0000			0.0000	-0.0000	0.9999	1.0007	7.0877	1.2584	0.0000	0.0000	0.0000	0.0000	0.0000	0.0000	0.0000	0.0000	0.0000	0.0000	0.0000	0.0000	0.0000	0.0000	0.0000	0.0000	0.0000	0.0000	0.0126	0.0108	0.0018	0.0001	0.0001	0.0000	0.0125	0.0107	0.0018	0.0433	0.0217	0.0216	0.0064	0.0049	0.0015	0.0368	0.0167	0.0201
19	70	0.0479	6	2	0	1	0	1	0	0	0	0	0	1	0	0	0	0	0	0	0	Y	N	N	N	N	N	N	N	N	N	N	N	N	N	N	N	N	N	0.0000	0.0000	0.0000	0.0000	0.0000	0.0000	0.0000	0.0000	0.0000	0.0000	0.0000	0.0000	0.0000	0.0000	0.0000	0.0000	0.0000	0.0000	0.0007	0.0015	0.0000	0.0131	0.0145	0.0000	0.0000	0.0000	0.0000		0.0000	0.0000	-0.0000	0.9999	3.0007	7.0877	1.9606	0.0000	0.0000	0.0000	0.0000	0.0000	0.0000	0.0000	0.0000	0.0000	0.0001	0.0001	0.0000	0.0001	0.0001	0.0000	0.0000	0.0000	0.0000	0.0373	0.0320	0.0053	0.0001	0.0001	0.0000	0.0372	0.0319	0.0053	0.0813	0.0388	0.0425	0.0046	0.0041	0.0004	0.0767	0.0347	0.0421
19	71	0.1758	13	1	0	1	0	0	0	0	0	1	0	2	0	0	0	0	0	0	0	N	N	N	N	Y	N	N	N	N	N	N	N	N	N	N	N	N	N	0.0000	0.0000	0.0000	0.0000	0.0000	0.0000	0.0000	0.0000	0.0000	0.0000	0.0000	0.0000	0.0000	0.0000	0.0000	0.0000	0.0000	0.0000	0.0232	0.0375	0.0001	0.0656	0.0743	0.0006	0.0000	0.0000	0.0000		0.0011	0.0000	-0.0063	0.9999	6.1029	7.0877	20.9537	0.0000	0.0000	0.0000	0.0000	0.0000	0.0000	0.0000	0.0000	0.0000	0.0132	0.0132	0.0000	0.0132	0.0132	0.0000	0.0000	0.0000	0.0000	0.0839	0.0729	0.0109	0.0071	0.0069	0.0002	0.0768	0.0660	0.0108	0.5702	0.3526	0.2176	0.2014	0.1777	0.0237	0.3688	0.1749	0.1940
19	75	0.0589	6	2	0	1	0	0	0	0	0	0	0	2	1	0	0	0	0	0	0	Y	N	N	N	Y	N	N	N	N	N	N	N	N	N	N	N	N	N	0.0000	0.0000	0.0000	0.0000	0.0000	0.0000	0.0000	0.0000	0.0000	0.0000	0.0000	0.0000	0.0000	0.0000	0.0000	0.0000	0.0000	0.0000	0.0000	0.0000	0.0000	0.0000	0.0000	0.0000	0.0000	0.0000	0.0000			0.0000	0.0000	0.9999	0.0000	7.0877	1.0000	0.0000	0.0000	0.0000	0.0000	0.0000	0.0000	0.0000	0.0000	0.0000	0.0000	0.0000	0.0000	0.0000	0.0000	0.0000	0.0000	0.0000	0.0000	0.0000	0.0000	0.0000	0.0000	0.0000	0.0000	0.0000	0.0000	0.0000	0.0155	0.0091	0.0064	0.0010	0.0009	0.0001	0.0145	0.0082	0.0063
19	76	0.0589	5	2	0	1	0	0	0	0	0	0	1	2	1	0	0	0	0	0	0	Y	N	N	N	Y	N	N	N	N	N	N	N	N	N	N	N	N	N	0.0000	0.0000	0.0000	0.0000	0.0000	0.0000	0.0000	0.0000	0.0000	0.0000	0.0000	0.0000	0.0000	0.0000	0.0000	0.0000	0.0000	0.0000	0.0000	0.0000	0.0000	0.0000	0.0000	0.0000	0.0000	0.0000	0.0000			0.0000	0.0000	0.9999	0.0000	7.0877	0.0000	0.0000	0.0000	0.0000	0.0000	0.0000	0.0000	0.0000	0.0000	0.0000	0.0000	0.0000	0.0000	0.0000	0.0000	0.0000	0.0000	0.0000	0.0000	0.0000	0.0000	0.0000	0.0000	0.0000	0.0000	0.0000	0.0000	0.0000	0.0020	0.0011	0.0009	0.0010	0.0010	0.0000	0.0010	0.0001	0.0009
19	77	0.0371	4	2	0	1	0	0	0	0	0	1	0	2	0	0	0	0	0	0	0	Y	N	N	N	Y	N	N	N	N	N	N	N	N	N	N	N	N	N	0.0000	0.0000	0.0000	0.0000	0.0000	0.0000	0.0000	0.0000	0.0000	0.0000	0.0000	0.0000	0.0000	0.0000	0.0000	0.0000	0.0000	0.0000	0.0050	0.0016	0.0080	0.0003	0.0004	0.0000	0.0054	0.0019	0.0081		5.3940	0.0000	0.0001	0.9999	0.0002	7.0877	3.7635	0.0000	0.0000	0.0000	0.0000	0.0000	0.0000	0.0000	0.0000	0.0000	0.0003	0.0001	0.0003	0.0000	0.0000	0.0000	0.0003	0.0000	0.0003	0.0013	0.0012	0.0001	0.0006	0.0006	0.0000	0.0006	0.0005	0.0001	0.0667	0.0319	0.0348	0.0055	0.0052	0.0003	0.0612	0.0267	0.0345
19	93	0.0901	14	2	0	1	0	0	0	0	0	0	0	1	0	0	0	0	0	0	0	Y	N	N	N	N	N	N	N	N	N	N	N	N	N	N	N	N	N	0.0000	0.0000	0.0000	0.0000	0.0000	0.0000	0.0000	0.0000	0.0000	0.0000	0.0000	0.0000	0.0000	0.0000	0.0000	0.0000	0.0000	0.0000	0.0059	0.0054	0.0065	0.0083	0.0084	0.0001	0.0046	0.0000	0.0066		0.9995	0.0000	0.0000	0.9999	0.0001	7.0877	0.0783	0.0000	0.0000	0.0000	0.0000	0.0000	0.0000	0.0000	0.0000	0.0000	0.0000	0.0000	0.0000	0.0000	0.0000	0.0000	0.0000	0.0000	0.0000	0.0000	0.0000	0.0000	0.0000	0.0000	0.0000	0.0000	0.0000	0.0000	0.0034	0.0018	0.0015	0.0012	0.0012	0.0000	0.0022	0.0006	0.0015
19	94	0.0815	13	2	0	1	0	1	0	0	0	0	0	1	0	0	0	0	0	0	0	Y	N	N	N	N	N	N	N	N	N	N	N	N	N	N	N	N	N	0.0000	0.0000	0.0000	0.0000	0.0000	0.0000	0.0000	0.0000	0.0000	0.0000	0.0000	0.0000	0.0000	0.0000	0.0000	0.0000	0.0000	0.0000	0.0002	0.0000	0.0004	0.0000	0.0000	0.0000	0.0002	0.0000	0.0004		4157.2083	0.0000	0.0000	0.9999	0.0004	7.0877	2.9660	0.0000	0.0000	0.0000	0.0000	0.0000	0.0000	0.0000	0.0000	0.0000	0.0000	0.0000	0.0000	0.0000	0.0000	0.0000	0.0000	0.0000	0.0000	0.0000	0.0000	0.0000	0.0000	0.0000	0.0000	0.0000	0.0000	0.0000	0.0477	0.0240	0.0237	0.0055	0.0049	0.0006	0.0422	0.0191	0.0231
20	30	0.0919	16	2	0	1	1	0	0	1	1	0	1	2	1	0	0	0	0	0	0	Y	N	N	N	Y	N	N	N	N	N	N	N	N	N	N	N	N	N	0.0000	0.0000	0.0000	0.0000	0.0000	0.0000	0.0000	0.0000	0.0000	0.0000	0.0000	0.0000	0.0000	0.0000	0.0000	0.0000	0.0000	0.0000	0.0000	0.0000	0.0000	0.0000	0.0000	0.0001	0.0000	0.0000	0.0000		0.2656	0.0000	-0.0000	0.0002	0.0002	0.9617	1.1973	0.0000	0.0000	0.0000	0.0000	0.0000	0.0000	0.0000	0.0000	0.0000	0.0000	0.0000	0.0000	0.0000	0.0000	0.0000	0.0000	0.0000	0.0000	0.0000	0.0000	0.0000	0.0000	0.0000	0.0000	0.0000	0.0000	0.0000	0.0033	0.0022	0.0011	0.0008	0.0008	0.0000	0.0025	0.0014	0.0010
20	31	0.0681	15	2	0	1	0	1	0	1	0	1	0	2	0	0	0	0	0	0	0	Y	N	N	N	Y	N	N	N	N	N	N	N	N	N	N	N	N	N	466791.5314	350456.0935	0.0000	533959.3585	520432.2917	0.0000	0.0000	0.0000	0.0000	4.6961	5.2666	0.0000	19.5428	19.5643	0.0000	0.0000	0.0000	0.0000	0.0000	0.0000	0.0000	0.0000	0.0000	0.0000	0.0000	0.0000	0.0000	0.0000	0.2068	-0.0000	-0.0000	0.0002	2.0002	0.9617	1.8085	0.0001	0.0001	0.0000	0.0001	0.0001	0.0000	0.0000	0.0000	0.0000	0.0000	0.0000	0.0000	0.0000	0.0000	0.0000	0.0000	0.0000	0.0000	0.0000	0.0000	0.0000	0.0000	0.0000	0.0000	0.0000	0.0000	0.0000	0.0090	0.0050	0.0040	0.0018	0.0017	0.0001	0.0072	0.0033	0.0039
20	37	0.0116	4	2	0	1	1	0	0	1	1	0	1	2	1	0	0	0	0	0	0	Y	N	N	N	Y	N	N	N	N	N	N	N	N	N	N	N	N	N	0.0000	0.0000	0.0000	0.0000	0.0000	0.0000	0.0000	0.0000	0.0000	0.0000	0.0000	0.0000	0.0000	0.0000	0.0000	0.0000	0.0000	0.0000	0.0000	0.0000	0.0000	0.0000	0.0000	0.0000	0.0000	0.0000	0.0000			0.0000	0.0000	0.0002	0.0000	0.9617	2.0000	0.0000	0.0000	0.0000	0.0000	0.0000	0.0000	0.0000	0.0000	0.0000	0.0000	0.0000	0.0000	0.0000	0.0000	0.0000	0.0000	0.0000	0.0000	0.0000	0.0000	0.0000	0.0000	0.0000	0.0000	0.0000	0.0000	0.0000	0.0051	0.0027	0.0023	0.0006	0.0006	0.0000	0.0044	0.0021	0.0023
20	38	0.0158	6	2	0	1	0	0	0	1	0	0	1	2	1	0	0	0	0	0	0	Y	N	N	N	Y	N	N	N	N	N	N	N	N	N	N	N	N	N	0.0000	0.0000	0.0000	0.0000	0.0000	0.0000	0.0000	0.0000	0.0000	0.0000	0.0000	0.0000	0.0000	0.0000	0.0000	0.0000	0.0000	0.0000	0.3633	0.0278	0.7581	0.0382	0.0383	0.0000	0.5734	0.0000	0.7584		23.1975	0.0000	0.0003	0.0002	0.0000	0.9617	0.4891	0.0000	0.0000	0.0000	0.0000	0.0000	0.0000	0.0000	0.0000	0.0000	0.0007	0.0000	0.0007	0.0000	0.0000	0.0000	0.0007	0.0000	0.0007	0.0000	0.0000	0.0000	0.0000	0.0000	0.0000	0.0000	0.0000	0.0000	0.0019	0.0011	0.0009	0.0008	0.0008	0.0000	0.0012	0.0003	0.0009
20	39	0.0144	5	2	0	1	0	0	0	1	0	0	0	2	0	0	0	0	0	0	0	Y	N	N	N	Y	N	N	N	N	N	N	N	N	N	N	N	N	N	0.0000	0.0000	0.0000	0.0000	0.0000	0.0000	0.0000	0.0000	0.0000	0.0000	0.0000	0.0000	0.0000	0.0000	0.0000	0.0000	0.0000	0.0000	0.5514	0.0472	1.1406	0.1871	0.1891	0.0000	0.6088	0.0000	1.1442		20.6661	0.0000	0.0004	0.0002	0.0000	0.9617	0.5132	0.0000	0.0000	0.0000	0.0000	0.0000	0.0000	0.0000	0.0000	0.0000	0.0007	0.0000	0.0007	0.0000	0.0000	0.0000	0.0007	0.0000	0.0007	0.0000	0.0000	0.0000	0.0000	0.0000	0.0000	0.0000	0.0000	0.0000	0.0013	0.0007	0.0006	0.0002	0.0002	0.0000	0.0012	0.0005	0.0006
20	42	0.0253	2	2	0	1	1	0	0	1	1	0	0	2	1	0	0	0	0	0	0	Y	N	N	N	Y	N	N	N	N	N	N	N	N	N	N	N	N	N	65383.7882	96441.0008	0.0000	84619.3589	62568.0542	0.0000	0.0000	0.0000	0.0000	0.2296	0.4310	0.0000	0.4694	0.4310	0.0000	0.0000	0.0000	0.0000	0.0000	0.0000	0.0000	0.0000	0.0000	0.0000	0.0000	0.0000	0.0000	0.0000	0.0000	-0.0000	-0.0000	0.0002	0.0001	0.9617	0.0001	0.0000	0.0000	0.0000	0.0000	0.0000	0.0000	0.0000	0.0000	0.0000	0.0000	0.0000	0.0000	0.0000	0.0000	0.0000	0.0000	0.0000	0.0000	0.0000	0.0000	0.0000	0.0000	0.0000	0.0000	0.0000	0.0000	0.0000	0.0017	0.0013	0.0004	0.0011	0.0009	0.0002	0.0006	0.0005	0.0002
20	55	0.0144	5	2	0	1	0	0	0	1	0	0	1	2	1	0	0	0	0	0	0	Y	N	N	N	Y	N	N	N	N	N	N	N	N	N	N	N	N	N	0.0000	0.0000	0.0000	0.0000	0.0000	0.0000	0.0000	0.0000	0.0000	0.0000	0.0000	0.0000	0.0000	0.0000	0.0000	0.0000	0.0000	0.0000	0.0031	0.0055	0.0003	0.0225	0.0227	0.0000	0.0001	0.0000	0.0003		0.0431	0.0000	-0.0000	0.0002	0.0000	0.9617	1.0065	0.0000	0.0000	0.0000	0.0000	0.0000	0.0000	0.0000	0.0000	0.0000	0.0000	0.0000	0.0000	0.0000	0.0000	0.0000	0.0000	0.0000	0.0000	0.0000	0.0000	0.0000	0.0000	0.0000	0.0000	0.0000	0.0000	0.0000	0.0026	0.0014	0.0012	0.0003	0.0003	0.0000	0.0023	0.0011	0.0012
20	56	0.0116	4	2	0	1	0	0	0	1	0	0	0	2	0	0	0	0	0	0	0	Y	N	N	N	Y	N	N	N	N	N	N	N	N	N	N	N	N	N	0.0000	0.0000	0.0000	0.0000	0.0000	0.0000	0.0000	0.0000	0.0000	0.0000	0.0000	0.0000	0.0000	0.0000	0.0000	0.0000	0.0000	0.0000	0.0066	0.0003	0.0141	0.0011	0.0011	0.0000	0.0074	0.0000	0.0141		43.8731	0.0000	0.0000	0.0002	0.0000	0.9617	1.0047	0.0000	0.0000	0.0000	0.0000	0.0000	0.0000	0.0000	0.0000	0.0000	0.0000	0.0000	0.0000	0.0000	0.0000	0.0000	0.0000	0.0000	0.0000	0.0000	0.0000	0.0000	0.0000	0.0000	0.0000	0.0000	0.0000	0.0000	0.0026	0.0014	0.0012	0.0003	0.0003	0.0000	0.0022	0.0011	0.0012
20	57	0.0116	3	2	0	1	0	0	0	1	0	1	0	2	0	0	0	0	0	0	0	Y	N	N	N	Y	N	N	N	N	N	N	N	N	N	N	N	N	N	0.0000	0.0000	0.0000	0.0000	0.0000	0.0000	0.0000	0.0000	0.0000	0.0000	0.0000	0.0000	0.0000	0.0000	0.0000	0.0000	0.0000	0.0000	0.0000	0.0000	0.0000	0.0000	0.0000	0.0000	0.0000	0.0000	0.0000			0.0000	0.0000	0.0002	0.0000	0.9617	0.0000	0.0000	0.0000	0.0000	0.0000	0.0000	0.0000	0.0000	0.0000	0.0000	0.0000	0.0000	0.0000	0.0000	0.0000	0.0000	0.0000	0.0000	0.0000	0.0000	0.0000	0.0000	0.0000	0.0000	0.0000	0.0000	0.0000	0.0000	0.0000	0.0000	0.0000	0.0000	0.0000	0.0000	0.0000	0.0000	0.0000
20	61	0.0086	2	2	0	1	0	0	0	1	0	0	0	1	0	0	0	0	0	0	0	Y	N	N	N	N	N	N	N	N	N	N	N	N	N	N	N	N	N	0.0000	0.0000	0.0000	0.0000	0.0000	0.0000	0.0000	0.0000	0.0000	0.0000	0.0000	0.0000	0.0000	0.0000	0.0000	0.0000	0.0000	0.0000	0.1549	0.0822	0.2449	0.1445	0.1445	0.1462	0.1597	0.0000	0.2451		2.4053	0.0000	0.0002	0.0002	0.0000	0.9617	1.0227	0.0000	0.0000	0.0000	0.0000	0.0000	0.0000	0.0000	0.0000	0.0000	0.0008	0.0002	0.0006	0.0002	0.0002	0.0000	0.0006	0.0000	0.0006	0.0000	0.0000	0.0000	0.0000	0.0000	0.0000	0.0000	0.0000	0.0000	0.0053	0.0030	0.0024	0.0017	0.0017	0.0000	0.0037	0.0013	0.0024
20	63	0.0698	17	2	0	1	0	0	0	1	0	0	1	1	1	0	0	0	0	0	0	Y	N	N	N	N	N	N	N	N	N	N	N	N	N	N	N	N	N	0.0000	0.0000	0.0000	0.0000	0.0000	0.0000	0.0000	0.0000	0.0000	0.0000	0.0000	0.0000	0.0000	0.0000	0.0000	0.0000	0.0000	0.0000	0.0000	0.0000	0.0000	0.0000	0.0000	0.0000	0.0000	0.0000	0.0000			0.0000	0.0000	0.0002	0.0023	0.9617	3.0060	0.0000	0.0000	0.0000	0.0000	0.0000	0.0000	0.0000	0.0000	0.0000	0.0000	0.0000	0.0000	0.0000	0.0000	0.0000	0.0000	0.0000	0.0000	0.0000	0.0000	0.0000	0.0000	0.0000	0.0000	0.0000	0.0000	0.0000	0.0070	0.0038	0.0032	0.0012	0.0012	0.0001	0.0058	0.0026	0.0031
20	64	0.0670	16	2	0	1	0	1	0	1	0	0	0	1	0	0	0	0	0	0	0	Y	N	N	N	N	N	N	N	N	N	N	N	N	N	N	N	N	N	0.0000	0.0000	0.0000	0.0000	0.0000	0.0000	0.0000	0.0000	0.0000	0.0000	0.0000	0.0000	0.0000	0.0000	0.0000	0.0000	0.0000	0.0000	0.0076	0.0002	0.0165	0.0002	0.0002	0.0000	0.0093	0.0002	0.0169		60.3610	0.0000	0.0000	0.0002	0.9990	0.9617	0.0212	0.0000	0.0000	0.0000	0.0000	0.0000	0.0000	0.0000	0.0000	0.0000	0.0000	0.0000	0.0000	0.0000	0.0000	0.0000	0.0000	0.0000	0.0000	0.0000	0.0000	0.0000	0.0000	0.0000	0.0000	0.0000	0.0000	0.0000	0.0024	0.0013	0.0011	0.0004	0.0004	0.0000	0.0020	0.0009	0.0011
20	69	0.0389	6	2	0	1	0	0	0	1	0	0	0	1	0	0	0	0	0	0	0	Y	N	N	N	N	N	N	N	N	N	N	N	N	N	N	N	N	N	0.0000	0.0000	0.0000	0.0000	0.0000	0.0000	0.0000	0.0000	0.0000	0.0000	0.0000	0.0000	0.0000	0.0000	0.0000	0.0000	0.0000	0.0000	0.0000	0.0000	0.0000	0.0000	0.0000	0.0000	0.0000	0.0000	0.0000		0.0216	0.0000	-0.0000	0.0002	1.0007	0.9617	1.2584	0.0000	0.0000	0.0000	0.0000	0.0000	0.0000	0.0000	0.0000	0.0000	0.0000	0.0000	0.0000	0.0000	0.0000	0.0000	0.0000	0.0000	0.0000	0.0000	0.0000	0.0000	0.0000	0.0000	0.0000	0.0000	0.0000	0.0000	0.0061	0.0033	0.0029	0.0012	0.0010	0.0002	0.0050	0.0023	0.0027
20	70	0.0248	5	2	0	1	0	1	0	1	0	0	0	1	0	0	0	0	0	0	0	Y	N	N	N	N	N	N	N	N	N	N	N	N	N	N	N	N	N	0.0000	0.0000	0.0000	0.0000	0.0000	0.0000	0.0000	0.0000	0.0000	0.0000	0.0000	0.0000	0.0000	0.0000	0.0000	0.0000	0.0000	0.0000	0.0000	0.0000	0.0000	0.0001	0.0001	0.0000	0.0000	0.0000	0.0000		0.0330	0.0000	-0.0000	0.0002	3.0007	0.9617	1.9606	0.0000	0.0000	0.0000	0.0000	0.0000	0.0000	0.0000	0.0000	0.0000	0.0000	0.0000	0.0000	0.0000	0.0000	0.0000	0.0000	0.0000	0.0000	0.0000	0.0000	0.0000	0.0000	0.0000	0.0000	0.0000	0.0000	0.0000	0.0118	0.0061	0.0057	0.0014	0.0014	0.0001	0.0104	0.0048	0.0056
20	71	0.1527	12	1	0	1	0	0	0	1	0	1	0	2	0	0	0	0	0	0	0	N	N	N	N	Y	N	N	N	N	N	N	N	N	N	N	N	N	N	0.0076	0.0000	185.6557	0.0000	0.0000	0.0000	0.0066	0.0000	513.9547	0.0006	0.0000	0.0060	0.0000	0.0000	0.0000	0.0008	0.0000	0.0058	0.0823	0.1290	0.0000	0.0118	0.0131	0.0002	0.1241	0.2587	0.0000	inf	0.0001	0.0000	-0.0032	0.0002	6.1029	0.9617	20.9537	0.0000	0.0000	0.0000	0.0000	0.0000	0.0000	0.0000	0.0000	0.0000	0.0068	0.0067	0.0000	0.0004	0.0004	0.0000	0.0064	0.0064	0.0000	0.0000	0.0000	0.0000	0.0000	0.0000	0.0000	0.0000	0.0000	0.0000	0.0820	0.0523	0.0297	0.0306	0.0276	0.0029	0.0515	0.0247	0.0268
20	75	0.0358	5	2	0	1	0	0	0	1	0	0	0	2	1	0	0	0	0	0	0	Y	N	N	N	Y	N	N	N	N	N	N	N	N	N	N	N	N	N	0.0000	0.0000	0.0000	0.0000	0.0000	0.0000	0.0000	0.0000	0.0000	0.0000	0.0000	0.0000	0.0000	0.0000	0.0000	0.0000	0.0000	0.0000	0.0000	0.0000	0.0000	0.0000	0.0000	0.0000	0.0000	0.0000	0.0000			0.0000	0.0000	0.0002	0.0000	0.9617	1.0000	0.0000	0.0000	0.0000	0.0000	0.0000	0.0000	0.0000	0.0000	0.0000	0.0000	0.0000	0.0000	0.0000	0.0000	0.0000	0.0000	0.0000	0.0000	0.0000	0.0000	0.0000	0.0000	0.0000	0.0000	0.0000	0.0000	0.0000	0.0019	0.0011	0.0008	0.0001	0.0001	0.0000	0.0018	0.0010	0.0008
20	76	0.0358	4	2	0	1	0	0	0	1	0	0	1	2	1	0	0	0	0	0	0	Y	N	N	N	Y	N	N	N	N	N	N	N	N	N	N	N	N	N	0.0000	0.0000	0.0000	0.0000	0.0000	0.0000	0.0000	0.0000	0.0000	0.0000	0.0000	0.0000	0.0000	0.0000	0.0000	0.0000	0.0000	0.0000	0.0000	0.0000	0.0000	0.0000	0.0000	0.0000	0.0000	0.0000	0.0000			0.0000	0.0000	0.0002	0.0000	0.9617	0.0000	0.0000	0.0000	0.0000	0.0000	0.0000	0.0000	0.0000	0.0000	0.0000	0.0000	0.0000	0.0000	0.0000	0.0000	0.0000	0.0000	0.0000	0.0000	0.0000	0.0000	0.0000	0.0000	0.0000	0.0000	0.0000	0.0000	0.0000	0.0003	0.0002	0.0002	0.0002	0.0002	0.0000	0.0002	0.0000	0.0002
20	77	0.0140	3	2	0	1	0	0	0	1	0	1	0	2	0	0	0	0	0	0	0	Y	N	N	N	Y	N	N	N	N	N	N	N	N	N	N	N	N	N	0.0000	0.0000	0.0000	0.0000	0.0000	0.0000	0.0000	0.0000	0.0000	0.0000	0.0000	0.0000	0.0000	0.0000	0.0000	0.0000	0.0000	0.0000	0.0132	0.0207	0.0052	0.0661	0.0679	0.0005	0.0035	0.0012	0.0052		0.2328	-0.0000	-0.0000	0.0002	0.0002	0.9617	3.7635	0.0000	0.0000	0.0000	0.0000	0.0000	0.0000	0.0000	0.0000	0.0000	0.0001	0.0001	0.0000	0.0001	0.0001	0.0000	0.0000	0.0000	0.0000	0.0000	0.0000	0.0000	0.0000	0.0000	0.0000	0.0000	0.0000	0.0000	0.0100	0.0052	0.0048	0.0016	0.0015	0.0000	0.0084	0.0037	0.0048
20	93	0.0670	13	2	0	1	0	0	0	1	0	0	0	1	0	0	0	0	0	0	0	Y	N	N	N	N	N	N	N	N	N	N	N	N	N	N	N	N	N	0.0000	0.0000	0.0000	0.0000	0.0000	0.0000	0.0000	0.0000	0.0000	0.0000	0.0000	0.0000	0.0000	0.0000	0.0000	0.0000	0.0000	0.0000	0.0024	0.0041	0.0003	0.0034	0.0034	0.0043	0.0019	0.0055	0.0002		0.0510	0.0000	-0.0000	0.0002	0.0001	0.9617	0.0783	0.0000	0.0000	0.0000	0.0000	0.0000	0.0000	0.0000	0.0000	0.0000	0.0000	0.0000	0.0000	0.0000	0.0000	0.0000	0.0000	0.0000	0.0000	0.0000	0.0000	0.0000	0.0000	0.0000	0.0000	0.0000	0.0000	0.0000	0.0004	0.0002	0.0002	0.0002	0.0002	0.0000	0.0003	0.0001	0.0002
20	94	0.0584	12	2	0	1	0	1	0	1	0	0	0	1	0	0	0	0	0	0	0	Y	N	N	N	N	N	N	N	N	N	N	N	N	N	N	N	N	N	0.0000	0.0000	0.0000	0.0000	0.0000	0.0000	0.0000	0.0000	0.0000	0.0000	0.0000	0.0000	0.0000	0.0000	0.0000	0.0000	0.0000	0.0000	0.0073	0.0133	0.0000	0.0415	0.0440	0.0000	0.0001	0.0002	0.0000		0.0004	0.0000	-0.0000	0.0002	0.0004	0.9617	2.9660	0.0000	0.0000	0.0000	0.0000	0.0000	0.0000	0.0000	0.0000	0.0000	0.0001	0.0001	0.0000	0.0000	0.0000	0.0000	0.0000	0.0000	0.0000	0.0000	0.0000	0.0000	0.0000	0.0000	0.0000	0.0000	0.0000	0.0000	0.0069	0.0038	0.0032	0.0012	0.0011	0.0001	0.0057	0.0026	0.0031
21	37	0.0864	17	2	0	1	1	0	0	1	1	0	1	2	1	0	0	0	0	0	0	Y	N	N	N	Y	N	N	N	N	N	N	N	N	N	N	N	N	N	0.0000	0.0000	0.0000	0.0000	0.0000	0.0000	0.0000	0.0000	0.0000	0.0000	0.0000	0.0000	0.0000	0.0000	0.0000	0.0000	0.0000	0.0000	0.0000	0.0000	0.0000	0.0000	0.0000	0.0000	0.0000	0.0000	0.0000			0.0000	0.0000	0.0000	0.0000	0.0000	2.0000	0.0000	0.0000	0.0000	0.0000	0.0000	0.0000	0.0000	0.0000	0.0000	0.0000	0.0000	0.0000	0.0000	0.0000	0.0000	0.0000	0.0000	0.0000	0.0000	0.0000	0.0000	0.0000	0.0000	0.0000	0.0000	0.0000	0.0000	0.0014	0.0013	0.0001	0.0007	0.0007	0.0000	0.0007	0.0006	0.0001
21	38	0.0907	19	2	0	1	0	0	0	1	0	0	1	2	1	0	0	0	0	0	0	Y	N	N	N	Y	N	N	N	N	N	N	N	N	N	N	N	N	N	0.0000	0.0000	0.0000	0.0000	0.0000	0.0000	0.0000	0.0000	0.0000	0.0000	0.0000	0.0000	0.0000	0.0000	0.0000	0.0000	0.0000	0.0000	0.0000	0.0000	0.0000	0.0000	0.0000	0.0000	0.0000	0.0000	0.0000			0.0000	0.0000	0.0000	0.0000	0.0000	0.4891	0.0000	0.0000	0.0000	0.0000	0.0000	0.0000	0.0000	0.0000	0.0000	0.0000	0.0000	0.0000	0.0000	0.0000	0.0000	0.0000	0.0000	0.0000	0.0000	0.0000	0.0000	0.0000	0.0000	0.0000	0.0000	0.0000	0.0000	0.0000	0.0000	0.0000	0.0000	0.0000	0.0000	0.0000	0.0000	0.0000
21	39	0.0892	18	2	0	1	0	0	0	1	0	0	0	2	0	0	0	0	0	0	0	Y	N	N	N	Y	N	N	N	N	N	N	N	N	N	N	N	N	N	0.0000	0.0000	0.0000	0.0000	0.0000	0.0000	0.0000	0.0000	0.0000	0.0000	0.0000	0.0000	0.0000	0.0000	0.0000	0.0000	0.0000	0.0000	0.0000	0.0000	0.0000	0.0000	0.0000	0.0000	0.0000	0.0000	0.0000			0.0000	0.0000	0.0000	0.0000	0.0000	0.5132	0.0000	0.0000	0.0000	0.0000	0.0000	0.0000	0.0000	0.0000	0.0000	0.0000	0.0000	0.0000	0.0000	0.0000	0.0000	0.0000	0.0000	0.0000	0.0000	0.0000	0.0000	0.0000	0.0000	0.0000	0.0000	0.0000	0.0000	0.0004	0.0003	0.0000	0.0002	0.0002	0.0000	0.0002	0.0002	0.0000
21	42	0.1116	17	2	0	1	1	0	0	1	1	0	0	2	1	0	0	0	0	0	0	Y	N	N	N	Y	N	N	N	N	N	N	N	N	N	N	N	N	N	0.0000	0.0000	0.0000	0.0000	0.0000	0.0000	0.0000	0.0000	0.0000	0.0000	0.0000	0.0000	0.0000	0.0000	0.0000	0.0000	0.0000	0.0000	0.0000	0.0000	0.0000	0.0000	0.0000	0.0000	0.0000	0.0000	0.0000			0.0000	0.0000	0.0000	0.0001	0.0000	0.0001	0.0000	0.0000	0.0000	0.0000	0.0000	0.0000	0.0000	0.0000	0.0000	0.0000	0.0000	0.0000	0.0000	0.0000	0.0000	0.0000	0.0000	0.0000	0.0000	0.0000	0.0000	0.0000	0.0000	0.0000	0.0000	0.0000	0.0000	0.0000	0.0000	0.0000	0.0000	0.0000	0.0000	0.0000	0.0000	0.0000
21	44	0.0891	16	2	0	1	0	0	0	1	0	0	1	2	1	0	0	0	0	0	0	Y	N	N	N	Y	N	N	N	N	N	N	N	N	N	N	N	N	N	0.0000	0.0000	0.0000	0.0000	0.0000	0.0000	0.0000	0.0000	0.0000	0.0000	0.0000	0.0000	0.0000	0.0000	0.0000	0.0000	0.0000	0.0000	0.0000	0.0000	0.0000	0.0000	0.0000	0.0000	0.0000	0.0000	0.0000			0.0000	0.0000	0.0000	2.9998	0.0000	4.8980	0.0000	0.0000	0.0000	0.0000	0.0000	0.0000	0.0000	0.0000	0.0000	0.0000	0.0000	0.0000	0.0000	0.0000	0.0000	0.0000	0.0000	0.0000	0.0000	0.0000	0.0000	0.0000	0.0000	0.0000	0.0000	0.0000	0.0000	0.0055	0.0050	0.0005	0.0027	0.0027	0.0000	0.0027	0.0023	0.0005
21	45	0.0834	15	2	0	1	0	0	0	1	0	1	0	2	0	0	0	0	0	0	0	Y	N	N	N	Y	N	N	N	N	N	N	N	N	N	N	N	N	N	0.0000	0.0000	0.0000	0.0000	0.0000	0.0000	0.0000	0.0000	0.0000	0.0000	0.0000	0.0000	0.0000	0.0000	0.0000	0.0000	0.0000	0.0000	0.0000	0.0000	0.0000	0.0000	0.0000	0.0000	0.0000	0.0000	0.0000			0.0000	0.0000	0.0000	0.0002	0.0000	2.0813	0.0000	0.0000	0.0000	0.0000	0.0000	0.0000	0.0000	0.0000	0.0000	0.0000	0.0000	0.0000	0.0000	0.0000	0.0000	0.0000	0.0000	0.0000	0.0000	0.0000	0.0000	0.0000	0.0000	0.0000	0.0000	0.0000	0.0000	0.0015	0.0013	0.0001	0.0007	0.0007	0.0000	0.0007	0.0006	0.0001
21	55	0.0892	18	2	0	1	0	0	0	1	0	0	1	2	1	0	0	0	0	0	0	Y	N	N	N	Y	N	N	N	N	N	N	N	N	N	N	N	N	N	0.0000	0.0000	0.0000	0.0000	0.0000	0.0000	0.0000	0.0000	0.0000	0.0000	0.0000	0.0000	0.0000	0.0000	0.0000	0.0000	0.0000	0.0000	0.0000	0.0000	0.0000	0.0000	0.0000	0.0000	0.0000	0.0000	0.0000			0.0000	0.0000	0.0000	0.0000	0.0000	1.0065	0.0000	0.0000	0.0000	0.0000	0.0000	0.0000	0.0000	0.0000	0.0000	0.0000	0.0000	0.0000	0.0000	0.0000	0.0000	0.0000	0.0000	0.0000	0.0000	0.0000	0.0000	0.0000	0.0000	0.0000	0.0000	0.0000	0.0000	0.0007	0.0007	0.0001	0.0004	0.0004	0.0000	0.0004	0.0003	0.0001
21	56	0.0864	17	2	0	1	0	0	0	1	0	0	0	2	0	0	0	0	0	0	0	Y	N	N	N	Y	N	N	N	N	N	N	N	N	N	N	N	N	N	0.0000	0.0000	0.0000	0.0000	0.0000	0.0000	0.0000	0.0000	0.0000	0.0000	0.0000	0.0000	0.0000	0.0000	0.0000	0.0000	0.0000	0.0000	0.0000	0.0000	0.0000	0.0000	0.0000	0.0000	0.0000	0.0000	0.0000			0.0000	0.0000	0.0000	0.0000	0.0000	1.0047	0.0000	0.0000	0.0000	0.0000	0.0000	0.0000	0.0000	0.0000	0.0000	0.0000	0.0000	0.0000	0.0000	0.0000	0.0000	0.0000	0.0000	0.0000	0.0000	0.0000	0.0000	0.0000	0.0000	0.0000	0.0000	0.0000	0.0000	0.0007	0.0006	0.0001	0.0004	0.0004	0.0000	0.0004	0.0003	0.0001
21	57	0.0864	16	2	0	1	0	0	0	1	0	1	0	2	0	0	0	0	0	0	0	Y	N	N	N	Y	N	N	N	N	N	N	N	N	N	N	N	N	N	0.0000	0.0000	0.0000	0.0000	0.0000	0.0000	0.0000	0.0000	0.0000	0.0000	0.0000	0.0000	0.0000	0.0000	0.0000	0.0000	0.0000	0.0000	0.0000	0.0000	0.0000	0.0000	0.0000	0.0000	0.0000	0.0000	0.0000			0.0000	0.0000	0.0000	0.0000	0.0000	0.0000	0.0000	0.0000	0.0000	0.0000	0.0000	0.0000	0.0000	0.0000	0.0000	0.0000	0.0000	0.0000	0.0000	0.0000	0.0000	0.0000	0.0000	0.0000	0.0000	0.0000	0.0000	0.0000	0.0000	0.0000	0.0000	0.0000	0.0000	0.0000	0.0000	0.0000	0.0000	0.0000	0.0000	0.0000	0.0000	0.0000
21	61	0.0834	15	2	0	1	0	0	0	1	0	0	0	1	0	0	0	0	0	0	0	Y	N	N	N	N	N	N	N	N	N	N	N	N	N	N	N	N	N	0.0000	0.0000	0.0000	0.0000	0.0000	0.0000	0.0000	0.0000	0.0000	0.0000	0.0000	0.0000	0.0000	0.0000	0.0000	0.0000	0.0000	0.0000	0.0000	0.0000	0.0000	0.0000	0.0000	0.0000	0.0000	0.0000	0.0000			0.0000	0.0000	0.0000	0.0000	0.0000	1.0227	0.0000	0.0000	0.0000	0.0000	0.0000	0.0000	0.0000	0.0000	0.0000	0.0000	0.0000	0.0000	0.0000	0.0000	0.0000	0.0000	0.0000	0.0000	0.0000	0.0000	0.0000	0.0000	0.0000	0.0000	0.0000	0.0000	0.0000	0.0007	0.0007	0.0001	0.0004	0.0004	0.0000	0.0004	0.0003	0.0001
21	62	0.0780	14	2	0	1	0	0	0	1	0	0	0	1	0	0	0	0	0	0	0	Y	N	N	N	N	N	N	N	N	N	N	N	N	N	N	N	N	N	0.0000	0.0000	0.0000	0.0000	0.0000	0.0000	0.0000	0.0000	0.0000	0.0000	0.0000	0.0000	0.0000	0.0000	0.0000	0.0000	0.0000	0.0000	0.0000	0.0000	0.0000	0.0000	0.0000	0.0000	0.0000	0.0000	0.0000			0.0000	0.0000	0.0000	0.4815	0.0000	1.4942	0.0000	0.0000	0.0000	0.0000	0.0000	0.0000	0.0000	0.0000	0.0000	0.0000	0.0000	0.0000	0.0000	0.0000	0.0000	0.0000	0.0000	0.0000	0.0000	0.0000	0.0000	0.0000	0.0000	0.0000	0.0000	0.0000	0.0000	0.0014	0.0013	0.0001	0.0007	0.0007	0.0000	0.0007	0.0006	0.0001
21	63	0.0335	8	2	0	1	0	0	0	1	0	0	1	1	1	0	0	0	0	0	0	Y	N	N	N	N	N	N	N	N	N	N	N	N	N	N	N	N	N	0.0000	0.0000	0.0000	0.0000	0.0000	0.0000	0.0000	0.0000	0.0000	0.0000	0.0000	0.0000	0.0000	0.0000	0.0000	0.0000	0.0000	0.0000	0.0000	0.0000	0.0000	0.0000	0.0000	0.0000	0.0000	0.0000	0.0000			0.0000	0.0000	0.0000	0.0023	0.0000	3.0060	0.0000	0.0000	0.0000	0.0000	0.0000	0.0000	0.0000	0.0000	0.0000	0.0000	0.0000	0.0000	0.0000	0.0000	0.0000	0.0000	0.0000	0.0000	0.0000	0.0000	0.0000	0.0000	0.0000	0.0000	0.0000	0.0000	0.0000	0.0041	0.0038	0.0003	0.0021	0.0021	0.0000	0.0020	0.0017	0.0003
21	64	0.0307	7	2	0	1	0	1	0	1	0	0	0	1	0	0	0	0	0	0	0	Y	N	N	N	N	N	N	N	N	N	N	N	N	N	N	N	N	N	0.0000	0.0000	0.0000	0.0000	0.0000	0.0000	0.0000	0.0000	0.0000	0.0000	0.0000	0.0000	0.0000	0.0000	0.0000	0.0000	0.0000	0.0000	0.0000	0.0000	0.0000	0.0000	0.0000	0.0000	0.0000	0.0000	0.0000			0.0000	0.0000	0.0000	0.9990	0.0000	0.0212	0.0000	0.0000	0.0000	0.0000	0.0000	0.0000	0.0000	0.0000	0.0000	0.0000	0.0000	0.0000	0.0000	0.0000	0.0000	0.0000	0.0000	0.0000	0.0000	0.0000	0.0000	0.0000	0.0000	0.0000	0.0000	0.0000	0.0000	0.0014	0.0013	0.0001	0.0007	0.0007	0.0000	0.0007	0.0006	0.0001
21	69	0.0812	13	2	0	1	0	0	0	1	0	0	0	1	0	0	0	0	0	0	0	Y	N	N	N	N	N	N	N	N	N	N	N	N	N	N	N	N	N	0.0000	0.0000	0.0000	0.0000	0.0000	0.0000	0.0000	0.0000	0.0000	0.0000	0.0000	0.0000	0.0000	0.0000	0.0000	0.0000	0.0000	0.0000	0.0000	0.0000	0.0000	0.0000	0.0000	0.0000	0.0000	0.0000	0.0000			0.0000	0.0000	0.0000	1.0007	0.0000	1.2584	0.0000	0.0000	0.0000	0.0000	0.0000	0.0000	0.0000	0.0000	0.0000	0.0000	0.0000	0.0000	0.0000	0.0000	0.0000	0.0000	0.0000	0.0000	0.0000	0.0000	0.0000	0.0000	0.0000	0.0000	0.0000	0.0000	0.0000	0.0016	0.0015	0.0001	0.0008	0.0008	0.0000	0.0008	0.0007	0.0001
21	70	0.0671	12	2	0	1	0	1	0	1	0	0	0	1	0	0	0	0	0	0	0	Y	N	N	N	N	N	N	N	N	N	N	N	N	N	N	N	N	N	0.0000	0.0000	0.0000	0.0000	0.0000	0.0000	0.0000	0.0000	0.0000	0.0000	0.0000	0.0000	0.0000	0.0000	0.0000	0.0000	0.0000	0.0000	0.0000	0.0000	0.0000	0.0000	0.0000	0.0000	0.0000	0.0000	0.0000			0.0000	0.0000	0.0000	3.0007	0.0000	1.9606	0.0000	0.0000	0.0000	0.0000	0.0000	0.0000	0.0000	0.0000	0.0000	0.0000	0.0000	0.0000	0.0000	0.0000	0.0000	0.0000	0.0000	0.0000	0.0000	0.0000	0.0000	0.0000	0.0000	0.0000	0.0000	0.0000	0.0000	0.0068	0.0049	0.0020	0.0034	0.0034	0.0000	0.0034	0.0015	0.0019
21	71	0.1506	9	1	0	1	0	0	0	1	0	1	0	2	0	0	0	0	0	0	0	N	N	N	N	Y	N	N	N	N	N	N	N	N	N	N	N	N	N	0.0000	0.0000	0.0000	0.0000	0.0000	0.0000	0.0000	0.0000	0.0000	0.0000	0.0000	0.0000	0.0000	0.0000	0.0000	0.0000	0.0000	0.0000	0.0000	0.0000	0.0000	0.0000	0.0000	0.0000	0.0000	0.0000	0.0000			0.0000	-0.0000	0.0000	6.1029	0.0000	20.9537	0.0000	0.0000	0.0000	0.0000	0.0000	0.0000	0.0000	0.0000	0.0000	0.0000	0.0000	0.0000	0.0000	0.0000	0.0000	0.0000	0.0000	0.0000	0.0000	0.0000	0.0000	0.0000	0.0000	0.0000	0.0000	0.0000	0.0000	0.0328	0.0266	0.0063	0.0168	0.0164	0.0004	0.0160	0.0101	0.0058
21	75	0.0998	16	2	0	1	0	0	0	1	0	0	0	2	1	0	0	0	0	0	0	Y	N	N	N	Y	N	N	N	N	N	N	N	N	N	N	N	N	N	0.0000	0.0000	0.0000	0.0000	0.0000	0.0000	0.0000	0.0000	0.0000	0.0000	0.0000	0.0000	0.0000	0.0000	0.0000	0.0000	0.0000	0.0000	0.0000	0.0000	0.0000	0.0000	0.0000	0.0000	0.0000	0.0000	0.0000			0.0000	0.0000	0.0000	0.0000	0.0000	1.0000	0.0000	0.0000	0.0000	0.0000	0.0000	0.0000	0.0000	0.0000	0.0000	0.0000	0.0000	0.0000	0.0000	0.0000	0.0000	0.0000	0.0000	0.0000	0.0000	0.0000	0.0000	0.0000	0.0000	0.0000	0.0000	0.0000	0.0000	0.0000	0.0000	0.0000	0.0000	0.0000	0.0000	0.0000	0.0000	0.0000
21	76	0.0998	15	2	0	1	0	0	0	1	0	0	1	2	1	0	0	0	0	0	0	Y	N	N	N	Y	N	N	N	N	N	N	N	N	N	N	N	N	N	0.0000	0.0000	0.0000	0.0000	0.0000	0.0000	0.0000	0.0000	0.0000	0.0000	0.0000	0.0000	0.0000	0.0000	0.0000	0.0000	0.0000	0.0000	0.0000	0.0000	0.0000	0.0000	0.0000	0.0000	0.0000	0.0000	0.0000			0.0000	0.0000	0.0000	0.0000	0.0000	0.0000	0.0000	0.0000	0.0000	0.0000	0.0000	0.0000	0.0000	0.0000	0.0000	0.0000	0.0000	0.0000	0.0000	0.0000	0.0000	0.0000	0.0000	0.0000	0.0000	0.0000	0.0000	0.0000	0.0000	0.0000	0.0000	0.0000	0.0000	0.0000	0.0000	0.0000	0.0000	0.0000	0.0000	0.0000	0.0000	0.0000
21	77	0.0780	14	2	0	1	0	0	0	1	0	1	0	2	0	0	0	0	0	0	0	Y	N	N	N	Y	N	N	N	N	N	N	N	N	N	N	N	N	N	0.0000	0.0000	0.0000	0.0000	0.0000	0.0000	0.0000	0.0000	0.0000	0.0000	0.0000	0.0000	0.0000	0.0000	0.0000	0.0000	0.0000	0.0000	0.0000	0.0000	0.0000	0.0000	0.0000	0.0000	0.0000	0.0000	0.0000			0.0000	0.0000	0.0000	0.0002	0.0000	3.7635	0.0000	0.0000	0.0000	0.0000	0.0000	0.0000	0.0000	0.0000	0.0000	0.0000	0.0000	0.0000	0.0000	0.0000	0.0000	0.0000	0.0000	0.0000	0.0000	0.0000	0.0000	0.0000	0.0000	0.0000	0.0000	0.0000	0.0000	0.0026	0.0024	0.0002	0.0013	0.0013	0.0000	0.0013	0.0011	0.0002
21	78	0.0722	13	2	0	1	0	1	0	1	0	0	0	1	0	0	0	0	0	0	0	Y	N	N	N	N	N	N	N	N	N	N	N	N	N	N	N	N	N	0.0000	0.0000	0.0000	0.0000	0.0000	0.0000	0.0000	0.0000	0.0000	0.0000	0.0000	0.0000	0.0000	0.0000	0.0000	0.0000	0.0000	0.0000	0.0000	0.0000	0.0000	0.0000	0.0000	0.0000	0.0000	0.0000	0.0000			0.0000	0.0000	0.0000	0.5196	0.0000	1.5432	0.0000	0.0000	0.0000	0.0000	0.0000	0.0000	0.0000	0.0000	0.0000	0.0000	0.0000	0.0000	0.0000	0.0000	0.0000	0.0000	0.0000	0.0000	0.0000	0.0000	0.0000	0.0000	0.0000	0.0000	0.0000	0.0000	0.0000	0.0015	0.0013	0.0001	0.0007	0.0007	0.0000	0.0007	0.0006	0.0001
21	93	0.0421	6	2	0	1	0	0	0	1	0	0	0	1	0	0	0	0	0	0	0	Y	N	N	N	N	N	N	N	N	N	N	N	N	N	N	N	N	N	0.0000	0.0000	0.0000	0.0000	0.0000	0.0000	0.0000	0.0000	0.0000	0.0000	0.0000	0.0000	0.0000	0.0000	0.0000	0.0000	0.0000	0.0000	0.0000	0.0000	0.0000	0.0000	0.0000	0.0000	0.0000	0.0000	0.0000			0.0000	0.0000	0.0000	0.0001	0.0000	0.0783	0.0000	0.0000	0.0000	0.0000	0.0000	0.0000	0.0000	0.0000	0.0000	0.0000	0.0000	0.0000	0.0000	0.0000	0.0000	0.0000	0.0000	0.0000	0.0000	0.0000	0.0000	0.0000	0.0000	0.0000	0.0000	0.0000	0.0000	0.0001	0.0001	0.0000	0.0001	0.0001	0.0000	0.0001	0.0000	0.0000
21	94	0.0335	5	2	0	1	0	1	0	1	0	0	0	1	0	0	0	0	0	0	0	Y	N	N	N	N	N	N	N	N	N	N	N	N	N	N	N	N	N	0.0000	0.0000	0.0000	0.0000	0.0000	0.0000	0.0000	0.0000	0.0000	0.0000	0.0000	0.0000	0.0000	0.0000	0.0000	0.0000	0.0000	0.0000	0.0000	0.0000	0.0001	0.0000	0.0000	0.0000	0.0000	0.0000	0.0002		inf	0.0000	0.0000	0.0000	0.0004	0.0000	2.9660	0.0000	0.0000	0.0000	0.0000	0.0000	0.0000	0.0000	0.0000	0.0000	0.0000	0.0000	0.0000	0.0000	0.0000	0.0000	0.0000	0.0000	0.0000	0.0000	0.0000	0.0000	0.0000	0.0000	0.0000	0.0000	0.0000	0.0000	0.0041	0.0037	0.0003	0.0021	0.0020	0.0000	0.0020	0.0017	0.0003
22	30	0.1764	20	2	0	1	1	0	0	0	1	0	1	1	1	0	0	0	0	0	0	Y	N	N	N	N	N	N	N	N	N	N	N	N	N	N	N	N	N	0.0000	0.0000	0.0000	0.0000	0.0000	0.0000	0.0000	0.0000	0.0000	0.0000	0.0000	0.0000	0.0000	0.0000	0.0000	0.0000	0.0000	0.0000	0.0001	0.0000	0.0004	0.0000	0.0000	0.0000	0.0002	0.0000	0.0004		559.9107	0.0000	0.0000	0.0001	0.0002	8.1501	1.1973	0.0000	0.0000	0.0000	0.0000	0.0000	0.0000	0.0000	0.0000	0.0000	0.0000	0.0000	0.0000	0.0000	0.0000	0.0000	0.0000	0.0000	0.0000	0.0000	0.0000	0.0000	0.0000	0.0000	0.0000	0.0000	0.0000	0.0000	0.0226	0.0144	0.0081	0.0049	0.0047	0.0002	0.0177	0.0098	0.0079
22	31	0.1526	19	2	0	1	0	1	0	0	0	1	0	1	0	0	0	0	0	0	0	Y	N	N	N	N	N	N	N	N	N	N	N	N	N	N	N	N	N	0.0000	0.0000	0.0000	0.0000	0.0000	0.0000	0.0000	0.0000	0.0000	0.0000	0.0000	0.0000	0.0000	0.0000	0.0000	0.0000	0.0000	0.0000	0.0002	0.0005	0.0000	0.0020	0.0022	0.0000	0.0000	0.0000	0.0000		0.0000	0.0000	-0.0000	0.0001	2.0002	8.1501	1.8085	0.0000	0.0000	0.0000	0.0000	0.0000	0.0000	0.0000	0.0000	0.0000	0.0000	0.0000	0.0000	0.0000	0.0000	0.0000	0.0000	0.0000	0.0000	0.0000	0.0000	0.0000	0.0000	0.0000	0.0000	0.0000	0.0000	0.0000	0.0564	0.0290	0.0274	0.0066	0.0059	0.0007	0.0497	0.0230	0.0267
22	37	0.1185	12	2	0	1	1	0	0	0	1	0	1	1	1	0	0	0	0	0	0	Y	N	N	N	N	N	N	N	N	N	N	N	N	N	N	N	N	N	0.0000	0.0000	0.0000	0.0000	0.0000	0.0000	0.0000	0.0000	0.0000	0.0000	0.0000	0.0000	0.0000	0.0000	0.0000	0.0000	0.0000	0.0000	0.0000	0.0000	0.0000	0.0000	0.0000	0.0000	0.0000	0.0000	0.0000			0.0000	0.0000	0.0001	0.0000	8.1501	2.0000	0.0000	0.0000	0.0000	0.0000	0.0000	0.0000	0.0000	0.0000	0.0000	0.0000	0.0000	0.0000	0.0000	0.0000	0.0000	0.0000	0.0000	0.0000	0.0000	0.0000	0.0000	0.0000	0.0000	0.0000	0.0000	0.0000	0.0000	0.0331	0.0162	0.0169	0.0024	0.0021	0.0003	0.0307	0.0140	0.0166
22	38	0.1227	14	2	0	1	0	0	0	0	0	0	1	1	1	0	0	0	0	0	0	Y	N	N	N	N	N	N	N	N	N	N	N	N	N	N	N	N	N	0.0000	0.0000	0.0000	0.0000	0.0000	0.0000	0.0000	0.0000	0.0000	0.0000	0.0000	0.0000	0.0000	0.0000	0.0000	0.0000	0.0000	0.0000	0.0003	0.0007	0.0000	0.0009	0.0009	0.0000	0.0000	0.0000	0.0000		0.0000	0.0000	-0.0000	0.0001	0.0000	8.1501	0.4891	0.0000	0.0000	0.0000	0.0000	0.0000	0.0000	0.0000	0.0000	0.0000	0.0000	0.0000	0.0000	0.0000	0.0000	0.0000	0.0000	0.0000	0.0000	0.0000	0.0000	0.0000	0.0000	0.0000	0.0000	0.0000	0.0000	0.0000	0.0141	0.0071	0.0070	0.0057	0.0056	0.0000	0.0085	0.0015	0.0070
22	39	0.1213	13	2	0	1	0	0	0	0	0	0	0	1	0	0	0	0	0	0	0	Y	N	N	N	N	N	N	N	N	N	N	N	N	N	N	N	N	N	0.0000	0.0000	0.0000	0.0000	0.0000	0.0000	0.0000	0.0000	0.0000	0.0000	0.0000	0.0000	0.0000	0.0000	0.0000	0.0000	0.0000	0.0000	0.0006	0.0012	0.0000	0.0067	0.0073	0.0000	0.0000	0.0000	0.0000		0.0053	0.0000	-0.0000	0.0001	0.0000	8.1501	0.5132	0.0000	0.0000	0.0000	0.0000	0.0000	0.0000	0.0000	0.0000	0.0000	0.0000	0.0000	0.0000	0.0000	0.0000	0.0000	0.0000	0.0000	0.0000	0.0000	0.0000	0.0000	0.0000	0.0000	0.0000	0.0000	0.0000	0.0000	0.0088	0.0043	0.0045	0.0008	0.0007	0.0001	0.0081	0.0036	0.0044
22	42	0.1437	12	2	0	1	1	0	0	0	1	0	0	1	1	0	0	0	0	0	0	Y	N	N	N	N	N	N	N	N	N	N	N	N	N	N	N	N	N	0.0000	0.0000	0.0000	0.0000	0.0000	0.0000	0.0000	0.0000	0.0000	0.0000	0.0000	0.0000	0.0000	0.0000	0.0000	0.0000	0.0000	0.0000	0.0000	0.0000	0.0000	0.0000	0.0000	0.0000	0.0000	0.0000	0.0000			0.0000	0.0000	0.0001	0.0001	8.1501	0.0001	0.0000	0.0000	0.0000	0.0000	0.0000	0.0000	0.0000	0.0000	0.0000	0.0000	0.0000	0.0000	0.0000	0.0000	0.0000	0.0000	0.0000	0.0000	0.0000	0.0000	0.0000	0.0000	0.0000	0.0000	0.0000	0.0000	0.0000	0.0062	0.0055	0.0007	0.0033	0.0032	0.0001	0.0029	0.0023	0.0006
22	44	0.1212	11	2	0	1	0	0	0	0	0	0	1	1	1	0	0	0	0	0	0	Y	N	N	N	N	N	N	N	N	N	N	N	N	N	N	N	N	N	0.0000	0.0000	0.0000	0.0000	0.0000	0.0000	0.0000	0.0000	0.0000	0.0000	0.0000	0.0000	0.0000	0.0000	0.0000	0.0000	0.0000	0.0000	7.3567	14.9292	0.0001	100.2695	109.4821	0.0001	0.0000	0.0000	0.0001		0.0000	0.0000	-0.4620	0.0001	2.9998	8.1501	4.8980	0.0000	0.0000	0.0000	0.0000	0.0000	0.0000	0.0000	0.0000	0.0000	0.9749	0.9748	0.0000	0.9748	0.9748	0.0000	0.0000	0.0000	0.0000	0.0000	0.0000	0.0000	0.0000	0.0000	0.0000	0.0000	0.0000	0.0000	0.1325	0.0653	0.0672	0.0097	0.0089	0.0008	0.1228	0.0564	0.0664
22	45	0.1154	10	2	0	1	0	0	0	0	0	1	0	1	0	0	0	0	0	0	0	Y	N	N	N	N	N	N	N	N	N	N	N	N	N	N	N	N	N	0.1794	0.0000	0.3413	0.0000	0.0000	0.0000	0.5936	0.0000	0.3370	0.2396	0.0000	0.4945	0.0000	0.0000	0.0000	0.4662	0.0000	0.4945	1.3359	1.2306	1.4489	6.2659	6.7090	0.1713	0.7853	0.0207	1.4672	inf	1.0968	0.0000	0.0025	0.0001	0.0002	8.1501	2.0813	0.0000	0.0000	0.0000	0.0000	0.0000	0.0000	0.0000	0.0000	0.0000	0.0499	0.0238	0.0261	0.0235	0.0235	0.0000	0.0264	0.0003	0.0261	0.0000	0.0000	0.0000	0.0000	0.0000	0.0000	0.0000	0.0000	0.0000	0.0373	0.0193	0.0180	0.0038	0.0035	0.0003	0.0336	0.0158	0.0178
22	55	0.1213	13	2	0	1	0	0	0	0	0	0	1	1	1	0	0	0	0	0	0	Y	N	N	N	N	N	N	N	N	N	N	N	N	N	N	N	N	N	0.0000	0.0000	0.0000	0.0000	0.0000	0.0000	0.0000	0.0000	0.0000	0.0000	0.0000	0.0000	0.0000	0.0000	0.0000	0.0000	0.0000	0.0000	0.0000	0.0000	0.0000	0.0000	0.0000	0.0000	0.0000	0.0000	0.0000		inf	0.0000	0.0000	0.0001	0.0000	8.1501	1.0065	0.0000	0.0000	0.0000	0.0000	0.0000	0.0000	0.0000	0.0000	0.0000	0.0000	0.0000	0.0000	0.0000	0.0000	0.0000	0.0000	0.0000	0.0000	0.0000	0.0000	0.0000	0.0000	0.0000	0.0000	0.0000	0.0000	0.0000	0.0170	0.0083	0.0087	0.0014	0.0012	0.0001	0.0156	0.0071	0.0085
22	56	0.1185	12	2	0	1	0	0	0	0	0	0	0	1	0	0	0	0	0	0	0	Y	N	N	N	N	N	N	N	N	N	N	N	N	N	N	N	N	N	0.0000	0.0000	0.0000	0.0000	0.0000	0.0000	0.0000	0.0000	0.0000	0.0000	0.0000	0.0000	0.0000	0.0000	0.0000	0.0000	0.0000	0.0000	0.0000	0.0001	0.0000	0.0006	0.0006	0.0000	0.0000	0.0000	0.0000		0.1336	0.0000	-0.0000	0.0001	0.0000	8.1501	1.0047	0.0000	0.0000	0.0000	0.0000	0.0000	0.0000	0.0000	0.0000	0.0000	0.0000	0.0000	0.0000	0.0000	0.0000	0.0000	0.0000	0.0000	0.0000	0.0000	0.0000	0.0000	0.0000	0.0000	0.0000	0.0000	0.0000	0.0000	0.0167	0.0082	0.0085	0.0012	0.0011	0.0001	0.0155	0.0071	0.0084
22	57	0.1185	11	2	0	1	0	0	0	0	0	1	0	1	0	0	0	0	0	0	0	Y	N	N	N	N	N	N	N	N	N	N	N	N	N	N	N	N	N	0.0000	0.0000	0.0000	0.0000	0.0000	0.0000	0.0000	0.0000	0.0000	0.0000	0.0000	0.0000	0.0000	0.0000	0.0000	0.0000	0.0000	0.0000	0.0000	0.0000	0.0000	0.0000	0.0000	0.0000	0.0000	0.0000	0.0000			0.0000	0.0000	0.0001	0.0000	8.1501	0.0000	0.0000	0.0000	0.0000	0.0000	0.0000	0.0000	0.0000	0.0000	0.0000	0.0000	0.0000	0.0000	0.0000	0.0000	0.0000	0.0000	0.0000	0.0000	0.0000	0.0000	0.0000	0.0000	0.0000	0.0000	0.0000	0.0000	0.0000	0.0000	0.0000	0.0000	0.0000	0.0000	0.0000	0.0000	0.0000	0.0000
22	61	0.1154	10	2	0	1	0	0	0	0	0	0	0	0	0	0	0	0	0	0	0	Y	N	N	N	N	N	N	N	N	N	N	N	N	N	N	N	N	N	0.2051	0.0000	0.1880	0.0000	0.0000	0.0000	0.3558	0.0000	0.1855	0.2486	0.0000	0.4994	0.0000	0.0000	0.0000	0.4957	0.0000	0.4994	1.2122	0.0014	2.6559	0.0112	0.0062	0.1098	1.3932	0.0000	2.6924	inf	1581.1199	0.0000	0.0127	0.0001	0.0000	8.1501	1.0227	0.0000	0.0000	0.0000	0.0000	0.0000	0.0000	0.0000	0.0000	0.0000	0.0242	0.0000	0.0242	0.0000	0.0000	0.0000	0.0242	0.0000	0.0242	0.0000	0.0000	0.0000	0.0000	0.0000	0.0000	0.0000	0.0000	0.0000	0.0200	0.0109	0.0091	0.0026	0.0025	0.0001	0.0173	0.0084	0.0090
22	62	0.1100	9	2	0	1	0	0	0	0	0	0	0	0	0	0	0	0	0	0	0	Y	N	N	N	N	N	N	N	N	N	N	N	N	N	N	N	N	N	0.0209	0.0032	0.0213	0.0371	0.0011	0.4051	0.0349	0.0000	0.0212	0.4761	0.0000	0.9659	0.0021	0.0000	0.9990	0.9466	0.0000	0.9658	22.7851	0.0063	45.3378	0.0557	0.0183	2.4663	27.1053	0.0007	45.5468	46327.9096	7312.0111	0.0000	0.5114	0.0001	0.4815	8.1501	1.4942	0.0001	0.0000	0.0001	0.0000	0.0000	0.0000	0.0001	0.0000	0.0001	0.9724	0.0001	0.9723	0.0004	0.0001	0.0003	0.9721	0.0000	0.9720	0.0001	0.0001	0.0001	0.0001	0.0001	0.0000	0.0001	0.0000	0.0001	0.0427	0.0212	0.0214	0.0068	0.0067	0.0001	0.0359	0.0145	0.0213
22	63	0.1543	21	2	0	1	0	0	0	0	0	0	1	0	1	0	0	0	0	0	0	Y	N	N	N	N	N	N	N	N	N	N	N	N	N	N	N	N	N	0.0000	0.0000	0.0000	0.0000	0.0000	0.0000	0.0000	0.0000	0.0000	0.0000	0.0000	0.0000	0.0000	0.0000	0.0000	0.0000	0.0000	0.0000	20.5879	0.0000	42.8764	0.0289	0.0000	0.3731	23.4410	0.0000	43.7285		inf	0.0000	0.5220	0.0001	0.0023	8.1501	3.0060	0.0000	0.0000	0.0000	0.0000	0.0000	0.0000	0.0000	0.0000	0.0000	0.9922	0.0000	0.9922	0.0002	0.0000	0.0002	0.9921	0.0000	0.9921	0.0000	0.0000	0.0000	0.0000	0.0000	0.0000	0.0000	0.0000	0.0000	0.0482	0.0251	0.0231	0.0059	0.0054	0.0005	0.0423	0.0196	0.0227
22	64	0.1515	20	2	0	1	0	1	0	0	0	0	0	0	0	0	0	0	0	0	0	Y	N	N	N	N	N	N	N	N	N	N	N	N	N	N	N	N	N	0.0000	0.0000	0.0000	0.0000	0.0000	0.0000	0.0000	0.0000	0.0000	0.0000	0.0000	0.0000	0.0000	0.0000	0.0000	0.0000	0.0000	0.0000	0.0597	0.0029	0.1215	0.0025	0.0026	0.0009	0.0678	0.0030	0.1238		38.6230	0.0000	0.0005	0.0001	0.9990	8.1501	0.0212	0.0000	0.0000	0.0000	0.0000	0.0000	0.0000	0.0000	0.0000	0.0000	0.0010	0.0000	0.0010	0.0000	0.0000	0.0000	0.0010	0.0000	0.0010	0.0000	0.0000	0.0000	0.0000	0.0000	0.0000	0.0000	0.0000	0.0000	0.0166	0.0086	0.0079	0.0020	0.0019	0.0002	0.0145	0.0067	0.0078
22	69	0.1234	10	2	0	1	0	0	0	0	0	0	0	0	0	0	0	0	0	0	0	Y	N	N	N	N	N	N	N	N	N	N	N	N	N	N	N	N	N	0.0000	0.0000	0.0000	0.0000	0.0000	0.0000	0.0000	0.0000	0.0000	0.0000	0.0000	0.0000	0.0000	0.0000	0.0000	0.0000	0.0000	0.0000	0.0000	0.0000	0.0000	0.0001	0.0000	0.0004	0.0000	0.0000	0.0000		27.8694	0.0000	0.0000	0.0001	1.0007	8.1501	1.2584	0.0000	0.0000	0.0000	0.0000	0.0000	0.0000	0.0000	0.0000	0.0000	0.0000	0.0000	0.0000	0.0000	0.0000	0.0000	0.0000	0.0000	0.0000	0.0000	0.0000	0.0000	0.0000	0.0000	0.0000	0.0000	0.0000	0.0000	0.0434	0.0224	0.0210	0.0067	0.0053	0.0014	0.0366	0.0171	0.0195
22	70	0.1093	9	2	0	1	0	1	0	0	0	0	0	0	0	0	0	0	0	0	0	Y	N	N	N	N	N	N	N	N	N	N	N	N	N	N	N	N	N	153.7759	84.5458	0.0000	31.1698	29.7031	0.0000	0.0000	0.0000	0.0000	0.0013	0.0014	0.0000	0.0039	0.0039	0.0000	0.0000	0.0000	0.0000	0.0000	0.0000	0.0000	0.0001	0.0001	0.0000	0.0000	0.0000	0.0000	0.0000	0.0511	-0.0000	-0.0000	0.0001	3.0007	8.1501	1.9606	0.0000	0.0000	0.0000	0.0000	0.0000	0.0000	0.0000	0.0000	0.0000	0.0000	0.0000	0.0000	0.0000	0.0000	0.0000	0.0000	0.0000	0.0000	0.0000	0.0000	0.0000	0.0000	0.0000	0.0000	0.0000	0.0000	0.0000	0.0816	0.0403	0.0413	0.0052	0.0049	0.0003	0.0764	0.0354	0.0410
22	75	0.1319	11	2	0	1	0	0	0	0	0	0	0	1	1	0	0	0	0	0	0	Y	N	N	N	N	N	N	N	N	N	N	N	N	N	N	N	N	N	0.0000	0.0000	0.0000	0.0000	0.0000	0.0000	0.0000	0.0000	0.0000	0.0000	0.0000	0.0000	0.0000	0.0000	0.0000	0.0000	0.0000	0.0000	0.0000	0.0000	0.0000	0.0000	0.0000	0.0000	0.0000	0.0000	0.0000			0.0000	0.0000	0.0001	0.0000	8.1501	1.0000	0.0000	0.0000	0.0000	0.0000	0.0000	0.0000	0.0000	0.0000	0.0000	0.0000	0.0000	0.0000	0.0000	0.0000	0.0000	0.0000	0.0000	0.0000	0.0000	0.0000	0.0000	0.0000	0.0000	0.0000	0.0000	0.0000	0.0000	0.0168	0.0100	0.0068	0.0016	0.0014	0.0002	0.0153	0.0086	0.0067
22	76	0.1319	10	2	0	1	0	0	0	0	0	0	1	1	1	0	0	0	0	0	0	Y	N	N	N	N	N	N	N	N	N	N	N	N	N	N	N	N	N	0.0000	0.0000	0.0000	0.0000	0.0000	0.0000	0.0000	0.0000	0.0000	0.0000	0.0000	0.0000	0.0000	0.0000	0.0000	0.0000	0.0000	0.0000	0.0000	0.0000	0.0000	0.0000	0.0000	0.0000	0.0000	0.0000	0.0000			0.0000	0.0000	0.0001	0.0000	8.1501	0.0000	0.0000	0.0000	0.0000	0.0000	0.0000	0.0000	0.0000	0.0000	0.0000	0.0000	0.0000	0.0000	0.0000	0.0000	0.0000	0.0000	0.0000	0.0000	0.0000	0.0000	0.0000	0.0000	0.0000	0.0000	0.0000	0.0000	0.0000	0.0019	0.0010	0.0009	0.0010	0.0010	0.0000	0.0010	0.0001	0.0009
22	77	0.1100	9	2	0	1	0	0	0	0	0	1	0	1	0	0	0	0	0	0	0	Y	N	N	N	N	N	N	N	N	N	N	N	N	N	N	N	N	N	0.0000	0.0000	0.0000	0.0000	0.0000	0.0000	0.0000	0.0000	0.0000	0.0000	0.0000	0.0000	0.0000	0.0000	0.0000	0.0000	0.0000	0.0000	0.0781	0.1282	0.0295	0.5160	0.5281	0.0014	0.0208	0.0091	0.0296		0.2363	0.0000	-0.0016	0.0001	0.0002	8.1501	3.7635	0.0000	0.0000	0.0000	0.0000	0.0000	0.0000	0.0000	0.0000	0.0000	0.0056	0.0045	0.0011	0.0043	0.0043	0.0000	0.0013	0.0002	0.0011	0.0001	0.0001	0.0001	0.0001	0.0001	0.0000	0.0001	0.0000	0.0001	0.0715	0.0352	0.0362	0.0083	0.0081	0.0002	0.0632	0.0272	0.0360
22	78	0.1042	8	2	0	1	0	1	0	0	0	0	0	0	0	0	0	0	0	0	0	Y	N	N	N	N	N	N	N	N	N	N	N	N	N	N	N	N	N	91.9222	9.3056	685.6781	1.6224	1.6255	0.0000	132.3815	14.0463	684.9957	25.2012	0.0584	363.8641	0.0129	0.0129	0.0000	38.4835	0.0852	365.5663	0.2742	0.0063	0.5307	0.0079	0.0079	0.0081	0.2907	0.0061	0.5337	462.3841	88.2723	0.0000	0.0048	0.0001	0.5196	8.1501	1.5432	0.0001	0.0000	0.0001	0.0000	0.0000	0.0000	0.0001	0.0000	0.0001	0.0094	0.0001	0.0093	0.0000	0.0000	0.0000	0.0094	0.0001	0.0093	0.0000	0.0000	0.0000	0.0000	0.0000	0.0000	0.0000	0.0000	0.0000	0.0342	0.0167	0.0175	0.0020	0.0019	0.0001	0.0322	0.0148	0.0174
22	93	0.1515	17	2	0	1	0	0	0	0	0	0	0	0	0	0	0	0	0	0	0	Y	N	N	N	N	N	N	N	N	N	N	N	N	N	N	N	N	N	0.0000	0.0000	0.0000	0.0000	0.0000	0.0000	0.0000	0.0000	0.0000	0.0000	0.0000	0.0000	0.0000	0.0000	0.0000	0.0000	0.0000	0.0000	0.0120	0.0214	0.0004	0.0170	0.0167	0.0424	0.0091	0.0299	0.0000		0.0155	0.0000	-0.0000	0.0001	0.0001	8.1501	0.0783	0.0000	0.0000	0.0000	0.0000	0.0000	0.0000	0.0000	0.0000	0.0000	0.0000	0.0000	0.0000	0.0000	0.0000	0.0000	0.0000	0.0000	0.0000	0.0000	0.0000	0.0000	0.0000	0.0000	0.0000	0.0000	0.0000	0.0000	0.0034	0.0019	0.0015	0.0012	0.0012	0.0000	0.0022	0.0007	0.0015
22	94	0.1429	16	2	0	1	0	1	0	0	0	0	0	0	0	0	0	0	0	0	0	Y	N	N	N	N	N	N	N	N	N	N	N	N	N	N	N	N	N	568.1258	583.8618	0.0000	3922.8287	3625.5602	0.0000	0.0000	0.0000	0.0000	0.2469	0.4881	0.0000	0.4955	0.4955	0.0000	0.0000	0.0000	0.0000	0.0004	0.0008	0.0000	0.0001	0.0001	0.0000	0.0005	0.0010	0.0000	0.0000	0.0000	-0.0000	-0.0000	0.0001	0.0004	8.1501	2.9660	0.0000	0.0000	0.0000	0.0000	0.0000	0.0000	0.0000	0.0000	0.0000	0.0000	0.0000	0.0000	0.0000	0.0000	0.0000	0.0000	0.0000	0.0000	0.0000	0.0000	0.0000	0.0000	0.0000	0.0000	0.0000	0.0000	0.0000	0.0476	0.0247	0.0228	0.0055	0.0051	0.0004	0.0420	0.0196	0.0224
23	30	0.1226	17	2	1	1	1	0	1	0	1	0	1	1	1	0	0	0	0	0	0	Y	N	N	N	N	N	N	N	N	N	N	N	N	N	N	N	N	N	0.0000	0.0000	0.0000	0.0000	0.0000	0.0000	0.0000	0.0000	0.0000	0.0000	0.0000	0.0000	0.0000	0.0000	0.0000	0.0000	0.0000	0.0000	0.0000	0.0000	0.0000	0.0000	0.0000	0.0000	0.0000	0.0000	0.0000			0.0000	0.0000	4.0000	0.0002	5.9998	1.1973	0.0000	0.0000	0.0000	0.0000	0.0000	0.0000	0.0000	0.0000	0.0000	0.0000	0.0000	0.0000	0.0000	0.0000	0.0000	0.0000	0.0000	0.0000	0.0000	0.0000	0.0000	0.0000	0.0000	0.0000	0.0000	0.0000	0.0000	0.0282	0.0174	0.0107	0.0058	0.0054	0.0004	0.0223	0.0120	0.0103
23	31	0.0988	16	2	1	1	0	1	1	0	0	1	0	1	0	0	0	0	0	0	0	Y	N	N	N	N	N	N	N	N	N	N	N	N	N	N	N	N	N	0.0000	0.0000	0.0000	0.0000	0.0000	0.0000	0.0000	0.0000	0.0000	0.0000	0.0000	0.0000	0.0000	0.0000	0.0000	0.0000	0.0000	0.0000	0.0000	0.0000	0.0000	0.0000	0.0000	0.0000	0.0000	0.0000	0.0000			0.0000	0.0000	4.0000	2.0002	5.9998	1.8085	0.0000	0.0000	0.0000	0.0000	0.0000	0.0000	0.0000	0.0000	0.0000	0.0000	0.0000	0.0000	0.0000	0.0000	0.0000	0.0000	0.0000	0.0000	0.0967	0.0832	0.0135	0.0013	0.0012	0.0000	0.0955	0.0820	0.0135	0.0691	0.0339	0.0352	0.0065	0.0054	0.0011	0.0626	0.0285	0.0341
23	37	0.0362	3	2	1	1	1	0	1	0	1	0	1	1	1	0	0	0	0	0	0	Y	N	N	N	N	N	N	N	N	N	N	N	N	N	N	N	N	N	0.0000	0.0000	0.0000	0.0000	0.0000	0.0000	0.0000	0.0000	0.0000	0.0000	0.0000	0.0000	0.0000	0.0000	0.0000	0.0000	0.0000	0.0000	0.0003	0.0006	0.0000	20.6097	20.6097	0.0000	0.0000	0.0000	0.0000		0.0000	0.0000	-0.0000	4.0000	0.0000	5.9998	2.0000	0.0000	0.0000	0.0000	0.0000	0.0000	0.0000	0.0000	0.0000	0.0000	0.0000	0.0000	0.0000	0.0000	0.0000	0.0000	0.0000	0.0000	0.0000	0.0000	0.0000	0.0000	0.0000	0.0000	0.0000	0.0000	0.0000	0.0000	0.0391	0.0179	0.0212	0.0000	0.0000	0.0000	0.0391	0.0179	0.0212
23	38	0.0404	5	2	1	1	0	0	1	0	0	0	1	1	1	0	0	0	0	0	0	Y	N	N	N	N	N	N	N	N	N	N	N	N	N	N	N	N	N	0.0000	0.0000	0.0000	0.0000	0.0000	0.0000	0.0000	0.0000	0.0000	0.0000	0.0000	0.0000	0.0000	0.0000	0.0000	0.0000	0.0000	0.0000	0.0000	0.0000	0.0000	0.0000	0.0000	0.0000	0.0000	0.0000	0.0000			0.0000	0.0000	4.0000	0.0000	5.9998	0.4891	0.0000	0.0000	0.0000	0.0000	0.0000	0.0000	0.0000	0.0000	0.0000	0.0000	0.0000	0.0000	0.0000	0.0000	0.0000	0.0000	0.0000	0.0000	0.0000	0.0000	0.0000	0.0000	0.0000	0.0000	0.0000	0.0000	0.0000	0.0172	0.0086	0.0086	0.0065	0.0065	0.0000	0.0107	0.0021	0.0086
23	39	0.0390	4	2	1	1	0	0	1	0	0	0	0	1	0	0	0	0	0	0	0	Y	N	N	N	N	N	N	N	N	N	N	N	N	N	N	N	N	N	0.0000	0.0000	0.0000	0.0000	0.0000	0.0000	0.0000	0.0000	0.0000	0.0000	0.0000	0.0000	0.0000	0.0000	0.0000	0.0000	0.0000	0.0000	0.0000	0.0000	0.0000	0.0000	0.0000	0.0000	0.0000	0.0000	0.0000			0.0000	0.0000	4.0000	0.0000	5.9998	0.5132	0.0000	0.0000	0.0000	0.0000	0.0000	0.0000	0.0000	0.0000	0.0000	0.0000	0.0000	0.0000	0.0000	0.0000	0.0000	0.0000	0.0000	0.0000	0.0000	0.0000	0.0000	0.0000	0.0000	0.0000	0.0000	0.0000	0.0000	0.0104	0.0048	0.0056	0.0002	0.0002	0.0000	0.0102	0.0046	0.0056
23	42	0.0675	5	2	1	1	1	0	1	0	1	0	0	1	1	0	0	0	0	0	0	Y	N	N	N	N	N	N	N	N	N	N	N	N	N	N	N	N	N	0.0000	0.0000	0.0000	0.0000	0.0000	0.0000	0.0000	0.0000	0.0000	0.0000	0.0000	0.0000	0.0000	0.0000	0.0000	0.0000	0.0000	0.0000	0.0163	0.0185	0.0000	0.0000	0.0000	0.0000	0.0344	0.0438	0.0000		0.0000	0.0000	-0.0001	4.0000	0.0001	5.9998	0.0001	0.0000	0.0000	0.0000	0.0000	0.0000	0.0000	0.0000	0.0000	0.0000	0.0001	0.0001	0.0000	0.0000	0.0000	0.0000	0.0001	0.0001	0.0000	0.0000	0.0000	0.0000	0.0000	0.0000	0.0000	0.0000	0.0000	0.0000	0.0073	0.0065	0.0009	0.0039	0.0037	0.0001	0.0035	0.0027	0.0007
23	44	0.0450	4	2	1	1	0	0	1	0	0	0	1	1	1	0	0	0	0	0	0	Y	N	N	N	N	N	N	N	N	N	N	N	N	N	N	N	N	N	0.0000	0.0000	0.0000	0.0000	0.0000	0.0000	0.0000	0.0000	0.0000	0.0000	0.0000	0.0000	0.0000	0.0000	0.0000	0.0000	0.0000	0.0000	6.4344	13.4478	0.0519	0.0098	0.0103	0.0000	6.6524	14.3865	0.0521		0.0042	0.0000	-0.4717	4.0000	2.9998	5.9998	4.8980	0.0000	0.0000	0.0000	0.0000	0.0000	0.0000	0.0000	0.0000	0.0000	1.0041	0.9999	0.0042	0.0001	0.0001	0.0000	1.0041	0.9998	0.0042	0.1465	0.1257	0.0208	0.0000	0.0000	0.0000	0.1465	0.1257	0.0208	0.1561	0.0744	0.0817	0.0051	0.0049	0.0003	0.1509	0.0695	0.0814
23	45	0.0392	3	2	1	1	0	0	1	0	0	1	0	1	0	0	0	0	0	0	0	Y	N	N	N	N	N	N	N	N	N	N	N	N	N	N	N	N	N	0.0000	0.0000	0.0000	0.0000	0.0000	0.0000	0.0000	0.0000	0.0000	0.0000	0.0000	0.0000	0.0000	0.0000	0.0000	0.0000	0.0000	0.0000	22.1690	0.0024	44.6653	0.0018	0.0018	0.0000	23.4025	0.0025	44.7334		18340.9705	0.0000	0.5233	4.0000	0.0002	5.9998	2.0813	0.0000	0.0000	0.0000	0.0000	0.0000	0.0000	0.0000	0.0000	0.0000	0.9949	0.0001	0.9948	0.0000	0.0000	0.0000	0.9949	0.0000	0.9948	0.0000	0.0000	0.0000	0.0000	0.0000	0.0000	0.0000	0.0000	0.0000	0.0449	0.0226	0.0223	0.0024	0.0023	0.0000	0.0425	0.0203	0.0222
23	55	0.0390	4	2	1	1	0	0	1	0	0	0	1	1	1	0	0	0	0	0	0	Y	N	N	N	N	N	N	N	N	N	N	N	N	N	N	N	N	N	0.0000	0.0000	0.0000	0.0000	0.0000	0.0000	0.0000	0.0000	0.0000	0.0000	0.0000	0.0000	0.0000	0.0000	0.0000	0.0000	0.0000	0.0000	0.0000	0.0000	0.0000	0.0000	0.0000	0.0000	0.0000	0.0000	0.0000			0.0000	0.0000	4.0000	0.0000	5.9998	1.0065	0.0000	0.0000	0.0000	0.0000	0.0000	0.0000	0.0000	0.0000	0.0000	0.0000	0.0000	0.0000	0.0000	0.0000	0.0000	0.0000	0.0000	0.0000	0.0000	0.0000	0.0000	0.0000	0.0000	0.0000	0.0000	0.0000	0.0000	0.0201	0.0092	0.0108	0.0002	0.0002	0.0000	0.0199	0.0091	0.0108
23	56	0.0362	3	2	1	1	0	0	1	0	0	0	0	1	0	0	0	0	0	0	0	Y	N	N	N	N	N	N	N	N	N	N	N	N	N	N	N	N	N	0.0000	0.0000	0.0000	0.0000	0.0000	0.0000	0.0000	0.0000	0.0000	0.0000	0.0000	0.0000	0.0000	0.0000	0.0000	0.0000	0.0000	0.0000	0.0005	0.0011	0.0000	34.4763	34.4763	0.0000	0.0000	0.0000	0.0000		0.0000	0.0000	-0.0000	4.0000	0.0000	5.9998	1.0047	0.0000	0.0000	0.0000	0.0000	0.0000	0.0000	0.0000	0.0000	0.0000	0.0000	0.0000	0.0000	0.0000	0.0000	0.0000	0.0000	0.0000	0.0000	0.0000	0.0000	0.0000	0.0000	0.0000	0.0000	0.0000	0.0000	0.0000	0.0197	0.0090	0.0107	0.0000	0.0000	0.0000	0.0197	0.0090	0.0107
23	57	0.0362	2	2	1	1	0	0	1	0	0	1	0	1	0	0	0	0	0	0	0	Y	N	N	N	N	N	N	N	N	N	N	N	N	N	N	N	N	N	0.0000	0.0000	0.0000	0.0000	0.0000	0.0000	0.0000	0.0000	0.0000	0.0000	0.0000	0.0000	0.0000	0.0000	0.0000	0.0000	0.0000	0.0000	34.6389	36.7347	32.7693	109.2433	109.2433	0.0000	20.5826	0.0000	32.7693		1.0000	0.0000	0.0000	4.0000	0.0000	5.9998	0.0000	0.0000	0.0000	0.0000	0.0000	0.0000	0.0000	0.0000	0.0000	0.0000	0.0000	0.0000	0.0000	0.0000	0.0000	0.0000	0.0000	0.0000	0.0000	0.0000	0.0000	0.0000	0.0000	0.0000	0.0000	0.0000	0.0000	0.0000	0.0000	0.0000	0.0000	0.0000	0.0000	0.0000	0.0000	0.0000	0.0000
23	63	0.1005	18	2	1	1	0	0	1	0	0	0	1	0	1	0	0	0	0	0	0	Y	N	N	N	N	N	N	N	N	N	N	N	N	N	N	N	N	N	111.8930	64.0779	0.0000	0.0000	0.0000	0.0000	inf	inf	0.0000	10.2904	11.9561	0.0000	0.0000	0.0000	0.0000	12.3105	14.7615	0.0000	0.0920	0.1866	0.0000	0.9474	1.0886	0.0000	0.0000	0.0000	0.0000	0.0000	0.0000	-0.0009	-0.0025	4.0000	0.0023	5.9998	3.0060	0.0017	0.0017	0.0000	0.0000	0.0000	0.0000	0.0017	0.0017	0.0000	0.0052	0.0052	0.0000	0.0052	0.0052	0.0000	0.0000	0.0000	0.0000	0.0002	0.0001	0.0000	0.0000	0.0000	0.0000	0.0001	0.0001	0.0000	0.0567	0.0280	0.0288	0.0055	0.0048	0.0007	0.0512	0.0232	0.0281
23	64	0.0976	17	2	1	1	0	1	1	0	0	0	0	0	0	0	0	0	0	0	0	Y	N	N	N	N	N	N	N	N	N	N	N	N	N	N	N	N	N	76.6350	inf	0.0000	0.0000	0.0000	0.0000	70.0944	inf	0.0000	20.4842	23.8363	0.0000	0.0000	0.0000	0.0000	20.8009	24.2455	0.0000	0.2673	0.0000	0.5282	0.0000	0.0000	0.0000	0.2968	0.0000	0.5415	0.0000	inf	-0.5594	0.0027	4.0000	0.9990	5.9998	0.0212	0.9983	0.9983	0.0000	0.0000	0.0000	0.0000	0.9983	0.9983	0.0000	0.0052	0.0000	0.0052	0.0000	0.0000	0.0000	0.0052	0.0000	0.0052	0.0487	0.0419	0.0069	0.0007	0.0007	0.0000	0.0480	0.0412	0.0068	0.0195	0.0096	0.0099	0.0019	0.0017	0.0002	0.0176	0.0079	0.0096
23	69	0.0696	7	2	1	1	0	0	1	0	0	0	0	0	0	0	0	0	0	0	0	Y	N	N	N	N	N	N	N	N	N	N	N	N	N	N	N	N	N	29329.5912	16843.7505	0.0000	406025.7728	312381.3289	0.0000	0.0000	0.0000	0.0000	0.0169	0.0197	0.0000	1.7747	1.8594	0.0000	0.0000	0.0000	0.0000	0.0000	0.0000	0.0000	0.0000	0.0000	0.0000	0.0000	0.0000	0.0000	0.0000	0.0000	-0.0005	-0.0000	4.0000	1.0007	5.9998	1.2584	0.0008	0.0008	0.0000	0.0008	0.0008	0.0000	0.0000	0.0000	0.0000	0.0000	0.0000	0.0000	0.0000	0.0000	0.0000	0.0000	0.0000	0.0000	0.0496	0.0426	0.0071	0.0005	0.0005	0.0000	0.0491	0.0421	0.0070	0.0514	0.0253	0.0261	0.0068	0.0050	0.0018	0.0447	0.0204	0.0243
23	70	0.0555	6	2	1	1	0	1	1	0	0	0	0	0	0	0	0	0	0	0	0	Y	N	N	N	N	N	N	N	N	N	N	N	N	N	N	N	N	N	60.3987	32.8511	0.0000	64.6236	58.3837	0.0000	inf	inf	0.0000	0.0063	0.0073	0.0000	0.2008	0.2154	0.0000	0.0057	0.0067	0.0000	0.0001	0.0002	0.0000	0.0031	0.0037	0.0000	0.0000	0.0000	0.0000	0.0000	0.0000	-0.0005	-0.0000	4.0000	3.0007	5.9998	1.9606	0.0009	0.0009	0.0000	0.0001	0.0001	0.0000	0.0008	0.0008	0.0000	0.0000	0.0000	0.0000	0.0000	0.0000	0.0000	0.0000	0.0000	0.0000	0.1469	0.1260	0.0209	0.0004	0.0004	0.0000	0.1465	0.1257	0.0208	0.0961	0.0449	0.0513	0.0032	0.0027	0.0005	0.0929	0.0422	0.0508
23	75	0.0665	6	2	1	1	0	0	1	0	0	0	0	1	1	0	0	0	0	0	0	Y	N	N	N	N	N	N	N	N	N	N	N	N	N	N	N	N	N	0.0000	0.0000	0.0000	0.0000	0.0000	0.0000	0.0000	0.0000	0.0000	0.0000	0.0000	0.0000	0.0000	0.0000	0.0000	0.0000	0.0000	0.0000	0.0000	0.0000	0.0000	0.0000	0.0000	0.0000	0.0000	0.0000	0.0000			0.0000	0.0000	4.0000	0.0000	5.9998	1.0000	0.0000	0.0000	0.0000	0.0000	0.0000	0.0000	0.0000	0.0000	0.0000	0.0000	0.0000	0.0000	0.0000	0.0000	0.0000	0.0000	0.0000	0.0000	0.0000	0.0000	0.0000	0.0000	0.0000	0.0000	0.0000	0.0000	0.0000	0.0188	0.0110	0.0078	0.0010	0.0009	0.0001	0.0178	0.0101	0.0077
23	76	0.0665	5	2	1	1	0	0	1	0	0	0	1	1	1	0	0	0	0	0	0	Y	N	N	N	N	N	N	N	N	N	N	N	N	N	N	N	N	N	0.0000	0.0000	0.0000	0.0000	0.0000	0.0000	0.0000	0.0000	0.0000	0.0000	0.0000	0.0000	0.0000	0.0000	0.0000	0.0000	0.0000	0.0000	0.0000	0.0000	0.0000	0.0000	0.0000	0.0000	0.0000	0.0000	0.0000			0.0000	0.0000	4.0000	0.0000	5.9998	0.0000	0.0000	0.0000	0.0000	0.0000	0.0000	0.0000	0.0000	0.0000	0.0000	0.0000	0.0000	0.0000	0.0000	0.0000	0.0000	0.0000	0.0000	0.0000	0.0000	0.0000	0.0000	0.0000	0.0000	0.0000	0.0000	0.0000	0.0000	0.0024	0.0013	0.0011	0.0012	0.0012	0.0000	0.0012	0.0001	0.0011
23	77	0.0446	4	2	1	1	0	0	1	0	0	1	0	1	0	0	0	0	0	0	0	Y	N	N	N	N	N	N	N	N	N	N	N	N	N	N	N	N	N	1.0239	7.9971	0.0000	0.0000	0.0000	0.0000	2.0577	inf	0.0000	0.0019	0.0022	0.0000	0.0000	0.0000	0.0000	0.0039	0.0049	0.0000	0.0019	0.0003	0.0033	0.0020	0.0022	0.0000	0.0019	0.0000	0.0034	0.0000	13.9992	-0.0000	0.0001	4.0000	0.0002	5.9998	3.7635	0.0000	0.0000	0.0000	0.0000	0.0000	0.0000	0.0000	0.0000	0.0000	0.0002	0.0000	0.0001	0.0000	0.0000	0.0000	0.0001	0.0000	0.0001	0.0051	0.0046	0.0005	0.0026	0.0026	0.0000	0.0026	0.0020	0.0005	0.0789	0.0369	0.0420	0.0049	0.0045	0.0004	0.0740	0.0324	0.0416
23	93	0.0977	14	2	1	1	0	0	1	0	0	0	0	0	0	0	0	0	0	0	0	Y	N	N	N	N	N	N	N	N	N	N	N	N	N	N	N	N	N	0.0000	0.0000	0.0000	0.0000	0.0000	0.0000	0.0000	0.0000	0.0000	0.0000	0.0000	0.0000	0.0000	0.0000	0.0000	0.0000	0.0000	0.0000	0.0491	0.0452	0.0537	0.0692	0.0702	0.0000	0.0380	0.0000	0.0543		1.0000	0.0000	0.0000	4.0000	0.0001	5.9998	0.0783	0.0000	0.0000	0.0000	0.0000	0.0000	0.0000	0.0000	0.0000	0.0000	0.0002	0.0001	0.0001	0.0001	0.0001	0.0000	0.0001	0.0000	0.0001	0.0000	0.0000	0.0000	0.0000	0.0000	0.0000	0.0000	0.0000	0.0000	0.0041	0.0022	0.0019	0.0014	0.0014	0.0000	0.0026	0.0008	0.0018
23	94	0.0891	13	2	1	1	0	1	1	0	0	0	0	0	0	0	0	0	0	0	0	Y	N	N	N	N	N	N	N	N	N	N	N	N	N	N	N	N	N	0.0000	0.0000	0.0000	0.0000	0.0000	0.0000	0.0000	0.0000	0.0000	0.0000	0.0000	0.0000	0.0000	0.0000	0.0000	0.0000	0.0000	0.0000	17.7306	0.0000	35.0483	0.0000	0.0000	0.0000	19.5735	0.0000	35.9019		14913881.5987	0.0000	0.5256	4.0000	0.0004	5.9998	2.9660	0.0000	0.0000	0.0000	0.0000	0.0000	0.0000	0.0000	0.0000	0.0000	0.9992	0.0000	0.9992	0.0000	0.0000	0.0000	0.9992	0.0000	0.9992	0.0000	0.0000	0.0000	0.0000	0.0000	0.0000	0.0000	0.0000	0.0000	0.0564	0.0278	0.0285	0.0053	0.0046	0.0007	0.0511	0.0232	0.0278
24	30	0.0652	8	1	0	1	1	0	0	1	1	0	2	1	2	0	0	0	0	0	0	N	N	N	N	N	Y	N	N	N	N	N	N	N	N	N	N	N	N	0.0000	0.0000	0.0000	0.0000	0.0000	0.0000	0.0000	0.0000	0.0000	0.0000	0.0000	0.0000	0.0000	0.0000	0.0000	0.0000	0.0000	0.0000	0.0006	0.0010	0.0000	0.0030	0.0032	0.0000	0.0000	0.0000	0.0000		0.0000	0.0000	-0.0000	0.3906	0.0002	3.9576	1.1973	0.0000	0.0000	0.0000	0.0000	0.0000	0.0000	0.0000	0.0000	0.0000	0.0000	0.0000	0.0000	0.0000	0.0000	0.0000	0.0000	0.0000	0.0000	0.0000	0.0000	0.0000	0.0000	0.0000	0.0000	0.0000	0.0000	0.0000	0.0159	0.0102	0.0057	0.0033	0.0032	0.0001	0.0126	0.0071	0.0056
24	37	0.0961	18	1	0	1	1	0	0	1	1	0	2	1	2	0	0	0	0	0	0	N	N	N	N	N	Y	N	N	N	N	N	N	N	N	N	N	N	N	0.0000	0.0000	0.0000	0.0000	0.0000	0.0000	0.0000	0.0000	0.0000	0.0000	0.0000	0.0000	0.0000	0.0000	0.0000	0.0000	0.0000	0.0000	0.0000	0.0000	0.0000	0.0000	0.0000	0.0000	0.0000	0.0000	0.0000			0.0000	0.0000	0.3906	0.0000	3.9576	2.0000	0.0000	0.0000	0.0000	0.0000	0.0000	0.0000	0.0000	0.0000	0.0000	0.0000	0.0000	0.0000	0.0000	0.0000	0.0000	0.0000	0.0000	0.0000	0.0000	0.0000	0.0000	0.0000	0.0000	0.0000	0.0000	0.0000	0.0000	0.0323	0.0202	0.0121	0.0099	0.0095	0.0004	0.0224	0.0107	0.0117
24	38	0.1003	20	1	0	1	0	0	0	1	0	0	2	1	2	0	0	0	0	0	0	N	N	N	N	N	Y	N	N	N	N	N	N	N	N	N	N	N	N	0.0000	0.0000	0.0000	0.0000	0.0000	0.0000	0.0000	0.0000	0.0000	0.0000	0.0000	0.0000	0.0000	0.0000	0.0000	0.0000	0.0000	0.0000	0.0000	0.0000	0.0000	0.0000	0.0000	0.0000	0.0000	0.0000	0.0000			0.0000	0.0000	0.3906	0.0000	3.9576	0.4891	0.0000	0.0000	0.0000	0.0000	0.0000	0.0000	0.0000	0.0000	0.0000	0.0000	0.0000	0.0000	0.0000	0.0000	0.0000	0.0000	0.0000	0.0000	0.0000	0.0000	0.0000	0.0000	0.0000	0.0000	0.0000	0.0000	0.0000	0.0077	0.0039	0.0038	0.0031	0.0031	0.0000	0.0045	0.0008	0.0037
24	42	0.1213	18	1	0	1	1	0	0	1	1	0	1	1	2	0	0	0	0	0	0	N	N	N	N	N	Y	N	N	N	N	N	N	N	N	N	N	N	N	0.0000	0.0000	0.0000	0.0000	0.0000	0.0000	0.0000	0.0000	0.0000	0.0000	0.0000	0.0000	0.0000	0.0000	0.0000	0.0000	0.0000	0.0000	0.0000	0.0000	0.0000	0.0000	0.0000	0.0000	0.0000	0.0000	0.0000		0.0000	0.0000	-0.0000	0.3906	0.0001	3.9576	0.0001	0.0000	0.0000	0.0000	0.0000	0.0000	0.0000	0.0000	0.0000	0.0000	0.0000	0.0000	0.0000	0.0000	0.0000	0.0000	0.0000	0.0000	0.0000	0.0000	0.0000	0.0000	0.0000	0.0000	0.0000	0.0000	0.0000	0.0000	0.0034	0.0030	0.0004	0.0018	0.0017	0.0001	0.0016	0.0012	0.0004
24	44	0.0988	17	1	0	1	0	0	0	1	0	0	2	1	2	0	0	0	0	0	0	N	N	N	N	N	Y	N	N	N	N	N	N	N	N	N	N	N	N	0.0000	0.0000	0.0000	0.0000	0.0000	0.0000	0.0000	0.0000	0.0000	0.0000	0.0000	0.0000	0.0000	0.0000	0.0000	0.0000	0.0000	0.0000	0.0010	0.0012	0.0008	0.0021	0.0022	0.0001	0.0006	0.0003	0.0008		0.3904	0.0000	-0.0000	0.3906	2.9998	3.9576	4.8980	0.0000	0.0000	0.0000	0.0000	0.0000	0.0000	0.0000	0.0000	0.0000	0.0001	0.0001	0.0000	0.0001	0.0001	0.0000	0.0000	0.0000	0.0000	0.0250	0.0226	0.0024	0.0055	0.0054	0.0000	0.0195	0.0172	0.0024	0.1262	0.0793	0.0469	0.0394	0.0378	0.0015	0.0869	0.0415	0.0454
24	55	0.0989	19	1	0	1	0	0	0	1	0	0	2	1	2	0	0	0	0	0	0	N	N	N	N	N	Y	N	N	N	N	N	N	N	N	N	N	N	N	0.0000	0.0000	0.0000	0.0000	0.0000	0.0000	0.0000	0.0000	0.0000	0.0000	0.0000	0.0000	0.0000	0.0000	0.0000	0.0000	0.0000	0.0000	0.0000	0.0000	0.0000	0.0000	0.0000	0.0000	0.0000	0.0000	0.0000			0.0000	0.0000	0.3906	0.0000	3.9576	1.0065	0.0000	0.0000	0.0000	0.0000	0.0000	0.0000	0.0000	0.0000	0.0000	0.0000	0.0000	0.0000	0.0000	0.0000	0.0000	0.0000	0.0000	0.0000	0.0000	0.0000	0.0000	0.0000	0.0000	0.0000	0.0000	0.0000	0.0000	0.0165	0.0103	0.0062	0.0051	0.0049	0.0002	0.0114	0.0054	0.0060
24	63	0.0431	5	1	0	1	0	0	0	1	0	0	2	0	2	0	0	0	0	0	0	N	N	N	N	N	Y	N	N	N	N	N	N	N	N	N	N	N	N	0.0000	0.0000	0.0000	0.0000	0.0000	0.0000	0.0000	0.0000	0.0000	0.0000	0.0000	0.0000	0.0000	0.0000	0.0000	0.0000	0.0000	0.0000	0.0000	0.0000	0.0000	0.0000	0.0000	0.0000	0.0000	0.0000	0.0000			0.0000	0.0000	0.3906	0.0023	3.9576	3.0060	0.0000	0.0000	0.0000	0.0000	0.0000	0.0000	0.0000	0.0000	0.0000	0.0000	0.0000	0.0000	0.0000	0.0000	0.0000	0.0000	0.0000	0.0000	0.0000	0.0000	0.0000	0.0000	0.0000	0.0000	0.0000	0.0000	0.0000	0.0493	0.0299	0.0195	0.0129	0.0126	0.0003	0.0364	0.0173	0.0192
24	75	0.1095	17	1	0	1	0	0	0	1	0	0	1	1	2	0	0	0	0	0	0	N	N	N	N	N	Y	N	N	N	N	N	N	N	N	N	N	N	N	0.0000	0.0000	0.0000	0.0000	0.0000	0.0000	0.0000	0.0000	0.0000	0.0000	0.0000	0.0000	0.0000	0.0000	0.0000	0.0000	0.0000	0.0000	0.0000	0.0000	0.0000	0.0000	0.0000	0.0000	0.0000	0.0000	0.0000			0.0000	0.0000	0.3906	0.0000	3.9576	1.0000	0.0000	0.0000	0.0000	0.0000	0.0000	0.0000	0.0000	0.0000	0.0000	0.0000	0.0000	0.0000	0.0000	0.0000	0.0000	0.0000	0.0000	0.0000	0.0000	0.0000	0.0000	0.0000	0.0000	0.0000	0.0000	0.0000	0.0000	0.0084	0.0050	0.0033	0.0008	0.0007	0.0001	0.0076	0.0044	0.0032
24	76	0.1095	16	1	0	1	0	0	0	1	0	0	2	1	2	0	0	0	0	0	0	N	N	N	N	N	Y	N	N	N	N	N	N	N	N	N	N	N	N	0.0000	0.0000	0.0000	0.0000	0.0000	0.0000	0.0000	0.0000	0.0000	0.0000	0.0000	0.0000	0.0000	0.0000	0.0000	0.0000	0.0000	0.0000	0.0000	0.0000	0.0000	0.0000	0.0000	0.0000	0.0000	0.0000	0.0000			0.0000	0.0000	0.3906	0.0000	3.9576	0.0000	0.0000	0.0000	0.0000	0.0000	0.0000	0.0000	0.0000	0.0000	0.0000	0.0000	0.0000	0.0000	0.0000	0.0000	0.0000	0.0000	0.0000	0.0000	0.0000	0.0000	0.0000	0.0000	0.0000	0.0000	0.0000	0.0000	0.0000	0.0011	0.0006	0.0005	0.0005	0.0005	0.0000	0.0005	0.0000	0.0005
24	105	0.1227	19	0	0	1	0	0	0	1	0	0	2	0	2	0	0	0	0	0	0	N	N	N	N	N	Y	N	N	N	N	N	N	N	N	N	N	N	N	0.0000	0.0000	0.0000	0.0000	0.0000	0.0000	0.0000	0.0000	0.0000	0.0000	0.0000	0.0000	0.0000	0.0000	0.0000	0.0000	0.0000	0.0000	21.2172	0.0000	64.5749	4.3341	0.0000	76.9034	30.3690	0.0000	63.7839		inf	0.0000	0.2116	0.3906	0.0000	3.9576	1.0001	0.0000	0.0000	0.0000	0.0000	0.0000	0.0000	0.0000	0.0000	0.0000	0.4022	0.0000	0.4022	0.0289	0.0000	0.0289	0.3733	0.0000	0.3733	0.0000	0.0000	0.0000	0.0000	0.0000	0.0000	0.0000	0.0000	0.0000	0.0190	0.0127	0.0062	0.0067	0.0063	0.0004	0.0123	0.0064	0.0059
24	106	0.1046	19	0	0	1	0	0	0	1	0	0	2	0	2	0	0	0	0	0	0	N	N	N	N	N	Y	N	N	N	N	N	N	N	N	N	N	N	N	0.0000	0.0000	0.0000	0.0000	0.0000	0.0000	0.0000	0.0000	0.0000	0.0000	0.0000	0.0000	0.0000	0.0000	0.0000	0.0000	0.0000	0.0000	0.0000	0.0000	0.0000	0.0000	0.0000	0.0000	0.0000	0.0000	0.0000			0.0000	0.0000	0.3906	0.0000	3.9576	0.0000	0.0000	0.0000	0.0000	0.0000	0.0000	0.0000	0.0000	0.0000	0.0000	0.0000	0.0000	0.0000	0.0000	0.0000	0.0000	0.0000	0.0000	0.0000	0.0000	0.0000	0.0000	0.0000	0.0000	0.0000	0.0000	0.0000	0.0000	0.0000	0.0000	0.0000	0.0000	0.0000	0.0000	0.0000	0.0000	0.0000
24	107	0.1131	23	0	0	1	0	0	0	1	0	0	2	0	2	0	0	0	0	0	0	N	N	N	N	N	Y	N	N	N	N	N	N	N	N	N	N	N	N	0.0000	0.0000	0.0000	0.0000	0.0000	0.0000	0.0000	0.0000	0.0000	0.0000	0.0000	0.0000	0.0000	0.0000	0.0000	0.0000	0.0000	0.0000	0.0000	0.0000	0.0000	0.0000	0.0000	0.0000	0.0000	0.0000	0.0000			0.0000	0.0000	0.3906	0.0000	3.9576	0.0000	0.0000	0.0000	0.0000	0.0000	0.0000	0.0000	0.0000	0.0000	0.0000	0.0000	0.0000	0.0000	0.0000	0.0000	0.0000	0.0000	0.0000	0.0000	0.0000	0.0000	0.0000	0.0000	0.0000	0.0000	0.0000	0.0000	0.0000	0.0000	0.0000	0.0000	0.0000	0.0000	0.0000	0.0000	0.0000	0.0000
26	30	0.0954	13	2	0	1	1	0	0	1	1	0	1	1	1	0	0	0	0	0	0	Y	N	N	N	N	N	N	N	N	N	N	N	N	N	N	N	N	N	0.0000	0.0000	0.0000	0.0000	0.0000	0.0000	0.0000	0.0000	0.0000	0.0000	0.0000	0.0000	0.0000	0.0000	0.0000	0.0000	0.0000	0.0000	0.0016	0.0023	0.0004	0.0076	0.0080	0.0003	0.0002	0.0000	0.0004		0.0984	0.0000	-0.0000	1.0038	0.0002	3.8726	1.1973	0.0000	0.0000	0.0000	0.0000	0.0000	0.0000	0.0000	0.0000	0.0000	0.0000	0.0000	0.0000	0.0000	0.0000	0.0000	0.0000	0.0000	0.0000	0.0000	0.0000	0.0000	0.0000	0.0000	0.0000	0.0000	0.0000	0.0000	0.0139	0.0086	0.0054	0.0026	0.0025	0.0001	0.0113	0.0061	0.0053
26	31	0.0716	12	2	0	1	0	1	0	1	0	1	0	1	0	0	0	0	0	0	0	Y	N	N	N	N	N	N	N	N	N	N	N	N	N	N	N	N	N	0.0000	0.0000	0.0000	0.0000	0.0000	0.0000	0.0000	0.0000	0.0000	0.0000	0.0000	0.0000	0.0000	0.0000	0.0000	0.0000	0.0000	0.0000	0.0007	0.0000	0.0015	0.0000	0.0000	0.0000	0.0008	0.0000	0.0016		740.5159	0.0000	0.0000	1.0038	2.0002	3.8726	1.8085	0.0000	0.0000	0.0000	0.0000	0.0000	0.0000	0.0000	0.0000	0.0000	0.0000	0.0000	0.0000	0.0000	0.0000	0.0000	0.0000	0.0000	0.0000	0.0248	0.0213	0.0035	0.0006	0.0006	0.0000	0.0242	0.0208	0.0034	0.0383	0.0193	0.0190	0.0052	0.0041	0.0011	0.0331	0.0152	0.0179
26	37	0.0477	7	2	0	1	1	0	0	1	1	0	1	1	1	0	0	0	0	0	0	Y	N	N	N	N	N	N	N	N	N	N	N	N	N	N	N	N	N	0.0000	0.0000	0.0000	0.0000	0.0000	0.0000	0.0000	0.0000	0.0000	0.0000	0.0000	0.0000	0.0000	0.0000	0.0000	0.0000	0.0000	0.0000	0.0000	0.0000	0.0000	0.0000	0.0000	0.0000	0.0000	0.0000	0.0000			0.0000	0.0000	1.0038	0.0000	3.8726	2.0000	0.0000	0.0000	0.0000	0.0000	0.0000	0.0000	0.0000	0.0000	0.0000	0.0000	0.0000	0.0000	0.0000	0.0000	0.0000	0.0000	0.0000	0.0000	0.0000	0.0000	0.0000	0.0000	0.0000	0.0000	0.0000	0.0000	0.0000	0.0208	0.0099	0.0109	0.0017	0.0012	0.0004	0.0192	0.0087	0.0105
26	38	0.0519	9	2	0	1	0	0	0	1	0	0	1	1	1	0	0	0	0	0	0	Y	N	N	N	N	N	N	N	N	N	N	N	N	N	N	N	N	N	0.0000	0.0000	0.0000	0.0000	0.0000	0.0000	0.0000	0.0000	0.0000	0.0000	0.0000	0.0000	0.0000	0.0000	0.0000	0.0000	0.0000	0.0000	0.0000	0.0000	0.0000	0.0000	0.0000	0.0000	0.0000	0.0000	0.0000			0.0000	0.0000	1.0038	0.0000	3.8726	0.4891	0.0000	0.0000	0.0000	0.0000	0.0000	0.0000	0.0000	0.0000	0.0000	0.0000	0.0000	0.0000	0.0000	0.0000	0.0000	0.0000	0.0000	0.0000	0.0000	0.0000	0.0000	0.0000	0.0000	0.0000	0.0000	0.0000	0.0000	0.0085	0.0043	0.0042	0.0033	0.0033	0.0000	0.0052	0.0010	0.0042
26	39	0.0505	8	2	0	1	0	0	0	1	0	0	0	1	0	0	0	0	0	0	0	Y	N	N	N	N	N	N	N	N	N	N	N	N	N	N	N	N	N	0.0000	0.0000	0.0000	0.0000	0.0000	0.0000	0.0000	0.0000	0.0000	0.0000	0.0000	0.0000	0.0000	0.0000	0.0000	0.0000	0.0000	0.0000	0.0000	0.0000	0.0000	0.0000	0.0000	0.0000	0.0000	0.0000	0.0000			0.0000	0.0000	1.0038	0.0000	3.8726	0.5132	0.0000	0.0000	0.0000	0.0000	0.0000	0.0000	0.0000	0.0000	0.0000	0.0000	0.0000	0.0000	0.0000	0.0000	0.0000	0.0000	0.0000	0.0000	0.0000	0.0000	0.0000	0.0000	0.0000	0.0000	0.0000	0.0000	0.0000	0.0055	0.0027	0.0029	0.0005	0.0004	0.0001	0.0050	0.0022	0.0028
26	42	0.0729	7	2	0	1	1	0	0	1	1	0	0	1	1	0	0	0	0	0	0	Y	N	N	N	N	N	N	N	N	N	N	N	N	N	N	N	N	N	0.0000	0.0000	0.0000	0.0000	0.0000	0.0000	0.0000	0.0000	0.0000	0.0000	0.0000	0.0000	0.0000	0.0000	0.0000	0.0000	0.0000	0.0000	0.0000	0.0000	0.0000	0.0000	0.0000	0.0000	0.0000	0.0000	0.0000			0.0000	0.0000	1.0038	0.0001	3.8726	0.0001	0.0000	0.0000	0.0000	0.0000	0.0000	0.0000	0.0000	0.0000	0.0000	0.0000	0.0000	0.0000	0.0000	0.0000	0.0000	0.0000	0.0000	0.0000	0.0000	0.0000	0.0000	0.0000	0.0000	0.0000	0.0000	0.0000	0.0000	0.0036	0.0032	0.0004	0.0019	0.0019	0.0001	0.0017	0.0014	0.0004
26	44	0.0504	6	2	0	1	0	0	0	1	0	0	1	1	1	0	0	0	0	0	0	Y	N	N	N	N	N	N	N	N	N	N	N	N	N	N	N	N	N	0.0000	0.0000	0.0000	0.0000	0.0000	0.0000	0.0000	0.0000	0.0000	0.0000	0.0000	0.0000	0.0000	0.0000	0.0000	0.0000	0.0000	0.0000	0.0000	0.0000	0.0000	0.0000	0.0000	0.0000	0.0000	0.0000	0.0000		0.0000	0.0000	-0.0000	1.0038	2.9998	3.8726	4.8980	0.0000	0.0000	0.0000	0.0000	0.0000	0.0000	0.0000	0.0000	0.0000	0.0000	0.0000	0.0000	0.0000	0.0000	0.0000	0.0000	0.0000	0.0000	0.0375	0.0322	0.0053	0.0004	0.0003	0.0000	0.0372	0.0318	0.0053	0.0825	0.0403	0.0422	0.0078	0.0061	0.0017	0.0747	0.0341	0.0405
26	45	0.0446	5	2	0	1	0	0	0	1	0	1	0	1	0	0	0	0	0	0	0	Y	N	N	N	N	N	N	N	N	N	N	N	N	N	N	N	N	N	0.0000	0.0000	0.0000	0.0000	0.0000	0.0000	0.0000	0.0000	0.0000	0.0000	0.0000	0.0000	0.0000	0.0000	0.0000	0.0000	0.0000	0.0000	0.0004	0.0008	0.0000	0.0042	0.0051	0.0000	0.0000	0.0000	0.0000		0.0000	0.0000	-0.0000	1.0038	0.0002	3.8726	2.0813	0.0000	0.0000	0.0000	0.0000	0.0000	0.0000	0.0000	0.0000	0.0000	0.0000	0.0000	0.0000	0.0000	0.0000	0.0000	0.0000	0.0000	0.0000	0.0000	0.0000	0.0000	0.0000	0.0000	0.0000	0.0000	0.0000	0.0000	0.0232	0.0117	0.0114	0.0024	0.0019	0.0004	0.0208	0.0098	0.0110
26	55	0.0505	8	2	0	1	0	0	0	1	0	0	1	1	1	0	0	0	0	0	0	Y	N	N	N	N	N	N	N	N	N	N	N	N	N	N	N	N	N	0.0000	0.0000	0.0000	0.0000	0.0000	0.0000	0.0000	0.0000	0.0000	0.0000	0.0000	0.0000	0.0000	0.0000	0.0000	0.0000	0.0000	0.0000	0.0000	0.0000	0.0000	0.0000	0.0000	0.0000	0.0000	0.0000	0.0000			0.0000	0.0000	1.0038	0.0000	3.8726	1.0065	0.0000	0.0000	0.0000	0.0000	0.0000	0.0000	0.0000	0.0000	0.0000	0.0000	0.0000	0.0000	0.0000	0.0000	0.0000	0.0000	0.0000	0.0000	0.0000	0.0000	0.0000	0.0000	0.0000	0.0000	0.0000	0.0000	0.0000	0.0107	0.0051	0.0056	0.0009	0.0007	0.0002	0.0098	0.0044	0.0054
26	56	0.0477	7	2	0	1	0	0	0	1	0	0	0	1	0	0	0	0	0	0	0	Y	N	N	N	N	N	N	N	N	N	N	N	N	N	N	N	N	N	0.0000	0.0000	0.0000	0.0000	0.0000	0.0000	0.0000	0.0000	0.0000	0.0000	0.0000	0.0000	0.0000	0.0000	0.0000	0.0000	0.0000	0.0000	0.0000	0.0000	0.0000	0.0000	0.0000	0.0000	0.0000	0.0000	0.0000			0.0000	-0.0000	1.0038	0.0000	3.8726	1.0047	0.0000	0.0000	0.0000	0.0000	0.0000	0.0000	0.0000	0.0000	0.0000	0.0000	0.0000	0.0000	0.0000	0.0000	0.0000	0.0000	0.0000	0.0000	0.0000	0.0000	0.0000	0.0000	0.0000	0.0000	0.0000	0.0000	0.0000	0.0105	0.0050	0.0055	0.0008	0.0006	0.0002	0.0097	0.0044	0.0053
26	57	0.0477	6	2	0	1	0	0	0	1	0	1	0	1	0	0	0	0	0	0	0	Y	N	N	N	N	N	N	N	N	N	N	N	N	N	N	N	N	N	0.0000	0.0000	0.0000	0.0000	0.0000	0.0000	0.0000	0.0000	0.0000	0.0000	0.0000	0.0000	0.0000	0.0000	0.0000	0.0000	0.0000	0.0000	0.0000	0.0000	0.0000	0.0000	0.0000	0.0000	0.0000	0.0000	0.0000			0.0000	0.0000	1.0038	0.0000	3.8726	0.0000	0.0000	0.0000	0.0000	0.0000	0.0000	0.0000	0.0000	0.0000	0.0000	0.0000	0.0000	0.0000	0.0000	0.0000	0.0000	0.0000	0.0000	0.0000	0.0000	0.0000	0.0000	0.0000	0.0000	0.0000	0.0000	0.0000	0.0000	0.0000	0.0000	0.0000	0.0000	0.0000	0.0000	0.0000	0.0000	0.0000
26	61	0.0446	5	2	0	1	0	0	0	1	0	0	0	0	0	0	0	0	0	0	0	Y	N	N	N	N	N	N	N	N	N	N	N	N	N	N	N	N	N	0.0000	0.0000	0.0000	0.0000	0.0000	0.0000	0.0000	0.0000	0.0000	0.0000	0.0000	0.0000	0.0000	0.0000	0.0000	0.0000	0.0000	0.0000	0.0000	0.0000	0.0000	0.0000	0.0000	0.0003	0.0000	0.0000	0.0000		inf	0.0000	0.0000	1.0038	0.0000	3.8726	1.0227	0.0000	0.0000	0.0000	0.0000	0.0000	0.0000	0.0000	0.0000	0.0000	0.0000	0.0000	0.0000	0.0000	0.0000	0.0000	0.0000	0.0000	0.0000	0.0000	0.0000	0.0000	0.0000	0.0000	0.0000	0.0000	0.0000	0.0000	0.0122	0.0065	0.0057	0.0015	0.0013	0.0002	0.0107	0.0052	0.0055
26	62	0.0392	4	2	0	1	0	0	0	1	0	0	0	0	0	0	0	0	0	0	0	Y	N	N	N	N	N	N	N	N	N	N	N	N	N	N	N	N	N	0.0000	0.0000	0.0000	0.0000	0.0000	0.0000	0.0000	0.0000	0.0000	0.0000	0.0000	0.0000	0.0000	0.0000	0.0000	0.0000	0.0000	0.0000	0.0162	0.0333	0.0000	0.1223	0.1356	0.0008	0.0000	0.0000	0.0000		0.0006	0.0000	-0.0002	1.0038	0.4815	3.8726	1.4942	0.0000	0.0000	0.0000	0.0000	0.0000	0.0000	0.0000	0.0000	0.0000	0.0004	0.0004	0.0000	0.0004	0.0004	0.0000	0.0000	0.0000	0.0000	0.0125	0.0116	0.0009	0.0033	0.0033	0.0000	0.0093	0.0083	0.0009	0.0247	0.0120	0.0127	0.0033	0.0029	0.0003	0.0214	0.0091	0.0123
26	63	0.0733	14	2	0	1	0	0	0	1	0	0	1	0	1	0	0	0	0	0	0	Y	N	N	N	N	N	N	N	N	N	N	N	N	N	N	N	N	N	inf	0.0000	inf	0.0000	0.0000	0.0000	inf	0.0000	inf	35.5577	0.0000	194.8418	0.0000	0.0000	0.0000	44.8654	0.0000	195.5830	0.0000	0.0000	0.0000	0.0000	0.0000	0.0000	0.0000	0.0000	0.0000	inf		0.0007	0.0000	1.0038	0.0023	3.8726	3.0060	0.0017	0.0000	0.0017	0.0000	0.0000	0.0000	0.0017	0.0000	0.0017	0.0000	0.0000	0.0000	0.0000	0.0000	0.0000	0.0000	0.0000	0.0000	0.0000	0.0000	0.0000	0.0000	0.0000	0.0000	0.0000	0.0000	0.0000	0.0307	0.0154	0.0153	0.0038	0.0031	0.0007	0.0269	0.0123	0.0146
26	64	0.0705	13	2	0	1	0	1	0	1	0	0	0	0	0	0	0	0	0	0	0	Y	N	N	N	N	N	N	N	N	N	N	N	N	N	N	N	N	N	3745178.5086	0.0000	inf	0.0000	0.0000	0.0000	inf	0.0000	inf	79.9686	0.0000	567.2165	0.0000	0.0000	0.0000	81.8536	0.0000	571.6602	0.0000	0.0000	0.0000	0.0002	0.0002	0.0000	0.0000	0.0000	0.0000	inf	0.0000	0.4385	-0.0000	1.0038	0.9990	3.8726	0.0212	0.9975	0.0000	0.9975	0.0000	0.0000	0.0000	0.9975	0.0000	0.9975	0.0000	0.0000	0.0000	0.0000	0.0000	0.0000	0.0000	0.0000	0.0000	0.0125	0.0107	0.0018	0.0003	0.0003	0.0000	0.0122	0.0104	0.0017	0.0105	0.0053	0.0053	0.0013	0.0011	0.0002	0.0092	0.0042	0.0050
26	75	0.0611	6	2	0	1	0	0	0	1	0	0	0	1	1	0	0	0	0	0	0	Y	N	N	N	N	N	N	N	N	N	N	N	N	N	N	N	N	N	0.0000	0.0000	0.0000	0.0000	0.0000	0.0000	0.0000	0.0000	0.0000	0.0000	0.0000	0.0000	0.0000	0.0000	0.0000	0.0000	0.0000	0.0000	0.0000	0.0000	0.0000	0.0000	0.0000	0.0000	0.0000	0.0000	0.0000			0.0000	0.0000	1.0038	0.0000	3.8726	1.0000	0.0000	0.0000	0.0000	0.0000	0.0000	0.0000	0.0000	0.0000	0.0000	0.0000	0.0000	0.0000	0.0000	0.0000	0.0000	0.0000	0.0000	0.0000	0.0000	0.0000	0.0000	0.0000	0.0000	0.0000	0.0000	0.0000	0.0000	0.0093	0.0055	0.0038	0.0006	0.0005	0.0001	0.0087	0.0050	0.0037
26	76	0.0611	5	2	0	1	0	0	0	1	0	0	1	1	1	0	0	0	0	0	0	Y	N	N	N	N	N	N	N	N	N	N	N	N	N	N	N	N	N	0.0000	0.0000	0.0000	0.0000	0.0000	0.0000	0.0000	0.0000	0.0000	0.0000	0.0000	0.0000	0.0000	0.0000	0.0000	0.0000	0.0000	0.0000	0.0000	0.0000	0.0000	0.0000	0.0000	0.0000	0.0000	0.0000	0.0000			0.0000	0.0000	1.0038	0.0000	3.8726	0.0000	0.0000	0.0000	0.0000	0.0000	0.0000	0.0000	0.0000	0.0000	0.0000	0.0000	0.0000	0.0000	0.0000	0.0000	0.0000	0.0000	0.0000	0.0000	0.0000	0.0000	0.0000	0.0000	0.0000	0.0000	0.0000	0.0000	0.0000	0.0012	0.0006	0.0005	0.0006	0.0006	0.0000	0.0006	0.0000	0.0005
26	77	0.0392	4	2	0	1	0	0	0	1	0	1	0	1	0	0	0	0	0	0	0	Y	N	N	N	N	N	N	N	N	N	N	N	N	N	N	N	N	N	0.0000	0.0000	0.0000	0.0000	0.0000	0.0000	0.0000	0.0000	0.0000	0.0000	0.0000	0.0000	0.0000	0.0000	0.0000	0.0000	0.0000	0.0000	23.2237	48.3011	0.0000	0.0160	0.0186	0.0000	25.8499	59.0350	0.0000		0.0000	0.0000	-0.4734	1.0038	0.0002	3.8726	3.7635	0.0000	0.0000	0.0000	0.0000	0.0000	0.0000	0.0000	0.0000	0.0000	0.9989	0.9989	0.0000	0.0001	0.0001	0.0000	0.9988	0.9988	0.0000	0.0064	0.0064	0.0001	0.0032	0.0032	0.0000	0.0032	0.0032	0.0001	0.0430	0.0207	0.0223	0.0044	0.0038	0.0006	0.0386	0.0169	0.0217
26	78	0.0334	3	2	0	1	0	1	0	1	0	0	0	0	0	0	0	0	0	0	0	Y	N	N	N	N	N	N	N	N	N	N	N	N	N	N	N	N	N	0.0000	0.0000	0.0000	0.0000	0.0000	0.0000	0.0000	0.0000	0.0000	0.0000	0.0000	0.0000	0.0000	0.0000	0.0000	0.0000	0.0000	0.0000	0.0179	0.0384	0.0000	0.0002	0.0003	0.0000	0.0191	0.0426	0.0000		0.0000	0.0000	-0.0002	1.0038	0.5196	3.8726	1.5432	0.0000	0.0000	0.0000	0.0000	0.0000	0.0000	0.0000	0.0000	0.0000	0.0004	0.0004	0.0000	0.0000	0.0000	0.0000	0.0004	0.0004	0.0000	0.0067	0.0057	0.0010	0.0000	0.0000	0.0000	0.0066	0.0057	0.0009	0.0223	0.0104	0.0119	0.0014	0.0010	0.0003	0.0209	0.0094	0.0115
26	93	0.0705	10	2	0	1	0	0	0	1	0	0	0	0	0	0	0	0	0	0	0	Y	N	N	N	N	N	N	N	N	N	N	N	N	N	N	N	N	N	0.0000	0.0000	0.0000	0.0000	0.0000	0.0000	0.0000	0.0000	0.0000	0.0000	0.0000	0.0000	0.0000	0.0000	0.0000	0.0000	0.0000	0.0000	0.0000	0.0000	0.0000	0.0000	0.0000	0.0000	0.0000	0.0000	0.0000		0.6624	0.0000	-0.0000	1.0038	0.0001	3.8726	0.0783	0.0000	0.0000	0.0000	0.0000	0.0000	0.0000	0.0000	0.0000	0.0000	0.0000	0.0000	0.0000	0.0000	0.0000	0.0000	0.0000	0.0000	0.0000	0.0000	0.0000	0.0000	0.0000	0.0000	0.0000	0.0000	0.0000	0.0000	0.0021	0.0011	0.0010	0.0007	0.0007	0.0000	0.0014	0.0004	0.0010
26	94	0.0619	9	2	0	1	0	1	0	1	0	0	0	0	0	0	0	0	0	0	0	Y	N	N	N	N	N	N	N	N	N	N	N	N	N	N	N	N	N	1512.4864	0.0000	inf	0.0000	0.0000	0.0000	34252.6623	0.0000	inf	0.0013	0.0000	0.0205	0.0000	0.0000	0.0000	0.0018	0.0000	0.0206	0.0000	0.0000	0.0000	0.0000	0.0000	0.0000	0.0000	0.0000	0.0000	inf	0.0038	0.0000	-0.0000	1.0038	0.0004	3.8726	2.9660	0.0000	0.0000	0.0000	0.0000	0.0000	0.0000	0.0000	0.0000	0.0000	0.0000	0.0000	0.0000	0.0000	0.0000	0.0000	0.0000	0.0000	0.0000	0.0000	0.0000	0.0000	0.0000	0.0000	0.0000	0.0000	0.0000	0.0000	0.0315	0.0155	0.0160	0.0037	0.0030	0.0007	0.0278	0.0125	0.0153
27	30	0.0949	19	2	0	1	1	1	0	0	1	0	1	2	1	0	0	0	0	0	0	Y	N	N	N	Y	N	N	N	N	N	N	N	N	N	N	N	N	N	0.0000	0.0000	0.0000	0.0000	0.0000	0.0000	0.0000	0.0000	0.0000	0.0000	0.0000	0.0000	0.0000	0.0000	0.0000	0.0000	0.0000	0.0000	0.0000	0.0000	0.0000	0.0000	0.0000	0.0000	0.0000	0.0000	0.0000			0.0000	0.0000	0.0000	0.0002	0.0000	1.1973	0.0000	0.0000	0.0000	0.0000	0.0000	0.0000	0.0000	0.0000	0.0000	0.0000	0.0000	0.0000	0.0000	0.0000	0.0000	0.0000	0.0000	0.0000	0.0000	0.0000	0.0000	0.0000	0.0000	0.0000	0.0000	0.0000	0.0000	0.0000	0.0000	0.0000	0.0000	0.0000	0.0000	0.0000	0.0000	0.0000
27	31	0.0711	18	2	0	1	0	2	0	0	0	1	0	2	0	0	0	0	0	0	0	Y	N	N	N	Y	N	N	N	N	N	N	N	N	N	N	N	N	N	0.0000	0.0000	0.0000	0.0000	0.0000	0.0000	0.0000	0.0000	0.0000	0.0000	0.0000	0.0000	0.0000	0.0000	0.0000	0.0000	0.0000	0.0000	0.0000	0.0000	0.0000	0.0000	0.0000	0.0000	0.0000	0.0000	0.0000			0.0000	0.0000	0.0000	2.0002	0.0000	1.8085	0.0000	0.0000	0.0000	0.0000	0.0000	0.0000	0.0000	0.0000	0.0000	0.0000	0.0000	0.0000	0.0000	0.0000	0.0000	0.0000	0.0000	0.0000	0.0000	0.0000	0.0000	0.0000	0.0000	0.0000	0.0000	0.0000	0.0000	0.0000	0.0000	0.0000	0.0000	0.0000	0.0000	0.0000	0.0000	0.0000
27	37	0.0370	11	2	0	1	1	1	0	0	1	0	1	2	1	0	0	0	0	0	0	Y	N	N	N	Y	N	N	N	N	N	N	N	N	N	N	N	N	N	0.0000	0.0000	0.0000	0.0000	0.0000	0.0000	0.0000	0.0000	0.0000	0.0000	0.0000	0.0000	0.0000	0.0000	0.0000	0.0000	0.0000	0.0000	0.0000	0.0000	0.0000	0.0000	0.0000	0.0000	0.0000	0.0000	0.0000			0.0000	0.0000	0.0000	0.0000	0.0000	2.0000	0.0000	0.0000	0.0000	0.0000	0.0000	0.0000	0.0000	0.0000	0.0000	0.0000	0.0000	0.0000	0.0000	0.0000	0.0000	0.0000	0.0000	0.0000	0.0000	0.0000	0.0000	0.0000	0.0000	0.0000	0.0000	0.0000	0.0000	0.0000	0.0000	0.0000	0.0000	0.0000	0.0000	0.0000	0.0000	0.0000
27	38	0.0413	13	2	0	1	0	1	0	0	0	0	1	2	1	0	0	0	0	0	0	Y	N	N	N	Y	N	N	N	N	N	N	N	N	N	N	N	N	N	0.0000	0.0000	0.0000	0.0000	0.0000	0.0000	0.0000	0.0000	0.0000	0.0000	0.0000	0.0000	0.0000	0.0000	0.0000	0.0000	0.0000	0.0000	0.0000	0.0000	0.0000	0.0000	0.0000	0.0000	0.0000	0.0000	0.0000			0.0000	0.0000	0.0000	0.0000	0.0000	0.4891	0.0000	0.0000	0.0000	0.0000	0.0000	0.0000	0.0000	0.0000	0.0000	0.0000	0.0000	0.0000	0.0000	0.0000	0.0000	0.0000	0.0000	0.0000	0.0000	0.0000	0.0000	0.0000	0.0000	0.0000	0.0000	0.0000	0.0000	0.0000	0.0000	0.0000	0.0000	0.0000	0.0000	0.0000	0.0000	0.0000
27	39	0.0398	12	2	0	1	0	1	0	0	0	0	0	2	0	0	0	0	0	0	0	Y	N	N	N	Y	N	N	N	N	N	N	N	N	N	N	N	N	N	0.0000	0.0000	0.0000	0.0000	0.0000	0.0000	0.0000	0.0000	0.0000	0.0000	0.0000	0.0000	0.0000	0.0000	0.0000	0.0000	0.0000	0.0000	0.0000	0.0000	0.0000	0.0000	0.0000	0.0000	0.0000	0.0000	0.0000			0.0000	0.0000	0.0000	0.0000	0.0000	0.5132	0.0000	0.0000	0.0000	0.0000	0.0000	0.0000	0.0000	0.0000	0.0000	0.0000	0.0000	0.0000	0.0000	0.0000	0.0000	0.0000	0.0000	0.0000	0.0000	0.0000	0.0000	0.0000	0.0000	0.0000	0.0000	0.0000	0.0000	0.0000	0.0000	0.0000	0.0000	0.0000	0.0000	0.0000	0.0000	0.0000
27	42	0.0623	11	2	0	1	1	1	0	0	1	0	0	2	1	0	0	0	0	0	0	Y	N	N	N	Y	N	N	N	N	N	N	N	N	N	N	N	N	N	0.0000	0.0000	0.0000	0.0000	0.0000	0.0000	0.0000	0.0000	0.0000	0.0000	0.0000	0.0000	0.0000	0.0000	0.0000	0.0000	0.0000	0.0000	0.0000	0.0000	0.0000	0.0000	0.0000	0.0000	0.0000	0.0000	0.0000			0.0000	0.0000	0.0000	0.0001	0.0000	0.0001	0.0000	0.0000	0.0000	0.0000	0.0000	0.0000	0.0000	0.0000	0.0000	0.0000	0.0000	0.0000	0.0000	0.0000	0.0000	0.0000	0.0000	0.0000	0.0000	0.0000	0.0000	0.0000	0.0000	0.0000	0.0000	0.0000	0.0000	0.0000	0.0000	0.0000	0.0000	0.0000	0.0000	0.0000	0.0000	0.0000
27	44	0.0397	10	2	0	1	0	1	0	0	0	0	1	2	1	0	0	0	0	0	0	Y	N	N	N	Y	N	N	N	N	N	N	N	N	N	N	N	N	N	0.0000	0.0000	0.0000	0.0000	0.0000	0.0000	0.0000	0.0000	0.0000	0.0000	0.0000	0.0000	0.0000	0.0000	0.0000	0.0000	0.0000	0.0000	0.0000	0.0000	0.0000	0.0000	0.0000	0.0000	0.0000	0.0000	0.0000			0.0000	0.0000	0.0000	2.9998	0.0000	4.8980	0.0000	0.0000	0.0000	0.0000	0.0000	0.0000	0.0000	0.0000	0.0000	0.0000	0.0000	0.0000	0.0000	0.0000	0.0000	0.0000	0.0000	0.0000	0.0000	0.0000	0.0000	0.0000	0.0000	0.0000	0.0000	0.0000	0.0000	0.0000	0.0000	0.0000	0.0000	0.0000	0.0000	0.0000	0.0000	0.0000
27	45	0.0340	9	2	0	1	0	1	0	0	0	1	0	2	0	0	0	0	0	0	0	Y	N	N	N	Y	N	N	N	N	N	N	N	N	N	N	N	N	N	0.0000	0.0000	0.0000	0.0000	0.0000	0.0000	0.0000	0.0000	0.0000	0.0000	0.0000	0.0000	0.0000	0.0000	0.0000	0.0000	0.0000	0.0000	0.0000	0.0000	0.0000	0.0000	0.0000	0.0000	0.0000	0.0000	0.0000			0.0000	0.0000	0.0000	0.0002	0.0000	2.0813	0.0000	0.0000	0.0000	0.0000	0.0000	0.0000	0.0000	0.0000	0.0000	0.0000	0.0000	0.0000	0.0000	0.0000	0.0000	0.0000	0.0000	0.0000	0.0000	0.0000	0.0000	0.0000	0.0000	0.0000	0.0000	0.0000	0.0000	0.0000	0.0000	0.0000	0.0000	0.0000	0.0000	0.0000	0.0000	0.0000
27	55	0.0398	12	2	0	1	0	1	0	0	0	0	1	2	1	0	0	0	0	0	0	Y	N	N	N	Y	N	N	N	N	N	N	N	N	N	N	N	N	N	0.0000	0.0000	0.0000	0.0000	0.0000	0.0000	0.0000	0.0000	0.0000	0.0000	0.0000	0.0000	0.0000	0.0000	0.0000	0.0000	0.0000	0.0000	0.0000	0.0000	0.0000	0.0000	0.0000	0.0000	0.0000	0.0000	0.0000			0.0000	0.0000	0.0000	0.0000	0.0000	1.0065	0.0000	0.0000	0.0000	0.0000	0.0000	0.0000	0.0000	0.0000	0.0000	0.0000	0.0000	0.0000	0.0000	0.0000	0.0000	0.0000	0.0000	0.0000	0.0000	0.0000	0.0000	0.0000	0.0000	0.0000	0.0000	0.0000	0.0000	0.0000	0.0000	0.0000	0.0000	0.0000	0.0000	0.0000	0.0000	0.0000
27	56	0.0370	11	2	0	1	0	1	0	0	0	0	0	2	0	0	0	0	0	0	0	Y	N	N	N	Y	N	N	N	N	N	N	N	N	N	N	N	N	N	0.0000	0.0000	0.0000	0.0000	0.0000	0.0000	0.0000	0.0000	0.0000	0.0000	0.0000	0.0000	0.0000	0.0000	0.0000	0.0000	0.0000	0.0000	0.0000	0.0000	0.0000	0.0000	0.0000	0.0000	0.0000	0.0000	0.0000			0.0000	0.0000	0.0000	0.0000	0.0000	1.0047	0.0000	0.0000	0.0000	0.0000	0.0000	0.0000	0.0000	0.0000	0.0000	0.0000	0.0000	0.0000	0.0000	0.0000	0.0000	0.0000	0.0000	0.0000	0.0000	0.0000	0.0000	0.0000	0.0000	0.0000	0.0000	0.0000	0.0000	0.0000	0.0000	0.0000	0.0000	0.0000	0.0000	0.0000	0.0000	0.0000
27	57	0.0370	10	2	0	1	0	1	0	0	0	1	0	2	0	0	0	0	0	0	0	Y	N	N	N	Y	N	N	N	N	N	N	N	N	N	N	N	N	N	0.0000	0.0000	0.0000	0.0000	0.0000	0.0000	0.0000	0.0000	0.0000	0.0000	0.0000	0.0000	0.0000	0.0000	0.0000	0.0000	0.0000	0.0000	0.0000	0.0000	0.0000	0.0000	0.0000	0.0000	0.0000	0.0000	0.0000			0.0000	0.0000	0.0000	0.0000	0.0000	0.0000	0.0000	0.0000	0.0000	0.0000	0.0000	0.0000	0.0000	0.0000	0.0000	0.0000	0.0000	0.0000	0.0000	0.0000	0.0000	0.0000	0.0000	0.0000	0.0000	0.0000	0.0000	0.0000	0.0000	0.0000	0.0000	0.0000	0.0000	0.0000	0.0000	0.0000	0.0000	0.0000	0.0000	0.0000	0.0000	0.0000
27	61	0.0340	9	2	0	1	0	1	0	0	0	0	0	1	0	0	0	0	0	0	0	Y	N	N	N	N	N	N	N	N	N	N	N	N	N	N	N	N	N	0.0000	0.0000	0.0000	0.0000	0.0000	0.0000	0.0000	0.0000	0.0000	0.0000	0.0000	0.0000	0.0000	0.0000	0.0000	0.0000	0.0000	0.0000	0.0000	0.0000	0.0000	0.0000	0.0000	0.0000	0.0000	0.0000	0.0000			0.0000	0.0000	0.0000	0.0000	0.0000	1.0227	0.0000	0.0000	0.0000	0.0000	0.0000	0.0000	0.0000	0.0000	0.0000	0.0000	0.0000	0.0000	0.0000	0.0000	0.0000	0.0000	0.0000	0.0000	0.0000	0.0000	0.0000	0.0000	0.0000	0.0000	0.0000	0.0000	0.0000	0.0000	0.0000	0.0000	0.0000	0.0000	0.0000	0.0000	0.0000	0.0000
27	62	0.0286	8	2	0	1	0	1	0	0	0	0	0	1	0	0	0	0	0	0	0	Y	N	N	N	N	N	N	N	N	N	N	N	N	N	N	N	N	N	0.0000	0.0000	0.0000	0.0000	0.0000	0.0000	0.0000	0.0000	0.0000	0.0000	0.0000	0.0000	0.0000	0.0000	0.0000	0.0000	0.0000	0.0000	0.0000	0.0000	0.0000	0.0000	0.0000	0.0000	0.0000	0.0000	0.0000			0.0000	0.0000	0.0000	0.4815	0.0000	1.4942	0.0000	0.0000	0.0000	0.0000	0.0000	0.0000	0.0000	0.0000	0.0000	0.0000	0.0000	0.0000	0.0000	0.0000	0.0000	0.0000	0.0000	0.0000	0.0000	0.0000	0.0000	0.0000	0.0000	0.0000	0.0000	0.0000	0.0000	0.0000	0.0000	0.0000	0.0000	0.0000	0.0000	0.0000	0.0000	0.0000
27	63	0.0728	20	2	0	1	0	1	0	0	0	0	1	1	1	0	0	0	0	0	0	Y	N	N	N	N	N	N	N	N	N	N	N	N	N	N	N	N	N	0.0000	0.0000	0.0000	0.0000	0.0000	0.0000	0.0000	0.0000	0.0000	0.0000	0.0000	0.0000	0.0000	0.0000	0.0000	0.0000	0.0000	0.0000	0.0000	0.0000	0.0000	0.0000	0.0000	0.0000	0.0000	0.0000	0.0000			0.0000	0.0000	0.0000	0.0023	0.0000	3.0060	0.0000	0.0000	0.0000	0.0000	0.0000	0.0000	0.0000	0.0000	0.0000	0.0000	0.0000	0.0000	0.0000	0.0000	0.0000	0.0000	0.0000	0.0000	0.0000	0.0000	0.0000	0.0000	0.0000	0.0000	0.0000	0.0000	0.0000	0.0000	0.0000	0.0000	0.0000	0.0000	0.0000	0.0000	0.0000	0.0000
27	64	0.0700	19	2	0	1	0	2	0	0	0	0	0	1	0	0	0	0	0	0	0	Y	N	N	N	N	N	N	N	N	N	N	N	N	N	N	N	N	N	0.0000	0.0000	0.0000	0.0000	0.0000	0.0000	0.0000	0.0000	0.0000	0.0000	0.0000	0.0000	0.0000	0.0000	0.0000	0.0000	0.0000	0.0000	0.0000	0.0000	0.0000	0.0000	0.0000	0.0000	0.0000	0.0000	0.0000			0.0000	0.0000	0.0000	0.9990	0.0000	0.0212	0.0000	0.0000	0.0000	0.0000	0.0000	0.0000	0.0000	0.0000	0.0000	0.0000	0.0000	0.0000	0.0000	0.0000	0.0000	0.0000	0.0000	0.0000	0.0000	0.0000	0.0000	0.0000	0.0000	0.0000	0.0000	0.0000	0.0000	0.0000	0.0000	0.0000	0.0000	0.0000	0.0000	0.0000	0.0000	0.0000
27	69	0.0420	9	2	0	1	0	1	0	0	0	0	0	1	0	0	0	0	0	0	0	Y	N	N	N	N	N	N	N	N	N	N	N	N	N	N	N	N	N	0.0000	0.0000	0.0000	0.0000	0.0000	0.0000	0.0000	0.0000	0.0000	0.0000	0.0000	0.0000	0.0000	0.0000	0.0000	0.0000	0.0000	0.0000	0.0000	0.0000	0.0000	0.0000	0.0000	0.0000	0.0000	0.0000	0.0000			0.0000	0.0000	0.0000	1.0007	0.0000	1.2584	0.0000	0.0000	0.0000	0.0000	0.0000	0.0000	0.0000	0.0000	0.0000	0.0000	0.0000	0.0000	0.0000	0.0000	0.0000	0.0000	0.0000	0.0000	0.0000	0.0000	0.0000	0.0000	0.0000	0.0000	0.0000	0.0000	0.0000	0.0000	0.0000	0.0000	0.0000	0.0000	0.0000	0.0000	0.0000	0.0000
27	70	0.0279	8	2	0	1	0	2	0	0	0	0	0	1	0	0	0	0	0	0	0	Y	N	N	N	N	N	N	N	N	N	N	N	N	N	N	N	N	N	0.0000	0.0000	0.0000	0.0000	0.0000	0.0000	0.0000	0.0000	0.0000	0.0000	0.0000	0.0000	0.0000	0.0000	0.0000	0.0000	0.0000	0.0000	0.0000	0.0000	0.0000	0.0000	0.0000	0.0000	0.0000	0.0000	0.0000			0.0000	0.0000	0.0000	3.0007	0.0000	1.9606	0.0000	0.0000	0.0000	0.0000	0.0000	0.0000	0.0000	0.0000	0.0000	0.0000	0.0000	0.0000	0.0000	0.0000	0.0000	0.0000	0.0000	0.0000	0.0000	0.0000	0.0000	0.0000	0.0000	0.0000	0.0000	0.0000	0.0000	0.0000	0.0000	0.0000	0.0000	0.0000	0.0000	0.0000	0.0000	0.0000
27	71	0.1557	15	1	0	1	0	1	0	0	0	1	0	2	0	0	0	0	0	0	0	N	N	N	N	Y	N	N	N	N	N	N	N	N	N	N	N	N	N	0.0000	0.0000	0.0000	0.0000	0.0000	0.0000	0.0000	0.0000	0.0000	0.0000	0.0000	0.0000	0.0000	0.0000	0.0000	0.0000	0.0000	0.0000	0.0000	0.0000	0.0000	0.0000	0.0000	0.0000	0.0000	0.0000	0.0000			0.0000	0.0000	0.0000	6.1029	0.0000	20.9537	0.0000	0.0000	0.0000	0.0000	0.0000	0.0000	0.0000	0.0000	0.0000	0.0000	0.0000	0.0000	0.0000	0.0000	0.0000	0.0000	0.0000	0.0000	0.0000	0.0000	0.0000	0.0000	0.0000	0.0000	0.0000	0.0000	0.0000	0.0000	0.0000	0.0000	0.0000	0.0000	0.0000	0.0000	0.0000	0.0000
27	75	0.0504	10	2	0	1	0	1	0	0	0	0	0	2	1	0	0	0	0	0	0	Y	N	N	N	Y	N	N	N	N	N	N	N	N	N	N	N	N	N	0.0000	0.0000	0.0000	0.0000	0.0000	0.0000	0.0000	0.0000	0.0000	0.0000	0.0000	0.0000	0.0000	0.0000	0.0000	0.0000	0.0000	0.0000	0.0000	0.0000	0.0000	0.0000	0.0000	0.0000	0.0000	0.0000	0.0000			0.0000	0.0000	0.0000	0.0000	0.0000	1.0000	0.0000	0.0000	0.0000	0.0000	0.0000	0.0000	0.0000	0.0000	0.0000	0.0000	0.0000	0.0000	0.0000	0.0000	0.0000	0.0000	0.0000	0.0000	0.0000	0.0000	0.0000	0.0000	0.0000	0.0000	0.0000	0.0000	0.0000	0.0000	0.0000	0.0000	0.0000	0.0000	0.0000	0.0000	0.0000	0.0000
27	76	0.0504	9	2	0	1	0	1	0	0	0	0	1	2	1	0	0	0	0	0	0	Y	N	N	N	Y	N	N	N	N	N	N	N	N	N	N	N	N	N	0.0000	0.0000	0.0000	0.0000	0.0000	0.0000	0.0000	0.0000	0.0000	0.0000	0.0000	0.0000	0.0000	0.0000	0.0000	0.0000	0.0000	0.0000	0.0000	0.0000	0.0000	0.0000	0.0000	0.0000	0.0000	0.0000	0.0000			0.0000	0.0000	0.0000	0.0000	0.0000	0.0000	0.0000	0.0000	0.0000	0.0000	0.0000	0.0000	0.0000	0.0000	0.0000	0.0000	0.0000	0.0000	0.0000	0.0000	0.0000	0.0000	0.0000	0.0000	0.0000	0.0000	0.0000	0.0000	0.0000	0.0000	0.0000	0.0000	0.0000	0.0000	0.0000	0.0000	0.0000	0.0000	0.0000	0.0000	0.0000	0.0000
27	77	0.0286	8	2	0	1	0	1	0	0	0	1	0	2	0	0	0	0	0	0	0	Y	N	N	N	Y	N	N	N	N	N	N	N	N	N	N	N	N	N	0.0000	0.0000	0.0000	0.0000	0.0000	0.0000	0.0000	0.0000	0.0000	0.0000	0.0000	0.0000	0.0000	0.0000	0.0000	0.0000	0.0000	0.0000	0.0000	0.0000	0.0000	0.0000	0.0000	0.0000	0.0000	0.0000	0.0000			0.0000	0.0000	0.0000	0.0002	0.0000	3.7635	0.0000	0.0000	0.0000	0.0000	0.0000	0.0000	0.0000	0.0000	0.0000	0.0000	0.0000	0.0000	0.0000	0.0000	0.0000	0.0000	0.0000	0.0000	0.0000	0.0000	0.0000	0.0000	0.0000	0.0000	0.0000	0.0000	0.0000	0.0000	0.0000	0.0000	0.0000	0.0000	0.0000	0.0000	0.0000	0.0000
27	78	0.0228	7	2	0	1	0	2	0	0	0	0	0	1	0	0	0	0	0	0	0	Y	N	N	N	N	N	N	N	N	N	N	N	N	N	N	N	N	N	0.0000	0.0000	0.0000	0.0000	0.0000	0.0000	0.0000	0.0000	0.0000	0.0000	0.0000	0.0000	0.0000	0.0000	0.0000	0.0000	0.0000	0.0000	0.0000	0.0000	0.0000	0.0000	0.0000	0.0000	0.0000	0.0000	0.0000			0.0000	0.0000	0.0000	0.5196	0.0000	1.5432	0.0000	0.0000	0.0000	0.0000	0.0000	0.0000	0.0000	0.0000	0.0000	0.0000	0.0000	0.0000	0.0000	0.0000	0.0000	0.0000	0.0000	0.0000	0.0000	0.0000	0.0000	0.0000	0.0000	0.0000	0.0000	0.0000	0.0000	0.0000	0.0000	0.0000	0.0000	0.0000	0.0000	0.0000	0.0000	0.0000
27	93	0.0700	16	2	0	1	0	1	0	0	0	0	0	1	0	0	0	0	0	0	0	Y	N	N	N	N	N	N	N	N	N	N	N	N	N	N	N	N	N	0.0000	0.0000	0.0000	0.0000	0.0000	0.0000	0.0000	0.0000	0.0000	0.0000	0.0000	0.0000	0.0000	0.0000	0.0000	0.0000	0.0000	0.0000	0.0000	0.0000	0.0000	0.0000	0.0000	0.0000	0.0000	0.0000	0.0000			0.0000	0.0000	0.0000	0.0001	0.0000	0.0783	0.0000	0.0000	0.0000	0.0000	0.0000	0.0000	0.0000	0.0000	0.0000	0.0000	0.0000	0.0000	0.0000	0.0000	0.0000	0.0000	0.0000	0.0000	0.0000	0.0000	0.0000	0.0000	0.0000	0.0000	0.0000	0.0000	0.0000	0.0000	0.0000	0.0000	0.0000	0.0000	0.0000	0.0000	0.0000	0.0000
27	94	0.0614	15	2	0	1	0	2	0	0	0	0	0	1	0	0	0	0	0	0	0	Y	N	N	N	N	N	N	N	N	N	N	N	N	N	N	N	N	N	0.0000	0.0000	0.0000	0.0000	0.0000	0.0000	0.0000	0.0000	0.0000	0.0000	0.0000	0.0000	0.0000	0.0000	0.0000	0.0000	0.0000	0.0000	0.0000	0.0000	0.0000	0.0000	0.0000	0.0000	0.0000	0.0000	0.0000			0.0000	0.0000	0.0000	0.0004	0.0000	2.9660	0.0000	0.0000	0.0000	0.0000	0.0000	0.0000	0.0000	0.0000	0.0000	0.0000	0.0000	0.0000	0.0000	0.0000	0.0000	0.0000	0.0000	0.0000	0.0000	0.0000	0.0000	0.0000	0.0000	0.0000	0.0000	0.0000	0.0000	0.0000	0.0000	0.0000	0.0000	0.0000	0.0000	0.0000	0.0000	0.0000
29	30	0.0652	6	2	0	1	1	1	0	1	1	1	1	2	1	0	0	0	0	0	0	Y	N	N	N	Y	N	N	N	N	N	N	N	N	N	N	N	N	N	0.0000	0.0000	0.0000	0.0000	0.0000	0.0000	0.0000	0.0000	0.0000	0.0000	0.0000	0.0000	0.0000	0.0000	0.0000	0.0000	0.0000	0.0000	0.2240	0.0009	0.6302	0.0053	0.0028	0.0606	0.2885	0.0000	0.6467		369.0849	0.0000	0.0039	3.0059	0.0002	6.0531	1.1973	0.0000	0.0000	0.0000	0.0000	0.0000	0.0000	0.0000	0.0000	0.0000	0.0074	0.0000	0.0074	0.0000	0.0000	0.0000	0.0074	0.0000	0.0074	0.0000	0.0000	0.0000	0.0000	0.0000	0.0000	0.0000	0.0000	0.0000	0.0330	0.0213	0.0117	0.0075	0.0072	0.0003	0.0255	0.0141	0.0114
29	31	0.0414	5	2	0	1	0	2	0	1	0	2	0	2	0	0	0	0	0	0	0	Y	N	N	N	Y	N	N	N	N	N	N	N	N	N	N	N	N	N	0.0000	0.0000	0.0000	0.0000	0.0000	0.0000	0.0000	0.0000	0.0000	0.0000	0.0000	0.0000	0.0000	0.0000	0.0000	0.0000	0.0000	0.0000	0.0003	0.0006	0.0000	0.0000	0.0000	0.0000	0.0003	0.0007	0.0000		0.0041	0.0000	-0.0000	3.0059	2.0002	6.0531	1.8085	0.0000	0.0000	0.0000	0.0000	0.0000	0.0000	0.0000	0.0000	0.0000	0.0000	0.0000	0.0000	0.0000	0.0000	0.0000	0.0000	0.0000	0.0000	0.0734	0.0631	0.0103	0.0012	0.0011	0.0001	0.0722	0.0620	0.0102	0.0673	0.0315	0.0358	0.0029	0.0027	0.0002	0.0644	0.0288	0.0356
29	37	0.0734	12	2	0	1	1	1	0	1	1	1	1	2	1	0	0	0	0	0	0	Y	N	N	N	Y	N	N	N	N	N	N	N	N	N	N	N	N	N	0.0000	0.0000	0.0000	0.0000	0.0000	0.0000	0.0000	0.0000	0.0000	0.0000	0.0000	0.0000	0.0000	0.0000	0.0000	0.0000	0.0000	0.0000	0.0000	0.0000	0.0000	0.0000	0.0000	0.0000	0.0000	0.0000	0.0000			0.0000	0.0000	3.0059	0.0000	6.0531	2.0000	0.0000	0.0000	0.0000	0.0000	0.0000	0.0000	0.0000	0.0000	0.0000	0.0000	0.0000	0.0000	0.0000	0.0000	0.0000	0.0000	0.0000	0.0000	0.0000	0.0000	0.0000	0.0000	0.0000	0.0000	0.0000	0.0000	0.0000	0.0348	0.0171	0.0177	0.0028	0.0025	0.0003	0.0319	0.0146	0.0173
29	38	0.0776	14	2	0	1	0	1	0	1	0	1	1	2	1	0	0	0	0	0	0	Y	N	N	N	Y	N	N	N	N	N	N	N	N	N	N	N	N	N	0.0000	0.0000	0.0000	0.0000	0.0000	0.0000	0.0000	0.0000	0.0000	0.0000	0.0000	0.0000	0.0000	0.0000	0.0000	0.0000	0.0000	0.0000	0.0000	0.0000	0.0000	0.0000	0.0000	0.0001	0.0000	0.0000	0.0000		inf	0.0000	0.0000	3.0059	0.0000	6.0531	0.4891	0.0000	0.0000	0.0000	0.0000	0.0000	0.0000	0.0000	0.0000	0.0000	0.0000	0.0000	0.0000	0.0000	0.0000	0.0000	0.0000	0.0000	0.0000	0.0000	0.0000	0.0000	0.0000	0.0000	0.0000	0.0000	0.0000	0.0000	0.0157	0.0080	0.0077	0.0062	0.0062	0.0001	0.0095	0.0018	0.0077
29	39	0.0762	13	2	0	1	0	1	0	1	0	1	0	2	0	0	0	0	0	0	0	Y	N	N	N	Y	N	N	N	N	N	N	N	N	N	N	N	N	N	0.0000	0.0000	0.0000	0.0000	0.0000	0.0000	0.0000	0.0000	0.0000	0.0000	0.0000	0.0000	0.0000	0.0000	0.0000	0.0000	0.0000	0.0000	0.0000	0.0000	0.0000	0.0000	0.0000	0.0000	0.0000	0.0000	0.0000		0.0000	0.0000	-0.0000	3.0059	0.0000	6.0531	0.5132	0.0000	0.0000	0.0000	0.0000	0.0000	0.0000	0.0000	0.0000	0.0000	0.0000	0.0000	0.0000	0.0000	0.0000	0.0000	0.0000	0.0000	0.0000	0.0000	0.0000	0.0000	0.0000	0.0000	0.0000	0.0000	0.0000	0.0000	0.0093	0.0046	0.0047	0.0009	0.0008	0.0001	0.0084	0.0038	0.0046
29	42	0.0986	12	2	0	1	1	1	0	1	1	1	0	2	1	0	0	0	0	0	0	Y	N	N	N	Y	N	N	N	N	N	N	N	N	N	N	N	N	N	0.0000	0.0000	0.0000	0.0000	0.0000	0.0000	0.0000	0.0000	0.0000	0.0000	0.0000	0.0000	0.0000	0.0000	0.0000	0.0000	0.0000	0.0000	0.0000	0.0000	0.0000	0.0000	0.0000	0.0000	0.0000	0.0000	0.0000			0.0000	0.0000	3.0059	0.0001	6.0531	0.0001	0.0000	0.0000	0.0000	0.0000	0.0000	0.0000	0.0000	0.0000	0.0000	0.0000	0.0000	0.0000	0.0000	0.0000	0.0000	0.0000	0.0000	0.0000	0.0000	0.0000	0.0000	0.0000	0.0000	0.0000	0.0000	0.0000	0.0000	0.0067	0.0059	0.0008	0.0035	0.0034	0.0001	0.0032	0.0025	0.0007
29	44	0.0761	11	2	0	1	0	1	0	1	0	1	1	2	1	0	0	0	0	0	0	Y	N	N	N	Y	N	N	N	N	N	N	N	N	N	N	N	N	N	0.0000	0.0000	0.0000	0.0000	0.0000	0.0000	0.0000	0.0000	0.0000	0.0000	0.0000	0.0000	0.0000	0.0000	0.0000	0.0000	0.0000	0.0000	0.0000	0.0000	0.0000	0.0000	0.0000	0.0000	0.0000	0.0000	0.0000		11.6667	0.0000	0.0000	3.0059	2.9998	6.0531	4.8980	0.0000	0.0000	0.0000	0.0000	0.0000	0.0000	0.0000	0.0000	0.0000	0.0000	0.0000	0.0000	0.0000	0.0000	0.0000	0.0000	0.0000	0.0000	0.1095	0.0940	0.0155	0.0010	0.0010	0.0001	0.1085	0.0930	0.0154	0.1379	0.0692	0.0687	0.0132	0.0118	0.0013	0.1247	0.0574	0.0673
29	45	0.0703	10	2	0	1	0	1	0	1	0	2	0	2	0	0	0	0	0	0	0	Y	N	N	N	Y	N	N	N	N	N	N	N	N	N	N	N	N	N	0.0000	0.0000	0.0000	0.0000	0.0000	0.0000	0.0000	0.0000	0.0000	0.0000	0.0000	0.0000	0.0000	0.0000	0.0000	0.0000	0.0000	0.0000	0.0000	0.0000	0.0000	0.0000	0.0000	0.0000	0.0000	0.0000	0.0000			0.0000	0.0000	3.0059	0.0002	6.0531	2.0813	0.0000	0.0000	0.0000	0.0000	0.0000	0.0000	0.0000	0.0000	0.0000	0.0000	0.0000	0.0000	0.0000	0.0000	0.0000	0.0000	0.0000	0.0000	0.0000	0.0000	0.0000	0.0000	0.0000	0.0000	0.0000	0.0000	0.0000	0.0389	0.0203	0.0186	0.0041	0.0037	0.0003	0.0348	0.0166	0.0183
29	55	0.0762	13	2	0	1	0	1	0	1	0	1	1	2	1	0	0	0	0	0	0	Y	N	N	N	Y	N	N	N	N	N	N	N	N	N	N	N	N	N	0.0000	0.0000	0.0000	0.0000	0.0000	0.0000	0.0000	0.0000	0.0000	0.0000	0.0000	0.0000	0.0000	0.0000	0.0000	0.0000	0.0000	0.0000	0.0000	0.0000	0.0000	0.0000	0.0000	0.0000	0.0000	0.0000	0.0000			0.0000	0.0000	3.0059	0.0000	6.0531	1.0065	0.0000	0.0000	0.0000	0.0000	0.0000	0.0000	0.0000	0.0000	0.0000	0.0000	0.0000	0.0000	0.0000	0.0000	0.0000	0.0000	0.0000	0.0000	0.0000	0.0000	0.0000	0.0000	0.0000	0.0000	0.0000	0.0000	0.0000	0.0179	0.0088	0.0091	0.0016	0.0014	0.0002	0.0163	0.0074	0.0089
29	56	0.0734	12	2	0	1	0	1	0	1	0	1	0	2	0	0	0	0	0	0	0	Y	N	N	N	Y	N	N	N	N	N	N	N	N	N	N	N	N	N	0.0000	0.0000	0.0000	0.0000	0.0000	0.0000	0.0000	0.0000	0.0000	0.0000	0.0000	0.0000	0.0000	0.0000	0.0000	0.0000	0.0000	0.0000	0.0000	0.0000	0.0000	0.0000	0.0000	0.0000	0.0000	0.0000	0.0000		inf	0.0000	0.0000	3.0059	0.0000	6.0531	1.0047	0.0000	0.0000	0.0000	0.0000	0.0000	0.0000	0.0000	0.0000	0.0000	0.0000	0.0000	0.0000	0.0000	0.0000	0.0000	0.0000	0.0000	0.0000	0.0000	0.0000	0.0000	0.0000	0.0000	0.0000	0.0000	0.0000	0.0000	0.0175	0.0086	0.0089	0.0014	0.0013	0.0002	0.0161	0.0074	0.0087
29	57	0.0734	11	2	0	1	0	1	0	1	0	2	0	2	0	0	0	0	0	0	0	Y	N	N	N	Y	N	N	N	N	N	N	N	N	N	N	N	N	N	0.0000	0.0000	0.0000	0.0000	0.0000	0.0000	0.0000	0.0000	0.0000	0.0000	0.0000	0.0000	0.0000	0.0000	0.0000	0.0000	0.0000	0.0000	0.0000	0.0000	0.0000	0.0000	0.0000	0.0000	0.0000	0.0000	0.0000			0.0000	0.0000	3.0059	0.0000	6.0531	0.0000	0.0000	0.0000	0.0000	0.0000	0.0000	0.0000	0.0000	0.0000	0.0000	0.0000	0.0000	0.0000	0.0000	0.0000	0.0000	0.0000	0.0000	0.0000	0.0000	0.0000	0.0000	0.0000	0.0000	0.0000	0.0000	0.0000	0.0000	0.0000	0.0000	0.0000	0.0000	0.0000	0.0000	0.0000	0.0000	0.0000
29	61	0.0703	10	2	0	1	0	1	0	1	0	1	0	1	0	0	0	0	0	0	0	Y	N	N	N	N	N	N	N	N	N	N	N	N	N	N	N	N	N	0.0000	0.0000	0.0000	0.0000	0.0000	0.0000	0.0000	0.0000	0.0000	0.0000	0.0000	0.0000	0.0000	0.0000	0.0000	0.0000	0.0000	0.0000	0.0000	0.0000	0.0000	0.0000	0.0000	0.0000	0.0000	0.0000	0.0000			0.0000	0.0000	3.0059	0.0000	6.0531	1.0227	0.0000	0.0000	0.0000	0.0000	0.0000	0.0000	0.0000	0.0000	0.0000	0.0000	0.0000	0.0000	0.0000	0.0000	0.0000	0.0000	0.0000	0.0000	0.0000	0.0000	0.0000	0.0000	0.0000	0.0000	0.0000	0.0000	0.0000	0.0206	0.0113	0.0093	0.0027	0.0025	0.0002	0.0179	0.0088	0.0091
29	62	0.0649	9	2	0	1	0	1	0	1	0	1	0	1	0	0	0	0	0	0	0	Y	N	N	N	N	N	N	N	N	N	N	N	N	N	N	N	N	N	0.0000	0.0000	0.0000	0.0000	0.0000	0.0000	0.0000	0.0000	0.0000	0.0000	0.0000	0.0000	0.0000	0.0000	0.0000	0.0000	0.0000	0.0000	0.0007	0.0014	0.0000	0.0052	0.0054	0.0000	0.0000	0.0000	0.0000		0.0001	0.0000	-0.0000	3.0059	0.4815	6.0531	1.4942	0.0000	0.0000	0.0000	0.0000	0.0000	0.0000	0.0000	0.0000	0.0000	0.0000	0.0000	0.0000	0.0000	0.0000	0.0000	0.0000	0.0000	0.0000	0.0368	0.0341	0.0027	0.0096	0.0096	0.0000	0.0271	0.0245	0.0027	0.0418	0.0209	0.0210	0.0057	0.0056	0.0002	0.0361	0.0153	0.0208
29	63	0.0431	7	2	0	1	0	1	0	1	0	1	1	1	1	0	0	0	0	0	0	Y	N	N	N	N	N	N	N	N	N	N	N	N	N	N	N	N	N	0.0000	0.0000	0.0000	0.0000	0.0000	0.0000	0.0000	0.0000	0.0000	0.0000	0.0000	0.0000	0.0000	0.0000	0.0000	0.0000	0.0000	0.0000	0.0000	0.0000	0.0000	0.0000	0.0000	0.0000	0.0000	0.0000	0.0000			0.0000	0.0000	3.0059	0.0023	6.0531	3.0060	0.0000	0.0000	0.0000	0.0000	0.0000	0.0000	0.0000	0.0000	0.0000	0.0000	0.0000	0.0000	0.0000	0.0000	0.0000	0.0000	0.0000	0.0000	0.0001	0.0001	0.0000	0.0000	0.0000	0.0000	0.0001	0.0001	0.0000	0.0540	0.0252	0.0287	0.0021	0.0020	0.0001	0.0518	0.0232	0.0286
29	64	0.0402	6	2	0	1	0	2	0	1	0	1	0	1	0	0	0	0	0	0	0	Y	N	N	N	N	N	N	N	N	N	N	N	N	N	N	N	N	N	0.0000	0.0000	0.0000	0.0000	0.0000	0.0000	0.0000	0.0000	0.0000	0.0000	0.0000	0.0000	0.0000	0.0000	0.0000	0.0000	0.0000	0.0000	0.0016	0.0000	0.0030	0.0002	0.0002	0.0000	0.0017	0.0000	0.0031		201.9199	0.0000	0.0000	3.0059	0.9990	6.0531	0.0212	0.0000	0.0000	0.0000	0.0000	0.0000	0.0000	0.0000	0.0000	0.0000	0.0000	0.0000	0.0000	0.0000	0.0000	0.0000	0.0000	0.0000	0.0000	0.0368	0.0316	0.0052	0.0005	0.0004	0.0000	0.0363	0.0312	0.0052	0.0186	0.0087	0.0099	0.0008	0.0007	0.0000	0.0178	0.0080	0.0098
29	69	0.0682	8	2	0	1	0	1	0	1	0	1	0	1	0	0	0	0	0	0	0	Y	N	N	N	N	N	N	N	N	N	N	N	N	N	N	N	N	N	40.5414	0.0000	147.9262	0.0000	0.0000	0.0000	5553.4306	0.0000	21148.6196	0.0003	0.0000	0.0021	0.0000	0.0000	0.0000	0.0003	0.0000	0.0021	0.0000	0.0000	0.0000	0.0000	0.0000	0.0002	0.0000	0.0000	0.0000	inf	21.9673	0.0000	0.0000	3.0059	1.0007	6.0531	1.2584	0.0000	0.0000	0.0000	0.0000	0.0000	0.0000	0.0000	0.0000	0.0000	0.0000	0.0000	0.0000	0.0000	0.0000	0.0000	0.0000	0.0000	0.0000	0.0374	0.0321	0.0053	0.0005	0.0004	0.0000	0.0369	0.0317	0.0053	0.0479	0.0241	0.0237	0.0073	0.0057	0.0016	0.0405	0.0184	0.0221
29	70	0.0540	7	2	0	1	0	2	0	1	0	1	0	1	0	0	0	0	0	0	0	Y	N	N	N	N	N	N	N	N	N	N	N	N	N	N	N	N	N	13499.4456	0.0025	1231955.7474	0.0401	0.0393	0.0000	319207.9294	0.0000	1224561.2886	0.0577	0.0000	0.4079	0.0000	0.0000	0.0000	0.0581	0.0000	0.4089	0.0000	0.0000	0.0000	0.0001	0.0001	0.0000	0.0000	0.0000	0.0000	3186654.9563	0.0416	0.0028	-0.0000	3.0059	3.0007	6.0531	1.9606	0.0064	0.0000	0.0064	0.0000	0.0000	0.0000	0.0064	0.0000	0.0064	0.0000	0.0000	0.0000	0.0000	0.0000	0.0000	0.0000	0.0000	0.0000	0.1107	0.0950	0.0157	0.0007	0.0007	0.0000	0.1099	0.0943	0.0156	0.0896	0.0433	0.0462	0.0055	0.0051	0.0004	0.0841	0.0382	0.0458
29	71	0.1376	4	1	0	1	0	1	0	1	0	2	0	2	0	0	0	0	0	0	0	N	N	N	N	Y	N	N	N	N	N	N	N	N	N	N	N	N	N	0.0000	0.0000	0.0000	0.0000	0.0000	0.0000	0.0000	0.0000	0.0000	0.0000	0.0000	0.0000	0.0000	0.0000	0.0000	0.0000	0.0000	0.0000	0.0028	0.0041	0.0008	0.0083	0.0086	0.0063	0.0002	0.0000	0.0003		0.1348	0.0000	-0.0007	3.0059	6.1029	6.0531	20.9537	0.0000	0.0000	0.0000	0.0000	0.0000	0.0000	0.0000	0.0000	0.0000	0.0019	0.0016	0.0002	0.0018	0.0016	0.0002	0.0001	0.0000	0.0001	0.2531	0.2203	0.0328	0.0209	0.0204	0.0005	0.2322	0.1998	0.0324	0.6713	0.4010	0.2703	0.2141	0.1896	0.0245	0.4572	0.2114	0.2458
29	75	0.0868	11	2	0	1	0	1	0	1	0	1	0	2	1	0	0	0	0	0	0	Y	N	N	N	Y	N	N	N	N	N	N	N	N	N	N	N	N	N	0.0000	0.0000	0.0000	0.0000	0.0000	0.0000	0.0000	0.0000	0.0000	0.0000	0.0000	0.0000	0.0000	0.0000	0.0000	0.0000	0.0000	0.0000	59.0952	0.0000	146.0226	0.0000	0.0000	0.0000	63.5659	0.0000	149.9519		inf	0.0000	0.5259	3.0059	0.0000	6.0531	1.0000	0.0000	0.0000	0.0000	0.0000	0.0000	0.0000	0.0000	0.0000	0.0000	0.9997	0.0000	0.9997	0.0000	0.0000	0.0000	0.9997	0.0000	0.9997	0.0000	0.0000	0.0000	0.0000	0.0000	0.0000	0.0000	0.0000	0.0000	0.0169	0.0101	0.0068	0.0012	0.0010	0.0002	0.0157	0.0091	0.0067
29	76	0.0868	10	2	0	1	0	1	0	1	0	1	1	2	1	0	0	0	0	0	0	Y	N	N	N	Y	N	N	N	N	N	N	N	N	N	N	N	N	N	0.0000	0.0000	0.0000	0.0000	0.0000	0.0000	0.0000	0.0000	0.0000	0.0000	0.0000	0.0000	0.0000	0.0000	0.0000	0.0000	0.0000	0.0000	0.0000	0.0000	0.0000	0.0000	0.0000	0.0000	0.0000	0.0000	0.0000			0.0000	0.0000	3.0059	0.0000	6.0531	0.0000	0.0000	0.0000	0.0000	0.0000	0.0000	0.0000	0.0000	0.0000	0.0000	0.0000	0.0000	0.0000	0.0000	0.0000	0.0000	0.0000	0.0000	0.0000	0.0000	0.0000	0.0000	0.0000	0.0000	0.0000	0.0000	0.0000	0.0000	0.0022	0.0012	0.0010	0.0011	0.0011	0.0000	0.0011	0.0001	0.0010
29	77	0.0649	9	2	0	1	0	1	0	1	0	2	0	2	0	0	0	0	0	0	0	Y	N	N	N	Y	N	N	N	N	N	N	N	N	N	N	N	N	N	0.0000	0.0000	0.0000	0.0000	0.0000	0.0000	0.0000	0.0000	0.0000	0.0000	0.0000	0.0000	0.0000	0.0000	0.0000	0.0000	0.0000	0.0000	0.0021	0.0042	0.0000	0.0015	0.0016	0.0000	0.0022	0.0049	0.0000		0.0026	0.0000	-0.0001	3.0059	0.0002	6.0531	3.7635	0.0000	0.0000	0.0000	0.0000	0.0000	0.0000	0.0000	0.0000	0.0000	0.0002	0.0002	0.0000	0.0000	0.0000	0.0000	0.0001	0.0001	0.0000	0.0190	0.0188	0.0002	0.0095	0.0095	0.0000	0.0095	0.0093	0.0002	0.0724	0.0357	0.0367	0.0075	0.0072	0.0003	0.0649	0.0285	0.0364
29	78	0.0591	8	2	0	1	0	2	0	1	0	1	0	1	0	0	0	0	0	0	0	Y	N	N	N	N	N	N	N	N	N	N	N	N	N	N	N	N	N	0.0000	0.0000	0.0000	0.0000	0.0000	0.0000	0.0000	0.0000	0.0000	0.0000	0.0000	0.0000	0.0000	0.0000	0.0000	0.0000	0.0000	0.0000	0.0008	0.0000	0.0015	0.0000	0.0000	0.0000	0.0009	0.0000	0.0016		477.7531	0.0000	0.0000	3.0059	0.5196	6.0531	1.5432	0.0000	0.0000	0.0000	0.0000	0.0000	0.0000	0.0000	0.0000	0.0000	0.0000	0.0000	0.0000	0.0000	0.0000	0.0000	0.0000	0.0000	0.0000	0.0194	0.0167	0.0028	0.0001	0.0001	0.0000	0.0193	0.0165	0.0028	0.0373	0.0179	0.0194	0.0023	0.0021	0.0002	0.0350	0.0158	0.0192
29	93	0.0403	3	2	0	1	0	1	0	1	0	1	0	1	0	0	0	0	0	0	0	Y	N	N	N	N	N	N	N	N	N	N	N	N	N	N	N	N	N	0.0000	0.0000	0.0000	0.0000	0.0000	0.0000	0.0000	0.0000	0.0000	0.0000	0.0000	0.0000	0.0000	0.0000	0.0000	0.0000	0.0000	0.0000	0.0058	0.0055	0.0062	0.0090	0.0090	0.0000	0.0043	0.0000	0.0062		0.9991	0.0000	0.0000	3.0059	0.0001	6.0531	0.0783	0.0000	0.0000	0.0000	0.0000	0.0000	0.0000	0.0000	0.0000	0.0000	0.0000	0.0000	0.0000	0.0000	0.0000	0.0000	0.0000	0.0000	0.0000	0.0000	0.0000	0.0000	0.0000	0.0000	0.0000	0.0000	0.0000	0.0000	0.0038	0.0020	0.0018	0.0012	0.0012	0.0000	0.0026	0.0008	0.0018
29	94	0.0317	2	2	0	1	0	2	0	1	0	1	0	1	0	0	0	0	0	0	0	Y	N	N	N	N	N	N	N	N	N	N	N	N	N	N	N	N	N	0.3843	0.0000	65.9439	0.0000	0.0000	0.0000	10.6360	0.0000	65.7115	0.0016	0.0000	0.0253	0.0000	0.0000	0.0000	0.0023	0.0000	0.0253	0.0041	0.0084	0.0004	0.1006	0.1063	0.0000	0.0002	0.0000	0.0004	inf	0.0532	0.0000	-0.0001	3.0059	0.0004	6.0531	2.9660	0.0000	0.0000	0.0000	0.0000	0.0000	0.0000	0.0000	0.0000	0.0000	0.0002	0.0002	0.0000	0.0002	0.0002	0.0000	0.0000	0.0000	0.0000	0.0000	0.0000	0.0000	0.0000	0.0000	0.0000	0.0000	0.0000	0.0000	0.0559	0.0258	0.0301	0.0022	0.0020	0.0001	0.0537	0.0237	0.0300
30	32	0.0390	7	2	0	1	1	1	0	1	1	0	1	1	1	0	0	0	0	0	0	Y	N	N	N	N	N	N	N	N	N	N	N	N	N	N	N	N	N	0.0000	0.0000	0.0000	0.0000	0.0000	0.0000	0.0000	0.0000	0.0000	0.0000	0.0000	0.0000	0.0000	0.0000	0.0000	0.0000	0.0000	0.0000	0.0000	0.0000	0.0000	0.0000	0.0000	0.0000	0.0000	0.0000	0.0000		inf	0.0000	0.0000	0.0002	4.9997	1.1973	3.1777	0.0000	0.0000	0.0000	0.0000	0.0000	0.0000	0.0000	0.0000	0.0000	0.0000	0.0000	0.0000	0.0000	0.0000	0.0000	0.0000	0.0000	0.0000	0.0000	0.0000	0.0000	0.0000	0.0000	0.0000	0.0000	0.0000	0.0000	0.0309	0.0197	0.0112	0.0067	0.0065	0.0002	0.0242	0.0132	0.0110
30	37	0.0923	17	2	0	0	2	0	0	0	2	0	2	2	2	0	0	0	0	0	0	Y	N	N	Y	Y	Y	N	N	N	N	N	N	N	N	N	N	N	N	0.0000	0.0000	0.0000	0.0000	0.0000	0.0000	0.0000	0.0000	0.0000	0.0000	0.0000	0.0000	0.0000	0.0000	0.0000	0.0000	0.0000	0.0000	0.0000	0.0000	0.0000	0.0000	0.0000	0.0000	0.0000	0.0000	0.0000			0.0000	0.0000	0.0002	0.0000	1.1973	2.0000	0.0000	0.0000	0.0000	0.0000	0.0000	0.0000	0.0000	0.0000	0.0000	0.0000	0.0000	0.0000	0.0000	0.0000	0.0000	0.0000	0.0000	0.0000	0.0000	0.0000	0.0000	0.0000	0.0000	0.0000	0.0000	0.0000	0.0000	0.0058	0.0036	0.0022	0.0012	0.0011	0.0001	0.0046	0.0025	0.0021
30	38	0.0965	19	2	0	0	1	0	0	0	1	0	2	2	2	0	0	0	0	0	0	Y	N	N	N	Y	Y	N	N	N	N	N	N	N	N	N	N	N	N	0.0000	0.0000	0.0000	0.0000	0.0000	0.0000	0.0000	0.0000	0.0000	0.0000	0.0000	0.0000	0.0000	0.0000	0.0000	0.0000	0.0000	0.0000	0.0000	0.0000	0.0000	0.0000	0.0000	0.0000	0.0000	0.0000	0.0000			0.0000	0.0000	0.0002	0.0000	1.1973	0.4891	0.0000	0.0000	0.0000	0.0000	0.0000	0.0000	0.0000	0.0000	0.0000	0.0000	0.0000	0.0000	0.0000	0.0000	0.0000	0.0000	0.0000	0.0000	0.0000	0.0000	0.0000	0.0000	0.0000	0.0000	0.0000	0.0000	0.0000	0.0039	0.0020	0.0019	0.0016	0.0016	0.0000	0.0023	0.0004	0.0019
30	39	0.0951	18	2	0	0	1	0	0	0	1	0	1	2	1	0	0	0	0	0	0	Y	N	N	N	Y	N	N	N	N	N	N	N	N	N	N	N	N	N	0.0000	0.0000	0.0000	0.0000	0.0000	0.0000	0.0000	0.0000	0.0000	0.0000	0.0000	0.0000	0.0000	0.0000	0.0000	0.0000	0.0000	0.0000	0.0000	0.0000	0.0000	0.0000	0.0000	0.0000	0.0000	0.0000	0.0000			0.0000	0.0000	0.0002	0.0000	1.1973	0.5132	0.0000	0.0000	0.0000	0.0000	0.0000	0.0000	0.0000	0.0000	0.0000	0.0000	0.0000	0.0000	0.0000	0.0000	0.0000	0.0000	0.0000	0.0000	0.0000	0.0000	0.0000	0.0000	0.0000	0.0000	0.0000	0.0000	0.0000	0.0016	0.0010	0.0006	0.0003	0.0003	0.0000	0.0012	0.0006	0.0006
30	40	0.0393	8	2	0	1	1	0	0	1	1	0	1	1	1	0	0	0	0	0	0	Y	N	N	N	N	N	N	N	N	N	N	N	N	N	N	N	N	N	0.0000	0.0000	0.0000	0.0000	0.0000	0.0000	0.0000	0.0000	0.0000	0.0000	0.0000	0.0000	0.0000	0.0000	0.0000	0.0000	0.0000	0.0000	0.0001	0.0002	0.0000	0.0007	0.0007	0.0000	0.0000	0.0000	0.0000		0.0047	0.0000	-0.0000	0.0002	1.0010	1.1973	2.9998	0.0000	0.0000	0.0000	0.0000	0.0000	0.0000	0.0000	0.0000	0.0000	0.0000	0.0000	0.0000	0.0000	0.0000	0.0000	0.0000	0.0000	0.0000	0.0000	0.0000	0.0000	0.0000	0.0000	0.0000	0.0000	0.0000	0.0000	0.0146	0.0093	0.0053	0.0029	0.0028	0.0001	0.0118	0.0065	0.0052
30	41	0.1175	18	2	0	1	2	0	0	1	1	0	1	2	2	0	0	0	0	0	0	Y	N	N	Y	Y	Y	N	N	N	N	N	N	N	N	N	N	N	N	0.0000	0.0000	0.0000	0.0000	0.0000	0.0000	0.0000	0.0000	0.0000	0.0000	0.0000	0.0000	0.0000	0.0000	0.0000	0.0000	0.0000	0.0000	0.0000	0.0000	0.0000	0.0000	0.0000	0.0000	0.0000	0.0000	0.0000			0.0000	0.0000	0.0002	0.0000	1.1973	0.0000	0.0000	0.0000	0.0000	0.0000	0.0000	0.0000	0.0000	0.0000	0.0000	0.0000	0.0000	0.0000	0.0000	0.0000	0.0000	0.0000	0.0000	0.0000	0.0000	0.0000	0.0000	0.0000	0.0000	0.0000	0.0000	0.0000	0.0000	0.0000	0.0000	0.0000	0.0000	0.0000	0.0000	0.0000	0.0000	0.0000
30	42	0.1175	17	2	0	0	2	0	0	0	2	0	1	2	2	0	0	0	0	0	0	Y	N	N	Y	Y	Y	N	N	N	N	N	N	N	N	N	N	N	N	0.0000	0.0000	0.0000	0.0000	0.0000	0.0000	0.0000	0.0000	0.0000	0.0000	0.0000	0.0000	0.0000	0.0000	0.0000	0.0000	0.0000	0.0000	0.0000	0.0000	0.0000	0.0000	0.0000	0.0000	0.0000	0.0000	0.0000			0.0000	0.0000	0.0002	0.0001	1.1973	0.0001	0.0000	0.0000	0.0000	0.0000	0.0000	0.0000	0.0000	0.0000	0.0000	0.0000	0.0000	0.0000	0.0000	0.0000	0.0000	0.0000	0.0000	0.0000	0.0000	0.0000	0.0000	0.0000	0.0000	0.0000	0.0000	0.0000	0.0000	0.0000	0.0000	0.0000	0.0000	0.0000	0.0000	0.0000	0.0000	0.0000
30	43	0.1175	17	2	0	1	1	0	0	1	1	0	1	2	2	0	0	0	0	0	0	Y	N	N	N	Y	Y	N	N	N	N	N	N	N	N	N	N	N	N	0.0000	0.0000	0.0000	0.0000	0.0000	0.0000	0.0000	0.0000	0.0000	0.0000	0.0000	0.0000	0.0000	0.0000	0.0000	0.0000	0.0000	0.0000	0.0000	0.0000	0.0000	0.0000	0.0000	0.0000	0.0000	0.0000	0.0000			0.0000	0.0000	0.0002	0.0000	1.1973	0.0000	0.0000	0.0000	0.0000	0.0000	0.0000	0.0000	0.0000	0.0000	0.0000	0.0000	0.0000	0.0000	0.0000	0.0000	0.0000	0.0000	0.0000	0.0000	0.0000	0.0000	0.0000	0.0000	0.0000	0.0000	0.0000	0.0000	0.0000	0.0000	0.0000	0.0000	0.0000	0.0000	0.0000	0.0000	0.0000	0.0000
30	44	0.0950	16	2	0	0	1	0	0	0	1	0	2	2	2	0	0	0	0	0	0	Y	N	N	N	Y	Y	N	N	N	N	N	N	N	N	N	N	N	N	0.0000	0.0000	0.0000	0.0000	0.0000	0.0000	0.0000	0.0000	0.0000	0.0000	0.0000	0.0000	0.0000	0.0000	0.0000	0.0000	0.0000	0.0000	0.0026	0.0042	0.0000	0.0123	0.0131	0.0000	0.0000	0.0000	0.0000		0.0000	0.0000	-0.0000	0.0002	2.9998	1.1973	4.8980	0.0000	0.0000	0.0000	0.0000	0.0000	0.0000	0.0000	0.0000	0.0000	0.0001	0.0001	0.0000	0.0001	0.0001	0.0000	0.0000	0.0000	0.0000	0.0000	0.0000	0.0000	0.0000	0.0000	0.0000	0.0000	0.0000	0.0000	0.0229	0.0144	0.0085	0.0049	0.0046	0.0003	0.0180	0.0098	0.0082
30	45	0.0892	15	2	0	0	1	0	0	0	1	1	1	2	1	0	0	0	0	0	0	Y	N	N	N	Y	N	N	N	N	N	N	N	N	N	N	N	N	N	0.0000	0.0000	0.0000	0.0000	0.0000	0.0000	0.0000	0.0000	0.0000	0.0000	0.0000	0.0000	0.0000	0.0000	0.0000	0.0000	0.0000	0.0000	0.0000	0.0000	0.0000	0.0000	0.0000	0.0000	0.0000	0.0000	0.0000		0.0000	0.0000	-0.0000	0.0002	0.0002	1.1973	2.0813	0.0000	0.0000	0.0000	0.0000	0.0000	0.0000	0.0000	0.0000	0.0000	0.0000	0.0000	0.0000	0.0000	0.0000	0.0000	0.0000	0.0000	0.0000	0.0000	0.0000	0.0000	0.0000	0.0000	0.0000	0.0000	0.0000	0.0000	0.0065	0.0042	0.0023	0.0015	0.0014	0.0001	0.0050	0.0028	0.0022
30	46	0.0958	16	2	0	1	1	0	0	0	1	0	1	2	1	0	0	0	0	0	0	Y	N	N	N	Y	N	N	N	N	N	N	N	N	N	N	N	N	N	0.0000	0.0000	0.0000	0.0000	0.0000	0.0000	0.0000	0.0000	0.0000	0.0000	0.0000	0.0000	0.0000	0.0000	0.0000	0.0000	0.0000	0.0000	0.0000	0.0000	0.0000	0.0000	0.0000	0.0000	0.0000	0.0000	0.0000			0.0000	0.0000	0.0002	0.0000	1.1973	0.0000	0.0000	0.0000	0.0000	0.0000	0.0000	0.0000	0.0000	0.0000	0.0000	0.0000	0.0000	0.0000	0.0000	0.0000	0.0000	0.0000	0.0000	0.0000	0.0000	0.0000	0.0000	0.0000	0.0000	0.0000	0.0000	0.0000	0.0000	0.0000	0.0000	0.0000	0.0000	0.0000	0.0000	0.0000	0.0000	0.0000
30	52	0.1122	20	2	0	1	1	0	0	0	1	0	2	1	2	0	0	0	0	0	0	Y	N	N	N	N	Y	N	N	N	N	N	N	N	N	N	N	N	N	0.0000	0.0000	0.0000	0.0000	0.0000	0.0000	0.0000	0.0000	0.0000	0.0000	0.0000	0.0000	0.0000	0.0000	0.0000	0.0000	0.0000	0.0000	0.0000	0.0000	0.0000	0.0000	0.0000	0.0000	0.0000	0.0000	0.0000			0.0000	0.0000	0.0002	0.0000	1.1973	2.0000	0.0000	0.0000	0.0000	0.0000	0.0000	0.0000	0.0000	0.0000	0.0000	0.0000	0.0000	0.0000	0.0000	0.0000	0.0000	0.0000	0.0000	0.0000	0.0000	0.0000	0.0000	0.0000	0.0000	0.0000	0.0000	0.0000	0.0000	0.0083	0.0046	0.0038	0.0014	0.0012	0.0002	0.0069	0.0034	0.0035
30	53	0.1089	19	2	0	1	1	0	0	0	1	0	1	1	1	0	0	0	0	0	0	Y	N	N	N	N	N	N	N	N	N	N	N	N	N	N	N	N	N	0.0000	0.0000	0.0000	0.0000	0.0000	0.0000	0.0000	0.0000	0.0000	0.0000	0.0000	0.0000	0.0000	0.0000	0.0000	0.0000	0.0000	0.0000	0.0000	0.0000	0.0000	0.0000	0.0000	0.0000	0.0000	0.0000	0.0000			0.0000	0.0000	0.0002	0.9935	1.1973	0.0062	0.0000	0.0000	0.0000	0.0000	0.0000	0.0000	0.0000	0.0000	0.0000	0.0000	0.0000	0.0000	0.0000	0.0000	0.0000	0.0000	0.0000	0.0000	0.0000	0.0000	0.0000	0.0000	0.0000	0.0000	0.0000	0.0000	0.0000	0.0043	0.0024	0.0020	0.0008	0.0006	0.0001	0.0036	0.0017	0.0018
30	54	0.0989	18	2	0	1	1	0	0	0	1	0	1	1	1	0	0	0	0	0	0	Y	N	N	N	N	N	N	N	N	N	N	N	N	N	N	N	N	N	0.0000	0.0000	0.0000	0.0000	0.0000	0.0000	0.0000	0.0000	0.0000	0.0000	0.0000	0.0000	0.0000	0.0000	0.0000	0.0000	0.0000	0.0000	0.0000	0.0000	0.0000	0.0000	0.0000	0.0000	0.0000	0.0000	0.0000			0.0000	0.0000	0.0002	0.0065	1.1973	3.0034	0.0000	0.0000	0.0000	0.0000	0.0000	0.0000	0.0000	0.0000	0.0000	0.0000	0.0000	0.0000	0.0000	0.0000	0.0000	0.0000	0.0000	0.0000	0.0000	0.0000	0.0000	0.0000	0.0000	0.0000	0.0000	0.0000	0.0000	0.0089	0.0055	0.0033	0.0019	0.0018	0.0001	0.0070	0.0037	0.0032
30	55	0.0951	18	2	0	0	1	0	0	0	1	0	2	2	2	0	0	0	0	0	0	Y	N	N	N	Y	Y	N	N	N	N	N	N	N	N	N	N	N	N	0.0000	0.0000	0.0000	0.0000	0.0000	0.0000	0.0000	0.0000	0.0000	0.0000	0.0000	0.0000	0.0000	0.0000	0.0000	0.0000	0.0000	0.0000	0.0000	0.0000	0.0000	0.0000	0.0000	0.0000	0.0000	0.0000	0.0000			0.0000	0.0000	0.0002	0.0000	1.1973	1.0065	0.0000	0.0000	0.0000	0.0000	0.0000	0.0000	0.0000	0.0000	0.0000	0.0000	0.0000	0.0000	0.0000	0.0000	0.0000	0.0000	0.0000	0.0000	0.0000	0.0000	0.0000	0.0000	0.0000	0.0000	0.0000	0.0000	0.0000	0.0030	0.0019	0.0012	0.0006	0.0006	0.0000	0.0024	0.0013	0.0011
30	56	0.0923	17	2	0	0	1	0	0	0	1	0	1	2	1	0	0	0	0	0	0	Y	N	N	N	Y	N	N	N	N	N	N	N	N	N	N	N	N	N	0.0000	0.0000	0.0000	0.0000	0.0000	0.0000	0.0000	0.0000	0.0000	0.0000	0.0000	0.0000	0.0000	0.0000	0.0000	0.0000	0.0000	0.0000	0.0000	0.0000	0.0000	0.0000	0.0000	0.0000	0.0000	0.0000	0.0000			0.0000	0.0000	0.0002	0.0000	1.1973	1.0047	0.0000	0.0000	0.0000	0.0000	0.0000	0.0000	0.0000	0.0000	0.0000	0.0000	0.0000	0.0000	0.0000	0.0000	0.0000	0.0000	0.0000	0.0000	0.0000	0.0000	0.0000	0.0000	0.0000	0.0000	0.0000	0.0000	0.0000	0.0029	0.0018	0.0011	0.0006	0.0006	0.0000	0.0023	0.0012	0.0011
30	57	0.0923	16	2	0	0	1	0	0	0	1	1	1	2	1	0	0	0	0	0	0	Y	N	N	N	Y	N	N	N	N	N	N	N	N	N	N	N	N	N	0.0000	0.0000	0.0000	0.0000	0.0000	0.0000	0.0000	0.0000	0.0000	0.0000	0.0000	0.0000	0.0000	0.0000	0.0000	0.0000	0.0000	0.0000	0.0000	0.0000	0.0000	0.0000	0.0000	0.0000	0.0000	0.0000	0.0000			0.0000	0.0000	0.0002	0.0000	1.1973	0.0000	0.0000	0.0000	0.0000	0.0000	0.0000	0.0000	0.0000	0.0000	0.0000	0.0000	0.0000	0.0000	0.0000	0.0000	0.0000	0.0000	0.0000	0.0000	0.0000	0.0000	0.0000	0.0000	0.0000	0.0000	0.0000	0.0000	0.0000	0.0000	0.0000	0.0000	0.0000	0.0000	0.0000	0.0000	0.0000	0.0000
30	58	0.0989	18	2	0	1	1	0	0	0	1	0	1	1	1	0	0	0	0	0	0	Y	N	N	N	N	N	N	N	N	N	N	N	N	N	N	N	N	N	0.0000	0.0000	0.0000	0.0000	0.0000	0.0000	0.0000	0.0000	0.0000	0.0000	0.0000	0.0000	0.0000	0.0000	0.0000	0.0000	0.0000	0.0000	0.0000	0.0000	0.0000	0.0000	0.0000	0.0000	0.0000	0.0000	0.0000			0.0000	0.0000	0.0002	0.0000	1.1973	1.0108	0.0000	0.0000	0.0000	0.0000	0.0000	0.0000	0.0000	0.0000	0.0000	0.0000	0.0000	0.0000	0.0000	0.0000	0.0000	0.0000	0.0000	0.0000	0.0000	0.0000	0.0000	0.0000	0.0000	0.0000	0.0000	0.0000	0.0000	0.0031	0.0019	0.0012	0.0007	0.0007	0.0000	0.0024	0.0013	0.0011
30	59	0.0923	17	2	0	1	1	0	0	0	1	0	1	1	1	0	0	0	0	0	0	Y	N	N	N	N	N	N	N	N	N	N	N	N	N	N	N	N	N	0.0000	0.0000	0.0000	0.0000	0.0000	0.0000	0.0000	0.0000	0.0000	0.0000	0.0000	0.0000	0.0000	0.0000	0.0000	0.0000	0.0000	0.0000	0.0003	0.0005	0.0000	0.0014	0.0015	0.0000	0.0000	0.0000	0.0000		0.0000	0.0000	-0.0000	0.0002	0.0001	1.1973	2.3402	0.0000	0.0000	0.0000	0.0000	0.0000	0.0000	0.0000	0.0000	0.0000	0.0000	0.0000	0.0000	0.0000	0.0000	0.0000	0.0000	0.0000	0.0000	0.0000	0.0000	0.0000	0.0000	0.0000	0.0000	0.0000	0.0000	0.0000	0.0068	0.0042	0.0026	0.0014	0.0013	0.0001	0.0054	0.0029	0.0025
30	60	0.0923	16	2	0	1	1	0	0	1	1	0	1	1	1	0	0	0	0	0	0	Y	N	N	N	N	N	N	N	N	N	N	N	N	N	N	N	N	N	0.0000	0.0000	0.0000	0.0000	0.0000	0.0000	0.0000	0.0000	0.0000	0.0000	0.0000	0.0000	0.0000	0.0000	0.0000	0.0000	0.0000	0.0000	0.0000	0.0000	0.0000	0.0000	0.0000	0.0000	0.0000	0.0000	0.0000			0.0000	0.0000	0.0002	0.0000	1.1973	0.0002	0.0000	0.0000	0.0000	0.0000	0.0000	0.0000	0.0000	0.0000	0.0000	0.0000	0.0000	0.0000	0.0000	0.0000	0.0000	0.0000	0.0000	0.0000	0.0000	0.0000	0.0000	0.0000	0.0000	0.0000	0.0000	0.0000	0.0000	0.0000	0.0000	0.0000	0.0000	0.0000	0.0000	0.0000	0.0000	0.0000
30	61	0.0892	15	2	0	0	1	0	0	0	1	0	1	1	1	0	0	0	0	0	0	Y	N	N	N	N	N	N	N	N	N	N	N	N	N	N	N	N	N	0.0000	0.0000	0.0000	0.0000	0.0000	0.0000	0.0000	0.0000	0.0000	0.0000	0.0000	0.0000	0.0000	0.0000	0.0000	0.0000	0.0000	0.0000	0.0000	0.0000	0.0000	0.0000	0.0000	0.0000	0.0000	0.0000	0.0000			0.0000	0.0000	0.0002	0.0000	1.1973	1.0227	0.0000	0.0000	0.0000	0.0000	0.0000	0.0000	0.0000	0.0000	0.0000	0.0000	0.0000	0.0000	0.0000	0.0000	0.0000	0.0000	0.0000	0.0000	0.0000	0.0000	0.0000	0.0000	0.0000	0.0000	0.0000	0.0000	0.0000	0.0034	0.0023	0.0011	0.0008	0.0008	0.0000	0.0026	0.0015	0.0011
30	62	0.0838	14	2	0	0	1	0	0	0	1	0	1	1	1	0	0	0	0	0	0	Y	N	N	N	N	N	N	N	N	N	N	N	N	N	N	N	N	N	0.0000	0.0000	0.0000	0.0000	0.0000	0.0000	0.0000	0.0000	0.0000	0.0000	0.0000	0.0000	0.0000	0.0000	0.0000	0.0000	0.0000	0.0000	0.0000	0.0000	0.0000	0.0000	0.0000	0.0000	0.0000	0.0000	0.0000		inf	0.0000	0.0000	0.0002	0.4815	1.1973	1.4942	0.0000	0.0000	0.0000	0.0000	0.0000	0.0000	0.0000	0.0000	0.0000	0.0000	0.0000	0.0000	0.0000	0.0000	0.0000	0.0000	0.0000	0.0000	0.0000	0.0000	0.0000	0.0000	0.0000	0.0000	0.0000	0.0000	0.0000	0.0058	0.0036	0.0022	0.0011	0.0011	0.0000	0.0047	0.0025	0.0022
30	63	0.0393	8	2	0	0	1	0	0	0	1	0	2	1	2	0	0	0	0	0	0	Y	N	N	N	N	Y	N	N	N	N	N	N	N	N	N	N	N	N	0.0000	0.0000	0.0000	0.0000	0.0000	0.0000	0.0000	0.0000	0.0000	0.0000	0.0000	0.0000	0.0000	0.0000	0.0000	0.0000	0.0000	0.0000	0.0000	0.0000	0.0000	0.0000	0.0000	0.0000	0.0000	0.0000	0.0000			0.0000	0.0000	0.0002	0.0023	1.1973	3.0060	0.0000	0.0000	0.0000	0.0000	0.0000	0.0000	0.0000	0.0000	0.0000	0.0000	0.0000	0.0000	0.0000	0.0000	0.0000	0.0000	0.0000	0.0000	0.0000	0.0000	0.0000	0.0000	0.0000	0.0000	0.0000	0.0000	0.0000	0.0111	0.0071	0.0040	0.0022	0.0021	0.0001	0.0089	0.0049	0.0039
30	64	0.0365	7	2	0	0	1	1	0	0	1	0	1	1	1	0	0	0	0	0	0	Y	N	N	N	N	N	N	N	N	N	N	N	N	N	N	N	N	N	0.0000	0.0000	0.0000	0.0000	0.0000	0.0000	0.0000	0.0000	0.0000	0.0000	0.0000	0.0000	0.0000	0.0000	0.0000	0.0000	0.0000	0.0000	0.0005	0.0008	0.0000	0.0001	0.0001	0.0000	0.0006	0.0011	0.0000		0.0000	0.0000	-0.0000	0.0002	0.9990	1.1973	0.0212	0.0000	0.0000	0.0000	0.0000	0.0000	0.0000	0.0000	0.0000	0.0000	0.0000	0.0000	0.0000	0.0000	0.0000	0.0000	0.0000	0.0000	0.0000	0.0000	0.0000	0.0000	0.0000	0.0000	0.0000	0.0000	0.0000	0.0000	0.0038	0.0024	0.0014	0.0007	0.0007	0.0000	0.0030	0.0017	0.0013
30	68	0.1057	15	2	0	1	1	0	0	1	1	0	1	2	1	0	0	0	0	0	0	Y	N	N	N	Y	N	N	N	N	N	N	N	N	N	N	N	N	N	0.0000	0.0000	0.0000	0.0000	0.0000	0.0000	0.0000	0.0000	0.0000	0.0000	0.0000	0.0000	0.0000	0.0000	0.0000	0.0000	0.0000	0.0000	0.0069	0.0000	0.0148	0.0227	0.0000	0.2838	0.0040	0.0000	0.0076		inf	0.0000	0.0000	0.0002	0.0002	1.1973	1.2554	0.0000	0.0000	0.0000	0.0000	0.0000	0.0000	0.0000	0.0000	0.0000	0.0000	0.0000	0.0000	0.0000	0.0000	0.0000	0.0000	0.0000	0.0000	0.0000	0.0000	0.0000	0.0000	0.0000	0.0000	0.0000	0.0000	0.0000	0.0058	0.0031	0.0027	0.0009	0.0008	0.0001	0.0049	0.0023	0.0026
30	69	0.0870	13	2	0	0	1	0	0	0	1	0	1	1	1	0	0	0	0	0	0	Y	N	N	N	N	N	N	N	N	N	N	N	N	N	N	N	N	N	0.0000	0.0000	0.0000	0.0000	0.0000	0.0000	0.0000	0.0000	0.0000	0.0000	0.0000	0.0000	0.0000	0.0000	0.0000	0.0000	0.0000	0.0000	0.0003	0.0000	0.0008	0.0000	0.0000	0.0007	0.0004	0.0000	0.0008		inf	0.0000	0.0000	0.0002	1.0007	1.1973	1.2584	0.0000	0.0000	0.0000	0.0000	0.0000	0.0000	0.0000	0.0000	0.0000	0.0000	0.0000	0.0000	0.0000	0.0000	0.0000	0.0000	0.0000	0.0000	0.0000	0.0000	0.0000	0.0000	0.0000	0.0000	0.0000	0.0000	0.0000	0.0066	0.0040	0.0025	0.0012	0.0012	0.0001	0.0053	0.0028	0.0025
30	70	0.0729	12	2	0	0	1	1	0	0	1	0	1	1	1	0	0	0	0	0	0	Y	N	N	N	N	N	N	N	N	N	N	N	N	N	N	N	N	N	0.0000	0.0000	0.0000	0.0000	0.0000	0.0000	0.0000	0.0000	0.0000	0.0000	0.0000	0.0000	0.0000	0.0000	0.0000	0.0000	0.0000	0.0000	0.0605	0.0002	0.1507	0.0055	0.0005	0.1675	0.0790	0.0000	0.1504		536.2504	0.0000	0.0006	0.0002	3.0007	1.1973	1.9606	0.0000	0.0000	0.0000	0.0000	0.0000	0.0000	0.0000	0.0000	0.0000	0.0011	0.0000	0.0011	0.0000	0.0000	0.0000	0.0010	0.0000	0.0010	0.0000	0.0000	0.0000	0.0000	0.0000	0.0000	0.0000	0.0000	0.0000	0.0177	0.0106	0.0071	0.0045	0.0043	0.0001	0.0133	0.0063	0.0070
30	71	0.1565	9	1	0	0	1	0	0	0	1	1	1	2	1	0	0	0	0	0	0	N	N	N	N	Y	N	N	N	N	N	N	N	N	N	N	N	N	N	0.0000	0.0000	0.0000	0.0000	0.0000	0.0000	0.0000	0.0000	0.0000	0.0000	0.0000	0.0000	0.0000	0.0000	0.0000	0.0000	0.0000	0.0000	0.0006	0.0000	0.0017	0.0009	0.0000	0.0095	0.0005	0.0000	0.0009		inf	0.0000	0.0000	0.0002	6.1029	1.1973	20.9537	0.0000	0.0000	0.0000	0.0000	0.0000	0.0000	0.0000	0.0000	0.0000	0.0001	0.0000	0.0001	0.0000	0.0000	0.0000	0.0000	0.0000	0.0000	0.0000	0.0000	0.0000	0.0000	0.0000	0.0000	0.0000	0.0000	0.0000	0.1309	0.0844	0.0464	0.0456	0.0414	0.0042	0.0853	0.0431	0.0422
30	73	0.1057	16	2	0	1	1	0	0	1	1	0	1	2	2	0	0	0	0	0	0	Y	N	N	N	Y	Y	N	N	N	N	N	N	N	N	N	N	N	N	0.0000	0.0000	0.0000	0.0000	0.0000	0.0000	0.0000	0.0000	0.0000	0.0000	0.0000	0.0000	0.0000	0.0000	0.0000	0.0000	0.0000	0.0000	0.0000	0.0000	0.0000	0.0000	0.0000	0.0000	0.0000	0.0000	0.0000			0.0000	0.0000	0.0002	0.0000	1.1973	0.0000	0.0000	0.0000	0.0000	0.0000	0.0000	0.0000	0.0000	0.0000	0.0000	0.0000	0.0000	0.0000	0.0000	0.0000	0.0000	0.0000	0.0000	0.0000	0.0000	0.0000	0.0000	0.0000	0.0000	0.0000	0.0000	0.0000	0.0000	0.0000	0.0000	0.0000	0.0000	0.0000	0.0000	0.0000	0.0000	0.0000
30	74	0.0614	10	2	0	1	1	1	0	1	1	0	1	1	1	0	0	0	0	0	0	Y	N	N	N	N	N	N	N	N	N	N	N	N	N	N	N	N	N	0.0000	0.0000	0.0000	0.0000	0.0000	0.0000	0.0000	0.0000	0.0000	0.0000	0.0000	0.0000	0.0000	0.0000	0.0000	0.0000	0.0000	0.0000	0.0009	0.0014	0.0000	0.0036	0.0038	0.0000	0.0000	0.0000	0.0000		0.0000	0.0000	-0.0000	0.0002	2.9595	1.1973	5.1315	0.0000	0.0000	0.0000	0.0000	0.0000	0.0000	0.0000	0.0000	0.0000	0.0000	0.0000	0.0000	0.0000	0.0000	0.0000	0.0000	0.0000	0.0000	0.0000	0.0000	0.0000	0.0000	0.0000	0.0000	0.0000	0.0000	0.0000	0.0283	0.0191	0.0093	0.0072	0.0068	0.0003	0.0212	0.0122	0.0089
30	75	0.1057	16	2	0	0	1	0	0	0	1	0	1	2	2	0	0	0	0	0	0	Y	N	N	N	Y	Y	N	N	N	N	N	N	N	N	N	N	N	N	0.0000	0.0000	0.0000	0.0000	0.0000	0.0000	0.0000	0.0000	0.0000	0.0000	0.0000	0.0000	0.0000	0.0000	0.0000	0.0000	0.0000	0.0000	0.0000	0.0000	0.0000	0.0000	0.0000	0.0000	0.0000	0.0000	0.0000			0.0000	0.0000	0.0002	0.0000	1.1973	1.0000	0.0000	0.0000	0.0000	0.0000	0.0000	0.0000	0.0000	0.0000	0.0000	0.0000	0.0000	0.0000	0.0000	0.0000	0.0000	0.0000	0.0000	0.0000	0.0000	0.0000	0.0000	0.0000	0.0000	0.0000	0.0000	0.0000	0.0000	0.0042	0.0025	0.0017	0.0003	0.0002	0.0000	0.0040	0.0023	0.0017
30	76	0.1057	15	2	0	0	1	0	0	0	1	0	2	2	2	0	0	0	0	0	0	Y	N	N	N	Y	Y	N	N	N	N	N	N	N	N	N	N	N	N	0.0000	0.0000	0.0000	0.0000	0.0000	0.0000	0.0000	0.0000	0.0000	0.0000	0.0000	0.0000	0.0000	0.0000	0.0000	0.0000	0.0000	0.0000	0.0000	0.0000	0.0000	0.0000	0.0000	0.0000	0.0000	0.0000	0.0000			0.0000	0.0000	0.0002	0.0000	1.1973	0.0000	0.0000	0.0000	0.0000	0.0000	0.0000	0.0000	0.0000	0.0000	0.0000	0.0000	0.0000	0.0000	0.0000	0.0000	0.0000	0.0000	0.0000	0.0000	0.0000	0.0000	0.0000	0.0000	0.0000	0.0000	0.0000	0.0000	0.0000	0.0005	0.0003	0.0002	0.0003	0.0003	0.0000	0.0003	0.0000	0.0002
30	77	0.0838	14	2	0	0	1	0	0	0	1	1	1	2	1	0	0	0	0	0	0	Y	N	N	N	Y	N	N	N	N	N	N	N	N	N	N	N	N	N	0.0000	0.0000	0.0000	0.0000	0.0000	0.0000	0.0000	0.0000	0.0000	0.0000	0.0000	0.0000	0.0000	0.0000	0.0000	0.0000	0.0000	0.0000	0.0037	0.0059	0.0000	0.0194	0.0203	0.0000	0.0000	0.0000	0.0000		0.0000	0.0000	-0.0000	0.0002	0.0002	1.1973	3.7635	0.0000	0.0000	0.0000	0.0000	0.0000	0.0000	0.0000	0.0000	0.0000	0.0000	0.0000	0.0000	0.0000	0.0000	0.0000	0.0000	0.0000	0.0000	0.0000	0.0000	0.0000	0.0000	0.0000	0.0000	0.0000	0.0000	0.0000	0.0109	0.0067	0.0041	0.0021	0.0020	0.0001	0.0088	0.0048	0.0041
30	78	0.0780	13	2	0	0	1	1	0	0	1	0	1	1	1	0	0	0	0	0	0	Y	N	N	N	N	N	N	N	N	N	N	N	N	N	N	N	N	N	0.0000	0.0000	0.0000	0.0000	0.0000	0.0000	0.0000	0.0000	0.0000	0.0000	0.0000	0.0000	0.0000	0.0000	0.0000	0.0000	0.0000	0.0000	0.0003	0.0000	0.0009	0.0000	0.0000	0.0008	0.0004	0.0000	0.0009		213.5087	0.0000	0.0000	0.0002	0.5196	1.1973	1.5432	0.0000	0.0000	0.0000	0.0000	0.0000	0.0000	0.0000	0.0000	0.0000	0.0000	0.0000	0.0000	0.0000	0.0000	0.0000	0.0000	0.0000	0.0000	0.0000	0.0000	0.0000	0.0000	0.0000	0.0000	0.0000	0.0000	0.0000	0.0060	0.0037	0.0023	0.0011	0.0011	0.0000	0.0048	0.0026	0.0022
30	79	0.0714	10	2	0	1	1	0	0	0	1	0	1	1	1	0	0	0	0	0	0	Y	N	N	N	N	N	N	N	N	N	N	N	N	N	N	N	N	N	0.0000	0.0000	0.0000	0.0000	0.0000	0.0000	0.0000	0.0000	0.0000	0.0000	0.0000	0.0000	0.0000	0.0000	0.0000	0.0000	0.0000	0.0000	0.0012	0.0009	0.0018	0.0021	0.0022	0.0002	0.0008	0.0000	0.0019		1.0113	0.0000	0.0000	0.0002	1.0047	1.1973	3.0004	0.0000	0.0000	0.0000	0.0000	0.0000	0.0000	0.0000	0.0000	0.0000	0.0000	0.0000	0.0000	0.0000	0.0000	0.0000	0.0000	0.0000	0.0000	0.0000	0.0000	0.0000	0.0000	0.0000	0.0000	0.0000	0.0000	0.0000	0.0171	0.0116	0.0055	0.0048	0.0045	0.0003	0.0123	0.0071	0.0052
30	80	0.0607	9	2	0	1	1	0	0	0	1	0	1	1	1	0	0	0	0	0	0	Y	N	N	N	N	N	N	N	N	N	N	N	N	N	N	N	N	N	0.0000	0.0000	0.0000	0.0000	0.0000	0.0000	0.0000	0.0000	0.0000	0.0000	0.0000	0.0000	0.0000	0.0000	0.0000	0.0000	0.0000	0.0000	0.1052	0.0018	0.3237	0.0076	0.0046	0.0676	0.1425	0.0000	0.3345		84.8249	0.0000	0.0006	0.0002	1.0096	1.1973	2.0672	0.0000	0.0000	0.0000	0.0000	0.0000	0.0000	0.0000	0.0000	0.0000	0.0012	0.0000	0.0012	0.0000	0.0000	0.0000	0.0012	0.0000	0.0012	0.0000	0.0000	0.0000	0.0000	0.0000	0.0000	0.0000	0.0000	0.0000	0.0114	0.0078	0.0037	0.0032	0.0030	0.0001	0.0083	0.0048	0.0035
30	81	0.0536	8	2	0	1	1	1	0	1	1	0	1	1	1	0	0	0	0	0	0	Y	N	N	N	N	N	N	N	N	N	N	N	N	N	N	N	N	N	0.0000	0.0000	0.0000	0.0000	0.0000	0.0000	0.0000	0.0000	0.0000	0.0000	0.0000	0.0000	0.0000	0.0000	0.0000	0.0000	0.0000	0.0000	0.1332	0.1988	0.0000	0.5321	0.5560	0.0000	0.0006	0.0010	0.0000		0.0000	0.0000	-0.0006	0.0002	0.9933	1.1973	1.5154	0.0000	0.0000	0.0000	0.0000	0.0000	0.0000	0.0000	0.0000	0.0000	0.0012	0.0012	0.0000	0.0012	0.0012	0.0000	0.0000	0.0000	0.0000	0.0000	0.0000	0.0000	0.0000	0.0000	0.0000	0.0000	0.0000	0.0000	0.0090	0.0060	0.0030	0.0022	0.0021	0.0001	0.0067	0.0039	0.0029
30	82	0.0480	6	2	0	1	1	0	0	1	1	0	1	1	1	0	0	0	0	0	0	Y	N	N	N	N	N	N	N	N	N	N	N	N	N	N	N	N	N	0.0000	0.0000	0.0000	0.0000	0.0000	0.0000	0.0000	0.0000	0.0000	0.0000	0.0000	0.0000	0.0000	0.0000	0.0000	0.0000	0.0000	0.0000	0.0000	0.0000	0.0000	0.0000	0.0000	0.0000	0.0000	0.0000	0.0000		inf	0.0000	0.0000	0.0002	4.0000	1.1973	3.0004	0.0000	0.0000	0.0000	0.0000	0.0000	0.0000	0.0000	0.0000	0.0000	0.0000	0.0000	0.0000	0.0000	0.0000	0.0000	0.0000	0.0000	0.0000	0.0000	0.0000	0.0000	0.0000	0.0000	0.0000	0.0000	0.0000	0.0000	0.0253	0.0162	0.0092	0.0053	0.0051	0.0002	0.0200	0.0111	0.0089
30	84	0.0703	11	2	0	1	1	1	0	1	1	0	1	1	1	0	0	0	0	0	0	Y	N	N	N	N	N	N	N	N	N	N	N	N	N	N	N	N	N	0.0000	0.0000	0.0000	0.0000	0.0000	0.0000	0.0000	0.0000	0.0000	0.0000	0.0000	0.0000	0.0000	0.0000	0.0000	0.0000	0.0000	0.0000	0.0574	0.0889	0.0000	0.1948	0.2023	0.0000	0.0000	0.0000	0.0000		0.0000	0.0000	-0.0009	0.0002	2.0009	1.1973	6.0608	0.0000	0.0000	0.0000	0.0000	0.0000	0.0000	0.0000	0.0000	0.0000	0.0019	0.0019	0.0000	0.0019	0.0019	0.0000	0.0000	0.0000	0.0000	0.0000	0.0000	0.0000	0.0000	0.0000	0.0000	0.0000	0.0000	0.0000	0.0338	0.0218	0.0120	0.0100	0.0096	0.0004	0.0238	0.0122	0.0116
30	85	0.0370	4	2	0	1	1	0	0	0	1	0	1	1	1	0	0	0	0	0	0	Y	N	N	N	N	N	N	N	N	N	N	N	N	N	N	N	N	N	0.0000	0.0000	0.0000	0.0000	0.0000	0.0000	0.0000	0.0000	0.0000	0.0000	0.0000	0.0000	0.0000	0.0000	0.0000	0.0000	0.0000	0.0000	0.1561	0.2473	0.0000	0.7427	0.7709	0.0001	0.0000	0.0000	0.0000		0.0000	0.0000	-0.0015	0.0002	2.0003	1.1973	2.0390	0.0000	0.0000	0.0000	0.0000	0.0000	0.0000	0.0000	0.0000	0.0000	0.0032	0.0032	0.0000	0.0032	0.0032	0.0000	0.0000	0.0000	0.0000	0.0000	0.0000	0.0000	0.0000	0.0000	0.0000	0.0000	0.0000	0.0000	0.0207	0.0130	0.0076	0.0043	0.0042	0.0002	0.0163	0.0089	0.0075
30	86	0.0297	3	2	0	1	1	1	0	1	1	0	1	1	1	0	0	0	0	0	0	Y	N	N	N	N	N	N	N	N	N	N	N	N	N	N	N	N	N	0.0000	0.0000	0.0000	0.0000	0.0000	0.0000	0.0000	0.0000	0.0000	0.0000	0.0000	0.0000	0.0000	0.0000	0.0000	0.0000	0.0000	0.0000	0.4183	0.0117	1.0779	0.0001	0.0001	0.0000	0.5143	0.0165	1.0972		56.6820	0.0000	0.0016	0.0002	1.0005	1.1973	0.9990	0.0000	0.0000	0.0000	0.0000	0.0000	0.0000	0.0000	0.0000	0.0000	0.0032	0.0001	0.0032	0.0000	0.0000	0.0000	0.0032	0.0001	0.0032	0.0000	0.0000	0.0000	0.0000	0.0000	0.0000	0.0000	0.0000	0.0000	0.0077	0.0048	0.0029	0.0014	0.0014	0.0001	0.0063	0.0034	0.0029
30	89	0.1582	20	2	0	1	1	0	0	0	1	0	1	1	1	0	0	0	0	0	0	Y	N	N	N	N	N	N	N	N	N	N	N	N	N	N	N	N	N	0.0000	0.0000	0.0000	0.0000	0.0000	0.0000	0.0000	0.0000	0.0000	0.0000	0.0000	0.0000	0.0000	0.0000	0.0000	0.0000	0.0000	0.0000	0.0041	0.0064	0.0000	0.0178	0.0186	0.0000	0.0000	0.0000	0.0000		0.0000	0.0000	-0.0000	0.0002	0.0001	1.1973	3.9037	0.0000	0.0000	0.0000	0.0000	0.0000	0.0000	0.0000	0.0000	0.0000	0.0000	0.0000	0.0000	0.0000	0.0000	0.0000	0.0000	0.0000	0.0000	0.0000	0.0000	0.0000	0.0000	0.0000	0.0000	0.0000	0.0000	0.0000	0.0115	0.0074	0.0041	0.0026	0.0025	0.0001	0.0089	0.0048	0.0040
30	90	0.1316	19	2	0	1	1	0	0	0	1	0	1	1	1	0	0	0	0	0	0	Y	N	N	N	N	N	N	N	N	N	N	N	N	N	N	N	N	N	0.0000	0.0000	0.0000	0.0000	0.0000	0.0000	0.0000	0.0000	0.0000	0.0000	0.0000	0.0000	0.0000	0.0000	0.0000	0.0000	0.0000	0.0000	0.0024	0.0037	0.0000	0.0072	0.0087	0.0000	0.0000	0.0000	0.0000		0.0006	0.0000	-0.0000	0.0002	1.0001	1.1973	8.1987	0.0000	0.0000	0.0000	0.0000	0.0000	0.0000	0.0000	0.0000	0.0000	0.0001	0.0001	0.0000	0.0001	0.0001	0.0000	0.0000	0.0000	0.0000	0.0000	0.0000	0.0000	0.0000	0.0000	0.0000	0.0000	0.0000	0.0000	0.0306	0.0199	0.0107	0.0101	0.0084	0.0017	0.0205	0.0115	0.0089
30	91	0.0624	8	2	0	1	1	0	0	0	1	0	1	1	1	0	0	0	0	0	0	Y	N	N	N	N	N	N	N	N	N	N	N	N	N	N	N	N	N	0.0000	0.0000	0.0000	0.0000	0.0000	0.0000	0.0000	0.0000	0.0000	0.0000	0.0000	0.0000	0.0000	0.0000	0.0000	0.0000	0.0000	0.0000	5.0559	7.7567	0.0000	0.3811	0.4131	0.0000	6.6647	11.9299	0.0000		0.0000	0.0000	-0.0929	0.0002	1.0071	1.1973	9.1029	0.0000	0.0000	0.0000	0.0000	0.0000	0.0000	0.0000	0.0000	0.0000	0.1959	0.1959	0.0000	0.0038	0.0038	0.0000	0.1922	0.1922	0.0000	0.0000	0.0000	0.0000	0.0000	0.0000	0.0000	0.0000	0.0000	0.0000	0.0388	0.0253	0.0135	0.0099	0.0092	0.0008	0.0288	0.0161	0.0127
30	92	0.0480	7	2	0	1	1	0	0	1	1	0	1	1	1	0	0	0	0	0	0	Y	N	N	N	N	N	N	N	N	N	N	N	N	N	N	N	N	N	0.0000	0.0000	0.0000	0.0000	0.0000	0.0000	0.0000	0.0000	0.0000	0.0000	0.0000	0.0000	0.0000	0.0000	0.0000	0.0000	0.0000	0.0000	0.0307	0.0481	0.0000	0.0178	0.0186	0.0000	0.0341	0.0615	0.0000		0.0000	0.0000	-0.0003	0.0002	0.9988	1.1973	4.0321	0.0000	0.0000	0.0000	0.0000	0.0000	0.0000	0.0000	0.0000	0.0000	0.0006	0.0006	0.0000	0.0001	0.0001	0.0000	0.0005	0.0005	0.0000	0.0000	0.0000	0.0000	0.0000	0.0000	0.0000	0.0000	0.0000	0.0000	0.0184	0.0117	0.0067	0.0038	0.0037	0.0002	0.0145	0.0081	0.0065
30	93	0.0480	6	2	0	0	1	0	0	0	1	0	1	1	1	0	0	0	0	0	0	Y	N	N	N	N	N	N	N	N	N	N	N	N	N	N	N	N	N	0.0000	0.0000	0.0000	0.0000	0.0000	0.0000	0.0000	0.0000	0.0000	0.0000	0.0000	0.0000	0.0000	0.0000	0.0000	0.0000	0.0000	0.0000	0.0002	0.0001	0.0003	0.0006	0.0005	0.0031	0.0001	0.0000	0.0002		1.0000	0.0000	0.0000	0.0002	0.0001	1.1973	0.0783	0.0000	0.0000	0.0000	0.0000	0.0000	0.0000	0.0000	0.0000	0.0000	0.0000	0.0000	0.0000	0.0000	0.0000	0.0000	0.0000	0.0000	0.0000	0.0000	0.0000	0.0000	0.0000	0.0000	0.0000	0.0000	0.0000	0.0000	0.0003	0.0002	0.0001	0.0001	0.0001	0.0000	0.0002	0.0001	0.0001
30	94	0.0394	5	2	0	0	1	1	0	0	1	0	1	1	1	0	0	0	0	0	0	Y	N	N	N	N	N	N	N	N	N	N	N	N	N	N	N	N	N	0.0000	0.0000	0.0000	0.0000	0.0000	0.0000	0.0000	0.0000	0.0000	0.0000	0.0000	0.0000	0.0000	0.0000	0.0000	0.0000	0.0000	0.0000	0.4070	0.6356	0.0000	1.9866	2.0613	0.0000	0.0000	0.0000	0.0000		0.0000	0.0000	-0.0021	0.0002	0.0004	1.1973	2.9660	0.0000	0.0000	0.0000	0.0000	0.0000	0.0000	0.0000	0.0000	0.0000	0.0045	0.0045	0.0000	0.0045	0.0045	0.0000	0.0000	0.0000	0.0000	0.0000	0.0000	0.0000	0.0000	0.0000	0.0000	0.0000	0.0000	0.0000	0.0111	0.0071	0.0040	0.0023	0.0022	0.0001	0.0088	0.0049	0.0039
30	100	0.1064	20	1	0	1	1	0	0	0	1	0	1	2	1	0	0	0	0	0	0	N	N	N	N	Y	N	N	N	N	N	N	N	N	N	N	N	N	N	0.0000	0.0000	0.0000	0.0000	0.0000	0.0000	0.0000	0.0000	0.0000	0.0000	0.0000	0.0000	0.0000	0.0000	0.0000	0.0000	0.0000	0.0000	0.0000	0.0000	0.0000	0.0000	0.0000	0.0000	0.0000	0.0000	0.0000			0.0000	0.0000	0.0002	0.0000	1.1973	0.0000	0.0000	0.0000	0.0000	0.0000	0.0000	0.0000	0.0000	0.0000	0.0000	0.0000	0.0000	0.0000	0.0000	0.0000	0.0000	0.0000	0.0000	0.0000	0.0000	0.0000	0.0000	0.0000	0.0000	0.0000	0.0000	0.0000	0.0000	0.0000	0.0000	0.0000	0.0000	0.0000	0.0000	0.0000	0.0000	0.0000
30	101	0.1008	19	1	0	1	1	0	0	0	1	0	1	2	1	0	0	0	0	0	0	N	N	N	N	Y	N	N	N	N	N	N	N	N	N	N	N	N	N	0.0000	0.0000	0.0000	0.0000	0.0000	0.0000	0.0000	0.0000	0.0000	0.0000	0.0000	0.0000	0.0000	0.0000	0.0000	0.0000	0.0000	0.0000	0.0000	0.0000	0.0000	0.0000	0.0000	0.0000	0.0000	0.0000	0.0000			0.0000	0.0000	0.0002	1.0000	1.1973	0.0000	0.0000	0.0000	0.0000	0.0000	0.0000	0.0000	0.0000	0.0000	0.0000	0.0000	0.0000	0.0000	0.0000	0.0000	0.0000	0.0000	0.0000	0.0000	0.0000	0.0000	0.0000	0.0000	0.0000	0.0000	0.0000	0.0000	0.0000	0.0029	0.0018	0.0012	0.0007	0.0006	0.0001	0.0022	0.0012	0.0010
30	102	0.1008	18	1	0	1	1	0	0	0	1	0	1	2	1	0	0	0	0	0	0	N	N	N	N	Y	N	N	N	N	N	N	N	N	N	N	N	N	N	0.0000	0.0000	0.0000	0.0000	0.0000	0.0000	0.0000	0.0000	0.0000	0.0000	0.0000	0.0000	0.0000	0.0000	0.0000	0.0000	0.0000	0.0000	0.0000	0.0000	0.0000	0.0000	0.0000	0.0000	0.0000	0.0000	0.0000			0.0000	0.0000	0.0002	0.0000	1.1973	0.0005	0.0000	0.0000	0.0000	0.0000	0.0000	0.0000	0.0000	0.0000	0.0000	0.0000	0.0000	0.0000	0.0000	0.0000	0.0000	0.0000	0.0000	0.0000	0.0000	0.0000	0.0000	0.0000	0.0000	0.0000	0.0000	0.0000	0.0000	0.0000	0.0000	0.0000	0.0000	0.0000	0.0000	0.0000	0.0000	0.0000
30	104	0.1189	17	2	0	1	1	1	0	1	1	0	1	1	1	0	0	0	0	0	0	Y	N	N	N	N	N	N	N	N	N	N	N	N	N	N	N	N	N	0.0000	0.0000	0.0000	0.0000	0.0000	0.0000	0.0000	0.0000	0.0000	0.0000	0.0000	0.0000	0.0000	0.0000	0.0000	0.0000	0.0000	0.0000	0.0000	0.0000	0.0000	0.0000	0.0000	0.0000	0.0000	0.0000	0.0000			0.0000	0.0000	0.0002	1.0000	1.1973	1.0715	0.0000	0.0000	0.0000	0.0000	0.0000	0.0000	0.0000	0.0000	0.0000	0.0000	0.0000	0.0000	0.0000	0.0000	0.0000	0.0000	0.0000	0.0000	0.0000	0.0000	0.0000	0.0000	0.0000	0.0000	0.0000	0.0000	0.0000	0.0057	0.0035	0.0022	0.0013	0.0011	0.0002	0.0044	0.0024	0.0020
30	105	0.1189	18	1	0	0	1	0	0	0	1	0	2	1	2	0	0	0	0	0	0	N	N	N	N	N	Y	N	N	N	N	N	N	N	N	N	N	N	N	0.0000	0.0000	0.0000	0.0000	0.0000	0.0000	0.0000	0.0000	0.0000	0.0000	0.0000	0.0000	0.0000	0.0000	0.0000	0.0000	0.0000	0.0000	0.0000	0.0000	0.0000	0.0000	0.0000	0.0000	0.0000	0.0000	0.0000			0.0000	0.0000	0.0002	0.0000	1.1973	1.0001	0.0000	0.0000	0.0000	0.0000	0.0000	0.0000	0.0000	0.0000	0.0000	0.0000	0.0000	0.0000	0.0000	0.0000	0.0000	0.0000	0.0000	0.0000	0.0000	0.0000	0.0000	0.0000	0.0000	0.0000	0.0000	0.0000	0.0000	0.0028	0.0017	0.0011	0.0006	0.0005	0.0001	0.0021	0.0012	0.0010
30	106	0.1008	18	1	0	0	1	0	0	0	1	0	2	1	2	0	0	0	0	0	0	N	N	N	N	N	Y	N	N	N	N	N	N	N	N	N	N	N	N	0.0000	0.0000	0.0000	0.0000	0.0000	0.0000	0.0000	0.0000	0.0000	0.0000	0.0000	0.0000	0.0000	0.0000	0.0000	0.0000	0.0000	0.0000	0.0000	0.0000	0.0000	0.0000	0.0000	0.0000	0.0000	0.0000	0.0000			0.0000	0.0000	0.0002	0.0000	1.1973	0.0000	0.0000	0.0000	0.0000	0.0000	0.0000	0.0000	0.0000	0.0000	0.0000	0.0000	0.0000	0.0000	0.0000	0.0000	0.0000	0.0000	0.0000	0.0000	0.0000	0.0000	0.0000	0.0000	0.0000	0.0000	0.0000	0.0000	0.0000	0.0000	0.0000	0.0000	0.0000	0.0000	0.0000	0.0000	0.0000	0.0000
30	107	0.1093	22	1	0	0	1	0	0	0	1	0	2	1	2	0	0	0	0	0	0	N	N	N	N	N	Y	N	N	N	N	N	N	N	N	N	N	N	N	0.0000	0.0000	0.0000	0.0000	0.0000	0.0000	0.0000	0.0000	0.0000	0.0000	0.0000	0.0000	0.0000	0.0000	0.0000	0.0000	0.0000	0.0000	0.0000	0.0000	0.0000	0.0000	0.0000	0.0000	0.0000	0.0000	0.0000			0.0000	0.0000	0.0002	0.0000	1.1973	0.0000	0.0000	0.0000	0.0000	0.0000	0.0000	0.0000	0.0000	0.0000	0.0000	0.0000	0.0000	0.0000	0.0000	0.0000	0.0000	0.0000	0.0000	0.0000	0.0000	0.0000	0.0000	0.0000	0.0000	0.0000	0.0000	0.0000	0.0000	0.0000	0.0000	0.0000	0.0000	0.0000	0.0000	0.0000	0.0000	0.0000
30	113	0.0958	16	2	0	1	1	0	0	0	1	0	1	2	1	0	0	0	0	0	0	Y	N	N	N	Y	N	N	N	N	N	N	N	N	N	N	N	N	N	0.0000	0.0000	0.0000	0.0000	0.0000	0.0000	0.0000	0.0000	0.0000	0.0000	0.0000	0.0000	0.0000	0.0000	0.0000	0.0000	0.0000	0.0000	0.0000	0.0000	0.0000	0.0000	0.0000	0.0000	0.0000	0.0000	0.0000			0.0000	0.0000	0.0002	0.0000	1.1973	1.0000	0.0000	0.0000	0.0000	0.0000	0.0000	0.0000	0.0000	0.0000	0.0000	0.0000	0.0000	0.0000	0.0000	0.0000	0.0000	0.0000	0.0000	0.0000	0.0000	0.0000	0.0000	0.0000	0.0000	0.0000	0.0000	0.0000	0.0000	0.0043	0.0022	0.0021	0.0005	0.0003	0.0002	0.0037	0.0018	0.0019
30	114	0.0901	15	2	0	1	1	1	0	1	1	1	1	2	1	0	0	0	0	0	0	Y	N	N	N	Y	N	N	N	N	N	N	N	N	N	N	N	N	N	0.0000	0.0000	0.0000	0.0000	0.0000	0.0000	0.0000	0.0000	0.0000	0.0000	0.0000	0.0000	0.0000	0.0000	0.0000	0.0000	0.0000	0.0000	0.0000	0.0000	0.0000	0.0000	0.0000	0.0000	0.0000	0.0000	0.0000			0.0000	0.0000	0.0002	0.0000	1.1973	1.0009	0.0000	0.0000	0.0000	0.0000	0.0000	0.0000	0.0000	0.0000	0.0000	0.0000	0.0000	0.0000	0.0000	0.0000	0.0000	0.0000	0.0000	0.0000	0.0000	0.0000	0.0000	0.0000	0.0000	0.0000	0.0000	0.0000	0.0000	0.0030	0.0018	0.0012	0.0007	0.0006	0.0001	0.0024	0.0013	0.0011
30	115	0.1316	19	2	0	1	1	0	0	0	1	0	1	1	1	0	0	0	0	0	0	Y	N	N	N	N	N	N	N	N	N	N	N	N	N	N	N	N	N	0.0000	0.0000	0.0000	0.0000	0.0000	0.0000	0.0000	0.0000	0.0000	0.0000	0.0000	0.0000	0.0000	0.0000	0.0000	0.0000	0.0000	0.0000	0.0000	0.0000	0.0000	0.0000	0.0000	0.0002	0.0000	0.0000	0.0000		inf	0.0000	0.0000	0.0002	0.9998	1.1973	6.9031	0.0000	0.0000	0.0000	0.0000	0.0000	0.0000	0.0000	0.0000	0.0000	0.0000	0.0000	0.0000	0.0000	0.0000	0.0000	0.0000	0.0000	0.0000	0.0000	0.0000	0.0000	0.0000	0.0000	0.0000	0.0000	0.0000	0.0000	0.0273	0.0178	0.0095	0.0095	0.0078	0.0017	0.0178	0.0101	0.0078
30	116	0.1189	18	2	0	1	1	1	0	1	1	0	1	1	1	0	0	0	0	0	0	Y	N	N	N	N	N	N	N	N	N	N	N	N	N	N	N	N	N	0.0000	0.0000	0.0000	0.0000	0.0000	0.0000	0.0000	0.0000	0.0000	0.0000	0.0000	0.0000	0.0000	0.0000	0.0000	0.0000	0.0000	0.0000	0.0000	0.0000	0.0000	0.0001	0.0002	0.0000	0.0000	0.0000	0.0000		0.0000	0.0000	-0.0000	0.0002	0.0012	1.1973	4.2539	0.0000	0.0000	0.0000	0.0000	0.0000	0.0000	0.0000	0.0000	0.0000	0.0000	0.0000	0.0000	0.0000	0.0000	0.0000	0.0000	0.0000	0.0000	0.0000	0.0000	0.0000	0.0000	0.0000	0.0000	0.0000	0.0000	0.0000	0.0116	0.0071	0.0045	0.0026	0.0022	0.0004	0.0090	0.0049	0.0041
30	119	0.1008	18	2	0	1	1	1	0	0	1	0	1	2	1	0	0	0	0	0	0	Y	N	N	N	Y	N	N	N	N	N	N	N	N	N	N	N	N	N	0.0000	0.0000	0.0000	0.0000	0.0000	0.0000	0.0000	0.0000	0.0000	0.0000	0.0000	0.0000	0.0000	0.0000	0.0000	0.0000	0.0000	0.0000	0.0000	0.0000	0.0000	0.0000	0.0000	0.0000	0.0000	0.0000	0.0000			0.0000	0.0000	0.0002	0.0000	1.1973	0.0000	0.0000	0.0000	0.0000	0.0000	0.0000	0.0000	0.0000	0.0000	0.0000	0.0000	0.0000	0.0000	0.0000	0.0000	0.0000	0.0000	0.0000	0.0000	0.0000	0.0000	0.0000	0.0000	0.0000	0.0000	0.0000	0.0000	0.0000	0.0000	0.0000	0.0000	0.0000	0.0000	0.0000	0.0000	0.0000	0.0000
30	120	0.0980	17	1	0	1	1	0	0	1	1	1	1	2	1	0	0	0	0	0	0	N	N	N	N	Y	N	N	N	N	N	N	N	N	N	N	N	N	N	0.0000	0.0000	0.0000	0.0000	0.0000	0.0000	0.0000	0.0000	0.0000	0.0000	0.0000	0.0000	0.0000	0.0000	0.0000	0.0000	0.0000	0.0000	0.0000	0.0000	0.0000	0.0000	0.0000	0.0000	0.0000	0.0000	0.0000			0.0000	0.0000	0.0002	0.0001	1.1973	1.0001	0.0000	0.0000	0.0000	0.0000	0.0000	0.0000	0.0000	0.0000	0.0000	0.0000	0.0000	0.0000	0.0000	0.0000	0.0000	0.0000	0.0000	0.0000	0.0000	0.0000	0.0000	0.0000	0.0000	0.0000	0.0000	0.0000	0.0000	0.0030	0.0018	0.0012	0.0007	0.0006	0.0001	0.0023	0.0012	0.0011
31	32	0.0331	6	2	0	1	0	2	0	1	0	1	0	1	0	0	0	0	0	0	0	Y	N	N	N	N	N	N	N	N	N	N	N	N	N	N	N	N	N	0.0000	0.0000	0.0000	0.0000	0.0000	0.0000	0.0000	0.0000	0.0000	0.0000	0.0000	0.0000	0.0000	0.0000	0.0000	0.0000	0.0000	0.0000	0.0000	0.0000	0.0000	0.0000	0.0000	0.0000	0.0000	0.0000	0.0000		0.0123	0.0000	-0.0000	2.0002	4.9997	1.8085	3.1777	0.0000	0.0000	0.0000	0.0000	0.0000	0.0000	0.0000	0.0000	0.0000	0.0000	0.0000	0.0000	0.0000	0.0000	0.0000	0.0000	0.0000	0.0000	0.1203	0.1035	0.0168	0.0014	0.0014	0.0001	0.1189	0.1021	0.0168	0.0631	0.0293	0.0338	0.0023	0.0023	0.0000	0.0608	0.0270	0.0338
31	37	0.0864	16	2	0	0	1	1	0	0	1	1	1	2	1	0	0	0	0	0	0	Y	N	N	N	Y	N	N	N	N	N	N	N	N	N	N	N	N	N	0.0000	0.0000	0.0000	0.0000	0.0000	0.0000	0.0000	0.0000	0.0000	0.0000	0.0000	0.0000	0.0000	0.0000	0.0000	0.0000	0.0000	0.0000	0.0000	0.0000	0.0000	0.0000	0.0000	0.0000	0.0000	0.0000	0.0000			0.0000	0.0000	2.0002	0.0000	1.8085	2.0000	0.0000	0.0000	0.0000	0.0000	0.0000	0.0000	0.0000	0.0000	0.0000	0.0000	0.0000	0.0000	0.0000	0.0000	0.0000	0.0000	0.0000	0.0000	0.0000	0.0000	0.0000	0.0000	0.0000	0.0000	0.0000	0.0000	0.0000	0.0143	0.0070	0.0073	0.0013	0.0011	0.0002	0.0130	0.0059	0.0071
31	38	0.0907	18	2	0	0	0	1	0	0	0	1	1	2	1	0	0	0	0	0	0	Y	N	N	N	Y	N	N	N	N	N	N	N	N	N	N	N	N	N	0.0000	0.0000	0.0000	0.0000	0.0000	0.0000	0.0000	0.0000	0.0000	0.0000	0.0000	0.0000	0.0000	0.0000	0.0000	0.0000	0.0000	0.0000	0.0000	0.0000	0.0000	0.0000	0.0000	0.0000	0.0000	0.0000	0.0000			0.0000	0.0000	2.0002	0.0000	1.8085	0.4891	0.0000	0.0000	0.0000	0.0000	0.0000	0.0000	0.0000	0.0000	0.0000	0.0000	0.0000	0.0000	0.0000	0.0000	0.0000	0.0000	0.0000	0.0000	0.0000	0.0000	0.0000	0.0000	0.0000	0.0000	0.0000	0.0000	0.0000	0.0086	0.0044	0.0043	0.0035	0.0035	0.0000	0.0051	0.0009	0.0042
31	39	0.0892	17	2	0	0	0	1	0	0	0	1	0	2	0	0	0	0	0	0	0	Y	N	N	N	Y	N	N	N	N	N	N	N	N	N	N	N	N	N	0.0000	0.0000	0.0000	0.0000	0.0000	0.0000	0.0000	0.0000	0.0000	0.0000	0.0000	0.0000	0.0000	0.0000	0.0000	0.0000	0.0000	0.0000	0.0000	0.0000	0.0000	0.0000	0.0000	0.0000	0.0000	0.0000	0.0000			0.0000	0.0000	2.0002	0.0000	1.8085	0.5132	0.0000	0.0000	0.0000	0.0000	0.0000	0.0000	0.0000	0.0000	0.0000	0.0000	0.0000	0.0000	0.0000	0.0000	0.0000	0.0000	0.0000	0.0000	0.0000	0.0000	0.0000	0.0000	0.0000	0.0000	0.0000	0.0000	0.0000	0.0039	0.0019	0.0020	0.0004	0.0004	0.0001	0.0034	0.0015	0.0019
31	40	0.0335	7	2	0	1	0	1	0	1	0	1	0	1	0	0	0	0	0	0	0	Y	N	N	N	N	N	N	N	N	N	N	N	N	N	N	N	N	N	0.0000	0.0000	0.0000	0.0000	0.0000	0.0000	0.0000	0.0000	0.0000	0.0000	0.0000	0.0000	0.0000	0.0000	0.0000	0.0000	0.0000	0.0000	0.0003	0.0006	0.0000	0.0640	0.0641	0.0000	0.0000	0.0000	0.0000		0.0000	0.0000	-0.0000	2.0002	1.0010	1.8085	2.9998	0.0000	0.0000	0.0000	0.0000	0.0000	0.0000	0.0000	0.0000	0.0000	0.0000	0.0000	0.0000	0.0000	0.0000	0.0000	0.0000	0.0000	0.0000	0.0247	0.0213	0.0034	0.0006	0.0006	0.0000	0.0241	0.0207	0.0034	0.0297	0.0134	0.0163	0.0001	0.0001	0.0000	0.0296	0.0133	0.0163
31	41	0.1116	17	2	0	1	1	1	0	1	0	1	0	2	1	0	0	0	0	0	0	Y	N	N	N	Y	N	N	N	N	N	N	N	N	N	N	N	N	N	0.0000	0.0000	0.0000	0.0000	0.0000	0.0000	0.0000	0.0000	0.0000	0.0000	0.0000	0.0000	0.0000	0.0000	0.0000	0.0000	0.0000	0.0000	0.0000	0.0000	0.0000	0.0000	0.0000	0.0000	0.0000	0.0000	0.0000			0.0000	0.0000	2.0002	0.0000	1.8085	0.0000	0.0000	0.0000	0.0000	0.0000	0.0000	0.0000	0.0000	0.0000	0.0000	0.0000	0.0000	0.0000	0.0000	0.0000	0.0000	0.0000	0.0000	0.0000	0.0000	0.0000	0.0000	0.0000	0.0000	0.0000	0.0000	0.0000	0.0000	0.0000	0.0000	0.0000	0.0000	0.0000	0.0000	0.0000	0.0000	0.0000
31	42	0.1116	16	2	0	0	1	1	0	0	1	1	0	2	1	0	0	0	0	0	0	Y	N	N	N	Y	N	N	N	N	N	N	N	N	N	N	N	N	N	0.0000	0.0000	0.0000	0.0000	0.0000	0.0000	0.0000	0.0000	0.0000	0.0000	0.0000	0.0000	0.0000	0.0000	0.0000	0.0000	0.0000	0.0000	0.0000	0.0000	0.0000	0.0000	0.0000	0.0000	0.0000	0.0000	0.0000			0.0000	0.0000	2.0002	0.0001	1.8085	0.0001	0.0000	0.0000	0.0000	0.0000	0.0000	0.0000	0.0000	0.0000	0.0000	0.0000	0.0000	0.0000	0.0000	0.0000	0.0000	0.0000	0.0000	0.0000	0.0000	0.0000	0.0000	0.0000	0.0000	0.0000	0.0000	0.0000	0.0000	0.0000	0.0000	0.0000	0.0000	0.0000	0.0000	0.0000	0.0000	0.0000
31	43	0.1116	16	2	0	1	0	1	0	1	0	1	0	2	1	0	0	0	0	0	0	Y	N	N	N	Y	N	N	N	N	N	N	N	N	N	N	N	N	N	0.0000	0.0000	0.0000	0.0000	0.0000	0.0000	0.0000	0.0000	0.0000	0.0000	0.0000	0.0000	0.0000	0.0000	0.0000	0.0000	0.0000	0.0000	0.0000	0.0000	0.0000	0.0000	0.0000	0.0000	0.0000	0.0000	0.0000			0.0000	0.0000	2.0002	0.0000	1.8085	0.0000	0.0000	0.0000	0.0000	0.0000	0.0000	0.0000	0.0000	0.0000	0.0000	0.0000	0.0000	0.0000	0.0000	0.0000	0.0000	0.0000	0.0000	0.0000	0.0000	0.0000	0.0000	0.0000	0.0000	0.0000	0.0000	0.0000	0.0000	0.0000	0.0000	0.0000	0.0000	0.0000	0.0000	0.0000	0.0000	0.0000
31	44	0.0891	15	2	0	0	0	1	0	0	0	1	1	2	1	0	0	0	0	0	0	Y	N	N	N	Y	N	N	N	N	N	N	N	N	N	N	N	N	N	13085.3857	0.0000	276966.1176	0.0000	0.0000	0.0000	11660.6736	0.0000	268985.4424	13.7104	0.0000	97.9087	0.0000	0.0000	0.0000	13.8918	0.0000	98.2586	0.0010	0.0017	0.0004	0.0000	0.0000	0.0000	0.0012	0.0022	0.0004	inf	0.2001	0.4396	-0.0000	2.0002	2.9998	1.8085	4.8980	0.9999	0.0000	0.9999	0.0000	0.0000	0.0000	0.9999	0.0000	0.9999	0.0001	0.0000	0.0000	0.0000	0.0000	0.0000	0.0001	0.0000	0.0000	0.0729	0.0627	0.0102	0.0010	0.0009	0.0000	0.0720	0.0618	0.0102	0.0573	0.0290	0.0283	0.0069	0.0060	0.0009	0.0504	0.0230	0.0274
31	45	0.0834	14	2	0	0	0	1	0	0	0	2	0	2	0	0	0	0	0	0	0	Y	N	N	N	Y	N	N	N	N	N	N	N	N	N	N	N	N	N	16945820.0498	0.0000	360683692.2997	0.0000	0.0000	0.0000	21665144.0600	0.0000	351006324.5128	10.0140	0.0000	70.8854	0.0000	0.0000	0.0000	10.4587	0.0000	71.1188	0.0000	0.0000	0.0000	0.0000	0.0000	0.0000	0.0000	0.0000	0.0000	inf	0.1875	0.0000	-0.0000	2.0002	0.0002	1.8085	2.0813	0.0001	0.0000	0.0001	0.0000	0.0000	0.0000	0.0001	0.0000	0.0001	0.0000	0.0000	0.0000	0.0000	0.0000	0.0000	0.0000	0.0000	0.0000	0.0000	0.0000	0.0000	0.0000	0.0000	0.0000	0.0000	0.0000	0.0000	0.0161	0.0084	0.0076	0.0020	0.0018	0.0002	0.0141	0.0067	0.0074
31	46	0.0900	15	2	0	1	0	1	0	0	0	1	0	2	0	0	0	0	0	0	0	Y	N	N	N	Y	N	N	N	N	N	N	N	N	N	N	N	N	N	0.0000	0.0000	0.0000	0.0000	0.0000	0.0000	0.0000	0.0000	0.0000	0.0000	0.0000	0.0000	0.0000	0.0000	0.0000	0.0000	0.0000	0.0000	0.0000	0.0000	0.0000	0.0000	0.0000	0.0000	0.0000	0.0000	0.0000			0.0000	0.0000	2.0002	0.0000	1.8085	0.0000	0.0000	0.0000	0.0000	0.0000	0.0000	0.0000	0.0000	0.0000	0.0000	0.0000	0.0000	0.0000	0.0000	0.0000	0.0000	0.0000	0.0000	0.0000	0.0000	0.0000	0.0000	0.0000	0.0000	0.0000	0.0000	0.0000	0.0000	0.0000	0.0000	0.0000	0.0000	0.0000	0.0000	0.0000	0.0000	0.0000
31	52	0.1063	19	2	0	1	0	1	0	0	0	1	1	1	1	0	0	0	0	0	0	Y	N	N	N	N	N	N	N	N	N	N	N	N	N	N	N	N	N	0.0000	0.0000	0.0000	0.0000	0.0000	0.0000	0.0000	0.0000	0.0000	0.0000	0.0000	0.0000	0.0000	0.0000	0.0000	0.0000	0.0000	0.0000	0.0000	0.0000	0.0000	0.0000	0.0000	0.0000	0.0000	0.0000	0.0000			0.0000	0.0000	2.0002	0.0000	1.8085	2.0000	0.0000	0.0000	0.0000	0.0000	0.0000	0.0000	0.0000	0.0000	0.0000	0.0000	0.0000	0.0000	0.0000	0.0000	0.0000	0.0000	0.0000	0.0000	0.0000	0.0000	0.0000	0.0000	0.0000	0.0000	0.0000	0.0000	0.0000	0.0188	0.0102	0.0087	0.0030	0.0025	0.0005	0.0158	0.0076	0.0082
31	53	0.1030	18	2	0	1	0	1	0	0	0	1	0	1	0	0	0	0	0	0	0	Y	N	N	N	N	N	N	N	N	N	N	N	N	N	N	N	N	N	0.0000	0.0000	0.0000	0.0000	0.0000	0.0000	0.0000	0.0000	0.0000	0.0000	0.0000	0.0000	0.0000	0.0000	0.0000	0.0000	0.0000	0.0000	0.0000	0.0000	0.0000	0.0000	0.0000	0.0000	0.0000	0.0000	0.0000			0.0000	0.0000	2.0002	0.9935	1.8085	0.0062	0.0000	0.0000	0.0000	0.0000	0.0000	0.0000	0.0000	0.0000	0.0000	0.0000	0.0000	0.0000	0.0000	0.0000	0.0000	0.0000	0.0000	0.0000	0.0312	0.0269	0.0043	0.0008	0.0008	0.0000	0.0304	0.0261	0.0043	0.0098	0.0053	0.0045	0.0016	0.0014	0.0003	0.0082	0.0040	0.0042
31	54	0.0930	17	2	0	1	0	1	0	0	0	1	0	1	0	0	0	0	0	0	0	Y	N	N	N	N	N	N	N	N	N	N	N	N	N	N	N	N	N	0.0000	0.0000	0.0000	0.0000	0.0000	0.0000	0.0000	0.0000	0.0000	0.0000	0.0000	0.0000	0.0000	0.0000	0.0000	0.0000	0.0000	0.0000	0.0000	0.0000	0.0000	0.0000	0.0000	0.0000	0.0000	0.0000	0.0000			0.0000	0.0000	2.0002	0.0065	1.8085	3.0034	0.0000	0.0000	0.0000	0.0000	0.0000	0.0000	0.0000	0.0000	0.0000	0.0000	0.0000	0.0000	0.0000	0.0000	0.0000	0.0000	0.0000	0.0000	0.0002	0.0001	0.0000	0.0000	0.0000	0.0000	0.0002	0.0001	0.0000	0.0218	0.0108	0.0110	0.0023	0.0019	0.0003	0.0195	0.0089	0.0106
31	55	0.0892	17	2	0	0	0	1	0	0	0	1	1	2	1	0	0	0	0	0	0	Y	N	N	N	Y	N	N	N	N	N	N	N	N	N	N	N	N	N	0.0000	0.0000	0.0000	0.0000	0.0000	0.0000	0.0000	0.0000	0.0000	0.0000	0.0000	0.0000	0.0000	0.0000	0.0000	0.0000	0.0000	0.0000	0.0000	0.0000	0.0000	0.0000	0.0000	0.0000	0.0000	0.0000	0.0000			0.0000	0.0000	2.0002	0.0000	1.8085	1.0065	0.0000	0.0000	0.0000	0.0000	0.0000	0.0000	0.0000	0.0000	0.0000	0.0000	0.0000	0.0000	0.0000	0.0000	0.0000	0.0000	0.0000	0.0000	0.0000	0.0000	0.0000	0.0000	0.0000	0.0000	0.0000	0.0000	0.0000	0.0074	0.0036	0.0038	0.0008	0.0007	0.0001	0.0066	0.0030	0.0036
31	56	0.0864	16	2	0	0	0	1	0	0	0	1	0	2	0	0	0	0	0	0	0	Y	N	N	N	Y	N	N	N	N	N	N	N	N	N	N	N	N	N	0.0000	0.0000	0.0000	0.0000	0.0000	0.0000	0.0000	0.0000	0.0000	0.0000	0.0000	0.0000	0.0000	0.0000	0.0000	0.0000	0.0000	0.0000	0.0000	0.0000	0.0000	0.0000	0.0000	0.0000	0.0000	0.0000	0.0000			0.0000	0.0000	2.0002	0.0000	1.8085	1.0047	0.0000	0.0000	0.0000	0.0000	0.0000	0.0000	0.0000	0.0000	0.0000	0.0000	0.0000	0.0000	0.0000	0.0000	0.0000	0.0000	0.0000	0.0000	0.0000	0.0000	0.0000	0.0000	0.0000	0.0000	0.0000	0.0000	0.0000	0.0072	0.0035	0.0037	0.0007	0.0006	0.0001	0.0065	0.0030	0.0036
31	57	0.0864	15	2	0	0	0	1	0	0	0	2	0	2	0	0	0	0	0	0	0	Y	N	N	N	Y	N	N	N	N	N	N	N	N	N	N	N	N	N	0.0000	0.0000	0.0000	0.0000	0.0000	0.0000	0.0000	0.0000	0.0000	0.0000	0.0000	0.0000	0.0000	0.0000	0.0000	0.0000	0.0000	0.0000	0.0000	0.0000	0.0000	0.0000	0.0000	0.0000	0.0000	0.0000	0.0000			0.0000	0.0000	2.0002	0.0000	1.8085	0.0000	0.0000	0.0000	0.0000	0.0000	0.0000	0.0000	0.0000	0.0000	0.0000	0.0000	0.0000	0.0000	0.0000	0.0000	0.0000	0.0000	0.0000	0.0000	0.0000	0.0000	0.0000	0.0000	0.0000	0.0000	0.0000	0.0000	0.0000	0.0000	0.0000	0.0000	0.0000	0.0000	0.0000	0.0000	0.0000	0.0000
31	58	0.0930	17	2	0	1	0	1	0	0	0	1	0	1	0	0	0	0	0	0	0	Y	N	N	N	N	N	N	N	N	N	N	N	N	N	N	N	N	N	0.0000	0.0000	0.0000	0.0000	0.0000	0.0000	0.0000	0.0000	0.0000	0.0000	0.0000	0.0000	0.0000	0.0000	0.0000	0.0000	0.0000	0.0000	0.0000	0.0000	0.0000	0.0000	0.0000	0.0000	0.0000	0.0000	0.0000			0.0000	0.0000	2.0002	0.0000	1.8085	1.0108	0.0000	0.0000	0.0000	0.0000	0.0000	0.0000	0.0000	0.0000	0.0000	0.0000	0.0000	0.0000	0.0000	0.0000	0.0000	0.0000	0.0000	0.0000	0.0000	0.0000	0.0000	0.0000	0.0000	0.0000	0.0000	0.0000	0.0000	0.0076	0.0038	0.0038	0.0009	0.0008	0.0001	0.0067	0.0031	0.0037
31	59	0.0864	16	2	0	1	0	1	0	0	0	1	0	1	0	0	0	0	0	0	0	Y	N	N	N	N	N	N	N	N	N	N	N	N	N	N	N	N	N	0.0000	0.0000	0.0000	0.0000	0.0000	0.0000	0.0000	0.0000	0.0000	0.0000	0.0000	0.0000	0.0000	0.0000	0.0000	0.0000	0.0000	0.0000	0.0005	0.0010	0.0000	0.0051	0.0061	0.0000	0.0000	0.0000	0.0000		0.0028	0.0000	-0.0000	2.0002	0.0001	1.8085	2.3402	0.0000	0.0000	0.0000	0.0000	0.0000	0.0000	0.0000	0.0000	0.0000	0.0000	0.0000	0.0000	0.0000	0.0000	0.0000	0.0000	0.0000	0.0000	0.0000	0.0000	0.0000	0.0000	0.0000	0.0000	0.0000	0.0000	0.0000	0.0167	0.0082	0.0085	0.0016	0.0013	0.0003	0.0151	0.0069	0.0083
31	60	0.0864	15	2	0	1	0	1	0	1	0	1	0	1	0	0	0	0	0	0	0	Y	N	N	N	N	N	N	N	N	N	N	N	N	N	N	N	N	N	0.0000	0.0000	0.0000	0.0000	0.0000	0.0000	0.0000	0.0000	0.0000	0.0000	0.0000	0.0000	0.0000	0.0000	0.0000	0.0000	0.0000	0.0000	0.0000	0.0000	0.0000	0.0000	0.0000	0.0000	0.0000	0.0000	0.0000			0.0000	0.0000	2.0002	0.0000	1.8085	0.0002	0.0000	0.0000	0.0000	0.0000	0.0000	0.0000	0.0000	0.0000	0.0000	0.0000	0.0000	0.0000	0.0000	0.0000	0.0000	0.0000	0.0000	0.0000	0.0000	0.0000	0.0000	0.0000	0.0000	0.0000	0.0000	0.0000	0.0000	0.0000	0.0000	0.0000	0.0000	0.0000	0.0000	0.0000	0.0000	0.0000
31	61	0.0834	14	2	0	0	0	1	0	0	0	1	0	1	0	0	0	0	0	0	0	Y	N	N	N	N	N	N	N	N	N	N	N	N	N	N	N	N	N	0.0000	0.0000	0.0000	0.0000	0.0000	0.0000	0.0000	0.0000	0.0000	0.0000	0.0000	0.0000	0.0000	0.0000	0.0000	0.0000	0.0000	0.0000	0.0000	0.0000	0.0000	0.0000	0.0000	0.0000	0.0000	0.0000	0.0000			0.0000	0.0000	2.0002	0.0000	1.8085	1.0227	0.0000	0.0000	0.0000	0.0000	0.0000	0.0000	0.0000	0.0000	0.0000	0.0000	0.0000	0.0000	0.0000	0.0000	0.0000	0.0000	0.0000	0.0000	0.0000	0.0000	0.0000	0.0000	0.0000	0.0000	0.0000	0.0000	0.0000	0.0085	0.0048	0.0038	0.0013	0.0012	0.0001	0.0073	0.0036	0.0037
31	62	0.0780	13	2	0	0	0	1	0	0	0	1	0	1	0	0	0	0	0	0	0	Y	N	N	N	N	N	N	N	N	N	N	N	N	N	N	N	N	N	0.0000	0.0000	0.0000	0.0000	0.0000	0.0000	0.0000	0.0000	0.0000	0.0000	0.0000	0.0000	0.0000	0.0000	0.0000	0.0000	0.0000	0.0000	0.0372	0.0746	0.0000	0.2281	0.2392	0.0000	0.0000	0.0000	0.0000		0.0000	0.0000	-0.0003	2.0002	0.4815	1.8085	1.4942	0.0000	0.0000	0.0000	0.0000	0.0000	0.0000	0.0000	0.0000	0.0000	0.0007	0.0007	0.0000	0.0007	0.0007	0.0000	0.0000	0.0000	0.0000	0.0156	0.0134	0.0022	0.0021	0.0021	0.0000	0.0136	0.0114	0.0022	0.0177	0.0088	0.0089	0.0029	0.0028	0.0001	0.0148	0.0061	0.0087
31	63	0.0335	7	2	0	0	0	1	0	0	0	1	1	1	1	0	0	0	0	0	0	Y	N	N	N	N	N	N	N	N	N	N	N	N	N	N	N	N	N	0.0000	0.0000	0.0000	0.0000	0.0000	0.0000	0.0000	0.0000	0.0000	0.0000	0.0000	0.0000	0.0000	0.0000	0.0000	0.0000	0.0000	0.0000	0.0000	0.0000	0.0000	0.0000	0.0000	0.0000	0.0000	0.0000	0.0000			0.0000	0.0000	2.0002	0.0023	1.8085	3.0060	0.0000	0.0000	0.0000	0.0000	0.0000	0.0000	0.0000	0.0000	0.0000	0.0000	0.0000	0.0000	0.0000	0.0000	0.0000	0.0000	0.0000	0.0000	0.0001	0.0001	0.0000	0.0000	0.0000	0.0000	0.0001	0.0001	0.0000	0.0225	0.0102	0.0123	0.0001	0.0001	0.0000	0.0224	0.0100	0.0123
31	64	0.0306	6	2	0	0	0	2	0	0	0	1	0	1	0	0	0	0	0	0	0	Y	N	N	N	N	N	N	N	N	N	N	N	N	N	N	N	N	N	0.0000	0.0000	0.0000	0.0000	0.0000	0.0000	0.0000	0.0000	0.0000	0.0000	0.0000	0.0000	0.0000	0.0000	0.0000	0.0000	0.0000	0.0000	0.0011	0.0023	0.0000	0.0000	0.0000	0.0000	0.0011	0.0024	0.0000		0.0051	0.0000	-0.0000	2.0002	0.9990	1.8085	0.0212	0.0000	0.0000	0.0000	0.0000	0.0000	0.0000	0.0000	0.0000	0.0000	0.0000	0.0000	0.0000	0.0000	0.0000	0.0000	0.0000	0.0000	0.0000	0.0246	0.0212	0.0034	0.0006	0.0006	0.0000	0.0240	0.0206	0.0034	0.0077	0.0034	0.0042	0.0000	0.0000	0.0000	0.0076	0.0034	0.0042
31	68	0.0998	14	2	0	1	0	1	0	1	0	1	0	2	0	0	0	0	0	0	0	Y	N	N	N	Y	N	N	N	N	N	N	N	N	N	N	N	N	N	62396.0534	inf	0.0000	40187.3905	inf	0.0000	0.0000	0.0000	0.0000	0.6430	0.7366	0.0000	2.3999	2.4037	0.0000	0.0000	0.0000	0.0000	0.0000	0.0000	0.0000	0.0001	0.0000	0.0008	0.0000	0.0000	0.0000	0.0000	inf	-0.0000	0.0000	2.0002	0.0002	1.8085	1.2554	0.0000	0.0000	0.0000	0.0000	0.0000	0.0000	0.0000	0.0000	0.0000	0.0000	0.0000	0.0000	0.0000	0.0000	0.0000	0.0000	0.0000	0.0000	0.0000	0.0000	0.0000	0.0000	0.0000	0.0000	0.0000	0.0000	0.0000	0.0131	0.0070	0.0061	0.0020	0.0018	0.0001	0.0112	0.0052	0.0060
31	69	0.0812	12	2	0	0	0	1	0	0	0	1	0	1	0	0	0	0	0	0	0	Y	N	N	N	N	N	N	N	N	N	N	N	N	N	N	N	N	N	0.0000	0.0000	0.0000	0.0000	0.0000	0.0000	0.0000	0.0000	0.0000	0.0000	0.0000	0.0000	0.0000	0.0000	0.0000	0.0000	0.0000	0.0000	0.0004	0.0000	0.0008	0.0000	0.0000	0.0000	0.0005	0.0000	0.0009		95.4620	0.0000	0.0000	2.0002	1.0007	1.8085	1.2584	0.0000	0.0000	0.0000	0.0000	0.0000	0.0000	0.0000	0.0000	0.0000	0.0000	0.0000	0.0000	0.0000	0.0000	0.0000	0.0000	0.0000	0.0000	0.0247	0.0213	0.0035	0.0006	0.0006	0.0000	0.0242	0.0207	0.0034	0.0201	0.0104	0.0097	0.0039	0.0030	0.0009	0.0162	0.0074	0.0087
31	70	0.0671	11	2	0	0	0	2	0	0	0	1	0	1	0	0	0	0	0	0	0	Y	N	N	N	N	N	N	N	N	N	N	N	N	N	N	N	N	N	0.0000	0.0000	0.0000	0.0000	0.0000	0.0000	0.0000	0.0000	0.0000	0.0000	0.0000	0.0000	0.0000	0.0000	0.0000	0.0000	0.0000	0.0000	0.1236	0.0016	0.2425	0.0058	0.0033	0.0244	0.1336	0.0014	0.2466		152.9961	0.0000	0.0023	2.0002	3.0007	1.8085	1.9606	0.0000	0.0000	0.0000	0.0000	0.0000	0.0000	0.0000	0.0000	0.0000	0.0044	0.0000	0.0044	0.0000	0.0000	0.0000	0.0044	0.0000	0.0044	0.0732	0.0630	0.0102	0.0012	0.0012	0.0001	0.0720	0.0618	0.0102	0.0357	0.0176	0.0181	0.0028	0.0025	0.0003	0.0329	0.0152	0.0178
31	71	0.1506	8	1	0	0	0	1	0	0	0	2	0	2	0	0	0	0	0	0	0	N	N	N	N	Y	N	N	N	N	N	N	N	N	N	N	N	N	N	0.0000	0.0000	0.0000	0.0000	0.0000	0.0000	0.0000	0.0000	0.0000	0.0000	0.0000	0.0000	0.0000	0.0000	0.0000	0.0000	0.0000	0.0000	0.0016	0.0027	0.0000	0.0051	0.0058	0.0000	0.0000	0.0000	0.0000		0.0000	0.0000	-0.0003	2.0002	6.1029	1.8085	20.9537	0.0000	0.0000	0.0000	0.0000	0.0000	0.0000	0.0000	0.0000	0.0000	0.0006	0.0006	0.0000	0.0006	0.0006	0.0000	0.0000	0.0000	0.0000	0.2163	0.1886	0.0277	0.0209	0.0203	0.0005	0.1955	0.1682	0.0272	0.3467	0.2088	0.1379	0.1126	0.0985	0.0141	0.2341	0.1103	0.1238
31	73	0.0998	15	2	0	1	0	1	0	1	0	1	0	2	1	0	0	0	0	0	0	Y	N	N	N	Y	N	N	N	N	N	N	N	N	N	N	N	N	N	0.0000	0.0000	0.0000	0.0000	0.0000	0.0000	0.0000	0.0000	0.0000	0.0000	0.0000	0.0000	0.0000	0.0000	0.0000	0.0000	0.0000	0.0000	0.0000	0.0000	0.0000	0.0000	0.0000	0.0000	0.0000	0.0000	0.0000			0.0000	0.0000	2.0002	0.0000	1.8085	0.0000	0.0000	0.0000	0.0000	0.0000	0.0000	0.0000	0.0000	0.0000	0.0000	0.0000	0.0000	0.0000	0.0000	0.0000	0.0000	0.0000	0.0000	0.0000	0.0000	0.0000	0.0000	0.0000	0.0000	0.0000	0.0000	0.0000	0.0000	0.0000	0.0000	0.0000	0.0000	0.0000	0.0000	0.0000	0.0000	0.0000
31	74	0.0556	9	2	0	1	0	2	0	1	0	1	0	1	0	0	0	0	0	0	0	Y	N	N	N	N	N	N	N	N	N	N	N	N	N	N	N	N	N	0.0000	0.0000	0.0000	0.0000	0.0000	0.0000	0.0000	0.0000	0.0000	0.0000	0.0000	0.0000	0.0000	0.0000	0.0000	0.0000	0.0000	0.0000	0.0008	0.0009	0.0007	0.0062	0.0069	0.0000	0.0004	0.0000	0.0007		0.8253	0.0000	-0.0000	2.0002	2.9595	1.8085	5.1315	0.0000	0.0000	0.0000	0.0000	0.0000	0.0000	0.0000	0.0000	0.0000	0.0000	0.0000	0.0000	0.0000	0.0000	0.0000	0.0000	0.0000	0.0000	0.0722	0.0621	0.0101	0.0012	0.0011	0.0001	0.0710	0.0610	0.0100	0.0573	0.0280	0.0294	0.0039	0.0035	0.0004	0.0535	0.0245	0.0290
31	75	0.0998	15	2	0	0	0	1	0	0	0	1	0	2	1	0	0	0	0	0	0	Y	N	N	N	Y	N	N	N	N	N	N	N	N	N	N	N	N	N	0.0000	0.0000	0.0000	0.0000	0.0000	0.0000	0.0000	0.0000	0.0000	0.0000	0.0000	0.0000	0.0000	0.0000	0.0000	0.0000	0.0000	0.0000	0.0000	0.0000	0.0000	0.0000	0.0000	0.0000	0.0000	0.0000	0.0000			0.0000	0.0000	2.0002	0.0000	1.8085	1.0000	0.0000	0.0000	0.0000	0.0000	0.0000	0.0000	0.0000	0.0000	0.0000	0.0000	0.0000	0.0000	0.0000	0.0000	0.0000	0.0000	0.0000	0.0000	0.0000	0.0000	0.0000	0.0000	0.0000	0.0000	0.0000	0.0000	0.0000	0.0094	0.0056	0.0038	0.0007	0.0006	0.0001	0.0087	0.0050	0.0037
31	76	0.0998	14	2	0	0	0	1	0	0	0	1	1	2	1	0	0	0	0	0	0	Y	N	N	N	Y	N	N	N	N	N	N	N	N	N	N	N	N	N	0.0000	0.0000	0.0000	0.0000	0.0000	0.0000	0.0000	0.0000	0.0000	0.0000	0.0000	0.0000	0.0000	0.0000	0.0000	0.0000	0.0000	0.0000	0.0000	0.0000	0.0000	0.0000	0.0000	0.0000	0.0000	0.0000	0.0000			0.0000	0.0000	2.0002	0.0000	1.8085	0.0000	0.0000	0.0000	0.0000	0.0000	0.0000	0.0000	0.0000	0.0000	0.0000	0.0000	0.0000	0.0000	0.0000	0.0000	0.0000	0.0000	0.0000	0.0000	0.0000	0.0000	0.0000	0.0000	0.0000	0.0000	0.0000	0.0000	0.0000	0.0012	0.0006	0.0005	0.0006	0.0006	0.0000	0.0006	0.0000	0.0005
31	77	0.0780	13	2	0	0	0	1	0	0	0	2	0	2	0	0	0	0	0	0	0	Y	N	N	N	Y	N	N	N	N	N	N	N	N	N	N	N	N	N	0.0001	0.0000	0.0000	0.0000	0.0000	0.0000	0.0001	0.0001	0.0000	0.0026	0.0031	0.0000	0.0000	0.0000	0.0000	0.0053	0.0075	0.0000	33.1313	66.9909	0.0000	0.0027	0.0029	0.0000	37.9063	87.8801	0.0000	0.0000	0.0000	-0.0000	-0.4737	2.0002	0.0002	1.8085	3.7635	0.0000	0.0000	0.0000	0.0000	0.0000	0.0000	0.0000	0.0000	0.0000	0.9994	0.9994	0.0000	0.0000	0.0000	0.0000	0.9993	0.9993	0.0000	0.0038	0.0032	0.0006	0.0019	0.0019	0.0000	0.0019	0.0013	0.0006	0.0302	0.0149	0.0152	0.0038	0.0035	0.0003	0.0264	0.0114	0.0150
31	78	0.0722	12	2	0	0	0	2	0	0	0	1	0	1	0	0	0	0	0	0	0	Y	N	N	N	N	N	N	N	N	N	N	N	N	N	N	N	N	N	0.0000	0.0000	0.0000	0.0000	0.0000	0.0000	0.0000	0.0000	0.0000	0.0000	0.0000	0.0000	0.0000	0.0000	0.0000	0.0000	0.0000	0.0000	0.0454	0.0918	0.0011	0.0000	0.0000	0.0000	0.0491	0.1061	0.0011		0.0122	0.0000	-0.0003	2.0002	0.5196	1.8085	1.5432	0.0000	0.0000	0.0000	0.0000	0.0000	0.0000	0.0000	0.0000	0.0000	0.0007	0.0007	0.0000	0.0000	0.0000	0.0000	0.0007	0.0007	0.0000	0.0128	0.0110	0.0018	0.0002	0.0002	0.0000	0.0126	0.0108	0.0018	0.0147	0.0072	0.0075	0.0011	0.0010	0.0001	0.0136	0.0062	0.0074
31	79	0.0656	9	2	0	1	0	1	0	0	0	1	0	1	0	0	0	0	0	0	0	Y	N	N	N	N	N	N	N	N	N	N	N	N	N	N	N	N	N	16.2744	9.4148	0.0000	0.0000	0.0000	0.0000	15.1743	8.0012	0.0000	0.0048	0.0055	0.0000	0.0000	0.0000	0.0000	0.0049	0.0057	0.0000	0.0003	0.0006	0.0000	0.0000	0.0000	0.0000	0.0003	0.0007	0.0000	0.0000	0.0008	-0.0001	-0.0000	2.0002	1.0047	1.8085	3.0004	0.0001	0.0001	0.0000	0.0000	0.0000	0.0000	0.0001	0.0001	0.0000	0.0000	0.0000	0.0000	0.0000	0.0000	0.0000	0.0000	0.0000	0.0000	0.0293	0.0252	0.0041	0.0009	0.0009	0.0000	0.0284	0.0243	0.0040	0.0342	0.0171	0.0172	0.0036	0.0032	0.0004	0.0307	0.0139	0.0168
31	80	0.0548	8	2	0	1	0	1	0	0	0	1	0	1	0	0	0	0	0	0	0	Y	N	N	N	N	N	N	N	N	N	N	N	N	N	N	N	N	N	582.7391	342.0937	0.0000	23.0911	22.1365	0.0000	70205.5752	49530.8159	0.0000	0.4145	0.4817	0.0000	0.1565	0.1616	0.0000	0.4245	0.4958	0.0000	0.0007	0.0014	0.0000	0.0068	0.0073	0.0000	0.0000	0.0000	0.0000	0.0000	0.0021	-0.0059	-0.0000	2.0002	1.0096	1.8085	2.0672	0.0105	0.0105	0.0000	0.0001	0.0001	0.0000	0.0104	0.0104	0.0000	0.0000	0.0000	0.0000	0.0000	0.0000	0.0000	0.0000	0.0000	0.0000	0.0254	0.0218	0.0035	0.0009	0.0009	0.0000	0.0244	0.0209	0.0035	0.0230	0.0116	0.0114	0.0024	0.0022	0.0002	0.0206	0.0094	0.0112
31	81	0.0477	7	2	0	1	0	2	0	1	0	1	0	1	0	0	0	0	0	0	0	Y	N	N	N	N	N	N	N	N	N	N	N	N	N	N	N	N	N	45283.1515	25663.2482	292.9122	0.0000	0.0000	0.0000	43181.9224	23028.5521	291.6150	40.5586	47.1734	0.0029	0.0000	0.0000	0.0000	41.2439	48.0611	0.0029	0.0009	0.0018	0.0000	0.0000	0.0000	0.0000	0.0010	0.0021	0.0000	0.0000	0.0058	-0.5545	-0.0000	2.0002	0.9933	1.8085	1.5154	0.9896	0.9896	0.0000	0.0000	0.0000	0.0000	0.9896	0.9896	0.0000	0.0000	0.0000	0.0000	0.0000	0.0000	0.0000	0.0000	0.0000	0.0000	0.0244	0.0210	0.0034	0.0004	0.0004	0.0000	0.0240	0.0206	0.0034	0.0181	0.0088	0.0093	0.0011	0.0011	0.0001	0.0170	0.0077	0.0093
31	82	0.0421	5	2	0	1	0	1	0	1	0	1	0	1	0	0	0	0	0	0	0	Y	N	N	N	N	N	N	N	N	N	N	N	N	N	N	N	N	N	0.0000	0.0000	0.0000	0.0000	0.0000	0.0000	0.0000	0.0000	0.0000	0.0000	0.0000	0.0000	0.0000	0.0000	0.0000	0.0000	0.0000	0.0000	0.0000	0.0000	0.0000	0.0000	0.0000	0.0000	0.0000	0.0000	0.0000		0.0000	0.0000	-0.0000	2.0002	4.0000	1.8085	3.0004	0.0000	0.0000	0.0000	0.0000	0.0000	0.0000	0.0000	0.0000	0.0000	0.0000	0.0000	0.0000	0.0000	0.0000	0.0000	0.0000	0.0000	0.0000	0.0970	0.0835	0.0136	0.0015	0.0014	0.0001	0.0955	0.0820	0.0135	0.0513	0.0233	0.0280	0.0009	0.0008	0.0001	0.0504	0.0225	0.0278
31	84	0.0644	10	2	0	1	0	2	0	1	0	1	0	1	0	0	0	0	0	0	0	Y	N	N	N	N	N	N	N	N	N	N	N	N	N	N	N	N	N	0.0000	0.0000	0.0000	0.0000	0.0000	0.0000	0.0000	0.0000	0.0000	0.0000	0.0000	0.0000	0.0000	0.0000	0.0000	0.0000	0.0000	0.0000	0.1346	0.2740	0.0007	1.9274	2.1220	0.0000	0.0015	0.0024	0.0007		0.0026	0.0000	-0.0036	2.0002	2.0009	1.8085	6.0608	0.0000	0.0000	0.0000	0.0000	0.0000	0.0000	0.0000	0.0000	0.0000	0.0077	0.0077	0.0000	0.0076	0.0076	0.0000	0.0001	0.0001	0.0000	0.0491	0.0422	0.0069	0.0008	0.0008	0.0000	0.0482	0.0414	0.0068	0.0573	0.0281	0.0292	0.0040	0.0036	0.0004	0.0533	0.0245	0.0289
31	85	0.0311	3	2	0	1	0	1	0	0	0	1	0	1	0	0	0	0	0	0	0	Y	N	N	N	N	N	N	N	N	N	N	N	N	N	N	N	N	N	0.0000	0.0000	0.0000	0.0000	0.0000	0.0000	0.0000	0.0000	0.0000	0.0000	0.0000	0.0000	0.0000	0.0000	0.0000	0.0000	0.0000	0.0000	0.0006	0.0012	0.0001	0.0171	0.0177	0.0011	0.0001	0.0000	0.0001		0.1238	0.0000	-0.0000	2.0002	2.0003	1.8085	2.0390	0.0000	0.0000	0.0000	0.0000	0.0000	0.0000	0.0000	0.0000	0.0000	0.0000	0.0000	0.0000	0.0000	0.0000	0.0000	0.0000	0.0000	0.0000	0.0635	0.0546	0.0090	0.0001	0.0001	0.0000	0.0634	0.0545	0.0090	0.0421	0.0194	0.0227	0.0014	0.0014	0.0000	0.0407	0.0181	0.0226
31	86	0.0238	2	2	0	1	0	2	0	1	0	1	0	1	0	0	0	0	0	0	0	Y	N	N	N	N	N	N	N	N	N	N	N	N	N	N	N	N	N	0.0000	0.0000	0.0000	0.0000	0.0000	0.0000	0.0000	0.0000	0.0000	0.0000	0.0000	0.0000	0.0000	0.0000	0.0000	0.0000	0.0000	0.0000	0.0018	0.0039	0.0000	0.2953	0.2965	0.0000	0.0016	0.0035	0.0000		0.0113	0.0000	-0.0000	2.0002	1.0005	1.8085	0.9990	0.0000	0.0000	0.0000	0.0000	0.0000	0.0000	0.0000	0.0000	0.0000	0.0000	0.0000	0.0000	0.0000	0.0000	0.0000	0.0000	0.0000	0.0000	0.0247	0.0212	0.0035	0.0000	0.0000	0.0000	0.0247	0.0212	0.0035	0.0157	0.0069	0.0088	0.0000	0.0000	0.0000	0.0157	0.0069	0.0088
31	89	0.1523	19	2	0	1	0	1	0	0	0	1	0	1	0	0	0	0	0	0	0	Y	N	N	N	N	N	N	N	N	N	N	N	N	N	N	N	N	N	0.0000	0.0000	0.0000	0.0000	0.0000	0.0000	0.0000	0.0000	0.0000	0.0000	0.0000	0.0000	0.0000	0.0000	0.0000	0.0000	0.0000	0.0000	0.0020	0.0007	0.0034	0.0025	0.0028	0.0000	0.0019	0.0000	0.0035		4.6838	0.0000	0.0000	2.0002	0.0001	1.8085	3.9037	0.0000	0.0000	0.0000	0.0000	0.0000	0.0000	0.0000	0.0000	0.0000	0.0001	0.0000	0.0000	0.0000	0.0000	0.0000	0.0000	0.0000	0.0000	0.0000	0.0000	0.0000	0.0000	0.0000	0.0000	0.0000	0.0000	0.0000	0.0288	0.0150	0.0138	0.0039	0.0036	0.0004	0.0249	0.0114	0.0135
31	90	0.1257	18	2	0	1	0	1	0	0	0	1	0	1	0	0	0	0	0	0	0	Y	N	N	N	N	N	N	N	N	N	N	N	N	N	N	N	N	N	0.0000	0.0000	0.0000	0.0000	0.0000	0.0000	0.0000	0.0000	0.0000	0.0000	0.0000	0.0000	0.0000	0.0000	0.0000	0.0000	0.0000	0.0000	0.0012	0.0023	0.0001	0.0006	0.0008	0.0000	0.0014	0.0029	0.0001		0.0349	0.0000	-0.0000	2.0002	1.0001	1.8085	8.1987	0.0000	0.0000	0.0000	0.0000	0.0000	0.0000	0.0000	0.0000	0.0000	0.0001	0.0001	0.0000	0.0000	0.0000	0.0000	0.0001	0.0001	0.0000	0.0243	0.0209	0.0034	0.0007	0.0007	0.0000	0.0235	0.0202	0.0034	0.0745	0.0398	0.0346	0.0164	0.0124	0.0040	0.0581	0.0274	0.0306
31	91	0.0565	7	2	0	1	0	1	0	0	0	1	0	1	0	0	0	0	0	0	0	Y	N	N	N	N	N	N	N	N	N	N	N	N	N	N	N	N	N	0.0000	0.0000	0.0000	0.0000	0.0000	0.0000	0.0000	0.0000	0.0000	0.0000	0.0000	0.0000	0.0000	0.0000	0.0000	0.0000	0.0000	0.0000	10.5212	22.0127	0.0841	0.0858	0.0929	0.0000	11.1891	24.9082	0.0848		0.0042	0.0000	-0.3784	2.0002	1.0071	1.8085	9.1029	0.0000	0.0000	0.0000	0.0000	0.0000	0.0000	0.0000	0.0000	0.0000	0.8055	0.8022	0.0034	0.0004	0.0004	0.0000	0.8051	0.8018	0.0034	0.0252	0.0217	0.0035	0.0008	0.0008	0.0000	0.0244	0.0209	0.0035	0.0766	0.0364	0.0401	0.0046	0.0043	0.0004	0.0720	0.0322	0.0398
31	92	0.0421	6	2	0	1	0	1	0	1	0	1	0	1	0	0	0	0	0	0	0	Y	N	N	N	N	N	N	N	N	N	N	N	N	N	N	N	N	N	0.0000	0.0000	0.0000	0.0000	0.0000	0.0000	0.0000	0.0000	0.0000	0.0000	0.0000	0.0000	0.0000	0.0000	0.0000	0.0000	0.0000	0.0000	0.0567	0.1206	0.0033	0.0076	0.0089	0.0000	0.0576	0.1246	0.0033		0.0330	0.0000	-0.0009	2.0002	0.9988	1.8085	4.0321	0.0000	0.0000	0.0000	0.0000	0.0000	0.0000	0.0000	0.0000	0.0000	0.0021	0.0020	0.0001	0.0000	0.0000	0.0000	0.0021	0.0020	0.0001	0.0246	0.0212	0.0035	0.0004	0.0004	0.0000	0.0242	0.0208	0.0034	0.0372	0.0169	0.0203	0.0007	0.0006	0.0001	0.0365	0.0163	0.0202
31	93	0.0421	5	2	0	0	0	1	0	0	0	1	0	1	0	0	0	0	0	0	0	Y	N	N	N	N	N	N	N	N	N	N	N	N	N	N	N	N	N	0.0000	0.0000	0.0000	0.0000	0.0000	0.0000	0.0000	0.0000	0.0000	0.0000	0.0000	0.0000	0.0000	0.0000	0.0000	0.0000	0.0000	0.0000	0.0001	0.0001	0.0001	0.0009	0.0010	0.0000	0.0000	0.0000	0.0001		0.5447	0.0000	-0.0000	2.0002	0.0001	1.8085	0.0783	0.0000	0.0000	0.0000	0.0000	0.0000	0.0000	0.0000	0.0000	0.0000	0.0000	0.0000	0.0000	0.0000	0.0000	0.0000	0.0000	0.0000	0.0000	0.0000	0.0000	0.0000	0.0000	0.0000	0.0000	0.0000	0.0000	0.0000	0.0006	0.0003	0.0003	0.0000	0.0000	0.0000	0.0006	0.0003	0.0003
31	94	0.0335	4	2	0	0	0	2	0	0	0	1	0	1	0	0	0	0	0	0	0	Y	N	N	N	N	N	N	N	N	N	N	N	N	N	N	N	N	N	0.0000	0.0000	0.0000	0.0000	0.0000	0.0000	0.0000	0.0000	0.0000	0.0000	0.0000	0.0000	0.0000	0.0000	0.0000	0.0000	0.0000	0.0000	0.0000	0.0000	0.0000	0.0001	0.0001	0.0000	0.0000	0.0000	0.0000		0.3750	0.0000	-0.0000	2.0002	0.0004	1.8085	2.9660	0.0000	0.0000	0.0000	0.0000	0.0000	0.0000	0.0000	0.0000	0.0000	0.0000	0.0000	0.0000	0.0000	0.0000	0.0000	0.0000	0.0000	0.0000	0.0000	0.0000	0.0000	0.0000	0.0000	0.0000	0.0000	0.0000	0.0000	0.0225	0.0103	0.0122	0.0003	0.0003	0.0000	0.0222	0.0100	0.0122
31	100	0.1006	19	1	0	1	0	1	0	0	0	1	0	2	0	0	0	0	0	0	0	N	N	N	N	Y	N	N	N	N	N	N	N	N	N	N	N	N	N	0.0000	0.0000	0.0000	0.0000	0.0000	0.0000	0.0000	0.0000	0.0000	0.0000	0.0000	0.0000	0.0000	0.0000	0.0000	0.0000	0.0000	0.0000	0.0000	0.0000	0.0000	0.0000	0.0000	0.0000	0.0000	0.0000	0.0000			0.0000	0.0000	2.0002	0.0000	1.8085	0.0000	0.0000	0.0000	0.0000	0.0000	0.0000	0.0000	0.0000	0.0000	0.0000	0.0000	0.0000	0.0000	0.0000	0.0000	0.0000	0.0000	0.0000	0.0000	0.0000	0.0000	0.0000	0.0000	0.0000	0.0000	0.0000	0.0000	0.0000	0.0000	0.0000	0.0000	0.0000	0.0000	0.0000	0.0000	0.0000	0.0000
31	101	0.0949	18	1	0	1	0	1	0	0	0	1	0	2	0	0	0	0	0	0	0	N	N	N	N	Y	N	N	N	N	N	N	N	N	N	N	N	N	N	0.0000	0.0000	0.0000	0.0000	0.0000	0.0000	0.0000	0.0000	0.0000	0.0000	0.0000	0.0000	0.0000	0.0000	0.0000	0.0000	0.0000	0.0000	0.0000	0.0000	0.0000	0.0000	0.0000	0.0000	0.0000	0.0000	0.0000			0.0000	0.0000	2.0002	1.0000	1.8085	0.0000	0.0000	0.0000	0.0000	0.0000	0.0000	0.0000	0.0000	0.0000	0.0000	0.0000	0.0000	0.0000	0.0000	0.0000	0.0000	0.0000	0.0000	0.0000	0.0246	0.0212	0.0035	0.0004	0.0004	0.0000	0.0242	0.0208	0.0034	0.0072	0.0035	0.0038	0.0009	0.0006	0.0003	0.0064	0.0029	0.0035
31	102	0.0949	17	1	0	1	0	1	0	0	0	1	0	2	0	0	0	0	0	0	0	N	N	N	N	Y	N	N	N	N	N	N	N	N	N	N	N	N	N	0.0000	0.0000	0.0000	0.0000	0.0000	0.0000	0.0000	0.0000	0.0000	0.0000	0.0000	0.0000	0.0000	0.0000	0.0000	0.0000	0.0000	0.0000	0.0000	0.0000	0.0000	0.0000	0.0000	0.0000	0.0000	0.0000	0.0000			0.0000	0.0000	2.0002	0.0000	1.8085	0.0005	0.0000	0.0000	0.0000	0.0000	0.0000	0.0000	0.0000	0.0000	0.0000	0.0000	0.0000	0.0000	0.0000	0.0000	0.0000	0.0000	0.0000	0.0000	0.0000	0.0000	0.0000	0.0000	0.0000	0.0000	0.0000	0.0000	0.0000	0.0000	0.0000	0.0000	0.0000	0.0000	0.0000	0.0000	0.0000	0.0000
31	104	0.1130	16	2	0	1	0	2	0	1	0	1	0	1	0	0	0	0	0	0	0	Y	N	N	N	N	N	N	N	N	N	N	N	N	N	N	N	N	N	0.0000	0.0000	0.0000	0.0000	0.0000	0.0000	0.0000	0.0000	0.0000	0.0000	0.0000	0.0000	0.0000	0.0000	0.0000	0.0000	0.0000	0.0000	0.0000	0.0000	0.0000	0.0000	0.0000	0.0000	0.0000	0.0000	0.0000			0.0000	0.0000	2.0002	1.0000	1.8085	1.0715	0.0000	0.0000	0.0000	0.0000	0.0000	0.0000	0.0000	0.0000	0.0000	0.0000	0.0000	0.0000	0.0000	0.0000	0.0000	0.0000	0.0000	0.0000	0.0242	0.0208	0.0034	0.0007	0.0007	0.0000	0.0235	0.0202	0.0034	0.0141	0.0068	0.0074	0.0014	0.0009	0.0005	0.0127	0.0058	0.0069
31	113	0.0900	15	2	0	1	0	1	0	0	0	1	0	2	0	0	0	0	0	0	0	Y	N	N	N	Y	N	N	N	N	N	N	N	N	N	N	N	N	N	0.0000	0.0000	0.0000	0.0000	0.0000	0.0000	0.0000	0.0000	0.0000	0.0000	0.0000	0.0000	0.0000	0.0000	0.0000	0.0000	0.0000	0.0000	0.0000	0.0000	0.0000	0.0000	0.0000	0.0000	0.0000	0.0000	0.0000			0.0000	0.0000	2.0002	0.0000	1.8085	1.0000	0.0000	0.0000	0.0000	0.0000	0.0000	0.0000	0.0000	0.0000	0.0000	0.0000	0.0000	0.0000	0.0000	0.0000	0.0000	0.0000	0.0000	0.0000	0.0000	0.0000	0.0000	0.0000	0.0000	0.0000	0.0000	0.0000	0.0000	0.0097	0.0049	0.0048	0.0011	0.0007	0.0004	0.0085	0.0041	0.0044
31	114	0.0842	14	2	0	1	0	2	0	1	0	2	0	2	0	0	0	0	0	0	0	Y	N	N	N	Y	N	N	N	N	N	N	N	N	N	N	N	N	N	0.0000	0.0000	0.0000	0.0000	0.0000	0.0000	0.0000	0.0000	0.0000	0.0000	0.0000	0.0000	0.0000	0.0000	0.0000	0.0000	0.0000	0.0000	0.0000	0.0000	0.0000	0.0000	0.0000	0.0000	0.0000	0.0000	0.0000			0.0000	0.0000	2.0002	0.0000	1.8085	1.0009	0.0000	0.0000	0.0000	0.0000	0.0000	0.0000	0.0000	0.0000	0.0000	0.0000	0.0000	0.0000	0.0000	0.0000	0.0000	0.0000	0.0000	0.0000	0.0000	0.0000	0.0000	0.0000	0.0000	0.0000	0.0000	0.0000	0.0000	0.0074	0.0036	0.0039	0.0008	0.0006	0.0002	0.0066	0.0030	0.0036
31	115	0.1257	18	2	0	1	0	1	0	0	0	1	0	1	0	0	0	0	0	0	0	Y	N	N	N	N	N	N	N	N	N	N	N	N	N	N	N	N	N	0.0000	0.0000	0.0000	0.0000	0.0000	0.0000	0.0000	0.0000	0.0000	0.0000	0.0000	0.0000	0.0000	0.0000	0.0000	0.0000	0.0000	0.0000	0.0002	0.0003	0.0000	0.0007	0.0009	0.0000	0.0000	0.0000	0.0000		0.0000	0.0000	-0.0000	2.0002	0.9998	1.8085	6.9031	0.0000	0.0000	0.0000	0.0000	0.0000	0.0000	0.0000	0.0000	0.0000	0.0000	0.0000	0.0000	0.0000	0.0000	0.0000	0.0000	0.0000	0.0000	0.0242	0.0208	0.0034	0.0007	0.0007	0.0000	0.0235	0.0202	0.0034	0.0665	0.0360	0.0305	0.0159	0.0120	0.0039	0.0506	0.0240	0.0266
31	116	0.1130	17	2	0	1	0	2	0	1	0	1	0	1	0	0	0	0	0	0	0	Y	N	N	N	N	N	N	N	N	N	N	N	N	N	N	N	N	N	0.0000	0.0000	0.0000	0.0000	0.0000	0.0000	0.0000	0.0000	0.0000	0.0000	0.0000	0.0000	0.0000	0.0000	0.0000	0.0000	0.0000	0.0000	0.0004	0.0008	0.0000	0.0000	0.0000	0.0000	0.0004	0.0009	0.0000		0.0046	0.0000	-0.0000	2.0002	0.0012	1.8085	4.2539	0.0000	0.0000	0.0000	0.0000	0.0000	0.0000	0.0000	0.0000	0.0000	0.0000	0.0000	0.0000	0.0000	0.0000	0.0000	0.0000	0.0000	0.0000	0.0000	0.0000	0.0000	0.0000	0.0000	0.0000	0.0000	0.0000	0.0000	0.0288	0.0137	0.0150	0.0029	0.0019	0.0010	0.0259	0.0118	0.0140
31	119	0.0949	17	2	0	1	0	2	0	0	0	1	0	2	0	0	0	0	0	0	0	Y	N	N	N	Y	N	N	N	N	N	N	N	N	N	N	N	N	N	0.0000	0.0000	0.0000	0.0000	0.0000	0.0000	0.0000	0.0000	0.0000	0.0000	0.0000	0.0000	0.0000	0.0000	0.0000	0.0000	0.0000	0.0000	0.0000	0.0000	0.0000	0.0000	0.0000	0.0000	0.0000	0.0000	0.0000			0.0000	0.0000	2.0002	0.0000	1.8085	0.0000	0.0000	0.0000	0.0000	0.0000	0.0000	0.0000	0.0000	0.0000	0.0000	0.0000	0.0000	0.0000	0.0000	0.0000	0.0000	0.0000	0.0000	0.0000	0.0000	0.0000	0.0000	0.0000	0.0000	0.0000	0.0000	0.0000	0.0000	0.0000	0.0000	0.0000	0.0000	0.0000	0.0000	0.0000	0.0000	0.0000
31	120	0.0921	16	1	0	1	0	1	0	1	0	2	0	2	0	0	0	0	0	0	0	N	N	N	N	Y	N	N	N	N	N	N	N	N	N	N	N	N	N	0.0000	0.0000	0.0000	0.0000	0.0000	0.0000	0.0000	0.0000	0.0000	0.0000	0.0000	0.0000	0.0000	0.0000	0.0000	0.0000	0.0000	0.0000	0.0000	0.0000	0.0000	0.0000	0.0000	0.0000	0.0000	0.0000	0.0000			0.0000	0.0000	2.0002	0.0001	1.8085	1.0001	0.0000	0.0000	0.0000	0.0000	0.0000	0.0000	0.0000	0.0000	0.0000	0.0000	0.0000	0.0000	0.0000	0.0000	0.0000	0.0000	0.0000	0.0000	0.0000	0.0000	0.0000	0.0000	0.0000	0.0000	0.0000	0.0000	0.0000	0.0073	0.0035	0.0038	0.0008	0.0006	0.0003	0.0064	0.0029	0.0035
32	37	0.1008	17	2	0	1	1	1	0	1	1	0	1	1	1	0	0	0	0	0	0	Y	N	N	N	N	N	N	N	N	N	N	N	N	N	N	N	N	N	0.0000	0.0000	0.0000	0.0000	0.0000	0.0000	0.0000	0.0000	0.0000	0.0000	0.0000	0.0000	0.0000	0.0000	0.0000	0.0000	0.0000	0.0000	0.0000	0.0000	0.0000	0.0000	0.0000	0.0000	0.0000	0.0000	0.0000			0.0000	0.0000	4.9997	0.0000	3.1777	2.0000	0.0000	0.0000	0.0000	0.0000	0.0000	0.0000	0.0000	0.0000	0.0000	0.0000	0.0000	0.0000	0.0000	0.0000	0.0000	0.0000	0.0000	0.0000	0.0000	0.0000	0.0000	0.0000	0.0000	0.0000	0.0000	0.0000	0.0000	0.0317	0.0157	0.0159	0.0033	0.0029	0.0004	0.0284	0.0128	0.0155
32	38	0.1051	19	2	0	1	0	1	0	1	0	0	1	1	1	0	0	0	0	0	0	Y	N	N	N	N	N	N	N	N	N	N	N	N	N	N	N	N	N	0.0000	0.0000	0.0000	0.0000	0.0000	0.0000	0.0000	0.0000	0.0000	0.0000	0.0000	0.0000	0.0000	0.0000	0.0000	0.0000	0.0000	0.0000	0.0000	0.0000	0.0000	0.0000	0.0000	0.0000	0.0000	0.0000	0.0000			0.0000	0.0000	4.9997	0.0000	3.1777	0.4891	0.0000	0.0000	0.0000	0.0000	0.0000	0.0000	0.0000	0.0000	0.0000	0.0000	0.0000	0.0000	0.0000	0.0000	0.0000	0.0000	0.0000	0.0000	0.0000	0.0000	0.0000	0.0000	0.0000	0.0000	0.0000	0.0000	0.0000	0.0143	0.0073	0.0070	0.0058	0.0058	0.0001	0.0084	0.0015	0.0069
32	39	0.1037	18	2	0	1	0	1	0	1	0	0	0	1	0	0	0	0	0	0	0	Y	N	N	N	N	N	N	N	N	N	N	N	N	N	N	N	N	N	0.0000	0.0000	0.0000	0.0000	0.0000	0.0000	0.0000	0.0000	0.0000	0.0000	0.0000	0.0000	0.0000	0.0000	0.0000	0.0000	0.0000	0.0000	0.0000	0.0000	0.0000	0.0000	0.0000	0.0000	0.0000	0.0000	0.0000			0.0000	0.0000	4.9997	0.0000	3.1777	0.5132	0.0000	0.0000	0.0000	0.0000	0.0000	0.0000	0.0000	0.0000	0.0000	0.0000	0.0000	0.0000	0.0000	0.0000	0.0000	0.0000	0.0000	0.0000	0.0000	0.0000	0.0000	0.0000	0.0000	0.0000	0.0000	0.0000	0.0000	0.0084	0.0042	0.0042	0.0010	0.0009	0.0001	0.0075	0.0033	0.0041
32	42	0.1261	17	2	0	1	1	1	0	1	1	0	0	1	1	0	0	0	0	0	0	Y	N	N	N	N	N	N	N	N	N	N	N	N	N	N	N	N	N	0.0000	0.0000	0.0000	0.0000	0.0000	0.0000	0.0000	0.0000	0.0000	0.0000	0.0000	0.0000	0.0000	0.0000	0.0000	0.0000	0.0000	0.0000	0.0000	0.0000	0.0000	0.0000	0.0000	0.0000	0.0000	0.0000	0.0000			0.0000	0.0000	4.9997	0.0001	3.1777	0.0001	0.0000	0.0000	0.0000	0.0000	0.0000	0.0000	0.0000	0.0000	0.0000	0.0000	0.0000	0.0000	0.0000	0.0000	0.0000	0.0000	0.0000	0.0000	0.0000	0.0000	0.0000	0.0000	0.0000	0.0000	0.0000	0.0000	0.0000	0.0060	0.0053	0.0007	0.0032	0.0031	0.0001	0.0029	0.0023	0.0006
32	44	0.1035	16	2	0	1	0	1	0	1	0	0	1	1	1	0	0	0	0	0	0	Y	N	N	N	N	N	N	N	N	N	N	N	N	N	N	N	N	N	0.0000	0.0000	0.0000	0.0000	0.0000	0.0000	0.0000	0.0000	0.0000	0.0000	0.0000	0.0000	0.0000	0.0000	0.0000	0.0000	0.0000	0.0000	0.0000	0.0000	0.0000	0.0000	0.0000	0.0000	0.0000	0.0000	0.0000		0.0441	0.0000	-0.0000	4.9997	2.9998	3.1777	4.8980	0.0000	0.0000	0.0000	0.0000	0.0000	0.0000	0.0000	0.0000	0.0000	0.0000	0.0000	0.0000	0.0000	0.0000	0.0000	0.0000	0.0000	0.0000	0.1797	0.1543	0.0254	0.0011	0.0010	0.0001	0.1786	0.1533	0.0253	0.1256	0.0637	0.0619	0.0147	0.0131	0.0016	0.1109	0.0505	0.0604
32	45	0.0978	15	2	0	1	0	1	0	1	0	1	0	1	0	0	0	0	0	0	0	Y	N	N	N	N	N	N	N	N	N	N	N	N	N	N	N	N	N	0.0000	0.0000	0.0000	0.0000	0.0000	0.0000	0.0000	0.0000	0.0000	0.0000	0.0000	0.0000	0.0000	0.0000	0.0000	0.0000	0.0000	0.0000	0.0006	0.0011	0.0000	0.0045	0.0049	0.0000	0.0000	0.0000	0.0000		0.0000	0.0000	-0.0000	4.9997	0.0002	3.1777	2.0813	0.0000	0.0000	0.0000	0.0000	0.0000	0.0000	0.0000	0.0000	0.0000	0.0000	0.0000	0.0000	0.0000	0.0000	0.0000	0.0000	0.0000	0.0000	0.0000	0.0000	0.0000	0.0000	0.0000	0.0000	0.0000	0.0000	0.0000	0.0354	0.0186	0.0168	0.0044	0.0040	0.0004	0.0310	0.0146	0.0164
32	55	0.1037	18	2	0	1	0	1	0	1	0	0	1	1	1	0	0	0	0	0	0	Y	N	N	N	N	N	N	N	N	N	N	N	N	N	N	N	N	N	0.0000	0.0000	0.0000	0.0000	0.0000	0.0000	0.0000	0.0000	0.0000	0.0000	0.0000	0.0000	0.0000	0.0000	0.0000	0.0000	0.0000	0.0000	0.0000	0.0000	0.0000	0.0000	0.0000	0.0000	0.0000	0.0000	0.0000			0.0000	0.0000	4.9997	0.0000	3.1777	1.0065	0.0000	0.0000	0.0000	0.0000	0.0000	0.0000	0.0000	0.0000	0.0000	0.0000	0.0000	0.0000	0.0000	0.0000	0.0000	0.0000	0.0000	0.0000	0.0000	0.0000	0.0000	0.0000	0.0000	0.0000	0.0000	0.0000	0.0000	0.0163	0.0081	0.0082	0.0018	0.0016	0.0002	0.0145	0.0065	0.0080
32	56	0.1008	17	2	0	1	0	1	0	1	0	0	0	1	0	0	0	0	0	0	0	Y	N	N	N	N	N	N	N	N	N	N	N	N	N	N	N	N	N	0.0000	0.0000	0.0000	0.0000	0.0000	0.0000	0.0000	0.0000	0.0000	0.0000	0.0000	0.0000	0.0000	0.0000	0.0000	0.0000	0.0000	0.0000	0.0000	0.0000	0.0000	0.0001	0.0001	0.0000	0.0000	0.0000	0.0000		0.0017	0.0000	-0.0000	4.9997	0.0000	3.1777	1.0047	0.0000	0.0000	0.0000	0.0000	0.0000	0.0000	0.0000	0.0000	0.0000	0.0000	0.0000	0.0000	0.0000	0.0000	0.0000	0.0000	0.0000	0.0000	0.0000	0.0000	0.0000	0.0000	0.0000	0.0000	0.0000	0.0000	0.0000	0.0160	0.0079	0.0080	0.0017	0.0015	0.0002	0.0143	0.0065	0.0078
32	57	0.1008	16	2	0	1	0	1	0	1	0	1	0	1	0	0	0	0	0	0	0	Y	N	N	N	N	N	N	N	N	N	N	N	N	N	N	N	N	N	0.0000	0.0000	0.0000	0.0000	0.0000	0.0000	0.0000	0.0000	0.0000	0.0000	0.0000	0.0000	0.0000	0.0000	0.0000	0.0000	0.0000	0.0000	0.0000	0.0000	0.0000	0.0000	0.0000	0.0000	0.0000	0.0000	0.0000			0.0000	0.0000	4.9997	0.0000	3.1777	0.0000	0.0000	0.0000	0.0000	0.0000	0.0000	0.0000	0.0000	0.0000	0.0000	0.0000	0.0000	0.0000	0.0000	0.0000	0.0000	0.0000	0.0000	0.0000	0.0000	0.0000	0.0000	0.0000	0.0000	0.0000	0.0000	0.0000	0.0000	0.0000	0.0000	0.0000	0.0000	0.0000	0.0000	0.0000	0.0000	0.0000
32	61	0.0978	15	2	0	1	0	1	0	1	0	0	0	0	0	0	0	0	0	0	0	Y	N	N	N	N	N	N	N	N	N	N	N	N	N	N	N	N	N	0.0000	0.0000	0.0000	0.0000	0.0000	0.0000	0.0000	0.0000	0.0000	0.0000	0.0000	0.0000	0.0000	0.0000	0.0000	0.0000	0.0000	0.0000	0.0000	0.0000	0.0000	0.0000	0.0000	0.0006	0.0000	0.0000	0.0000		inf	0.0000	0.0000	4.9997	0.0000	3.1777	1.0227	0.0000	0.0000	0.0000	0.0000	0.0000	0.0000	0.0000	0.0000	0.0000	0.0000	0.0000	0.0000	0.0000	0.0000	0.0000	0.0000	0.0000	0.0000	0.0000	0.0000	0.0000	0.0000	0.0000	0.0000	0.0000	0.0000	0.0000	0.0187	0.0104	0.0084	0.0028	0.0026	0.0002	0.0159	0.0078	0.0082
32	62	0.0924	14	2	0	1	0	1	0	1	0	0	0	0	0	0	0	0	0	0	0	Y	N	N	N	N	N	N	N	N	N	N	N	N	N	N	N	N	N	0.0000	0.0000	0.0000	0.0000	0.0000	0.0000	0.0000	0.0000	0.0000	0.0000	0.0000	0.0000	0.0000	0.0000	0.0000	0.0000	0.0000	0.0000	0.0003	0.0005	0.0000	0.0018	0.0018	0.0018	0.0000	0.0000	0.0000		0.0746	0.0000	-0.0000	4.9997	0.4815	3.1777	1.4942	0.0000	0.0000	0.0000	0.0000	0.0000	0.0000	0.0000	0.0000	0.0000	0.0000	0.0000	0.0000	0.0000	0.0000	0.0000	0.0000	0.0000	0.0000	0.0356	0.0308	0.0048	0.0034	0.0034	0.0000	0.0322	0.0274	0.0048	0.0375	0.0189	0.0186	0.0058	0.0056	0.0002	0.0317	0.0134	0.0184
32	63	0.0479	4	2	0	1	0	1	0	1	0	0	1	0	1	0	0	0	0	0	0	Y	N	N	N	N	N	N	N	N	N	N	N	N	N	N	N	N	N	0.4213	2124.3755	0.0000	0.0000	0.0000	0.0000	0.4827	inf	0.0000	8.2681	9.6113	0.0000	0.0000	0.0000	0.0000	9.8680	11.8290	0.0000	19.6241	0.0045	36.7219	0.0866	0.0527	7.0078	20.4426	0.0000	36.7328	0.0000	9313.7550	-0.0009	0.5247	4.9997	0.0023	3.1777	3.0060	0.0017	0.0017	0.0000	0.0000	0.0000	0.0000	0.0017	0.0017	0.0000	0.9977	0.0001	0.9976	0.0002	0.0001	0.0001	0.9975	0.0000	0.9975	0.0002	0.0002	0.0000	0.0000	0.0000	0.0000	0.0002	0.0001	0.0000	0.0508	0.0237	0.0272	0.0020	0.0020	0.0000	0.0488	0.0216	0.0272
32	64	0.0451	3	2	0	1	0	2	0	1	0	0	0	0	0	0	0	0	0	0	0	Y	N	N	N	N	N	N	N	N	N	N	N	N	N	N	N	N	N	261.3196	5058.3718	0.0000	0.0000	0.0000	0.0000	253.8684	4811.0750	0.0000	16.5330	19.2459	0.0000	0.0000	0.0000	0.0000	16.6888	19.4490	0.0000	0.0633	0.0038	0.1151	0.0012	0.0011	0.0154	0.0657	0.0040	0.1151	0.0000	34.6995	-0.5594	0.0005	4.9997	0.9990	3.1777	0.0212	0.9982	0.9982	0.0000	0.0000	0.0000	0.0000	0.9982	0.9982	0.0000	0.0011	0.0000	0.0011	0.0000	0.0000	0.0000	0.0011	0.0000	0.0011	0.0604	0.0519	0.0085	0.0006	0.0005	0.0000	0.0598	0.0513	0.0085	0.0173	0.0081	0.0093	0.0007	0.0007	0.0000	0.0167	0.0074	0.0093
32	69	0.0956	13	2	0	1	0	1	0	1	0	0	0	0	0	0	0	0	0	0	0	Y	N	N	N	N	N	N	N	N	N	N	N	N	N	N	N	N	N	558.1771	337.5977	0.0000	7402.3562	6318.5317	0.0000	0.0000	0.0000	0.0000	0.0138	0.0161	0.0000	0.9783	1.0337	0.0000	0.0000	0.0000	0.0000	0.0000	0.0000	0.0000	0.0001	0.0002	0.0000	0.0000	0.0000	0.0000	0.0000	0.0009	-0.0005	-0.0000	4.9997	1.0007	3.1777	1.2584	0.0008	0.0008	0.0000	0.0008	0.0008	0.0000	0.0000	0.0000	0.0000	0.0000	0.0000	0.0000	0.0000	0.0000	0.0000	0.0000	0.0000	0.0000	0.0608	0.0522	0.0086	0.0009	0.0008	0.0000	0.0600	0.0514	0.0085	0.0433	0.0225	0.0208	0.0081	0.0065	0.0016	0.0352	0.0159	0.0193
32	70	0.0815	12	2	0	1	0	2	0	1	0	0	0	0	0	0	0	0	0	0	0	Y	N	N	N	N	N	N	N	N	N	N	N	N	N	N	N	N	N	93575.2225	83110.4662	0.0000	83742.3009	116731.1257	0.0000	inf	inf	0.0000	0.0051	0.0059	0.0000	0.0498	0.0532	0.0000	0.0047	0.0055	0.0000	0.0000	0.0000	0.0000	0.0000	0.0000	0.0000	0.0000	0.0000	0.0000	0.0000	0.5331	-0.0005	-0.0000	4.9997	3.0007	3.1777	1.9606	0.0009	0.0009	0.0000	0.0001	0.0001	0.0000	0.0008	0.0008	0.0000	0.0000	0.0000	0.0000	0.0000	0.0000	0.0000	0.0000	0.0000	0.0000	0.1802	0.1548	0.0254	0.0016	0.0015	0.0001	0.1786	0.1533	0.0253	0.0787	0.0392	0.0395	0.0067	0.0061	0.0006	0.0720	0.0330	0.0389
32	75	0.1142	16	2	0	1	0	1	0	1	0	0	0	1	1	0	0	0	0	0	0	Y	N	N	N	N	N	N	N	N	N	N	N	N	N	N	N	N	N	0.0000	0.0000	0.0000	0.0000	0.0000	0.0000	0.0000	0.0000	0.0000	0.0000	0.0000	0.0000	0.0000	0.0000	0.0000	0.0000	0.0000	0.0000	0.0000	0.0000	0.0000	0.0000	0.0000	0.0000	0.0000	0.0000	0.0000			0.0000	0.0000	4.9997	0.0000	3.1777	1.0000	0.0000	0.0000	0.0000	0.0000	0.0000	0.0000	0.0000	0.0000	0.0000	0.0000	0.0000	0.0000	0.0000	0.0000	0.0000	0.0000	0.0000	0.0000	0.0000	0.0000	0.0000	0.0000	0.0000	0.0000	0.0000	0.0000	0.0000	0.0161	0.0097	0.0063	0.0016	0.0014	0.0002	0.0145	0.0083	0.0062
32	76	0.1142	15	2	0	1	0	1	0	1	0	0	1	1	1	0	0	0	0	0	0	Y	N	N	N	N	N	N	N	N	N	N	N	N	N	N	N	N	N	0.0000	0.0000	0.0000	0.0000	0.0000	0.0000	0.0000	0.0000	0.0000	0.0000	0.0000	0.0000	0.0000	0.0000	0.0000	0.0000	0.0000	0.0000	0.0000	0.0000	0.0000	0.0000	0.0000	0.0000	0.0000	0.0000	0.0000			0.0000	0.0000	4.9997	0.0000	3.1777	0.0000	0.0000	0.0000	0.0000	0.0000	0.0000	0.0000	0.0000	0.0000	0.0000	0.0000	0.0000	0.0000	0.0000	0.0000	0.0000	0.0000	0.0000	0.0000	0.0000	0.0000	0.0000	0.0000	0.0000	0.0000	0.0000	0.0000	0.0000	0.0020	0.0011	0.0009	0.0010	0.0010	0.0000	0.0010	0.0001	0.0009
32	77	0.0924	14	2	0	1	0	1	0	1	0	1	0	1	0	0	0	0	0	0	0	Y	N	N	N	N	N	N	N	N	N	N	N	N	N	N	N	N	N	0.0000	0.0000	0.0000	0.0000	0.0000	0.0000	0.0000	0.0000	0.0000	0.0000	0.0000	0.0000	0.0000	0.0000	0.0000	0.0000	0.0000	0.0000	0.0023	0.0037	0.0009	0.0000	0.0000	0.0000	0.0026	0.0048	0.0009		0.2501	0.0000	-0.0000	4.9997	0.0002	3.1777	3.7635	0.0000	0.0000	0.0000	0.0000	0.0000	0.0000	0.0000	0.0000	0.0000	0.0001	0.0001	0.0000	0.0000	0.0000	0.0000	0.0001	0.0001	0.0000	0.0064	0.0058	0.0006	0.0032	0.0032	0.0000	0.0032	0.0026	0.0006	0.0652	0.0326	0.0326	0.0081	0.0076	0.0004	0.0571	0.0250	0.0322
32	78	0.0866	13	2	0	1	0	2	0	1	0	0	0	0	0	0	0	0	0	0	0	Y	N	N	N	N	N	N	N	N	N	N	N	N	N	N	N	N	N	0.0000	0.0000	0.0000	0.0000	0.0000	0.0000	0.0000	0.0000	0.0000	0.0000	0.0000	0.0000	0.0000	0.0000	0.0000	0.0000	0.0000	0.0000	0.0003	0.0007	0.0000	0.0003	0.0003	0.0000	0.0003	0.0007	0.0000		0.0001	0.0000	-0.0000	4.9997	0.5196	3.1777	1.5432	0.0000	0.0000	0.0000	0.0000	0.0000	0.0000	0.0000	0.0000	0.0000	0.0000	0.0000	0.0000	0.0000	0.0000	0.0000	0.0000	0.0000	0.0000	0.0316	0.0271	0.0045	0.0003	0.0003	0.0000	0.0313	0.0269	0.0045	0.0328	0.0162	0.0166	0.0028	0.0026	0.0002	0.0300	0.0136	0.0163
32	93	0.0565	6	2	0	1	0	1	0	1	0	0	0	0	0	0	0	0	0	0	0	Y	N	N	N	N	N	N	N	N	N	N	N	N	N	N	N	N	N	0.0000	0.0000	0.0000	0.0000	0.0000	0.0000	0.0000	0.0000	0.0000	0.0000	0.0000	0.0000	0.0000	0.0000	0.0000	0.0000	0.0000	0.0000	0.0000	0.0000	0.0000	0.0001	0.0001	0.0156	0.0000	0.0000	0.0000		1.0045	0.0000	0.0000	4.9997	0.0001	3.1777	0.0783	0.0000	0.0000	0.0000	0.0000	0.0000	0.0000	0.0000	0.0000	0.0000	0.0000	0.0000	0.0000	0.0000	0.0000	0.0000	0.0000	0.0000	0.0000	0.0000	0.0000	0.0000	0.0000	0.0000	0.0000	0.0000	0.0000	0.0000	0.0034	0.0018	0.0016	0.0011	0.0011	0.0000	0.0023	0.0007	0.0016
32	94	0.0479	5	2	0	1	0	2	0	1	0	0	0	0	0	0	0	0	0	0	0	Y	N	N	N	N	N	N	N	N	N	N	N	N	N	N	N	N	N	0.0000	0.0000	0.0000	0.0000	0.0000	0.0000	0.0000	0.0000	0.0000	0.0000	0.0000	0.0000	0.0000	0.0000	0.0000	0.0000	0.0000	0.0000	0.0000	0.0000	0.0000	0.0000	0.0000	0.0000	0.0000	0.0000	0.0000		0.0105	0.0000	-0.0000	4.9997	0.0004	3.1777	2.9660	0.0000	0.0000	0.0000	0.0000	0.0000	0.0000	0.0000	0.0000	0.0000	0.0000	0.0000	0.0000	0.0000	0.0000	0.0000	0.0000	0.0000	0.0000	0.0000	0.0000	0.0000	0.0000	0.0000	0.0000	0.0000	0.0000	0.0000	0.0501	0.0235	0.0266	0.0021	0.0021	0.0000	0.0480	0.0214	0.0266
37	38	0.0099	3	2	0	0	1	0	0	0	1	0	2	2	2	0	0	0	0	0	0	Y	N	N	N	Y	Y	N	N	N	N	N	N	N	N	N	N	N	N	0.0000	0.0000	0.0000	0.0000	0.0000	0.0000	0.0000	0.0000	0.0000	0.0000	0.0000	0.0000	0.0000	0.0000	0.0000	0.0000	0.0000	0.0000	0.0000	0.0000	0.0000	0.0000	0.0000	0.0000	0.0000	0.0000	0.0000			0.0000	0.0000	0.0000	0.0000	2.0000	0.4891	0.0000	0.0000	0.0000	0.0000	0.0000	0.0000	0.0000	0.0000	0.0000	0.0000	0.0000	0.0000	0.0000	0.0000	0.0000	0.0000	0.0000	0.0000	0.0000	0.0000	0.0000	0.0000	0.0000	0.0000	0.0000	0.0000	0.0000	0.0036	0.0018	0.0018	0.0013	0.0013	0.0000	0.0022	0.0004	0.0018
37	39	0.0085	2	2	0	0	1	0	0	0	1	0	1	2	1	0	0	0	0	0	0	Y	N	N	N	Y	N	N	N	N	N	N	N	N	N	N	N	N	N	0.0000	0.0000	0.0000	0.0000	0.0000	0.0000	0.0000	0.0000	0.0000	0.0000	0.0000	0.0000	0.0000	0.0000	0.0000	0.0000	0.0000	0.0000	0.0000	0.0000	0.0000	0.0000	0.0000	0.0000	0.0000	0.0000	0.0000			0.0000	0.0000	0.0000	0.0000	2.0000	0.5132	0.0000	0.0000	0.0000	0.0000	0.0000	0.0000	0.0000	0.0000	0.0000	0.0000	0.0000	0.0000	0.0000	0.0000	0.0000	0.0000	0.0000	0.0000	0.0000	0.0000	0.0000	0.0000	0.0000	0.0000	0.0000	0.0000	0.0000	0.0022	0.0010	0.0012	0.0000	0.0000	0.0000	0.0021	0.0010	0.0012
37	40	0.0700	18	2	0	1	1	0	0	1	1	0	1	1	1	0	0	0	0	0	0	Y	N	N	N	N	N	N	N	N	N	N	N	N	N	N	N	N	N	0.0000	0.0000	0.0000	0.0000	0.0000	0.0000	0.0000	0.0000	0.0000	0.0000	0.0000	0.0000	0.0000	0.0000	0.0000	0.0000	0.0000	0.0000	0.0006	0.0013	0.0000	0.0066	0.0076	0.0000	0.0000	0.0000	0.0000		0.0000	0.0000	-0.0000	0.0000	1.0010	2.0000	2.9998	0.0000	0.0000	0.0000	0.0000	0.0000	0.0000	0.0000	0.0000	0.0000	0.0000	0.0000	0.0000	0.0000	0.0000	0.0000	0.0000	0.0000	0.0000	0.0000	0.0000	0.0000	0.0000	0.0000	0.0000	0.0000	0.0000	0.0000	0.0155	0.0076	0.0079	0.0015	0.0013	0.0002	0.0140	0.0063	0.0077
37	41	0.0370	6	2	0	1	2	0	0	1	1	0	1	2	2	0	0	0	0	0	0	Y	N	N	Y	Y	Y	N	N	N	N	N	N	N	N	N	N	N	N	0.0000	0.0000	0.0000	0.0000	0.0000	0.0000	0.0000	0.0000	0.0000	0.0000	0.0000	0.0000	0.0000	0.0000	0.0000	0.0000	0.0000	0.0000	0.0000	0.0000	0.0000	0.0000	0.0000	0.0000	0.0000	0.0000	0.0000			0.0000	0.0000	0.0000	0.0000	2.0000	0.0000	0.0000	0.0000	0.0000	0.0000	0.0000	0.0000	0.0000	0.0000	0.0000	0.0000	0.0000	0.0000	0.0000	0.0000	0.0000	0.0000	0.0000	0.0000	0.0000	0.0000	0.0000	0.0000	0.0000	0.0000	0.0000	0.0000	0.0000	0.0000	0.0000	0.0000	0.0000	0.0000	0.0000	0.0000	0.0000	0.0000
37	42	0.0370	5	2	0	0	2	0	0	0	2	0	1	2	2	0	0	0	0	0	0	Y	N	N	Y	Y	Y	N	N	N	N	N	N	N	N	N	N	N	N	0.0000	0.0000	0.0000	0.0000	0.0000	0.0000	0.0000	0.0000	0.0000	0.0000	0.0000	0.0000	0.0000	0.0000	0.0000	0.0000	0.0000	0.0000	0.0000	0.0000	0.0000	0.0000	0.0000	0.0000	0.0000	0.0000	0.0000			0.0000	0.0000	0.0000	0.0001	2.0000	0.0001	0.0000	0.0000	0.0000	0.0000	0.0000	0.0000	0.0000	0.0000	0.0000	0.0000	0.0000	0.0000	0.0000	0.0000	0.0000	0.0000	0.0000	0.0000	0.0000	0.0000	0.0000	0.0000	0.0000	0.0000	0.0000	0.0000	0.0000	0.0015	0.0013	0.0002	0.0008	0.0008	0.0000	0.0007	0.0006	0.0002
37	43	0.0370	5	2	0	1	1	0	0	1	1	0	1	2	2	0	0	0	0	0	0	Y	N	N	N	Y	Y	N	N	N	N	N	N	N	N	N	N	N	N	0.0000	0.0000	0.0000	0.0000	0.0000	0.0000	0.0000	0.0000	0.0000	0.0000	0.0000	0.0000	0.0000	0.0000	0.0000	0.0000	0.0000	0.0000	0.0000	0.0000	0.0000	0.0000	0.0000	0.0000	0.0000	0.0000	0.0000			0.0000	0.0000	0.0000	0.0000	2.0000	0.0000	0.0000	0.0000	0.0000	0.0000	0.0000	0.0000	0.0000	0.0000	0.0000	0.0000	0.0000	0.0000	0.0000	0.0000	0.0000	0.0000	0.0000	0.0000	0.0000	0.0000	0.0000	0.0000	0.0000	0.0000	0.0000	0.0000	0.0000	0.0000	0.0000	0.0000	0.0000	0.0000	0.0000	0.0000	0.0000	0.0000
37	44	0.0144	4	2	0	0	1	0	0	0	1	0	2	2	2	0	0	0	0	0	0	Y	N	N	N	Y	Y	N	N	N	N	N	N	N	N	N	N	N	N	0.0000	0.0000	0.0000	0.0000	0.0000	0.0000	0.0000	0.0000	0.0000	0.0000	0.0000	0.0000	0.0000	0.0000	0.0000	0.0000	0.0000	0.0000	0.0000	0.0000	0.0000	0.0000	0.0000	0.0000	0.0000	0.0000	0.0000			0.0000	0.0000	0.0000	2.9998	2.0000	4.8980	0.0000	0.0000	0.0000	0.0000	0.0000	0.0000	0.0000	0.0000	0.0000	0.0000	0.0000	0.0000	0.0000	0.0000	0.0000	0.0000	0.0000	0.0000	0.0000	0.0000	0.0000	0.0000	0.0000	0.0000	0.0000	0.0000	0.0000	0.0323	0.0154	0.0170	0.0011	0.0010	0.0001	0.0313	0.0144	0.0169
37	45	0.0087	3	2	0	0	1	0	0	0	1	1	1	2	1	0	0	0	0	0	0	Y	N	N	N	Y	N	N	N	N	N	N	N	N	N	N	N	N	N	0.0000	0.0000	0.0000	0.0000	0.0000	0.0000	0.0000	0.0000	0.0000	0.0000	0.0000	0.0000	0.0000	0.0000	0.0000	0.0000	0.0000	0.0000	0.0000	0.0000	0.0000	0.0000	0.0000	0.0000	0.0000	0.0000	0.0000			0.0000	0.0000	0.0000	0.0002	2.0000	2.0813	0.0000	0.0000	0.0000	0.0000	0.0000	0.0000	0.0000	0.0000	0.0000	0.0000	0.0000	0.0000	0.0000	0.0000	0.0000	0.0000	0.0000	0.0000	0.0000	0.0000	0.0000	0.0000	0.0000	0.0000	0.0000	0.0000	0.0000	0.0093	0.0047	0.0046	0.0005	0.0005	0.0000	0.0088	0.0042	0.0046
37	46	0.0377	8	2	0	1	1	0	0	0	1	0	1	2	1	0	0	0	0	0	0	Y	N	N	N	Y	N	N	N	N	N	N	N	N	N	N	N	N	N	0.0000	0.0000	0.0000	0.0000	0.0000	0.0000	0.0000	0.0000	0.0000	0.0000	0.0000	0.0000	0.0000	0.0000	0.0000	0.0000	0.0000	0.0000	0.0000	0.0000	0.0000	0.0000	0.0000	0.0000	0.0000	0.0000	0.0000			0.0000	0.0000	0.0000	0.0000	2.0000	0.0000	0.0000	0.0000	0.0000	0.0000	0.0000	0.0000	0.0000	0.0000	0.0000	0.0000	0.0000	0.0000	0.0000	0.0000	0.0000	0.0000	0.0000	0.0000	0.0000	0.0000	0.0000	0.0000	0.0000	0.0000	0.0000	0.0000	0.0000	0.0000	0.0000	0.0000	0.0000	0.0000	0.0000	0.0000	0.0000	0.0000
37	52	0.0256	6	2	0	1	1	0	0	0	1	0	2	1	2	0	0	0	0	0	0	Y	N	N	N	N	Y	N	N	N	N	N	N	N	N	N	N	N	N	0.0000	0.0000	0.0000	0.0000	0.0000	0.0000	0.0000	0.0000	0.0000	0.0000	0.0000	0.0000	0.0000	0.0000	0.0000	0.0000	0.0000	0.0000	0.0000	0.0000	0.0000	0.0000	0.0000	0.0000	0.0000	0.0000	0.0000			0.0000	0.0000	0.0000	0.0000	2.0000	2.0000	0.0000	0.0000	0.0000	0.0000	0.0000	0.0000	0.0000	0.0000	0.0000	0.0000	0.0000	0.0000	0.0000	0.0000	0.0000	0.0000	0.0000	0.0000	0.0000	0.0000	0.0000	0.0000	0.0000	0.0000	0.0000	0.0000	0.0000	0.0078	0.0040	0.0038	0.0003	0.0003	0.0001	0.0075	0.0037	0.0038
37	53	0.0223	5	2	0	1	1	0	0	0	1	0	1	1	1	0	0	0	0	0	0	Y	N	N	N	N	N	N	N	N	N	N	N	N	N	N	N	N	N	0.0000	0.0000	0.0000	0.0000	0.0000	0.0000	0.0000	0.0000	0.0000	0.0000	0.0000	0.0000	0.0000	0.0000	0.0000	0.0000	0.0000	0.0000	0.0000	0.0000	0.0000	0.0001	0.0001	0.0000	0.0000	0.0000	0.0000		0.0000	0.0000	-0.0000	0.0000	0.9935	2.0000	0.0062	0.0000	0.0000	0.0000	0.0000	0.0000	0.0000	0.0000	0.0000	0.0000	0.0000	0.0000	0.0000	0.0000	0.0000	0.0000	0.0000	0.0000	0.0000	0.0000	0.0000	0.0000	0.0000	0.0000	0.0000	0.0000	0.0000	0.0000	0.0041	0.0021	0.0020	0.0002	0.0002	0.0000	0.0039	0.0019	0.0020
37	54	0.0123	4	2	0	1	1	0	0	0	1	0	1	1	1	0	0	0	0	0	0	Y	N	N	N	N	N	N	N	N	N	N	N	N	N	N	N	N	N	0.0000	0.0000	0.0000	0.0000	0.0000	0.0000	0.0000	0.0000	0.0000	0.0000	0.0000	0.0000	0.0000	0.0000	0.0000	0.0000	0.0000	0.0000	0.0007	0.0012	0.0000	0.0061	0.0061	0.0000	0.0000	0.0000	0.0000		0.0000	0.0000	-0.0000	0.0000	0.0065	2.0000	3.0034	0.0000	0.0000	0.0000	0.0000	0.0000	0.0000	0.0000	0.0000	0.0000	0.0000	0.0000	0.0000	0.0000	0.0000	0.0000	0.0000	0.0000	0.0000	0.0000	0.0000	0.0000	0.0000	0.0000	0.0000	0.0000	0.0000	0.0000	0.0153	0.0086	0.0067	0.0016	0.0016	0.0000	0.0136	0.0069	0.0067
37	55	0.0085	2	2	0	0	1	0	0	0	1	0	2	2	2	0	0	0	0	0	0	Y	N	N	N	Y	Y	N	N	N	N	N	N	N	N	N	N	N	N	0.0000	0.0000	0.0000	0.0000	0.0000	0.0000	0.0000	0.0000	0.0000	0.0000	0.0000	0.0000	0.0000	0.0000	0.0000	0.0000	0.0000	0.0000	0.0000	0.0000	0.0000	0.0000	0.0000	0.0000	0.0000	0.0000	0.0000			0.0000	0.0000	0.0000	0.0000	2.0000	1.0065	0.0000	0.0000	0.0000	0.0000	0.0000	0.0000	0.0000	0.0000	0.0000	0.0000	0.0000	0.0000	0.0000	0.0000	0.0000	0.0000	0.0000	0.0000	0.0000	0.0000	0.0000	0.0000	0.0000	0.0000	0.0000	0.0000	0.0000	0.0042	0.0019	0.0023	0.0000	0.0000	0.0000	0.0041	0.0019	0.0023
37	58	0.0123	4	2	0	1	1	0	0	0	1	0	1	1	1	0	0	0	0	0	0	Y	N	N	N	N	N	N	N	N	N	N	N	N	N	N	N	N	N	0.0000	0.0000	0.0000	0.0000	0.0000	0.0000	0.0000	0.0000	0.0000	0.0000	0.0000	0.0000	0.0000	0.0000	0.0000	0.0000	0.0000	0.0000	0.0000	0.0000	0.0000	0.0000	0.0000	0.0000	0.0000	0.0000	0.0000		inf	0.0000	0.0000	0.0000	0.0000	2.0000	1.0108	0.0000	0.0000	0.0000	0.0000	0.0000	0.0000	0.0000	0.0000	0.0000	0.0000	0.0000	0.0000	0.0000	0.0000	0.0000	0.0000	0.0000	0.0000	0.0000	0.0000	0.0000	0.0000	0.0000	0.0000	0.0000	0.0000	0.0000	0.0073	0.0049	0.0024	0.0016	0.0016	0.0000	0.0056	0.0033	0.0024
37	59	0.0057	3	2	0	1	1	0	0	0	1	0	1	1	1	0	0	0	0	0	0	Y	N	N	N	N	N	N	N	N	N	N	N	N	N	N	N	N	N	0.0000	0.0000	0.0000	0.0000	0.0000	0.0000	0.0000	0.0000	0.0000	0.0000	0.0000	0.0000	0.0000	0.0000	0.0000	0.0000	0.0000	0.0000	0.0000	0.0000	0.0000	0.1157	0.1157	0.0000	0.0000	0.0000	0.0000		0.0383	0.0000	-0.0000	0.0000	0.0001	2.0000	2.3402	0.0000	0.0000	0.0000	0.0000	0.0000	0.0000	0.0000	0.0000	0.0000	0.0000	0.0000	0.0000	0.0000	0.0000	0.0000	0.0000	0.0000	0.0000	0.0000	0.0000	0.0000	0.0000	0.0000	0.0000	0.0000	0.0000	0.0000	0.0095	0.0043	0.0051	0.0000	0.0000	0.0000	0.0095	0.0043	0.0051
37	60	0.0057	2	2	0	1	1	0	0	1	1	0	1	1	1	0	0	0	0	0	0	Y	N	N	N	N	N	N	N	N	N	N	N	N	N	N	N	N	N	0.0000	0.0000	0.0000	0.0000	0.0000	0.0000	0.0000	0.0000	0.0000	0.0000	0.0000	0.0000	0.0000	0.0000	0.0000	0.0000	0.0000	0.0000	0.0021	0.0044	0.0000	0.1036	0.1036	0.0000	0.0000	0.0000	0.0000		0.0526	0.0000	-0.0000	0.0000	0.0000	2.0000	0.0002	0.0000	0.0000	0.0000	0.0000	0.0000	0.0000	0.0000	0.0000	0.0000	0.0000	0.0000	0.0000	0.0000	0.0000	0.0000	0.0000	0.0000	0.0000	0.0000	0.0000	0.0000	0.0000	0.0000	0.0000	0.0000	0.0000	0.0000	0.0000	0.0000	0.0000	0.0000	0.0000	0.0000	0.0000	0.0000	0.0000
37	63	0.0700	18	2	0	0	1	0	0	0	1	0	2	1	2	0	0	0	0	0	0	Y	N	N	N	N	Y	N	N	N	N	N	N	N	N	N	N	N	N	0.0000	0.0000	0.0000	0.0000	0.0000	0.0000	0.0000	0.0000	0.0000	0.0000	0.0000	0.0000	0.0000	0.0000	0.0000	0.0000	0.0000	0.0000	0.0000	0.0000	0.0000	0.0000	0.0000	0.0000	0.0000	0.0000	0.0000		inf	0.0000	0.0000	0.0000	0.0023	2.0000	3.0060	0.0000	0.0000	0.0000	0.0000	0.0000	0.0000	0.0000	0.0000	0.0000	0.0000	0.0000	0.0000	0.0000	0.0000	0.0000	0.0000	0.0000	0.0000	0.0000	0.0000	0.0000	0.0000	0.0000	0.0000	0.0000	0.0000	0.0000	0.0118	0.0058	0.0060	0.0011	0.0010	0.0001	0.0106	0.0048	0.0058
37	64	0.0671	17	2	0	0	1	1	0	0	1	0	1	1	1	0	0	0	0	0	0	Y	N	N	N	N	N	N	N	N	N	N	N	N	N	N	N	N	N	0.0000	0.0000	0.0000	0.0000	0.0000	0.0000	0.0000	0.0000	0.0000	0.0000	0.0000	0.0000	0.0000	0.0000	0.0000	0.0000	0.0000	0.0000	0.0000	0.0000	0.0000	0.0001	0.0001	0.0000	0.0000	0.0000	0.0000		0.0000	0.0000	-0.0000	0.0000	0.9990	2.0000	0.0212	0.0000	0.0000	0.0000	0.0000	0.0000	0.0000	0.0000	0.0000	0.0000	0.0000	0.0000	0.0000	0.0000	0.0000	0.0000	0.0000	0.0000	0.0000	0.0000	0.0000	0.0000	0.0000	0.0000	0.0000	0.0000	0.0000	0.0000	0.0040	0.0020	0.0020	0.0004	0.0004	0.0001	0.0036	0.0016	0.0020
37	68	0.0360	5	2	0	1	1	0	0	1	1	0	1	2	1	0	0	0	0	0	0	Y	N	N	N	Y	N	N	N	N	N	N	N	N	N	N	N	N	N	0.0000	0.0000	0.0000	0.0000	0.0000	0.0000	0.0000	0.0000	0.0000	0.0000	0.0000	0.0000	0.0000	0.0000	0.0000	0.0000	0.0000	0.0000	0.0000	0.0000	0.0000	0.0000	0.0000	0.0000	0.0000	0.0000	0.0000			0.0000	0.0000	0.0000	0.0002	2.0000	1.2554	0.0000	0.0000	0.0000	0.0000	0.0000	0.0000	0.0000	0.0000	0.0000	0.0000	0.0000	0.0000	0.0000	0.0000	0.0000	0.0000	0.0000	0.0000	0.0000	0.0000	0.0000	0.0000	0.0000	0.0000	0.0000	0.0000	0.0000	0.0054	0.0027	0.0027	0.0005	0.0005	0.0001	0.0048	0.0022	0.0026
37	69	0.0391	7	2	0	0	1	0	0	0	1	0	1	1	1	0	0	0	0	0	0	Y	N	N	N	N	N	N	N	N	N	N	N	N	N	N	N	N	N	0.0000	0.0000	0.0000	0.0000	0.0000	0.0000	0.0000	0.0000	0.0000	0.0000	0.0000	0.0000	0.0000	0.0000	0.0000	0.0000	0.0000	0.0000	0.0000	0.0000	0.0000	0.0000	0.0000	0.0000	0.0000	0.0000	0.0000			0.0000	0.0000	0.0000	1.0007	2.0000	1.2584	0.0000	0.0000	0.0000	0.0000	0.0000	0.0000	0.0000	0.0000	0.0000	0.0000	0.0000	0.0000	0.0000	0.0000	0.0000	0.0000	0.0000	0.0000	0.0000	0.0000	0.0000	0.0000	0.0000	0.0000	0.0000	0.0000	0.0000	0.0106	0.0052	0.0054	0.0014	0.0010	0.0004	0.0092	0.0042	0.0050
37	70	0.0250	6	2	0	0	1	1	0	0	1	0	1	1	1	0	0	0	0	0	0	Y	N	N	N	N	N	N	N	N	N	N	N	N	N	N	N	N	N	0.0000	0.0000	0.0000	0.0000	0.0000	0.0000	0.0000	0.0000	0.0000	0.0000	0.0000	0.0000	0.0000	0.0000	0.0000	0.0000	0.0000	0.0000	0.0000	0.0000	0.0000	0.0000	0.0000	0.0000	0.0000	0.0000	0.0000			0.0000	0.0000	0.0000	3.0007	2.0000	1.9606	0.0000	0.0000	0.0000	0.0000	0.0000	0.0000	0.0000	0.0000	0.0000	0.0000	0.0000	0.0000	0.0000	0.0000	0.0000	0.0000	0.0000	0.0000	0.0000	0.0000	0.0000	0.0000	0.0000	0.0000	0.0000	0.0000	0.0000	0.0199	0.0093	0.0106	0.0007	0.0006	0.0001	0.0193	0.0087	0.0105
37	71	0.1529	13	1	0	0	1	0	0	0	1	1	1	2	1	0	0	0	0	0	0	N	N	N	N	Y	N	N	N	N	N	N	N	N	N	N	N	N	N	0.0000	0.0000	0.0000	0.0000	0.0000	0.0000	0.0000	0.0000	0.0000	0.0000	0.0000	0.0000	0.0000	0.0000	0.0000	0.0000	0.0000	0.0000	6.8057	11.0896	0.0000	7.0295	8.0143	0.0000	6.6916	13.9551	0.0000		0.0000	0.0000	-0.4525	0.0000	6.1029	2.0000	20.9537	0.0000	0.0000	0.0000	0.0000	0.0000	0.0000	0.0000	0.0000	0.0000	0.9547	0.9547	0.0000	0.3328	0.3328	0.0000	0.6219	0.6219	0.0000	0.0000	0.0000	0.0000	0.0000	0.0000	0.0000	0.0000	0.0000	0.0000	0.1403	0.0861	0.0542	0.0473	0.0415	0.0058	0.0929	0.0446	0.0484
37	73	0.0360	6	2	0	1	1	0	0	1	1	0	1	2	2	0	0	0	0	0	0	Y	N	N	N	Y	Y	N	N	N	N	N	N	N	N	N	N	N	N	0.0000	0.0000	0.0000	0.0000	0.0000	0.0000	0.0000	0.0000	0.0000	0.0000	0.0000	0.0000	0.0000	0.0000	0.0000	0.0000	0.0000	0.0000	0.0000	0.0000	0.0000	0.0000	0.0000	0.0000	0.0000	0.0000	0.0000			0.0000	0.0000	0.0000	0.0000	2.0000	0.0000	0.0000	0.0000	0.0000	0.0000	0.0000	0.0000	0.0000	0.0000	0.0000	0.0000	0.0000	0.0000	0.0000	0.0000	0.0000	0.0000	0.0000	0.0000	0.0000	0.0000	0.0000	0.0000	0.0000	0.0000	0.0000	0.0000	0.0000	0.0000	0.0000	0.0000	0.0000	0.0000	0.0000	0.0000	0.0000	0.0000
37	74	0.0365	8	2	0	1	1	1	0	1	1	0	1	1	1	0	0	0	0	0	0	Y	N	N	N	N	N	N	N	N	N	N	N	N	N	N	N	N	N	0.0000	0.0000	0.0000	0.0000	0.0000	0.0000	0.0000	0.0000	0.0000	0.0000	0.0000	0.0000	0.0000	0.0000	0.0000	0.0000	0.0000	0.0000	0.0000	0.0000	0.0000	0.0000	0.0000	0.0000	0.0000	0.0000	0.0000			0.0000	0.0000	0.0000	2.9595	2.0000	5.1315	0.0000	0.0000	0.0000	0.0000	0.0000	0.0000	0.0000	0.0000	0.0000	0.0000	0.0000	0.0000	0.0000	0.0000	0.0000	0.0000	0.0000	0.0000	0.0000	0.0000	0.0000	0.0000	0.0000	0.0000	0.0000	0.0000	0.0000	0.0328	0.0159	0.0170	0.0026	0.0024	0.0003	0.0302	0.0135	0.0167
37	75	0.0360	6	2	0	0	1	0	0	0	1	0	1	2	2	0	0	0	0	0	0	Y	N	N	N	Y	Y	N	N	N	N	N	N	N	N	N	N	N	N	0.0000	0.0000	0.0000	0.0000	0.0000	0.0000	0.0000	0.0000	0.0000	0.0000	0.0000	0.0000	0.0000	0.0000	0.0000	0.0000	0.0000	0.0000	0.0000	0.0000	0.0000	0.0000	0.0000	0.0000	0.0000	0.0000	0.0000			0.0000	0.0000	0.0000	0.0000	2.0000	1.0000	0.0000	0.0000	0.0000	0.0000	0.0000	0.0000	0.0000	0.0000	0.0000	0.0000	0.0000	0.0000	0.0000	0.0000	0.0000	0.0000	0.0000	0.0000	0.0000	0.0000	0.0000	0.0000	0.0000	0.0000	0.0000	0.0000	0.0000	0.0039	0.0023	0.0016	0.0002	0.0002	0.0000	0.0037	0.0021	0.0016
37	76	0.0360	5	2	0	0	1	0	0	0	1	0	2	2	2	0	0	0	0	0	0	Y	N	N	N	Y	Y	N	N	N	N	N	N	N	N	N	N	N	N	0.0000	0.0000	0.0000	0.0000	0.0000	0.0000	0.0000	0.0000	0.0000	0.0000	0.0000	0.0000	0.0000	0.0000	0.0000	0.0000	0.0000	0.0000	0.0000	0.0000	0.0000	0.0000	0.0000	0.0000	0.0000	0.0000	0.0000			0.0000	0.0000	0.0000	0.0000	2.0000	0.0000	0.0000	0.0000	0.0000	0.0000	0.0000	0.0000	0.0000	0.0000	0.0000	0.0000	0.0000	0.0000	0.0000	0.0000	0.0000	0.0000	0.0000	0.0000	0.0000	0.0000	0.0000	0.0000	0.0000	0.0000	0.0000	0.0000	0.0000	0.0005	0.0003	0.0002	0.0002	0.0002	0.0000	0.0002	0.0000	0.0002
37	77	0.0141	4	2	0	0	1	0	0	0	1	1	1	2	1	0	0	0	0	0	0	Y	N	N	N	Y	N	N	N	N	N	N	N	N	N	N	N	N	N	0.0000	0.0000	0.0000	0.0000	0.0000	0.0000	0.0000	0.0000	0.0000	0.0000	0.0000	0.0000	0.0000	0.0000	0.0000	0.0000	0.0000	0.0000	0.0000	0.0000	0.0000	0.0000	0.0000	0.0000	0.0000	0.0000	0.0000			0.0000	0.0000	0.0000	0.0002	2.0000	3.7635	0.0000	0.0000	0.0000	0.0000	0.0000	0.0000	0.0000	0.0000	0.0000	0.0000	0.0000	0.0000	0.0000	0.0000	0.0000	0.0000	0.0000	0.0000	0.0000	0.0000	0.0000	0.0000	0.0000	0.0000	0.0000	0.0000	0.0000	0.0163	0.0076	0.0087	0.0010	0.0009	0.0001	0.0153	0.0067	0.0086
37	79	0.0621	12	2	0	1	1	0	0	0	1	0	1	1	1	0	0	0	0	0	0	Y	N	N	N	N	N	N	N	N	N	N	N	N	N	N	N	N	N	0.0000	0.0000	0.0000	0.0000	0.0000	0.0000	0.0000	0.0000	0.0000	0.0000	0.0000	0.0000	0.0000	0.0000	0.0000	0.0000	0.0000	0.0000	0.0007	0.0014	0.0000	0.0074	0.0092	0.0000	0.0000	0.0000	0.0000		0.0000	0.0000	-0.0000	0.0000	1.0047	2.0000	3.0004	0.0000	0.0000	0.0000	0.0000	0.0000	0.0000	0.0000	0.0000	0.0000	0.0000	0.0000	0.0000	0.0000	0.0000	0.0000	0.0000	0.0000	0.0000	0.0000	0.0000	0.0000	0.0000	0.0000	0.0000	0.0000	0.0000	0.0000	0.0152	0.0073	0.0079	0.0013	0.0011	0.0003	0.0138	0.0062	0.0077
37	80	0.0514	11	2	0	1	1	0	0	0	1	0	1	1	1	0	0	0	0	0	0	Y	N	N	N	N	N	N	N	N	N	N	N	N	N	N	N	N	N	0.0000	0.0000	0.0000	0.0000	0.0000	0.0000	0.0000	0.0000	0.0000	0.0000	0.0000	0.0000	0.0000	0.0000	0.0000	0.0000	0.0000	0.0000	0.0378	0.0695	0.0000	0.1025	0.1412	0.0000	0.0007	0.0017	0.0000		0.0000	0.0000	-0.0004	0.0000	1.0096	2.0000	2.0672	0.0000	0.0000	0.0000	0.0000	0.0000	0.0000	0.0000	0.0000	0.0000	0.0008	0.0008	0.0000	0.0008	0.0008	0.0000	0.0000	0.0000	0.0000	0.0000	0.0000	0.0000	0.0000	0.0000	0.0000	0.0000	0.0000	0.0000	0.0212	0.0115	0.0097	0.0077	0.0056	0.0021	0.0135	0.0059	0.0076
37	81	0.0443	10	2	0	1	1	1	0	1	1	0	1	1	1	0	0	0	0	0	0	Y	N	N	N	N	N	N	N	N	N	N	N	N	N	N	N	N	N	0.0000	0.0000	0.0000	0.0000	0.0000	0.0000	0.0000	0.0000	0.0000	0.0000	0.0000	0.0000	0.0000	0.0000	0.0000	0.0000	0.0000	0.0000	0.0765	0.1590	0.0000	0.0000	0.0000	0.0000	0.0836	0.1873	0.0000		0.0000	0.0000	-0.0004	0.0000	0.9933	2.0000	1.5154	0.0000	0.0000	0.0000	0.0000	0.0000	0.0000	0.0000	0.0000	0.0000	0.0008	0.0008	0.0000	0.0000	0.0000	0.0000	0.0008	0.0008	0.0000	0.0000	0.0000	0.0000	0.0000	0.0000	0.0000	0.0000	0.0000	0.0000	0.0103	0.0050	0.0054	0.0009	0.0008	0.0001	0.0095	0.0042	0.0052
37	82	0.0672	14	2	0	1	1	0	0	1	1	0	1	1	1	0	0	0	0	0	0	Y	N	N	N	N	N	N	N	N	N	N	N	N	N	N	N	N	N	0.0000	0.0000	0.0000	0.0000	0.0000	0.0000	0.0000	0.0000	0.0000	0.0000	0.0000	0.0000	0.0000	0.0000	0.0000	0.0000	0.0000	0.0000	0.0000	0.0000	0.0000	0.0000	0.0000	0.0000	0.0000	0.0000	0.0000			0.0000	0.0000	0.0000	4.0000	2.0000	3.0004	0.0000	0.0000	0.0000	0.0000	0.0000	0.0000	0.0000	0.0000	0.0000	0.0000	0.0000	0.0000	0.0000	0.0000	0.0000	0.0000	0.0000	0.0000	0.0000	0.0000	0.0000	0.0000	0.0000	0.0000	0.0000	0.0000	0.0000	0.0271	0.0134	0.0137	0.0029	0.0026	0.0004	0.0242	0.0109	0.0133
37	84	0.0276	7	2	0	1	1	1	0	1	1	0	1	1	1	0	0	0	0	0	0	Y	N	N	N	N	N	N	N	N	N	N	N	N	N	N	N	N	N	0.0000	0.0000	0.0000	0.0000	0.0000	0.0000	0.0000	0.0000	0.0000	0.0000	0.0000	0.0000	0.0000	0.0000	0.0000	0.0000	0.0000	0.0000	0.0000	0.0000	0.0000	0.0000	0.0000	0.0000	0.0000	0.0000	0.0000			0.0000	0.0000	0.0000	2.0009	2.0000	6.0608	0.0000	0.0000	0.0000	0.0000	0.0000	0.0000	0.0000	0.0000	0.0000	0.0000	0.0000	0.0000	0.0000	0.0000	0.0000	0.0000	0.0000	0.0000	0.0000	0.0000	0.0000	0.0000	0.0000	0.0000	0.0000	0.0000	0.0000	0.0320	0.0149	0.0171	0.0012	0.0010	0.0002	0.0308	0.0139	0.0169
37	85	0.0755	16	2	0	1	1	0	0	0	1	0	1	1	1	0	0	0	0	0	0	Y	N	N	N	N	N	N	N	N	N	N	N	N	N	N	N	N	N	0.0000	0.0000	0.0000	0.0000	0.0000	0.0000	0.0000	0.0000	0.0000	0.0000	0.0000	0.0000	0.0000	0.0000	0.0000	0.0000	0.0000	0.0000	0.0000	0.0000	0.0000	0.0000	0.0000	0.0000	0.0000	0.0000	0.0000			0.0000	0.0000	0.0000	2.0003	2.0000	2.0390	0.0000	0.0000	0.0000	0.0000	0.0000	0.0000	0.0000	0.0000	0.0000	0.0000	0.0000	0.0000	0.0000	0.0000	0.0000	0.0000	0.0000	0.0000	0.0000	0.0000	0.0000	0.0000	0.0000	0.0000	0.0000	0.0000	0.0000	0.0159	0.0081	0.0078	0.0020	0.0018	0.0003	0.0139	0.0063	0.0075
37	86	0.0682	15	2	0	1	1	1	0	1	1	0	1	1	1	0	0	0	0	0	0	Y	N	N	N	N	N	N	N	N	N	N	N	N	N	N	N	N	N	0.0000	0.0000	0.0000	0.0000	0.0000	0.0000	0.0000	0.0000	0.0000	0.0000	0.0000	0.0000	0.0000	0.0000	0.0000	0.0000	0.0000	0.0000	0.0000	0.0000	0.0000	0.0000	0.0000	0.0000	0.0000	0.0000	0.0000			0.0000	0.0000	0.0000	1.0005	2.0000	0.9990	0.0000	0.0000	0.0000	0.0000	0.0000	0.0000	0.0000	0.0000	0.0000	0.0000	0.0000	0.0000	0.0000	0.0000	0.0000	0.0000	0.0000	0.0000	0.0000	0.0000	0.0000	0.0000	0.0000	0.0000	0.0000	0.0000	0.0000	0.0079	0.0039	0.0040	0.0008	0.0007	0.0001	0.0071	0.0032	0.0039
37	89	0.1000	12	2	0	1	1	0	0	0	1	0	1	1	1	0	0	0	0	0	0	Y	N	N	N	N	N	N	N	N	N	N	N	N	N	N	N	N	N	0.0000	0.0000	0.0000	0.0000	0.0000	0.0000	0.0000	0.0000	0.0000	0.0000	0.0000	0.0000	0.0000	0.0000	0.0000	0.0000	0.0000	0.0000	0.0000	0.0000	0.0000	0.0000	0.0000	0.0000	0.0000	0.0000	0.0000			0.0000	0.0000	0.0000	0.0001	2.0000	3.9037	0.0000	0.0000	0.0000	0.0000	0.0000	0.0000	0.0000	0.0000	0.0000	0.0000	0.0000	0.0000	0.0000	0.0000	0.0000	0.0000	0.0000	0.0000	0.0000	0.0000	0.0000	0.0000	0.0000	0.0000	0.0000	0.0000	0.0000	0.0172	0.0087	0.0085	0.0017	0.0016	0.0001	0.0155	0.0071	0.0084
37	90	0.0734	11	2	0	1	1	0	0	0	1	0	1	1	1	0	0	0	0	0	0	Y	N	N	N	N	N	N	N	N	N	N	N	N	N	N	N	N	N	0.0000	0.0000	0.0000	0.0000	0.0000	0.0000	0.0000	0.0000	0.0000	0.0000	0.0000	0.0000	0.0000	0.0000	0.0000	0.0000	0.0000	0.0000	0.0002	0.0005	0.0000	0.0019	0.0023	0.0000	0.0000	0.0000	0.0000		0.0000	0.0000	-0.0000	0.0000	1.0001	2.0000	8.1987	0.0000	0.0000	0.0000	0.0000	0.0000	0.0000	0.0000	0.0000	0.0000	0.0000	0.0000	0.0000	0.0000	0.0000	0.0000	0.0000	0.0000	0.0000	0.0000	0.0000	0.0000	0.0000	0.0000	0.0000	0.0000	0.0000	0.0000	0.0405	0.0209	0.0197	0.0052	0.0043	0.0009	0.0354	0.0166	0.0188
37	91	0.0816	16	2	0	1	1	0	0	0	1	0	1	1	1	0	0	0	0	0	0	Y	N	N	N	N	N	N	N	N	N	N	N	N	N	N	N	N	N	0.0000	0.0000	0.0000	0.0000	0.0000	0.0000	0.0000	0.0000	0.0000	0.0000	0.0000	0.0000	0.0000	0.0000	0.0000	0.0000	0.0000	0.0000	0.0003	0.0005	0.0000	0.0019	0.0022	0.0000	0.0000	0.0000	0.0000		0.0000	0.0000	-0.0000	0.0000	1.0071	2.0000	9.1029	0.0000	0.0000	0.0000	0.0000	0.0000	0.0000	0.0000	0.0000	0.0000	0.0000	0.0000	0.0000	0.0000	0.0000	0.0000	0.0000	0.0000	0.0000	0.0000	0.0000	0.0000	0.0000	0.0000	0.0000	0.0000	0.0000	0.0000	0.0396	0.0202	0.0194	0.0051	0.0046	0.0005	0.0345	0.0156	0.0189
37	92	0.0672	15	2	0	1	1	0	0	1	1	0	1	1	1	0	0	0	0	0	0	Y	N	N	N	N	N	N	N	N	N	N	N	N	N	N	N	N	N	0.0000	0.0000	0.0000	0.0000	0.0000	0.0000	0.0000	0.0000	0.0000	0.0000	0.0000	0.0000	0.0000	0.0000	0.0000	0.0000	0.0000	0.0000	0.0005	0.0000	0.0010	0.0000	0.0000	0.0000	0.0006	0.0000	0.0010		inf	0.0000	0.0000	0.0000	0.9988	2.0000	4.0321	0.0000	0.0000	0.0000	0.0000	0.0000	0.0000	0.0000	0.0000	0.0000	0.0000	0.0000	0.0000	0.0000	0.0000	0.0000	0.0000	0.0000	0.0000	0.0000	0.0000	0.0000	0.0000	0.0000	0.0000	0.0000	0.0000	0.0000	0.0198	0.0098	0.0100	0.0022	0.0019	0.0003	0.0176	0.0079	0.0097
37	93	0.0672	14	2	0	0	1	0	0	0	1	0	1	1	1	0	0	0	0	0	0	Y	N	N	N	N	N	N	N	N	N	N	N	N	N	N	N	N	N	0.0000	0.0000	0.0000	0.0000	0.0000	0.0000	0.0000	0.0000	0.0000	0.0000	0.0000	0.0000	0.0000	0.0000	0.0000	0.0000	0.0000	0.0000	0.0000	0.0000	0.0000	0.0000	0.0000	0.0000	0.0000	0.0000	0.0000			0.0000	0.0000	0.0000	0.0001	2.0000	0.0783	0.0000	0.0000	0.0000	0.0000	0.0000	0.0000	0.0000	0.0000	0.0000	0.0000	0.0000	0.0000	0.0000	0.0000	0.0000	0.0000	0.0000	0.0000	0.0000	0.0000	0.0000	0.0000	0.0000	0.0000	0.0000	0.0000	0.0000	0.0008	0.0005	0.0004	0.0003	0.0003	0.0000	0.0005	0.0002	0.0004
37	94	0.0586	13	2	0	0	1	1	0	0	1	0	1	1	1	0	0	0	0	0	0	Y	N	N	N	N	N	N	N	N	N	N	N	N	N	N	N	N	N	0.0000	0.0000	0.0000	0.0000	0.0000	0.0000	0.0000	0.0000	0.0000	0.0000	0.0000	0.0000	0.0000	0.0000	0.0000	0.0000	0.0000	0.0000	0.0000	0.0000	0.0000	0.0000	0.0000	0.0000	0.0000	0.0000	0.0000			0.0000	0.0000	0.0000	0.0004	2.0000	2.9660	0.0000	0.0000	0.0000	0.0000	0.0000	0.0000	0.0000	0.0000	0.0000	0.0000	0.0000	0.0000	0.0000	0.0000	0.0000	0.0000	0.0000	0.0000	0.0000	0.0000	0.0000	0.0000	0.0000	0.0000	0.0000	0.0000	0.0000	0.0117	0.0058	0.0059	0.0011	0.0010	0.0001	0.0106	0.0048	0.0058
37	100	0.0483	12	1	0	1	1	0	0	0	1	0	1	2	1	0	0	0	0	0	0	N	N	N	N	Y	N	N	N	N	N	N	N	N	N	N	N	N	N	0.0000	0.0000	0.0000	0.0000	0.0000	0.0000	0.0000	0.0000	0.0000	0.0000	0.0000	0.0000	0.0000	0.0000	0.0000	0.0000	0.0000	0.0000	0.0000	0.0000	0.0000	0.0000	0.0000	0.0000	0.0000	0.0000	0.0000			0.0000	0.0000	0.0000	0.0000	2.0000	0.0000	0.0000	0.0000	0.0000	0.0000	0.0000	0.0000	0.0000	0.0000	0.0000	0.0000	0.0000	0.0000	0.0000	0.0000	0.0000	0.0000	0.0000	0.0000	0.0000	0.0000	0.0000	0.0000	0.0000	0.0000	0.0000	0.0000	0.0000	0.0000	0.0000	0.0000	0.0000	0.0000	0.0000	0.0000	0.0000	0.0000
37	101	0.0427	11	1	0	1	1	0	0	0	1	0	1	2	1	0	0	0	0	0	0	N	N	N	N	Y	N	N	N	N	N	N	N	N	N	N	N	N	N	0.0000	0.0000	0.0000	0.0000	0.0000	0.0000	0.0000	0.0000	0.0000	0.0000	0.0000	0.0000	0.0000	0.0000	0.0000	0.0000	0.0000	0.0000	0.0000	0.0000	0.0000	0.0000	0.0000	0.0000	0.0000	0.0000	0.0000			0.0000	0.0000	0.0000	1.0000	2.0000	0.0000	0.0000	0.0000	0.0000	0.0000	0.0000	0.0000	0.0000	0.0000	0.0000	0.0000	0.0000	0.0000	0.0000	0.0000	0.0000	0.0000	0.0000	0.0000	0.0000	0.0000	0.0000	0.0000	0.0000	0.0000	0.0000	0.0000	0.0000	0.0041	0.0019	0.0022	0.0004	0.0003	0.0001	0.0037	0.0017	0.0021
37	102	0.0427	10	1	0	1	1	0	0	0	1	0	1	2	1	0	0	0	0	0	0	N	N	N	N	Y	N	N	N	N	N	N	N	N	N	N	N	N	N	0.0000	0.0000	0.0000	0.0000	0.0000	0.0000	0.0000	0.0000	0.0000	0.0000	0.0000	0.0000	0.0000	0.0000	0.0000	0.0000	0.0000	0.0000	0.0000	0.0000	0.0000	0.0000	0.0000	0.0000	0.0000	0.0000	0.0000			0.0000	0.0000	0.0000	0.0000	2.0000	0.0005	0.0000	0.0000	0.0000	0.0000	0.0000	0.0000	0.0000	0.0000	0.0000	0.0000	0.0000	0.0000	0.0000	0.0000	0.0000	0.0000	0.0000	0.0000	0.0000	0.0000	0.0000	0.0000	0.0000	0.0000	0.0000	0.0000	0.0000	0.0000	0.0000	0.0000	0.0000	0.0000	0.0000	0.0000	0.0000	0.0000
37	104	0.0608	9	2	0	1	1	1	0	1	1	0	1	1	1	0	0	0	0	0	0	Y	N	N	N	N	N	N	N	N	N	N	N	N	N	N	N	N	N	0.0000	0.0000	0.0000	0.0000	0.0000	0.0000	0.0000	0.0000	0.0000	0.0000	0.0000	0.0000	0.0000	0.0000	0.0000	0.0000	0.0000	0.0000	0.0000	0.0000	0.0000	0.0000	0.0000	0.0000	0.0000	0.0000	0.0000			0.0000	0.0000	0.0000	1.0000	2.0000	1.0715	0.0000	0.0000	0.0000	0.0000	0.0000	0.0000	0.0000	0.0000	0.0000	0.0000	0.0000	0.0000	0.0000	0.0000	0.0000	0.0000	0.0000	0.0000	0.0000	0.0000	0.0000	0.0000	0.0000	0.0000	0.0000	0.0000	0.0000	0.0094	0.0050	0.0044	0.0012	0.0011	0.0002	0.0081	0.0039	0.0042
37	105	0.0608	10	1	0	0	1	0	0	0	1	0	2	1	2	0	0	0	0	0	0	N	N	N	N	N	Y	N	N	N	N	N	N	N	N	N	N	N	N	0.0000	0.0000	0.0000	0.0000	0.0000	0.0000	0.0000	0.0000	0.0000	0.0000	0.0000	0.0000	0.0000	0.0000	0.0000	0.0000	0.0000	0.0000	0.0000	0.0000	0.0000	0.0000	0.0000	0.0000	0.0000	0.0000	0.0000			0.0000	0.0000	0.0000	0.0000	2.0000	1.0001	0.0000	0.0000	0.0000	0.0000	0.0000	0.0000	0.0000	0.0000	0.0000	0.0000	0.0000	0.0000	0.0000	0.0000	0.0000	0.0000	0.0000	0.0000	0.0000	0.0000	0.0000	0.0000	0.0000	0.0000	0.0000	0.0000	0.0000	0.0052	0.0030	0.0022	0.0009	0.0009	0.0001	0.0043	0.0022	0.0021
37	106	0.0427	10	1	0	0	1	0	0	0	1	0	2	1	2	0	0	0	0	0	0	N	N	N	N	N	Y	N	N	N	N	N	N	N	N	N	N	N	N	0.0000	0.0000	0.0000	0.0000	0.0000	0.0000	0.0000	0.0000	0.0000	0.0000	0.0000	0.0000	0.0000	0.0000	0.0000	0.0000	0.0000	0.0000	0.0000	0.0000	0.0000	0.0000	0.0000	0.0000	0.0000	0.0000	0.0000			0.0000	0.0000	0.0000	0.0000	2.0000	0.0000	0.0000	0.0000	0.0000	0.0000	0.0000	0.0000	0.0000	0.0000	0.0000	0.0000	0.0000	0.0000	0.0000	0.0000	0.0000	0.0000	0.0000	0.0000	0.0000	0.0000	0.0000	0.0000	0.0000	0.0000	0.0000	0.0000	0.0000	0.0000	0.0000	0.0000	0.0000	0.0000	0.0000	0.0000	0.0000	0.0000
37	107	0.0512	14	1	0	0	1	0	0	0	1	0	2	1	2	0	0	0	0	0	0	N	N	N	N	N	Y	N	N	N	N	N	N	N	N	N	N	N	N	0.0000	0.0000	0.0000	0.0000	0.0000	0.0000	0.0000	0.0000	0.0000	0.0000	0.0000	0.0000	0.0000	0.0000	0.0000	0.0000	0.0000	0.0000	0.0000	0.0000	0.0000	0.0000	0.0000	0.0000	0.0000	0.0000	0.0000			0.0000	0.0000	0.0000	0.0000	2.0000	0.0000	0.0000	0.0000	0.0000	0.0000	0.0000	0.0000	0.0000	0.0000	0.0000	0.0000	0.0000	0.0000	0.0000	0.0000	0.0000	0.0000	0.0000	0.0000	0.0000	0.0000	0.0000	0.0000	0.0000	0.0000	0.0000	0.0000	0.0000	0.0000	0.0000	0.0000	0.0000	0.0000	0.0000	0.0000	0.0000	0.0000
37	113	0.0377	8	2	0	1	1	0	0	0	1	0	1	2	1	0	0	0	0	0	0	Y	N	N	N	Y	N	N	N	N	N	N	N	N	N	N	N	N	N	0.0000	0.0000	0.0000	0.0000	0.0000	0.0000	0.0000	0.0000	0.0000	0.0000	0.0000	0.0000	0.0000	0.0000	0.0000	0.0000	0.0000	0.0000	0.0000	0.0000	0.0000	0.0000	0.0000	0.0000	0.0000	0.0000	0.0000			0.0000	0.0000	0.0000	0.0000	2.0000	1.0000	0.0000	0.0000	0.0000	0.0000	0.0000	0.0000	0.0000	0.0000	0.0000	0.0000	0.0000	0.0000	0.0000	0.0000	0.0000	0.0000	0.0000	0.0000	0.0000	0.0000	0.0000	0.0000	0.0000	0.0000	0.0000	0.0000	0.0000	0.0039	0.0020	0.0019	0.0003	0.0002	0.0001	0.0036	0.0018	0.0019
37	114	0.0320	7	2	0	1	1	1	0	1	1	1	1	2	1	0	0	0	0	0	0	Y	N	N	N	Y	N	N	N	N	N	N	N	N	N	N	N	N	N	0.0000	0.0000	0.0000	0.0000	0.0000	0.0000	0.0000	0.0000	0.0000	0.0000	0.0000	0.0000	0.0000	0.0000	0.0000	0.0000	0.0000	0.0000	0.0000	0.0000	0.0000	0.0000	0.0000	0.0000	0.0000	0.0000	0.0000			0.0000	0.0000	0.0000	0.0000	2.0000	1.0009	0.0000	0.0000	0.0000	0.0000	0.0000	0.0000	0.0000	0.0000	0.0000	0.0000	0.0000	0.0000	0.0000	0.0000	0.0000	0.0000	0.0000	0.0000	0.0000	0.0000	0.0000	0.0000	0.0000	0.0000	0.0000	0.0000	0.0000	0.0118	0.0092	0.0026	0.0041	0.0041	0.0001	0.0077	0.0051	0.0025
37	115	0.0734	11	2	0	1	1	0	0	0	1	0	1	1	1	0	0	0	0	0	0	Y	N	N	N	N	N	N	N	N	N	N	N	N	N	N	N	N	N	0.0000	0.0000	0.0000	0.0000	0.0000	0.0000	0.0000	0.0000	0.0000	0.0000	0.0000	0.0000	0.0000	0.0000	0.0000	0.0000	0.0000	0.0000	0.0003	0.0005	0.0000	0.0020	0.0024	0.0000	0.0000	0.0000	0.0000		0.0000	0.0000	-0.0000	0.0000	0.9998	2.0000	6.9031	0.0000	0.0000	0.0000	0.0000	0.0000	0.0000	0.0000	0.0000	0.0000	0.0000	0.0000	0.0000	0.0000	0.0000	0.0000	0.0000	0.0000	0.0000	0.0000	0.0000	0.0000	0.0000	0.0000	0.0000	0.0000	0.0000	0.0000	0.0359	0.0187	0.0172	0.0050	0.0042	0.0008	0.0308	0.0145	0.0163
37	116	0.0608	10	2	0	1	1	1	0	1	1	0	1	1	1	0	0	0	0	0	0	Y	N	N	N	N	N	N	N	N	N	N	N	N	N	N	N	N	N	0.0000	0.0000	0.0000	0.0000	0.0000	0.0000	0.0000	0.0000	0.0000	0.0000	0.0000	0.0000	0.0000	0.0000	0.0000	0.0000	0.0000	0.0000	0.0006	0.0000	0.0011	0.0000	0.0000	0.0000	0.0006	0.0000	0.0012		inf	0.0000	0.0000	0.0000	0.0012	2.0000	4.2539	0.0000	0.0000	0.0000	0.0000	0.0000	0.0000	0.0000	0.0000	0.0000	0.0000	0.0000	0.0000	0.0000	0.0000	0.0000	0.0000	0.0000	0.0000	0.0000	0.0000	0.0000	0.0000	0.0000	0.0000	0.0000	0.0000	0.0000	0.0178	0.0090	0.0088	0.0019	0.0016	0.0003	0.0159	0.0074	0.0085
37	119	0.0427	10	2	0	1	1	1	0	0	1	0	1	2	1	0	0	0	0	0	0	Y	N	N	N	Y	N	N	N	N	N	N	N	N	N	N	N	N	N	0.0000	0.0000	0.0000	0.0000	0.0000	0.0000	0.0000	0.0000	0.0000	0.0000	0.0000	0.0000	0.0000	0.0000	0.0000	0.0000	0.0000	0.0000	0.0000	0.0000	0.0000	0.0000	0.0000	0.0000	0.0000	0.0000	0.0000			0.0000	0.0000	0.0000	0.0000	2.0000	0.0000	0.0000	0.0000	0.0000	0.0000	0.0000	0.0000	0.0000	0.0000	0.0000	0.0000	0.0000	0.0000	0.0000	0.0000	0.0000	0.0000	0.0000	0.0000	0.0000	0.0000	0.0000	0.0000	0.0000	0.0000	0.0000	0.0000	0.0000	0.0000	0.0000	0.0000	0.0000	0.0000	0.0000	0.0000	0.0000	0.0000
37	120	0.0398	9	1	0	1	1	0	0	1	1	1	1	2	1	0	0	0	0	0	0	N	N	N	N	Y	N	N	N	N	N	N	N	N	N	N	N	N	N	0.0000	0.0000	0.0000	0.0000	0.0000	0.0000	0.0000	0.0000	0.0000	0.0000	0.0000	0.0000	0.0000	0.0000	0.0000	0.0000	0.0000	0.0000	0.0000	0.0000	0.0000	0.0000	0.0000	0.0000	0.0000	0.0000	0.0000			0.0000	0.0000	0.0000	0.0001	2.0000	1.0001	0.0000	0.0000	0.0000	0.0000	0.0000	0.0000	0.0000	0.0000	0.0000	0.0000	0.0000	0.0000	0.0000	0.0000	0.0000	0.0000	0.0000	0.0000	0.0000	0.0000	0.0000	0.0000	0.0000	0.0000	0.0000	0.0000	0.0000	0.0041	0.0019	0.0022	0.0003	0.0003	0.0001	0.0038	0.0017	0.0021
38	40	0.0699	20	2	0	1	0	0	0	1	0	0	1	1	1	0	0	0	0	0	0	Y	N	N	N	N	N	N	N	N	N	N	N	N	N	N	N	N	N	0.0000	0.0000	0.0000	0.0000	0.0000	0.0000	0.0000	0.0000	0.0000	0.0000	0.0000	0.0000	0.0000	0.0000	0.0000	0.0000	0.0000	0.0000	0.0000	0.0000	0.0000	0.0000	0.0000	0.0000	0.0000	0.0000	0.0000			0.0000	0.0000	0.0000	1.0010	0.4891	2.9998	0.0000	0.0000	0.0000	0.0000	0.0000	0.0000	0.0000	0.0000	0.0000	0.0000	0.0000	0.0000	0.0000	0.0000	0.0000	0.0000	0.0000	0.0000	0.0000	0.0000	0.0000	0.0000	0.0000	0.0000	0.0000	0.0000	0.0000	0.0071	0.0036	0.0035	0.0029	0.0028	0.0000	0.0042	0.0007	0.0034
38	41	0.0370	8	2	0	1	1	0	0	1	0	0	1	2	2	0	0	0	0	0	0	Y	N	N	N	Y	Y	N	N	N	N	N	N	N	N	N	N	N	N	0.0000	0.0000	0.0000	0.0000	0.0000	0.0000	0.0000	0.0000	0.0000	0.0000	0.0000	0.0000	0.0000	0.0000	0.0000	0.0000	0.0000	0.0000	0.0000	0.0000	0.0000	0.0000	0.0000	0.0000	0.0000	0.0000	0.0000			0.0000	0.0000	0.0000	0.0000	0.4891	0.0000	0.0000	0.0000	0.0000	0.0000	0.0000	0.0000	0.0000	0.0000	0.0000	0.0000	0.0000	0.0000	0.0000	0.0000	0.0000	0.0000	0.0000	0.0000	0.0000	0.0000	0.0000	0.0000	0.0000	0.0000	0.0000	0.0000	0.0000	0.0000	0.0000	0.0000	0.0000	0.0000	0.0000	0.0000	0.0000	0.0000
38	42	0.0370	7	2	0	0	1	0	0	0	1	0	1	2	2	0	0	0	0	0	0	Y	N	N	N	Y	Y	N	N	N	N	N	N	N	N	N	N	N	N	0.0000	0.0000	0.0000	0.0000	0.0000	0.0000	0.0000	0.0000	0.0000	0.0000	0.0000	0.0000	0.0000	0.0000	0.0000	0.0000	0.0000	0.0000	0.0000	0.0000	0.0000	0.0000	0.0000	0.0000	0.0000	0.0000	0.0000			0.0000	0.0000	0.0000	0.0001	0.4891	0.0001	0.0000	0.0000	0.0000	0.0000	0.0000	0.0000	0.0000	0.0000	0.0000	0.0000	0.0000	0.0000	0.0000	0.0000	0.0000	0.0000	0.0000	0.0000	0.0000	0.0000	0.0000	0.0000	0.0000	0.0000	0.0000	0.0000	0.0000	0.0000	0.0000	0.0000	0.0000	0.0000	0.0000	0.0000	0.0000	0.0000
38	43	0.0370	7	2	0	1	0	0	0	1	0	0	1	2	2	0	0	0	0	0	0	Y	N	N	N	Y	Y	N	N	N	N	N	N	N	N	N	N	N	N	0.0000	0.0000	0.0000	0.0000	0.0000	0.0000	0.0000	0.0000	0.0000	0.0000	0.0000	0.0000	0.0000	0.0000	0.0000	0.0000	0.0000	0.0000	0.0000	0.0000	0.0000	0.0000	0.0000	0.0000	0.0000	0.0000	0.0000			0.0000	0.0000	0.0000	0.0000	0.4891	0.0000	0.0000	0.0000	0.0000	0.0000	0.0000	0.0000	0.0000	0.0000	0.0000	0.0000	0.0000	0.0000	0.0000	0.0000	0.0000	0.0000	0.0000	0.0000	0.0000	0.0000	0.0000	0.0000	0.0000	0.0000	0.0000	0.0000	0.0000	0.0000	0.0000	0.0000	0.0000	0.0000	0.0000	0.0000	0.0000	0.0000
38	44	0.0144	6	2	0	0	0	0	0	0	0	0	2	2	2	0	0	0	0	0	0	Y	N	N	N	Y	Y	N	N	N	N	N	N	N	N	N	N	N	N	0.0000	0.0000	0.0000	0.0000	0.0000	0.0000	0.0000	0.0000	0.0000	0.0000	0.0000	0.0000	0.0000	0.0000	0.0000	0.0000	0.0000	0.0000	0.0021	0.0042	0.0000	0.0055	0.0055	0.0000	0.0000	0.0000	0.0000		0.0000	0.0000	-0.0000	0.0000	2.9998	0.4891	4.8980	0.0000	0.0000	0.0000	0.0000	0.0000	0.0000	0.0000	0.0000	0.0000	0.0000	0.0000	0.0000	0.0000	0.0000	0.0000	0.0000	0.0000	0.0000	0.0000	0.0000	0.0000	0.0000	0.0000	0.0000	0.0000	0.0000	0.0000	0.0139	0.0070	0.0069	0.0053	0.0053	0.0000	0.0086	0.0018	0.0069
38	45	0.0087	5	2	0	0	0	0	0	0	0	1	1	2	1	0	0	0	0	0	0	Y	N	N	N	Y	N	N	N	N	N	N	N	N	N	N	N	N	N	0.0000	0.0000	0.0000	0.0000	0.0000	0.0000	0.0000	0.0000	0.0000	0.0000	0.0000	0.0000	0.0000	0.0000	0.0000	0.0000	0.0000	0.0000	0.0076	0.0000	0.0158	0.0000	0.0000	0.0000	0.0123	0.0000	0.0158		inf	0.0000	0.0000	0.0000	0.0002	0.4891	2.0813	0.0000	0.0000	0.0000	0.0000	0.0000	0.0000	0.0000	0.0000	0.0000	0.0000	0.0000	0.0000	0.0000	0.0000	0.0000	0.0000	0.0000	0.0000	0.0000	0.0000	0.0000	0.0000	0.0000	0.0000	0.0000	0.0000	0.0000	0.0039	0.0020	0.0019	0.0015	0.0015	0.0000	0.0024	0.0005	0.0019
38	46	0.0377	10	2	0	1	0	0	0	0	0	0	1	2	1	0	0	0	0	0	0	Y	N	N	N	Y	N	N	N	N	N	N	N	N	N	N	N	N	N	0.0000	0.0000	0.0000	0.0000	0.0000	0.0000	0.0000	0.0000	0.0000	0.0000	0.0000	0.0000	0.0000	0.0000	0.0000	0.0000	0.0000	0.0000	0.0000	0.0000	0.0000	0.0000	0.0000	0.0000	0.0000	0.0000	0.0000			0.0000	0.0000	0.0000	0.0000	0.4891	0.0000	0.0000	0.0000	0.0000	0.0000	0.0000	0.0000	0.0000	0.0000	0.0000	0.0000	0.0000	0.0000	0.0000	0.0000	0.0000	0.0000	0.0000	0.0000	0.0000	0.0000	0.0000	0.0000	0.0000	0.0000	0.0000	0.0000	0.0000	0.0000	0.0000	0.0000	0.0000	0.0000	0.0000	0.0000	0.0000	0.0000
38	52	0.0256	8	2	0	1	0	0	0	0	0	0	2	1	2	0	0	0	0	0	0	Y	N	N	N	N	Y	N	N	N	N	N	N	N	N	N	N	N	N	0.0000	0.0000	0.0000	0.0000	0.0000	0.0000	0.0000	0.0000	0.0000	0.0000	0.0000	0.0000	0.0000	0.0000	0.0000	0.0000	0.0000	0.0000	0.0000	0.0000	0.0000	0.0000	0.0000	0.0000	0.0000	0.0000	0.0000			0.0000	0.0000	0.0000	0.0000	0.4891	2.0000	0.0000	0.0000	0.0000	0.0000	0.0000	0.0000	0.0000	0.0000	0.0000	0.0000	0.0000	0.0000	0.0000	0.0000	0.0000	0.0000	0.0000	0.0000	0.0000	0.0000	0.0000	0.0000	0.0000	0.0000	0.0000	0.0000	0.0000	0.0077	0.0039	0.0038	0.0030	0.0030	0.0000	0.0047	0.0009	0.0038
38	53	0.0223	7	2	0	1	0	0	0	0	0	0	1	1	1	0	0	0	0	0	0	Y	N	N	N	N	N	N	N	N	N	N	N	N	N	N	N	N	N	0.0000	0.0000	0.0000	0.0000	0.0000	0.0000	0.0000	0.0000	0.0000	0.0000	0.0000	0.0000	0.0000	0.0000	0.0000	0.0000	0.0000	0.0000	0.0000	0.0001	0.0000	0.0001	0.0001	0.0000	0.0000	0.0000	0.0000		0.0000	0.0000	-0.0000	0.0000	0.9935	0.4891	0.0062	0.0000	0.0000	0.0000	0.0000	0.0000	0.0000	0.0000	0.0000	0.0000	0.0000	0.0000	0.0000	0.0000	0.0000	0.0000	0.0000	0.0000	0.0000	0.0000	0.0000	0.0000	0.0000	0.0000	0.0000	0.0000	0.0000	0.0000	0.0040	0.0020	0.0020	0.0015	0.0015	0.0000	0.0024	0.0005	0.0020
38	54	0.0122	6	2	0	1	0	0	0	0	0	0	1	1	1	0	0	0	0	0	0	Y	N	N	N	N	N	N	N	N	N	N	N	N	N	N	N	N	N	0.0000	0.0000	0.0000	0.0000	0.0000	0.0000	0.0000	0.0000	0.0000	0.0000	0.0000	0.0000	0.0000	0.0000	0.0000	0.0000	0.0000	0.0000	0.0000	0.0001	0.0000	0.0000	0.0000	0.0000	0.0000	0.0002	0.0000		0.0000	0.0000	-0.0000	0.0000	0.0065	0.4891	3.0034	0.0000	0.0000	0.0000	0.0000	0.0000	0.0000	0.0000	0.0000	0.0000	0.0000	0.0000	0.0000	0.0000	0.0000	0.0000	0.0000	0.0000	0.0000	0.0000	0.0000	0.0000	0.0000	0.0000	0.0000	0.0000	0.0000	0.0000	0.0054	0.0027	0.0027	0.0020	0.0020	0.0000	0.0033	0.0007	0.0027
38	55	0.0028	2	2	0	0	0	0	0	0	0	0	2	2	2	0	0	0	0	0	0	Y	N	N	N	Y	Y	N	N	N	N	N	N	N	N	N	N	N	N	0.0000	0.0000	0.0000	0.0000	0.0000	0.0000	0.0000	0.0000	0.0000	0.0000	0.0000	0.0000	0.0000	0.0000	0.0000	0.0000	0.0000	0.0000	0.3721	0.7439	0.0002	0.7925	0.7925	0.0000	0.0002	0.0000	0.0002		0.0002	0.0000	-0.0013	0.0000	0.0000	0.4891	1.0065	0.0000	0.0000	0.0000	0.0000	0.0000	0.0000	0.0000	0.0000	0.0000	0.0027	0.0027	0.0000	0.0027	0.0027	0.0000	0.0000	0.0000	0.0000	0.0000	0.0000	0.0000	0.0000	0.0000	0.0000	0.0000	0.0000	0.0000	0.0072	0.0036	0.0036	0.0034	0.0034	0.0000	0.0038	0.0002	0.0036
38	58	0.0122	6	2	0	1	0	0	0	0	0	0	1	1	1	0	0	0	0	0	0	Y	N	N	N	N	N	N	N	N	N	N	N	N	N	N	N	N	N	0.0000	0.0000	0.0000	0.0000	0.0000	0.0000	0.0000	0.0000	0.0000	0.0000	0.0000	0.0000	0.0000	0.0000	0.0000	0.0000	0.0000	0.0000	0.0000	0.0000	0.0000	0.0000	0.0000	0.0000	0.0000	0.0000	0.0000			0.0000	0.0000	0.0000	0.0000	0.4891	1.0108	0.0000	0.0000	0.0000	0.0000	0.0000	0.0000	0.0000	0.0000	0.0000	0.0000	0.0000	0.0000	0.0000	0.0000	0.0000	0.0000	0.0000	0.0000	0.0000	0.0000	0.0000	0.0000	0.0000	0.0000	0.0000	0.0000	0.0000	0.0018	0.0009	0.0009	0.0007	0.0007	0.0000	0.0011	0.0002	0.0009
38	59	0.0056	5	2	0	1	0	0	0	0	0	0	1	1	1	0	0	0	0	0	0	Y	N	N	N	N	N	N	N	N	N	N	N	N	N	N	N	N	N	0.0000	0.0000	0.0000	0.0000	0.0000	0.0000	0.0000	0.0000	0.0000	0.0000	0.0000	0.0000	0.0000	0.0000	0.0000	0.0000	0.0000	0.0000	0.0000	0.0000	0.0000	0.0000	0.0000	0.0000	0.0000	0.0000	0.0000			0.0000	0.0000	0.0000	0.0001	0.4891	2.3402	0.0000	0.0000	0.0000	0.0000	0.0000	0.0000	0.0000	0.0000	0.0000	0.0000	0.0000	0.0000	0.0000	0.0000	0.0000	0.0000	0.0000	0.0000	0.0000	0.0000	0.0000	0.0000	0.0000	0.0000	0.0000	0.0000	0.0000	0.0042	0.0021	0.0021	0.0016	0.0016	0.0000	0.0026	0.0005	0.0021
38	60	0.0056	4	2	0	1	0	0	0	1	0	0	1	1	1	0	0	0	0	0	0	Y	N	N	N	N	N	N	N	N	N	N	N	N	N	N	N	N	N	0.0000	0.0000	0.0000	0.0000	0.0000	0.0000	0.0000	0.0000	0.0000	0.0000	0.0000	0.0000	0.0000	0.0000	0.0000	0.0000	0.0000	0.0000	0.0000	0.0000	0.0000	0.0000	0.0000	0.0000	0.0000	0.0000	0.0000			0.0000	0.0000	0.0000	0.0000	0.4891	0.0002	0.0000	0.0000	0.0000	0.0000	0.0000	0.0000	0.0000	0.0000	0.0000	0.0000	0.0000	0.0000	0.0000	0.0000	0.0000	0.0000	0.0000	0.0000	0.0000	0.0000	0.0000	0.0000	0.0000	0.0000	0.0000	0.0000	0.0000	0.0000	0.0000	0.0000	0.0000	0.0000	0.0000	0.0000	0.0000	0.0000
38	63	0.0699	20	2	0	0	0	0	0	0	0	0	2	1	2	0	0	0	0	0	0	Y	N	N	N	N	Y	N	N	N	N	N	N	N	N	N	N	N	N	0.0000	0.0000	0.0000	0.0000	0.0000	0.0000	0.0000	0.0000	0.0000	0.0000	0.0000	0.0000	0.0000	0.0000	0.0000	0.0000	0.0000	0.0000	0.0000	0.0000	0.0000	0.0000	0.0000	0.0000	0.0000	0.0000	0.0000			0.0000	0.0000	0.0000	0.0023	0.4891	3.0060	0.0000	0.0000	0.0000	0.0000	0.0000	0.0000	0.0000	0.0000	0.0000	0.0000	0.0000	0.0000	0.0000	0.0000	0.0000	0.0000	0.0000	0.0000	0.0000	0.0000	0.0000	0.0000	0.0000	0.0000	0.0000	0.0000	0.0000	0.0053	0.0027	0.0026	0.0022	0.0021	0.0000	0.0032	0.0006	0.0026
38	64	0.0671	19	2	0	0	0	1	0	0	0	0	1	1	1	0	0	0	0	0	0	Y	N	N	N	N	N	N	N	N	N	N	N	N	N	N	N	N	N	0.0000	0.0000	0.0000	0.0000	0.0000	0.0000	0.0000	0.0000	0.0000	0.0000	0.0000	0.0000	0.0000	0.0000	0.0000	0.0000	0.0000	0.0000	0.0000	0.0000	0.0000	0.0000	0.0000	0.0000	0.0000	0.0000	0.0000			0.0000	0.0000	0.0000	0.9990	0.4891	0.0212	0.0000	0.0000	0.0000	0.0000	0.0000	0.0000	0.0000	0.0000	0.0000	0.0000	0.0000	0.0000	0.0000	0.0000	0.0000	0.0000	0.0000	0.0000	0.0000	0.0000	0.0000	0.0000	0.0000	0.0000	0.0000	0.0000	0.0000	0.0018	0.0009	0.0009	0.0007	0.0007	0.0000	0.0011	0.0002	0.0009
38	68	0.0359	7	2	0	1	0	0	0	1	0	0	1	2	1	0	0	0	0	0	0	Y	N	N	N	Y	N	N	N	N	N	N	N	N	N	N	N	N	N	0.0000	0.0000	0.0000	0.0000	0.0000	0.0000	0.0000	0.0000	0.0000	0.0000	0.0000	0.0000	0.0000	0.0000	0.0000	0.0000	0.0000	0.0000	0.0123	0.0244	0.0000	0.0308	0.0310	0.0000	0.0000	0.0000	0.0000		0.0000	0.0000	-0.0000	0.0000	0.0002	0.4891	1.2554	0.0000	0.0000	0.0000	0.0000	0.0000	0.0000	0.0000	0.0000	0.0000	0.0001	0.0001	0.0000	0.0001	0.0001	0.0000	0.0000	0.0000	0.0000	0.0000	0.0000	0.0000	0.0000	0.0000	0.0000	0.0000	0.0000	0.0000	0.0052	0.0026	0.0026	0.0021	0.0020	0.0000	0.0031	0.0006	0.0026
38	69	0.0391	9	2	0	0	0	0	0	0	0	0	1	1	1	0	0	0	0	0	0	Y	N	N	N	N	N	N	N	N	N	N	N	N	N	N	N	N	N	0.0000	0.0000	0.0000	0.0000	0.0000	0.0000	0.0000	0.0000	0.0000	0.0000	0.0000	0.0000	0.0000	0.0000	0.0000	0.0000	0.0000	0.0000	0.0000	0.0000	0.0000	0.0000	0.0000	0.0000	0.0000	0.0000	0.0000			0.0000	0.0000	0.0000	1.0007	0.4891	1.2584	0.0000	0.0000	0.0000	0.0000	0.0000	0.0000	0.0000	0.0000	0.0000	0.0000	0.0000	0.0000	0.0000	0.0000	0.0000	0.0000	0.0000	0.0000	0.0000	0.0000	0.0000	0.0000	0.0000	0.0000	0.0000	0.0000	0.0000	0.0040	0.0020	0.0020	0.0016	0.0015	0.0000	0.0024	0.0005	0.0020
38	70	0.0250	8	2	0	0	0	1	0	0	0	0	1	1	1	0	0	0	0	0	0	Y	N	N	N	N	N	N	N	N	N	N	N	N	N	N	N	N	N	0.0000	0.0000	0.0000	0.0000	0.0000	0.0000	0.0000	0.0000	0.0000	0.0000	0.0000	0.0000	0.0000	0.0000	0.0000	0.0000	0.0000	0.0000	0.0028	0.0056	0.0000	0.0072	0.0072	0.0000	0.0000	0.0000	0.0000		0.0000	0.0000	-0.0000	0.0000	3.0007	0.4891	1.9606	0.0000	0.0000	0.0000	0.0000	0.0000	0.0000	0.0000	0.0000	0.0000	0.0000	0.0000	0.0000	0.0000	0.0000	0.0000	0.0000	0.0000	0.0000	0.0000	0.0000	0.0000	0.0000	0.0000	0.0000	0.0000	0.0000	0.0000	0.0088	0.0044	0.0044	0.0034	0.0034	0.0000	0.0053	0.0010	0.0043
38	71	0.1528	15	1	0	0	0	0	0	0	0	1	1	2	1	0	0	0	0	0	0	N	N	N	N	Y	N	N	N	N	N	N	N	N	N	N	N	N	N	0.0000	0.0000	0.0000	0.0000	0.0000	0.0000	0.0000	0.0000	0.0000	0.0000	0.0000	0.0000	0.0000	0.0000	0.0000	0.0000	0.0000	0.0000	0.0127	0.0107	0.0151	0.0127	0.0131	0.0004	0.0127	0.0000	0.0156		1.2172	0.0000	0.0001	0.0000	6.1029	0.4891	20.9537	0.0000	0.0000	0.0000	0.0000	0.0000	0.0000	0.0000	0.0000	0.0000	0.0008	0.0004	0.0004	0.0004	0.0004	0.0000	0.0004	0.0000	0.0004	0.0000	0.0000	0.0000	0.0000	0.0000	0.0000	0.0000	0.0000	0.0000	0.0631	0.0339	0.0292	0.0284	0.0275	0.0009	0.0347	0.0064	0.0283
38	73	0.0359	8	2	0	1	0	0	0	1	0	0	1	2	2	0	0	0	0	0	0	Y	N	N	N	Y	Y	N	N	N	N	N	N	N	N	N	N	N	N	0.0000	0.0000	0.0000	0.0000	0.0000	0.0000	0.0000	0.0000	0.0000	0.0000	0.0000	0.0000	0.0000	0.0000	0.0000	0.0000	0.0000	0.0000	0.0000	0.0000	0.0000	0.0000	0.0000	0.0000	0.0000	0.0000	0.0000			0.0000	0.0000	0.0000	0.0000	0.4891	0.0000	0.0000	0.0000	0.0000	0.0000	0.0000	0.0000	0.0000	0.0000	0.0000	0.0000	0.0000	0.0000	0.0000	0.0000	0.0000	0.0000	0.0000	0.0000	0.0000	0.0000	0.0000	0.0000	0.0000	0.0000	0.0000	0.0000	0.0000	0.0000	0.0000	0.0000	0.0000	0.0000	0.0000	0.0000	0.0000	0.0000
38	74	0.0365	10	2	0	1	0	1	0	1	0	0	1	1	1	0	0	0	0	0	0	Y	N	N	N	N	N	N	N	N	N	N	N	N	N	N	N	N	N	0.0000	0.0000	0.0000	0.0000	0.0000	0.0000	0.0000	0.0000	0.0000	0.0000	0.0000	0.0000	0.0000	0.0000	0.0000	0.0000	0.0000	0.0000	0.0000	0.0000	0.0000	0.0000	0.0000	0.0000	0.0000	0.0000	0.0000			0.0000	0.0000	0.0000	2.9595	0.4891	5.1315	0.0000	0.0000	0.0000	0.0000	0.0000	0.0000	0.0000	0.0000	0.0000	0.0000	0.0000	0.0000	0.0000	0.0000	0.0000	0.0000	0.0000	0.0000	0.0000	0.0000	0.0000	0.0000	0.0000	0.0000	0.0000	0.0000	0.0000	0.0149	0.0075	0.0074	0.0059	0.0058	0.0000	0.0090	0.0016	0.0074
38	75	0.0359	8	2	0	0	0	0	0	0	0	0	1	2	2	0	0	0	0	0	0	Y	N	N	N	Y	Y	N	N	N	N	N	N	N	N	N	N	N	N	0.0000	0.0000	0.0000	0.0000	0.0000	0.0000	0.0000	0.0000	0.0000	0.0000	0.0000	0.0000	0.0000	0.0000	0.0000	0.0000	0.0000	0.0000	0.0000	0.0000	0.0000	0.0000	0.0000	0.0000	0.0000	0.0000	0.0000			0.0000	0.0000	0.0000	0.0000	0.4891	1.0000	0.0000	0.0000	0.0000	0.0000	0.0000	0.0000	0.0000	0.0000	0.0000	0.0000	0.0000	0.0000	0.0000	0.0000	0.0000	0.0000	0.0000	0.0000	0.0000	0.0000	0.0000	0.0000	0.0000	0.0000	0.0000	0.0000	0.0000	0.0010	0.0006	0.0004	0.0001	0.0000	0.0000	0.0009	0.0005	0.0004
38	76	0.0359	7	2	0	0	0	0	0	0	0	0	2	2	2	0	0	0	0	0	0	Y	N	N	N	Y	Y	N	N	N	N	N	N	N	N	N	N	N	N	0.0000	0.0000	0.0000	0.0000	0.0000	0.0000	0.0000	0.0000	0.0000	0.0000	0.0000	0.0000	0.0000	0.0000	0.0000	0.0000	0.0000	0.0000	0.0000	0.0000	0.0000	0.0000	0.0000	0.0000	0.0000	0.0000	0.0000			0.0000	0.0000	0.0000	0.0000	0.4891	0.0000	0.0000	0.0000	0.0000	0.0000	0.0000	0.0000	0.0000	0.0000	0.0000	0.0000	0.0000	0.0000	0.0000	0.0000	0.0000	0.0000	0.0000	0.0000	0.0000	0.0000	0.0000	0.0000	0.0000	0.0000	0.0000	0.0000	0.0000	0.0003	0.0001	0.0001	0.0001	0.0001	0.0000	0.0001	0.0000	0.0001
38	77	0.0141	6	2	0	0	0	0	0	0	0	1	1	2	1	0	0	0	0	0	0	Y	N	N	N	Y	N	N	N	N	N	N	N	N	N	N	N	N	N	0.0000	0.0000	0.0000	0.0000	0.0000	0.0000	0.0000	0.0000	0.0000	0.0000	0.0000	0.0000	0.0000	0.0000	0.0000	0.0000	0.0000	0.0000	0.0096	0.0000	0.0192	0.0000	0.0000	0.0000	0.0156	0.0000	0.0193		11982.0755	0.0000	0.0000	0.0000	0.0002	0.4891	3.7635	0.0000	0.0000	0.0000	0.0000	0.0000	0.0000	0.0000	0.0000	0.0000	0.0001	0.0000	0.0001	0.0000	0.0000	0.0000	0.0001	0.0000	0.0001	0.0000	0.0000	0.0000	0.0000	0.0000	0.0000	0.0000	0.0000	0.0000	0.0066	0.0033	0.0033	0.0026	0.0026	0.0000	0.0041	0.0008	0.0033
38	79	0.0621	14	2	0	1	0	0	0	0	0	0	1	1	1	0	0	0	0	0	0	Y	N	N	N	N	N	N	N	N	N	N	N	N	N	N	N	N	N	0.0000	0.0000	0.0000	0.0000	0.0000	0.0000	0.0000	0.0000	0.0000	0.0000	0.0000	0.0000	0.0000	0.0000	0.0000	0.0000	0.0000	0.0000	0.0000	0.0000	0.0000	0.0000	0.0000	0.0000	0.0000	0.0000	0.0000			0.0000	0.0000	0.0000	1.0047	0.4891	3.0004	0.0000	0.0000	0.0000	0.0000	0.0000	0.0000	0.0000	0.0000	0.0000	0.0000	0.0000	0.0000	0.0000	0.0000	0.0000	0.0000	0.0000	0.0000	0.0000	0.0000	0.0000	0.0000	0.0000	0.0000	0.0000	0.0000	0.0000	0.0083	0.0042	0.0041	0.0034	0.0033	0.0000	0.0049	0.0009	0.0040
38	80	0.0514	13	2	0	1	0	0	0	0	0	0	1	1	1	0	0	0	0	0	0	Y	N	N	N	N	N	N	N	N	N	N	N	N	N	N	N	N	N	0.0000	0.0000	0.0000	0.0000	0.0000	0.0000	0.0000	0.0000	0.0000	0.0000	0.0000	0.0000	0.0000	0.0000	0.0000	0.0000	0.0000	0.0000	0.0000	0.0000	0.0000	0.0000	0.0000	0.0000	0.0000	0.0000	0.0000			0.0000	0.0000	0.0000	1.0096	0.4891	2.0672	0.0000	0.0000	0.0000	0.0000	0.0000	0.0000	0.0000	0.0000	0.0000	0.0000	0.0000	0.0000	0.0000	0.0000	0.0000	0.0000	0.0000	0.0000	0.0000	0.0000	0.0000	0.0000	0.0000	0.0000	0.0000	0.0000	0.0000	0.0055	0.0028	0.0027	0.0022	0.0022	0.0000	0.0033	0.0006	0.0027
38	81	0.0443	12	2	0	1	0	1	0	1	0	0	1	1	1	0	0	0	0	0	0	Y	N	N	N	N	N	N	N	N	N	N	N	N	N	N	N	N	N	0.0000	0.0000	0.0000	0.0000	0.0000	0.0000	0.0000	0.0000	0.0000	0.0000	0.0000	0.0000	0.0000	0.0000	0.0000	0.0000	0.0000	0.0000	0.0000	0.0000	0.0000	0.0000	0.0000	0.0000	0.0000	0.0000	0.0000			0.0000	0.0000	0.0000	0.9933	0.4891	1.5154	0.0000	0.0000	0.0000	0.0000	0.0000	0.0000	0.0000	0.0000	0.0000	0.0000	0.0000	0.0000	0.0000	0.0000	0.0000	0.0000	0.0000	0.0000	0.0000	0.0000	0.0000	0.0000	0.0000	0.0000	0.0000	0.0000	0.0000	0.0044	0.0022	0.0022	0.0017	0.0017	0.0000	0.0027	0.0005	0.0022
38	82	0.0671	16	2	0	1	0	0	0	1	0	0	1	1	1	0	0	0	0	0	0	Y	N	N	N	N	N	N	N	N	N	N	N	N	N	N	N	N	N	0.0000	0.0000	0.0000	0.0000	0.0000	0.0000	0.0000	0.0000	0.0000	0.0000	0.0000	0.0000	0.0000	0.0000	0.0000	0.0000	0.0000	0.0000	0.0000	0.0000	0.0000	0.0000	0.0000	0.0000	0.0000	0.0000	0.0000		0.0000	0.0000	-0.0000	0.0000	4.0000	0.4891	3.0004	0.0000	0.0000	0.0000	0.0000	0.0000	0.0000	0.0000	0.0000	0.0000	0.0000	0.0000	0.0000	0.0000	0.0000	0.0000	0.0000	0.0000	0.0000	0.0000	0.0000	0.0000	0.0000	0.0000	0.0000	0.0000	0.0000	0.0000	0.0122	0.0062	0.0060	0.0050	0.0049	0.0001	0.0072	0.0013	0.0059
38	84	0.0276	9	2	0	1	0	1	0	1	0	0	1	1	1	0	0	0	0	0	0	Y	N	N	N	N	N	N	N	N	N	N	N	N	N	N	N	N	N	0.0000	0.0000	0.0000	0.0000	0.0000	0.0000	0.0000	0.0000	0.0000	0.0000	0.0000	0.0000	0.0000	0.0000	0.0000	0.0000	0.0000	0.0000	31.2100	0.0000	62.5168	0.0000	0.0000	0.0000	52.1175	0.0000	62.8083		inf	0.0000	0.2565	0.0000	2.0009	0.4891	6.0608	0.0000	0.0000	0.0000	0.0000	0.0000	0.0000	0.0000	0.0000	0.0000	0.4876	0.0000	0.4876	0.0000	0.0000	0.0000	0.4876	0.0000	0.4876	0.0000	0.0000	0.0000	0.0000	0.0000	0.0000	0.0000	0.0000	0.0000	0.0156	0.0078	0.0078	0.0063	0.0062	0.0000	0.0094	0.0016	0.0078
38	85	0.0755	18	2	0	1	0	0	0	0	0	0	1	1	1	0	0	0	0	0	0	Y	N	N	N	N	N	N	N	N	N	N	N	N	N	N	N	N	N	0.0000	0.0000	0.0000	0.0000	0.0000	0.0000	0.0000	0.0000	0.0000	0.0000	0.0000	0.0000	0.0000	0.0000	0.0000	0.0000	0.0000	0.0000	0.0000	0.0000	0.0000	0.0000	0.0000	0.0000	0.0000	0.0000	0.0000			0.0000	0.0000	0.0000	2.0003	0.4891	2.0390	0.0000	0.0000	0.0000	0.0000	0.0000	0.0000	0.0000	0.0000	0.0000	0.0000	0.0000	0.0000	0.0000	0.0000	0.0000	0.0000	0.0000	0.0000	0.0000	0.0000	0.0000	0.0000	0.0000	0.0000	0.0000	0.0000	0.0000	0.0093	0.0048	0.0045	0.0039	0.0038	0.0000	0.0055	0.0010	0.0045
38	86	0.0682	17	2	0	1	0	1	0	1	0	0	1	1	1	0	0	0	0	0	0	Y	N	N	N	N	N	N	N	N	N	N	N	N	N	N	N	N	N	0.0000	0.0000	0.0000	0.0000	0.0000	0.0000	0.0000	0.0000	0.0000	0.0000	0.0000	0.0000	0.0000	0.0000	0.0000	0.0000	0.0000	0.0000	0.0000	0.0000	0.0000	0.0000	0.0000	0.0000	0.0000	0.0000	0.0000			0.0000	0.0000	0.0000	1.0005	0.4891	0.9990	0.0000	0.0000	0.0000	0.0000	0.0000	0.0000	0.0000	0.0000	0.0000	0.0000	0.0000	0.0000	0.0000	0.0000	0.0000	0.0000	0.0000	0.0000	0.0000	0.0000	0.0000	0.0000	0.0000	0.0000	0.0000	0.0000	0.0000	0.0035	0.0018	0.0017	0.0014	0.0014	0.0000	0.0021	0.0004	0.0017
38	89	0.1000	14	2	0	1	0	0	0	0	0	0	1	1	1	0	0	0	0	0	0	Y	N	N	N	N	N	N	N	N	N	N	N	N	N	N	N	N	N	0.0000	0.0000	0.0000	0.0000	0.0000	0.0000	0.0000	0.0000	0.0000	0.0000	0.0000	0.0000	0.0000	0.0000	0.0000	0.0000	0.0000	0.0000	0.0007	0.0014	0.0000	0.0017	0.0017	0.0000	0.0000	0.0000	0.0000		0.0000	0.0000	-0.0000	0.0000	0.0001	0.4891	3.9037	0.0000	0.0000	0.0000	0.0000	0.0000	0.0000	0.0000	0.0000	0.0000	0.0000	0.0000	0.0000	0.0000	0.0000	0.0000	0.0000	0.0000	0.0000	0.0000	0.0000	0.0000	0.0000	0.0000	0.0000	0.0000	0.0000	0.0000	0.0070	0.0035	0.0034	0.0028	0.0028	0.0000	0.0042	0.0008	0.0034
38	90	0.0734	13	2	0	1	0	0	0	0	0	0	1	1	1	0	0	0	0	0	0	Y	N	N	N	N	N	N	N	N	N	N	N	N	N	N	N	N	N	0.0000	0.0000	0.0000	0.0000	0.0000	0.0000	0.0000	0.0000	0.0000	0.0000	0.0000	0.0000	0.0000	0.0000	0.0000	0.0000	0.0000	0.0000	0.0006	0.0006	0.0006	0.0007	0.0007	0.0000	0.0005	0.0000	0.0006		1.0000	0.0000	0.0000	0.0000	1.0001	0.4891	8.1987	0.0000	0.0000	0.0000	0.0000	0.0000	0.0000	0.0000	0.0000	0.0000	0.0000	0.0000	0.0000	0.0000	0.0000	0.0000	0.0000	0.0000	0.0000	0.0000	0.0000	0.0000	0.0000	0.0000	0.0000	0.0000	0.0000	0.0000	0.0168	0.0088	0.0080	0.0072	0.0070	0.0002	0.0097	0.0018	0.0078
38	91	0.0816	18	2	0	1	0	0	0	0	0	0	1	1	1	0	0	0	0	0	0	Y	N	N	N	N	N	N	N	N	N	N	N	N	N	N	N	N	N	0.0000	0.0000	0.0000	0.0000	0.0000	0.0000	0.0000	0.0000	0.0000	0.0000	0.0000	0.0000	0.0000	0.0000	0.0000	0.0000	0.0000	0.0000	0.0302	0.0005	0.0617	0.0007	0.0007	0.0001	0.0512	0.0000	0.0624		108.3175	0.0000	0.0003	0.0000	1.0071	0.4891	9.1029	0.0000	0.0000	0.0000	0.0000	0.0000	0.0000	0.0000	0.0000	0.0000	0.0005	0.0000	0.0005	0.0000	0.0000	0.0000	0.0005	0.0000	0.0005	0.0000	0.0000	0.0000	0.0000	0.0000	0.0000	0.0000	0.0000	0.0000	0.0177	0.0091	0.0086	0.0073	0.0073	0.0001	0.0103	0.0018	0.0085
38	92	0.0671	17	2	0	1	0	0	0	1	0	0	1	1	1	0	0	0	0	0	0	Y	N	N	N	N	N	N	N	N	N	N	N	N	N	N	N	N	N	0.0000	0.0000	0.0000	0.0000	0.0000	0.0000	0.0000	0.0000	0.0000	0.0000	0.0000	0.0000	0.0000	0.0000	0.0000	0.0000	0.0000	0.0000	0.0007	0.0000	0.0013	0.0000	0.0000	0.0000	0.0011	0.0000	0.0013		487.6441	0.0000	0.0000	0.0000	0.9988	0.4891	4.0321	0.0000	0.0000	0.0000	0.0000	0.0000	0.0000	0.0000	0.0000	0.0000	0.0000	0.0000	0.0000	0.0000	0.0000	0.0000	0.0000	0.0000	0.0000	0.0000	0.0000	0.0000	0.0000	0.0000	0.0000	0.0000	0.0000	0.0000	0.0088	0.0045	0.0043	0.0036	0.0036	0.0000	0.0052	0.0009	0.0043
38	93	0.0671	16	2	0	0	0	0	0	0	0	0	1	1	1	0	0	0	0	0	0	Y	N	N	N	N	N	N	N	N	N	N	N	N	N	N	N	N	N	0.0000	0.0000	0.0000	0.0000	0.0000	0.0000	0.0000	0.0000	0.0000	0.0000	0.0000	0.0000	0.0000	0.0000	0.0000	0.0000	0.0000	0.0000	0.0000	0.0000	0.0000	0.0000	0.0000	0.0016	0.0000	0.0000	0.0000		1.0000	0.0000	0.0000	0.0000	0.0001	0.4891	0.0783	0.0000	0.0000	0.0000	0.0000	0.0000	0.0000	0.0000	0.0000	0.0000	0.0000	0.0000	0.0000	0.0000	0.0000	0.0000	0.0000	0.0000	0.0000	0.0000	0.0000	0.0000	0.0000	0.0000	0.0000	0.0000	0.0000	0.0000	0.0001	0.0001	0.0001	0.0001	0.0001	0.0000	0.0001	0.0000	0.0001
38	94	0.0585	15	2	0	0	0	1	0	0	0	0	1	1	1	0	0	0	0	0	0	Y	N	N	N	N	N	N	N	N	N	N	N	N	N	N	N	N	N	0.0000	0.0000	0.0000	0.0000	0.0000	0.0000	0.0000	0.0000	0.0000	0.0000	0.0000	0.0000	0.0000	0.0000	0.0000	0.0000	0.0000	0.0000	0.0075	0.0148	0.0000	0.0186	0.0188	0.0000	0.0000	0.0000	0.0000		0.0000	0.0000	-0.0000	0.0000	0.0004	0.4891	2.9660	0.0000	0.0000	0.0000	0.0000	0.0000	0.0000	0.0000	0.0000	0.0000	0.0000	0.0000	0.0000	0.0000	0.0000	0.0000	0.0000	0.0000	0.0000	0.0000	0.0000	0.0000	0.0000	0.0000	0.0000	0.0000	0.0000	0.0000	0.0053	0.0027	0.0026	0.0021	0.0021	0.0000	0.0031	0.0006	0.0026
38	100	0.0483	14	1	0	1	0	0	0	0	0	0	1	2	1	0	0	0	0	0	0	N	N	N	N	Y	N	N	N	N	N	N	N	N	N	N	N	N	N	0.0000	0.0000	0.0000	0.0000	0.0000	0.0000	0.0000	0.0000	0.0000	0.0000	0.0000	0.0000	0.0000	0.0000	0.0000	0.0000	0.0000	0.0000	0.0000	0.0000	0.0000	0.0000	0.0000	0.0000	0.0000	0.0000	0.0000			0.0000	0.0000	0.0000	0.0000	0.4891	0.0000	0.0000	0.0000	0.0000	0.0000	0.0000	0.0000	0.0000	0.0000	0.0000	0.0000	0.0000	0.0000	0.0000	0.0000	0.0000	0.0000	0.0000	0.0000	0.0000	0.0000	0.0000	0.0000	0.0000	0.0000	0.0000	0.0000	0.0000	0.0000	0.0000	0.0000	0.0000	0.0000	0.0000	0.0000	0.0000	0.0000
38	101	0.0427	13	1	0	1	0	0	0	0	0	0	1	2	1	0	0	0	0	0	0	N	N	N	N	Y	N	N	N	N	N	N	N	N	N	N	N	N	N	0.0000	0.0000	0.0000	0.0000	0.0000	0.0000	0.0000	0.0000	0.0000	0.0000	0.0000	0.0000	0.0000	0.0000	0.0000	0.0000	0.0000	0.0000	0.0000	0.0000	0.0000	0.0000	0.0000	0.0000	0.0000	0.0000	0.0000			0.0000	0.0000	0.0000	1.0000	0.4891	0.0000	0.0000	0.0000	0.0000	0.0000	0.0000	0.0000	0.0000	0.0000	0.0000	0.0000	0.0000	0.0000	0.0000	0.0000	0.0000	0.0000	0.0000	0.0000	0.0000	0.0000	0.0000	0.0000	0.0000	0.0000	0.0000	0.0000	0.0000	0.0018	0.0009	0.0009	0.0007	0.0007	0.0000	0.0011	0.0002	0.0009
38	102	0.0426	12	1	0	1	0	0	0	0	0	0	1	2	1	0	0	0	0	0	0	N	N	N	N	Y	N	N	N	N	N	N	N	N	N	N	N	N	N	0.0000	0.0000	0.0000	0.0000	0.0000	0.0000	0.0000	0.0000	0.0000	0.0000	0.0000	0.0000	0.0000	0.0000	0.0000	0.0000	0.0000	0.0000	0.0000	0.0000	0.0000	0.0000	0.0000	0.0000	0.0000	0.0000	0.0000			0.0000	0.0000	0.0000	0.0000	0.4891	0.0005	0.0000	0.0000	0.0000	0.0000	0.0000	0.0000	0.0000	0.0000	0.0000	0.0000	0.0000	0.0000	0.0000	0.0000	0.0000	0.0000	0.0000	0.0000	0.0000	0.0000	0.0000	0.0000	0.0000	0.0000	0.0000	0.0000	0.0000	0.0000	0.0000	0.0000	0.0000	0.0000	0.0000	0.0000	0.0000	0.0000
38	104	0.0607	11	2	0	1	0	1	0	1	0	0	1	1	1	0	0	0	0	0	0	Y	N	N	N	N	N	N	N	N	N	N	N	N	N	N	N	N	N	0.0000	0.0000	0.0000	0.0000	0.0000	0.0000	0.0000	0.0000	0.0000	0.0000	0.0000	0.0000	0.0000	0.0000	0.0000	0.0000	0.0000	0.0000	0.0000	0.0000	0.0000	0.0000	0.0000	0.0000	0.0000	0.0000	0.0000			0.0000	0.0000	0.0000	1.0000	0.4891	1.0715	0.0000	0.0000	0.0000	0.0000	0.0000	0.0000	0.0000	0.0000	0.0000	0.0000	0.0000	0.0000	0.0000	0.0000	0.0000	0.0000	0.0000	0.0000	0.0000	0.0000	0.0000	0.0000	0.0000	0.0000	0.0000	0.0000	0.0000	0.0036	0.0018	0.0018	0.0015	0.0015	0.0000	0.0021	0.0004	0.0018
38	105	0.0608	12	1	0	0	0	0	0	0	0	0	2	1	2	0	0	0	0	0	0	N	N	N	N	N	Y	N	N	N	N	N	N	N	N	N	N	N	N	0.0000	0.0000	0.0000	0.0000	0.0000	0.0000	0.0000	0.0000	0.0000	0.0000	0.0000	0.0000	0.0000	0.0000	0.0000	0.0000	0.0000	0.0000	0.0000	0.0000	0.0000	0.0000	0.0000	0.0000	0.0000	0.0000	0.0000			0.0000	0.0000	0.0000	0.0000	0.4891	1.0001	0.0000	0.0000	0.0000	0.0000	0.0000	0.0000	0.0000	0.0000	0.0000	0.0000	0.0000	0.0000	0.0000	0.0000	0.0000	0.0000	0.0000	0.0000	0.0000	0.0000	0.0000	0.0000	0.0000	0.0000	0.0000	0.0000	0.0000	0.0018	0.0009	0.0009	0.0007	0.0007	0.0000	0.0010	0.0002	0.0009
38	106	0.0426	12	1	0	0	0	0	0	0	0	0	2	1	2	0	0	0	0	0	0	N	N	N	N	N	Y	N	N	N	N	N	N	N	N	N	N	N	N	0.0000	0.0000	0.0000	0.0000	0.0000	0.0000	0.0000	0.0000	0.0000	0.0000	0.0000	0.0000	0.0000	0.0000	0.0000	0.0000	0.0000	0.0000	0.0000	0.0000	0.0000	0.0000	0.0000	0.0000	0.0000	0.0000	0.0000			0.0000	0.0000	0.0000	0.0000	0.4891	0.0000	0.0000	0.0000	0.0000	0.0000	0.0000	0.0000	0.0000	0.0000	0.0000	0.0000	0.0000	0.0000	0.0000	0.0000	0.0000	0.0000	0.0000	0.0000	0.0000	0.0000	0.0000	0.0000	0.0000	0.0000	0.0000	0.0000	0.0000	0.0000	0.0000	0.0000	0.0000	0.0000	0.0000	0.0000	0.0000	0.0000
38	107	0.0512	16	1	0	0	0	0	0	0	0	0	2	1	2	0	0	0	0	0	0	N	N	N	N	N	Y	N	N	N	N	N	N	N	N	N	N	N	N	0.0000	0.0000	0.0000	0.0000	0.0000	0.0000	0.0000	0.0000	0.0000	0.0000	0.0000	0.0000	0.0000	0.0000	0.0000	0.0000	0.0000	0.0000	0.0000	0.0000	0.0000	0.0000	0.0000	0.0000	0.0000	0.0000	0.0000			0.0000	0.0000	0.0000	0.0000	0.4891	0.0000	0.0000	0.0000	0.0000	0.0000	0.0000	0.0000	0.0000	0.0000	0.0000	0.0000	0.0000	0.0000	0.0000	0.0000	0.0000	0.0000	0.0000	0.0000	0.0000	0.0000	0.0000	0.0000	0.0000	0.0000	0.0000	0.0000	0.0000	0.0000	0.0000	0.0000	0.0000	0.0000	0.0000	0.0000	0.0000	0.0000
38	113	0.0377	10	2	0	1	0	0	0	0	0	0	1	2	1	0	0	0	0	0	0	Y	N	N	N	Y	N	N	N	N	N	N	N	N	N	N	N	N	N	0.0000	0.0000	0.0000	0.0000	0.0000	0.0000	0.0000	0.0000	0.0000	0.0000	0.0000	0.0000	0.0000	0.0000	0.0000	0.0000	0.0000	0.0000	0.0000	0.0000	0.0000	0.0000	0.0000	0.0000	0.0000	0.0000	0.0000			0.0000	0.0000	0.0000	0.0000	0.4891	1.0000	0.0000	0.0000	0.0000	0.0000	0.0000	0.0000	0.0000	0.0000	0.0000	0.0000	0.0000	0.0000	0.0000	0.0000	0.0000	0.0000	0.0000	0.0000	0.0000	0.0000	0.0000	0.0000	0.0000	0.0000	0.0000	0.0000	0.0000	0.0039	0.0020	0.0020	0.0016	0.0015	0.0000	0.0024	0.0004	0.0019
38	114	0.0320	9	2	0	1	0	1	0	1	0	1	1	2	1	0	0	0	0	0	0	Y	N	N	N	Y	N	N	N	N	N	N	N	N	N	N	N	N	N	0.0000	0.0000	0.0000	0.0000	0.0000	0.0000	0.0000	0.0000	0.0000	0.0000	0.0000	0.0000	0.0000	0.0000	0.0000	0.0000	0.0000	0.0000	0.0000	0.0000	0.0000	0.0000	0.0000	0.0000	0.0000	0.0000	0.0000			0.0000	0.0000	0.0000	0.0000	0.4891	1.0009	0.0000	0.0000	0.0000	0.0000	0.0000	0.0000	0.0000	0.0000	0.0000	0.0000	0.0000	0.0000	0.0000	0.0000	0.0000	0.0000	0.0000	0.0000	0.0000	0.0000	0.0000	0.0000	0.0000	0.0000	0.0000	0.0000	0.0000	0.0018	0.0009	0.0009	0.0007	0.0007	0.0000	0.0011	0.0002	0.0009
38	115	0.0734	13	2	0	1	0	0	0	0	0	0	1	1	1	0	0	0	0	0	0	Y	N	N	N	N	N	N	N	N	N	N	N	N	N	N	N	N	N	0.0000	0.0000	0.0000	0.0000	0.0000	0.0000	0.0000	0.0000	0.0000	0.0000	0.0000	0.0000	0.0000	0.0000	0.0000	0.0000	0.0000	0.0000	0.0003	0.0006	0.0000	0.0008	0.0008	0.0000	0.0000	0.0000	0.0000		0.0000	0.0000	-0.0000	0.0000	0.9998	0.4891	6.9031	0.0000	0.0000	0.0000	0.0000	0.0000	0.0000	0.0000	0.0000	0.0000	0.0000	0.0000	0.0000	0.0000	0.0000	0.0000	0.0000	0.0000	0.0000	0.0000	0.0000	0.0000	0.0000	0.0000	0.0000	0.0000	0.0000	0.0000	0.0147	0.0078	0.0070	0.0063	0.0061	0.0002	0.0084	0.0016	0.0068
38	116	0.0608	12	2	0	1	0	1	0	1	0	0	1	1	1	0	0	0	0	0	0	Y	N	N	N	N	N	N	N	N	N	N	N	N	N	N	N	N	N	0.0000	0.0000	0.0000	0.0000	0.0000	0.0000	0.0000	0.0000	0.0000	0.0000	0.0000	0.0000	0.0000	0.0000	0.0000	0.0000	0.0000	0.0000	0.0007	0.0000	0.0013	0.0000	0.0000	0.0000	0.0011	0.0000	0.0013		inf	0.0000	0.0000	0.0000	0.0012	0.4891	4.2539	0.0000	0.0000	0.0000	0.0000	0.0000	0.0000	0.0000	0.0000	0.0000	0.0000	0.0000	0.0000	0.0000	0.0000	0.0000	0.0000	0.0000	0.0000	0.0000	0.0000	0.0000	0.0000	0.0000	0.0000	0.0000	0.0000	0.0000	0.0074	0.0037	0.0037	0.0031	0.0030	0.0000	0.0044	0.0007	0.0036
38	119	0.0426	12	2	0	1	0	1	0	0	0	0	1	2	1	0	0	0	0	0	0	Y	N	N	N	Y	N	N	N	N	N	N	N	N	N	N	N	N	N	0.0000	0.0000	0.0000	0.0000	0.0000	0.0000	0.0000	0.0000	0.0000	0.0000	0.0000	0.0000	0.0000	0.0000	0.0000	0.0000	0.0000	0.0000	0.0000	0.0000	0.0000	0.0000	0.0000	0.0000	0.0000	0.0000	0.0000			0.0000	0.0000	0.0000	0.0000	0.4891	0.0000	0.0000	0.0000	0.0000	0.0000	0.0000	0.0000	0.0000	0.0000	0.0000	0.0000	0.0000	0.0000	0.0000	0.0000	0.0000	0.0000	0.0000	0.0000	0.0000	0.0000	0.0000	0.0000	0.0000	0.0000	0.0000	0.0000	0.0000	0.0000	0.0000	0.0000	0.0000	0.0000	0.0000	0.0000	0.0000	0.0000
38	120	0.0398	11	1	0	1	0	0	0	1	0	1	1	2	1	0	0	0	0	0	0	N	N	N	N	Y	N	N	N	N	N	N	N	N	N	N	N	N	N	0.0000	0.0000	0.0000	0.0000	0.0000	0.0000	0.0000	0.0000	0.0000	0.0000	0.0000	0.0000	0.0000	0.0000	0.0000	0.0000	0.0000	0.0000	0.0000	0.0000	0.0000	0.0000	0.0000	0.0000	0.0000	0.0000	0.0000			0.0000	0.0000	0.0000	0.0001	0.4891	1.0001	0.0000	0.0000	0.0000	0.0000	0.0000	0.0000	0.0000	0.0000	0.0000	0.0000	0.0000	0.0000	0.0000	0.0000	0.0000	0.0000	0.0000	0.0000	0.0000	0.0000	0.0000	0.0000	0.0000	0.0000	0.0000	0.0000	0.0000	0.0018	0.0009	0.0009	0.0007	0.0007	0.0000	0.0011	0.0002	0.0009
39	40	0.0686	19	2	0	1	0	0	0	1	0	0	0	1	0	0	0	0	0	0	0	Y	N	N	N	N	N	N	N	N	N	N	N	N	N	N	N	N	N	0.0000	0.0000	0.0000	0.0000	0.0000	0.0000	0.0000	0.0000	0.0000	0.0000	0.0000	0.0000	0.0000	0.0000	0.0000	0.0000	0.0000	0.0000	0.0000	0.0000	0.0000	0.0000	0.0000	0.0000	0.0000	0.0000	0.0000			0.0000	0.0000	0.0000	1.0010	0.5132	2.9998	0.0000	0.0000	0.0000	0.0000	0.0000	0.0000	0.0000	0.0000	0.0000	0.0000	0.0000	0.0000	0.0000	0.0000	0.0000	0.0000	0.0000	0.0000	0.0000	0.0000	0.0000	0.0000	0.0000	0.0000	0.0000	0.0000	0.0000	0.0041	0.0020	0.0021	0.0005	0.0004	0.0001	0.0037	0.0016	0.0020
39	41	0.0356	7	2	0	1	1	0	0	1	0	0	0	2	1	0	0	0	0	0	0	Y	N	N	N	Y	N	N	N	N	N	N	N	N	N	N	N	N	N	0.0000	0.0000	0.0000	0.0000	0.0000	0.0000	0.0000	0.0000	0.0000	0.0000	0.0000	0.0000	0.0000	0.0000	0.0000	0.0000	0.0000	0.0000	0.0000	0.0000	0.0000	0.0000	0.0000	0.0000	0.0000	0.0000	0.0000			0.0000	0.0000	0.0000	0.0000	0.5132	0.0000	0.0000	0.0000	0.0000	0.0000	0.0000	0.0000	0.0000	0.0000	0.0000	0.0000	0.0000	0.0000	0.0000	0.0000	0.0000	0.0000	0.0000	0.0000	0.0000	0.0000	0.0000	0.0000	0.0000	0.0000	0.0000	0.0000	0.0000	0.0000	0.0000	0.0000	0.0000	0.0000	0.0000	0.0000	0.0000	0.0000
39	42	0.0356	6	2	0	0	1	0	0	0	1	0	0	2	1	0	0	0	0	0	0	Y	N	N	N	Y	N	N	N	N	N	N	N	N	N	N	N	N	N	0.0000	0.0000	0.0000	0.0000	0.0000	0.0000	0.0000	0.0000	0.0000	0.0000	0.0000	0.0000	0.0000	0.0000	0.0000	0.0000	0.0000	0.0000	0.0000	0.0000	0.0000	0.0000	0.0000	0.0000	0.0000	0.0000	0.0000			0.0000	0.0000	0.0000	0.0001	0.5132	0.0001	0.0000	0.0000	0.0000	0.0000	0.0000	0.0000	0.0000	0.0000	0.0000	0.0000	0.0000	0.0000	0.0000	0.0000	0.0000	0.0000	0.0000	0.0000	0.0000	0.0000	0.0000	0.0000	0.0000	0.0000	0.0000	0.0000	0.0000	0.0004	0.0003	0.0000	0.0002	0.0002	0.0000	0.0002	0.0001	0.0000
39	43	0.0356	6	2	0	1	0	0	0	1	0	0	0	2	1	0	0	0	0	0	0	Y	N	N	N	Y	N	N	N	N	N	N	N	N	N	N	N	N	N	0.0000	0.0000	0.0000	0.0000	0.0000	0.0000	0.0000	0.0000	0.0000	0.0000	0.0000	0.0000	0.0000	0.0000	0.0000	0.0000	0.0000	0.0000	0.0000	0.0000	0.0000	0.0000	0.0000	0.0000	0.0000	0.0000	0.0000			0.0000	0.0000	0.0000	0.0000	0.5132	0.0000	0.0000	0.0000	0.0000	0.0000	0.0000	0.0000	0.0000	0.0000	0.0000	0.0000	0.0000	0.0000	0.0000	0.0000	0.0000	0.0000	0.0000	0.0000	0.0000	0.0000	0.0000	0.0000	0.0000	0.0000	0.0000	0.0000	0.0000	0.0000	0.0000	0.0000	0.0000	0.0000	0.0000	0.0000	0.0000	0.0000
39	44	0.0130	5	2	0	0	0	0	0	0	0	0	1	2	1	0	0	0	0	0	0	Y	N	N	N	Y	N	N	N	N	N	N	N	N	N	N	N	N	N	0.0000	0.0000	0.0000	0.0000	0.0000	0.0000	0.0000	0.0000	0.0000	0.0000	0.0000	0.0000	0.0000	0.0000	0.0000	0.0000	0.0000	0.0000	0.0036	0.0074	0.0000	0.0737	0.0766	0.0000	0.0000	0.0000	0.0000		0.0053	0.0000	-0.0000	0.0000	2.9998	0.5132	4.8980	0.0000	0.0000	0.0000	0.0000	0.0000	0.0000	0.0000	0.0000	0.0000	0.0000	0.0000	0.0000	0.0000	0.0000	0.0000	0.0000	0.0000	0.0000	0.0000	0.0000	0.0000	0.0000	0.0000	0.0000	0.0000	0.0000	0.0000	0.0086	0.0041	0.0045	0.0004	0.0004	0.0000	0.0082	0.0037	0.0045
39	45	0.0073	4	2	0	0	0	0	0	0	0	1	0	2	0	0	0	0	0	0	0	Y	N	N	N	Y	N	N	N	N	N	N	N	N	N	N	N	N	N	0.0000	0.0000	0.0000	0.0000	0.0000	0.0000	0.0000	0.0000	0.0000	0.0000	0.0000	0.0000	0.0000	0.0000	0.0000	0.0000	0.0000	0.0000	0.0124	0.0001	0.0249	0.0010	0.0010	0.0000	0.0132	0.0000	0.0249		188.9824	0.0000	0.0000	0.0000	0.0002	0.5132	2.0813	0.0000	0.0000	0.0000	0.0000	0.0000	0.0000	0.0000	0.0000	0.0000	0.0000	0.0000	0.0000	0.0000	0.0000	0.0000	0.0000	0.0000	0.0000	0.0000	0.0000	0.0000	0.0000	0.0000	0.0000	0.0000	0.0000	0.0000	0.0025	0.0012	0.0012	0.0002	0.0002	0.0000	0.0023	0.0011	0.0012
39	46	0.0363	9	2	0	1	0	0	0	0	0	0	0	2	0	0	0	0	0	0	0	Y	N	N	N	Y	N	N	N	N	N	N	N	N	N	N	N	N	N	0.0000	0.0000	0.0000	0.0000	0.0000	0.0000	0.0000	0.0000	0.0000	0.0000	0.0000	0.0000	0.0000	0.0000	0.0000	0.0000	0.0000	0.0000	0.0000	0.0000	0.0000	0.0000	0.0000	0.0000	0.0000	0.0000	0.0000			0.0000	0.0000	0.0000	0.0000	0.5132	0.0000	0.0000	0.0000	0.0000	0.0000	0.0000	0.0000	0.0000	0.0000	0.0000	0.0000	0.0000	0.0000	0.0000	0.0000	0.0000	0.0000	0.0000	0.0000	0.0000	0.0000	0.0000	0.0000	0.0000	0.0000	0.0000	0.0000	0.0000	0.0000	0.0000	0.0000	0.0000	0.0000	0.0000	0.0000	0.0000	0.0000
39	52	0.0242	7	2	0	1	0	0	0	0	0	0	1	1	1	0	0	0	0	0	0	Y	N	N	N	N	N	N	N	N	N	N	N	N	N	N	N	N	N	0.0000	0.0000	0.0000	0.0000	0.0000	0.0000	0.0000	0.0000	0.0000	0.0000	0.0000	0.0000	0.0000	0.0000	0.0000	0.0000	0.0000	0.0000	0.0000	0.0000	0.0000	0.0000	0.0000	0.0000	0.0000	0.0000	0.0000			0.0000	0.0000	0.0000	0.0000	0.5132	2.0000	0.0000	0.0000	0.0000	0.0000	0.0000	0.0000	0.0000	0.0000	0.0000	0.0000	0.0000	0.0000	0.0000	0.0000	0.0000	0.0000	0.0000	0.0000	0.0000	0.0000	0.0000	0.0000	0.0000	0.0000	0.0000	0.0000	0.0000	0.0022	0.0011	0.0011	0.0002	0.0001	0.0000	0.0020	0.0010	0.0010
39	53	0.0209	6	2	0	1	0	0	0	0	0	0	0	1	0	0	0	0	0	0	0	Y	N	N	N	N	N	N	N	N	N	N	N	N	N	N	N	N	N	0.0000	0.0000	0.0000	0.0000	0.0000	0.0000	0.0000	0.0000	0.0000	0.0000	0.0000	0.0000	0.0000	0.0000	0.0000	0.0000	0.0000	0.0000	0.0004	0.0005	0.0003	0.0048	0.0036	0.0161	0.0000	0.0000	0.0000		0.4860	0.0000	-0.0000	0.0000	0.9935	0.5132	0.0062	0.0000	0.0000	0.0000	0.0000	0.0000	0.0000	0.0000	0.0000	0.0000	0.0000	0.0000	0.0000	0.0000	0.0000	0.0000	0.0000	0.0000	0.0000	0.0000	0.0000	0.0000	0.0000	0.0000	0.0000	0.0000	0.0000	0.0000	0.0011	0.0006	0.0005	0.0001	0.0001	0.0000	0.0010	0.0005	0.0005
39	54	0.0109	5	2	0	1	0	0	0	0	0	0	0	1	0	0	0	0	0	0	0	Y	N	N	N	N	N	N	N	N	N	N	N	N	N	N	N	N	N	0.0000	0.0000	0.0000	0.0000	0.0000	0.0000	0.0000	0.0000	0.0000	0.0000	0.0000	0.0000	0.0000	0.0000	0.0000	0.0000	0.0000	0.0000	0.0001	0.0002	0.0000	0.0003	0.0003	0.0000	0.0001	0.0002	0.0000		0.0000	0.0000	-0.0000	0.0000	0.0065	0.5132	3.0034	0.0000	0.0000	0.0000	0.0000	0.0000	0.0000	0.0000	0.0000	0.0000	0.0000	0.0000	0.0000	0.0000	0.0000	0.0000	0.0000	0.0000	0.0000	0.0000	0.0000	0.0000	0.0000	0.0000	0.0000	0.0000	0.0000	0.0000	0.0040	0.0023	0.0018	0.0005	0.0005	0.0000	0.0036	0.0018	0.0018
39	58	0.0109	5	2	0	1	0	0	0	0	0	0	0	1	0	0	0	0	0	0	0	Y	N	N	N	N	N	N	N	N	N	N	N	N	N	N	N	N	N	0.0000	0.0000	0.0000	0.0000	0.0000	0.0000	0.0000	0.0000	0.0000	0.0000	0.0000	0.0000	0.0000	0.0000	0.0000	0.0000	0.0000	0.0000	0.0000	0.0000	0.0000	0.0000	0.0000	0.0000	0.0000	0.0000	0.0000			0.0000	0.0000	0.0000	0.0000	0.5132	1.0108	0.0000	0.0000	0.0000	0.0000	0.0000	0.0000	0.0000	0.0000	0.0000	0.0000	0.0000	0.0000	0.0000	0.0000	0.0000	0.0000	0.0000	0.0000	0.0000	0.0000	0.0000	0.0000	0.0000	0.0000	0.0000	0.0000	0.0000	0.0019	0.0013	0.0006	0.0004	0.0004	0.0000	0.0015	0.0009	0.0006
39	59	0.0043	4	2	0	1	0	0	0	0	0	0	0	1	0	0	0	0	0	0	0	Y	N	N	N	N	N	N	N	N	N	N	N	N	N	N	N	N	N	0.0000	0.0000	0.0000	0.0000	0.0000	0.0000	0.0000	0.0000	0.0000	0.0000	0.0000	0.0000	0.0000	0.0000	0.0000	0.0000	0.0000	0.0000	0.0000	0.0000	0.0000	0.0000	0.0000	0.0000	0.0000	0.0000	0.0000			0.0000	0.0000	0.0000	0.0001	0.5132	2.3402	0.0000	0.0000	0.0000	0.0000	0.0000	0.0000	0.0000	0.0000	0.0000	0.0000	0.0000	0.0000	0.0000	0.0000	0.0000	0.0000	0.0000	0.0000	0.0000	0.0000	0.0000	0.0000	0.0000	0.0000	0.0000	0.0000	0.0000	0.0025	0.0012	0.0014	0.0000	0.0000	0.0000	0.0025	0.0011	0.0014
39	60	0.0043	3	2	0	1	0	0	0	1	0	0	0	1	0	0	0	0	0	0	0	Y	N	N	N	N	N	N	N	N	N	N	N	N	N	N	N	N	N	0.0000	0.0000	0.0000	0.0000	0.0000	0.0000	0.0000	0.0000	0.0000	0.0000	0.0000	0.0000	0.0000	0.0000	0.0000	0.0000	0.0000	0.0000	0.0000	0.0000	0.0000	0.0000	0.0000	0.0000	0.0000	0.0000	0.0000			0.0000	0.0000	0.0000	0.0000	0.5132	0.0002	0.0000	0.0000	0.0000	0.0000	0.0000	0.0000	0.0000	0.0000	0.0000	0.0000	0.0000	0.0000	0.0000	0.0000	0.0000	0.0000	0.0000	0.0000	0.0000	0.0000	0.0000	0.0000	0.0000	0.0000	0.0000	0.0000	0.0000	0.0000	0.0000	0.0000	0.0000	0.0000	0.0000	0.0000	0.0000	0.0000
39	63	0.0686	19	2	0	0	0	0	0	0	0	0	1	1	1	0	0	0	0	0	0	Y	N	N	N	N	N	N	N	N	N	N	N	N	N	N	N	N	N	0.0000	0.0000	0.0000	0.0000	0.0000	0.0000	0.0000	0.0000	0.0000	0.0000	0.0000	0.0000	0.0000	0.0000	0.0000	0.0000	0.0000	0.0000	0.0000	0.0000	0.0000	0.0000	0.0000	0.0000	0.0000	0.0000	0.0000			0.0000	0.0000	0.0000	0.0023	0.5132	3.0060	0.0000	0.0000	0.0000	0.0000	0.0000	0.0000	0.0000	0.0000	0.0000	0.0000	0.0000	0.0000	0.0000	0.0000	0.0000	0.0000	0.0000	0.0000	0.0000	0.0000	0.0000	0.0000	0.0000	0.0000	0.0000	0.0000	0.0000	0.0031	0.0015	0.0016	0.0004	0.0003	0.0000	0.0028	0.0012	0.0015
39	64	0.0657	18	2	0	0	0	1	0	0	0	0	0	1	0	0	0	0	0	0	0	Y	N	N	N	N	N	N	N	N	N	N	N	N	N	N	N	N	N	0.0000	0.0000	0.0000	0.0000	0.0000	0.0000	0.0000	0.0000	0.0000	0.0000	0.0000	0.0000	0.0000	0.0000	0.0000	0.0000	0.0000	0.0000	0.0000	0.0000	0.0000	0.0000	0.0000	0.0000	0.0000	0.0000	0.0000			0.0000	0.0000	0.0000	0.9990	0.5132	0.0212	0.0000	0.0000	0.0000	0.0000	0.0000	0.0000	0.0000	0.0000	0.0000	0.0000	0.0000	0.0000	0.0000	0.0000	0.0000	0.0000	0.0000	0.0000	0.0000	0.0000	0.0000	0.0000	0.0000	0.0000	0.0000	0.0000	0.0000	0.0011	0.0005	0.0005	0.0001	0.0001	0.0000	0.0010	0.0004	0.0005
39	68	0.0346	6	2	0	1	0	0	0	1	0	0	0	2	0	0	0	0	0	0	0	Y	N	N	N	Y	N	N	N	N	N	N	N	N	N	N	N	N	N	0.0000	0.0000	0.0000	0.0000	0.0000	0.0000	0.0000	0.0000	0.0000	0.0000	0.0000	0.0000	0.0000	0.0000	0.0000	0.0000	0.0000	0.0000	0.0447	0.0877	0.0005	0.3463	0.3814	0.0003	0.0003	0.0000	0.0005		0.0054	0.0000	-0.0000	0.0000	0.0002	0.5132	1.2554	0.0000	0.0000	0.0000	0.0000	0.0000	0.0000	0.0000	0.0000	0.0000	0.0001	0.0001	0.0000	0.0001	0.0001	0.0000	0.0000	0.0000	0.0000	0.0000	0.0000	0.0000	0.0000	0.0000	0.0000	0.0000	0.0000	0.0000	0.0015	0.0008	0.0007	0.0002	0.0002	0.0000	0.0013	0.0006	0.0007
39	69	0.0377	8	2	0	0	0	0	0	0	0	0	0	1	0	0	0	0	0	0	0	Y	N	N	N	N	N	N	N	N	N	N	N	N	N	N	N	N	N	0.0000	0.0000	0.0000	0.0000	0.0000	0.0000	0.0000	0.0000	0.0000	0.0000	0.0000	0.0000	0.0000	0.0000	0.0000	0.0000	0.0000	0.0000	0.0000	0.0000	0.0000	0.0000	0.0000	0.0000	0.0000	0.0000	0.0000			0.0000	0.0000	0.0000	1.0007	0.5132	1.2584	0.0000	0.0000	0.0000	0.0000	0.0000	0.0000	0.0000	0.0000	0.0000	0.0000	0.0000	0.0000	0.0000	0.0000	0.0000	0.0000	0.0000	0.0000	0.0000	0.0000	0.0000	0.0000	0.0000	0.0000	0.0000	0.0000	0.0000	0.0028	0.0014	0.0014	0.0004	0.0003	0.0001	0.0024	0.0011	0.0013
39	70	0.0236	7	2	0	0	0	1	0	0	0	0	0	1	0	0	0	0	0	0	0	Y	N	N	N	N	N	N	N	N	N	N	N	N	N	N	N	N	N	0.0000	0.0000	0.0000	0.0000	0.0000	0.0000	0.0000	0.0000	0.0000	0.0000	0.0000	0.0000	0.0000	0.0000	0.0000	0.0000	0.0000	0.0000	0.0048	0.0102	0.0000	0.0985	0.1104	0.0000	0.0000	0.0000	0.0000		0.0053	0.0000	-0.0000	0.0000	3.0007	0.5132	1.9606	0.0000	0.0000	0.0000	0.0000	0.0000	0.0000	0.0000	0.0000	0.0000	0.0000	0.0000	0.0000	0.0000	0.0000	0.0000	0.0000	0.0000	0.0000	0.0000	0.0000	0.0000	0.0000	0.0000	0.0000	0.0000	0.0000	0.0000	0.0053	0.0025	0.0028	0.0003	0.0002	0.0000	0.0051	0.0023	0.0028
39	71	0.1514	14	1	0	0	0	0	0	0	0	1	0	2	0	0	0	0	0	0	0	N	N	N	N	Y	N	N	N	N	N	N	N	N	N	N	N	N	N	0.0000	0.0000	0.0000	0.0000	0.0000	0.0000	0.0000	0.0000	0.0000	0.0000	0.0000	0.0000	0.0000	0.0000	0.0000	0.0000	0.0000	0.0000	0.0454	0.0352	0.0614	0.0593	0.0670	0.0005	0.0381	0.0034	0.0683		1.1129	0.0000	0.0001	0.0000	6.1029	0.5132	20.9537	0.0000	0.0000	0.0000	0.0000	0.0000	0.0000	0.0000	0.0000	0.0000	0.0017	0.0008	0.0009	0.0008	0.0008	0.0000	0.0009	0.0000	0.0009	0.0000	0.0000	0.0000	0.0000	0.0000	0.0000	0.0000	0.0000	0.0000	0.0379	0.0231	0.0148	0.0131	0.0116	0.0015	0.0248	0.0116	0.0133
39	73	0.0346	7	2	0	1	0	0	0	1	0	0	0	2	1	0	0	0	0	0	0	Y	N	N	N	Y	N	N	N	N	N	N	N	N	N	N	N	N	N	0.0000	0.0000	0.0000	0.0000	0.0000	0.0000	0.0000	0.0000	0.0000	0.0000	0.0000	0.0000	0.0000	0.0000	0.0000	0.0000	0.0000	0.0000	0.0000	0.0000	0.0000	0.0000	0.0000	0.0000	0.0000	0.0000	0.0000			0.0000	0.0000	0.0000	0.0000	0.5132	0.0000	0.0000	0.0000	0.0000	0.0000	0.0000	0.0000	0.0000	0.0000	0.0000	0.0000	0.0000	0.0000	0.0000	0.0000	0.0000	0.0000	0.0000	0.0000	0.0000	0.0000	0.0000	0.0000	0.0000	0.0000	0.0000	0.0000	0.0000	0.0000	0.0000	0.0000	0.0000	0.0000	0.0000	0.0000	0.0000	0.0000
39	74	0.0351	9	2	0	1	0	1	0	1	0	0	0	1	0	0	0	0	0	0	0	Y	N	N	N	N	N	N	N	N	N	N	N	N	N	N	N	N	N	0.0000	0.0000	0.0000	0.0000	0.0000	0.0000	0.0000	0.0000	0.0000	0.0000	0.0000	0.0000	0.0000	0.0000	0.0000	0.0000	0.0000	0.0000	0.0000	0.0000	0.0000	0.0000	0.0000	0.0000	0.0000	0.0000	0.0000			0.0000	0.0000	0.0000	2.9595	0.5132	5.1315	0.0000	0.0000	0.0000	0.0000	0.0000	0.0000	0.0000	0.0000	0.0000	0.0000	0.0000	0.0000	0.0000	0.0000	0.0000	0.0000	0.0000	0.0000	0.0000	0.0000	0.0000	0.0000	0.0000	0.0000	0.0000	0.0000	0.0000	0.0088	0.0043	0.0045	0.0008	0.0008	0.0001	0.0079	0.0035	0.0045
39	75	0.0346	7	2	0	0	0	0	0	0	0	0	0	2	1	0	0	0	0	0	0	Y	N	N	N	Y	N	N	N	N	N	N	N	N	N	N	N	N	N	0.0000	0.0000	0.0000	0.0000	0.0000	0.0000	0.0000	0.0000	0.0000	0.0000	0.0000	0.0000	0.0000	0.0000	0.0000	0.0000	0.0000	0.0000	0.0000	0.0000	0.0000	0.0000	0.0000	0.0000	0.0000	0.0000	0.0000			0.0000	0.0000	0.0000	0.0000	0.5132	1.0000	0.0000	0.0000	0.0000	0.0000	0.0000	0.0000	0.0000	0.0000	0.0000	0.0000	0.0000	0.0000	0.0000	0.0000	0.0000	0.0000	0.0000	0.0000	0.0000	0.0000	0.0000	0.0000	0.0000	0.0000	0.0000	0.0000	0.0000	0.0010	0.0006	0.0004	0.0001	0.0001	0.0000	0.0009	0.0005	0.0004
39	76	0.0346	6	2	0	0	0	0	0	0	0	0	1	2	1	0	0	0	0	0	0	Y	N	N	N	Y	N	N	N	N	N	N	N	N	N	N	N	N	N	0.0000	0.0000	0.0000	0.0000	0.0000	0.0000	0.0000	0.0000	0.0000	0.0000	0.0000	0.0000	0.0000	0.0000	0.0000	0.0000	0.0000	0.0000	0.0000	0.0000	0.0000	0.0000	0.0000	0.0000	0.0000	0.0000	0.0000			0.0000	0.0000	0.0000	0.0000	0.5132	0.0000	0.0000	0.0000	0.0000	0.0000	0.0000	0.0000	0.0000	0.0000	0.0000	0.0000	0.0000	0.0000	0.0000	0.0000	0.0000	0.0000	0.0000	0.0000	0.0000	0.0000	0.0000	0.0000	0.0000	0.0000	0.0000	0.0000	0.0000	0.0001	0.0001	0.0001	0.0001	0.0001	0.0000	0.0001	0.0000	0.0001
39	77	0.0127	5	2	0	0	0	0	0	0	0	1	0	2	0	0	0	0	0	0	0	Y	N	N	N	Y	N	N	N	N	N	N	N	N	N	N	N	N	N	0.0000	0.0000	0.0000	0.0000	0.0000	0.0000	0.0000	0.0000	0.0000	0.0000	0.0000	0.0000	0.0000	0.0000	0.0000	0.0000	0.0000	0.0000	0.0153	0.0002	0.0286	0.0011	0.0012	0.0000	0.0164	0.0000	0.0289		180.6259	0.0000	0.0000	0.0000	0.0002	0.5132	3.7635	0.0000	0.0000	0.0000	0.0000	0.0000	0.0000	0.0000	0.0000	0.0000	0.0001	0.0000	0.0001	0.0000	0.0000	0.0000	0.0001	0.0000	0.0001	0.0000	0.0000	0.0000	0.0000	0.0000	0.0000	0.0000	0.0000	0.0000	0.0043	0.0020	0.0023	0.0003	0.0003	0.0000	0.0040	0.0017	0.0023
39	79	0.0607	13	2	0	1	0	0	0	0	0	0	0	1	0	0	0	0	0	0	0	Y	N	N	N	N	N	N	N	N	N	N	N	N	N	N	N	N	N	0.0000	0.0000	0.0000	0.0000	0.0000	0.0000	0.0000	0.0000	0.0000	0.0000	0.0000	0.0000	0.0000	0.0000	0.0000	0.0000	0.0000	0.0000	0.0000	0.0000	0.0000	0.0000	0.0000	0.0000	0.0000	0.0000	0.0000			0.0000	0.0000	0.0000	1.0047	0.5132	3.0004	0.0000	0.0000	0.0000	0.0000	0.0000	0.0000	0.0000	0.0000	0.0000	0.0000	0.0000	0.0000	0.0000	0.0000	0.0000	0.0000	0.0000	0.0000	0.0000	0.0000	0.0000	0.0000	0.0000	0.0000	0.0000	0.0000	0.0000	0.0041	0.0020	0.0021	0.0004	0.0004	0.0001	0.0037	0.0016	0.0021
39	80	0.0500	12	2	0	1	0	0	0	0	0	0	0	1	0	0	0	0	0	0	0	Y	N	N	N	N	N	N	N	N	N	N	N	N	N	N	N	N	N	0.0000	0.0000	0.0000	0.0000	0.0000	0.0000	0.0000	0.0000	0.0000	0.0000	0.0000	0.0000	0.0000	0.0000	0.0000	0.0000	0.0000	0.0000	0.0000	0.0000	0.0000	0.0000	0.0000	0.0000	0.0000	0.0000	0.0000			0.0000	0.0000	0.0000	1.0096	0.5132	2.0672	0.0000	0.0000	0.0000	0.0000	0.0000	0.0000	0.0000	0.0000	0.0000	0.0000	0.0000	0.0000	0.0000	0.0000	0.0000	0.0000	0.0000	0.0000	0.0000	0.0000	0.0000	0.0000	0.0000	0.0000	0.0000	0.0000	0.0000	0.0056	0.0030	0.0026	0.0021	0.0015	0.0005	0.0035	0.0015	0.0020
39	81	0.0429	11	2	0	1	0	1	0	1	0	0	0	1	0	0	0	0	0	0	0	Y	N	N	N	N	N	N	N	N	N	N	N	N	N	N	N	N	N	0.0000	0.0000	0.0000	0.0000	0.0000	0.0000	0.0000	0.0000	0.0000	0.0000	0.0000	0.0000	0.0000	0.0000	0.0000	0.0000	0.0000	0.0000	0.0000	0.0000	0.0000	0.0000	0.0000	0.0000	0.0000	0.0000	0.0000			0.0000	0.0000	0.0000	0.9933	0.5132	1.5154	0.0000	0.0000	0.0000	0.0000	0.0000	0.0000	0.0000	0.0000	0.0000	0.0000	0.0000	0.0000	0.0000	0.0000	0.0000	0.0000	0.0000	0.0000	0.0000	0.0000	0.0000	0.0000	0.0000	0.0000	0.0000	0.0000	0.0000	0.0028	0.0013	0.0014	0.0003	0.0002	0.0000	0.0025	0.0011	0.0014
39	82	0.0658	15	2	0	1	0	0	0	1	0	0	0	1	0	0	0	0	0	0	0	Y	N	N	N	N	N	N	N	N	N	N	N	N	N	N	N	N	N	0.0000	0.0000	0.0000	0.0000	0.0000	0.0000	0.0000	0.0000	0.0000	0.0000	0.0000	0.0000	0.0000	0.0000	0.0000	0.0000	0.0000	0.0000	0.0000	0.0000	0.0000	0.0000	0.0000	0.0000	0.0000	0.0000	0.0000		0.0000	0.0000	-0.0000	0.0000	4.0000	0.5132	3.0004	0.0000	0.0000	0.0000	0.0000	0.0000	0.0000	0.0000	0.0000	0.0000	0.0000	0.0000	0.0000	0.0000	0.0000	0.0000	0.0000	0.0000	0.0000	0.0000	0.0000	0.0000	0.0000	0.0000	0.0000	0.0000	0.0000	0.0000	0.0072	0.0036	0.0036	0.0009	0.0008	0.0001	0.0064	0.0028	0.0035
39	84	0.0262	8	2	0	1	0	1	0	1	0	0	0	1	0	0	0	0	0	0	0	Y	N	N	N	N	N	N	N	N	N	N	N	N	N	N	N	N	N	0.0000	0.0000	0.0000	0.0000	0.0000	0.0000	0.0000	0.0000	0.0000	0.0000	0.0000	0.0000	0.0000	0.0000	0.0000	0.0000	0.0000	0.0000	59.5109	0.6699	111.1970	5.6490	6.4955	0.0000	62.6730	0.0000	112.7270		188.9824	0.0000	0.2658	0.0000	2.0009	0.5132	6.0608	0.0000	0.0000	0.0000	0.0000	0.0000	0.0000	0.0000	0.0000	0.0000	0.5104	0.0027	0.5078	0.0027	0.0027	0.0000	0.5078	0.0000	0.5078	0.0000	0.0000	0.0000	0.0000	0.0000	0.0000	0.0000	0.0000	0.0000	0.0086	0.0040	0.0046	0.0005	0.0004	0.0001	0.0081	0.0036	0.0045
39	85	0.0741	17	2	0	1	0	0	0	0	0	0	0	1	0	0	0	0	0	0	0	Y	N	N	N	N	N	N	N	N	N	N	N	N	N	N	N	N	N	0.0000	0.0000	0.0000	0.0000	0.0000	0.0000	0.0000	0.0000	0.0000	0.0000	0.0000	0.0000	0.0000	0.0000	0.0000	0.0000	0.0000	0.0000	0.0000	0.0000	0.0000	0.0000	0.0000	0.0000	0.0000	0.0000	0.0000			0.0000	0.0000	0.0000	2.0003	0.5132	2.0390	0.0000	0.0000	0.0000	0.0000	0.0000	0.0000	0.0000	0.0000	0.0000	0.0000	0.0000	0.0000	0.0000	0.0000	0.0000	0.0000	0.0000	0.0000	0.0000	0.0000	0.0000	0.0000	0.0000	0.0000	0.0000	0.0000	0.0000	0.0043	0.0022	0.0021	0.0006	0.0005	0.0001	0.0037	0.0016	0.0020
39	86	0.0668	16	2	0	1	0	1	0	1	0	0	0	1	0	0	0	0	0	0	0	Y	N	N	N	N	N	N	N	N	N	N	N	N	N	N	N	N	N	0.0000	0.0000	0.0000	0.0000	0.0000	0.0000	0.0000	0.0000	0.0000	0.0000	0.0000	0.0000	0.0000	0.0000	0.0000	0.0000	0.0000	0.0000	0.0000	0.0000	0.0000	0.0000	0.0000	0.0000	0.0000	0.0000	0.0000			0.0000	0.0000	0.0000	1.0005	0.5132	0.9990	0.0000	0.0000	0.0000	0.0000	0.0000	0.0000	0.0000	0.0000	0.0000	0.0000	0.0000	0.0000	0.0000	0.0000	0.0000	0.0000	0.0000	0.0000	0.0000	0.0000	0.0000	0.0000	0.0000	0.0000	0.0000	0.0000	0.0000	0.0021	0.0010	0.0011	0.0002	0.0002	0.0000	0.0019	0.0008	0.0010
39	89	0.0986	13	2	0	1	0	0	0	0	0	0	0	1	0	0	0	0	0	0	0	Y	N	N	N	N	N	N	N	N	N	N	N	N	N	N	N	N	N	0.0000	0.0000	0.0000	0.0000	0.0000	0.0000	0.0000	0.0000	0.0000	0.0000	0.0000	0.0000	0.0000	0.0000	0.0000	0.0000	0.0000	0.0000	0.0011	0.0022	0.0000	0.0099	0.0106	0.0000	0.0000	0.0000	0.0000		0.0053	0.0000	-0.0000	0.0000	0.0001	0.5132	3.9037	0.0000	0.0000	0.0000	0.0000	0.0000	0.0000	0.0000	0.0000	0.0000	0.0000	0.0000	0.0000	0.0000	0.0000	0.0000	0.0000	0.0000	0.0000	0.0000	0.0000	0.0000	0.0000	0.0000	0.0000	0.0000	0.0000	0.0000	0.0046	0.0023	0.0023	0.0005	0.0005	0.0000	0.0041	0.0018	0.0022
39	90	0.0720	12	2	0	1	0	0	0	0	0	0	0	1	0	0	0	0	0	0	0	Y	N	N	N	N	N	N	N	N	N	N	N	N	N	N	N	N	N	0.0000	0.0000	0.0000	0.0000	0.0000	0.0000	0.0000	0.0000	0.0000	0.0000	0.0000	0.0000	0.0000	0.0000	0.0000	0.0000	0.0000	0.0000	0.0009	0.0009	0.0010	0.0034	0.0040	0.0000	0.0006	0.0000	0.0010		1.0000	0.0000	0.0000	0.0000	1.0001	0.5132	8.1987	0.0000	0.0000	0.0000	0.0000	0.0000	0.0000	0.0000	0.0000	0.0000	0.0000	0.0000	0.0000	0.0000	0.0000	0.0000	0.0000	0.0000	0.0000	0.0000	0.0000	0.0000	0.0000	0.0000	0.0000	0.0000	0.0000	0.0000	0.0108	0.0056	0.0052	0.0015	0.0013	0.0002	0.0093	0.0043	0.0050
39	91	0.0802	17	2	0	1	0	0	0	0	0	0	0	1	0	0	0	0	0	0	0	Y	N	N	N	N	N	N	N	N	N	N	N	N	N	N	N	N	N	0.0000	0.0000	0.0000	0.0000	0.0000	0.0000	0.0000	0.0000	0.0000	0.0000	0.0000	0.0000	0.0000	0.0000	0.0000	0.0000	0.0000	0.0000	0.1534	0.0988	0.2106	0.3552	0.3904	0.0002	0.1200	0.0000	0.2162		2.0382	0.0000	0.0003	0.0000	1.0071	0.5132	9.1029	0.0000	0.0000	0.0000	0.0000	0.0000	0.0000	0.0000	0.0000	0.0000	0.0016	0.0005	0.0011	0.0005	0.0005	0.0000	0.0011	0.0000	0.0011	0.0000	0.0000	0.0000	0.0000	0.0000	0.0000	0.0000	0.0000	0.0000	0.0106	0.0054	0.0052	0.0015	0.0014	0.0001	0.0091	0.0040	0.0050
39	92	0.0658	16	2	0	1	0	0	0	1	0	0	0	1	0	0	0	0	0	0	0	Y	N	N	N	N	N	N	N	N	N	N	N	N	N	N	N	N	N	0.0000	0.0000	0.0000	0.0000	0.0000	0.0000	0.0000	0.0000	0.0000	0.0000	0.0000	0.0000	0.0000	0.0000	0.0000	0.0000	0.0000	0.0000	0.0015	0.0004	0.0026	0.0014	0.0015	0.0000	0.0015	0.0000	0.0027		7.4007	0.0000	0.0000	0.0000	0.9988	0.5132	4.0321	0.0000	0.0000	0.0000	0.0000	0.0000	0.0000	0.0000	0.0000	0.0000	0.0000	0.0000	0.0000	0.0000	0.0000	0.0000	0.0000	0.0000	0.0000	0.0000	0.0000	0.0000	0.0000	0.0000	0.0000	0.0000	0.0000	0.0000	0.0053	0.0026	0.0027	0.0007	0.0006	0.0001	0.0046	0.0020	0.0026
39	93	0.0658	15	2	0	0	0	0	0	0	0	0	0	1	0	0	0	0	0	0	0	Y	N	N	N	N	N	N	N	N	N	N	N	N	N	N	N	N	N	0.0000	0.0000	0.0000	0.0000	0.0000	0.0000	0.0000	0.0000	0.0000	0.0000	0.0000	0.0000	0.0000	0.0000	0.0000	0.0000	0.0000	0.0000	0.0000	0.0000	0.0000	0.0000	0.0000	0.0000	0.0000	0.0000	0.0000		0.0000	0.0000	-0.0000	0.0000	0.0001	0.5132	0.0783	0.0000	0.0000	0.0000	0.0000	0.0000	0.0000	0.0000	0.0000	0.0000	0.0000	0.0000	0.0000	0.0000	0.0000	0.0000	0.0000	0.0000	0.0000	0.0000	0.0000	0.0000	0.0000	0.0000	0.0000	0.0000	0.0000	0.0000	0.0002	0.0001	0.0001	0.0001	0.0001	0.0000	0.0001	0.0000	0.0001
39	94	0.0572	14	2	0	0	0	1	0	0	0	0	0	1	0	0	0	0	0	0	0	Y	N	N	N	N	N	N	N	N	N	N	N	N	N	N	N	N	N	0.0000	0.0000	0.0000	0.0000	0.0000	0.0000	0.0000	0.0000	0.0000	0.0000	0.0000	0.0000	0.0000	0.0000	0.0000	0.0000	0.0000	0.0000	0.0128	0.0259	0.0000	0.0000	0.0000	0.0000	0.0144	0.0322	0.0000		0.0000	0.0000	-0.0000	0.0000	0.0004	0.5132	2.9660	0.0000	0.0000	0.0000	0.0000	0.0000	0.0000	0.0000	0.0000	0.0000	0.0000	0.0000	0.0000	0.0000	0.0000	0.0000	0.0000	0.0000	0.0000	0.0000	0.0000	0.0000	0.0000	0.0000	0.0000	0.0000	0.0000	0.0000	0.0031	0.0015	0.0016	0.0003	0.0003	0.0000	0.0028	0.0012	0.0015
39	100	0.0469	13	1	0	1	0	0	0	0	0	0	0	2	0	0	0	0	0	0	0	N	N	N	N	Y	N	N	N	N	N	N	N	N	N	N	N	N	N	0.0000	0.0000	0.0000	0.0000	0.0000	0.0000	0.0000	0.0000	0.0000	0.0000	0.0000	0.0000	0.0000	0.0000	0.0000	0.0000	0.0000	0.0000	0.0000	0.0000	0.0000	0.0000	0.0000	0.0000	0.0000	0.0000	0.0000			0.0000	0.0000	0.0000	0.0000	0.5132	0.0000	0.0000	0.0000	0.0000	0.0000	0.0000	0.0000	0.0000	0.0000	0.0000	0.0000	0.0000	0.0000	0.0000	0.0000	0.0000	0.0000	0.0000	0.0000	0.0000	0.0000	0.0000	0.0000	0.0000	0.0000	0.0000	0.0000	0.0000	0.0000	0.0000	0.0000	0.0000	0.0000	0.0000	0.0000	0.0000	0.0000
39	101	0.0413	12	1	0	1	0	0	0	0	0	0	0	2	0	0	0	0	0	0	0	N	N	N	N	Y	N	N	N	N	N	N	N	N	N	N	N	N	N	0.0000	0.0000	0.0000	0.0000	0.0000	0.0000	0.0000	0.0000	0.0000	0.0000	0.0000	0.0000	0.0000	0.0000	0.0000	0.0000	0.0000	0.0000	0.0000	0.0000	0.0000	0.0000	0.0000	0.0000	0.0000	0.0000	0.0000			0.0000	0.0000	0.0000	1.0000	0.5132	0.0000	0.0000	0.0000	0.0000	0.0000	0.0000	0.0000	0.0000	0.0000	0.0000	0.0000	0.0000	0.0000	0.0000	0.0000	0.0000	0.0000	0.0000	0.0000	0.0000	0.0000	0.0000	0.0000	0.0000	0.0000	0.0000	0.0000	0.0000	0.0011	0.0005	0.0006	0.0001	0.0001	0.0000	0.0010	0.0004	0.0006
39	102	0.0413	11	1	0	1	0	0	0	0	0	0	0	2	0	0	0	0	0	0	0	N	N	N	N	Y	N	N	N	N	N	N	N	N	N	N	N	N	N	0.0000	0.0000	0.0000	0.0000	0.0000	0.0000	0.0000	0.0000	0.0000	0.0000	0.0000	0.0000	0.0000	0.0000	0.0000	0.0000	0.0000	0.0000	0.0000	0.0000	0.0000	0.0000	0.0000	0.0000	0.0000	0.0000	0.0000			0.0000	0.0000	0.0000	0.0000	0.5132	0.0005	0.0000	0.0000	0.0000	0.0000	0.0000	0.0000	0.0000	0.0000	0.0000	0.0000	0.0000	0.0000	0.0000	0.0000	0.0000	0.0000	0.0000	0.0000	0.0000	0.0000	0.0000	0.0000	0.0000	0.0000	0.0000	0.0000	0.0000	0.0000	0.0000	0.0000	0.0000	0.0000	0.0000	0.0000	0.0000	0.0000
39	104	0.0594	10	2	0	1	0	1	0	1	0	0	0	1	0	0	0	0	0	0	0	Y	N	N	N	N	N	N	N	N	N	N	N	N	N	N	N	N	N	0.0000	0.0000	0.0000	0.0000	0.0000	0.0000	0.0000	0.0000	0.0000	0.0000	0.0000	0.0000	0.0000	0.0000	0.0000	0.0000	0.0000	0.0000	0.0000	0.0000	0.0000	0.0000	0.0000	0.0000	0.0000	0.0000	0.0000			0.0000	0.0000	0.0000	1.0000	0.5132	1.0715	0.0000	0.0000	0.0000	0.0000	0.0000	0.0000	0.0000	0.0000	0.0000	0.0000	0.0000	0.0000	0.0000	0.0000	0.0000	0.0000	0.0000	0.0000	0.0000	0.0000	0.0000	0.0000	0.0000	0.0000	0.0000	0.0000	0.0000	0.0025	0.0013	0.0012	0.0004	0.0003	0.0000	0.0021	0.0010	0.0011
39	113	0.0363	9	2	0	1	0	0	0	0	0	0	0	2	0	0	0	0	0	0	0	Y	N	N	N	Y	N	N	N	N	N	N	N	N	N	N	N	N	N	0.0000	0.0000	0.0000	0.0000	0.0000	0.0000	0.0000	0.0000	0.0000	0.0000	0.0000	0.0000	0.0000	0.0000	0.0000	0.0000	0.0000	0.0000	0.0000	0.0000	0.0000	0.0000	0.0000	0.0000	0.0000	0.0000	0.0000			0.0000	0.0000	0.0000	0.0000	0.5132	1.0000	0.0000	0.0000	0.0000	0.0000	0.0000	0.0000	0.0000	0.0000	0.0000	0.0000	0.0000	0.0000	0.0000	0.0000	0.0000	0.0000	0.0000	0.0000	0.0000	0.0000	0.0000	0.0000	0.0000	0.0000	0.0000	0.0000	0.0000	0.0011	0.0005	0.0005	0.0001	0.0001	0.0000	0.0010	0.0005	0.0005
39	114	0.0306	8	2	0	1	0	1	0	1	0	1	0	2	0	0	0	0	0	0	0	Y	N	N	N	Y	N	N	N	N	N	N	N	N	N	N	N	N	N	0.0000	0.0000	0.0000	0.0000	0.0000	0.0000	0.0000	0.0000	0.0000	0.0000	0.0000	0.0000	0.0000	0.0000	0.0000	0.0000	0.0000	0.0000	0.0000	0.0000	0.0000	0.0000	0.0000	0.0000	0.0000	0.0000	0.0000			0.0000	0.0000	0.0000	0.0000	0.5132	1.0009	0.0000	0.0000	0.0000	0.0000	0.0000	0.0000	0.0000	0.0000	0.0000	0.0000	0.0000	0.0000	0.0000	0.0000	0.0000	0.0000	0.0000	0.0000	0.0000	0.0000	0.0000	0.0000	0.0000	0.0000	0.0000	0.0000	0.0000	0.0031	0.0024	0.0007	0.0011	0.0011	0.0000	0.0020	0.0013	0.0007
39	115	0.0720	12	2	0	1	0	0	0	0	0	0	0	1	0	0	0	0	0	0	0	Y	N	N	N	N	N	N	N	N	N	N	N	N	N	N	N	N	N	0.0000	0.0000	0.0000	0.0000	0.0000	0.0000	0.0000	0.0000	0.0000	0.0000	0.0000	0.0000	0.0000	0.0000	0.0000	0.0000	0.0000	0.0000	0.0005	0.0010	0.0000	0.0035	0.0042	0.0000	0.0000	0.0000	0.0000		0.0053	0.0000	-0.0000	0.0000	0.9998	0.5132	6.9031	0.0000	0.0000	0.0000	0.0000	0.0000	0.0000	0.0000	0.0000	0.0000	0.0000	0.0000	0.0000	0.0000	0.0000	0.0000	0.0000	0.0000	0.0000	0.0000	0.0000	0.0000	0.0000	0.0000	0.0000	0.0000	0.0000	0.0000	0.0095	0.0050	0.0046	0.0014	0.0012	0.0002	0.0081	0.0038	0.0043
39	116	0.0594	11	2	0	1	0	1	0	1	0	0	0	1	0	0	0	0	0	0	0	Y	N	N	N	N	N	N	N	N	N	N	N	N	N	N	N	N	N	0.0000	0.0000	0.0000	0.0000	0.0000	0.0000	0.0000	0.0000	0.0000	0.0000	0.0000	0.0000	0.0000	0.0000	0.0000	0.0000	0.0000	0.0000	0.0011	0.0000	0.0022	0.0000	0.0001	0.0000	0.0012	0.0000	0.0022		188.9824	0.0000	0.0000	0.0000	0.0012	0.5132	4.2539	0.0000	0.0000	0.0000	0.0000	0.0000	0.0000	0.0000	0.0000	0.0000	0.0000	0.0000	0.0000	0.0000	0.0000	0.0000	0.0000	0.0000	0.0000	0.0000	0.0000	0.0000	0.0000	0.0000	0.0000	0.0000	0.0000	0.0000	0.0048	0.0024	0.0024	0.0006	0.0005	0.0001	0.0042	0.0019	0.0023
39	119	0.0413	11	2	0	1	0	1	0	0	0	0	0	2	0	0	0	0	0	0	0	Y	N	N	N	Y	N	N	N	N	N	N	N	N	N	N	N	N	N	0.0000	0.0000	0.0000	0.0000	0.0000	0.0000	0.0000	0.0000	0.0000	0.0000	0.0000	0.0000	0.0000	0.0000	0.0000	0.0000	0.0000	0.0000	0.0000	0.0000	0.0000	0.0000	0.0000	0.0000	0.0000	0.0000	0.0000			0.0000	0.0000	0.0000	0.0000	0.5132	0.0000	0.0000	0.0000	0.0000	0.0000	0.0000	0.0000	0.0000	0.0000	0.0000	0.0000	0.0000	0.0000	0.0000	0.0000	0.0000	0.0000	0.0000	0.0000	0.0000	0.0000	0.0000	0.0000	0.0000	0.0000	0.0000	0.0000	0.0000	0.0000	0.0000	0.0000	0.0000	0.0000	0.0000	0.0000	0.0000	0.0000
39	120	0.0384	10	1	0	1	0	0	0	1	0	1	0	2	0	0	0	0	0	0	0	N	N	N	N	Y	N	N	N	N	N	N	N	N	N	N	N	N	N	0.0000	0.0000	0.0000	0.0000	0.0000	0.0000	0.0000	0.0000	0.0000	0.0000	0.0000	0.0000	0.0000	0.0000	0.0000	0.0000	0.0000	0.0000	0.0000	0.0000	0.0000	0.0000	0.0000	0.0000	0.0000	0.0000	0.0000			0.0000	0.0000	0.0000	0.0001	0.5132	1.0001	0.0000	0.0000	0.0000	0.0000	0.0000	0.0000	0.0000	0.0000	0.0000	0.0000	0.0000	0.0000	0.0000	0.0000	0.0000	0.0000	0.0000	0.0000	0.0000	0.0000	0.0000	0.0000	0.0000	0.0000	0.0000	0.0000	0.0000	0.0011	0.0005	0.0006	0.0001	0.0001	0.0000	0.0010	0.0004	0.0006
40	42	0.1010	18	2	0	1	1	0	0	1	1	0	0	1	1	0	0	0	0	0	0	Y	N	N	N	N	N	N	N	N	N	N	N	N	N	N	N	N	N	0.0000	0.0000	0.0000	0.0000	0.0000	0.0000	0.0000	0.0000	0.0000	0.0000	0.0000	0.0000	0.0000	0.0000	0.0000	0.0000	0.0000	0.0000	0.0000	0.0000	0.0000	0.0000	0.0000	0.0000	0.0000	0.0000	0.0000			0.0000	0.0000	1.0010	0.0001	2.9998	0.0001	0.0000	0.0000	0.0000	0.0000	0.0000	0.0000	0.0000	0.0000	0.0000	0.0000	0.0000	0.0000	0.0000	0.0000	0.0000	0.0000	0.0000	0.0000	0.0000	0.0000	0.0000	0.0000	0.0000	0.0000	0.0000	0.0000	0.0000	0.0030	0.0027	0.0003	0.0016	0.0015	0.0000	0.0014	0.0011	0.0003
40	44	0.0784	17	2	0	1	0	0	0	1	0	0	1	1	1	0	0	0	0	0	0	Y	N	N	N	N	N	N	N	N	N	N	N	N	N	N	N	N	N	0.0000	0.0000	0.0000	0.0000	0.0000	0.0000	0.0000	0.0000	0.0000	0.0000	0.0000	0.0000	0.0000	0.0000	0.0000	0.0000	0.0000	0.0000	0.0003	0.0006	0.0000	0.0028	0.0031	0.0000	0.0000	0.0000	0.0000		0.0365	0.0000	-0.0000	1.0010	2.9998	2.9998	4.8980	0.0000	0.0000	0.0000	0.0000	0.0000	0.0000	0.0000	0.0000	0.0000	0.0000	0.0000	0.0000	0.0000	0.0000	0.0000	0.0000	0.0000	0.0000	0.0369	0.0317	0.0052	0.0006	0.0006	0.0000	0.0362	0.0311	0.0052	0.0616	0.0310	0.0306	0.0068	0.0061	0.0008	0.0548	0.0249	0.0299
40	45	0.0727	16	2	0	1	0	0	0	1	0	1	0	1	0	0	0	0	0	0	0	Y	N	N	N	N	N	N	N	N	N	N	N	N	N	N	N	N	N	0.0000	0.0000	0.0000	0.0000	0.0000	0.0000	0.0000	0.0000	0.0000	0.0000	0.0000	0.0000	0.0000	0.0000	0.0000	0.0000	0.0000	0.0000	0.0035	0.0066	0.0000	0.0291	0.0320	0.0005	0.0000	0.0000	0.0000		0.0017	0.0000	-0.0000	1.0010	0.0002	2.9998	2.0813	0.0000	0.0000	0.0000	0.0000	0.0000	0.0000	0.0000	0.0000	0.0000	0.0001	0.0001	0.0000	0.0001	0.0001	0.0000	0.0000	0.0000	0.0000	0.0000	0.0000	0.0000	0.0000	0.0000	0.0000	0.0000	0.0000	0.0000	0.0174	0.0091	0.0083	0.0021	0.0019	0.0002	0.0153	0.0072	0.0081
40	55	0.0785	19	2	0	1	0	0	0	1	0	0	1	1	1	0	0	0	0	0	0	Y	N	N	N	N	N	N	N	N	N	N	N	N	N	N	N	N	N	0.0000	0.0000	0.0000	0.0000	0.0000	0.0000	0.0000	0.0000	0.0000	0.0000	0.0000	0.0000	0.0000	0.0000	0.0000	0.0000	0.0000	0.0000	0.0000	0.0000	0.0000	0.0000	0.0000	0.0000	0.0000	0.0000	0.0000			0.0000	0.0000	1.0010	0.0000	2.9998	1.0065	0.0000	0.0000	0.0000	0.0000	0.0000	0.0000	0.0000	0.0000	0.0000	0.0000	0.0000	0.0000	0.0000	0.0000	0.0000	0.0000	0.0000	0.0000	0.0000	0.0000	0.0000	0.0000	0.0000	0.0000	0.0000	0.0000	0.0000	0.0080	0.0039	0.0040	0.0008	0.0007	0.0001	0.0071	0.0032	0.0039
40	56	0.0757	18	2	0	1	0	0	0	1	0	0	0	1	0	0	0	0	0	0	0	Y	N	N	N	N	N	N	N	N	N	N	N	N	N	N	N	N	N	0.0000	0.0000	0.0000	0.0000	0.0000	0.0000	0.0000	0.0000	0.0000	0.0000	0.0000	0.0000	0.0000	0.0000	0.0000	0.0000	0.0000	0.0000	0.0013	0.0026	0.0000	0.0132	0.0152	0.0000	0.0000	0.0000	0.0000		0.0001	0.0000	-0.0000	1.0010	0.0000	2.9998	1.0047	0.0000	0.0000	0.0000	0.0000	0.0000	0.0000	0.0000	0.0000	0.0000	0.0000	0.0000	0.0000	0.0000	0.0000	0.0000	0.0000	0.0000	0.0000	0.0000	0.0000	0.0000	0.0000	0.0000	0.0000	0.0000	0.0000	0.0000	0.0078	0.0039	0.0040	0.0008	0.0007	0.0001	0.0071	0.0032	0.0039
40	57	0.0757	17	2	0	1	0	0	0	1	0	1	0	1	0	0	0	0	0	0	0	Y	N	N	N	N	N	N	N	N	N	N	N	N	N	N	N	N	N	0.0000	0.0000	0.0000	0.0000	0.0000	0.0000	0.0000	0.0000	0.0000	0.0000	0.0000	0.0000	0.0000	0.0000	0.0000	0.0000	0.0000	0.0000	46.0227	46.2931	45.7555	65.0190	65.8672	0.0000	35.6167	0.0000	46.1739		1.0000	0.0000	0.0000	1.0010	0.0000	2.9998	0.0000	0.0000	0.0000	0.0000	0.0000	0.0000	0.0000	0.0000	0.0000	0.0000	0.0000	0.0000	0.0000	0.0000	0.0000	0.0000	0.0000	0.0000	0.0000	0.0000	0.0000	0.0000	0.0000	0.0000	0.0000	0.0000	0.0000	0.0000	0.0000	0.0000	0.0000	0.0000	0.0000	0.0000	0.0000	0.0000	0.0000
40	61	0.0727	16	2	0	1	0	0	0	1	0	0	0	0	0	0	0	0	0	0	0	Y	N	N	N	N	N	N	N	N	N	N	N	N	N	N	N	N	N	0.0000	0.0000	0.0000	0.0000	0.0000	0.0000	0.0000	0.0000	0.0000	0.0000	0.0000	0.0000	0.0000	0.0000	0.0000	0.0000	0.0000	0.0000	0.0022	0.0019	0.0025	0.0076	0.0080	0.0033	0.0013	0.0000	0.0025		1.0422	0.0000	0.0000	1.0010	0.0000	2.9998	1.0227	0.0000	0.0000	0.0000	0.0000	0.0000	0.0000	0.0000	0.0000	0.0000	0.0000	0.0000	0.0000	0.0000	0.0000	0.0000	0.0000	0.0000	0.0000	0.0000	0.0000	0.0000	0.0000	0.0000	0.0000	0.0000	0.0000	0.0000	0.0092	0.0051	0.0041	0.0013	0.0012	0.0001	0.0079	0.0038	0.0040
40	62	0.0673	15	2	0	1	0	0	0	1	0	0	0	0	0	0	0	0	0	0	0	Y	N	N	N	N	N	N	N	N	N	N	N	N	N	N	N	N	N	0.0000	0.0000	0.0000	0.0000	0.0000	0.0000	0.0000	0.0000	0.0000	0.0000	0.0000	0.0000	0.0000	0.0000	0.0000	0.0000	0.0000	0.0000	0.0000	0.0001	0.0000	0.0003	0.0002	0.0021	0.0000	0.0000	0.0000		0.8297	0.0000	-0.0000	1.0010	0.4815	2.9998	1.4942	0.0000	0.0000	0.0000	0.0000	0.0000	0.0000	0.0000	0.0000	0.0000	0.0000	0.0000	0.0000	0.0000	0.0000	0.0000	0.0000	0.0000	0.0000	0.0073	0.0063	0.0010	0.0007	0.0007	0.0000	0.0065	0.0056	0.0010	0.0184	0.0092	0.0092	0.0028	0.0026	0.0001	0.0157	0.0066	0.0091
40	69	0.0705	14	2	0	1	0	0	0	1	0	0	0	0	0	0	0	0	0	0	0	Y	N	N	N	N	N	N	N	N	N	N	N	N	N	N	N	N	N	0.2396	0.1431	0.0000	1.6771	1.3767	0.0000	0.0000	0.0000	0.0000	0.0001	0.0001	0.0000	0.0046	0.0049	0.0000	0.0000	0.0000	0.0000	0.0005	0.0009	0.0000	0.0028	0.0035	0.0000	0.0000	0.0000	0.0000	0.0000	0.0002	-0.0000	-0.0000	1.0010	1.0007	2.9998	1.2584	0.0000	0.0000	0.0000	0.0000	0.0000	0.0000	0.0000	0.0000	0.0000	0.0000	0.0000	0.0000	0.0000	0.0000	0.0000	0.0000	0.0000	0.0000	0.0125	0.0107	0.0018	0.0003	0.0003	0.0000	0.0122	0.0104	0.0017	0.0207	0.0106	0.0101	0.0035	0.0028	0.0008	0.0172	0.0079	0.0093
40	70	0.0564	13	2	0	1	0	1	0	1	0	0	0	0	0	0	0	0	0	0	0	Y	N	N	N	N	N	N	N	N	N	N	N	N	N	N	N	N	N	5.5916	0.2823	1519.1406	2.0015	1.9293	0.0000	inf	0.0000	inf	0.0000	0.0000	0.0003	0.0002	0.0002	0.0000	0.0000	0.0000	0.0003	0.0000	0.0000	0.0000	0.0001	0.0001	0.0000	0.0000	0.0000	0.0000	10.5080	0.0123	0.0000	-0.0000	1.0010	3.0007	2.9998	1.9606	0.0000	0.0000	0.0000	0.0000	0.0000	0.0000	0.0000	0.0000	0.0000	0.0000	0.0000	0.0000	0.0000	0.0000	0.0000	0.0000	0.0000	0.0000	0.0369	0.0318	0.0052	0.0007	0.0007	0.0000	0.0362	0.0311	0.0052	0.0386	0.0190	0.0195	0.0030	0.0027	0.0003	0.0355	0.0163	0.0193
40	75	0.0891	17	2	0	1	0	0	0	1	0	0	0	1	1	0	0	0	0	0	0	Y	N	N	N	N	N	N	N	N	N	N	N	N	N	N	N	N	N	0.0000	0.0000	0.0000	0.0000	0.0000	0.0000	0.0000	0.0000	0.0000	0.0000	0.0000	0.0000	0.0000	0.0000	0.0000	0.0000	0.0000	0.0000	0.0000	0.0000	0.0000	0.0000	0.0000	0.0000	0.0000	0.0000	0.0000			0.0000	0.0000	1.0010	0.0000	2.9998	1.0000	0.0000	0.0000	0.0000	0.0000	0.0000	0.0000	0.0000	0.0000	0.0000	0.0000	0.0000	0.0000	0.0000	0.0000	0.0000	0.0000	0.0000	0.0000	0.0000	0.0000	0.0000	0.0000	0.0000	0.0000	0.0000	0.0000	0.0000	0.0077	0.0046	0.0031	0.0006	0.0005	0.0001	0.0071	0.0041	0.0030
40	76	0.0891	16	2	0	1	0	0	0	1	0	0	1	1	1	0	0	0	0	0	0	Y	N	N	N	N	N	N	N	N	N	N	N	N	N	N	N	N	N	0.0000	0.0000	0.0000	0.0000	0.0000	0.0000	0.0000	0.0000	0.0000	0.0000	0.0000	0.0000	0.0000	0.0000	0.0000	0.0000	0.0000	0.0000	0.0000	0.0000	0.0000	0.0000	0.0000	0.0000	0.0000	0.0000	0.0000			0.0000	0.0000	1.0010	0.0000	2.9998	0.0000	0.0000	0.0000	0.0000	0.0000	0.0000	0.0000	0.0000	0.0000	0.0000	0.0000	0.0000	0.0000	0.0000	0.0000	0.0000	0.0000	0.0000	0.0000	0.0000	0.0000	0.0000	0.0000	0.0000	0.0000	0.0000	0.0000	0.0000	0.0010	0.0005	0.0004	0.0005	0.0005	0.0000	0.0005	0.0000	0.0004
40	77	0.0673	15	2	0	1	0	0	0	1	0	1	0	1	0	0	0	0	0	0	0	Y	N	N	N	N	N	N	N	N	N	N	N	N	N	N	N	N	N	0.0000	0.0000	0.0000	0.0000	0.0000	0.0000	0.0000	0.0000	0.0000	0.0000	0.0000	0.0000	0.0000	0.0000	0.0000	0.0000	0.0000	0.0000	0.0000	0.0000	0.0000	0.0000	0.0000	0.0000	0.0000	0.0000	0.0000		0.0000	0.0000	-0.0000	1.0010	0.0002	2.9998	3.7635	0.0000	0.0000	0.0000	0.0000	0.0000	0.0000	0.0000	0.0000	0.0000	0.0000	0.0000	0.0000	0.0000	0.0000	0.0000	0.0000	0.0000	0.0000	0.0013	0.0012	0.0001	0.0006	0.0006	0.0000	0.0006	0.0005	0.0001	0.0320	0.0158	0.0161	0.0038	0.0035	0.0002	0.0282	0.0123	0.0159
40	78	0.0615	14	2	0	1	0	1	0	1	0	0	0	0	0	0	0	0	0	0	0	Y	N	N	N	N	N	N	N	N	N	N	N	N	N	N	N	N	N	0.0000	0.0000	0.0000	0.0000	0.0000	0.0000	0.0000	0.0000	0.0000	0.0000	0.0000	0.0000	0.0000	0.0000	0.0000	0.0000	0.0000	0.0000	0.0000	0.0000	0.0000	0.0003	0.0003	0.0000	0.0000	0.0000	0.0000		0.1673	0.0000	-0.0000	1.0010	0.5196	2.9998	1.5432	0.0000	0.0000	0.0000	0.0000	0.0000	0.0000	0.0000	0.0000	0.0000	0.0000	0.0000	0.0000	0.0000	0.0000	0.0000	0.0000	0.0000	0.0000	0.0065	0.0056	0.0009	0.0001	0.0001	0.0000	0.0064	0.0054	0.0009	0.0161	0.0079	0.0082	0.0013	0.0011	0.0001	0.0148	0.0067	0.0081
40	93	0.0314	7	2	0	1	0	0	0	1	0	0	0	0	0	0	0	0	0	0	0	Y	N	N	N	N	N	N	N	N	N	N	N	N	N	N	N	N	N	0.0000	0.0000	0.0000	0.0000	0.0000	0.0000	0.0000	0.0000	0.0000	0.0000	0.0000	0.0000	0.0000	0.0000	0.0000	0.0000	0.0000	0.0000	0.0017	0.0017	0.0018	0.0027	0.0027	0.0057	0.0013	0.0000	0.0018		0.9940	0.0000	0.0000	1.0010	0.0001	2.9998	0.0783	0.0000	0.0000	0.0000	0.0000	0.0000	0.0000	0.0000	0.0000	0.0000	0.0000	0.0000	0.0000	0.0000	0.0000	0.0000	0.0000	0.0000	0.0000	0.0000	0.0000	0.0000	0.0000	0.0000	0.0000	0.0000	0.0000	0.0000	0.0017	0.0009	0.0008	0.0005	0.0005	0.0000	0.0011	0.0004	0.0008
40	94	0.0228	6	2	0	1	0	1	0	1	0	0	0	0	0	0	0	0	0	0	0	Y	N	N	N	N	N	N	N	N	N	N	N	N	N	N	N	N	N	0.0000	0.0000	0.0000	0.0000	0.0000	0.0000	0.0000	0.0000	0.0000	0.0000	0.0000	0.0000	0.0000	0.0000	0.0000	0.0000	0.0000	0.0000	0.0012	0.0027	0.0000	0.0718	0.0739	0.0000	0.0000	0.0000	0.0000		0.0001	0.0000	-0.0000	1.0010	0.0004	2.9998	2.9660	0.0000	0.0000	0.0000	0.0000	0.0000	0.0000	0.0000	0.0000	0.0000	0.0000	0.0000	0.0000	0.0000	0.0000	0.0000	0.0000	0.0000	0.0000	0.0000	0.0000	0.0000	0.0000	0.0000	0.0000	0.0000	0.0000	0.0000	0.0239	0.0110	0.0129	0.0004	0.0004	0.0000	0.0235	0.0106	0.0129
41	55	0.0341	7	2	0	1	1	0	0	1	0	0	1	2	2	0	0	0	0	0	0	Y	N	N	N	Y	Y	N	N	N	N	N	N	N	N	N	N	N	N	0.0000	0.0000	0.0000	0.0000	0.0000	0.0000	0.0000	0.0000	0.0000	0.0000	0.0000	0.0000	0.0000	0.0000	0.0000	0.0000	0.0000	0.0000	0.0000	0.0000	0.0000	0.0000	0.0000	0.0000	0.0000	0.0000	0.0000			0.0000	0.0000	0.0000	0.0000	0.0000	1.0065	0.0000	0.0000	0.0000	0.0000	0.0000	0.0000	0.0000	0.0000	0.0000	0.0000	0.0000	0.0000	0.0000	0.0000	0.0000	0.0000	0.0000	0.0000	0.0000	0.0000	0.0000	0.0000	0.0000	0.0000	0.0000	0.0000	0.0000	0.0000	0.0000	0.0000	0.0000	0.0000	0.0000	0.0000	0.0000	0.0000
41	56	0.0313	6	2	0	1	1	0	0	1	0	0	0	2	1	0	0	0	0	0	0	Y	N	N	N	Y	N	N	N	N	N	N	N	N	N	N	N	N	N	0.0000	0.0000	0.0000	0.0000	0.0000	0.0000	0.0000	0.0000	0.0000	0.0000	0.0000	0.0000	0.0000	0.0000	0.0000	0.0000	0.0000	0.0000	0.0000	0.0000	0.0000	0.0000	0.0000	0.0000	0.0000	0.0000	0.0000			0.0000	0.0000	0.0000	0.0000	0.0000	1.0047	0.0000	0.0000	0.0000	0.0000	0.0000	0.0000	0.0000	0.0000	0.0000	0.0000	0.0000	0.0000	0.0000	0.0000	0.0000	0.0000	0.0000	0.0000	0.0000	0.0000	0.0000	0.0000	0.0000	0.0000	0.0000	0.0000	0.0000	0.0000	0.0000	0.0000	0.0000	0.0000	0.0000	0.0000	0.0000	0.0000
41	57	0.0313	5	2	0	1	1	0	0	1	0	1	0	2	1	0	0	0	0	0	0	Y	N	N	N	Y	N	N	N	N	N	N	N	N	N	N	N	N	N	0.0000	0.0000	0.0000	0.0000	0.0000	0.0000	0.0000	0.0000	0.0000	0.0000	0.0000	0.0000	0.0000	0.0000	0.0000	0.0000	0.0000	0.0000	0.0000	0.0000	0.0000	0.0000	0.0000	0.0000	0.0000	0.0000	0.0000			0.0000	0.0000	0.0000	0.0000	0.0000	0.0000	0.0000	0.0000	0.0000	0.0000	0.0000	0.0000	0.0000	0.0000	0.0000	0.0000	0.0000	0.0000	0.0000	0.0000	0.0000	0.0000	0.0000	0.0000	0.0000	0.0000	0.0000	0.0000	0.0000	0.0000	0.0000	0.0000	0.0000	0.0000	0.0000	0.0000	0.0000	0.0000	0.0000	0.0000	0.0000	0.0000
41	61	0.0283	4	2	0	1	1	0	0	1	0	0	0	1	1	0	0	0	0	0	0	Y	N	N	N	N	N	N	N	N	N	N	N	N	N	N	N	N	N	0.0000	0.0000	0.0000	0.0000	0.0000	0.0000	0.0000	0.0000	0.0000	0.0000	0.0000	0.0000	0.0000	0.0000	0.0000	0.0000	0.0000	0.0000	0.0000	0.0000	0.0000	0.0000	0.0000	0.0000	0.0000	0.0000	0.0000			0.0000	0.0000	0.0000	0.0000	0.0000	1.0227	0.0000	0.0000	0.0000	0.0000	0.0000	0.0000	0.0000	0.0000	0.0000	0.0000	0.0000	0.0000	0.0000	0.0000	0.0000	0.0000	0.0000	0.0000	0.0000	0.0000	0.0000	0.0000	0.0000	0.0000	0.0000	0.0000	0.0000	0.0000	0.0000	0.0000	0.0000	0.0000	0.0000	0.0000	0.0000	0.0000
41	63	0.0895	19	2	0	1	1	0	0	1	0	0	1	1	2	0	0	0	0	0	0	Y	N	N	N	N	Y	N	N	N	N	N	N	N	N	N	N	N	N	0.0000	0.0000	0.0000	0.0000	0.0000	0.0000	0.0000	0.0000	0.0000	0.0000	0.0000	0.0000	0.0000	0.0000	0.0000	0.0000	0.0000	0.0000	0.0000	0.0000	0.0000	0.0000	0.0000	0.0000	0.0000	0.0000	0.0000			0.0000	0.0000	0.0000	0.0023	0.0000	3.0060	0.0000	0.0000	0.0000	0.0000	0.0000	0.0000	0.0000	0.0000	0.0000	0.0000	0.0000	0.0000	0.0000	0.0000	0.0000	0.0000	0.0000	0.0000	0.0000	0.0000	0.0000	0.0000	0.0000	0.0000	0.0000	0.0000	0.0000	0.0000	0.0000	0.0000	0.0000	0.0000	0.0000	0.0000	0.0000	0.0000
41	64	0.0867	18	2	0	1	1	1	0	1	0	0	0	1	1	0	0	0	0	0	0	Y	N	N	N	N	N	N	N	N	N	N	N	N	N	N	N	N	N	0.0000	0.0000	0.0000	0.0000	0.0000	0.0000	0.0000	0.0000	0.0000	0.0000	0.0000	0.0000	0.0000	0.0000	0.0000	0.0000	0.0000	0.0000	0.0000	0.0000	0.0000	0.0000	0.0000	0.0000	0.0000	0.0000	0.0000			0.0000	0.0000	0.0000	0.9990	0.0000	0.0212	0.0000	0.0000	0.0000	0.0000	0.0000	0.0000	0.0000	0.0000	0.0000	0.0000	0.0000	0.0000	0.0000	0.0000	0.0000	0.0000	0.0000	0.0000	0.0000	0.0000	0.0000	0.0000	0.0000	0.0000	0.0000	0.0000	0.0000	0.0000	0.0000	0.0000	0.0000	0.0000	0.0000	0.0000	0.0000	0.0000
41	69	0.0587	8	2	0	1	1	0	0	1	0	0	0	1	1	0	0	0	0	0	0	Y	N	N	N	N	N	N	N	N	N	N	N	N	N	N	N	N	N	0.0000	0.0000	0.0000	0.0000	0.0000	0.0000	0.0000	0.0000	0.0000	0.0000	0.0000	0.0000	0.0000	0.0000	0.0000	0.0000	0.0000	0.0000	0.0000	0.0000	0.0000	0.0000	0.0000	0.0000	0.0000	0.0000	0.0000			0.0000	0.0000	0.0000	1.0007	0.0000	1.2584	0.0000	0.0000	0.0000	0.0000	0.0000	0.0000	0.0000	0.0000	0.0000	0.0000	0.0000	0.0000	0.0000	0.0000	0.0000	0.0000	0.0000	0.0000	0.0000	0.0000	0.0000	0.0000	0.0000	0.0000	0.0000	0.0000	0.0000	0.0000	0.0000	0.0000	0.0000	0.0000	0.0000	0.0000	0.0000	0.0000
41	70	0.0446	7	2	0	1	1	1	0	1	0	0	0	1	1	0	0	0	0	0	0	Y	N	N	N	N	N	N	N	N	N	N	N	N	N	N	N	N	N	0.0000	0.0000	0.0000	0.0000	0.0000	0.0000	0.0000	0.0000	0.0000	0.0000	0.0000	0.0000	0.0000	0.0000	0.0000	0.0000	0.0000	0.0000	0.0000	0.0000	0.0000	0.0000	0.0000	0.0000	0.0000	0.0000	0.0000			0.0000	0.0000	0.0000	3.0007	0.0000	1.9606	0.0000	0.0000	0.0000	0.0000	0.0000	0.0000	0.0000	0.0000	0.0000	0.0000	0.0000	0.0000	0.0000	0.0000	0.0000	0.0000	0.0000	0.0000	0.0000	0.0000	0.0000	0.0000	0.0000	0.0000	0.0000	0.0000	0.0000	0.0000	0.0000	0.0000	0.0000	0.0000	0.0000	0.0000	0.0000	0.0000
41	71	0.1724	14	1	0	1	1	0	0	1	0	1	0	2	1	0	0	0	0	0	0	N	N	N	N	Y	N	N	N	N	N	N	N	N	N	N	N	N	N	0.0000	0.0000	0.0000	0.0000	0.0000	0.0000	0.0000	0.0000	0.0000	0.0000	0.0000	0.0000	0.0000	0.0000	0.0000	0.0000	0.0000	0.0000	0.0000	0.0000	0.0000	0.0000	0.0000	0.0000	0.0000	0.0000	0.0000			0.0000	0.0000	0.0000	6.1029	0.0000	20.9537	0.0000	0.0000	0.0000	0.0000	0.0000	0.0000	0.0000	0.0000	0.0000	0.0000	0.0000	0.0000	0.0000	0.0000	0.0000	0.0000	0.0000	0.0000	0.0000	0.0000	0.0000	0.0000	0.0000	0.0000	0.0000	0.0000	0.0000	0.0000	0.0000	0.0000	0.0000	0.0000	0.0000	0.0000	0.0000	0.0000
41	75	0.0555	7	2	0	1	1	0	0	1	0	0	0	2	2	0	0	0	0	0	0	Y	N	N	N	Y	Y	N	N	N	N	N	N	N	N	N	N	N	N	0.0000	0.0000	0.0000	0.0000	0.0000	0.0000	0.0000	0.0000	0.0000	0.0000	0.0000	0.0000	0.0000	0.0000	0.0000	0.0000	0.0000	0.0000	0.0000	0.0000	0.0000	0.0000	0.0000	0.0000	0.0000	0.0000	0.0000			0.0000	0.0000	0.0000	0.0000	0.0000	1.0000	0.0000	0.0000	0.0000	0.0000	0.0000	0.0000	0.0000	0.0000	0.0000	0.0000	0.0000	0.0000	0.0000	0.0000	0.0000	0.0000	0.0000	0.0000	0.0000	0.0000	0.0000	0.0000	0.0000	0.0000	0.0000	0.0000	0.0000	0.0000	0.0000	0.0000	0.0000	0.0000	0.0000	0.0000	0.0000	0.0000
41	76	0.0555	6	2	0	1	1	0	0	1	0	0	1	2	2	0	0	0	0	0	0	Y	N	N	N	Y	Y	N	N	N	N	N	N	N	N	N	N	N	N	0.0000	0.0000	0.0000	0.0000	0.0000	0.0000	0.0000	0.0000	0.0000	0.0000	0.0000	0.0000	0.0000	0.0000	0.0000	0.0000	0.0000	0.0000	0.0000	0.0000	0.0000	0.0000	0.0000	0.0000	0.0000	0.0000	0.0000			0.0000	0.0000	0.0000	0.0000	0.0000	0.0000	0.0000	0.0000	0.0000	0.0000	0.0000	0.0000	0.0000	0.0000	0.0000	0.0000	0.0000	0.0000	0.0000	0.0000	0.0000	0.0000	0.0000	0.0000	0.0000	0.0000	0.0000	0.0000	0.0000	0.0000	0.0000	0.0000	0.0000	0.0000	0.0000	0.0000	0.0000	0.0000	0.0000	0.0000	0.0000	0.0000
41	77	0.0337	5	2	0	1	1	0	0	1	0	1	0	2	1	0	0	0	0	0	0	Y	N	N	N	Y	N	N	N	N	N	N	N	N	N	N	N	N	N	0.0000	0.0000	0.0000	0.0000	0.0000	0.0000	0.0000	0.0000	0.0000	0.0000	0.0000	0.0000	0.0000	0.0000	0.0000	0.0000	0.0000	0.0000	0.0000	0.0000	0.0000	0.0000	0.0000	0.0000	0.0000	0.0000	0.0000			0.0000	0.0000	0.0000	0.0002	0.0000	3.7635	0.0000	0.0000	0.0000	0.0000	0.0000	0.0000	0.0000	0.0000	0.0000	0.0000	0.0000	0.0000	0.0000	0.0000	0.0000	0.0000	0.0000	0.0000	0.0000	0.0000	0.0000	0.0000	0.0000	0.0000	0.0000	0.0000	0.0000	0.0000	0.0000	0.0000	0.0000	0.0000	0.0000	0.0000	0.0000	0.0000
41	93	0.0867	15	2	0	1	1	0	0	1	0	0	0	1	1	0	0	0	0	0	0	Y	N	N	N	N	N	N	N	N	N	N	N	N	N	N	N	N	N	0.0000	0.0000	0.0000	0.0000	0.0000	0.0000	0.0000	0.0000	0.0000	0.0000	0.0000	0.0000	0.0000	0.0000	0.0000	0.0000	0.0000	0.0000	0.0000	0.0000	0.0000	0.0000	0.0000	0.0000	0.0000	0.0000	0.0000			0.0000	0.0000	0.0000	0.0001	0.0000	0.0783	0.0000	0.0000	0.0000	0.0000	0.0000	0.0000	0.0000	0.0000	0.0000	0.0000	0.0000	0.0000	0.0000	0.0000	0.0000	0.0000	0.0000	0.0000	0.0000	0.0000	0.0000	0.0000	0.0000	0.0000	0.0000	0.0000	0.0000	0.0000	0.0000	0.0000	0.0000	0.0000	0.0000	0.0000	0.0000	0.0000
41	94	0.0781	14	2	0	1	1	1	0	1	0	0	0	1	1	0	0	0	0	0	0	Y	N	N	N	N	N	N	N	N	N	N	N	N	N	N	N	N	N	0.0000	0.0000	0.0000	0.0000	0.0000	0.0000	0.0000	0.0000	0.0000	0.0000	0.0000	0.0000	0.0000	0.0000	0.0000	0.0000	0.0000	0.0000	0.0000	0.0000	0.0000	0.0000	0.0000	0.0000	0.0000	0.0000	0.0000			0.0000	0.0000	0.0000	0.0004	0.0000	2.9660	0.0000	0.0000	0.0000	0.0000	0.0000	0.0000	0.0000	0.0000	0.0000	0.0000	0.0000	0.0000	0.0000	0.0000	0.0000	0.0000	0.0000	0.0000	0.0000	0.0000	0.0000	0.0000	0.0000	0.0000	0.0000	0.0000	0.0000	0.0000	0.0000	0.0000	0.0000	0.0000	0.0000	0.0000	0.0000	0.0000
41	105	0.0804	11	1	0	1	1	0	0	1	0	0	1	1	2	0	0	0	0	0	0	N	N	N	N	N	Y	N	N	N	N	N	N	N	N	N	N	N	N	0.0000	0.0000	0.0000	0.0000	0.0000	0.0000	0.0000	0.0000	0.0000	0.0000	0.0000	0.0000	0.0000	0.0000	0.0000	0.0000	0.0000	0.0000	0.0000	0.0000	0.0000	0.0000	0.0000	0.0000	0.0000	0.0000	0.0000			0.0000	0.0000	0.0000	0.0000	0.0000	1.0001	0.0000	0.0000	0.0000	0.0000	0.0000	0.0000	0.0000	0.0000	0.0000	0.0000	0.0000	0.0000	0.0000	0.0000	0.0000	0.0000	0.0000	0.0000	0.0000	0.0000	0.0000	0.0000	0.0000	0.0000	0.0000	0.0000	0.0000	0.0000	0.0000	0.0000	0.0000	0.0000	0.0000	0.0000	0.0000	0.0000
41	106	0.0622	11	1	0	1	1	0	0	1	0	0	1	1	2	0	0	0	0	0	0	N	N	N	N	N	Y	N	N	N	N	N	N	N	N	N	N	N	N	0.0000	0.0000	0.0000	0.0000	0.0000	0.0000	0.0000	0.0000	0.0000	0.0000	0.0000	0.0000	0.0000	0.0000	0.0000	0.0000	0.0000	0.0000	0.0000	0.0000	0.0000	0.0000	0.0000	0.0000	0.0000	0.0000	0.0000			0.0000	0.0000	0.0000	0.0000	0.0000	0.0000	0.0000	0.0000	0.0000	0.0000	0.0000	0.0000	0.0000	0.0000	0.0000	0.0000	0.0000	0.0000	0.0000	0.0000	0.0000	0.0000	0.0000	0.0000	0.0000	0.0000	0.0000	0.0000	0.0000	0.0000	0.0000	0.0000	0.0000	0.0000	0.0000	0.0000	0.0000	0.0000	0.0000	0.0000	0.0000	0.0000
41	107	0.0708	15	1	0	1	1	0	0	1	0	0	1	1	2	0	0	0	0	0	0	N	N	N	N	N	Y	N	N	N	N	N	N	N	N	N	N	N	N	0.0000	0.0000	0.0000	0.0000	0.0000	0.0000	0.0000	0.0000	0.0000	0.0000	0.0000	0.0000	0.0000	0.0000	0.0000	0.0000	0.0000	0.0000	0.0000	0.0000	0.0000	0.0000	0.0000	0.0000	0.0000	0.0000	0.0000			0.0000	0.0000	0.0000	0.0000	0.0000	0.0000	0.0000	0.0000	0.0000	0.0000	0.0000	0.0000	0.0000	0.0000	0.0000	0.0000	0.0000	0.0000	0.0000	0.0000	0.0000	0.0000	0.0000	0.0000	0.0000	0.0000	0.0000	0.0000	0.0000	0.0000	0.0000	0.0000	0.0000	0.0000	0.0000	0.0000	0.0000	0.0000	0.0000	0.0000	0.0000	0.0000
42	46	0.0573	8	2	0	1	1	0	0	0	1	0	0	2	1	0	0	0	0	0	0	Y	N	N	N	Y	N	N	N	N	N	N	N	N	N	N	N	N	N	0.0000	0.0000	0.0000	0.0000	0.0000	0.0000	0.0000	0.0000	0.0000	0.0000	0.0000	0.0000	0.0000	0.0000	0.0000	0.0000	0.0000	0.0000	0.0000	0.0000	0.0000	0.0000	0.0000	0.0000	0.0000	0.0000	0.0000			0.0000	0.0000	0.0001	0.0000	0.0001	0.0000	0.0000	0.0000	0.0000	0.0000	0.0000	0.0000	0.0000	0.0000	0.0000	0.0000	0.0000	0.0000	0.0000	0.0000	0.0000	0.0000	0.0000	0.0000	0.0000	0.0000	0.0000	0.0000	0.0000	0.0000	0.0000	0.0000	0.0000	0.0000	0.0000	0.0000	0.0000	0.0000	0.0000	0.0000	0.0000	0.0000
42	52	0.0512	8	2	0	1	1	0	0	0	1	0	1	1	2	0	0	0	0	0	0	Y	N	N	N	N	Y	N	N	N	N	N	N	N	N	N	N	N	N	0.0000	0.0000	0.0000	0.0000	0.0000	0.0000	0.0000	0.0000	0.0000	0.0000	0.0000	0.0000	0.0000	0.0000	0.0000	0.0000	0.0000	0.0000	0.0000	0.0000	0.0000	0.0000	0.0000	0.0000	0.0000	0.0000	0.0000			0.0000	0.0000	0.0001	0.0000	0.0001	2.0000	0.0000	0.0000	0.0000	0.0000	0.0000	0.0000	0.0000	0.0000	0.0000	0.0000	0.0000	0.0000	0.0000	0.0000	0.0000	0.0000	0.0000	0.0000	0.0000	0.0000	0.0000	0.0000	0.0000	0.0000	0.0000	0.0000	0.0000	0.0000	0.0000	0.0000	0.0000	0.0000	0.0000	0.0000	0.0000	0.0000
42	53	0.0479	7	2	0	1	1	0	0	0	1	0	0	1	1	0	0	0	0	0	0	Y	N	N	N	N	N	N	N	N	N	N	N	N	N	N	N	N	N	0.0000	0.0000	0.0000	0.0000	0.0000	0.0000	0.0000	0.0000	0.0000	0.0000	0.0000	0.0000	0.0000	0.0000	0.0000	0.0000	0.0000	0.0000	0.0000	0.0000	0.0000	0.0000	0.0000	0.0000	0.0000	0.0000	0.0000			0.0000	0.0000	0.0001	0.9935	0.0001	0.0062	0.0000	0.0000	0.0000	0.0000	0.0000	0.0000	0.0000	0.0000	0.0000	0.0000	0.0000	0.0000	0.0000	0.0000	0.0000	0.0000	0.0000	0.0000	0.0000	0.0000	0.0000	0.0000	0.0000	0.0000	0.0000	0.0000	0.0000	0.0000	0.0000	0.0000	0.0000	0.0000	0.0000	0.0000	0.0000	0.0000
42	54	0.0379	6	2	0	1	1	0	0	0	1	0	0	1	1	0	0	0	0	0	0	Y	N	N	N	N	N	N	N	N	N	N	N	N	N	N	N	N	N	0.0000	0.0000	0.0000	0.0000	0.0000	0.0000	0.0000	0.0000	0.0000	0.0000	0.0000	0.0000	0.0000	0.0000	0.0000	0.0000	0.0000	0.0000	0.0000	0.0000	0.0000	0.0000	0.0000	0.0000	0.0000	0.0000	0.0000			0.0000	0.0000	0.0001	0.0065	0.0001	3.0034	0.0000	0.0000	0.0000	0.0000	0.0000	0.0000	0.0000	0.0000	0.0000	0.0000	0.0000	0.0000	0.0000	0.0000	0.0000	0.0000	0.0000	0.0000	0.0000	0.0000	0.0000	0.0000	0.0000	0.0000	0.0000	0.0000	0.0000	0.1015	0.0774	0.0241	0.0772	0.0538	0.0234	0.0243	0.0236	0.0007
42	55	0.0341	6	2	0	0	1	0	0	0	1	0	1	2	2	0	0	0	0	0	0	Y	N	N	N	Y	Y	N	N	N	N	N	N	N	N	N	N	N	N	0.0000	0.0000	0.0000	0.0000	0.0000	0.0000	0.0000	0.0000	0.0000	0.0000	0.0000	0.0000	0.0000	0.0000	0.0000	0.0000	0.0000	0.0000	0.0000	0.0000	0.0000	0.0000	0.0000	0.0000	0.0000	0.0000	0.0000			0.0000	0.0000	0.0001	0.0000	0.0001	1.0065	0.0000	0.0000	0.0000	0.0000	0.0000	0.0000	0.0000	0.0000	0.0000	0.0000	0.0000	0.0000	0.0000	0.0000	0.0000	0.0000	0.0000	0.0000	0.0000	0.0000	0.0000	0.0000	0.0000	0.0000	0.0000	0.0000	0.0000	0.0008	0.0007	0.0001	0.0004	0.0004	0.0000	0.0004	0.0003	0.0001
42	56	0.0313	5	2	0	0	1	0	0	0	1	0	0	2	1	0	0	0	0	0	0	Y	N	N	N	Y	N	N	N	N	N	N	N	N	N	N	N	N	N	0.0000	0.0000	0.0000	0.0000	0.0000	0.0000	0.0000	0.0000	0.0000	0.0000	0.0000	0.0000	0.0000	0.0000	0.0000	0.0000	0.0000	0.0000	0.0000	0.0000	0.0000	0.0000	0.0000	0.0000	0.0000	0.0000	0.0000			0.0000	0.0000	0.0001	0.0000	0.0001	1.0047	0.0000	0.0000	0.0000	0.0000	0.0000	0.0000	0.0000	0.0000	0.0000	0.0000	0.0000	0.0000	0.0000	0.0000	0.0000	0.0000	0.0000	0.0000	0.0000	0.0000	0.0000	0.0000	0.0000	0.0000	0.0000	0.0000	0.0000	0.0008	0.0007	0.0001	0.0004	0.0004	0.0000	0.0004	0.0003	0.0001
42	57	0.0313	4	2	0	0	1	0	0	0	1	1	0	2	1	0	0	0	0	0	0	Y	N	N	N	Y	N	N	N	N	N	N	N	N	N	N	N	N	N	0.0000	0.0000	0.0000	0.0000	0.0000	0.0000	0.0000	0.0000	0.0000	0.0000	0.0000	0.0000	0.0000	0.0000	0.0000	0.0000	0.0000	0.0000	0.0000	0.0000	0.0000	0.0000	0.0000	0.0000	0.0000	0.0000	0.0000			0.0000	0.0000	0.0001	0.0000	0.0001	0.0000	0.0000	0.0000	0.0000	0.0000	0.0000	0.0000	0.0000	0.0000	0.0000	0.0000	0.0000	0.0000	0.0000	0.0000	0.0000	0.0000	0.0000	0.0000	0.0000	0.0000	0.0000	0.0000	0.0000	0.0000	0.0000	0.0000	0.0000	0.0000	0.0000	0.0000	0.0000	0.0000	0.0000	0.0000	0.0000	0.0000
42	58	0.0379	6	2	0	1	1	0	0	0	1	0	0	1	1	0	0	0	0	0	0	Y	N	N	N	N	N	N	N	N	N	N	N	N	N	N	N	N	N	0.0000	0.0000	0.0000	0.0000	0.0000	0.0000	0.0000	0.0000	0.0000	0.0000	0.0000	0.0000	0.0000	0.0000	0.0000	0.0000	0.0000	0.0000	0.0000	0.0000	0.0000	0.0000	0.0000	0.0000	0.0000	0.0000	0.0000			0.0000	0.0000	0.0001	0.0000	0.0001	1.0108	0.0000	0.0000	0.0000	0.0000	0.0000	0.0000	0.0000	0.0000	0.0000	0.0000	0.0000	0.0000	0.0000	0.0000	0.0000	0.0000	0.0000	0.0000	0.0000	0.0000	0.0000	0.0000	0.0000	0.0000	0.0000	0.0000	0.0000	0.1008	0.0768	0.0240	0.0768	0.0533	0.0235	0.0240	0.0235	0.0005
42	59	0.0313	5	2	0	1	1	0	0	0	1	0	0	1	1	0	0	0	0	0	0	Y	N	N	N	N	N	N	N	N	N	N	N	N	N	N	N	N	N	0.0000	0.0000	0.0000	0.0000	0.0000	0.0000	0.0000	0.0000	0.0000	0.0000	0.0000	0.0000	0.0000	0.0000	0.0000	0.0000	0.0000	0.0000	0.0000	0.0000	0.0000	0.0000	0.0000	0.0000	0.0000	0.0000	0.0000		0.0000	0.0000	-0.0000	0.0001	0.0001	0.0001	2.3402	0.0000	0.0000	0.0000	0.0000	0.0000	0.0000	0.0000	0.0000	0.0000	0.0000	0.0000	0.0000	0.0000	0.0000	0.0000	0.0000	0.0000	0.0000	0.0000	0.0000	0.0000	0.0000	0.0000	0.0000	0.0000	0.0000	0.0000	0.0018	0.0016	0.0002	0.0009	0.0009	0.0000	0.0008	0.0007	0.0002
42	60	0.0313	4	2	0	1	1	0	0	1	1	0	0	1	1	0	0	0	0	0	0	Y	N	N	N	N	N	N	N	N	N	N	N	N	N	N	N	N	N	0.0000	0.0000	0.0000	0.0000	0.0000	0.0000	0.0000	0.0000	0.0000	0.0000	0.0000	0.0000	0.0000	0.0000	0.0000	0.0000	0.0000	0.0000	0.0000	0.0000	0.0000	0.0000	0.0000	0.0000	0.0000	0.0000	0.0000			0.0000	0.0000	0.0001	0.0000	0.0001	0.0002	0.0000	0.0000	0.0000	0.0000	0.0000	0.0000	0.0000	0.0000	0.0000	0.0000	0.0000	0.0000	0.0000	0.0000	0.0000	0.0000	0.0000	0.0000	0.0000	0.0000	0.0000	0.0000	0.0000	0.0000	0.0000	0.0000	0.0000	0.0000	0.0000	0.0000	0.0000	0.0000	0.0000	0.0000	0.0000	0.0000
42	61	0.0283	3	2	0	0	1	0	0	0	1	0	0	1	1	0	0	0	0	0	0	Y	N	N	N	N	N	N	N	N	N	N	N	N	N	N	N	N	N	0.0000	0.0000	0.0000	0.0000	0.0000	0.0000	0.0000	0.0000	0.0000	0.0000	0.0000	0.0000	0.0000	0.0000	0.0000	0.0000	0.0000	0.0000	0.0000	0.0000	0.0000	0.0000	0.0000	0.0000	0.0000	0.0000	0.0000			0.0000	0.0000	0.0001	0.0000	0.0001	1.0227	0.0000	0.0000	0.0000	0.0000	0.0000	0.0000	0.0000	0.0000	0.0000	0.0000	0.0000	0.0000	0.0000	0.0000	0.0000	0.0000	0.0000	0.0000	0.0000	0.0000	0.0000	0.0000	0.0000	0.0000	0.0000	0.0000	0.0000	0.0008	0.0007	0.0001	0.0004	0.0004	0.0000	0.0004	0.0003	0.0001
42	63	0.0895	18	2	0	0	1	0	0	0	1	0	1	1	2	0	0	0	0	0	0	Y	N	N	N	N	Y	N	N	N	N	N	N	N	N	N	N	N	N	0.0000	0.0000	0.0000	0.0000	0.0000	0.0000	0.0000	0.0000	0.0000	0.0000	0.0000	0.0000	0.0000	0.0000	0.0000	0.0000	0.0000	0.0000	0.0000	0.0000	0.0000	0.0000	0.0000	0.0000	0.0000	0.0000	0.0000			0.0000	0.0000	0.0001	0.0023	0.0001	3.0060	0.0000	0.0000	0.0000	0.0000	0.0000	0.0000	0.0000	0.0000	0.0000	0.0000	0.0000	0.0000	0.0000	0.0000	0.0000	0.0000	0.0000	0.0000	0.0000	0.0000	0.0000	0.0000	0.0000	0.0000	0.0000	0.0000	0.0000	0.0023	0.0020	0.0003	0.0012	0.0012	0.0000	0.0011	0.0008	0.0002
42	64	0.0867	17	2	0	0	1	1	0	0	1	0	0	1	1	0	0	0	0	0	0	Y	N	N	N	N	N	N	N	N	N	N	N	N	N	N	N	N	N	0.0000	0.0000	0.0000	0.0000	0.0000	0.0000	0.0000	0.0000	0.0000	0.0000	0.0000	0.0000	0.0000	0.0000	0.0000	0.0000	0.0000	0.0000	0.0000	0.0000	0.0000	0.0000	0.0000	0.0000	0.0000	0.0000	0.0000			0.0000	0.0000	0.0001	0.9990	0.0001	0.0212	0.0000	0.0000	0.0000	0.0000	0.0000	0.0000	0.0000	0.0000	0.0000	0.0000	0.0000	0.0000	0.0000	0.0000	0.0000	0.0000	0.0000	0.0000	0.0000	0.0000	0.0000	0.0000	0.0000	0.0000	0.0000	0.0000	0.0000	0.0008	0.0007	0.0001	0.0004	0.0004	0.0000	0.0004	0.0003	0.0001
42	68	0.0555	5	2	0	1	1	0	0	1	1	0	0	2	1	0	0	0	0	0	0	Y	N	N	N	Y	N	N	N	N	N	N	N	N	N	N	N	N	N	0.0000	0.0000	0.0000	0.0000	0.0000	0.0000	0.0000	0.0000	0.0000	0.0000	0.0000	0.0000	0.0000	0.0000	0.0000	0.0000	0.0000	0.0000	0.0000	0.0000	0.0000	0.0000	0.0000	0.0000	0.0000	0.0000	0.0000			0.0000	0.0000	0.0001	0.0002	0.0001	1.2554	0.0000	0.0000	0.0000	0.0000	0.0000	0.0000	0.0000	0.0000	0.0000	0.0000	0.0000	0.0000	0.0000	0.0000	0.0000	0.0000	0.0000	0.0000	0.0000	0.0000	0.0000	0.0000	0.0000	0.0000	0.0000	0.0000	0.0000	0.0000	0.0000	0.0000	0.0000	0.0000	0.0000	0.0000	0.0000	0.0000
42	69	0.0587	7	2	0	0	1	0	0	0	1	0	0	1	1	0	0	0	0	0	0	Y	N	N	N	N	N	N	N	N	N	N	N	N	N	N	N	N	N	0.0000	0.0000	0.0000	0.0000	0.0000	0.0000	0.0000	0.0000	0.0000	0.0000	0.0000	0.0000	0.0000	0.0000	0.0000	0.0000	0.0000	0.0000	0.0000	0.0000	0.0000	0.0000	0.0000	0.0000	0.0000	0.0000	0.0000			0.0000	0.0000	0.0001	1.0007	0.0001	1.2584	0.0000	0.0000	0.0000	0.0000	0.0000	0.0000	0.0000	0.0000	0.0000	0.0000	0.0000	0.0000	0.0000	0.0000	0.0000	0.0000	0.0000	0.0000	0.0000	0.0000	0.0000	0.0000	0.0000	0.0000	0.0000	0.0000	0.0000	0.0017	0.0015	0.0002	0.0009	0.0009	0.0000	0.0008	0.0006	0.0002
42	70	0.0446	6	2	0	0	1	1	0	0	1	0	0	1	1	0	0	0	0	0	0	Y	N	N	N	N	N	N	N	N	N	N	N	N	N	N	N	N	N	0.0000	0.0000	0.0000	0.0000	0.0000	0.0000	0.0000	0.0000	0.0000	0.0000	0.0000	0.0000	0.0000	0.0000	0.0000	0.0000	0.0000	0.0000	0.0000	0.0000	0.0000	0.0000	0.0000	0.0000	0.0000	0.0000	0.0000			0.0000	0.0000	0.0001	3.0007	0.0001	1.9606	0.0000	0.0000	0.0000	0.0000	0.0000	0.0000	0.0000	0.0000	0.0000	0.0000	0.0000	0.0000	0.0000	0.0000	0.0000	0.0000	0.0000	0.0000	0.0000	0.0000	0.0000	0.0000	0.0000	0.0000	0.0000	0.0000	0.0000	0.0037	0.0033	0.0004	0.0019	0.0019	0.0001	0.0018	0.0014	0.0004
42	71	0.1724	13	1	0	0	1	0	0	0	1	1	0	2	1	0	0	0	0	0	0	N	N	N	N	Y	N	N	N	N	N	N	N	N	N	N	N	N	N	inf	inf	0.0000	inf	inf	0.0000	0.0000	0.0000	0.0000	0.0053	0.0062	0.0000	0.0220	0.0222	0.0000	0.0000	0.0000	0.0000	0.0000	0.0000	0.0000	0.0000	0.0000	0.0000	0.0000	0.0000	0.0000	0.0000		-0.0000	0.0000	0.0001	6.1029	0.0001	20.9537	0.0000	0.0000	0.0000	0.0000	0.0000	0.0000	0.0000	0.0000	0.0000	0.0000	0.0000	0.0000	0.0000	0.0000	0.0000	0.0000	0.0000	0.0000	0.0000	0.0000	0.0000	0.0000	0.0000	0.0000	0.0000	0.0000	0.0000	0.0000	0.0000	0.0000	0.0000	0.0000	0.0000	0.0000	0.0000	0.0000
42	73	0.0555	6	2	0	1	1	0	0	1	1	0	0	2	2	0	0	0	0	0	0	Y	N	N	N	Y	Y	N	N	N	N	N	N	N	N	N	N	N	N	0.0000	0.0000	0.0000	0.0000	0.0000	0.0000	0.0000	0.0000	0.0000	0.0000	0.0000	0.0000	0.0000	0.0000	0.0000	0.0000	0.0000	0.0000	0.0000	0.0000	0.0000	0.0000	0.0000	0.0000	0.0000	0.0000	0.0000			0.0000	0.0000	0.0001	0.0000	0.0001	0.0000	0.0000	0.0000	0.0000	0.0000	0.0000	0.0000	0.0000	0.0000	0.0000	0.0000	0.0000	0.0000	0.0000	0.0000	0.0000	0.0000	0.0000	0.0000	0.0000	0.0000	0.0000	0.0000	0.0000	0.0000	0.0000	0.0000	0.0000	0.0000	0.0000	0.0000	0.0000	0.0000	0.0000	0.0000	0.0000	0.0000
42	74	0.0561	8	2	0	1	1	1	0	1	1	0	0	1	1	0	0	0	0	0	0	Y	N	N	N	N	N	N	N	N	N	N	N	N	N	N	N	N	N	0.0000	0.0000	0.0000	0.0000	0.0000	0.0000	0.0000	0.0000	0.0000	0.0000	0.0000	0.0000	0.0000	0.0000	0.0000	0.0000	0.0000	0.0000	0.0000	0.0000	0.0000	0.0000	0.0000	0.0000	0.0000	0.0000	0.0000			0.0000	0.0000	0.0001	2.9595	0.0001	5.1315	0.0000	0.0000	0.0000	0.0000	0.0000	0.0000	0.0000	0.0000	0.0000	0.0000	0.0000	0.0000	0.0000	0.0000	0.0000	0.0000	0.0000	0.0000	0.0000	0.0000	0.0000	0.0000	0.0000	0.0000	0.0000	0.0000	0.0000	0.0060	0.0053	0.0007	0.0031	0.0031	0.0001	0.0028	0.0022	0.0006
42	75	0.0555	6	2	0	0	1	0	0	0	1	0	0	2	2	0	0	0	0	0	0	Y	N	N	N	Y	Y	N	N	N	N	N	N	N	N	N	N	N	N	0.0000	0.0000	0.0000	0.0000	0.0000	0.0000	0.0000	0.0000	0.0000	0.0000	0.0000	0.0000	0.0000	0.0000	0.0000	0.0000	0.0000	0.0000	0.0000	0.0000	0.0000	0.0000	0.0000	0.0000	0.0000	0.0000	0.0000			0.0000	0.0000	0.0001	0.0000	0.0001	1.0000	0.0000	0.0000	0.0000	0.0000	0.0000	0.0000	0.0000	0.0000	0.0000	0.0000	0.0000	0.0000	0.0000	0.0000	0.0000	0.0000	0.0000	0.0000	0.0000	0.0000	0.0000	0.0000	0.0000	0.0000	0.0000	0.0000	0.0000	0.0000	0.0000	0.0000	0.0000	0.0000	0.0000	0.0000	0.0000	0.0000
42	76	0.0555	5	2	0	0	1	0	0	0	1	0	1	2	2	0	0	0	0	0	0	Y	N	N	N	Y	Y	N	N	N	N	N	N	N	N	N	N	N	N	0.0000	0.0000	0.0000	0.0000	0.0000	0.0000	0.0000	0.0000	0.0000	0.0000	0.0000	0.0000	0.0000	0.0000	0.0000	0.0000	0.0000	0.0000	0.0000	0.0000	0.0000	0.0000	0.0000	0.0000	0.0000	0.0000	0.0000			0.0000	0.0000	0.0001	0.0000	0.0001	0.0000	0.0000	0.0000	0.0000	0.0000	0.0000	0.0000	0.0000	0.0000	0.0000	0.0000	0.0000	0.0000	0.0000	0.0000	0.0000	0.0000	0.0000	0.0000	0.0000	0.0000	0.0000	0.0000	0.0000	0.0000	0.0000	0.0000	0.0000	0.0000	0.0000	0.0000	0.0000	0.0000	0.0000	0.0000	0.0000	0.0000
42	77	0.0337	4	2	0	0	1	0	0	0	1	1	0	2	1	0	0	0	0	0	0	Y	N	N	N	Y	N	N	N	N	N	N	N	N	N	N	N	N	N	0.0000	0.0000	0.0000	0.0000	0.0000	0.0000	0.0000	0.0000	0.0000	0.0000	0.0000	0.0000	0.0000	0.0000	0.0000	0.0000	0.0000	0.0000	0.0000	0.0000	0.0000	0.0000	0.0000	0.0000	0.0000	0.0000	0.0000			0.0000	0.0000	0.0001	0.0002	0.0001	3.7635	0.0000	0.0000	0.0000	0.0000	0.0000	0.0000	0.0000	0.0000	0.0000	0.0000	0.0000	0.0000	0.0000	0.0000	0.0000	0.0000	0.0000	0.0000	0.0000	0.0000	0.0000	0.0000	0.0000	0.0000	0.0000	0.0000	0.0000	0.0028	0.0025	0.0003	0.0015	0.0014	0.0000	0.0013	0.0011	0.0003
42	79	0.0817	12	2	0	1	1	0	0	0	1	0	0	1	1	0	0	0	0	0	0	Y	N	N	N	N	N	N	N	N	N	N	N	N	N	N	N	N	N	0.0000	0.0000	0.0000	0.0000	0.0000	0.0000	0.0000	0.0000	0.0000	0.0000	0.0000	0.0000	0.0000	0.0000	0.0000	0.0000	0.0000	0.0000	0.0000	0.0000	0.0000	0.0000	0.0000	0.0000	0.0000	0.0000	0.0000			0.0000	0.0000	0.0001	1.0047	0.0001	3.0004	0.0000	0.0000	0.0000	0.0000	0.0000	0.0000	0.0000	0.0000	0.0000	0.0000	0.0000	0.0000	0.0000	0.0000	0.0000	0.0000	0.0000	0.0000	0.0000	0.0000	0.0000	0.0000	0.0000	0.0000	0.0000	0.0000	0.0000	0.0000	0.0000	0.0000	0.0000	0.0000	0.0000	0.0000	0.0000	0.0000
42	80	0.0710	11	2	0	1	1	0	0	0	1	0	0	1	1	0	0	0	0	0	0	Y	N	N	N	N	N	N	N	N	N	N	N	N	N	N	N	N	N	0.0000	0.0000	0.0000	0.0000	0.0000	0.0000	0.0000	0.0000	0.0000	0.0000	0.0000	0.0000	0.0000	0.0000	0.0000	0.0000	0.0000	0.0000	0.0000	0.0000	0.0000	0.0000	0.0000	0.0000	0.0000	0.0000	0.0000			0.0000	0.0000	0.0001	1.0096	0.0001	2.0672	0.0000	0.0000	0.0000	0.0000	0.0000	0.0000	0.0000	0.0000	0.0000	0.0000	0.0000	0.0000	0.0000	0.0000	0.0000	0.0000	0.0000	0.0000	0.0000	0.0000	0.0000	0.0000	0.0000	0.0000	0.0000	0.0000	0.0000	0.0024	0.0021	0.0003	0.0013	0.0012	0.0001	0.0011	0.0009	0.0002
42	81	0.0639	10	2	0	1	1	1	0	1	1	0	0	1	1	0	0	0	0	0	0	Y	N	N	N	N	N	N	N	N	N	N	N	N	N	N	N	N	N	0.0000	0.0000	0.0000	0.0000	0.0000	0.0000	0.0000	0.0000	0.0000	0.0000	0.0000	0.0000	0.0000	0.0000	0.0000	0.0000	0.0000	0.0000	0.0000	0.0000	0.0000	0.0000	0.0000	0.0000	0.0000	0.0000	0.0000			0.0000	0.0000	0.0001	0.9933	0.0001	1.5154	0.0000	0.0000	0.0000	0.0000	0.0000	0.0000	0.0000	0.0000	0.0000	0.0000	0.0000	0.0000	0.0000	0.0000	0.0000	0.0000	0.0000	0.0000	0.0000	0.0000	0.0000	0.0000	0.0000	0.0000	0.0000	0.0000	0.0000	0.0019	0.0017	0.0002	0.0010	0.0010	0.0000	0.0009	0.0007	0.0002
42	82	0.0867	14	2	0	1	1	0	0	1	1	0	0	1	1	0	0	0	0	0	0	Y	N	N	N	N	N	N	N	N	N	N	N	N	N	N	N	N	N	0.0000	0.0000	0.0000	0.0000	0.0000	0.0000	0.0000	0.0000	0.0000	0.0000	0.0000	0.0000	0.0000	0.0000	0.0000	0.0000	0.0000	0.0000	0.0000	0.0000	0.0000	0.0000	0.0000	0.0000	0.0000	0.0000	0.0000		0.0000	0.0000	-0.0000	0.0001	4.0000	0.0001	3.0004	0.0000	0.0000	0.0000	0.0000	0.0000	0.0000	0.0000	0.0000	0.0000	0.0000	0.0000	0.0000	0.0000	0.0000	0.0000	0.0000	0.0000	0.0000	0.0000	0.0000	0.0000	0.0000	0.0000	0.0000	0.0000	0.0000	0.0000	0.0052	0.0046	0.0006	0.0027	0.0027	0.0001	0.0025	0.0019	0.0005
42	84	0.0472	7	2	0	1	1	1	0	1	1	0	0	1	1	0	0	0	0	0	0	Y	N	N	N	N	N	N	N	N	N	N	N	N	N	N	N	N	N	0.0000	0.0000	0.0000	0.0000	0.0000	0.0000	0.0000	0.0000	0.0000	0.0000	0.0000	0.0000	0.0000	0.0000	0.0000	0.0000	0.0000	0.0000	0.0000	0.0000	0.0000	0.0000	0.0000	0.0000	0.0000	0.0000	0.0000			0.0000	0.0000	0.0001	2.0009	0.0001	6.0608	0.0000	0.0000	0.0000	0.0000	0.0000	0.0000	0.0000	0.0000	0.0000	0.0000	0.0000	0.0000	0.0000	0.0000	0.0000	0.0000	0.0000	0.0000	0.0000	0.0000	0.0000	0.0000	0.0000	0.0000	0.0000	0.0000	0.0000	0.0060	0.0053	0.0007	0.0031	0.0030	0.0001	0.0028	0.0022	0.0006
42	85	0.0951	16	2	0	1	1	0	0	0	1	0	0	1	1	0	0	0	0	0	0	Y	N	N	N	N	N	N	N	N	N	N	N	N	N	N	N	N	N	0.0000	0.0000	0.0000	0.0000	0.0000	0.0000	0.0000	0.0000	0.0000	0.0000	0.0000	0.0000	0.0000	0.0000	0.0000	0.0000	0.0000	0.0000	0.0003	0.0005	0.0000	0.0010	0.0010	0.0000	0.0000	0.0000	0.0000		0.0000	0.0000	-0.0000	0.0001	2.0003	0.0001	2.0390	0.0000	0.0000	0.0000	0.0000	0.0000	0.0000	0.0000	0.0000	0.0000	0.0000	0.0000	0.0000	0.0000	0.0000	0.0000	0.0000	0.0000	0.0000	0.0000	0.0000	0.0000	0.0000	0.0000	0.0000	0.0000	0.0000	0.0000	0.0000	0.0000	0.0000	0.0000	0.0000	0.0000	0.0000	0.0000	0.0000
42	86	0.0878	15	2	0	1	1	1	0	1	1	0	0	1	1	0	0	0	0	0	0	Y	N	N	N	N	N	N	N	N	N	N	N	N	N	N	N	N	N	0.0000	0.0000	0.0000	0.0000	0.0000	0.0000	0.0000	0.0000	0.0000	0.0000	0.0000	0.0000	0.0000	0.0000	0.0000	0.0000	0.0000	0.0000	0.0000	0.0000	0.0000	0.0000	0.0000	0.0000	0.0000	0.0000	0.0000		0.0000	0.0000	-0.0000	0.0001	1.0005	0.0001	0.9990	0.0000	0.0000	0.0000	0.0000	0.0000	0.0000	0.0000	0.0000	0.0000	0.0000	0.0000	0.0000	0.0000	0.0000	0.0000	0.0000	0.0000	0.0000	0.0000	0.0000	0.0000	0.0000	0.0000	0.0000	0.0000	0.0000	0.0000	0.0015	0.0013	0.0002	0.0008	0.0008	0.0000	0.0007	0.0006	0.0001
42	89	0.1196	12	2	0	1	1	0	0	0	1	0	0	1	1	0	0	0	0	0	0	Y	N	N	N	N	N	N	N	N	N	N	N	N	N	N	N	N	N	0.0000	0.0000	0.0000	0.0000	0.0000	0.0000	0.0000	0.0000	0.0000	0.0000	0.0000	0.0000	0.0000	0.0000	0.0000	0.0000	0.0000	0.0000	0.0000	0.0000	0.0000	0.0000	0.0000	0.0000	0.0000	0.0000	0.0000			0.0000	0.0000	0.0001	0.0001	0.0001	3.9037	0.0000	0.0000	0.0000	0.0000	0.0000	0.0000	0.0000	0.0000	0.0000	0.0000	0.0000	0.0000	0.0000	0.0000	0.0000	0.0000	0.0000	0.0000	0.0000	0.0000	0.0000	0.0000	0.0000	0.0000	0.0000	0.0000	0.0000	0.0030	0.0027	0.0004	0.0016	0.0015	0.0001	0.0014	0.0011	0.0003
42	90	0.0930	11	2	0	1	1	0	0	0	1	0	0	1	1	0	0	0	0	0	0	Y	N	N	N	N	N	N	N	N	N	N	N	N	N	N	N	N	N	0.0000	0.0000	0.0000	0.0000	0.0000	0.0000	0.0000	0.0000	0.0000	0.0000	0.0000	0.0000	0.0000	0.0000	0.0000	0.0000	0.0000	0.0000	0.0000	0.0000	0.0000	0.0000	0.0000	0.0000	0.0000	0.0000	0.0000			0.0000	0.0000	0.0001	1.0001	0.0001	8.1987	0.0000	0.0000	0.0000	0.0000	0.0000	0.0000	0.0000	0.0000	0.0000	0.0000	0.0000	0.0000	0.0000	0.0000	0.0000	0.0000	0.0000	0.0000	0.0000	0.0000	0.0000	0.0000	0.0000	0.0000	0.0000	0.0000	0.0000	0.0070	0.0062	0.0008	0.0037	0.0036	0.0001	0.0033	0.0026	0.0007
42	91	0.1012	16	2	0	1	1	0	0	0	1	0	0	1	1	0	0	0	0	0	0	Y	N	N	N	N	N	N	N	N	N	N	N	N	N	N	N	N	N	0.0000	0.0000	0.0000	0.0000	0.0000	0.0000	0.0000	0.0000	0.0000	0.0000	0.0000	0.0000	0.0000	0.0000	0.0000	0.0000	0.0000	0.0000	0.0000	0.0000	0.0000	0.0000	0.0000	0.0000	0.0000	0.0000	0.0000			0.0000	0.0000	0.0001	1.0071	0.0001	9.1029	0.0000	0.0000	0.0000	0.0000	0.0000	0.0000	0.0000	0.0000	0.0000	0.0000	0.0000	0.0000	0.0000	0.0000	0.0000	0.0000	0.0000	0.0000	0.0000	0.0000	0.0000	0.0000	0.0000	0.0000	0.0000	0.0000	0.0000	0.0095	0.0081	0.0014	0.0055	0.0049	0.0006	0.0040	0.0033	0.0008
42	92	0.0867	15	2	0	1	1	0	0	1	1	0	0	1	1	0	0	0	0	0	0	Y	N	N	N	N	N	N	N	N	N	N	N	N	N	N	N	N	N	0.0000	0.0000	0.0000	0.0000	0.0000	0.0000	0.0000	0.0000	0.0000	0.0000	0.0000	0.0000	0.0000	0.0000	0.0000	0.0000	0.0000	0.0000	0.0000	0.0000	0.0000	0.0000	0.0000	0.0000	0.0000	0.0000	0.0000		0.0000	0.0000	-0.0000	0.0001	0.9988	0.0001	4.0321	0.0000	0.0000	0.0000	0.0000	0.0000	0.0000	0.0000	0.0000	0.0000	0.0000	0.0000	0.0000	0.0000	0.0000	0.0000	0.0000	0.0000	0.0000	0.0000	0.0000	0.0000	0.0000	0.0000	0.0000	0.0000	0.0000	0.0000	0.0038	0.0033	0.0004	0.0020	0.0019	0.0001	0.0018	0.0014	0.0004
42	93	0.0867	14	2	0	0	1	0	0	0	1	0	0	1	1	0	0	0	0	0	0	Y	N	N	N	N	N	N	N	N	N	N	N	N	N	N	N	N	N	0.0000	0.0000	0.0000	0.0000	0.0000	0.0000	0.0000	0.0000	0.0000	0.0000	0.0000	0.0000	0.0000	0.0000	0.0000	0.0000	0.0000	0.0000	0.0003	0.0004	0.0000	0.0003	0.0003	0.0000	0.0004	0.0005	0.0000		0.0000	0.0000	-0.0000	0.0001	0.0001	0.0001	0.0783	0.0000	0.0000	0.0000	0.0000	0.0000	0.0000	0.0000	0.0000	0.0000	0.0000	0.0000	0.0000	0.0000	0.0000	0.0000	0.0000	0.0000	0.0000	0.0000	0.0000	0.0000	0.0000	0.0000	0.0000	0.0000	0.0000	0.0000	0.0001	0.0001	0.0000	0.0000	0.0000	0.0000	0.0000	0.0000	0.0000
42	94	0.0781	13	2	0	0	1	1	0	0	1	0	0	1	1	0	0	0	0	0	0	Y	N	N	N	N	N	N	N	N	N	N	N	N	N	N	N	N	N	0.0000	0.0000	0.0000	0.0000	0.0000	0.0000	0.0000	0.0000	0.0000	0.0000	0.0000	0.0000	0.0000	0.0000	0.0000	0.0000	0.0000	0.0000	0.0539	0.0608	0.0000	0.0000	0.0000	0.0000	0.1136	0.1436	0.0000		0.0000	0.0000	-0.0001	0.0001	0.0004	0.0001	2.9660	0.0000	0.0000	0.0000	0.0000	0.0000	0.0000	0.0000	0.0000	0.0000	0.0001	0.0001	0.0000	0.0000	0.0000	0.0000	0.0001	0.0001	0.0000	0.0000	0.0000	0.0000	0.0000	0.0000	0.0000	0.0000	0.0000	0.0000	0.0022	0.0020	0.0003	0.0012	0.0011	0.0000	0.0011	0.0008	0.0002
42	100	0.0679	12	1	0	1	1	0	0	0	1	0	0	2	1	0	0	0	0	0	0	N	N	N	N	Y	N	N	N	N	N	N	N	N	N	N	N	N	N	0.0000	0.0000	0.0000	0.0000	0.0000	0.0000	0.0000	0.0000	0.0000	0.0000	0.0000	0.0000	0.0000	0.0000	0.0000	0.0000	0.0000	0.0000	0.0000	0.0000	0.0000	0.0000	0.0000	0.0000	0.0000	0.0000	0.0000			0.0000	0.0000	0.0001	0.0000	0.0001	0.0000	0.0000	0.0000	0.0000	0.0000	0.0000	0.0000	0.0000	0.0000	0.0000	0.0000	0.0000	0.0000	0.0000	0.0000	0.0000	0.0000	0.0000	0.0000	0.0000	0.0000	0.0000	0.0000	0.0000	0.0000	0.0000	0.0000	0.0000	0.0000	0.0000	0.0000	0.0000	0.0000	0.0000	0.0000	0.0000	0.0000
42	101	0.0623	11	1	0	1	1	0	0	0	1	0	0	2	1	0	0	0	0	0	0	N	N	N	N	Y	N	N	N	N	N	N	N	N	N	N	N	N	N	0.0000	0.0000	0.0000	0.0000	0.0000	0.0000	0.0000	0.0000	0.0000	0.0000	0.0000	0.0000	0.0000	0.0000	0.0000	0.0000	0.0000	0.0000	0.0000	0.0000	0.0000	0.0000	0.0000	0.0000	0.0000	0.0000	0.0000			0.0000	0.0000	0.0001	1.0000	0.0001	0.0000	0.0000	0.0000	0.0000	0.0000	0.0000	0.0000	0.0000	0.0000	0.0000	0.0000	0.0000	0.0000	0.0000	0.0000	0.0000	0.0000	0.0000	0.0000	0.0000	0.0000	0.0000	0.0000	0.0000	0.0000	0.0000	0.0000	0.0000	0.0008	0.0007	0.0001	0.0004	0.0004	0.0000	0.0004	0.0003	0.0001
42	102	0.0622	10	1	0	1	1	0	0	0	1	0	0	2	1	0	0	0	0	0	0	N	N	N	N	Y	N	N	N	N	N	N	N	N	N	N	N	N	N	0.0000	0.0000	0.0000	0.0000	0.0000	0.0000	0.0000	0.0000	0.0000	0.0000	0.0000	0.0000	0.0000	0.0000	0.0000	0.0000	0.0000	0.0000	0.1581	0.1785	0.0000	0.0000	0.0000	0.0000	0.3334	0.4216	0.0000		0.0000	0.0000	-0.0000	0.0001	0.0000	0.0001	0.0005	0.0000	0.0000	0.0000	0.0000	0.0000	0.0000	0.0000	0.0000	0.0000	0.0000	0.0000	0.0000	0.0000	0.0000	0.0000	0.0000	0.0000	0.0000	0.0000	0.0000	0.0000	0.0000	0.0000	0.0000	0.0000	0.0000	0.0000	0.0000	0.0000	0.0000	0.0000	0.0000	0.0000	0.0000	0.0000	0.0000
42	104	0.0803	9	2	0	1	1	1	0	1	1	0	0	1	1	0	0	0	0	0	0	Y	N	N	N	N	N	N	N	N	N	N	N	N	N	N	N	N	N	0.0000	0.0000	0.0000	0.0000	0.0000	0.0000	0.0000	0.0000	0.0000	0.0000	0.0000	0.0000	0.0000	0.0000	0.0000	0.0000	0.0000	0.0000	0.0000	0.0000	0.0000	0.0000	0.0000	0.0000	0.0000	0.0000	0.0000			0.0000	0.0000	0.0001	1.0000	0.0001	1.0715	0.0000	0.0000	0.0000	0.0000	0.0000	0.0000	0.0000	0.0000	0.0000	0.0000	0.0000	0.0000	0.0000	0.0000	0.0000	0.0000	0.0000	0.0000	0.0000	0.0000	0.0000	0.0000	0.0000	0.0000	0.0000	0.0000	0.0000	0.0016	0.0014	0.0002	0.0008	0.0008	0.0000	0.0008	0.0006	0.0002
42	105	0.0804	10	1	0	0	1	0	0	0	1	0	1	1	2	0	0	0	0	0	0	N	N	N	N	N	Y	N	N	N	N	N	N	N	N	N	N	N	N	0.0000	0.0000	0.0000	0.0000	0.0000	0.0000	0.0000	0.0000	0.0000	0.0000	0.0000	0.0000	0.0000	0.0000	0.0000	0.0000	0.0000	0.0000	0.0000	0.0000	0.0000	0.0000	0.0000	0.0000	0.0000	0.0000	0.0000			0.0000	0.0000	0.0001	0.0000	0.0001	1.0001	0.0000	0.0000	0.0000	0.0000	0.0000	0.0000	0.0000	0.0000	0.0000	0.0000	0.0000	0.0000	0.0000	0.0000	0.0000	0.0000	0.0000	0.0000	0.0000	0.0000	0.0000	0.0000	0.0000	0.0000	0.0000	0.0000	0.0000	0.0008	0.0007	0.0001	0.0004	0.0004	0.0000	0.0004	0.0003	0.0001
42	106	0.0622	10	1	0	0	1	0	0	0	1	0	1	1	2	0	0	0	0	0	0	N	N	N	N	N	Y	N	N	N	N	N	N	N	N	N	N	N	N	0.0000	0.0000	0.0000	0.0000	0.0000	0.0000	0.0000	0.0000	0.0000	0.0000	0.0000	0.0000	0.0000	0.0000	0.0000	0.0000	0.0000	0.0000	0.0000	0.0000	0.0000	0.0000	0.0000	0.0000	0.0000	0.0000	0.0000			0.0000	0.0000	0.0001	0.0000	0.0001	0.0000	0.0000	0.0000	0.0000	0.0000	0.0000	0.0000	0.0000	0.0000	0.0000	0.0000	0.0000	0.0000	0.0000	0.0000	0.0000	0.0000	0.0000	0.0000	0.0000	0.0000	0.0000	0.0000	0.0000	0.0000	0.0000	0.0000	0.0000	0.0000	0.0000	0.0000	0.0000	0.0000	0.0000	0.0000	0.0000	0.0000
42	107	0.0708	14	1	0	0	1	0	0	0	1	0	1	1	2	0	0	0	0	0	0	N	N	N	N	N	Y	N	N	N	N	N	N	N	N	N	N	N	N	0.0000	0.0000	0.0000	0.0000	0.0000	0.0000	0.0000	0.0000	0.0000	0.0000	0.0000	0.0000	0.0000	0.0000	0.0000	0.0000	0.0000	0.0000	0.0000	0.0000	0.0000	0.0000	0.0000	0.0000	0.0000	0.0000	0.0000			0.0000	0.0000	0.0001	0.0000	0.0001	0.0000	0.0000	0.0000	0.0000	0.0000	0.0000	0.0000	0.0000	0.0000	0.0000	0.0000	0.0000	0.0000	0.0000	0.0000	0.0000	0.0000	0.0000	0.0000	0.0000	0.0000	0.0000	0.0000	0.0000	0.0000	0.0000	0.0000	0.0000	0.0000	0.0000	0.0000	0.0000	0.0000	0.0000	0.0000	0.0000	0.0000
42	113	0.0573	8	2	0	1	1	0	0	0	1	0	0	2	1	0	0	0	0	0	0	Y	N	N	N	Y	N	N	N	N	N	N	N	N	N	N	N	N	N	0.0000	0.0000	0.0000	0.0000	0.0000	0.0000	0.0000	0.0000	0.0000	0.0000	0.0000	0.0000	0.0000	0.0000	0.0000	0.0000	0.0000	0.0000	0.0000	0.0000	0.0000	0.0000	0.0000	0.0000	0.0000	0.0000	0.0000			0.0000	0.0000	0.0001	0.0000	0.0001	1.0000	0.0000	0.0000	0.0000	0.0000	0.0000	0.0000	0.0000	0.0000	0.0000	0.0000	0.0000	0.0000	0.0000	0.0000	0.0000	0.0000	0.0000	0.0000	0.0000	0.0000	0.0000	0.0000	0.0000	0.0000	0.0000	0.0000	0.0000	0.0000	0.0000	0.0000	0.0000	0.0000	0.0000	0.0000	0.0000	0.0000
42	114	0.0516	7	2	0	1	1	1	0	1	1	1	0	2	1	0	0	0	0	0	0	Y	N	N	N	Y	N	N	N	N	N	N	N	N	N	N	N	N	N	0.0000	0.0000	0.0000	0.0000	0.0000	0.0000	0.0000	0.0000	0.0000	0.0000	0.0000	0.0000	0.0000	0.0000	0.0000	0.0000	0.0000	0.0000	0.0000	0.0000	0.0000	0.0000	0.0000	0.0000	0.0000	0.0000	0.0000			0.0000	0.0000	0.0001	0.0000	0.0001	1.0009	0.0000	0.0000	0.0000	0.0000	0.0000	0.0000	0.0000	0.0000	0.0000	0.0000	0.0000	0.0000	0.0000	0.0000	0.0000	0.0000	0.0000	0.0000	0.0000	0.0000	0.0000	0.0000	0.0000	0.0000	0.0000	0.0000	0.0000	0.0008	0.0007	0.0001	0.0004	0.0004	0.0000	0.0004	0.0003	0.0001
42	115	0.0930	11	2	0	1	1	0	0	0	1	0	0	1	1	0	0	0	0	0	0	Y	N	N	N	N	N	N	N	N	N	N	N	N	N	N	N	N	N	0.0000	0.0000	0.0000	0.0000	0.0000	0.0000	0.0000	0.0000	0.0000	0.0000	0.0000	0.0000	0.0000	0.0000	0.0000	0.0000	0.0000	0.0000	0.0000	0.0000	0.0000	0.0000	0.0000	0.0000	0.0000	0.0000	0.0000			0.0000	0.0000	0.0001	0.9998	0.0001	6.9031	0.0000	0.0000	0.0000	0.0000	0.0000	0.0000	0.0000	0.0000	0.0000	0.0000	0.0000	0.0000	0.0000	0.0000	0.0000	0.0000	0.0000	0.0000	0.0000	0.0000	0.0000	0.0000	0.0000	0.0000	0.0000	0.0000	0.0000	0.0060	0.0053	0.0007	0.0032	0.0031	0.0001	0.0028	0.0022	0.0006
42	116	0.0804	10	2	0	1	1	1	0	1	1	0	0	1	1	0	0	0	0	0	0	Y	N	N	N	N	N	N	N	N	N	N	N	N	N	N	N	N	N	0.0000	0.0000	0.0000	0.0000	0.0000	0.0000	0.0000	0.0000	0.0000	0.0000	0.0000	0.0000	0.0000	0.0000	0.0000	0.0000	0.0000	0.0000	0.0000	0.0000	0.0000	0.0000	0.0000	0.0000	0.0000	0.0000	0.0000			0.0000	0.0000	0.0001	0.0012	0.0001	4.2539	0.0000	0.0000	0.0000	0.0000	0.0000	0.0000	0.0000	0.0000	0.0000	0.0000	0.0000	0.0000	0.0000	0.0000	0.0000	0.0000	0.0000	0.0000	0.0000	0.0000	0.0000	0.0000	0.0000	0.0000	0.0000	0.0000	0.0000	0.0033	0.0029	0.0004	0.0017	0.0017	0.0001	0.0015	0.0012	0.0003
42	119	0.0622	10	2	0	1	1	1	0	0	1	0	0	2	1	0	0	0	0	0	0	Y	N	N	N	Y	N	N	N	N	N	N	N	N	N	N	N	N	N	0.0000	0.0000	0.0000	0.0000	0.0000	0.0000	0.0000	0.0000	0.0000	0.0000	0.0000	0.0000	0.0000	0.0000	0.0000	0.0000	0.0000	0.0000	0.0000	0.0000	0.0000	0.0000	0.0000	0.0000	0.0000	0.0000	0.0000			0.0000	0.0000	0.0001	0.0000	0.0001	0.0000	0.0000	0.0000	0.0000	0.0000	0.0000	0.0000	0.0000	0.0000	0.0000	0.0000	0.0000	0.0000	0.0000	0.0000	0.0000	0.0000	0.0000	0.0000	0.0000	0.0000	0.0000	0.0000	0.0000	0.0000	0.0000	0.0000	0.0000	0.0000	0.0000	0.0000	0.0000	0.0000	0.0000	0.0000	0.0000	0.0000
42	120	0.0594	9	1	0	1	1	0	0	1	1	1	0	2	1	0	0	0	0	0	0	N	N	N	N	Y	N	N	N	N	N	N	N	N	N	N	N	N	N	0.0000	0.0000	0.0000	0.0000	0.0000	0.0000	0.0000	0.0000	0.0000	0.0000	0.0000	0.0000	0.0000	0.0000	0.0000	0.0000	0.0000	0.0000	0.0000	0.0000	0.0000	0.0000	0.0000	0.0000	0.0000	0.0000	0.0000			0.0000	0.0000	0.0001	0.0001	0.0001	1.0001	0.0000	0.0000	0.0000	0.0000	0.0000	0.0000	0.0000	0.0000	0.0000	0.0000	0.0000	0.0000	0.0000	0.0000	0.0000	0.0000	0.0000	0.0000	0.0000	0.0000	0.0000	0.0000	0.0000	0.0000	0.0000	0.0000	0.0000	0.0008	0.0007	0.0001	0.0004	0.0004	0.0000	0.0004	0.0003	0.0001
43	55	0.0341	6	2	0	1	0	0	0	1	0	0	1	2	2	0	0	0	0	0	0	Y	N	N	N	Y	Y	N	N	N	N	N	N	N	N	N	N	N	N	0.0000	0.0000	0.0000	0.0000	0.0000	0.0000	0.0000	0.0000	0.0000	0.0000	0.0000	0.0000	0.0000	0.0000	0.0000	0.0000	0.0000	0.0000	0.0000	0.0000	0.0000	0.0000	0.0000	0.0000	0.0000	0.0000	0.0000			0.0000	0.0000	0.0000	0.0000	0.0000	1.0065	0.0000	0.0000	0.0000	0.0000	0.0000	0.0000	0.0000	0.0000	0.0000	0.0000	0.0000	0.0000	0.0000	0.0000	0.0000	0.0000	0.0000	0.0000	0.0000	0.0000	0.0000	0.0000	0.0000	0.0000	0.0000	0.0000	0.0000	0.0000	0.0000	0.0000	0.0000	0.0000	0.0000	0.0000	0.0000	0.0000
43	56	0.0313	5	2	0	1	0	0	0	1	0	0	0	2	1	0	0	0	0	0	0	Y	N	N	N	Y	N	N	N	N	N	N	N	N	N	N	N	N	N	0.0000	0.0000	0.0000	0.0000	0.0000	0.0000	0.0000	0.0000	0.0000	0.0000	0.0000	0.0000	0.0000	0.0000	0.0000	0.0000	0.0000	0.0000	0.0000	0.0000	0.0000	0.0000	0.0000	0.0000	0.0000	0.0000	0.0000			0.0000	0.0000	0.0000	0.0000	0.0000	1.0047	0.0000	0.0000	0.0000	0.0000	0.0000	0.0000	0.0000	0.0000	0.0000	0.0000	0.0000	0.0000	0.0000	0.0000	0.0000	0.0000	0.0000	0.0000	0.0000	0.0000	0.0000	0.0000	0.0000	0.0000	0.0000	0.0000	0.0000	0.0000	0.0000	0.0000	0.0000	0.0000	0.0000	0.0000	0.0000	0.0000
43	57	0.0313	4	2	0	1	0	0	0	1	0	1	0	2	1	0	0	0	0	0	0	Y	N	N	N	Y	N	N	N	N	N	N	N	N	N	N	N	N	N	0.0000	0.0000	0.0000	0.0000	0.0000	0.0000	0.0000	0.0000	0.0000	0.0000	0.0000	0.0000	0.0000	0.0000	0.0000	0.0000	0.0000	0.0000	0.0000	0.0000	0.0000	0.0000	0.0000	0.0000	0.0000	0.0000	0.0000			0.0000	0.0000	0.0000	0.0000	0.0000	0.0000	0.0000	0.0000	0.0000	0.0000	0.0000	0.0000	0.0000	0.0000	0.0000	0.0000	0.0000	0.0000	0.0000	0.0000	0.0000	0.0000	0.0000	0.0000	0.0000	0.0000	0.0000	0.0000	0.0000	0.0000	0.0000	0.0000	0.0000	0.0000	0.0000	0.0000	0.0000	0.0000	0.0000	0.0000	0.0000	0.0000
43	61	0.0283	3	2	0	1	0	0	0	1	0	0	0	1	1	0	0	0	0	0	0	Y	N	N	N	N	N	N	N	N	N	N	N	N	N	N	N	N	N	0.0000	0.0000	0.0000	0.0000	0.0000	0.0000	0.0000	0.0000	0.0000	0.0000	0.0000	0.0000	0.0000	0.0000	0.0000	0.0000	0.0000	0.0000	0.0000	0.0000	0.0000	0.0000	0.0000	0.0000	0.0000	0.0000	0.0000			0.0000	0.0000	0.0000	0.0000	0.0000	1.0227	0.0000	0.0000	0.0000	0.0000	0.0000	0.0000	0.0000	0.0000	0.0000	0.0000	0.0000	0.0000	0.0000	0.0000	0.0000	0.0000	0.0000	0.0000	0.0000	0.0000	0.0000	0.0000	0.0000	0.0000	0.0000	0.0000	0.0000	0.0000	0.0000	0.0000	0.0000	0.0000	0.0000	0.0000	0.0000	0.0000
43	63	0.0895	18	2	0	1	0	0	0	1	0	0	1	1	2	0	0	0	0	0	0	Y	N	N	N	N	Y	N	N	N	N	N	N	N	N	N	N	N	N	0.0000	0.0000	0.0000	0.0000	0.0000	0.0000	0.0000	0.0000	0.0000	0.0000	0.0000	0.0000	0.0000	0.0000	0.0000	0.0000	0.0000	0.0000	0.0000	0.0000	0.0000	0.0000	0.0000	0.0000	0.0000	0.0000	0.0000			0.0000	0.0000	0.0000	0.0023	0.0000	3.0060	0.0000	0.0000	0.0000	0.0000	0.0000	0.0000	0.0000	0.0000	0.0000	0.0000	0.0000	0.0000	0.0000	0.0000	0.0000	0.0000	0.0000	0.0000	0.0000	0.0000	0.0000	0.0000	0.0000	0.0000	0.0000	0.0000	0.0000	0.0000	0.0000	0.0000	0.0000	0.0000	0.0000	0.0000	0.0000	0.0000
43	64	0.0867	17	2	0	1	0	1	0	1	0	0	0	1	1	0	0	0	0	0	0	Y	N	N	N	N	N	N	N	N	N	N	N	N	N	N	N	N	N	0.0000	0.0000	0.0000	0.0000	0.0000	0.0000	0.0000	0.0000	0.0000	0.0000	0.0000	0.0000	0.0000	0.0000	0.0000	0.0000	0.0000	0.0000	0.0000	0.0000	0.0000	0.0000	0.0000	0.0000	0.0000	0.0000	0.0000			0.0000	0.0000	0.0000	0.9990	0.0000	0.0212	0.0000	0.0000	0.0000	0.0000	0.0000	0.0000	0.0000	0.0000	0.0000	0.0000	0.0000	0.0000	0.0000	0.0000	0.0000	0.0000	0.0000	0.0000	0.0000	0.0000	0.0000	0.0000	0.0000	0.0000	0.0000	0.0000	0.0000	0.0000	0.0000	0.0000	0.0000	0.0000	0.0000	0.0000	0.0000	0.0000
43	69	0.0587	7	2	0	1	0	0	0	1	0	0	0	1	1	0	0	0	0	0	0	Y	N	N	N	N	N	N	N	N	N	N	N	N	N	N	N	N	N	0.0000	0.0000	0.0000	0.0000	0.0000	0.0000	0.0000	0.0000	0.0000	0.0000	0.0000	0.0000	0.0000	0.0000	0.0000	0.0000	0.0000	0.0000	0.0000	0.0000	0.0000	0.0000	0.0000	0.0000	0.0000	0.0000	0.0000			0.0000	0.0000	0.0000	1.0007	0.0000	1.2584	0.0000	0.0000	0.0000	0.0000	0.0000	0.0000	0.0000	0.0000	0.0000	0.0000	0.0000	0.0000	0.0000	0.0000	0.0000	0.0000	0.0000	0.0000	0.0000	0.0000	0.0000	0.0000	0.0000	0.0000	0.0000	0.0000	0.0000	0.0000	0.0000	0.0000	0.0000	0.0000	0.0000	0.0000	0.0000	0.0000
43	70	0.0446	6	2	0	1	0	1	0	1	0	0	0	1	1	0	0	0	0	0	0	Y	N	N	N	N	N	N	N	N	N	N	N	N	N	N	N	N	N	0.0000	0.0000	0.0000	0.0000	0.0000	0.0000	0.0000	0.0000	0.0000	0.0000	0.0000	0.0000	0.0000	0.0000	0.0000	0.0000	0.0000	0.0000	0.0000	0.0000	0.0000	0.0000	0.0000	0.0000	0.0000	0.0000	0.0000			0.0000	0.0000	0.0000	3.0007	0.0000	1.9606	0.0000	0.0000	0.0000	0.0000	0.0000	0.0000	0.0000	0.0000	0.0000	0.0000	0.0000	0.0000	0.0000	0.0000	0.0000	0.0000	0.0000	0.0000	0.0000	0.0000	0.0000	0.0000	0.0000	0.0000	0.0000	0.0000	0.0000	0.0000	0.0000	0.0000	0.0000	0.0000	0.0000	0.0000	0.0000	0.0000
43	71	0.1724	13	1	0	1	0	0	0	1	0	1	0	2	1	0	0	0	0	0	0	N	N	N	N	Y	N	N	N	N	N	N	N	N	N	N	N	N	N	0.0000	0.0000	0.0000	0.0000	0.0000	0.0000	0.0000	0.0000	0.0000	0.0000	0.0000	0.0000	0.0000	0.0000	0.0000	0.0000	0.0000	0.0000	0.0000	0.0000	0.0000	0.0000	0.0000	0.0000	0.0000	0.0000	0.0000			0.0000	0.0000	0.0000	6.1029	0.0000	20.9537	0.0000	0.0000	0.0000	0.0000	0.0000	0.0000	0.0000	0.0000	0.0000	0.0000	0.0000	0.0000	0.0000	0.0000	0.0000	0.0000	0.0000	0.0000	0.0000	0.0000	0.0000	0.0000	0.0000	0.0000	0.0000	0.0000	0.0000	0.0000	0.0000	0.0000	0.0000	0.0000	0.0000	0.0000	0.0000	0.0000
43	75	0.0555	6	2	0	1	0	0	0	1	0	0	0	2	2	0	0	0	0	0	0	Y	N	N	N	Y	Y	N	N	N	N	N	N	N	N	N	N	N	N	0.0000	0.0000	0.0000	0.0000	0.0000	0.0000	0.0000	0.0000	0.0000	0.0000	0.0000	0.0000	0.0000	0.0000	0.0000	0.0000	0.0000	0.0000	0.0000	0.0000	0.0000	0.0000	0.0000	0.0000	0.0000	0.0000	0.0000			0.0000	0.0000	0.0000	0.0000	0.0000	1.0000	0.0000	0.0000	0.0000	0.0000	0.0000	0.0000	0.0000	0.0000	0.0000	0.0000	0.0000	0.0000	0.0000	0.0000	0.0000	0.0000	0.0000	0.0000	0.0000	0.0000	0.0000	0.0000	0.0000	0.0000	0.0000	0.0000	0.0000	0.0000	0.0000	0.0000	0.0000	0.0000	0.0000	0.0000	0.0000	0.0000
43	76	0.0555	5	2	0	1	0	0	0	1	0	0	1	2	2	0	0	0	0	0	0	Y	N	N	N	Y	Y	N	N	N	N	N	N	N	N	N	N	N	N	0.0000	0.0000	0.0000	0.0000	0.0000	0.0000	0.0000	0.0000	0.0000	0.0000	0.0000	0.0000	0.0000	0.0000	0.0000	0.0000	0.0000	0.0000	0.0000	0.0000	0.0000	0.0000	0.0000	0.0000	0.0000	0.0000	0.0000			0.0000	0.0000	0.0000	0.0000	0.0000	0.0000	0.0000	0.0000	0.0000	0.0000	0.0000	0.0000	0.0000	0.0000	0.0000	0.0000	0.0000	0.0000	0.0000	0.0000	0.0000	0.0000	0.0000	0.0000	0.0000	0.0000	0.0000	0.0000	0.0000	0.0000	0.0000	0.0000	0.0000	0.0000	0.0000	0.0000	0.0000	0.0000	0.0000	0.0000	0.0000	0.0000
43	77	0.0337	4	2	0	1	0	0	0	1	0	1	0	2	1	0	0	0	0	0	0	Y	N	N	N	Y	N	N	N	N	N	N	N	N	N	N	N	N	N	0.0000	0.0000	0.0000	0.0000	0.0000	0.0000	0.0000	0.0000	0.0000	0.0000	0.0000	0.0000	0.0000	0.0000	0.0000	0.0000	0.0000	0.0000	0.0000	0.0000	0.0000	0.0000	0.0000	0.0000	0.0000	0.0000	0.0000			0.0000	0.0000	0.0000	0.0002	0.0000	3.7635	0.0000	0.0000	0.0000	0.0000	0.0000	0.0000	0.0000	0.0000	0.0000	0.0000	0.0000	0.0000	0.0000	0.0000	0.0000	0.0000	0.0000	0.0000	0.0000	0.0000	0.0000	0.0000	0.0000	0.0000	0.0000	0.0000	0.0000	0.0000	0.0000	0.0000	0.0000	0.0000	0.0000	0.0000	0.0000	0.0000
43	93	0.0867	14	2	0	1	0	0	0	1	0	0	0	1	1	0	0	0	0	0	0	Y	N	N	N	N	N	N	N	N	N	N	N	N	N	N	N	N	N	0.0000	0.0000	0.0000	0.0000	0.0000	0.0000	0.0000	0.0000	0.0000	0.0000	0.0000	0.0000	0.0000	0.0000	0.0000	0.0000	0.0000	0.0000	0.0000	0.0000	0.0000	0.0000	0.0000	0.0000	0.0000	0.0000	0.0000			0.0000	0.0000	0.0000	0.0001	0.0000	0.0783	0.0000	0.0000	0.0000	0.0000	0.0000	0.0000	0.0000	0.0000	0.0000	0.0000	0.0000	0.0000	0.0000	0.0000	0.0000	0.0000	0.0000	0.0000	0.0000	0.0000	0.0000	0.0000	0.0000	0.0000	0.0000	0.0000	0.0000	0.0000	0.0000	0.0000	0.0000	0.0000	0.0000	0.0000	0.0000	0.0000
43	94	0.0781	13	2	0	1	0	1	0	1	0	0	0	1	1	0	0	0	0	0	0	Y	N	N	N	N	N	N	N	N	N	N	N	N	N	N	N	N	N	0.0000	0.0000	0.0000	0.0000	0.0000	0.0000	0.0000	0.0000	0.0000	0.0000	0.0000	0.0000	0.0000	0.0000	0.0000	0.0000	0.0000	0.0000	0.0000	0.0000	0.0000	0.0000	0.0000	0.0000	0.0000	0.0000	0.0000			0.0000	0.0000	0.0000	0.0004	0.0000	2.9660	0.0000	0.0000	0.0000	0.0000	0.0000	0.0000	0.0000	0.0000	0.0000	0.0000	0.0000	0.0000	0.0000	0.0000	0.0000	0.0000	0.0000	0.0000	0.0000	0.0000	0.0000	0.0000	0.0000	0.0000	0.0000	0.0000	0.0000	0.0000	0.0000	0.0000	0.0000	0.0000	0.0000	0.0000	0.0000	0.0000
43	105	0.0804	10	1	0	1	0	0	0	1	0	0	1	1	2	0	0	0	0	0	0	N	N	N	N	N	Y	N	N	N	N	N	N	N	N	N	N	N	N	0.0000	0.0000	0.0000	0.0000	0.0000	0.0000	0.0000	0.0000	0.0000	0.0000	0.0000	0.0000	0.0000	0.0000	0.0000	0.0000	0.0000	0.0000	0.0000	0.0000	0.0000	0.0000	0.0000	0.0000	0.0000	0.0000	0.0000			0.0000	0.0000	0.0000	0.0000	0.0000	1.0001	0.0000	0.0000	0.0000	0.0000	0.0000	0.0000	0.0000	0.0000	0.0000	0.0000	0.0000	0.0000	0.0000	0.0000	0.0000	0.0000	0.0000	0.0000	0.0000	0.0000	0.0000	0.0000	0.0000	0.0000	0.0000	0.0000	0.0000	0.0000	0.0000	0.0000	0.0000	0.0000	0.0000	0.0000	0.0000	0.0000
43	106	0.0622	10	1	0	1	0	0	0	1	0	0	1	1	2	0	0	0	0	0	0	N	N	N	N	N	Y	N	N	N	N	N	N	N	N	N	N	N	N	0.0000	0.0000	0.0000	0.0000	0.0000	0.0000	0.0000	0.0000	0.0000	0.0000	0.0000	0.0000	0.0000	0.0000	0.0000	0.0000	0.0000	0.0000	0.0000	0.0000	0.0000	0.0000	0.0000	0.0000	0.0000	0.0000	0.0000			0.0000	0.0000	0.0000	0.0000	0.0000	0.0000	0.0000	0.0000	0.0000	0.0000	0.0000	0.0000	0.0000	0.0000	0.0000	0.0000	0.0000	0.0000	0.0000	0.0000	0.0000	0.0000	0.0000	0.0000	0.0000	0.0000	0.0000	0.0000	0.0000	0.0000	0.0000	0.0000	0.0000	0.0000	0.0000	0.0000	0.0000	0.0000	0.0000	0.0000	0.0000	0.0000
43	107	0.0708	14	1	0	1	0	0	0	1	0	0	1	1	2	0	0	0	0	0	0	N	N	N	N	N	Y	N	N	N	N	N	N	N	N	N	N	N	N	0.0000	0.0000	0.0000	0.0000	0.0000	0.0000	0.0000	0.0000	0.0000	0.0000	0.0000	0.0000	0.0000	0.0000	0.0000	0.0000	0.0000	0.0000	0.0000	0.0000	0.0000	0.0000	0.0000	0.0000	0.0000	0.0000	0.0000			0.0000	0.0000	0.0000	0.0000	0.0000	0.0000	0.0000	0.0000	0.0000	0.0000	0.0000	0.0000	0.0000	0.0000	0.0000	0.0000	0.0000	0.0000	0.0000	0.0000	0.0000	0.0000	0.0000	0.0000	0.0000	0.0000	0.0000	0.0000	0.0000	0.0000	0.0000	0.0000	0.0000	0.0000	0.0000	0.0000	0.0000	0.0000	0.0000	0.0000	0.0000	0.0000
44	46	0.0573	7	2	0	1	0	0	0	0	0	0	1	2	1	0	0	0	0	0	0	Y	N	N	N	Y	N	N	N	N	N	N	N	N	N	N	N	N	N	0.0000	0.0000	0.0000	0.0000	0.0000	0.0000	0.0000	0.0000	0.0000	0.0000	0.0000	0.0000	0.0000	0.0000	0.0000	0.0000	0.0000	0.0000	0.0000	0.0000	0.0000	0.0000	0.0000	0.0000	0.0000	0.0000	0.0000			0.0000	0.0000	2.9998	0.0000	4.8980	0.0000	0.0000	0.0000	0.0000	0.0000	0.0000	0.0000	0.0000	0.0000	0.0000	0.0000	0.0000	0.0000	0.0000	0.0000	0.0000	0.0000	0.0000	0.0000	0.0000	0.0000	0.0000	0.0000	0.0000	0.0000	0.0000	0.0000	0.0000	0.0000	0.0000	0.0000	0.0000	0.0000	0.0000	0.0000	0.0000	0.0000
44	52	0.0512	7	2	0	1	0	0	0	0	0	0	2	1	2	0	0	0	0	0	0	Y	N	N	N	N	Y	N	N	N	N	N	N	N	N	N	N	N	N	0.0000	0.0000	0.0000	0.0000	0.0000	0.0000	0.0000	0.0000	0.0000	0.0000	0.0000	0.0000	0.0000	0.0000	0.0000	0.0000	0.0000	0.0000	30.9939	0.0000	65.8712	0.0047	0.0000	0.0389	33.2208	0.0000	67.0337		inf	0.0000	0.5134	2.9998	0.0000	4.8980	2.0000	0.0000	0.0000	0.0000	0.0000	0.0000	0.0000	0.0000	0.0000	0.0000	0.9759	0.0000	0.9759	0.0000	0.0000	0.0000	0.9759	0.0000	0.9759	0.0000	0.0000	0.0000	0.0000	0.0000	0.0000	0.0000	0.0000	0.0000	0.0315	0.0167	0.0148	0.0021	0.0019	0.0003	0.0294	0.0148	0.0146
44	53	0.0479	6	2	0	1	0	0	0	0	0	0	1	1	1	0	0	0	0	0	0	Y	N	N	N	N	N	N	N	N	N	N	N	N	N	N	N	N	N	0.0000	0.0000	0.0000	0.0000	0.0000	0.0000	0.0000	0.0000	0.0000	0.0000	0.0000	0.0000	0.0000	0.0000	0.0000	0.0000	0.0000	0.0000	0.0000	0.0000	0.0000	0.0000	0.0000	0.0000	0.0000	0.0000	0.0000			0.0000	0.0000	2.9998	0.9935	4.8980	0.0062	0.0000	0.0000	0.0000	0.0000	0.0000	0.0000	0.0000	0.0000	0.0000	0.0000	0.0000	0.0000	0.0000	0.0000	0.0000	0.0000	0.0000	0.0000	0.0359	0.0307	0.0051	0.0001	0.0001	0.0000	0.0357	0.0306	0.0051	0.0164	0.0088	0.0077	0.0012	0.0011	0.0001	0.0152	0.0077	0.0075
44	54	0.0379	5	2	0	1	0	0	0	0	0	0	1	1	1	0	0	0	0	0	0	Y	N	N	N	N	N	N	N	N	N	N	N	N	N	N	N	N	N	0.0000	0.0000	0.0000	0.0000	0.0000	0.0000	0.0000	0.0000	0.0000	0.0000	0.0000	0.0000	0.0000	0.0000	0.0000	0.0000	0.0000	0.0000	0.0000	0.0000	0.0000	0.0000	0.0000	0.0000	0.0000	0.0000	0.0000			0.0000	0.0000	2.9998	0.0065	4.8980	3.0034	0.0000	0.0000	0.0000	0.0000	0.0000	0.0000	0.0000	0.0000	0.0000	0.0000	0.0000	0.0000	0.0000	0.0000	0.0000	0.0000	0.0000	0.0000	0.0002	0.0002	0.0000	0.0000	0.0000	0.0000	0.0002	0.0002	0.0000	0.0624	0.0361	0.0263	0.0094	0.0087	0.0006	0.0531	0.0274	0.0257
44	55	0.0341	5	2	0	0	0	0	0	0	0	0	2	2	2	0	0	0	0	0	0	Y	N	N	N	Y	Y	N	N	N	N	N	N	N	N	N	N	N	N	0.0000	0.0000	0.0000	0.0000	0.0000	0.0000	0.0000	0.0000	0.0000	0.0000	0.0000	0.0000	0.0000	0.0000	0.0000	0.0000	0.0000	0.0000	0.0000	0.0000	0.0000	0.0000	0.0000	0.0000	0.0000	0.0000	0.0000		inf	0.0000	0.0000	2.9998	0.0000	4.8980	1.0065	0.0000	0.0000	0.0000	0.0000	0.0000	0.0000	0.0000	0.0000	0.0000	0.0000	0.0000	0.0000	0.0000	0.0000	0.0000	0.0000	0.0000	0.0000	0.0000	0.0000	0.0000	0.0000	0.0000	0.0000	0.0000	0.0000	0.0000	0.0166	0.0079	0.0087	0.0007	0.0007	0.0000	0.0159	0.0073	0.0087
44	56	0.0313	4	2	0	0	0	0	0	0	0	0	1	2	1	0	0	0	0	0	0	Y	N	N	N	Y	N	N	N	N	N	N	N	N	N	N	N	N	N	0.0000	0.0000	0.0000	0.0000	0.0000	0.0000	0.0000	0.0000	0.0000	0.0000	0.0000	0.0000	0.0000	0.0000	0.0000	0.0000	0.0000	0.0000	0.0000	0.0001	0.0000	0.0012	0.0013	0.0000	0.0000	0.0000	0.0000		0.0086	0.0000	-0.0000	2.9998	0.0000	4.8980	1.0047	0.0000	0.0000	0.0000	0.0000	0.0000	0.0000	0.0000	0.0000	0.0000	0.0000	0.0000	0.0000	0.0000	0.0000	0.0000	0.0000	0.0000	0.0000	0.0000	0.0000	0.0000	0.0000	0.0000	0.0000	0.0000	0.0000	0.0000	0.0163	0.0078	0.0086	0.0005	0.0005	0.0000	0.0158	0.0073	0.0085
44	57	0.0313	3	2	0	0	0	0	0	0	0	1	1	2	1	0	0	0	0	0	0	Y	N	N	N	Y	N	N	N	N	N	N	N	N	N	N	N	N	N	0.0000	0.0000	0.0000	0.0000	0.0000	0.0000	0.0000	0.0000	0.0000	0.0000	0.0000	0.0000	0.0000	0.0000	0.0000	0.0000	0.0000	0.0000	0.0000	0.0000	0.0000	0.0000	0.0000	0.0000	0.0000	0.0000	0.0000			0.0000	0.0000	2.9998	0.0000	4.8980	0.0000	0.0000	0.0000	0.0000	0.0000	0.0000	0.0000	0.0000	0.0000	0.0000	0.0000	0.0000	0.0000	0.0000	0.0000	0.0000	0.0000	0.0000	0.0000	0.0000	0.0000	0.0000	0.0000	0.0000	0.0000	0.0000	0.0000	0.0000	0.0000	0.0000	0.0000	0.0000	0.0000	0.0000	0.0000	0.0000	0.0000
44	58	0.0379	5	2	0	1	0	0	0	0	0	0	1	1	1	0	0	0	0	0	0	Y	N	N	N	N	N	N	N	N	N	N	N	N	N	N	N	N	N	0.0000	0.0000	0.0000	0.0000	0.0000	0.0000	0.0000	0.0000	0.0000	0.0000	0.0000	0.0000	0.0000	0.0000	0.0000	0.0000	0.0000	0.0000	0.0000	0.0000	0.0000	0.0000	0.0000	0.0000	0.0000	0.0000	0.0000			0.0000	0.0000	2.9998	0.0000	4.8980	1.0108	0.0000	0.0000	0.0000	0.0000	0.0000	0.0000	0.0000	0.0000	0.0000	0.0000	0.0000	0.0000	0.0000	0.0000	0.0000	0.0000	0.0000	0.0000	0.0000	0.0000	0.0000	0.0000	0.0000	0.0000	0.0000	0.0000	0.0000	0.0305	0.0209	0.0096	0.0082	0.0077	0.0005	0.0223	0.0132	0.0091
44	59	0.0313	4	2	0	1	0	0	0	0	0	0	1	1	1	0	0	0	0	0	0	Y	N	N	N	N	N	N	N	N	N	N	N	N	N	N	N	N	N	0.0003	0.0001	0.0708	0.0000	0.0000	0.0000	0.0003	0.0001	0.0707	0.0022	0.0011	0.0085	0.0000	0.0000	0.0000	0.0022	0.0011	0.0085	7.7322	16.1227	0.1199	0.4979	0.5216	0.0672	7.9791	17.2212	0.1201	1.2500	0.0082	-0.0000	-0.1361	2.9998	0.0001	4.8980	2.3402	0.0000	0.0000	0.0000	0.0000	0.0000	0.0000	0.0000	0.0000	0.0000	0.2922	0.2898	0.0024	0.0006	0.0006	0.0000	0.2916	0.2892	0.0024	0.0000	0.0000	0.0000	0.0000	0.0000	0.0000	0.0000	0.0000	0.0000	0.0378	0.0180	0.0198	0.0012	0.0012	0.0001	0.0365	0.0168	0.0198
44	60	0.0313	3	2	0	1	0	0	0	1	0	0	1	1	1	0	0	0	0	0	0	Y	N	N	N	N	N	N	N	N	N	N	N	N	N	N	N	N	N	0.0000	0.0000	0.0000	0.0000	0.0000	0.0000	0.0000	0.0000	0.0000	0.0000	0.0000	0.0000	0.0000	0.0000	0.0000	0.0000	0.0000	0.0000	0.0000	0.0000	0.0000	0.0000	0.0000	0.0000	0.0000	0.0000	0.0000			0.0000	0.0000	2.9998	0.0000	4.8980	0.0002	0.0000	0.0000	0.0000	0.0000	0.0000	0.0000	0.0000	0.0000	0.0000	0.0000	0.0000	0.0000	0.0000	0.0000	0.0000	0.0000	0.0000	0.0000	0.0000	0.0000	0.0000	0.0000	0.0000	0.0000	0.0000	0.0000	0.0000	0.0000	0.0000	0.0000	0.0000	0.0000	0.0000	0.0000	0.0000	0.0000
44	61	0.0283	2	2	0	0	0	0	0	0	0	0	1	1	1	0	0	0	0	0	0	Y	N	N	N	N	N	N	N	N	N	N	N	N	N	N	N	N	N	0.0000	0.0000	0.0000	0.0000	0.0000	0.0000	0.0000	0.0000	0.0000	0.0000	0.0000	0.0000	0.0000	0.0000	0.0000	0.0000	0.0000	0.0000	1.0622	1.9406	0.0025	7.0958	7.1443	0.0000	0.0024	0.0022	0.0025		0.0011	0.0000	-0.0112	2.9998	0.0000	4.8980	1.0227	0.0000	0.0000	0.0000	0.0000	0.0000	0.0000	0.0000	0.0000	0.0000	0.0238	0.0237	0.0000	0.0237	0.0237	0.0000	0.0000	0.0000	0.0000	0.0000	0.0000	0.0000	0.0000	0.0000	0.0000	0.0000	0.0000	0.0000	0.0224	0.0122	0.0101	0.0033	0.0033	0.0000	0.0190	0.0089	0.0101
44	63	0.0895	17	2	0	0	0	0	0	0	0	0	2	1	2	0	0	0	0	0	0	Y	N	N	N	N	Y	N	N	N	N	N	N	N	N	N	N	N	N	0.0000	0.0000	0.0000	0.0000	0.0000	0.0000	0.0000	0.0000	0.0000	0.0000	0.0000	0.0000	0.0000	0.0000	0.0000	0.0000	0.0000	0.0000	0.0000	0.0000	0.0000	0.0000	0.0000	0.0000	0.0000	0.0000	0.0000			0.0000	0.0000	2.9998	0.0023	4.8980	3.0060	0.0000	0.0000	0.0000	0.0000	0.0000	0.0000	0.0000	0.0000	0.0000	0.0000	0.0000	0.0000	0.0000	0.0000	0.0000	0.0000	0.0000	0.0000	0.0001	0.0001	0.0000	0.0000	0.0000	0.0000	0.0001	0.0001	0.0000	0.0466	0.0235	0.0232	0.0052	0.0046	0.0006	0.0414	0.0188	0.0226
44	64	0.0867	16	2	0	0	0	1	0	0	0	0	1	1	1	0	0	0	0	0	0	Y	N	N	N	N	N	N	N	N	N	N	N	N	N	N	N	N	N	0.0000	0.0000	0.0000	0.0000	0.0000	0.0000	0.0000	0.0000	0.0000	0.0000	0.0000	0.0000	0.0000	0.0000	0.0000	0.0000	0.0000	0.0000	0.0012	0.0024	0.0000	0.0004	0.0005	0.0000	0.0013	0.0029	0.0000		0.0061	0.0000	-0.0000	2.9998	0.9990	4.8980	0.0212	0.0000	0.0000	0.0000	0.0000	0.0000	0.0000	0.0000	0.0000	0.0000	0.0000	0.0000	0.0000	0.0000	0.0000	0.0000	0.0000	0.0000	0.0000	0.0367	0.0316	0.0052	0.0006	0.0005	0.0000	0.0362	0.0310	0.0051	0.0160	0.0081	0.0080	0.0018	0.0016	0.0002	0.0142	0.0065	0.0078
44	68	0.0555	4	2	0	1	0	0	0	1	0	0	1	2	1	0	0	0	0	0	0	Y	N	N	N	Y	N	N	N	N	N	N	N	N	N	N	N	N	N	9.9570	71.4553	0.0000	23.8290	48.5471	0.0000	0.0000	0.0000	0.0000	0.5578	0.6400	0.0000	2.1638	2.1642	0.0000	0.0000	0.0000	0.0000	0.0560	0.0090	0.1070	0.0908	0.0446	0.4954	0.0514	0.0000	0.0971	0.0000	11.0309	-0.0000	0.0005	2.9998	0.0002	4.8980	1.2554	0.0000	0.0000	0.0000	0.0000	0.0000	0.0000	0.0000	0.0000	0.0000	0.0012	0.0001	0.0011	0.0002	0.0001	0.0001	0.0010	0.0000	0.0010	0.0000	0.0000	0.0000	0.0000	0.0000	0.0000	0.0000	0.0000	0.0000	0.0215	0.0112	0.0103	0.0025	0.0022	0.0003	0.0190	0.0089	0.0101
44	69	0.0587	6	2	0	0	0	0	0	0	0	0	1	1	1	0	0	0	0	0	0	Y	N	N	N	N	N	N	N	N	N	N	N	N	N	N	N	N	N	0.0000	0.0000	0.0000	0.0000	0.0000	0.0000	0.0000	0.0000	0.0000	0.0000	0.0000	0.0000	0.0000	0.0000	0.0000	0.0000	0.0000	0.0000	0.0000	0.0000	0.0000	0.0000	0.0000	0.0000	0.0000	0.0000	0.0000		0.0000	0.0000	-0.0000	2.9998	1.0007	4.8980	1.2584	0.0000	0.0000	0.0000	0.0000	0.0000	0.0000	0.0000	0.0000	0.0000	0.0000	0.0000	0.0000	0.0000	0.0000	0.0000	0.0000	0.0000	0.0000	0.0374	0.0321	0.0053	0.0004	0.0003	0.0000	0.0370	0.0317	0.0053	0.0421	0.0211	0.0210	0.0060	0.0046	0.0014	0.0360	0.0165	0.0195
44	70	0.0446	5	2	0	0	0	1	0	0	0	0	1	1	1	0	0	0	0	0	0	Y	N	N	N	N	N	N	N	N	N	N	N	N	N	N	N	N	N	0.0000	0.0000	0.0000	0.0000	0.0000	0.0000	0.0000	0.0000	0.0000	0.0000	0.0000	0.0000	0.0000	0.0000	0.0000	0.0000	0.0000	0.0000	0.0000	0.0000	0.0000	0.0000	0.0000	0.0000	0.0000	0.0000	0.0000		0.1391	0.0000	-0.0000	2.9998	3.0007	4.8980	1.9606	0.0000	0.0000	0.0000	0.0000	0.0000	0.0000	0.0000	0.0000	0.0000	0.0000	0.0000	0.0000	0.0000	0.0000	0.0000	0.0000	0.0000	0.0000	0.1107	0.0950	0.0158	0.0003	0.0003	0.0000	0.1104	0.0947	0.0157	0.0790	0.0377	0.0413	0.0039	0.0035	0.0004	0.0750	0.0342	0.0409
44	71	0.1724	12	1	0	0	0	0	0	0	0	1	1	2	1	0	0	0	0	0	0	N	N	N	N	Y	N	N	N	N	N	N	N	N	N	N	N	N	N	4.1943	3.4424	0.0000	17.2971	17.9772	0.0000	0.0000	0.0000	0.0000	0.0028	0.0033	0.0000	0.0336	0.0344	0.0000	0.0000	0.0000	0.0000	0.0007	0.0010	0.0002	0.0019	0.0019	0.0021	0.0000	0.0000	0.0000	0.0000	0.1520	-0.0004	-0.0001	2.9998	6.1029	4.8980	20.9537	0.0007	0.0007	0.0000	0.0007	0.0007	0.0000	0.0000	0.0000	0.0000	0.0004	0.0003	0.0000	0.0004	0.0003	0.0000	0.0000	0.0000	0.0000	0.2491	0.2168	0.0323	0.0211	0.0206	0.0005	0.2280	0.1962	0.0318	0.5548	0.3439	0.2109	0.1936	0.1706	0.0230	0.3612	0.1734	0.1878
44	73	0.0555	5	2	0	1	0	0	0	1	0	0	1	2	2	0	0	0	0	0	0	Y	N	N	N	Y	Y	N	N	N	N	N	N	N	N	N	N	N	N	0.0000	0.0000	0.0000	0.0000	0.0000	0.0000	0.0000	0.0000	0.0000	0.0000	0.0000	0.0000	0.0000	0.0000	0.0000	0.0000	0.0000	0.0000	0.0000	0.0000	0.0000	0.0000	0.0000	0.0000	0.0000	0.0000	0.0000			0.0000	0.0000	2.9998	0.0000	4.8980	0.0000	0.0000	0.0000	0.0000	0.0000	0.0000	0.0000	0.0000	0.0000	0.0000	0.0000	0.0000	0.0000	0.0000	0.0000	0.0000	0.0000	0.0000	0.0000	0.0000	0.0000	0.0000	0.0000	0.0000	0.0000	0.0000	0.0000	0.0000	0.0000	0.0000	0.0000	0.0000	0.0000	0.0000	0.0000	0.0000	0.0000
44	74	0.0561	7	2	0	1	0	1	0	1	0	0	1	1	1	0	0	0	0	0	0	Y	N	N	N	N	N	N	N	N	N	N	N	N	N	N	N	N	N	0.0000	0.0000	0.0000	0.0000	0.0000	0.0000	0.0000	0.0000	0.0000	0.0000	0.0000	0.0000	0.0000	0.0000	0.0000	0.0000	0.0000	0.0000	0.0004	0.0006	0.0001	0.0000	0.0000	0.0001	0.0004	0.0008	0.0001		0.1783	0.0000	-0.0000	2.9998	2.9595	4.8980	5.1315	0.0000	0.0000	0.0000	0.0000	0.0000	0.0000	0.0000	0.0000	0.0000	0.0000	0.0000	0.0000	0.0000	0.0000	0.0000	0.0000	0.0000	0.0000	0.1215	0.1055	0.0160	0.0079	0.0077	0.0002	0.1135	0.0978	0.0158	0.1300	0.0642	0.0658	0.0121	0.0111	0.0010	0.1179	0.0531	0.0648
44	75	0.0555	5	2	0	0	0	0	0	0	0	0	1	2	2	0	0	0	0	0	0	Y	N	N	N	Y	Y	N	N	N	N	N	N	N	N	N	N	N	N	0.0000	0.0000	0.0000	0.0000	0.0000	0.0000	0.0000	0.0000	0.0000	0.0000	0.0000	0.0000	0.0000	0.0000	0.0000	0.0000	0.0000	0.0000	0.0000	0.0000	0.0000	0.0000	0.0000	0.0000	0.0000	0.0000	0.0000			0.0000	0.0000	2.9998	0.0000	4.8980	1.0000	0.0000	0.0000	0.0000	0.0000	0.0000	0.0000	0.0000	0.0000	0.0000	0.0000	0.0000	0.0000	0.0000	0.0000	0.0000	0.0000	0.0000	0.0000	0.0000	0.0000	0.0000	0.0000	0.0000	0.0000	0.0000	0.0000	0.0000	0.0150	0.0088	0.0062	0.0009	0.0008	0.0001	0.0141	0.0080	0.0061
44	76	0.0555	4	2	0	0	0	0	0	0	0	0	2	2	2	0	0	0	0	0	0	Y	N	N	N	Y	Y	N	N	N	N	N	N	N	N	N	N	N	N	0.0000	0.0000	0.0000	0.0000	0.0000	0.0000	0.0000	0.0000	0.0000	0.0000	0.0000	0.0000	0.0000	0.0000	0.0000	0.0000	0.0000	0.0000	0.0000	0.0000	0.0000	0.0000	0.0000	0.0000	0.0000	0.0000	0.0000			0.0000	0.0000	2.9998	0.0000	4.8980	0.0000	0.0000	0.0000	0.0000	0.0000	0.0000	0.0000	0.0000	0.0000	0.0000	0.0000	0.0000	0.0000	0.0000	0.0000	0.0000	0.0000	0.0000	0.0000	0.0000	0.0000	0.0000	0.0000	0.0000	0.0000	0.0000	0.0000	0.0000	0.0020	0.0011	0.0009	0.0010	0.0010	0.0000	0.0010	0.0001	0.0009
44	77	0.0337	3	2	0	0	0	0	0	0	0	1	1	2	1	0	0	0	0	0	0	Y	N	N	N	Y	N	N	N	N	N	N	N	N	N	N	N	N	N	0.0315	0.0757	0.0000	0.0000	0.0000	0.0000	0.0744	1.8895	0.0000	0.0026	0.0029	0.0000	0.0000	0.0000	0.0000	0.0052	0.0065	0.0000	0.0822	0.0381	0.1227	0.2290	0.2256	0.2821	0.0696	0.0034	0.1212	0.0000	3.5098	-0.0000	0.0016	2.9998	0.0002	4.8980	3.7635	0.0000	0.0000	0.0000	0.0000	0.0000	0.0000	0.0000	0.0000	0.0000	0.0054	0.0012	0.0042	0.0012	0.0011	0.0001	0.0042	0.0001	0.0041	0.0039	0.0035	0.0004	0.0019	0.0019	0.0000	0.0019	0.0015	0.0004	0.0652	0.0312	0.0340	0.0052	0.0049	0.0003	0.0600	0.0263	0.0337
44	79	0.0817	11	2	0	1	0	0	0	0	0	0	1	1	1	0	0	0	0	0	0	Y	N	N	N	N	N	N	N	N	N	N	N	N	N	N	N	N	N	0.0000	0.0000	0.0000	0.0000	0.0000	0.0000	0.0000	0.0000	0.0000	0.0000	0.0000	0.0000	0.0000	0.0000	0.0000	0.0000	0.0000	0.0000	0.0223	0.0453	0.0000	0.2104	0.2491	0.0000	0.0000	0.0000	0.0000		0.0000	0.0000	-0.0006	2.9998	1.0047	4.8980	3.0004	0.0000	0.0000	0.0000	0.0000	0.0000	0.0000	0.0000	0.0000	0.0000	0.0014	0.0014	0.0000	0.0014	0.0014	0.0000	0.0000	0.0000	0.0000	0.0365	0.0313	0.0051	0.0006	0.0006	0.0000	0.0358	0.0307	0.0051	0.0606	0.0298	0.0308	0.0064	0.0054	0.0010	0.0542	0.0244	0.0298
44	80	0.0710	10	2	0	1	0	0	0	0	0	0	1	1	1	0	0	0	0	0	0	Y	N	N	N	N	N	N	N	N	N	N	N	N	N	N	N	N	N	0.0000	0.0000	0.0000	0.0000	0.0000	0.0000	0.0000	0.0000	0.0000	0.0000	0.0000	0.0000	0.0000	0.0000	0.0000	0.0000	0.0000	0.0000	0.0233	0.0172	0.0306	0.0189	0.0257	0.0000	0.0258	0.0091	0.0390		1.4643	0.0000	0.0002	2.9998	1.0096	4.8980	2.0672	0.0000	0.0000	0.0000	0.0000	0.0000	0.0000	0.0000	0.0000	0.0000	0.0019	0.0008	0.0011	0.0006	0.0006	0.0000	0.0014	0.0002	0.0011	0.0377	0.0324	0.0053	0.0009	0.0009	0.0000	0.0368	0.0315	0.0053	0.0825	0.0453	0.0373	0.0301	0.0221	0.0080	0.0524	0.0231	0.0293
44	81	0.0639	9	2	0	1	0	1	0	1	0	0	1	1	1	0	0	0	0	0	0	Y	N	N	N	N	N	N	N	N	N	N	N	N	N	N	N	N	N	0.0000	0.0000	0.0000	0.0000	0.0000	0.0000	0.0000	0.0000	0.0000	0.0000	0.0000	0.0000	0.0000	0.0000	0.0000	0.0000	0.0000	0.0000	0.0167	0.0112	0.0221	0.0052	0.0058	0.0005	0.0180	0.0123	0.0226		2.0458	0.0000	0.0001	2.9998	0.9933	4.8980	1.5154	0.0000	0.0000	0.0000	0.0000	0.0000	0.0000	0.0000	0.0000	0.0000	0.0007	0.0002	0.0005	0.0000	0.0000	0.0000	0.0007	0.0002	0.0005	0.0364	0.0313	0.0052	0.0003	0.0003	0.0000	0.0361	0.0310	0.0052	0.0409	0.0201	0.0208	0.0040	0.0035	0.0005	0.0369	0.0166	0.0203
44	82	0.0867	13	2	0	1	0	0	0	1	0	0	1	1	1	0	0	0	0	0	0	Y	N	N	N	N	N	N	N	N	N	N	N	N	N	N	N	N	N	0.0000	0.0000	0.0000	0.0000	0.0000	0.0000	0.0000	0.0000	0.0000	0.0000	0.0000	0.0000	0.0000	0.0000	0.0000	0.0000	0.0000	0.0000	0.0011	0.0018	0.0004	0.0015	0.0000	0.0134	0.0011	0.0023	0.0000		0.1952	0.0000	-0.0000	2.9998	4.0000	4.8980	3.0004	0.0000	0.0000	0.0000	0.0000	0.0000	0.0000	0.0000	0.0000	0.0000	0.0001	0.0001	0.0000	0.0000	0.0000	0.0000	0.0001	0.0001	0.0000	0.1448	0.1243	0.0204	0.0013	0.0012	0.0001	0.1435	0.1232	0.0204	0.1076	0.0545	0.0532	0.0131	0.0117	0.0015	0.0945	0.0428	0.0517
44	84	0.0472	6	2	0	1	0	1	0	1	0	0	1	1	1	0	0	0	0	0	0	Y	N	N	N	N	N	N	N	N	N	N	N	N	N	N	N	N	N	0.0000	0.0000	0.0000	0.0000	0.0000	0.0000	0.0000	0.0000	0.0000	0.0000	0.0000	0.0000	0.0000	0.0000	0.0000	0.0000	0.0000	0.0000	0.0012	0.0022	0.0003	0.0146	0.0168	0.0000	0.0004	0.0005	0.0003		0.1533	0.0000	-0.0001	2.9998	2.0009	4.8980	6.0608	0.0000	0.0000	0.0000	0.0000	0.0000	0.0000	0.0000	0.0000	0.0000	0.0002	0.0001	0.0000	0.0001	0.0001	0.0000	0.0000	0.0000	0.0000	0.0743	0.0637	0.0106	0.0002	0.0002	0.0000	0.0740	0.0635	0.0106	0.1269	0.0606	0.0664	0.0069	0.0060	0.0009	0.1200	0.0546	0.0654
44	85	0.0951	15	2	0	1	0	0	0	0	0	0	1	1	1	0	0	0	0	0	0	Y	N	N	N	N	N	N	N	N	N	N	N	N	N	N	N	N	N	0.0000	0.0000	0.0000	0.0000	0.0000	0.0000	0.0000	0.0000	0.0000	0.0000	0.0000	0.0000	0.0000	0.0000	0.0000	0.0000	0.0000	0.0000	15.2885	29.0994	0.0001	99.3288	112.0963	0.0000	0.0000	0.0000	0.0001		0.0000	0.0000	-0.4616	2.9998	2.0003	4.8980	2.0390	0.0000	0.0000	0.0000	0.0000	0.0000	0.0000	0.0000	0.0000	0.0000	0.9739	0.9739	0.0000	0.9739	0.9739	0.0000	0.0000	0.0000	0.0000	0.0731	0.0628	0.0102	0.0011	0.0010	0.0000	0.0720	0.0618	0.0102	0.0637	0.0335	0.0302	0.0098	0.0087	0.0011	0.0539	0.0248	0.0291
44	86	0.0878	14	2	0	1	0	1	0	1	0	0	1	1	1	0	0	0	0	0	0	Y	N	N	N	N	N	N	N	N	N	N	N	N	N	N	N	N	N	0.0000	0.0000	0.0000	0.0000	0.0000	0.0000	0.0000	0.0000	0.0000	0.0000	0.0000	0.0000	0.0000	0.0000	0.0000	0.0000	0.0000	0.0000	0.0677	0.1340	0.0000	0.5831	0.6547	0.0000	0.0018	0.0040	0.0000		0.0000	0.0000	-0.0010	2.9998	1.0005	4.8980	0.9990	0.0000	0.0000	0.0000	0.0000	0.0000	0.0000	0.0000	0.0000	0.0000	0.0021	0.0021	0.0000	0.0021	0.0021	0.0000	0.0001	0.0001	0.0000	0.0488	0.0422	0.0066	0.0067	0.0066	0.0000	0.0421	0.0356	0.0066	0.0312	0.0158	0.0154	0.0035	0.0031	0.0004	0.0276	0.0126	0.0150
44	89	0.1196	11	2	0	1	0	0	0	0	0	0	1	1	1	0	0	0	0	0	0	Y	N	N	N	N	N	N	N	N	N	N	N	N	N	N	N	N	N	0.0000	0.0000	0.0000	0.0000	0.0000	0.0000	0.0000	0.0000	0.0000	0.0000	0.0000	0.0000	0.0000	0.0000	0.0000	0.0000	0.0000	0.0000	0.0338	0.0124	0.0559	0.0665	0.0456	0.4165	0.0300	0.0046	0.0516		4.3383	0.0000	0.0008	2.9998	0.0001	4.8980	3.9037	0.0000	0.0000	0.0000	0.0000	0.0000	0.0000	0.0000	0.0000	0.0000	0.0023	0.0004	0.0019	0.0005	0.0003	0.0002	0.0019	0.0001	0.0017	0.0000	0.0000	0.0000	0.0000	0.0000	0.0000	0.0000	0.0000	0.0000	0.0695	0.0354	0.0341	0.0072	0.0068	0.0004	0.0624	0.0286	0.0337
44	90	0.0930	10	2	0	1	0	0	0	0	0	0	1	1	1	0	0	0	0	0	0	Y	N	N	N	N	N	N	N	N	N	N	N	N	N	N	N	N	N	0.0000	0.0000	0.0000	0.0001	0.0001	0.0000	0.0000	0.0000	0.0000	0.0000	0.0000	0.0000	0.0002	0.0002	0.0000	0.0000	0.0000	0.0000	0.2294	0.4113	0.0296	1.5086	1.7707	0.0002	0.0165	0.0001	0.0310	0.0000	0.0656	-0.0000	-0.0153	2.9998	1.0001	4.8980	8.1987	0.0000	0.0000	0.0000	0.0000	0.0000	0.0000	0.0000	0.0000	0.0000	0.0371	0.0348	0.0023	0.0348	0.0348	0.0000	0.0023	0.0000	0.0023	0.0371	0.0318	0.0053	0.0005	0.0004	0.0000	0.0366	0.0314	0.0053	0.1616	0.0846	0.0770	0.0231	0.0196	0.0034	0.1385	0.0649	0.0736
44	91	0.1012	15	2	0	1	0	0	0	0	0	0	1	1	1	0	0	0	0	0	0	Y	N	N	N	N	N	N	N	N	N	N	N	N	N	N	N	N	N	0.0000	0.0000	0.0000	0.0000	0.0000	0.0000	0.0000	0.0000	0.0000	0.0000	0.0000	0.0000	0.0000	0.0000	0.0000	0.0000	0.0000	0.0000	0.1609	0.3092	0.0002	1.0628	1.1912	0.0001	0.0001	0.0001	0.0002		0.0005	0.0000	-0.0120	2.9998	1.0071	4.8980	9.1029	0.0000	0.0000	0.0000	0.0000	0.0000	0.0000	0.0000	0.0000	0.0000	0.0254	0.0254	0.0000	0.0254	0.0254	0.0000	0.0000	0.0000	0.0000	0.0375	0.0322	0.0053	0.0008	0.0008	0.0000	0.0366	0.0314	0.0052	0.1580	0.0822	0.0758	0.0239	0.0213	0.0026	0.1341	0.0609	0.0732
44	92	0.0867	14	2	0	1	0	0	0	1	0	0	1	1	1	0	0	0	0	0	0	Y	N	N	N	N	N	N	N	N	N	N	N	N	N	N	N	N	N	0.0000	0.0000	0.0000	0.0000	0.0000	0.0000	0.0000	0.0000	0.0000	0.0000	0.0000	0.0000	0.0000	0.0000	0.0000	0.0000	0.0000	0.0000	12.3420	24.2469	0.1304	97.9095	109.6776	0.0004	0.1407	0.1488	0.1341		0.0052	0.0000	-0.4546	2.9998	0.9988	4.8980	4.0321	0.0000	0.0000	0.0000	0.0000	0.0000	0.0000	0.0000	0.0000	0.0000	0.9698	0.9648	0.0051	0.9601	0.9601	0.0000	0.0097	0.0046	0.0051	0.0367	0.0315	0.0052	0.0003	0.0003	0.0000	0.0364	0.0312	0.0052	0.0786	0.0398	0.0388	0.0098	0.0088	0.0011	0.0688	0.0310	0.0377
44	93	0.0867	13	2	0	0	0	0	0	0	0	0	1	1	1	0	0	0	0	0	0	Y	N	N	N	N	N	N	N	N	N	N	N	N	N	N	N	N	N	0.0000	0.0000	0.0000	0.0000	0.0000	0.0000	0.0000	0.0000	0.0000	0.0000	0.0000	0.0000	0.0000	0.0000	0.0000	0.0000	0.0000	0.0000	0.0796	0.1335	0.0147	0.1279	0.1129	1.1101	0.0527	0.1707	0.0016		0.0912	0.0000	-0.0001	2.9998	0.0001	4.8980	0.0783	0.0000	0.0000	0.0000	0.0000	0.0000	0.0000	0.0000	0.0000	0.0000	0.0003	0.0002	0.0000	0.0002	0.0001	0.0000	0.0001	0.0001	0.0000	0.0000	0.0000	0.0000	0.0000	0.0000	0.0000	0.0000	0.0000	0.0000	0.0033	0.0018	0.0015	0.0012	0.0012	0.0000	0.0021	0.0006	0.0015
44	94	0.0781	12	2	0	0	0	1	0	0	0	0	1	1	1	0	0	0	0	0	0	Y	N	N	N	N	N	N	N	N	N	N	N	N	N	N	N	N	N	0.0000	0.0000	0.0000	0.0000	0.0000	0.0000	0.0000	0.0000	0.0000	0.0000	0.0000	0.0000	0.0000	0.0000	0.0000	0.0000	0.0000	0.0000	21.5726	42.7618	0.0025	0.0039	0.0044	0.0000	24.2137	52.9725	0.0026		0.0001	0.0000	-0.4735	2.9998	0.0004	4.8980	2.9660	0.0000	0.0000	0.0000	0.0000	0.0000	0.0000	0.0000	0.0000	0.0000	0.9991	0.9991	0.0001	0.0000	0.0000	0.0000	0.9991	0.9991	0.0001	0.0000	0.0000	0.0000	0.0000	0.0000	0.0000	0.0000	0.0000	0.0000	0.0463	0.0234	0.0230	0.0051	0.0045	0.0005	0.0413	0.0189	0.0224
44	100	0.0679	11	1	0	1	0	0	0	0	0	0	1	2	1	0	0	0	0	0	0	N	N	N	N	Y	N	N	N	N	N	N	N	N	N	N	N	N	N	0.0000	0.0000	0.0000	0.0000	0.0000	0.0000	0.0000	0.0000	0.0000	0.0000	0.0000	0.0000	0.0000	0.0000	0.0000	0.0000	0.0000	0.0000	0.0000	0.0000	0.0000	0.0000	0.0000	0.0000	0.0000	0.0000	0.0000			0.0000	0.0000	2.9998	0.0000	4.8980	0.0000	0.0000	0.0000	0.0000	0.0000	0.0000	0.0000	0.0000	0.0000	0.0000	0.0000	0.0000	0.0000	0.0000	0.0000	0.0000	0.0000	0.0000	0.0000	0.0000	0.0000	0.0000	0.0000	0.0000	0.0000	0.0000	0.0000	0.0000	0.0000	0.0000	0.0000	0.0000	0.0000	0.0000	0.0000	0.0000	0.0000
44	101	0.0622	10	1	0	1	0	0	0	0	0	0	1	2	1	0	0	0	0	0	0	N	N	N	N	Y	N	N	N	N	N	N	N	N	N	N	N	N	N	0.0000	0.0000	0.0000	0.0000	0.0000	0.0000	0.0000	0.0000	0.0000	0.0000	0.0000	0.0000	0.0000	0.0000	0.0000	0.0000	0.0000	0.0000	0.0000	0.0000	0.0000	0.0000	0.0000	0.0000	0.0000	0.0000	0.0000			0.0000	0.0000	2.9998	1.0000	4.8980	0.0000	0.0000	0.0000	0.0000	0.0000	0.0000	0.0000	0.0000	0.0000	0.0000	0.0000	0.0000	0.0000	0.0000	0.0000	0.0000	0.0000	0.0000	0.0000	0.0373	0.0320	0.0053	0.0001	0.0001	0.0000	0.0372	0.0319	0.0053	0.0162	0.0078	0.0084	0.0016	0.0013	0.0003	0.0145	0.0065	0.0080
44	102	0.0622	9	1	0	1	0	0	0	0	0	0	1	2	1	0	0	0	0	0	0	N	N	N	N	Y	N	N	N	N	N	N	N	N	N	N	N	N	N	0.0000	0.0000	0.0000	0.0000	0.0000	0.0000	0.0000	0.0000	0.0000	0.0000	0.0000	0.0000	0.0000	0.0000	0.0000	0.0000	0.0000	0.0000	61.5491	127.2470	0.0000	0.0000	0.0000	0.0000	68.4392	152.4952	0.0000		0.0000	0.0000	-0.0002	2.9998	0.0000	4.8980	0.0005	0.0000	0.0000	0.0000	0.0000	0.0000	0.0000	0.0000	0.0000	0.0000	0.0005	0.0005	0.0000	0.0000	0.0000	0.0000	0.0005	0.0005	0.0000	0.0000	0.0000	0.0000	0.0000	0.0000	0.0000	0.0000	0.0000	0.0000	0.0000	0.0000	0.0000	0.0000	0.0000	0.0000	0.0000	0.0000	0.0000
44	104	0.0803	8	2	0	1	0	1	0	1	0	0	1	1	1	0	0	0	0	0	0	Y	N	N	N	N	N	N	N	N	N	N	N	N	N	N	N	N	N	0.0000	0.0000	0.0000	0.0000	0.0000	0.0000	0.0000	0.0000	0.0000	0.0000	0.0000	0.0000	0.0000	0.0000	0.0000	0.0000	0.0000	0.0000	0.0000	0.0001	0.0000	0.0000	0.0000	0.0000	0.0000	0.0001	0.0000		0.1421	0.0000	-0.0000	2.9998	1.0000	4.8980	1.0715	0.0000	0.0000	0.0000	0.0000	0.0000	0.0000	0.0000	0.0000	0.0000	0.0000	0.0000	0.0000	0.0000	0.0000	0.0000	0.0000	0.0000	0.0000	0.0370	0.0318	0.0053	0.0004	0.0004	0.0000	0.0366	0.0314	0.0053	0.0371	0.0202	0.0170	0.0054	0.0048	0.0006	0.0318	0.0154	0.0164
44	105	0.0803	9	1	0	0	0	0	0	0	0	0	2	1	2	0	0	0	0	0	0	N	N	N	N	N	Y	N	N	N	N	N	N	N	N	N	N	N	N	0.0000	0.0000	0.0000	0.0000	0.0000	0.0000	0.0000	0.0000	0.0000	0.0000	0.0000	0.0000	0.0000	0.0000	0.0000	0.0000	0.0000	0.0000	0.0000	0.0000	0.0000	0.0000	0.0000	0.0000	0.0000	0.0000	0.0000			0.0000	0.0000	2.9998	0.0000	4.8980	1.0001	0.0000	0.0000	0.0000	0.0000	0.0000	0.0000	0.0000	0.0000	0.0000	0.0000	0.0000	0.0000	0.0000	0.0000	0.0000	0.0000	0.0000	0.0000	0.0000	0.0000	0.0000	0.0000	0.0000	0.0000	0.0000	0.0000	0.0000	0.0205	0.0121	0.0084	0.0038	0.0036	0.0003	0.0166	0.0086	0.0081
44	106	0.0622	9	1	0	0	0	0	0	0	0	0	2	1	2	0	0	0	0	0	0	N	N	N	N	N	Y	N	N	N	N	N	N	N	N	N	N	N	N	0.0000	0.0000	0.0000	0.0000	0.0000	0.0000	0.0000	0.0000	0.0000	0.0000	0.0000	0.0000	0.0000	0.0000	0.0000	0.0000	0.0000	0.0000	0.0000	0.0000	0.0000	0.0000	0.0000	0.0000	0.0000	0.0000	0.0000			0.0000	0.0000	2.9998	0.0000	4.8980	0.0000	0.0000	0.0000	0.0000	0.0000	0.0000	0.0000	0.0000	0.0000	0.0000	0.0000	0.0000	0.0000	0.0000	0.0000	0.0000	0.0000	0.0000	0.0000	0.0000	0.0000	0.0000	0.0000	0.0000	0.0000	0.0000	0.0000	0.0000	0.0000	0.0000	0.0000	0.0000	0.0000	0.0000	0.0000	0.0000	0.0000
44	107	0.0708	13	1	0	0	0	0	0	0	0	0	2	1	2	0	0	0	0	0	0	N	N	N	N	N	Y	N	N	N	N	N	N	N	N	N	N	N	N	0.0000	0.0000	0.0000	0.0000	0.0000	0.0000	0.0000	0.0000	0.0000	0.0000	0.0000	0.0000	0.0000	0.0000	0.0000	0.0000	0.0000	0.0000	0.0000	0.0000	0.0000	0.0000	0.0000	0.0000	0.0000	0.0000	0.0000			0.0000	0.0000	2.9998	0.0000	4.8980	0.0000	0.0000	0.0000	0.0000	0.0000	0.0000	0.0000	0.0000	0.0000	0.0000	0.0000	0.0000	0.0000	0.0000	0.0000	0.0000	0.0000	0.0000	0.0000	0.0000	0.0000	0.0000	0.0000	0.0000	0.0000	0.0000	0.0000	0.0000	0.0000	0.0000	0.0000	0.0000	0.0000	0.0000	0.0000	0.0000	0.0000
44	113	0.0573	7	2	0	1	0	0	0	0	0	0	1	2	1	0	0	0	0	0	0	Y	N	N	N	Y	N	N	N	N	N	N	N	N	N	N	N	N	N	0.0000	0.0000	0.0000	0.0000	0.0000	0.0000	0.0000	0.0000	0.0000	0.0000	0.0000	0.0000	0.0000	0.0000	0.0000	0.0000	0.0000	0.0000	0.0000	0.0000	0.0000	0.0000	0.0000	0.0000	0.0000	0.0000	0.0000			0.0000	0.0000	2.9998	0.0000	4.8980	1.0000	0.0000	0.0000	0.0000	0.0000	0.0000	0.0000	0.0000	0.0000	0.0000	0.0000	0.0000	0.0000	0.0000	0.0000	0.0000	0.0000	0.0000	0.0000	0.0000	0.0000	0.0000	0.0000	0.0000	0.0000	0.0000	0.0000	0.0000	0.0155	0.0081	0.0075	0.0013	0.0011	0.0002	0.0142	0.0070	0.0072
44	114	0.0516	6	2	0	1	0	1	0	1	0	1	1	2	1	0	0	0	0	0	0	Y	N	N	N	Y	N	N	N	N	N	N	N	N	N	N	N	N	N	0.0000	0.0000	0.0000	0.0000	0.0000	0.0000	0.0000	0.0000	0.0000	0.0000	0.0000	0.0000	0.0000	0.0000	0.0000	0.0000	0.0000	0.0000	0.0000	0.0000	0.0000	0.0000	0.0000	0.0000	0.0000	0.0000	0.0000			0.0000	0.0000	2.9998	0.0000	4.8980	1.0009	0.0000	0.0000	0.0000	0.0000	0.0000	0.0000	0.0000	0.0000	0.0000	0.0000	0.0000	0.0000	0.0000	0.0000	0.0000	0.0000	0.0000	0.0000	0.0000	0.0000	0.0000	0.0000	0.0000	0.0000	0.0000	0.0000	0.0000	0.0459	0.0358	0.0101	0.0161	0.0159	0.0002	0.0297	0.0199	0.0098
44	115	0.0930	10	2	0	1	0	0	0	0	0	0	1	1	1	0	0	0	0	0	0	Y	N	N	N	N	N	N	N	N	N	N	N	N	N	N	N	N	N	1.0142	3.2325	2.1735	0.0000	0.0000	0.0000	0.9400	inf	2.0821	0.0027	0.0013	0.0113	0.0000	0.0000	0.0000	0.0027	0.0013	0.0114	0.0027	0.0004	0.0052	0.0013	0.0016	0.0000	0.0029	0.0000	0.0055	1.5000	11.8930	0.0000	0.0002	2.9998	0.9998	4.8980	6.9031	0.0001	0.0000	0.0001	0.0000	0.0000	0.0000	0.0001	0.0000	0.0001	0.0004	0.0000	0.0004	0.0000	0.0000	0.0000	0.0004	0.0000	0.0004	0.0371	0.0318	0.0053	0.0005	0.0004	0.0000	0.0366	0.0314	0.0053	0.1432	0.0759	0.0673	0.0223	0.0190	0.0033	0.1209	0.0569	0.0640
44	116	0.0803	9	2	0	1	0	1	0	1	0	0	1	1	1	0	0	0	0	0	0	Y	N	N	N	N	N	N	N	N	N	N	N	N	N	N	N	N	N	0.2488	0.0637	8.3098	0.0000	0.0000	0.0000	0.9416	0.2779	8.0757	0.0016	0.0007	0.0067	0.0000	0.0000	0.0000	0.0016	0.0008	0.0068	0.0065	0.0118	0.0008	0.0411	0.0480	0.0000	0.0017	0.0027	0.0008	1.5000	0.0649	0.0000	-0.0002	2.9998	0.0012	4.8980	4.2539	0.0000	0.0000	0.0000	0.0000	0.0000	0.0000	0.0000	0.0000	0.0000	0.0005	0.0004	0.0000	0.0003	0.0003	0.0000	0.0001	0.0001	0.0000	0.0000	0.0000	0.0000	0.0000	0.0000	0.0000	0.0000	0.0000	0.0000	0.0706	0.0364	0.0343	0.0085	0.0073	0.0012	0.0622	0.0291	0.0331
44	119	0.0622	9	2	0	1	0	1	0	0	0	0	1	2	1	0	0	0	0	0	0	Y	N	N	N	Y	N	N	N	N	N	N	N	N	N	N	N	N	N	0.0000	0.0000	0.0000	0.0000	0.0000	0.0000	0.0000	0.0000	0.0000	0.0000	0.0000	0.0000	0.0000	0.0000	0.0000	0.0000	0.0000	0.0000	0.0000	0.0000	0.0000	0.0000	0.0000	0.0000	0.0000	0.0000	0.0000			0.0000	0.0000	2.9998	0.0000	4.8980	0.0000	0.0000	0.0000	0.0000	0.0000	0.0000	0.0000	0.0000	0.0000	0.0000	0.0000	0.0000	0.0000	0.0000	0.0000	0.0000	0.0000	0.0000	0.0000	0.0000	0.0000	0.0000	0.0000	0.0000	0.0000	0.0000	0.0000	0.0000	0.0000	0.0000	0.0000	0.0000	0.0000	0.0000	0.0000	0.0000	0.0000
44	120	0.0594	8	1	0	1	0	0	0	1	0	1	1	2	1	0	0	0	0	0	0	N	N	N	N	Y	N	N	N	N	N	N	N	N	N	N	N	N	N	0.0000	0.0000	0.0000	0.0000	0.0000	0.0000	0.0000	0.0000	0.0000	0.0000	0.0000	0.0000	0.0000	0.0000	0.0000	0.0000	0.0000	0.0000	0.0000	0.0000	0.0000	0.0000	0.0000	0.0000	0.0000	0.0000	0.0000			0.0000	-0.0000	2.9998	0.0001	4.8980	1.0001	0.0000	0.0000	0.0000	0.0000	0.0000	0.0000	0.0000	0.0000	0.0000	0.0000	0.0000	0.0000	0.0000	0.0000	0.0000	0.0000	0.0000	0.0000	0.0000	0.0000	0.0000	0.0000	0.0000	0.0000	0.0000	0.0000	0.0000	0.0163	0.0079	0.0084	0.0016	0.0013	0.0003	0.0147	0.0066	0.0081
45	46	0.0348	6	2	0	1	0	0	0	0	0	1	0	2	0	0	0	0	0	0	0	Y	N	N	N	Y	N	N	N	N	N	N	N	N	N	N	N	N	N	0.0000	0.0000	0.0000	0.0000	0.0000	0.0000	0.0000	0.0000	0.0000	0.0000	0.0000	0.0000	0.0000	0.0000	0.0000	0.0000	0.0000	0.0000	0.0000	0.0000	0.0000	0.0000	0.0000	0.0000	0.0000	0.0000	0.0000			0.0000	0.0000	0.0002	0.0000	2.0813	0.0000	0.0000	0.0000	0.0000	0.0000	0.0000	0.0000	0.0000	0.0000	0.0000	0.0000	0.0000	0.0000	0.0000	0.0000	0.0000	0.0000	0.0000	0.0000	0.0000	0.0000	0.0000	0.0000	0.0000	0.0000	0.0000	0.0000	0.0000	0.0000	0.0000	0.0000	0.0000	0.0000	0.0000	0.0000	0.0000	0.0000
45	52	0.0287	6	2	0	1	0	0	0	0	0	1	1	1	1	0	0	0	0	0	0	Y	N	N	N	N	N	N	N	N	N	N	N	N	N	N	N	N	N	0.0000	0.0000	0.0000	0.0000	0.0000	0.0000	0.0000	0.0000	0.0000	0.0000	0.0000	0.0000	0.0000	0.0000	0.0000	0.0000	0.0000	0.0000	4.9311	4.2920	5.8000	22.0300	23.5179	0.0035	2.7701	0.0022	5.8988		0.9941	0.0000	0.0012	0.0002	0.0000	2.0813	2.0000	0.0000	0.0000	0.0000	0.0000	0.0000	0.0000	0.0000	0.0000	0.0000	0.0471	0.0236	0.0235	0.0236	0.0236	0.0000	0.0235	0.0000	0.0235	0.0000	0.0000	0.0000	0.0000	0.0000	0.0000	0.0000	0.0000	0.0000	0.0096	0.0055	0.0041	0.0011	0.0010	0.0001	0.0085	0.0045	0.0040
45	53	0.0254	5	2	0	1	0	0	0	0	0	1	0	1	0	0	0	0	0	0	0	Y	N	N	N	N	N	N	N	N	N	N	N	N	N	N	N	N	N	0.0000	0.0000	0.0000	0.0000	0.0000	0.0000	0.0000	0.0000	0.0000	0.0000	0.0000	0.0000	0.0000	0.0000	0.0000	0.0000	0.0000	0.0000	0.0000	0.0000	0.0000	0.0000	0.0000	0.0000	0.0000	0.0000	0.0000			0.0000	0.0000	0.0002	0.9935	2.0813	0.0062	0.0000	0.0000	0.0000	0.0000	0.0000	0.0000	0.0000	0.0000	0.0000	0.0000	0.0000	0.0000	0.0000	0.0000	0.0000	0.0000	0.0000	0.0000	0.0000	0.0000	0.0000	0.0000	0.0000	0.0000	0.0000	0.0000	0.0000	0.0050	0.0029	0.0021	0.0006	0.0005	0.0000	0.0044	0.0023	0.0021
45	54	0.0154	4	2	0	1	0	0	0	0	0	1	0	1	0	0	0	0	0	0	0	Y	N	N	N	N	N	N	N	N	N	N	N	N	N	N	N	N	N	0.0000	0.0000	0.0000	0.0000	0.0000	0.0000	0.0000	0.0000	0.0000	0.0000	0.0000	0.0000	0.0000	0.0000	0.0000	0.0000	0.0000	0.0000	0.0000	0.0000	0.0000	0.0000	0.0000	0.0000	0.0000	0.0000	0.0000			0.0000	0.0000	0.0002	0.0065	2.0813	3.0034	0.0000	0.0000	0.0000	0.0000	0.0000	0.0000	0.0000	0.0000	0.0000	0.0000	0.0000	0.0000	0.0000	0.0000	0.0000	0.0000	0.0000	0.0000	0.0000	0.0000	0.0000	0.0000	0.0000	0.0000	0.0000	0.0000	0.0000	0.0172	0.0101	0.0070	0.0024	0.0024	0.0000	0.0148	0.0077	0.0070
45	55	0.0116	4	2	0	0	0	0	0	0	0	1	1	2	1	0	0	0	0	0	0	Y	N	N	N	Y	N	N	N	N	N	N	N	N	N	N	N	N	N	0.0000	0.0000	0.0000	0.0000	0.0000	0.0000	0.0000	0.0000	0.0000	0.0000	0.0000	0.0000	0.0000	0.0000	0.0000	0.0000	0.0000	0.0000	0.0001	0.0001	0.0000	0.0012	0.0012	0.0000	0.0000	0.0000	0.0000		0.0000	0.0000	-0.0000	0.0002	0.0000	2.0813	1.0065	0.0000	0.0000	0.0000	0.0000	0.0000	0.0000	0.0000	0.0000	0.0000	0.0000	0.0000	0.0000	0.0000	0.0000	0.0000	0.0000	0.0000	0.0000	0.0000	0.0000	0.0000	0.0000	0.0000	0.0000	0.0000	0.0000	0.0000	0.0048	0.0024	0.0024	0.0003	0.0003	0.0000	0.0045	0.0021	0.0024
45	56	0.0088	3	2	0	0	0	0	0	0	0	1	0	2	0	0	0	0	0	0	0	Y	N	N	N	Y	N	N	N	N	N	N	N	N	N	N	N	N	N	0.0000	0.0000	0.0000	0.0000	0.0000	0.0000	0.0000	0.0000	0.0000	0.0000	0.0000	0.0000	0.0000	0.0000	0.0000	0.0000	0.0000	0.0000	0.0023	0.0042	0.0003	0.0000	0.0000	0.0000	0.0024	0.0047	0.0003		0.0670	0.0000	-0.0000	0.0002	0.0000	2.0813	1.0047	0.0000	0.0000	0.0000	0.0000	0.0000	0.0000	0.0000	0.0000	0.0000	0.0000	0.0000	0.0000	0.0000	0.0000	0.0000	0.0000	0.0000	0.0000	0.0000	0.0000	0.0000	0.0000	0.0000	0.0000	0.0000	0.0000	0.0000	0.0047	0.0024	0.0023	0.0002	0.0002	0.0000	0.0044	0.0021	0.0023
45	57	0.0088	2	2	0	0	0	0	0	0	0	2	0	2	0	0	0	0	0	0	0	Y	N	N	N	Y	N	N	N	N	N	N	N	N	N	N	N	N	N	0.0000	0.0000	0.0000	0.0000	0.0000	0.0000	0.0000	0.0000	0.0000	0.0000	0.0000	0.0000	0.0000	0.0000	0.0000	0.0000	0.0000	0.0000	0.0000	0.0000	0.0000	0.0000	0.0000	0.0000	0.0000	0.0000	0.0000			0.0000	0.0000	0.0002	0.0000	2.0813	0.0000	0.0000	0.0000	0.0000	0.0000	0.0000	0.0000	0.0000	0.0000	0.0000	0.0000	0.0000	0.0000	0.0000	0.0000	0.0000	0.0000	0.0000	0.0000	0.0000	0.0000	0.0000	0.0000	0.0000	0.0000	0.0000	0.0000	0.0000	0.0000	0.0000	0.0000	0.0000	0.0000	0.0000	0.0000	0.0000	0.0000
45	58	0.0154	4	2	0	1	0	0	0	0	0	1	0	1	0	0	0	0	0	0	0	Y	N	N	N	N	N	N	N	N	N	N	N	N	N	N	N	N	N	0.0000	0.0000	0.0000	0.0000	0.0000	0.0000	0.0000	0.0000	0.0000	0.0000	0.0000	0.0000	0.0000	0.0000	0.0000	0.0000	0.0000	0.0000	0.0000	0.0000	0.0000	0.0000	0.0000	0.0000	0.0000	0.0000	0.0000			0.0000	0.0000	0.0002	0.0000	2.0813	1.0108	0.0000	0.0000	0.0000	0.0000	0.0000	0.0000	0.0000	0.0000	0.0000	0.0000	0.0000	0.0000	0.0000	0.0000	0.0000	0.0000	0.0000	0.0000	0.0000	0.0000	0.0000	0.0000	0.0000	0.0000	0.0000	0.0000	0.0000	0.0080	0.0055	0.0025	0.0019	0.0019	0.0000	0.0061	0.0036	0.0025
45	59	0.0088	3	2	0	1	0	0	0	0	0	1	0	1	0	0	0	0	0	0	0	Y	N	N	N	N	N	N	N	N	N	N	N	N	N	N	N	N	N	0.0000	0.0000	0.0000	0.0000	0.0000	0.0000	0.0000	0.0000	0.0000	0.0000	0.0000	0.0000	0.0000	0.0000	0.0000	0.0000	0.0000	0.0000	0.0824	0.1578	0.0060	0.0000	0.0000	0.0000	0.0870	0.1761	0.0060		0.0376	0.0000	-0.0004	0.0002	0.0001	2.0813	2.3402	0.0000	0.0000	0.0000	0.0000	0.0000	0.0000	0.0000	0.0000	0.0000	0.0009	0.0009	0.0000	0.0000	0.0000	0.0000	0.0009	0.0009	0.0000	0.0000	0.0000	0.0000	0.0000	0.0000	0.0000	0.0000	0.0000	0.0000	0.0109	0.0055	0.0054	0.0006	0.0006	0.0000	0.0103	0.0049	0.0054
45	60	0.0088	2	2	0	1	0	0	0	1	0	1	0	1	0	0	0	0	0	0	0	Y	N	N	N	N	N	N	N	N	N	N	N	N	N	N	N	N	N	0.0000	0.0000	0.0000	0.0000	0.0000	0.0000	0.0000	0.0000	0.0000	0.0000	0.0000	0.0000	0.0000	0.0000	0.0000	0.0000	0.0000	0.0000	0.0000	0.0000	0.0000	0.0000	0.0000	0.0000	0.0000	0.0000	0.0000			0.0000	0.0000	0.0002	0.0000	2.0813	0.0002	0.0000	0.0000	0.0000	0.0000	0.0000	0.0000	0.0000	0.0000	0.0000	0.0000	0.0000	0.0000	0.0000	0.0000	0.0000	0.0000	0.0000	0.0000	0.0000	0.0000	0.0000	0.0000	0.0000	0.0000	0.0000	0.0000	0.0000	0.0000	0.0000	0.0000	0.0000	0.0000	0.0000	0.0000	0.0000	0.0000
45	63	0.0670	16	2	0	0	0	0	0	0	0	1	1	1	1	0	0	0	0	0	0	Y	N	N	N	N	N	N	N	N	N	N	N	N	N	N	N	N	N	0.0000	0.0000	0.0000	0.0000	0.0000	0.0000	0.0000	0.0000	0.0000	0.0000	0.0000	0.0000	0.0000	0.0000	0.0000	0.0000	0.0000	0.0000	0.0000	0.0000	0.0000	0.0000	0.0000	0.0000	0.0000	0.0000	0.0000			0.0000	0.0000	0.0002	0.0023	2.0813	3.0060	0.0000	0.0000	0.0000	0.0000	0.0000	0.0000	0.0000	0.0000	0.0000	0.0000	0.0000	0.0000	0.0000	0.0000	0.0000	0.0000	0.0000	0.0000	0.0000	0.0000	0.0000	0.0000	0.0000	0.0000	0.0000	0.0000	0.0000	0.0132	0.0069	0.0063	0.0016	0.0014	0.0001	0.0116	0.0054	0.0061
45	64	0.0642	15	2	0	0	0	1	0	0	0	1	0	1	0	0	0	0	0	0	0	Y	N	N	N	N	N	N	N	N	N	N	N	N	N	N	N	N	N	0.0000	0.0000	0.0000	0.0000	0.0000	0.0000	0.0000	0.0000	0.0000	0.0000	0.0000	0.0000	0.0000	0.0000	0.0000	0.0000	0.0000	0.0000	0.0133	0.0209	0.0049	0.0002	0.0002	0.0000	0.0152	0.0265	0.0050		0.2136	0.0000	-0.0000	0.0002	0.9990	2.0813	0.0212	0.0000	0.0000	0.0000	0.0000	0.0000	0.0000	0.0000	0.0000	0.0000	0.0001	0.0000	0.0000	0.0000	0.0000	0.0000	0.0001	0.0000	0.0000	0.0000	0.0000	0.0000	0.0000	0.0000	0.0000	0.0000	0.0000	0.0000	0.0045	0.0024	0.0022	0.0006	0.0005	0.0000	0.0040	0.0019	0.0021
45	68	0.0330	3	2	0	1	0	0	0	1	0	1	0	2	0	0	0	0	0	0	0	Y	N	N	N	Y	N	N	N	N	N	N	N	N	N	N	N	N	N	0.0000	0.0000	0.0000	0.0000	0.0000	0.0000	0.0000	0.0000	0.0000	0.0000	0.0000	0.0000	0.0000	0.0000	0.0000	0.0000	0.0000	0.0000	0.0085	0.0078	0.0094	0.0332	0.0323	0.0431	0.0044	0.0000	0.0085		0.9902	-0.0000	0.0000	0.0002	0.0002	2.0813	1.2554	0.0000	0.0000	0.0000	0.0000	0.0000	0.0000	0.0000	0.0000	0.0000	0.0001	0.0000	0.0000	0.0000	0.0000	0.0000	0.0000	0.0000	0.0000	0.0000	0.0000	0.0000	0.0000	0.0000	0.0000	0.0000	0.0000	0.0000	0.0063	0.0034	0.0028	0.0009	0.0008	0.0001	0.0054	0.0026	0.0028
45	69	0.0361	5	2	0	0	0	0	0	0	0	1	0	1	0	0	0	0	0	0	0	Y	N	N	N	N	N	N	N	N	N	N	N	N	N	N	N	N	N	0.0000	0.0000	0.0000	0.0000	0.0000	0.0000	0.0000	0.0000	0.0000	0.0000	0.0000	0.0000	0.0000	0.0000	0.0000	0.0000	0.0000	0.0000	0.0008	0.0016	0.0000	0.0057	0.0073	0.0000	0.0000	0.0000	0.0000		0.0000	0.0000	-0.0000	0.0002	1.0007	2.0813	1.2584	0.0000	0.0000	0.0000	0.0000	0.0000	0.0000	0.0000	0.0000	0.0000	0.0000	0.0000	0.0000	0.0000	0.0000	0.0000	0.0000	0.0000	0.0000	0.0000	0.0000	0.0000	0.0000	0.0000	0.0000	0.0000	0.0000	0.0000	0.0118	0.0061	0.0057	0.0017	0.0014	0.0004	0.0100	0.0047	0.0053
45	70	0.0220	4	2	0	0	0	1	0	0	0	1	0	1	0	0	0	0	0	0	0	Y	N	N	N	N	N	N	N	N	N	N	N	N	N	N	N	N	N	0.7781	0.4395	0.0000	1322.1207	1229.9410	0.0000	0.0000	0.0000	0.0000	0.0003	0.0004	0.0000	0.0038	0.0038	0.0000	0.0000	0.0000	0.0000	0.0004	0.0009	0.0000	0.0000	0.0000	0.0000	0.0005	0.0010	0.0000	0.0000	0.0001	-0.0000	-0.0000	0.0002	3.0007	2.0813	1.9606	0.0000	0.0000	0.0000	0.0000	0.0000	0.0000	0.0000	0.0000	0.0000	0.0000	0.0000	0.0000	0.0000	0.0000	0.0000	0.0000	0.0000	0.0000	0.0000	0.0000	0.0000	0.0000	0.0000	0.0000	0.0000	0.0000	0.0000	0.0222	0.0111	0.0112	0.0013	0.0012	0.0001	0.0209	0.0098	0.0111
45	71	0.1499	11	1	0	0	0	0	0	0	0	2	0	2	0	0	0	0	0	0	0	N	N	N	N	Y	N	N	N	N	N	N	N	N	N	N	N	N	N	0.4475	0.3197	0.0000	7.6553	7.1163	0.0000	0.0000	0.0000	0.0000	0.0011	0.0012	0.0000	0.0063	0.0064	0.0000	0.0000	0.0000	0.0000	0.0024	0.0038	0.0001	0.0008	0.0009	0.0002	0.0033	0.0065	0.0001	0.0000	0.0108	-0.0000	-0.0002	0.0002	6.1029	2.0813	20.9537	0.0000	0.0000	0.0000	0.0000	0.0000	0.0000	0.0000	0.0000	0.0000	0.0004	0.0004	0.0000	0.0000	0.0000	0.0000	0.0003	0.0003	0.0000	0.0000	0.0000	0.0000	0.0000	0.0000	0.0000	0.0000	0.0000	0.0000	0.1539	0.0971	0.0568	0.0533	0.0472	0.0061	0.1007	0.0500	0.0507
45	73	0.0330	4	2	0	1	0	0	0	1	0	1	0	2	1	0	0	0	0	0	0	Y	N	N	N	Y	N	N	N	N	N	N	N	N	N	N	N	N	N	0.0000	0.0000	0.0000	0.0000	0.0000	0.0000	0.0000	0.0000	0.0000	0.0000	0.0000	0.0000	0.0000	0.0000	0.0000	0.0000	0.0000	0.0000	0.0000	0.0000	0.0000	0.0000	0.0000	0.0000	0.0000	0.0000	0.0000			0.0000	0.0000	0.0002	0.0000	2.0813	0.0000	0.0000	0.0000	0.0000	0.0000	0.0000	0.0000	0.0000	0.0000	0.0000	0.0000	0.0000	0.0000	0.0000	0.0000	0.0000	0.0000	0.0000	0.0000	0.0000	0.0000	0.0000	0.0000	0.0000	0.0000	0.0000	0.0000	0.0000	0.0000	0.0000	0.0000	0.0000	0.0000	0.0000	0.0000	0.0000	0.0000
45	74	0.0335	6	2	0	1	0	1	0	1	0	1	0	1	0	0	0	0	0	0	0	Y	N	N	N	N	N	N	N	N	N	N	N	N	N	N	N	N	N	0.0000	0.0000	0.0000	0.0000	0.0000	0.0000	0.0000	0.0000	0.0000	0.0000	0.0000	0.0000	0.0000	0.0000	0.0000	0.0000	0.0000	0.0000	0.0003	0.0005	0.0000	0.0027	0.0028	0.0000	0.0000	0.0000	0.0000		0.0000	0.0000	-0.0000	0.0002	2.9595	2.0813	5.1315	0.0000	0.0000	0.0000	0.0000	0.0000	0.0000	0.0000	0.0000	0.0000	0.0000	0.0000	0.0000	0.0000	0.0000	0.0000	0.0000	0.0000	0.0000	0.0000	0.0000	0.0000	0.0000	0.0000	0.0000	0.0000	0.0000	0.0000	0.0366	0.0188	0.0178	0.0037	0.0035	0.0002	0.0329	0.0153	0.0176
45	75	0.0330	4	2	0	0	0	0	0	0	0	1	0	2	1	0	0	0	0	0	0	Y	N	N	N	Y	N	N	N	N	N	N	N	N	N	N	N	N	N	0.0000	0.0000	0.0000	0.0000	0.0000	0.0000	0.0000	0.0000	0.0000	0.0000	0.0000	0.0000	0.0000	0.0000	0.0000	0.0000	0.0000	0.0000	0.0000	0.0000	0.0000	0.0000	0.0000	0.0000	0.0000	0.0000	0.0000			0.0000	0.0000	0.0002	0.0000	2.0813	1.0000	0.0000	0.0000	0.0000	0.0000	0.0000	0.0000	0.0000	0.0000	0.0000	0.0000	0.0000	0.0000	0.0000	0.0000	0.0000	0.0000	0.0000	0.0000	0.0000	0.0000	0.0000	0.0000	0.0000	0.0000	0.0000	0.0000	0.0000	0.0040	0.0024	0.0017	0.0002	0.0002	0.0000	0.0038	0.0022	0.0017
45	76	0.0330	3	2	0	0	0	0	0	0	0	1	1	2	1	0	0	0	0	0	0	Y	N	N	N	Y	N	N	N	N	N	N	N	N	N	N	N	N	N	0.0000	0.0000	0.0000	0.0000	0.0000	0.0000	0.0000	0.0000	0.0000	0.0000	0.0000	0.0000	0.0000	0.0000	0.0000	0.0000	0.0000	0.0000	0.0000	0.0000	0.0000	0.0000	0.0000	0.0000	0.0000	0.0000	0.0000			0.0000	0.0000	0.0002	0.0000	2.0813	0.0000	0.0000	0.0000	0.0000	0.0000	0.0000	0.0000	0.0000	0.0000	0.0000	0.0000	0.0000	0.0000	0.0000	0.0000	0.0000	0.0000	0.0000	0.0000	0.0000	0.0000	0.0000	0.0000	0.0000	0.0000	0.0000	0.0000	0.0000	0.0006	0.0003	0.0003	0.0003	0.0003	0.0000	0.0003	0.0000	0.0003
45	77	0.0112	2	2	0	0	0	0	0	0	0	2	0	2	0	0	0	0	0	0	0	Y	N	N	N	Y	N	N	N	N	N	N	N	N	N	N	N	N	N	0.0000	0.0000	0.0000	0.0000	0.0000	0.0000	0.0000	0.0000	0.0000	0.0000	0.0000	0.0000	0.0000	0.0000	0.0000	0.0000	0.0000	0.0000	0.0141	0.0155	0.0126	0.0682	0.0695	0.0297	0.0072	0.0004	0.0125		0.8232	-0.0000	-0.0000	0.0002	0.0002	2.0813	3.7635	0.0000	0.0000	0.0000	0.0000	0.0000	0.0000	0.0000	0.0000	0.0000	0.0003	0.0002	0.0001	0.0001	0.0001	0.0000	0.0001	0.0000	0.0001	0.0000	0.0000	0.0000	0.0000	0.0000	0.0000	0.0000	0.0000	0.0000	0.0195	0.0097	0.0098	0.0022	0.0021	0.0001	0.0173	0.0076	0.0097
45	79	0.0592	10	2	0	1	0	0	0	0	0	1	0	1	0	0	0	0	0	0	0	Y	N	N	N	N	N	N	N	N	N	N	N	N	N	N	N	N	N	0.0000	0.0000	0.0000	0.0000	0.0000	0.0000	0.0000	0.0000	0.0000	0.0000	0.0000	0.0000	0.0000	0.0000	0.0000	0.0000	0.0000	0.0000	0.0012	0.0022	0.0000	0.0100	0.0114	0.0000	0.0000	0.0000	0.0000		0.0000	0.0000	-0.0000	0.0002	1.0047	2.0813	3.0004	0.0000	0.0000	0.0000	0.0000	0.0000	0.0000	0.0000	0.0000	0.0000	0.0000	0.0000	0.0000	0.0000	0.0000	0.0000	0.0000	0.0000	0.0000	0.0000	0.0000	0.0000	0.0000	0.0000	0.0000	0.0000	0.0000	0.0000	0.0172	0.0089	0.0083	0.0020	0.0018	0.0003	0.0152	0.0072	0.0081
45	80	0.0484	9	2	0	1	0	0	0	0	0	1	0	1	0	0	0	0	0	0	0	Y	N	N	N	N	N	N	N	N	N	N	N	N	N	N	N	N	N	0.0000	0.0000	0.0000	0.0000	0.0000	0.0000	0.0000	0.0000	0.0000	0.0000	0.0000	0.0000	0.0000	0.0000	0.0000	0.0000	0.0000	0.0000	0.0074	0.0133	0.0000	0.0179	0.0242	0.0001	0.0014	0.0030	0.0000		0.0024	0.0000	-0.0001	0.0002	1.0096	2.0813	2.0672	0.0000	0.0000	0.0000	0.0000	0.0000	0.0000	0.0000	0.0000	0.0000	0.0002	0.0002	0.0000	0.0002	0.0002	0.0000	0.0000	0.0000	0.0000	0.0000	0.0000	0.0000	0.0000	0.0000	0.0000	0.0000	0.0000	0.0000	0.0230	0.0128	0.0101	0.0084	0.0062	0.0022	0.0146	0.0066	0.0080
45	81	0.0414	8	2	0	1	0	1	0	1	0	1	0	1	0	0	0	0	0	0	0	Y	N	N	N	N	N	N	N	N	N	N	N	N	N	N	N	N	N	0.0000	0.0000	0.0000	0.0000	0.0000	0.0000	0.0000	0.0000	0.0000	0.0000	0.0000	0.0000	0.0000	0.0000	0.0000	0.0000	0.0000	0.0000	0.0131	0.0220	0.0039	0.0002	0.0003	0.0000	0.0147	0.0270	0.0040		0.1706	0.0000	-0.0000	0.0002	0.9933	2.0813	1.5154	0.0000	0.0000	0.0000	0.0000	0.0000	0.0000	0.0000	0.0000	0.0000	0.0002	0.0001	0.0000	0.0000	0.0000	0.0000	0.0002	0.0001	0.0000	0.0000	0.0000	0.0000	0.0000	0.0000	0.0000	0.0000	0.0000	0.0000	0.0115	0.0059	0.0056	0.0012	0.0011	0.0001	0.0103	0.0048	0.0055
45	82	0.0642	12	2	0	1	0	0	0	1	0	1	0	1	0	0	0	0	0	0	0	Y	N	N	N	N	N	N	N	N	N	N	N	N	N	N	N	N	N	0.0000	0.0000	0.0000	0.0000	0.0000	0.0000	0.0000	0.0000	0.0000	0.0000	0.0000	0.0000	0.0000	0.0000	0.0000	0.0000	0.0000	0.0000	0.0000	0.0000	0.0000	0.0002	0.0001	0.0013	0.0000	0.0000	0.0000		0.9837	0.0000	0.0000	0.0002	4.0000	2.0813	3.0004	0.0000	0.0000	0.0000	0.0000	0.0000	0.0000	0.0000	0.0000	0.0000	0.0000	0.0000	0.0000	0.0000	0.0000	0.0000	0.0000	0.0000	0.0000	0.0000	0.0000	0.0000	0.0000	0.0000	0.0000	0.0000	0.0000	0.0000	0.0304	0.0160	0.0144	0.0039	0.0036	0.0004	0.0264	0.0124	0.0140
45	84	0.0247	5	2	0	1	0	1	0	1	0	1	0	1	0	0	0	0	0	0	0	Y	N	N	N	N	N	N	N	N	N	N	N	N	N	N	N	N	N	1121.0438	0.0000	5150.8325	0.0000	0.0000	0.0000	1269.7551	0.0000	5093.5446	3.4436	0.0000	28.5981	0.0000	0.0000	0.0000	3.7891	0.0000	28.6338	0.0031	0.0006	0.0056	0.0043	0.0048	0.0000	0.0030	0.0000	0.0056	inf	9.9986	0.0000	0.0000	0.0002	2.0009	2.0813	6.0608	0.0000	0.0000	0.0000	0.0000	0.0000	0.0000	0.0000	0.0000	0.0000	0.0001	0.0000	0.0001	0.0000	0.0000	0.0000	0.0001	0.0000	0.0001	0.0000	0.0000	0.0000	0.0000	0.0000	0.0000	0.0000	0.0000	0.0000	0.0358	0.0178	0.0180	0.0023	0.0021	0.0002	0.0335	0.0157	0.0178
45	85	0.0726	14	2	0	1	0	0	0	0	0	1	0	1	0	0	0	0	0	0	0	Y	N	N	N	N	N	N	N	N	N	N	N	N	N	N	N	N	N	0.0003	0.0000	2917.5146	0.0000	0.0000	0.0000	0.0005	0.0000	3345.7876	0.0008	0.0000	0.0058	0.0000	0.0000	0.0000	0.0008	0.0000	0.0058	2.6254	4.8188	0.0000	8.1984	9.2051	0.0000	1.5600	3.2587	0.0000	inf	0.0000	0.0000	-0.0224	0.0002	2.0003	2.0813	2.0390	0.0000	0.0000	0.0000	0.0000	0.0000	0.0000	0.0000	0.0000	0.0000	0.0472	0.0472	0.0000	0.0237	0.0237	0.0000	0.0236	0.0236	0.0000	0.0000	0.0000	0.0000	0.0000	0.0000	0.0000	0.0000	0.0000	0.0000	0.0180	0.0098	0.0082	0.0029	0.0026	0.0003	0.0151	0.0072	0.0079
45	86	0.0653	13	2	0	1	0	1	0	1	0	1	0	1	0	0	0	0	0	0	0	Y	N	N	N	N	N	N	N	N	N	N	N	N	N	N	N	N	N	0.0840	0.0228	1.7172	0.1453	0.1328	0.0000	0.0640	0.0000	1.6858	0.0031	0.0014	0.0133	0.0081	0.0081	0.0000	0.0022	0.0000	0.0134	0.0364	0.0623	0.0078	0.0556	0.0611	0.0000	0.0337	0.0626	0.0079	1.5002	0.1127	0.0000	-0.0001	0.0002	1.0005	2.0813	0.9990	0.0000	0.0000	0.0000	0.0000	0.0000	0.0000	0.0000	0.0000	0.0000	0.0003	0.0003	0.0000	0.0001	0.0001	0.0000	0.0003	0.0002	0.0000	0.0000	0.0000	0.0000	0.0000	0.0000	0.0000	0.0000	0.0000	0.0000	0.0088	0.0046	0.0042	0.0011	0.0010	0.0001	0.0077	0.0036	0.0041
45	89	0.0971	10	2	0	1	0	0	0	0	0	1	0	1	0	0	0	0	0	0	0	Y	N	N	N	N	N	N	N	N	N	N	N	N	N	N	N	N	N	1.7909	0.0000	1.7629	0.0000	0.0000	0.0000	3.1443	0.0000	1.7618	0.2396	0.0000	0.4945	0.0000	0.0000	0.0000	0.4662	0.0000	0.4945	0.1338	0.0047	0.2805	0.0337	0.0211	0.2669	0.1483	0.0000	0.2807	inf	52.0556	0.0000	0.0013	0.0002	0.0001	2.0813	3.9037	0.0000	0.0000	0.0000	0.0000	0.0000	0.0000	0.0000	0.0000	0.0000	0.0026	0.0000	0.0026	0.0001	0.0000	0.0000	0.0025	0.0000	0.0025	0.0000	0.0000	0.0000	0.0000	0.0000	0.0000	0.0000	0.0000	0.0000	0.0195	0.0104	0.0091	0.0025	0.0023	0.0001	0.0170	0.0080	0.0090
45	90	0.0705	9	2	0	1	0	0	0	0	0	1	0	1	0	0	0	0	0	0	0	Y	N	N	N	N	N	N	N	N	N	N	N	N	N	N	N	N	N	0.3034	0.0000	1.1245	0.0000	0.0000	0.0000	0.2891	0.0000	1.0840	6.7812	0.0000	54.6884	0.0000	0.0000	0.0000	7.5785	0.0000	55.0532	22.3477	0.0117	48.6336	0.0905	0.0430	0.4009	26.2098	0.0019	50.7851	inf	3543.7430	0.0000	0.5319	0.0002	1.0001	2.0813	8.1987	0.0000	0.0000	0.0000	0.0000	0.0000	0.0000	0.0000	0.0000	0.0000	1.0117	0.0003	1.0114	0.0006	0.0002	0.0004	1.0110	0.0000	1.0110	0.0000	0.0000	0.0000	0.0000	0.0000	0.0000	0.0000	0.0000	0.0000	0.0453	0.0245	0.0208	0.0067	0.0058	0.0009	0.0386	0.0187	0.0199
45	91	0.0786	14	2	0	1	0	0	0	0	0	1	0	1	0	0	0	0	0	0	0	Y	N	N	N	N	N	N	N	N	N	N	N	N	N	N	N	N	N	0.0000	0.0000	0.0000	0.0000	0.0000	0.0000	0.0000	0.0000	0.0000	0.0000	0.0000	0.0000	0.0000	0.0000	0.0000	0.0000	0.0000	0.0000	0.0180	0.0335	0.0000	0.0530	0.0609	0.0000	0.0103	0.0222	0.0000		0.0000	0.0000	-0.0004	0.0002	1.0071	2.0813	9.1029	0.0000	0.0000	0.0000	0.0000	0.0000	0.0000	0.0000	0.0000	0.0000	0.0008	0.0008	0.0000	0.0004	0.0004	0.0000	0.0004	0.0004	0.0000	0.0000	0.0000	0.0000	0.0000	0.0000	0.0000	0.0000	0.0000	0.0000	0.0452	0.0243	0.0209	0.0082	0.0071	0.0011	0.0370	0.0172	0.0198
45	92	0.0642	13	2	0	1	0	0	0	1	0	1	0	1	0	0	0	0	0	0	0	Y	N	N	N	N	N	N	N	N	N	N	N	N	N	N	N	N	N	0.0000	0.0000	0.0000	0.0000	0.0000	0.0000	0.0000	0.0000	0.0000	0.0000	0.0000	0.0000	0.0000	0.0000	0.0000	0.0000	0.0000	0.0000	2.0955	3.9836	0.0010	7.8863	8.6687	0.0000	1.2116	2.5915	0.0010		0.0002	0.0000	-0.0220	0.0002	0.9988	2.0813	4.0321	0.0000	0.0000	0.0000	0.0000	0.0000	0.0000	0.0000	0.0000	0.0000	0.0464	0.0464	0.0000	0.0231	0.0231	0.0000	0.0233	0.0233	0.0000	0.0000	0.0000	0.0000	0.0000	0.0000	0.0000	0.0000	0.0000	0.0000	0.0222	0.0117	0.0105	0.0029	0.0027	0.0003	0.0192	0.0090	0.0102
45	93	0.0642	12	2	0	0	0	0	0	0	0	1	0	1	0	0	0	0	0	0	0	Y	N	N	N	N	N	N	N	N	N	N	N	N	N	N	N	N	N	0.0000	0.0000	0.0000	0.0000	0.0000	0.0000	0.0000	0.0000	0.0000	0.0000	0.0000	0.0000	0.0000	0.0000	0.0000	0.0000	0.0000	0.0000	0.0022	0.0029	0.0012	0.0045	0.0031	0.0985	0.0009	0.0027	0.0000		0.3362	0.0000	-0.0000	0.0002	0.0001	2.0813	0.0783	0.0000	0.0000	0.0000	0.0000	0.0000	0.0000	0.0000	0.0000	0.0000	0.0000	0.0000	0.0000	0.0000	0.0000	0.0000	0.0000	0.0000	0.0000	0.0000	0.0000	0.0000	0.0000	0.0000	0.0000	0.0000	0.0000	0.0000	0.0009	0.0005	0.0004	0.0003	0.0003	0.0000	0.0006	0.0002	0.0004
45	94	0.0556	11	2	0	0	0	1	0	0	0	1	0	1	0	0	0	0	0	0	0	Y	N	N	N	N	N	N	N	N	N	N	N	N	N	N	N	N	N	60.6558	61.0685	0.0000	1597.6732	1455.5626	0.0000	0.0000	0.0000	0.0000	0.2365	0.4539	0.0000	0.4897	0.4897	0.0000	0.0000	0.0000	0.0000	0.0039	0.0074	0.0000	0.0003	0.0003	0.0000	0.0044	0.0093	0.0000	0.0000	0.0004	-0.0000	-0.0000	0.0002	0.0004	2.0813	2.9660	0.0000	0.0000	0.0000	0.0000	0.0000	0.0000	0.0000	0.0000	0.0000	0.0001	0.0001	0.0000	0.0000	0.0000	0.0000	0.0001	0.0001	0.0000	0.0000	0.0000	0.0000	0.0000	0.0000	0.0000	0.0000	0.0000	0.0000	0.0131	0.0068	0.0062	0.0015	0.0014	0.0001	0.0115	0.0055	0.0061
45	100	0.0454	10	1	0	1	0	0	0	0	0	1	0	2	0	0	0	0	0	0	0	N	N	N	N	Y	N	N	N	N	N	N	N	N	N	N	N	N	N	0.0000	0.0000	0.0000	0.0000	0.0000	0.0000	0.0000	0.0000	0.0000	0.0000	0.0000	0.0000	0.0000	0.0000	0.0000	0.0000	0.0000	0.0000	0.0000	0.0000	0.0000	0.0000	0.0000	0.0000	0.0000	0.0000	0.0000			0.0000	0.0000	0.0002	0.0000	2.0813	0.0000	0.0000	0.0000	0.0000	0.0000	0.0000	0.0000	0.0000	0.0000	0.0000	0.0000	0.0000	0.0000	0.0000	0.0000	0.0000	0.0000	0.0000	0.0000	0.0000	0.0000	0.0000	0.0000	0.0000	0.0000	0.0000	0.0000	0.0000	0.0000	0.0000	0.0000	0.0000	0.0000	0.0000	0.0000	0.0000	0.0000
45	101	0.0397	9	1	0	1	0	0	0	0	0	1	0	2	0	0	0	0	0	0	0	N	N	N	N	Y	N	N	N	N	N	N	N	N	N	N	N	N	N	0.0000	0.0000	0.0000	0.0000	0.0000	0.0000	0.0000	0.0000	0.0000	0.0000	0.0000	0.0000	0.0000	0.0000	0.0000	0.0000	0.0000	0.0000	0.0000	0.0000	0.0000	0.0000	0.0000	0.0000	0.0000	0.0000	0.0000			0.0000	0.0000	0.0002	1.0000	2.0813	0.0000	0.0000	0.0000	0.0000	0.0000	0.0000	0.0000	0.0000	0.0000	0.0000	0.0000	0.0000	0.0000	0.0000	0.0000	0.0000	0.0000	0.0000	0.0000	0.0000	0.0000	0.0000	0.0000	0.0000	0.0000	0.0000	0.0000	0.0000	0.0046	0.0023	0.0023	0.0005	0.0004	0.0001	0.0041	0.0019	0.0022
45	102	0.0397	8	1	0	1	0	0	0	0	0	1	0	2	0	0	0	0	0	0	0	N	N	N	N	Y	N	N	N	N	N	N	N	N	N	N	N	N	N	0.0000	0.0000	0.0000	0.0000	0.0000	0.0000	0.0000	0.0000	0.0000	0.0000	0.0000	0.0000	0.0000	0.0000	0.0000	0.0000	0.0000	0.0000	0.0109	0.0217	0.0000	0.0000	0.0000	0.0000	0.0123	0.0264	0.0000		0.0000	0.0000	-0.0000	0.0002	0.0000	2.0813	0.0005	0.0000	0.0000	0.0000	0.0000	0.0000	0.0000	0.0000	0.0000	0.0000	0.0000	0.0000	0.0000	0.0000	0.0000	0.0000	0.0000	0.0000	0.0000	0.0000	0.0000	0.0000	0.0000	0.0000	0.0000	0.0000	0.0000	0.0000	0.0000	0.0000	0.0000	0.0000	0.0000	0.0000	0.0000	0.0000	0.0000
45	104	0.0578	7	2	0	1	0	1	0	1	0	1	0	1	0	0	0	0	0	0	0	Y	N	N	N	N	N	N	N	N	N	N	N	N	N	N	N	N	N	0.0000	0.0000	0.0000	0.0000	0.0000	0.0000	0.0000	0.0000	0.0000	0.0000	0.0000	0.0000	0.0000	0.0000	0.0000	0.0000	0.0000	0.0000	0.0000	0.0000	0.0000	0.0000	0.0000	0.0000	0.0000	0.0000	0.0000			0.0000	0.0000	0.0002	1.0000	2.0813	1.0715	0.0000	0.0000	0.0000	0.0000	0.0000	0.0000	0.0000	0.0000	0.0000	0.0000	0.0000	0.0000	0.0000	0.0000	0.0000	0.0000	0.0000	0.0000	0.0000	0.0000	0.0000	0.0000	0.0000	0.0000	0.0000	0.0000	0.0000	0.0104	0.0058	0.0046	0.0016	0.0014	0.0002	0.0089	0.0044	0.0044
45	113	0.0348	6	2	0	1	0	0	0	0	0	1	0	2	0	0	0	0	0	0	0	Y	N	N	N	Y	N	N	N	N	N	N	N	N	N	N	N	N	N	0.0000	0.0000	0.0000	0.0000	0.0000	0.0000	0.0000	0.0000	0.0000	0.0000	0.0000	0.0000	0.0000	0.0000	0.0000	0.0000	0.0000	0.0000	0.0000	0.0000	0.0000	0.0000	0.0000	0.0000	0.0000	0.0000	0.0000			0.0000	0.0000	0.0002	0.0000	2.0813	1.0000	0.0000	0.0000	0.0000	0.0000	0.0000	0.0000	0.0000	0.0000	0.0000	0.0000	0.0000	0.0000	0.0000	0.0000	0.0000	0.0000	0.0000	0.0000	0.0000	0.0000	0.0000	0.0000	0.0000	0.0000	0.0000	0.0000	0.0000	0.0045	0.0025	0.0020	0.0005	0.0004	0.0001	0.0040	0.0020	0.0020
45	114	0.0290	5	2	0	1	0	1	0	1	0	2	0	2	0	0	0	0	0	0	0	Y	N	N	N	Y	N	N	N	N	N	N	N	N	N	N	N	N	N	0.0000	0.0000	0.0000	0.0000	0.0000	0.0000	0.0000	0.0000	0.0000	0.0000	0.0000	0.0000	0.0000	0.0000	0.0000	0.0000	0.0000	0.0000	0.0000	0.0000	0.0000	0.0000	0.0000	0.0000	0.0000	0.0000	0.0000			0.0000	0.0000	0.0002	0.0000	2.0813	1.0009	0.0000	0.0000	0.0000	0.0000	0.0000	0.0000	0.0000	0.0000	0.0000	0.0000	0.0000	0.0000	0.0000	0.0000	0.0000	0.0000	0.0000	0.0000	0.0000	0.0000	0.0000	0.0000	0.0000	0.0000	0.0000	0.0000	0.0000	0.0126	0.0098	0.0027	0.0044	0.0043	0.0001	0.0082	0.0055	0.0027
45	115	0.0705	9	2	0	1	0	0	0	0	0	1	0	1	0	0	0	0	0	0	0	Y	N	N	N	N	N	N	N	N	N	N	N	N	N	N	N	N	N	0.0108	0.0067	0.0000	0.0164	0.0143	0.0000	0.0000	0.0000	0.0000	0.0033	0.0037	0.0000	0.0310	0.0312	0.0000	0.0000	0.0000	0.0000	0.3029	0.5542	0.0001	1.8913	2.1842	0.0000	0.0000	0.0000	0.0001	0.0000	0.0001	-0.0000	-0.0057	0.0002	0.9998	2.0813	6.9031	0.0000	0.0000	0.0000	0.0000	0.0000	0.0000	0.0000	0.0000	0.0000	0.0121	0.0121	0.0000	0.0121	0.0121	0.0000	0.0000	0.0000	0.0000	0.0000	0.0000	0.0000	0.0000	0.0000	0.0000	0.0000	0.0000	0.0000	0.0401	0.0219	0.0182	0.0064	0.0056	0.0009	0.0336	0.0163	0.0173
45	116	0.0578	8	2	0	1	0	1	0	1	0	1	0	1	0	0	0	0	0	0	0	Y	N	N	N	N	N	N	N	N	N	N	N	N	N	N	N	N	N	4.4142	0.0000	17.7602	0.0000	0.0000	0.0000	4.2803	0.0000	17.2893	2.6922	0.0000	22.5743	0.0000	0.0000	0.0000	2.9907	0.0000	22.7330	0.6099	0.0310	1.2711	0.0008	0.0007	0.0011	0.6987	0.0390	1.3149	inf	35.8896	0.0000	0.0061	0.0002	0.0012	2.0813	4.2539	0.0000	0.0000	0.0000	0.0000	0.0000	0.0000	0.0000	0.0000	0.0000	0.0121	0.0003	0.0118	0.0000	0.0000	0.0000	0.0121	0.0003	0.0118	0.0000	0.0000	0.0000	0.0000	0.0000	0.0000	0.0000	0.0000	0.0000	0.0199	0.0106	0.0093	0.0025	0.0022	0.0003	0.0174	0.0084	0.0090
45	119	0.0397	8	2	0	1	0	1	0	0	0	1	0	2	0	0	0	0	0	0	0	Y	N	N	N	Y	N	N	N	N	N	N	N	N	N	N	N	N	N	0.0000	0.0000	0.0000	0.0000	0.0000	0.0000	0.0000	0.0000	0.0000	0.0000	0.0000	0.0000	0.0000	0.0000	0.0000	0.0000	0.0000	0.0000	0.0000	0.0000	0.0000	0.0000	0.0000	0.0000	0.0000	0.0000	0.0000			0.0000	0.0000	0.0002	0.0000	2.0813	0.0000	0.0000	0.0000	0.0000	0.0000	0.0000	0.0000	0.0000	0.0000	0.0000	0.0000	0.0000	0.0000	0.0000	0.0000	0.0000	0.0000	0.0000	0.0000	0.0000	0.0000	0.0000	0.0000	0.0000	0.0000	0.0000	0.0000	0.0000	0.0000	0.0000	0.0000	0.0000	0.0000	0.0000	0.0000	0.0000	0.0000
45	120	0.0369	7	1	0	1	0	0	0	1	0	2	0	2	0	0	0	0	0	0	0	N	N	N	N	Y	N	N	N	N	N	N	N	N	N	N	N	N	N	0.0000	0.0000	0.0000	0.0000	0.0000	0.0000	0.0000	0.0000	0.0000	0.0000	0.0000	0.0000	0.0000	0.0000	0.0000	0.0000	0.0000	0.0000	0.0000	0.0000	0.0000	0.0000	0.0000	0.0000	0.0000	0.0000	0.0000			0.0000	0.0000	0.0002	0.0001	2.0813	1.0001	0.0000	0.0000	0.0000	0.0000	0.0000	0.0000	0.0000	0.0000	0.0000	0.0000	0.0000	0.0000	0.0000	0.0000	0.0000	0.0000	0.0000	0.0000	0.0000	0.0000	0.0000	0.0000	0.0000	0.0000	0.0000	0.0000	0.0000	0.0046	0.0023	0.0023	0.0005	0.0004	0.0001	0.0041	0.0019	0.0022
46	55	0.0349	9	2	0	1	0	0	0	0	0	0	1	2	1	0	0	0	0	0	0	Y	N	N	N	Y	N	N	N	N	N	N	N	N	N	N	N	N	N	0.0000	0.0000	0.0000	0.0000	0.0000	0.0000	0.0000	0.0000	0.0000	0.0000	0.0000	0.0000	0.0000	0.0000	0.0000	0.0000	0.0000	0.0000	0.0000	0.0000	0.0000	0.0000	0.0000	0.0000	0.0000	0.0000	0.0000			0.0000	0.0000	0.0000	0.0000	0.0000	1.0065	0.0000	0.0000	0.0000	0.0000	0.0000	0.0000	0.0000	0.0000	0.0000	0.0000	0.0000	0.0000	0.0000	0.0000	0.0000	0.0000	0.0000	0.0000	0.0000	0.0000	0.0000	0.0000	0.0000	0.0000	0.0000	0.0000	0.0000	0.0000	0.0000	0.0000	0.0000	0.0000	0.0000	0.0000	0.0000	0.0000
46	56	0.0321	8	2	0	1	0	0	0	0	0	0	0	2	0	0	0	0	0	0	0	Y	N	N	N	Y	N	N	N	N	N	N	N	N	N	N	N	N	N	0.0000	0.0000	0.0000	0.0000	0.0000	0.0000	0.0000	0.0000	0.0000	0.0000	0.0000	0.0000	0.0000	0.0000	0.0000	0.0000	0.0000	0.0000	0.0000	0.0000	0.0000	0.0000	0.0000	0.0000	0.0000	0.0000	0.0000			0.0000	0.0000	0.0000	0.0000	0.0000	1.0047	0.0000	0.0000	0.0000	0.0000	0.0000	0.0000	0.0000	0.0000	0.0000	0.0000	0.0000	0.0000	0.0000	0.0000	0.0000	0.0000	0.0000	0.0000	0.0000	0.0000	0.0000	0.0000	0.0000	0.0000	0.0000	0.0000	0.0000	0.0000	0.0000	0.0000	0.0000	0.0000	0.0000	0.0000	0.0000	0.0000
46	57	0.0321	7	2	0	1	0	0	0	0	0	1	0	2	0	0	0	0	0	0	0	Y	N	N	N	Y	N	N	N	N	N	N	N	N	N	N	N	N	N	0.0000	0.0000	0.0000	0.0000	0.0000	0.0000	0.0000	0.0000	0.0000	0.0000	0.0000	0.0000	0.0000	0.0000	0.0000	0.0000	0.0000	0.0000	0.0000	0.0000	0.0000	0.0000	0.0000	0.0000	0.0000	0.0000	0.0000			0.0000	0.0000	0.0000	0.0000	0.0000	0.0000	0.0000	0.0000	0.0000	0.0000	0.0000	0.0000	0.0000	0.0000	0.0000	0.0000	0.0000	0.0000	0.0000	0.0000	0.0000	0.0000	0.0000	0.0000	0.0000	0.0000	0.0000	0.0000	0.0000	0.0000	0.0000	0.0000	0.0000	0.0000	0.0000	0.0000	0.0000	0.0000	0.0000	0.0000	0.0000	0.0000
46	61	0.0290	6	2	0	1	0	0	0	0	0	0	0	1	0	0	0	0	0	0	0	Y	N	N	N	N	N	N	N	N	N	N	N	N	N	N	N	N	N	0.0000	0.0000	0.0000	0.0000	0.0000	0.0000	0.0000	0.0000	0.0000	0.0000	0.0000	0.0000	0.0000	0.0000	0.0000	0.0000	0.0000	0.0000	0.0000	0.0000	0.0000	0.0000	0.0000	0.0000	0.0000	0.0000	0.0000			0.0000	0.0000	0.0000	0.0000	0.0000	1.0227	0.0000	0.0000	0.0000	0.0000	0.0000	0.0000	0.0000	0.0000	0.0000	0.0000	0.0000	0.0000	0.0000	0.0000	0.0000	0.0000	0.0000	0.0000	0.0000	0.0000	0.0000	0.0000	0.0000	0.0000	0.0000	0.0000	0.0000	0.0000	0.0000	0.0000	0.0000	0.0000	0.0000	0.0000	0.0000	0.0000
46	62	0.0236	5	2	0	1	0	0	0	0	0	0	0	1	0	0	0	0	0	0	0	Y	N	N	N	N	N	N	N	N	N	N	N	N	N	N	N	N	N	0.0000	0.0000	0.0000	0.0000	0.0000	0.0000	0.0000	0.0000	0.0000	0.0000	0.0000	0.0000	0.0000	0.0000	0.0000	0.0000	0.0000	0.0000	0.0000	0.0000	0.0000	0.0000	0.0000	0.0000	0.0000	0.0000	0.0000			0.0000	0.0000	0.0000	0.4815	0.0000	1.4942	0.0000	0.0000	0.0000	0.0000	0.0000	0.0000	0.0000	0.0000	0.0000	0.0000	0.0000	0.0000	0.0000	0.0000	0.0000	0.0000	0.0000	0.0000	0.0000	0.0000	0.0000	0.0000	0.0000	0.0000	0.0000	0.0000	0.0000	0.0000	0.0000	0.0000	0.0000	0.0000	0.0000	0.0000	0.0000	0.0000
46	63	0.0679	17	2	0	1	0	0	0	0	0	0	1	1	1	0	0	0	0	0	0	Y	N	N	N	N	N	N	N	N	N	N	N	N	N	N	N	N	N	0.0000	0.0000	0.0000	0.0000	0.0000	0.0000	0.0000	0.0000	0.0000	0.0000	0.0000	0.0000	0.0000	0.0000	0.0000	0.0000	0.0000	0.0000	0.0000	0.0000	0.0000	0.0000	0.0000	0.0000	0.0000	0.0000	0.0000			0.0000	0.0000	0.0000	0.0023	0.0000	3.0060	0.0000	0.0000	0.0000	0.0000	0.0000	0.0000	0.0000	0.0000	0.0000	0.0000	0.0000	0.0000	0.0000	0.0000	0.0000	0.0000	0.0000	0.0000	0.0000	0.0000	0.0000	0.0000	0.0000	0.0000	0.0000	0.0000	0.0000	0.0000	0.0000	0.0000	0.0000	0.0000	0.0000	0.0000	0.0000	0.0000
46	64	0.0650	16	2	0	1	0	1	0	0	0	0	0	1	0	0	0	0	0	0	0	Y	N	N	N	N	N	N	N	N	N	N	N	N	N	N	N	N	N	0.0000	0.0000	0.0000	0.0000	0.0000	0.0000	0.0000	0.0000	0.0000	0.0000	0.0000	0.0000	0.0000	0.0000	0.0000	0.0000	0.0000	0.0000	0.0000	0.0000	0.0000	0.0000	0.0000	0.0000	0.0000	0.0000	0.0000			0.0000	0.0000	0.0000	0.9990	0.0000	0.0212	0.0000	0.0000	0.0000	0.0000	0.0000	0.0000	0.0000	0.0000	0.0000	0.0000	0.0000	0.0000	0.0000	0.0000	0.0000	0.0000	0.0000	0.0000	0.0000	0.0000	0.0000	0.0000	0.0000	0.0000	0.0000	0.0000	0.0000	0.0000	0.0000	0.0000	0.0000	0.0000	0.0000	0.0000	0.0000	0.0000
46	69	0.0370	6	2	0	1	0	0	0	0	0	0	0	1	0	0	0	0	0	0	0	Y	N	N	N	N	N	N	N	N	N	N	N	N	N	N	N	N	N	0.0000	0.0000	0.0000	0.0000	0.0000	0.0000	0.0000	0.0000	0.0000	0.0000	0.0000	0.0000	0.0000	0.0000	0.0000	0.0000	0.0000	0.0000	0.0000	0.0000	0.0000	0.0000	0.0000	0.0000	0.0000	0.0000	0.0000			0.0000	0.0000	0.0000	1.0007	0.0000	1.2584	0.0000	0.0000	0.0000	0.0000	0.0000	0.0000	0.0000	0.0000	0.0000	0.0000	0.0000	0.0000	0.0000	0.0000	0.0000	0.0000	0.0000	0.0000	0.0000	0.0000	0.0000	0.0000	0.0000	0.0000	0.0000	0.0000	0.0000	0.0000	0.0000	0.0000	0.0000	0.0000	0.0000	0.0000	0.0000	0.0000
46	70	0.0229	5	2	0	1	0	1	0	0	0	0	0	1	0	0	0	0	0	0	0	Y	N	N	N	N	N	N	N	N	N	N	N	N	N	N	N	N	N	0.0000	0.0000	0.0000	0.0000	0.0000	0.0000	0.0000	0.0000	0.0000	0.0000	0.0000	0.0000	0.0000	0.0000	0.0000	0.0000	0.0000	0.0000	0.0000	0.0000	0.0000	0.0000	0.0000	0.0000	0.0000	0.0000	0.0000			0.0000	0.0000	0.0000	3.0007	0.0000	1.9606	0.0000	0.0000	0.0000	0.0000	0.0000	0.0000	0.0000	0.0000	0.0000	0.0000	0.0000	0.0000	0.0000	0.0000	0.0000	0.0000	0.0000	0.0000	0.0000	0.0000	0.0000	0.0000	0.0000	0.0000	0.0000	0.0000	0.0000	0.0000	0.0000	0.0000	0.0000	0.0000	0.0000	0.0000	0.0000	0.0000
46	71	0.1508	12	1	0	1	0	0	0	0	0	1	0	2	0	0	0	0	0	0	0	N	N	N	N	Y	N	N	N	N	N	N	N	N	N	N	N	N	N	0.0000	0.0000	0.0000	0.0000	0.0000	0.0000	0.0000	0.0000	0.0000	0.0000	0.0000	0.0000	0.0000	0.0000	0.0000	0.0000	0.0000	0.0000	0.0000	0.0000	0.0000	0.0000	0.0000	0.0000	0.0000	0.0000	0.0000			0.0000	0.0000	0.0000	6.1029	0.0000	20.9537	0.0000	0.0000	0.0000	0.0000	0.0000	0.0000	0.0000	0.0000	0.0000	0.0000	0.0000	0.0000	0.0000	0.0000	0.0000	0.0000	0.0000	0.0000	0.0000	0.0000	0.0000	0.0000	0.0000	0.0000	0.0000	0.0000	0.0000	0.0000	0.0000	0.0000	0.0000	0.0000	0.0000	0.0000	0.0000	0.0000
46	75	0.0455	7	2	0	1	0	0	0	0	0	0	0	2	1	0	0	0	0	0	0	Y	N	N	N	Y	N	N	N	N	N	N	N	N	N	N	N	N	N	0.0000	0.0000	0.0000	0.0000	0.0000	0.0000	0.0000	0.0000	0.0000	0.0000	0.0000	0.0000	0.0000	0.0000	0.0000	0.0000	0.0000	0.0000	0.0000	0.0000	0.0000	0.0000	0.0000	0.0000	0.0000	0.0000	0.0000			0.0000	0.0000	0.0000	0.0000	0.0000	1.0000	0.0000	0.0000	0.0000	0.0000	0.0000	0.0000	0.0000	0.0000	0.0000	0.0000	0.0000	0.0000	0.0000	0.0000	0.0000	0.0000	0.0000	0.0000	0.0000	0.0000	0.0000	0.0000	0.0000	0.0000	0.0000	0.0000	0.0000	0.0000	0.0000	0.0000	0.0000	0.0000	0.0000	0.0000	0.0000	0.0000
46	76	0.0455	6	2	0	1	0	0	0	0	0	0	1	2	1	0	0	0	0	0	0	Y	N	N	N	Y	N	N	N	N	N	N	N	N	N	N	N	N	N	0.0000	0.0000	0.0000	0.0000	0.0000	0.0000	0.0000	0.0000	0.0000	0.0000	0.0000	0.0000	0.0000	0.0000	0.0000	0.0000	0.0000	0.0000	0.0000	0.0000	0.0000	0.0000	0.0000	0.0000	0.0000	0.0000	0.0000			0.0000	0.0000	0.0000	0.0000	0.0000	0.0000	0.0000	0.0000	0.0000	0.0000	0.0000	0.0000	0.0000	0.0000	0.0000	0.0000	0.0000	0.0000	0.0000	0.0000	0.0000	0.0000	0.0000	0.0000	0.0000	0.0000	0.0000	0.0000	0.0000	0.0000	0.0000	0.0000	0.0000	0.0000	0.0000	0.0000	0.0000	0.0000	0.0000	0.0000	0.0000	0.0000
46	77	0.0236	5	2	0	1	0	0	0	0	0	1	0	2	0	0	0	0	0	0	0	Y	N	N	N	Y	N	N	N	N	N	N	N	N	N	N	N	N	N	0.0000	0.0000	0.0000	0.0000	0.0000	0.0000	0.0000	0.0000	0.0000	0.0000	0.0000	0.0000	0.0000	0.0000	0.0000	0.0000	0.0000	0.0000	0.0000	0.0000	0.0000	0.0000	0.0000	0.0000	0.0000	0.0000	0.0000			0.0000	0.0000	0.0000	0.0002	0.0000	3.7635	0.0000	0.0000	0.0000	0.0000	0.0000	0.0000	0.0000	0.0000	0.0000	0.0000	0.0000	0.0000	0.0000	0.0000	0.0000	0.0000	0.0000	0.0000	0.0000	0.0000	0.0000	0.0000	0.0000	0.0000	0.0000	0.0000	0.0000	0.0000	0.0000	0.0000	0.0000	0.0000	0.0000	0.0000	0.0000	0.0000
46	78	0.0178	4	2	0	1	0	1	0	0	0	0	0	1	0	0	0	0	0	0	0	Y	N	N	N	N	N	N	N	N	N	N	N	N	N	N	N	N	N	0.0000	0.0000	0.0000	0.0000	0.0000	0.0000	0.0000	0.0000	0.0000	0.0000	0.0000	0.0000	0.0000	0.0000	0.0000	0.0000	0.0000	0.0000	0.0000	0.0000	0.0000	0.0000	0.0000	0.0000	0.0000	0.0000	0.0000			0.0000	0.0000	0.0000	0.5196	0.0000	1.5432	0.0000	0.0000	0.0000	0.0000	0.0000	0.0000	0.0000	0.0000	0.0000	0.0000	0.0000	0.0000	0.0000	0.0000	0.0000	0.0000	0.0000	0.0000	0.0000	0.0000	0.0000	0.0000	0.0000	0.0000	0.0000	0.0000	0.0000	0.0000	0.0000	0.0000	0.0000	0.0000	0.0000	0.0000	0.0000	0.0000
46	93	0.0651	13	2	0	1	0	0	0	0	0	0	0	1	0	0	0	0	0	0	0	Y	N	N	N	N	N	N	N	N	N	N	N	N	N	N	N	N	N	0.0000	0.0000	0.0000	0.0000	0.0000	0.0000	0.0000	0.0000	0.0000	0.0000	0.0000	0.0000	0.0000	0.0000	0.0000	0.0000	0.0000	0.0000	0.0000	0.0000	0.0000	0.0000	0.0000	0.0000	0.0000	0.0000	0.0000			0.0000	0.0000	0.0000	0.0001	0.0000	0.0783	0.0000	0.0000	0.0000	0.0000	0.0000	0.0000	0.0000	0.0000	0.0000	0.0000	0.0000	0.0000	0.0000	0.0000	0.0000	0.0000	0.0000	0.0000	0.0000	0.0000	0.0000	0.0000	0.0000	0.0000	0.0000	0.0000	0.0000	0.0000	0.0000	0.0000	0.0000	0.0000	0.0000	0.0000	0.0000	0.0000
46	94	0.0565	12	2	0	1	0	1	0	0	0	0	0	1	0	0	0	0	0	0	0	Y	N	N	N	N	N	N	N	N	N	N	N	N	N	N	N	N	N	0.0000	0.0000	0.0000	0.0000	0.0000	0.0000	0.0000	0.0000	0.0000	0.0000	0.0000	0.0000	0.0000	0.0000	0.0000	0.0000	0.0000	0.0000	0.0000	0.0000	0.0000	0.0000	0.0000	0.0000	0.0000	0.0000	0.0000			0.0000	0.0000	0.0000	0.0004	0.0000	2.9660	0.0000	0.0000	0.0000	0.0000	0.0000	0.0000	0.0000	0.0000	0.0000	0.0000	0.0000	0.0000	0.0000	0.0000	0.0000	0.0000	0.0000	0.0000	0.0000	0.0000	0.0000	0.0000	0.0000	0.0000	0.0000	0.0000	0.0000	0.0000	0.0000	0.0000	0.0000	0.0000	0.0000	0.0000	0.0000	0.0000
52	55	0.0344	7	2	0	1	0	0	0	0	0	0	2	1	2	0	0	0	0	0	0	Y	N	N	N	N	Y	N	N	N	N	N	N	N	N	N	N	N	N	0.0000	0.0000	0.0000	0.0000	0.0000	0.0000	0.0000	0.0000	0.0000	0.0000	0.0000	0.0000	0.0000	0.0000	0.0000	0.0000	0.0000	0.0000	0.0000	0.0000	0.0000	0.0000	0.0000	0.0000	0.0000	0.0000	0.0000			0.0000	0.0000	0.0000	0.0000	2.0000	1.0065	0.0000	0.0000	0.0000	0.0000	0.0000	0.0000	0.0000	0.0000	0.0000	0.0000	0.0000	0.0000	0.0000	0.0000	0.0000	0.0000	0.0000	0.0000	0.0000	0.0000	0.0000	0.0000	0.0000	0.0000	0.0000	0.0000	0.0000	0.0041	0.0021	0.0020	0.0002	0.0002	0.0000	0.0038	0.0019	0.0020
52	56	0.0316	6	2	0	1	0	0	0	0	0	0	1	1	1	0	0	0	0	0	0	Y	N	N	N	N	N	N	N	N	N	N	N	N	N	N	N	N	N	0.0000	0.0000	0.0000	0.0000	0.0000	0.0000	0.0000	0.0000	0.0000	0.0000	0.0000	0.0000	0.0000	0.0000	0.0000	0.0000	0.0000	0.0000	0.0000	0.0000	0.0000	0.0000	0.0000	0.0000	0.0000	0.0000	0.0000			0.0000	0.0000	0.0000	0.0000	2.0000	1.0047	0.0000	0.0000	0.0000	0.0000	0.0000	0.0000	0.0000	0.0000	0.0000	0.0000	0.0000	0.0000	0.0000	0.0000	0.0000	0.0000	0.0000	0.0000	0.0000	0.0000	0.0000	0.0000	0.0000	0.0000	0.0000	0.0000	0.0000	0.0039	0.0020	0.0019	0.0002	0.0001	0.0000	0.0038	0.0019	0.0019
52	57	0.0316	5	2	0	1	0	0	0	0	0	1	1	1	1	0	0	0	0	0	0	Y	N	N	N	N	N	N	N	N	N	N	N	N	N	N	N	N	N	0.0000	0.0000	0.0000	0.0000	0.0000	0.0000	0.0000	0.0000	0.0000	0.0000	0.0000	0.0000	0.0000	0.0000	0.0000	0.0000	0.0000	0.0000	0.0000	0.0000	0.0000	0.0000	0.0000	0.0000	0.0000	0.0000	0.0000			0.0000	0.0000	0.0000	0.0000	2.0000	0.0000	0.0000	0.0000	0.0000	0.0000	0.0000	0.0000	0.0000	0.0000	0.0000	0.0000	0.0000	0.0000	0.0000	0.0000	0.0000	0.0000	0.0000	0.0000	0.0000	0.0000	0.0000	0.0000	0.0000	0.0000	0.0000	0.0000	0.0000	0.0000	0.0000	0.0000	0.0000	0.0000	0.0000	0.0000	0.0000	0.0000
52	63	0.0959	21	2	0	1	0	0	0	0	0	0	2	0	2	0	0	0	0	0	0	Y	N	N	N	N	Y	N	N	N	N	N	N	N	N	N	N	N	N	0.0000	0.0000	0.0000	0.0000	0.0000	0.0000	0.0000	0.0000	0.0000	0.0000	0.0000	0.0000	0.0000	0.0000	0.0000	0.0000	0.0000	0.0000	0.0000	0.0000	0.0000	0.0000	0.0000	0.0000	0.0000	0.0000	0.0000			0.0000	0.0000	0.0000	0.0023	2.0000	3.0060	0.0000	0.0000	0.0000	0.0000	0.0000	0.0000	0.0000	0.0000	0.0000	0.0000	0.0000	0.0000	0.0000	0.0000	0.0000	0.0000	0.0000	0.0000	0.0000	0.0000	0.0000	0.0000	0.0000	0.0000	0.0000	0.0000	0.0000	0.0119	0.0064	0.0054	0.0020	0.0017	0.0003	0.0098	0.0047	0.0051
52	64	0.0930	20	2	0	1	0	1	0	0	0	0	1	0	1	0	0	0	0	0	0	Y	N	N	N	N	N	N	N	N	N	N	N	N	N	N	N	N	N	0.0000	0.0000	0.0000	0.0000	0.0000	0.0000	0.0000	0.0000	0.0000	0.0000	0.0000	0.0000	0.0000	0.0000	0.0000	0.0000	0.0000	0.0000	0.0000	0.0000	0.0000	0.0000	0.0000	0.0000	0.0000	0.0000	0.0000			0.0000	0.0000	0.0000	0.9990	2.0000	0.0212	0.0000	0.0000	0.0000	0.0000	0.0000	0.0000	0.0000	0.0000	0.0000	0.0000	0.0000	0.0000	0.0000	0.0000	0.0000	0.0000	0.0000	0.0000	0.0000	0.0000	0.0000	0.0000	0.0000	0.0000	0.0000	0.0000	0.0000	0.0040	0.0021	0.0018	0.0006	0.0005	0.0001	0.0033	0.0016	0.0017
52	69	0.0650	10	2	0	1	0	0	0	0	0	0	1	0	1	0	0	0	0	0	0	Y	N	N	N	N	N	N	N	N	N	N	N	N	N	N	N	N	N	0.0000	0.0000	0.0000	0.0000	0.0000	0.0000	0.0000	0.0000	0.0000	0.0000	0.0000	0.0000	0.0000	0.0000	0.0000	0.0000	0.0000	0.0000	0.3472	0.6853	0.0000	4.1349	5.3866	0.0000	0.0000	0.0000	0.0000		0.0000	0.0000	-0.0014	0.0000	1.0007	2.0000	1.2584	0.0000	0.0000	0.0000	0.0000	0.0000	0.0000	0.0000	0.0000	0.0000	0.0030	0.0030	0.0000	0.0030	0.0030	0.0000	0.0000	0.0000	0.0000	0.0000	0.0000	0.0000	0.0000	0.0000	0.0000	0.0000	0.0000	0.0000	0.0086	0.0043	0.0042	0.0007	0.0006	0.0002	0.0078	0.0038	0.0041
52	70	0.0509	9	2	0	1	0	1	0	0	0	0	1	0	1	0	0	0	0	0	0	Y	N	N	N	N	N	N	N	N	N	N	N	N	N	N	N	N	N	0.0000	0.0000	0.0000	0.0000	0.0000	0.0000	0.0000	0.0000	0.0000	0.0000	0.0000	0.0000	0.0000	0.0000	0.0000	0.0000	0.0000	0.0000	52.1164	101.6741	0.0001	568.0230	707.7705	0.0000	0.0001	0.0000	0.0001		0.0000	0.0000	-0.4724	0.0000	3.0007	2.0000	1.9606	0.0000	0.0000	0.0000	0.0000	0.0000	0.0000	0.0000	0.0000	0.0000	0.9967	0.9967	0.0000	0.9967	0.9967	0.0000	0.0000	0.0000	0.0000	0.0000	0.0000	0.0000	0.0000	0.0000	0.0000	0.0000	0.0000	0.0000	0.0191	0.0098	0.0093	0.0018	0.0014	0.0003	0.0174	0.0084	0.0090
52	75	0.0619	9	2	0	1	0	0	0	0	0	0	1	1	2	0	0	0	0	0	0	Y	N	N	N	N	Y	N	N	N	N	N	N	N	N	N	N	N	N	0.0000	0.0000	0.0000	0.0000	0.0000	0.0000	0.0000	0.0000	0.0000	0.0000	0.0000	0.0000	0.0000	0.0000	0.0000	0.0000	0.0000	0.0000	0.0000	0.0000	0.0000	0.0000	0.0000	0.0000	0.0000	0.0000	0.0000			0.0000	0.0000	0.0000	0.0000	2.0000	1.0000	0.0000	0.0000	0.0000	0.0000	0.0000	0.0000	0.0000	0.0000	0.0000	0.0000	0.0000	0.0000	0.0000	0.0000	0.0000	0.0000	0.0000	0.0000	0.0000	0.0000	0.0000	0.0000	0.0000	0.0000	0.0000	0.0000	0.0000	0.0086	0.0050	0.0035	0.0007	0.0005	0.0001	0.0079	0.0045	0.0034
52	76	0.0619	8	2	0	1	0	0	0	0	0	0	2	1	2	0	0	0	0	0	0	Y	N	N	N	N	Y	N	N	N	N	N	N	N	N	N	N	N	N	0.0000	0.0000	0.0000	0.0000	0.0000	0.0000	0.0000	0.0000	0.0000	0.0000	0.0000	0.0000	0.0000	0.0000	0.0000	0.0000	0.0000	0.0000	0.0000	0.0000	0.0000	0.0000	0.0000	0.0000	0.0000	0.0000	0.0000			0.0000	0.0000	0.0000	0.0000	2.0000	0.0000	0.0000	0.0000	0.0000	0.0000	0.0000	0.0000	0.0000	0.0000	0.0000	0.0000	0.0000	0.0000	0.0000	0.0000	0.0000	0.0000	0.0000	0.0000	0.0000	0.0000	0.0000	0.0000	0.0000	0.0000	0.0000	0.0000	0.0000	0.0011	0.0006	0.0005	0.0005	0.0005	0.0000	0.0005	0.0001	0.0005
52	77	0.0400	7	2	0	1	0	0	0	0	0	1	1	1	1	0	0	0	0	0	0	Y	N	N	N	N	N	N	N	N	N	N	N	N	N	N	N	N	N	0.0000	0.0000	0.0000	0.0000	0.0000	0.0000	0.0000	0.0000	0.0000	0.0000	0.0000	0.0000	0.0000	0.0000	0.0000	0.0000	0.0000	0.0000	0.3699	0.1531	0.5969	0.9553	1.1109	0.3431	0.3131	0.0001	0.6065		3.7224	0.0000	0.0017	0.0000	0.0002	2.0000	3.7635	0.0000	0.0000	0.0000	0.0000	0.0000	0.0000	0.0000	0.0000	0.0000	0.0054	0.0011	0.0043	0.0012	0.0011	0.0001	0.0042	0.0000	0.0042	0.0000	0.0000	0.0000	0.0000	0.0000	0.0000	0.0000	0.0000	0.0000	0.0146	0.0075	0.0071	0.0013	0.0010	0.0003	0.0133	0.0065	0.0069
52	93	0.0931	17	2	0	1	0	0	0	0	0	0	1	0	1	0	0	0	0	0	0	Y	N	N	N	N	N	N	N	N	N	N	N	N	N	N	N	N	N	0.0000	0.0000	0.0000	0.0000	0.0000	0.0000	0.0000	0.0000	0.0000	0.0000	0.0000	0.0000	0.0000	0.0000	0.0000	0.0000	0.0000	0.0000	0.1251	0.1148	0.1374	0.6867	0.4045	2.2701	0.0000	0.0000	0.0000		1.0000	0.0000	0.0000	0.0000	0.0001	2.0000	0.0783	0.0000	0.0000	0.0000	0.0000	0.0000	0.0000	0.0000	0.0000	0.0000	0.0000	0.0000	0.0000	0.0000	0.0000	0.0000	0.0000	0.0000	0.0000	0.0000	0.0000	0.0000	0.0000	0.0000	0.0000	0.0000	0.0000	0.0000	0.0003	0.0002	0.0001	0.0001	0.0000	0.0000	0.0003	0.0001	0.0001
52	94	0.0845	16	2	0	1	0	1	0	0	0	0	1	0	1	0	0	0	0	0	0	Y	N	N	N	N	N	N	N	N	N	N	N	N	N	N	N	N	N	0.0000	0.0000	0.0000	0.0000	0.0000	0.0000	0.0000	0.0000	0.0000	0.0000	0.0000	0.0000	0.0000	0.0000	0.0000	0.0000	0.0000	0.0000	0.0017	0.0031	0.0000	0.0104	0.0123	0.0000	0.0000	0.0000	0.0000		0.0000	0.0000	-0.0000	0.0000	0.0004	2.0000	2.9660	0.0000	0.0000	0.0000	0.0000	0.0000	0.0000	0.0000	0.0000	0.0000	0.0000	0.0000	0.0000	0.0000	0.0000	0.0000	0.0000	0.0000	0.0000	0.0000	0.0000	0.0000	0.0000	0.0000	0.0000	0.0000	0.0000	0.0000	0.0119	0.0065	0.0054	0.0019	0.0016	0.0003	0.0099	0.0048	0.0051
52	105	0.0867	13	1	0	1	0	0	0	0	0	0	2	0	2	0	0	0	0	0	0	N	N	N	N	N	Y	N	N	N	N	N	N	N	N	N	N	N	N	0.0000	0.0000	0.0000	0.0000	0.0000	0.0000	0.0000	0.0000	0.0000	0.0000	0.0000	0.0000	0.0000	0.0000	0.0000	0.0000	0.0000	0.0000	0.0000	0.0000	0.0000	0.0000	0.0000	0.0000	0.0000	0.0000	0.0000			0.0000	0.0000	0.0000	0.0000	2.0000	1.0001	0.0000	0.0000	0.0000	0.0000	0.0000	0.0000	0.0000	0.0000	0.0000	0.0000	0.0000	0.0000	0.0000	0.0000	0.0000	0.0000	0.0000	0.0000	0.0000	0.0000	0.0000	0.0000	0.0000	0.0000	0.0000	0.0000	0.0000	0.0035	0.0018	0.0017	0.0004	0.0003	0.0001	0.0031	0.0015	0.0016
52	106	0.0686	13	1	0	1	0	0	0	0	0	0	2	0	2	0	0	0	0	0	0	N	N	N	N	N	Y	N	N	N	N	N	N	N	N	N	N	N	N	0.0000	0.0000	0.0000	0.0000	0.0000	0.0000	0.0000	0.0000	0.0000	0.0000	0.0000	0.0000	0.0000	0.0000	0.0000	0.0000	0.0000	0.0000	0.0000	0.0000	0.0000	0.0000	0.0000	0.0000	0.0000	0.0000	0.0000			0.0000	0.0000	0.0000	0.0000	2.0000	0.0000	0.0000	0.0000	0.0000	0.0000	0.0000	0.0000	0.0000	0.0000	0.0000	0.0000	0.0000	0.0000	0.0000	0.0000	0.0000	0.0000	0.0000	0.0000	0.0000	0.0000	0.0000	0.0000	0.0000	0.0000	0.0000	0.0000	0.0000	0.0000	0.0000	0.0000	0.0000	0.0000	0.0000	0.0000	0.0000	0.0000
52	107	0.0771	17	1	0	1	0	0	0	0	0	0	2	0	2	0	0	0	0	0	0	N	N	N	N	N	Y	N	N	N	N	N	N	N	N	N	N	N	N	0.0000	0.0000	0.0000	0.0000	0.0000	0.0000	0.0000	0.0000	0.0000	0.0000	0.0000	0.0000	0.0000	0.0000	0.0000	0.0000	0.0000	0.0000	0.0000	0.0000	0.0000	0.0000	0.0000	0.0000	0.0000	0.0000	0.0000			0.0000	0.0000	0.0000	0.0000	2.0000	0.0000	0.0000	0.0000	0.0000	0.0000	0.0000	0.0000	0.0000	0.0000	0.0000	0.0000	0.0000	0.0000	0.0000	0.0000	0.0000	0.0000	0.0000	0.0000	0.0000	0.0000	0.0000	0.0000	0.0000	0.0000	0.0000	0.0000	0.0000	0.0000	0.0000	0.0000	0.0000	0.0000	0.0000	0.0000	0.0000	0.0000
53	55	0.0228	6	2	0	1	0	0	0	0	0	0	1	1	1	0	0	0	0	0	0	Y	N	N	N	N	N	N	N	N	N	N	N	N	N	N	N	N	N	0.0000	0.0000	0.0000	0.0000	0.0000	0.0000	0.0000	0.0000	0.0000	0.0000	0.0000	0.0000	0.0000	0.0000	0.0000	0.0000	0.0000	0.0000	0.0001	0.0003	0.0000	0.0021	0.0024	0.0000	0.0000	0.0000	0.0000		0.0000	0.0000	-0.0000	0.9935	0.0000	0.0062	1.0065	0.0000	0.0000	0.0000	0.0000	0.0000	0.0000	0.0000	0.0000	0.0000	0.0000	0.0000	0.0000	0.0000	0.0000	0.0000	0.0000	0.0000	0.0000	0.0000	0.0000	0.0000	0.0000	0.0000	0.0000	0.0000	0.0000	0.0000	0.0021	0.0011	0.0010	0.0001	0.0001	0.0000	0.0020	0.0010	0.0010
53	56	0.0199	5	2	0	1	0	0	0	0	0	0	0	1	0	0	0	0	0	0	0	Y	N	N	N	N	N	N	N	N	N	N	N	N	N	N	N	N	N	0.0000	0.0000	0.0000	0.0000	0.0000	0.0000	0.0000	0.0000	0.0000	0.0000	0.0000	0.0000	0.0000	0.0000	0.0000	0.0000	0.0000	0.0000	0.1311	0.2565	0.0000	2.6601	3.1598	0.0000	0.0000	0.0000	0.0000		0.0000	0.0000	-0.0001	0.9935	0.0000	0.0062	1.0047	0.0000	0.0000	0.0000	0.0000	0.0000	0.0000	0.0000	0.0000	0.0000	0.0003	0.0003	0.0000	0.0003	0.0003	0.0000	0.0000	0.0000	0.0000	0.0000	0.0000	0.0000	0.0000	0.0000	0.0000	0.0000	0.0000	0.0000	0.0021	0.0011	0.0010	0.0001	0.0001	0.0000	0.0020	0.0010	0.0010
53	57	0.0199	4	2	0	1	0	0	0	0	0	1	0	1	0	0	0	0	0	0	0	Y	N	N	N	N	N	N	N	N	N	N	N	N	N	N	N	N	N	0.0000	0.0000	0.0000	0.0000	0.0000	0.0000	0.0000	0.0000	0.0000	0.0000	0.0000	0.0000	0.0000	0.0000	0.0000	0.0000	0.0000	0.0000	0.0887	0.0883	0.0890	0.1037	0.1041	0.0000	0.0774	0.0000	0.0892		1.0000	0.0000	0.0000	0.9935	0.0000	0.0062	0.0000	0.0000	0.0000	0.0000	0.0000	0.0000	0.0000	0.0000	0.0000	0.0000	0.0000	0.0000	0.0000	0.0000	0.0000	0.0000	0.0000	0.0000	0.0000	0.0000	0.0000	0.0000	0.0000	0.0000	0.0000	0.0000	0.0000	0.0000	0.0000	0.0000	0.0000	0.0000	0.0000	0.0000	0.0000	0.0000	0.0000
53	63	0.0842	20	2	0	1	0	0	0	0	0	0	1	0	1	0	0	0	0	0	0	Y	N	N	N	N	N	N	N	N	N	N	N	N	N	N	N	N	N	0.0000	0.0000	0.0000	0.0000	0.0000	0.0000	0.0000	0.0000	0.0000	0.0000	0.0000	0.0000	0.0000	0.0000	0.0000	0.0000	0.0000	0.0000	0.0009	0.0017	0.0000	0.0054	0.0063	0.0000	0.0000	0.0000	0.0000		0.0000	0.0000	-0.0000	0.9935	0.0023	0.0062	3.0060	0.0000	0.0000	0.0000	0.0000	0.0000	0.0000	0.0000	0.0000	0.0000	0.0000	0.0000	0.0000	0.0000	0.0000	0.0000	0.0000	0.0000	0.0000	0.0001	0.0000	0.0000	0.0000	0.0000	0.0000	0.0000	0.0000	0.0000	0.0062	0.0034	0.0028	0.0011	0.0009	0.0002	0.0051	0.0025	0.0027
53	64	0.0814	19	2	0	1	0	1	0	0	0	0	0	0	0	0	0	0	0	0	0	Y	N	N	N	N	N	N	N	N	N	N	N	N	N	N	N	N	N	0.0000	0.0000	0.0000	0.0000	0.0000	0.0000	0.0000	0.0000	0.0000	0.0000	0.0000	0.0000	0.0000	0.0000	0.0000	0.0000	0.0000	0.0000	0.0028	0.0000	0.0062	0.0000	0.0000	0.0000	0.0034	0.0000	0.0066		inf	0.0000	0.0000	0.9935	0.9990	0.0062	0.0212	0.0000	0.0000	0.0000	0.0000	0.0000	0.0000	0.0000	0.0000	0.0000	0.0000	0.0000	0.0000	0.0000	0.0000	0.0000	0.0000	0.0000	0.0000	0.0121	0.0104	0.0017	0.0003	0.0003	0.0000	0.0118	0.0101	0.0017	0.0021	0.0011	0.0009	0.0003	0.0003	0.0001	0.0017	0.0008	0.0009
53	69	0.0534	9	2	0	1	0	0	0	0	0	0	0	0	0	0	0	0	0	0	0	Y	N	N	N	N	N	N	N	N	N	N	N	N	N	N	N	N	N	0.0000	0.0000	0.0000	0.0000	0.0000	0.0000	0.0000	0.0000	0.0000	0.0000	0.0000	0.0000	0.0000	0.0000	0.0000	0.0000	0.0000	0.0000	0.0004	0.0008	0.0000	0.0043	0.0055	0.0000	0.0000	0.0000	0.0000		0.0167	0.0000	-0.0000	0.9935	1.0007	0.0062	1.2584	0.0000	0.0000	0.0000	0.0000	0.0000	0.0000	0.0000	0.0000	0.0000	0.0000	0.0000	0.0000	0.0000	0.0000	0.0000	0.0000	0.0000	0.0000	0.0121	0.0104	0.0017	0.0002	0.0002	0.0000	0.0119	0.0102	0.0017	0.0045	0.0023	0.0022	0.0004	0.0003	0.0001	0.0041	0.0020	0.0021
53	70	0.0392	8	2	0	1	0	1	0	0	0	0	0	0	0	0	0	0	0	0	0	Y	N	N	N	N	N	N	N	N	N	N	N	N	N	N	N	N	N	0.0000	0.0000	0.0000	0.0000	0.0000	0.0000	0.0000	0.0000	0.0000	0.0000	0.0000	0.0000	0.0000	0.0000	0.0000	0.0000	0.0000	0.0000	0.0012	0.0003	0.0021	0.0000	0.0000	0.0000	0.0013	0.0004	0.0022		5.9597	0.0000	0.0000	0.9935	3.0007	0.0062	1.9606	0.0000	0.0000	0.0000	0.0000	0.0000	0.0000	0.0000	0.0000	0.0000	0.0000	0.0000	0.0000	0.0000	0.0000	0.0000	0.0000	0.0000	0.0000	0.0359	0.0308	0.0051	0.0001	0.0001	0.0000	0.0357	0.0306	0.0051	0.0100	0.0052	0.0048	0.0010	0.0008	0.0002	0.0090	0.0044	0.0047
53	75	0.0502	8	2	0	1	0	0	0	0	0	0	0	1	1	0	0	0	0	0	0	Y	N	N	N	N	N	N	N	N	N	N	N	N	N	N	N	N	N	0.0000	0.0000	0.0000	0.0000	0.0000	0.0000	0.0000	0.0000	0.0000	0.0000	0.0000	0.0000	0.0000	0.0000	0.0000	0.0000	0.0000	0.0000	0.0000	0.0000	0.0000	0.0000	0.0000	0.0000	0.0000	0.0000	0.0000			0.0000	0.0000	0.9935	0.0000	0.0062	1.0000	0.0000	0.0000	0.0000	0.0000	0.0000	0.0000	0.0000	0.0000	0.0000	0.0000	0.0000	0.0000	0.0000	0.0000	0.0000	0.0000	0.0000	0.0000	0.0000	0.0000	0.0000	0.0000	0.0000	0.0000	0.0000	0.0000	0.0000	0.0045	0.0027	0.0018	0.0004	0.0003	0.0001	0.0041	0.0023	0.0018
53	76	0.0502	7	2	0	1	0	0	0	0	0	0	1	1	1	0	0	0	0	0	0	Y	N	N	N	N	N	N	N	N	N	N	N	N	N	N	N	N	N	0.0000	0.0000	0.0000	0.0000	0.0000	0.0000	0.0000	0.0000	0.0000	0.0000	0.0000	0.0000	0.0000	0.0000	0.0000	0.0000	0.0000	0.0000	0.0000	0.0000	0.0000	0.0000	0.0000	0.0000	0.0000	0.0000	0.0000			0.0000	0.0000	0.9935	0.0000	0.0062	0.0000	0.0000	0.0000	0.0000	0.0000	0.0000	0.0000	0.0000	0.0000	0.0000	0.0000	0.0000	0.0000	0.0000	0.0000	0.0000	0.0000	0.0000	0.0000	0.0000	0.0000	0.0000	0.0000	0.0000	0.0000	0.0000	0.0000	0.0000	0.0005	0.0003	0.0002	0.0003	0.0003	0.0000	0.0003	0.0000	0.0002
53	77	0.0284	6	2	0	1	0	0	0	0	0	1	0	1	0	0	0	0	0	0	0	Y	N	N	N	N	N	N	N	N	N	N	N	N	N	N	N	N	N	0.0000	0.0000	0.0000	0.0000	0.0000	0.0000	0.0000	0.0000	0.0000	0.0000	0.0000	0.0000	0.0000	0.0000	0.0000	0.0000	0.0000	0.0000	0.2940	0.0000	0.6072	0.0002	0.0003	0.0000	0.3248	0.0000	0.6300		14454.3740	0.0000	0.0012	0.9935	0.0002	0.0062	3.7635	0.0000	0.0000	0.0000	0.0000	0.0000	0.0000	0.0000	0.0000	0.0000	0.0022	0.0000	0.0022	0.0000	0.0000	0.0000	0.0022	0.0000	0.0022	0.0000	0.0000	0.0000	0.0000	0.0000	0.0000	0.0000	0.0000	0.0000	0.0076	0.0039	0.0037	0.0007	0.0006	0.0001	0.0069	0.0034	0.0036
53	93	0.0814	16	2	0	1	0	0	0	0	0	0	0	0	0	0	0	0	0	0	0	Y	N	N	N	N	N	N	N	N	N	N	N	N	N	N	N	N	N	0.0000	0.0000	0.0000	0.0000	0.0000	0.0000	0.0000	0.0000	0.0000	0.0000	0.0000	0.0000	0.0000	0.0000	0.0000	0.0000	0.0000	0.0000	0.0000	0.0000	0.0000	0.0000	0.0000	0.0000	0.0000	0.0000	0.0000			0.0000	0.0000	0.9935	0.0001	0.0062	0.0783	0.0000	0.0000	0.0000	0.0000	0.0000	0.0000	0.0000	0.0000	0.0000	0.0000	0.0000	0.0000	0.0000	0.0000	0.0000	0.0000	0.0000	0.0000	0.0000	0.0000	0.0000	0.0000	0.0000	0.0000	0.0000	0.0000	0.0000	0.0002	0.0001	0.0001	0.0000	0.0000	0.0000	0.0001	0.0001	0.0001
53	94	0.0728	15	2	0	1	0	1	0	0	0	0	0	0	0	0	0	0	0	0	0	Y	N	N	N	N	N	N	N	N	N	N	N	N	N	N	N	N	N	0.0000	0.0000	0.0000	0.0000	0.0000	0.0000	0.0000	0.0000	0.0000	0.0000	0.0000	0.0000	0.0000	0.0000	0.0000	0.0000	0.0000	0.0000	0.0000	0.0000	0.0000	0.0000	0.0000	0.0000	0.0000	0.0000	0.0000			0.0000	0.0000	0.9935	0.0004	0.0062	2.9660	0.0000	0.0000	0.0000	0.0000	0.0000	0.0000	0.0000	0.0000	0.0000	0.0000	0.0000	0.0000	0.0000	0.0000	0.0000	0.0000	0.0000	0.0000	0.0000	0.0000	0.0000	0.0000	0.0000	0.0000	0.0000	0.0000	0.0000	0.0062	0.0034	0.0028	0.0010	0.0009	0.0001	0.0052	0.0025	0.0026
54	55	0.0194	5	2	0	1	0	0	0	0	0	0	1	1	1	0	0	0	0	0	0	Y	N	N	N	N	N	N	N	N	N	N	N	N	N	N	N	N	N	0.0000	0.0000	0.0000	0.0000	0.0000	0.0000	0.0000	0.0000	0.0000	0.0000	0.0000	0.0000	0.0000	0.0000	0.0000	0.0000	0.0000	0.0000	0.0000	0.0001	0.0000	0.0000	0.0000	0.0000	0.0000	0.0001	0.0000		0.0000	0.0000	-0.0000	0.0065	0.0000	3.0034	1.0065	0.0000	0.0000	0.0000	0.0000	0.0000	0.0000	0.0000	0.0000	0.0000	0.0000	0.0000	0.0000	0.0000	0.0000	0.0000	0.0000	0.0000	0.0000	0.0000	0.0000	0.0000	0.0000	0.0000	0.0000	0.0000	0.0000	0.0000	0.0078	0.0044	0.0034	0.0009	0.0009	0.0000	0.0069	0.0035	0.0034
54	56	0.0166	4	2	0	1	0	0	0	0	0	0	0	1	0	0	0	0	0	0	0	Y	N	N	N	N	N	N	N	N	N	N	N	N	N	N	N	N	N	0.0000	0.0000	0.0000	0.0000	0.0000	0.0000	0.0000	0.0000	0.0000	0.0000	0.0000	0.0000	0.0000	0.0000	0.0000	0.0000	0.0000	0.0000	0.0363	0.0648	0.0000	0.0121	0.0122	0.0000	0.0392	0.0770	0.0000		0.0000	0.0000	-0.0001	0.0065	0.0000	3.0034	1.0047	0.0000	0.0000	0.0000	0.0000	0.0000	0.0000	0.0000	0.0000	0.0000	0.0003	0.0003	0.0000	0.0000	0.0000	0.0000	0.0003	0.0003	0.0000	0.0000	0.0000	0.0000	0.0000	0.0000	0.0000	0.0000	0.0000	0.0000	0.0077	0.0043	0.0034	0.0008	0.0008	0.0000	0.0069	0.0035	0.0034
54	57	0.0166	3	2	0	1	0	0	0	0	0	1	0	1	0	0	0	0	0	0	0	Y	N	N	N	N	N	N	N	N	N	N	N	N	N	N	N	N	N	0.0000	0.0000	0.0000	0.0000	0.0000	0.0000	0.0000	0.0000	0.0000	0.0000	0.0000	0.0000	0.0000	0.0000	0.0000	0.0000	0.0000	0.0000	49.4458	47.2497	51.8559	70.7174	70.8066	0.0000	38.0119	0.0000	51.9038		1.0000	0.0000	0.0000	0.0065	0.0000	3.0034	0.0000	0.0000	0.0000	0.0000	0.0000	0.0000	0.0000	0.0000	0.0000	0.0000	0.0000	0.0000	0.0000	0.0000	0.0000	0.0000	0.0000	0.0000	0.0000	0.0000	0.0000	0.0000	0.0000	0.0000	0.0000	0.0000	0.0000	0.0000	0.0000	0.0000	0.0000	0.0000	0.0000	0.0000	0.0000	0.0000	0.0000
54	63	0.0809	19	2	0	1	0	0	0	0	0	0	1	0	1	0	0	0	0	0	0	Y	N	N	N	N	N	N	N	N	N	N	N	N	N	N	N	N	N	0.0000	0.0000	0.0000	0.0000	0.0000	0.0000	0.0000	0.0000	0.0000	0.0000	0.0000	0.0000	0.0000	0.0000	0.0000	0.0000	0.0000	0.0000	0.2316	0.3918	0.0000	1.2273	1.3044	0.0000	0.0000	0.0000	0.0000		0.0000	0.0000	-0.0025	0.0065	0.0023	3.0034	3.0060	0.0000	0.0000	0.0000	0.0000	0.0000	0.0000	0.0000	0.0000	0.0000	0.0052	0.0052	0.0000	0.0052	0.0052	0.0000	0.0000	0.0000	0.0000	0.0000	0.0000	0.0000	0.0000	0.0000	0.0000	0.0000	0.0000	0.0000	0.0224	0.0132	0.0092	0.0042	0.0040	0.0002	0.0182	0.0093	0.0089
54	64	0.0781	18	2	0	1	0	1	0	0	0	0	0	0	0	0	0	0	0	0	0	Y	N	N	N	N	N	N	N	N	N	N	N	N	N	N	N	N	N	0.0000	0.0000	0.0000	0.0000	0.0000	0.0000	0.0000	0.0000	0.0000	0.0000	0.0000	0.0000	0.0000	0.0000	0.0000	0.0000	0.0000	0.0000	0.6774	0.0000	1.6593	0.0000	0.0000	0.0000	0.8346	0.0000	1.7054		178054.4556	0.0000	0.0027	0.0065	0.9990	3.0034	0.0212	0.0000	0.0000	0.0000	0.0000	0.0000	0.0000	0.0000	0.0000	0.0000	0.0052	0.0000	0.0052	0.0000	0.0000	0.0000	0.0052	0.0000	0.0052	0.0001	0.0001	0.0000	0.0000	0.0000	0.0000	0.0001	0.0001	0.0000	0.0077	0.0045	0.0031	0.0014	0.0014	0.0001	0.0062	0.0032	0.0030
54	69	0.0500	8	2	0	1	0	0	0	0	0	0	0	0	0	0	0	0	0	0	0	Y	N	N	N	N	N	N	N	N	N	N	N	N	N	N	N	N	N	0.0000	0.0000	0.0000	0.0000	0.0000	0.0000	0.0000	0.0000	0.0000	0.0000	0.0000	0.0000	0.0000	0.0000	0.0000	0.0000	0.0000	0.0000	0.0409	0.0700	0.0014	0.1994	0.2336	0.0000	0.0008	0.0000	0.0015		0.0149	0.0000	-0.0004	0.0065	1.0007	3.0034	1.2584	0.0000	0.0000	0.0000	0.0000	0.0000	0.0000	0.0000	0.0000	0.0000	0.0008	0.0008	0.0000	0.0008	0.0008	0.0000	0.0000	0.0000	0.0000	0.0001	0.0001	0.0000	0.0000	0.0000	0.0000	0.0001	0.0001	0.0000	0.0195	0.0112	0.0083	0.0039	0.0034	0.0006	0.0156	0.0079	0.0077
54	70	0.0359	7	2	0	1	0	1	0	0	0	0	0	0	0	0	0	0	0	0	0	Y	N	N	N	N	N	N	N	N	N	N	N	N	N	N	N	N	N	0.0000	0.0000	0.0000	0.0000	0.0000	0.0000	0.0000	0.0000	0.0000	0.0000	0.0000	0.0000	0.0000	0.0000	0.0000	0.0000	0.0000	0.0000	0.1262	0.0356	0.2450	0.0020	0.0021	0.0000	0.1453	0.0454	0.2481		5.2504	0.0000	0.0017	0.0065	3.0007	3.0034	1.9606	0.0000	0.0000	0.0000	0.0000	0.0000	0.0000	0.0000	0.0000	0.0000	0.0047	0.0008	0.0040	0.0000	0.0000	0.0000	0.0047	0.0007	0.0040	0.0002	0.0002	0.0000	0.0000	0.0000	0.0000	0.0002	0.0002	0.0000	0.0375	0.0213	0.0162	0.0050	0.0048	0.0002	0.0325	0.0165	0.0160
54	75	0.0469	7	2	0	1	0	0	0	0	0	0	0	1	1	0	0	0	0	0	0	Y	N	N	N	N	N	N	N	N	N	N	N	N	N	N	N	N	N	0.0000	0.0000	0.0000	0.0000	0.0000	0.0000	0.0000	0.0000	0.0000	0.0000	0.0000	0.0000	0.0000	0.0000	0.0000	0.0000	0.0000	0.0000	0.0000	0.0000	0.0000	0.0000	0.0000	0.0000	0.0000	0.0000	0.0000			0.0000	0.0000	0.0065	0.0000	3.0034	1.0000	0.0000	0.0000	0.0000	0.0000	0.0000	0.0000	0.0000	0.0000	0.0000	0.0000	0.0000	0.0000	0.0000	0.0000	0.0000	0.0000	0.0000	0.0000	0.0000	0.0000	0.0000	0.0000	0.0000	0.0000	0.0000	0.0000	0.0000	0.0060	0.0035	0.0025	0.0004	0.0004	0.0000	0.0056	0.0032	0.0024
54	76	0.0469	6	2	0	1	0	0	0	0	0	0	1	1	1	0	0	0	0	0	0	Y	N	N	N	N	N	N	N	N	N	N	N	N	N	N	N	N	N	0.0000	0.0000	0.0000	0.0000	0.0000	0.0000	0.0000	0.0000	0.0000	0.0000	0.0000	0.0000	0.0000	0.0000	0.0000	0.0000	0.0000	0.0000	0.0000	0.0000	0.0000	0.0000	0.0000	0.0000	0.0000	0.0000	0.0000			0.0000	0.0000	0.0065	0.0000	3.0034	0.0000	0.0000	0.0000	0.0000	0.0000	0.0000	0.0000	0.0000	0.0000	0.0000	0.0000	0.0000	0.0000	0.0000	0.0000	0.0000	0.0000	0.0000	0.0000	0.0000	0.0000	0.0000	0.0000	0.0000	0.0000	0.0000	0.0000	0.0000	0.0007	0.0004	0.0003	0.0004	0.0004	0.0000	0.0004	0.0000	0.0003
54	77	0.0251	5	2	0	1	0	0	0	0	0	1	0	1	0	0	0	0	0	0	0	Y	N	N	N	N	N	N	N	N	N	N	N	N	N	N	N	N	N	0.0000	0.0000	0.0000	0.0000	0.0000	0.0000	0.0000	0.0000	0.0000	0.0000	0.0000	0.0000	0.0000	0.0000	0.0000	0.0000	0.0000	0.0000	32.8135	0.0002	75.0317	0.0005	0.0006	0.0000	38.6501	0.0000	75.8949		385832.3694	0.0000	0.5241	0.0065	0.0002	3.0034	3.7635	0.0000	0.0000	0.0000	0.0000	0.0000	0.0000	0.0000	0.0000	0.0000	0.9963	0.0000	0.9963	0.0000	0.0000	0.0000	0.9963	0.0000	0.9963	0.0000	0.0000	0.0000	0.0000	0.0000	0.0000	0.0000	0.0000	0.0000	0.0304	0.0171	0.0133	0.0046	0.0044	0.0002	0.0258	0.0126	0.0131
54	93	0.0781	15	2	0	1	0	0	0	0	0	0	0	0	0	0	0	0	0	0	0	Y	N	N	N	N	N	N	N	N	N	N	N	N	N	N	N	N	N	0.0000	0.0000	0.0000	0.0000	0.0000	0.0000	0.0000	0.0000	0.0000	0.0000	0.0000	0.0000	0.0000	0.0000	0.0000	0.0000	0.0000	0.0000	0.0000	0.0000	0.0000	0.0000	0.0000	0.0000	0.0000	0.0000	0.0000			0.0000	0.0000	0.0065	0.0001	3.0034	0.0783	0.0000	0.0000	0.0000	0.0000	0.0000	0.0000	0.0000	0.0000	0.0000	0.0000	0.0000	0.0000	0.0000	0.0000	0.0000	0.0000	0.0000	0.0000	0.0000	0.0000	0.0000	0.0000	0.0000	0.0000	0.0000	0.0000	0.0000	0.0014	0.0008	0.0006	0.0005	0.0005	0.0000	0.0009	0.0003	0.0006
54	94	0.0695	14	2	0	1	0	1	0	0	0	0	0	0	0	0	0	0	0	0	0	Y	N	N	N	N	N	N	N	N	N	N	N	N	N	N	N	N	N	0.0000	0.0000	0.0000	0.0000	0.0000	0.0000	0.0000	0.0000	0.0000	0.0000	0.0000	0.0000	0.0000	0.0000	0.0000	0.0000	0.0000	0.0000	0.0000	0.0000	0.0000	0.0000	0.0000	0.0000	0.0000	0.0000	0.0000			0.0000	0.0000	0.0065	0.0004	3.0034	2.9660	0.0000	0.0000	0.0000	0.0000	0.0000	0.0000	0.0000	0.0000	0.0000	0.0000	0.0000	0.0000	0.0000	0.0000	0.0000	0.0000	0.0000	0.0000	0.0000	0.0000	0.0000	0.0000	0.0000	0.0000	0.0000	0.0000	0.0000	0.0221	0.0131	0.0090	0.0041	0.0038	0.0002	0.0180	0.0092	0.0088
55	58	0.0153	5	2	0	1	0	0	0	0	0	0	1	1	1	0	0	0	0	0	0	Y	N	N	N	N	N	N	N	N	N	N	N	N	N	N	N	N	N	0.0000	0.0000	0.0000	0.0000	0.0000	0.0000	0.0000	0.0000	0.0000	0.0000	0.0000	0.0000	0.0000	0.0000	0.0000	0.0000	0.0000	0.0000	0.0000	0.0000	0.0000	0.0000	0.0000	0.0000	0.0000	0.0000	0.0000			0.0000	0.0000	0.0000	0.0000	1.0065	1.0108	0.0000	0.0000	0.0000	0.0000	0.0000	0.0000	0.0000	0.0000	0.0000	0.0000	0.0000	0.0000	0.0000	0.0000	0.0000	0.0000	0.0000	0.0000	0.0000	0.0000	0.0000	0.0000	0.0000	0.0000	0.0000	0.0000	0.0000	0.0037	0.0025	0.0012	0.0008	0.0008	0.0000	0.0029	0.0017	0.0012
55	59	0.0087	4	2	0	1	0	0	0	0	0	0	1	1	1	0	0	0	0	0	0	Y	N	N	N	N	N	N	N	N	N	N	N	N	N	N	N	N	N	0.0000	0.0000	0.0000	0.0000	0.0000	0.0000	0.0000	0.0000	0.0000	0.0000	0.0000	0.0000	0.0000	0.0000	0.0000	0.0000	0.0000	0.0000	0.0000	0.0000	0.0000	0.0000	0.0000	0.0000	0.0000	0.0000	0.0000			0.0000	0.0000	0.0000	0.0001	1.0065	2.3402	0.0000	0.0000	0.0000	0.0000	0.0000	0.0000	0.0000	0.0000	0.0000	0.0000	0.0000	0.0000	0.0000	0.0000	0.0000	0.0000	0.0000	0.0000	0.0000	0.0000	0.0000	0.0000	0.0000	0.0000	0.0000	0.0000	0.0000	0.0049	0.0022	0.0026	0.0000	0.0000	0.0000	0.0048	0.0022	0.0026
55	60	0.0087	3	2	0	1	0	0	0	1	0	0	1	1	1	0	0	0	0	0	0	Y	N	N	N	N	N	N	N	N	N	N	N	N	N	N	N	N	N	0.0000	0.0000	0.0000	0.0000	0.0000	0.0000	0.0000	0.0000	0.0000	0.0000	0.0000	0.0000	0.0000	0.0000	0.0000	0.0000	0.0000	0.0000	0.0000	0.0000	0.0000	0.0000	0.0000	0.0000	0.0000	0.0000	0.0000			0.0000	0.0000	0.0000	0.0000	1.0065	0.0002	0.0000	0.0000	0.0000	0.0000	0.0000	0.0000	0.0000	0.0000	0.0000	0.0000	0.0000	0.0000	0.0000	0.0000	0.0000	0.0000	0.0000	0.0000	0.0000	0.0000	0.0000	0.0000	0.0000	0.0000	0.0000	0.0000	0.0000	0.0000	0.0000	0.0000	0.0000	0.0000	0.0000	0.0000	0.0000	0.0000
55	63	0.0730	19	2	0	0	0	0	0	0	0	0	2	1	2	0	0	0	0	0	0	Y	N	N	N	N	Y	N	N	N	N	N	N	N	N	N	N	N	N	0.0000	0.0000	0.0000	0.0000	0.0000	0.0000	0.0000	0.0000	0.0000	0.0000	0.0000	0.0000	0.0000	0.0000	0.0000	0.0000	0.0000	0.0000	0.0000	0.0000	0.0000	0.0000	0.0000	0.0000	0.0000	0.0000	0.0000			0.0000	0.0000	0.0000	0.0023	1.0065	3.0060	0.0000	0.0000	0.0000	0.0000	0.0000	0.0000	0.0000	0.0000	0.0000	0.0000	0.0000	0.0000	0.0000	0.0000	0.0000	0.0000	0.0000	0.0000	0.0000	0.0000	0.0000	0.0000	0.0000	0.0000	0.0000	0.0000	0.0000	0.0060	0.0030	0.0031	0.0006	0.0006	0.0001	0.0054	0.0024	0.0030
55	64	0.0701	18	2	0	0	0	1	0	0	0	0	1	1	1	0	0	0	0	0	0	Y	N	N	N	N	N	N	N	N	N	N	N	N	N	N	N	N	N	0.0000	0.0000	0.0000	0.0000	0.0000	0.0000	0.0000	0.0000	0.0000	0.0000	0.0000	0.0000	0.0000	0.0000	0.0000	0.0000	0.0000	0.0000	0.0000	0.0000	0.0000	0.0000	0.0000	0.0000	0.0000	0.0000	0.0000			0.0000	0.0000	0.0000	0.9990	1.0065	0.0212	0.0000	0.0000	0.0000	0.0000	0.0000	0.0000	0.0000	0.0000	0.0000	0.0000	0.0000	0.0000	0.0000	0.0000	0.0000	0.0000	0.0000	0.0000	0.0000	0.0000	0.0000	0.0000	0.0000	0.0000	0.0000	0.0000	0.0000	0.0021	0.0010	0.0011	0.0002	0.0002	0.0000	0.0019	0.0008	0.0010
55	68	0.0390	6	2	0	1	0	0	0	1	0	0	1	2	1	0	0	0	0	0	0	Y	N	N	N	Y	N	N	N	N	N	N	N	N	N	N	N	N	N	0.0000	0.0000	0.0000	0.0000	0.0000	0.0000	0.0000	0.0000	0.0000	0.0000	0.0000	0.0000	0.0000	0.0000	0.0000	0.0000	0.0000	0.0000	0.0003	0.0000	0.0005	0.0000	0.0000	0.0000	0.0003	0.0000	0.0005		65.7156	0.0000	0.0000	0.0000	0.0002	1.0065	1.2554	0.0000	0.0000	0.0000	0.0000	0.0000	0.0000	0.0000	0.0000	0.0000	0.0000	0.0000	0.0000	0.0000	0.0000	0.0000	0.0000	0.0000	0.0000	0.0000	0.0000	0.0000	0.0000	0.0000	0.0000	0.0000	0.0000	0.0000	0.0028	0.0014	0.0014	0.0003	0.0003	0.0000	0.0025	0.0011	0.0014
55	69	0.0421	8	2	0	0	0	0	0	0	0	0	1	1	1	0	0	0	0	0	0	Y	N	N	N	N	N	N	N	N	N	N	N	N	N	N	N	N	N	0.0000	0.0000	0.0000	0.0000	0.0000	0.0000	0.0000	0.0000	0.0000	0.0000	0.0000	0.0000	0.0000	0.0000	0.0000	0.0000	0.0000	0.0000	0.0000	0.0000	0.0000	0.0000	0.0000	0.0000	0.0000	0.0000	0.0000			0.0000	0.0000	0.0000	1.0007	1.0065	1.2584	0.0000	0.0000	0.0000	0.0000	0.0000	0.0000	0.0000	0.0000	0.0000	0.0000	0.0000	0.0000	0.0000	0.0000	0.0000	0.0000	0.0000	0.0000	0.0000	0.0000	0.0000	0.0000	0.0000	0.0000	0.0000	0.0000	0.0000	0.0055	0.0027	0.0028	0.0007	0.0006	0.0002	0.0047	0.0021	0.0026
55	70	0.0280	7	2	0	0	0	1	0	0	0	0	1	1	1	0	0	0	0	0	0	Y	N	N	N	N	N	N	N	N	N	N	N	N	N	N	N	N	N	0.0000	0.0000	0.0000	0.0000	0.0000	0.0000	0.0000	0.0000	0.0000	0.0000	0.0000	0.0000	0.0000	0.0000	0.0000	0.0000	0.0000	0.0000	0.0000	0.0000	0.0001	0.0000	0.0000	0.0000	0.0000	0.0000	0.0001		inf	0.0000	0.0000	0.0000	3.0007	1.0065	1.9606	0.0000	0.0000	0.0000	0.0000	0.0000	0.0000	0.0000	0.0000	0.0000	0.0000	0.0000	0.0000	0.0000	0.0000	0.0000	0.0000	0.0000	0.0000	0.0000	0.0000	0.0000	0.0000	0.0000	0.0000	0.0000	0.0000	0.0000	0.0102	0.0048	0.0055	0.0004	0.0004	0.0001	0.0098	0.0044	0.0054
55	71	0.1559	14	1	0	0	0	0	0	0	0	1	1	2	1	0	0	0	0	0	0	N	N	N	N	Y	N	N	N	N	N	N	N	N	N	N	N	N	N	0.0000	0.0000	0.0000	0.0000	0.0000	0.0000	0.0000	0.0000	0.0000	0.0000	0.0000	0.0000	0.0000	0.0000	0.0000	0.0000	0.0000	0.0000	0.0131	0.0009	0.0323	0.0016	0.0018	0.0003	0.0190	0.0000	0.0360		22.7378	0.0000	0.0005	0.0000	6.1029	1.0065	20.9537	0.0000	0.0000	0.0000	0.0000	0.0000	0.0000	0.0000	0.0000	0.0000	0.0009	0.0000	0.0009	0.0000	0.0000	0.0000	0.0009	0.0000	0.0009	0.0000	0.0000	0.0000	0.0000	0.0000	0.0000	0.0000	0.0000	0.0000	0.0726	0.0445	0.0282	0.0248	0.0219	0.0030	0.0478	0.0226	0.0252
55	73	0.0390	7	2	0	1	0	0	0	1	0	0	1	2	2	0	0	0	0	0	0	Y	N	N	N	Y	Y	N	N	N	N	N	N	N	N	N	N	N	N	0.0000	0.0000	0.0000	0.0000	0.0000	0.0000	0.0000	0.0000	0.0000	0.0000	0.0000	0.0000	0.0000	0.0000	0.0000	0.0000	0.0000	0.0000	0.0000	0.0000	0.0000	0.0000	0.0000	0.0000	0.0000	0.0000	0.0000			0.0000	0.0000	0.0000	0.0000	1.0065	0.0000	0.0000	0.0000	0.0000	0.0000	0.0000	0.0000	0.0000	0.0000	0.0000	0.0000	0.0000	0.0000	0.0000	0.0000	0.0000	0.0000	0.0000	0.0000	0.0000	0.0000	0.0000	0.0000	0.0000	0.0000	0.0000	0.0000	0.0000	0.0000	0.0000	0.0000	0.0000	0.0000	0.0000	0.0000	0.0000	0.0000
55	74	0.0395	9	2	0	1	0	1	0	1	0	0	1	1	1	0	0	0	0	0	0	Y	N	N	N	N	N	N	N	N	N	N	N	N	N	N	N	N	N	0.0000	0.0000	0.0000	0.0000	0.0000	0.0000	0.0000	0.0000	0.0000	0.0000	0.0000	0.0000	0.0000	0.0000	0.0000	0.0000	0.0000	0.0000	0.0000	0.0000	0.0000	0.0000	0.0000	0.0000	0.0000	0.0000	0.0000			0.0000	0.0000	0.0000	2.9595	1.0065	5.1315	0.0000	0.0000	0.0000	0.0000	0.0000	0.0000	0.0000	0.0000	0.0000	0.0000	0.0000	0.0000	0.0000	0.0000	0.0000	0.0000	0.0000	0.0000	0.0000	0.0000	0.0000	0.0000	0.0000	0.0000	0.0000	0.0000	0.0000	0.0169	0.0082	0.0087	0.0015	0.0013	0.0001	0.0154	0.0068	0.0086
55	75	0.0390	7	2	0	0	0	0	0	0	0	0	1	2	2	0	0	0	0	0	0	Y	N	N	N	Y	Y	N	N	N	N	N	N	N	N	N	N	N	N	0.0000	0.0000	0.0000	0.0000	0.0000	0.0000	0.0000	0.0000	0.0000	0.0000	0.0000	0.0000	0.0000	0.0000	0.0000	0.0000	0.0000	0.0000	0.0000	0.0000	0.0000	0.0000	0.0000	0.0000	0.0000	0.0000	0.0000			0.0000	0.0000	0.0000	0.0000	1.0065	1.0000	0.0000	0.0000	0.0000	0.0000	0.0000	0.0000	0.0000	0.0000	0.0000	0.0000	0.0000	0.0000	0.0000	0.0000	0.0000	0.0000	0.0000	0.0000	0.0000	0.0000	0.0000	0.0000	0.0000	0.0000	0.0000	0.0000	0.0000	0.0020	0.0011	0.0008	0.0001	0.0001	0.0000	0.0019	0.0010	0.0008
55	76	0.0390	6	2	0	0	0	0	0	0	0	0	2	2	2	0	0	0	0	0	0	Y	N	N	N	Y	Y	N	N	N	N	N	N	N	N	N	N	N	N	0.0000	0.0000	0.0000	0.0000	0.0000	0.0000	0.0000	0.0000	0.0000	0.0000	0.0000	0.0000	0.0000	0.0000	0.0000	0.0000	0.0000	0.0000	0.0000	0.0000	0.0000	0.0000	0.0000	0.0000	0.0000	0.0000	0.0000			0.0000	0.0000	0.0000	0.0000	1.0065	0.0000	0.0000	0.0000	0.0000	0.0000	0.0000	0.0000	0.0000	0.0000	0.0000	0.0000	0.0000	0.0000	0.0000	0.0000	0.0000	0.0000	0.0000	0.0000	0.0000	0.0000	0.0000	0.0000	0.0000	0.0000	0.0000	0.0000	0.0000	0.0003	0.0001	0.0001	0.0001	0.0001	0.0000	0.0001	0.0000	0.0001
55	77	0.0171	5	2	0	0	0	0	0	0	0	1	1	2	1	0	0	0	0	0	0	Y	N	N	N	Y	N	N	N	N	N	N	N	N	N	N	N	N	N	0.0000	0.0000	0.0000	0.0000	0.0000	0.0000	0.0000	0.0000	0.0000	0.0000	0.0000	0.0000	0.0000	0.0000	0.0000	0.0000	0.0000	0.0000	0.0001	0.0002	0.0000	0.0012	0.0013	0.0000	0.0000	0.0000	0.0000		0.0000	0.0000	-0.0000	0.0000	0.0002	1.0065	3.7635	0.0000	0.0000	0.0000	0.0000	0.0000	0.0000	0.0000	0.0000	0.0000	0.0000	0.0000	0.0000	0.0000	0.0000	0.0000	0.0000	0.0000	0.0000	0.0000	0.0000	0.0000	0.0000	0.0000	0.0000	0.0000	0.0000	0.0000	0.0084	0.0039	0.0045	0.0006	0.0005	0.0000	0.0078	0.0034	0.0044
55	79	0.0651	13	2	0	1	0	0	0	0	0	0	1	1	1	0	0	0	0	0	0	Y	N	N	N	N	N	N	N	N	N	N	N	N	N	N	N	N	N	0.0000	0.0000	0.0000	0.0000	0.0000	0.0000	0.0000	0.0000	0.0000	0.0000	0.0000	0.0000	0.0000	0.0000	0.0000	0.0000	0.0000	0.0000	0.0000	0.0000	0.0000	0.0000	0.0000	0.0000	0.0000	0.0000	0.0000			0.0000	0.0000	0.0000	1.0047	1.0065	3.0004	0.0000	0.0000	0.0000	0.0000	0.0000	0.0000	0.0000	0.0000	0.0000	0.0000	0.0000	0.0000	0.0000	0.0000	0.0000	0.0000	0.0000	0.0000	0.0000	0.0000	0.0000	0.0000	0.0000	0.0000	0.0000	0.0000	0.0000	0.0078	0.0038	0.0041	0.0008	0.0006	0.0001	0.0071	0.0031	0.0039
55	80	0.0544	12	2	0	1	0	0	0	0	0	0	1	1	1	0	0	0	0	0	0	Y	N	N	N	N	N	N	N	N	N	N	N	N	N	N	N	N	N	0.0000	0.0000	0.0000	0.0000	0.0000	0.0000	0.0000	0.0000	0.0000	0.0000	0.0000	0.0000	0.0000	0.0000	0.0000	0.0000	0.0000	0.0000	0.0000	0.0000	0.0000	0.0000	0.0000	0.0000	0.0000	0.0000	0.0000			0.0000	0.0000	0.0000	1.0096	1.0065	2.0672	0.0000	0.0000	0.0000	0.0000	0.0000	0.0000	0.0000	0.0000	0.0000	0.0000	0.0000	0.0000	0.0000	0.0000	0.0000	0.0000	0.0000	0.0000	0.0000	0.0000	0.0000	0.0000	0.0000	0.0000	0.0000	0.0000	0.0000	0.0108	0.0059	0.0049	0.0040	0.0029	0.0011	0.0069	0.0030	0.0039
55	81	0.0473	11	2	0	1	0	1	0	1	0	0	1	1	1	0	0	0	0	0	0	Y	N	N	N	N	N	N	N	N	N	N	N	N	N	N	N	N	N	0.0000	0.0000	0.0000	0.0000	0.0000	0.0000	0.0000	0.0000	0.0000	0.0000	0.0000	0.0000	0.0000	0.0000	0.0000	0.0000	0.0000	0.0000	0.0000	0.0000	0.0000	0.0000	0.0000	0.0000	0.0000	0.0000	0.0000			0.0000	0.0000	0.0000	0.9933	1.0065	1.5154	0.0000	0.0000	0.0000	0.0000	0.0000	0.0000	0.0000	0.0000	0.0000	0.0000	0.0000	0.0000	0.0000	0.0000	0.0000	0.0000	0.0000	0.0000	0.0000	0.0000	0.0000	0.0000	0.0000	0.0000	0.0000	0.0000	0.0000	0.0053	0.0026	0.0027	0.0005	0.0004	0.0001	0.0048	0.0021	0.0027
55	82	0.0702	15	2	0	1	0	0	0	1	0	0	1	1	1	0	0	0	0	0	0	Y	N	N	N	N	N	N	N	N	N	N	N	N	N	N	N	N	N	0.0000	0.0000	0.0000	0.0000	0.0000	0.0000	0.0000	0.0000	0.0000	0.0000	0.0000	0.0000	0.0000	0.0000	0.0000	0.0000	0.0000	0.0000	0.0000	0.0000	0.0000	0.0000	0.0000	0.0000	0.0000	0.0000	0.0000			0.0000	0.0000	0.0000	4.0000	1.0065	3.0004	0.0000	0.0000	0.0000	0.0000	0.0000	0.0000	0.0000	0.0000	0.0000	0.0000	0.0000	0.0000	0.0000	0.0000	0.0000	0.0000	0.0000	0.0000	0.0000	0.0000	0.0000	0.0000	0.0000	0.0000	0.0000	0.0000	0.0000	0.0139	0.0069	0.0070	0.0016	0.0014	0.0002	0.0123	0.0055	0.0068
55	84	0.0306	8	2	0	1	0	1	0	1	0	0	1	1	1	0	0	0	0	0	0	Y	N	N	N	N	N	N	N	N	N	N	N	N	N	N	N	N	N	0.0000	0.0000	0.0000	0.0000	0.0000	0.0000	0.0000	0.0000	0.0000	0.0000	0.0000	0.0000	0.0000	0.0000	0.0000	0.0000	0.0000	0.0000	0.3335	0.7144	0.0000	7.0046	8.2844	0.0000	0.0000	0.0000	0.0000		0.0000	0.0000	-0.0026	0.0000	2.0009	1.0065	6.0608	0.0000	0.0000	0.0000	0.0000	0.0000	0.0000	0.0000	0.0000	0.0000	0.0055	0.0055	0.0000	0.0055	0.0055	0.0000	0.0000	0.0000	0.0000	0.0000	0.0000	0.0000	0.0000	0.0000	0.0000	0.0000	0.0000	0.0000	0.0165	0.0077	0.0088	0.0008	0.0007	0.0001	0.0157	0.0070	0.0087
55	85	0.0786	17	2	0	1	0	0	0	0	0	0	1	1	1	0	0	0	0	0	0	Y	N	N	N	N	N	N	N	N	N	N	N	N	N	N	N	N	N	0.0000	0.0000	0.0000	0.0000	0.0000	0.0000	0.0000	0.0000	0.0000	0.0000	0.0000	0.0000	0.0000	0.0000	0.0000	0.0000	0.0000	0.0000	0.0000	0.0000	0.0000	0.0000	0.0000	0.0000	0.0000	0.0000	0.0000			0.0000	0.0000	0.0000	2.0003	1.0065	2.0390	0.0000	0.0000	0.0000	0.0000	0.0000	0.0000	0.0000	0.0000	0.0000	0.0000	0.0000	0.0000	0.0000	0.0000	0.0000	0.0000	0.0000	0.0000	0.0000	0.0000	0.0000	0.0000	0.0000	0.0000	0.0000	0.0000	0.0000	0.0082	0.0042	0.0040	0.0011	0.0010	0.0001	0.0071	0.0032	0.0039
55	86	0.0713	16	2	0	1	0	1	0	1	0	0	1	1	1	0	0	0	0	0	0	Y	N	N	N	N	N	N	N	N	N	N	N	N	N	N	N	N	N	0.0000	0.0000	0.0000	0.0000	0.0000	0.0000	0.0000	0.0000	0.0000	0.0000	0.0000	0.0000	0.0000	0.0000	0.0000	0.0000	0.0000	0.0000	0.0000	0.0000	0.0000	0.0000	0.0000	0.0000	0.0000	0.0000	0.0000			0.0000	0.0000	0.0000	1.0005	1.0065	0.9990	0.0000	0.0000	0.0000	0.0000	0.0000	0.0000	0.0000	0.0000	0.0000	0.0000	0.0000	0.0000	0.0000	0.0000	0.0000	0.0000	0.0000	0.0000	0.0000	0.0000	0.0000	0.0000	0.0000	0.0000	0.0000	0.0000	0.0000	0.0040	0.0020	0.0020	0.0004	0.0004	0.0001	0.0036	0.0016	0.0020
55	89	0.1031	13	2	0	1	0	0	0	0	0	0	1	1	1	0	0	0	0	0	0	Y	N	N	N	N	N	N	N	N	N	N	N	N	N	N	N	N	N	0.0000	0.0000	0.0000	0.0000	0.0000	0.0000	0.0000	0.0000	0.0000	0.0000	0.0000	0.0000	0.0000	0.0000	0.0000	0.0000	0.0000	0.0000	0.0000	0.0000	0.0000	0.0000	0.0000	0.0000	0.0000	0.0000	0.0000		inf	0.0000	0.0000	0.0000	0.0001	1.0065	3.9037	0.0000	0.0000	0.0000	0.0000	0.0000	0.0000	0.0000	0.0000	0.0000	0.0000	0.0000	0.0000	0.0000	0.0000	0.0000	0.0000	0.0000	0.0000	0.0000	0.0000	0.0000	0.0000	0.0000	0.0000	0.0000	0.0000	0.0000	0.0088	0.0045	0.0044	0.0009	0.0009	0.0001	0.0079	0.0036	0.0043
55	90	0.0765	12	2	0	1	0	0	0	0	0	0	1	1	1	0	0	0	0	0	0	Y	N	N	N	N	N	N	N	N	N	N	N	N	N	N	N	N	N	0.0000	0.0000	0.0000	0.0000	0.0000	0.0000	0.0000	0.0000	0.0000	0.0000	0.0000	0.0000	0.0000	0.0000	0.0000	0.0000	0.0000	0.0000	0.0000	0.0000	0.0000	0.0000	0.0000	0.0000	0.0000	0.0000	0.0000		1.0000	0.0000	0.0000	0.0000	1.0001	1.0065	8.1987	0.0000	0.0000	0.0000	0.0000	0.0000	0.0000	0.0000	0.0000	0.0000	0.0000	0.0000	0.0000	0.0000	0.0000	0.0000	0.0000	0.0000	0.0000	0.0000	0.0000	0.0000	0.0000	0.0000	0.0000	0.0000	0.0000	0.0000	0.0208	0.0107	0.0101	0.0028	0.0023	0.0004	0.0180	0.0084	0.0096
55	91	0.0846	17	2	0	1	0	0	0	0	0	0	1	1	1	0	0	0	0	0	0	Y	N	N	N	N	N	N	N	N	N	N	N	N	N	N	N	N	N	0.0000	0.0000	0.0000	0.0000	0.0000	0.0000	0.0000	0.0000	0.0000	0.0000	0.0000	0.0000	0.0000	0.0000	0.0000	0.0000	0.0000	0.0000	0.0535	0.0000	0.1093	0.0000	0.0000	0.0001	0.0619	0.0000	0.1123		inf	0.0000	0.0006	0.0000	1.0071	1.0065	9.1029	0.0000	0.0000	0.0000	0.0000	0.0000	0.0000	0.0000	0.0000	0.0000	0.0011	0.0000	0.0011	0.0000	0.0000	0.0000	0.0011	0.0000	0.0011	0.0000	0.0000	0.0000	0.0000	0.0000	0.0000	0.0000	0.0000	0.0000	0.0204	0.0104	0.0100	0.0028	0.0025	0.0003	0.0176	0.0079	0.0097
55	92	0.0702	16	2	0	1	0	0	0	1	0	0	1	1	1	0	0	0	0	0	0	Y	N	N	N	N	N	N	N	N	N	N	N	N	N	N	N	N	N	0.0000	0.0000	0.0000	0.0000	0.0000	0.0000	0.0000	0.0000	0.0000	0.0000	0.0000	0.0000	0.0000	0.0000	0.0000	0.0000	0.0000	0.0000	0.0002	0.0000	0.0003	0.0000	0.0001	0.0000	0.0002	0.0000	0.0004		23.2458	0.0000	0.0000	0.0000	0.9988	1.0065	4.0321	0.0000	0.0000	0.0000	0.0000	0.0000	0.0000	0.0000	0.0000	0.0000	0.0000	0.0000	0.0000	0.0000	0.0000	0.0000	0.0000	0.0000	0.0000	0.0000	0.0000	0.0000	0.0000	0.0000	0.0000	0.0000	0.0000	0.0000	0.0102	0.0051	0.0051	0.0012	0.0011	0.0001	0.0090	0.0040	0.0050
55	93	0.0702	15	2	0	0	0	0	0	0	0	0	1	1	1	0	0	0	0	0	0	Y	N	N	N	N	N	N	N	N	N	N	N	N	N	N	N	N	N	0.0000	0.0000	0.0000	0.0000	0.0000	0.0000	0.0000	0.0000	0.0000	0.0000	0.0000	0.0000	0.0000	0.0000	0.0000	0.0000	0.0000	0.0000	0.0000	0.0000	0.0000	0.0000	0.0000	0.0000	0.0000	0.0000	0.0000			0.0000	0.0000	0.0000	0.0001	1.0065	0.0783	0.0000	0.0000	0.0000	0.0000	0.0000	0.0000	0.0000	0.0000	0.0000	0.0000	0.0000	0.0000	0.0000	0.0000	0.0000	0.0000	0.0000	0.0000	0.0000	0.0000	0.0000	0.0000	0.0000	0.0000	0.0000	0.0000	0.0000	0.0004	0.0002	0.0002	0.0002	0.0001	0.0000	0.0003	0.0001	0.0002
55	94	0.0616	14	2	0	0	0	1	0	0	0	0	1	1	1	0	0	0	0	0	0	Y	N	N	N	N	N	N	N	N	N	N	N	N	N	N	N	N	N	0.0000	0.0000	0.0000	0.0000	0.0000	0.0000	0.0000	0.0000	0.0000	0.0000	0.0000	0.0000	0.0000	0.0000	0.0000	0.0000	0.0000	0.0000	0.0000	0.0000	0.0000	0.0000	0.0000	0.0000	0.0000	0.0000	0.0000			0.0000	0.0000	0.0000	0.0004	1.0065	2.9660	0.0000	0.0000	0.0000	0.0000	0.0000	0.0000	0.0000	0.0000	0.0000	0.0000	0.0000	0.0000	0.0000	0.0000	0.0000	0.0000	0.0000	0.0000	0.0000	0.0000	0.0000	0.0000	0.0000	0.0000	0.0000	0.0000	0.0000	0.0060	0.0030	0.0030	0.0006	0.0005	0.0001	0.0054	0.0024	0.0030
55	100	0.0513	13	1	0	1	0	0	0	0	0	0	1	2	1	0	0	0	0	0	0	N	N	N	N	Y	N	N	N	N	N	N	N	N	N	N	N	N	N	0.0000	0.0000	0.0000	0.0000	0.0000	0.0000	0.0000	0.0000	0.0000	0.0000	0.0000	0.0000	0.0000	0.0000	0.0000	0.0000	0.0000	0.0000	0.0000	0.0000	0.0000	0.0000	0.0000	0.0000	0.0000	0.0000	0.0000			0.0000	0.0000	0.0000	0.0000	1.0065	0.0000	0.0000	0.0000	0.0000	0.0000	0.0000	0.0000	0.0000	0.0000	0.0000	0.0000	0.0000	0.0000	0.0000	0.0000	0.0000	0.0000	0.0000	0.0000	0.0000	0.0000	0.0000	0.0000	0.0000	0.0000	0.0000	0.0000	0.0000	0.0000	0.0000	0.0000	0.0000	0.0000	0.0000	0.0000	0.0000	0.0000
55	101	0.0457	12	1	0	1	0	0	0	0	0	0	1	2	1	0	0	0	0	0	0	N	N	N	N	Y	N	N	N	N	N	N	N	N	N	N	N	N	N	0.0000	0.0000	0.0000	0.0000	0.0000	0.0000	0.0000	0.0000	0.0000	0.0000	0.0000	0.0000	0.0000	0.0000	0.0000	0.0000	0.0000	0.0000	0.0000	0.0000	0.0000	0.0000	0.0000	0.0000	0.0000	0.0000	0.0000			0.0000	0.0000	0.0000	1.0000	1.0065	0.0000	0.0000	0.0000	0.0000	0.0000	0.0000	0.0000	0.0000	0.0000	0.0000	0.0000	0.0000	0.0000	0.0000	0.0000	0.0000	0.0000	0.0000	0.0000	0.0000	0.0000	0.0000	0.0000	0.0000	0.0000	0.0000	0.0000	0.0000	0.0021	0.0010	0.0011	0.0002	0.0002	0.0000	0.0019	0.0008	0.0011
55	102	0.0457	11	1	0	1	0	0	0	0	0	0	1	2	1	0	0	0	0	0	0	N	N	N	N	Y	N	N	N	N	N	N	N	N	N	N	N	N	N	0.0000	0.0000	0.0000	0.0000	0.0000	0.0000	0.0000	0.0000	0.0000	0.0000	0.0000	0.0000	0.0000	0.0000	0.0000	0.0000	0.0000	0.0000	0.0000	0.0000	0.0000	0.0000	0.0000	0.0000	0.0000	0.0000	0.0000			0.0000	0.0000	0.0000	0.0000	1.0065	0.0005	0.0000	0.0000	0.0000	0.0000	0.0000	0.0000	0.0000	0.0000	0.0000	0.0000	0.0000	0.0000	0.0000	0.0000	0.0000	0.0000	0.0000	0.0000	0.0000	0.0000	0.0000	0.0000	0.0000	0.0000	0.0000	0.0000	0.0000	0.0000	0.0000	0.0000	0.0000	0.0000	0.0000	0.0000	0.0000	0.0000
55	104	0.0638	10	2	0	1	0	1	0	1	0	0	1	1	1	0	0	0	0	0	0	Y	N	N	N	N	N	N	N	N	N	N	N	N	N	N	N	N	N	0.0000	0.0000	0.0000	0.0000	0.0000	0.0000	0.0000	0.0000	0.0000	0.0000	0.0000	0.0000	0.0000	0.0000	0.0000	0.0000	0.0000	0.0000	0.0000	0.0000	0.0000	0.0000	0.0000	0.0000	0.0000	0.0000	0.0000			0.0000	0.0000	0.0000	1.0000	1.0065	1.0715	0.0000	0.0000	0.0000	0.0000	0.0000	0.0000	0.0000	0.0000	0.0000	0.0000	0.0000	0.0000	0.0000	0.0000	0.0000	0.0000	0.0000	0.0000	0.0000	0.0000	0.0000	0.0000	0.0000	0.0000	0.0000	0.0000	0.0000	0.0048	0.0026	0.0022	0.0007	0.0006	0.0001	0.0042	0.0020	0.0022
55	105	0.0638	11	1	0	0	0	0	0	0	0	0	2	1	2	0	0	0	0	0	0	N	N	N	N	N	Y	N	N	N	N	N	N	N	N	N	N	N	N	0.0000	0.0000	0.0000	0.0000	0.0000	0.0000	0.0000	0.0000	0.0000	0.0000	0.0000	0.0000	0.0000	0.0000	0.0000	0.0000	0.0000	0.0000	0.0000	0.0000	0.0000	0.0000	0.0000	0.0000	0.0000	0.0000	0.0000			0.0000	0.0000	0.0000	0.0000	1.0065	1.0001	0.0000	0.0000	0.0000	0.0000	0.0000	0.0000	0.0000	0.0000	0.0000	0.0000	0.0000	0.0000	0.0000	0.0000	0.0000	0.0000	0.0000	0.0000	0.0000	0.0000	0.0000	0.0000	0.0000	0.0000	0.0000	0.0000	0.0000	0.0027	0.0016	0.0011	0.0005	0.0004	0.0000	0.0022	0.0011	0.0011
55	106	0.0457	11	1	0	0	0	0	0	0	0	0	2	1	2	0	0	0	0	0	0	N	N	N	N	N	Y	N	N	N	N	N	N	N	N	N	N	N	N	0.0000	0.0000	0.0000	0.0000	0.0000	0.0000	0.0000	0.0000	0.0000	0.0000	0.0000	0.0000	0.0000	0.0000	0.0000	0.0000	0.0000	0.0000	0.0000	0.0000	0.0000	0.0000	0.0000	0.0000	0.0000	0.0000	0.0000			0.0000	0.0000	0.0000	0.0000	1.0065	0.0000	0.0000	0.0000	0.0000	0.0000	0.0000	0.0000	0.0000	0.0000	0.0000	0.0000	0.0000	0.0000	0.0000	0.0000	0.0000	0.0000	0.0000	0.0000	0.0000	0.0000	0.0000	0.0000	0.0000	0.0000	0.0000	0.0000	0.0000	0.0000	0.0000	0.0000	0.0000	0.0000	0.0000	0.0000	0.0000	0.0000
55	107	0.0542	15	1	0	0	0	0	0	0	0	0	2	1	2	0	0	0	0	0	0	N	N	N	N	N	Y	N	N	N	N	N	N	N	N	N	N	N	N	0.0000	0.0000	0.0000	0.0000	0.0000	0.0000	0.0000	0.0000	0.0000	0.0000	0.0000	0.0000	0.0000	0.0000	0.0000	0.0000	0.0000	0.0000	0.0000	0.0000	0.0000	0.0000	0.0000	0.0000	0.0000	0.0000	0.0000			0.0000	0.0000	0.0000	0.0000	1.0065	0.0000	0.0000	0.0000	0.0000	0.0000	0.0000	0.0000	0.0000	0.0000	0.0000	0.0000	0.0000	0.0000	0.0000	0.0000	0.0000	0.0000	0.0000	0.0000	0.0000	0.0000	0.0000	0.0000	0.0000	0.0000	0.0000	0.0000	0.0000	0.0000	0.0000	0.0000	0.0000	0.0000	0.0000	0.0000	0.0000	0.0000
55	113	0.0407	9	2	0	1	0	0	0	0	0	0	1	2	1	0	0	0	0	0	0	Y	N	N	N	Y	N	N	N	N	N	N	N	N	N	N	N	N	N	0.0000	0.0000	0.0000	0.0000	0.0000	0.0000	0.0000	0.0000	0.0000	0.0000	0.0000	0.0000	0.0000	0.0000	0.0000	0.0000	0.0000	0.0000	0.0000	0.0000	0.0000	0.0000	0.0000	0.0000	0.0000	0.0000	0.0000			0.0000	0.0000	0.0000	0.0000	1.0065	1.0000	0.0000	0.0000	0.0000	0.0000	0.0000	0.0000	0.0000	0.0000	0.0000	0.0000	0.0000	0.0000	0.0000	0.0000	0.0000	0.0000	0.0000	0.0000	0.0000	0.0000	0.0000	0.0000	0.0000	0.0000	0.0000	0.0000	0.0000	0.0021	0.0010	0.0010	0.0002	0.0001	0.0000	0.0019	0.0009	0.0010
55	114	0.0350	8	2	0	1	0	1	0	1	0	1	1	2	1	0	0	0	0	0	0	Y	N	N	N	Y	N	N	N	N	N	N	N	N	N	N	N	N	N	0.0000	0.0000	0.0000	0.0000	0.0000	0.0000	0.0000	0.0000	0.0000	0.0000	0.0000	0.0000	0.0000	0.0000	0.0000	0.0000	0.0000	0.0000	0.0000	0.0000	0.0000	0.0000	0.0000	0.0000	0.0000	0.0000	0.0000			0.0000	0.0000	0.0000	0.0000	1.0065	1.0009	0.0000	0.0000	0.0000	0.0000	0.0000	0.0000	0.0000	0.0000	0.0000	0.0000	0.0000	0.0000	0.0000	0.0000	0.0000	0.0000	0.0000	0.0000	0.0000	0.0000	0.0000	0.0000	0.0000	0.0000	0.0000	0.0000	0.0000	0.0060	0.0047	0.0013	0.0021	0.0021	0.0000	0.0039	0.0026	0.0013
55	115	0.0765	12	2	0	1	0	0	0	0	0	0	1	1	1	0	0	0	0	0	0	Y	N	N	N	N	N	N	N	N	N	N	N	N	N	N	N	N	N	0.0000	0.0000	0.0000	0.0000	0.0000	0.0000	0.0000	0.0000	0.0000	0.0000	0.0000	0.0000	0.0000	0.0000	0.0000	0.0000	0.0000	0.0000	0.0000	0.0000	0.0000	0.0000	0.0000	0.0000	0.0000	0.0000	0.0000		inf	0.0000	0.0000	0.0000	0.9998	1.0065	6.9031	0.0000	0.0000	0.0000	0.0000	0.0000	0.0000	0.0000	0.0000	0.0000	0.0000	0.0000	0.0000	0.0000	0.0000	0.0000	0.0000	0.0000	0.0000	0.0000	0.0000	0.0000	0.0000	0.0000	0.0000	0.0000	0.0000	0.0000	0.0184	0.0096	0.0088	0.0027	0.0023	0.0004	0.0157	0.0073	0.0084
55	116	0.0638	11	2	0	1	0	1	0	1	0	0	1	1	1	0	0	0	0	0	0	Y	N	N	N	N	N	N	N	N	N	N	N	N	N	N	N	N	N	0.0000	0.0000	0.0000	0.0000	0.0000	0.0000	0.0000	0.0000	0.0000	0.0000	0.0000	0.0000	0.0000	0.0000	0.0000	0.0000	0.0000	0.0000	0.0000	0.0000	0.0000	0.0001	0.0001	0.0000	0.0000	0.0000	0.0000		0.0000	0.0000	-0.0000	0.0000	0.0012	1.0065	4.2539	0.0000	0.0000	0.0000	0.0000	0.0000	0.0000	0.0000	0.0000	0.0000	0.0000	0.0000	0.0000	0.0000	0.0000	0.0000	0.0000	0.0000	0.0000	0.0000	0.0000	0.0000	0.0000	0.0000	0.0000	0.0000	0.0000	0.0000	0.0092	0.0046	0.0045	0.0010	0.0009	0.0002	0.0081	0.0037	0.0044
55	119	0.0457	11	2	0	1	0	1	0	0	0	0	1	2	1	0	0	0	0	0	0	Y	N	N	N	Y	N	N	N	N	N	N	N	N	N	N	N	N	N	0.0000	0.0000	0.0000	0.0000	0.0000	0.0000	0.0000	0.0000	0.0000	0.0000	0.0000	0.0000	0.0000	0.0000	0.0000	0.0000	0.0000	0.0000	0.0000	0.0000	0.0000	0.0000	0.0000	0.0000	0.0000	0.0000	0.0000			0.0000	0.0000	0.0000	0.0000	1.0065	0.0000	0.0000	0.0000	0.0000	0.0000	0.0000	0.0000	0.0000	0.0000	0.0000	0.0000	0.0000	0.0000	0.0000	0.0000	0.0000	0.0000	0.0000	0.0000	0.0000	0.0000	0.0000	0.0000	0.0000	0.0000	0.0000	0.0000	0.0000	0.0000	0.0000	0.0000	0.0000	0.0000	0.0000	0.0000	0.0000	0.0000
55	120	0.0428	10	1	0	1	0	0	0	1	0	1	1	2	1	0	0	0	0	0	0	N	N	N	N	Y	N	N	N	N	N	N	N	N	N	N	N	N	N	0.0000	0.0000	0.0000	0.0000	0.0000	0.0000	0.0000	0.0000	0.0000	0.0000	0.0000	0.0000	0.0000	0.0000	0.0000	0.0000	0.0000	0.0000	0.0000	0.0000	0.0000	0.0000	0.0000	0.0000	0.0000	0.0000	0.0000			0.0000	0.0000	0.0000	0.0001	1.0065	1.0001	0.0000	0.0000	0.0000	0.0000	0.0000	0.0000	0.0000	0.0000	0.0000	0.0000	0.0000	0.0000	0.0000	0.0000	0.0000	0.0000	0.0000	0.0000	0.0000	0.0000	0.0000	0.0000	0.0000	0.0000	0.0000	0.0000	0.0000	0.0021	0.0010	0.0011	0.0002	0.0002	0.0000	0.0019	0.0008	0.0011
56	58	0.0094	4	2	0	1	0	0	0	0	0	0	0	1	0	0	0	0	0	0	0	Y	N	N	N	N	N	N	N	N	N	N	N	N	N	N	N	N	N	0.0000	0.0000	0.0000	0.0000	0.0000	0.0000	0.0000	0.0000	0.0000	0.0000	0.0000	0.0000	0.0000	0.0000	0.0000	0.0000	0.0000	0.0000	0.0000	0.0000	0.0000	0.0000	0.0000	0.0000	0.0000	0.0000	0.0000		inf	0.0000	0.0000	0.0000	0.0000	1.0047	1.0108	0.0000	0.0000	0.0000	0.0000	0.0000	0.0000	0.0000	0.0000	0.0000	0.0000	0.0000	0.0000	0.0000	0.0000	0.0000	0.0000	0.0000	0.0000	0.0000	0.0000	0.0000	0.0000	0.0000	0.0000	0.0000	0.0000	0.0000	0.0037	0.0025	0.0012	0.0008	0.0008	0.0000	0.0029	0.0017	0.0012
56	59	0.0028	3	2	0	1	0	0	0	0	0	0	0	1	0	0	0	0	0	0	0	Y	N	N	N	N	N	N	N	N	N	N	N	N	N	N	N	N	N	0.0000	0.0000	0.0000	0.0000	0.0000	0.0000	0.0000	0.0000	0.0000	0.0000	0.0000	0.0000	0.0000	0.0000	0.0000	0.0000	0.0000	0.0000	0.0000	0.0000	0.0000	0.2169	0.2169	0.0000	0.0000	0.0000	0.0000		0.3697	0.0000	-0.0000	0.0000	0.0001	1.0047	2.3402	0.0000	0.0000	0.0000	0.0000	0.0000	0.0000	0.0000	0.0000	0.0000	0.0000	0.0000	0.0000	0.0000	0.0000	0.0000	0.0000	0.0000	0.0000	0.0000	0.0000	0.0000	0.0000	0.0000	0.0000	0.0000	0.0000	0.0000	0.0048	0.0022	0.0026	0.0000	0.0000	0.0000	0.0048	0.0022	0.0026
56	60	0.0028	2	2	0	1	0	0	0	1	0	0	0	1	0	0	0	0	0	0	0	Y	N	N	N	N	N	N	N	N	N	N	N	N	N	N	N	N	N	0.0000	0.0000	0.0000	0.0000	0.0000	0.0000	0.0000	0.0000	0.0000	0.0000	0.0000	0.0000	0.0000	0.0000	0.0000	0.0000	0.0000	0.0000	0.0042	0.0088	0.0000	0.2032	0.2032	0.0000	0.0000	0.0000	0.0000		0.0526	0.0000	-0.0000	0.0000	0.0000	1.0047	0.0002	0.0000	0.0000	0.0000	0.0000	0.0000	0.0000	0.0000	0.0000	0.0000	0.0000	0.0000	0.0000	0.0000	0.0000	0.0000	0.0000	0.0000	0.0000	0.0000	0.0000	0.0000	0.0000	0.0000	0.0000	0.0000	0.0000	0.0000	0.0000	0.0000	0.0000	0.0000	0.0000	0.0000	0.0000	0.0000	0.0000
56	63	0.0671	18	2	0	0	0	0	0	0	0	0	1	1	1	0	0	0	0	0	0	Y	N	N	N	N	N	N	N	N	N	N	N	N	N	N	N	N	N	0.0000	0.0000	0.0000	0.0000	0.0000	0.0000	0.0000	0.0000	0.0000	0.0000	0.0000	0.0000	0.0000	0.0000	0.0000	0.0000	0.0000	0.0000	0.0000	0.0000	0.0000	0.0000	0.0000	0.0000	0.0000	0.0000	0.0000		inf	0.0000	0.0000	0.0000	0.0023	1.0047	3.0060	0.0000	0.0000	0.0000	0.0000	0.0000	0.0000	0.0000	0.0000	0.0000	0.0000	0.0000	0.0000	0.0000	0.0000	0.0000	0.0000	0.0000	0.0000	0.0000	0.0000	0.0000	0.0000	0.0000	0.0000	0.0000	0.0000	0.0000	0.0059	0.0029	0.0030	0.0006	0.0005	0.0001	0.0054	0.0024	0.0029
56	64	0.0643	17	2	0	0	0	1	0	0	0	0	0	1	0	0	0	0	0	0	0	Y	N	N	N	N	N	N	N	N	N	N	N	N	N	N	N	N	N	0.0000	0.0000	0.0000	0.0000	0.0000	0.0000	0.0000	0.0000	0.0000	0.0000	0.0000	0.0000	0.0000	0.0000	0.0000	0.0000	0.0000	0.0000	0.0000	0.0001	0.0000	0.0004	0.0004	0.0000	0.0000	0.0000	0.0000		0.3087	0.0000	-0.0000	0.0000	0.9990	1.0047	0.0212	0.0000	0.0000	0.0000	0.0000	0.0000	0.0000	0.0000	0.0000	0.0000	0.0000	0.0000	0.0000	0.0000	0.0000	0.0000	0.0000	0.0000	0.0000	0.0000	0.0000	0.0000	0.0000	0.0000	0.0000	0.0000	0.0000	0.0000	0.0020	0.0010	0.0010	0.0002	0.0002	0.0000	0.0018	0.0008	0.0010
56	68	0.0331	5	2	0	1	0	0	0	1	0	0	0	2	0	0	0	0	0	0	0	Y	N	N	N	Y	N	N	N	N	N	N	N	N	N	N	N	N	N	0.0000	0.0000	0.0000	0.0000	0.0000	0.0000	0.0000	0.0000	0.0000	0.0000	0.0000	0.0000	0.0000	0.0000	0.0000	0.0000	0.0000	0.0000	0.0039	0.0078	0.0000	0.0386	0.0439	0.0000	0.0000	0.0000	0.0000		0.0000	0.0000	-0.0000	0.0000	0.0002	1.0047	1.2554	0.0000	0.0000	0.0000	0.0000	0.0000	0.0000	0.0000	0.0000	0.0000	0.0000	0.0000	0.0000	0.0000	0.0000	0.0000	0.0000	0.0000	0.0000	0.0000	0.0000	0.0000	0.0000	0.0000	0.0000	0.0000	0.0000	0.0000	0.0027	0.0014	0.0013	0.0003	0.0002	0.0000	0.0024	0.0011	0.0013
56	69	0.0363	7	2	0	0	0	0	0	0	0	0	0	1	0	0	0	0	0	0	0	Y	N	N	N	N	N	N	N	N	N	N	N	N	N	N	N	N	N	0.0000	0.0000	0.0000	0.0000	0.0000	0.0000	0.0000	0.0000	0.0000	0.0000	0.0000	0.0000	0.0000	0.0000	0.0000	0.0000	0.0000	0.0000	0.0000	0.0000	0.0000	0.0000	0.0000	0.0000	0.0000	0.0000	0.0000			0.0000	-0.0000	0.0000	1.0007	1.0047	1.2584	0.0000	0.0000	0.0000	0.0000	0.0000	0.0000	0.0000	0.0000	0.0000	0.0000	0.0000	0.0000	0.0000	0.0000	0.0000	0.0000	0.0000	0.0000	0.0000	0.0000	0.0000	0.0000	0.0000	0.0000	0.0000	0.0000	0.0000	0.0054	0.0026	0.0027	0.0007	0.0005	0.0002	0.0047	0.0021	0.0025
56	70	0.0222	6	2	0	0	0	1	0	0	0	0	0	1	0	0	0	0	0	0	0	Y	N	N	N	N	N	N	N	N	N	N	N	N	N	N	N	N	N	0.0000	0.0000	0.0000	0.0000	0.0000	0.0000	0.0000	0.0000	0.0000	0.0000	0.0000	0.0000	0.0000	0.0000	0.0000	0.0000	0.0000	0.0000	0.0000	0.0001	0.0000	0.0008	0.0010	0.0000	0.0000	0.0000	0.0000		0.0011	0.0000	-0.0000	0.0000	3.0007	1.0047	1.9606	0.0000	0.0000	0.0000	0.0000	0.0000	0.0000	0.0000	0.0000	0.0000	0.0000	0.0000	0.0000	0.0000	0.0000	0.0000	0.0000	0.0000	0.0000	0.0000	0.0000	0.0000	0.0000	0.0000	0.0000	0.0000	0.0000	0.0000	0.0101	0.0047	0.0054	0.0003	0.0003	0.0001	0.0097	0.0044	0.0053
56	71	0.1500	13	1	0	0	0	0	0	0	0	1	0	2	0	0	0	0	0	0	0	N	N	N	N	Y	N	N	N	N	N	N	N	N	N	N	N	N	N	0.0000	0.0000	0.0000	0.0000	0.0000	0.0000	0.0000	0.0000	0.0000	0.0000	0.0000	0.0000	0.0000	0.0000	0.0000	0.0000	0.0000	0.0000	11.7271	0.0001	30.3570	0.0319	0.0002	0.2585	17.6872	0.0000	33.9784		227954.6974	0.0000	0.4366	0.0000	6.1029	1.0047	20.9537	0.0000	0.0000	0.0000	0.0000	0.0000	0.0000	0.0000	0.0000	0.0000	0.8301	0.0000	0.8301	0.0008	0.0000	0.0008	0.8293	0.0000	0.8293	0.0000	0.0000	0.0000	0.0000	0.0000	0.0000	0.0000	0.0000	0.0000	0.0708	0.0434	0.0273	0.0239	0.0210	0.0029	0.0469	0.0225	0.0244
56	73	0.0331	6	2	0	1	0	0	0	1	0	0	0	2	1	0	0	0	0	0	0	Y	N	N	N	Y	N	N	N	N	N	N	N	N	N	N	N	N	N	0.0000	0.0000	0.0000	0.0000	0.0000	0.0000	0.0000	0.0000	0.0000	0.0000	0.0000	0.0000	0.0000	0.0000	0.0000	0.0000	0.0000	0.0000	0.0000	0.0000	0.0000	0.0000	0.0000	0.0000	0.0000	0.0000	0.0000			0.0000	0.0000	0.0000	0.0000	1.0047	0.0000	0.0000	0.0000	0.0000	0.0000	0.0000	0.0000	0.0000	0.0000	0.0000	0.0000	0.0000	0.0000	0.0000	0.0000	0.0000	0.0000	0.0000	0.0000	0.0000	0.0000	0.0000	0.0000	0.0000	0.0000	0.0000	0.0000	0.0000	0.0000	0.0000	0.0000	0.0000	0.0000	0.0000	0.0000	0.0000	0.0000
56	74	0.0336	8	2	0	1	0	1	0	1	0	0	0	1	0	0	0	0	0	0	0	Y	N	N	N	N	N	N	N	N	N	N	N	N	N	N	N	N	N	0.0000	0.0000	0.0000	0.0000	0.0000	0.0000	0.0000	0.0000	0.0000	0.0000	0.0000	0.0000	0.0000	0.0000	0.0000	0.0000	0.0000	0.0000	0.0000	0.0000	0.0001	0.0000	0.0000	0.0001	0.0000	0.0000	0.0001		inf	0.0000	0.0000	0.0000	2.9595	1.0047	5.1315	0.0000	0.0000	0.0000	0.0000	0.0000	0.0000	0.0000	0.0000	0.0000	0.0000	0.0000	0.0000	0.0000	0.0000	0.0000	0.0000	0.0000	0.0000	0.0000	0.0000	0.0000	0.0000	0.0000	0.0000	0.0000	0.0000	0.0000	0.0166	0.0080	0.0086	0.0013	0.0012	0.0001	0.0153	0.0068	0.0084
56	75	0.0331	6	2	0	0	0	0	0	0	0	0	0	2	1	0	0	0	0	0	0	Y	N	N	N	Y	N	N	N	N	N	N	N	N	N	N	N	N	N	0.0000	0.0000	0.0000	0.0000	0.0000	0.0000	0.0000	0.0000	0.0000	0.0000	0.0000	0.0000	0.0000	0.0000	0.0000	0.0000	0.0000	0.0000	0.0000	0.0000	0.0000	0.0000	0.0000	0.0000	0.0000	0.0000	0.0000			0.0000	0.0000	0.0000	0.0000	1.0047	1.0000	0.0000	0.0000	0.0000	0.0000	0.0000	0.0000	0.0000	0.0000	0.0000	0.0000	0.0000	0.0000	0.0000	0.0000	0.0000	0.0000	0.0000	0.0000	0.0000	0.0000	0.0000	0.0000	0.0000	0.0000	0.0000	0.0000	0.0000	0.0020	0.0011	0.0008	0.0001	0.0001	0.0000	0.0018	0.0010	0.0008
56	76	0.0331	5	2	0	0	0	0	0	0	0	0	1	2	1	0	0	0	0	0	0	Y	N	N	N	Y	N	N	N	N	N	N	N	N	N	N	N	N	N	0.0000	0.0000	0.0000	0.0000	0.0000	0.0000	0.0000	0.0000	0.0000	0.0000	0.0000	0.0000	0.0000	0.0000	0.0000	0.0000	0.0000	0.0000	0.0000	0.0000	0.0000	0.0000	0.0000	0.0000	0.0000	0.0000	0.0000			0.0000	0.0000	0.0000	0.0000	1.0047	0.0000	0.0000	0.0000	0.0000	0.0000	0.0000	0.0000	0.0000	0.0000	0.0000	0.0000	0.0000	0.0000	0.0000	0.0000	0.0000	0.0000	0.0000	0.0000	0.0000	0.0000	0.0000	0.0000	0.0000	0.0000	0.0000	0.0000	0.0000	0.0002	0.0001	0.0001	0.0001	0.0001	0.0000	0.0001	0.0000	0.0001
56	77	0.0113	4	2	0	0	0	0	0	0	0	1	0	2	0	0	0	0	0	0	0	Y	N	N	N	Y	N	N	N	N	N	N	N	N	N	N	N	N	N	0.0000	0.0000	0.0000	0.0000	0.0000	0.0000	0.0000	0.0000	0.0000	0.0000	0.0000	0.0000	0.0000	0.0000	0.0000	0.0000	0.0000	0.0000	0.0013	0.0026	0.0002	0.0000	0.0000	0.0000	0.0014	0.0030	0.0002		0.0717	0.0000	-0.0000	0.0000	0.0002	1.0047	3.7635	0.0000	0.0000	0.0000	0.0000	0.0000	0.0000	0.0000	0.0000	0.0000	0.0000	0.0000	0.0000	0.0000	0.0000	0.0000	0.0000	0.0000	0.0000	0.0000	0.0000	0.0000	0.0000	0.0000	0.0000	0.0000	0.0000	0.0000	0.0082	0.0038	0.0044	0.0005	0.0005	0.0000	0.0077	0.0034	0.0044
56	79	0.0593	12	2	0	1	0	0	0	0	0	0	0	1	0	0	0	0	0	0	0	Y	N	N	N	N	N	N	N	N	N	N	N	N	N	N	N	N	N	0.0000	0.0000	0.0000	0.0000	0.0000	0.0000	0.0000	0.0000	0.0000	0.0000	0.0000	0.0000	0.0000	0.0000	0.0000	0.0000	0.0000	0.0000	0.0000	0.0000	0.0000	0.0002	0.0003	0.0000	0.0000	0.0000	0.0000		0.0000	0.0000	-0.0000	0.0000	1.0047	1.0047	3.0004	0.0000	0.0000	0.0000	0.0000	0.0000	0.0000	0.0000	0.0000	0.0000	0.0000	0.0000	0.0000	0.0000	0.0000	0.0000	0.0000	0.0000	0.0000	0.0000	0.0000	0.0000	0.0000	0.0000	0.0000	0.0000	0.0000	0.0000	0.0077	0.0037	0.0040	0.0007	0.0005	0.0001	0.0070	0.0031	0.0039
56	80	0.0486	11	2	0	1	0	0	0	0	0	0	0	1	0	0	0	0	0	0	0	Y	N	N	N	N	N	N	N	N	N	N	N	N	N	N	N	N	N	0.0000	0.0000	0.0000	0.0000	0.0000	0.0000	0.0000	0.0000	0.0000	0.0000	0.0000	0.0000	0.0000	0.0000	0.0000	0.0000	0.0000	0.0000	0.0000	0.0000	0.0000	0.0000	0.0000	0.0000	0.0000	0.0000	0.0000		2.0840	0.0000	0.0000	0.0000	1.0096	1.0047	2.0672	0.0000	0.0000	0.0000	0.0000	0.0000	0.0000	0.0000	0.0000	0.0000	0.0000	0.0000	0.0000	0.0000	0.0000	0.0000	0.0000	0.0000	0.0000	0.0000	0.0000	0.0000	0.0000	0.0000	0.0000	0.0000	0.0000	0.0000	0.0107	0.0058	0.0049	0.0039	0.0028	0.0011	0.0068	0.0030	0.0038
56	81	0.0415	10	2	0	1	0	1	0	1	0	0	0	1	0	0	0	0	0	0	0	Y	N	N	N	N	N	N	N	N	N	N	N	N	N	N	N	N	N	0.0000	0.0000	0.0000	0.0000	0.0000	0.0000	0.0000	0.0000	0.0000	0.0000	0.0000	0.0000	0.0000	0.0000	0.0000	0.0000	0.0000	0.0000	0.0004	0.0007	0.0001	0.0038	0.0044	0.0003	0.0001	0.0000	0.0001		0.1411	0.0000	-0.0000	0.0000	0.9933	1.0047	1.5154	0.0000	0.0000	0.0000	0.0000	0.0000	0.0000	0.0000	0.0000	0.0000	0.0000	0.0000	0.0000	0.0000	0.0000	0.0000	0.0000	0.0000	0.0000	0.0000	0.0000	0.0000	0.0000	0.0000	0.0000	0.0000	0.0000	0.0000	0.0052	0.0025	0.0027	0.0004	0.0004	0.0001	0.0048	0.0021	0.0026
56	82	0.0643	14	2	0	1	0	0	0	1	0	0	0	1	0	0	0	0	0	0	0	Y	N	N	N	N	N	N	N	N	N	N	N	N	N	N	N	N	N	0.0000	0.0000	0.0000	0.0000	0.0000	0.0000	0.0000	0.0000	0.0000	0.0000	0.0000	0.0000	0.0000	0.0000	0.0000	0.0000	0.0000	0.0000	0.0007	0.0000	0.0014	0.0000	0.0000	0.0000	0.0008	0.0000	0.0015		5879.2941	0.0000	0.0000	0.0000	4.0000	1.0047	3.0004	0.0000	0.0000	0.0000	0.0000	0.0000	0.0000	0.0000	0.0000	0.0000	0.0000	0.0000	0.0000	0.0000	0.0000	0.0000	0.0000	0.0000	0.0000	0.0000	0.0000	0.0000	0.0000	0.0000	0.0000	0.0000	0.0000	0.0000	0.0137	0.0068	0.0069	0.0015	0.0013	0.0002	0.0122	0.0055	0.0067
56	84	0.0248	7	2	0	1	0	1	0	1	0	0	0	1	0	0	0	0	0	0	0	Y	N	N	N	N	N	N	N	N	N	N	N	N	N	N	N	N	N	0.0000	0.0000	0.0000	0.0000	0.0000	0.0000	0.0000	0.0000	0.0000	0.0000	0.0000	0.0000	0.0000	0.0000	0.0000	0.0000	0.0000	0.0000	0.3409	0.0013	0.6367	0.0001	0.0001	0.0000	0.3545	0.0014	0.6456		548.1882	0.0000	0.0029	0.0000	2.0009	1.0047	6.0608	0.0000	0.0000	0.0000	0.0000	0.0000	0.0000	0.0000	0.0000	0.0000	0.0055	0.0000	0.0055	0.0000	0.0000	0.0000	0.0055	0.0000	0.0055	0.0000	0.0000	0.0000	0.0000	0.0000	0.0000	0.0000	0.0000	0.0000	0.0162	0.0075	0.0086	0.0006	0.0005	0.0001	0.0155	0.0070	0.0085
56	85	0.0727	16	2	0	1	0	0	0	0	0	0	0	1	0	0	0	0	0	0	0	Y	N	N	N	N	N	N	N	N	N	N	N	N	N	N	N	N	N	0.0000	0.0000	0.0000	0.0000	0.0000	0.0000	0.0000	0.0000	0.0000	0.0000	0.0000	0.0000	0.0000	0.0000	0.0000	0.0000	0.0000	0.0000	0.0000	0.0000	0.0000	0.0000	0.0000	0.0000	0.0000	0.0000	0.0000		0.0000	0.0000	-0.0000	0.0000	2.0003	1.0047	2.0390	0.0000	0.0000	0.0000	0.0000	0.0000	0.0000	0.0000	0.0000	0.0000	0.0000	0.0000	0.0000	0.0000	0.0000	0.0000	0.0000	0.0000	0.0000	0.0000	0.0000	0.0000	0.0000	0.0000	0.0000	0.0000	0.0000	0.0000	0.0080	0.0041	0.0039	0.0010	0.0009	0.0001	0.0070	0.0032	0.0038
56	86	0.0654	15	2	0	1	0	1	0	1	0	0	0	1	0	0	0	0	0	0	0	Y	N	N	N	N	N	N	N	N	N	N	N	N	N	N	N	N	N	0.0000	0.0000	0.0000	0.0000	0.0000	0.0000	0.0000	0.0000	0.0000	0.0000	0.0000	0.0000	0.0000	0.0000	0.0000	0.0000	0.0000	0.0000	0.0000	0.0000	0.0000	0.0000	0.0000	0.0000	0.0000	0.0000	0.0000		6.3159	0.0000	0.0000	0.0000	1.0005	1.0047	0.9990	0.0000	0.0000	0.0000	0.0000	0.0000	0.0000	0.0000	0.0000	0.0000	0.0000	0.0000	0.0000	0.0000	0.0000	0.0000	0.0000	0.0000	0.0000	0.0000	0.0000	0.0000	0.0000	0.0000	0.0000	0.0000	0.0000	0.0000	0.0040	0.0020	0.0020	0.0004	0.0003	0.0000	0.0036	0.0016	0.0020
56	89	0.0972	12	2	0	1	0	0	0	0	0	0	0	1	0	0	0	0	0	0	0	Y	N	N	N	N	N	N	N	N	N	N	N	N	N	N	N	N	N	0.0000	0.0000	0.0000	0.0000	0.0000	0.0000	0.0000	0.0000	0.0000	0.0000	0.0000	0.0000	0.0000	0.0000	0.0000	0.0000	0.0000	0.0000	0.0011	0.0022	0.0000	0.0001	0.0001	0.0000	0.0012	0.0026	0.0000		0.0097	0.0000	-0.0000	0.0000	0.0001	1.0047	3.9037	0.0000	0.0000	0.0000	0.0000	0.0000	0.0000	0.0000	0.0000	0.0000	0.0000	0.0000	0.0000	0.0000	0.0000	0.0000	0.0000	0.0000	0.0000	0.0000	0.0000	0.0000	0.0000	0.0000	0.0000	0.0000	0.0000	0.0000	0.0087	0.0044	0.0043	0.0009	0.0008	0.0001	0.0078	0.0036	0.0042
56	90	0.0706	11	2	0	1	0	0	0	0	0	0	0	1	0	0	0	0	0	0	0	Y	N	N	N	N	N	N	N	N	N	N	N	N	N	N	N	N	N	0.0000	0.0000	0.0000	0.0000	0.0000	0.0000	0.0000	0.0000	0.0000	0.0000	0.0000	0.0000	0.0000	0.0000	0.0000	0.0000	0.0000	0.0000	0.0010	0.0010	0.0010	0.0000	0.0000	0.0000	0.0011	0.0013	0.0010		0.9384	0.0000	0.0000	0.0000	1.0001	1.0047	8.1987	0.0000	0.0000	0.0000	0.0000	0.0000	0.0000	0.0000	0.0000	0.0000	0.0000	0.0000	0.0000	0.0000	0.0000	0.0000	0.0000	0.0000	0.0000	0.0000	0.0000	0.0000	0.0000	0.0000	0.0000	0.0000	0.0000	0.0000	0.0204	0.0105	0.0099	0.0026	0.0022	0.0004	0.0178	0.0084	0.0095
56	91	0.0788	16	2	0	1	0	0	0	0	0	0	0	1	0	0	0	0	0	0	0	Y	N	N	N	N	N	N	N	N	N	N	N	N	N	N	N	N	N	0.0000	0.0000	0.0000	0.0000	0.0000	0.0000	0.0000	0.0000	0.0000	0.0000	0.0000	0.0000	0.0000	0.0000	0.0000	0.0000	0.0000	0.0000	49.8993	0.0000	101.9586	0.0077	0.0000	0.0760	57.3263	0.0000	104.7717		16902912.2361	0.0000	0.5246	0.0000	1.0071	1.0047	9.1029	0.0000	0.0000	0.0000	0.0000	0.0000	0.0000	0.0000	0.0000	0.0000	0.9973	0.0000	0.9973	0.0000	0.0000	0.0000	0.9973	0.0000	0.9973	0.0000	0.0000	0.0000	0.0000	0.0000	0.0000	0.0000	0.0000	0.0000	0.0200	0.0102	0.0098	0.0026	0.0023	0.0003	0.0174	0.0079	0.0095
56	92	0.0643	15	2	0	1	0	0	0	1	0	0	0	1	0	0	0	0	0	0	0	Y	N	N	N	N	N	N	N	N	N	N	N	N	N	N	N	N	N	0.0000	0.0000	0.0000	0.0000	0.0000	0.0000	0.0000	0.0000	0.0000	0.0000	0.0000	0.0000	0.0000	0.0000	0.0000	0.0000	0.0000	0.0000	0.1659	0.0040	0.3252	0.0000	0.0000	0.0000	0.1867	0.0050	0.3342		81.8656	0.0000	0.0009	0.0000	0.9988	1.0047	4.0321	0.0000	0.0000	0.0000	0.0000	0.0000	0.0000	0.0000	0.0000	0.0000	0.0017	0.0000	0.0016	0.0000	0.0000	0.0000	0.0017	0.0000	0.0016	0.0000	0.0000	0.0000	0.0000	0.0000	0.0000	0.0000	0.0000	0.0000	0.0100	0.0050	0.0050	0.0011	0.0010	0.0001	0.0089	0.0040	0.0049
56	93	0.0643	14	2	0	0	0	0	0	0	0	0	0	1	0	0	0	0	0	0	0	Y	N	N	N	N	N	N	N	N	N	N	N	N	N	N	N	N	N	0.0000	0.0000	0.0000	0.0000	0.0000	0.0000	0.0000	0.0000	0.0000	0.0000	0.0000	0.0000	0.0000	0.0000	0.0000	0.0000	0.0000	0.0000	0.0018	0.0017	0.0020	0.0025	0.0026	0.0000	0.0014	0.0000	0.0020		1.0076	0.0000	0.0000	0.0000	0.0001	1.0047	0.0783	0.0000	0.0000	0.0000	0.0000	0.0000	0.0000	0.0000	0.0000	0.0000	0.0000	0.0000	0.0000	0.0000	0.0000	0.0000	0.0000	0.0000	0.0000	0.0000	0.0000	0.0000	0.0000	0.0000	0.0000	0.0000	0.0000	0.0000	0.0004	0.0002	0.0002	0.0001	0.0001	0.0000	0.0003	0.0001	0.0002
56	94	0.0557	13	2	0	0	0	1	0	0	0	0	0	1	0	0	0	0	0	0	0	Y	N	N	N	N	N	N	N	N	N	N	N	N	N	N	N	N	N	0.0000	0.0000	0.0000	0.0000	0.0000	0.0000	0.0000	0.0000	0.0000	0.0000	0.0000	0.0000	0.0000	0.0000	0.0000	0.0000	0.0000	0.0000	0.0016	0.0000	0.0032	0.0000	0.0000	0.0000	0.0018	0.0000	0.0033		inf	0.0000	0.0000	0.0000	0.0004	1.0047	2.9660	0.0000	0.0000	0.0000	0.0000	0.0000	0.0000	0.0000	0.0000	0.0000	0.0000	0.0000	0.0000	0.0000	0.0000	0.0000	0.0000	0.0000	0.0000	0.0000	0.0000	0.0000	0.0000	0.0000	0.0000	0.0000	0.0000	0.0000	0.0059	0.0029	0.0030	0.0006	0.0005	0.0001	0.0053	0.0024	0.0029
56	100	0.0455	12	1	0	1	0	0	0	0	0	0	0	2	0	0	0	0	0	0	0	N	N	N	N	Y	N	N	N	N	N	N	N	N	N	N	N	N	N	0.0000	0.0000	0.0000	0.0000	0.0000	0.0000	0.0000	0.0000	0.0000	0.0000	0.0000	0.0000	0.0000	0.0000	0.0000	0.0000	0.0000	0.0000	0.0000	0.0000	0.0000	0.0000	0.0000	0.0000	0.0000	0.0000	0.0000			0.0000	0.0000	0.0000	0.0000	1.0047	0.0000	0.0000	0.0000	0.0000	0.0000	0.0000	0.0000	0.0000	0.0000	0.0000	0.0000	0.0000	0.0000	0.0000	0.0000	0.0000	0.0000	0.0000	0.0000	0.0000	0.0000	0.0000	0.0000	0.0000	0.0000	0.0000	0.0000	0.0000	0.0000	0.0000	0.0000	0.0000	0.0000	0.0000	0.0000	0.0000	0.0000
56	101	0.0398	11	1	0	1	0	0	0	0	0	0	0	2	0	0	0	0	0	0	0	N	N	N	N	Y	N	N	N	N	N	N	N	N	N	N	N	N	N	0.0000	0.0000	0.0000	0.0000	0.0000	0.0000	0.0000	0.0000	0.0000	0.0000	0.0000	0.0000	0.0000	0.0000	0.0000	0.0000	0.0000	0.0000	0.0000	0.0000	0.0000	0.0000	0.0000	0.0000	0.0000	0.0000	0.0000			0.0000	0.0000	0.0000	1.0000	1.0047	0.0000	0.0000	0.0000	0.0000	0.0000	0.0000	0.0000	0.0000	0.0000	0.0000	0.0000	0.0000	0.0000	0.0000	0.0000	0.0000	0.0000	0.0000	0.0000	0.0000	0.0000	0.0000	0.0000	0.0000	0.0000	0.0000	0.0000	0.0000	0.0021	0.0010	0.0011	0.0002	0.0001	0.0000	0.0019	0.0008	0.0010
56	102	0.0398	10	1	0	1	0	0	0	0	0	0	0	2	0	0	0	0	0	0	0	N	N	N	N	Y	N	N	N	N	N	N	N	N	N	N	N	N	N	0.0000	0.0000	0.0000	0.0000	0.0000	0.0000	0.0000	0.0000	0.0000	0.0000	0.0000	0.0000	0.0000	0.0000	0.0000	0.0000	0.0000	0.0000	0.0000	0.0000	0.0000	0.0000	0.0000	0.0000	0.0000	0.0000	0.0000			0.0000	0.0000	0.0000	0.0000	1.0047	0.0005	0.0000	0.0000	0.0000	0.0000	0.0000	0.0000	0.0000	0.0000	0.0000	0.0000	0.0000	0.0000	0.0000	0.0000	0.0000	0.0000	0.0000	0.0000	0.0000	0.0000	0.0000	0.0000	0.0000	0.0000	0.0000	0.0000	0.0000	0.0000	0.0000	0.0000	0.0000	0.0000	0.0000	0.0000	0.0000	0.0000
56	104	0.0579	9	2	0	1	0	1	0	1	0	0	0	1	0	0	0	0	0	0	0	Y	N	N	N	N	N	N	N	N	N	N	N	N	N	N	N	N	N	0.0000	0.0000	0.0000	0.0000	0.0000	0.0000	0.0000	0.0000	0.0000	0.0000	0.0000	0.0000	0.0000	0.0000	0.0000	0.0000	0.0000	0.0000	0.0000	0.0000	0.0000	0.0000	0.0000	0.0000	0.0000	0.0000	0.0000			0.0000	-0.0000	0.0000	1.0000	1.0047	1.0715	0.0000	0.0000	0.0000	0.0000	0.0000	0.0000	0.0000	0.0000	0.0000	0.0000	0.0000	0.0000	0.0000	0.0000	0.0000	0.0000	0.0000	0.0000	0.0000	0.0000	0.0000	0.0000	0.0000	0.0000	0.0000	0.0000	0.0000	0.0047	0.0025	0.0022	0.0006	0.0006	0.0001	0.0041	0.0020	0.0021
56	113	0.0349	8	2	0	1	0	0	0	0	0	0	0	2	0	0	0	0	0	0	0	Y	N	N	N	Y	N	N	N	N	N	N	N	N	N	N	N	N	N	0.0000	0.0000	0.0000	0.0000	0.0000	0.0000	0.0000	0.0000	0.0000	0.0000	0.0000	0.0000	0.0000	0.0000	0.0000	0.0000	0.0000	0.0000	0.0000	0.0000	0.0000	0.0000	0.0000	0.0000	0.0000	0.0000	0.0000			0.0000	0.0000	0.0000	0.0000	1.0047	1.0000	0.0000	0.0000	0.0000	0.0000	0.0000	0.0000	0.0000	0.0000	0.0000	0.0000	0.0000	0.0000	0.0000	0.0000	0.0000	0.0000	0.0000	0.0000	0.0000	0.0000	0.0000	0.0000	0.0000	0.0000	0.0000	0.0000	0.0000	0.0020	0.0010	0.0010	0.0001	0.0001	0.0000	0.0018	0.0009	0.0010
56	114	0.0291	7	2	0	1	0	1	0	1	0	1	0	2	0	0	0	0	0	0	0	Y	N	N	N	Y	N	N	N	N	N	N	N	N	N	N	N	N	N	0.0000	0.0000	0.0000	0.0000	0.0000	0.0000	0.0000	0.0000	0.0000	0.0000	0.0000	0.0000	0.0000	0.0000	0.0000	0.0000	0.0000	0.0000	0.0000	0.0000	0.0000	0.0000	0.0000	0.0000	0.0000	0.0000	0.0000			0.0000	0.0000	0.0000	0.0000	1.0047	1.0009	0.0000	0.0000	0.0000	0.0000	0.0000	0.0000	0.0000	0.0000	0.0000	0.0000	0.0000	0.0000	0.0000	0.0000	0.0000	0.0000	0.0000	0.0000	0.0000	0.0000	0.0000	0.0000	0.0000	0.0000	0.0000	0.0000	0.0000	0.0059	0.0046	0.0013	0.0021	0.0020	0.0000	0.0039	0.0026	0.0013
56	115	0.0706	11	2	0	1	0	0	0	0	0	0	0	1	0	0	0	0	0	0	0	Y	N	N	N	N	N	N	N	N	N	N	N	N	N	N	N	N	N	0.0000	0.0000	0.0000	0.0000	0.0000	0.0000	0.0000	0.0000	0.0000	0.0000	0.0000	0.0000	0.0000	0.0000	0.0000	0.0000	0.0000	0.0000	0.0000	0.0000	0.0000	0.0001	0.0001	0.0000	0.0000	0.0000	0.0000		0.0000	0.0000	-0.0000	0.0000	0.9998	1.0047	6.9031	0.0000	0.0000	0.0000	0.0000	0.0000	0.0000	0.0000	0.0000	0.0000	0.0000	0.0000	0.0000	0.0000	0.0000	0.0000	0.0000	0.0000	0.0000	0.0000	0.0000	0.0000	0.0000	0.0000	0.0000	0.0000	0.0000	0.0000	0.0181	0.0094	0.0087	0.0025	0.0021	0.0004	0.0156	0.0073	0.0082
56	116	0.0579	10	2	0	1	0	1	0	1	0	0	0	1	0	0	0	0	0	0	0	Y	N	N	N	N	N	N	N	N	N	N	N	N	N	N	N	N	N	0.0000	0.0000	0.0000	0.0000	0.0000	0.0000	0.0000	0.0000	0.0000	0.0000	0.0000	0.0000	0.0000	0.0000	0.0000	0.0000	0.0000	0.0000	0.0000	0.0000	0.0000	0.0000	0.0000	0.0000	0.0000	0.0000	0.0000		1.2123	0.0000	0.0000	0.0000	0.0012	1.0047	4.2539	0.0000	0.0000	0.0000	0.0000	0.0000	0.0000	0.0000	0.0000	0.0000	0.0000	0.0000	0.0000	0.0000	0.0000	0.0000	0.0000	0.0000	0.0000	0.0000	0.0000	0.0000	0.0000	0.0000	0.0000	0.0000	0.0000	0.0000	0.0090	0.0045	0.0045	0.0010	0.0008	0.0002	0.0080	0.0037	0.0043
56	119	0.0398	10	2	0	1	0	1	0	0	0	0	0	2	0	0	0	0	0	0	0	Y	N	N	N	Y	N	N	N	N	N	N	N	N	N	N	N	N	N	0.0000	0.0000	0.0000	0.0000	0.0000	0.0000	0.0000	0.0000	0.0000	0.0000	0.0000	0.0000	0.0000	0.0000	0.0000	0.0000	0.0000	0.0000	0.0000	0.0000	0.0000	0.0000	0.0000	0.0000	0.0000	0.0000	0.0000			0.0000	0.0000	0.0000	0.0000	1.0047	0.0000	0.0000	0.0000	0.0000	0.0000	0.0000	0.0000	0.0000	0.0000	0.0000	0.0000	0.0000	0.0000	0.0000	0.0000	0.0000	0.0000	0.0000	0.0000	0.0000	0.0000	0.0000	0.0000	0.0000	0.0000	0.0000	0.0000	0.0000	0.0000	0.0000	0.0000	0.0000	0.0000	0.0000	0.0000	0.0000	0.0000
56	120	0.0370	9	1	0	1	0	0	0	1	0	1	0	2	0	0	0	0	0	0	0	N	N	N	N	Y	N	N	N	N	N	N	N	N	N	N	N	N	N	0.0000	0.0000	0.0000	0.0000	0.0000	0.0000	0.0000	0.0000	0.0000	0.0000	0.0000	0.0000	0.0000	0.0000	0.0000	0.0000	0.0000	0.0000	0.0000	0.0000	0.0000	0.0000	0.0000	0.0000	0.0000	0.0000	0.0000			0.0000	0.0000	0.0000	0.0001	1.0047	1.0001	0.0000	0.0000	0.0000	0.0000	0.0000	0.0000	0.0000	0.0000	0.0000	0.0000	0.0000	0.0000	0.0000	0.0000	0.0000	0.0000	0.0000	0.0000	0.0000	0.0000	0.0000	0.0000	0.0000	0.0000	0.0000	0.0000	0.0000	0.0021	0.0010	0.0011	0.0002	0.0001	0.0000	0.0019	0.0008	0.0011
57	58	0.0066	3	2	0	1	0	0	0	0	0	1	0	1	0	0	0	0	0	0	0	Y	N	N	N	N	N	N	N	N	N	N	N	N	N	N	N	N	N	0.0000	0.0000	0.0000	0.0000	0.0000	0.0000	0.0000	0.0000	0.0000	0.0000	0.0000	0.0000	0.0000	0.0000	0.0000	0.0000	0.0000	0.0000	0.3439	0.3159	0.3774	0.4007	0.4011	0.0000	0.3012	0.0000	0.3777		1.0000	0.0000	0.0000	0.0000	0.0000	0.0000	1.0108	0.0000	0.0000	0.0000	0.0000	0.0000	0.0000	0.0000	0.0000	0.0000	0.0000	0.0000	0.0000	0.0000	0.0000	0.0000	0.0000	0.0000	0.0000	0.0000	0.0000	0.0000	0.0000	0.0000	0.0000	0.0000	0.0000	0.0000	0.0000	0.0000	0.0000	0.0000	0.0000	0.0000	0.0000	0.0000	0.0000
57	59	0.0000	2	2	0	1	0	0	0	0	0	1	0	1	0	0	0	0	0	0	0	Y	N	N	N	N	N	N	N	N	N	N	N	N	N	N	N	N	N	0.0000	0.0000	0.0000	0.0000	0.0000	0.0000	0.0000	0.0000	0.0000	0.0000	0.0000	0.0000	0.0000	0.0000	0.0000	0.0000	0.0000	0.0000	0.7055	0.7475	0.6680	2.0549	2.0549	0.0000	0.4259	0.0000	0.6680		1.0000	0.0000	0.0000	0.0000	0.0001	0.0000	2.3402	0.0000	0.0000	0.0000	0.0000	0.0000	0.0000	0.0000	0.0000	0.0000	0.0000	0.0000	0.0000	0.0000	0.0000	0.0000	0.0000	0.0000	0.0000	0.0000	0.0000	0.0000	0.0000	0.0000	0.0000	0.0000	0.0000	0.0000	0.0000	0.0000	0.0000	0.0000	0.0000	0.0000	0.0000	0.0000	0.0000
57	63	0.0643	17	2	0	0	0	0	0	0	0	1	1	1	1	0	0	0	0	0	0	Y	N	N	N	N	N	N	N	N	N	N	N	N	N	N	N	N	N	0.0000	0.0000	0.0000	0.0000	0.0000	0.0000	0.0000	0.0000	0.0000	0.0000	0.0000	0.0000	0.0000	0.0000	0.0000	0.0000	0.0000	0.0000	0.2764	0.2777	0.2752	0.3698	0.3738	0.0000	0.2207	0.0000	0.2773		1.0000	0.0000	0.0000	0.0000	0.0023	0.0000	3.0060	0.0000	0.0000	0.0000	0.0000	0.0000	0.0000	0.0000	0.0000	0.0000	0.0000	0.0000	0.0000	0.0000	0.0000	0.0000	0.0000	0.0000	0.0000	0.0000	0.0000	0.0000	0.0000	0.0000	0.0000	0.0000	0.0000	0.0000	0.0000	0.0000	0.0000	0.0000	0.0000	0.0000	0.0000	0.0000	0.0000
57	64	0.0615	16	2	0	0	0	1	0	0	0	1	0	1	0	0	0	0	0	0	0	Y	N	N	N	N	N	N	N	N	N	N	N	N	N	N	N	N	N	0.0000	0.0000	0.0000	0.0000	0.0000	0.0000	0.0000	0.0000	0.0000	0.0000	0.0000	0.0000	0.0000	0.0000	0.0000	0.0000	0.0000	0.0000	1.7580	1.7735	1.7429	3.9026	4.0565	0.0000	1.1346	0.0000	1.7729		1.0000	0.0000	0.0000	0.0000	0.9990	0.0000	0.0212	0.0000	0.0000	0.0000	0.0000	0.0000	0.0000	0.0000	0.0000	0.0000	0.0000	0.0000	0.0000	0.0000	0.0000	0.0000	0.0000	0.0000	0.0000	0.0000	0.0000	0.0000	0.0000	0.0000	0.0000	0.0000	0.0000	0.0000	0.0000	0.0000	0.0000	0.0000	0.0000	0.0000	0.0000	0.0000	0.0000
57	68	0.0303	4	2	0	1	0	0	0	1	0	1	0	2	0	0	0	0	0	0	0	Y	N	N	N	Y	N	N	N	N	N	N	N	N	N	N	N	N	N	0.0000	0.0000	0.0000	0.0000	0.0000	0.0000	0.0000	0.0000	0.0000	0.0000	0.0000	0.0000	0.0000	0.0000	0.0000	0.0000	0.0000	0.0000	0.0000	0.0000	0.0000	0.0000	0.0000	0.0000	0.0000	0.0000	0.0000			0.0000	0.0000	0.0000	0.0002	0.0000	1.2554	0.0000	0.0000	0.0000	0.0000	0.0000	0.0000	0.0000	0.0000	0.0000	0.0000	0.0000	0.0000	0.0000	0.0000	0.0000	0.0000	0.0000	0.0000	0.0000	0.0000	0.0000	0.0000	0.0000	0.0000	0.0000	0.0000	0.0000	0.0000	0.0000	0.0000	0.0000	0.0000	0.0000	0.0000	0.0000	0.0000
57	69	0.0334	6	2	0	0	0	0	0	0	0	1	0	1	0	0	0	0	0	0	0	Y	N	N	N	N	N	N	N	N	N	N	N	N	N	N	N	N	N	0.0000	0.0000	0.0000	0.0000	0.0000	0.0000	0.0000	0.0000	0.0000	0.0000	0.0000	0.0000	0.0000	0.0000	0.0000	0.0000	0.0000	0.0000	0.0000	0.0000	0.0000	0.0000	0.0000	0.0000	0.0000	0.0000	0.0000			0.0000	0.0000	0.0000	1.0007	0.0000	1.2584	0.0000	0.0000	0.0000	0.0000	0.0000	0.0000	0.0000	0.0000	0.0000	0.0000	0.0000	0.0000	0.0000	0.0000	0.0000	0.0000	0.0000	0.0000	0.0000	0.0000	0.0000	0.0000	0.0000	0.0000	0.0000	0.0000	0.0000	0.0000	0.0000	0.0000	0.0000	0.0000	0.0000	0.0000	0.0000	0.0000
57	70	0.0193	5	2	0	0	0	1	0	0	0	1	0	1	0	0	0	0	0	0	0	Y	N	N	N	N	N	N	N	N	N	N	N	N	N	N	N	N	N	0.0000	0.0000	0.0000	0.0000	0.0000	0.0000	0.0000	0.0000	0.0000	0.0000	0.0000	0.0000	0.0000	0.0000	0.0000	0.0000	0.0000	0.0000	0.0000	0.0000	0.0000	0.0000	0.0000	0.0000	0.0000	0.0000	0.0000			0.0000	0.0000	0.0000	3.0007	0.0000	1.9606	0.0000	0.0000	0.0000	0.0000	0.0000	0.0000	0.0000	0.0000	0.0000	0.0000	0.0000	0.0000	0.0000	0.0000	0.0000	0.0000	0.0000	0.0000	0.0000	0.0000	0.0000	0.0000	0.0000	0.0000	0.0000	0.0000	0.0000	0.0000	0.0000	0.0000	0.0000	0.0000	0.0000	0.0000	0.0000	0.0000
57	71	0.1472	12	1	0	0	0	0	0	0	0	2	0	2	0	0	0	0	0	0	0	N	N	N	N	Y	N	N	N	N	N	N	N	N	N	N	N	N	N	0.0000	0.0000	0.0000	0.0000	0.0000	0.0000	0.0000	0.0000	0.0000	0.0000	0.0000	0.0000	0.0000	0.0000	0.0000	0.0000	0.0000	0.0000	0.0033	0.0028	0.0039	0.0043	0.0046	0.0000	0.0027	0.0000	0.0042		1.0000	0.0000	0.0000	0.0000	6.1029	0.0000	20.9537	0.0000	0.0000	0.0000	0.0000	0.0000	0.0000	0.0000	0.0000	0.0000	0.0000	0.0000	0.0000	0.0000	0.0000	0.0000	0.0000	0.0000	0.0000	0.0000	0.0000	0.0000	0.0000	0.0000	0.0000	0.0000	0.0000	0.0000	0.0000	0.0000	0.0000	0.0000	0.0000	0.0000	0.0000	0.0000	0.0000
57	73	0.0303	5	2	0	1	0	0	0	1	0	1	0	2	1	0	0	0	0	0	0	Y	N	N	N	Y	N	N	N	N	N	N	N	N	N	N	N	N	N	0.0000	0.0000	0.0000	0.0000	0.0000	0.0000	0.0000	0.0000	0.0000	0.0000	0.0000	0.0000	0.0000	0.0000	0.0000	0.0000	0.0000	0.0000	0.0000	0.0000	0.0000	0.0000	0.0000	0.0000	0.0000	0.0000	0.0000			0.0000	0.0000	0.0000	0.0000	0.0000	0.0000	0.0000	0.0000	0.0000	0.0000	0.0000	0.0000	0.0000	0.0000	0.0000	0.0000	0.0000	0.0000	0.0000	0.0000	0.0000	0.0000	0.0000	0.0000	0.0000	0.0000	0.0000	0.0000	0.0000	0.0000	0.0000	0.0000	0.0000	0.0000	0.0000	0.0000	0.0000	0.0000	0.0000	0.0000	0.0000	0.0000
57	74	0.0308	7	2	0	1	0	1	0	1	0	1	0	1	0	0	0	0	0	0	0	Y	N	N	N	N	N	N	N	N	N	N	N	N	N	N	N	N	N	0.0000	0.0000	0.0000	0.0000	0.0000	0.0000	0.0000	0.0000	0.0000	0.0000	0.0000	0.0000	0.0000	0.0000	0.0000	0.0000	0.0000	0.0000	0.0000	0.0000	0.0000	0.0000	0.0000	0.0000	0.0000	0.0000	0.0000			0.0000	0.0000	0.0000	2.9595	0.0000	5.1315	0.0000	0.0000	0.0000	0.0000	0.0000	0.0000	0.0000	0.0000	0.0000	0.0000	0.0000	0.0000	0.0000	0.0000	0.0000	0.0000	0.0000	0.0000	0.0000	0.0000	0.0000	0.0000	0.0000	0.0000	0.0000	0.0000	0.0000	0.0000	0.0000	0.0000	0.0000	0.0000	0.0000	0.0000	0.0000	0.0000
57	75	0.0303	5	2	0	0	0	0	0	0	0	1	0	2	1	0	0	0	0	0	0	Y	N	N	N	Y	N	N	N	N	N	N	N	N	N	N	N	N	N	0.0000	0.0000	0.0000	0.0000	0.0000	0.0000	0.0000	0.0000	0.0000	0.0000	0.0000	0.0000	0.0000	0.0000	0.0000	0.0000	0.0000	0.0000	0.0000	0.0000	0.0000	0.0000	0.0000	0.0000	0.0000	0.0000	0.0000			0.0000	0.0000	0.0000	0.0000	0.0000	1.0000	0.0000	0.0000	0.0000	0.0000	0.0000	0.0000	0.0000	0.0000	0.0000	0.0000	0.0000	0.0000	0.0000	0.0000	0.0000	0.0000	0.0000	0.0000	0.0000	0.0000	0.0000	0.0000	0.0000	0.0000	0.0000	0.0000	0.0000	0.0000	0.0000	0.0000	0.0000	0.0000	0.0000	0.0000	0.0000	0.0000
57	76	0.0303	4	2	0	0	0	0	0	0	0	1	1	2	1	0	0	0	0	0	0	Y	N	N	N	Y	N	N	N	N	N	N	N	N	N	N	N	N	N	0.0000	0.0000	0.0000	0.0000	0.0000	0.0000	0.0000	0.0000	0.0000	0.0000	0.0000	0.0000	0.0000	0.0000	0.0000	0.0000	0.0000	0.0000	0.0000	0.0000	0.0000	0.0000	0.0000	0.0000	0.0000	0.0000	0.0000			0.0000	0.0000	0.0000	0.0000	0.0000	0.0000	0.0000	0.0000	0.0000	0.0000	0.0000	0.0000	0.0000	0.0000	0.0000	0.0000	0.0000	0.0000	0.0000	0.0000	0.0000	0.0000	0.0000	0.0000	0.0000	0.0000	0.0000	0.0000	0.0000	0.0000	0.0000	0.0000	0.0000	0.0000	0.0000	0.0000	0.0000	0.0000	0.0000	0.0000	0.0000	0.0000
57	77	0.0084	3	2	0	0	0	0	0	0	0	2	0	2	0	0	0	0	0	0	0	Y	N	N	N	Y	N	N	N	N	N	N	N	N	N	N	N	N	N	0.0000	0.0000	0.0000	0.0000	0.0000	0.0000	0.0000	0.0000	0.0000	0.0000	0.0000	0.0000	0.0000	0.0000	0.0000	0.0000	0.0000	0.0000	0.0000	0.0000	0.0000	0.0000	0.0000	0.0000	0.0000	0.0000	0.0000			0.0000	0.0000	0.0000	0.0002	0.0000	3.7635	0.0000	0.0000	0.0000	0.0000	0.0000	0.0000	0.0000	0.0000	0.0000	0.0000	0.0000	0.0000	0.0000	0.0000	0.0000	0.0000	0.0000	0.0000	0.0000	0.0000	0.0000	0.0000	0.0000	0.0000	0.0000	0.0000	0.0000	0.0000	0.0000	0.0000	0.0000	0.0000	0.0000	0.0000	0.0000	0.0000
57	79	0.0565	11	2	0	1	0	0	0	0	0	1	0	1	0	0	0	0	0	0	0	Y	N	N	N	N	N	N	N	N	N	N	N	N	N	N	N	N	N	0.0000	0.0000	0.0000	0.0000	0.0000	0.0000	0.0000	0.0000	0.0000	0.0000	0.0000	0.0000	0.0000	0.0000	0.0000	0.0000	0.0000	0.0000	0.0000	0.0000	0.0000	0.0000	0.0000	0.0000	0.0000	0.0000	0.0000			0.0000	0.0000	0.0000	1.0047	0.0000	3.0004	0.0000	0.0000	0.0000	0.0000	0.0000	0.0000	0.0000	0.0000	0.0000	0.0000	0.0000	0.0000	0.0000	0.0000	0.0000	0.0000	0.0000	0.0000	0.0000	0.0000	0.0000	0.0000	0.0000	0.0000	0.0000	0.0000	0.0000	0.0000	0.0000	0.0000	0.0000	0.0000	0.0000	0.0000	0.0000	0.0000
57	80	0.0457	10	2	0	1	0	0	0	0	0	1	0	1	0	0	0	0	0	0	0	Y	N	N	N	N	N	N	N	N	N	N	N	N	N	N	N	N	N	0.0000	0.0000	0.0000	0.0000	0.0000	0.0000	0.0000	0.0000	0.0000	0.0000	0.0000	0.0000	0.0000	0.0000	0.0000	0.0000	0.0000	0.0000	0.0000	0.0000	0.0000	0.0000	0.0000	0.0000	0.0000	0.0000	0.0000			0.0000	0.0000	0.0000	1.0096	0.0000	2.0672	0.0000	0.0000	0.0000	0.0000	0.0000	0.0000	0.0000	0.0000	0.0000	0.0000	0.0000	0.0000	0.0000	0.0000	0.0000	0.0000	0.0000	0.0000	0.0000	0.0000	0.0000	0.0000	0.0000	0.0000	0.0000	0.0000	0.0000	0.0000	0.0000	0.0000	0.0000	0.0000	0.0000	0.0000	0.0000	0.0000
57	81	0.0387	9	2	0	1	0	1	0	1	0	1	0	1	0	0	0	0	0	0	0	Y	N	N	N	N	N	N	N	N	N	N	N	N	N	N	N	N	N	0.0000	0.0000	0.0000	0.0000	0.0000	0.0000	0.0000	0.0000	0.0000	0.0000	0.0000	0.0000	0.0000	0.0000	0.0000	0.0000	0.0000	0.0000	0.0000	0.0000	0.0000	0.0000	0.0000	0.0000	0.0000	0.0000	0.0000			0.0000	0.0000	0.0000	0.9933	0.0000	1.5154	0.0000	0.0000	0.0000	0.0000	0.0000	0.0000	0.0000	0.0000	0.0000	0.0000	0.0000	0.0000	0.0000	0.0000	0.0000	0.0000	0.0000	0.0000	0.0000	0.0000	0.0000	0.0000	0.0000	0.0000	0.0000	0.0000	0.0000	0.0000	0.0000	0.0000	0.0000	0.0000	0.0000	0.0000	0.0000	0.0000
57	82	0.0615	13	2	0	1	0	0	0	1	0	1	0	1	0	0	0	0	0	0	0	Y	N	N	N	N	N	N	N	N	N	N	N	N	N	N	N	N	N	0.0000	0.0000	0.0000	0.0000	0.0000	0.0000	0.0000	0.0000	0.0000	0.0000	0.0000	0.0000	0.0000	0.0000	0.0000	0.0000	0.0000	0.0000	0.0000	0.0000	0.0000	0.0000	0.0000	0.0000	0.0000	0.0000	0.0000			0.0000	0.0000	0.0000	4.0000	0.0000	3.0004	0.0000	0.0000	0.0000	0.0000	0.0000	0.0000	0.0000	0.0000	0.0000	0.0000	0.0000	0.0000	0.0000	0.0000	0.0000	0.0000	0.0000	0.0000	0.0000	0.0000	0.0000	0.0000	0.0000	0.0000	0.0000	0.0000	0.0000	0.0000	0.0000	0.0000	0.0000	0.0000	0.0000	0.0000	0.0000	0.0000
57	84	0.0220	6	2	0	1	0	1	0	1	0	1	0	1	0	0	0	0	0	0	0	Y	N	N	N	N	N	N	N	N	N	N	N	N	N	N	N	N	N	0.0000	0.0000	0.0000	0.0000	0.0000	0.0000	0.0000	0.0000	0.0000	0.0000	0.0000	0.0000	0.0000	0.0000	0.0000	0.0000	0.0000	0.0000	0.0000	0.0000	0.0000	0.0000	0.0000	0.0000	0.0000	0.0000	0.0000			0.0000	0.0000	0.0000	2.0009	0.0000	6.0608	0.0000	0.0000	0.0000	0.0000	0.0000	0.0000	0.0000	0.0000	0.0000	0.0000	0.0000	0.0000	0.0000	0.0000	0.0000	0.0000	0.0000	0.0000	0.0000	0.0000	0.0000	0.0000	0.0000	0.0000	0.0000	0.0000	0.0000	0.0000	0.0000	0.0000	0.0000	0.0000	0.0000	0.0000	0.0000	0.0000
57	85	0.0699	15	2	0	1	0	0	0	0	0	1	0	1	0	0	0	0	0	0	0	Y	N	N	N	N	N	N	N	N	N	N	N	N	N	N	N	N	N	0.0000	0.0000	0.0000	0.0000	0.0000	0.0000	0.0000	0.0000	0.0000	0.0000	0.0000	0.0000	0.0000	0.0000	0.0000	0.0000	0.0000	0.0000	0.0000	0.0000	0.0000	0.0000	0.0000	0.0000	0.0000	0.0000	0.0000			0.0000	0.0000	0.0000	2.0003	0.0000	2.0390	0.0000	0.0000	0.0000	0.0000	0.0000	0.0000	0.0000	0.0000	0.0000	0.0000	0.0000	0.0000	0.0000	0.0000	0.0000	0.0000	0.0000	0.0000	0.0000	0.0000	0.0000	0.0000	0.0000	0.0000	0.0000	0.0000	0.0000	0.0000	0.0000	0.0000	0.0000	0.0000	0.0000	0.0000	0.0000	0.0000
57	86	0.0626	14	2	0	1	0	1	0	1	0	1	0	1	0	0	0	0	0	0	0	Y	N	N	N	N	N	N	N	N	N	N	N	N	N	N	N	N	N	0.0000	0.0000	0.0000	0.0000	0.0000	0.0000	0.0000	0.0000	0.0000	0.0000	0.0000	0.0000	0.0000	0.0000	0.0000	0.0000	0.0000	0.0000	0.0000	0.0000	0.0000	0.0000	0.0000	0.0000	0.0000	0.0000	0.0000			0.0000	0.0000	0.0000	1.0005	0.0000	0.9990	0.0000	0.0000	0.0000	0.0000	0.0000	0.0000	0.0000	0.0000	0.0000	0.0000	0.0000	0.0000	0.0000	0.0000	0.0000	0.0000	0.0000	0.0000	0.0000	0.0000	0.0000	0.0000	0.0000	0.0000	0.0000	0.0000	0.0000	0.0000	0.0000	0.0000	0.0000	0.0000	0.0000	0.0000	0.0000	0.0000
57	89	0.0944	11	2	0	1	0	0	0	0	0	1	0	1	0	0	0	0	0	0	0	Y	N	N	N	N	N	N	N	N	N	N	N	N	N	N	N	N	N	0.0000	0.0000	0.0000	0.0000	0.0000	0.0000	0.0000	0.0000	0.0000	0.0000	0.0000	0.0000	0.0000	0.0000	0.0000	0.0000	0.0000	0.0000	0.0000	0.0000	0.0000	0.0000	0.0000	0.0000	0.0000	0.0000	0.0000			0.0000	0.0000	0.0000	0.0001	0.0000	3.9037	0.0000	0.0000	0.0000	0.0000	0.0000	0.0000	0.0000	0.0000	0.0000	0.0000	0.0000	0.0000	0.0000	0.0000	0.0000	0.0000	0.0000	0.0000	0.0000	0.0000	0.0000	0.0000	0.0000	0.0000	0.0000	0.0000	0.0000	0.0000	0.0000	0.0000	0.0000	0.0000	0.0000	0.0000	0.0000	0.0000
57	90	0.0678	10	2	0	1	0	0	0	0	0	1	0	1	0	0	0	0	0	0	0	Y	N	N	N	N	N	N	N	N	N	N	N	N	N	N	N	N	N	0.0000	0.0000	0.0000	0.0000	0.0000	0.0000	0.0000	0.0000	0.0000	0.0000	0.0000	0.0000	0.0000	0.0000	0.0000	0.0000	0.0000	0.0000	0.0000	0.0000	0.0000	0.0000	0.0000	0.0000	0.0000	0.0000	0.0000			0.0000	0.0000	0.0000	1.0001	0.0000	8.1987	0.0000	0.0000	0.0000	0.0000	0.0000	0.0000	0.0000	0.0000	0.0000	0.0000	0.0000	0.0000	0.0000	0.0000	0.0000	0.0000	0.0000	0.0000	0.0000	0.0000	0.0000	0.0000	0.0000	0.0000	0.0000	0.0000	0.0000	0.0000	0.0000	0.0000	0.0000	0.0000	0.0000	0.0000	0.0000	0.0000
57	91	0.0759	15	2	0	1	0	0	0	0	0	1	0	1	0	0	0	0	0	0	0	Y	N	N	N	N	N	N	N	N	N	N	N	N	N	N	N	N	N	0.0000	0.0000	0.0000	0.0000	0.0000	0.0000	0.0000	0.0000	0.0000	0.0000	0.0000	0.0000	0.0000	0.0000	0.0000	0.0000	0.0000	0.0000	0.0000	0.0000	0.0000	0.0000	0.0000	0.0000	0.0000	0.0000	0.0000			0.0000	0.0000	0.0000	1.0071	0.0000	9.1029	0.0000	0.0000	0.0000	0.0000	0.0000	0.0000	0.0000	0.0000	0.0000	0.0000	0.0000	0.0000	0.0000	0.0000	0.0000	0.0000	0.0000	0.0000	0.0000	0.0000	0.0000	0.0000	0.0000	0.0000	0.0000	0.0000	0.0000	0.0000	0.0000	0.0000	0.0000	0.0000	0.0000	0.0000	0.0000	0.0000
57	92	0.0615	14	2	0	1	0	0	0	1	0	1	0	1	0	0	0	0	0	0	0	Y	N	N	N	N	N	N	N	N	N	N	N	N	N	N	N	N	N	0.0000	0.0000	0.0000	0.0000	0.0000	0.0000	0.0000	0.0000	0.0000	0.0000	0.0000	0.0000	0.0000	0.0000	0.0000	0.0000	0.0000	0.0000	0.0000	0.0000	0.0000	0.0000	0.0000	0.0000	0.0000	0.0000	0.0000			0.0000	0.0000	0.0000	0.9988	0.0000	4.0321	0.0000	0.0000	0.0000	0.0000	0.0000	0.0000	0.0000	0.0000	0.0000	0.0000	0.0000	0.0000	0.0000	0.0000	0.0000	0.0000	0.0000	0.0000	0.0000	0.0000	0.0000	0.0000	0.0000	0.0000	0.0000	0.0000	0.0000	0.0000	0.0000	0.0000	0.0000	0.0000	0.0000	0.0000	0.0000	0.0000
57	93	0.0615	13	2	0	0	0	0	0	0	0	1	0	1	0	0	0	0	0	0	0	Y	N	N	N	N	N	N	N	N	N	N	N	N	N	N	N	N	N	0.0000	0.0000	0.0000	0.0000	0.0000	0.0000	0.0000	0.0000	0.0000	0.0000	0.0000	0.0000	0.0000	0.0000	0.0000	0.0000	0.0000	0.0000	0.0000	0.0000	0.0000	0.0000	0.0000	0.0000	0.0000	0.0000	0.0000			0.0000	0.0000	0.0000	0.0001	0.0000	0.0783	0.0000	0.0000	0.0000	0.0000	0.0000	0.0000	0.0000	0.0000	0.0000	0.0000	0.0000	0.0000	0.0000	0.0000	0.0000	0.0000	0.0000	0.0000	0.0000	0.0000	0.0000	0.0000	0.0000	0.0000	0.0000	0.0000	0.0000	0.0000	0.0000	0.0000	0.0000	0.0000	0.0000	0.0000	0.0000	0.0000
57	94	0.0529	12	2	0	0	0	1	0	0	0	1	0	1	0	0	0	0	0	0	0	Y	N	N	N	N	N	N	N	N	N	N	N	N	N	N	N	N	N	0.0000	0.0000	0.0000	0.0000	0.0000	0.0000	0.0000	0.0000	0.0000	0.0000	0.0000	0.0000	0.0000	0.0000	0.0000	0.0000	0.0000	0.0000	0.0000	0.0000	0.0000	0.0000	0.0000	0.0000	0.0000	0.0000	0.0000			0.0000	0.0000	0.0000	0.0004	0.0000	2.9660	0.0000	0.0000	0.0000	0.0000	0.0000	0.0000	0.0000	0.0000	0.0000	0.0000	0.0000	0.0000	0.0000	0.0000	0.0000	0.0000	0.0000	0.0000	0.0000	0.0000	0.0000	0.0000	0.0000	0.0000	0.0000	0.0000	0.0000	0.0000	0.0000	0.0000	0.0000	0.0000	0.0000	0.0000	0.0000	0.0000
57	100	0.0427	11	1	0	1	0	0	0	0	0	1	0	2	0	0	0	0	0	0	0	N	N	N	N	Y	N	N	N	N	N	N	N	N	N	N	N	N	N	0.0000	0.0000	0.0000	0.0000	0.0000	0.0000	0.0000	0.0000	0.0000	0.0000	0.0000	0.0000	0.0000	0.0000	0.0000	0.0000	0.0000	0.0000	0.0000	0.0000	0.0000	0.0000	0.0000	0.0000	0.0000	0.0000	0.0000			0.0000	0.0000	0.0000	0.0000	0.0000	0.0000	0.0000	0.0000	0.0000	0.0000	0.0000	0.0000	0.0000	0.0000	0.0000	0.0000	0.0000	0.0000	0.0000	0.0000	0.0000	0.0000	0.0000	0.0000	0.0000	0.0000	0.0000	0.0000	0.0000	0.0000	0.0000	0.0000	0.0000	0.0000	0.0000	0.0000	0.0000	0.0000	0.0000	0.0000	0.0000	0.0000
57	101	0.0370	10	1	0	1	0	0	0	0	0	1	0	2	0	0	0	0	0	0	0	N	N	N	N	Y	N	N	N	N	N	N	N	N	N	N	N	N	N	0.0000	0.0000	0.0000	0.0000	0.0000	0.0000	0.0000	0.0000	0.0000	0.0000	0.0000	0.0000	0.0000	0.0000	0.0000	0.0000	0.0000	0.0000	0.0000	0.0000	0.0000	0.0000	0.0000	0.0000	0.0000	0.0000	0.0000			0.0000	0.0000	0.0000	1.0000	0.0000	0.0000	0.0000	0.0000	0.0000	0.0000	0.0000	0.0000	0.0000	0.0000	0.0000	0.0000	0.0000	0.0000	0.0000	0.0000	0.0000	0.0000	0.0000	0.0000	0.0000	0.0000	0.0000	0.0000	0.0000	0.0000	0.0000	0.0000	0.0000	0.0000	0.0000	0.0000	0.0000	0.0000	0.0000	0.0000	0.0000	0.0000
57	102	0.0370	9	1	0	1	0	0	0	0	0	1	0	2	0	0	0	0	0	0	0	N	N	N	N	Y	N	N	N	N	N	N	N	N	N	N	N	N	N	0.0000	0.0000	0.0000	0.0000	0.0000	0.0000	0.0000	0.0000	0.0000	0.0000	0.0000	0.0000	0.0000	0.0000	0.0000	0.0000	0.0000	0.0000	0.0000	0.0000	0.0000	0.0000	0.0000	0.0000	0.0000	0.0000	0.0000			0.0000	0.0000	0.0000	0.0000	0.0000	0.0005	0.0000	0.0000	0.0000	0.0000	0.0000	0.0000	0.0000	0.0000	0.0000	0.0000	0.0000	0.0000	0.0000	0.0000	0.0000	0.0000	0.0000	0.0000	0.0000	0.0000	0.0000	0.0000	0.0000	0.0000	0.0000	0.0000	0.0000	0.0000	0.0000	0.0000	0.0000	0.0000	0.0000	0.0000	0.0000	0.0000
57	104	0.0551	8	2	0	1	0	1	0	1	0	1	0	1	0	0	0	0	0	0	0	Y	N	N	N	N	N	N	N	N	N	N	N	N	N	N	N	N	N	0.0000	0.0000	0.0000	0.0000	0.0000	0.0000	0.0000	0.0000	0.0000	0.0000	0.0000	0.0000	0.0000	0.0000	0.0000	0.0000	0.0000	0.0000	0.0000	0.0000	0.0000	0.0000	0.0000	0.0000	0.0000	0.0000	0.0000			0.0000	0.0000	0.0000	1.0000	0.0000	1.0715	0.0000	0.0000	0.0000	0.0000	0.0000	0.0000	0.0000	0.0000	0.0000	0.0000	0.0000	0.0000	0.0000	0.0000	0.0000	0.0000	0.0000	0.0000	0.0000	0.0000	0.0000	0.0000	0.0000	0.0000	0.0000	0.0000	0.0000	0.0000	0.0000	0.0000	0.0000	0.0000	0.0000	0.0000	0.0000	0.0000
57	113	0.0321	7	2	0	1	0	0	0	0	0	1	0	2	0	0	0	0	0	0	0	Y	N	N	N	Y	N	N	N	N	N	N	N	N	N	N	N	N	N	0.0000	0.0000	0.0000	0.0000	0.0000	0.0000	0.0000	0.0000	0.0000	0.0000	0.0000	0.0000	0.0000	0.0000	0.0000	0.0000	0.0000	0.0000	0.0000	0.0000	0.0000	0.0000	0.0000	0.0000	0.0000	0.0000	0.0000			0.0000	0.0000	0.0000	0.0000	0.0000	1.0000	0.0000	0.0000	0.0000	0.0000	0.0000	0.0000	0.0000	0.0000	0.0000	0.0000	0.0000	0.0000	0.0000	0.0000	0.0000	0.0000	0.0000	0.0000	0.0000	0.0000	0.0000	0.0000	0.0000	0.0000	0.0000	0.0000	0.0000	0.0000	0.0000	0.0000	0.0000	0.0000	0.0000	0.0000	0.0000	0.0000
57	114	0.0263	6	2	0	1	0	1	0	1	0	2	0	2	0	0	0	0	0	0	0	Y	N	N	N	Y	N	N	N	N	N	N	N	N	N	N	N	N	N	0.0000	0.0000	0.0000	0.0000	0.0000	0.0000	0.0000	0.0000	0.0000	0.0000	0.0000	0.0000	0.0000	0.0000	0.0000	0.0000	0.0000	0.0000	0.0000	0.0000	0.0000	0.0000	0.0000	0.0000	0.0000	0.0000	0.0000			0.0000	0.0000	0.0000	0.0000	0.0000	1.0009	0.0000	0.0000	0.0000	0.0000	0.0000	0.0000	0.0000	0.0000	0.0000	0.0000	0.0000	0.0000	0.0000	0.0000	0.0000	0.0000	0.0000	0.0000	0.0000	0.0000	0.0000	0.0000	0.0000	0.0000	0.0000	0.0000	0.0000	0.0000	0.0000	0.0000	0.0000	0.0000	0.0000	0.0000	0.0000	0.0000
57	115	0.0678	10	2	0	1	0	0	0	0	0	1	0	1	0	0	0	0	0	0	0	Y	N	N	N	N	N	N	N	N	N	N	N	N	N	N	N	N	N	0.0000	0.0000	0.0000	0.0000	0.0000	0.0000	0.0000	0.0000	0.0000	0.0000	0.0000	0.0000	0.0000	0.0000	0.0000	0.0000	0.0000	0.0000	0.0000	0.0000	0.0000	0.0000	0.0000	0.0000	0.0000	0.0000	0.0000			0.0000	0.0000	0.0000	0.9998	0.0000	6.9031	0.0000	0.0000	0.0000	0.0000	0.0000	0.0000	0.0000	0.0000	0.0000	0.0000	0.0000	0.0000	0.0000	0.0000	0.0000	0.0000	0.0000	0.0000	0.0000	0.0000	0.0000	0.0000	0.0000	0.0000	0.0000	0.0000	0.0000	0.0000	0.0000	0.0000	0.0000	0.0000	0.0000	0.0000	0.0000	0.0000
57	116	0.0551	9	2	0	1	0	1	0	1	0	1	0	1	0	0	0	0	0	0	0	Y	N	N	N	N	N	N	N	N	N	N	N	N	N	N	N	N	N	0.0000	0.0000	0.0000	0.0000	0.0000	0.0000	0.0000	0.0000	0.0000	0.0000	0.0000	0.0000	0.0000	0.0000	0.0000	0.0000	0.0000	0.0000	0.0000	0.0000	0.0000	0.0000	0.0000	0.0000	0.0000	0.0000	0.0000			0.0000	0.0000	0.0000	0.0012	0.0000	4.2539	0.0000	0.0000	0.0000	0.0000	0.0000	0.0000	0.0000	0.0000	0.0000	0.0000	0.0000	0.0000	0.0000	0.0000	0.0000	0.0000	0.0000	0.0000	0.0000	0.0000	0.0000	0.0000	0.0000	0.0000	0.0000	0.0000	0.0000	0.0000	0.0000	0.0000	0.0000	0.0000	0.0000	0.0000	0.0000	0.0000
57	119	0.0370	9	2	0	1	0	1	0	0	0	1	0	2	0	0	0	0	0	0	0	Y	N	N	N	Y	N	N	N	N	N	N	N	N	N	N	N	N	N	0.0000	0.0000	0.0000	0.0000	0.0000	0.0000	0.0000	0.0000	0.0000	0.0000	0.0000	0.0000	0.0000	0.0000	0.0000	0.0000	0.0000	0.0000	0.0000	0.0000	0.0000	0.0000	0.0000	0.0000	0.0000	0.0000	0.0000			0.0000	0.0000	0.0000	0.0000	0.0000	0.0000	0.0000	0.0000	0.0000	0.0000	0.0000	0.0000	0.0000	0.0000	0.0000	0.0000	0.0000	0.0000	0.0000	0.0000	0.0000	0.0000	0.0000	0.0000	0.0000	0.0000	0.0000	0.0000	0.0000	0.0000	0.0000	0.0000	0.0000	0.0000	0.0000	0.0000	0.0000	0.0000	0.0000	0.0000	0.0000	0.0000
57	120	0.0342	8	1	0	1	0	0	0	1	0	2	0	2	0	0	0	0	0	0	0	N	N	N	N	Y	N	N	N	N	N	N	N	N	N	N	N	N	N	0.0000	0.0000	0.0000	0.0000	0.0000	0.0000	0.0000	0.0000	0.0000	0.0000	0.0000	0.0000	0.0000	0.0000	0.0000	0.0000	0.0000	0.0000	0.0000	0.0000	0.0000	0.0000	0.0000	0.0000	0.0000	0.0000	0.0000			0.0000	0.0000	0.0000	0.0001	0.0000	1.0001	0.0000	0.0000	0.0000	0.0000	0.0000	0.0000	0.0000	0.0000	0.0000	0.0000	0.0000	0.0000	0.0000	0.0000	0.0000	0.0000	0.0000	0.0000	0.0000	0.0000	0.0000	0.0000	0.0000	0.0000	0.0000	0.0000	0.0000	0.0000	0.0000	0.0000	0.0000	0.0000	0.0000	0.0000	0.0000	0.0000
58	63	0.0769	19	2	0	1	0	0	0	0	0	0	1	0	1	0	0	0	0	0	0	Y	N	N	N	N	N	N	N	N	N	N	N	N	N	N	N	N	N	0.0000	0.0000	0.0000	0.0000	0.0000	0.0000	0.0000	0.0000	0.0000	0.0000	0.0000	0.0000	0.0000	0.0000	0.0000	0.0000	0.0000	0.0000	0.0024	0.0000	0.0079	0.0000	0.0000	0.0000	0.0033	0.0000	0.0081		inf	0.0000	0.0000	0.0000	0.0023	1.0108	3.0060	0.0000	0.0000	0.0000	0.0000	0.0000	0.0000	0.0000	0.0000	0.0000	0.0000	0.0000	0.0000	0.0000	0.0000	0.0000	0.0000	0.0000	0.0000	0.0000	0.0000	0.0000	0.0000	0.0000	0.0000	0.0000	0.0000	0.0000	0.0108	0.0075	0.0033	0.0031	0.0030	0.0001	0.0077	0.0046	0.0032
58	64	0.0740	18	2	0	1	0	1	0	0	0	0	0	0	0	0	0	0	0	0	0	Y	N	N	N	N	N	N	N	N	N	N	N	N	N	N	N	N	N	0.0000	0.0000	0.0000	0.0000	0.0000	0.0000	0.0000	0.0000	0.0000	0.0000	0.0000	0.0000	0.0000	0.0000	0.0000	0.0000	0.0000	0.0000	0.0070	0.0101	0.0000	0.0250	0.0258	0.0000	0.0000	0.0000	0.0000		0.0000	0.0000	-0.0000	0.0000	0.9990	1.0108	0.0212	0.0000	0.0000	0.0000	0.0000	0.0000	0.0000	0.0000	0.0000	0.0000	0.0000	0.0000	0.0000	0.0000	0.0000	0.0000	0.0000	0.0000	0.0000	0.0000	0.0000	0.0000	0.0000	0.0000	0.0000	0.0000	0.0000	0.0000	0.0037	0.0026	0.0011	0.0010	0.0010	0.0000	0.0026	0.0016	0.0011
58	69	0.0460	8	2	0	1	0	0	0	0	0	0	0	0	0	0	0	0	0	0	0	Y	N	N	N	N	N	N	N	N	N	N	N	N	N	N	N	N	N	0.0000	0.0000	0.0000	0.0000	0.0000	0.0000	0.0000	0.0000	0.0000	0.0000	0.0000	0.0000	0.0000	0.0000	0.0000	0.0000	0.0000	0.0000	0.0014	0.0000	0.0043	0.0003	0.0000	0.0040	0.0018	0.0000	0.0043		inf	0.0000	0.0000	0.0000	1.0007	1.0108	1.2584	0.0000	0.0000	0.0000	0.0000	0.0000	0.0000	0.0000	0.0000	0.0000	0.0000	0.0000	0.0000	0.0000	0.0000	0.0000	0.0000	0.0000	0.0000	0.0000	0.0000	0.0000	0.0000	0.0000	0.0000	0.0000	0.0000	0.0000	0.0090	0.0061	0.0029	0.0026	0.0023	0.0002	0.0065	0.0037	0.0027
58	70	0.0319	7	2	0	1	0	1	0	0	0	0	0	0	0	0	0	0	0	0	0	Y	N	N	N	N	N	N	N	N	N	N	N	N	N	N	N	N	N	0.0000	0.0000	0.0000	0.0000	0.0000	0.0000	0.0000	0.0000	0.0000	0.0000	0.0000	0.0000	0.0000	0.0000	0.0000	0.0000	0.0000	0.0000	0.2204	0.0001	0.6867	0.0002	0.0002	0.0000	0.2904	0.0000	0.6966		4551.5596	0.0000	0.0021	0.0000	3.0007	1.0108	1.9606	0.0000	0.0000	0.0000	0.0000	0.0000	0.0000	0.0000	0.0000	0.0000	0.0039	0.0000	0.0039	0.0000	0.0000	0.0000	0.0039	0.0000	0.0039	0.0000	0.0000	0.0000	0.0000	0.0000	0.0000	0.0000	0.0000	0.0000	0.0179	0.0121	0.0057	0.0043	0.0042	0.0001	0.0136	0.0079	0.0057
58	75	0.0429	7	2	0	1	0	0	0	0	0	0	0	1	1	0	0	0	0	0	0	Y	N	N	N	N	N	N	N	N	N	N	N	N	N	N	N	N	N	0.0000	0.0000	0.0000	0.0000	0.0000	0.0000	0.0000	0.0000	0.0000	0.0000	0.0000	0.0000	0.0000	0.0000	0.0000	0.0000	0.0000	0.0000	0.0000	0.0000	0.0000	0.0000	0.0000	0.0000	0.0000	0.0000	0.0000			0.0000	0.0000	0.0000	0.0000	1.0108	1.0000	0.0000	0.0000	0.0000	0.0000	0.0000	0.0000	0.0000	0.0000	0.0000	0.0000	0.0000	0.0000	0.0000	0.0000	0.0000	0.0000	0.0000	0.0000	0.0000	0.0000	0.0000	0.0000	0.0000	0.0000	0.0000	0.0000	0.0000	0.0021	0.0013	0.0008	0.0002	0.0002	0.0000	0.0019	0.0011	0.0008
58	76	0.0429	6	2	0	1	0	0	0	0	0	0	1	1	1	0	0	0	0	0	0	Y	N	N	N	N	N	N	N	N	N	N	N	N	N	N	N	N	N	0.0000	0.0000	0.0000	0.0000	0.0000	0.0000	0.0000	0.0000	0.0000	0.0000	0.0000	0.0000	0.0000	0.0000	0.0000	0.0000	0.0000	0.0000	0.0000	0.0000	0.0000	0.0000	0.0000	0.0000	0.0000	0.0000	0.0000			0.0000	0.0000	0.0000	0.0000	1.0108	0.0000	0.0000	0.0000	0.0000	0.0000	0.0000	0.0000	0.0000	0.0000	0.0000	0.0000	0.0000	0.0000	0.0000	0.0000	0.0000	0.0000	0.0000	0.0000	0.0000	0.0000	0.0000	0.0000	0.0000	0.0000	0.0000	0.0000	0.0000	0.0003	0.0001	0.0001	0.0001	0.0001	0.0000	0.0001	0.0000	0.0001
58	77	0.0210	5	2	0	1	0	0	0	0	0	1	0	1	0	0	0	0	0	0	0	Y	N	N	N	N	N	N	N	N	N	N	N	N	N	N	N	N	N	0.0000	0.0000	0.0000	0.0000	0.0000	0.0000	0.0000	0.0000	0.0000	0.0000	0.0000	0.0000	0.0000	0.0000	0.0000	0.0000	0.0000	0.0000	0.0766	0.1142	0.0001	0.3073	0.3129	0.0000	0.0000	0.0000	0.0001		0.0002	0.0000	-0.0005	0.0000	0.0002	1.0108	3.7635	0.0000	0.0000	0.0000	0.0000	0.0000	0.0000	0.0000	0.0000	0.0000	0.0011	0.0011	0.0000	0.0011	0.0011	0.0000	0.0000	0.0000	0.0000	0.0000	0.0000	0.0000	0.0000	0.0000	0.0000	0.0000	0.0000	0.0000	0.0142	0.0095	0.0047	0.0035	0.0035	0.0001	0.0107	0.0061	0.0046
58	93	0.0741	15	2	0	1	0	0	0	0	0	0	0	0	0	0	0	0	0	0	0	Y	N	N	N	N	N	N	N	N	N	N	N	N	N	N	N	N	N	0.0000	0.0000	0.0000	0.0000	0.0000	0.0000	0.0000	0.0000	0.0000	0.0000	0.0000	0.0000	0.0000	0.0000	0.0000	0.0000	0.0000	0.0000	0.0000	0.0000	0.0000	0.0000	0.0000	0.0000	0.0000	0.0000	0.0000			0.0000	0.0000	0.0000	0.0001	1.0108	0.0783	0.0000	0.0000	0.0000	0.0000	0.0000	0.0000	0.0000	0.0000	0.0000	0.0000	0.0000	0.0000	0.0000	0.0000	0.0000	0.0000	0.0000	0.0000	0.0000	0.0000	0.0000	0.0000	0.0000	0.0000	0.0000	0.0000	0.0000	0.0006	0.0004	0.0002	0.0002	0.0002	0.0000	0.0003	0.0001	0.0002
58	94	0.0655	14	2	0	1	0	1	0	0	0	0	0	0	0	0	0	0	0	0	0	Y	N	N	N	N	N	N	N	N	N	N	N	N	N	N	N	N	N	0.0000	0.0000	0.0000	0.0000	0.0000	0.0000	0.0000	0.0000	0.0000	0.0000	0.0000	0.0000	0.0000	0.0000	0.0000	0.0000	0.0000	0.0000	0.0000	0.0000	0.0000	0.0000	0.0000	0.0000	0.0000	0.0000	0.0000			0.0000	0.0000	0.0000	0.0004	1.0108	2.9660	0.0000	0.0000	0.0000	0.0000	0.0000	0.0000	0.0000	0.0000	0.0000	0.0000	0.0000	0.0000	0.0000	0.0000	0.0000	0.0000	0.0000	0.0000	0.0000	0.0000	0.0000	0.0000	0.0000	0.0000	0.0000	0.0000	0.0000	0.0106	0.0074	0.0032	0.0029	0.0029	0.0001	0.0076	0.0045	0.0031
59	63	0.0709	18	2	0	1	0	0	0	0	0	0	1	0	1	0	0	0	0	0	0	Y	N	N	N	N	N	N	N	N	N	N	N	N	N	N	N	N	N	0.0000	0.0000	0.0000	0.0000	0.0000	0.0000	0.0000	0.0000	0.0000	0.0000	0.0000	0.0000	0.0000	0.0000	0.0000	0.0000	0.0000	0.0000	0.0019	0.0038	0.0001	0.0192	0.0220	0.0000	0.0001	0.0000	0.0001		0.0383	0.0000	-0.0000	0.0001	0.0023	2.3402	3.0060	0.0000	0.0000	0.0000	0.0000	0.0000	0.0000	0.0000	0.0000	0.0000	0.0000	0.0000	0.0000	0.0000	0.0000	0.0000	0.0000	0.0000	0.0000	0.0000	0.0000	0.0000	0.0000	0.0000	0.0000	0.0000	0.0000	0.0000	0.0137	0.0068	0.0070	0.0013	0.0012	0.0002	0.0124	0.0056	0.0068
59	64	0.0681	17	2	0	1	0	1	0	0	0	0	0	0	0	0	0	0	0	0	0	Y	N	N	N	N	N	N	N	N	N	N	N	N	N	N	N	N	N	0.0000	0.0000	0.0000	0.0000	0.0000	0.0000	0.0000	0.0000	0.0000	0.0000	0.0000	0.0000	0.0000	0.0000	0.0000	0.0000	0.0000	0.0000	0.0065	0.0020	0.0109	0.0027	0.0031	0.0000	0.0069	0.0018	0.0112		5.6245	0.0000	0.0000	0.0001	0.9990	2.3402	0.0212	0.0000	0.0000	0.0000	0.0000	0.0000	0.0000	0.0000	0.0000	0.0000	0.0000	0.0000	0.0000	0.0000	0.0000	0.0000	0.0000	0.0000	0.0000	0.0000	0.0000	0.0000	0.0000	0.0000	0.0000	0.0000	0.0000	0.0000	0.0047	0.0023	0.0024	0.0005	0.0004	0.0001	0.0043	0.0019	0.0023
59	69	0.0400	7	2	0	1	0	0	0	0	0	0	0	0	0	0	0	0	0	0	0	Y	N	N	N	N	N	N	N	N	N	N	N	N	N	N	N	N	N	0.0000	0.0000	0.0000	0.0000	0.0000	0.0000	0.0000	0.0000	0.0000	0.0000	0.0000	0.0000	0.0000	0.0000	0.0000	0.0000	0.0000	0.0000	0.2420	0.0065	0.4697	0.0015	0.0008	0.0034	0.2783	0.0080	0.5039		74.2421	0.0000	0.0015	0.0001	1.0007	2.3402	1.2584	0.0000	0.0000	0.0000	0.0000	0.0000	0.0000	0.0000	0.0000	0.0000	0.0030	0.0000	0.0030	0.0000	0.0000	0.0000	0.0030	0.0000	0.0030	0.0000	0.0000	0.0000	0.0000	0.0000	0.0000	0.0000	0.0000	0.0000	0.0124	0.0061	0.0063	0.0016	0.0012	0.0004	0.0108	0.0049	0.0059
59	70	0.0259	6	2	0	1	0	1	0	0	0	0	0	0	0	0	0	0	0	0	0	Y	N	N	N	N	N	N	N	N	N	N	N	N	N	N	N	N	N	0.0000	0.0000	0.0000	0.0000	0.0000	0.0000	0.0000	0.0000	0.0000	0.0000	0.0000	0.0000	0.0000	0.0000	0.0000	0.0000	0.0000	0.0000	42.6532	0.0004	79.8104	0.0014	0.0017	0.0000	44.1208	0.0003	80.6064		231656.2777	0.0000	0.5222	0.0001	3.0007	2.3402	1.9606	0.0000	0.0000	0.0000	0.0000	0.0000	0.0000	0.0000	0.0000	0.0000	0.9928	0.0000	0.9928	0.0000	0.0000	0.0000	0.9928	0.0000	0.9928	0.0000	0.0000	0.0000	0.0000	0.0000	0.0000	0.0000	0.0000	0.0000	0.0233	0.0108	0.0124	0.0008	0.0007	0.0001	0.0225	0.0102	0.0123
59	75	0.0369	6	2	0	1	0	0	0	0	0	0	0	1	1	0	0	0	0	0	0	Y	N	N	N	N	N	N	N	N	N	N	N	N	N	N	N	N	N	0.0000	0.0000	0.0000	0.0000	0.0000	0.0000	0.0000	0.0000	0.0000	0.0000	0.0000	0.0000	0.0000	0.0000	0.0000	0.0000	0.0000	0.0000	0.0000	0.0000	0.0000	0.0000	0.0000	0.0000	0.0000	0.0000	0.0000			0.0000	0.0000	0.0001	0.0000	2.3402	1.0000	0.0000	0.0000	0.0000	0.0000	0.0000	0.0000	0.0000	0.0000	0.0000	0.0000	0.0000	0.0000	0.0000	0.0000	0.0000	0.0000	0.0000	0.0000	0.0000	0.0000	0.0000	0.0000	0.0000	0.0000	0.0000	0.0000	0.0000	0.0045	0.0026	0.0019	0.0002	0.0002	0.0000	0.0043	0.0024	0.0019
59	76	0.0369	5	2	0	1	0	0	0	0	0	0	1	1	1	0	0	0	0	0	0	Y	N	N	N	N	N	N	N	N	N	N	N	N	N	N	N	N	N	0.0000	0.0000	0.0000	0.0000	0.0000	0.0000	0.0000	0.0000	0.0000	0.0000	0.0000	0.0000	0.0000	0.0000	0.0000	0.0000	0.0000	0.0000	0.0000	0.0000	0.0000	0.0000	0.0000	0.0000	0.0000	0.0000	0.0000			0.0000	0.0000	0.0001	0.0000	2.3402	0.0000	0.0000	0.0000	0.0000	0.0000	0.0000	0.0000	0.0000	0.0000	0.0000	0.0000	0.0000	0.0000	0.0000	0.0000	0.0000	0.0000	0.0000	0.0000	0.0000	0.0000	0.0000	0.0000	0.0000	0.0000	0.0000	0.0000	0.0000	0.0006	0.0003	0.0003	0.0003	0.0003	0.0000	0.0003	0.0000	0.0003
59	77	0.0150	4	2	0	1	0	0	0	0	0	1	0	1	0	0	0	0	0	0	0	Y	N	N	N	N	N	N	N	N	N	N	N	N	N	N	N	N	N	0.0000	0.0000	0.0000	0.0000	0.0000	0.0000	0.0000	0.0000	0.0000	0.0000	0.0000	0.0000	0.0000	0.0000	0.0000	0.0000	0.0000	0.0000	0.0602	0.0000	0.1129	0.0000	0.0000	0.0000	0.0641	0.0000	0.1139		inf	0.0000	0.0006	0.0001	0.0002	2.3402	3.7635	0.0000	0.0000	0.0000	0.0000	0.0000	0.0000	0.0000	0.0000	0.0000	0.0011	0.0000	0.0011	0.0000	0.0000	0.0000	0.0011	0.0000	0.0011	0.0000	0.0000	0.0000	0.0000	0.0000	0.0000	0.0000	0.0000	0.0000	0.0191	0.0089	0.0102	0.0012	0.0011	0.0001	0.0179	0.0078	0.0101
59	93	0.0681	14	2	0	1	0	0	0	0	0	0	0	0	0	0	0	0	0	0	0	Y	N	N	N	N	N	N	N	N	N	N	N	N	N	N	N	N	N	0.0000	0.0000	0.0000	0.0000	0.0000	0.0000	0.0000	0.0000	0.0000	0.0000	0.0000	0.0000	0.0000	0.0000	0.0000	0.0000	0.0000	0.0000	0.0124	0.0176	0.0062	0.0175	0.0177	0.0000	0.0096	0.0174	0.0063		0.2987	0.0000	-0.0000	0.0001	0.0001	2.3402	0.0783	0.0000	0.0000	0.0000	0.0000	0.0000	0.0000	0.0000	0.0000	0.0000	0.0000	0.0000	0.0000	0.0000	0.0000	0.0000	0.0000	0.0000	0.0000	0.0000	0.0000	0.0000	0.0000	0.0000	0.0000	0.0000	0.0000	0.0000	0.0010	0.0005	0.0004	0.0003	0.0003	0.0000	0.0006	0.0002	0.0004
59	94	0.0595	13	2	0	1	0	1	0	0	0	0	0	0	0	0	0	0	0	0	0	Y	N	N	N	N	N	N	N	N	N	N	N	N	N	N	N	N	N	0.0000	0.0000	0.0000	0.0000	0.0000	0.0000	0.0000	0.0000	0.0000	0.0000	0.0000	0.0000	0.0000	0.0000	0.0000	0.0000	0.0000	0.0000	0.0059	0.0005	0.0112	0.0000	0.0000	0.0000	0.0065	0.0006	0.0115		23.4119	0.0000	0.0000	0.0001	0.0004	2.3402	2.9660	0.0000	0.0000	0.0000	0.0000	0.0000	0.0000	0.0000	0.0000	0.0000	0.0001	0.0000	0.0001	0.0000	0.0000	0.0000	0.0001	0.0000	0.0001	0.0000	0.0000	0.0000	0.0000	0.0000	0.0000	0.0000	0.0000	0.0000	0.0136	0.0067	0.0069	0.0013	0.0011	0.0002	0.0123	0.0056	0.0067
60	63	0.0643	17	2	0	1	0	0	0	1	0	0	1	0	1	0	0	0	0	0	0	Y	N	N	N	N	N	N	N	N	N	N	N	N	N	N	N	N	N	0.0000	0.0000	0.0000	0.0000	0.0000	0.0000	0.0000	0.0000	0.0000	0.0000	0.0000	0.0000	0.0000	0.0000	0.0000	0.0000	0.0000	0.0000	0.6677	1.2844	0.0659	3.8541	4.1159	0.0000	0.0400	0.0000	0.0673		0.0526	0.0000	-0.0000	0.0000	0.0023	0.0002	3.0060	0.0000	0.0000	0.0000	0.0000	0.0000	0.0000	0.0000	0.0000	0.0000	0.0000	0.0000	0.0000	0.0000	0.0000	0.0000	0.0000	0.0000	0.0000	0.0000	0.0000	0.0000	0.0000	0.0000	0.0000	0.0000	0.0000	0.0000	0.0000	0.0000	0.0000	0.0000	0.0000	0.0000	0.0000	0.0000	0.0000
60	64	0.0615	16	2	0	1	0	1	0	1	0	0	0	0	0	0	0	0	0	0	0	Y	N	N	N	N	N	N	N	N	N	N	N	N	N	N	N	N	N	0.0000	0.0000	0.0000	0.0000	0.0000	0.0000	0.0000	0.0000	0.0000	0.0000	0.0000	0.0000	0.0000	0.0000	0.0000	0.0000	0.0000	0.0000	2.2332	0.2260	4.1921	0.9618	1.0721	0.0000	2.4002	0.0000	4.2934		19.0034	0.0000	0.0000	0.0000	0.9990	0.0002	0.0212	0.0000	0.0000	0.0000	0.0000	0.0000	0.0000	0.0000	0.0000	0.0000	0.0000	0.0000	0.0000	0.0000	0.0000	0.0000	0.0000	0.0000	0.0000	0.0000	0.0000	0.0000	0.0000	0.0000	0.0000	0.0000	0.0000	0.0000	0.0000	0.0000	0.0000	0.0000	0.0000	0.0000	0.0000	0.0000	0.0000
60	69	0.0334	6	2	0	1	0	0	0	1	0	0	0	0	0	0	0	0	0	0	0	Y	N	N	N	N	N	N	N	N	N	N	N	N	N	N	N	N	N	0.0000	0.0000	0.0000	0.0000	0.0000	0.0000	0.0000	0.0000	0.0000	0.0000	0.0000	0.0000	0.0000	0.0000	0.0000	0.0000	0.0000	0.0000	0.0243	0.0000	0.0478	0.0000	0.0000	0.0000	0.0284	0.0000	0.0512		inf	0.0000	0.0000	0.0000	1.0007	0.0002	1.2584	0.0000	0.0000	0.0000	0.0000	0.0000	0.0000	0.0000	0.0000	0.0000	0.0000	0.0000	0.0000	0.0000	0.0000	0.0000	0.0000	0.0000	0.0000	0.0000	0.0000	0.0000	0.0000	0.0000	0.0000	0.0000	0.0000	0.0000	0.0000	0.0000	0.0000	0.0000	0.0000	0.0000	0.0000	0.0000	0.0000
60	70	0.0193	5	2	0	1	0	1	0	1	0	0	0	0	0	0	0	0	0	0	0	Y	N	N	N	N	N	N	N	N	N	N	N	N	N	N	N	N	N	0.0000	0.0000	0.0000	0.0000	0.0000	0.0000	0.0000	0.0000	0.0000	0.0000	0.0000	0.0000	0.0000	0.0000	0.0000	0.0000	0.0000	0.0000	4.3344	0.0000	8.1256	0.0000	0.0000	0.0000	4.5685	0.0000	8.2037		inf	0.0000	0.0000	0.0000	3.0007	0.0002	1.9606	0.0000	0.0000	0.0000	0.0000	0.0000	0.0000	0.0000	0.0000	0.0000	0.0000	0.0000	0.0000	0.0000	0.0000	0.0000	0.0000	0.0000	0.0000	0.0000	0.0000	0.0000	0.0000	0.0000	0.0000	0.0000	0.0000	0.0000	0.0000	0.0000	0.0000	0.0000	0.0000	0.0000	0.0000	0.0000	0.0000
60	75	0.0303	5	2	0	1	0	0	0	1	0	0	0	1	1	0	0	0	0	0	0	Y	N	N	N	N	N	N	N	N	N	N	N	N	N	N	N	N	N	0.0000	0.0000	0.0000	0.0000	0.0000	0.0000	0.0000	0.0000	0.0000	0.0000	0.0000	0.0000	0.0000	0.0000	0.0000	0.0000	0.0000	0.0000	0.0000	0.0000	0.0000	0.0000	0.0000	0.0000	0.0000	0.0000	0.0000			0.0000	0.0000	0.0000	0.0000	0.0002	1.0000	0.0000	0.0000	0.0000	0.0000	0.0000	0.0000	0.0000	0.0000	0.0000	0.0000	0.0000	0.0000	0.0000	0.0000	0.0000	0.0000	0.0000	0.0000	0.0000	0.0000	0.0000	0.0000	0.0000	0.0000	0.0000	0.0000	0.0000	0.0000	0.0000	0.0000	0.0000	0.0000	0.0000	0.0000	0.0000	0.0000
60	76	0.0303	4	2	0	1	0	0	0	1	0	0	1	1	1	0	0	0	0	0	0	Y	N	N	N	N	N	N	N	N	N	N	N	N	N	N	N	N	N	0.0000	0.0000	0.0000	0.0000	0.0000	0.0000	0.0000	0.0000	0.0000	0.0000	0.0000	0.0000	0.0000	0.0000	0.0000	0.0000	0.0000	0.0000	0.0000	0.0000	0.0000	0.0000	0.0000	0.0000	0.0000	0.0000	0.0000			0.0000	0.0000	0.0000	0.0000	0.0002	0.0000	0.0000	0.0000	0.0000	0.0000	0.0000	0.0000	0.0000	0.0000	0.0000	0.0000	0.0000	0.0000	0.0000	0.0000	0.0000	0.0000	0.0000	0.0000	0.0000	0.0000	0.0000	0.0000	0.0000	0.0000	0.0000	0.0000	0.0000	0.0000	0.0000	0.0000	0.0000	0.0000	0.0000	0.0000	0.0000	0.0000
60	77	0.0084	3	2	0	1	0	0	0	1	0	1	0	1	0	0	0	0	0	0	0	Y	N	N	N	N	N	N	N	N	N	N	N	N	N	N	N	N	N	0.0000	0.0000	0.0000	0.0000	0.0000	0.0000	0.0000	0.0000	0.0000	0.0000	0.0000	0.0000	0.0000	0.0000	0.0000	0.0000	0.0000	0.0000	0.0000	0.0000	0.0000	0.0000	0.0000	0.0000	0.0000	0.0000	0.0000			0.0000	0.0000	0.0000	0.0002	0.0002	3.7635	0.0000	0.0000	0.0000	0.0000	0.0000	0.0000	0.0000	0.0000	0.0000	0.0000	0.0000	0.0000	0.0000	0.0000	0.0000	0.0000	0.0000	0.0000	0.0000	0.0000	0.0000	0.0000	0.0000	0.0000	0.0000	0.0000	0.0000	0.0000	0.0000	0.0000	0.0000	0.0000	0.0000	0.0000	0.0000	0.0000
60	93	0.0615	13	2	0	1	0	0	0	1	0	0	0	0	0	0	0	0	0	0	0	Y	N	N	N	N	N	N	N	N	N	N	N	N	N	N	N	N	N	0.0000	0.0000	0.0000	0.0000	0.0000	0.0000	0.0000	0.0000	0.0000	0.0000	0.0000	0.0000	0.0000	0.0000	0.0000	0.0000	0.0000	0.0000	0.0000	0.0000	0.0000	0.0000	0.0000	0.0000	0.0000	0.0000	0.0000			0.0000	0.0000	0.0000	0.0001	0.0002	0.0783	0.0000	0.0000	0.0000	0.0000	0.0000	0.0000	0.0000	0.0000	0.0000	0.0000	0.0000	0.0000	0.0000	0.0000	0.0000	0.0000	0.0000	0.0000	0.0000	0.0000	0.0000	0.0000	0.0000	0.0000	0.0000	0.0000	0.0000	0.0000	0.0000	0.0000	0.0000	0.0000	0.0000	0.0000	0.0000	0.0000
60	94	0.0529	12	2	0	1	0	1	0	1	0	0	0	0	0	0	0	0	0	0	0	Y	N	N	N	N	N	N	N	N	N	N	N	N	N	N	N	N	N	0.0000	0.0000	0.0000	0.0000	0.0000	0.0000	0.0000	0.0000	0.0000	0.0000	0.0000	0.0000	0.0000	0.0000	0.0000	0.0000	0.0000	0.0000	0.0000	0.0000	0.0000	0.0000	0.0000	0.0000	0.0000	0.0000	0.0000			0.0000	0.0000	0.0000	0.0004	0.0002	2.9660	0.0000	0.0000	0.0000	0.0000	0.0000	0.0000	0.0000	0.0000	0.0000	0.0000	0.0000	0.0000	0.0000	0.0000	0.0000	0.0000	0.0000	0.0000	0.0000	0.0000	0.0000	0.0000	0.0000	0.0000	0.0000	0.0000	0.0000	0.0000	0.0000	0.0000	0.0000	0.0000	0.0000	0.0000	0.0000	0.0000
61	63	0.0643	16	2	0	0	0	0	0	0	0	0	1	0	1	0	0	0	0	0	0	Y	N	N	N	N	N	N	N	N	N	N	N	N	N	N	N	N	N	0.0000	0.0000	0.0000	0.0000	0.0000	0.0000	0.0000	0.0000	0.0000	0.0000	0.0000	0.0000	0.0000	0.0000	0.0000	0.0000	0.0000	0.0000	0.0000	0.0000	0.0000	0.0001	0.0001	0.0000	0.0000	0.0000	0.0000		0.0000	0.0000	-0.0000	0.0000	0.0023	1.0227	3.0060	0.0000	0.0000	0.0000	0.0000	0.0000	0.0000	0.0000	0.0000	0.0000	0.0000	0.0000	0.0000	0.0000	0.0000	0.0000	0.0000	0.0000	0.0000	0.0000	0.0000	0.0000	0.0000	0.0000	0.0000	0.0000	0.0000	0.0000	0.0070	0.0038	0.0031	0.0010	0.0010	0.0001	0.0060	0.0029	0.0031
61	64	0.0615	15	2	0	0	0	1	0	0	0	0	0	0	0	0	0	0	0	0	0	Y	N	N	N	N	N	N	N	N	N	N	N	N	N	N	N	N	N	0.0000	0.0000	0.0000	0.0000	0.0000	0.0000	0.0000	0.0000	0.0000	0.0000	0.0000	0.0000	0.0000	0.0000	0.0000	0.0000	0.0000	0.0000	0.0043	0.0078	0.0000	0.0011	0.0011	0.0000	0.0049	0.0100	0.0000		0.0051	0.0000	-0.0000	0.0000	0.9990	1.0227	0.0212	0.0000	0.0000	0.0000	0.0000	0.0000	0.0000	0.0000	0.0000	0.0000	0.0000	0.0000	0.0000	0.0000	0.0000	0.0000	0.0000	0.0000	0.0000	0.0000	0.0000	0.0000	0.0000	0.0000	0.0000	0.0000	0.0000	0.0000	0.0024	0.0013	0.0011	0.0004	0.0003	0.0000	0.0020	0.0010	0.0010
61	68	0.0303	3	2	0	1	0	0	0	1	0	0	0	1	0	0	0	0	0	0	0	Y	N	N	N	N	N	N	N	N	N	N	N	N	N	N	N	N	N	0.0000	0.0000	0.0000	0.0000	0.0000	0.0000	0.0000	0.0000	0.0000	0.0000	0.0000	0.0000	0.0000	0.0000	0.0000	0.0000	0.0000	0.0000	0.0080	0.0137	0.0000	0.0445	0.0473	0.0000	0.0000	0.0000	0.0000		0.0000	0.0000	-0.0000	0.0000	0.0002	1.0227	1.2554	0.0000	0.0000	0.0000	0.0000	0.0000	0.0000	0.0000	0.0000	0.0000	0.0000	0.0000	0.0000	0.0000	0.0000	0.0000	0.0000	0.0000	0.0000	0.0000	0.0000	0.0000	0.0000	0.0000	0.0000	0.0000	0.0000	0.0000	0.0034	0.0020	0.0014	0.0006	0.0006	0.0000	0.0028	0.0014	0.0014
61	69	0.0334	5	2	0	0	0	0	0	0	0	0	0	0	0	0	0	0	0	0	0	Y	N	N	N	N	N	N	N	N	N	N	N	N	N	N	N	N	N	0.0000	0.0000	0.0000	0.0000	0.0000	0.0000	0.0000	0.0000	0.0000	0.0000	0.0000	0.0000	0.0000	0.0000	0.0000	0.0000	0.0000	0.0000	0.0000	0.0000	0.0000	0.0001	0.0000	0.0003	0.0000	0.0000	0.0000		inf	0.0000	0.0000	0.0000	1.0007	1.0227	1.2584	0.0000	0.0000	0.0000	0.0000	0.0000	0.0000	0.0000	0.0000	0.0000	0.0000	0.0000	0.0000	0.0000	0.0000	0.0000	0.0000	0.0000	0.0000	0.0000	0.0000	0.0000	0.0000	0.0000	0.0000	0.0000	0.0000	0.0000	0.0062	0.0033	0.0028	0.0010	0.0009	0.0002	0.0051	0.0025	0.0026
61	70	0.0193	4	2	0	0	0	1	0	0	0	0	0	0	0	0	0	0	0	0	0	Y	N	N	N	N	N	N	N	N	N	N	N	N	N	N	N	N	N	248.6868	139.8793	0.0000	66.2522	63.3022	0.0000	0.0000	0.0000	0.0000	0.0013	0.0014	0.0000	0.0039	0.0039	0.0000	0.0000	0.0000	0.0000	0.0000	0.0000	0.0000	0.0001	0.0001	0.0000	0.0000	0.0000	0.0000	0.0000	0.0097	-0.0000	-0.0000	0.0000	3.0007	1.0227	1.9606	0.0000	0.0000	0.0000	0.0000	0.0000	0.0000	0.0000	0.0000	0.0000	0.0000	0.0000	0.0000	0.0000	0.0000	0.0000	0.0000	0.0000	0.0000	0.0000	0.0000	0.0000	0.0000	0.0000	0.0000	0.0000	0.0000	0.0000	0.0118	0.0062	0.0056	0.0010	0.0010	0.0000	0.0107	0.0052	0.0055
61	73	0.0303	4	2	0	1	0	0	0	1	0	0	0	1	1	0	0	0	0	0	0	Y	N	N	N	N	N	N	N	N	N	N	N	N	N	N	N	N	N	0.0000	0.0000	0.0000	0.0000	0.0000	0.0000	0.0000	0.0000	0.0000	0.0000	0.0000	0.0000	0.0000	0.0000	0.0000	0.0000	0.0000	0.0000	0.0000	0.0000	0.0000	0.0000	0.0000	0.0000	0.0000	0.0000	0.0000			0.0000	0.0000	0.0000	0.0000	1.0227	0.0000	0.0000	0.0000	0.0000	0.0000	0.0000	0.0000	0.0000	0.0000	0.0000	0.0000	0.0000	0.0000	0.0000	0.0000	0.0000	0.0000	0.0000	0.0000	0.0000	0.0000	0.0000	0.0000	0.0000	0.0000	0.0000	0.0000	0.0000	0.0000	0.0000	0.0000	0.0000	0.0000	0.0000	0.0000	0.0000	0.0000
61	74	0.0308	6	2	0	1	0	1	0	1	0	0	0	0	0	0	0	0	0	0	0	Y	N	N	N	N	N	N	N	N	N	N	N	N	N	N	N	N	N	0.0000	0.0000	0.0000	0.0000	0.0000	0.0000	0.0000	0.0000	0.0000	0.0000	0.0000	0.0000	0.0000	0.0000	0.0000	0.0000	0.0000	0.0000	0.0000	0.0000	0.0000	0.0000	0.0000	0.0005	0.0000	0.0000	0.0000		inf	0.0000	0.0000	0.0000	2.9595	1.0227	5.1315	0.0000	0.0000	0.0000	0.0000	0.0000	0.0000	0.0000	0.0000	0.0000	0.0000	0.0000	0.0000	0.0000	0.0000	0.0000	0.0000	0.0000	0.0000	0.0000	0.0000	0.0000	0.0000	0.0000	0.0000	0.0000	0.0000	0.0000	0.0193	0.0105	0.0089	0.0025	0.0024	0.0001	0.0169	0.0081	0.0088
61	75	0.0303	4	2	0	0	0	0	0	0	0	0	0	1	1	0	0	0	0	0	0	Y	N	N	N	N	N	N	N	N	N	N	N	N	N	N	N	N	N	0.0000	0.0000	0.0000	0.0000	0.0000	0.0000	0.0000	0.0000	0.0000	0.0000	0.0000	0.0000	0.0000	0.0000	0.0000	0.0000	0.0000	0.0000	0.0000	0.0000	0.0000	0.0000	0.0000	0.0000	0.0000	0.0000	0.0000			0.0000	0.0000	0.0000	0.0000	1.0227	1.0000	0.0000	0.0000	0.0000	0.0000	0.0000	0.0000	0.0000	0.0000	0.0000	0.0000	0.0000	0.0000	0.0000	0.0000	0.0000	0.0000	0.0000	0.0000	0.0000	0.0000	0.0000	0.0000	0.0000	0.0000	0.0000	0.0000	0.0000	0.0020	0.0012	0.0008	0.0001	0.0001	0.0000	0.0019	0.0011	0.0008
61	76	0.0303	3	2	0	0	0	0	0	0	0	0	1	1	1	0	0	0	0	0	0	Y	N	N	N	N	N	N	N	N	N	N	N	N	N	N	N	N	N	0.0000	0.0000	0.0000	0.0000	0.0000	0.0000	0.0000	0.0000	0.0000	0.0000	0.0000	0.0000	0.0000	0.0000	0.0000	0.0000	0.0000	0.0000	0.0000	0.0000	0.0000	0.0000	0.0000	0.0000	0.0000	0.0000	0.0000			0.0000	0.0000	0.0000	0.0000	1.0227	0.0000	0.0000	0.0000	0.0000	0.0000	0.0000	0.0000	0.0000	0.0000	0.0000	0.0000	0.0000	0.0000	0.0000	0.0000	0.0000	0.0000	0.0000	0.0000	0.0000	0.0000	0.0000	0.0000	0.0000	0.0000	0.0000	0.0000	0.0000	0.0004	0.0002	0.0002	0.0002	0.0002	0.0000	0.0002	0.0000	0.0002
61	77	0.0084	2	2	0	0	0	0	0	0	0	1	0	1	0	0	0	0	0	0	0	Y	N	N	N	N	N	N	N	N	N	N	N	N	N	N	N	N	N	0.0000	0.0000	0.0000	0.0000	0.0000	0.0000	0.0000	0.0000	0.0000	0.0000	0.0000	0.0000	0.0000	0.0000	0.0000	0.0000	0.0000	0.0000	0.0129	0.0205	0.0046	0.0661	0.0676	0.0003	0.0030	0.0008	0.0047		0.2072	0.0000	-0.0000	0.0000	0.0002	1.0227	3.7635	0.0000	0.0000	0.0000	0.0000	0.0000	0.0000	0.0000	0.0000	0.0000	0.0001	0.0001	0.0000	0.0001	0.0001	0.0000	0.0000	0.0000	0.0000	0.0000	0.0000	0.0000	0.0000	0.0000	0.0000	0.0000	0.0000	0.0000	0.0109	0.0057	0.0052	0.0017	0.0017	0.0000	0.0092	0.0040	0.0052
61	79	0.0565	10	2	0	1	0	0	0	0	0	0	0	0	0	0	0	0	0	0	0	Y	N	N	N	N	N	N	N	N	N	N	N	N	N	N	N	N	N	0.0000	0.0000	0.0000	0.0000	0.0000	0.0000	0.0000	0.0000	0.0000	0.0000	0.0000	0.0000	0.0000	0.0000	0.0000	0.0000	0.0000	0.0000	0.0000	0.0000	0.0000	0.0001	0.0000	0.0010	0.0000	0.0000	0.0000		inf	0.0000	0.0000	0.0000	1.0047	1.0227	3.0004	0.0000	0.0000	0.0000	0.0000	0.0000	0.0000	0.0000	0.0000	0.0000	0.0000	0.0000	0.0000	0.0000	0.0000	0.0000	0.0000	0.0000	0.0000	0.0000	0.0000	0.0000	0.0000	0.0000	0.0000	0.0000	0.0000	0.0000	0.0093	0.0051	0.0042	0.0014	0.0012	0.0001	0.0079	0.0039	0.0040
61	80	0.0457	9	2	0	1	0	0	0	0	0	0	0	0	0	0	0	0	0	0	0	Y	N	N	N	N	N	N	N	N	N	N	N	N	N	N	N	N	N	0.0000	0.0000	0.0000	0.0000	0.0000	0.0000	0.0000	0.0000	0.0000	0.0000	0.0000	0.0000	0.0000	0.0000	0.0000	0.0000	0.0000	0.0000	0.0026	0.0044	0.0002	0.0070	0.0090	0.0007	0.0000	0.0000	0.0000		0.0314	0.0000	-0.0000	0.0000	1.0096	1.0227	2.0672	0.0000	0.0000	0.0000	0.0000	0.0000	0.0000	0.0000	0.0000	0.0000	0.0000	0.0000	0.0000	0.0000	0.0000	0.0000	0.0000	0.0000	0.0000	0.0000	0.0000	0.0000	0.0000	0.0000	0.0000	0.0000	0.0000	0.0000	0.0118	0.0068	0.0050	0.0044	0.0033	0.0011	0.0074	0.0035	0.0040
61	81	0.0387	8	2	0	1	0	1	0	1	0	0	0	0	0	0	0	0	0	0	0	Y	N	N	N	N	N	N	N	N	N	N	N	N	N	N	N	N	N	0.0000	0.0000	0.0000	0.0000	0.0000	0.0000	0.0000	0.0000	0.0000	0.0000	0.0000	0.0000	0.0000	0.0000	0.0000	0.0000	0.0000	0.0000	0.0050	0.0063	0.0035	0.0012	0.0013	0.0000	0.0056	0.0078	0.0036		0.4777	0.0000	-0.0000	0.0000	0.9933	1.0227	1.5154	0.0000	0.0000	0.0000	0.0000	0.0000	0.0000	0.0000	0.0000	0.0000	0.0000	0.0000	0.0000	0.0000	0.0000	0.0000	0.0000	0.0000	0.0000	0.0000	0.0000	0.0000	0.0000	0.0000	0.0000	0.0000	0.0000	0.0000	0.0061	0.0033	0.0028	0.0008	0.0007	0.0001	0.0053	0.0025	0.0027
61	82	0.0615	12	2	0	1	0	0	0	1	0	0	0	0	0	0	0	0	0	0	0	Y	N	N	N	N	N	N	N	N	N	N	N	N	N	N	N	N	N	0.0000	0.0000	0.0000	0.0000	0.0000	0.0000	0.0000	0.0000	0.0000	0.0000	0.0000	0.0000	0.0000	0.0000	0.0000	0.0000	0.0000	0.0000	0.0000	0.0001	0.0000	0.0002	0.0002	0.0000	0.0000	0.0000	0.0000		0.0000	0.0000	-0.0000	0.0000	4.0000	1.0227	3.0004	0.0000	0.0000	0.0000	0.0000	0.0000	0.0000	0.0000	0.0000	0.0000	0.0000	0.0000	0.0000	0.0000	0.0000	0.0000	0.0000	0.0000	0.0000	0.0000	0.0000	0.0000	0.0000	0.0000	0.0000	0.0000	0.0000	0.0000	0.0161	0.0089	0.0072	0.0025	0.0023	0.0002	0.0136	0.0066	0.0070
61	84	0.0220	5	2	0	1	0	1	0	1	0	0	0	0	0	0	0	0	0	0	0	Y	N	N	N	N	N	N	N	N	N	N	N	N	N	N	N	N	N	24695.2842	0.0000	inf	0.0000	0.0000	0.0000	inf	0.0000	inf	13.0472	0.0000	228.9738	0.0000	0.0000	0.0000	19.6778	0.0000	229.2144	0.0005	0.0010	0.0000	0.0057	0.0061	0.0000	0.0000	0.0000	0.0000	inf	0.0000	0.0000	-0.0000	0.0000	2.0009	1.0227	6.0608	0.0000	0.0000	0.0000	0.0000	0.0000	0.0000	0.0000	0.0000	0.0000	0.0000	0.0000	0.0000	0.0000	0.0000	0.0000	0.0000	0.0000	0.0000	0.0000	0.0000	0.0000	0.0000	0.0000	0.0000	0.0000	0.0000	0.0000	0.0189	0.0099	0.0090	0.0018	0.0016	0.0001	0.0171	0.0083	0.0088
61	85	0.0699	14	2	0	1	0	0	0	0	0	0	0	0	0	0	0	0	0	0	0	Y	N	N	N	N	N	N	N	N	N	N	N	N	N	N	N	N	N	0.0021	0.0000	119.5526	0.0000	0.0000	0.0000	0.0021	0.0000	739.3576	0.0052	0.0000	0.0383	0.0000	0.0000	0.0000	0.0064	0.0000	0.0384	2.5086	4.3653	0.0003	0.0062	0.0062	0.0061	3.0939	6.2086	0.0001	inf	0.0001	0.0000	-0.0114	0.0000	2.0003	1.0227	2.0390	0.0000	0.0000	0.0000	0.0000	0.0000	0.0000	0.0000	0.0000	0.0000	0.0242	0.0242	0.0000	0.0000	0.0000	0.0000	0.0241	0.0241	0.0000	0.0000	0.0000	0.0000	0.0000	0.0000	0.0000	0.0000	0.0000	0.0000	0.0096	0.0055	0.0041	0.0018	0.0016	0.0002	0.0078	0.0039	0.0039
61	86	0.0626	13	2	0	1	0	1	0	1	0	0	0	0	0	0	0	0	0	0	0	Y	N	N	N	N	N	N	N	N	N	N	N	N	N	N	N	N	N	1.9405	0.5048	2454.4974	18.1585	17.7149	0.0000	1.3374	0.0000	13050.6012	0.0218	0.0102	0.0889	0.0367	0.0368	0.0000	0.0172	0.0000	0.0892	0.0113	0.0203	0.0000	0.0020	0.0021	0.0013	0.0129	0.0263	0.0000	1.5002	0.0014	0.0000	-0.0000	0.0000	1.0005	1.0227	0.9990	0.0000	0.0000	0.0000	0.0000	0.0000	0.0000	0.0000	0.0000	0.0000	0.0001	0.0001	0.0000	0.0000	0.0000	0.0000	0.0001	0.0001	0.0000	0.0000	0.0000	0.0000	0.0000	0.0000	0.0000	0.0000	0.0000	0.0000	0.0047	0.0026	0.0021	0.0007	0.0006	0.0000	0.0040	0.0019	0.0020
61	89	0.0944	10	2	0	1	0	0	0	0	0	0	0	0	0	0	0	0	0	0	0	Y	N	N	N	N	N	N	N	N	N	N	N	N	N	N	N	N	N	39.8865	0.0000	725.8385	0.0000	0.0000	0.0000	1367.4660	0.0000	715.6612	0.2486	0.0000	0.4994	0.0000	0.0000	0.0000	0.4957	0.0000	0.4994	0.0062	0.0107	0.0007	0.0382	0.0398	0.0000	0.0004	0.0000	0.0007	inf	0.0516	0.0000	-0.0000	0.0000	0.0001	1.0227	3.9037	0.0000	0.0000	0.0000	0.0000	0.0000	0.0000	0.0000	0.0000	0.0000	0.0001	0.0001	0.0000	0.0001	0.0001	0.0000	0.0000	0.0000	0.0000	0.0000	0.0000	0.0000	0.0000	0.0000	0.0000	0.0000	0.0000	0.0000	0.0104	0.0058	0.0046	0.0016	0.0016	0.0001	0.0088	0.0042	0.0046
61	90	0.0678	9	2	0	1	0	0	0	0	0	0	0	0	0	0	0	0	0	0	0	Y	N	N	N	N	N	N	N	N	N	N	N	N	N	N	N	N	N	84.3083	0.0000	4901.7850	0.0000	0.0000	0.0000	1039.9688	0.0000	4715.5243	24.5844	0.0000	336.9956	0.0000	0.0000	0.0000	37.7837	0.0000	338.4504	0.2916	0.4634	0.0687	1.5254	1.7083	0.0001	0.0363	0.0004	0.0718	inf	0.1144	0.0000	-0.0026	0.0000	1.0001	1.0227	8.1987	0.0000	0.0000	0.0000	0.0000	0.0000	0.0000	0.0000	0.0000	0.0000	0.0070	0.0063	0.0007	0.0063	0.0063	0.0000	0.0007	0.0000	0.0007	0.0000	0.0000	0.0000	0.0000	0.0000	0.0000	0.0000	0.0000	0.0000	0.0239	0.0135	0.0104	0.0041	0.0037	0.0004	0.0198	0.0099	0.0100
61	91	0.0759	14	2	0	1	0	0	0	0	0	0	0	0	0	0	0	0	0	0	0	Y	N	N	N	N	N	N	N	N	N	N	N	N	N	N	N	N	N	0.0000	0.0000	0.0000	0.0000	0.0000	0.0000	0.0000	0.0000	0.0000	0.0000	0.0000	0.0000	0.0000	0.0000	0.0000	0.0000	0.0000	0.0000	0.0161	0.0286	0.0000	0.0003	0.0003	0.0003	0.0208	0.0440	0.0000		0.0006	0.0000	-0.0002	0.0000	1.0071	1.0227	9.1029	0.0000	0.0000	0.0000	0.0000	0.0000	0.0000	0.0000	0.0000	0.0000	0.0004	0.0004	0.0000	0.0000	0.0000	0.0000	0.0004	0.0004	0.0000	0.0000	0.0000	0.0000	0.0000	0.0000	0.0000	0.0000	0.0000	0.0000	0.0244	0.0137	0.0107	0.0057	0.0049	0.0008	0.0187	0.0089	0.0099
61	92	0.0615	13	2	0	1	0	0	0	1	0	0	0	0	0	0	0	0	0	0	0	Y	N	N	N	N	N	N	N	N	N	N	N	N	N	N	N	N	N	0.0000	0.0000	0.0000	0.0000	0.0000	0.0000	0.0000	0.0000	0.0000	0.0000	0.0000	0.0000	0.0000	0.0000	0.0000	0.0000	0.0000	0.0000	2.0311	3.6669	0.0000	0.0055	0.0059	0.0000	2.4093	4.9794	0.0000		0.0000	0.0000	-0.0113	0.0000	0.9988	1.0227	4.0321	0.0000	0.0000	0.0000	0.0000	0.0000	0.0000	0.0000	0.0000	0.0000	0.0238	0.0238	0.0000	0.0000	0.0000	0.0000	0.0238	0.0238	0.0000	0.0000	0.0000	0.0000	0.0000	0.0000	0.0000	0.0000	0.0000	0.0000	0.0117	0.0065	0.0052	0.0018	0.0017	0.0001	0.0099	0.0048	0.0051
61	93	0.0615	12	2	0	0	0	0	0	0	0	0	0	0	0	0	0	0	0	0	0	Y	N	N	N	N	N	N	N	N	N	N	N	N	N	N	N	N	N	0.0000	0.0000	0.0000	0.0000	0.0000	0.0000	0.0000	0.0000	0.0000	0.0000	0.0000	0.0000	0.0000	0.0000	0.0000	0.0000	0.0000	0.0000	0.0021	0.0038	0.0000	0.0029	0.0030	0.0000	0.0017	0.0051	0.0000		0.0000	0.0000	-0.0000	0.0000	0.0001	1.0227	0.0783	0.0000	0.0000	0.0000	0.0000	0.0000	0.0000	0.0000	0.0000	0.0000	0.0000	0.0000	0.0000	0.0000	0.0000	0.0000	0.0000	0.0000	0.0000	0.0000	0.0000	0.0000	0.0000	0.0000	0.0000	0.0000	0.0000	0.0000	0.0005	0.0003	0.0002	0.0002	0.0002	0.0000	0.0003	0.0001	0.0002
61	94	0.0529	11	2	0	0	0	1	0	0	0	0	0	0	0	0	0	0	0	0	0	Y	N	N	N	N	N	N	N	N	N	N	N	N	N	N	N	N	N	3526.9412	3853.1762	0.0000	inf	inf	0.0000	0.0000	0.0000	0.0000	0.2468	0.4880	0.0000	0.4955	0.4880	0.0000	0.0000	0.0000	0.0000	0.0001	0.0001	0.0000	0.0000	0.0000	0.0000	0.0001	0.0002	0.0000	0.0000	0.0000	-0.0000	-0.0000	0.0000	0.0004	1.0227	2.9660	0.0000	0.0000	0.0000	0.0000	0.0000	0.0000	0.0000	0.0000	0.0000	0.0000	0.0000	0.0000	0.0000	0.0000	0.0000	0.0000	0.0000	0.0000	0.0000	0.0000	0.0000	0.0000	0.0000	0.0000	0.0000	0.0000	0.0000	0.0069	0.0038	0.0031	0.0010	0.0009	0.0001	0.0059	0.0029	0.0030
61	104	0.0551	7	2	0	1	0	1	0	1	0	0	0	0	0	0	0	0	0	0	0	Y	N	N	N	N	N	N	N	N	N	N	N	N	N	N	N	N	N	0.0000	0.0000	0.0000	0.0000	0.0000	0.0000	0.0000	0.0000	0.0000	0.0000	0.0000	0.0000	0.0000	0.0000	0.0000	0.0000	0.0000	0.0000	0.0000	0.0000	0.0000	0.0000	0.0000	0.0000	0.0000	0.0000	0.0000			0.0000	0.0000	0.0000	1.0000	1.0227	1.0715	0.0000	0.0000	0.0000	0.0000	0.0000	0.0000	0.0000	0.0000	0.0000	0.0000	0.0000	0.0000	0.0000	0.0000	0.0000	0.0000	0.0000	0.0000	0.0000	0.0000	0.0000	0.0000	0.0000	0.0000	0.0000	0.0000	0.0000	0.0055	0.0032	0.0023	0.0009	0.0009	0.0001	0.0045	0.0023	0.0022
61	113	0.0321	6	2	0	1	0	0	0	0	0	0	0	1	0	0	0	0	0	0	0	Y	N	N	N	N	N	N	N	N	N	N	N	N	N	N	N	N	N	0.0000	0.0000	0.0000	0.0000	0.0000	0.0000	0.0000	0.0000	0.0000	0.0000	0.0000	0.0000	0.0000	0.0000	0.0000	0.0000	0.0000	0.0000	0.0000	0.0000	0.0000	0.0000	0.0000	0.0000	0.0000	0.0000	0.0000			0.0000	0.0000	0.0000	0.0000	1.0227	1.0000	0.0000	0.0000	0.0000	0.0000	0.0000	0.0000	0.0000	0.0000	0.0000	0.0000	0.0000	0.0000	0.0000	0.0000	0.0000	0.0000	0.0000	0.0000	0.0000	0.0000	0.0000	0.0000	0.0000	0.0000	0.0000	0.0000	0.0000	0.0025	0.0014	0.0010	0.0004	0.0003	0.0000	0.0021	0.0011	0.0010
61	114	0.0263	5	2	0	1	0	1	0	1	0	1	0	1	0	0	0	0	0	0	0	Y	N	N	N	N	N	N	N	N	N	N	N	N	N	N	N	N	N	0.0000	0.0000	0.0000	0.0000	0.0000	0.0000	0.0000	0.0000	0.0000	0.0000	0.0000	0.0000	0.0000	0.0000	0.0000	0.0000	0.0000	0.0000	0.0000	0.0000	0.0000	0.0000	0.0000	0.0000	0.0000	0.0000	0.0000			0.0000	0.0000	0.0000	0.0000	1.0227	1.0009	0.0000	0.0000	0.0000	0.0000	0.0000	0.0000	0.0000	0.0000	0.0000	0.0000	0.0000	0.0000	0.0000	0.0000	0.0000	0.0000	0.0000	0.0000	0.0000	0.0000	0.0000	0.0000	0.0000	0.0000	0.0000	0.0000	0.0000	0.0064	0.0050	0.0014	0.0023	0.0022	0.0000	0.0041	0.0028	0.0013
61	115	0.0678	9	2	0	1	0	0	0	0	0	0	0	0	0	0	0	0	0	0	0	Y	N	N	N	N	N	N	N	N	N	N	N	N	N	N	N	N	N	3.2121	58.7010	0.0000	26.1855	44.5147	0.0000	0.0000	0.0000	0.0000	0.0118	0.0127	0.0000	0.0338	0.0338	0.0000	0.0000	0.0000	0.0000	0.0037	0.0002	0.0083	0.0013	0.0008	0.0056	0.0042	0.0000	0.0084	0.0000	28.7474	-0.0000	0.0000	0.0000	0.9998	1.0227	6.9031	0.0000	0.0000	0.0000	0.0000	0.0000	0.0000	0.0000	0.0000	0.0000	0.0001	0.0000	0.0001	0.0000	0.0000	0.0000	0.0001	0.0000	0.0001	0.0000	0.0000	0.0000	0.0000	0.0000	0.0000	0.0000	0.0000	0.0000	0.0212	0.0121	0.0091	0.0039	0.0034	0.0004	0.0173	0.0086	0.0087
61	116	0.0551	8	2	0	1	0	1	0	1	0	0	0	0	0	0	0	0	0	0	0	Y	N	N	N	N	N	N	N	N	N	N	N	N	N	N	N	N	N	1361.3500	0.0000	343185.8973	0.0000	0.0000	0.0000	52223.8536	0.0000	333952.0414	10.0884	0.0000	194.1806	0.0000	0.0000	0.0000	15.3353	0.0000	195.4156	0.0074	0.0128	0.0006	0.0472	0.0522	0.0000	0.0003	0.0000	0.0006	inf	0.0348	0.0000	-0.0000	0.0000	0.0012	1.0227	4.2539	0.0000	0.0000	0.0000	0.0000	0.0000	0.0000	0.0000	0.0000	0.0000	0.0001	0.0001	0.0000	0.0001	0.0001	0.0000	0.0000	0.0000	0.0000	0.0000	0.0000	0.0000	0.0000	0.0000	0.0000	0.0000	0.0000	0.0000	0.0105	0.0059	0.0046	0.0016	0.0014	0.0002	0.0089	0.0044	0.0045
61	119	0.0370	8	2	0	1	0	1	0	0	0	0	0	1	0	0	0	0	0	0	0	Y	N	N	N	N	N	N	N	N	N	N	N	N	N	N	N	N	N	0.0000	0.0000	0.0000	0.0000	0.0000	0.0000	0.0000	0.0000	0.0000	0.0000	0.0000	0.0000	0.0000	0.0000	0.0000	0.0000	0.0000	0.0000	0.0000	0.0000	0.0000	0.0000	0.0000	0.0000	0.0000	0.0000	0.0000			0.0000	0.0000	0.0000	0.0000	1.0227	0.0000	0.0000	0.0000	0.0000	0.0000	0.0000	0.0000	0.0000	0.0000	0.0000	0.0000	0.0000	0.0000	0.0000	0.0000	0.0000	0.0000	0.0000	0.0000	0.0000	0.0000	0.0000	0.0000	0.0000	0.0000	0.0000	0.0000	0.0000	0.0000	0.0000	0.0000	0.0000	0.0000	0.0000	0.0000	0.0000	0.0000
62	63	0.0613	15	2	0	0	0	0	0	0	0	0	1	0	1	0	0	0	0	0	0	Y	N	N	N	N	N	N	N	N	N	N	N	N	N	N	N	N	N	0.0000	0.0000	0.0000	0.0000	0.0000	0.0000	0.0000	0.0000	0.0000	0.0000	0.0000	0.0000	0.0000	0.0000	0.0000	0.0000	0.0000	0.0000	0.0000	0.0000	0.0000	0.0000	0.0000	0.0000	0.0000	0.0000	0.0000			0.0000	0.0000	0.4815	0.0023	1.4942	3.0060	0.0000	0.0000	0.0000	0.0000	0.0000	0.0000	0.0000	0.0000	0.0000	0.0000	0.0000	0.0000	0.0000	0.0000	0.0000	0.0000	0.0000	0.0000	0.0000	0.0000	0.0000	0.0000	0.0000	0.0000	0.0000	0.0000	0.0000	0.0140	0.0070	0.0070	0.0021	0.0020	0.0001	0.0119	0.0050	0.0069
62	64	0.0584	14	2	0	0	0	1	0	0	0	0	0	0	0	0	0	0	0	0	0	Y	N	N	N	N	N	N	N	N	N	N	N	N	N	N	N	N	N	0.0000	0.0000	0.0000	0.0000	0.0000	0.0000	0.0000	0.0000	0.0000	0.0000	0.0000	0.0000	0.0000	0.0000	0.0000	0.0000	0.0000	0.0000	0.0002	0.0003	0.0001	0.0006	0.0006	0.0008	0.0001	0.0002	0.0001		0.2038	0.0000	-0.0000	0.4815	0.9990	1.4942	0.0212	0.0000	0.0000	0.0000	0.0000	0.0000	0.0000	0.0000	0.0000	0.0000	0.0000	0.0000	0.0000	0.0000	0.0000	0.0000	0.0000	0.0000	0.0000	0.0073	0.0063	0.0010	0.0007	0.0007	0.0000	0.0065	0.0055	0.0010	0.0048	0.0024	0.0024	0.0007	0.0007	0.0000	0.0041	0.0017	0.0024
62	68	0.0273	2	2	0	1	0	0	0	1	0	0	0	1	0	0	0	0	0	0	0	Y	N	N	N	N	N	N	N	N	N	N	N	N	N	N	N	N	N	0.0000	0.0000	0.0000	0.0000	0.0000	0.0000	0.0000	0.0000	0.0000	0.0000	0.0000	0.0000	0.0000	0.0000	0.0000	0.0000	0.0000	0.0000	0.2046	0.4008	0.0000	2.0131	2.0741	0.0009	0.0000	0.0000	0.0000		0.0001	0.0000	-0.0005	0.4815	0.0002	1.4942	1.2554	0.0000	0.0000	0.0000	0.0000	0.0000	0.0000	0.0000	0.0000	0.0000	0.0012	0.0012	0.0000	0.0012	0.0012	0.0000	0.0000	0.0000	0.0000	0.0000	0.0000	0.0000	0.0000	0.0000	0.0000	0.0000	0.0000	0.0000	0.0057	0.0029	0.0028	0.0006	0.0006	0.0000	0.0051	0.0023	0.0028
62	69	0.0304	4	2	0	0	0	0	0	0	0	0	0	0	0	0	0	0	0	0	0	Y	N	N	N	N	N	N	N	N	N	N	N	N	N	N	N	N	N	0.0000	0.0000	0.0000	0.0000	0.0000	0.0000	0.0000	0.0000	0.0000	0.0000	0.0000	0.0000	0.0000	0.0000	0.0000	0.0000	0.0000	0.0000	0.0008	0.0016	0.0001	0.0048	0.0054	0.0010	0.0000	0.0000	0.0000		0.0356	0.0000	-0.0000	0.4815	1.0007	1.4942	1.2584	0.0000	0.0000	0.0000	0.0000	0.0000	0.0000	0.0000	0.0000	0.0000	0.0000	0.0000	0.0000	0.0000	0.0000	0.0000	0.0000	0.0000	0.0000	0.0125	0.0116	0.0009	0.0033	0.0032	0.0000	0.0092	0.0083	0.0009	0.0124	0.0062	0.0062	0.0021	0.0018	0.0003	0.0103	0.0044	0.0059
62	70	0.0163	3	2	0	0	0	1	0	0	0	0	0	0	0	0	0	0	0	0	0	Y	N	N	N	N	N	N	N	N	N	N	N	N	N	N	N	N	N	18.1693	9.9144	0.0502	7.3641	7.3641	0.0000	0.0062	0.0000	0.0513	0.0019	0.0021	0.0000	0.0076	0.0076	0.0000	0.0000	0.0000	0.0000	0.0001	0.0002	0.0000	0.0010	0.0010	0.0005	0.0000	0.0000	0.0000	0.0000	0.0568	-0.0000	-0.0000	0.4815	3.0007	1.4942	1.9606	0.0001	0.0001	0.0000	0.0001	0.0001	0.0000	0.0000	0.0000	0.0000	0.0000	0.0000	0.0000	0.0000	0.0000	0.0000	0.0000	0.0000	0.0000	0.0371	0.0343	0.0028	0.0096	0.0096	0.0000	0.0275	0.0247	0.0028	0.0238	0.0114	0.0125	0.0023	0.0023	0.0000	0.0215	0.0091	0.0125
62	73	0.0273	3	2	0	1	0	0	0	1	0	0	0	1	1	0	0	0	0	0	0	Y	N	N	N	N	N	N	N	N	N	N	N	N	N	N	N	N	N	0.0000	0.0000	0.0000	0.0000	0.0000	0.0000	0.0000	0.0000	0.0000	0.0000	0.0000	0.0000	0.0000	0.0000	0.0000	0.0000	0.0000	0.0000	0.0000	0.0000	0.0000	0.0000	0.0000	0.0000	0.0000	0.0000	0.0000			0.0000	0.0000	0.4815	0.0000	1.4942	0.0000	0.0000	0.0000	0.0000	0.0000	0.0000	0.0000	0.0000	0.0000	0.0000	0.0000	0.0000	0.0000	0.0000	0.0000	0.0000	0.0000	0.0000	0.0000	0.0000	0.0000	0.0000	0.0000	0.0000	0.0000	0.0000	0.0000	0.0000	0.0000	0.0000	0.0000	0.0000	0.0000	0.0000	0.0000	0.0000	0.0000
62	74	0.0278	5	2	0	1	0	1	0	1	0	0	0	0	0	0	0	0	0	0	0	Y	N	N	N	N	N	N	N	N	N	N	N	N	N	N	N	N	N	0.0000	0.0000	0.0000	0.0000	0.0000	0.0000	0.0000	0.0000	0.0000	0.0000	0.0000	0.0000	0.0000	0.0000	0.0000	0.0000	0.0000	0.0000	0.0009	0.0017	0.0000	0.0064	0.0065	0.0004	0.0000	0.0000	0.0000		0.0026	0.0000	-0.0000	0.4815	2.9595	1.4942	5.1315	0.0000	0.0000	0.0000	0.0000	0.0000	0.0000	0.0000	0.0000	0.0000	0.0000	0.0000	0.0000	0.0000	0.0000	0.0000	0.0000	0.0000	0.0000	0.0384	0.0356	0.0028	0.0106	0.0106	0.0000	0.0278	0.0251	0.0027	0.0392	0.0192	0.0199	0.0052	0.0051	0.0001	0.0339	0.0141	0.0198
62	75	0.0273	3	2	0	0	0	0	0	0	0	0	0	1	1	0	0	0	0	0	0	Y	N	N	N	N	N	N	N	N	N	N	N	N	N	N	N	N	N	0.0000	0.0000	0.0000	0.0000	0.0000	0.0000	0.0000	0.0000	0.0000	0.0000	0.0000	0.0000	0.0000	0.0000	0.0000	0.0000	0.0000	0.0000	0.0000	0.0000	0.0000	0.0000	0.0000	0.0000	0.0000	0.0000	0.0000			0.0000	0.0000	0.4815	0.0000	1.4942	1.0000	0.0000	0.0000	0.0000	0.0000	0.0000	0.0000	0.0000	0.0000	0.0000	0.0000	0.0000	0.0000	0.0000	0.0000	0.0000	0.0000	0.0000	0.0000	0.0000	0.0000	0.0000	0.0000	0.0000	0.0000	0.0000	0.0000	0.0000	0.0040	0.0023	0.0017	0.0003	0.0003	0.0000	0.0037	0.0021	0.0017
62	76	0.0273	2	2	0	0	0	0	0	0	0	0	1	1	1	0	0	0	0	0	0	Y	N	N	N	N	N	N	N	N	N	N	N	N	N	N	N	N	N	0.0000	0.0000	0.0000	0.0000	0.0000	0.0000	0.0000	0.0000	0.0000	0.0000	0.0000	0.0000	0.0000	0.0000	0.0000	0.0000	0.0000	0.0000	0.0000	0.0000	0.0000	0.0000	0.0000	0.0000	0.0000	0.0000	0.0000			0.0000	0.0000	0.4815	0.0000	1.4942	0.0000	0.0000	0.0000	0.0000	0.0000	0.0000	0.0000	0.0000	0.0000	0.0000	0.0000	0.0000	0.0000	0.0000	0.0000	0.0000	0.0000	0.0000	0.0000	0.0000	0.0000	0.0000	0.0000	0.0000	0.0000	0.0000	0.0000	0.0000	0.0007	0.0004	0.0003	0.0003	0.0003	0.0000	0.0003	0.0000	0.0003
62	79	0.0534	9	2	0	1	0	0	0	0	0	0	0	0	0	0	0	0	0	0	0	Y	N	N	N	N	N	N	N	N	N	N	N	N	N	N	N	N	N	0.0000	0.0000	0.0000	0.0000	0.0000	0.0000	0.0000	0.0000	0.0000	0.0000	0.0000	0.0000	0.0000	0.0000	0.0000	0.0000	0.0000	0.0000	0.0000	0.0000	0.0000	0.0001	0.0000	0.0005	0.0000	0.0000	0.0000		2.9227	0.0000	0.0000	0.4815	1.0047	1.4942	3.0004	0.0000	0.0000	0.0000	0.0000	0.0000	0.0000	0.0000	0.0000	0.0000	0.0000	0.0000	0.0000	0.0000	0.0000	0.0000	0.0000	0.0000	0.0000	0.0135	0.0126	0.0009	0.0039	0.0039	0.0000	0.0096	0.0087	0.0009	0.0189	0.0093	0.0096	0.0029	0.0027	0.0002	0.0160	0.0066	0.0095
62	80	0.0427	8	2	0	1	0	0	0	0	0	0	0	0	0	0	0	0	0	0	0	Y	N	N	N	N	N	N	N	N	N	N	N	N	N	N	N	N	N	0.0000	0.0000	0.0000	0.0000	0.0000	0.0000	0.0000	0.0000	0.0000	0.0000	0.0000	0.0000	0.0000	0.0000	0.0000	0.0000	0.0000	0.0000	0.0003	0.0005	0.0001	0.0008	0.0010	0.0003	0.0000	0.0000	0.0000		0.1250	0.0000	-0.0000	0.4815	1.0096	1.4942	2.0672	0.0000	0.0000	0.0000	0.0000	0.0000	0.0000	0.0000	0.0000	0.0000	0.0000	0.0000	0.0000	0.0000	0.0000	0.0000	0.0000	0.0000	0.0000	0.0126	0.0116	0.0009	0.0034	0.0034	0.0000	0.0092	0.0083	0.0009	0.0236	0.0128	0.0108	0.0087	0.0066	0.0020	0.0149	0.0061	0.0088
62	81	0.0356	7	2	0	1	0	1	0	1	0	0	0	0	0	0	0	0	0	0	0	Y	N	N	N	N	N	N	N	N	N	N	N	N	N	N	N	N	N	0.0000	0.0000	0.0000	0.0000	0.0000	0.0000	0.0000	0.0000	0.0000	0.0000	0.0000	0.0000	0.0000	0.0000	0.0000	0.0000	0.0000	0.0000	0.0017	0.0025	0.0009	0.0039	0.0041	0.0001	0.0014	0.0019	0.0010		0.3946	0.0000	-0.0000	0.4815	0.9933	1.4942	1.5154	0.0000	0.0000	0.0000	0.0000	0.0000	0.0000	0.0000	0.0000	0.0000	0.0000	0.0000	0.0000	0.0000	0.0000	0.0000	0.0000	0.0000	0.0000	0.0123	0.0114	0.0009	0.0032	0.0032	0.0000	0.0091	0.0082	0.0009	0.0123	0.0060	0.0063	0.0017	0.0016	0.0001	0.0106	0.0044	0.0062
62	82	0.0585	11	2	0	1	0	0	0	1	0	0	0	0	0	0	0	0	0	0	0	Y	N	N	N	N	N	N	N	N	N	N	N	N	N	N	N	N	N	0.0000	0.0000	0.0000	0.0000	0.0000	0.0000	0.0000	0.0000	0.0000	0.0000	0.0000	0.0000	0.0000	0.0000	0.0000	0.0000	0.0000	0.0000	0.0027	0.0055	0.0000	0.0172	0.0180	0.0000	0.0000	0.0000	0.0000		0.0002	0.0000	-0.0000	0.4815	4.0000	1.4942	3.0004	0.0000	0.0000	0.0000	0.0000	0.0000	0.0000	0.0000	0.0000	0.0000	0.0001	0.0001	0.0000	0.0001	0.0001	0.0000	0.0000	0.0000	0.0000	0.0486	0.0450	0.0036	0.0127	0.0127	0.0000	0.0359	0.0324	0.0035	0.0326	0.0164	0.0162	0.0052	0.0050	0.0002	0.0274	0.0114	0.0160
62	84	0.0189	4	2	0	1	0	1	0	1	0	0	0	0	0	0	0	0	0	0	0	Y	N	N	N	N	N	N	N	N	N	N	N	N	N	N	N	N	N	415.6313	0.0047	489875.5061	0.3515	0.0034	inf	87744.7941	0.0000	489022.2954	19.2791	0.0005	249.2680	0.1608	0.0016	127.6279	25.9629	0.0000	249.7784	0.0464	0.0966	0.0005	0.4576	0.4668	0.0000	0.0003	0.0000	0.0005	46327.9096	0.0058	0.2116	-0.0008	0.4815	2.0009	1.4942	6.0608	0.4813	0.0000	0.4813	0.0010	0.0000	0.0010	0.4803	0.0000	0.4803	0.0018	0.0018	0.0000	0.0018	0.0018	0.0000	0.0000	0.0000	0.0000	0.0250	0.0230	0.0019	0.0065	0.0065	0.0000	0.0185	0.0166	0.0019	0.0383	0.0183	0.0200	0.0039	0.0038	0.0001	0.0345	0.0145	0.0200
62	85	0.0668	13	2	0	1	0	0	0	0	0	0	0	0	0	0	0	0	0	0	0	Y	N	N	N	N	N	N	N	N	N	N	N	N	N	N	N	N	N	0.0001	0.0000	566.2570	0.0018	0.0000	7.0567	0.0001	0.0000	2402.8145	0.0062	0.0000	0.0458	0.0001	0.0000	0.0243	0.0071	0.0000	0.0458	49.6328	96.3834	0.0001	0.0579	0.0605	0.0035	61.0810	147.6528	0.0000	46327.9096	0.0000	0.0000	-0.4596	0.4815	2.0003	1.4942	2.0390	0.0001	0.0000	0.0001	0.0000	0.0000	0.0000	0.0001	0.0000	0.0001	0.9698	0.9698	0.0000	0.0002	0.0002	0.0000	0.9696	0.9696	0.0000	0.0154	0.0133	0.0021	0.0020	0.0019	0.0000	0.0135	0.0114	0.0021	0.0195	0.0101	0.0095	0.0037	0.0035	0.0002	0.0159	0.0066	0.0093
62	86	0.0595	12	2	0	1	0	1	0	1	0	0	0	0	0	0	0	0	0	0	0	Y	N	N	N	N	N	N	N	N	N	N	N	N	N	N	N	N	N	0.1142	0.0269	49.7372	57.2678	56.3657	85.1040	0.0724	0.0000	49.4103	0.0252	0.0118	0.1063	0.0511	0.0511	0.0469	0.0188	0.0000	0.1066	0.2210	0.4373	0.0021	0.0009	0.0009	0.0006	0.2603	0.6146	0.0022	1.5001	0.0048	0.0000	-0.0010	0.4815	1.0005	1.4942	0.9990	0.0002	0.0001	0.0001	0.0001	0.0001	0.0000	0.0001	0.0000	0.0001	0.0021	0.0021	0.0000	0.0000	0.0000	0.0000	0.0021	0.0021	0.0000	0.0095	0.0082	0.0014	0.0019	0.0019	0.0000	0.0076	0.0063	0.0014	0.0093	0.0047	0.0046	0.0014	0.0014	0.0001	0.0079	0.0033	0.0046
62	89	0.0913	9	2	0	1	0	0	0	0	0	0	0	0	0	0	0	0	0	0	0	Y	N	N	N	N	N	N	N	N	N	N	N	N	N	N	N	N	N	2.7226	0.0001	5.0036	0.0054	0.0001	238.6341	7.9089	0.0000	4.9815	0.4761	0.0000	0.9659	0.0021	0.0000	0.9990	0.9466	0.0000	0.9658	0.1749	0.1574	0.1930	0.3842	0.3882	0.0042	0.1197	0.0000	0.1939	46327.9096	1.1814	0.0000	0.0003	0.4815	0.0001	1.4942	3.9037	0.0001	0.0000	0.0001	0.0000	0.0000	0.0000	0.0001	0.0000	0.0001	0.0043	0.0020	0.0023	0.0020	0.0020	0.0000	0.0023	0.0000	0.0023	0.0001	0.0001	0.0001	0.0001	0.0001	0.0000	0.0001	0.0000	0.0001	0.0243	0.0124	0.0119	0.0051	0.0050	0.0001	0.0193	0.0074	0.0119
62	90	0.0647	8	2	0	1	0	0	0	0	0	0	0	0	0	0	0	0	0	0	0	Y	N	N	N	N	N	N	N	N	N	N	N	N	N	N	N	N	N	3.8175	0.0060	20.9572	0.7971	0.0075	20830.4883	4.2517	0.0000	20.5068	36.8268	0.0009	414.5765	0.2902	0.0029	107.7977	50.6355	0.0000	417.1216	9.6468	0.1454	19.7821	0.3640	0.3901	0.0052	11.9094	0.0113	20.3406	46184.0358	127.5578	0.2115	0.2585	0.4815	1.0001	1.4942	8.1987	0.4811	0.0000	0.4811	0.0010	0.0000	0.0010	0.4801	0.0000	0.4801	0.4989	0.0039	0.4950	0.0037	0.0037	0.0000	0.4952	0.0002	0.4950	0.0131	0.0119	0.0012	0.0036	0.0036	0.0000	0.0095	0.0083	0.0012	0.0517	0.0267	0.0250	0.0101	0.0094	0.0007	0.0416	0.0172	0.0243
62	91	0.0729	13	2	0	1	0	0	0	0	0	0	0	0	0	0	0	0	0	0	0	Y	N	N	N	N	N	N	N	N	N	N	N	N	N	N	N	N	N	0.0000	0.0000	0.0000	0.0000	0.0000	0.0000	0.0000	0.0000	0.0000	0.0000	0.0000	0.0000	0.0000	0.0000	0.0000	0.0000	0.0000	0.0000	0.3323	0.6472	0.0000	0.0105	0.0111	0.0004	0.4048	0.9721	0.0000		0.0000	0.0000	-0.0075	0.4815	1.0071	1.4942	9.1029	0.0000	0.0000	0.0000	0.0000	0.0000	0.0000	0.0000	0.0000	0.0000	0.0158	0.0158	0.0000	0.0001	0.0001	0.0000	0.0157	0.0157	0.0000	0.0125	0.0116	0.0009	0.0034	0.0033	0.0000	0.0092	0.0083	0.0009	0.0475	0.0244	0.0231	0.0087	0.0082	0.0005	0.0388	0.0161	0.0226
62	92	0.0585	12	2	0	1	0	0	0	1	0	0	0	0	0	0	0	0	0	0	0	Y	N	N	N	N	N	N	N	N	N	N	N	N	N	N	N	N	N	0.0000	0.0000	0.0000	0.0000	0.0000	0.0000	0.0000	0.0000	0.0000	0.0000	0.0000	0.0000	0.0000	0.0000	0.0000	0.0000	0.0000	0.0000	40.1921	80.0139	0.0000	0.0546	0.0570	0.0000	47.9226	115.5370	0.0000		0.0000	0.0000	-0.4532	0.4815	0.9988	1.4942	4.0321	0.0000	0.0000	0.0000	0.0000	0.0000	0.0000	0.0000	0.0000	0.0000	0.9561	0.9561	0.0000	0.0002	0.0002	0.0000	0.9559	0.9559	0.0000	0.0124	0.0115	0.0009	0.0032	0.0032	0.0000	0.0091	0.0082	0.0009	0.0238	0.0119	0.0118	0.0038	0.0037	0.0002	0.0199	0.0083	0.0117
62	93	0.0585	11	2	0	0	0	0	0	0	0	0	0	0	0	0	0	0	0	0	0	Y	N	N	N	N	N	N	N	N	N	N	N	N	N	N	N	N	N	0.0000	0.0000	0.0000	0.0000	0.0000	0.0000	0.0000	0.0000	0.0000	0.0000	0.0000	0.0000	0.0000	0.0000	0.0000	0.0000	0.0000	0.0000	0.0458	0.0822	0.0028	0.0640	0.0646	0.0037	0.0356	0.1157	0.0028		0.0293	0.0000	-0.0000	0.4815	0.0001	1.4942	0.0783	0.0000	0.0000	0.0000	0.0000	0.0000	0.0000	0.0000	0.0000	0.0000	0.0000	0.0000	0.0000	0.0000	0.0000	0.0000	0.0000	0.0000	0.0000	0.0000	0.0000	0.0000	0.0000	0.0000	0.0000	0.0000	0.0000	0.0000	0.0009	0.0005	0.0004	0.0003	0.0003	0.0000	0.0006	0.0002	0.0004
62	94	0.0499	10	2	0	0	0	1	0	0	0	0	0	0	0	0	0	0	0	0	0	Y	N	N	N	N	N	N	N	N	N	N	N	N	N	N	N	N	N	137.3804	134.6438	49.6462	68.6258	66.1558	0.0000	0.0125	0.0000	50.8234	0.4724	0.9246	0.0000	0.9497	0.9516	0.0000	0.0000	0.0000	0.0000	0.0034	0.0069	0.0000	0.0138	0.0144	0.0000	0.0016	0.0039	0.0000	0.0000	0.0001	-0.0001	-0.0000	0.4815	0.0004	1.4942	2.9660	0.0002	0.0002	0.0000	0.0002	0.0002	0.0000	0.0000	0.0000	0.0000	0.0000	0.0000	0.0000	0.0000	0.0000	0.0000	0.0000	0.0000	0.0000	0.0003	0.0002	0.0002	0.0002	0.0002	0.0000	0.0002	0.0000	0.0002	0.0140	0.0070	0.0070	0.0021	0.0020	0.0001	0.0120	0.0050	0.0069
62	104	0.0521	6	2	0	1	0	1	0	1	0	0	0	0	0	0	0	0	0	0	0	Y	N	N	N	N	N	N	N	N	N	N	N	N	N	N	N	N	N	0.0000	0.0000	0.0000	0.0000	0.0000	0.0000	0.0000	0.0000	0.0000	0.0000	0.0000	0.0000	0.0000	0.0000	0.0000	0.0000	0.0000	0.0000	0.0001	0.0001	0.0000	0.0004	0.0004	0.0000	0.0000	0.0000	0.0000		0.0313	0.0000	-0.0000	0.4815	1.0000	1.4942	1.0715	0.0000	0.0000	0.0000	0.0000	0.0000	0.0000	0.0000	0.0000	0.0000	0.0000	0.0000	0.0000	0.0000	0.0000	0.0000	0.0000	0.0000	0.0000	0.0126	0.0117	0.0009	0.0033	0.0033	0.0000	0.0092	0.0083	0.0009	0.0111	0.0059	0.0052	0.0019	0.0018	0.0001	0.0091	0.0041	0.0051
62	113	0.0290	5	2	0	1	0	0	0	0	0	0	0	1	0	0	0	0	0	0	0	Y	N	N	N	N	N	N	N	N	N	N	N	N	N	N	N	N	N	0.0000	0.0000	0.0000	0.0000	0.0000	0.0000	0.0000	0.0000	0.0000	0.0000	0.0000	0.0000	0.0000	0.0000	0.0000	0.0000	0.0000	0.0000	0.0000	0.0000	0.0000	0.0000	0.0000	0.0000	0.0000	0.0000	0.0000			0.0000	0.0000	0.4815	0.0000	1.4942	1.0000	0.0000	0.0000	0.0000	0.0000	0.0000	0.0000	0.0000	0.0000	0.0000	0.0000	0.0000	0.0000	0.0000	0.0000	0.0000	0.0000	0.0000	0.0000	0.0000	0.0000	0.0000	0.0000	0.0000	0.0000	0.0000	0.0000	0.0000	0.0039	0.0020	0.0019	0.0002	0.0002	0.0000	0.0037	0.0018	0.0019
62	114	0.0233	4	2	0	1	0	1	0	1	0	1	0	1	0	0	0	0	0	0	0	Y	N	N	N	N	N	N	N	N	N	N	N	N	N	N	N	N	N	0.0000	0.0000	0.0000	0.0000	0.0000	0.0000	0.0000	0.0000	0.0000	0.0000	0.0000	0.0000	0.0000	0.0000	0.0000	0.0000	0.0000	0.0000	0.0000	0.0000	0.0000	0.0000	0.0000	0.0000	0.0000	0.0000	0.0000			0.0000	0.0000	0.4815	0.0000	1.4942	1.0009	0.0000	0.0000	0.0000	0.0000	0.0000	0.0000	0.0000	0.0000	0.0000	0.0000	0.0000	0.0000	0.0000	0.0000	0.0000	0.0000	0.0000	0.0000	0.0000	0.0000	0.0000	0.0000	0.0000	0.0000	0.0000	0.0000	0.0000	0.0126	0.0096	0.0030	0.0045	0.0044	0.0000	0.0082	0.0052	0.0030
62	115	0.0647	8	2	0	1	0	0	0	0	0	0	0	0	0	0	0	0	0	0	0	Y	N	N	N	N	N	N	N	N	N	N	N	N	N	N	N	N	N	0.3848	0.2247	0.0022	0.2983	0.2782	0.0000	0.0005	0.0000	0.0023	0.0177	0.0194	0.0000	0.0645	0.0647	0.0000	0.0000	0.0000	0.0000	0.0460	0.0864	0.0019	0.2163	0.2325	0.0043	0.0011	0.0000	0.0019	0.0000	0.0206	-0.0001	-0.0010	0.4815	0.9998	1.4942	6.9031	0.0002	0.0002	0.0000	0.0002	0.0002	0.0000	0.0000	0.0000	0.0000	0.0021	0.0021	0.0000	0.0021	0.0021	0.0000	0.0000	0.0000	0.0000	0.0131	0.0119	0.0012	0.0036	0.0036	0.0000	0.0095	0.0083	0.0012	0.0461	0.0240	0.0221	0.0096	0.0089	0.0007	0.0365	0.0151	0.0214
62	116	0.0521	7	2	0	1	0	1	0	1	0	0	0	0	0	0	0	0	0	0	0	Y	N	N	N	N	N	N	N	N	N	N	N	N	N	N	N	N	N	153.6006	0.0834	1049.8660	6.5101	0.0877	519.3388	181.7220	0.0000	1045.3611	14.9587	0.0003	203.7618	0.1216	0.0012	44.4483	20.3320	0.0000	205.3398	0.0974	0.0042	0.1941	0.0187	0.0139	0.0856	0.1119	0.0003	0.1964	46327.9096	44.7715	0.0001	0.0010	0.4815	0.0012	1.4942	4.2539	0.0002	0.0000	0.0002	0.0000	0.0000	0.0000	0.0002	0.0000	0.0002	0.0021	0.0000	0.0020	0.0001	0.0000	0.0000	0.0020	0.0000	0.0020	0.0000	0.0000	0.0000	0.0000	0.0000	0.0000	0.0000	0.0000	0.0000	0.0212	0.0108	0.0104	0.0033	0.0031	0.0002	0.0179	0.0077	0.0102
62	119	0.0340	7	2	0	1	0	1	0	0	0	0	0	1	0	0	0	0	0	0	0	Y	N	N	N	N	N	N	N	N	N	N	N	N	N	N	N	N	N	0.0000	0.0000	0.0000	0.0000	0.0000	0.0000	0.0000	0.0000	0.0000	0.0000	0.0000	0.0000	0.0000	0.0000	0.0000	0.0000	0.0000	0.0000	0.0000	0.0000	0.0000	0.0000	0.0000	0.0000	0.0000	0.0000	0.0000			0.0000	0.0000	0.4815	0.0000	1.4942	0.0000	0.0000	0.0000	0.0000	0.0000	0.0000	0.0000	0.0000	0.0000	0.0000	0.0000	0.0000	0.0000	0.0000	0.0000	0.0000	0.0000	0.0000	0.0000	0.0000	0.0000	0.0000	0.0000	0.0000	0.0000	0.0000	0.0000	0.0000	0.0000	0.0000	0.0000	0.0000	0.0000	0.0000	0.0000	0.0000	0.0000
63	68	0.0952	16	2	0	1	0	0	0	1	0	0	1	1	1	0	0	0	0	0	0	Y	N	N	N	N	N	N	N	N	N	N	N	N	N	N	N	N	N	0.0000	0.0000	0.0000	0.0000	0.0000	0.0000	0.0000	0.0000	0.0000	0.0000	0.0000	0.0000	0.0000	0.0000	0.0000	0.0000	0.0000	0.0000	0.0171	0.0319	0.0000	0.1111	0.1199	0.0000	0.0000	0.0000	0.0000		0.0000	0.0000	-0.0001	0.0023	0.0002	3.0060	1.2554	0.0000	0.0000	0.0000	0.0000	0.0000	0.0000	0.0000	0.0000	0.0000	0.0001	0.0001	0.0000	0.0001	0.0001	0.0000	0.0000	0.0000	0.0000	0.0000	0.0000	0.0000	0.0000	0.0000	0.0000	0.0000	0.0000	0.0000	0.0082	0.0044	0.0038	0.0013	0.0012	0.0001	0.0069	0.0032	0.0037
63	69	0.0766	14	2	0	0	0	0	0	0	0	0	1	0	1	0	0	0	0	0	0	Y	N	N	N	N	N	N	N	N	N	N	N	N	N	N	N	N	N	inf	inf	0.0000	inf	inf	0.0000	0.0000	0.0000	0.0000	0.0300	0.0367	0.0000	0.1444	0.1449	0.0000	0.0000	0.0000	0.0000	0.0000	0.0000	0.0000	0.0000	0.0000	0.0000	0.0000	0.0000	0.0000	0.0000		-0.0000	0.0000	0.0023	1.0007	3.0060	1.2584	0.0000	0.0000	0.0000	0.0000	0.0000	0.0000	0.0000	0.0000	0.0000	0.0000	0.0000	0.0000	0.0000	0.0000	0.0000	0.0000	0.0000	0.0000	0.0000	0.0000	0.0000	0.0000	0.0000	0.0000	0.0000	0.0000	0.0000	0.0157	0.0081	0.0076	0.0027	0.0021	0.0006	0.0130	0.0059	0.0071
63	70	0.0625	13	2	0	0	0	1	0	0	0	0	1	0	1	0	0	0	0	0	0	Y	N	N	N	N	N	N	N	N	N	N	N	N	N	N	N	N	N	inf	inf	inf	inf	inf	0.0000	inf	0.0000	inf	0.0125	0.0013	0.0809	0.0065	0.0065	0.0000	0.0137	0.0000	0.0813	0.0000	0.0000	0.0000	0.0000	0.0000	0.0000	0.0000	0.0000	0.0000	10.5080		0.0000	0.0000	0.0023	3.0007	3.0060	1.9606	0.0000	0.0000	0.0000	0.0000	0.0000	0.0000	0.0000	0.0000	0.0000	0.0000	0.0000	0.0000	0.0000	0.0000	0.0000	0.0000	0.0000	0.0000	0.0001	0.0001	0.0000	0.0000	0.0000	0.0000	0.0001	0.0001	0.0000	0.0292	0.0144	0.0148	0.0023	0.0021	0.0002	0.0269	0.0123	0.0146
63	73	0.0952	17	2	0	1	0	0	0	1	0	0	1	1	2	0	0	0	0	0	0	Y	N	N	N	N	Y	N	N	N	N	N	N	N	N	N	N	N	N	0.0000	0.0000	0.0000	0.0000	0.0000	0.0000	0.0000	0.0000	0.0000	0.0000	0.0000	0.0000	0.0000	0.0000	0.0000	0.0000	0.0000	0.0000	0.0000	0.0000	0.0000	0.0000	0.0000	0.0000	0.0000	0.0000	0.0000			0.0000	0.0000	0.0023	0.0000	3.0060	0.0000	0.0000	0.0000	0.0000	0.0000	0.0000	0.0000	0.0000	0.0000	0.0000	0.0000	0.0000	0.0000	0.0000	0.0000	0.0000	0.0000	0.0000	0.0000	0.0000	0.0000	0.0000	0.0000	0.0000	0.0000	0.0000	0.0000	0.0000	0.0000	0.0000	0.0000	0.0000	0.0000	0.0000	0.0000	0.0000	0.0000
63	74	0.0510	11	2	0	1	0	1	0	1	0	0	1	0	1	0	0	0	0	0	0	Y	N	N	N	N	N	N	N	N	N	N	N	N	N	N	N	N	N	0.0000	0.0000	0.0000	0.0000	0.0000	0.0000	0.0000	0.0000	0.0000	0.0000	0.0000	0.0000	0.0000	0.0000	0.0000	0.0000	0.0000	0.0000	0.0000	0.0000	0.0000	0.0000	0.0000	0.0000	0.0000	0.0000	0.0000			0.0000	0.0000	0.0023	2.9595	3.0060	5.1315	0.0000	0.0000	0.0000	0.0000	0.0000	0.0000	0.0000	0.0000	0.0000	0.0000	0.0000	0.0000	0.0000	0.0000	0.0000	0.0000	0.0000	0.0000	0.0001	0.0001	0.0000	0.0000	0.0000	0.0000	0.0001	0.0001	0.0000	0.0477	0.0233	0.0244	0.0033	0.0031	0.0002	0.0444	0.0202	0.0242
63	75	0.0952	17	2	0	0	0	0	0	0	0	0	1	1	2	0	0	0	0	0	0	Y	N	N	N	N	Y	N	N	N	N	N	N	N	N	N	N	N	N	0.0000	0.0000	0.0000	0.0000	0.0000	0.0000	0.0000	0.0000	0.0000	0.0000	0.0000	0.0000	0.0000	0.0000	0.0000	0.0000	0.0000	0.0000	0.0000	0.0000	0.0000	0.0000	0.0000	0.0000	0.0000	0.0000	0.0000			0.0000	0.0000	0.0023	0.0000	3.0060	1.0000	0.0000	0.0000	0.0000	0.0000	0.0000	0.0000	0.0000	0.0000	0.0000	0.0000	0.0000	0.0000	0.0000	0.0000	0.0000	0.0000	0.0000	0.0000	0.0000	0.0000	0.0000	0.0000	0.0000	0.0000	0.0000	0.0000	0.0000	0.0059	0.0035	0.0024	0.0005	0.0004	0.0001	0.0054	0.0031	0.0023
63	76	0.0952	16	2	0	0	0	0	0	0	0	0	2	1	2	0	0	0	0	0	0	Y	N	N	N	N	Y	N	N	N	N	N	N	N	N	N	N	N	N	0.0000	0.0000	0.0000	0.0000	0.0000	0.0000	0.0000	0.0000	0.0000	0.0000	0.0000	0.0000	0.0000	0.0000	0.0000	0.0000	0.0000	0.0000	0.0000	0.0000	0.0000	0.0000	0.0000	0.0000	0.0000	0.0000	0.0000			0.0000	0.0000	0.0023	0.0000	3.0060	0.0000	0.0000	0.0000	0.0000	0.0000	0.0000	0.0000	0.0000	0.0000	0.0000	0.0000	0.0000	0.0000	0.0000	0.0000	0.0000	0.0000	0.0000	0.0000	0.0000	0.0000	0.0000	0.0000	0.0000	0.0000	0.0000	0.0000	0.0000	0.0007	0.0004	0.0003	0.0004	0.0004	0.0000	0.0004	0.0000	0.0003
63	77	0.0733	15	2	0	0	0	0	0	0	0	1	1	1	1	0	0	0	0	0	0	Y	N	N	N	N	N	N	N	N	N	N	N	N	N	N	N	N	N	0.0000	0.0000	0.0000	0.0000	0.0000	0.0000	0.0000	0.0000	0.0000	0.0000	0.0000	0.0000	0.0000	0.0000	0.0000	0.0000	0.0000	0.0000	0.0058	0.0100	0.0016	0.0000	0.0000	0.0000	0.0066	0.0129	0.0017		0.1667	0.0000	-0.0000	0.0023	0.0002	3.0060	3.7635	0.0000	0.0000	0.0000	0.0000	0.0000	0.0000	0.0000	0.0000	0.0000	0.0001	0.0001	0.0000	0.0000	0.0000	0.0000	0.0001	0.0001	0.0000	0.0000	0.0000	0.0000	0.0000	0.0000	0.0000	0.0000	0.0000	0.0000	0.0242	0.0120	0.0122	0.0029	0.0027	0.0002	0.0213	0.0093	0.0120
63	78	0.0676	14	2	0	0	0	1	0	0	0	0	1	0	1	0	0	0	0	0	0	Y	N	N	N	N	N	N	N	N	N	N	N	N	N	N	N	N	N	0.0000	0.0000	0.0000	0.0000	0.0000	0.0000	0.0000	0.0000	0.0000	0.0000	0.0000	0.0000	0.0000	0.0000	0.0000	0.0000	0.0000	0.0000	0.0000	0.0000	0.0000	0.0000	0.0000	0.0000	0.0000	0.0000	0.0000			0.0000	0.0000	0.0023	0.5196	3.0060	1.5432	0.0000	0.0000	0.0000	0.0000	0.0000	0.0000	0.0000	0.0000	0.0000	0.0000	0.0000	0.0000	0.0000	0.0000	0.0000	0.0000	0.0000	0.0000	0.0000	0.0000	0.0000	0.0000	0.0000	0.0000	0.0000	0.0000	0.0000	0.0122	0.0060	0.0062	0.0010	0.0009	0.0001	0.0112	0.0051	0.0061
63	79	0.0609	11	2	0	1	0	0	0	0	0	0	1	0	1	0	0	0	0	0	0	Y	N	N	N	N	N	N	N	N	N	N	N	N	N	N	N	N	N	1.5246	0.9252	0.0000	31624.9260	28246.3607	0.0000	0.0000	0.0000	0.0000	0.0375	0.0462	0.0000	0.1509	0.1513	0.0000	0.0000	0.0000	0.0000	0.0246	0.0500	0.0000	0.0000	0.0000	0.0000	0.0274	0.0614	0.0000	0.0000	0.0000	-0.0000	-0.0003	0.0023	1.0047	3.0060	3.0004	0.0000	0.0000	0.0000	0.0000	0.0000	0.0000	0.0000	0.0000	0.0000	0.0006	0.0006	0.0000	0.0000	0.0000	0.0000	0.0006	0.0006	0.0000	0.0001	0.0000	0.0000	0.0000	0.0000	0.0000	0.0000	0.0000	0.0000	0.0232	0.0114	0.0118	0.0024	0.0021	0.0003	0.0208	0.0093	0.0115
63	80	0.0502	10	2	0	1	0	0	0	0	0	0	1	0	1	0	0	0	0	0	0	Y	N	N	N	N	N	N	N	N	N	N	N	N	N	N	N	N	N	18.9227	13.2314	inf	720.1411	703.5373	0.0000	0.0001	0.0000	inf	13.5388	16.3612	0.0004	67.2889	67.4889	0.0000	0.0001	0.0000	0.0004	0.7155	1.2365	0.0000	0.0934	0.0959	0.0000	0.9012	1.9569	0.0000	0.0000	0.0000	-0.0004	-0.0095	0.0023	1.0096	3.0060	2.0672	0.0006	0.0006	0.0000	0.0006	0.0006	0.0000	0.0000	0.0000	0.0000	0.0199	0.0199	0.0000	0.0006	0.0006	0.0000	0.0194	0.0194	0.0000	0.0000	0.0000	0.0000	0.0000	0.0000	0.0000	0.0000	0.0000	0.0000	0.0279	0.0161	0.0117	0.0064	0.0062	0.0002	0.0215	0.0099	0.0116
63	81	0.0431	9	2	0	1	0	1	0	1	0	0	1	0	1	0	0	0	0	0	0	Y	N	N	N	N	N	N	N	N	N	N	N	N	N	N	N	N	N	0.0004	0.0002	0.0000	8.2113	7.7791	0.0000	0.0000	0.0000	0.0000	0.0259	0.0301	0.0000	0.1604	0.1608	0.0000	0.0000	0.0000	0.0000	64.6946	133.0455	0.0051	0.0195	0.0207	0.0000	69.3831	153.1592	0.0052	0.0000	0.0000	-0.0000	-0.4645	0.0023	0.9933	3.0060	1.5154	0.0000	0.0000	0.0000	0.0000	0.0000	0.0000	0.0000	0.0000	0.0000	0.9802	0.9802	0.0000	0.0000	0.0000	0.0000	0.9802	0.9801	0.0000	0.0000	0.0000	0.0000	0.0000	0.0000	0.0000	0.0000	0.0000	0.0000	0.0152	0.0074	0.0078	0.0010	0.0010	0.0001	0.0141	0.0064	0.0077
63	82	0.0375	7	2	0	1	0	0	0	1	0	0	1	0	1	0	0	0	0	0	0	Y	N	N	N	N	N	N	N	N	N	N	N	N	N	N	N	N	N	0.0000	0.0000	0.0000	0.0000	0.0000	0.0000	0.0000	0.0000	0.0000	0.0000	0.0000	0.0000	0.0000	0.0000	0.0000	0.0000	0.0000	0.0000	0.0000	0.0000	0.0000	0.0000	0.0000	0.0000	0.0000	0.0000	0.0000			0.0000	0.0000	0.0023	4.0000	3.0060	3.0004	0.0000	0.0000	0.0000	0.0000	0.0000	0.0000	0.0000	0.0000	0.0000	0.0000	0.0000	0.0000	0.0000	0.0000	0.0000	0.0000	0.0000	0.0000	0.0002	0.0001	0.0000	0.0000	0.0000	0.0000	0.0001	0.0001	0.0000	0.0419	0.0193	0.0226	0.0013	0.0012	0.0001	0.0406	0.0181	0.0225
63	84	0.0598	12	2	0	1	0	1	0	1	0	0	1	0	1	0	0	0	0	0	0	Y	N	N	N	N	N	N	N	N	N	N	N	N	N	N	N	N	N	inf	0.0000	inf	0.0000	0.0000	0.0000	inf	0.0000	inf	20.0602	0.0000	138.3024	0.0000	0.0000	0.0000	24.1719	0.0000	138.9144	0.0000	0.0000	0.0000	0.0000	0.0000	0.0000	0.0000	0.0000	0.0000	inf		0.0007	0.0000	0.0023	2.0009	3.0060	6.0608	0.0017	0.0000	0.0017	0.0000	0.0000	0.0000	0.0017	0.0000	0.0017	0.0000	0.0000	0.0000	0.0000	0.0000	0.0000	0.0000	0.0000	0.0000	0.0001	0.0001	0.0000	0.0000	0.0000	0.0000	0.0001	0.0001	0.0000	0.0469	0.0231	0.0239	0.0035	0.0032	0.0002	0.0435	0.0199	0.0236
63	85	0.0345	7	2	0	1	0	0	0	0	0	0	1	0	1	0	0	0	0	0	0	Y	N	N	N	N	N	N	N	N	N	N	N	N	N	N	N	N	N	0.0000	0.0000	0.0000	0.0000	0.0000	0.0000	0.0000	0.0000	0.0000	0.0000	0.0000	0.0000	0.0000	0.0000	0.0000	0.0000	0.0000	0.0000	39.8862	0.0000	75.6447	0.0795	0.0000	2.7055	41.5566	0.0000	75.8088		inf	0.0000	0.5232	0.0023	2.0003	3.0060	2.0390	0.0000	0.0000	0.0000	0.0000	0.0000	0.0000	0.0000	0.0000	0.0000	0.9945	0.0000	0.9945	0.0001	0.0000	0.0001	0.9945	0.0000	0.9945	0.0001	0.0001	0.0000	0.0000	0.0000	0.0000	0.0001	0.0001	0.0000	0.0249	0.0118	0.0131	0.0010	0.0010	0.0000	0.0239	0.0108	0.0131
63	86	0.0272	6	2	0	1	0	1	0	1	0	0	1	0	1	0	0	0	0	0	0	Y	N	N	N	N	N	N	N	N	N	N	N	N	N	N	N	N	N	0.0000	0.0000	0.0000	0.0000	0.0000	0.0000	0.0000	0.0000	0.0000	0.0000	0.0000	0.0000	0.0000	0.0000	0.0000	0.0000	0.0000	0.0000	0.3758	0.0108	0.6842	0.0006	0.0000	0.0988	0.3809	0.0111	0.6843		75.1667	0.0000	0.0023	0.0023	1.0005	3.0060	0.9990	0.0000	0.0000	0.0000	0.0000	0.0000	0.0000	0.0000	0.0000	0.0000	0.0046	0.0001	0.0045	0.0000	0.0000	0.0000	0.0046	0.0001	0.0045	0.0001	0.0000	0.0000	0.0000	0.0000	0.0000	0.0000	0.0000	0.0000	0.0122	0.0056	0.0066	0.0002	0.0002	0.0000	0.0120	0.0054	0.0066
63	89	0.1477	21	2	0	1	0	0	0	0	0	0	1	0	1	0	0	0	0	0	0	Y	N	N	N	N	N	N	N	N	N	N	N	N	N	N	N	N	N	0.0000	0.0000	0.0000	0.0000	0.0000	0.0000	0.0000	0.0000	0.0000	0.0000	0.0000	0.0000	0.0000	0.0000	0.0000	0.0000	0.0000	0.0000	0.2773	0.5176	0.0000	1.8849	2.0108	0.0000	0.0000	0.0000	0.0000		0.0000	0.0000	-0.0033	0.0023	0.0001	3.0060	3.9037	0.0000	0.0000	0.0000	0.0000	0.0000	0.0000	0.0000	0.0000	0.0000	0.0070	0.0070	0.0000	0.0070	0.0070	0.0000	0.0000	0.0000	0.0000	0.0000	0.0000	0.0000	0.0000	0.0000	0.0000	0.0000	0.0000	0.0000	0.0252	0.0135	0.0117	0.0037	0.0035	0.0002	0.0215	0.0100	0.0114
63	90	0.1211	20	2	0	1	0	0	0	0	0	0	1	0	1	0	0	0	0	0	0	Y	N	N	N	N	N	N	N	N	N	N	N	N	N	N	N	N	N	0.0000	0.0000	0.0000	0.0000	0.0000	0.0000	0.0000	0.0000	0.0000	0.0000	0.0000	0.0000	0.0000	0.0000	0.0000	0.0000	0.0000	0.0000	0.1158	0.0062	0.2417	0.0042	0.0052	0.0001	0.1433	0.0065	0.2650		34.2084	0.0000	0.0035	0.0023	1.0001	3.0060	8.1987	0.0000	0.0000	0.0000	0.0000	0.0000	0.0000	0.0000	0.0000	0.0000	0.0070	0.0002	0.0068	0.0000	0.0000	0.0000	0.0070	0.0001	0.0068	0.0000	0.0000	0.0000	0.0000	0.0000	0.0000	0.0000	0.0000	0.0000	0.0606	0.0324	0.0282	0.0120	0.0095	0.0025	0.0487	0.0229	0.0258
63	91	0.0519	9	2	0	1	0	0	0	0	0	0	1	0	1	0	0	0	0	0	0	Y	N	N	N	N	N	N	N	N	N	N	N	N	N	N	N	N	N	0.0000	0.0000	0.0000	0.0000	0.0000	0.0000	0.0000	0.0000	0.0000	0.0000	0.0000	0.0000	0.0000	0.0000	0.0000	0.0000	0.0000	0.0000	0.0000	0.0000	0.0000	0.0000	0.0000	0.0000	0.0000	0.0000	0.0000			0.0000	0.0000	0.0023	1.0071	3.0060	9.1029	0.0000	0.0000	0.0000	0.0000	0.0000	0.0000	0.0000	0.0000	0.0000	0.0000	0.0000	0.0000	0.0000	0.0000	0.0000	0.0000	0.0000	0.0000	0.0000	0.0000	0.0000	0.0000	0.0000	0.0000	0.0000	0.0000	0.0000	0.0621	0.0298	0.0323	0.0043	0.0039	0.0005	0.0578	0.0260	0.0318
63	92	0.0375	8	2	0	1	0	0	0	1	0	0	1	0	1	0	0	0	0	0	0	Y	N	N	N	N	N	N	N	N	N	N	N	N	N	N	N	N	N	0.0000	0.0000	0.0000	0.0000	0.0000	0.0000	0.0000	0.0000	0.0000	0.0000	0.0000	0.0000	0.0000	0.0000	0.0000	0.0000	0.0000	0.0000	0.0000	0.0000	0.0000	0.0000	0.0000	0.0000	0.0000	0.0000	0.0000			0.0000	0.0000	0.0023	0.9988	3.0060	4.0321	0.0000	0.0000	0.0000	0.0000	0.0000	0.0000	0.0000	0.0000	0.0000	0.0000	0.0000	0.0000	0.0000	0.0000	0.0000	0.0000	0.0000	0.0000	0.0000	0.0000	0.0000	0.0000	0.0000	0.0000	0.0000	0.0000	0.0000	0.0306	0.0141	0.0165	0.0010	0.0010	0.0001	0.0296	0.0132	0.0164
63	93	0.0375	7	2	0	0	0	0	0	0	0	0	1	0	1	0	0	0	0	0	0	Y	N	N	N	N	N	N	N	N	N	N	N	N	N	N	N	N	N	0.0000	0.0000	0.0000	0.0000	0.0000	0.0000	0.0000	0.0000	0.0000	0.0000	0.0000	0.0000	0.0000	0.0000	0.0000	0.0000	0.0000	0.0000	0.0000	0.0000	0.0000	0.0000	0.0000	0.0000	0.0000	0.0000	0.0000			0.0000	0.0000	0.0023	0.0001	3.0060	0.0783	0.0000	0.0000	0.0000	0.0000	0.0000	0.0000	0.0000	0.0000	0.0000	0.0000	0.0000	0.0000	0.0000	0.0000	0.0000	0.0000	0.0000	0.0000	0.0000	0.0000	0.0000	0.0000	0.0000	0.0000	0.0000	0.0000	0.0000	0.0013	0.0007	0.0006	0.0004	0.0004	0.0000	0.0009	0.0003	0.0006
63	94	0.0289	6	2	0	0	0	1	0	0	0	0	1	0	1	0	0	0	0	0	0	Y	N	N	N	N	N	N	N	N	N	N	N	N	N	N	N	N	N	0.0000	0.0000	0.0000	0.0000	0.0000	0.0000	0.0000	0.0000	0.0000	0.0000	0.0000	0.0000	0.0000	0.0000	0.0000	0.0000	0.0000	0.0000	0.0000	0.0000	0.0000	0.0000	0.0000	0.0000	0.0000	0.0000	0.0000			0.0000	0.0000	0.0023	0.0004	3.0060	2.9660	0.0000	0.0000	0.0000	0.0000	0.0000	0.0000	0.0000	0.0000	0.0000	0.0000	0.0000	0.0000	0.0000	0.0000	0.0000	0.0000	0.0000	0.0000	0.0000	0.0000	0.0000	0.0000	0.0000	0.0000	0.0000	0.0000	0.0000	0.0181	0.0083	0.0098	0.0003	0.0003	0.0000	0.0178	0.0080	0.0097
63	104	0.1084	18	2	0	1	0	1	0	1	0	0	1	0	1	0	0	0	0	0	0	Y	N	N	N	N	N	N	N	N	N	N	N	N	N	N	N	N	N	inf	inf	0.0000	inf	inf	0.0000	0.0000	0.0000	0.0000	14.1214	15.9941	0.0000	41.9846	44.6913	0.0000	0.0000	0.0000	0.0000	0.0000	0.0000	0.0000	0.0000	0.0000	0.0000	0.0000	0.0000	0.0000	0.0000		-0.0004	0.0000	0.0023	1.0000	3.0060	1.0715	0.0006	0.0006	0.0000	0.0006	0.0006	0.0000	0.0000	0.0000	0.0000	0.0000	0.0000	0.0000	0.0000	0.0000	0.0000	0.0000	0.0000	0.0000	0.0000	0.0000	0.0000	0.0000	0.0000	0.0000	0.0000	0.0000	0.0000	0.0138	0.0076	0.0062	0.0024	0.0020	0.0004	0.0114	0.0056	0.0058
63	105	0.1084	19	1	0	0	0	0	0	0	0	0	2	0	2	0	0	0	0	0	0	N	N	N	N	N	Y	N	N	N	N	N	N	N	N	N	N	N	N	0.0000	0.0000	0.0000	0.0000	0.0000	0.0000	0.0000	0.0000	0.0000	0.0000	0.0000	0.0000	0.0000	0.0000	0.0000	0.0000	0.0000	0.0000	0.0000	0.0000	0.0000	0.0000	0.0000	0.0000	0.0000	0.0000	0.0000			0.0000	0.0000	0.0023	0.0000	3.0060	1.0001	0.0000	0.0000	0.0000	0.0000	0.0000	0.0000	0.0000	0.0000	0.0000	0.0000	0.0000	0.0000	0.0000	0.0000	0.0000	0.0000	0.0000	0.0000	0.0000	0.0000	0.0000	0.0000	0.0000	0.0000	0.0000	0.0000	0.0000	0.0077	0.0046	0.0031	0.0017	0.0015	0.0002	0.0060	0.0031	0.0029
63	106	0.0903	19	1	0	0	0	0	0	0	0	0	2	0	2	0	0	0	0	0	0	N	N	N	N	N	Y	N	N	N	N	N	N	N	N	N	N	N	N	0.0000	0.0000	0.0000	0.0000	0.0000	0.0000	0.0000	0.0000	0.0000	0.0000	0.0000	0.0000	0.0000	0.0000	0.0000	0.0000	0.0000	0.0000	0.0000	0.0000	0.0000	0.0000	0.0000	0.0000	0.0000	0.0000	0.0000			0.0000	0.0000	0.0023	0.0000	3.0060	0.0000	0.0000	0.0000	0.0000	0.0000	0.0000	0.0000	0.0000	0.0000	0.0000	0.0000	0.0000	0.0000	0.0000	0.0000	0.0000	0.0000	0.0000	0.0000	0.0000	0.0000	0.0000	0.0000	0.0000	0.0000	0.0000	0.0000	0.0000	0.0000	0.0000	0.0000	0.0000	0.0000	0.0000	0.0000	0.0000	0.0000
63	107	0.0988	23	1	0	0	0	0	0	0	0	0	2	0	2	0	0	0	0	0	0	N	N	N	N	N	Y	N	N	N	N	N	N	N	N	N	N	N	N	0.0000	0.0000	0.0000	0.0000	0.0000	0.0000	0.0000	0.0000	0.0000	0.0000	0.0000	0.0000	0.0000	0.0000	0.0000	0.0000	0.0000	0.0000	0.0000	0.0000	0.0000	0.0000	0.0000	0.0000	0.0000	0.0000	0.0000			0.0000	0.0000	0.0023	0.0000	3.0060	0.0000	0.0000	0.0000	0.0000	0.0000	0.0000	0.0000	0.0000	0.0000	0.0000	0.0000	0.0000	0.0000	0.0000	0.0000	0.0000	0.0000	0.0000	0.0000	0.0000	0.0000	0.0000	0.0000	0.0000	0.0000	0.0000	0.0000	0.0000	0.0000	0.0000	0.0000	0.0000	0.0000	0.0000	0.0000	0.0000	0.0000
63	113	0.0854	17	2	0	1	0	0	0	0	0	0	1	1	1	0	0	0	0	0	0	Y	N	N	N	N	N	N	N	N	N	N	N	N	N	N	N	N	N	0.0000	0.0000	0.0000	0.0000	0.0000	0.0000	0.0000	0.0000	0.0000	0.0000	0.0000	0.0000	0.0000	0.0000	0.0000	0.0000	0.0000	0.0000	0.0000	0.0000	0.0000	0.0000	0.0000	0.0000	0.0000	0.0000	0.0000			0.0000	0.0000	0.0023	0.0000	3.0060	1.0000	0.0000	0.0000	0.0000	0.0000	0.0000	0.0000	0.0000	0.0000	0.0000	0.0000	0.0000	0.0000	0.0000	0.0000	0.0000	0.0000	0.0000	0.0000	0.0000	0.0000	0.0000	0.0000	0.0000	0.0000	0.0000	0.0000	0.0000	0.0060	0.0030	0.0030	0.0007	0.0005	0.0002	0.0053	0.0026	0.0027
63	114	0.0796	16	2	0	1	0	1	0	1	0	1	1	1	1	0	0	0	0	0	0	Y	N	N	N	N	N	N	N	N	N	N	N	N	N	N	N	N	N	0.0000	0.0000	0.0000	0.0000	0.0000	0.0000	0.0000	0.0000	0.0000	0.0000	0.0000	0.0000	0.0000	0.0000	0.0000	0.0000	0.0000	0.0000	0.0000	0.0000	0.0000	0.0000	0.0000	0.0000	0.0000	0.0000	0.0000			0.0000	0.0000	0.0023	0.0000	3.0060	1.0009	0.0000	0.0000	0.0000	0.0000	0.0000	0.0000	0.0000	0.0000	0.0000	0.0000	0.0000	0.0000	0.0000	0.0000	0.0000	0.0000	0.0000	0.0000	0.0000	0.0000	0.0000	0.0000	0.0000	0.0000	0.0000	0.0000	0.0000	0.0176	0.0138	0.0037	0.0065	0.0063	0.0002	0.0111	0.0075	0.0035
63	115	0.1211	20	2	0	1	0	0	0	0	0	0	1	0	1	0	0	0	0	0	0	Y	N	N	N	N	N	N	N	N	N	N	N	N	N	N	N	N	N	0.0000	0.0000	0.0000	0.0000	0.0000	0.0000	0.0000	0.0000	0.0000	0.0000	0.0000	0.0000	0.0000	0.0000	0.0000	0.0000	0.0000	0.0000	0.0009	0.0017	0.0000	0.0043	0.0055	0.0000	0.0000	0.0000	0.0000		0.0000	0.0000	-0.0000	0.0023	0.9998	3.0060	6.9031	0.0000	0.0000	0.0000	0.0000	0.0000	0.0000	0.0000	0.0000	0.0000	0.0000	0.0000	0.0000	0.0000	0.0000	0.0000	0.0000	0.0000	0.0000	0.0000	0.0000	0.0000	0.0000	0.0000	0.0000	0.0000	0.0000	0.0000	0.0539	0.0291	0.0248	0.0115	0.0091	0.0024	0.0424	0.0200	0.0224
63	116	0.1084	19	2	0	1	0	1	0	1	0	0	1	0	1	0	0	0	0	0	0	Y	N	N	N	N	N	N	N	N	N	N	N	N	N	N	N	N	N	0.0000	0.0000	0.0000	0.0000	0.0000	0.0000	0.0000	0.0000	0.0000	0.0000	0.0000	0.0000	0.0000	0.0000	0.0000	0.0000	0.0000	0.0000	0.0019	0.0007	0.0032	0.0000	0.0000	0.0000	0.0023	0.0010	0.0034		4.0000	0.0000	0.0000	0.0023	0.0012	3.0060	4.2539	0.0000	0.0000	0.0000	0.0000	0.0000	0.0000	0.0000	0.0000	0.0000	0.0000	0.0000	0.0000	0.0000	0.0000	0.0000	0.0000	0.0000	0.0000	0.0000	0.0000	0.0000	0.0000	0.0000	0.0000	0.0000	0.0000	0.0000	0.0261	0.0136	0.0126	0.0040	0.0031	0.0008	0.0222	0.0104	0.0117
63	119	0.0903	19	2	0	1	0	1	0	0	0	0	1	1	1	0	0	0	0	0	0	Y	N	N	N	N	N	N	N	N	N	N	N	N	N	N	N	N	N	0.0000	0.0000	0.0000	0.0000	0.0000	0.0000	0.0000	0.0000	0.0000	0.0000	0.0000	0.0000	0.0000	0.0000	0.0000	0.0000	0.0000	0.0000	0.0000	0.0000	0.0000	0.0000	0.0000	0.0000	0.0000	0.0000	0.0000			0.0000	0.0000	0.0023	0.0000	3.0060	0.0000	0.0000	0.0000	0.0000	0.0000	0.0000	0.0000	0.0000	0.0000	0.0000	0.0000	0.0000	0.0000	0.0000	0.0000	0.0000	0.0000	0.0000	0.0000	0.0000	0.0000	0.0000	0.0000	0.0000	0.0000	0.0000	0.0000	0.0000	0.0000	0.0000	0.0000	0.0000	0.0000	0.0000	0.0000	0.0000	0.0000
64	68	0.0777	15	2	0	1	0	1	0	1	0	0	0	1	0	0	0	0	0	0	0	Y	N	N	N	N	N	N	N	N	N	N	N	N	N	N	N	N	N	0.0000	0.0000	0.0000	0.0000	0.0000	0.0000	0.0000	0.0000	0.0000	0.0000	0.0000	0.0000	0.0000	0.0000	0.0000	0.0000	0.0000	0.0000	0.0000	0.0001	0.0000	0.0003	0.0004	0.0000	0.0000	0.0000	0.0000		0.0000	0.0000	-0.0000	0.9990	0.0002	0.0212	1.2554	0.0000	0.0000	0.0000	0.0000	0.0000	0.0000	0.0000	0.0000	0.0000	0.0000	0.0000	0.0000	0.0000	0.0000	0.0000	0.0000	0.0000	0.0000	0.0000	0.0000	0.0000	0.0000	0.0000	0.0000	0.0000	0.0000	0.0000	0.0028	0.0015	0.0013	0.0004	0.0004	0.0000	0.0023	0.0011	0.0013
64	69	0.0591	13	2	0	0	0	1	0	0	0	0	0	0	0	0	0	0	0	0	0	Y	N	N	N	N	N	N	N	N	N	N	N	N	N	N	N	N	N	37.1754	22.2518	0.0000	1050612.2274	869438.5193	0.0000	0.0000	0.0000	0.0000	0.0674	0.0785	0.0000	2.9277	3.0739	0.0000	0.0000	0.0000	0.0000	0.0018	0.0035	0.0000	0.0000	0.0000	0.0000	0.0022	0.0048	0.0000	0.0000	0.0000	-0.0005	-0.0000	0.9990	1.0007	0.0212	1.2584	0.0008	0.0008	0.0000	0.0008	0.0008	0.0000	0.0000	0.0000	0.0000	0.0000	0.0000	0.0000	0.0000	0.0000	0.0000	0.0000	0.0000	0.0000	0.0124	0.0107	0.0018	0.0003	0.0003	0.0000	0.0121	0.0104	0.0017	0.0054	0.0028	0.0026	0.0009	0.0007	0.0002	0.0045	0.0020	0.0024
64	70	0.0450	12	2	0	0	0	2	0	0	0	0	0	0	0	0	0	0	0	0	0	Y	N	N	N	N	N	N	N	N	N	N	N	N	N	N	N	N	N	868.4444	44.4761	124501.3064	27772.9134	26705.7318	0.0000	750.5301	0.0000	123536.4773	0.0249	0.0025	0.1618	0.1211	0.1275	0.0000	0.0232	0.0000	0.1629	0.0000	0.0001	0.0000	0.0000	0.0000	0.0000	0.0000	0.0001	0.0000	10.5080	0.0234	0.0003	-0.0000	0.9990	3.0007	0.0212	1.9606	0.0009	0.0001	0.0008	0.0001	0.0001	0.0000	0.0008	0.0000	0.0008	0.0000	0.0000	0.0000	0.0000	0.0000	0.0000	0.0000	0.0000	0.0000	0.0368	0.0316	0.0052	0.0007	0.0006	0.0000	0.0362	0.0310	0.0051	0.0101	0.0050	0.0051	0.0008	0.0008	0.0001	0.0092	0.0042	0.0050
64	73	0.0777	16	2	0	1	0	1	0	1	0	0	0	1	1	0	0	0	0	0	0	Y	N	N	N	N	N	N	N	N	N	N	N	N	N	N	N	N	N	0.0000	0.0000	0.0000	0.0000	0.0000	0.0000	0.0000	0.0000	0.0000	0.0000	0.0000	0.0000	0.0000	0.0000	0.0000	0.0000	0.0000	0.0000	0.0000	0.0000	0.0000	0.0000	0.0000	0.0000	0.0000	0.0000	0.0000			0.0000	0.0000	0.9990	0.0000	0.0212	0.0000	0.0000	0.0000	0.0000	0.0000	0.0000	0.0000	0.0000	0.0000	0.0000	0.0000	0.0000	0.0000	0.0000	0.0000	0.0000	0.0000	0.0000	0.0000	0.0000	0.0000	0.0000	0.0000	0.0000	0.0000	0.0000	0.0000	0.0000	0.0000	0.0000	0.0000	0.0000	0.0000	0.0000	0.0000	0.0000	0.0000
64	74	0.0335	10	2	0	1	0	2	0	1	0	0	0	0	0	0	0	0	0	0	0	Y	N	N	N	N	N	N	N	N	N	N	N	N	N	N	N	N	N	0.0000	0.0000	0.0000	0.0000	0.0000	0.0000	0.0000	0.0000	0.0000	0.0000	0.0000	0.0000	0.0000	0.0000	0.0000	0.0000	0.0000	0.0000	0.0021	0.0030	0.0012	0.0033	0.0036	0.0000	0.0020	0.0029	0.0012		0.4189	0.0000	-0.0000	0.9990	2.9595	0.0212	5.1315	0.0000	0.0000	0.0000	0.0000	0.0000	0.0000	0.0000	0.0000	0.0000	0.0000	0.0000	0.0000	0.0000	0.0000	0.0000	0.0000	0.0000	0.0000	0.0374	0.0323	0.0052	0.0012	0.0011	0.0000	0.0363	0.0311	0.0051	0.0164	0.0080	0.0084	0.0012	0.0011	0.0001	0.0152	0.0069	0.0083
64	75	0.0777	16	2	0	0	0	1	0	0	0	0	0	1	1	0	0	0	0	0	0	Y	N	N	N	N	N	N	N	N	N	N	N	N	N	N	N	N	N	0.0000	0.0000	0.0000	0.0000	0.0000	0.0000	0.0000	0.0000	0.0000	0.0000	0.0000	0.0000	0.0000	0.0000	0.0000	0.0000	0.0000	0.0000	0.0000	0.0000	0.0000	0.0000	0.0000	0.0000	0.0000	0.0000	0.0000			0.0000	0.0000	0.9990	0.0000	0.0212	1.0000	0.0000	0.0000	0.0000	0.0000	0.0000	0.0000	0.0000	0.0000	0.0000	0.0000	0.0000	0.0000	0.0000	0.0000	0.0000	0.0000	0.0000	0.0000	0.0000	0.0000	0.0000	0.0000	0.0000	0.0000	0.0000	0.0000	0.0000	0.0020	0.0012	0.0008	0.0001	0.0001	0.0000	0.0018	0.0011	0.0008
64	76	0.0777	15	2	0	0	0	1	0	0	0	0	1	1	1	0	0	0	0	0	0	Y	N	N	N	N	N	N	N	N	N	N	N	N	N	N	N	N	N	0.0000	0.0000	0.0000	0.0000	0.0000	0.0000	0.0000	0.0000	0.0000	0.0000	0.0000	0.0000	0.0000	0.0000	0.0000	0.0000	0.0000	0.0000	0.0000	0.0000	0.0000	0.0000	0.0000	0.0000	0.0000	0.0000	0.0000			0.0000	0.0000	0.9990	0.0000	0.0212	0.0000	0.0000	0.0000	0.0000	0.0000	0.0000	0.0000	0.0000	0.0000	0.0000	0.0000	0.0000	0.0000	0.0000	0.0000	0.0000	0.0000	0.0000	0.0000	0.0000	0.0000	0.0000	0.0000	0.0000	0.0000	0.0000	0.0000	0.0000	0.0002	0.0001	0.0001	0.0001	0.0001	0.0000	0.0001	0.0000	0.0001
64	77	0.0558	14	2	0	0	0	1	0	0	0	1	0	1	0	0	0	0	0	0	0	Y	N	N	N	N	N	N	N	N	N	N	N	N	N	N	N	N	N	0.0000	0.0000	0.0000	0.0000	0.0000	0.0000	0.0000	0.0000	0.0000	0.0000	0.0000	0.0000	0.0000	0.0000	0.0000	0.0000	0.0000	0.0000	0.0000	0.0000	0.0000	0.0000	0.0000	0.0000	0.0000	0.0000	0.0000		0.1772	0.0000	-0.0000	0.9990	0.0002	0.0212	3.7635	0.0000	0.0000	0.0000	0.0000	0.0000	0.0000	0.0000	0.0000	0.0000	0.0000	0.0000	0.0000	0.0000	0.0000	0.0000	0.0000	0.0000	0.0000	0.0013	0.0012	0.0001	0.0006	0.0006	0.0000	0.0006	0.0005	0.0001	0.0083	0.0041	0.0042	0.0010	0.0009	0.0001	0.0073	0.0032	0.0041
64	78	0.0501	13	2	0	0	0	2	0	0	0	0	0	0	0	0	0	0	0	0	0	Y	N	N	N	N	N	N	N	N	N	N	N	N	N	N	N	N	N	0.0000	0.0000	0.0000	0.0000	0.0000	0.0000	0.0000	0.0000	0.0000	0.0000	0.0000	0.0000	0.0000	0.0000	0.0000	0.0000	0.0000	0.0000	0.0001	0.0002	0.0001	0.0005	0.0005	0.0000	0.0001	0.0001	0.0001		0.3927	0.0000	-0.0000	0.9990	0.5196	0.0212	1.5432	0.0000	0.0000	0.0000	0.0000	0.0000	0.0000	0.0000	0.0000	0.0000	0.0000	0.0000	0.0000	0.0000	0.0000	0.0000	0.0000	0.0000	0.0000	0.0065	0.0055	0.0009	0.0001	0.0001	0.0000	0.0063	0.0054	0.0009	0.0042	0.0021	0.0021	0.0003	0.0003	0.0000	0.0038	0.0017	0.0021
64	79	0.0434	10	2	0	1	0	1	0	0	0	0	0	0	0	0	0	0	0	0	0	Y	N	N	N	N	N	N	N	N	N	N	N	N	N	N	N	N	N	1.9668	0.0000	142.0949	0.0000	0.0000	0.0000	4.4578	0.0000	140.2330	0.0002	0.0000	0.0012	0.0000	0.0000	0.0000	0.0002	0.0000	0.0012	0.0001	0.0002	0.0000	0.0005	0.0005	0.0000	0.0000	0.0001	0.0000	inf	0.0533	0.0000	-0.0000	0.9990	1.0047	0.0212	3.0004	0.0000	0.0000	0.0000	0.0000	0.0000	0.0000	0.0000	0.0000	0.0000	0.0000	0.0000	0.0000	0.0000	0.0000	0.0000	0.0000	0.0000	0.0000	0.0123	0.0106	0.0017	0.0004	0.0004	0.0000	0.0119	0.0102	0.0017	0.0079	0.0039	0.0040	0.0008	0.0007	0.0001	0.0071	0.0032	0.0040
64	80	0.0327	9	2	0	1	0	1	0	0	0	0	0	0	0	0	0	0	0	0	0	Y	N	N	N	N	N	N	N	N	N	N	N	N	N	N	N	N	N	50.9320	0.0002	1585.8147	0.0333	0.0336	0.0000	42.9204	0.0000	1577.3231	0.0495	0.0000	0.3506	0.0000	0.0000	0.0000	0.0510	0.0000	0.3528	0.0010	0.0015	0.0002	0.0003	0.0003	0.0000	0.0012	0.0023	0.0002	186862.5743	0.1064	0.0003	-0.0000	0.9990	1.0096	0.0212	2.0672	0.0006	0.0000	0.0006	0.0000	0.0000	0.0000	0.0006	0.0000	0.0006	0.0000	0.0000	0.0000	0.0000	0.0000	0.0000	0.0000	0.0000	0.0000	0.0127	0.0109	0.0018	0.0004	0.0004	0.0000	0.0123	0.0105	0.0018	0.0098	0.0056	0.0041	0.0023	0.0022	0.0001	0.0075	0.0034	0.0041
64	81	0.0256	8	2	0	1	0	2	0	1	0	0	0	0	0	0	0	0	0	0	0	Y	N	N	N	N	N	N	N	N	N	N	N	N	N	N	N	N	N	0.0008	0.0000	0.0176	0.0000	0.0000	0.0000	0.0008	0.0000	0.0176	0.0001	0.0000	0.0006	0.0000	0.0000	0.0000	0.0001	0.0000	0.0006	0.1132	0.1959	0.0347	0.2359	0.2487	0.0045	0.1040	0.1875	0.0349	inf	0.1863	0.0000	-0.0002	0.9990	0.9933	0.0212	1.5154	0.0000	0.0000	0.0000	0.0000	0.0000	0.0000	0.0000	0.0000	0.0000	0.0006	0.0005	0.0001	0.0001	0.0001	0.0000	0.0005	0.0004	0.0001	0.0122	0.0105	0.0017	0.0002	0.0001	0.0000	0.0121	0.0104	0.0017	0.0052	0.0025	0.0027	0.0004	0.0003	0.0000	0.0048	0.0022	0.0027
64	82	0.0200	6	2	0	1	0	1	0	1	0	0	0	0	0	0	0	0	0	0	0	Y	N	N	N	N	N	N	N	N	N	N	N	N	N	N	N	N	N	0.0000	0.0000	0.0000	0.0000	0.0000	0.0000	0.0000	0.0000	0.0000	0.0000	0.0000	0.0000	0.0000	0.0000	0.0000	0.0000	0.0000	0.0000	0.0049	0.0015	0.0078	0.0006	0.0007	0.0000	0.0050	0.0016	0.0078		5.8579	0.0000	0.0000	0.9990	4.0000	0.0212	3.0004	0.0000	0.0000	0.0000	0.0000	0.0000	0.0000	0.0000	0.0000	0.0000	0.0001	0.0000	0.0001	0.0000	0.0000	0.0000	0.0001	0.0000	0.0001	0.0486	0.0418	0.0069	0.0006	0.0006	0.0000	0.0481	0.0412	0.0068	0.0144	0.0067	0.0078	0.0005	0.0004	0.0000	0.0139	0.0062	0.0077
64	84	0.0423	11	2	0	1	0	2	0	1	0	0	0	0	0	0	0	0	0	0	0	Y	N	N	N	N	N	N	N	N	N	N	N	N	N	N	N	N	N	6512.6063	0.0000	116379.1725	0.0000	0.0000	0.0000	6134.7734	0.0000	115985.9495	40.4287	0.0000	286.8952	0.0000	0.0000	0.0000	41.1692	0.0000	288.7428	0.0062	0.0101	0.0025	0.0001	0.0001	0.0000	0.0067	0.0117	0.0025	inf	0.2524	0.4388	-0.0000	0.9990	2.0009	0.0212	6.0608	0.9981	0.0000	0.9981	0.0000	0.0000	0.0000	0.9981	0.0000	0.9981	0.0001	0.0001	0.0000	0.0000	0.0000	0.0000	0.0001	0.0001	0.0000	0.0247	0.0212	0.0035	0.0004	0.0004	0.0000	0.0242	0.0208	0.0035	0.0162	0.0080	0.0082	0.0012	0.0011	0.0001	0.0149	0.0068	0.0081
64	85	0.0170	6	2	0	1	0	1	0	0	0	0	0	0	0	0	0	0	0	0	0	Y	N	N	N	N	N	N	N	N	N	N	N	N	N	N	N	N	N	0.0000	0.0000	0.0000	0.0000	0.0000	0.0000	0.0000	0.0000	0.0000	0.0000	0.0000	0.0000	0.0000	0.0000	0.0000	0.0000	0.0000	0.0000	0.1148	0.0050	0.2122	0.0009	0.0008	0.0058	0.1193	0.0054	0.2126		47.4322	0.0000	0.0005	0.9990	2.0003	0.0212	2.0390	0.0000	0.0000	0.0000	0.0000	0.0000	0.0000	0.0000	0.0000	0.0000	0.0010	0.0000	0.0010	0.0000	0.0000	0.0000	0.0010	0.0000	0.0010	0.0247	0.0212	0.0034	0.0006	0.0006	0.0000	0.0240	0.0206	0.0034	0.0085	0.0040	0.0045	0.0003	0.0003	0.0000	0.0082	0.0037	0.0045
64	86	0.0097	5	2	0	1	0	2	0	1	0	0	0	0	0	0	0	0	0	0	0	Y	N	N	N	N	N	N	N	N	N	N	N	N	N	N	N	N	N	0.0000	0.0000	0.0000	0.0000	0.0000	0.0000	0.0000	0.0000	0.0000	0.0000	0.0000	0.0000	0.0000	0.0000	0.0000	0.0000	0.0000	0.0000	0.0012	0.0002	0.0020	0.0029	0.0029	0.0000	0.0011	0.0001	0.0020		12.4811	0.0000	0.0000	0.9990	1.0005	0.0212	0.9990	0.0000	0.0000	0.0000	0.0000	0.0000	0.0000	0.0000	0.0000	0.0000	0.0000	0.0000	0.0000	0.0000	0.0000	0.0000	0.0000	0.0000	0.0000	0.0164	0.0142	0.0022	0.0023	0.0023	0.0000	0.0141	0.0119	0.0022	0.0042	0.0019	0.0023	0.0001	0.0001	0.0000	0.0041	0.0019	0.0023
64	89	0.1302	20	2	0	1	0	1	0	0	0	0	0	0	0	0	0	0	0	0	0	Y	N	N	N	N	N	N	N	N	N	N	N	N	N	N	N	N	N	0.0000	0.0000	0.0000	0.0000	0.0000	0.0000	0.0000	0.0000	0.0000	0.0000	0.0000	0.0000	0.0000	0.0000	0.0000	0.0000	0.0000	0.0000	0.0096	0.0137	0.0048	0.0055	0.0059	0.0001	0.0103	0.0165	0.0048		0.2992	0.0000	-0.0000	0.9990	0.0001	0.0212	3.9037	0.0000	0.0000	0.0000	0.0000	0.0000	0.0000	0.0000	0.0000	0.0000	0.0001	0.0001	0.0000	0.0000	0.0000	0.0000	0.0001	0.0001	0.0000	0.0000	0.0000	0.0000	0.0000	0.0000	0.0000	0.0000	0.0000	0.0000	0.0086	0.0046	0.0040	0.0013	0.0012	0.0001	0.0074	0.0034	0.0039
64	90	0.1036	19	2	0	1	0	1	0	0	0	0	0	0	0	0	0	0	0	0	0	Y	N	N	N	N	N	N	N	N	N	N	N	N	N	N	N	N	N	0.0000	0.0000	0.0000	0.0000	0.0000	0.0000	0.0000	0.0000	0.0000	0.0000	0.0000	0.0000	0.0000	0.0000	0.0000	0.0000	0.0000	0.0000	0.0058	0.0076	0.0039	0.0027	0.0034	0.0000	0.0066	0.0093	0.0042		0.4438	0.0000	-0.0000	0.9990	1.0001	0.0212	8.1987	0.0000	0.0000	0.0000	0.0000	0.0000	0.0000	0.0000	0.0000	0.0000	0.0001	0.0001	0.0000	0.0000	0.0000	0.0000	0.0001	0.0001	0.0000	0.0123	0.0106	0.0017	0.0003	0.0003	0.0000	0.0120	0.0103	0.0017	0.0208	0.0112	0.0097	0.0042	0.0033	0.0008	0.0167	0.0079	0.0088
64	91	0.0344	8	2	0	1	0	1	0	0	0	0	0	0	0	0	0	0	0	0	0	Y	N	N	N	N	N	N	N	N	N	N	N	N	N	N	N	N	N	0.0000	0.0000	0.0000	0.0000	0.0000	0.0000	0.0000	0.0000	0.0000	0.0000	0.0000	0.0000	0.0000	0.0000	0.0000	0.0000	0.0000	0.0000	0.0019	0.0010	0.0027	0.0001	0.0001	0.0000	0.0020	0.0011	0.0028		3.0015	0.0000	0.0000	0.9990	1.0071	0.0212	9.1029	0.0000	0.0000	0.0000	0.0000	0.0000	0.0000	0.0000	0.0000	0.0000	0.0000	0.0000	0.0000	0.0000	0.0000	0.0000	0.0000	0.0000	0.0000	0.0126	0.0108	0.0018	0.0001	0.0001	0.0000	0.0125	0.0107	0.0018	0.0214	0.0103	0.0111	0.0015	0.0014	0.0002	0.0198	0.0089	0.0109
64	92	0.0200	7	2	0	1	0	1	0	1	0	0	0	0	0	0	0	0	0	0	0	Y	N	N	N	N	N	N	N	N	N	N	N	N	N	N	N	N	N	0.0000	0.0000	0.0000	0.0000	0.0000	0.0000	0.0000	0.0000	0.0000	0.0000	0.0000	0.0000	0.0000	0.0000	0.0000	0.0000	0.0000	0.0000	0.0021	0.0001	0.0038	0.0012	0.0013	0.0000	0.0021	0.0000	0.0038		36.3914	0.0000	0.0000	0.9990	0.9988	0.0212	4.0321	0.0000	0.0000	0.0000	0.0000	0.0000	0.0000	0.0000	0.0000	0.0000	0.0000	0.0000	0.0000	0.0000	0.0000	0.0000	0.0000	0.0000	0.0000	0.0123	0.0106	0.0017	0.0001	0.0001	0.0000	0.0122	0.0104	0.0017	0.0105	0.0049	0.0057	0.0004	0.0004	0.0000	0.0101	0.0045	0.0056
64	93	0.0200	6	2	0	0	0	1	0	0	0	0	0	0	0	0	0	0	0	0	0	Y	N	N	N	N	N	N	N	N	N	N	N	N	N	N	N	N	N	0.0000	0.0000	0.0000	0.0000	0.0000	0.0000	0.0000	0.0000	0.0000	0.0000	0.0000	0.0000	0.0000	0.0000	0.0000	0.0000	0.0000	0.0000	0.0084	0.0080	0.0089	0.0131	0.0131	0.0000	0.0062	0.0001	0.0089		0.9955	0.0000	0.0000	0.9990	0.0001	0.0212	0.0783	0.0000	0.0000	0.0000	0.0000	0.0000	0.0000	0.0000	0.0000	0.0000	0.0000	0.0000	0.0000	0.0000	0.0000	0.0000	0.0000	0.0000	0.0000	0.0000	0.0000	0.0000	0.0000	0.0000	0.0000	0.0000	0.0000	0.0000	0.0004	0.0002	0.0002	0.0001	0.0001	0.0000	0.0003	0.0001	0.0002
64	94	0.0114	5	2	0	0	0	2	0	0	0	0	0	0	0	0	0	0	0	0	0	Y	N	N	N	N	N	N	N	N	N	N	N	N	N	N	N	N	N	0.0000	0.0000	0.0000	0.0000	0.0000	0.0000	0.0000	0.0000	0.0000	0.0000	0.0000	0.0000	0.0000	0.0000	0.0000	0.0000	0.0000	0.0000	0.0047	0.0001	0.0087	0.0029	0.0029	0.0000	0.0048	0.0000	0.0087		76.4832	0.0000	0.0000	0.9990	0.0004	0.0212	2.9660	0.0000	0.0000	0.0000	0.0000	0.0000	0.0000	0.0000	0.0000	0.0000	0.0000	0.0000	0.0000	0.0000	0.0000	0.0000	0.0000	0.0000	0.0000	0.0000	0.0000	0.0000	0.0000	0.0000	0.0000	0.0000	0.0000	0.0000	0.0062	0.0029	0.0034	0.0001	0.0001	0.0000	0.0061	0.0027	0.0033
64	104	0.0909	17	2	0	1	0	2	0	1	0	0	0	0	0	0	0	0	0	0	0	Y	N	N	N	N	N	N	N	N	N	N	N	N	N	N	N	N	N	282.0700	0.0000	inf	0.0000	0.0000	0.0000	240.4737	0.0000	inf	0.0512	0.0000	0.3624	0.0000	0.0000	0.0000	0.0526	0.0000	0.3670	0.0002	0.0003	0.0000	0.0000	0.0000	0.0000	0.0002	0.0004	0.0000	inf	0.0009	0.0003	-0.0000	0.9990	1.0000	0.0212	1.0715	0.0006	0.0000	0.0006	0.0000	0.0000	0.0000	0.0006	0.0000	0.0006	0.0000	0.0000	0.0000	0.0000	0.0000	0.0000	0.0000	0.0000	0.0000	0.0123	0.0106	0.0017	0.0003	0.0003	0.0000	0.0120	0.0103	0.0017	0.0047	0.0026	0.0021	0.0008	0.0007	0.0001	0.0039	0.0019	0.0020
64	113	0.0679	16	2	0	1	0	1	0	0	0	0	0	1	0	0	0	0	0	0	0	Y	N	N	N	N	N	N	N	N	N	N	N	N	N	N	N	N	N	0.0000	0.0000	0.0000	0.0000	0.0000	0.0000	0.0000	0.0000	0.0000	0.0000	0.0000	0.0000	0.0000	0.0000	0.0000	0.0000	0.0000	0.0000	0.0000	0.0000	0.0000	0.0000	0.0000	0.0000	0.0000	0.0000	0.0000			0.0000	0.0000	0.9990	0.0000	0.0212	1.0000	0.0000	0.0000	0.0000	0.0000	0.0000	0.0000	0.0000	0.0000	0.0000	0.0000	0.0000	0.0000	0.0000	0.0000	0.0000	0.0000	0.0000	0.0000	0.0000	0.0000	0.0000	0.0000	0.0000	0.0000	0.0000	0.0000	0.0000	0.0020	0.0010	0.0010	0.0002	0.0002	0.0001	0.0018	0.0009	0.0009
64	114	0.0621	15	2	0	1	0	2	0	1	0	1	0	1	0	0	0	0	0	0	0	Y	N	N	N	N	N	N	N	N	N	N	N	N	N	N	N	N	N	0.0000	0.0000	0.0000	0.0000	0.0000	0.0000	0.0000	0.0000	0.0000	0.0000	0.0000	0.0000	0.0000	0.0000	0.0000	0.0000	0.0000	0.0000	0.0000	0.0000	0.0000	0.0000	0.0000	0.0000	0.0000	0.0000	0.0000			0.0000	0.0000	0.9990	0.0000	0.0212	1.0009	0.0000	0.0000	0.0000	0.0000	0.0000	0.0000	0.0000	0.0000	0.0000	0.0000	0.0000	0.0000	0.0000	0.0000	0.0000	0.0000	0.0000	0.0000	0.0000	0.0000	0.0000	0.0000	0.0000	0.0000	0.0000	0.0000	0.0000	0.0060	0.0047	0.0013	0.0022	0.0022	0.0001	0.0038	0.0026	0.0012
64	115	0.1036	19	2	0	1	0	1	0	0	0	0	0	0	0	0	0	0	0	0	0	Y	N	N	N	N	N	N	N	N	N	N	N	N	N	N	N	N	N	0.0000	0.0000	0.0000	0.0000	0.0000	0.0000	0.0000	0.0000	0.0000	0.0000	0.0000	0.0000	0.0000	0.0000	0.0000	0.0000	0.0000	0.0000	0.0012	0.0002	0.0023	0.0005	0.0007	0.0000	0.0014	0.0000	0.0026		9.4588	0.0000	0.0000	0.9990	0.9998	0.0212	6.9031	0.0000	0.0000	0.0000	0.0000	0.0000	0.0000	0.0000	0.0000	0.0000	0.0000	0.0000	0.0000	0.0000	0.0000	0.0000	0.0000	0.0000	0.0000	0.0123	0.0106	0.0017	0.0003	0.0003	0.0000	0.0120	0.0103	0.0017	0.0185	0.0100	0.0085	0.0040	0.0032	0.0008	0.0145	0.0069	0.0077
64	116	0.0909	18	2	0	1	0	2	0	1	0	0	0	0	0	0	0	0	0	0	0	Y	N	N	N	N	N	N	N	N	N	N	N	N	N	N	N	N	N	0.0000	0.0000	0.0000	0.0000	0.0000	0.0000	0.0000	0.0000	0.0000	0.0000	0.0000	0.0000	0.0000	0.0000	0.0000	0.0000	0.0000	0.0000	0.0033	0.0062	0.0001	0.0205	0.0257	0.0000	0.0002	0.0002	0.0002		0.0219	0.0000	-0.0000	0.9990	0.0012	0.0212	4.2539	0.0000	0.0000	0.0000	0.0000	0.0000	0.0000	0.0000	0.0000	0.0000	0.0000	0.0000	0.0000	0.0000	0.0000	0.0000	0.0000	0.0000	0.0000	0.0000	0.0000	0.0000	0.0000	0.0000	0.0000	0.0000	0.0000	0.0000	0.0090	0.0047	0.0043	0.0014	0.0011	0.0003	0.0076	0.0036	0.0040
64	119	0.0728	18	2	0	1	0	2	0	0	0	0	0	1	0	0	0	0	0	0	0	Y	N	N	N	N	N	N	N	N	N	N	N	N	N	N	N	N	N	0.0000	0.0000	0.0000	0.0000	0.0000	0.0000	0.0000	0.0000	0.0000	0.0000	0.0000	0.0000	0.0000	0.0000	0.0000	0.0000	0.0000	0.0000	0.0000	0.0000	0.0000	0.0000	0.0000	0.0000	0.0000	0.0000	0.0000			0.0000	0.0000	0.9990	0.0000	0.0212	0.0000	0.0000	0.0000	0.0000	0.0000	0.0000	0.0000	0.0000	0.0000	0.0000	0.0000	0.0000	0.0000	0.0000	0.0000	0.0000	0.0000	0.0000	0.0000	0.0000	0.0000	0.0000	0.0000	0.0000	0.0000	0.0000	0.0000	0.0000	0.0000	0.0000	0.0000	0.0000	0.0000	0.0000	0.0000	0.0000	0.0000
68	69	0.0540	5	2	0	1	0	0	0	1	0	0	0	1	0	0	0	0	0	0	0	Y	N	N	N	N	N	N	N	N	N	N	N	N	N	N	N	N	N	0.0000	0.0000	0.0000	0.0000	0.0000	0.0000	0.0000	0.0000	0.0000	0.0000	0.0000	0.0000	0.0000	0.0000	0.0000	0.0000	0.0000	0.0000	0.0000	0.0000	0.0000	0.0001	0.0001	0.0001	0.0000	0.0000	0.0000		0.2222	0.0000	-0.0000	0.0002	1.0007	1.2554	1.2584	0.0000	0.0000	0.0000	0.0000	0.0000	0.0000	0.0000	0.0000	0.0000	0.0000	0.0000	0.0000	0.0000	0.0000	0.0000	0.0000	0.0000	0.0000	0.0000	0.0000	0.0000	0.0000	0.0000	0.0000	0.0000	0.0000	0.0000	0.0060	0.0030	0.0029	0.0005	0.0005	0.0000	0.0055	0.0026	0.0029
68	70	0.0399	4	2	0	1	0	1	0	1	0	0	0	1	0	0	0	0	0	0	0	Y	N	N	N	N	N	N	N	N	N	N	N	N	N	N	N	N	N	0.0000	0.0000	0.0000	0.0000	0.0000	0.0000	0.0000	0.0000	0.0000	0.0000	0.0000	0.0000	0.0000	0.0000	0.0000	0.0000	0.0000	0.0000	0.0015	0.0029	0.0000	0.0178	0.0185	0.0000	0.0000	0.0000	0.0000		0.0005	0.0000	-0.0000	0.0002	3.0007	1.2554	1.9606	0.0000	0.0000	0.0000	0.0000	0.0000	0.0000	0.0000	0.0000	0.0000	0.0000	0.0000	0.0000	0.0000	0.0000	0.0000	0.0000	0.0000	0.0000	0.0000	0.0000	0.0000	0.0000	0.0000	0.0000	0.0000	0.0000	0.0000	0.0133	0.0068	0.0065	0.0011	0.0011	0.0000	0.0122	0.0057	0.0065
68	71	0.1678	11	1	0	1	0	0	0	1	0	1	0	2	0	0	0	0	0	0	0	N	N	N	N	Y	N	N	N	N	N	N	N	N	N	N	N	N	N	0.3746	0.0000	92.0438	0.4500	0.0000	2046.4896	0.3649	0.0000	2.6269	0.0049	0.0000	0.0401	0.0164	0.0000	0.8693	0.0002	0.0000	0.0011	0.0131	0.0211	0.0004	0.0365	0.0413	0.0004	0.0005	0.0006	0.0004	inf	0.0130	0.0000	-0.0007	0.0002	6.1029	1.2554	20.9537	0.0000	0.0000	0.0000	0.0000	0.0000	0.0000	0.0000	0.0000	0.0000	0.0016	0.0015	0.0000	0.0015	0.0015	0.0000	0.0000	0.0000	0.0000	0.0001	0.0000	0.0000	0.0000	0.0000	0.0000	0.0000	0.0000	0.0000	0.1195	0.0734	0.0461	0.0419	0.0370	0.0048	0.0776	0.0364	0.0413
68	75	0.0072	2	2	0	1	0	0	0	1	0	0	0	2	1	0	0	0	0	0	0	Y	N	N	N	Y	N	N	N	N	N	N	N	N	N	N	N	N	N	0.0000	0.0000	0.0000	0.0000	0.0000	0.0000	0.0000	0.0000	0.0000	0.0000	0.0000	0.0000	0.0000	0.0000	0.0000	0.0000	0.0000	0.0000	0.0000	0.0000	0.0000	0.0000	0.0000	0.0000	0.0000	0.0000	0.0000			0.0000	0.0000	0.0002	0.0000	1.2554	1.0000	0.0000	0.0000	0.0000	0.0000	0.0000	0.0000	0.0000	0.0000	0.0000	0.0000	0.0000	0.0000	0.0000	0.0000	0.0000	0.0000	0.0000	0.0000	0.0000	0.0000	0.0000	0.0000	0.0000	0.0000	0.0000	0.0000	0.0000	0.0056	0.0031	0.0025	0.0000	0.0000	0.0000	0.0056	0.0031	0.0025
68	93	0.0821	12	2	0	1	0	0	0	1	0	0	0	1	0	0	0	0	0	0	0	Y	N	N	N	N	N	N	N	N	N	N	N	N	N	N	N	N	N	0.0000	0.0000	0.0000	0.0000	0.0000	0.0000	0.0000	0.0000	0.0000	0.0000	0.0000	0.0000	0.0000	0.0000	0.0000	0.0000	0.0000	0.0000	0.0005	0.0004	0.0005	0.0022	0.0016	0.0095	0.0001	0.0000	0.0003		0.9759	0.0000	0.0000	0.0002	0.0001	1.2554	0.0783	0.0000	0.0000	0.0000	0.0000	0.0000	0.0000	0.0000	0.0000	0.0000	0.0000	0.0000	0.0000	0.0000	0.0000	0.0000	0.0000	0.0000	0.0000	0.0000	0.0000	0.0000	0.0000	0.0000	0.0000	0.0000	0.0000	0.0000	0.0002	0.0001	0.0001	0.0000	0.0000	0.0000	0.0002	0.0001	0.0001
68	94	0.0735	11	2	0	1	0	1	0	1	0	0	0	1	0	0	0	0	0	0	0	Y	N	N	N	N	N	N	N	N	N	N	N	N	N	N	N	N	N	0.0000	0.0000	0.0000	0.0000	0.0000	0.0000	0.0000	0.0000	0.0000	0.0000	0.0000	0.0000	0.0000	0.0000	0.0000	0.0000	0.0000	0.0000	0.0001	0.0002	0.0000	0.0008	0.0008	0.0009	0.0000	0.0000	0.0000		0.1442	0.0000	-0.0000	0.0002	0.0004	1.2554	2.9660	0.0000	0.0000	0.0000	0.0000	0.0000	0.0000	0.0000	0.0000	0.0000	0.0000	0.0000	0.0000	0.0000	0.0000	0.0000	0.0000	0.0000	0.0000	0.0000	0.0000	0.0000	0.0000	0.0000	0.0000	0.0000	0.0000	0.0000	0.0083	0.0045	0.0038	0.0012	0.0012	0.0001	0.0070	0.0033	0.0037
69	73	0.0536	6	2	0	1	0	0	0	1	0	0	0	1	1	0	0	0	0	0	0	Y	N	N	N	N	N	N	N	N	N	N	N	N	N	N	N	N	N	0.0000	0.0000	0.0000	0.0000	0.0000	0.0000	0.0000	0.0000	0.0000	0.0000	0.0000	0.0000	0.0000	0.0000	0.0000	0.0000	0.0000	0.0000	0.0000	0.0000	0.0000	0.0000	0.0000	0.0000	0.0000	0.0000	0.0000			0.0000	0.0000	1.0007	0.0000	1.2584	0.0000	0.0000	0.0000	0.0000	0.0000	0.0000	0.0000	0.0000	0.0000	0.0000	0.0000	0.0000	0.0000	0.0000	0.0000	0.0000	0.0000	0.0000	0.0000	0.0000	0.0000	0.0000	0.0000	0.0000	0.0000	0.0000	0.0000	0.0000	0.0000	0.0000	0.0000	0.0000	0.0000	0.0000	0.0000	0.0000	0.0000
69	74	0.0324	4	2	0	1	0	1	0	1	0	0	0	0	0	0	0	0	0	0	0	Y	N	N	N	N	N	N	N	N	N	N	N	N	N	N	N	N	N	459.7127	0.0000	1743.4120	0.0000	0.0000	0.0000	420.5142	0.0000	1662.8976	0.0420	0.0000	0.3181	0.0000	0.0000	0.0000	0.0451	0.0000	0.3231	0.0001	0.0000	0.0002	0.0000	0.0000	0.0000	0.0001	0.0000	0.0002	inf	inf	0.0008	0.0000	1.0007	2.9595	1.2584	5.1315	0.0017	0.0000	0.0017	0.0000	0.0000	0.0000	0.0017	0.0000	0.0017	0.0000	0.0000	0.0000	0.0000	0.0000	0.0000	0.0000	0.0000	0.0000	0.0414	0.0359	0.0055	0.0028	0.0027	0.0001	0.0386	0.0332	0.0054	0.0447	0.0223	0.0224	0.0066	0.0053	0.0014	0.0381	0.0171	0.0210
69	75	0.0536	6	2	0	0	0	0	0	0	0	0	0	1	1	0	0	0	0	0	0	Y	N	N	N	N	N	N	N	N	N	N	N	N	N	N	N	N	N	0.0000	0.0000	0.0000	0.0000	0.0000	0.0000	0.0000	0.0000	0.0000	0.0000	0.0000	0.0000	0.0000	0.0000	0.0000	0.0000	0.0000	0.0000	0.0000	0.0000	0.0000	0.0000	0.0000	0.0000	0.0000	0.0000	0.0000			0.0000	0.0000	1.0007	0.0000	1.2584	1.0000	0.0000	0.0000	0.0000	0.0000	0.0000	0.0000	0.0000	0.0000	0.0000	0.0000	0.0000	0.0000	0.0000	0.0000	0.0000	0.0000	0.0000	0.0000	0.0000	0.0000	0.0000	0.0000	0.0000	0.0000	0.0000	0.0000	0.0000	0.0044	0.0026	0.0018	0.0003	0.0003	0.0000	0.0041	0.0023	0.0018
69	76	0.0536	5	2	0	0	0	0	0	0	0	0	1	1	1	0	0	0	0	0	0	Y	N	N	N	N	N	N	N	N	N	N	N	N	N	N	N	N	N	0.0000	0.0000	0.0000	0.0000	0.0000	0.0000	0.0000	0.0000	0.0000	0.0000	0.0000	0.0000	0.0000	0.0000	0.0000	0.0000	0.0000	0.0000	0.0000	0.0000	0.0000	0.0000	0.0000	0.0000	0.0000	0.0000	0.0000			0.0000	0.0000	1.0007	0.0000	1.2584	0.0000	0.0000	0.0000	0.0000	0.0000	0.0000	0.0000	0.0000	0.0000	0.0000	0.0000	0.0000	0.0000	0.0000	0.0000	0.0000	0.0000	0.0000	0.0000	0.0000	0.0000	0.0000	0.0000	0.0000	0.0000	0.0000	0.0000	0.0000	0.0005	0.0003	0.0002	0.0003	0.0003	0.0000	0.0003	0.0000	0.0002
69	77	0.0318	4	2	0	0	0	0	0	0	0	1	0	1	0	0	0	0	0	0	0	Y	N	N	N	N	N	N	N	N	N	N	N	N	N	N	N	N	N	0.0000	0.0000	0.0000	0.0000	0.0000	0.0000	0.0000	0.0000	0.0000	0.0000	0.0000	0.0000	0.0000	0.0000	0.0000	0.0000	0.0000	0.0000	0.0362	0.0734	0.0000	0.2473	0.3054	0.0000	0.0000	0.0000	0.0000		0.0001	0.0000	-0.0004	1.0007	0.0002	1.2584	3.7635	0.0000	0.0000	0.0000	0.0000	0.0000	0.0000	0.0000	0.0000	0.0000	0.0008	0.0008	0.0000	0.0008	0.0008	0.0000	0.0000	0.0000	0.0000	0.0064	0.0063	0.0001	0.0032	0.0032	0.0000	0.0032	0.0031	0.0001	0.0218	0.0108	0.0110	0.0032	0.0026	0.0006	0.0186	0.0082	0.0104
69	78	0.0260	3	2	0	0	0	1	0	0	0	0	0	0	0	0	0	0	0	0	0	Y	N	N	N	N	N	N	N	N	N	N	N	N	N	N	N	N	N	0.0000	0.0000	0.0000	0.0000	0.0000	0.0000	0.0000	0.0000	0.0000	0.0000	0.0000	0.0000	0.0000	0.0000	0.0000	0.0000	0.0000	0.0000	0.0009	0.0019	0.0000	0.0003	0.0004	0.0000	0.0010	0.0022	0.0000		0.0001	0.0000	-0.0000	1.0007	0.5196	1.2584	1.5432	0.0000	0.0000	0.0000	0.0000	0.0000	0.0000	0.0000	0.0000	0.0000	0.0000	0.0000	0.0000	0.0000	0.0000	0.0000	0.0000	0.0000	0.0000	0.0066	0.0057	0.0009	0.0000	0.0000	0.0000	0.0066	0.0056	0.0009	0.0114	0.0055	0.0059	0.0013	0.0009	0.0003	0.0101	0.0045	0.0056
69	79	0.0580	8	2	0	1	0	0	0	0	0	0	0	0	0	0	0	0	0	0	0	Y	N	N	N	N	N	N	N	N	N	N	N	N	N	N	N	N	N	0.0000	0.0000	0.0000	0.0000	0.0000	0.0000	0.0000	0.0000	0.0000	0.0000	0.0000	0.0000	0.0000	0.0000	0.0000	0.0000	0.0000	0.0000	0.0000	0.0000	0.0000	0.0000	0.0000	0.0000	0.0000	0.0000	0.0000		inf	0.0000	0.0000	1.0007	1.0047	1.2584	3.0004	0.0000	0.0000	0.0000	0.0000	0.0000	0.0000	0.0000	0.0000	0.0000	0.0000	0.0000	0.0000	0.0000	0.0000	0.0000	0.0000	0.0000	0.0000	0.0125	0.0107	0.0018	0.0003	0.0003	0.0000	0.0122	0.0104	0.0017	0.0216	0.0108	0.0108	0.0037	0.0028	0.0009	0.0179	0.0080	0.0099
69	80	0.0473	7	2	0	1	0	0	0	0	0	0	0	0	0	0	0	0	0	0	0	Y	N	N	N	N	N	N	N	N	N	N	N	N	N	N	N	N	N	0.0000	0.0000	0.0000	0.0000	0.0000	0.0000	0.0000	0.0000	0.0000	0.0000	0.0000	0.0000	0.0000	0.0000	0.0000	0.0000	0.0000	0.0000	0.0015	0.0027	0.0000	0.0039	0.0053	0.0000	0.0000	0.0000	0.0000		0.0011	0.0000	-0.0000	1.0007	1.0096	1.2584	2.0672	0.0000	0.0000	0.0000	0.0000	0.0000	0.0000	0.0000	0.0000	0.0000	0.0000	0.0000	0.0000	0.0000	0.0000	0.0000	0.0000	0.0000	0.0000	0.0129	0.0111	0.0018	0.0004	0.0004	0.0000	0.0125	0.0107	0.0018	0.0268	0.0147	0.0122	0.0101	0.0073	0.0028	0.0167	0.0073	0.0094
69	81	0.0402	6	2	0	1	0	1	0	1	0	0	0	0	0	0	0	0	0	0	0	Y	N	N	N	N	N	N	N	N	N	N	N	N	N	N	N	N	N	0.0000	0.0000	0.0000	0.0000	0.0000	0.0000	0.0000	0.0000	0.0000	0.0000	0.0000	0.0000	0.0000	0.0000	0.0000	0.0000	0.0000	0.0000	0.0028	0.0042	0.0014	0.0000	0.0000	0.0000	0.0033	0.0055	0.0015		0.3336	0.0000	-0.0000	1.0007	0.9933	1.2584	1.5154	0.0000	0.0000	0.0000	0.0000	0.0000	0.0000	0.0000	0.0000	0.0000	0.0000	0.0000	0.0000	0.0000	0.0000	0.0000	0.0000	0.0000	0.0000	0.0124	0.0107	0.0018	0.0002	0.0001	0.0000	0.0123	0.0105	0.0018	0.0140	0.0070	0.0071	0.0021	0.0017	0.0005	0.0119	0.0053	0.0066
69	82	0.0631	10	2	0	1	0	0	0	1	0	0	0	0	0	0	0	0	0	0	0	Y	N	N	N	N	N	N	N	N	N	N	N	N	N	N	N	N	N	75398.8402	0.0000	inf	0.0000	0.0000	0.0000	inf	0.0000	inf	20.1876	0.0000	142.7277	0.0000	0.0000	0.0000	20.4166	0.0000	143.2945	0.0003	0.0005	0.0000	0.0015	0.0019	0.0000	0.0000	0.0000	0.0000	inf	0.0000	0.4386	-0.0000	1.0007	4.0000	1.2584	3.0004	0.9976	0.0000	0.9976	0.0000	0.0000	0.0000	0.9976	0.0000	0.9976	0.0000	0.0000	0.0000	0.0000	0.0000	0.0000	0.0000	0.0000	0.0000	0.0494	0.0424	0.0070	0.0006	0.0005	0.0000	0.0489	0.0419	0.0070	0.0373	0.0189	0.0184	0.0065	0.0052	0.0014	0.0308	0.0138	0.0170
69	84	0.0235	3	2	0	1	0	1	0	1	0	0	0	0	0	0	0	0	0	0	0	Y	N	N	N	N	N	N	N	N	N	N	N	N	N	N	N	N	N	104.8829	81.0398	0.0000	2255.5956	1710.4739	0.0000	0.0000	0.0000	0.0000	0.0331	0.0386	0.0000	4.5059	4.6629	0.0000	0.0000	0.0000	0.0000	0.0003	0.0005	0.0002	0.0020	0.0027	0.0000	0.0001	0.0000	0.0002	0.0000	0.3661	-0.0005	-0.0000	1.0007	2.0009	1.2584	6.0608	0.0008	0.0008	0.0000	0.0008	0.0008	0.0000	0.0000	0.0000	0.0000	0.0000	0.0000	0.0000	0.0000	0.0000	0.0000	0.0000	0.0000	0.0000	0.0254	0.0217	0.0036	0.0002	0.0002	0.0000	0.0252	0.0216	0.0036	0.0437	0.0212	0.0225	0.0051	0.0037	0.0014	0.0387	0.0175	0.0212
69	85	0.0715	12	2	0	1	0	0	0	0	0	0	0	0	0	0	0	0	0	0	0	Y	N	N	N	N	N	N	N	N	N	N	N	N	N	N	N	N	N	0.0000	0.0000	0.0000	0.0000	0.0000	0.0000	0.0000	0.0000	0.0000	0.0000	0.0000	0.0000	0.0000	0.0000	0.0000	0.0000	0.0000	0.0000	0.0032	0.0060	0.0000	0.0148	0.0188	0.0001	0.0000	0.0000	0.0000		0.0020	0.0000	-0.0000	1.0007	2.0003	1.2584	2.0390	0.0000	0.0000	0.0000	0.0000	0.0000	0.0000	0.0000	0.0000	0.0000	0.0001	0.0001	0.0000	0.0001	0.0001	0.0000	0.0000	0.0000	0.0000	0.0248	0.0213	0.0035	0.0006	0.0006	0.0000	0.0241	0.0207	0.0034	0.0221	0.0118	0.0103	0.0048	0.0038	0.0010	0.0173	0.0080	0.0093
69	86	0.0642	11	2	0	1	0	1	0	1	0	0	0	0	0	0	0	0	0	0	0	Y	N	N	N	N	N	N	N	N	N	N	N	N	N	N	N	N	N	0.0000	0.0000	0.0000	0.0000	0.0000	0.0000	0.0000	0.0000	0.0000	0.0000	0.0000	0.0000	0.0000	0.0000	0.0000	0.0000	0.0000	0.0000	0.0068	0.0091	0.0044	0.0009	0.0001	0.0038	0.0080	0.0123	0.0044		0.4546	0.0000	-0.0000	1.0007	1.0005	1.2584	0.9990	0.0000	0.0000	0.0000	0.0000	0.0000	0.0000	0.0000	0.0000	0.0000	0.0001	0.0000	0.0000	0.0000	0.0000	0.0000	0.0001	0.0000	0.0000	0.0165	0.0143	0.0022	0.0024	0.0023	0.0000	0.0142	0.0119	0.0022	0.0105	0.0054	0.0051	0.0018	0.0014	0.0004	0.0087	0.0040	0.0047
69	89	0.1061	10	2	0	1	0	0	0	0	0	0	0	0	0	0	0	0	0	0	0	Y	N	N	N	N	N	N	N	N	N	N	N	N	N	N	N	N	N	0.0000	0.0000	0.0000	0.0000	0.0000	0.0000	0.0000	0.0000	0.0000	0.0000	0.0000	0.0000	0.0000	0.0000	0.0000	0.0000	0.0000	0.0000	0.0004	0.0008	0.0000	0.0025	0.0030	0.0000	0.0000	0.0000	0.0000		0.0008	0.0000	-0.0000	1.0007	0.0001	1.2584	3.9037	0.0000	0.0000	0.0000	0.0000	0.0000	0.0000	0.0000	0.0000	0.0000	0.0000	0.0000	0.0000	0.0000	0.0000	0.0000	0.0000	0.0000	0.0000	0.0000	0.0000	0.0000	0.0000	0.0000	0.0000	0.0000	0.0000	0.0000	0.0222	0.0118	0.0105	0.0038	0.0031	0.0007	0.0184	0.0087	0.0098
69	90	0.0795	9	2	0	1	0	0	0	0	0	0	0	0	0	0	0	0	0	0	0	Y	N	N	N	N	N	N	N	N	N	N	N	N	N	N	N	N	N	0.0000	0.0000	0.0000	0.0000	0.0000	0.0000	0.0000	0.0000	0.0000	0.0000	0.0000	0.0000	0.0000	0.0000	0.0000	0.0000	0.0000	0.0000	0.0002	0.0004	0.0000	0.0011	0.0013	0.0002	0.0000	0.0000	0.0000		0.0521	0.0000	-0.0000	1.0007	1.0001	1.2584	8.1987	0.0000	0.0000	0.0000	0.0000	0.0000	0.0000	0.0000	0.0000	0.0000	0.0000	0.0000	0.0000	0.0000	0.0000	0.0000	0.0000	0.0000	0.0000	0.0127	0.0109	0.0018	0.0002	0.0002	0.0000	0.0125	0.0107	0.0018	0.0544	0.0286	0.0258	0.0104	0.0081	0.0023	0.0440	0.0205	0.0235
69	91	0.0775	12	2	0	1	0	0	0	0	0	0	0	0	0	0	0	0	0	0	0	Y	N	N	N	N	N	N	N	N	N	N	N	N	N	N	N	N	N	0.0000	0.0000	0.0000	0.0000	0.0000	0.0000	0.0000	0.0000	0.0000	0.0008	0.0009	0.0000	0.0000	0.0000	0.0000	0.0008	0.0009	0.0000	17.7899	34.1506	0.0000	0.0100	0.0125	0.0000	22.2051	49.2003	0.0000	0.0000	0.0000	-0.0000	-0.4606	1.0007	1.0071	1.2584	9.1029	0.0000	0.0000	0.0000	0.0000	0.0000	0.0000	0.0000	0.0000	0.0000	0.9719	0.9719	0.0000	0.0001	0.0001	0.0000	0.9718	0.9718	0.0000	0.0128	0.0110	0.0018	0.0003	0.0003	0.0000	0.0125	0.0107	0.0018	0.0546	0.0285	0.0262	0.0109	0.0087	0.0022	0.0438	0.0198	0.0240
69	92	0.0631	11	2	0	1	0	0	0	1	0	0	0	0	0	0	0	0	0	0	0	Y	N	N	N	N	N	N	N	N	N	N	N	N	N	N	N	N	N	0.0000	0.0000	0.0000	0.0000	0.0000	0.0000	0.0000	0.0000	0.0000	0.0000	0.0000	0.0000	0.0000	0.0000	0.0000	0.0000	0.0000	0.0000	0.2180	0.4296	0.0000	0.0001	0.0001	0.0000	0.2648	0.5936	0.0000	0.0000	0.0000	-0.0000	-0.0028	1.0007	0.9988	1.2584	4.0321	0.0000	0.0000	0.0000	0.0000	0.0000	0.0000	0.0000	0.0000	0.0000	0.0059	0.0059	0.0000	0.0000	0.0000	0.0000	0.0059	0.0059	0.0000	0.0125	0.0107	0.0018	0.0001	0.0001	0.0000	0.0124	0.0106	0.0018	0.0272	0.0138	0.0134	0.0048	0.0038	0.0010	0.0224	0.0100	0.0124
69	93	0.0631	10	2	0	0	0	0	0	0	0	0	0	0	0	0	0	0	0	0	0	Y	N	N	N	N	N	N	N	N	N	N	N	N	N	N	N	N	N	0.0000	0.0000	0.0000	0.0000	0.0000	0.0000	0.0000	0.0000	0.0000	0.0000	0.0000	0.0000	0.0000	0.0000	0.0000	0.0000	0.0000	0.0000	0.0000	0.0000	0.0000	0.0000	0.0000	0.0000	0.0000	0.0000	0.0000		0.6624	0.0000	-0.0000	1.0007	0.0001	1.2584	0.0783	0.0000	0.0000	0.0000	0.0000	0.0000	0.0000	0.0000	0.0000	0.0000	0.0000	0.0000	0.0000	0.0000	0.0000	0.0000	0.0000	0.0000	0.0000	0.0000	0.0000	0.0000	0.0000	0.0000	0.0000	0.0000	0.0000	0.0000	0.0010	0.0006	0.0005	0.0004	0.0004	0.0000	0.0007	0.0002	0.0005
69	94	0.0545	9	2	0	0	0	1	0	0	0	0	0	0	0	0	0	0	0	0	0	Y	N	N	N	N	N	N	N	N	N	N	N	N	N	N	N	N	N	773.9274	0.0000	inf	0.0000	0.0000	0.0000	16593.2240	0.0000	inf	0.0013	0.0000	0.0206	0.0000	0.0000	0.0000	0.0019	0.0000	0.0206	0.0000	0.0000	0.0000	0.0000	0.0000	0.0000	0.0000	0.0000	0.0000	inf	0.0038	0.0000	-0.0000	1.0007	0.0004	1.2584	2.9660	0.0000	0.0000	0.0000	0.0000	0.0000	0.0000	0.0000	0.0000	0.0000	0.0000	0.0000	0.0000	0.0000	0.0000	0.0000	0.0000	0.0000	0.0000	0.0000	0.0000	0.0000	0.0000	0.0000	0.0000	0.0000	0.0000	0.0000	0.0161	0.0081	0.0079	0.0026	0.0021	0.0006	0.0134	0.0061	0.0074
69	104	0.0668	7	2	0	1	0	1	0	1	0	0	0	0	0	0	0	0	0	0	0	Y	N	N	N	N	N	N	N	N	N	N	N	N	N	N	N	N	N	0.0000	0.0000	0.0000	0.0000	0.0000	0.0000	0.0000	0.0000	0.0000	0.0000	0.0000	0.0000	0.0000	0.0000	0.0000	0.0000	0.0000	0.0000	0.0000	0.0000	0.0000	0.0000	0.0000	0.0000	0.0000	0.0000	0.0000			0.0000	0.0000	1.0007	1.0000	1.2584	1.0715	0.0000	0.0000	0.0000	0.0000	0.0000	0.0000	0.0000	0.0000	0.0000	0.0000	0.0000	0.0000	0.0000	0.0000	0.0000	0.0000	0.0000	0.0000	0.0127	0.0108	0.0018	0.0002	0.0002	0.0000	0.0124	0.0107	0.0018	0.0126	0.0068	0.0058	0.0025	0.0020	0.0005	0.0102	0.0048	0.0053
69	113	0.0438	6	2	0	1	0	0	0	0	0	0	0	1	0	0	0	0	0	0	0	Y	N	N	N	N	N	N	N	N	N	N	N	N	N	N	N	N	N	0.0000	0.0000	0.0000	0.0000	0.0000	0.0000	0.0000	0.0000	0.0000	0.0000	0.0000	0.0000	0.0000	0.0000	0.0000	0.0000	0.0000	0.0000	0.0000	0.0000	0.0000	0.0000	0.0000	0.0000	0.0000	0.0000	0.0000			0.0000	0.0000	1.0007	0.0000	1.2584	1.0000	0.0000	0.0000	0.0000	0.0000	0.0000	0.0000	0.0000	0.0000	0.0000	0.0000	0.0000	0.0000	0.0000	0.0000	0.0000	0.0000	0.0000	0.0000	0.0000	0.0000	0.0000	0.0000	0.0000	0.0000	0.0000	0.0000	0.0000	0.0043	0.0022	0.0022	0.0002	0.0002	0.0000	0.0042	0.0020	0.0021
69	114	0.0380	5	2	0	1	0	1	0	1	0	1	0	1	0	0	0	0	0	0	0	Y	N	N	N	N	N	N	N	N	N	N	N	N	N	N	N	N	N	0.0000	0.0000	0.0000	0.0000	0.0000	0.0000	0.0000	0.0000	0.0000	0.0000	0.0000	0.0000	0.0000	0.0000	0.0000	0.0000	0.0000	0.0000	0.0000	0.0000	0.0000	0.0000	0.0000	0.0000	0.0000	0.0000	0.0000		0.0000	0.0000	-0.0000	1.0007	0.0000	1.2584	1.0009	0.0000	0.0000	0.0000	0.0000	0.0000	0.0000	0.0000	0.0000	0.0000	0.0000	0.0000	0.0000	0.0000	0.0000	0.0000	0.0000	0.0000	0.0000	0.0000	0.0000	0.0000	0.0000	0.0000	0.0000	0.0000	0.0000	0.0000	0.0143	0.0109	0.0033	0.0051	0.0049	0.0002	0.0091	0.0060	0.0031
69	115	0.0795	9	2	0	1	0	0	0	0	0	0	0	0	0	0	0	0	0	0	0	Y	N	N	N	N	N	N	N	N	N	N	N	N	N	N	N	N	N	0.0000	0.0000	0.0000	0.0000	0.0000	0.0000	0.0000	0.0000	0.0000	0.0000	0.0000	0.0000	0.0000	0.0000	0.0000	0.0000	0.0000	0.0000	0.0000	0.0000	0.0000	0.0001	0.0000	0.0003	0.0000	0.0000	0.0000		inf	0.0000	0.0000	1.0007	0.9998	1.2584	6.9031	0.0000	0.0000	0.0000	0.0000	0.0000	0.0000	0.0000	0.0000	0.0000	0.0000	0.0000	0.0000	0.0000	0.0000	0.0000	0.0000	0.0000	0.0000	0.0127	0.0109	0.0018	0.0002	0.0002	0.0000	0.0125	0.0107	0.0018	0.0479	0.0255	0.0225	0.0096	0.0076	0.0021	0.0383	0.0179	0.0204
69	116	0.0668	8	2	0	1	0	1	0	1	0	0	0	0	0	0	0	0	0	0	0	Y	N	N	N	N	N	N	N	N	N	N	N	N	N	N	N	N	N	0.0000	0.0000	0.0000	0.0000	0.0000	0.0000	0.0000	0.0000	0.0000	0.0000	0.0000	0.0000	0.0000	0.0000	0.0000	0.0000	0.0000	0.0000	0.0004	0.0000	0.0008	0.0022	0.0000	0.0099	0.0000	0.0000	0.0000		69.3297	0.0000	0.0000	1.0007	0.0012	1.2584	4.2539	0.0000	0.0000	0.0000	0.0000	0.0000	0.0000	0.0000	0.0000	0.0000	0.0000	0.0000	0.0000	0.0000	0.0000	0.0000	0.0000	0.0000	0.0000	0.0000	0.0000	0.0000	0.0000	0.0000	0.0000	0.0000	0.0000	0.0000	0.0242	0.0125	0.0117	0.0043	0.0033	0.0010	0.0199	0.0092	0.0107
69	119	0.0487	8	2	0	1	0	1	0	0	0	0	0	1	0	0	0	0	0	0	0	Y	N	N	N	N	N	N	N	N	N	N	N	N	N	N	N	N	N	0.0000	0.0000	0.0000	0.0000	0.0000	0.0000	0.0000	0.0000	0.0000	0.0000	0.0000	0.0000	0.0000	0.0000	0.0000	0.0000	0.0000	0.0000	0.0000	0.0000	0.0000	0.0000	0.0000	0.0000	0.0000	0.0000	0.0000			0.0000	0.0000	1.0007	0.0000	1.2584	0.0000	0.0000	0.0000	0.0000	0.0000	0.0000	0.0000	0.0000	0.0000	0.0000	0.0000	0.0000	0.0000	0.0000	0.0000	0.0000	0.0000	0.0000	0.0000	0.0000	0.0000	0.0000	0.0000	0.0000	0.0000	0.0000	0.0000	0.0000	0.0000	0.0000	0.0000	0.0000	0.0000	0.0000	0.0000	0.0000	0.0000
70	73	0.0468	5	2	0	1	0	1	0	1	0	0	0	1	1	0	0	0	0	0	0	Y	N	N	N	N	N	N	N	N	N	N	N	N	N	N	N	N	N	0.0000	0.0000	0.0000	0.0000	0.0000	0.0000	0.0000	0.0000	0.0000	0.0000	0.0000	0.0000	0.0000	0.0000	0.0000	0.0000	0.0000	0.0000	0.0000	0.0000	0.0000	0.0000	0.0000	0.0000	0.0000	0.0000	0.0000			0.0000	0.0000	3.0007	0.0000	1.9606	0.0000	0.0000	0.0000	0.0000	0.0000	0.0000	0.0000	0.0000	0.0000	0.0000	0.0000	0.0000	0.0000	0.0000	0.0000	0.0000	0.0000	0.0000	0.0000	0.0000	0.0000	0.0000	0.0000	0.0000	0.0000	0.0000	0.0000	0.0000	0.0000	0.0000	0.0000	0.0000	0.0000	0.0000	0.0000	0.0000	0.0000
70	74	0.0256	3	2	0	1	0	2	0	1	0	0	0	0	0	0	0	0	0	0	0	Y	N	N	N	N	N	N	N	N	N	N	N	N	N	N	N	N	N	245.3171	0.0137	968.1912	0.0377	0.0443	0.0000	233.5389	0.0000	977.9364	8.1346	0.0000	61.6874	0.0000	0.0000	0.0000	8.6759	0.0000	62.5512	0.0332	0.0002	0.0637	0.0011	0.0010	0.0075	0.0371	0.0000	0.0640	3186654.9562	320.3994	0.4386	0.0017	3.0007	2.9595	1.9606	5.1315	0.9977	0.0000	0.9977	0.0000	0.0000	0.0000	0.9977	0.0000	0.9977	0.0032	0.0000	0.0032	0.0000	0.0000	0.0000	0.0032	0.0000	0.0032	0.1226	0.1065	0.0162	0.0077	0.0074	0.0002	0.1150	0.0990	0.0160	0.0955	0.0460	0.0496	0.0106	0.0104	0.0002	0.0849	0.0356	0.0493
70	75	0.0468	5	2	0	0	0	1	0	0	0	0	0	1	1	0	0	0	0	0	0	Y	N	N	N	N	N	N	N	N	N	N	N	N	N	N	N	N	N	0.0000	0.0000	0.0000	0.0000	0.0000	0.0000	0.0000	0.0000	0.0000	0.0000	0.0000	0.0000	0.0000	0.0000	0.0000	0.0000	0.0000	0.0000	0.0000	0.0000	0.0000	0.0000	0.0000	0.0000	0.0000	0.0000	0.0000			0.0000	0.0000	3.0007	0.0000	1.9606	1.0000	0.0000	0.0000	0.0000	0.0000	0.0000	0.0000	0.0000	0.0000	0.0000	0.0000	0.0000	0.0000	0.0000	0.0000	0.0000	0.0000	0.0000	0.0000	0.0000	0.0000	0.0000	0.0000	0.0000	0.0000	0.0000	0.0000	0.0000	0.0099	0.0060	0.0040	0.0008	0.0008	0.0001	0.0091	0.0052	0.0039
70	76	0.0468	4	2	0	0	0	1	0	0	0	0	1	1	1	0	0	0	0	0	0	Y	N	N	N	N	N	N	N	N	N	N	N	N	N	N	N	N	N	0.0000	0.0000	0.0000	0.0000	0.0000	0.0000	0.0000	0.0000	0.0000	0.0000	0.0000	0.0000	0.0000	0.0000	0.0000	0.0000	0.0000	0.0000	0.0000	0.0000	0.0000	0.0000	0.0000	0.0000	0.0000	0.0000	0.0000			0.0000	0.0000	3.0007	0.0000	1.9606	0.0000	0.0000	0.0000	0.0000	0.0000	0.0000	0.0000	0.0000	0.0000	0.0000	0.0000	0.0000	0.0000	0.0000	0.0000	0.0000	0.0000	0.0000	0.0000	0.0000	0.0000	0.0000	0.0000	0.0000	0.0000	0.0000	0.0000	0.0000	0.0012	0.0006	0.0005	0.0006	0.0006	0.0000	0.0006	0.0000	0.0005
70	77	0.0250	3	2	0	0	0	1	0	0	0	1	0	1	0	0	0	0	0	0	0	Y	N	N	N	N	N	N	N	N	N	N	N	N	N	N	N	N	N	0.0000	0.0000	0.0000	0.0000	0.0000	0.0000	0.0000	0.0000	0.0000	0.0000	0.0000	0.0000	0.0000	0.0000	0.0000	0.0000	0.0000	0.0000	0.0210	0.0416	0.0027	0.0239	0.0240	0.0000	0.0208	0.0442	0.0027		0.0740	0.0000	-0.0004	3.0007	0.0002	1.9606	3.7635	0.0000	0.0000	0.0000	0.0000	0.0000	0.0000	0.0000	0.0000	0.0000	0.0009	0.0008	0.0001	0.0001	0.0001	0.0000	0.0008	0.0007	0.0001	0.0191	0.0188	0.0002	0.0096	0.0095	0.0000	0.0095	0.0093	0.0002	0.0414	0.0195	0.0219	0.0025	0.0025	0.0000	0.0389	0.0170	0.0219
70	78	0.0192	2	2	0	0	0	2	0	0	0	0	0	0	0	0	0	0	0	0	0	Y	N	N	N	N	N	N	N	N	N	N	N	N	N	N	N	N	N	2.1923	1.2241	0.0302	87.2926	86.2714	0.0000	0.0060	0.0000	0.0302	0.0040	0.0046	0.0000	8.2363	8.2463	0.0000	0.0000	0.0000	0.0000	0.0018	0.0038	0.0002	0.0944	0.0956	0.0000	0.0001	0.0001	0.0002	0.0002	0.0512	-0.0000	-0.0000	3.0007	0.5196	1.9606	1.5432	0.0001	0.0001	0.0000	0.0001	0.0001	0.0000	0.0000	0.0000	0.0000	0.0000	0.0000	0.0000	0.0000	0.0000	0.0000	0.0000	0.0000	0.0000	0.0196	0.0168	0.0028	0.0000	0.0000	0.0000	0.0196	0.0168	0.0028	0.0215	0.0098	0.0117	0.0004	0.0004	0.0000	0.0211	0.0094	0.0117
70	79	0.0512	7	2	0	1	0	1	0	0	0	0	0	0	0	0	0	0	0	0	0	Y	N	N	N	N	N	N	N	N	N	N	N	N	N	N	N	N	N	0.0000	0.0000	0.0000	0.0000	0.0000	0.0000	0.0000	0.0000	0.0000	0.0000	0.0000	0.0000	0.0000	0.0000	0.0000	0.0000	0.0000	0.0000	0.0000	0.0000	0.0000	0.0000	0.0000	0.0000	0.0000	0.0000	0.0000		0.8571	0.0000	-0.0000	3.0007	1.0047	1.9606	3.0004	0.0000	0.0000	0.0000	0.0000	0.0000	0.0000	0.0000	0.0000	0.0000	0.0000	0.0000	0.0000	0.0000	0.0000	0.0000	0.0000	0.0000	0.0000	0.0369	0.0317	0.0052	0.0005	0.0005	0.0000	0.0364	0.0312	0.0052	0.0396	0.0186	0.0209	0.0026	0.0022	0.0004	0.0370	0.0165	0.0205
70	80	0.0405	6	2	0	1	0	1	0	0	0	0	0	0	0	0	0	0	0	0	0	Y	N	N	N	N	N	N	N	N	N	N	N	N	N	N	N	N	N	0.0000	0.0000	0.0000	0.0000	0.0000	0.0000	0.0000	0.0000	0.0000	0.0000	0.0000	0.0000	0.0000	0.0000	0.0000	0.0000	0.0000	0.0000	0.0000	0.0000	0.0000	0.0001	0.0001	0.0000	0.0000	0.0000	0.0000		0.0239	0.0000	-0.0000	3.0007	1.0096	1.9606	2.0672	0.0000	0.0000	0.0000	0.0000	0.0000	0.0000	0.0000	0.0000	0.0000	0.0000	0.0000	0.0000	0.0000	0.0000	0.0000	0.0000	0.0000	0.0000	0.0381	0.0327	0.0054	0.0009	0.0008	0.0000	0.0373	0.0319	0.0054	0.0534	0.0287	0.0247	0.0183	0.0133	0.0050	0.0350	0.0153	0.0197
70	81	0.0334	5	2	0	1	0	2	0	1	0	0	0	0	0	0	0	0	0	0	0	Y	N	N	N	N	N	N	N	N	N	N	N	N	N	N	N	N	N	0.0000	0.0000	0.0000	0.0000	0.0000	0.0000	0.0000	0.0000	0.0000	0.0000	0.0000	0.0000	0.0000	0.0000	0.0000	0.0000	0.0000	0.0000	0.0012	0.0024	0.0001	0.0093	0.0103	0.0000	0.0006	0.0013	0.0001		0.0582	0.0000	-0.0000	3.0007	0.9933	1.9606	1.5154	0.0000	0.0000	0.0000	0.0000	0.0000	0.0000	0.0000	0.0000	0.0000	0.0000	0.0000	0.0000	0.0000	0.0000	0.0000	0.0000	0.0000	0.0000	0.0368	0.0316	0.0052	0.0002	0.0002	0.0000	0.0366	0.0314	0.0052	0.0266	0.0126	0.0140	0.0018	0.0016	0.0002	0.0249	0.0110	0.0138
70	82	0.0563	9	2	0	1	0	1	0	1	0	0	0	0	0	0	0	0	0	0	0	Y	N	N	N	N	N	N	N	N	N	N	N	N	N	N	N	N	N	22.1686	0.0000	410.9776	0.0000	0.0000	0.0000	104.0013	0.0000	405.6209	0.0162	0.0000	0.1147	0.0000	0.0000	0.0000	0.0163	0.0000	0.1150	0.0007	0.0012	0.0003	0.0068	0.0074	0.0000	0.0002	0.0000	0.0003	inf	0.2435	0.0010	-0.0000	3.0007	4.0000	1.9606	3.0004	0.0024	0.0000	0.0024	0.0000	0.0000	0.0000	0.0024	0.0000	0.0024	0.0001	0.0000	0.0000	0.0000	0.0000	0.0000	0.0000	0.0000	0.0000	0.1464	0.1257	0.0207	0.0009	0.0008	0.0001	0.1455	0.1249	0.0206	0.0699	0.0341	0.0358	0.0061	0.0055	0.0006	0.0638	0.0286	0.0353
70	84	0.0167	2	2	0	1	0	2	0	1	0	0	0	0	0	0	0	0	0	0	0	Y	N	N	N	N	N	N	N	N	N	N	N	N	N	N	N	N	N	0.4576	0.8105	1.3575	173.9800	170.0008	0.0000	0.3344	0.0000	1.3528	0.0154	0.0050	0.0786	6.4793	6.4939	0.0000	0.0112	0.0000	0.0786	0.0337	0.0061	0.0579	0.0372	0.0382	0.0000	0.0335	0.0003	0.0581	2.6266	10.8162	0.0002	0.0014	3.0007	2.0009	1.9606	6.0608	0.0012	0.0003	0.0008	0.0003	0.0003	0.0000	0.0008	0.0000	0.0008	0.0031	0.0003	0.0029	0.0003	0.0003	0.0000	0.0029	0.0000	0.0029	0.0751	0.0644	0.0107	0.0000	0.0000	0.0000	0.0750	0.0644	0.0107	0.0927	0.0432	0.0495	0.0068	0.0067	0.0002	0.0859	0.0366	0.0493
70	85	0.0647	11	2	0	1	0	1	0	0	0	0	0	0	0	0	0	0	0	0	0	Y	N	N	N	N	N	N	N	N	N	N	N	N	N	N	N	N	N	0.0015	0.0009	0.0000	0.0091	0.0087	0.0000	0.0000	0.0000	0.0000	0.0000	0.0000	0.0000	0.0000	0.0000	0.0000	0.0000	0.0000	0.0000	0.0003	0.0005	0.0000	0.0024	0.0027	0.0000	0.0000	0.0000	0.0000	0.0000	0.0026	-0.0000	-0.0000	3.0007	2.0003	1.9606	2.0390	0.0000	0.0000	0.0000	0.0000	0.0000	0.0000	0.0000	0.0000	0.0000	0.0000	0.0000	0.0000	0.0000	0.0000	0.0000	0.0000	0.0000	0.0000	0.0733	0.0631	0.0102	0.0013	0.0013	0.0001	0.0720	0.0618	0.0102	0.0396	0.0203	0.0193	0.0044	0.0040	0.0004	0.0352	0.0164	0.0189
70	86	0.0574	10	2	0	1	0	2	0	1	0	0	0	0	0	0	0	0	0	0	0	Y	N	N	N	N	N	N	N	N	N	N	N	N	N	N	N	N	N	0.0028	0.0036	0.0057	0.3242	0.3016	0.0000	0.0012	0.0000	0.0057	0.0000	0.0000	0.0000	0.0000	0.0000	0.0000	0.0000	0.0000	0.0000	0.0005	0.0003	0.0008	0.0000	0.0000	0.0000	0.0006	0.0003	0.0008	0.6666	2.7112	-0.0000	0.0000	3.0007	1.0005	1.9606	0.9990	0.0000	0.0000	0.0000	0.0000	0.0000	0.0000	0.0000	0.0000	0.0000	0.0000	0.0000	0.0000	0.0000	0.0000	0.0000	0.0000	0.0000	0.0000	0.0489	0.0423	0.0066	0.0068	0.0067	0.0000	0.0421	0.0356	0.0066	0.0195	0.0097	0.0098	0.0016	0.0014	0.0001	0.0179	0.0082	0.0097
70	89	0.0993	9	2	0	1	0	1	0	0	0	0	0	0	0	0	0	0	0	0	0	Y	N	N	N	N	N	N	N	N	N	N	N	N	N	N	N	N	N	5.9125	3.2072	0.0000	337.3593	335.7395	0.0000	0.0000	0.0000	0.0000	0.0013	0.0014	0.0000	0.0039	0.0039	0.0000	0.0000	0.0000	0.0000	0.0002	0.0004	0.0000	0.0000	0.0000	0.0000	0.0002	0.0005	0.0000	0.0000	0.0036	-0.0000	-0.0000	3.0007	0.0001	1.9606	3.9037	0.0000	0.0000	0.0000	0.0000	0.0000	0.0000	0.0000	0.0000	0.0000	0.0000	0.0000	0.0000	0.0000	0.0000	0.0000	0.0000	0.0000	0.0000	0.0000	0.0000	0.0000	0.0000	0.0000	0.0000	0.0000	0.0000	0.0000	0.0424	0.0217	0.0208	0.0038	0.0037	0.0001	0.0386	0.0180	0.0206
70	90	0.0727	8	2	0	1	0	1	0	0	0	0	0	0	0	0	0	0	0	0	0	Y	N	N	N	N	N	N	N	N	N	N	N	N	N	N	N	N	N	13.3754	11.6785	0.0000	445.4764	413.8122	0.0000	0.0000	0.0000	0.0000	0.0040	0.0047	0.0000	0.4006	0.4365	0.0000	0.0000	0.0000	0.0000	0.0003	0.0004	0.0002	0.0009	0.0011	0.0000	0.0002	0.0002	0.0002	0.0000	0.4740	-0.0001	-0.0000	3.0007	1.0001	1.9606	8.1987	0.0001	0.0001	0.0000	0.0001	0.0001	0.0000	0.0000	0.0000	0.0000	0.0000	0.0000	0.0000	0.0000	0.0000	0.0000	0.0000	0.0000	0.0000	0.0375	0.0322	0.0053	0.0004	0.0003	0.0000	0.0372	0.0318	0.0053	0.1033	0.0525	0.0508	0.0116	0.0099	0.0017	0.0917	0.0426	0.0491
70	91	0.0707	11	2	0	1	0	1	0	0	0	0	0	0	0	0	0	0	0	0	0	Y	N	N	N	N	N	N	N	N	N	N	N	N	N	N	N	N	N	96.9845	56.6110	0.0000	0.0000	0.0000	0.0000	88.0862	46.2771	0.0000	26.3830	30.7110	0.0000	0.0000	0.0000	0.0000	26.9068	31.3967	0.0000	0.2720	0.5425	0.0000	0.0037	0.0040	0.0000	0.3055	0.6785	0.0000	0.0000	0.0000	-0.5597	-0.0131	3.0007	1.0071	1.9606	9.1029	0.9989	0.9989	0.0000	0.0000	0.0000	0.0000	0.9989	0.9989	0.0000	0.0277	0.0277	0.0000	0.0000	0.0000	0.0000	0.0276	0.0276	0.0000	0.0379	0.0325	0.0053	0.0007	0.0007	0.0000	0.0371	0.0318	0.0053	0.1016	0.0510	0.0507	0.0113	0.0103	0.0010	0.0904	0.0407	0.0497
70	92	0.0563	10	2	0	1	0	1	0	1	0	0	0	0	0	0	0	0	0	0	0	Y	N	N	N	N	N	N	N	N	N	N	N	N	N	N	N	N	N	8.1052	4.6106	0.0000	0.0000	0.0000	0.0000	8.4364	4.3900	0.0000	0.0269	0.0314	0.0000	0.0000	0.0000	0.0000	0.0271	0.0316	0.0000	0.0033	0.0068	0.0000	0.0044	0.0049	0.0001	0.0032	0.0072	0.0000	0.0000	0.0002	-0.0006	-0.0001	3.0007	0.9988	1.9606	4.0321	0.0010	0.0010	0.0000	0.0000	0.0000	0.0000	0.0010	0.0010	0.0000	0.0002	0.0002	0.0000	0.0000	0.0000	0.0000	0.0001	0.0001	0.0000	0.0371	0.0318	0.0053	0.0002	0.0002	0.0000	0.0369	0.0316	0.0052	0.0510	0.0249	0.0261	0.0046	0.0042	0.0004	0.0464	0.0207	0.0257
70	93	0.0563	9	2	0	0	0	1	0	0	0	0	0	0	0	0	0	0	0	0	0	Y	N	N	N	N	N	N	N	N	N	N	N	N	N	N	N	N	N	0.0000	0.0000	0.0000	0.0000	0.0000	0.0000	0.0000	0.0000	0.0000	0.0000	0.0000	0.0000	0.0000	0.0000	0.0000	0.0000	0.0000	0.0000	0.0011	0.0019	0.0000	0.0016	0.0016	0.0029	0.0008	0.0026	0.0000		0.0146	0.0000	-0.0000	3.0007	0.0001	1.9606	0.0783	0.0000	0.0000	0.0000	0.0000	0.0000	0.0000	0.0000	0.0000	0.0000	0.0000	0.0000	0.0000	0.0000	0.0000	0.0000	0.0000	0.0000	0.0000	0.0000	0.0000	0.0000	0.0000	0.0000	0.0000	0.0000	0.0000	0.0000	0.0021	0.0011	0.0010	0.0007	0.0007	0.0000	0.0014	0.0004	0.0010
70	94	0.0477	8	2	0	0	0	2	0	0	0	0	0	0	0	0	0	0	0	0	0	Y	N	N	N	N	N	N	N	N	N	N	N	N	N	N	N	N	N	6532.5587	0.0000	9158615.1584	0.0000	0.0000	0.0000	9032.3869	0.0000	9638893.8253	0.2466	0.0000	3.9660	0.0000	0.0000	0.0000	0.3595	0.0000	3.9746	0.0000	0.0001	0.0000	0.0000	0.0000	0.0000	0.0000	0.0001	0.0000	inf	0.0059	0.0000	-0.0000	3.0007	0.0004	1.9606	2.9660	0.0000	0.0000	0.0000	0.0000	0.0000	0.0000	0.0000	0.0000	0.0000	0.0000	0.0000	0.0000	0.0000	0.0000	0.0000	0.0000	0.0000	0.0000	0.0000	0.0000	0.0000	0.0000	0.0000	0.0000	0.0000	0.0000	0.0000	0.0301	0.0146	0.0155	0.0022	0.0020	0.0002	0.0279	0.0126	0.0153
70	104	0.0601	6	2	0	1	0	2	0	1	0	0	0	0	0	0	0	0	0	0	0	Y	N	N	N	N	N	N	N	N	N	N	N	N	N	N	N	N	N	0.0000	0.0000	0.0000	0.0000	0.0000	0.0000	0.0000	0.0000	0.0000	0.0000	0.0000	0.0000	0.0000	0.0000	0.0000	0.0000	0.0000	0.0000	0.0000	0.0000	0.0000	0.0000	0.0000	0.0000	0.0000	0.0000	0.0000		0.0000	0.0000	-0.0000	3.0007	1.0000	1.9606	1.0715	0.0000	0.0000	0.0000	0.0000	0.0000	0.0000	0.0000	0.0000	0.0000	0.0000	0.0000	0.0000	0.0000	0.0000	0.0000	0.0000	0.0000	0.0000	0.0375	0.0321	0.0053	0.0003	0.0003	0.0000	0.0371	0.0318	0.0053	0.0240	0.0126	0.0114	0.0028	0.0025	0.0003	0.0212	0.0101	0.0111
70	113	0.0370	5	2	0	1	0	1	0	0	0	0	0	1	0	0	0	0	0	0	0	Y	N	N	N	N	N	N	N	N	N	N	N	N	N	N	N	N	N	0.0000	0.0000	0.0000	0.0000	0.0000	0.0000	0.0000	0.0000	0.0000	0.0000	0.0000	0.0000	0.0000	0.0000	0.0000	0.0000	0.0000	0.0000	0.0000	0.0000	0.0000	0.0000	0.0000	0.0000	0.0000	0.0000	0.0000			0.0000	0.0000	3.0007	0.0000	1.9606	1.0000	0.0000	0.0000	0.0000	0.0000	0.0000	0.0000	0.0000	0.0000	0.0000	0.0000	0.0000	0.0000	0.0000	0.0000	0.0000	0.0000	0.0000	0.0000	0.0000	0.0000	0.0000	0.0000	0.0000	0.0000	0.0000	0.0000	0.0000	0.0097	0.0049	0.0048	0.0005	0.0004	0.0001	0.0092	0.0045	0.0047
70	114	0.0313	4	2	0	1	0	2	0	1	0	1	0	1	0	0	0	0	0	0	0	Y	N	N	N	N	N	N	N	N	N	N	N	N	N	N	N	N	N	0.0000	0.0000	0.0000	0.0000	0.0000	0.0000	0.0000	0.0000	0.0000	0.0000	0.0000	0.0000	0.0000	0.0000	0.0000	0.0000	0.0000	0.0000	0.0000	0.0000	0.0000	0.0000	0.0000	0.0000	0.0000	0.0000	0.0000		0.0000	0.0000	-0.0000	3.0007	0.0000	1.9606	1.0009	0.0000	0.0000	0.0000	0.0000	0.0000	0.0000	0.0000	0.0000	0.0000	0.0000	0.0000	0.0000	0.0000	0.0000	0.0000	0.0000	0.0000	0.0000	0.0000	0.0000	0.0000	0.0000	0.0000	0.0000	0.0000	0.0000	0.0000	0.0293	0.0227	0.0067	0.0100	0.0099	0.0001	0.0194	0.0128	0.0066
70	115	0.0727	8	2	0	1	0	1	0	0	0	0	0	0	0	0	0	0	0	0	0	Y	N	N	N	N	N	N	N	N	N	N	N	N	N	N	N	N	N	0.2191	0.0000	8.3619	0.0000	0.0000	0.0000	2.2060	0.0000	8.2258	0.0000	0.0000	0.0000	0.0000	0.0000	0.0000	0.0000	0.0000	0.0000	0.0000	0.0000	0.0000	0.0001	0.0001	0.0000	0.0000	0.0000	0.0000	inf	0.0980	0.0000	-0.0000	3.0007	0.9998	1.9606	6.9031	0.0000	0.0000	0.0000	0.0000	0.0000	0.0000	0.0000	0.0000	0.0000	0.0000	0.0000	0.0000	0.0000	0.0000	0.0000	0.0000	0.0000	0.0000	0.0375	0.0322	0.0053	0.0004	0.0003	0.0000	0.0371	0.0318	0.0053	0.0914	0.0470	0.0443	0.0115	0.0098	0.0017	0.0799	0.0373	0.0426
70	116	0.0601	7	2	0	1	0	2	0	1	0	0	0	0	0	0	0	0	0	0	0	Y	N	N	N	N	N	N	N	N	N	N	N	N	N	N	N	N	N	7.3499	4.2993	0.0000	76.5010	73.0806	0.0000	0.0000	0.0000	0.0000	0.0016	0.0018	0.0000	0.1748	0.1924	0.0000	0.0000	0.0000	0.0000	0.0002	0.0004	0.0000	0.0023	0.0026	0.0000	0.0000	0.0000	0.0000	0.0000	0.0077	-0.0000	-0.0000	3.0007	0.0012	1.9606	4.2539	0.0000	0.0000	0.0000	0.0000	0.0000	0.0000	0.0000	0.0000	0.0000	0.0000	0.0000	0.0000	0.0000	0.0000	0.0000	0.0000	0.0000	0.0000	0.0000	0.0000	0.0000	0.0000	0.0000	0.0000	0.0000	0.0000	0.0000	0.0457	0.0227	0.0229	0.0042	0.0036	0.0006	0.0415	0.0191	0.0224
70	119	0.0420	7	2	0	1	0	2	0	0	0	0	0	1	0	0	0	0	0	0	0	Y	N	N	N	N	N	N	N	N	N	N	N	N	N	N	N	N	N	0.0000	0.0000	0.0000	0.0000	0.0000	0.0000	0.0000	0.0000	0.0000	0.0000	0.0000	0.0000	0.0000	0.0000	0.0000	0.0000	0.0000	0.0000	0.0000	0.0000	0.0000	0.0000	0.0000	0.0000	0.0000	0.0000	0.0000			0.0000	0.0000	3.0007	0.0000	1.9606	0.0000	0.0000	0.0000	0.0000	0.0000	0.0000	0.0000	0.0000	0.0000	0.0000	0.0000	0.0000	0.0000	0.0000	0.0000	0.0000	0.0000	0.0000	0.0000	0.0000	0.0000	0.0000	0.0000	0.0000	0.0000	0.0000	0.0000	0.0000	0.0000	0.0000	0.0000	0.0000	0.0000	0.0000	0.0000	0.0000	0.0000
71	73	0.3651	12	1	0	1	0	0	0	1	0	1	0	2	1	0	0	0	0	0	0	N	N	N	N	Y	N	N	N	N	N	N	N	N	N	N	N	N	N	0.0000	0.0000	0.0000	0.0000	0.0000	0.0000	0.0000	0.0000	0.0000	0.0000	0.0000	0.0000	0.0000	0.0000	0.0000	0.0000	0.0000	0.0000	0.0000	0.0000	0.0000	0.0000	0.0000	0.0000	0.0000	0.0000	0.0000			0.0000	0.0000	6.1029	0.0000	20.9537	0.0000	0.0000	0.0000	0.0000	0.0000	0.0000	0.0000	0.0000	0.0000	0.0000	0.0000	0.0000	0.0000	0.0000	0.0000	0.0000	0.0000	0.0000	0.0000	0.0000	0.0000	0.0000	0.0000	0.0000	0.0000	0.0000	0.0000	0.0000	0.0000	0.0000	0.0000	0.0000	0.0000	0.0000	0.0000	0.0000	0.0000
71	75	0.3651	12	1	0	0	0	0	0	0	0	1	0	2	1	0	0	0	0	0	0	N	N	N	N	Y	N	N	N	N	N	N	N	N	N	N	N	N	N	0.0000	0.0000	0.0000	0.0000	0.0000	0.0000	0.0000	0.0000	0.0000	0.0000	0.0000	0.0000	0.0000	0.0000	0.0000	0.0000	0.0000	0.0000	0.0012	0.0017	0.0000	0.0033	0.0039	0.0000	0.0000	0.0000	0.0000		0.0000	0.0000	-0.0000	6.1029	0.0000	20.9537	1.0000	0.0000	0.0000	0.0000	0.0000	0.0000	0.0000	0.0000	0.0000	0.0000	0.0001	0.0001	0.0000	0.0001	0.0001	0.0000	0.0000	0.0000	0.0000	0.0000	0.0000	0.0000	0.0000	0.0000	0.0000	0.0000	0.0000	0.0000	0.0861	0.0577	0.0284	0.0307	0.0253	0.0054	0.0554	0.0324	0.0230
71	76	0.3651	11	1	0	0	0	0	0	0	0	1	1	2	1	0	0	0	0	0	0	N	N	N	N	Y	N	N	N	N	N	N	N	N	N	N	N	N	N	0.0000	0.0000	0.0000	0.0000	0.0000	0.0000	0.0000	0.0000	0.0000	0.0000	0.0000	0.0000	0.0000	0.0000	0.0000	0.0000	0.0000	0.0000	0.0000	0.0000	0.0000	0.0000	0.0000	0.0000	0.0000	0.0000	0.0000		inf	0.0000	0.0000	6.1029	0.0000	20.9537	0.0000	0.0000	0.0000	0.0000	0.0000	0.0000	0.0000	0.0000	0.0000	0.0000	0.0000	0.0000	0.0000	0.0000	0.0000	0.0000	0.0000	0.0000	0.0000	0.0000	0.0000	0.0000	0.0000	0.0000	0.0000	0.0000	0.0000	0.0000	0.0086	0.0046	0.0039	0.0044	0.0043	0.0001	0.0041	0.0003	0.0038
71	77	0.3432	10	1	0	0	0	0	0	0	0	2	0	2	0	0	0	0	0	0	0	N	N	N	N	Y	N	N	N	N	N	N	N	N	N	N	N	N	N	0.0000	0.0000	0.0000	0.0001	0.0000	0.0000	0.0000	0.0000	0.0000	0.0000	0.0000	0.0000	0.0000	0.0000	0.0000	0.0000	0.0000	0.0000	3.3747	5.5832	0.0032	0.1864	0.2070	0.0002	5.0340	11.1826	0.0035	0.0000	0.0004	-0.0000	-0.4656	6.1029	0.0002	20.9537	3.7635	0.0000	0.0000	0.0000	0.0000	0.0000	0.0000	0.0000	0.0000	0.0000	0.9831	0.9828	0.0004	0.0186	0.0186	0.0000	0.9646	0.9642	0.0004	0.0524	0.0515	0.0010	0.0268	0.0263	0.0005	0.0256	0.0252	0.0004	0.2913	0.1760	0.1153	0.0997	0.0898	0.0099	0.1916	0.0862	0.1054
71	100	0.3658	16	0	0	1	0	0	0	0	0	1	0	2	0	0	0	0	0	0	0	N	N	N	N	Y	N	N	N	N	N	N	N	N	N	N	N	N	N	0.0000	0.0000	0.0000	0.0000	0.0000	0.0000	0.0000	0.0000	0.0000	0.0000	0.0000	0.0000	0.0000	0.0000	0.0000	0.0000	0.0000	0.0000	0.0000	0.0000	0.0000	0.0000	0.0000	0.0000	0.0000	0.0000	0.0000			0.0000	0.0000	6.1029	0.0000	20.9537	0.0000	0.0000	0.0000	0.0000	0.0000	0.0000	0.0000	0.0000	0.0000	0.0000	0.0000	0.0000	0.0000	0.0000	0.0000	0.0000	0.0000	0.0000	0.0000	0.0000	0.0000	0.0000	0.0000	0.0000	0.0000	0.0000	0.0000	0.0000	0.0000	0.0000	0.0000	0.0000	0.0000	0.0000	0.0000	0.0000	0.0000
71	101	0.3602	15	0	0	1	0	0	0	0	0	1	0	2	0	0	0	0	0	0	0	N	N	N	N	Y	N	N	N	N	N	N	N	N	N	N	N	N	N	inf	inf	0.0000	inf	inf	0.0000	0.0000	0.0000	0.0000	10.0099	11.5095	0.0000	124.1175	126.9277	0.0000	0.0000	0.0000	0.0000	0.0000	0.0000	0.0000	0.0000	0.0000	0.0000	0.0000	0.0000	0.0000	0.0000		-0.4764	0.0000	6.1029	1.0000	20.9537	0.0000	0.8502	0.8502	0.0000	0.8502	0.8502	0.0000	0.0000	0.0000	0.0000	0.0000	0.0000	0.0000	0.0000	0.0000	0.0000	0.0000	0.0000	0.0000	0.0849	0.0739	0.0111	0.0068	0.0067	0.0002	0.0781	0.0672	0.0109	0.0747	0.0448	0.0298	0.0263	0.0224	0.0039	0.0484	0.0224	0.0259
71	102	0.3602	14	0	0	1	0	0	0	0	0	1	0	2	0	0	0	0	0	0	0	N	N	N	N	Y	N	N	N	N	N	N	N	N	N	N	N	N	N	0.0000	0.0000	0.0000	0.0000	0.0000	0.0000	0.0000	0.0000	0.0000	0.0000	0.0000	0.0000	0.0000	0.0000	0.0000	0.0000	0.0000	0.0000	0.0000	0.0000	0.0000	0.0000	0.0000	0.0000	0.0000	0.0000	0.0000			0.0000	0.0000	6.1029	0.0000	20.9537	0.0005	0.0000	0.0000	0.0000	0.0000	0.0000	0.0000	0.0000	0.0000	0.0000	0.0000	0.0000	0.0000	0.0000	0.0000	0.0000	0.0000	0.0000	0.0000	0.0000	0.0000	0.0000	0.0000	0.0000	0.0000	0.0000	0.0000	0.0000	0.0000	0.0000	0.0000	0.0000	0.0000	0.0000	0.0000	0.0000	0.0000
71	113	0.3552	12	1	0	1	0	0	0	0	0	1	0	2	0	0	0	0	0	0	0	N	N	N	N	Y	N	N	N	N	N	N	N	N	N	N	N	N	N	0.0000	0.0000	0.0000	0.0000	0.0000	0.0000	0.0000	0.0000	0.0000	0.0000	0.0000	0.0000	0.0000	0.0000	0.0000	0.0000	0.0000	0.0000	0.0009	0.0015	0.0000	0.0027	0.0033	0.0000	0.0000	0.0000	0.0000		0.0000	0.0000	-0.0000	6.1029	0.0000	20.9537	1.0000	0.0000	0.0000	0.0000	0.0000	0.0000	0.0000	0.0000	0.0000	0.0000	0.0001	0.0001	0.0000	0.0001	0.0001	0.0000	0.0000	0.0000	0.0000	0.0000	0.0000	0.0000	0.0000	0.0000	0.0000	0.0000	0.0000	0.0000	0.0892	0.0536	0.0357	0.0299	0.0246	0.0053	0.0593	0.0290	0.0303
71	114	0.3495	11	1	0	1	0	1	0	1	0	2	0	2	0	0	0	0	0	0	0	N	N	N	N	Y	N	N	N	N	N	N	N	N	N	N	N	N	N	0.0000	0.0000	0.0000	0.0000	0.0000	0.0000	0.0000	0.0000	0.0000	0.0000	0.0000	0.0000	0.0000	0.0000	0.0000	0.0000	0.0000	0.0000	0.0314	0.0498	0.0036	0.0870	0.1011	0.0005	0.0024	0.0004	0.0040		0.0482	0.0000	-0.0010	6.1029	0.0000	20.9537	1.0009	0.0000	0.0000	0.0000	0.0000	0.0000	0.0000	0.0000	0.0000	0.0000	0.0024	0.0023	0.0001	0.0023	0.0023	0.0000	0.0001	0.0000	0.0001	0.0000	0.0000	0.0000	0.0000	0.0000	0.0000	0.0000	0.0000	0.0000	0.0767	0.0460	0.0307	0.0263	0.0226	0.0037	0.0504	0.0234	0.0270
71	119	0.3602	14	1	0	1	0	1	0	0	0	1	0	2	0	0	0	0	0	0	0	N	N	N	N	Y	N	N	N	N	N	N	N	N	N	N	N	N	N	0.0000	0.0000	0.0000	0.0000	0.0000	0.0000	0.0000	0.0000	0.0000	0.0000	0.0000	0.0000	0.0000	0.0000	0.0000	0.0000	0.0000	0.0000	0.0000	0.0000	0.0000	0.0000	0.0000	0.0000	0.0000	0.0000	0.0000			0.0000	0.0000	6.1029	0.0000	20.9537	0.0000	0.0000	0.0000	0.0000	0.0000	0.0000	0.0000	0.0000	0.0000	0.0000	0.0000	0.0000	0.0000	0.0000	0.0000	0.0000	0.0000	0.0000	0.0000	0.0000	0.0000	0.0000	0.0000	0.0000	0.0000	0.0000	0.0000	0.0000	0.0000	0.0000	0.0000	0.0000	0.0000	0.0000	0.0000	0.0000	0.0000
71	120	0.3574	13	0	0	1	0	0	0	1	0	2	0	2	0	0	0	0	0	0	0	N	N	N	N	Y	N	N	N	N	N	N	N	N	N	N	N	N	N	496.7664	328.6151	0.0000	527.2360	454.7029	0.0000	495.4509	265.1313	0.0000	4.8335	5.3252	0.0000	14.7154	14.8147	0.0000	0.0001	0.0001	0.0000	0.0097	0.0162	0.0000	0.0279	0.0326	0.0000	0.0000	0.0000	0.0000	0.0000	0.0000	-0.0001	-0.0003	6.1029	0.0001	20.9537	1.0001	0.0001	0.0001	0.0000	0.0001	0.0001	0.0000	0.0000	0.0000	0.0000	0.0007	0.0007	0.0000	0.0007	0.0007	0.0000	0.0000	0.0000	0.0000	0.0000	0.0000	0.0000	0.0000	0.0000	0.0000	0.0000	0.0000	0.0000	0.0750	0.0450	0.0300	0.0262	0.0224	0.0037	0.0489	0.0226	0.0262
73	93	0.0749	13	2	0	1	0	0	0	1	0	0	0	1	1	0	0	0	0	0	0	Y	N	N	N	N	N	N	N	N	N	N	N	N	N	N	N	N	N	0.0000	0.0000	0.0000	0.0000	0.0000	0.0000	0.0000	0.0000	0.0000	0.0000	0.0000	0.0000	0.0000	0.0000	0.0000	0.0000	0.0000	0.0000	0.0000	0.0000	0.0000	0.0000	0.0000	0.0000	0.0000	0.0000	0.0000			0.0000	0.0000	0.0000	0.0001	0.0000	0.0783	0.0000	0.0000	0.0000	0.0000	0.0000	0.0000	0.0000	0.0000	0.0000	0.0000	0.0000	0.0000	0.0000	0.0000	0.0000	0.0000	0.0000	0.0000	0.0000	0.0000	0.0000	0.0000	0.0000	0.0000	0.0000	0.0000	0.0000	0.0000	0.0000	0.0000	0.0000	0.0000	0.0000	0.0000	0.0000	0.0000
73	94	0.0663	12	2	0	1	0	1	0	1	0	0	0	1	1	0	0	0	0	0	0	Y	N	N	N	N	N	N	N	N	N	N	N	N	N	N	N	N	N	0.0000	0.0000	0.0000	0.0000	0.0000	0.0000	0.0000	0.0000	0.0000	0.0000	0.0000	0.0000	0.0000	0.0000	0.0000	0.0000	0.0000	0.0000	0.0000	0.0000	0.0000	0.0000	0.0000	0.0000	0.0000	0.0000	0.0000			0.0000	0.0000	0.0000	0.0004	0.0000	2.9660	0.0000	0.0000	0.0000	0.0000	0.0000	0.0000	0.0000	0.0000	0.0000	0.0000	0.0000	0.0000	0.0000	0.0000	0.0000	0.0000	0.0000	0.0000	0.0000	0.0000	0.0000	0.0000	0.0000	0.0000	0.0000	0.0000	0.0000	0.0000	0.0000	0.0000	0.0000	0.0000	0.0000	0.0000	0.0000	0.0000
73	105	0.0685	9	1	0	1	0	0	0	1	0	0	1	1	2	0	0	0	0	0	0	N	N	N	N	N	Y	N	N	N	N	N	N	N	N	N	N	N	N	0.0000	0.0000	0.0000	0.0000	0.0000	0.0000	0.0000	0.0000	0.0000	0.0000	0.0000	0.0000	0.0000	0.0000	0.0000	0.0000	0.0000	0.0000	0.0000	0.0000	0.0000	0.0000	0.0000	0.0000	0.0000	0.0000	0.0000			0.0000	0.0000	0.0000	0.0000	0.0000	1.0001	0.0000	0.0000	0.0000	0.0000	0.0000	0.0000	0.0000	0.0000	0.0000	0.0000	0.0000	0.0000	0.0000	0.0000	0.0000	0.0000	0.0000	0.0000	0.0000	0.0000	0.0000	0.0000	0.0000	0.0000	0.0000	0.0000	0.0000	0.0000	0.0000	0.0000	0.0000	0.0000	0.0000	0.0000	0.0000	0.0000
73	106	0.0504	9	1	0	1	0	0	0	1	0	0	1	1	2	0	0	0	0	0	0	N	N	N	N	N	Y	N	N	N	N	N	N	N	N	N	N	N	N	0.0000	0.0000	0.0000	0.0000	0.0000	0.0000	0.0000	0.0000	0.0000	0.0000	0.0000	0.0000	0.0000	0.0000	0.0000	0.0000	0.0000	0.0000	0.0000	0.0000	0.0000	0.0000	0.0000	0.0000	0.0000	0.0000	0.0000			0.0000	0.0000	0.0000	0.0000	0.0000	0.0000	0.0000	0.0000	0.0000	0.0000	0.0000	0.0000	0.0000	0.0000	0.0000	0.0000	0.0000	0.0000	0.0000	0.0000	0.0000	0.0000	0.0000	0.0000	0.0000	0.0000	0.0000	0.0000	0.0000	0.0000	0.0000	0.0000	0.0000	0.0000	0.0000	0.0000	0.0000	0.0000	0.0000	0.0000	0.0000	0.0000
73	107	0.0589	13	1	0	1	0	0	0	1	0	0	1	1	2	0	0	0	0	0	0	N	N	N	N	N	Y	N	N	N	N	N	N	N	N	N	N	N	N	0.0000	0.0000	0.0000	0.0000	0.0000	0.0000	0.0000	0.0000	0.0000	0.0000	0.0000	0.0000	0.0000	0.0000	0.0000	0.0000	0.0000	0.0000	0.0000	0.0000	0.0000	0.0000	0.0000	0.0000	0.0000	0.0000	0.0000			0.0000	0.0000	0.0000	0.0000	0.0000	0.0000	0.0000	0.0000	0.0000	0.0000	0.0000	0.0000	0.0000	0.0000	0.0000	0.0000	0.0000	0.0000	0.0000	0.0000	0.0000	0.0000	0.0000	0.0000	0.0000	0.0000	0.0000	0.0000	0.0000	0.0000	0.0000	0.0000	0.0000	0.0000	0.0000	0.0000	0.0000	0.0000	0.0000	0.0000	0.0000	0.0000
74	75	0.0711	7	2	0	1	0	1	0	1	0	0	0	1	1	0	0	0	0	0	0	Y	N	N	N	N	N	N	N	N	N	N	N	N	N	N	N	N	N	0.0000	0.0000	0.0000	0.0000	0.0000	0.0000	0.0000	0.0000	0.0000	0.0000	0.0000	0.0000	0.0000	0.0000	0.0000	0.0000	0.0000	0.0000	0.0000	0.0000	0.0000	0.0000	0.0000	0.0000	0.0000	0.0000	0.0000			0.0000	0.0000	2.9595	0.0000	5.1315	1.0000	0.0000	0.0000	0.0000	0.0000	0.0000	0.0000	0.0000	0.0000	0.0000	0.0000	0.0000	0.0000	0.0000	0.0000	0.0000	0.0000	0.0000	0.0000	0.0000	0.0000	0.0000	0.0000	0.0000	0.0000	0.0000	0.0000	0.0000	0.0160	0.0096	0.0064	0.0013	0.0012	0.0001	0.0147	0.0084	0.0063
74	76	0.0711	6	2	0	1	0	1	0	1	0	0	1	1	1	0	0	0	0	0	0	Y	N	N	N	N	N	N	N	N	N	N	N	N	N	N	N	N	N	0.0000	0.0000	0.0000	0.0000	0.0000	0.0000	0.0000	0.0000	0.0000	0.0000	0.0000	0.0000	0.0000	0.0000	0.0000	0.0000	0.0000	0.0000	0.0000	0.0000	0.0000	0.0000	0.0000	0.0000	0.0000	0.0000	0.0000			0.0000	0.0000	2.9595	0.0000	5.1315	0.0000	0.0000	0.0000	0.0000	0.0000	0.0000	0.0000	0.0000	0.0000	0.0000	0.0000	0.0000	0.0000	0.0000	0.0000	0.0000	0.0000	0.0000	0.0000	0.0000	0.0000	0.0000	0.0000	0.0000	0.0000	0.0000	0.0000	0.0000	0.0019	0.0010	0.0009	0.0010	0.0010	0.0000	0.0010	0.0001	0.0009
74	77	0.0492	5	2	0	1	0	1	0	1	0	1	0	1	0	0	0	0	0	0	0	Y	N	N	N	N	N	N	N	N	N	N	N	N	N	N	N	N	N	0.0000	0.0000	0.0000	0.0000	0.0000	0.0000	0.0000	0.0000	0.0000	0.0000	0.0000	0.0000	0.0000	0.0000	0.0000	0.0000	0.0000	0.0000	0.0004	0.0009	0.0000	0.0044	0.0045	0.0000	0.0000	0.0000	0.0000		0.0000	0.0000	-0.0000	2.9595	0.0002	5.1315	3.7635	0.0000	0.0000	0.0000	0.0000	0.0000	0.0000	0.0000	0.0000	0.0000	0.0000	0.0000	0.0000	0.0000	0.0000	0.0000	0.0000	0.0000	0.0000	0.0187	0.0185	0.0002	0.0094	0.0093	0.0000	0.0093	0.0092	0.0002	0.0681	0.0331	0.0350	0.0069	0.0067	0.0002	0.0612	0.0263	0.0348
74	78	0.0434	4	2	0	1	0	2	0	1	0	0	0	0	0	0	0	0	0	0	0	Y	N	N	N	N	N	N	N	N	N	N	N	N	N	N	N	N	N	0.0000	0.0000	0.0000	0.0000	0.0000	0.0000	0.0000	0.0000	0.0000	0.0000	0.0000	0.0000	0.0000	0.0000	0.0000	0.0000	0.0000	0.0000	0.0016	0.0027	0.0007	0.0113	0.0118	0.0004	0.0010	0.0014	0.0007		0.2973	0.0000	-0.0000	2.9595	0.5196	5.1315	1.5432	0.0000	0.0000	0.0000	0.0000	0.0000	0.0000	0.0000	0.0000	0.0000	0.0001	0.0000	0.0000	0.0000	0.0000	0.0000	0.0000	0.0000	0.0000	0.0215	0.0187	0.0028	0.0013	0.0013	0.0000	0.0202	0.0174	0.0028	0.0353	0.0167	0.0186	0.0022	0.0021	0.0001	0.0331	0.0146	0.0185
74	93	0.0575	7	2	0	1	0	1	0	1	0	0	0	0	0	0	0	0	0	0	0	Y	N	N	N	N	N	N	N	N	N	N	N	N	N	N	N	N	N	0.0000	0.0000	0.0000	0.0000	0.0000	0.0000	0.0000	0.0000	0.0000	0.0000	0.0000	0.0000	0.0000	0.0000	0.0000	0.0000	0.0000	0.0000	0.0011	0.0016	0.0004	0.0016	0.0016	0.0025	0.0008	0.0017	0.0004		0.2239	0.0000	-0.0000	2.9595	0.0001	5.1315	0.0783	0.0000	0.0000	0.0000	0.0000	0.0000	0.0000	0.0000	0.0000	0.0000	0.0000	0.0000	0.0000	0.0000	0.0000	0.0000	0.0000	0.0000	0.0000	0.0000	0.0000	0.0000	0.0000	0.0000	0.0000	0.0000	0.0000	0.0000	0.0034	0.0018	0.0016	0.0011	0.0011	0.0000	0.0023	0.0007	0.0016
74	94	0.0489	6	2	0	1	0	2	0	1	0	0	0	0	0	0	0	0	0	0	0	Y	N	N	N	N	N	N	N	N	N	N	N	N	N	N	N	N	N	4843.7037	0.0000	162624.6015	0.0000	0.0000	0.0000	9184.4795	0.0000	163370.6013	0.2475	0.0000	4.1308	0.0000	0.0000	0.0000	0.3613	0.0000	4.1380	0.0001	0.0001	0.0000	0.0002	0.0002	0.0000	0.0000	0.0001	0.0000	inf	0.3484	0.0000	-0.0000	2.9595	0.0004	5.1315	2.9660	0.0000	0.0000	0.0000	0.0000	0.0000	0.0000	0.0000	0.0000	0.0000	0.0000	0.0000	0.0000	0.0000	0.0000	0.0000	0.0000	0.0000	0.0000	0.0000	0.0000	0.0000	0.0000	0.0000	0.0000	0.0000	0.0000	0.0000	0.0491	0.0236	0.0255	0.0032	0.0030	0.0002	0.0459	0.0206	0.0253
75	79	0.0827	11	2	0	1	0	0	0	0	0	0	0	1	1	0	0	0	0	0	0	Y	N	N	N	N	N	N	N	N	N	N	N	N	N	N	N	N	N	0.0000	0.0000	0.0000	0.0000	0.0000	0.0000	0.0000	0.0000	0.0000	0.0000	0.0000	0.0000	0.0000	0.0000	0.0000	0.0000	0.0000	0.0000	0.0000	0.0000	0.0000	0.0000	0.0000	0.0000	0.0000	0.0000	0.0000			0.0000	0.0000	0.0000	1.0047	1.0000	3.0004	0.0000	0.0000	0.0000	0.0000	0.0000	0.0000	0.0000	0.0000	0.0000	0.0000	0.0000	0.0000	0.0000	0.0000	0.0000	0.0000	0.0000	0.0000	0.0000	0.0000	0.0000	0.0000	0.0000	0.0000	0.0000	0.0000	0.0000	0.0095	0.0059	0.0036	0.0017	0.0014	0.0003	0.0077	0.0045	0.0033
75	80	0.0720	10	2	0	1	0	0	0	0	0	0	0	1	1	0	0	0	0	0	0	Y	N	N	N	N	N	N	N	N	N	N	N	N	N	N	N	N	N	0.0000	0.0000	0.0000	0.0000	0.0000	0.0000	0.0000	0.0000	0.0000	0.0000	0.0000	0.0000	0.0000	0.0000	0.0000	0.0000	0.0000	0.0000	0.0000	0.0000	0.0000	0.0000	0.0000	0.0000	0.0000	0.0000	0.0000			0.0000	0.0000	0.0000	1.0096	1.0000	2.0672	0.0000	0.0000	0.0000	0.0000	0.0000	0.0000	0.0000	0.0000	0.0000	0.0000	0.0000	0.0000	0.0000	0.0000	0.0000	0.0000	0.0000	0.0000	0.0000	0.0000	0.0000	0.0000	0.0000	0.0000	0.0000	0.0000	0.0000	0.0068	0.0043	0.0026	0.0013	0.0011	0.0001	0.0056	0.0031	0.0024
75	81	0.0649	9	2	0	1	0	1	0	1	0	0	0	1	1	0	0	0	0	0	0	Y	N	N	N	N	N	N	N	N	N	N	N	N	N	N	N	N	N	0.0000	0.0000	0.0000	0.0000	0.0000	0.0000	0.0000	0.0000	0.0000	0.0000	0.0000	0.0000	0.0000	0.0000	0.0000	0.0000	0.0000	0.0000	0.0000	0.0000	0.0000	0.0000	0.0000	0.0000	0.0000	0.0000	0.0000			0.0000	0.0000	0.0000	0.9933	1.0000	1.5154	0.0000	0.0000	0.0000	0.0000	0.0000	0.0000	0.0000	0.0000	0.0000	0.0000	0.0000	0.0000	0.0000	0.0000	0.0000	0.0000	0.0000	0.0000	0.0000	0.0000	0.0000	0.0000	0.0000	0.0000	0.0000	0.0000	0.0000	0.0048	0.0029	0.0019	0.0003	0.0003	0.0001	0.0045	0.0026	0.0019
75	82	0.0878	13	2	0	1	0	0	0	1	0	0	0	1	1	0	0	0	0	0	0	Y	N	N	N	N	N	N	N	N	N	N	N	N	N	N	N	N	N	0.0000	0.0000	0.0000	0.0000	0.0000	0.0000	0.0000	0.0000	0.0000	0.0000	0.0000	0.0000	0.0000	0.0000	0.0000	0.0000	0.0000	0.0000	75.1184	0.0000	188.3189	0.0000	0.0000	0.0000	84.1526	0.0000	196.5398		inf	0.0000	0.5260	0.0000	4.0000	1.0000	3.0004	0.0000	0.0000	0.0000	0.0000	0.0000	0.0000	0.0000	0.0000	0.0000	1.0000	0.0000	1.0000	0.0000	0.0000	0.0000	1.0000	0.0000	1.0000	0.0000	0.0000	0.0000	0.0000	0.0000	0.0000	0.0000	0.0000	0.0000	0.0133	0.0080	0.0053	0.0014	0.0012	0.0002	0.0119	0.0068	0.0051
75	84	0.0482	6	2	0	1	0	1	0	1	0	0	0	1	1	0	0	0	0	0	0	Y	N	N	N	N	N	N	N	N	N	N	N	N	N	N	N	N	N	0.0000	0.0000	0.0000	0.0000	0.0000	0.0000	0.0000	0.0000	0.0000	0.0000	0.0000	0.0000	0.0000	0.0000	0.0000	0.0000	0.0000	0.0000	0.0000	0.0000	0.0000	0.0000	0.0000	0.0000	0.0000	0.0000	0.0000			0.0000	0.0000	0.0000	2.0009	1.0000	6.0608	0.0000	0.0000	0.0000	0.0000	0.0000	0.0000	0.0000	0.0000	0.0000	0.0000	0.0000	0.0000	0.0000	0.0000	0.0000	0.0000	0.0000	0.0000	0.0000	0.0000	0.0000	0.0000	0.0000	0.0000	0.0000	0.0000	0.0000	0.0157	0.0093	0.0063	0.0012	0.0011	0.0001	0.0145	0.0083	0.0062
75	85	0.0962	15	2	0	1	0	0	0	0	0	0	0	1	1	0	0	0	0	0	0	Y	N	N	N	N	N	N	N	N	N	N	N	N	N	N	N	N	N	0.0000	0.0000	0.0000	0.0000	0.0000	0.0000	0.0000	0.0000	0.0000	0.0000	0.0000	0.0000	0.0000	0.0000	0.0000	0.0000	0.0000	0.0000	0.0000	0.0000	0.0000	0.0000	0.0000	0.0000	0.0000	0.0000	0.0000			0.0000	0.0000	0.0000	2.0003	1.0000	2.0390	0.0000	0.0000	0.0000	0.0000	0.0000	0.0000	0.0000	0.0000	0.0000	0.0000	0.0000	0.0000	0.0000	0.0000	0.0000	0.0000	0.0000	0.0000	0.0000	0.0000	0.0000	0.0000	0.0000	0.0000	0.0000	0.0000	0.0000	0.0110	0.0068	0.0041	0.0016	0.0015	0.0001	0.0093	0.0053	0.0040
75	86	0.0889	14	2	0	1	0	1	0	1	0	0	0	1	1	0	0	0	0	0	0	Y	N	N	N	N	N	N	N	N	N	N	N	N	N	N	N	N	N	0.0000	0.0000	0.0000	0.0000	0.0000	0.0000	0.0000	0.0000	0.0000	0.0000	0.0000	0.0000	0.0000	0.0000	0.0000	0.0000	0.0000	0.0000	0.0000	0.0000	0.0000	0.0000	0.0000	0.0000	0.0000	0.0000	0.0000			0.0000	0.0000	0.0000	1.0005	1.0000	0.9990	0.0000	0.0000	0.0000	0.0000	0.0000	0.0000	0.0000	0.0000	0.0000	0.0000	0.0000	0.0000	0.0000	0.0000	0.0000	0.0000	0.0000	0.0000	0.0000	0.0000	0.0000	0.0000	0.0000	0.0000	0.0000	0.0000	0.0000	0.0038	0.0023	0.0016	0.0003	0.0002	0.0000	0.0036	0.0021	0.0015
75	89	0.1207	11	2	0	1	0	0	0	0	0	0	0	1	1	0	0	0	0	0	0	Y	N	N	N	N	N	N	N	N	N	N	N	N	N	N	N	N	N	0.0000	0.0000	0.0000	0.0000	0.0000	0.0000	0.0000	0.0000	0.0000	0.0000	0.0000	0.0000	0.0000	0.0000	0.0000	0.0000	0.0000	0.0000	0.0000	0.0000	0.0000	0.0000	0.0000	0.0000	0.0000	0.0000	0.0000			0.0000	0.0000	0.0000	0.0001	1.0000	3.9037	0.0000	0.0000	0.0000	0.0000	0.0000	0.0000	0.0000	0.0000	0.0000	0.0000	0.0000	0.0000	0.0000	0.0000	0.0000	0.0000	0.0000	0.0000	0.0000	0.0000	0.0000	0.0000	0.0000	0.0000	0.0000	0.0000	0.0000	0.0087	0.0052	0.0035	0.0010	0.0009	0.0001	0.0077	0.0043	0.0034
75	90	0.0941	10	2	0	1	0	0	0	0	0	0	0	1	1	0	0	0	0	0	0	Y	N	N	N	N	N	N	N	N	N	N	N	N	N	N	N	N	N	0.0000	0.0000	0.0000	0.0000	0.0000	0.0000	0.0000	0.0000	0.0000	0.0000	0.0000	0.0000	0.0000	0.0000	0.0000	0.0000	0.0000	0.0000	0.0000	0.0000	0.0000	0.0000	0.0000	0.0000	0.0000	0.0000	0.0000			0.0000	0.0000	0.0000	1.0001	1.0000	8.1987	0.0000	0.0000	0.0000	0.0000	0.0000	0.0000	0.0000	0.0000	0.0000	0.0000	0.0000	0.0000	0.0000	0.0000	0.0000	0.0000	0.0000	0.0000	0.0000	0.0000	0.0000	0.0000	0.0000	0.0000	0.0000	0.0000	0.0000	0.0265	0.0174	0.0091	0.0083	0.0067	0.0016	0.0182	0.0107	0.0075
75	91	0.1022	15	2	0	1	0	0	0	0	0	0	0	1	1	0	0	0	0	0	0	Y	N	N	N	N	N	N	N	N	N	N	N	N	N	N	N	N	N	0.0000	0.0000	0.0000	0.0000	0.0000	0.0000	0.0000	0.0000	0.0000	0.0000	0.0000	0.0000	0.0000	0.0000	0.0000	0.0000	0.0000	0.0000	0.0000	0.0000	0.0000	0.0000	0.0000	0.0000	0.0000	0.0000	0.0000			0.0000	0.0000	0.0000	1.0071	1.0000	9.1029	0.0000	0.0000	0.0000	0.0000	0.0000	0.0000	0.0000	0.0000	0.0000	0.0000	0.0000	0.0000	0.0000	0.0000	0.0000	0.0000	0.0000	0.0000	0.0000	0.0000	0.0000	0.0000	0.0000	0.0000	0.0000	0.0000	0.0000	0.0192	0.0116	0.0076	0.0022	0.0018	0.0003	0.0171	0.0098	0.0073
75	92	0.0878	14	2	0	1	0	0	0	1	0	0	0	1	1	0	0	0	0	0	0	Y	N	N	N	N	N	N	N	N	N	N	N	N	N	N	N	N	N	0.0000	0.0000	0.0000	0.0000	0.0000	0.0000	0.0000	0.0000	0.0000	0.0000	0.0000	0.0000	0.0000	0.0000	0.0000	0.0000	0.0000	0.0000	0.0010	0.0017	0.0000	0.0097	0.0114	0.0000	0.0000	0.0000	0.0000		0.0000	0.0000	-0.0000	0.0000	0.9988	1.0000	4.0321	0.0000	0.0000	0.0000	0.0000	0.0000	0.0000	0.0000	0.0000	0.0000	0.0000	0.0000	0.0000	0.0000	0.0000	0.0000	0.0000	0.0000	0.0000	0.0000	0.0000	0.0000	0.0000	0.0000	0.0000	0.0000	0.0000	0.0000	0.0096	0.0058	0.0038	0.0010	0.0009	0.0002	0.0086	0.0049	0.0037
75	93	0.0878	13	2	0	0	0	0	0	0	0	0	0	1	1	0	0	0	0	0	0	Y	N	N	N	N	N	N	N	N	N	N	N	N	N	N	N	N	N	0.0000	0.0000	0.0000	0.0000	0.0000	0.0000	0.0000	0.0000	0.0000	0.0000	0.0000	0.0000	0.0000	0.0000	0.0000	0.0000	0.0000	0.0000	0.1282	0.1059	0.1624	0.5618	0.6557	0.0000	0.0723	0.0000	0.1694		1.0000	0.0000	0.0000	0.0000	0.0001	1.0000	0.0783	0.0000	0.0000	0.0000	0.0000	0.0000	0.0000	0.0000	0.0000	0.0000	0.0000	0.0000	0.0000	0.0000	0.0000	0.0000	0.0000	0.0000	0.0000	0.0000	0.0000	0.0000	0.0000	0.0000	0.0000	0.0000	0.0000	0.0000	0.0002	0.0001	0.0001	0.0000	0.0000	0.0000	0.0001	0.0001	0.0001
75	94	0.0792	12	2	0	0	0	1	0	0	0	0	0	1	1	0	0	0	0	0	0	Y	N	N	N	N	N	N	N	N	N	N	N	N	N	N	N	N	N	0.0000	0.0000	0.0000	0.0000	0.0000	0.0000	0.0000	0.0000	0.0000	0.0000	0.0000	0.0000	0.0000	0.0000	0.0000	0.0000	0.0000	0.0000	0.0017	0.0000	0.0043	0.0000	0.0000	0.0000	0.0019	0.0000	0.0045		inf	0.0000	0.0000	0.0000	0.0004	1.0000	2.9660	0.0000	0.0000	0.0000	0.0000	0.0000	0.0000	0.0000	0.0000	0.0000	0.0000	0.0000	0.0000	0.0000	0.0000	0.0000	0.0000	0.0000	0.0000	0.0000	0.0000	0.0000	0.0000	0.0000	0.0000	0.0000	0.0000	0.0000	0.0058	0.0035	0.0023	0.0004	0.0004	0.0001	0.0053	0.0031	0.0022
75	100	0.0689	11	1	0	1	0	0	0	0	0	0	0	2	1	0	0	0	0	0	0	N	N	N	N	Y	N	N	N	N	N	N	N	N	N	N	N	N	N	0.0000	0.0000	0.0000	0.0000	0.0000	0.0000	0.0000	0.0000	0.0000	0.0000	0.0000	0.0000	0.0000	0.0000	0.0000	0.0000	0.0000	0.0000	0.0000	0.0000	0.0000	0.0000	0.0000	0.0000	0.0000	0.0000	0.0000			0.0000	0.0000	0.0000	0.0000	1.0000	0.0000	0.0000	0.0000	0.0000	0.0000	0.0000	0.0000	0.0000	0.0000	0.0000	0.0000	0.0000	0.0000	0.0000	0.0000	0.0000	0.0000	0.0000	0.0000	0.0000	0.0000	0.0000	0.0000	0.0000	0.0000	0.0000	0.0000	0.0000	0.0000	0.0000	0.0000	0.0000	0.0000	0.0000	0.0000	0.0000	0.0000
75	101	0.0633	10	1	0	1	0	0	0	0	0	0	0	2	1	0	0	0	0	0	0	N	N	N	N	Y	N	N	N	N	N	N	N	N	N	N	N	N	N	0.0000	0.0000	0.0000	0.0000	0.0000	0.0000	0.0000	0.0000	0.0000	0.0000	0.0000	0.0000	0.0000	0.0000	0.0000	0.0000	0.0000	0.0000	0.0000	0.0000	0.0000	0.0000	0.0000	0.0000	0.0000	0.0000	0.0000			0.0000	0.0000	0.0000	1.0000	1.0000	0.0000	0.0000	0.0000	0.0000	0.0000	0.0000	0.0000	0.0000	0.0000	0.0000	0.0000	0.0000	0.0000	0.0000	0.0000	0.0000	0.0000	0.0000	0.0000	0.0000	0.0000	0.0000	0.0000	0.0000	0.0000	0.0000	0.0000	0.0000	0.0020	0.0012	0.0008	0.0002	0.0002	0.0001	0.0017	0.0010	0.0007
75	102	0.0633	9	1	0	1	0	0	0	0	0	0	0	2	1	0	0	0	0	0	0	N	N	N	N	Y	N	N	N	N	N	N	N	N	N	N	N	N	N	0.0000	0.0000	0.0000	0.0000	0.0000	0.0000	0.0000	0.0000	0.0000	0.0000	0.0000	0.0000	0.0000	0.0000	0.0000	0.0000	0.0000	0.0000	0.0000	0.0000	0.0000	0.0000	0.0000	0.0000	0.0000	0.0000	0.0000			0.0000	0.0000	0.0000	0.0000	1.0000	0.0005	0.0000	0.0000	0.0000	0.0000	0.0000	0.0000	0.0000	0.0000	0.0000	0.0000	0.0000	0.0000	0.0000	0.0000	0.0000	0.0000	0.0000	0.0000	0.0000	0.0000	0.0000	0.0000	0.0000	0.0000	0.0000	0.0000	0.0000	0.0000	0.0000	0.0000	0.0000	0.0000	0.0000	0.0000	0.0000	0.0000
75	104	0.0814	8	2	0	1	0	1	0	1	0	0	0	1	1	0	0	0	0	0	0	Y	N	N	N	N	N	N	N	N	N	N	N	N	N	N	N	N	N	0.0000	0.0000	0.0000	0.0000	0.0000	0.0000	0.0000	0.0000	0.0000	0.0000	0.0000	0.0000	0.0000	0.0000	0.0000	0.0000	0.0000	0.0000	0.0000	0.0000	0.0000	0.0000	0.0000	0.0000	0.0000	0.0000	0.0000			0.0000	0.0000	0.0000	1.0000	1.0000	1.0715	0.0000	0.0000	0.0000	0.0000	0.0000	0.0000	0.0000	0.0000	0.0000	0.0000	0.0000	0.0000	0.0000	0.0000	0.0000	0.0000	0.0000	0.0000	0.0000	0.0000	0.0000	0.0000	0.0000	0.0000	0.0000	0.0000	0.0000	0.0041	0.0024	0.0017	0.0005	0.0004	0.0001	0.0036	0.0020	0.0016
75	105	0.0814	9	1	0	0	0	0	0	0	0	0	1	1	2	0	0	0	0	0	0	N	N	N	N	N	Y	N	N	N	N	N	N	N	N	N	N	N	N	0.0000	0.0000	0.0000	0.0000	0.0000	0.0000	0.0000	0.0000	0.0000	0.0000	0.0000	0.0000	0.0000	0.0000	0.0000	0.0000	0.0000	0.0000	0.0000	0.0000	0.0000	0.0000	0.0000	0.0000	0.0000	0.0000	0.0000			0.0000	0.0000	0.0000	0.0000	1.0000	1.0001	0.0000	0.0000	0.0000	0.0000	0.0000	0.0000	0.0000	0.0000	0.0000	0.0000	0.0000	0.0000	0.0000	0.0000	0.0000	0.0000	0.0000	0.0000	0.0000	0.0000	0.0000	0.0000	0.0000	0.0000	0.0000	0.0000	0.0000	0.0020	0.0012	0.0008	0.0003	0.0002	0.0001	0.0018	0.0010	0.0008
75	106	0.0633	9	1	0	0	0	0	0	0	0	0	1	1	2	0	0	0	0	0	0	N	N	N	N	N	Y	N	N	N	N	N	N	N	N	N	N	N	N	0.0000	0.0000	0.0000	0.0000	0.0000	0.0000	0.0000	0.0000	0.0000	0.0000	0.0000	0.0000	0.0000	0.0000	0.0000	0.0000	0.0000	0.0000	0.0000	0.0000	0.0000	0.0000	0.0000	0.0000	0.0000	0.0000	0.0000			0.0000	0.0000	0.0000	0.0000	1.0000	0.0000	0.0000	0.0000	0.0000	0.0000	0.0000	0.0000	0.0000	0.0000	0.0000	0.0000	0.0000	0.0000	0.0000	0.0000	0.0000	0.0000	0.0000	0.0000	0.0000	0.0000	0.0000	0.0000	0.0000	0.0000	0.0000	0.0000	0.0000	0.0000	0.0000	0.0000	0.0000	0.0000	0.0000	0.0000	0.0000	0.0000
75	107	0.0718	13	1	0	0	0	0	0	0	0	0	1	1	2	0	0	0	0	0	0	N	N	N	N	N	Y	N	N	N	N	N	N	N	N	N	N	N	N	0.0000	0.0000	0.0000	0.0000	0.0000	0.0000	0.0000	0.0000	0.0000	0.0000	0.0000	0.0000	0.0000	0.0000	0.0000	0.0000	0.0000	0.0000	0.0000	0.0000	0.0000	0.0000	0.0000	0.0000	0.0000	0.0000	0.0000			0.0000	0.0000	0.0000	0.0000	1.0000	0.0000	0.0000	0.0000	0.0000	0.0000	0.0000	0.0000	0.0000	0.0000	0.0000	0.0000	0.0000	0.0000	0.0000	0.0000	0.0000	0.0000	0.0000	0.0000	0.0000	0.0000	0.0000	0.0000	0.0000	0.0000	0.0000	0.0000	0.0000	0.0000	0.0000	0.0000	0.0000	0.0000	0.0000	0.0000	0.0000	0.0000
75	113	0.0583	7	2	0	1	0	0	0	0	0	0	0	2	1	0	0	0	0	0	0	Y	N	N	N	Y	N	N	N	N	N	N	N	N	N	N	N	N	N	0.0000	0.0000	0.0000	0.0000	0.0000	0.0000	0.0000	0.0000	0.0000	0.0000	0.0000	0.0000	0.0000	0.0000	0.0000	0.0000	0.0000	0.0000	0.0000	0.0000	0.0000	0.0000	0.0000	0.0000	0.0000	0.0000	0.0000			0.0000	0.0000	0.0000	0.0000	1.0000	1.0000	0.0000	0.0000	0.0000	0.0000	0.0000	0.0000	0.0000	0.0000	0.0000	0.0000	0.0000	0.0000	0.0000	0.0000	0.0000	0.0000	0.0000	0.0000	0.0000	0.0000	0.0000	0.0000	0.0000	0.0000	0.0000	0.0000	0.0000	0.0043	0.0025	0.0018	0.0004	0.0003	0.0001	0.0039	0.0022	0.0017
75	114	0.0526	6	2	0	1	0	1	0	1	0	1	0	2	1	0	0	0	0	0	0	Y	N	N	N	Y	N	N	N	N	N	N	N	N	N	N	N	N	N	0.0000	0.0000	0.0000	0.0000	0.0000	0.0000	0.0000	0.0000	0.0000	0.0000	0.0000	0.0000	0.0000	0.0000	0.0000	0.0000	0.0000	0.0000	0.0000	0.0000	0.0000	0.0000	0.0000	0.0000	0.0000	0.0000	0.0000			0.0000	0.0000	0.0000	0.0000	1.0000	1.0009	0.0000	0.0000	0.0000	0.0000	0.0000	0.0000	0.0000	0.0000	0.0000	0.0000	0.0000	0.0000	0.0000	0.0000	0.0000	0.0000	0.0000	0.0000	0.0000	0.0000	0.0000	0.0000	0.0000	0.0000	0.0000	0.0000	0.0000	0.0020	0.0012	0.0008	0.0002	0.0002	0.0000	0.0018	0.0010	0.0008
75	115	0.0941	10	2	0	1	0	0	0	0	0	0	0	1	1	0	0	0	0	0	0	Y	N	N	N	N	N	N	N	N	N	N	N	N	N	N	N	N	N	0.0000	0.0000	0.0000	0.0000	0.0000	0.0000	0.0000	0.0000	0.0000	0.0000	0.0000	0.0000	0.0000	0.0000	0.0000	0.0000	0.0000	0.0000	0.0000	0.0000	0.0000	0.0000	0.0000	0.0000	0.0000	0.0000	0.0000			0.0000	0.0000	0.0000	0.9998	1.0000	6.9031	0.0000	0.0000	0.0000	0.0000	0.0000	0.0000	0.0000	0.0000	0.0000	0.0000	0.0000	0.0000	0.0000	0.0000	0.0000	0.0000	0.0000	0.0000	0.0000	0.0000	0.0000	0.0000	0.0000	0.0000	0.0000	0.0000	0.0000	0.0242	0.0160	0.0081	0.0081	0.0066	0.0016	0.0160	0.0095	0.0066
75	116	0.0814	9	2	0	1	0	1	0	1	0	0	0	1	1	0	0	0	0	0	0	Y	N	N	N	N	N	N	N	N	N	N	N	N	N	N	N	N	N	0.0000	0.0000	0.0000	0.0000	0.0000	0.0000	0.0000	0.0000	0.0000	0.0000	0.0000	0.0000	0.0000	0.0000	0.0000	0.0000	0.0000	0.0000	0.0000	0.0000	0.0000	0.0000	0.0000	0.0000	0.0000	0.0000	0.0000			0.0000	0.0000	0.0000	0.0012	1.0000	4.2539	0.0000	0.0000	0.0000	0.0000	0.0000	0.0000	0.0000	0.0000	0.0000	0.0000	0.0000	0.0000	0.0000	0.0000	0.0000	0.0000	0.0000	0.0000	0.0000	0.0000	0.0000	0.0000	0.0000	0.0000	0.0000	0.0000	0.0000	0.0084	0.0050	0.0034	0.0010	0.0008	0.0002	0.0073	0.0042	0.0032
75	119	0.0633	9	2	0	1	0	1	0	0	0	0	0	2	1	0	0	0	0	0	0	Y	N	N	N	Y	N	N	N	N	N	N	N	N	N	N	N	N	N	0.0000	0.0000	0.0000	0.0000	0.0000	0.0000	0.0000	0.0000	0.0000	0.0000	0.0000	0.0000	0.0000	0.0000	0.0000	0.0000	0.0000	0.0000	0.0000	0.0000	0.0000	0.0000	0.0000	0.0000	0.0000	0.0000	0.0000			0.0000	0.0000	0.0000	0.0000	1.0000	0.0000	0.0000	0.0000	0.0000	0.0000	0.0000	0.0000	0.0000	0.0000	0.0000	0.0000	0.0000	0.0000	0.0000	0.0000	0.0000	0.0000	0.0000	0.0000	0.0000	0.0000	0.0000	0.0000	0.0000	0.0000	0.0000	0.0000	0.0000	0.0000	0.0000	0.0000	0.0000	0.0000	0.0000	0.0000	0.0000	0.0000
75	120	0.0605	8	1	0	1	0	0	0	1	0	1	0	2	1	0	0	0	0	0	0	N	N	N	N	Y	N	N	N	N	N	N	N	N	N	N	N	N	N	0.0000	0.0000	0.0000	0.0000	0.0000	0.0000	0.0000	0.0000	0.0000	0.0000	0.0000	0.0000	0.0000	0.0000	0.0000	0.0000	0.0000	0.0000	0.0000	0.0000	0.0000	0.0000	0.0000	0.0000	0.0000	0.0000	0.0000			0.0000	0.0000	0.0000	0.0001	1.0000	1.0001	0.0000	0.0000	0.0000	0.0000	0.0000	0.0000	0.0000	0.0000	0.0000	0.0000	0.0000	0.0000	0.0000	0.0000	0.0000	0.0000	0.0000	0.0000	0.0000	0.0000	0.0000	0.0000	0.0000	0.0000	0.0000	0.0000	0.0000	0.0020	0.0012	0.0008	0.0002	0.0002	0.0001	0.0017	0.0010	0.0007
76	79	0.0699	10	2	0	1	0	0	0	0	0	0	1	1	1	0	0	0	0	0	0	Y	N	N	N	N	N	N	N	N	N	N	N	N	N	N	N	N	N	0.0000	0.0000	0.0000	0.0000	0.0000	0.0000	0.0000	0.0000	0.0000	0.0000	0.0000	0.0000	0.0000	0.0000	0.0000	0.0000	0.0000	0.0000	0.0000	0.0000	0.0000	0.0000	0.0000	0.0000	0.0000	0.0000	0.0000			0.0000	0.0000	0.0000	1.0047	0.0000	3.0004	0.0000	0.0000	0.0000	0.0000	0.0000	0.0000	0.0000	0.0000	0.0000	0.0000	0.0000	0.0000	0.0000	0.0000	0.0000	0.0000	0.0000	0.0000	0.0000	0.0000	0.0000	0.0000	0.0000	0.0000	0.0000	0.0000	0.0000	0.0011	0.0006	0.0005	0.0006	0.0006	0.0000	0.0006	0.0000	0.0005
76	80	0.0591	9	2	0	1	0	0	0	0	0	0	1	1	1	0	0	0	0	0	0	Y	N	N	N	N	N	N	N	N	N	N	N	N	N	N	N	N	N	0.0000	0.0000	0.0000	0.0000	0.0000	0.0000	0.0000	0.0000	0.0000	0.0000	0.0000	0.0000	0.0000	0.0000	0.0000	0.0000	0.0000	0.0000	0.0000	0.0000	0.0000	0.0000	0.0000	0.0000	0.0000	0.0000	0.0000			0.0000	0.0000	0.0000	1.0096	0.0000	2.0672	0.0000	0.0000	0.0000	0.0000	0.0000	0.0000	0.0000	0.0000	0.0000	0.0000	0.0000	0.0000	0.0000	0.0000	0.0000	0.0000	0.0000	0.0000	0.0000	0.0000	0.0000	0.0000	0.0000	0.0000	0.0000	0.0000	0.0000	0.0007	0.0004	0.0003	0.0004	0.0004	0.0000	0.0004	0.0000	0.0003
76	81	0.0521	8	2	0	1	0	1	0	1	0	0	1	1	1	0	0	0	0	0	0	Y	N	N	N	N	N	N	N	N	N	N	N	N	N	N	N	N	N	0.0000	0.0000	0.0000	0.0000	0.0000	0.0000	0.0000	0.0000	0.0000	0.0000	0.0000	0.0000	0.0000	0.0000	0.0000	0.0000	0.0000	0.0000	0.0000	0.0000	0.0000	0.0000	0.0000	0.0000	0.0000	0.0000	0.0000			0.0000	0.0000	0.0000	0.9933	0.0000	1.5154	0.0000	0.0000	0.0000	0.0000	0.0000	0.0000	0.0000	0.0000	0.0000	0.0000	0.0000	0.0000	0.0000	0.0000	0.0000	0.0000	0.0000	0.0000	0.0000	0.0000	0.0000	0.0000	0.0000	0.0000	0.0000	0.0000	0.0000	0.0006	0.0003	0.0003	0.0003	0.0003	0.0000	0.0003	0.0000	0.0003
76	82	0.0749	12	2	0	1	0	0	0	1	0	0	1	1	1	0	0	0	0	0	0	Y	N	N	N	N	N	N	N	N	N	N	N	N	N	N	N	N	N	0.0000	0.0000	0.0000	0.0000	0.0000	0.0000	0.0000	0.0000	0.0000	0.0000	0.0000	0.0000	0.0000	0.0000	0.0000	0.0000	0.0000	0.0000	0.0000	0.0000	0.0000	0.0000	0.0000	0.0000	0.0000	0.0000	0.0000			0.0000	0.0000	0.0000	4.0000	0.0000	3.0004	0.0000	0.0000	0.0000	0.0000	0.0000	0.0000	0.0000	0.0000	0.0000	0.0000	0.0000	0.0000	0.0000	0.0000	0.0000	0.0000	0.0000	0.0000	0.0000	0.0000	0.0000	0.0000	0.0000	0.0000	0.0000	0.0000	0.0000	0.0017	0.0009	0.0008	0.0009	0.0008	0.0000	0.0008	0.0001	0.0008
76	84	0.0354	5	2	0	1	0	1	0	1	0	0	1	1	1	0	0	0	0	0	0	Y	N	N	N	N	N	N	N	N	N	N	N	N	N	N	N	N	N	0.0000	0.0000	0.0000	0.0000	0.0000	0.0000	0.0000	0.0000	0.0000	0.0000	0.0000	0.0000	0.0000	0.0000	0.0000	0.0000	0.0000	0.0000	0.0000	0.0000	0.0000	0.0000	0.0000	0.0000	0.0000	0.0000	0.0000			0.0000	0.0000	0.0000	2.0009	0.0000	6.0608	0.0000	0.0000	0.0000	0.0000	0.0000	0.0000	0.0000	0.0000	0.0000	0.0000	0.0000	0.0000	0.0000	0.0000	0.0000	0.0000	0.0000	0.0000	0.0000	0.0000	0.0000	0.0000	0.0000	0.0000	0.0000	0.0000	0.0000	0.0019	0.0010	0.0009	0.0009	0.0009	0.0000	0.0009	0.0001	0.0009
76	85	0.0833	14	2	0	1	0	0	0	0	0	0	1	1	1	0	0	0	0	0	0	Y	N	N	N	N	N	N	N	N	N	N	N	N	N	N	N	N	N	0.0000	0.0000	0.0000	0.0000	0.0000	0.0000	0.0000	0.0000	0.0000	0.0000	0.0000	0.0000	0.0000	0.0000	0.0000	0.0000	0.0000	0.0000	0.0000	0.0000	0.0000	0.0000	0.0000	0.0000	0.0000	0.0000	0.0000			0.0000	0.0000	0.0000	2.0003	0.0000	2.0390	0.0000	0.0000	0.0000	0.0000	0.0000	0.0000	0.0000	0.0000	0.0000	0.0000	0.0000	0.0000	0.0000	0.0000	0.0000	0.0000	0.0000	0.0000	0.0000	0.0000	0.0000	0.0000	0.0000	0.0000	0.0000	0.0000	0.0000	0.0013	0.0007	0.0006	0.0007	0.0006	0.0000	0.0006	0.0001	0.0006
76	86	0.0760	13	2	0	1	0	1	0	1	0	0	1	1	1	0	0	0	0	0	0	Y	N	N	N	N	N	N	N	N	N	N	N	N	N	N	N	N	N	0.0000	0.0000	0.0000	0.0000	0.0000	0.0000	0.0000	0.0000	0.0000	0.0000	0.0000	0.0000	0.0000	0.0000	0.0000	0.0000	0.0000	0.0000	0.0000	0.0000	0.0000	0.0000	0.0000	0.0000	0.0000	0.0000	0.0000			0.0000	0.0000	0.0000	1.0005	0.0000	0.9990	0.0000	0.0000	0.0000	0.0000	0.0000	0.0000	0.0000	0.0000	0.0000	0.0000	0.0000	0.0000	0.0000	0.0000	0.0000	0.0000	0.0000	0.0000	0.0000	0.0000	0.0000	0.0000	0.0000	0.0000	0.0000	0.0000	0.0000	0.0005	0.0003	0.0002	0.0002	0.0002	0.0000	0.0002	0.0000	0.0002
76	89	0.1078	10	2	0	1	0	0	0	0	0	0	1	1	1	0	0	0	0	0	0	Y	N	N	N	N	N	N	N	N	N	N	N	N	N	N	N	N	N	0.0000	0.0000	0.0000	0.0000	0.0000	0.0000	0.0000	0.0000	0.0000	0.0000	0.0000	0.0000	0.0000	0.0000	0.0000	0.0000	0.0000	0.0000	0.0000	0.0000	0.0000	0.0000	0.0000	0.0000	0.0000	0.0000	0.0000			0.0000	0.0000	0.0000	0.0001	0.0000	3.9037	0.0000	0.0000	0.0000	0.0000	0.0000	0.0000	0.0000	0.0000	0.0000	0.0000	0.0000	0.0000	0.0000	0.0000	0.0000	0.0000	0.0000	0.0000	0.0000	0.0000	0.0000	0.0000	0.0000	0.0000	0.0000	0.0000	0.0000	0.0009	0.0005	0.0004	0.0005	0.0005	0.0000	0.0005	0.0000	0.0004
76	90	0.0812	9	2	0	1	0	0	0	0	0	0	1	1	1	0	0	0	0	0	0	Y	N	N	N	N	N	N	N	N	N	N	N	N	N	N	N	N	N	0.0000	0.0000	0.0000	0.0000	0.0000	0.0000	0.0000	0.0000	0.0000	0.0000	0.0000	0.0000	0.0000	0.0000	0.0000	0.0000	0.0000	0.0000	0.0001	0.0000	0.0001	0.0001	0.0000	0.0090	0.0000	0.0000	0.0000		inf	0.0000	0.0000	0.0000	1.0001	0.0000	8.1987	0.0000	0.0000	0.0000	0.0000	0.0000	0.0000	0.0000	0.0000	0.0000	0.0000	0.0000	0.0000	0.0000	0.0000	0.0000	0.0000	0.0000	0.0000	0.0000	0.0000	0.0000	0.0000	0.0000	0.0000	0.0000	0.0000	0.0000	0.0022	0.0012	0.0010	0.0011	0.0011	0.0000	0.0011	0.0001	0.0010
76	91	0.0893	14	2	0	1	0	0	0	0	0	0	1	1	1	0	0	0	0	0	0	Y	N	N	N	N	N	N	N	N	N	N	N	N	N	N	N	N	N	0.0000	0.0000	0.0000	0.0000	0.0000	0.0000	0.0000	0.0000	0.0000	0.0000	0.0000	0.0000	0.0000	0.0000	0.0000	0.0000	0.0000	0.0000	0.0000	0.0000	0.0000	0.0000	0.0000	0.0000	0.0000	0.0000	0.0000			0.0000	0.0000	0.0000	1.0071	0.0000	9.1029	0.0000	0.0000	0.0000	0.0000	0.0000	0.0000	0.0000	0.0000	0.0000	0.0000	0.0000	0.0000	0.0000	0.0000	0.0000	0.0000	0.0000	0.0000	0.0000	0.0000	0.0000	0.0000	0.0000	0.0000	0.0000	0.0000	0.0000	0.0025	0.0013	0.0011	0.0013	0.0013	0.0000	0.0012	0.0001	0.0011
76	92	0.0749	13	2	0	1	0	0	0	1	0	0	1	1	1	0	0	0	0	0	0	Y	N	N	N	N	N	N	N	N	N	N	N	N	N	N	N	N	N	0.0000	0.0000	0.0000	0.0000	0.0000	0.0000	0.0000	0.0000	0.0000	0.0000	0.0000	0.0000	0.0000	0.0000	0.0000	0.0000	0.0000	0.0000	0.0000	0.0000	0.0000	0.0000	0.0000	0.0000	0.0000	0.0000	0.0000			0.0000	0.0000	0.0000	0.9988	0.0000	4.0321	0.0000	0.0000	0.0000	0.0000	0.0000	0.0000	0.0000	0.0000	0.0000	0.0000	0.0000	0.0000	0.0000	0.0000	0.0000	0.0000	0.0000	0.0000	0.0000	0.0000	0.0000	0.0000	0.0000	0.0000	0.0000	0.0000	0.0000	0.0012	0.0007	0.0006	0.0006	0.0006	0.0000	0.0006	0.0000	0.0006
76	93	0.0749	12	2	0	0	0	0	0	0	0	0	1	1	1	0	0	0	0	0	0	Y	N	N	N	N	N	N	N	N	N	N	N	N	N	N	N	N	N	0.0000	0.0000	0.0000	0.0000	0.0000	0.0000	0.0000	0.0000	0.0000	0.0000	0.0000	0.0000	0.0000	0.0000	0.0000	0.0000	0.0000	0.0000	0.0000	0.0000	0.0000	0.0000	0.0000	0.0000	0.0000	0.0000	0.0000			0.0000	0.0000	0.0000	0.0001	0.0000	0.0783	0.0000	0.0000	0.0000	0.0000	0.0000	0.0000	0.0000	0.0000	0.0000	0.0000	0.0000	0.0000	0.0000	0.0000	0.0000	0.0000	0.0000	0.0000	0.0000	0.0000	0.0000	0.0000	0.0000	0.0000	0.0000	0.0000	0.0000	0.0000	0.0000	0.0000	0.0000	0.0000	0.0000	0.0000	0.0000	0.0000
76	94	0.0663	11	2	0	0	0	1	0	0	0	0	1	1	1	0	0	0	0	0	0	Y	N	N	N	N	N	N	N	N	N	N	N	N	N	N	N	N	N	0.0000	0.0000	0.0000	0.0000	0.0000	0.0000	0.0000	0.0000	0.0000	0.0000	0.0000	0.0000	0.0000	0.0000	0.0000	0.0000	0.0000	0.0000	0.0000	0.0000	0.0000	0.0000	0.0000	0.0000	0.0000	0.0000	0.0000			0.0000	0.0000	0.0000	0.0004	0.0000	2.9660	0.0000	0.0000	0.0000	0.0000	0.0000	0.0000	0.0000	0.0000	0.0000	0.0000	0.0000	0.0000	0.0000	0.0000	0.0000	0.0000	0.0000	0.0000	0.0000	0.0000	0.0000	0.0000	0.0000	0.0000	0.0000	0.0000	0.0000	0.0007	0.0004	0.0003	0.0004	0.0004	0.0000	0.0004	0.0000	0.0003
76	100	0.0561	10	1	0	1	0	0	0	0	0	0	1	2	1	0	0	0	0	0	0	N	N	N	N	Y	N	N	N	N	N	N	N	N	N	N	N	N	N	0.0000	0.0000	0.0000	0.0000	0.0000	0.0000	0.0000	0.0000	0.0000	0.0000	0.0000	0.0000	0.0000	0.0000	0.0000	0.0000	0.0000	0.0000	0.0000	0.0000	0.0000	0.0000	0.0000	0.0000	0.0000	0.0000	0.0000			0.0000	0.0000	0.0000	0.0000	0.0000	0.0000	0.0000	0.0000	0.0000	0.0000	0.0000	0.0000	0.0000	0.0000	0.0000	0.0000	0.0000	0.0000	0.0000	0.0000	0.0000	0.0000	0.0000	0.0000	0.0000	0.0000	0.0000	0.0000	0.0000	0.0000	0.0000	0.0000	0.0000	0.0000	0.0000	0.0000	0.0000	0.0000	0.0000	0.0000	0.0000	0.0000
76	101	0.0504	9	1	0	1	0	0	0	0	0	0	1	2	1	0	0	0	0	0	0	N	N	N	N	Y	N	N	N	N	N	N	N	N	N	N	N	N	N	0.0000	0.0000	0.0000	0.0000	0.0000	0.0000	0.0000	0.0000	0.0000	0.0000	0.0000	0.0000	0.0000	0.0000	0.0000	0.0000	0.0000	0.0000	0.0000	0.0000	0.0000	0.0000	0.0000	0.0000	0.0000	0.0000	0.0000			0.0000	0.0000	0.0000	1.0000	0.0000	0.0000	0.0000	0.0000	0.0000	0.0000	0.0000	0.0000	0.0000	0.0000	0.0000	0.0000	0.0000	0.0000	0.0000	0.0000	0.0000	0.0000	0.0000	0.0000	0.0000	0.0000	0.0000	0.0000	0.0000	0.0000	0.0000	0.0000	0.0000	0.0002	0.0001	0.0001	0.0001	0.0001	0.0000	0.0001	0.0000	0.0001
76	102	0.0504	8	1	0	1	0	0	0	0	0	0	1	2	1	0	0	0	0	0	0	N	N	N	N	Y	N	N	N	N	N	N	N	N	N	N	N	N	N	0.0000	0.0000	0.0000	0.0000	0.0000	0.0000	0.0000	0.0000	0.0000	0.0000	0.0000	0.0000	0.0000	0.0000	0.0000	0.0000	0.0000	0.0000	0.0000	0.0000	0.0000	0.0000	0.0000	0.0000	0.0000	0.0000	0.0000			0.0000	0.0000	0.0000	0.0000	0.0000	0.0005	0.0000	0.0000	0.0000	0.0000	0.0000	0.0000	0.0000	0.0000	0.0000	0.0000	0.0000	0.0000	0.0000	0.0000	0.0000	0.0000	0.0000	0.0000	0.0000	0.0000	0.0000	0.0000	0.0000	0.0000	0.0000	0.0000	0.0000	0.0000	0.0000	0.0000	0.0000	0.0000	0.0000	0.0000	0.0000	0.0000
76	104	0.0685	7	2	0	1	0	1	0	1	0	0	1	1	1	0	0	0	0	0	0	Y	N	N	N	N	N	N	N	N	N	N	N	N	N	N	N	N	N	0.0000	0.0000	0.0000	0.0000	0.0000	0.0000	0.0000	0.0000	0.0000	0.0000	0.0000	0.0000	0.0000	0.0000	0.0000	0.0000	0.0000	0.0000	0.0000	0.0000	0.0000	0.0000	0.0000	0.0000	0.0000	0.0000	0.0000			0.0000	0.0000	0.0000	1.0000	0.0000	1.0715	0.0000	0.0000	0.0000	0.0000	0.0000	0.0000	0.0000	0.0000	0.0000	0.0000	0.0000	0.0000	0.0000	0.0000	0.0000	0.0000	0.0000	0.0000	0.0000	0.0000	0.0000	0.0000	0.0000	0.0000	0.0000	0.0000	0.0000	0.0005	0.0003	0.0002	0.0003	0.0002	0.0000	0.0002	0.0000	0.0002
76	105	0.0685	8	1	0	0	0	0	0	0	0	0	2	1	2	0	0	0	0	0	0	N	N	N	N	N	Y	N	N	N	N	N	N	N	N	N	N	N	N	0.0000	0.0000	0.0000	0.0000	0.0000	0.0000	0.0000	0.0000	0.0000	0.0000	0.0000	0.0000	0.0000	0.0000	0.0000	0.0000	0.0000	0.0000	0.0000	0.0000	0.0000	0.0000	0.0000	0.0000	0.0000	0.0000	0.0000			0.0000	0.0000	0.0000	0.0000	0.0000	1.0001	0.0000	0.0000	0.0000	0.0000	0.0000	0.0000	0.0000	0.0000	0.0000	0.0000	0.0000	0.0000	0.0000	0.0000	0.0000	0.0000	0.0000	0.0000	0.0000	0.0000	0.0000	0.0000	0.0000	0.0000	0.0000	0.0000	0.0000	0.0002	0.0001	0.0001	0.0001	0.0001	0.0000	0.0001	0.0000	0.0001
76	106	0.0504	8	1	0	0	0	0	0	0	0	0	2	1	2	0	0	0	0	0	0	N	N	N	N	N	Y	N	N	N	N	N	N	N	N	N	N	N	N	0.0000	0.0000	0.0000	0.0000	0.0000	0.0000	0.0000	0.0000	0.0000	0.0000	0.0000	0.0000	0.0000	0.0000	0.0000	0.0000	0.0000	0.0000	0.0000	0.0000	0.0000	0.0000	0.0000	0.0000	0.0000	0.0000	0.0000			0.0000	0.0000	0.0000	0.0000	0.0000	0.0000	0.0000	0.0000	0.0000	0.0000	0.0000	0.0000	0.0000	0.0000	0.0000	0.0000	0.0000	0.0000	0.0000	0.0000	0.0000	0.0000	0.0000	0.0000	0.0000	0.0000	0.0000	0.0000	0.0000	0.0000	0.0000	0.0000	0.0000	0.0000	0.0000	0.0000	0.0000	0.0000	0.0000	0.0000	0.0000	0.0000
76	107	0.0589	12	1	0	0	0	0	0	0	0	0	2	1	2	0	0	0	0	0	0	N	N	N	N	N	Y	N	N	N	N	N	N	N	N	N	N	N	N	0.0000	0.0000	0.0000	0.0000	0.0000	0.0000	0.0000	0.0000	0.0000	0.0000	0.0000	0.0000	0.0000	0.0000	0.0000	0.0000	0.0000	0.0000	0.0000	0.0000	0.0000	0.0000	0.0000	0.0000	0.0000	0.0000	0.0000			0.0000	0.0000	0.0000	0.0000	0.0000	0.0000	0.0000	0.0000	0.0000	0.0000	0.0000	0.0000	0.0000	0.0000	0.0000	0.0000	0.0000	0.0000	0.0000	0.0000	0.0000	0.0000	0.0000	0.0000	0.0000	0.0000	0.0000	0.0000	0.0000	0.0000	0.0000	0.0000	0.0000	0.0000	0.0000	0.0000	0.0000	0.0000	0.0000	0.0000	0.0000	0.0000
76	113	0.0455	6	2	0	1	0	0	0	0	0	0	1	2	1	0	0	0	0	0	0	Y	N	N	N	Y	N	N	N	N	N	N	N	N	N	N	N	N	N	0.0000	0.0000	0.0000	0.0000	0.0000	0.0000	0.0000	0.0000	0.0000	0.0000	0.0000	0.0000	0.0000	0.0000	0.0000	0.0000	0.0000	0.0000	0.0000	0.0000	0.0000	0.0000	0.0000	0.0000	0.0000	0.0000	0.0000			0.0000	0.0000	0.0000	0.0000	0.0000	1.0000	0.0000	0.0000	0.0000	0.0000	0.0000	0.0000	0.0000	0.0000	0.0000	0.0000	0.0000	0.0000	0.0000	0.0000	0.0000	0.0000	0.0000	0.0000	0.0000	0.0000	0.0000	0.0000	0.0000	0.0000	0.0000	0.0000	0.0000	0.0005	0.0003	0.0002	0.0003	0.0003	0.0000	0.0003	0.0000	0.0002
76	114	0.0397	5	2	0	1	0	1	0	1	0	1	1	2	1	0	0	0	0	0	0	Y	N	N	N	Y	N	N	N	N	N	N	N	N	N	N	N	N	N	0.0000	0.0000	0.0000	0.0000	0.0000	0.0000	0.0000	0.0000	0.0000	0.0000	0.0000	0.0000	0.0000	0.0000	0.0000	0.0000	0.0000	0.0000	0.0000	0.0000	0.0000	0.0000	0.0000	0.0000	0.0000	0.0000	0.0000		0.0000	0.0000	-0.0000	0.0000	0.0000	0.0000	1.0009	0.0000	0.0000	0.0000	0.0000	0.0000	0.0000	0.0000	0.0000	0.0000	0.0000	0.0000	0.0000	0.0000	0.0000	0.0000	0.0000	0.0000	0.0000	0.0000	0.0000	0.0000	0.0000	0.0000	0.0000	0.0000	0.0000	0.0000	0.0002	0.0001	0.0001	0.0001	0.0001	0.0000	0.0001	0.0000	0.0001
76	115	0.0812	9	2	0	1	0	0	0	0	0	0	1	1	1	0	0	0	0	0	0	Y	N	N	N	N	N	N	N	N	N	N	N	N	N	N	N	N	N	0.0000	0.0000	0.0000	0.0000	0.0000	0.0000	0.0000	0.0000	0.0000	0.0000	0.0000	0.0000	0.0000	0.0000	0.0000	0.0000	0.0000	0.0000	0.0001	0.0000	0.0001	0.0001	0.0000	0.0089	0.0000	0.0000	0.0000		inf	0.0000	0.0000	0.0000	0.9998	0.0000	6.9031	0.0000	0.0000	0.0000	0.0000	0.0000	0.0000	0.0000	0.0000	0.0000	0.0000	0.0000	0.0000	0.0000	0.0000	0.0000	0.0000	0.0000	0.0000	0.0000	0.0000	0.0000	0.0000	0.0000	0.0000	0.0000	0.0000	0.0000	0.0019	0.0010	0.0009	0.0010	0.0010	0.0000	0.0009	0.0001	0.0009
76	116	0.0685	8	2	0	1	0	1	0	1	0	0	1	1	1	0	0	0	0	0	0	Y	N	N	N	N	N	N	N	N	N	N	N	N	N	N	N	N	N	0.0000	0.0000	0.0000	0.0000	0.0000	0.0000	0.0000	0.0000	0.0000	0.0000	0.0000	0.0000	0.0000	0.0000	0.0000	0.0000	0.0000	0.0000	0.0098	0.0000	0.0210	0.0193	0.0000	1.9210	0.0000	0.0000	0.0000		1073.6304	0.0000	0.0000	0.0000	0.0012	0.0000	4.2539	0.0000	0.0000	0.0000	0.0000	0.0000	0.0000	0.0000	0.0000	0.0000	0.0000	0.0000	0.0000	0.0000	0.0000	0.0000	0.0000	0.0000	0.0000	0.0000	0.0000	0.0000	0.0000	0.0000	0.0000	0.0000	0.0000	0.0000	0.0010	0.0005	0.0005	0.0005	0.0005	0.0000	0.0005	0.0000	0.0005
76	119	0.0504	8	2	0	1	0	1	0	0	0	0	1	2	1	0	0	0	0	0	0	Y	N	N	N	Y	N	N	N	N	N	N	N	N	N	N	N	N	N	0.0000	0.0000	0.0000	0.0000	0.0000	0.0000	0.0000	0.0000	0.0000	0.0000	0.0000	0.0000	0.0000	0.0000	0.0000	0.0000	0.0000	0.0000	0.0000	0.0000	0.0000	0.0000	0.0000	0.0000	0.0000	0.0000	0.0000			0.0000	0.0000	0.0000	0.0000	0.0000	0.0000	0.0000	0.0000	0.0000	0.0000	0.0000	0.0000	0.0000	0.0000	0.0000	0.0000	0.0000	0.0000	0.0000	0.0000	0.0000	0.0000	0.0000	0.0000	0.0000	0.0000	0.0000	0.0000	0.0000	0.0000	0.0000	0.0000	0.0000	0.0000	0.0000	0.0000	0.0000	0.0000	0.0000	0.0000	0.0000	0.0000
76	120	0.0476	7	1	0	1	0	0	0	1	0	1	1	2	1	0	0	0	0	0	0	N	N	N	N	Y	N	N	N	N	N	N	N	N	N	N	N	N	N	0.0000	0.0000	0.0000	0.0000	0.0000	0.0000	0.0000	0.0000	0.0000	0.0000	0.0000	0.0000	0.0000	0.0000	0.0000	0.0000	0.0000	0.0000	0.0000	0.0000	0.0000	0.0000	0.0000	0.0000	0.0000	0.0000	0.0000			0.0000	0.0000	0.0000	0.0001	0.0000	1.0001	0.0000	0.0000	0.0000	0.0000	0.0000	0.0000	0.0000	0.0000	0.0000	0.0000	0.0000	0.0000	0.0000	0.0000	0.0000	0.0000	0.0000	0.0000	0.0000	0.0000	0.0000	0.0000	0.0000	0.0000	0.0000	0.0000	0.0000	0.0002	0.0001	0.0001	0.0001	0.0001	0.0000	0.0001	0.0000	0.0001
77	79	0.0699	9	2	0	1	0	0	0	0	0	1	0	1	0	0	0	0	0	0	0	Y	N	N	N	N	N	N	N	N	N	N	N	N	N	N	N	N	N	0.0000	0.0000	0.0029	0.0000	0.0000	0.0000	0.0001	0.0000	0.0029	0.0000	0.0000	0.0000	0.0000	0.0000	0.0000	0.0000	0.0000	0.0000	0.0039	0.0000	0.0076	0.0000	0.0000	0.0000	0.0044	0.0000	0.0078	inf	1634.7603	0.0000	0.0001	0.0002	1.0047	3.7635	3.0004	0.0000	0.0000	0.0000	0.0000	0.0000	0.0000	0.0000	0.0000	0.0000	0.0001	0.0000	0.0001	0.0000	0.0000	0.0000	0.0001	0.0000	0.0001	0.0075	0.0075	0.0001	0.0038	0.0038	0.0000	0.0038	0.0037	0.0001	0.0323	0.0156	0.0167	0.0037	0.0034	0.0003	0.0286	0.0122	0.0164
77	80	0.0591	8	2	0	1	0	0	0	0	0	1	0	1	0	0	0	0	0	0	0	Y	N	N	N	N	N	N	N	N	N	N	N	N	N	N	N	N	N	0.1766	0.0048	12.7362	0.0070	0.0049	0.0000	0.3009	0.0000	10.4576	0.0000	0.0000	0.0019	0.0000	0.0000	0.0000	0.0000	0.0000	0.0019	0.0001	0.0000	0.0001	0.0001	0.0001	0.0000	0.0001	0.0000	0.0002	74.9100	2.8047	0.0000	0.0000	0.0002	1.0096	3.7635	2.0672	0.0000	0.0000	0.0000	0.0000	0.0000	0.0000	0.0000	0.0000	0.0000	0.0000	0.0000	0.0000	0.0000	0.0000	0.0000	0.0000	0.0000	0.0000	0.0064	0.0064	0.0001	0.0032	0.0032	0.0000	0.0032	0.0032	0.0001	0.0422	0.0228	0.0193	0.0152	0.0113	0.0038	0.0270	0.0115	0.0155
77	81	0.0521	7	2	0	1	0	1	0	1	0	1	0	1	0	0	0	0	0	0	0	Y	N	N	N	N	N	N	N	N	N	N	N	N	N	N	N	N	N	17.2747	0.0000	3047.1253	0.0000	0.0000	0.0000	59.5443	0.0000	3081.8138	0.0016	0.0000	0.1834	0.0000	0.0000	0.0000	0.0031	0.0000	0.1877	0.0001	0.0001	0.0001	0.0004	0.0004	0.0000	0.0001	0.0000	0.0001	inf	0.5231	0.0000	-0.0000	0.0002	0.9933	3.7635	1.5154	0.0000	0.0000	0.0000	0.0000	0.0000	0.0000	0.0000	0.0000	0.0000	0.0000	0.0000	0.0000	0.0000	0.0000	0.0000	0.0000	0.0000	0.0000	0.0063	0.0063	0.0001	0.0032	0.0032	0.0000	0.0032	0.0031	0.0001	0.0214	0.0104	0.0110	0.0023	0.0021	0.0001	0.0191	0.0082	0.0109
77	82	0.0749	11	2	0	1	0	0	0	1	0	1	0	1	0	0	0	0	0	0	0	Y	N	N	N	N	N	N	N	N	N	N	N	N	N	N	N	N	N	0.0000	0.0000	0.0000	0.0000	0.0000	0.0000	0.0000	0.0000	0.0000	0.0000	0.0000	0.0000	0.0000	0.0000	0.0000	0.0000	0.0000	0.0000	0.0000	0.0000	0.0000	0.0000	0.0000	0.0002	0.0000	0.0000	0.0000		1.6243	0.0000	0.0000	0.0002	4.0000	3.7635	3.0004	0.0000	0.0000	0.0000	0.0000	0.0000	0.0000	0.0000	0.0000	0.0000	0.0000	0.0000	0.0000	0.0000	0.0000	0.0000	0.0000	0.0000	0.0000	0.0250	0.0248	0.0002	0.0125	0.0125	0.0000	0.0125	0.0123	0.0002	0.0565	0.0281	0.0284	0.0072	0.0068	0.0004	0.0493	0.0213	0.0280
77	84	0.0354	4	2	0	1	0	1	0	1	0	1	0	1	0	0	0	0	0	0	0	Y	N	N	N	N	N	N	N	N	N	N	N	N	N	N	N	N	N	0.0000	0.0000	0.0000	0.0000	0.0000	0.0000	0.0000	0.0000	0.0000	0.0000	0.0000	0.0000	0.0000	0.0000	0.0000	0.0000	0.0000	0.0000	14.9944	0.0000	28.3069	0.0000	0.0000	0.0000	16.0405	0.0000	28.4237		302239712.8436	0.0000	0.5247	0.0002	2.0009	3.7635	6.0608	0.0000	0.0000	0.0000	0.0000	0.0000	0.0000	0.0000	0.0000	0.0000	0.9974	0.0000	0.9974	0.0000	0.0000	0.0000	0.9974	0.0000	0.9974	0.0129	0.0127	0.0002	0.0065	0.0065	0.0000	0.0064	0.0062	0.0002	0.0665	0.0313	0.0352	0.0043	0.0042	0.0001	0.0622	0.0271	0.0351
77	85	0.0833	13	2	0	1	0	0	0	0	0	1	0	1	0	0	0	0	0	0	0	Y	N	N	N	N	N	N	N	N	N	N	N	N	N	N	N	N	N	0.0000	0.0000	0.0000	0.0000	0.0000	0.0000	0.0000	0.0000	0.0000	0.0000	0.0000	0.0000	0.0000	0.0000	0.0000	0.0000	0.0000	0.0000	0.1656	0.3210	0.0025	0.8308	0.8851	0.0003	0.0447	0.0997	0.0025		0.0073	0.0000	-0.0026	0.0002	2.0003	3.7635	2.0390	0.0000	0.0000	0.0000	0.0000	0.0000	0.0000	0.0000	0.0000	0.0000	0.0055	0.0055	0.0000	0.0043	0.0043	0.0000	0.0013	0.0012	0.0000	0.0035	0.0031	0.0004	0.0018	0.0018	0.0000	0.0018	0.0013	0.0004	0.0334	0.0171	0.0163	0.0051	0.0048	0.0003	0.0282	0.0123	0.0160
77	86	0.0760	12	2	0	1	0	1	0	1	0	1	0	1	0	0	0	0	0	0	0	Y	N	N	N	N	N	N	N	N	N	N	N	N	N	N	N	N	N	0.0000	0.0000	0.0000	0.0000	0.0000	0.0000	0.0000	0.0000	0.0000	0.0000	0.0000	0.0000	0.0000	0.0000	0.0000	0.0000	0.0000	0.0000	0.0009	0.0018	0.0001	0.0048	0.0050	0.0000	0.0004	0.0008	0.0001		0.0335	0.0000	-0.0000	0.0002	1.0005	3.7635	0.9990	0.0000	0.0000	0.0000	0.0000	0.0000	0.0000	0.0000	0.0000	0.0000	0.0000	0.0000	0.0000	0.0000	0.0000	0.0000	0.0000	0.0000	0.0000	0.0016	0.0013	0.0003	0.0008	0.0008	0.0000	0.0008	0.0005	0.0003	0.0162	0.0081	0.0081	0.0019	0.0018	0.0001	0.0142	0.0062	0.0080
77	89	0.1078	9	2	0	1	0	0	0	0	0	1	0	1	0	0	0	0	0	0	0	Y	N	N	N	N	N	N	N	N	N	N	N	N	N	N	N	N	N	0.0000	0.0000	0.0000	0.0000	0.0000	0.0000	0.0000	0.0000	0.0000	0.0000	0.0000	0.0000	0.0000	0.0000	0.0000	0.0000	0.0000	0.0000	0.0009	0.0007	0.0011	0.0023	0.0022	0.0092	0.0006	0.0000	0.0011		1.5888	0.0000	0.0000	0.0002	0.0001	3.7635	3.9037	0.0000	0.0000	0.0000	0.0000	0.0000	0.0000	0.0000	0.0000	0.0000	0.0000	0.0000	0.0000	0.0000	0.0000	0.0000	0.0000	0.0000	0.0000	0.0001	0.0001	0.0001	0.0001	0.0001	0.0000	0.0001	0.0000	0.0001	0.0393	0.0199	0.0194	0.0062	0.0062	0.0001	0.0331	0.0138	0.0193
77	90	0.0812	8	2	0	1	0	0	0	0	0	1	0	1	0	0	0	0	0	0	0	Y	N	N	N	N	N	N	N	N	N	N	N	N	N	N	N	N	N	0.0000	0.0000	0.0000	0.0000	0.0000	0.0000	0.0000	0.0000	0.0000	0.0000	0.0000	0.0000	0.0000	0.0000	0.0000	0.0000	0.0000	0.0000	0.0581	0.0010	0.1183	0.0025	0.0028	0.0000	0.0686	0.0004	0.1221		108.0984	0.0000	0.0026	0.0002	1.0001	3.7635	8.1987	0.0000	0.0000	0.0000	0.0000	0.0000	0.0000	0.0000	0.0000	0.0000	0.0051	0.0000	0.0050	0.0000	0.0000	0.0000	0.0050	0.0000	0.0050	0.0070	0.0067	0.0003	0.0035	0.0035	0.0000	0.0035	0.0032	0.0003	0.0873	0.0449	0.0425	0.0139	0.0127	0.0013	0.0734	0.0322	0.0412
77	91	0.0893	13	2	0	1	0	0	0	0	0	1	0	1	0	0	0	0	0	0	0	Y	N	N	N	N	N	N	N	N	N	N	N	N	N	N	N	N	N	0.0000	0.0000	0.0000	0.0000	0.0000	0.0000	0.0000	0.0000	0.0000	0.0000	0.0000	0.0000	0.0000	0.0000	0.0000	0.0000	0.0000	0.0000	0.0067	0.0118	0.0014	0.0064	0.0068	0.0000	0.0067	0.0137	0.0014		0.1128	0.0000	-0.0002	0.0002	1.0071	3.7635	9.1029	0.0000	0.0000	0.0000	0.0000	0.0000	0.0000	0.0000	0.0000	0.0000	0.0005	0.0005	0.0001	0.0001	0.0001	0.0000	0.0005	0.0004	0.0001	0.0064	0.0064	0.0001	0.0032	0.0032	0.0000	0.0032	0.0032	0.0001	0.0822	0.0419	0.0403	0.0126	0.0117	0.0008	0.0697	0.0302	0.0395
77	92	0.0749	12	2	0	1	0	0	0	1	0	1	0	1	0	0	0	0	0	0	0	Y	N	N	N	N	N	N	N	N	N	N	N	N	N	N	N	N	N	0.0000	0.0000	0.0000	0.0000	0.0000	0.0000	0.0000	0.0000	0.0000	0.0000	0.0000	0.0000	0.0000	0.0000	0.0000	0.0000	0.0000	0.0000	0.1320	0.2584	0.0070	0.7790	0.8272	0.0003	0.0348	0.0714	0.0071		0.0273	0.0000	-0.0024	0.0002	0.9988	3.7635	4.0321	0.0000	0.0000	0.0000	0.0000	0.0000	0.0000	0.0000	0.0000	0.0000	0.0054	0.0053	0.0001	0.0042	0.0042	0.0000	0.0012	0.0011	0.0001	0.0064	0.0063	0.0001	0.0032	0.0032	0.0000	0.0032	0.0031	0.0001	0.0412	0.0205	0.0207	0.0054	0.0051	0.0003	0.0358	0.0154	0.0204
77	93	0.0749	11	2	0	0	0	0	0	0	0	1	0	1	0	0	0	0	0	0	0	Y	N	N	N	N	N	N	N	N	N	N	N	N	N	N	N	N	N	0.0000	0.0000	0.0000	0.0000	0.0000	0.0000	0.0000	0.0000	0.0000	0.0000	0.0000	0.0000	0.0000	0.0000	0.0000	0.0000	0.0000	0.0000	0.0002	0.0002	0.0001	0.0004	0.0002	0.0164	0.0001	0.0001	0.0000		0.6780	0.0000	-0.0000	0.0002	0.0001	3.7635	0.0783	0.0000	0.0000	0.0000	0.0000	0.0000	0.0000	0.0000	0.0000	0.0000	0.0000	0.0000	0.0000	0.0000	0.0000	0.0000	0.0000	0.0000	0.0000	0.0000	0.0000	0.0000	0.0000	0.0000	0.0000	0.0000	0.0000	0.0000	0.0016	0.0009	0.0008	0.0006	0.0006	0.0000	0.0011	0.0003	0.0007
77	94	0.0663	10	2	0	0	0	1	0	0	0	1	0	1	0	0	0	0	0	0	0	Y	N	N	N	N	N	N	N	N	N	N	N	N	N	N	N	N	N	0.0000	0.0000	0.0000	0.0000	0.0000	0.0000	0.0000	0.0000	0.0000	0.0000	0.0000	0.0000	0.0000	0.0000	0.0000	0.0000	0.0000	0.0000	0.0000	0.0001	0.0000	0.0001	0.0001	0.0000	0.0000	0.0001	0.0000		0.2195	0.0000	-0.0000	0.0002	0.0004	3.7635	2.9660	0.0000	0.0000	0.0000	0.0000	0.0000	0.0000	0.0000	0.0000	0.0000	0.0000	0.0000	0.0000	0.0000	0.0000	0.0000	0.0000	0.0000	0.0000	0.0003	0.0002	0.0002	0.0002	0.0002	0.0000	0.0002	0.0000	0.0002	0.0243	0.0120	0.0123	0.0028	0.0027	0.0001	0.0215	0.0094	0.0121
77	100	0.0561	9	1	0	1	0	0	0	0	0	1	0	2	0	0	0	0	0	0	0	N	N	N	N	Y	N	N	N	N	N	N	N	N	N	N	N	N	N	0.0000	0.0000	0.0000	0.0000	0.0000	0.0000	0.0000	0.0000	0.0000	0.0000	0.0000	0.0000	0.0000	0.0000	0.0000	0.0000	0.0000	0.0000	0.0000	0.0000	0.0000	0.0000	0.0000	0.0000	0.0000	0.0000	0.0000			0.0000	0.0000	0.0002	0.0000	3.7635	0.0000	0.0000	0.0000	0.0000	0.0000	0.0000	0.0000	0.0000	0.0000	0.0000	0.0000	0.0000	0.0000	0.0000	0.0000	0.0000	0.0000	0.0000	0.0000	0.0000	0.0000	0.0000	0.0000	0.0000	0.0000	0.0000	0.0000	0.0000	0.0000	0.0000	0.0000	0.0000	0.0000	0.0000	0.0000	0.0000	0.0000
77	101	0.0504	8	1	0	1	0	0	0	0	0	1	0	2	0	0	0	0	0	0	0	N	N	N	N	Y	N	N	N	N	N	N	N	N	N	N	N	N	N	0.0000	0.0000	0.0000	0.0000	0.0000	0.0000	0.0000	0.0000	0.0000	0.0000	0.0000	0.0000	0.0000	0.0000	0.0000	0.0000	0.0000	0.0000	0.0000	0.0000	0.0000	0.0000	0.0000	0.0000	0.0000	0.0000	0.0000			0.0000	0.0000	0.0002	1.0000	3.7635	0.0000	0.0000	0.0000	0.0000	0.0000	0.0000	0.0000	0.0000	0.0000	0.0000	0.0000	0.0000	0.0000	0.0000	0.0000	0.0000	0.0000	0.0000	0.0000	0.0064	0.0063	0.0001	0.0032	0.0032	0.0000	0.0032	0.0031	0.0001	0.0085	0.0040	0.0044	0.0009	0.0008	0.0001	0.0076	0.0032	0.0043
77	102	0.0504	7	1	0	1	0	0	0	0	0	1	0	2	0	0	0	0	0	0	0	N	N	N	N	Y	N	N	N	N	N	N	N	N	N	N	N	N	N	0.0000	0.0000	0.0000	0.0000	0.0000	0.0000	0.0000	0.0000	0.0000	0.0000	0.0000	0.0000	0.0000	0.0000	0.0000	0.0000	0.0000	0.0000	0.0000	0.0000	0.0000	0.0000	0.0000	0.0000	0.0000	0.0000	0.0000			0.0000	0.0000	0.0002	0.0000	3.7635	0.0005	0.0000	0.0000	0.0000	0.0000	0.0000	0.0000	0.0000	0.0000	0.0000	0.0000	0.0000	0.0000	0.0000	0.0000	0.0000	0.0000	0.0000	0.0000	0.0000	0.0000	0.0000	0.0000	0.0000	0.0000	0.0000	0.0000	0.0000	0.0000	0.0000	0.0000	0.0000	0.0000	0.0000	0.0000	0.0000	0.0000
77	104	0.0685	6	2	0	1	0	1	0	1	0	1	0	1	0	0	0	0	0	0	0	Y	N	N	N	N	N	N	N	N	N	N	N	N	N	N	N	N	N	0.0000	0.0000	0.0000	0.0000	0.0000	0.0000	0.0000	0.0000	0.0000	0.0000	0.0000	0.0000	0.0000	0.0000	0.0000	0.0000	0.0000	0.0000	0.0083	0.0156	0.0000	0.0000	0.0000	0.0000	0.0097	0.0210	0.0000		0.0000	0.0000	-0.0001	0.0002	1.0000	3.7635	1.0715	0.0000	0.0000	0.0000	0.0000	0.0000	0.0000	0.0000	0.0000	0.0000	0.0002	0.0002	0.0000	0.0000	0.0000	0.0000	0.0002	0.0002	0.0000	0.0066	0.0065	0.0001	0.0033	0.0033	0.0000	0.0033	0.0032	0.0001	0.0193	0.0103	0.0090	0.0029	0.0027	0.0002	0.0165	0.0076	0.0088
77	113	0.0455	5	2	0	1	0	0	0	0	0	1	0	2	0	0	0	0	0	0	0	Y	N	N	N	Y	N	N	N	N	N	N	N	N	N	N	N	N	N	0.0000	0.0000	0.0000	0.0000	0.0000	0.0000	0.0000	0.0000	0.0000	0.0000	0.0000	0.0000	0.0000	0.0000	0.0000	0.0000	0.0000	0.0000	0.0055	0.0054	0.0055	0.0000	0.0000	0.0000	0.0057	0.0059	0.0056		1.0000	0.0000	0.0000	0.0002	0.0000	3.7635	1.0000	0.0000	0.0000	0.0000	0.0000	0.0000	0.0000	0.0000	0.0000	0.0000	0.0000	0.0000	0.0000	0.0000	0.0000	0.0000	0.0000	0.0000	0.0000	0.0000	0.0000	0.0000	0.0000	0.0000	0.0000	0.0000	0.0000	0.0000	0.0073	0.0037	0.0036	0.0003	0.0003	0.0000	0.0070	0.0034	0.0036
77	114	0.0397	4	2	0	1	0	1	0	1	0	2	0	2	0	0	0	0	0	0	0	Y	N	N	N	Y	N	N	N	N	N	N	N	N	N	N	N	N	N	0.0000	0.0000	0.0000	0.0000	0.0000	0.0000	0.0000	0.0000	0.0000	0.0000	0.0000	0.0000	0.0000	0.0000	0.0000	0.0000	0.0000	0.0000	0.0009	0.0000	0.0037	0.0000	0.0000	0.0000	0.0013	0.0000	0.0038		86.6482	0.0000	0.0000	0.0002	0.0000	3.7635	1.0009	0.0000	0.0000	0.0000	0.0000	0.0000	0.0000	0.0000	0.0000	0.0000	0.0000	0.0000	0.0000	0.0000	0.0000	0.0000	0.0000	0.0000	0.0000	0.0000	0.0000	0.0000	0.0000	0.0000	0.0000	0.0000	0.0000	0.0000	0.0230	0.0177	0.0053	0.0080	0.0079	0.0001	0.0150	0.0097	0.0053
77	115	0.0812	8	2	0	1	0	0	0	0	0	1	0	1	0	0	0	0	0	0	0	Y	N	N	N	N	N	N	N	N	N	N	N	N	N	N	N	N	N	0.0000	0.0000	0.0000	0.0000	0.0000	0.0000	0.0000	0.0000	0.0000	0.0000	0.0000	0.0000	0.0000	0.0000	0.0000	0.0000	0.0000	0.0000	0.0008	0.0015	0.0000	0.0046	0.0051	0.0000	0.0000	0.0000	0.0000		0.0000	0.0000	-0.0000	0.0002	0.9998	3.7635	6.9031	0.0000	0.0000	0.0000	0.0000	0.0000	0.0000	0.0000	0.0000	0.0000	0.0001	0.0001	0.0000	0.0001	0.0001	0.0000	0.0000	0.0000	0.0000	0.0070	0.0067	0.0003	0.0035	0.0035	0.0000	0.0035	0.0032	0.0003	0.0776	0.0404	0.0373	0.0134	0.0121	0.0013	0.0642	0.0282	0.0360
77	116	0.0685	7	2	0	1	0	1	0	1	0	1	0	1	0	0	0	0	0	0	0	Y	N	N	N	N	N	N	N	N	N	N	N	N	N	N	N	N	N	0.0000	0.0000	0.0000	0.0000	0.0000	0.0000	0.0000	0.0000	0.0000	0.0000	0.0000	0.0000	0.0000	0.0000	0.0000	0.0000	0.0000	0.0000	0.0094	0.0168	0.0019	0.0654	0.0719	0.0004	0.0014	0.0007	0.0019		0.1117	0.0000	-0.0001	0.0002	0.0012	3.7635	4.2539	0.0000	0.0000	0.0000	0.0000	0.0000	0.0000	0.0000	0.0000	0.0000	0.0003	0.0003	0.0000	0.0003	0.0003	0.0000	0.0000	0.0000	0.0000	0.0000	0.0000	0.0000	0.0000	0.0000	0.0000	0.0000	0.0000	0.0000	0.0369	0.0187	0.0183	0.0046	0.0042	0.0004	0.0323	0.0144	0.0179
77	119	0.0504	7	2	0	1	0	1	0	0	0	1	0	2	0	0	0	0	0	0	0	Y	N	N	N	Y	N	N	N	N	N	N	N	N	N	N	N	N	N	0.0000	0.0000	0.0000	0.0000	0.0000	0.0000	0.0000	0.0000	0.0000	0.0000	0.0000	0.0000	0.0000	0.0000	0.0000	0.0000	0.0000	0.0000	0.0000	0.0000	0.0000	0.0000	0.0000	0.0000	0.0000	0.0000	0.0000			0.0000	0.0000	0.0002	0.0000	3.7635	0.0000	0.0000	0.0000	0.0000	0.0000	0.0000	0.0000	0.0000	0.0000	0.0000	0.0000	0.0000	0.0000	0.0000	0.0000	0.0000	0.0000	0.0000	0.0000	0.0000	0.0000	0.0000	0.0000	0.0000	0.0000	0.0000	0.0000	0.0000	0.0000	0.0000	0.0000	0.0000	0.0000	0.0000	0.0000	0.0000	0.0000
77	120	0.0476	6	1	0	1	0	0	0	1	0	2	0	2	0	0	0	0	0	0	0	N	N	N	N	Y	N	N	N	N	N	N	N	N	N	N	N	N	N	0.0000	0.0000	0.0000	0.0000	0.0000	0.0000	0.0000	0.0000	0.0000	0.0000	0.0000	0.0000	0.0000	0.0000	0.0000	0.0000	0.0000	0.0000	0.0188	0.0394	0.0000	0.0000	0.0000	0.0000	0.0210	0.0490	0.0000		0.0001	0.0000	-0.0001	0.0002	0.0001	3.7635	1.0001	0.0000	0.0000	0.0000	0.0000	0.0000	0.0000	0.0000	0.0000	0.0000	0.0002	0.0002	0.0000	0.0000	0.0000	0.0000	0.0002	0.0002	0.0000	0.0000	0.0000	0.0000	0.0000	0.0000	0.0000	0.0000	0.0000	0.0000	0.0085	0.0041	0.0045	0.0009	0.0008	0.0001	0.0076	0.0033	0.0043
78	79	0.0480	8	2	0	1	0	1	0	0	0	0	0	0	0	0	0	0	0	0	0	Y	N	N	N	N	N	N	N	N	N	N	N	N	N	N	N	N	N	0.0000	0.0000	0.0000	0.0000	0.0000	0.0000	0.0000	0.0000	0.0000	0.0000	0.0000	0.0000	0.0000	0.0000	0.0000	0.0000	0.0000	0.0000	0.0000	0.0001	0.0000	0.0004	0.0005	0.0000	0.0000	0.0000	0.0000		0.0037	0.0000	-0.0000	0.5196	1.0047	1.5432	3.0004	0.0000	0.0000	0.0000	0.0000	0.0000	0.0000	0.0000	0.0000	0.0000	0.0000	0.0000	0.0000	0.0000	0.0000	0.0000	0.0000	0.0000	0.0000	0.0065	0.0056	0.0009	0.0001	0.0001	0.0000	0.0064	0.0055	0.0009	0.0164	0.0076	0.0087	0.0010	0.0008	0.0002	0.0153	0.0068	0.0086
78	80	0.0373	7	2	0	1	0	1	0	0	0	0	0	0	0	0	0	0	0	0	0	Y	N	N	N	N	N	N	N	N	N	N	N	N	N	N	N	N	N	0.0000	0.0000	0.0000	0.0000	0.0000	0.0000	0.0000	0.0000	0.0000	0.0000	0.0000	0.0000	0.0000	0.0000	0.0000	0.0000	0.0000	0.0000	0.0003	0.0006	0.0000	0.0008	0.0012	0.0000	0.0000	0.0000	0.0000		0.0510	0.0000	-0.0000	0.5196	1.0096	1.5432	2.0672	0.0000	0.0000	0.0000	0.0000	0.0000	0.0000	0.0000	0.0000	0.0000	0.0000	0.0000	0.0000	0.0000	0.0000	0.0000	0.0000	0.0000	0.0000	0.0067	0.0057	0.0010	0.0002	0.0001	0.0000	0.0065	0.0056	0.0009	0.0224	0.0120	0.0104	0.0077	0.0056	0.0021	0.0146	0.0063	0.0083
78	81	0.0302	6	2	0	1	0	2	0	1	0	0	0	0	0	0	0	0	0	0	0	Y	N	N	N	N	N	N	N	N	N	N	N	N	N	N	N	N	N	0.0000	0.0000	0.0000	0.0000	0.0000	0.0000	0.0000	0.0000	0.0000	0.0000	0.0000	0.0000	0.0000	0.0000	0.0000	0.0000	0.0000	0.0000	0.0019	0.0018	0.0020	0.0123	0.0133	0.0030	0.0012	0.0002	0.0020		1.2292	0.0000	0.0000	0.5196	0.9933	1.5432	1.5154	0.0000	0.0000	0.0000	0.0000	0.0000	0.0000	0.0000	0.0000	0.0000	0.0000	0.0000	0.0000	0.0000	0.0000	0.0000	0.0000	0.0000	0.0000	0.0065	0.0055	0.0009	0.0000	0.0000	0.0000	0.0064	0.0055	0.0009	0.0111	0.0052	0.0059	0.0007	0.0007	0.0001	0.0104	0.0046	0.0058
78	82	0.0531	10	2	0	1	0	1	0	1	0	0	0	0	0	0	0	0	0	0	0	Y	N	N	N	N	N	N	N	N	N	N	N	N	N	N	N	N	N	0.0000	0.0000	0.0000	0.0000	0.0000	0.0000	0.0000	0.0000	0.0000	0.0000	0.0000	0.0000	0.0000	0.0000	0.0000	0.0000	0.0000	0.0000	0.0024	0.0007	0.0040	0.0000	0.0000	0.0000	0.0026	0.0008	0.0041		5.9430	0.0000	0.0000	0.5196	4.0000	1.5432	3.0004	0.0000	0.0000	0.0000	0.0000	0.0000	0.0000	0.0000	0.0000	0.0000	0.0001	0.0000	0.0001	0.0000	0.0000	0.0000	0.0001	0.0000	0.0001	0.0257	0.0220	0.0036	0.0002	0.0002	0.0000	0.0255	0.0219	0.0036	0.0291	0.0141	0.0150	0.0025	0.0023	0.0002	0.0266	0.0118	0.0148
78	84	0.0135	3	2	0	1	0	2	0	1	0	0	0	0	0	0	0	0	0	0	0	Y	N	N	N	N	N	N	N	N	N	N	N	N	N	N	N	N	N	745.7167	11.7563	3058.3821	109.3670	98.1975	0.0000	751.5744	17.1406	3045.6373	39.4239	0.0993	275.3936	7.6010	7.6134	0.0000	39.4530	0.0913	275.3965	0.0529	0.0084	0.0900	0.0695	0.0775	0.0000	0.0525	0.0053	0.0904	462.3841	12.7439	0.2273	0.0008	0.5196	2.0009	1.5432	6.0608	0.5195	0.0011	0.5184	0.0001	0.0001	0.0000	0.5194	0.0010	0.5184	0.0018	0.0001	0.0017	0.0001	0.0001	0.0000	0.0018	0.0001	0.0017	0.0132	0.0113	0.0019	0.0000	0.0000	0.0000	0.0132	0.0113	0.0019	0.0344	0.0157	0.0187	0.0008	0.0007	0.0001	0.0337	0.0150	0.0187
78	85	0.0614	12	2	0	1	0	1	0	0	0	0	0	0	0	0	0	0	0	0	0	Y	N	N	N	N	N	N	N	N	N	N	N	N	N	N	N	N	N	0.0309	0.0000	46.2251	0.0122	0.0116	0.0000	0.0282	0.0000	45.5110	0.0081	0.0000	0.0575	0.0001	0.0001	0.0000	0.0082	0.0000	0.0578	0.2615	0.5134	0.0012	0.0063	0.0070	0.0000	0.2925	0.6340	0.0013	462.3841	0.0023	0.0000	-0.0020	0.5196	2.0003	1.5432	2.0390	0.0001	0.0000	0.0001	0.0000	0.0000	0.0000	0.0001	0.0000	0.0001	0.0043	0.0043	0.0000	0.0000	0.0000	0.0000	0.0043	0.0043	0.0000	0.0129	0.0111	0.0018	0.0002	0.0002	0.0000	0.0126	0.0108	0.0018	0.0163	0.0083	0.0080	0.0018	0.0016	0.0002	0.0146	0.0067	0.0079
78	86	0.0541	11	2	0	1	0	2	0	1	0	0	0	0	0	0	0	0	0	0	0	Y	N	N	N	N	N	N	N	N	N	N	N	N	N	N	N	N	N	12.1944	5.8346	52.3310	1143.1941	1048.1480	0.0000	7.8244	0.0176	51.8902	0.0302	0.0140	0.1335	0.0869	0.0874	0.0000	0.0211	0.0000	0.1343	0.0025	0.0024	0.0026	0.0001	0.0001	0.0000	0.0027	0.0028	0.0026	1.4925	1.0940	0.0000	0.0000	0.5196	1.0005	1.5432	0.9990	0.0003	0.0001	0.0002	0.0001	0.0001	0.0000	0.0002	0.0000	0.0002	0.0000	0.0000	0.0000	0.0000	0.0000	0.0000	0.0000	0.0000	0.0000	0.0086	0.0074	0.0012	0.0012	0.0012	0.0000	0.0074	0.0062	0.0012	0.0081	0.0040	0.0041	0.0007	0.0006	0.0001	0.0075	0.0034	0.0041
78	89	0.0859	8	2	0	1	0	1	0	0	0	0	0	0	0	0	0	0	0	0	0	Y	N	N	N	N	N	N	N	N	N	N	N	N	N	N	N	N	N	86.7509	7.0375	627.7546	1.0722	1.0453	0.0000	121.4118	11.3592	627.2059	25.2012	0.0584	363.8641	0.0129	0.0129	0.0000	38.4835	0.0852	365.5663	0.2905	0.0083	0.5796	0.0120	0.0123	0.0022	0.3170	0.0075	0.5828	462.3841	68.1483	0.0000	0.0027	0.5196	0.0001	1.5432	3.9037	0.0001	0.0000	0.0001	0.0000	0.0000	0.0000	0.0001	0.0000	0.0001	0.0052	0.0001	0.0051	0.0000	0.0000	0.0000	0.0052	0.0001	0.0051	0.0000	0.0000	0.0000	0.0000	0.0000	0.0000	0.0000	0.0000	0.0000	0.0178	0.0090	0.0088	0.0015	0.0015	0.0000	0.0163	0.0075	0.0088
78	90	0.0593	7	2	0	1	0	1	0	0	0	0	0	0	0	0	0	0	0	0	0	Y	N	N	N	N	N	N	N	N	N	N	N	N	N	N	N	N	N	2.2643	1.3428	7.8633	2.0401	1.8809	0.0000	2.0443	31.7928	7.6466	78.8301	0.1985	549.9193	1.3595	1.4780	0.0000	79.6294	0.1843	553.0853	34.8136	0.1478	69.9348	0.6664	0.7858	0.0015	38.9524	0.0058	72.3309	462.3697	466.9110	0.2272	0.7901	0.5196	1.0001	1.5432	8.1987	0.5192	0.0011	0.5181	0.0001	0.0001	0.0000	0.5192	0.0010	0.5181	1.5081	0.0032	1.5049	0.0031	0.0031	0.0000	1.5050	0.0001	1.5049	0.0066	0.0056	0.0009	0.0001	0.0001	0.0000	0.0065	0.0056	0.0009	0.0433	0.0218	0.0215	0.0047	0.0040	0.0007	0.0386	0.0178	0.0208
78	91	0.0675	12	2	0	1	0	1	0	0	0	0	0	0	0	0	0	0	0	0	0	Y	N	N	N	N	N	N	N	N	N	N	N	N	N	N	N	N	N	0.0000	0.0000	0.0000	0.0000	0.0000	0.0000	0.0000	0.0000	0.0000	0.0000	0.0000	0.0000	0.0000	0.0000	0.0000	0.0000	0.0000	0.0000	0.0026	0.0042	0.0010	0.0001	0.0001	0.0000	0.0029	0.0053	0.0010		0.2294	0.0000	-0.0000	0.5196	1.0071	1.5432	9.1029	0.0000	0.0000	0.0000	0.0000	0.0000	0.0000	0.0000	0.0000	0.0000	0.0001	0.0001	0.0000	0.0000	0.0000	0.0000	0.0001	0.0001	0.0000	0.0066	0.0057	0.0009	0.0001	0.0001	0.0000	0.0065	0.0056	0.0009	0.0424	0.0211	0.0213	0.0047	0.0043	0.0004	0.0377	0.0168	0.0209
78	92	0.0531	11	2	0	1	0	1	0	1	0	0	0	0	0	0	0	0	0	0	0	Y	N	N	N	N	N	N	N	N	N	N	N	N	N	N	N	N	N	0.0000	0.0000	0.0000	0.0000	0.0000	0.0000	0.0000	0.0000	0.0000	0.0000	0.0000	0.0000	0.0000	0.0000	0.0000	0.0000	0.0000	0.0000	0.1985	0.4069	0.0028	0.0001	0.0001	0.0001	0.2182	0.4900	0.0029		0.0074	0.0000	-0.0020	0.5196	0.9988	1.5432	4.0321	0.0000	0.0000	0.0000	0.0000	0.0000	0.0000	0.0000	0.0000	0.0000	0.0042	0.0042	0.0000	0.0000	0.0000	0.0000	0.0042	0.0042	0.0000	0.0065	0.0056	0.0009	0.0000	0.0000	0.0000	0.0065	0.0055	0.0009	0.0213	0.0103	0.0110	0.0019	0.0017	0.0002	0.0194	0.0086	0.0108
78	93	0.0531	10	2	0	0	0	1	0	0	0	0	0	0	0	0	0	0	0	0	0	Y	N	N	N	N	N	N	N	N	N	N	N	N	N	N	N	N	N	0.0000	0.0000	0.0000	0.0000	0.0000	0.0000	0.0000	0.0000	0.0000	0.0000	0.0000	0.0000	0.0000	0.0000	0.0000	0.0000	0.0000	0.0000	0.0029	0.0029	0.0029	0.0042	0.0043	0.0031	0.0022	0.0005	0.0029		0.8687	0.0000	-0.0000	0.5196	0.0001	1.5432	0.0783	0.0000	0.0000	0.0000	0.0000	0.0000	0.0000	0.0000	0.0000	0.0000	0.0000	0.0000	0.0000	0.0000	0.0000	0.0000	0.0000	0.0000	0.0000	0.0000	0.0000	0.0000	0.0000	0.0000	0.0000	0.0000	0.0000	0.0000	0.0009	0.0005	0.0004	0.0003	0.0003	0.0000	0.0006	0.0002	0.0004
78	94	0.0444	9	2	0	0	0	2	0	0	0	0	0	0	0	0	0	0	0	0	0	Y	N	N	N	N	N	N	N	N	N	N	N	N	N	N	N	N	N	10041.5822	629666.5945	12.2927	460471.2033	419816.1193	0.0000	2.4182	0.0000	12.1569	23.2636	25.1440	0.0545	72.6845	72.7141	0.0000	0.0060	0.0000	0.0546	0.0023	0.0000	0.0044	0.0002	0.0002	0.0000	0.0025	0.0000	0.0045	0.0002	119.3453	-0.0001	0.0000	0.5196	0.0004	1.5432	2.9660	0.0002	0.0002	0.0000	0.0002	0.0002	0.0000	0.0000	0.0000	0.0000	0.0000	0.0000	0.0000	0.0000	0.0000	0.0000	0.0000	0.0000	0.0000	0.0000	0.0000	0.0000	0.0000	0.0000	0.0000	0.0000	0.0000	0.0000	0.0125	0.0060	0.0065	0.0009	0.0009	0.0001	0.0116	0.0052	0.0064
78	104	0.0467	5	2	0	1	0	2	0	1	0	0	0	0	0	0	0	0	0	0	0	Y	N	N	N	N	N	N	N	N	N	N	N	N	N	N	N	N	N	0.0000	0.0000	0.0000	0.0000	0.0000	0.0000	0.0000	0.0000	0.0000	0.0000	0.0000	0.0000	0.0000	0.0000	0.0000	0.0000	0.0000	0.0000	0.0002	0.0002	0.0001	0.0008	0.0009	0.0000	0.0001	0.0001	0.0001		0.4567	0.0000	-0.0000	0.5196	1.0000	1.5432	1.0715	0.0000	0.0000	0.0000	0.0000	0.0000	0.0000	0.0000	0.0000	0.0000	0.0000	0.0000	0.0000	0.0000	0.0000	0.0000	0.0000	0.0000	0.0000	0.0066	0.0056	0.0009	0.0001	0.0001	0.0000	0.0065	0.0056	0.0009	0.0100	0.0052	0.0048	0.0011	0.0010	0.0001	0.0089	0.0042	0.0047
78	113	0.0236	4	2	0	1	0	1	0	0	0	0	0	1	0	0	0	0	0	0	0	Y	N	N	N	N	N	N	N	N	N	N	N	N	N	N	N	N	N	0.0000	0.0000	0.0000	0.0000	0.0000	0.0000	0.0000	0.0000	0.0000	0.0000	0.0000	0.0000	0.0000	0.0000	0.0000	0.0000	0.0000	0.0000	0.0000	0.0000	0.0000	0.0000	0.0000	0.0000	0.0000	0.0000	0.0000			0.0000	0.0000	0.5196	0.0000	1.5432	1.0000	0.0000	0.0000	0.0000	0.0000	0.0000	0.0000	0.0000	0.0000	0.0000	0.0000	0.0000	0.0000	0.0000	0.0000	0.0000	0.0000	0.0000	0.0000	0.0000	0.0000	0.0000	0.0000	0.0000	0.0000	0.0000	0.0000	0.0000	0.0040	0.0020	0.0020	0.0001	0.0001	0.0000	0.0038	0.0019	0.0020
78	114	0.0179	3	2	0	1	0	2	0	1	0	1	0	1	0	0	0	0	0	0	0	Y	N	N	N	N	N	N	N	N	N	N	N	N	N	N	N	N	N	0.0000	0.0000	0.0000	0.0000	0.0000	0.0000	0.0000	0.0000	0.0000	0.0000	0.0000	0.0000	0.0000	0.0000	0.0000	0.0000	0.0000	0.0000	0.0000	0.0000	0.0000	0.0000	0.0000	0.0000	0.0000	0.0000	0.0000		0.0000	0.0000	-0.0000	0.5196	0.0000	1.5432	1.0009	0.0000	0.0000	0.0000	0.0000	0.0000	0.0000	0.0000	0.0000	0.0000	0.0000	0.0000	0.0000	0.0000	0.0000	0.0000	0.0000	0.0000	0.0000	0.0000	0.0000	0.0000	0.0000	0.0000	0.0000	0.0000	0.0000	0.0000	0.0125	0.0096	0.0029	0.0043	0.0042	0.0000	0.0083	0.0054	0.0029
78	115	0.0593	7	2	0	1	0	1	0	0	0	0	0	0	0	0	0	0	0	0	0	Y	N	N	N	N	N	N	N	N	N	N	N	N	N	N	N	N	N	0.1591	0.0959	0.0079	1.9180	1.7688	0.0000	0.0020	0.0000	0.0076	0.0379	0.0442	0.0000	3.7081	4.0313	0.0000	0.0000	0.0000	0.0000	0.2380	0.4609	0.0059	1.9334	2.2791	0.0001	0.0033	0.0000	0.0061	0.0002	0.0123	-0.0001	-0.0042	0.5196	0.9998	1.5432	6.9031	0.0002	0.0002	0.0000	0.0002	0.0002	0.0000	0.0000	0.0000	0.0000	0.0091	0.0090	0.0001	0.0090	0.0090	0.0000	0.0001	0.0000	0.0001	0.0066	0.0056	0.0009	0.0001	0.0001	0.0000	0.0065	0.0056	0.0009	0.0384	0.0196	0.0188	0.0047	0.0040	0.0007	0.0337	0.0156	0.0181
78	116	0.0467	6	2	0	1	0	2	0	1	0	0	0	0	0	0	0	0	0	0	0	Y	N	N	N	N	N	N	N	N	N	N	N	N	N	N	N	N	N	65.4178	11.7603	232.5748	15.9777	15.0495	0.0000	60.8305	247.5974	228.3702	30.9380	0.0779	215.1900	0.5931	0.6511	0.0000	31.2193	0.0723	216.4245	0.4729	0.0066	0.9253	0.0371	0.0433	0.0000	0.5132	0.0003	0.9477	462.3841	143.9114	0.0001	0.0047	0.5196	0.0012	1.5432	4.2539	0.0002	0.0000	0.0002	0.0000	0.0000	0.0000	0.0002	0.0000	0.0002	0.0090	0.0001	0.0089	0.0001	0.0001	0.0000	0.0089	0.0000	0.0089	0.0000	0.0000	0.0000	0.0000	0.0000	0.0000	0.0000	0.0000	0.0000	0.0190	0.0094	0.0097	0.0016	0.0014	0.0002	0.0174	0.0080	0.0094
78	119	0.0286	6	2	0	1	0	2	0	0	0	0	0	1	0	0	0	0	0	0	0	Y	N	N	N	N	N	N	N	N	N	N	N	N	N	N	N	N	N	0.0000	0.0000	0.0000	0.0000	0.0000	0.0000	0.0000	0.0000	0.0000	0.0000	0.0000	0.0000	0.0000	0.0000	0.0000	0.0000	0.0000	0.0000	0.0000	0.0000	0.0000	0.0000	0.0000	0.0000	0.0000	0.0000	0.0000			0.0000	0.0000	0.5196	0.0000	1.5432	0.0000	0.0000	0.0000	0.0000	0.0000	0.0000	0.0000	0.0000	0.0000	0.0000	0.0000	0.0000	0.0000	0.0000	0.0000	0.0000	0.0000	0.0000	0.0000	0.0000	0.0000	0.0000	0.0000	0.0000	0.0000	0.0000	0.0000	0.0000	0.0000	0.0000	0.0000	0.0000	0.0000	0.0000	0.0000	0.0000	0.0000
79	93	0.0538	7	2	0	1	0	0	0	0	0	0	0	0	0	0	0	0	0	0	0	Y	N	N	N	N	N	N	N	N	N	N	N	N	N	N	N	N	N	149.6642	87.5933	491.9316	130.4633	119.1259	0.0000	151.7706	0.0000	482.3935	0.0076	0.0045	0.0249	0.0265	0.0266	0.0000	0.0045	0.0000	0.0250	0.0001	0.0001	0.0001	0.0002	0.0002	0.0000	0.0000	0.0000	0.0001	1.0000	1.0175	-0.0000	0.0000	1.0047	0.0001	3.0004	0.0783	0.0000	0.0000	0.0000	0.0000	0.0000	0.0000	0.0000	0.0000	0.0000	0.0000	0.0000	0.0000	0.0000	0.0000	0.0000	0.0000	0.0000	0.0000	0.0000	0.0000	0.0000	0.0000	0.0000	0.0000	0.0000	0.0000	0.0000	0.0007	0.0003	0.0003	0.0001	0.0001	0.0000	0.0006	0.0003	0.0003
79	94	0.0452	6	2	0	1	0	1	0	0	0	0	0	0	0	0	0	0	0	0	0	Y	N	N	N	N	N	N	N	N	N	N	N	N	N	N	N	N	N	141.4394	72.9378	0.0000	40.7098	36.6014	0.0000	0.0000	0.0000	0.0000	0.0006	0.0006	0.0000	0.0018	0.0018	0.0000	0.0000	0.0000	0.0000	0.0000	0.0000	0.0000	0.0000	0.0000	0.0000	0.0000	0.0000	0.0000	0.0000	0.0079	-0.0000	-0.0000	1.0047	0.0004	3.0004	2.9660	0.0000	0.0000	0.0000	0.0000	0.0000	0.0000	0.0000	0.0000	0.0000	0.0000	0.0000	0.0000	0.0000	0.0000	0.0000	0.0000	0.0000	0.0000	0.0000	0.0000	0.0000	0.0000	0.0000	0.0000	0.0000	0.0000	0.0000	0.0242	0.0117	0.0125	0.0023	0.0021	0.0002	0.0218	0.0096	0.0122
80	93	0.0406	6	2	0	1	0	0	0	0	0	0	0	0	0	0	0	0	0	0	0	Y	N	N	N	N	N	N	N	N	N	N	N	N	N	N	N	N	N	49.0140	32.9891	141.3038	131.4090	146.7371	0.0000	39.9050	0.0000	160.2922	0.0079	0.0046	0.0266	0.0318	0.0318	0.0000	0.0045	0.0000	0.0266	0.0002	0.0001	0.0002	0.0002	0.0002	0.0025	0.0001	0.0000	0.0002	1.0000	1.0102	-0.0000	0.0000	1.0096	0.0001	2.0672	0.0783	0.0000	0.0000	0.0000	0.0000	0.0000	0.0000	0.0000	0.0000	0.0000	0.0000	0.0000	0.0000	0.0000	0.0000	0.0000	0.0000	0.0000	0.0000	0.0000	0.0000	0.0000	0.0000	0.0000	0.0000	0.0000	0.0000	0.0000	0.0016	0.0009	0.0007	0.0006	0.0006	0.0000	0.0010	0.0003	0.0007
80	94	0.0320	5	2	0	1	0	1	0	0	0	0	0	0	0	0	0	0	0	0	0	Y	N	N	N	N	N	N	N	N	N	N	N	N	N	N	N	N	N	3.2816	0.0000	1854.4478	0.0000	0.0000	0.0000	193.4181	0.0000	1848.1180	0.0007	0.0000	0.0109	0.0000	0.0000	0.0000	0.0010	0.0000	0.0109	0.0002	0.0003	0.0000	0.0009	0.0009	0.0000	0.0000	0.0000	0.0000	inf	0.0127	0.0000	-0.0000	1.0096	0.0004	2.0672	2.9660	0.0000	0.0000	0.0000	0.0000	0.0000	0.0000	0.0000	0.0000	0.0000	0.0000	0.0000	0.0000	0.0000	0.0000	0.0000	0.0000	0.0000	0.0000	0.0000	0.0000	0.0000	0.0000	0.0000	0.0000	0.0000	0.0000	0.0000	0.0281	0.0160	0.0120	0.0061	0.0060	0.0001	0.0219	0.0100	0.0119
81	93	0.0299	5	2	0	1	0	1	0	1	0	0	0	0	0	0	0	0	0	0	0	Y	N	N	N	N	N	N	N	N	N	N	N	N	N	N	N	N	N	0.0000	0.0000	0.0000	0.0000	0.0000	0.0000	0.0000	0.0000	0.0000	0.0000	0.0000	0.0000	0.0000	0.0000	0.0000	0.0000	0.0000	0.0000	0.0218	0.0243	0.0190	0.0326	0.0327	0.0135	0.0164	0.0106	0.0190		0.6776	0.0000	-0.0000	0.9933	0.0001	1.5154	0.0783	0.0000	0.0000	0.0000	0.0000	0.0000	0.0000	0.0000	0.0000	0.0000	0.0000	0.0000	0.0000	0.0000	0.0000	0.0000	0.0000	0.0000	0.0000	0.0000	0.0000	0.0000	0.0000	0.0000	0.0000	0.0000	0.0000	0.0000	0.0011	0.0006	0.0005	0.0004	0.0004	0.0000	0.0007	0.0002	0.0005
81	94	0.0213	4	2	0	1	0	2	0	1	0	0	0	0	0	0	0	0	0	0	0	Y	N	N	N	N	N	N	N	N	N	N	N	N	N	N	N	N	N	0.0000	0.0000	0.0000	0.0000	0.0000	0.0000	0.0000	0.0000	0.0000	0.0000	0.0000	0.0000	0.0000	0.0000	0.0000	0.0000	0.0000	0.0000	0.0166	0.0030	0.0290	0.0020	0.0021	0.0009	0.0176	0.0032	0.0292		10.3933	0.0000	0.0001	0.9933	0.0004	1.5154	2.9660	0.0000	0.0000	0.0000	0.0000	0.0000	0.0000	0.0000	0.0000	0.0000	0.0003	0.0000	0.0002	0.0000	0.0000	0.0000	0.0003	0.0000	0.0002	0.0000	0.0000	0.0000	0.0000	0.0000	0.0000	0.0000	0.0000	0.0000	0.0156	0.0075	0.0081	0.0010	0.0009	0.0000	0.0146	0.0065	0.0081
84	93	0.0633	8	2	0	1	0	1	0	1	0	0	0	0	0	0	0	0	0	0	0	Y	N	N	N	N	N	N	N	N	N	N	N	N	N	N	N	N	N	0.0000	0.0000	0.0000	0.0000	0.0000	0.0000	0.0000	0.0000	0.0000	0.0000	0.0000	0.0000	0.0000	0.0000	0.0000	0.0000	0.0000	0.0000	0.4199	0.6706	0.1279	0.6175	0.6227	0.0000	0.3181	0.7509	0.1287		0.1638	0.0000	-0.0005	2.0009	0.0001	6.0608	0.0783	0.0000	0.0000	0.0000	0.0000	0.0000	0.0000	0.0000	0.0000	0.0000	0.0014	0.0012	0.0002	0.0007	0.0007	0.0000	0.0007	0.0005	0.0002	0.0000	0.0000	0.0000	0.0000	0.0000	0.0000	0.0000	0.0000	0.0000	0.0034	0.0018	0.0016	0.0011	0.0011	0.0000	0.0022	0.0007	0.0016
84	94	0.0546	7	2	0	1	0	2	0	1	0	0	0	0	0	0	0	0	0	0	0	Y	N	N	N	N	N	N	N	N	N	N	N	N	N	N	N	N	N	808.2276	567.1894	0.0000	12584.6413	11787.8011	0.0000	0.0000	0.0000	0.0000	12.0440	12.8655	0.0000	38.2416	38.2579	0.0000	0.0000	0.0000	0.0000	0.0149	0.0227	0.0076	0.0030	0.0032	0.0000	0.0158	0.0256	0.0077	0.0000	0.3579	-0.0002	-0.0002	2.0009	0.0004	6.0608	2.9660	0.0003	0.0003	0.0000	0.0003	0.0003	0.0000	0.0000	0.0000	0.0000	0.0007	0.0005	0.0002	0.0000	0.0000	0.0000	0.0007	0.0005	0.0002	0.0000	0.0000	0.0000	0.0000	0.0000	0.0000	0.0000	0.0000	0.0000	0.0483	0.0234	0.0250	0.0033	0.0031	0.0002	0.0450	0.0203	0.0247
85	93	0.0403	5	2	0	1	0	0	0	0	0	0	0	0	0	0	0	0	0	0	0	Y	N	N	N	N	N	N	N	N	N	N	N	N	N	N	N	N	N	0.0000	0.0000	0.0000	0.0000	0.0000	0.0000	0.0000	0.0000	0.0000	0.0000	0.0000	0.0000	0.0000	0.0000	0.0000	0.0000	0.0000	0.0000	0.0574	0.0590	0.0559	0.3572	0.3732	0.0117	0.0312	0.0000	0.0562		1.0001	0.0000	0.0000	2.0003	0.0001	2.0390	0.0783	0.0000	0.0000	0.0000	0.0000	0.0000	0.0000	0.0000	0.0000	0.0000	0.0000	0.0000	0.0000	0.0000	0.0000	0.0000	0.0000	0.0000	0.0000	0.0000	0.0000	0.0000	0.0000	0.0000	0.0000	0.0000	0.0000	0.0000	0.0007	0.0003	0.0004	0.0001	0.0001	0.0000	0.0006	0.0003	0.0004
85	94	0.0317	4	2	0	1	0	1	0	0	0	0	0	0	0	0	0	0	0	0	0	Y	N	N	N	N	N	N	N	N	N	N	N	N	N	N	N	N	N	2.4658	6.0204	0.0000	3.0557	3.0430	0.0000	0.0000	0.0000	0.0000	0.0044	0.0051	0.0000	0.0257	0.0257	0.0000	0.0000	0.0000	0.0000	0.0018	0.0008	0.0027	0.0084	0.0085	0.0067	0.0014	0.0000	0.0026	0.0000	3.4001	-0.0000	0.0000	2.0003	0.0004	2.0390	2.9660	0.0000	0.0000	0.0000	0.0000	0.0000	0.0000	0.0000	0.0000	0.0000	0.0000	0.0000	0.0000	0.0000	0.0000	0.0000	0.0000	0.0000	0.0000	0.0000	0.0000	0.0000	0.0000	0.0000	0.0000	0.0000	0.0000	0.0000	0.0250	0.0120	0.0130	0.0012	0.0012	0.0000	0.0237	0.0108	0.0129
86	93	0.0256	4	2	0	1	0	1	0	1	0	0	0	0	0	0	0	0	0	0	0	Y	N	N	N	N	N	N	N	N	N	N	N	N	N	N	N	N	N	0.0000	0.0000	0.0000	0.0000	0.0000	0.0000	0.0000	0.0000	0.0000	0.0000	0.0000	0.0000	0.0000	0.0000	0.0000	0.0000	0.0000	0.0000	0.0005	0.0005	0.0004	0.0008	0.0008	0.0000	0.0004	0.0002	0.0004		0.7458	0.0000	-0.0000	1.0005	0.0001	0.9990	0.0783	0.0000	0.0000	0.0000	0.0000	0.0000	0.0000	0.0000	0.0000	0.0000	0.0000	0.0000	0.0000	0.0000	0.0000	0.0000	0.0000	0.0000	0.0000	0.0000	0.0000	0.0000	0.0000	0.0000	0.0000	0.0000	0.0000	0.0000	0.0009	0.0005	0.0004	0.0003	0.0003	0.0000	0.0006	0.0002	0.0004
86	94	0.0170	3	2	0	1	0	2	0	1	0	0	0	0	0	0	0	0	0	0	0	Y	N	N	N	N	N	N	N	N	N	N	N	N	N	N	N	N	N	9.0217	4.9734	32.4283	0.8181	0.7995	0.0000	11.0548	0.0000	32.4949	0.0185	0.0130	0.0507	0.0497	0.0498	0.0000	0.0095	0.0000	0.0509	0.0020	0.0026	0.0016	0.0608	0.0623	0.0000	0.0009	0.0000	0.0016	0.6666	0.6965	-0.0000	-0.0000	1.0005	0.0004	0.9990	2.9660	0.0000	0.0000	0.0000	0.0000	0.0000	0.0000	0.0000	0.0000	0.0000	0.0000	0.0000	0.0000	0.0000	0.0000	0.0000	0.0000	0.0000	0.0000	0.0000	0.0000	0.0000	0.0000	0.0000	0.0000	0.0000	0.0000	0.0000	0.0121	0.0056	0.0065	0.0002	0.0002	0.0000	0.0118	0.0054	0.0065
89	93	0.1392	17	2	0	1	0	0	0	0	0	0	0	0	0	0	0	0	0	0	0	Y	N	N	N	N	N	N	N	N	N	N	N	N	N	N	N	N	N	0.0000	0.0000	0.0000	0.0000	0.0000	0.0000	0.0000	0.0000	0.0000	0.0000	0.0000	0.0000	0.0000	0.0000	0.0000	0.0000	0.0000	0.0000	0.0110	0.0197	0.0001	0.0151	0.0152	0.0051	0.0087	0.0280	0.0000		0.0031	0.0000	-0.0000	0.0001	0.0001	3.9037	0.0783	0.0000	0.0000	0.0000	0.0000	0.0000	0.0000	0.0000	0.0000	0.0000	0.0000	0.0000	0.0000	0.0000	0.0000	0.0000	0.0000	0.0000	0.0000	0.0000	0.0000	0.0000	0.0000	0.0000	0.0000	0.0000	0.0000	0.0000	0.0017	0.0010	0.0008	0.0006	0.0006	0.0000	0.0011	0.0003	0.0008
89	94	0.1306	16	2	0	1	0	1	0	0	0	0	0	0	0	0	0	0	0	0	0	Y	N	N	N	N	N	N	N	N	N	N	N	N	N	N	N	N	N	642.7381	680.6647	0.0000	13201.1268	12410.0381	0.0000	0.0000	0.0000	0.0000	0.2469	0.4881	0.0000	0.4955	0.4955	0.0000	0.0000	0.0000	0.0000	0.0004	0.0007	0.0000	0.0000	0.0000	0.0000	0.0004	0.0009	0.0000	0.0000	0.0001	-0.0000	-0.0000	0.0001	0.0004	3.9037	2.9660	0.0000	0.0000	0.0000	0.0000	0.0000	0.0000	0.0000	0.0000	0.0000	0.0000	0.0000	0.0000	0.0000	0.0000	0.0000	0.0000	0.0000	0.0000	0.0000	0.0000	0.0000	0.0000	0.0000	0.0000	0.0000	0.0000	0.0000	0.0248	0.0133	0.0115	0.0035	0.0033	0.0002	0.0213	0.0100	0.0113
90	93	0.1274	16	2	0	1	0	0	0	0	0	0	0	0	0	0	0	0	0	0	0	Y	N	N	N	N	N	N	N	N	N	N	N	N	N	N	N	N	N	0.0000	0.0000	0.0000	0.0000	0.0000	0.0000	0.0000	0.0000	0.0000	0.0000	0.0000	0.0000	0.0000	0.0000	0.0000	0.0000	0.0000	0.0000	0.0003	0.0006	0.0000	0.0005	0.0005	0.0001	0.0003	0.0008	0.0000		0.0421	0.0000	-0.0000	1.0001	0.0001	8.1987	0.0783	0.0000	0.0000	0.0000	0.0000	0.0000	0.0000	0.0000	0.0000	0.0000	0.0000	0.0000	0.0000	0.0000	0.0000	0.0000	0.0000	0.0000	0.0000	0.0000	0.0000	0.0000	0.0000	0.0000	0.0000	0.0000	0.0000	0.0000	0.0041	0.0023	0.0018	0.0015	0.0015	0.0001	0.0025	0.0008	0.0018
90	94	0.1188	15	2	0	1	0	1	0	0	0	0	0	0	0	0	0	0	0	0	0	Y	N	N	N	N	N	N	N	N	N	N	N	N	N	N	N	N	N	1023371.9144	595259.4744	0.0000	1247386.0824	988484.1164	0.0000	0.0000	0.0000	0.0000	22.7875	24.7216	0.0000	69.3933	69.4833	0.0000	0.0000	0.0000	0.0000	0.0000	0.0000	0.0000	0.0001	0.0001	0.0000	0.0000	0.0000	0.0000	0.0000	0.0210	-0.0002	-0.0000	1.0001	0.0004	8.1987	2.9660	0.0003	0.0003	0.0000	0.0003	0.0003	0.0000	0.0000	0.0000	0.0000	0.0000	0.0000	0.0000	0.0000	0.0000	0.0000	0.0000	0.0000	0.0000	0.0000	0.0000	0.0000	0.0000	0.0000	0.0000	0.0000	0.0000	0.0000	0.0619	0.0325	0.0294	0.0116	0.0092	0.0024	0.0503	0.0233	0.0270
93	104	0.0881	14	2	0	1	0	1	0	1	0	0	0	0	0	0	0	0	0	0	0	Y	N	N	N	N	N	N	N	N	N	N	N	N	N	N	N	N	N	0.0000	0.0000	0.0000	0.0000	0.0000	0.0000	0.0000	0.0000	0.0000	0.0000	0.0000	0.0000	0.0000	0.0000	0.0000	0.0000	0.0000	0.0000	0.0640	0.1147	0.0000	0.0866	0.0894	0.0000	0.0508	0.1598	0.0000		0.0000	0.0000	-0.0000	0.0001	1.0000	0.0783	1.0715	0.0000	0.0000	0.0000	0.0000	0.0000	0.0000	0.0000	0.0000	0.0000	0.0001	0.0001	0.0000	0.0000	0.0000	0.0000	0.0000	0.0000	0.0000	0.0000	0.0000	0.0000	0.0000	0.0000	0.0000	0.0000	0.0000	0.0000	0.0009	0.0005	0.0004	0.0003	0.0003	0.0000	0.0006	0.0002	0.0004
93	113	0.0651	13	2	0	1	0	0	0	0	0	0	0	1	0	0	0	0	0	0	0	Y	N	N	N	N	N	N	N	N	N	N	N	N	N	N	N	N	N	0.0000	0.0000	0.0000	0.0000	0.0000	0.0000	0.0000	0.0000	0.0000	0.0000	0.0000	0.0000	0.0000	0.0000	0.0000	0.0000	0.0000	0.0000	0.0000	0.0000	0.0000	0.0000	0.0000	0.0000	0.0000	0.0000	0.0000			0.0000	0.0000	0.0001	0.0000	0.0783	1.0000	0.0000	0.0000	0.0000	0.0000	0.0000	0.0000	0.0000	0.0000	0.0000	0.0000	0.0000	0.0000	0.0000	0.0000	0.0000	0.0000	0.0000	0.0000	0.0000	0.0000	0.0000	0.0000	0.0000	0.0000	0.0000	0.0000	0.0000	0.0002	0.0001	0.0001	0.0000	0.0000	0.0000	0.0001	0.0001	0.0001
93	114	0.0593	12	2	0	1	0	1	0	1	0	1	0	1	0	0	0	0	0	0	0	Y	N	N	N	N	N	N	N	N	N	N	N	N	N	N	N	N	N	0.0000	0.0000	0.0000	0.0000	0.0000	0.0000	0.0000	0.0000	0.0000	0.0000	0.0000	0.0000	0.0000	0.0000	0.0000	0.0000	0.0000	0.0000	0.0000	0.0000	0.0000	0.0000	0.0000	0.0000	0.0000	0.0000	0.0000			0.0000	0.0000	0.0001	0.0000	0.0783	1.0009	0.0000	0.0000	0.0000	0.0000	0.0000	0.0000	0.0000	0.0000	0.0000	0.0000	0.0000	0.0000	0.0000	0.0000	0.0000	0.0000	0.0000	0.0000	0.0000	0.0000	0.0000	0.0000	0.0000	0.0000	0.0000	0.0000	0.0000	0.0007	0.0005	0.0002	0.0003	0.0003	0.0000	0.0004	0.0002	0.0002
93	115	0.1008	16	2	0	1	0	0	0	0	0	0	0	0	0	0	0	0	0	0	0	Y	N	N	N	N	N	N	N	N	N	N	N	N	N	N	N	N	N	0.0000	0.0000	0.0000	0.0000	0.0000	0.0000	0.0000	0.0000	0.0000	0.0000	0.0000	0.0000	0.0000	0.0000	0.0000	0.0000	0.0000	0.0000	0.0000	0.0000	0.0000	0.0000	0.0000	0.0001	0.0000	0.0000	0.0000		1.0069	0.0000	0.0000	0.0001	0.9998	0.0783	6.9031	0.0000	0.0000	0.0000	0.0000	0.0000	0.0000	0.0000	0.0000	0.0000	0.0000	0.0000	0.0000	0.0000	0.0000	0.0000	0.0000	0.0000	0.0000	0.0000	0.0000	0.0000	0.0000	0.0000	0.0000	0.0000	0.0000	0.0000	0.0036	0.0020	0.0016	0.0014	0.0013	0.0001	0.0022	0.0007	0.0015
93	116	0.0881	15	2	0	1	0	1	0	1	0	0	0	0	0	0	0	0	0	0	0	Y	N	N	N	N	N	N	N	N	N	N	N	N	N	N	N	N	N	0.0000	0.0000	0.0000	0.0000	0.0000	0.0000	0.0000	0.0000	0.0000	0.0000	0.0000	0.0000	0.0000	0.0000	0.0000	0.0000	0.0000	0.0000	0.0000	0.0000	0.0000	0.0000	0.0000	0.0000	0.0000	0.0000	0.0000		0.5560	0.0000	-0.0000	0.0001	0.0012	0.0783	4.2539	0.0000	0.0000	0.0000	0.0000	0.0000	0.0000	0.0000	0.0000	0.0000	0.0000	0.0000	0.0000	0.0000	0.0000	0.0000	0.0000	0.0000	0.0000	0.0000	0.0000	0.0000	0.0000	0.0000	0.0000	0.0000	0.0000	0.0000	0.0019	0.0010	0.0008	0.0007	0.0007	0.0000	0.0012	0.0004	0.0008
93	119	0.0700	15	2	0	1	0	1	0	0	0	0	0	1	0	0	0	0	0	0	0	Y	N	N	N	N	N	N	N	N	N	N	N	N	N	N	N	N	N	0.0000	0.0000	0.0000	0.0000	0.0000	0.0000	0.0000	0.0000	0.0000	0.0000	0.0000	0.0000	0.0000	0.0000	0.0000	0.0000	0.0000	0.0000	0.0000	0.0000	0.0000	0.0000	0.0000	0.0000	0.0000	0.0000	0.0000			0.0000	0.0000	0.0001	0.0000	0.0783	0.0000	0.0000	0.0000	0.0000	0.0000	0.0000	0.0000	0.0000	0.0000	0.0000	0.0000	0.0000	0.0000	0.0000	0.0000	0.0000	0.0000	0.0000	0.0000	0.0000	0.0000	0.0000	0.0000	0.0000	0.0000	0.0000	0.0000	0.0000	0.0000	0.0000	0.0000	0.0000	0.0000	0.0000	0.0000	0.0000	0.0000
94	104	0.0881	13	2	0	1	0	2	0	1	0	0	0	0	0	0	0	0	0	0	0	Y	N	N	N	N	N	N	N	N	N	N	N	N	N	N	N	N	N	0.0000	0.0000	0.0000	0.0000	0.0000	0.0000	0.0000	0.0000	0.0000	0.0000	0.0000	0.0000	0.0000	0.0000	0.0000	0.0000	0.0000	0.0000	0.0021	0.0040	0.0000	0.0000	0.0000	0.0000	0.0025	0.0053	0.0000		0.0000	0.0000	-0.0000	0.0004	1.0000	2.9660	1.0715	0.0000	0.0000	0.0000	0.0000	0.0000	0.0000	0.0000	0.0000	0.0000	0.0000	0.0000	0.0000	0.0000	0.0000	0.0000	0.0000	0.0000	0.0000	0.0000	0.0000	0.0000	0.0000	0.0000	0.0000	0.0000	0.0000	0.0000	0.0141	0.0076	0.0065	0.0023	0.0019	0.0004	0.0118	0.0057	0.0061
94	113	0.0651	12	2	0	1	0	1	0	0	0	0	0	1	0	0	0	0	0	0	0	Y	N	N	N	N	N	N	N	N	N	N	N	N	N	N	N	N	N	0.0000	0.0000	0.0000	0.0000	0.0000	0.0000	0.0000	0.0000	0.0000	0.0000	0.0000	0.0000	0.0000	0.0000	0.0000	0.0000	0.0000	0.0000	0.0000	0.0000	0.0000	0.0000	0.0000	0.0000	0.0000	0.0000	0.0000			0.0000	0.0000	0.0004	0.0000	2.9660	1.0000	0.0000	0.0000	0.0000	0.0000	0.0000	0.0000	0.0000	0.0000	0.0000	0.0000	0.0000	0.0000	0.0000	0.0000	0.0000	0.0000	0.0000	0.0000	0.0000	0.0000	0.0000	0.0000	0.0000	0.0000	0.0000	0.0000	0.0000	0.0061	0.0031	0.0030	0.0007	0.0005	0.0002	0.0054	0.0026	0.0027
94	114	0.0593	11	2	0	1	0	2	0	1	0	1	0	1	0	0	0	0	0	0	0	Y	N	N	N	N	N	N	N	N	N	N	N	N	N	N	N	N	N	0.0000	0.0000	0.0000	0.0000	0.0000	0.0000	0.0000	0.0000	0.0000	0.0000	0.0000	0.0000	0.0000	0.0000	0.0000	0.0000	0.0000	0.0000	0.0000	0.0000	0.0000	0.0000	0.0000	0.0000	0.0000	0.0000	0.0000		0.0000	0.0000	-0.0000	0.0004	0.0000	2.9660	1.0009	0.0000	0.0000	0.0000	0.0000	0.0000	0.0000	0.0000	0.0000	0.0000	0.0000	0.0000	0.0000	0.0000	0.0000	0.0000	0.0000	0.0000	0.0000	0.0000	0.0000	0.0000	0.0000	0.0000	0.0000	0.0000	0.0000	0.0000	0.0176	0.0137	0.0039	0.0064	0.0062	0.0002	0.0112	0.0075	0.0037
94	115	0.1008	15	2	0	1	0	1	0	0	0	0	0	0	0	0	0	0	0	0	0	Y	N	N	N	N	N	N	N	N	N	N	N	N	N	N	N	N	N	919.8939	0.0000	331020.8604	0.0000	0.0000	0.0000	68666.9593	0.0000	316659.4814	0.0109	0.0000	0.1399	0.0000	0.0000	0.0000	0.0163	0.0000	0.1407	0.0000	0.0000	0.0000	0.0001	0.0001	0.0000	0.0000	0.0000	0.0000	inf	0.0169	0.0000	-0.0000	0.0004	0.9998	2.9660	6.9031	0.0000	0.0000	0.0000	0.0000	0.0000	0.0000	0.0000	0.0000	0.0000	0.0000	0.0000	0.0000	0.0000	0.0000	0.0000	0.0000	0.0000	0.0000	0.0000	0.0000	0.0000	0.0000	0.0000	0.0000	0.0000	0.0000	0.0000	0.0550	0.0292	0.0258	0.0112	0.0088	0.0024	0.0438	0.0204	0.0234
94	116	0.0881	14	2	0	1	0	2	0	1	0	0	0	0	0	0	0	0	0	0	0	Y	N	N	N	N	N	N	N	N	N	N	N	N	N	N	N	N	N	26031.5885	14148.7913	0.0000	11584.4303	9203.4570	0.0000	0.0000	0.0000	0.0000	9.3220	9.9077	0.0000	29.0643	29.1045	0.0000	0.0000	0.0000	0.0000	0.0004	0.0007	0.0000	0.0025	0.0032	0.0000	0.0000	0.0000	0.0000	0.0000	0.0029	-0.0000	-0.0000	0.0004	0.0012	2.9660	4.2539	0.0000	0.0000	0.0000	0.0000	0.0000	0.0000	0.0000	0.0000	0.0000	0.0000	0.0000	0.0000	0.0000	0.0000	0.0000	0.0000	0.0000	0.0000	0.0000	0.0000	0.0000	0.0000	0.0000	0.0000	0.0000	0.0000	0.0000	0.0268	0.0137	0.0131	0.0038	0.0030	0.0008	0.0230	0.0107	0.0123
94	119	0.0700	14	2	0	1	0	2	0	0	0	0	0	1	0	0	0	0	0	0	0	Y	N	N	N	N	N	N	N	N	N	N	N	N	N	N	N	N	N	0.0000	0.0000	0.0000	0.0000	0.0000	0.0000	0.0000	0.0000	0.0000	0.0000	0.0000	0.0000	0.0000	0.0000	0.0000	0.0000	0.0000	0.0000	0.0000	0.0000	0.0000	0.0000	0.0000	0.0000	0.0000	0.0000	0.0000			0.0000	0.0000	0.0004	0.0000	2.9660	0.0000	0.0000	0.0000	0.0000	0.0000	0.0000	0.0000	0.0000	0.0000	0.0000	0.0000	0.0000	0.0000	0.0000	0.0000	0.0000	0.0000	0.0000	0.0000	0.0000	0.0000	0.0000	0.0000	0.0000	0.0000	0.0000	0.0000	0.0000	0.0000	0.0000	0.0000	0.0000	0.0000	0.0000	0.0000	0.0000	0.0000
105	106	0.0338	5	0	0	0	0	0	0	0	0	0	2	0	2	0	0	0	0	0	0	N	N	N	N	N	Y	N	N	N	N	N	N	N	N	N	N	N	N	0.0000	0.0000	0.0000	0.0000	0.0000	0.0000	0.0000	0.0000	0.0000	0.0000	0.0000	0.0000	0.0000	0.0000	0.0000	0.0000	0.0000	0.0000	0.0000	0.0000	0.0000	0.0000	0.0000	0.0000	0.0000	0.0000	0.0000			0.0000	0.0000	0.0000	0.0000	1.0001	0.0000	0.0000	0.0000	0.0000	0.0000	0.0000	0.0000	0.0000	0.0000	0.0000	0.0000	0.0000	0.0000	0.0000	0.0000	0.0000	0.0000	0.0000	0.0000	0.0000	0.0000	0.0000	0.0000	0.0000	0.0000	0.0000	0.0000	0.0000	0.0000	0.0000	0.0000	0.0000	0.0000	0.0000	0.0000	0.0000	0.0000
105	107	0.0423	9	0	0	0	0	0	0	0	0	0	2	0	2	0	0	0	0	0	0	N	N	N	N	N	Y	N	N	N	N	N	N	N	N	N	N	N	N	0.0000	0.0000	0.0000	0.0000	0.0000	0.0000	0.0000	0.0000	0.0000	0.0000	0.0000	0.0000	0.0000	0.0000	0.0000	0.0000	0.0000	0.0000	0.0000	0.0000	0.0000	0.0000	0.0000	0.0000	0.0000	0.0000	0.0000			0.0000	0.0000	0.0000	0.0000	1.0001	0.0000	0.0000	0.0000	0.0000	0.0000	0.0000	0.0000	0.0000	0.0000	0.0000	0.0000	0.0000	0.0000	0.0000	0.0000	0.0000	0.0000	0.0000	0.0000	0.0000	0.0000	0.0000	0.0000	0.0000	0.0000	0.0000	0.0000	0.0000	0.0000	0.0000	0.0000	0.0000	0.0000	0.0000	0.0000	0.0000	0.0000
106	107	0.0085	5	0	0	0	0	0	0	0	0	0	2	0	2	0	0	0	0	0	0	N	N	N	N	N	Y	N	N	N	N	N	N	N	N	N	N	N	N	0.0000	0.0000	0.0000	0.0000	0.0000	0.0000	0.0000	0.0000	0.0000	0.0000	0.0000	0.0000	0.0000	0.0000	0.0000	0.0000	0.0000	0.0000	0.0000	0.0000	0.0000	0.0000	0.0000	0.0000	0.0000	0.0000	0.0000			0.0000	0.0000	0.0000	0.0000	0.0000	0.0000	0.0000	0.0000	0.0000	0.0000	0.0000	0.0000	0.0000	0.0000	0.0000	0.0000	0.0000	0.0000	0.0000	0.0000	0.0000	0.0000	0.0000	0.0000	0.0000	0.0000	0.0000	0.0000	0.0000	0.0000	0.0000	0.0000	0.0000	0.0000	0.0000	0.0000	0.0000	0.0000	0.0000	0.0000	0.0000	0.0000
