branch_id_1	branch_id_2	dist_bl	dist_node_num	branch_num_fg_beak	branch_num_fg_fork	branch_num_fg_pink	branch_num_fg_red	branch_num_fg_stem_beak	branch_num_fg_stem_fork	branch_num_fg_stem_pink	branch_num_fg_stem_red	branch_num_fg_stem_tube	branch_num_fg_stem_yellow	branch_num_fg_tube	branch_num_fg_yellow	branch_num_mg_beak	branch_num_mg_fork	branch_num_mg_pink	branch_num_mg_red	branch_num_mg_tube	branch_num_mg_yellow	is_fg_beak	is_fg_fork	is_fg_pink	is_fg_red	is_fg_tube	is_fg_yellow	is_mf_beak	is_mf_fork	is_mf_pink	is_mf_red	is_mf_tube	is_mf_yellow	is_mg_beak	is_mg_fork	is_mg_pink	is_mg_red	is_mg_tube	is_mg_yellow	omegaCany2any	omegaCany2dif	omegaCany2spe	omegaCdif2any	omegaCdif2dif	omegaCdif2spe	omegaCspe2any	omegaCspe2dif	omegaCspe2spe	dNCany2any	dNCany2dif	dNCany2spe	dNCdif2any	dNCdif2dif	dNCdif2spe	dNCspe2any	dNCspe2dif	dNCspe2spe	dSCany2any	dSCany2dif	dSCany2spe	dSCdif2any	dSCdif2dif	dSCdif2spe	dSCspe2any	dSCspe2dif	dSCspe2spe	OCNCoD	OCSCoD	OCN_linreg_residual	OCS_linreg_residual	N_sub_1	N_sub_2	S_sub_1	S_sub_2	OCNany2any	OCNany2dif	OCNany2spe	OCNdif2any	OCNdif2dif	OCNdif2spe	OCNspe2any	OCNspe2dif	OCNspe2spe	OCSany2any	OCSany2dif	OCSany2spe	OCSdif2any	OCSdif2dif	OCSdif2spe	OCSspe2any	OCSspe2dif	OCSspe2spe	ECNany2any	ECNany2dif	ECNany2spe	ECNdif2any	ECNdif2dif	ECNdif2spe	ECNspe2any	ECNspe2dif	ECNspe2spe	ECSany2any	ECSany2dif	ECSany2spe	ECSdif2any	ECSdif2dif	ECSdif2spe	ECSspe2any	ECSspe2dif	ECSspe2spe
0	5	0.0925	8	2	0	1	0	0	0	0	0	1	1	1	1	0	0	0	0	0	0	Y	N	N	N	N	N	N	N	N	N	N	N	N	N	N	N	N	N	0.0017	0.0008	0.0000	0.0027	0.0026	0.0000	0.0000	0.0000	0.0000	0.0000	0.0000	0.0000	0.0000	0.0000	0.0000	0.0000	0.0000	0.0000	0.0008	0.0021	0.0000	0.0067	0.0071	0.0000	0.0000	0.0000	0.0000	0.0000	0.0020	-0.0000	-0.0000	0.9941	5.0324	2.9987	5.0338	0.0000	0.0000	0.0000	0.0000	0.0000	0.0000	0.0000	0.0000	0.0000	0.0001	0.0001	0.0000	0.0001	0.0001	0.0000	0.0000	0.0000	0.0000	0.1102	0.0964	0.0137	0.0089	0.0087	0.0002	0.1012	0.0877	0.0135	0.1193	0.0479	0.0714	0.0150	0.0142	0.0008	0.1043	0.0338	0.0706
0	10	0.1134	11	2	0	1	1	0	0	0	1	1	0	2	1	0	0	0	0	0	0	Y	N	N	N	Y	N	N	N	N	N	N	N	N	N	N	N	N	N	0.0000	0.0000	0.0000	0.0000	0.0000	0.0000	0.0000	0.0000	0.0000	0.0000	0.0000	0.0000	0.0000	0.0000	0.0000	0.0000	0.0000	0.0000	0.0000	0.0000	0.0000	0.0000	0.0000	0.0000	0.0000	0.0000	0.0000		inf	0.0000	0.0000	0.9941	0.0004	2.9987	1.0134	0.0000	0.0000	0.0000	0.0000	0.0000	0.0000	0.0000	0.0000	0.0000	0.0000	0.0000	0.0000	0.0000	0.0000	0.0000	0.0000	0.0000	0.0000	0.0000	0.0000	0.0000	0.0000	0.0000	0.0000	0.0000	0.0000	0.0000	0.0115	0.0043	0.0072	0.0015	0.0013	0.0002	0.0100	0.0030	0.0070
0	17	0.1074	10	2	0	1	1	0	0	0	1	1	0	2	1	0	0	0	0	0	0	Y	N	N	N	Y	N	N	N	N	N	N	N	N	N	N	N	N	N	0.0000	0.0000	0.0000	0.0000	0.0000	0.0000	0.0000	0.0000	0.0000	0.0000	0.0000	0.0000	0.0000	0.0000	0.0000	0.0000	0.0000	0.0000	0.0000	0.0000	0.0000	0.0000	0.0000	0.0000	0.0000	0.0000	0.0000			0.0000	0.0000	0.9941	3.0000	2.9987	2.0000	0.0000	0.0000	0.0000	0.0000	0.0000	0.0000	0.0000	0.0000	0.0000	0.0000	0.0000	0.0000	0.0000	0.0000	0.0000	0.0000	0.0000	0.0000	0.0671	0.0589	0.0082	0.0084	0.0081	0.0003	0.0587	0.0508	0.0079	0.0532	0.0197	0.0335	0.0067	0.0054	0.0012	0.0465	0.0143	0.0322
0	19	0.1074	8	2	0	1	1	0	0	0	1	1	1	2	1	0	0	0	0	0	0	Y	N	N	N	Y	N	N	N	N	N	N	N	N	N	N	N	N	N	0.0000	0.0000	0.0000	0.0000	0.0000	0.0000	0.0000	0.0000	0.0000	0.0000	0.0000	0.0000	0.0000	0.0000	0.0000	0.0000	0.0000	0.0000	0.0000	0.0000	0.0000	0.0000	0.0000	0.0000	0.0000	0.0000	0.0000			0.0000	0.0000	0.9941	0.0000	2.9987	1.0000	0.0000	0.0000	0.0000	0.0000	0.0000	0.0000	0.0000	0.0000	0.0000	0.0000	0.0000	0.0000	0.0000	0.0000	0.0000	0.0000	0.0000	0.0000	0.0000	0.0000	0.0000	0.0000	0.0000	0.0000	0.0000	0.0000	0.0000	0.0111	0.0041	0.0070	0.0014	0.0011	0.0003	0.0097	0.0030	0.0067
0	20	0.1016	9	2	0	1	0	0	0	0	0	2	1	2	1	0	0	0	0	0	0	Y	N	N	N	Y	N	N	N	N	N	N	N	N	N	N	N	N	N	0.0000	0.0000	0.0000	0.0000	0.0000	0.0000	0.0000	0.0000	0.0000	0.0000	0.0000	0.0000	0.0000	0.0000	0.0000	0.0000	0.0000	0.0000	0.0000	0.0000	0.0000	0.0000	0.0000	0.0000	0.0000	0.0000	0.0000			0.0000	0.0000	0.9941	1.0000	2.9987	0.0000	0.0000	0.0000	0.0000	0.0000	0.0000	0.0000	0.0000	0.0000	0.0000	0.0000	0.0000	0.0000	0.0000	0.0000	0.0000	0.0000	0.0000	0.0000	0.0229	0.0201	0.0028	0.0029	0.0028	0.0001	0.0200	0.0173	0.0027	0.0110	0.0041	0.0070	0.0013	0.0011	0.0002	0.0097	0.0030	0.0068
0	21	0.0541	4	2	0	1	0	0	0	0	0	1	0	1	1	0	0	0	0	0	0	Y	N	N	N	N	N	N	N	N	N	N	N	N	N	N	N	N	N	41887.0905	0.0000	28783027.1631	0.0000	0.0000	0.0000	27418508.3572	0.0000	96912835.6814	8.8985	0.0000	53.3091	0.0000	0.0000	0.0000	9.9592	0.0000	53.6729	0.0002	0.0005	0.0000	0.0024	0.0025	0.0002	0.0000	0.0000	0.0000	inf	0.0053	0.5086	-0.0000	0.9941	3.8982	2.9987	3.1508	0.8690	0.0000	0.8690	0.0000	0.0000	0.0000	0.8690	0.0000	0.8690	0.0000	0.0000	0.0000	0.0000	0.0000	0.0000	0.0000	0.0000	0.0000	0.0977	0.0814	0.0163	0.0104	0.0103	0.0001	0.0873	0.0711	0.0162	0.0852	0.0340	0.0512	0.0076	0.0073	0.0003	0.0776	0.0267	0.0509
0	28	0.1016	8	2	0	1	0	0	0	0	0	1	0	1	0	0	0	0	0	0	0	Y	N	N	N	N	N	N	N	N	N	N	N	N	N	N	N	N	N	0.0000	0.0000	0.0000	0.0000	0.0000	0.0000	0.0000	0.0000	0.0000	0.0000	0.0000	0.0000	0.0000	0.0000	0.0000	0.0000	0.0000	0.0000	0.0000	0.0000	0.0000	0.0000	0.0000	0.0000	0.0000	0.0000	0.0000			0.0000	0.0000	0.9941	0.0000	2.9987	0.0000	0.0000	0.0000	0.0000	0.0000	0.0000	0.0000	0.0000	0.0000	0.0000	0.0000	0.0000	0.0000	0.0000	0.0000	0.0000	0.0000	0.0000	0.0000	0.0000	0.0000	0.0000	0.0000	0.0000	0.0000	0.0000	0.0000	0.0000	0.0000	0.0000	0.0000	0.0000	0.0000	0.0000	0.0000	0.0000	0.0000
0	29	0.0541	4	2	0	1	0	0	0	0	0	1	0	1	1	0	0	0	0	0	0	Y	N	N	N	N	N	N	N	N	N	N	N	N	N	N	N	N	N	5124.5435	2892.4191	0.0000	3022.2609	2960.4408	0.0000	0.0000	0.0000	0.0000	2.6779	3.4853	0.0000	13.4243	13.4826	0.0000	0.0000	0.0000	0.0000	0.0005	0.0012	0.0000	0.0044	0.0046	0.0000	0.0000	0.0000	0.0000	0.0000	0.0009	-0.0419	-0.0000	0.9941	1.1083	2.9987	2.8540	0.1010	0.1010	0.0000	0.1010	0.1010	0.0000	0.0000	0.0000	0.0000	0.0000	0.0000	0.0000	0.0000	0.0000	0.0000	0.0000	0.0000	0.0000	0.0377	0.0290	0.0087	0.0075	0.0075	0.0000	0.0302	0.0215	0.0087	0.0535	0.0232	0.0303	0.0063	0.0061	0.0002	0.0472	0.0171	0.0302
0	30	0.0480	3	2	0	1	0	1	0	0	0	1	1	1	1	0	0	0	0	0	0	Y	N	N	N	N	N	N	N	N	N	N	N	N	N	N	N	N	N	793.8973	303.6899	6957.7176	464.4162	461.0918	0.0000	3277.0635	0.0000	6951.5062	4.5906	2.9686	10.0993	12.0720	12.1214	0.0000	2.8360	0.0000	10.1338	0.0058	0.0098	0.0015	0.0260	0.0263	0.0001	0.0009	0.0000	0.0015	1.0017	0.1369	0.0155	-0.0001	0.9941	1.1867	2.9987	0.2815	0.1808	0.0903	0.0905	0.0903	0.0903	0.0000	0.0905	0.0000	0.0905	0.0001	0.0001	0.0000	0.0001	0.0001	0.0000	0.0000	0.0000	0.0000	0.0394	0.0304	0.0090	0.0075	0.0075	0.0000	0.0319	0.0230	0.0089	0.0258	0.0134	0.0124	0.0050	0.0050	0.0001	0.0207	0.0084	0.0123
0	32	0.1191	8	2	0	1	0	0	0	0	0	1	0	1	0	0	0	0	0	0	0	Y	N	N	N	N	N	N	N	N	N	N	N	N	N	N	N	N	N	103607.8813	790.2364	24232955.8805	1.0085	0.8613	0.0000	5068572.9378	4749508.7167	24440540.3988	11.2968	0.2086	92.7029	0.0008	0.0008	0.0000	13.4227	0.2522	97.3676	0.0001	0.0003	0.0000	0.0008	0.0010	0.0000	0.0000	0.0000	0.0000	60.5358	0.0213	0.5609	-0.0000	0.9941	4.0243	2.9987	4.9679	0.9856	0.0160	0.9696	0.0000	0.0000	0.0000	0.9856	0.0160	0.9696	0.0000	0.0000	0.0000	0.0000	0.0000	0.0000	0.0000	0.0000	0.0000	0.0872	0.0768	0.0105	0.0138	0.0133	0.0005	0.0734	0.0635	0.0100	0.0896	0.0362	0.0534	0.0120	0.0099	0.0021	0.0776	0.0264	0.0512
0	35	0.1127	7	2	0	1	0	1	0	0	0	1	0	1	0	0	0	0	0	0	0	Y	N	N	N	N	N	N	N	N	N	N	N	N	N	N	N	N	N	1.5580	0.3223	7.4880	0.0004	0.0003	0.0000	1.6237	inf	7.5635	0.0110	0.0001	0.1005	0.0000	0.0000	0.0000	0.0137	0.0002	0.1050	0.0070	0.0004	0.0134	0.0012	0.0011	0.0014	0.0084	0.0000	0.0139	92.4485	34.1312	0.0002	0.0001	0.9941	1.0742	2.9987	0.1055	0.0003	0.0000	0.0003	0.0000	0.0000	0.0000	0.0003	0.0000	0.0003	0.0001	0.0000	0.0001	0.0000	0.0000	0.0000	0.0001	0.0000	0.0001	0.0287	0.0256	0.0031	0.0058	0.0056	0.0001	0.0229	0.0200	0.0030	0.0160	0.0079	0.0081	0.0031	0.0028	0.0003	0.0129	0.0051	0.0079
0	36	0.1074	10	2	0	1	0	0	0	0	0	1	0	2	1	0	0	0	0	0	0	Y	N	N	N	Y	N	N	N	N	N	N	N	N	N	N	N	N	N	0.0000	0.0000	0.0000	0.0000	0.0000	0.0000	0.0000	0.0000	0.0000	0.0000	0.0000	0.0000	0.0000	0.0000	0.0000	0.0000	0.0000	0.0000	0.0000	0.0000	0.0000	0.0000	0.0000	0.0000	0.0000	0.0000	0.0000			0.0000	0.0000	0.9941	3.0000	2.9987	5.0000	0.0000	0.0000	0.0000	0.0000	0.0000	0.0000	0.0000	0.0000	0.0000	0.0000	0.0000	0.0000	0.0000	0.0000	0.0000	0.0000	0.0000	0.0000	0.0671	0.0589	0.0082	0.0084	0.0081	0.0003	0.0587	0.0508	0.0079	0.0825	0.0307	0.0518	0.0103	0.0084	0.0019	0.0722	0.0223	0.0499
0	37	0.1074	9	2	0	1	0	0	0	0	0	1	1	2	1	0	0	0	0	0	0	Y	N	N	N	Y	N	N	N	N	N	N	N	N	N	N	N	N	N	0.0000	0.0000	0.0000	0.0000	0.0000	0.0000	0.0000	0.0000	0.0000	0.0000	0.0000	0.0000	0.0000	0.0000	0.0000	0.0000	0.0000	0.0000	0.0000	0.0000	0.0000	0.0000	0.0000	0.0000	0.0000	0.0000	0.0000			0.0000	0.0000	0.9941	0.0000	2.9987	0.0000	0.0000	0.0000	0.0000	0.0000	0.0000	0.0000	0.0000	0.0000	0.0000	0.0000	0.0000	0.0000	0.0000	0.0000	0.0000	0.0000	0.0000	0.0000	0.0000	0.0000	0.0000	0.0000	0.0000	0.0000	0.0000	0.0000	0.0000	0.0000	0.0000	0.0000	0.0000	0.0000	0.0000	0.0000	0.0000	0.0000
0	38	0.1074	8	2	0	1	0	0	0	0	0	1	0	2	0	0	0	0	0	0	0	Y	N	N	N	Y	N	N	N	N	N	N	N	N	N	N	N	N	N	0.0000	0.0000	0.0000	0.0000	0.0000	0.0000	0.0000	0.0000	0.0000	0.0000	0.0000	0.0000	0.0000	0.0000	0.0000	0.0000	0.0000	0.0000	0.0000	0.0000	0.0000	0.0000	0.0000	0.0000	0.0000	0.0000	0.0000			0.0000	0.0000	0.9941	0.0000	2.9987	0.0000	0.0000	0.0000	0.0000	0.0000	0.0000	0.0000	0.0000	0.0000	0.0000	0.0000	0.0000	0.0000	0.0000	0.0000	0.0000	0.0000	0.0000	0.0000	0.0000	0.0000	0.0000	0.0000	0.0000	0.0000	0.0000	0.0000	0.0000	0.0000	0.0000	0.0000	0.0000	0.0000	0.0000	0.0000	0.0000	0.0000
0	39	0.1016	7	2	0	1	0	0	0	0	0	2	0	2	0	0	0	0	0	0	0	Y	N	N	N	Y	N	N	N	N	N	N	N	N	N	N	N	N	N	0.0000	0.0000	0.0000	0.0000	0.0000	0.0000	0.0000	0.0000	0.0000	0.0000	0.0000	0.0000	0.0000	0.0000	0.0000	0.0000	0.0000	0.0000	0.0000	0.0000	0.0000	0.0000	0.0000	0.0000	0.0000	0.0000	0.0000			0.0000	0.0000	0.9941	0.0000	2.9987	1.0000	0.0000	0.0000	0.0000	0.0000	0.0000	0.0000	0.0000	0.0000	0.0000	0.0000	0.0000	0.0000	0.0000	0.0000	0.0000	0.0000	0.0000	0.0000	0.0000	0.0000	0.0000	0.0000	0.0000	0.0000	0.0000	0.0000	0.0000	0.0110	0.0041	0.0070	0.0013	0.0011	0.0002	0.0097	0.0030	0.0068
0	41	0.0776	7	2	0	1	0	1	0	0	0	1	0	1	0	0	0	0	0	0	0	Y	N	N	N	N	N	N	N	N	N	N	N	N	N	N	N	N	N	0.0017	0.0000	0.0095	0.0000	0.0000	0.0000	0.0017	0.0000	0.0096	0.0000	0.0000	0.0001	0.0000	0.0000	0.0000	0.0000	0.0000	0.0001	0.0041	0.0012	0.0057	0.0001	0.0002	0.0000	0.0044	0.0014	0.0058	inf	8.4557	0.0000	0.0000	0.9941	1.0068	2.9987	1.0688	0.0000	0.0000	0.0000	0.0000	0.0000	0.0000	0.0000	0.0000	0.0000	0.0001	0.0000	0.0001	0.0000	0.0000	0.0000	0.0001	0.0000	0.0001	0.0231	0.0202	0.0029	0.0015	0.0015	0.0000	0.0216	0.0187	0.0029	0.0242	0.0085	0.0157	0.0014	0.0013	0.0001	0.0228	0.0072	0.0156
0	45	0.1193	12	2	0	1	1	0	0	0	1	1	0	2	1	0	0	0	0	0	0	Y	N	N	N	Y	N	N	N	N	N	N	N	N	N	N	N	N	N	0.0000	0.0000	0.0000	0.0000	0.0000	0.0000	0.0000	0.0000	0.0000	0.0000	0.0000	0.0000	0.0000	0.0000	0.0000	0.0000	0.0000	0.0000	0.0000	0.0000	0.0000	0.0000	0.0001	0.0000	0.0000	0.0000	0.0000		0.0000	0.0000	-0.0000	0.9941	0.9998	2.9987	0.0048	0.0000	0.0000	0.0000	0.0000	0.0000	0.0000	0.0000	0.0000	0.0000	0.0000	0.0000	0.0000	0.0000	0.0000	0.0000	0.0000	0.0000	0.0000	0.0230	0.0202	0.0028	0.0036	0.0034	0.0001	0.0195	0.0168	0.0026	0.0112	0.0042	0.0070	0.0014	0.0012	0.0002	0.0098	0.0030	0.0068
0	46	0.1134	11	2	0	1	0	0	0	0	0	1	0	2	1	0	0	0	0	0	0	Y	N	N	N	Y	N	N	N	N	N	N	N	N	N	N	N	N	N	0.0000	0.0000	0.0000	0.0000	0.0000	0.0000	0.0000	0.0000	0.0000	0.0000	0.0000	0.0000	0.0000	0.0000	0.0000	0.0000	0.0000	0.0000	0.0018	0.0047	0.0000	0.0134	0.0160	0.0000	0.0000	0.0000	0.0000		0.0001	0.0000	-0.0000	0.9941	0.0006	2.9987	0.9846	0.0000	0.0000	0.0000	0.0000	0.0000	0.0000	0.0000	0.0000	0.0000	0.0000	0.0000	0.0000	0.0000	0.0000	0.0000	0.0000	0.0000	0.0000	0.0000	0.0000	0.0000	0.0000	0.0000	0.0000	0.0000	0.0000	0.0000	0.0112	0.0042	0.0070	0.0015	0.0012	0.0002	0.0097	0.0029	0.0068
0	47	0.1016	10	2	0	1	0	0	0	0	0	1	1	2	1	0	0	0	0	0	0	Y	N	N	N	Y	N	N	N	N	N	N	N	N	N	N	N	N	N	0.0000	0.0000	0.0000	0.0000	0.0000	0.0000	0.0000	0.0000	0.0000	0.0000	0.0000	0.0000	0.0000	0.0000	0.0000	0.0000	0.0000	0.0000	0.0000	0.0000	0.0000	0.0001	0.0001	0.0000	0.0000	0.0000	0.0000		0.0000	0.0000	-0.0000	0.9941	1.9996	2.9987	0.0187	0.0000	0.0000	0.0000	0.0000	0.0000	0.0000	0.0000	0.0000	0.0000	0.0000	0.0000	0.0000	0.0000	0.0000	0.0000	0.0000	0.0000	0.0000	0.0452	0.0397	0.0055	0.0057	0.0055	0.0002	0.0395	0.0342	0.0053	0.0221	0.0081	0.0140	0.0026	0.0022	0.0005	0.0194	0.0059	0.0135
0	48	0.1016	9	2	0	1	0	0	0	0	0	2	0	2	0	0	0	0	0	0	0	Y	N	N	N	Y	N	N	N	N	N	N	N	N	N	N	N	N	N	0.0000	0.0000	0.0000	0.0000	0.0000	0.0000	0.0000	0.0000	0.0000	0.0000	0.0000	0.0000	0.0000	0.0000	0.0000	0.0000	0.0000	0.0000	0.0000	0.0000	0.0000	0.0000	0.0000	0.0000	0.0000	0.0000	0.0000			0.0000	0.0000	0.9941	0.0000	2.9987	0.0000	0.0000	0.0000	0.0000	0.0000	0.0000	0.0000	0.0000	0.0000	0.0000	0.0000	0.0000	0.0000	0.0000	0.0000	0.0000	0.0000	0.0000	0.0000	0.0000	0.0000	0.0000	0.0000	0.0000	0.0000	0.0000	0.0000	0.0000	0.0000	0.0000	0.0000	0.0000	0.0000	0.0000	0.0000	0.0000	0.0000
0	56	0.1016	8	2	0	1	0	0	0	0	0	1	0	1	0	0	0	0	0	0	0	Y	N	N	N	N	N	N	N	N	N	N	N	N	N	N	N	N	N	0.0000	0.0000	0.0000	0.0000	0.0000	0.0000	0.0000	0.0000	0.0000	0.0000	0.0000	0.0000	0.0000	0.0000	0.0000	0.0000	0.0000	0.0000	0.0000	0.0000	0.0000	0.0000	0.0000	0.0000	0.0000	0.0000	0.0000			0.0000	0.0000	0.9941	0.0000	2.9987	0.0000	0.0000	0.0000	0.0000	0.0000	0.0000	0.0000	0.0000	0.0000	0.0000	0.0000	0.0000	0.0000	0.0000	0.0000	0.0000	0.0000	0.0000	0.0000	0.0000	0.0000	0.0000	0.0000	0.0000	0.0000	0.0000	0.0000	0.0000	0.0000	0.0000	0.0000	0.0000	0.0000	0.0000	0.0000	0.0000	0.0000
0	57	0.1016	7	2	0	1	0	0	0	0	0	1	0	1	0	0	0	0	0	0	0	Y	N	N	N	N	N	N	N	N	N	N	N	N	N	N	N	N	N	0.0000	0.0000	0.0000	0.0000	0.0000	0.0000	0.0000	0.0000	0.0000	0.0000	0.0000	0.0000	0.0000	0.0000	0.0000	0.0000	0.0000	0.0000	0.0000	0.0000	0.0000	0.0000	0.0000	0.0000	0.0000	0.0000	0.0000			0.0000	0.0000	0.9941	0.0000	2.9987	0.0000	0.0000	0.0000	0.0000	0.0000	0.0000	0.0000	0.0000	0.0000	0.0000	0.0000	0.0000	0.0000	0.0000	0.0000	0.0000	0.0000	0.0000	0.0000	0.0000	0.0000	0.0000	0.0000	0.0000	0.0000	0.0000	0.0000	0.0000	0.0000	0.0000	0.0000	0.0000	0.0000	0.0000	0.0000	0.0000	0.0000
0	58	0.0921	6	2	0	1	0	1	0	0	0	1	0	1	0	0	0	0	0	0	0	Y	N	N	N	N	N	N	N	N	N	N	N	N	N	N	N	N	N	0.0000	0.0000	0.0000	0.0000	0.0000	0.0000	0.0000	0.0000	0.0000	0.0000	0.0000	0.0000	0.0000	0.0000	0.0000	0.0000	0.0000	0.0000	0.0007	0.0020	0.0000	0.0060	0.0073	0.0000	0.0000	0.0000	0.0000		0.0018	0.0000	-0.0000	0.9941	1.2118	2.9987	0.0039	0.0000	0.0000	0.0000	0.0000	0.0000	0.0000	0.0000	0.0000	0.0000	0.0000	0.0000	0.0000	0.0000	0.0000	0.0000	0.0000	0.0000	0.0000	0.0349	0.0309	0.0039	0.0070	0.0069	0.0001	0.0279	0.0241	0.0038	0.0135	0.0050	0.0085	0.0017	0.0014	0.0003	0.0119	0.0037	0.0082
1	5	0.0691	6	1	0	0	0	0	0	0	0	0	2	0	2	0	0	0	0	0	0	N	N	N	N	N	Y	N	N	N	N	N	N	N	N	N	N	N	N	0.0786	0.0353	2.5840	0.2613	0.2596	13.5005	0.0196	0.0000	0.1044	0.0000	0.0001	0.0000	0.0012	0.0013	0.0002	0.0000	0.0000	0.0000	0.0006	0.0016	0.0000	0.0048	0.0049	0.0000	0.0000	0.0000	0.0000	0.0066	0.0010	-0.0000	-0.0000	1.9990	5.0324	1.5621	5.0338	0.0000	0.0000	0.0000	0.0000	0.0000	0.0000	0.0000	0.0000	0.0000	0.0001	0.0001	0.0000	0.0001	0.0001	0.0000	0.0000	0.0000	0.0000	0.2063	0.1804	0.0259	0.0081	0.0078	0.0003	0.1982	0.1726	0.0257	0.1148	0.0453	0.0695	0.0150	0.0145	0.0005	0.0998	0.0308	0.0690
1	7	0.1631	14	0	0	0	0	0	0	0	0	0	2	0	2	0	0	0	0	0	0	N	N	N	N	N	Y	N	N	N	N	N	N	N	N	N	N	N	N	0.0000	0.0000	0.0000	0.0000	0.0000	0.0000	0.0000	0.0000	0.0000	0.0000	0.0000	0.0000	0.0000	0.0000	0.0000	0.0000	0.0000	0.0000	0.0000	0.0000	0.0000	0.0000	0.0000	0.0000	0.0000	0.0000	0.0000		inf	0.0000	0.0000	1.9990	0.0000	1.5621	3.0007	0.0000	0.0000	0.0000	0.0000	0.0000	0.0000	0.0000	0.0000	0.0000	0.0000	0.0000	0.0000	0.0000	0.0000	0.0000	0.0000	0.0000	0.0000	0.0000	0.0000	0.0000	0.0000	0.0000	0.0000	0.0000	0.0000	0.0000	0.0300	0.0102	0.0198	0.0024	0.0023	0.0001	0.0276	0.0079	0.0197
1	10	0.0899	9	1	0	0	1	0	0	0	1	0	1	1	2	0	0	0	0	0	0	N	N	N	N	N	Y	N	N	N	N	N	N	N	N	N	N	N	N	0.0000	0.0000	0.0000	0.0000	0.0000	0.0000	0.0000	0.0000	0.0000	0.0000	0.0000	0.0000	0.0000	0.0000	0.0000	0.0000	0.0000	0.0000	0.0000	0.0000	0.0000	0.0000	0.0000	0.0000	0.0000	0.0000	0.0000		inf	0.0000	0.0000	1.9990	0.0004	1.5621	1.0134	0.0000	0.0000	0.0000	0.0000	0.0000	0.0000	0.0000	0.0000	0.0000	0.0000	0.0000	0.0000	0.0000	0.0000	0.0000	0.0000	0.0000	0.0000	0.0000	0.0000	0.0000	0.0000	0.0000	0.0000	0.0000	0.0000	0.0000	0.0112	0.0041	0.0071	0.0015	0.0013	0.0002	0.0096	0.0028	0.0069
1	17	0.0840	8	1	0	0	1	0	0	0	1	0	1	1	2	0	0	0	0	0	0	N	N	N	N	N	Y	N	N	N	N	N	N	N	N	N	N	N	N	inf	inf	0.0000	inf	inf	0.0000	0.0000	0.0000	0.0000	0.0001	0.0001	0.0000	0.0009	0.0010	0.0000	0.0000	0.0000	0.0000	0.0000	0.0000	0.0000	0.0000	0.0000	0.0000	0.0000	0.0000	0.0000	0.0000		-0.0000	0.0000	1.9990	3.0000	1.5621	2.0000	0.0000	0.0000	0.0000	0.0000	0.0000	0.0000	0.0000	0.0000	0.0000	0.0000	0.0000	0.0000	0.0000	0.0000	0.0000	0.0000	0.0000	0.0000	0.1258	0.1105	0.0154	0.0109	0.0105	0.0004	0.1149	0.1000	0.0149	0.0518	0.0189	0.0329	0.0068	0.0058	0.0010	0.0450	0.0131	0.0319
1	19	0.0840	6	1	0	0	1	0	0	0	1	0	2	1	2	0	0	0	0	0	0	N	N	N	N	N	Y	N	N	N	N	N	N	N	N	N	N	N	N	0.0000	0.0000	0.0000	0.0000	0.0000	0.0000	0.0000	0.0000	0.0000	0.0000	0.0000	0.0000	0.0000	0.0000	0.0000	0.0000	0.0000	0.0000	0.0000	0.0000	0.0000	0.0000	0.0000	0.0000	0.0000	0.0000	0.0000			0.0000	0.0000	1.9990	0.0000	1.5621	1.0000	0.0000	0.0000	0.0000	0.0000	0.0000	0.0000	0.0000	0.0000	0.0000	0.0000	0.0000	0.0000	0.0000	0.0000	0.0000	0.0000	0.0000	0.0000	0.0000	0.0000	0.0000	0.0000	0.0000	0.0000	0.0000	0.0000	0.0000	0.0108	0.0039	0.0069	0.0014	0.0012	0.0002	0.0094	0.0027	0.0067
1	20	0.0781	7	1	0	0	0	0	0	0	0	1	2	1	2	0	0	0	0	0	0	N	N	N	N	N	Y	N	N	N	N	N	N	N	N	N	N	N	N	0.0000	0.0000	0.0000	0.0000	0.0000	0.0000	0.0000	0.0000	0.0000	0.0000	0.0000	0.0000	0.0000	0.0000	0.0000	0.0000	0.0000	0.0000	0.0000	0.0000	0.0000	0.0000	0.0000	0.0000	0.0000	0.0000	0.0000			0.0000	0.0000	1.9990	1.0000	1.5621	0.0000	0.0000	0.0000	0.0000	0.0000	0.0000	0.0000	0.0000	0.0000	0.0000	0.0000	0.0000	0.0000	0.0000	0.0000	0.0000	0.0000	0.0000	0.0000	0.0429	0.0376	0.0053	0.0038	0.0036	0.0001	0.0391	0.0340	0.0051	0.0107	0.0039	0.0069	0.0014	0.0012	0.0002	0.0094	0.0027	0.0067
1	21	0.0435	4	1	0	0	0	0	0	0	0	0	1	0	2	0	0	0	0	0	0	N	N	N	N	N	Y	N	N	N	N	N	N	N	N	N	N	N	N	0.0845	0.0382	0.0000	0.3164	0.3239	0.0000	0.0000	0.0000	0.0000	0.0008	0.0009	0.0000	0.0284	0.0294	0.0000	0.0000	0.0000	0.0000	0.0091	0.0230	0.0000	0.0896	0.0907	0.0000	0.0000	0.0000	0.0000	0.0000	0.0000	-0.0001	-0.0003	1.9990	3.8982	1.5621	3.1508	0.0001	0.0001	0.0000	0.0001	0.0001	0.0000	0.0000	0.0000	0.0000	0.0007	0.0007	0.0000	0.0007	0.0007	0.0000	0.0000	0.0000	0.0000	0.1638	0.1428	0.0210	0.0044	0.0043	0.0002	0.1594	0.1386	0.0208	0.0826	0.0326	0.0500	0.0084	0.0083	0.0001	0.0743	0.0243	0.0499
1	22	0.1018	11	1	0	1	1	0	0	0	1	0	1	1	2	0	0	0	0	0	0	N	N	N	N	N	Y	N	N	N	N	N	N	N	N	N	N	N	N	0.0000	0.0000	0.0000	0.0000	0.0000	0.0000	0.0000	0.0000	0.0000	0.0000	0.0000	0.0000	0.0000	0.0000	0.0000	0.0000	0.0000	0.0000	0.0000	0.0000	0.0000	0.0000	0.0000	0.0000	0.0000	0.0000	0.0000			0.0000	0.0000	1.9990	0.0000	1.5621	0.0000	0.0000	0.0000	0.0000	0.0000	0.0000	0.0000	0.0000	0.0000	0.0000	0.0000	0.0000	0.0000	0.0000	0.0000	0.0000	0.0000	0.0000	0.0000	0.0000	0.0000	0.0000	0.0000	0.0000	0.0000	0.0000	0.0000	0.0000	0.0000	0.0000	0.0000	0.0000	0.0000	0.0000	0.0000	0.0000	0.0000
1	23	0.1018	11	1	0	1	0	0	0	0	0	0	1	1	2	0	0	0	0	0	0	N	N	N	N	N	Y	N	N	N	N	N	N	N	N	N	N	N	N	0.0000	0.0000	0.0000	0.0000	0.0000	0.0000	0.0000	0.0000	0.0000	0.0000	0.0000	0.0000	0.0000	0.0000	0.0000	0.0000	0.0000	0.0000	0.0000	0.0000	0.0000	0.0000	0.0000	0.0000	0.0000	0.0000	0.0000			0.0000	0.0000	1.9990	0.0000	1.5621	0.0000	0.0000	0.0000	0.0000	0.0000	0.0000	0.0000	0.0000	0.0000	0.0000	0.0000	0.0000	0.0000	0.0000	0.0000	0.0000	0.0000	0.0000	0.0000	0.0000	0.0000	0.0000	0.0000	0.0000	0.0000	0.0000	0.0000	0.0000	0.0000	0.0000	0.0000	0.0000	0.0000	0.0000	0.0000	0.0000	0.0000
1	24	0.0959	10	1	0	1	0	0	0	1	0	0	1	1	2	0	0	0	0	0	0	N	N	N	N	N	Y	N	N	N	N	N	N	N	N	N	N	N	N	0.0000	0.0000	0.0000	0.0000	0.0000	0.0000	0.0000	0.0000	0.0000	0.0000	0.0000	0.0000	0.0000	0.0000	0.0000	0.0000	0.0000	0.0000	0.0000	0.0000	0.0000	0.0000	0.0000	0.0000	0.0000	0.0000	0.0000		0.0000	0.0000	-0.0000	1.9990	0.0002	1.5621	1.0022	0.0000	0.0000	0.0000	0.0000	0.0000	0.0000	0.0000	0.0000	0.0000	0.0000	0.0000	0.0000	0.0000	0.0000	0.0000	0.0000	0.0000	0.0000	0.0000	0.0000	0.0000	0.0000	0.0000	0.0000	0.0000	0.0000	0.0000	0.0109	0.0040	0.0069	0.0014	0.0013	0.0002	0.0094	0.0027	0.0067
1	29	0.0435	4	1	0	0	0	0	0	0	0	0	1	0	2	0	0	0	0	0	0	N	N	N	N	N	Y	N	N	N	N	N	N	N	N	N	N	N	N	0.0199	0.0000	3541.3509	0.0000	0.0000	0.0000	718.7464	0.0000	3559.3234	0.0003	0.0000	0.0023	0.0000	0.0000	0.0000	0.0003	0.0000	0.0023	0.0144	0.0337	0.0000	0.1103	0.1113	0.0000	0.0000	0.0000	0.0000	inf	0.0000	0.0000	-0.0003	1.9990	1.1083	1.5621	2.8540	0.0000	0.0000	0.0000	0.0000	0.0000	0.0000	0.0000	0.0000	0.0000	0.0007	0.0007	0.0000	0.0007	0.0007	0.0000	0.0000	0.0000	0.0000	0.0510	0.0445	0.0065	0.0026	0.0026	0.0000	0.0483	0.0419	0.0064	0.0521	0.0222	0.0298	0.0068	0.0067	0.0001	0.0453	0.0155	0.0298
1	30	0.0374	3	1	0	0	0	1	0	0	0	0	2	0	2	0	0	0	0	0	0	N	N	N	N	N	Y	N	N	N	N	N	N	N	N	N	N	N	N	0.0023	0.0007	0.0440	0.0080	0.0081	0.0000	0.0085	0.0000	0.0442	0.0005	0.0003	0.0019	0.0053	0.0054	0.0000	0.0003	0.0000	0.0019	0.2131	0.3787	0.0429	0.6635	0.6647	0.0001	0.0298	0.0000	0.0429	0.9956	0.1102	0.0000	-0.0027	1.9990	1.1867	1.5621	0.2815	0.0000	0.0000	0.0000	0.0000	0.0000	0.0000	0.0000	0.0000	0.0000	0.0075	0.0067	0.0007	0.0067	0.0067	0.0000	0.0007	0.0000	0.0007	0.0542	0.0473	0.0069	0.0025	0.0024	0.0000	0.0517	0.0448	0.0069	0.0350	0.0177	0.0173	0.0101	0.0101	0.0000	0.0249	0.0076	0.0172
1	36	0.0840	8	1	0	0	0	0	0	0	0	0	1	1	2	0	0	0	0	0	0	N	N	N	N	N	Y	N	N	N	N	N	N	N	N	N	N	N	N	0.0000	0.0000	0.0000	0.0000	0.0000	0.0000	0.0000	0.0000	0.0000	0.0000	0.0000	0.0000	0.0000	0.0000	0.0000	0.0000	0.0000	0.0000	0.1078	0.0000	0.1701	0.0000	0.0000	0.0000	0.1241	0.0000	0.1754		inf	0.0000	0.0047	1.9990	3.0000	1.5621	5.0000	0.0000	0.0000	0.0000	0.0000	0.0000	0.0000	0.0000	0.0000	0.0000	0.0087	0.0000	0.0087	0.0000	0.0000	0.0000	0.0087	0.0000	0.0087	0.1258	0.1105	0.0154	0.0109	0.0105	0.0004	0.1149	0.1000	0.0149	0.0803	0.0294	0.0509	0.0105	0.0090	0.0016	0.0698	0.0204	0.0494
1	37	0.0840	7	1	0	0	0	0	0	0	0	0	2	1	2	0	0	0	0	0	0	N	N	N	N	N	Y	N	N	N	N	N	N	N	N	N	N	N	N	0.0000	0.0000	0.0000	0.0000	0.0000	0.0000	0.0000	0.0000	0.0000	0.0000	0.0000	0.0000	0.0000	0.0000	0.0000	0.0000	0.0000	0.0000	0.0000	0.0000	0.0000	0.0000	0.0000	0.0000	0.0000	0.0000	0.0000			0.0000	0.0000	1.9990	0.0000	1.5621	0.0000	0.0000	0.0000	0.0000	0.0000	0.0000	0.0000	0.0000	0.0000	0.0000	0.0000	0.0000	0.0000	0.0000	0.0000	0.0000	0.0000	0.0000	0.0000	0.0000	0.0000	0.0000	0.0000	0.0000	0.0000	0.0000	0.0000	0.0000	0.0000	0.0000	0.0000	0.0000	0.0000	0.0000	0.0000	0.0000	0.0000
1	42	0.0663	9	0	0	0	0	0	0	0	0	0	2	0	2	0	0	0	0	0	0	N	N	N	N	N	Y	N	N	N	N	N	N	N	N	N	N	N	N	0.0000	0.0000	0.0000	0.0000	0.0000	0.0000	0.0000	0.0000	0.0000	0.0000	0.0000	0.0000	0.0000	0.0000	0.0000	0.0000	0.0000	0.0000	0.0000	0.0000	0.0000	0.0000	0.0000	0.0000	0.0000	0.0000	0.0000			0.0000	0.0000	1.9990	0.9984	1.5621	0.0033	0.0000	0.0000	0.0000	0.0000	0.0000	0.0000	0.0000	0.0000	0.0000	0.0000	0.0000	0.0000	0.0000	0.0000	0.0000	0.0000	0.0000	0.0000	0.0422	0.0368	0.0055	0.0005	0.0005	0.0000	0.0417	0.0363	0.0055	0.0115	0.0040	0.0074	0.0008	0.0008	0.0000	0.0106	0.0032	0.0074
1	45	0.0959	10	1	0	0	1	0	0	0	1	0	1	1	2	0	0	0	0	0	0	N	N	N	N	N	Y	N	N	N	N	N	N	N	N	N	N	N	N	0.0000	0.0000	0.0000	0.0000	0.0000	0.0000	0.0000	0.0000	0.0000	0.0000	0.0000	0.0000	0.0000	0.0000	0.0000	0.0000	0.0000	0.0000	0.0000	0.0000	0.0000	0.0000	0.0000	0.0000	0.0000	0.0000	0.0000		0.0000	0.0000	-0.0000	1.9990	0.9998	1.5621	0.0048	0.0000	0.0000	0.0000	0.0000	0.0000	0.0000	0.0000	0.0000	0.0000	0.0000	0.0000	0.0000	0.0000	0.0000	0.0000	0.0000	0.0000	0.0000	0.0432	0.0379	0.0052	0.0051	0.0049	0.0002	0.0381	0.0331	0.0050	0.0109	0.0040	0.0069	0.0014	0.0013	0.0002	0.0095	0.0027	0.0067
1	46	0.0899	9	1	0	0	0	0	0	0	0	0	1	1	2	0	0	0	0	0	0	N	N	N	N	N	Y	N	N	N	N	N	N	N	N	N	N	N	N	0.0000	0.0000	0.0000	0.0000	0.0000	0.0000	0.0000	0.0000	0.0000	0.0000	0.0000	0.0000	0.0000	0.0000	0.0000	0.0000	0.0000	0.0000	0.0009	0.0025	0.0000	0.0067	0.0076	0.0000	0.0000	0.0000	0.0000		0.0001	0.0000	-0.0000	1.9990	0.0006	1.5621	0.9846	0.0000	0.0000	0.0000	0.0000	0.0000	0.0000	0.0000	0.0000	0.0000	0.0000	0.0000	0.0000	0.0000	0.0000	0.0000	0.0000	0.0000	0.0000	0.0001	0.0001	0.0000	0.0000	0.0000	0.0000	0.0000	0.0000	0.0000	0.0109	0.0040	0.0069	0.0015	0.0013	0.0002	0.0094	0.0027	0.0067
1	47	0.0781	8	1	0	0	0	0	0	0	0	0	2	1	2	0	0	0	0	0	0	N	N	N	N	N	Y	N	N	N	N	N	N	N	N	N	N	N	N	0.0000	0.0000	0.0000	0.0000	0.0000	0.0000	0.0000	0.0000	0.0000	0.0000	0.0000	0.0000	0.0000	0.0000	0.0000	0.0000	0.0000	0.0000	0.0000	0.0000	0.0000	0.0001	0.0001	0.0000	0.0000	0.0000	0.0000		0.0000	0.0000	-0.0000	1.9990	1.9996	1.5621	0.0187	0.0000	0.0000	0.0000	0.0000	0.0000	0.0000	0.0000	0.0000	0.0000	0.0000	0.0000	0.0000	0.0000	0.0000	0.0000	0.0000	0.0000	0.0000	0.0848	0.0744	0.0104	0.0074	0.0071	0.0003	0.0774	0.0673	0.0101	0.0215	0.0078	0.0137	0.0027	0.0023	0.0004	0.0188	0.0054	0.0133
1	66	0.1447	11	0	0	0	0	0	0	0	0	0	2	0	2	0	0	0	0	0	0	N	N	N	N	N	Y	N	N	N	N	N	N	N	N	N	N	N	N	0.0000	0.0000	0.0000	0.0000	0.0000	0.0000	0.0000	0.0000	0.0000	0.0000	0.0000	0.0000	0.0000	0.0000	0.0000	0.0000	0.0000	0.0000	0.0006	0.0015	0.0000	0.0030	0.0030	0.0000	0.0000	0.0000	0.0000		0.0000	0.0000	-0.0000	1.9990	2.0073	1.5621	0.7728	0.0000	0.0000	0.0000	0.0000	0.0000	0.0000	0.0000	0.0000	0.0000	0.0000	0.0000	0.0000	0.0000	0.0000	0.0000	0.0000	0.0000	0.0000	0.0818	0.0720	0.0098	0.0099	0.0094	0.0005	0.0719	0.0626	0.0093	0.0387	0.0151	0.0236	0.0078	0.0078	0.0001	0.0308	0.0073	0.0235
1	67	0.1567	12	0	0	0	0	0	0	0	0	0	2	0	2	0	0	0	0	0	0	N	N	N	N	N	Y	N	N	N	N	N	N	N	N	N	N	N	N	0.0000	0.0000	0.0000	0.0000	0.0000	0.0000	0.0000	0.0000	0.0000	0.0000	0.0000	0.0000	0.0000	0.0000	0.0000	0.0000	0.0000	0.0000	0.0006	0.0016	0.0000	0.0030	0.0030	0.0000	0.0000	0.0000	0.0000		0.0000	0.0000	-0.0000	1.9990	0.9402	1.5621	1.7770	0.0000	0.0000	0.0000	0.0000	0.0000	0.0000	0.0000	0.0000	0.0000	0.0000	0.0000	0.0000	0.0000	0.0000	0.0000	0.0000	0.0000	0.0000	0.0498	0.0445	0.0053	0.0113	0.0109	0.0004	0.0384	0.0336	0.0049	0.0378	0.0149	0.0229	0.0078	0.0077	0.0001	0.0300	0.0072	0.0229
2	5	0.1048	3	2	0	1	0	1	0	1	0	0	1	0	1	0	0	0	0	0	0	Y	N	N	N	N	N	N	N	N	N	N	N	N	N	N	N	N	N	0.6181	0.1176	inf	1.7881	1.6733	inf	0.5945	0.0977	inf	3.3866	1.9352	13.5618	0.0544	0.0530	0.0948	3.4960	2.0037	13.6785	5.4791	16.4569	0.0000	0.0304	0.0317	0.0000	5.8804	20.5102	0.0000	0.9996	0.0000	0.1703	-0.9200	6.0000	5.0324	6.0000	5.0338	1.9982	0.9993	0.9989	0.0010	0.0010	0.0001	1.9972	0.9984	0.9988	1.9963	1.9963	0.0000	0.0008	0.0008	0.0000	1.9955	1.9955	0.0000	0.5900	0.5164	0.0737	0.0188	0.0181	0.0006	0.5713	0.4983	0.0730	0.3643	0.1213	0.2430	0.0250	0.0240	0.0010	0.3394	0.0973	0.2421
2	10	0.1723	12	2	0	1	1	1	0	1	1	0	0	1	1	0	0	0	0	0	0	Y	N	N	N	N	N	N	N	N	N	N	N	N	N	N	N	N	N	inf	inf	0.0000	0.0000	0.0000	0.0000	inf	inf	0.0000	2.4808	2.6905	0.0000	0.0000	0.0000	0.0000	3.9150	4.4467	0.0000	0.0000	0.0000	0.0000	0.0000	0.0000	0.0000	0.0000	0.0000	0.0000	0.0000		-0.0001	0.0000	6.0000	0.0004	6.0000	1.0134	0.0003	0.0003	0.0000	0.0000	0.0000	0.0000	0.0003	0.0003	0.0000	0.0000	0.0000	0.0000	0.0000	0.0000	0.0000	0.0000	0.0000	0.0000	0.0001	0.0001	0.0000	0.0001	0.0000	0.0000	0.0001	0.0001	0.0000	0.0308	0.0106	0.0201	0.0026	0.0020	0.0006	0.0282	0.0086	0.0196
2	17	0.1664	11	2	0	1	1	1	0	1	1	0	0	1	1	0	0	0	0	0	0	Y	N	N	N	N	N	N	N	N	N	N	N	N	N	N	N	N	N	0.3967	inf	0.0000	0.0000	0.0000	0.0000	0.4026	inf	0.0000	2.7902	3.1696	0.0000	0.0000	0.0000	0.0000	3.0673	3.5140	0.0000	7.0337	0.0000	10.7391	0.0000	0.0000	0.0000	7.6190	0.0000	11.0829	0.0000	inf	-0.4146	0.5391	6.0000	3.0000	6.0000	2.0000	1.0000	1.0000	0.0000	0.0000	0.0000	0.0000	1.0000	1.0000	0.0000	1.0000	0.0000	1.0000	0.0000	0.0000	0.0000	1.0000	0.0000	1.0000	0.3584	0.3155	0.0429	0.0324	0.0309	0.0015	0.3260	0.2846	0.0414	0.1422	0.0491	0.0931	0.0109	0.0080	0.0029	0.1313	0.0410	0.0902
2	19	0.1664	9	2	0	1	1	1	0	1	1	0	1	1	1	0	0	0	0	0	0	Y	N	N	N	N	N	N	N	N	N	N	N	N	N	N	N	N	N	0.0000	0.0000	0.0000	0.0000	0.0000	0.0000	0.0000	0.0000	0.0000	0.0000	0.0000	0.0000	0.0000	0.0000	0.0000	0.0000	0.0000	0.0000	0.0000	0.0000	0.0000	0.0000	0.0000	0.0000	0.0000	0.0000	0.0000			0.0000	0.0000	6.0000	0.0000	6.0000	1.0000	0.0000	0.0000	0.0000	0.0000	0.0000	0.0000	0.0000	0.0000	0.0000	0.0000	0.0000	0.0000	0.0000	0.0000	0.0000	0.0000	0.0000	0.0000	0.0000	0.0000	0.0000	0.0000	0.0000	0.0000	0.0000	0.0000	0.0000	0.0296	0.0102	0.0194	0.0023	0.0017	0.0006	0.0273	0.0085	0.0189
2	20	0.1605	10	2	0	1	0	1	0	1	0	1	1	1	1	0	0	0	0	0	0	Y	N	N	N	N	N	N	N	N	N	N	N	N	N	N	N	N	N	0.0000	0.0000	0.0000	0.0000	0.0000	0.0000	0.0000	0.0000	0.0000	0.0000	0.0000	0.0000	0.0000	0.0000	0.0000	0.0000	0.0000	0.0000	0.0000	0.0000	0.0000	0.0000	0.0000	0.0000	0.0000	0.0000	0.0000			0.0000	0.0000	6.0000	1.0000	6.0000	0.0000	0.0000	0.0000	0.0000	0.0000	0.0000	0.0000	0.0000	0.0000	0.0000	0.0000	0.0000	0.0000	0.0000	0.0000	0.0000	0.0000	0.0000	0.0000	0.1221	0.1074	0.0147	0.0111	0.0106	0.0005	0.1110	0.0968	0.0142	0.0295	0.0101	0.0194	0.0021	0.0015	0.0006	0.0274	0.0085	0.0189
2	21	0.1466	9	2	0	1	0	1	0	1	0	0	0	0	1	0	0	0	0	0	0	Y	N	N	N	N	N	N	N	N	N	N	N	N	N	N	N	N	N	0.0000	0.0000	0.0000	0.0000	0.0000	0.0000	0.0000	0.0000	0.0000	0.0000	0.0000	0.0000	0.0000	0.0000	0.0000	0.0000	0.0000	0.0000	0.6326	1.6006	0.0000	9.4069	9.9001	0.0000	0.0000	0.0000	0.0000		0.0000	0.0000	-0.0661	6.0000	3.8982	6.0000	3.1508	0.0000	0.0000	0.0000	0.0000	0.0000	0.0000	0.0000	0.0000	0.0000	0.1435	0.1435	0.0000	0.1435	0.1435	0.0000	0.0000	0.0000	0.0000	0.4683	0.4099	0.0583	0.0172	0.0164	0.0007	0.4511	0.3935	0.0576	0.2268	0.0896	0.1372	0.0153	0.0145	0.0008	0.2115	0.0751	0.1364
2	28	0.1605	9	2	0	1	0	1	0	1	0	0	0	0	0	0	0	0	0	0	0	Y	N	N	N	N	N	N	N	N	N	N	N	N	N	N	N	N	N	0.0000	0.0000	0.0000	0.0000	0.0000	0.0000	0.0000	0.0000	0.0000	0.0000	0.0000	0.0000	0.0000	0.0000	0.0000	0.0000	0.0000	0.0000	0.0000	0.0000	0.0000	0.0000	0.0000	0.0000	0.0000	0.0000	0.0000			0.0000	0.0000	6.0000	0.0000	6.0000	0.0000	0.0000	0.0000	0.0000	0.0000	0.0000	0.0000	0.0000	0.0000	0.0000	0.0000	0.0000	0.0000	0.0000	0.0000	0.0000	0.0000	0.0000	0.0000	0.0000	0.0000	0.0000	0.0000	0.0000	0.0000	0.0000	0.0000	0.0000	0.0000	0.0000	0.0000	0.0000	0.0000	0.0000	0.0000	0.0000	0.0000
2	29	0.1466	9	2	0	1	0	1	0	1	0	0	0	0	1	0	0	0	0	0	0	Y	N	N	N	N	N	N	N	N	N	N	N	N	N	N	N	N	N	0.0000	0.0000	0.0000	0.0000	0.0000	0.0000	0.0000	0.0000	0.0000	0.0000	0.0000	0.0000	0.0000	0.0000	0.0000	0.0000	0.0000	0.0000	5.9983	0.0000	10.5459	0.0057	0.0000	0.1822	6.6530	0.0000	10.6022		inf	0.0000	0.4618	6.0000	1.1083	6.0000	2.8540	0.0000	0.0000	0.0000	0.0000	0.0000	0.0000	0.0000	0.0000	0.0000	0.8566	0.0000	0.8566	0.0001	0.0000	0.0001	0.8565	0.0000	0.8565	0.1459	0.1279	0.0180	0.0089	0.0087	0.0002	0.1369	0.1192	0.0177	0.1428	0.0616	0.0812	0.0141	0.0136	0.0004	0.1287	0.0480	0.0808
2	30	0.1405	8	2	0	1	0	2	0	1	0	0	1	0	1	0	0	0	0	0	0	Y	N	N	N	N	N	N	N	N	N	N	N	N	N	N	N	N	N	0.0004	0.0004	0.0000	0.0023	0.0024	0.0000	0.0000	0.0000	0.0000	0.0013	0.0015	0.0000	0.0236	0.0241	0.0000	0.0000	0.0000	0.0000	3.5976	3.4275	3.7841	10.0791	10.2121	0.0543	2.1961	0.0029	3.8024	0.0000	1.0067	-0.0001	0.0100	6.0000	1.1867	6.0000	0.2815	0.0002	0.0002	0.0000	0.0002	0.0002	0.0000	0.0000	0.0000	0.0000	0.2451	0.1222	0.1230	0.1221	0.1221	0.0000	0.1230	0.0001	0.1230	0.1549	0.1358	0.0192	0.0085	0.0083	0.0002	0.1465	0.1275	0.0190	0.0681	0.0356	0.0325	0.0121	0.0120	0.0002	0.0560	0.0237	0.0323
2	32	0.1780	9	2	0	1	0	1	0	1	0	0	0	0	0	0	0	0	0	0	0	Y	N	N	N	N	N	N	N	N	N	N	N	N	N	N	N	N	N	0.0111	0.0048	0.0000	7.2125	5.7935	0.0000	0.0113	0.0044	0.0000	0.0457	0.0518	0.0000	0.0033	0.0034	0.0000	0.0509	0.0585	0.0000	4.1033	10.8152	0.0000	0.0005	0.0006	0.0000	4.5076	13.2242	0.0000	0.0000	0.0000	-0.0088	-0.4604	6.0000	4.0243	6.0000	4.9679	0.0212	0.0212	0.0000	0.0002	0.0002	0.0000	0.0210	0.0210	0.0000	0.9990	0.9990	0.0000	0.0000	0.0000	0.0000	0.9990	0.9990	0.0000	0.4648	0.4093	0.0555	0.0515	0.0494	0.0021	0.4133	0.3599	0.0534	0.2435	0.0924	0.1511	0.0218	0.0168	0.0050	0.2216	0.0755	0.1461
2	35	0.1716	8	2	0	1	0	2	0	1	0	0	0	0	0	0	0	0	0	0	0	Y	N	N	N	N	N	N	N	N	N	N	N	N	N	N	N	N	N	245.1532	128.9733	inf	1.6775	1.5333	inf	280.4002	125.5663	inf	6.8024	7.6187	0.0006	0.0355	0.0363	0.0000	8.1169	9.2625	0.0006	0.0277	0.0591	0.0000	0.0212	0.0237	0.0000	0.0289	0.0738	0.0000	0.0000	0.0000	-0.4344	-0.0005	6.0000	1.0742	6.0000	0.1055	1.0475	1.0475	0.0000	0.0009	0.0009	0.0000	1.0467	1.0466	0.0000	0.0012	0.0012	0.0000	0.0001	0.0001	0.0000	0.0010	0.0010	0.0000	0.1540	0.1375	0.0165	0.0250	0.0245	0.0006	0.1289	0.1130	0.0159	0.0429	0.0201	0.0227	0.0066	0.0059	0.0007	0.0363	0.0142	0.0220
2	36	0.1664	11	2	0	1	0	1	0	1	0	0	0	1	1	0	0	0	0	0	0	Y	N	N	N	N	N	N	N	N	N	N	N	N	N	N	N	N	N	inf	inf	0.0000	0.0000	0.0000	0.0000	inf	inf	0.0000	2.7902	3.1696	0.0000	0.0000	0.0000	0.0000	3.0673	3.5140	0.0000	0.0000	0.0000	0.0000	0.0000	0.0000	0.0000	0.0000	0.0000	0.0000	0.0000		-0.4146	0.0000	6.0000	3.0000	6.0000	5.0000	1.0000	1.0000	0.0000	0.0000	0.0000	0.0000	1.0000	1.0000	0.0000	0.0000	0.0000	0.0000	0.0000	0.0000	0.0000	0.0000	0.0000	0.0000	0.3584	0.3155	0.0429	0.0324	0.0309	0.0015	0.3260	0.2846	0.0414	0.2206	0.0764	0.1443	0.0169	0.0124	0.0045	0.2037	0.0640	0.1398
2	37	0.1664	10	2	0	1	0	1	0	1	0	0	1	1	1	0	0	0	0	0	0	Y	N	N	N	N	N	N	N	N	N	N	N	N	N	N	N	N	N	0.0000	0.0000	0.0000	0.0000	0.0000	0.0000	0.0000	0.0000	0.0000	0.0000	0.0000	0.0000	0.0000	0.0000	0.0000	0.0000	0.0000	0.0000	0.0000	0.0000	0.0000	0.0000	0.0000	0.0000	0.0000	0.0000	0.0000			0.0000	0.0000	6.0000	0.0000	6.0000	0.0000	0.0000	0.0000	0.0000	0.0000	0.0000	0.0000	0.0000	0.0000	0.0000	0.0000	0.0000	0.0000	0.0000	0.0000	0.0000	0.0000	0.0000	0.0000	0.0000	0.0000	0.0000	0.0000	0.0000	0.0000	0.0000	0.0000	0.0000	0.0000	0.0000	0.0000	0.0000	0.0000	0.0000	0.0000	0.0000	0.0000
2	38	0.1664	9	2	0	1	0	1	0	1	0	0	0	1	0	0	0	0	0	0	0	Y	N	N	N	N	N	N	N	N	N	N	N	N	N	N	N	N	N	0.0000	0.0000	0.0000	0.0000	0.0000	0.0000	0.0000	0.0000	0.0000	0.0000	0.0000	0.0000	0.0000	0.0000	0.0000	0.0000	0.0000	0.0000	0.0000	0.0000	0.0000	0.0000	0.0000	0.0000	0.0000	0.0000	0.0000			0.0000	0.0000	6.0000	0.0000	6.0000	0.0000	0.0000	0.0000	0.0000	0.0000	0.0000	0.0000	0.0000	0.0000	0.0000	0.0000	0.0000	0.0000	0.0000	0.0000	0.0000	0.0000	0.0000	0.0000	0.0000	0.0000	0.0000	0.0000	0.0000	0.0000	0.0000	0.0000	0.0000	0.0000	0.0000	0.0000	0.0000	0.0000	0.0000	0.0000	0.0000	0.0000
2	39	0.1605	8	2	0	1	0	1	0	1	0	1	0	1	0	0	0	0	0	0	0	Y	N	N	N	N	N	N	N	N	N	N	N	N	N	N	N	N	N	0.0000	0.0000	0.0000	0.0000	0.0000	0.0000	0.0000	0.0000	0.0000	0.0000	0.0000	0.0000	0.0000	0.0000	0.0000	0.0000	0.0000	0.0000	0.0000	0.0000	0.0000	0.0000	0.0000	0.0000	0.0000	0.0000	0.0000			0.0000	0.0000	6.0000	0.0000	6.0000	1.0000	0.0000	0.0000	0.0000	0.0000	0.0000	0.0000	0.0000	0.0000	0.0000	0.0000	0.0000	0.0000	0.0000	0.0000	0.0000	0.0000	0.0000	0.0000	0.0000	0.0000	0.0000	0.0000	0.0000	0.0000	0.0000	0.0000	0.0000	0.0295	0.0101	0.0194	0.0021	0.0015	0.0006	0.0274	0.0085	0.0189
2	41	0.0900	2	2	0	1	0	2	0	1	0	0	0	0	0	0	0	0	0	0	0	Y	N	N	N	N	N	N	N	N	N	N	N	N	N	N	N	N	N	0.4729	0.1064	20.1110	0.0000	0.0000	0.0000	0.4807	0.1076	20.2721	0.0290	0.0224	0.0741	0.0000	0.0000	0.0000	0.0295	0.0228	0.0747	0.0614	0.2108	0.0037	0.1091	0.1095	0.0000	0.0613	0.2117	0.0037	0.4855	0.0452	-0.0003	-0.0019	6.0000	1.0068	6.0000	1.0688	0.0036	0.0024	0.0012	0.0000	0.0000	0.0000	0.0036	0.0024	0.0012	0.0046	0.0044	0.0002	0.0000	0.0000	0.0000	0.0046	0.0044	0.0002	0.1232	0.1075	0.0158	0.0018	0.0017	0.0001	0.1215	0.1058	0.0157	0.0752	0.0210	0.0542	0.0002	0.0002	0.0000	0.0750	0.0208	0.0542
2	45	0.1783	13	2	0	1	1	1	0	1	1	0	0	1	1	0	0	0	0	0	0	Y	N	N	N	N	N	N	N	N	N	N	N	N	N	N	N	N	N	0.0000	0.0000	0.0000	0.0000	0.0000	0.0000	0.0000	0.0000	0.0000	0.0000	0.0000	0.0000	0.0000	0.0000	0.0000	0.0000	0.0000	0.0000	0.0000	0.0000	0.0000	0.0000	0.0000	0.0000	0.0000	0.0000	0.0000			0.0000	0.0000	6.0000	0.9998	6.0000	0.0048	0.0000	0.0000	0.0000	0.0000	0.0000	0.0000	0.0000	0.0000	0.0000	0.0000	0.0000	0.0000	0.0000	0.0000	0.0000	0.0000	0.0000	0.0000	0.1230	0.1084	0.0146	0.0150	0.0143	0.0007	0.1080	0.0941	0.0139	0.0300	0.0104	0.0195	0.0024	0.0018	0.0006	0.0276	0.0086	0.0190
2	46	0.1723	12	2	0	1	0	1	0	1	0	0	0	1	1	0	0	0	0	0	0	Y	N	N	N	N	N	N	N	N	N	N	N	N	N	N	N	N	N	inf	inf	0.0000	0.0000	0.0000	0.0000	inf	inf	0.0000	2.1493	2.3450	0.0000	0.0000	0.0000	0.0000	3.2257	3.6708	0.0000	0.0000	0.0000	0.0000	0.0000	0.0000	0.0000	0.0000	0.0000	0.0000	0.0000		-0.0001	0.0000	6.0000	0.0006	6.0000	0.9846	0.0003	0.0003	0.0000	0.0000	0.0000	0.0000	0.0003	0.0003	0.0000	0.0000	0.0000	0.0000	0.0000	0.0000	0.0000	0.0000	0.0000	0.0000	0.0002	0.0001	0.0000	0.0001	0.0001	0.0000	0.0001	0.0001	0.0000	0.0300	0.0104	0.0196	0.0025	0.0020	0.0005	0.0274	0.0084	0.0190
2	47	0.1605	11	2	0	1	0	1	0	1	0	0	1	1	1	0	0	0	0	0	0	Y	N	N	N	N	N	N	N	N	N	N	N	N	N	N	N	N	N	inf	inf	0.0000	0.0000	0.0000	0.0000	inf	inf	0.0000	4.1391	4.7040	0.0000	0.0000	0.0000	0.0000	4.5511	5.2165	0.0000	0.0000	0.0000	0.0000	0.0000	0.0000	0.0000	0.0000	0.0000	0.0000	0.0000		-0.4145	0.0000	6.0000	1.9996	6.0000	0.0187	0.9997	0.9997	0.0000	0.0000	0.0000	0.0000	0.9997	0.9997	0.0000	0.0000	0.0000	0.0000	0.0000	0.0000	0.0000	0.0000	0.0000	0.0000	0.2415	0.2125	0.0290	0.0219	0.0209	0.0010	0.2197	0.1916	0.0280	0.0589	0.0201	0.0388	0.0042	0.0031	0.0011	0.0547	0.0171	0.0377
2	48	0.1605	10	2	0	1	0	1	0	1	0	1	0	1	0	0	0	0	0	0	0	Y	N	N	N	N	N	N	N	N	N	N	N	N	N	N	N	N	N	0.0000	0.0000	0.0000	0.0000	0.0000	0.0000	0.0000	0.0000	0.0000	0.0000	0.0000	0.0000	0.0000	0.0000	0.0000	0.0000	0.0000	0.0000	0.0000	0.0000	0.0000	0.0000	0.0000	0.0000	0.0000	0.0000	0.0000			0.0000	0.0000	6.0000	0.0000	6.0000	0.0000	0.0000	0.0000	0.0000	0.0000	0.0000	0.0000	0.0000	0.0000	0.0000	0.0000	0.0000	0.0000	0.0000	0.0000	0.0000	0.0000	0.0000	0.0000	0.0000	0.0000	0.0000	0.0000	0.0000	0.0000	0.0000	0.0000	0.0000	0.0000	0.0000	0.0000	0.0000	0.0000	0.0000	0.0000	0.0000	0.0000
2	56	0.1605	9	2	0	1	0	1	0	1	0	0	0	0	0	0	0	0	0	0	0	Y	N	N	N	N	N	N	N	N	N	N	N	N	N	N	N	N	N	0.0000	0.0000	0.0000	0.0000	0.0000	0.0000	0.0000	0.0000	0.0000	0.0000	0.0000	0.0000	0.0000	0.0000	0.0000	0.0000	0.0000	0.0000	0.0000	0.0000	0.0000	0.0000	0.0000	0.0000	0.0000	0.0000	0.0000			0.0000	0.0000	6.0000	0.0000	6.0000	0.0000	0.0000	0.0000	0.0000	0.0000	0.0000	0.0000	0.0000	0.0000	0.0000	0.0000	0.0000	0.0000	0.0000	0.0000	0.0000	0.0000	0.0000	0.0000	0.0000	0.0000	0.0000	0.0000	0.0000	0.0000	0.0000	0.0000	0.0000	0.0000	0.0000	0.0000	0.0000	0.0000	0.0000	0.0000	0.0000	0.0000
2	57	0.1605	8	2	0	1	0	1	0	1	0	0	0	0	0	0	0	0	0	0	0	Y	N	N	N	N	N	N	N	N	N	N	N	N	N	N	N	N	N	0.0000	0.0000	0.0000	0.0000	0.0000	0.0000	0.0000	0.0000	0.0000	0.0000	0.0000	0.0000	0.0000	0.0000	0.0000	0.0000	0.0000	0.0000	0.0000	0.0000	0.0000	0.0000	0.0000	0.0000	0.0000	0.0000	0.0000			0.0000	0.0000	6.0000	0.0000	6.0000	0.0000	0.0000	0.0000	0.0000	0.0000	0.0000	0.0000	0.0000	0.0000	0.0000	0.0000	0.0000	0.0000	0.0000	0.0000	0.0000	0.0000	0.0000	0.0000	0.0000	0.0000	0.0000	0.0000	0.0000	0.0000	0.0000	0.0000	0.0000	0.0000	0.0000	0.0000	0.0000	0.0000	0.0000	0.0000	0.0000	0.0000
2	58	0.1510	7	2	0	1	0	2	0	1	0	0	0	0	0	0	0	0	0	0	0	Y	N	N	N	N	N	N	N	N	N	N	N	N	N	N	N	N	N	3.2584	1.2633	0.0000	1.3607	1.0368	0.0000	0.0000	0.0000	0.0000	0.0018	0.0020	0.0000	0.0102	0.0104	0.0000	0.0000	0.0000	0.0000	0.0006	0.0016	0.0000	0.0075	0.0100	0.0000	0.0000	0.0000	0.0000	0.0000	0.0000	-0.0001	-0.0000	6.0000	1.2118	6.0000	0.0039	0.0003	0.0003	0.0000	0.0003	0.0003	0.0000	0.0000	0.0000	0.0000	0.0000	0.0000	0.0000	0.0000	0.0000	0.0000	0.0000	0.0000	0.0000	0.1887	0.1679	0.0208	0.0335	0.0328	0.0006	0.1553	0.1351	0.0202	0.0362	0.0125	0.0237	0.0027	0.0020	0.0007	0.0335	0.0105	0.0230
3	5	0.0971	10	2	0	1	0	0	0	1	0	0	1	1	1	0	0	0	0	0	0	Y	N	N	N	N	N	N	N	N	N	N	N	N	N	N	N	N	N	0.0000	0.0000	0.0000	0.0000	0.0000	0.0000	0.0000	0.0000	0.0000	0.0000	0.0000	0.0000	0.0000	0.0000	0.0000	0.0000	0.0000	0.0000	0.0012	0.0032	0.0000	0.0123	0.0158	0.0000	0.0000	0.0000	0.0000		0.0000	0.0000	-0.0000	0.0000	5.0324	1.0000	5.0338	0.0000	0.0000	0.0000	0.0000	0.0000	0.0000	0.0000	0.0000	0.0000	0.0000	0.0000	0.0000	0.0000	0.0000	0.0000	0.0000	0.0000	0.0000	0.0000	0.0000	0.0000	0.0000	0.0000	0.0000	0.0000	0.0000	0.0000	0.0258	0.0093	0.0165	0.0024	0.0019	0.0005	0.0234	0.0074	0.0160
3	10	0.0236	7	2	0	1	1	0	0	1	1	0	0	2	1	0	0	0	0	0	0	Y	N	N	N	Y	N	N	N	N	N	N	N	N	N	N	N	N	N	0.0000	0.0000	0.0000	0.0000	0.0000	0.0000	0.0000	0.0000	0.0000	0.0000	0.0000	0.0000	0.0000	0.0000	0.0000	0.0000	0.0000	0.0000	0.0000	0.0000	0.0000	0.0000	0.0000	0.0000	0.0000	0.0000	0.0000			0.0000	0.0000	0.0000	0.0004	1.0000	1.0134	0.0000	0.0000	0.0000	0.0000	0.0000	0.0000	0.0000	0.0000	0.0000	0.0000	0.0000	0.0000	0.0000	0.0000	0.0000	0.0000	0.0000	0.0000	0.0000	0.0000	0.0000	0.0000	0.0000	0.0000	0.0000	0.0000	0.0000	0.0032	0.0011	0.0021	0.0001	0.0001	0.0000	0.0031	0.0010	0.0021
3	17	0.0059	2	2	0	1	1	0	0	1	1	0	0	2	1	0	0	0	0	0	0	Y	N	N	N	Y	N	N	N	N	N	N	N	N	N	N	N	N	N	0.0000	0.0000	0.0000	0.0000	0.0000	0.0000	0.0000	0.0000	0.0000	0.0000	0.0000	0.0000	0.0000	0.0000	0.0000	0.0000	0.0000	0.0000	0.0000	0.0000	0.0000	0.0000	0.0000	0.0000	0.0000	0.0000	0.0000			0.0000	0.0000	0.0000	3.0000	1.0000	2.0000	0.0000	0.0000	0.0000	0.0000	0.0000	0.0000	0.0000	0.0000	0.0000	0.0000	0.0000	0.0000	0.0000	0.0000	0.0000	0.0000	0.0000	0.0000	0.0000	0.0000	0.0000	0.0000	0.0000	0.0000	0.0000	0.0000	0.0000	0.0149	0.0050	0.0099	0.0000	0.0000	0.0000	0.0149	0.0050	0.0099
3	19	0.0059	2	2	0	1	1	0	0	1	1	0	1	2	1	0	0	0	0	0	0	Y	N	N	N	Y	N	N	N	N	N	N	N	N	N	N	N	N	N	0.0000	0.0000	0.0000	0.0000	0.0000	0.0000	0.0000	0.0000	0.0000	0.0000	0.0000	0.0000	0.0000	0.0000	0.0000	0.0000	0.0000	0.0000	0.0000	0.0000	0.0000	0.0000	0.0000	0.0000	0.0000	0.0000	0.0000			0.0000	0.0000	0.0000	0.0000	1.0000	1.0000	0.0000	0.0000	0.0000	0.0000	0.0000	0.0000	0.0000	0.0000	0.0000	0.0000	0.0000	0.0000	0.0000	0.0000	0.0000	0.0000	0.0000	0.0000	0.0000	0.0000	0.0000	0.0000	0.0000	0.0000	0.0000	0.0000	0.0000	0.0031	0.0010	0.0021	0.0000	0.0000	0.0000	0.0031	0.0010	0.0021
3	20	0.0118	5	2	0	1	0	0	0	1	0	1	1	2	1	0	0	0	0	0	0	Y	N	N	N	Y	N	N	N	N	N	N	N	N	N	N	N	N	N	0.0000	0.0000	0.0000	0.0000	0.0000	0.0000	0.0000	0.0000	0.0000	0.0000	0.0000	0.0000	0.0000	0.0000	0.0000	0.0000	0.0000	0.0000	0.0000	0.0000	0.0000	0.0000	0.0000	0.0000	0.0000	0.0000	0.0000			0.0000	0.0000	0.0000	1.0000	1.0000	0.0000	0.0000	0.0000	0.0000	0.0000	0.0000	0.0000	0.0000	0.0000	0.0000	0.0000	0.0000	0.0000	0.0000	0.0000	0.0000	0.0000	0.0000	0.0000	0.0000	0.0000	0.0000	0.0000	0.0000	0.0000	0.0000	0.0000	0.0000	0.0031	0.0010	0.0021	0.0000	0.0000	0.0000	0.0031	0.0010	0.0021
3	21	0.0923	10	2	0	1	0	0	0	1	0	0	0	1	1	0	0	0	0	0	0	Y	N	N	N	N	N	N	N	N	N	N	N	N	N	N	N	N	N	0.0000	0.0000	0.0000	0.0000	0.0000	0.0000	0.0000	0.0000	0.0000	0.0000	0.0000	0.0000	0.0000	0.0000	0.0000	0.0000	0.0000	0.0000	0.0000	0.0000	0.0000	0.0000	0.0000	0.0000	0.0000	0.0000	0.0000			0.0000	0.0000	0.0000	3.8982	1.0000	3.1508	0.0000	0.0000	0.0000	0.0000	0.0000	0.0000	0.0000	0.0000	0.0000	0.0000	0.0000	0.0000	0.0000	0.0000	0.0000	0.0000	0.0000	0.0000	0.0000	0.0000	0.0000	0.0000	0.0000	0.0000	0.0000	0.0000	0.0000	0.0201	0.0082	0.0119	0.0026	0.0022	0.0004	0.0175	0.0060	0.0115
3	28	0.0118	4	2	0	1	0	0	0	1	0	0	0	1	0	0	0	0	0	0	0	Y	N	N	N	N	N	N	N	N	N	N	N	N	N	N	N	N	N	0.0000	0.0000	0.0000	0.0000	0.0000	0.0000	0.0000	0.0000	0.0000	0.0000	0.0000	0.0000	0.0000	0.0000	0.0000	0.0000	0.0000	0.0000	0.0000	0.0000	0.0000	0.0000	0.0000	0.0000	0.0000	0.0000	0.0000			0.0000	0.0000	0.0000	0.0000	1.0000	0.0000	0.0000	0.0000	0.0000	0.0000	0.0000	0.0000	0.0000	0.0000	0.0000	0.0000	0.0000	0.0000	0.0000	0.0000	0.0000	0.0000	0.0000	0.0000	0.0000	0.0000	0.0000	0.0000	0.0000	0.0000	0.0000	0.0000	0.0000	0.0000	0.0000	0.0000	0.0000	0.0000	0.0000	0.0000	0.0000	0.0000
3	29	0.0923	10	2	0	1	0	0	0	1	0	0	0	1	1	0	0	0	0	0	0	Y	N	N	N	N	N	N	N	N	N	N	N	N	N	N	N	N	N	0.0000	0.0000	0.0000	0.0000	0.0000	0.0000	0.0000	0.0000	0.0000	0.0000	0.0000	0.0000	0.0000	0.0000	0.0000	0.0000	0.0000	0.0000	0.0000	0.0000	0.0000	0.0000	0.0000	0.0000	0.0000	0.0000	0.0000			0.0000	0.0000	0.0000	1.1083	1.0000	2.8540	0.0000	0.0000	0.0000	0.0000	0.0000	0.0000	0.0000	0.0000	0.0000	0.0000	0.0000	0.0000	0.0000	0.0000	0.0000	0.0000	0.0000	0.0000	0.0000	0.0000	0.0000	0.0000	0.0000	0.0000	0.0000	0.0000	0.0000	0.0127	0.0057	0.0070	0.0020	0.0018	0.0002	0.0107	0.0039	0.0068
3	30	0.0862	9	2	0	1	0	1	0	1	0	0	1	1	1	0	0	0	0	0	0	Y	N	N	N	N	N	N	N	N	N	N	N	N	N	N	N	N	N	0.0000	0.0000	0.0000	0.0000	0.0000	0.0000	0.0000	0.0000	0.0000	0.0000	0.0000	0.0000	0.0000	0.0000	0.0000	0.0000	0.0000	0.0000	0.0000	0.0000	0.0000	0.0000	0.0000	0.0000	0.0000	0.0000	0.0000			0.0000	0.0000	0.0000	1.1867	1.0000	0.2815	0.0000	0.0000	0.0000	0.0000	0.0000	0.0000	0.0000	0.0000	0.0000	0.0000	0.0000	0.0000	0.0000	0.0000	0.0000	0.0000	0.0000	0.0000	0.0000	0.0000	0.0000	0.0000	0.0000	0.0000	0.0000	0.0000	0.0000	0.0061	0.0033	0.0028	0.0014	0.0013	0.0001	0.0047	0.0020	0.0027
3	32	0.0482	6	2	0	1	0	0	0	1	0	0	0	1	0	0	0	0	0	0	0	Y	N	N	N	N	N	N	N	N	N	N	N	N	N	N	N	N	N	0.0000	0.0000	0.0000	0.0000	0.0000	0.0000	0.0000	0.0000	0.0000	0.0000	0.0000	0.0000	0.0000	0.0000	0.0000	0.0000	0.0000	0.0000	0.0000	0.0000	0.0000	0.0000	0.0000	0.0000	0.0000	0.0000	0.0000			0.0000	0.0000	0.0000	4.0243	1.0000	4.9679	0.0000	0.0000	0.0000	0.0000	0.0000	0.0000	0.0000	0.0000	0.0000	0.0000	0.0000	0.0000	0.0000	0.0000	0.0000	0.0000	0.0000	0.0000	0.0000	0.0000	0.0000	0.0000	0.0000	0.0000	0.0000	0.0000	0.0000	0.0242	0.0091	0.0151	0.0007	0.0006	0.0001	0.0235	0.0085	0.0150
3	35	0.0418	5	2	0	1	0	1	0	1	0	0	0	1	0	0	0	0	0	0	0	Y	N	N	N	N	N	N	N	N	N	N	N	N	N	N	N	N	N	0.0000	0.0000	0.0000	0.0000	0.0000	0.0000	0.0000	0.0000	0.0000	0.0000	0.0000	0.0000	0.0000	0.0000	0.0000	0.0000	0.0000	0.0000	0.0000	0.0000	0.0000	0.0000	0.0000	0.0000	0.0000	0.0000	0.0000			0.0000	0.0000	0.0000	1.0742	1.0000	0.1055	0.0000	0.0000	0.0000	0.0000	0.0000	0.0000	0.0000	0.0000	0.0000	0.0000	0.0000	0.0000	0.0000	0.0000	0.0000	0.0000	0.0000	0.0000	0.0000	0.0000	0.0000	0.0000	0.0000	0.0000	0.0000	0.0000	0.0000	0.0042	0.0020	0.0023	0.0004	0.0004	0.0000	0.0038	0.0015	0.0023
3	36	0.0059	2	2	0	1	0	0	0	1	0	0	0	2	1	0	0	0	0	0	0	Y	N	N	N	Y	N	N	N	N	N	N	N	N	N	N	N	N	N	0.0000	0.0000	0.0000	0.0000	0.0000	0.0000	0.0000	0.0000	0.0000	0.0000	0.0000	0.0000	0.0000	0.0000	0.0000	0.0000	0.0000	0.0000	0.0000	0.0000	0.0000	0.0000	0.0000	0.0000	0.0000	0.0000	0.0000			0.0000	0.0000	0.0000	3.0000	1.0000	5.0000	0.0000	0.0000	0.0000	0.0000	0.0000	0.0000	0.0000	0.0000	0.0000	0.0000	0.0000	0.0000	0.0000	0.0000	0.0000	0.0000	0.0000	0.0000	0.0000	0.0000	0.0000	0.0000	0.0000	0.0000	0.0000	0.0000	0.0000	0.0231	0.0077	0.0154	0.0000	0.0000	0.0000	0.0231	0.0077	0.0154
3	41	0.0822	9	2	0	1	0	1	0	1	0	0	0	1	0	0	0	0	0	0	0	Y	N	N	N	N	N	N	N	N	N	N	N	N	N	N	N	N	N	0.0000	0.0000	0.0000	0.0000	0.0000	0.0000	0.0000	0.0000	0.0000	0.0000	0.0000	0.0000	0.0000	0.0000	0.0000	0.0000	0.0000	0.0000	0.0053	0.0000	0.0080	0.0000	0.0000	0.0000	0.0057	0.0000	0.0082		inf	0.0000	0.0000	0.0000	1.0068	1.0000	1.0688	0.0000	0.0000	0.0000	0.0000	0.0000	0.0000	0.0000	0.0000	0.0000	0.0000	0.0000	0.0000	0.0000	0.0000	0.0000	0.0000	0.0000	0.0000	0.0000	0.0000	0.0000	0.0000	0.0000	0.0000	0.0000	0.0000	0.0000	0.0057	0.0019	0.0038	0.0005	0.0003	0.0001	0.0052	0.0016	0.0036
3	45	0.0295	8	2	0	1	1	0	0	1	1	0	0	2	1	0	0	0	0	0	0	Y	N	N	N	Y	N	N	N	N	N	N	N	N	N	N	N	N	N	0.0000	0.0000	0.0000	0.0000	0.0000	0.0000	0.0000	0.0000	0.0000	0.0000	0.0000	0.0000	0.0000	0.0000	0.0000	0.0000	0.0000	0.0000	0.0000	0.0000	0.0000	0.0000	0.0000	0.0000	0.0000	0.0000	0.0000			0.0000	0.0000	0.0000	0.9998	1.0000	0.0048	0.0000	0.0000	0.0000	0.0000	0.0000	0.0000	0.0000	0.0000	0.0000	0.0000	0.0000	0.0000	0.0000	0.0000	0.0000	0.0000	0.0000	0.0000	0.0000	0.0000	0.0000	0.0000	0.0000	0.0000	0.0000	0.0000	0.0000	0.0031	0.0010	0.0021	0.0000	0.0000	0.0000	0.0031	0.0010	0.0021
3	46	0.0236	7	2	0	1	0	0	0	1	0	0	0	2	1	0	0	0	0	0	0	Y	N	N	N	Y	N	N	N	N	N	N	N	N	N	N	N	N	N	0.0000	0.0000	0.0000	0.0000	0.0000	0.0000	0.0000	0.0000	0.0000	0.0000	0.0000	0.0000	0.0000	0.0000	0.0000	0.0000	0.0000	0.0000	0.0000	0.0000	0.0000	0.0000	0.0000	0.0000	0.0000	0.0000	0.0000			0.0000	0.0000	0.0000	0.0006	1.0000	0.9846	0.0000	0.0000	0.0000	0.0000	0.0000	0.0000	0.0000	0.0000	0.0000	0.0000	0.0000	0.0000	0.0000	0.0000	0.0000	0.0000	0.0000	0.0000	0.0000	0.0000	0.0000	0.0000	0.0000	0.0000	0.0000	0.0000	0.0000	0.0031	0.0010	0.0021	0.0001	0.0001	0.0000	0.0030	0.0010	0.0021
3	47	0.0118	6	2	0	1	0	0	0	1	0	0	1	2	1	0	0	0	0	0	0	Y	N	N	N	Y	N	N	N	N	N	N	N	N	N	N	N	N	N	0.0000	0.0000	0.0000	0.0000	0.0000	0.0000	0.0000	0.0000	0.0000	0.0000	0.0000	0.0000	0.0000	0.0000	0.0000	0.0000	0.0000	0.0000	0.0000	0.0000	0.0000	0.0000	0.0000	0.0000	0.0000	0.0000	0.0000			0.0000	0.0000	0.0000	1.9996	1.0000	0.0187	0.0000	0.0000	0.0000	0.0000	0.0000	0.0000	0.0000	0.0000	0.0000	0.0000	0.0000	0.0000	0.0000	0.0000	0.0000	0.0000	0.0000	0.0000	0.0000	0.0000	0.0000	0.0000	0.0000	0.0000	0.0000	0.0000	0.0000	0.0061	0.0020	0.0041	0.0000	0.0000	0.0000	0.0061	0.0020	0.0041
3	48	0.0118	5	2	0	1	0	0	0	1	0	1	0	2	0	0	0	0	0	0	0	Y	N	N	N	Y	N	N	N	N	N	N	N	N	N	N	N	N	N	0.0000	0.0000	0.0000	0.0000	0.0000	0.0000	0.0000	0.0000	0.0000	0.0000	0.0000	0.0000	0.0000	0.0000	0.0000	0.0000	0.0000	0.0000	0.0000	0.0000	0.0000	0.0000	0.0000	0.0000	0.0000	0.0000	0.0000			0.0000	0.0000	0.0000	0.0000	1.0000	0.0000	0.0000	0.0000	0.0000	0.0000	0.0000	0.0000	0.0000	0.0000	0.0000	0.0000	0.0000	0.0000	0.0000	0.0000	0.0000	0.0000	0.0000	0.0000	0.0000	0.0000	0.0000	0.0000	0.0000	0.0000	0.0000	0.0000	0.0000	0.0000	0.0000	0.0000	0.0000	0.0000	0.0000	0.0000	0.0000	0.0000
3	56	0.0118	4	2	0	1	0	0	0	1	0	0	0	1	0	0	0	0	0	0	0	Y	N	N	N	N	N	N	N	N	N	N	N	N	N	N	N	N	N	0.0000	0.0000	0.0000	0.0000	0.0000	0.0000	0.0000	0.0000	0.0000	0.0000	0.0000	0.0000	0.0000	0.0000	0.0000	0.0000	0.0000	0.0000	0.0000	0.0000	0.0000	0.0000	0.0000	0.0000	0.0000	0.0000	0.0000			0.0000	0.0000	0.0000	0.0000	1.0000	0.0000	0.0000	0.0000	0.0000	0.0000	0.0000	0.0000	0.0000	0.0000	0.0000	0.0000	0.0000	0.0000	0.0000	0.0000	0.0000	0.0000	0.0000	0.0000	0.0000	0.0000	0.0000	0.0000	0.0000	0.0000	0.0000	0.0000	0.0000	0.0000	0.0000	0.0000	0.0000	0.0000	0.0000	0.0000	0.0000	0.0000
3	57	0.0118	3	2	0	1	0	0	0	1	0	0	0	1	0	0	0	0	0	0	0	Y	N	N	N	N	N	N	N	N	N	N	N	N	N	N	N	N	N	0.0000	0.0000	0.0000	0.0000	0.0000	0.0000	0.0000	0.0000	0.0000	0.0000	0.0000	0.0000	0.0000	0.0000	0.0000	0.0000	0.0000	0.0000	0.0000	0.0000	0.0000	0.0000	0.0000	0.0000	0.0000	0.0000	0.0000			0.0000	0.0000	0.0000	0.0000	1.0000	0.0000	0.0000	0.0000	0.0000	0.0000	0.0000	0.0000	0.0000	0.0000	0.0000	0.0000	0.0000	0.0000	0.0000	0.0000	0.0000	0.0000	0.0000	0.0000	0.0000	0.0000	0.0000	0.0000	0.0000	0.0000	0.0000	0.0000	0.0000	0.0000	0.0000	0.0000	0.0000	0.0000	0.0000	0.0000	0.0000	0.0000
4	10	0.0909	11	1	0	1	1	0	0	1	1	1	0	2	1	0	0	0	0	0	0	N	N	N	N	Y	N	N	N	N	N	N	N	N	N	N	N	N	N	0.0000	0.0000	0.0000	0.0000	0.0000	0.0000	0.0000	0.0000	0.0000	0.0000	0.0000	0.0000	0.0000	0.0000	0.0000	0.0000	0.0000	0.0000	0.0000	0.0000	0.0000	0.0000	0.0000	0.0000	0.0000	0.0000	0.0000			0.0000	0.0000	0.0000	0.0004	0.0000	1.0134	0.0000	0.0000	0.0000	0.0000	0.0000	0.0000	0.0000	0.0000	0.0000	0.0000	0.0000	0.0000	0.0000	0.0000	0.0000	0.0000	0.0000	0.0000	0.0000	0.0000	0.0000	0.0000	0.0000	0.0000	0.0000	0.0000	0.0000	0.0000	0.0000	0.0000	0.0000	0.0000	0.0000	0.0000	0.0000	0.0000
4	17	0.0850	10	1	0	1	1	0	0	1	1	1	0	2	1	0	0	0	0	0	0	N	N	N	N	Y	N	N	N	N	N	N	N	N	N	N	N	N	N	0.0000	0.0000	0.0000	0.0000	0.0000	0.0000	0.0000	0.0000	0.0000	0.0000	0.0000	0.0000	0.0000	0.0000	0.0000	0.0000	0.0000	0.0000	0.0000	0.0000	0.0000	0.0000	0.0000	0.0000	0.0000	0.0000	0.0000			0.0000	0.0000	0.0000	3.0000	0.0000	2.0000	0.0000	0.0000	0.0000	0.0000	0.0000	0.0000	0.0000	0.0000	0.0000	0.0000	0.0000	0.0000	0.0000	0.0000	0.0000	0.0000	0.0000	0.0000	0.0000	0.0000	0.0000	0.0000	0.0000	0.0000	0.0000	0.0000	0.0000	0.0000	0.0000	0.0000	0.0000	0.0000	0.0000	0.0000	0.0000	0.0000
4	19	0.0850	8	1	0	1	1	0	0	1	1	1	1	2	1	0	0	0	0	0	0	N	N	N	N	Y	N	N	N	N	N	N	N	N	N	N	N	N	N	0.0000	0.0000	0.0000	0.0000	0.0000	0.0000	0.0000	0.0000	0.0000	0.0000	0.0000	0.0000	0.0000	0.0000	0.0000	0.0000	0.0000	0.0000	0.0000	0.0000	0.0000	0.0000	0.0000	0.0000	0.0000	0.0000	0.0000			0.0000	0.0000	0.0000	0.0000	0.0000	1.0000	0.0000	0.0000	0.0000	0.0000	0.0000	0.0000	0.0000	0.0000	0.0000	0.0000	0.0000	0.0000	0.0000	0.0000	0.0000	0.0000	0.0000	0.0000	0.0000	0.0000	0.0000	0.0000	0.0000	0.0000	0.0000	0.0000	0.0000	0.0000	0.0000	0.0000	0.0000	0.0000	0.0000	0.0000	0.0000	0.0000
4	20	0.0791	9	1	0	1	0	0	0	1	0	2	1	2	1	0	0	0	0	0	0	N	N	N	N	Y	N	N	N	N	N	N	N	N	N	N	N	N	N	0.0000	0.0000	0.0000	0.0000	0.0000	0.0000	0.0000	0.0000	0.0000	0.0000	0.0000	0.0000	0.0000	0.0000	0.0000	0.0000	0.0000	0.0000	0.0000	0.0000	0.0000	0.0000	0.0000	0.0000	0.0000	0.0000	0.0000			0.0000	0.0000	0.0000	1.0000	0.0000	0.0000	0.0000	0.0000	0.0000	0.0000	0.0000	0.0000	0.0000	0.0000	0.0000	0.0000	0.0000	0.0000	0.0000	0.0000	0.0000	0.0000	0.0000	0.0000	0.0000	0.0000	0.0000	0.0000	0.0000	0.0000	0.0000	0.0000	0.0000	0.0000	0.0000	0.0000	0.0000	0.0000	0.0000	0.0000	0.0000	0.0000
4	36	0.0850	10	1	0	1	0	0	0	1	0	1	0	2	1	0	0	0	0	0	0	N	N	N	N	Y	N	N	N	N	N	N	N	N	N	N	N	N	N	0.0000	0.0000	0.0000	0.0000	0.0000	0.0000	0.0000	0.0000	0.0000	0.0000	0.0000	0.0000	0.0000	0.0000	0.0000	0.0000	0.0000	0.0000	0.0000	0.0000	0.0000	0.0000	0.0000	0.0000	0.0000	0.0000	0.0000			0.0000	0.0000	0.0000	3.0000	0.0000	5.0000	0.0000	0.0000	0.0000	0.0000	0.0000	0.0000	0.0000	0.0000	0.0000	0.0000	0.0000	0.0000	0.0000	0.0000	0.0000	0.0000	0.0000	0.0000	0.0000	0.0000	0.0000	0.0000	0.0000	0.0000	0.0000	0.0000	0.0000	0.0000	0.0000	0.0000	0.0000	0.0000	0.0000	0.0000	0.0000	0.0000
4	37	0.0850	9	1	0	1	0	0	0	1	0	1	1	2	1	0	0	0	0	0	0	N	N	N	N	Y	N	N	N	N	N	N	N	N	N	N	N	N	N	0.0000	0.0000	0.0000	0.0000	0.0000	0.0000	0.0000	0.0000	0.0000	0.0000	0.0000	0.0000	0.0000	0.0000	0.0000	0.0000	0.0000	0.0000	0.0000	0.0000	0.0000	0.0000	0.0000	0.0000	0.0000	0.0000	0.0000			0.0000	0.0000	0.0000	0.0000	0.0000	0.0000	0.0000	0.0000	0.0000	0.0000	0.0000	0.0000	0.0000	0.0000	0.0000	0.0000	0.0000	0.0000	0.0000	0.0000	0.0000	0.0000	0.0000	0.0000	0.0000	0.0000	0.0000	0.0000	0.0000	0.0000	0.0000	0.0000	0.0000	0.0000	0.0000	0.0000	0.0000	0.0000	0.0000	0.0000	0.0000	0.0000
4	38	0.0850	8	1	0	1	0	0	0	1	0	1	0	2	0	0	0	0	0	0	0	N	N	N	N	Y	N	N	N	N	N	N	N	N	N	N	N	N	N	0.0000	0.0000	0.0000	0.0000	0.0000	0.0000	0.0000	0.0000	0.0000	0.0000	0.0000	0.0000	0.0000	0.0000	0.0000	0.0000	0.0000	0.0000	0.0000	0.0000	0.0000	0.0000	0.0000	0.0000	0.0000	0.0000	0.0000			0.0000	0.0000	0.0000	0.0000	0.0000	0.0000	0.0000	0.0000	0.0000	0.0000	0.0000	0.0000	0.0000	0.0000	0.0000	0.0000	0.0000	0.0000	0.0000	0.0000	0.0000	0.0000	0.0000	0.0000	0.0000	0.0000	0.0000	0.0000	0.0000	0.0000	0.0000	0.0000	0.0000	0.0000	0.0000	0.0000	0.0000	0.0000	0.0000	0.0000	0.0000	0.0000
4	39	0.0791	7	1	0	1	0	0	0	1	0	2	0	2	0	0	0	0	0	0	0	N	N	N	N	Y	N	N	N	N	N	N	N	N	N	N	N	N	N	0.0000	0.0000	0.0000	0.0000	0.0000	0.0000	0.0000	0.0000	0.0000	0.0000	0.0000	0.0000	0.0000	0.0000	0.0000	0.0000	0.0000	0.0000	0.0000	0.0000	0.0000	0.0000	0.0000	0.0000	0.0000	0.0000	0.0000			0.0000	0.0000	0.0000	0.0000	0.0000	1.0000	0.0000	0.0000	0.0000	0.0000	0.0000	0.0000	0.0000	0.0000	0.0000	0.0000	0.0000	0.0000	0.0000	0.0000	0.0000	0.0000	0.0000	0.0000	0.0000	0.0000	0.0000	0.0000	0.0000	0.0000	0.0000	0.0000	0.0000	0.0000	0.0000	0.0000	0.0000	0.0000	0.0000	0.0000	0.0000	0.0000
4	45	0.0969	12	1	0	1	1	0	0	1	1	1	0	2	1	0	0	0	0	0	0	N	N	N	N	Y	N	N	N	N	N	N	N	N	N	N	N	N	N	0.0000	0.0000	0.0000	0.0000	0.0000	0.0000	0.0000	0.0000	0.0000	0.0000	0.0000	0.0000	0.0000	0.0000	0.0000	0.0000	0.0000	0.0000	0.0000	0.0000	0.0000	0.0000	0.0000	0.0000	0.0000	0.0000	0.0000			0.0000	0.0000	0.0000	0.9998	0.0000	0.0048	0.0000	0.0000	0.0000	0.0000	0.0000	0.0000	0.0000	0.0000	0.0000	0.0000	0.0000	0.0000	0.0000	0.0000	0.0000	0.0000	0.0000	0.0000	0.0000	0.0000	0.0000	0.0000	0.0000	0.0000	0.0000	0.0000	0.0000	0.0000	0.0000	0.0000	0.0000	0.0000	0.0000	0.0000	0.0000	0.0000
4	46	0.0909	11	1	0	1	0	0	0	1	0	1	0	2	1	0	0	0	0	0	0	N	N	N	N	Y	N	N	N	N	N	N	N	N	N	N	N	N	N	0.0000	0.0000	0.0000	0.0000	0.0000	0.0000	0.0000	0.0000	0.0000	0.0000	0.0000	0.0000	0.0000	0.0000	0.0000	0.0000	0.0000	0.0000	0.0000	0.0000	0.0000	0.0000	0.0000	0.0000	0.0000	0.0000	0.0000			0.0000	0.0000	0.0000	0.0006	0.0000	0.9846	0.0000	0.0000	0.0000	0.0000	0.0000	0.0000	0.0000	0.0000	0.0000	0.0000	0.0000	0.0000	0.0000	0.0000	0.0000	0.0000	0.0000	0.0000	0.0000	0.0000	0.0000	0.0000	0.0000	0.0000	0.0000	0.0000	0.0000	0.0000	0.0000	0.0000	0.0000	0.0000	0.0000	0.0000	0.0000	0.0000
4	47	0.0791	10	1	0	1	0	0	0	1	0	1	1	2	1	0	0	0	0	0	0	N	N	N	N	Y	N	N	N	N	N	N	N	N	N	N	N	N	N	0.0000	0.0000	0.0000	0.0000	0.0000	0.0000	0.0000	0.0000	0.0000	0.0000	0.0000	0.0000	0.0000	0.0000	0.0000	0.0000	0.0000	0.0000	0.0000	0.0000	0.0000	0.0000	0.0000	0.0000	0.0000	0.0000	0.0000			0.0000	0.0000	0.0000	1.9996	0.0000	0.0187	0.0000	0.0000	0.0000	0.0000	0.0000	0.0000	0.0000	0.0000	0.0000	0.0000	0.0000	0.0000	0.0000	0.0000	0.0000	0.0000	0.0000	0.0000	0.0000	0.0000	0.0000	0.0000	0.0000	0.0000	0.0000	0.0000	0.0000	0.0000	0.0000	0.0000	0.0000	0.0000	0.0000	0.0000	0.0000	0.0000
4	48	0.0791	9	1	0	1	0	0	0	1	0	2	0	2	0	0	0	0	0	0	0	N	N	N	N	Y	N	N	N	N	N	N	N	N	N	N	N	N	N	0.0000	0.0000	0.0000	0.0000	0.0000	0.0000	0.0000	0.0000	0.0000	0.0000	0.0000	0.0000	0.0000	0.0000	0.0000	0.0000	0.0000	0.0000	0.0000	0.0000	0.0000	0.0000	0.0000	0.0000	0.0000	0.0000	0.0000			0.0000	0.0000	0.0000	0.0000	0.0000	0.0000	0.0000	0.0000	0.0000	0.0000	0.0000	0.0000	0.0000	0.0000	0.0000	0.0000	0.0000	0.0000	0.0000	0.0000	0.0000	0.0000	0.0000	0.0000	0.0000	0.0000	0.0000	0.0000	0.0000	0.0000	0.0000	0.0000	0.0000	0.0000	0.0000	0.0000	0.0000	0.0000	0.0000	0.0000	0.0000	0.0000
5	6	0.1472	11	2	0	1	0	0	0	1	0	0	1	1	1	0	0	0	0	0	0	Y	N	N	N	N	N	N	N	N	N	N	N	N	N	N	N	N	N	0.0000	0.0000	0.0000	0.0000	0.0000	0.0000	0.0000	0.0000	0.0000	0.0000	0.0000	0.0000	0.0000	0.0000	0.0000	0.0000	0.0000	0.0000	26.4343	37.0422	20.5443	0.0941	0.1112	0.0338	28.9968	45.9028	21.1883		0.9989	0.0000	0.0775	5.0324	0.0000	5.0338	3.0000	0.0000	0.0000	0.0000	0.0000	0.0000	0.0000	0.0000	0.0000	0.0000	1.9962	0.9987	0.9975	0.0006	0.0006	0.0000	1.9955	0.9981	0.9975	0.0000	0.0000	0.0000	0.0000	0.0000	0.0000	0.0000	0.0000	0.0000	0.0755	0.0270	0.0486	0.0067	0.0052	0.0015	0.0688	0.0217	0.0471
5	7	0.2322	17	1	0	0	0	0	0	0	0	0	2	0	2	0	0	0	0	0	0	N	N	N	N	N	Y	N	N	N	N	N	N	N	N	N	N	N	N	0.0000	0.0000	0.0000	0.0000	0.0000	0.0000	0.0000	0.0000	0.0000	0.0000	0.0000	0.0000	0.0000	0.0000	0.0000	0.0000	0.0000	0.0000	13.8307	40.7277	0.0000	0.0243	0.0260	0.0000	14.4908	46.5688	0.0000		0.0000	0.0000	-0.4597	5.0324	0.0000	5.0338	3.0007	0.0000	0.0000	0.0000	0.0000	0.0000	0.0000	0.0000	0.0000	0.0000	0.9976	0.9976	0.0000	0.0001	0.0001	0.0000	0.9975	0.9975	0.0000	0.0000	0.0000	0.0000	0.0000	0.0000	0.0000	0.0000	0.0000	0.0000	0.0721	0.0245	0.0476	0.0033	0.0031	0.0002	0.0688	0.0214	0.0474
5	10	0.1591	12	2	0	0	1	0	0	0	1	0	1	1	2	0	0	0	0	0	0	Y	N	N	N	N	Y	N	N	N	N	N	N	N	N	N	N	N	N	11.5789	inf	0.0000	inf	inf	0.0000	0.0000	0.0000	0.0000	0.0023	0.0025	0.0000	0.0061	0.0061	0.0000	0.0000	0.0000	0.0000	0.0002	0.0000	0.0003	0.0000	0.0000	0.0000	0.0002	0.0000	0.0003	0.0000	inf	-0.0000	0.0000	5.0324	0.0004	5.0338	1.0134	0.0000	0.0000	0.0000	0.0000	0.0000	0.0000	0.0000	0.0000	0.0000	0.0000	0.0000	0.0000	0.0000	0.0000	0.0000	0.0000	0.0000	0.0000	0.0001	0.0001	0.0000	0.0000	0.0000	0.0000	0.0001	0.0001	0.0000	0.0268	0.0097	0.0171	0.0027	0.0022	0.0005	0.0241	0.0075	0.0166
5	11	0.0828	5	2	0	1	0	1	0	1	0	0	1	0	1	0	0	0	0	0	0	Y	N	N	N	N	N	N	N	N	N	N	N	N	N	N	N	N	N	0.0003	0.0001	inf	0.0089	0.0088	inf	0.0000	0.0000	inf	0.0014	0.0016	0.0000	0.0448	0.0463	0.0001	0.0000	0.0000	0.0000	4.8862	14.9379	0.0000	5.0495	5.2514	0.0000	4.8743	17.3412	0.0000	0.0006	0.0000	-0.0002	-0.3698	5.0324	4.0002	5.0338	1.0000	0.0006	0.0006	0.0000	0.0006	0.0006	0.0000	0.0000	0.0000	0.0000	0.8025	0.8025	0.0000	0.0561	0.0561	0.0000	0.7464	0.7464	0.0000	0.4018	0.3513	0.0505	0.0127	0.0123	0.0004	0.3890	0.3390	0.0501	0.1642	0.0537	0.1105	0.0111	0.0107	0.0004	0.1531	0.0430	0.1101
5	12	0.0864	5	2	0	1	0	1	0	1	0	0	1	0	1	0	0	0	0	0	0	Y	N	N	N	N	N	N	N	N	N	N	N	N	N	N	N	N	N	213.9456	80.1197	0.0051	0.1088	0.1066	0.1297	315533.4993	8605376.5112	0.0000	2.7327	3.1104	0.0000	0.0196	0.0200	0.0000	3.0041	3.4602	0.0000	0.0128	0.0388	0.0000	0.1803	0.1873	0.0000	0.0000	0.0000	0.0000	0.0000	0.0007	-0.4136	-0.0008	5.0324	3.2642	5.0338	1.0338	0.9974	0.9974	0.0000	0.0007	0.0007	0.0000	0.9967	0.9967	0.0000	0.0018	0.0018	0.0000	0.0018	0.0018	0.0000	0.0000	0.0000	0.0000	0.3650	0.3207	0.0443	0.0332	0.0326	0.0006	0.3318	0.2880	0.0437	0.1412	0.0464	0.0948	0.0100	0.0096	0.0004	0.1312	0.0368	0.0944
5	13	0.1472	11	2	0	1	0	0	0	0	0	1	1	1	1	0	0	0	0	0	0	Y	N	N	N	N	N	N	N	N	N	N	N	N	N	N	N	N	N	0.0000	0.0000	0.0000	0.0000	0.0000	0.0000	0.0000	0.0000	0.0000	0.0000	0.0000	0.0000	0.0000	0.0000	0.0000	0.0000	0.0000	0.0000	0.0087	0.0244	0.0000	0.0986	0.1269	0.0000	0.0000	0.0000	0.0000		0.0000	0.0000	-0.0006	5.0324	2.0000	5.0338	4.0000	0.0000	0.0000	0.0000	0.0000	0.0000	0.0000	0.0000	0.0000	0.0000	0.0013	0.0013	0.0000	0.0013	0.0013	0.0000	0.0000	0.0000	0.0000	0.2079	0.1833	0.0246	0.0244	0.0234	0.0010	0.1835	0.1599	0.0236	0.1465	0.0525	0.0940	0.0130	0.0101	0.0029	0.1335	0.0424	0.0911
5	14	0.0888	6	2	0	1	0	1	0	1	0	0	1	0	1	0	0	0	0	0	0	Y	N	N	N	N	N	N	N	N	N	N	N	N	N	N	N	N	N	0.0000	0.0000	0.0000	0.0000	0.0000	0.0000	0.0000	0.0000	0.0000	0.0000	0.0000	0.0000	0.0000	0.0000	0.0000	0.0000	0.0000	0.0000	14.4652	0.0000	21.5221	0.4491	0.0000	11.6903	15.5507	0.0000	21.5626		16732534.3336	0.0000	0.5331	5.0324	1.0016	5.0338	1.0007	0.0000	0.0000	0.0000	0.0000	0.0000	0.0000	0.0000	0.0000	0.0000	0.9889	0.0000	0.9889	0.0022	0.0000	0.0022	0.9867	0.0000	0.9867	0.1042	0.0910	0.0132	0.0035	0.0034	0.0001	0.1008	0.0877	0.0131	0.0684	0.0224	0.0459	0.0049	0.0047	0.0002	0.0634	0.0177	0.0458
5	15	0.1150	6	2	0	1	0	1	0	1	0	1	1	1	1	0	0	0	0	0	0	Y	N	N	N	N	N	N	N	N	N	N	N	N	N	N	N	N	N	0.0011	0.0004	389.5024	0.5613	0.5414	0.3049	0.0003	0.0000	1656.4040	0.0055	0.0048	0.0114	0.0316	0.0325	0.0011	0.0016	0.0001	0.0118	4.8167	13.0013	0.0000	0.0563	0.0600	0.0035	5.1218	15.3177	0.0000	0.3158	0.0000	-0.0005	-0.4599	5.0324	4.1153	5.0338	3.8857	0.0026	0.0020	0.0006	0.0019	0.0019	0.0000	0.0006	0.0000	0.0006	0.9980	0.9980	0.0000	0.0007	0.0007	0.0000	0.9973	0.9973	0.0000	0.4675	0.4131	0.0543	0.0614	0.0596	0.0018	0.4061	0.3535	0.0526	0.2072	0.0768	0.1304	0.0125	0.0117	0.0008	0.1947	0.0651	0.1296
5	17	0.1531	11	2	0	0	1	0	0	0	1	0	1	1	2	0	0	0	0	0	0	Y	N	N	N	N	Y	N	N	N	N	N	N	N	N	N	N	N	N	0.0000	0.0000	0.0000	0.0000	0.0000	0.0000	0.0000	0.0000	0.0000	0.0000	0.0000	0.0000	0.0000	0.0000	0.0000	0.0000	0.0000	0.0000	8.0559	22.3741	0.0000	0.0051	0.0066	0.0000	8.8934	28.0979	0.0000		0.0000	0.0000	-0.4597	5.0324	3.0000	5.0338	2.0000	0.0000	0.0000	0.0000	0.0000	0.0000	0.0000	0.0000	0.0000	0.0000	0.9975	0.9975	0.0000	0.0001	0.0001	0.0000	0.9975	0.9975	0.0000	0.3084	0.2720	0.0364	0.0361	0.0347	0.0015	0.2723	0.2374	0.0349	0.1238	0.0446	0.0792	0.0117	0.0091	0.0026	0.1122	0.0355	0.0767
5	19	0.1531	9	2	0	0	1	0	0	0	1	0	2	1	2	0	0	0	0	0	0	Y	N	N	N	N	Y	N	N	N	N	N	N	N	N	N	N	N	N	0.0000	0.0000	0.0000	0.0000	0.0000	0.0000	0.0000	0.0000	0.0000	0.0000	0.0000	0.0000	0.0000	0.0000	0.0000	0.0000	0.0000	0.0000	38.3816	0.0000	59.8406	0.9001	0.0000	4.1154	42.2844	0.0000	61.6923		inf	0.0000	0.5338	5.0324	0.0000	5.0338	1.0000	0.0000	0.0000	0.0000	0.0000	0.0000	0.0000	0.0000	0.0000	0.0000	0.9902	0.0000	0.9902	0.0022	0.0000	0.0022	0.9880	0.0000	0.9880	0.0000	0.0000	0.0000	0.0000	0.0000	0.0000	0.0000	0.0000	0.0000	0.0258	0.0093	0.0165	0.0024	0.0019	0.0005	0.0234	0.0074	0.0160
5	20	0.1472	10	2	0	0	0	0	0	0	0	1	2	1	2	0	0	0	0	0	0	Y	N	N	N	N	Y	N	N	N	N	N	N	N	N	N	N	N	N	0.0000	0.0000	0.0000	0.0000	0.0000	0.0000	0.0000	0.0000	0.0000	0.0000	0.0000	0.0000	0.0000	0.0000	0.0000	0.0000	0.0000	0.0000	0.0000	0.0000	0.0000	0.0000	0.0000	0.0000	0.0000	0.0000	0.0000			0.0000	0.0000	5.0324	1.0000	5.0338	0.0000	0.0000	0.0000	0.0000	0.0000	0.0000	0.0000	0.0000	0.0000	0.0000	0.0000	0.0000	0.0000	0.0000	0.0000	0.0000	0.0000	0.0000	0.0000	0.1051	0.0926	0.0125	0.0123	0.0119	0.0005	0.0927	0.0808	0.0120	0.0257	0.0092	0.0165	0.0023	0.0018	0.0005	0.0234	0.0074	0.0160
5	21	0.1334	9	2	0	0	0	0	0	0	0	0	1	0	2	0	0	0	0	0	0	Y	N	N	N	N	Y	N	N	N	N	N	N	N	N	N	N	N	N	0.4712	1.8486	0.0000	0.0006	0.0006	0.0000	0.5004	10820.3928	0.0000	2.4792	2.8264	0.0000	0.0031	0.0032	0.0000	2.6483	3.0399	0.0000	5.2620	1.5289	8.1451	5.0617	5.2478	1.5563	5.2929	0.0003	8.2248	0.0000	6.8979	-0.4140	0.4669	5.0324	3.8982	5.0338	3.1508	0.9985	0.9985	0.0000	0.0001	0.0001	0.0000	0.9984	0.9984	0.0000	1.1319	0.1433	0.9886	0.1456	0.1433	0.0023	0.9863	0.0000	0.9863	0.4027	0.3533	0.0495	0.0257	0.0248	0.0009	0.3770	0.3284	0.0486	0.2151	0.0937	0.1214	0.0288	0.0273	0.0014	0.1864	0.0664	0.1199
5	22	0.1709	14	2	0	1	1	0	0	0	1	0	1	1	2	0	0	0	0	0	0	Y	N	N	N	N	Y	N	N	N	N	N	N	N	N	N	N	N	N	0.0000	0.0000	0.0000	0.0000	0.0000	0.0000	0.0000	0.0000	0.0000	0.0000	0.0000	0.0000	0.0000	0.0000	0.0000	0.0000	0.0000	0.0000	0.0000	0.0000	0.0000	0.0000	0.0000	0.0000	0.0000	0.0000	0.0000			0.0000	0.0000	5.0324	0.0000	5.0338	0.0000	0.0000	0.0000	0.0000	0.0000	0.0000	0.0000	0.0000	0.0000	0.0000	0.0000	0.0000	0.0000	0.0000	0.0000	0.0000	0.0000	0.0000	0.0000	0.0000	0.0000	0.0000	0.0000	0.0000	0.0000	0.0000	0.0000	0.0000	0.0000	0.0000	0.0000	0.0000	0.0000	0.0000	0.0000	0.0000	0.0000
5	23	0.1709	14	2	0	1	0	0	0	0	0	0	1	1	2	0	0	0	0	0	0	Y	N	N	N	N	Y	N	N	N	N	N	N	N	N	N	N	N	N	0.0000	0.0000	0.0000	0.0000	0.0000	0.0000	0.0000	0.0000	0.0000	0.0000	0.0000	0.0000	0.0000	0.0000	0.0000	0.0000	0.0000	0.0000	0.0000	0.0000	0.0000	0.0000	0.0000	0.0000	0.0000	0.0000	0.0000			0.0000	0.0000	5.0324	0.0000	5.0338	0.0000	0.0000	0.0000	0.0000	0.0000	0.0000	0.0000	0.0000	0.0000	0.0000	0.0000	0.0000	0.0000	0.0000	0.0000	0.0000	0.0000	0.0000	0.0000	0.0000	0.0000	0.0000	0.0000	0.0000	0.0000	0.0000	0.0000	0.0000	0.0000	0.0000	0.0000	0.0000	0.0000	0.0000	0.0000	0.0000	0.0000
5	24	0.1650	13	2	0	1	0	0	0	1	0	0	1	1	2	0	0	0	0	0	0	Y	N	N	N	N	Y	N	N	N	N	N	N	N	N	N	N	N	N	0.0000	0.0000	0.0000	0.0000	0.0000	0.0000	0.0000	0.0000	0.0000	0.0000	0.0000	0.0000	0.0000	0.0000	0.0000	0.0000	0.0000	0.0000	0.0012	0.0033	0.0000	0.0123	0.0153	0.0000	0.0000	0.0000	0.0000		0.0000	0.0000	-0.0000	5.0324	0.0002	5.0338	1.0022	0.0000	0.0000	0.0000	0.0000	0.0000	0.0000	0.0000	0.0000	0.0000	0.0000	0.0000	0.0000	0.0000	0.0000	0.0000	0.0000	0.0000	0.0000	0.0000	0.0000	0.0000	0.0000	0.0000	0.0000	0.0000	0.0000	0.0000	0.0261	0.0095	0.0166	0.0025	0.0020	0.0005	0.0235	0.0074	0.0161
5	25	0.2557	12	2	0	1	0	0	0	0	0	0	1	1	1	0	0	0	0	0	0	Y	N	N	N	N	N	N	N	N	N	N	N	N	N	N	N	N	N	233838.6934	inf	0.0220	3574.4407	inf	0.0000	355046.8271	inf	0.0232	0.9822	1.0933	0.0000	0.0291	0.0298	0.0000	1.3056	1.4964	0.0000	0.0000	0.0000	0.0000	0.0000	0.0000	0.0001	0.0000	0.0000	0.0000	0.0000	inf	-0.0625	0.0000	5.0324	1.1515	5.0338	1.0047	0.1507	0.1507	0.0000	0.0011	0.0011	0.0000	0.1496	0.1496	0.0000	0.0000	0.0000	0.0000	0.0000	0.0000	0.0000	0.0000	0.0000	0.0000	0.1534	0.1379	0.0156	0.0389	0.0379	0.0010	0.1146	0.1000	0.0146	0.0540	0.0202	0.0338	0.0063	0.0055	0.0008	0.0477	0.0147	0.0330
5	26	0.1643	9	2	0	1	0	1	0	1	0	1	1	1	1	0	0	0	0	0	0	Y	N	N	N	N	N	N	N	N	N	N	N	N	N	N	N	N	N	0.3776	0.1614	0.0000	369.0588	300.2185	0.0000	0.0170	0.0065	0.0000	1.1141	1.2594	0.0000	8.0847	8.4109	0.0000	0.0553	0.0634	0.0000	2.9500	7.8046	0.0000	0.0219	0.0280	0.0000	3.2633	9.7473	0.0000	0.0000	0.0000	-0.4041	-0.4602	5.0324	8.9852	5.0338	5.9578	0.9745	0.9745	0.0000	0.9325	0.9325	0.0000	0.0420	0.0420	0.0000	0.9985	0.9985	0.0000	0.0007	0.0007	0.0000	0.9978	0.9978	0.0000	0.8748	0.7738	0.1009	0.1153	0.1109	0.0045	0.7594	0.6630	0.0965	0.3385	0.1279	0.2105	0.0327	0.0256	0.0071	0.3058	0.1024	0.2034
5	27	0.1472	10	2	0	1	0	0	0	1	0	0	1	0	1	0	0	0	0	0	0	Y	N	N	N	N	N	N	N	N	N	N	N	N	N	N	N	N	N	0.0000	0.0000	0.0000	0.0000	0.0000	0.0000	0.0000	0.0000	0.0000	0.0000	0.0000	0.0000	0.0000	0.0000	0.0000	0.0000	0.0000	0.0000	0.0006	0.0017	0.0000	0.0067	0.0085	0.0000	0.0000	0.0000	0.0000		0.0000	0.0000	-0.0000	5.0324	0.0000	5.0338	2.0000	0.0000	0.0000	0.0000	0.0000	0.0000	0.0000	0.0000	0.0000	0.0000	0.0000	0.0000	0.0000	0.0000	0.0000	0.0000	0.0000	0.0000	0.0000	0.0000	0.0000	0.0000	0.0000	0.0000	0.0000	0.0000	0.0000	0.0000	0.0509	0.0181	0.0327	0.0045	0.0035	0.0010	0.0464	0.0146	0.0317
5	28	0.1472	9	2	0	0	0	0	0	0	0	0	1	0	1	0	0	0	0	0	0	Y	N	N	N	N	N	N	N	N	N	N	N	N	N	N	N	N	N	0.0000	0.0000	0.0000	0.0000	0.0000	0.0000	0.0000	0.0000	0.0000	0.0000	0.0000	0.0000	0.0000	0.0000	0.0000	0.0000	0.0000	0.0000	0.0000	0.0000	0.0000	0.0000	0.0000	0.0000	0.0000	0.0000	0.0000			0.0000	0.0000	5.0324	0.0000	5.0338	0.0000	0.0000	0.0000	0.0000	0.0000	0.0000	0.0000	0.0000	0.0000	0.0000	0.0000	0.0000	0.0000	0.0000	0.0000	0.0000	0.0000	0.0000	0.0000	0.0000	0.0000	0.0000	0.0000	0.0000	0.0000	0.0000	0.0000	0.0000	0.0000	0.0000	0.0000	0.0000	0.0000	0.0000	0.0000	0.0000	0.0000
5	29	0.1334	9	2	0	0	0	0	0	0	0	0	1	0	2	0	0	0	0	0	0	Y	N	N	N	N	Y	N	N	N	N	N	N	N	N	N	N	N	N	0.0003	0.0002	0.0000	0.2279	0.2235	0.0000	0.0000	0.0000	0.0000	0.0021	0.0024	0.0000	0.0240	0.0246	0.0000	0.0000	0.0000	0.0000	6.3615	13.6503	0.0000	0.1051	0.1099	0.0001	7.5438	20.2093	0.0000	0.0000	0.0000	-0.0001	-0.3950	5.0324	1.1083	5.0338	2.8540	0.0003	0.0003	0.0000	0.0003	0.0003	0.0000	0.0000	0.0000	0.0000	0.8571	0.8571	0.0000	0.0023	0.0023	0.0000	0.8549	0.8549	0.0000	0.1253	0.1101	0.0152	0.0108	0.0106	0.0003	0.1144	0.0995	0.0150	0.1347	0.0628	0.0719	0.0214	0.0205	0.0009	0.1133	0.0423	0.0710
5	30	0.1273	8	2	0	0	0	1	0	0	0	0	2	0	2	0	0	0	0	0	0	Y	N	N	N	N	Y	N	N	N	N	N	N	N	N	N	N	N	N	0.0005	0.0003	0.0001	0.0000	0.0000	0.0141	0.0008	0.0004	0.0000	0.0020	0.0022	0.0000	0.0000	0.0000	0.0002	0.0021	0.0024	0.0000	3.8873	7.0847	0.0563	8.5784	8.8649	0.0171	2.5303	5.9063	0.0569	0.0003	0.0066	-0.0001	-0.1120	5.0324	1.1867	5.0338	0.2815	0.0003	0.0003	0.0000	0.0000	0.0000	0.0000	0.0003	0.0003	0.0000	0.2465	0.2449	0.0016	0.1221	0.1221	0.0000	0.1245	0.1229	0.0016	0.1331	0.1168	0.0163	0.0107	0.0104	0.0003	0.1224	0.1064	0.0160	0.0634	0.0346	0.0289	0.0142	0.0138	0.0005	0.0492	0.0208	0.0284
5	32	0.1647	9	2	0	0	0	0	0	0	0	0	1	0	1	0	0	0	0	0	0	Y	N	N	N	N	N	N	N	N	N	N	N	N	N	N	N	N	N	0.5322	0.0002	1112655.4195	0.0119	0.0020	3151.9666	0.5504	0.0002	1147955.2880	2.5016	0.0027	21.1682	0.0019	0.0004	0.0402	2.8851	0.0031	22.0992	4.7005	11.9869	0.0000	0.1580	0.1971	0.0000	5.2418	15.2668	0.0000	1063.4103	0.0000	0.5841	-0.4612	5.0324	4.0243	5.0338	4.9679	0.9995	0.0009	0.9985	0.0001	0.0000	0.0001	0.9994	0.0009	0.9985	1.0006	1.0006	0.0000	0.0036	0.0036	0.0000	0.9970	0.9970	0.0000	0.3995	0.3524	0.0472	0.0531	0.0512	0.0020	0.3464	0.3012	0.0452	0.2129	0.0835	0.1294	0.0227	0.0182	0.0045	0.1902	0.0653	0.1249
5	34	0.1647	9	2	0	1	0	0	0	1	0	0	1	0	1	0	0	0	0	0	0	Y	N	N	N	N	N	N	N	N	N	N	N	N	N	N	N	N	N	0.4361	0.2027	0.0036	0.0680	0.0588	0.0004	639.1636	346.8940	0.1828	0.0037	0.0041	0.0000	0.0048	0.0050	0.0000	0.0035	0.0040	0.0000	0.0084	0.0204	0.0001	0.0712	0.0855	0.0034	0.0000	0.0000	0.0000	0.0000	0.0086	-0.0005	-0.0005	5.0324	3.0233	5.0338	2.0370	0.0011	0.0011	0.0000	0.0002	0.0002	0.0000	0.0009	0.0009	0.0000	0.0011	0.0011	0.0000	0.0011	0.0011	0.0000	0.0000	0.0000	0.0000	0.3064	0.2702	0.0362	0.0413	0.0397	0.0015	0.2652	0.2305	0.0347	0.1287	0.0523	0.0764	0.0151	0.0125	0.0026	0.1136	0.0398	0.0738
5	35	0.1584	8	2	0	0	0	1	0	0	0	0	1	0	1	0	0	0	0	0	0	Y	N	N	N	N	N	N	N	N	N	N	N	N	N	N	N	N	N	16.3061	8.7342	77.5778	1.6032	1.5085	0.0053	18.8190	8.4593	956.3800	0.5210	0.5814	0.0142	0.0399	0.0409	0.0000	0.6280	0.7153	0.0148	0.0320	0.0666	0.0002	0.0249	0.0271	0.0052	0.0334	0.0846	0.0000	0.0029	0.0030	-0.0284	-0.0005	5.0324	1.0742	5.0338	0.1055	0.0689	0.0687	0.0002	0.0010	0.0010	0.0000	0.0680	0.0678	0.0002	0.0012	0.0012	0.0000	0.0002	0.0002	0.0000	0.0010	0.0010	0.0000	0.1323	0.1182	0.0141	0.0241	0.0235	0.0006	0.1082	0.0947	0.0135	0.0373	0.0179	0.0195	0.0062	0.0056	0.0006	0.0311	0.0123	0.0188
5	36	0.1531	11	2	0	0	0	0	0	0	0	0	1	1	2	0	0	0	0	0	0	Y	N	N	N	N	Y	N	N	N	N	N	N	N	N	N	N	N	N	12.3085	5.0391	0.0000	9.8916	8.0050	0.0000	0.0000	0.0000	0.0000	0.0026	0.0029	0.0000	0.0219	0.0228	0.0000	0.0000	0.0000	0.0000	0.0002	0.0006	0.0000	0.0022	0.0028	0.0000	0.0000	0.0000	0.0000	0.0000	0.0000	-0.0003	-0.0000	5.0324	3.0000	5.0338	5.0000	0.0008	0.0008	0.0000	0.0008	0.0008	0.0000	0.0000	0.0000	0.0000	0.0000	0.0000	0.0000	0.0000	0.0000	0.0000	0.0000	0.0000	0.0000	0.3084	0.2720	0.0364	0.0361	0.0347	0.0015	0.2723	0.2374	0.0349	0.1922	0.0694	0.1228	0.0181	0.0141	0.0040	0.1741	0.0554	0.1188
5	37	0.1531	10	2	0	0	0	0	0	0	0	0	2	1	2	0	0	0	0	0	0	Y	N	N	N	N	Y	N	N	N	N	N	N	N	N	N	N	N	N	0.0000	0.0000	0.0000	0.0000	0.0000	0.0000	0.0000	0.0000	0.0000	0.0000	0.0000	0.0000	0.0000	0.0000	0.0000	0.0000	0.0000	0.0000	0.0000	0.0000	0.0000	0.0000	0.0000	0.0000	0.0000	0.0000	0.0000			0.0000	0.0000	5.0324	0.0000	5.0338	0.0000	0.0000	0.0000	0.0000	0.0000	0.0000	0.0000	0.0000	0.0000	0.0000	0.0000	0.0000	0.0000	0.0000	0.0000	0.0000	0.0000	0.0000	0.0000	0.0000	0.0000	0.0000	0.0000	0.0000	0.0000	0.0000	0.0000	0.0000	0.0000	0.0000	0.0000	0.0000	0.0000	0.0000	0.0000	0.0000	0.0000
5	38	0.1531	9	2	0	0	0	0	0	0	0	0	1	1	1	0	0	0	0	0	0	Y	N	N	N	N	N	N	N	N	N	N	N	N	N	N	N	N	N	0.0000	0.0000	0.0000	0.0000	0.0000	0.0000	0.0000	0.0000	0.0000	0.0000	0.0000	0.0000	0.0000	0.0000	0.0000	0.0000	0.0000	0.0000	0.0000	0.0000	0.0000	0.0000	0.0000	0.0000	0.0000	0.0000	0.0000			0.0000	0.0000	5.0324	0.0000	5.0338	0.0000	0.0000	0.0000	0.0000	0.0000	0.0000	0.0000	0.0000	0.0000	0.0000	0.0000	0.0000	0.0000	0.0000	0.0000	0.0000	0.0000	0.0000	0.0000	0.0000	0.0000	0.0000	0.0000	0.0000	0.0000	0.0000	0.0000	0.0000	0.0000	0.0000	0.0000	0.0000	0.0000	0.0000	0.0000	0.0000	0.0000
5	39	0.1472	8	2	0	0	0	0	0	0	0	1	1	1	1	0	0	0	0	0	0	Y	N	N	N	N	N	N	N	N	N	N	N	N	N	N	N	N	N	0.0000	0.0000	0.0000	0.0000	0.0000	0.0000	0.0000	0.0000	0.0000	0.0000	0.0000	0.0000	0.0000	0.0000	0.0000	0.0000	0.0000	0.0000	0.0004	0.0011	0.0000	0.0044	0.0056	0.0000	0.0000	0.0000	0.0000		0.0000	0.0000	-0.0000	5.0324	0.0000	5.0338	1.0000	0.0000	0.0000	0.0000	0.0000	0.0000	0.0000	0.0000	0.0000	0.0000	0.0000	0.0000	0.0000	0.0000	0.0000	0.0000	0.0000	0.0000	0.0000	0.0000	0.0000	0.0000	0.0000	0.0000	0.0000	0.0000	0.0000	0.0000	0.0257	0.0092	0.0165	0.0023	0.0018	0.0005	0.0234	0.0074	0.0160
5	42	0.0888	6	1	0	0	0	0	0	0	0	0	2	0	2	0	0	0	0	0	0	N	N	N	N	N	Y	N	N	N	N	N	N	N	N	N	N	N	N	0.0000	0.0000	0.0000	0.0000	0.0000	0.0000	0.0000	0.0000	0.0000	0.0000	0.0000	0.0000	0.0000	0.0000	0.0000	0.0000	0.0000	0.0000	0.0376	0.1141	0.0000	0.5091	0.5290	0.0000	0.0000	0.0000	0.0000		0.0000	0.0000	-0.0006	5.0324	0.9984	5.0338	0.0033	0.0000	0.0000	0.0000	0.0000	0.0000	0.0000	0.0000	0.0000	0.0000	0.0013	0.0013	0.0000	0.0013	0.0013	0.0000	0.0000	0.0000	0.0000	0.1039	0.0907	0.0132	0.0035	0.0033	0.0001	0.1004	0.0874	0.0131	0.0348	0.0115	0.0233	0.0026	0.0025	0.0001	0.0322	0.0090	0.0232
5	45	0.1650	13	2	0	0	1	0	0	0	1	0	1	1	2	0	0	0	0	0	0	Y	N	N	N	N	Y	N	N	N	N	N	N	N	N	N	N	N	N	0.0000	0.0000	0.0000	0.0000	0.0000	0.0000	0.0000	0.0000	0.0000	0.0000	0.0000	0.0000	0.0000	0.0000	0.0000	0.0000	0.0000	0.0000	0.0000	0.0001	0.0000	0.0005	0.0006	0.0001	0.0000	0.0000	0.0000		0.0341	0.0000	-0.0000	5.0324	0.9998	5.0338	0.0048	0.0000	0.0000	0.0000	0.0000	0.0000	0.0000	0.0000	0.0000	0.0000	0.0000	0.0000	0.0000	0.0000	0.0000	0.0000	0.0000	0.0000	0.0000	0.1058	0.0934	0.0124	0.0157	0.0150	0.0007	0.0902	0.0785	0.0117	0.0261	0.0095	0.0166	0.0025	0.0020	0.0005	0.0236	0.0074	0.0161
5	46	0.1591	12	2	0	0	0	0	0	0	0	0	1	1	2	0	0	0	0	0	0	Y	N	N	N	N	Y	N	N	N	N	N	N	N	N	N	N	N	N	0.1597	0.0630	0.0000	0.0469	0.0385	0.0000	0.0000	0.0000	0.0000	0.0020	0.0022	0.0000	0.0058	0.0058	0.0000	0.0000	0.0000	0.0000	0.0124	0.0344	0.0000	0.1227	0.1509	0.0000	0.0000	0.0000	0.0000	0.0000	0.0001	-0.0000	-0.0001	5.0324	0.0006	5.0338	0.9846	0.0000	0.0000	0.0000	0.0000	0.0000	0.0000	0.0000	0.0000	0.0000	0.0003	0.0003	0.0000	0.0003	0.0003	0.0000	0.0000	0.0000	0.0000	0.0001	0.0001	0.0000	0.0000	0.0000	0.0000	0.0001	0.0001	0.0000	0.0261	0.0094	0.0167	0.0026	0.0021	0.0005	0.0234	0.0073	0.0162
5	47	0.1472	11	2	0	0	0	0	0	0	0	0	2	1	2	0	0	0	0	0	0	Y	N	N	N	N	Y	N	N	N	N	N	N	N	N	N	N	N	N	36.7814	14.8793	0.0000	27.8007	22.5911	0.0000	0.0000	0.0000	0.0000	0.0038	0.0043	0.0000	0.0324	0.0337	0.0000	0.0000	0.0000	0.0000	0.0001	0.0003	0.0000	0.0012	0.0015	0.0000	0.0000	0.0000	0.0000	0.0000	0.0000	-0.0003	-0.0000	5.0324	1.9996	5.0338	0.0187	0.0008	0.0008	0.0000	0.0008	0.0008	0.0000	0.0000	0.0000	0.0000	0.0000	0.0000	0.0000	0.0000	0.0000	0.0000	0.0000	0.0000	0.0000	0.2078	0.1832	0.0246	0.0244	0.0234	0.0010	0.1834	0.1598	0.0236	0.0513	0.0183	0.0330	0.0046	0.0035	0.0010	0.0468	0.0148	0.0320
5	48	0.1472	10	2	0	0	0	0	0	0	0	1	1	1	1	0	0	0	0	0	0	Y	N	N	N	N	N	N	N	N	N	N	N	N	N	N	N	N	N	0.0000	0.0000	0.0000	0.0000	0.0000	0.0000	0.0000	0.0000	0.0000	0.0000	0.0000	0.0000	0.0000	0.0000	0.0000	0.0000	0.0000	0.0000	0.0000	0.0000	0.0000	0.0000	0.0000	0.0000	0.0000	0.0000	0.0000			0.0000	0.0000	5.0324	0.0000	5.0338	0.0000	0.0000	0.0000	0.0000	0.0000	0.0000	0.0000	0.0000	0.0000	0.0000	0.0000	0.0000	0.0000	0.0000	0.0000	0.0000	0.0000	0.0000	0.0000	0.0000	0.0000	0.0000	0.0000	0.0000	0.0000	0.0000	0.0000	0.0000	0.0000	0.0000	0.0000	0.0000	0.0000	0.0000	0.0000	0.0000	0.0000
5	50	0.1309	8	2	0	1	0	0	0	0	0	0	1	0	1	0	0	0	0	0	0	Y	N	N	N	N	N	N	N	N	N	N	N	N	N	N	N	N	N	0.0242	0.0219	0.0000	0.0910	0.0925	0.0000	0.0000	0.0000	0.0000	0.0000	0.0000	0.0000	0.0000	0.0000	0.0000	0.0000	0.0000	0.0000	0.0000	0.0000	0.0000	0.0001	0.0001	0.0001	0.0000	0.0000	0.0000	0.0000	0.9675	-0.0000	0.0000	5.0324	3.0380	5.0338	0.0352	0.0000	0.0000	0.0000	0.0000	0.0000	0.0000	0.0000	0.0000	0.0000	0.0000	0.0000	0.0000	0.0000	0.0000	0.0000	0.0000	0.0000	0.0000	0.3170	0.2780	0.0390	0.0206	0.0199	0.0007	0.2964	0.2581	0.0383	0.0935	0.0377	0.0557	0.0120	0.0114	0.0006	0.0815	0.0264	0.0551
5	51	0.1168	7	2	0	1	0	1	0	1	0	0	1	0	1	0	0	0	0	0	0	Y	N	N	N	N	N	N	N	N	N	N	N	N	N	N	N	N	N	0.0305	0.0140	0.0000	0.0786	0.0785	0.0000	0.0000	0.0000	0.0000	0.0001	0.0001	0.0000	0.0016	0.0016	0.0000	0.0000	0.0000	0.0000	0.0029	0.0072	0.0000	0.0202	0.0208	0.0000	0.0000	0.0000	0.0000	0.0000	0.0004	-0.0000	-0.0001	5.0324	1.0494	5.0338	1.5573	0.0000	0.0000	0.0000	0.0000	0.0000	0.0000	0.0000	0.0000	0.0000	0.0003	0.0003	0.0000	0.0003	0.0003	0.0000	0.0000	0.0000	0.0000	0.1123	0.0983	0.0140	0.0062	0.0060	0.0002	0.1061	0.0923	0.0139	0.0873	0.0350	0.0523	0.0124	0.0120	0.0004	0.0749	0.0230	0.0519
5	54	0.1472	11	2	0	1	0	0	0	0	0	0	1	0	1	0	0	0	0	0	0	Y	N	N	N	N	N	N	N	N	N	N	N	N	N	N	N	N	N	0.0000	0.0000	0.0000	0.0000	0.0000	0.0000	0.0000	0.0000	0.0000	0.0000	0.0000	0.0000	0.0000	0.0000	0.0000	0.0000	0.0000	0.0000	0.0004	0.0012	0.0000	0.0047	0.0061	0.0000	0.0000	0.0000	0.0000		0.0001	0.0000	-0.0000	5.0324	4.0000	5.0338	4.0000	0.0000	0.0000	0.0000	0.0000	0.0000	0.0000	0.0000	0.0000	0.0000	0.0001	0.0001	0.0000	0.0001	0.0001	0.0000	0.0000	0.0000	0.0000	0.4068	0.3589	0.0478	0.0476	0.0457	0.0019	0.3592	0.3133	0.0459	0.1914	0.0687	0.1227	0.0169	0.0131	0.0038	0.1745	0.0555	0.1189
5	55	0.1472	10	2	0	1	0	0	0	1	0	0	1	0	1	0	0	0	0	0	0	Y	N	N	N	N	N	N	N	N	N	N	N	N	N	N	N	N	N	0.0000	0.0000	0.0000	0.0000	0.0000	0.0000	0.0000	0.0000	0.0000	0.0000	0.0000	0.0000	0.0000	0.0000	0.0000	0.0000	0.0000	0.0000	0.0447	0.1256	0.0000	0.5036	0.6445	0.0000	0.0000	0.0000	0.0000		0.0000	0.0000	-0.0000	5.0324	0.0000	5.0338	0.0000	0.0000	0.0000	0.0000	0.0000	0.0000	0.0000	0.0000	0.0000	0.0000	0.0000	0.0000	0.0000	0.0000	0.0000	0.0000	0.0000	0.0000	0.0000	0.0000	0.0000	0.0000	0.0000	0.0000	0.0000	0.0000	0.0000	0.0000	0.0000	0.0000	0.0000	0.0000	0.0000	0.0000	0.0000	0.0000	0.0000
5	56	0.1472	9	2	0	0	0	0	0	0	0	0	1	0	1	0	0	0	0	0	0	Y	N	N	N	N	N	N	N	N	N	N	N	N	N	N	N	N	N	0.0000	0.0000	0.0000	0.0000	0.0000	0.0000	0.0000	0.0000	0.0000	0.0000	0.0000	0.0000	0.0000	0.0000	0.0000	0.0000	0.0000	0.0000	0.0000	0.0000	0.0000	0.0000	0.0000	0.0000	0.0000	0.0000	0.0000			0.0000	0.0000	5.0324	0.0000	5.0338	0.0000	0.0000	0.0000	0.0000	0.0000	0.0000	0.0000	0.0000	0.0000	0.0000	0.0000	0.0000	0.0000	0.0000	0.0000	0.0000	0.0000	0.0000	0.0000	0.0000	0.0000	0.0000	0.0000	0.0000	0.0000	0.0000	0.0000	0.0000	0.0000	0.0000	0.0000	0.0000	0.0000	0.0000	0.0000	0.0000	0.0000
5	57	0.1472	8	2	0	0	0	0	0	0	0	0	1	0	1	0	0	0	0	0	0	Y	N	N	N	N	N	N	N	N	N	N	N	N	N	N	N	N	N	0.0000	0.0000	0.0000	0.0000	0.0000	0.0000	0.0000	0.0000	0.0000	0.0000	0.0000	0.0000	0.0000	0.0000	0.0000	0.0000	0.0000	0.0000	0.0000	0.0000	0.0000	0.0000	0.0000	0.0000	0.0000	0.0000	0.0000			0.0000	0.0000	5.0324	0.0000	5.0338	0.0000	0.0000	0.0000	0.0000	0.0000	0.0000	0.0000	0.0000	0.0000	0.0000	0.0000	0.0000	0.0000	0.0000	0.0000	0.0000	0.0000	0.0000	0.0000	0.0000	0.0000	0.0000	0.0000	0.0000	0.0000	0.0000	0.0000	0.0000	0.0000	0.0000	0.0000	0.0000	0.0000	0.0000	0.0000	0.0000	0.0000
5	58	0.1378	7	2	0	0	0	1	0	0	0	0	1	0	1	0	0	0	0	0	0	Y	N	N	N	N	N	N	N	N	N	N	N	N	N	N	N	N	N	942.3718	227.2499	6603.5503	219.8980	210.1244	175.0267	1410.4685	inf	7340.5789	0.0079	0.0017	0.0585	0.0080	0.0080	0.0051	0.0079	0.0000	0.0605	0.0000	0.0000	0.0000	0.0000	0.0000	0.0000	0.0000	0.0000	0.0000	4.1161	2.0540	0.0005	0.0000	5.0324	1.2118	5.0338	0.0039	0.0013	0.0003	0.0010	0.0003	0.0003	0.0000	0.0010	0.0000	0.0010	0.0000	0.0000	0.0000	0.0000	0.0000	0.0000	0.0000	0.0000	0.0000	0.1618	0.1441	0.0177	0.0319	0.0312	0.0006	0.1299	0.1129	0.0171	0.0315	0.0113	0.0202	0.0029	0.0023	0.0006	0.0286	0.0091	0.0196
5	65	0.2074	13	2	0	1	0	1	0	1	0	0	1	0	1	0	0	0	0	0	0	Y	N	N	N	N	N	N	N	N	N	N	N	N	N	N	N	N	N	0.0000	0.0000	0.0000	0.0000	0.0000	0.0000	0.0000	0.0000	0.0000	0.0000	0.0000	0.0000	0.0000	0.0000	0.0000	0.0000	0.0000	0.0000	0.0013	0.0039	0.0000	0.0303	0.0325	0.0000	0.0000	0.0000	0.0000		0.0001	0.0000	-0.0001	5.0324	2.0000	5.0338	2.0000	0.0000	0.0000	0.0000	0.0000	0.0000	0.0000	0.0000	0.0000	0.0000	0.0001	0.0001	0.0000	0.0001	0.0001	0.0000	0.0000	0.0000	0.0000	0.2005	0.1767	0.0238	0.0241	0.0230	0.0011	0.1764	0.1537	0.0227	0.0991	0.0336	0.0654	0.0043	0.0040	0.0003	0.0948	0.0296	0.0651
5	66	0.2138	14	1	0	0	0	0	0	0	0	0	2	0	2	0	0	0	0	0	0	N	N	N	N	N	Y	N	N	N	N	N	N	N	N	N	N	N	N	0.0000	0.0000	0.0000	0.0000	0.0000	0.0000	0.0000	0.0000	0.0000	0.0000	0.0000	0.0000	0.0000	0.0000	0.0000	0.0000	0.0000	0.0000	0.0095	0.0243	0.0000	0.0520	0.0526	0.0000	0.0000	0.0000	0.0000		0.0000	0.0000	-0.0004	5.0324	2.0073	5.0338	0.7728	0.0000	0.0000	0.0000	0.0000	0.0000	0.0000	0.0000	0.0000	0.0000	0.0009	0.0009	0.0000	0.0009	0.0009	0.0000	0.0000	0.0000	0.0000	0.1999	0.1763	0.0235	0.0265	0.0254	0.0012	0.1733	0.1510	0.0224	0.0945	0.0369	0.0575	0.0172	0.0170	0.0002	0.0772	0.0199	0.0573
5	67	0.2258	15	1	0	0	0	0	0	0	0	0	2	0	2	0	0	0	0	0	0	N	N	N	N	N	Y	N	N	N	N	N	N	N	N	N	N	N	N	0.0000	0.0000	0.0000	0.0000	0.0000	0.0000	0.0000	0.0000	0.0000	0.0000	0.0000	0.0000	0.0000	0.0000	0.0000	0.0000	0.0000	0.0000	0.0097	0.0246	0.0000	0.0521	0.0527	0.0000	0.0000	0.0000	0.0000		0.0000	0.0000	-0.0004	5.0324	0.9402	5.0338	1.7770	0.0000	0.0000	0.0000	0.0000	0.0000	0.0000	0.0000	0.0000	0.0000	0.0009	0.0009	0.0000	0.0009	0.0009	0.0000	0.0000	0.0000	0.0000	0.1219	0.1092	0.0127	0.0290	0.0280	0.0010	0.0929	0.0812	0.0117	0.0924	0.0365	0.0559	0.0172	0.0170	0.0002	0.0752	0.0194	0.0557
5	73	0.2557	12	2	0	1	0	0	0	0	0	0	1	1	1	0	0	0	0	0	0	Y	N	N	N	N	N	N	N	N	N	N	N	N	N	N	N	N	N	0.0000	0.0000	0.0000	0.0000	0.0000	0.0000	0.0000	0.0000	0.0000	0.0000	0.0000	0.0000	0.0000	0.0000	0.0000	0.0000	0.0000	0.0000	0.0000	0.0000	0.0000	0.0000	0.0000	0.0000	0.0000	0.0000	0.0000			0.0000	0.0000	5.0324	0.0000	5.0338	0.0000	0.0000	0.0000	0.0000	0.0000	0.0000	0.0000	0.0000	0.0000	0.0000	0.0000	0.0000	0.0000	0.0000	0.0000	0.0000	0.0000	0.0000	0.0000	0.0000	0.0000	0.0000	0.0000	0.0000	0.0000	0.0000	0.0000	0.0000	0.0006	0.0004	0.0002	0.0003	0.0003	0.0000	0.0003	0.0001	0.0002
5	74	0.1835	11	2	0	1	0	0	0	0	0	1	1	1	1	0	0	0	0	0	0	Y	N	N	N	N	N	N	N	N	N	N	N	N	N	N	N	N	N	1990.6597	2058.1278	1.6419	2.7974	4.8942	0.0003	29082.3056	8122615.4798	13.8371	2.2354	2.5467	0.0017	0.0209	0.0218	0.0000	2.4857	2.8624	0.0018	0.0011	0.0012	0.0010	0.0075	0.0044	0.0189	0.0001	0.0000	0.0001	0.0001	1.2729	-0.3526	0.0000	5.0324	3.8563	5.0338	5.9737	0.8507	0.8506	0.0001	0.0008	0.0008	0.0000	0.8498	0.8498	0.0001	0.0003	0.0001	0.0002	0.0003	0.0001	0.0001	0.0000	0.0000	0.0000	0.3805	0.3340	0.0465	0.0386	0.0371	0.0015	0.3419	0.2969	0.0450	0.2432	0.0971	0.1461	0.0341	0.0270	0.0071	0.2091	0.0701	0.1390
5	75	0.1835	11	2	0	1	0	0	0	0	0	0	1	0	1	0	0	0	0	0	0	Y	N	N	N	N	N	N	N	N	N	N	N	N	N	N	N	N	N	0.0166	0.0077	0.2563	0.0242	0.0203	2.9662	0.0333	0.4643	0.0263	0.0003	0.0003	0.0000	0.0027	0.0028	0.0001	0.0000	0.0000	0.0000	0.0162	0.0396	0.0000	0.1098	0.1363	0.0000	0.0000	0.0000	0.0000	0.0015	0.0005	-0.0001	-0.0014	5.0324	4.9966	5.0338	2.0573	0.0001	0.0001	0.0000	0.0001	0.0001	0.0000	0.0000	0.0000	0.0000	0.0029	0.0029	0.0000	0.0029	0.0029	0.0000	0.0000	0.0000	0.0000	0.4839	0.4249	0.0590	0.0489	0.0470	0.0019	0.4350	0.3779	0.0570	0.1817	0.0742	0.1075	0.0268	0.0216	0.0052	0.1549	0.0526	0.1023
5	76	0.1780	10	2	0	1	0	1	0	1	0	0	1	0	1	0	0	0	0	0	0	Y	N	N	N	N	N	N	N	N	N	N	N	N	N	N	N	N	N	37.1661	26.3723	0.4209	0.0981	0.1022	0.0076	301.5067	185.6598	2.7395	0.0716	0.0842	0.0001	0.0007	0.0008	0.0001	0.1019	0.1276	0.0001	0.0019	0.0032	0.0003	0.0075	0.0074	0.0091	0.0003	0.0007	0.0001	0.0003	0.0852	-0.0001	-0.0000	5.0324	0.0131	5.0338	1.0784	0.0002	0.0002	0.0000	0.0000	0.0000	0.0000	0.0002	0.0002	0.0000	0.0001	0.0001	0.0000	0.0001	0.0001	0.0000	0.0000	0.0000	0.0000	0.0023	0.0019	0.0003	0.0007	0.0007	0.0000	0.0016	0.0013	0.0003	0.0412	0.0229	0.0183	0.0091	0.0085	0.0006	0.0321	0.0144	0.0177
6	10	0.0298	2	2	0	1	1	0	0	1	1	0	0	2	1	0	0	0	0	0	0	Y	N	N	N	Y	N	N	N	N	N	N	N	N	N	N	N	N	N	0.0000	0.0000	0.0000	0.0000	0.0000	0.0000	0.0000	0.0000	0.0000	0.0000	0.0000	0.0000	0.0000	0.0000	0.0000	0.0000	0.0000	0.0000	0.0000	0.0000	0.0000	0.0000	0.0000	0.0000	0.0000	0.0000	0.0000			0.0000	0.0000	0.0000	0.0004	3.0000	1.0134	0.0000	0.0000	0.0000	0.0000	0.0000	0.0000	0.0000	0.0000	0.0000	0.0000	0.0000	0.0000	0.0000	0.0000	0.0000	0.0000	0.0000	0.0000	0.0000	0.0000	0.0000	0.0000	0.0000	0.0000	0.0000	0.0000	0.0000	0.0093	0.0031	0.0062	0.0001	0.0001	0.0000	0.0092	0.0030	0.0062
6	17	0.0239	7	2	0	1	1	0	0	1	1	0	0	2	1	0	0	0	0	0	0	Y	N	N	N	Y	N	N	N	N	N	N	N	N	N	N	N	N	N	0.0000	0.0000	0.0000	0.0000	0.0000	0.0000	0.0000	0.0000	0.0000	0.0000	0.0000	0.0000	0.0000	0.0000	0.0000	0.0000	0.0000	0.0000	23.1345	69.4415	0.0000	0.0000	0.0000	0.0000	23.2613	70.3530	0.0000		0.0000	0.0000	-0.4609	0.0000	3.0000	3.0000	2.0000	0.0000	0.0000	0.0000	0.0000	0.0000	0.0000	0.0000	0.0000	0.0000	1.0000	1.0000	0.0000	0.0000	0.0000	0.0000	1.0000	1.0000	0.0000	0.0000	0.0000	0.0000	0.0000	0.0000	0.0000	0.0000	0.0000	0.0000	0.0432	0.0144	0.0288	0.0002	0.0002	0.0000	0.0430	0.0142	0.0288
6	19	0.0238	5	2	0	1	1	0	0	1	1	0	1	2	1	0	0	0	0	0	0	Y	N	N	N	Y	N	N	N	N	N	N	N	N	N	N	N	N	N	0.0000	0.0000	0.0000	0.0000	0.0000	0.0000	0.0000	0.0000	0.0000	0.0000	0.0000	0.0000	0.0000	0.0000	0.0000	0.0000	0.0000	0.0000	0.0000	0.0000	0.0000	0.0000	0.0000	0.0000	0.0000	0.0000	0.0000			0.0000	0.0000	0.0000	0.0000	3.0000	1.0000	0.0000	0.0000	0.0000	0.0000	0.0000	0.0000	0.0000	0.0000	0.0000	0.0000	0.0000	0.0000	0.0000	0.0000	0.0000	0.0000	0.0000	0.0000	0.0000	0.0000	0.0000	0.0000	0.0000	0.0000	0.0000	0.0000	0.0000	0.0090	0.0030	0.0060	0.0000	0.0000	0.0000	0.0090	0.0029	0.0060
6	20	0.0180	4	2	0	1	0	0	0	1	0	1	1	2	1	0	0	0	0	0	0	Y	N	N	N	Y	N	N	N	N	N	N	N	N	N	N	N	N	N	0.0000	0.0000	0.0000	0.0000	0.0000	0.0000	0.0000	0.0000	0.0000	0.0000	0.0000	0.0000	0.0000	0.0000	0.0000	0.0000	0.0000	0.0000	0.0000	0.0000	0.0000	0.0000	0.0000	0.0000	0.0000	0.0000	0.0000			0.0000	0.0000	0.0000	1.0000	3.0000	0.0000	0.0000	0.0000	0.0000	0.0000	0.0000	0.0000	0.0000	0.0000	0.0000	0.0000	0.0000	0.0000	0.0000	0.0000	0.0000	0.0000	0.0000	0.0000	0.0000	0.0000	0.0000	0.0000	0.0000	0.0000	0.0000	0.0000	0.0000	0.0090	0.0030	0.0060	0.0000	0.0000	0.0000	0.0090	0.0030	0.0060
6	21	0.0985	11	2	0	1	0	0	0	1	0	0	0	1	1	0	0	0	0	0	0	Y	N	N	N	N	N	N	N	N	N	N	N	N	N	N	N	N	N	0.0000	0.0000	0.0000	0.0000	0.0000	0.0000	0.0000	0.0000	0.0000	0.0000	0.0000	0.0000	0.0000	0.0000	0.0000	0.0000	0.0000	0.0000	2.4410	5.9931	0.0000	19.4280	22.9477	0.0000	0.0000	0.0000	0.0000		0.0000	0.0000	-0.0661	0.0000	3.8982	3.0000	3.1508	0.0000	0.0000	0.0000	0.0000	0.0000	0.0000	0.0000	0.0000	0.0000	0.1435	0.1435	0.0000	0.1435	0.1435	0.0000	0.0000	0.0000	0.0000	0.0000	0.0000	0.0000	0.0000	0.0000	0.0000	0.0000	0.0000	0.0000	0.0588	0.0239	0.0348	0.0074	0.0063	0.0011	0.0514	0.0177	0.0337
6	28	0.0180	3	2	0	1	0	0	0	1	0	0	0	1	0	0	0	0	0	0	0	Y	N	N	N	N	N	N	N	N	N	N	N	N	N	N	N	N	N	0.0000	0.0000	0.0000	0.0000	0.0000	0.0000	0.0000	0.0000	0.0000	0.0000	0.0000	0.0000	0.0000	0.0000	0.0000	0.0000	0.0000	0.0000	0.0000	0.0000	0.0000	0.0000	0.0000	0.0000	0.0000	0.0000	0.0000			0.0000	0.0000	0.0000	0.0000	3.0000	0.0000	0.0000	0.0000	0.0000	0.0000	0.0000	0.0000	0.0000	0.0000	0.0000	0.0000	0.0000	0.0000	0.0000	0.0000	0.0000	0.0000	0.0000	0.0000	0.0000	0.0000	0.0000	0.0000	0.0000	0.0000	0.0000	0.0000	0.0000	0.0000	0.0000	0.0000	0.0000	0.0000	0.0000	0.0000	0.0000	0.0000
6	29	0.0985	11	2	0	1	0	0	0	1	0	0	0	1	1	0	0	0	0	0	0	Y	N	N	N	N	N	N	N	N	N	N	N	N	N	N	N	N	N	0.0000	0.0000	0.0000	0.0000	0.0000	0.0000	0.0000	0.0000	0.0000	0.0000	0.0000	0.0000	0.0000	0.0000	0.0000	0.0000	0.0000	0.0000	23.0489	0.0000	41.4921	0.0139	0.0000	0.1183	27.2712	0.0000	42.8927		inf	0.0000	0.4618	0.0000	1.1083	3.0000	2.8540	0.0000	0.0000	0.0000	0.0000	0.0000	0.0000	0.0000	0.0000	0.0000	0.8566	0.0000	0.8566	0.0001	0.0000	0.0001	0.8565	0.0000	0.8565	0.0000	0.0000	0.0000	0.0000	0.0000	0.0000	0.0000	0.0000	0.0000	0.0372	0.0165	0.0206	0.0058	0.0051	0.0007	0.0314	0.0114	0.0200
6	30	0.0924	10	2	0	1	0	1	0	1	0	0	1	1	1	0	0	0	0	0	0	Y	N	N	N	N	N	N	N	N	N	N	N	N	N	N	N	N	N	0.0000	0.0000	0.0000	0.0000	0.0000	0.0000	0.0000	0.0000	0.0000	0.0000	0.0000	0.0000	0.0000	0.0000	0.0000	0.0000	0.0000	0.0000	13.7073	12.7320	14.8361	30.2655	32.3484	0.0331	8.8840	0.0118	15.3155		1.0067	0.0000	0.0100	0.0000	1.1867	3.0000	0.2815	0.0000	0.0000	0.0000	0.0000	0.0000	0.0000	0.0000	0.0000	0.0000	0.2451	0.1222	0.1230	0.1221	0.1221	0.0000	0.1230	0.0001	0.1230	0.0000	0.0000	0.0000	0.0000	0.0000	0.0000	0.0000	0.0000	0.0000	0.0179	0.0096	0.0083	0.0040	0.0038	0.0003	0.0138	0.0058	0.0080
6	32	0.0544	7	2	0	1	0	0	0	1	0	0	0	1	0	0	0	0	0	0	0	Y	N	N	N	N	N	N	N	N	N	N	N	N	N	N	N	N	N	0.0000	0.0000	0.0000	0.0000	0.0000	0.0000	0.0000	0.0000	0.0000	0.0000	0.0000	0.0000	0.0000	0.0000	0.0000	0.0000	0.0000	0.0000	14.1303	37.7450	0.0000	0.0000	0.0000	0.0000	14.4557	39.9913	0.0000		0.0000	0.0000	-0.4604	0.0000	4.0243	3.0000	4.9679	0.0000	0.0000	0.0000	0.0000	0.0000	0.0000	0.0000	0.0000	0.0000	0.9990	0.9990	0.0000	0.0000	0.0000	0.0000	0.9990	0.9990	0.0000	0.0000	0.0000	0.0000	0.0000	0.0000	0.0000	0.0000	0.0000	0.0000	0.0707	0.0265	0.0442	0.0016	0.0015	0.0001	0.0691	0.0250	0.0441
6	35	0.0480	6	2	0	1	0	1	0	1	0	0	0	1	0	0	0	0	0	0	0	Y	N	N	N	N	N	N	N	N	N	N	N	N	N	N	N	N	N	0.0000	0.0000	0.0000	0.0000	0.0000	0.0000	0.0000	0.0000	0.0000	0.0000	0.0000	0.0000	0.0000	0.0000	0.0000	0.0000	0.0000	0.0000	0.0951	0.2060	0.0000	0.1168	0.1180	0.0000	0.0928	0.2290	0.0000		0.0000	0.0000	-0.0005	0.0000	1.0742	3.0000	0.1055	0.0000	0.0000	0.0000	0.0000	0.0000	0.0000	0.0000	0.0000	0.0000	0.0012	0.0012	0.0000	0.0001	0.0001	0.0000	0.0010	0.0010	0.0000	0.0000	0.0000	0.0000	0.0000	0.0000	0.0000	0.0000	0.0000	0.0000	0.0124	0.0057	0.0067	0.0012	0.0012	0.0000	0.0112	0.0045	0.0067
6	36	0.0239	7	2	0	1	0	0	0	1	0	0	0	2	1	0	0	0	0	0	0	Y	N	N	N	Y	N	N	N	N	N	N	N	N	N	N	N	N	N	0.0000	0.0000	0.0000	0.0000	0.0000	0.0000	0.0000	0.0000	0.0000	0.0000	0.0000	0.0000	0.0000	0.0000	0.0000	0.0000	0.0000	0.0000	0.0000	0.0000	0.0000	0.0000	0.0000	0.0000	0.0000	0.0000	0.0000			0.0000	0.0000	0.0000	3.0000	3.0000	5.0000	0.0000	0.0000	0.0000	0.0000	0.0000	0.0000	0.0000	0.0000	0.0000	0.0000	0.0000	0.0000	0.0000	0.0000	0.0000	0.0000	0.0000	0.0000	0.0000	0.0000	0.0000	0.0000	0.0000	0.0000	0.0000	0.0000	0.0000	0.0670	0.0224	0.0446	0.0004	0.0003	0.0001	0.0667	0.0221	0.0445
6	37	0.0239	6	2	0	1	0	0	0	1	0	0	1	2	1	0	0	0	0	0	0	Y	N	N	N	Y	N	N	N	N	N	N	N	N	N	N	N	N	N	0.0000	0.0000	0.0000	0.0000	0.0000	0.0000	0.0000	0.0000	0.0000	0.0000	0.0000	0.0000	0.0000	0.0000	0.0000	0.0000	0.0000	0.0000	0.0000	0.0000	0.0000	0.0000	0.0000	0.0000	0.0000	0.0000	0.0000			0.0000	0.0000	0.0000	0.0000	3.0000	0.0000	0.0000	0.0000	0.0000	0.0000	0.0000	0.0000	0.0000	0.0000	0.0000	0.0000	0.0000	0.0000	0.0000	0.0000	0.0000	0.0000	0.0000	0.0000	0.0000	0.0000	0.0000	0.0000	0.0000	0.0000	0.0000	0.0000	0.0000	0.0000	0.0000	0.0000	0.0000	0.0000	0.0000	0.0000	0.0000	0.0000
6	38	0.0238	5	2	0	1	0	0	0	1	0	0	0	2	0	0	0	0	0	0	0	Y	N	N	N	Y	N	N	N	N	N	N	N	N	N	N	N	N	N	0.0000	0.0000	0.0000	0.0000	0.0000	0.0000	0.0000	0.0000	0.0000	0.0000	0.0000	0.0000	0.0000	0.0000	0.0000	0.0000	0.0000	0.0000	0.0000	0.0000	0.0000	0.0000	0.0000	0.0000	0.0000	0.0000	0.0000			0.0000	0.0000	0.0000	0.0000	3.0000	0.0000	0.0000	0.0000	0.0000	0.0000	0.0000	0.0000	0.0000	0.0000	0.0000	0.0000	0.0000	0.0000	0.0000	0.0000	0.0000	0.0000	0.0000	0.0000	0.0000	0.0000	0.0000	0.0000	0.0000	0.0000	0.0000	0.0000	0.0000	0.0000	0.0000	0.0000	0.0000	0.0000	0.0000	0.0000	0.0000	0.0000
6	39	0.0180	4	2	0	1	0	0	0	1	0	1	0	2	0	0	0	0	0	0	0	Y	N	N	N	Y	N	N	N	N	N	N	N	N	N	N	N	N	N	0.0000	0.0000	0.0000	0.0000	0.0000	0.0000	0.0000	0.0000	0.0000	0.0000	0.0000	0.0000	0.0000	0.0000	0.0000	0.0000	0.0000	0.0000	0.0000	0.0000	0.0000	0.0000	0.0000	0.0000	0.0000	0.0000	0.0000			0.0000	0.0000	0.0000	0.0000	3.0000	1.0000	0.0000	0.0000	0.0000	0.0000	0.0000	0.0000	0.0000	0.0000	0.0000	0.0000	0.0000	0.0000	0.0000	0.0000	0.0000	0.0000	0.0000	0.0000	0.0000	0.0000	0.0000	0.0000	0.0000	0.0000	0.0000	0.0000	0.0000	0.0090	0.0030	0.0060	0.0000	0.0000	0.0000	0.0090	0.0030	0.0060
6	41	0.0885	10	2	0	1	0	1	0	1	0	0	0	1	0	0	0	0	0	0	0	Y	N	N	N	N	N	N	N	N	N	N	N	N	N	N	N	N	N	0.0000	0.0000	0.0000	0.0000	0.0000	0.0000	0.0000	0.0000	0.0000	0.0000	0.0000	0.0000	0.0000	0.0000	0.0000	0.0000	0.0000	0.0000	0.2680	0.3272	0.2376	0.0000	0.0000	0.0000	0.2898	0.3904	0.2452		1.4162	0.0000	0.0006	0.0000	1.0068	3.0000	1.0688	0.0000	0.0000	0.0000	0.0000	0.0000	0.0000	0.0000	0.0000	0.0000	0.0045	0.0019	0.0026	0.0000	0.0000	0.0000	0.0045	0.0019	0.0026	0.0000	0.0000	0.0000	0.0000	0.0000	0.0000	0.0000	0.0000	0.0000	0.0167	0.0057	0.0110	0.0013	0.0009	0.0003	0.0154	0.0047	0.0107
6	45	0.0357	3	2	0	1	1	0	0	1	1	0	0	2	1	0	0	0	0	0	0	Y	N	N	N	Y	N	N	N	N	N	N	N	N	N	N	N	N	N	0.0000	0.0000	0.0000	0.0000	0.0000	0.0000	0.0000	0.0000	0.0000	0.0000	0.0000	0.0000	0.0000	0.0000	0.0000	0.0000	0.0000	0.0000	0.0000	0.0000	0.0000	0.0000	0.0000	0.0000	0.0000	0.0000	0.0000			0.0000	0.0000	0.0000	0.9998	3.0000	0.0048	0.0000	0.0000	0.0000	0.0000	0.0000	0.0000	0.0000	0.0000	0.0000	0.0000	0.0000	0.0000	0.0000	0.0000	0.0000	0.0000	0.0000	0.0000	0.0000	0.0000	0.0000	0.0000	0.0000	0.0000	0.0000	0.0000	0.0000	0.0091	0.0031	0.0061	0.0001	0.0001	0.0000	0.0090	0.0030	0.0061
6	46	0.0298	2	2	0	1	0	0	0	1	0	0	0	2	1	0	0	0	0	0	0	Y	N	N	N	Y	N	N	N	N	N	N	N	N	N	N	N	N	N	0.0000	0.0000	0.0000	0.0000	0.0000	0.0000	0.0000	0.0000	0.0000	0.0000	0.0000	0.0000	0.0000	0.0000	0.0000	0.0000	0.0000	0.0000	0.0000	0.0000	0.0000	0.0000	0.0000	0.0000	0.0000	0.0000	0.0000			0.0000	0.0000	0.0000	0.0006	3.0000	0.9846	0.0000	0.0000	0.0000	0.0000	0.0000	0.0000	0.0000	0.0000	0.0000	0.0000	0.0000	0.0000	0.0000	0.0000	0.0000	0.0000	0.0000	0.0000	0.0000	0.0000	0.0000	0.0000	0.0000	0.0000	0.0000	0.0000	0.0000	0.0091	0.0030	0.0061	0.0001	0.0001	0.0000	0.0090	0.0029	0.0061
7	10	0.1357	16	1	0	0	1	0	0	0	1	0	1	1	2	0	0	0	0	0	0	N	N	N	N	N	Y	N	N	N	N	N	N	N	N	N	N	N	N	0.0000	0.0000	0.0000	0.0000	0.0000	0.0000	0.0000	0.0000	0.0000	0.0000	0.0000	0.0000	0.0000	0.0000	0.0000	0.0000	0.0000	0.0000	0.0000	0.0000	0.0000	0.0000	0.0000	0.0000	0.0000	0.0000	0.0000		inf	0.0000	0.0000	0.0000	0.0004	3.0007	1.0134	0.0000	0.0000	0.0000	0.0000	0.0000	0.0000	0.0000	0.0000	0.0000	0.0000	0.0000	0.0000	0.0000	0.0000	0.0000	0.0000	0.0000	0.0000	0.0000	0.0000	0.0000	0.0000	0.0000	0.0000	0.0000	0.0000	0.0000	0.0084	0.0029	0.0054	0.0009	0.0008	0.0002	0.0074	0.0022	0.0052
7	17	0.1298	15	1	0	0	1	0	0	0	1	0	1	1	2	0	0	0	0	0	0	N	N	N	N	N	Y	N	N	N	N	N	N	N	N	N	N	N	N	0.0000	0.0000	0.0000	0.0000	0.0000	0.0000	0.0000	0.0000	0.0000	0.0000	0.0000	0.0000	0.0000	0.0000	0.0000	0.0000	0.0000	0.0000	25.8937	0.0000	39.9877	0.0000	0.0000	0.0000	29.0091	0.0000	41.5304		inf	0.0000	0.5391	0.0000	3.0000	3.0007	2.0000	0.0000	0.0000	0.0000	0.0000	0.0000	0.0000	0.0000	0.0000	0.0000	1.0000	0.0000	1.0000	0.0000	0.0000	0.0000	1.0000	0.0000	1.0000	0.0000	0.0000	0.0000	0.0000	0.0000	0.0000	0.0000	0.0000	0.0000	0.0386	0.0136	0.0250	0.0041	0.0032	0.0009	0.0345	0.0104	0.0241
7	19	0.1298	13	1	0	0	1	0	0	0	1	0	2	1	2	0	0	0	0	0	0	N	N	N	N	N	Y	N	N	N	N	N	N	N	N	N	N	N	N	0.0000	0.0000	0.0000	0.0000	0.0000	0.0000	0.0000	0.0000	0.0000	0.0000	0.0000	0.0000	0.0000	0.0000	0.0000	0.0000	0.0000	0.0000	0.0000	0.0000	0.0000	0.0000	0.0000	0.0000	0.0000	0.0000	0.0000			0.0000	0.0000	0.0000	0.0000	3.0007	1.0000	0.0000	0.0000	0.0000	0.0000	0.0000	0.0000	0.0000	0.0000	0.0000	0.0000	0.0000	0.0000	0.0000	0.0000	0.0000	0.0000	0.0000	0.0000	0.0000	0.0000	0.0000	0.0000	0.0000	0.0000	0.0000	0.0000	0.0000	0.0081	0.0028	0.0052	0.0009	0.0007	0.0002	0.0072	0.0022	0.0050
7	20	0.1239	14	1	0	0	0	0	0	0	0	1	2	1	2	0	0	0	0	0	0	N	N	N	N	N	Y	N	N	N	N	N	N	N	N	N	N	N	N	0.0000	0.0000	0.0000	0.0000	0.0000	0.0000	0.0000	0.0000	0.0000	0.0000	0.0000	0.0000	0.0000	0.0000	0.0000	0.0000	0.0000	0.0000	0.0000	0.0000	0.0000	0.0000	0.0000	0.0000	0.0000	0.0000	0.0000			0.0000	0.0000	0.0000	1.0000	3.0007	0.0000	0.0000	0.0000	0.0000	0.0000	0.0000	0.0000	0.0000	0.0000	0.0000	0.0000	0.0000	0.0000	0.0000	0.0000	0.0000	0.0000	0.0000	0.0000	0.0000	0.0000	0.0000	0.0000	0.0000	0.0000	0.0000	0.0000	0.0000	0.0080	0.0028	0.0052	0.0008	0.0006	0.0002	0.0072	0.0022	0.0050
7	21	0.1856	17	1	0	0	0	0	0	0	0	0	1	0	2	0	0	0	0	0	0	N	N	N	N	N	Y	N	N	N	N	N	N	N	N	N	N	N	N	0.0000	0.0000	0.0000	0.0000	0.0000	0.0000	0.0000	0.0000	0.0000	0.0000	0.0000	0.0000	0.0000	0.0000	0.0000	0.0000	0.0000	0.0000	0.0000	0.0000	0.0000	0.0000	0.0000	0.0000	0.0000	0.0000	0.0000		inf	0.0000	0.0000	0.0000	3.8982	3.0007	3.1508	0.0000	0.0000	0.0000	0.0000	0.0000	0.0000	0.0000	0.0000	0.0000	0.0000	0.0000	0.0000	0.0000	0.0000	0.0000	0.0000	0.0000	0.0000	0.0000	0.0000	0.0000	0.0000	0.0000	0.0000	0.0000	0.0000	0.0000	0.0559	0.0216	0.0343	0.0045	0.0043	0.0002	0.0514	0.0173	0.0341
7	22	0.1476	18	1	0	1	1	0	0	0	1	0	1	1	2	0	0	0	0	0	0	N	N	N	N	N	Y	N	N	N	N	N	N	N	N	N	N	N	N	0.0000	0.0000	0.0000	0.0000	0.0000	0.0000	0.0000	0.0000	0.0000	0.0000	0.0000	0.0000	0.0000	0.0000	0.0000	0.0000	0.0000	0.0000	0.0000	0.0000	0.0000	0.0000	0.0000	0.0000	0.0000	0.0000	0.0000			0.0000	0.0000	0.0000	0.0000	3.0007	0.0000	0.0000	0.0000	0.0000	0.0000	0.0000	0.0000	0.0000	0.0000	0.0000	0.0000	0.0000	0.0000	0.0000	0.0000	0.0000	0.0000	0.0000	0.0000	0.0000	0.0000	0.0000	0.0000	0.0000	0.0000	0.0000	0.0000	0.0000	0.0000	0.0000	0.0000	0.0000	0.0000	0.0000	0.0000	0.0000	0.0000
7	23	0.1476	18	1	0	1	0	0	0	0	0	0	1	1	2	0	0	0	0	0	0	N	N	N	N	N	Y	N	N	N	N	N	N	N	N	N	N	N	N	0.0000	0.0000	0.0000	0.0000	0.0000	0.0000	0.0000	0.0000	0.0000	0.0000	0.0000	0.0000	0.0000	0.0000	0.0000	0.0000	0.0000	0.0000	0.0000	0.0000	0.0000	0.0000	0.0000	0.0000	0.0000	0.0000	0.0000			0.0000	0.0000	0.0000	0.0000	3.0007	0.0000	0.0000	0.0000	0.0000	0.0000	0.0000	0.0000	0.0000	0.0000	0.0000	0.0000	0.0000	0.0000	0.0000	0.0000	0.0000	0.0000	0.0000	0.0000	0.0000	0.0000	0.0000	0.0000	0.0000	0.0000	0.0000	0.0000	0.0000	0.0000	0.0000	0.0000	0.0000	0.0000	0.0000	0.0000	0.0000	0.0000
7	24	0.1417	17	1	0	1	0	0	0	1	0	0	1	1	2	0	0	0	0	0	0	N	N	N	N	N	Y	N	N	N	N	N	N	N	N	N	N	N	N	0.0000	0.0000	0.0000	0.0000	0.0000	0.0000	0.0000	0.0000	0.0000	0.0000	0.0000	0.0000	0.0000	0.0000	0.0000	0.0000	0.0000	0.0000	0.0000	0.0000	0.0000	0.0000	0.0000	0.0000	0.0000	0.0000	0.0000			0.0000	0.0000	0.0000	0.0002	3.0007	1.0022	0.0000	0.0000	0.0000	0.0000	0.0000	0.0000	0.0000	0.0000	0.0000	0.0000	0.0000	0.0000	0.0000	0.0000	0.0000	0.0000	0.0000	0.0000	0.0000	0.0000	0.0000	0.0000	0.0000	0.0000	0.0000	0.0000	0.0000	0.0081	0.0029	0.0052	0.0009	0.0007	0.0002	0.0072	0.0022	0.0051
7	29	0.1856	17	1	0	0	0	0	0	0	0	0	1	0	2	0	0	0	0	0	0	N	N	N	N	N	Y	N	N	N	N	N	N	N	N	N	N	N	N	0.0000	0.0000	0.0000	0.0000	0.0000	0.0000	0.0000	0.0000	0.0000	0.0000	0.0000	0.0000	0.0000	0.0000	0.0000	0.0000	0.0000	0.0000	0.0000	0.0000	0.0000	0.0000	0.0000	0.0000	0.0000	0.0000	0.0000		inf	0.0000	0.0000	0.0000	1.1083	3.0007	2.8540	0.0000	0.0000	0.0000	0.0000	0.0000	0.0000	0.0000	0.0000	0.0000	0.0000	0.0000	0.0000	0.0000	0.0000	0.0000	0.0000	0.0000	0.0000	0.0000	0.0000	0.0000	0.0000	0.0000	0.0000	0.0000	0.0000	0.0000	0.0353	0.0150	0.0203	0.0039	0.0038	0.0001	0.0314	0.0111	0.0202
7	30	0.1795	16	1	0	0	0	1	0	0	0	0	2	0	2	0	0	0	0	0	0	N	N	N	N	N	Y	N	N	N	N	N	N	N	N	N	N	N	N	0.0000	0.0000	0.0000	0.0000	0.0000	0.0000	0.0000	0.0000	0.0000	0.0000	0.0000	0.0000	0.0000	0.0000	0.0000	0.0000	0.0000	0.0000	0.0041	0.0077	0.0000	0.0207	0.0209	0.0000	0.0000	0.0000	0.0000		0.0008	0.0000	-0.0000	0.0000	1.1867	3.0007	0.2815	0.0000	0.0000	0.0000	0.0000	0.0000	0.0000	0.0000	0.0000	0.0000	0.0001	0.0001	0.0000	0.0001	0.0001	0.0000	0.0000	0.0000	0.0000	0.0000	0.0000	0.0000	0.0000	0.0000	0.0000	0.0000	0.0000	0.0000	0.0173	0.0091	0.0082	0.0034	0.0033	0.0000	0.0139	0.0058	0.0081
7	36	0.1298	15	1	0	0	0	0	0	0	0	0	1	1	2	0	0	0	0	0	0	N	N	N	N	N	Y	N	N	N	N	N	N	N	N	N	N	N	N	0.0000	0.0000	0.0000	0.0000	0.0000	0.0000	0.0000	0.0000	0.0000	0.0000	0.0000	0.0000	0.0000	0.0000	0.0000	0.0000	0.0000	0.0000	0.0000	0.0000	0.0000	0.0000	0.0000	0.0000	0.0000	0.0000	0.0000			0.0000	0.0000	0.0000	3.0000	3.0007	5.0000	0.0000	0.0000	0.0000	0.0000	0.0000	0.0000	0.0000	0.0000	0.0000	0.0000	0.0000	0.0000	0.0000	0.0000	0.0000	0.0000	0.0000	0.0000	0.0000	0.0000	0.0000	0.0000	0.0000	0.0000	0.0000	0.0000	0.0000	0.0599	0.0212	0.0387	0.0064	0.0050	0.0015	0.0535	0.0162	0.0373
7	37	0.1298	14	1	0	0	0	0	0	0	0	0	2	1	2	0	0	0	0	0	0	N	N	N	N	N	Y	N	N	N	N	N	N	N	N	N	N	N	N	0.0000	0.0000	0.0000	0.0000	0.0000	0.0000	0.0000	0.0000	0.0000	0.0000	0.0000	0.0000	0.0000	0.0000	0.0000	0.0000	0.0000	0.0000	0.0000	0.0000	0.0000	0.0000	0.0000	0.0000	0.0000	0.0000	0.0000			0.0000	0.0000	0.0000	0.0000	3.0007	0.0000	0.0000	0.0000	0.0000	0.0000	0.0000	0.0000	0.0000	0.0000	0.0000	0.0000	0.0000	0.0000	0.0000	0.0000	0.0000	0.0000	0.0000	0.0000	0.0000	0.0000	0.0000	0.0000	0.0000	0.0000	0.0000	0.0000	0.0000	0.0000	0.0000	0.0000	0.0000	0.0000	0.0000	0.0000	0.0000	0.0000
7	42	0.1876	20	0	0	0	0	0	0	0	0	0	2	0	2	0	0	0	0	0	0	N	N	N	N	N	Y	N	N	N	N	N	N	N	N	N	N	N	N	0.0000	0.0000	0.0000	0.0000	0.0000	0.0000	0.0000	0.0000	0.0000	0.0000	0.0000	0.0000	0.0000	0.0000	0.0000	0.0000	0.0000	0.0000	0.0000	0.0000	0.0000	0.0000	0.0000	0.0000	0.0000	0.0000	0.0000		inf	0.0000	0.0000	0.0000	0.9984	3.0007	0.0033	0.0000	0.0000	0.0000	0.0000	0.0000	0.0000	0.0000	0.0000	0.0000	0.0000	0.0000	0.0000	0.0000	0.0000	0.0000	0.0000	0.0000	0.0000	0.0000	0.0000	0.0000	0.0000	0.0000	0.0000	0.0000	0.0000	0.0000	0.0078	0.0025	0.0053	0.0003	0.0003	0.0000	0.0075	0.0023	0.0052
7	45	0.1417	17	1	0	0	1	0	0	0	1	0	1	1	2	0	0	0	0	0	0	N	N	N	N	N	Y	N	N	N	N	N	N	N	N	N	N	N	N	0.0000	0.0000	0.0000	0.0000	0.0000	0.0000	0.0000	0.0000	0.0000	0.0000	0.0000	0.0000	0.0000	0.0000	0.0000	0.0000	0.0000	0.0000	0.0000	0.0000	0.0000	0.0000	0.0000	0.0000	0.0000	0.0000	0.0000			0.0000	0.0000	0.0000	0.9998	3.0007	0.0048	0.0000	0.0000	0.0000	0.0000	0.0000	0.0000	0.0000	0.0000	0.0000	0.0000	0.0000	0.0000	0.0000	0.0000	0.0000	0.0000	0.0000	0.0000	0.0000	0.0000	0.0000	0.0000	0.0000	0.0000	0.0000	0.0000	0.0000	0.0082	0.0029	0.0053	0.0009	0.0007	0.0002	0.0073	0.0022	0.0051
7	46	0.1357	16	1	0	0	0	0	0	0	0	0	1	1	2	0	0	0	0	0	0	N	N	N	N	N	Y	N	N	N	N	N	N	N	N	N	N	N	N	0.0000	0.0000	0.0000	0.0000	0.0000	0.0000	0.0000	0.0000	0.0000	0.0000	0.0000	0.0000	0.0000	0.0000	0.0000	0.0000	0.0000	0.0000	0.0000	0.0000	0.0000	0.0000	0.0000	0.0000	0.0000	0.0000	0.0000		inf	0.0000	0.0000	0.0000	0.0006	3.0007	0.9846	0.0000	0.0000	0.0000	0.0000	0.0000	0.0000	0.0000	0.0000	0.0000	0.0000	0.0000	0.0000	0.0000	0.0000	0.0000	0.0000	0.0000	0.0000	0.0000	0.0000	0.0000	0.0000	0.0000	0.0000	0.0000	0.0000	0.0000	0.0081	0.0029	0.0053	0.0009	0.0007	0.0002	0.0072	0.0021	0.0051
7	47	0.1239	15	1	0	0	0	0	0	0	0	0	2	1	2	0	0	0	0	0	0	N	N	N	N	N	Y	N	N	N	N	N	N	N	N	N	N	N	N	0.0000	0.0000	0.0000	0.0000	0.0000	0.0000	0.0000	0.0000	0.0000	0.0000	0.0000	0.0000	0.0000	0.0000	0.0000	0.0000	0.0000	0.0000	0.0000	0.0000	0.0000	0.0000	0.0000	0.0000	0.0000	0.0000	0.0000		0.0000	0.0000	-0.0000	0.0000	1.9996	3.0007	0.0187	0.0000	0.0000	0.0000	0.0000	0.0000	0.0000	0.0000	0.0000	0.0000	0.0000	0.0000	0.0000	0.0000	0.0000	0.0000	0.0000	0.0000	0.0000	0.0000	0.0000	0.0000	0.0000	0.0000	0.0000	0.0000	0.0000	0.0000	0.0160	0.0056	0.0104	0.0016	0.0013	0.0004	0.0144	0.0043	0.0101
7	66	0.0384	4	0	0	0	0	0	0	0	0	0	2	0	2	0	0	0	0	0	0	N	N	N	N	N	Y	N	N	N	N	N	N	N	N	N	N	N	N	0.0000	0.0000	0.0000	0.0000	0.0000	0.0000	0.0000	0.0000	0.0000	0.0000	0.0000	0.0000	0.0000	0.0000	0.0000	0.0000	0.0000	0.0000	0.0137	0.0367	0.0000	0.0902	0.0902	0.0000	0.0000	0.0000	0.0000		0.0000	0.0000	-0.0002	0.0000	2.0073	3.0007	0.7728	0.0000	0.0000	0.0000	0.0000	0.0000	0.0000	0.0000	0.0000	0.0000	0.0004	0.0004	0.0000	0.0004	0.0004	0.0000	0.0000	0.0000	0.0000	0.0000	0.0000	0.0000	0.0000	0.0000	0.0000	0.0000	0.0000	0.0000	0.0326	0.0122	0.0204	0.0050	0.0050	0.0000	0.0276	0.0072	0.0204
7	67	0.0264	3	0	0	0	0	0	0	0	0	0	2	0	2	0	0	0	0	0	0	N	N	N	N	N	Y	N	N	N	N	N	N	N	N	N	N	N	N	0.0000	0.0000	0.0000	0.0000	0.0000	0.0000	0.0000	0.0000	0.0000	0.0000	0.0000	0.0000	0.0000	0.0000	0.0000	0.0000	0.0000	0.0000	0.0126	0.0314	0.0000	0.0900	0.0900	0.0000	0.0000	0.0000	0.0000		0.0000	0.0000	-0.0002	0.0000	0.9402	3.0007	1.7770	0.0000	0.0000	0.0000	0.0000	0.0000	0.0000	0.0000	0.0000	0.0000	0.0004	0.0004	0.0000	0.0004	0.0004	0.0000	0.0000	0.0000	0.0000	0.0000	0.0000	0.0000	0.0000	0.0000	0.0000	0.0000	0.0000	0.0000	0.0356	0.0143	0.0214	0.0050	0.0050	0.0000	0.0306	0.0093	0.0214
10	11	0.0943	14	2	0	1	1	1	0	1	1	0	0	1	1	0	0	0	0	0	0	Y	N	N	N	N	N	N	N	N	N	N	N	N	N	N	N	N	N	0.0000	0.0000	0.0000	0.0000	0.0000	0.0000	0.0000	0.0000	0.0000	0.0000	0.0000	0.0000	0.0000	0.0000	0.0000	0.0000	0.0000	0.0000	0.0000	0.0000	0.0000	0.0000	0.0000	0.0000	0.0000	0.0000	0.0000			0.0000	0.0000	0.0004	4.0002	1.0134	1.0000	0.0000	0.0000	0.0000	0.0000	0.0000	0.0000	0.0000	0.0000	0.0000	0.0000	0.0000	0.0000	0.0000	0.0000	0.0000	0.0000	0.0000	0.0000	0.0001	0.0001	0.0000	0.0000	0.0000	0.0000	0.0001	0.0001	0.0000	0.0138	0.0047	0.0091	0.0012	0.0009	0.0003	0.0126	0.0038	0.0088
10	12	0.0979	14	2	0	1	1	1	0	1	1	0	0	1	1	0	0	0	0	0	0	Y	N	N	N	N	N	N	N	N	N	N	N	N	N	N	N	N	N	0.0000	0.0000	0.0000	0.0000	0.0000	0.0000	0.0000	0.0000	0.0000	0.0000	0.0000	0.0000	0.0000	0.0000	0.0000	0.0000	0.0000	0.0000	0.0001	0.0000	0.0001	0.0000	0.0000	0.0000	0.0001	0.0000	0.0001		inf	0.0000	0.0000	0.0004	3.2642	1.0134	1.0338	0.0000	0.0000	0.0000	0.0000	0.0000	0.0000	0.0000	0.0000	0.0000	0.0000	0.0000	0.0000	0.0000	0.0000	0.0000	0.0000	0.0000	0.0000	0.0001	0.0001	0.0000	0.0000	0.0000	0.0000	0.0001	0.0000	0.0000	0.0122	0.0043	0.0079	0.0012	0.0009	0.0002	0.0110	0.0034	0.0077
10	13	0.0178	4	2	0	1	1	0	0	0	1	1	0	2	1	0	0	0	0	0	0	Y	N	N	N	Y	N	N	N	N	N	N	N	N	N	N	N	N	N	0.0000	0.0000	0.0000	0.0000	0.0000	0.0000	0.0000	0.0000	0.0000	0.0000	0.0000	0.0000	0.0000	0.0000	0.0000	0.0000	0.0000	0.0000	0.0006	0.0016	0.0000	0.0429	0.0429	0.0000	0.0000	0.0000	0.0000		0.0000	0.0000	-0.0000	0.0004	2.0000	1.0134	4.0000	0.0000	0.0000	0.0000	0.0000	0.0000	0.0000	0.0000	0.0000	0.0000	0.0000	0.0000	0.0000	0.0000	0.0000	0.0000	0.0000	0.0000	0.0000	0.0000	0.0000	0.0000	0.0000	0.0000	0.0000	0.0000	0.0000	0.0000	0.0181	0.0061	0.0120	0.0002	0.0002	0.0000	0.0179	0.0058	0.0120
10	14	0.1003	15	2	0	1	1	1	0	1	1	0	0	1	1	0	0	0	0	0	0	Y	N	N	N	N	N	N	N	N	N	N	N	N	N	N	N	N	N	0.0000	0.0000	0.0000	0.0000	0.0000	0.0000	0.0000	0.0000	0.0000	0.0000	0.0000	0.0000	0.0000	0.0000	0.0000	0.0000	0.0000	0.0000	0.0000	0.0000	0.0000	0.0000	0.0000	0.0000	0.0000	0.0000	0.0000			0.0000	0.0000	0.0004	1.0016	1.0134	1.0007	0.0000	0.0000	0.0000	0.0000	0.0000	0.0000	0.0000	0.0000	0.0000	0.0000	0.0000	0.0000	0.0000	0.0000	0.0000	0.0000	0.0000	0.0000	0.0000	0.0000	0.0000	0.0000	0.0000	0.0000	0.0000	0.0000	0.0000	0.0057	0.0020	0.0037	0.0005	0.0004	0.0001	0.0052	0.0016	0.0036
10	15	0.0500	7	2	0	1	1	1	0	1	1	1	0	2	1	0	0	0	0	0	0	Y	N	N	N	Y	N	N	N	N	N	N	N	N	N	N	N	N	N	0.0000	0.0000	0.0000	0.0000	0.0000	0.0000	0.0000	0.0000	0.0000	0.0000	0.0000	0.0000	0.0000	0.0000	0.0000	0.0000	0.0000	0.0000	0.0001	0.0000	0.0001	0.0000	0.0000	0.0000	0.0001	0.0000	0.0001		inf	0.0000	0.0000	0.0004	4.1153	1.0134	3.8857	0.0000	0.0000	0.0000	0.0000	0.0000	0.0000	0.0000	0.0000	0.0000	0.0000	0.0000	0.0000	0.0000	0.0000	0.0000	0.0000	0.0000	0.0000	0.0001	0.0001	0.0000	0.0000	0.0000	0.0000	0.0001	0.0001	0.0000	0.0257	0.0095	0.0162	0.0032	0.0028	0.0004	0.0225	0.0067	0.0158
10	17	0.0237	8	2	0	0	2	0	0	0	2	0	0	2	2	0	0	0	0	0	0	Y	N	N	Y	Y	Y	N	N	N	N	N	N	N	N	N	N	N	N	0.0000	0.0000	0.0000	0.0000	0.0000	0.0000	0.0000	0.0000	0.0000	0.0000	0.0000	0.0000	0.0000	0.0000	0.0000	0.0000	0.0000	0.0000	0.0000	0.0000	0.0000	0.0000	0.0000	0.0000	0.0000	0.0000	0.0000			0.0000	0.0000	0.0004	3.0000	1.0134	2.0000	0.0000	0.0000	0.0000	0.0000	0.0000	0.0000	0.0000	0.0000	0.0000	0.0000	0.0000	0.0000	0.0000	0.0000	0.0000	0.0000	0.0000	0.0000	0.0001	0.0001	0.0000	0.0000	0.0000	0.0000	0.0000	0.0000	0.0000	0.0153	0.0051	0.0101	0.0003	0.0003	0.0000	0.0150	0.0049	0.0101
10	19	0.0237	6	2	0	0	2	0	0	0	2	0	1	2	2	0	0	0	0	0	0	Y	N	N	Y	Y	Y	N	N	N	N	N	N	N	N	N	N	N	N	0.0000	0.0000	0.0000	0.0000	0.0000	0.0000	0.0000	0.0000	0.0000	0.0000	0.0000	0.0000	0.0000	0.0000	0.0000	0.0000	0.0000	0.0000	0.0000	0.0000	0.0000	0.0000	0.0000	0.0000	0.0000	0.0000	0.0000			0.0000	0.0000	0.0004	0.0000	1.0134	1.0000	0.0000	0.0000	0.0000	0.0000	0.0000	0.0000	0.0000	0.0000	0.0000	0.0000	0.0000	0.0000	0.0000	0.0000	0.0000	0.0000	0.0000	0.0000	0.0000	0.0000	0.0000	0.0000	0.0000	0.0000	0.0000	0.0000	0.0000	0.0032	0.0011	0.0021	0.0001	0.0001	0.0000	0.0031	0.0010	0.0021
10	20	0.0178	5	2	0	0	1	0	0	0	1	1	1	2	2	0	0	0	0	0	0	Y	N	N	N	Y	Y	N	N	N	N	N	N	N	N	N	N	N	N	0.0000	0.0000	0.0000	0.0000	0.0000	0.0000	0.0000	0.0000	0.0000	0.0000	0.0000	0.0000	0.0000	0.0000	0.0000	0.0000	0.0000	0.0000	0.0000	0.0000	0.0000	0.0000	0.0000	0.0000	0.0000	0.0000	0.0000			0.0000	0.0000	0.0004	1.0000	1.0134	0.0000	0.0000	0.0000	0.0000	0.0000	0.0000	0.0000	0.0000	0.0000	0.0000	0.0000	0.0000	0.0000	0.0000	0.0000	0.0000	0.0000	0.0000	0.0000	0.0000	0.0000	0.0000	0.0000	0.0000	0.0000	0.0000	0.0000	0.0000	0.0032	0.0011	0.0021	0.0000	0.0000	0.0000	0.0031	0.0010	0.0021
10	21	0.0983	12	2	0	0	1	0	0	0	1	0	0	1	2	0	0	0	0	0	0	Y	N	N	N	N	Y	N	N	N	N	N	N	N	N	N	N	N	N	0.0000	0.0000	0.0000	0.0000	0.0000	0.0000	0.0000	0.0000	0.0000	0.0000	0.0000	0.0000	0.0000	0.0000	0.0000	0.0000	0.0000	0.0000	0.0000	0.0000	0.0000	0.0000	0.0000	0.0000	0.0000	0.0000	0.0000		inf	0.0000	0.0000	0.0004	3.8982	1.0134	3.1508	0.0000	0.0000	0.0000	0.0000	0.0000	0.0000	0.0000	0.0000	0.0000	0.0000	0.0000	0.0000	0.0000	0.0000	0.0000	0.0000	0.0000	0.0000	0.0001	0.0001	0.0000	0.0000	0.0000	0.0000	0.0001	0.0001	0.0000	0.0208	0.0085	0.0123	0.0028	0.0024	0.0004	0.0180	0.0061	0.0119
10	22	0.0178	3	2	0	1	2	0	0	0	2	0	0	2	2	0	0	0	0	0	0	Y	N	N	Y	Y	Y	N	N	N	N	N	N	N	N	N	N	N	N	0.0000	0.0000	0.0000	0.0000	0.0000	0.0000	0.0000	0.0000	0.0000	0.0000	0.0000	0.0000	0.0000	0.0000	0.0000	0.0000	0.0000	0.0000	0.0000	0.0000	0.0000	0.0000	0.0000	0.0000	0.0000	0.0000	0.0000			0.0000	0.0000	0.0004	0.0000	1.0134	0.0000	0.0000	0.0000	0.0000	0.0000	0.0000	0.0000	0.0000	0.0000	0.0000	0.0000	0.0000	0.0000	0.0000	0.0000	0.0000	0.0000	0.0000	0.0000	0.0000	0.0000	0.0000	0.0000	0.0000	0.0000	0.0000	0.0000	0.0000	0.0000	0.0000	0.0000	0.0000	0.0000	0.0000	0.0000	0.0000	0.0000
10	23	0.0178	3	2	0	1	1	0	0	0	1	0	0	2	2	0	0	0	0	0	0	Y	N	N	N	Y	Y	N	N	N	N	N	N	N	N	N	N	N	N	0.0000	0.0000	0.0000	0.0000	0.0000	0.0000	0.0000	0.0000	0.0000	0.0000	0.0000	0.0000	0.0000	0.0000	0.0000	0.0000	0.0000	0.0000	0.0000	0.0000	0.0000	0.0000	0.0000	0.0000	0.0000	0.0000	0.0000			0.0000	0.0000	0.0004	0.0000	1.0134	0.0000	0.0000	0.0000	0.0000	0.0000	0.0000	0.0000	0.0000	0.0000	0.0000	0.0000	0.0000	0.0000	0.0000	0.0000	0.0000	0.0000	0.0000	0.0000	0.0000	0.0000	0.0000	0.0000	0.0000	0.0000	0.0000	0.0000	0.0000	0.0000	0.0000	0.0000	0.0000	0.0000	0.0000	0.0000	0.0000	0.0000
10	24	0.0119	2	2	0	1	1	0	0	1	1	0	0	2	2	0	0	0	0	0	0	Y	N	N	N	Y	Y	N	N	N	N	N	N	N	N	N	N	N	N	0.0000	0.0000	0.0000	0.0000	0.0000	0.0000	0.0000	0.0000	0.0000	0.0000	0.0000	0.0000	0.0000	0.0000	0.0000	0.0000	0.0000	0.0000	0.0149	0.0433	0.0000	0.2502	0.2502	0.0000	0.0000	0.0000	0.0000		0.0000	0.0000	-0.0000	0.0004	0.0002	1.0134	1.0022	0.0000	0.0000	0.0000	0.0000	0.0000	0.0000	0.0000	0.0000	0.0000	0.0001	0.0001	0.0000	0.0001	0.0001	0.0000	0.0000	0.0000	0.0000	0.0000	0.0000	0.0000	0.0000	0.0000	0.0000	0.0000	0.0000	0.0000	0.0037	0.0013	0.0024	0.0002	0.0002	0.0000	0.0035	0.0011	0.0024
10	25	0.1451	11	2	0	1	1	0	0	0	1	0	0	2	1	0	0	0	0	0	0	Y	N	N	N	Y	N	N	N	N	N	N	N	N	N	N	N	N	N	0.0000	0.0000	0.0000	0.0000	0.0000	0.0000	0.0000	0.0000	0.0000	0.0000	0.0000	0.0000	0.0000	0.0000	0.0000	0.0000	0.0000	0.0000	0.0000	0.0000	0.0000	0.0000	0.0000	0.0000	0.0000	0.0000	0.0000			0.0000	0.0000	0.0004	1.1515	1.0134	1.0047	0.0000	0.0000	0.0000	0.0000	0.0000	0.0000	0.0000	0.0000	0.0000	0.0000	0.0000	0.0000	0.0000	0.0000	0.0000	0.0000	0.0000	0.0000	0.0000	0.0000	0.0000	0.0000	0.0000	0.0000	0.0000	0.0000	0.0000	0.0063	0.0025	0.0039	0.0012	0.0009	0.0002	0.0051	0.0015	0.0036
10	26	0.0537	8	2	0	1	1	1	0	1	1	1	0	2	1	0	0	0	0	0	0	Y	N	N	N	Y	N	N	N	N	N	N	N	N	N	N	N	N	N	0.0000	0.0000	0.0000	0.0000	0.0000	0.0000	0.0000	0.0000	0.0000	0.0000	0.0000	0.0000	0.0000	0.0000	0.0000	0.0000	0.0000	0.0000	0.0000	0.0000	0.0000	0.0000	0.0000	0.0000	0.0000	0.0000	0.0000		inf	0.0000	0.0000	0.0004	8.9852	1.0134	5.9578	0.0000	0.0000	0.0000	0.0000	0.0000	0.0000	0.0000	0.0000	0.0000	0.0000	0.0000	0.0000	0.0000	0.0000	0.0000	0.0000	0.0000	0.0000	0.0002	0.0002	0.0000	0.0001	0.0001	0.0000	0.0001	0.0001	0.0000	0.0395	0.0142	0.0253	0.0010	0.0009	0.0000	0.0385	0.0133	0.0252
10	27	0.0178	5	2	0	1	1	0	0	1	1	0	0	1	1	0	0	0	0	0	0	Y	N	N	N	N	N	N	N	N	N	N	N	N	N	N	N	N	N	0.0000	0.0000	0.0000	0.0000	0.0000	0.0000	0.0000	0.0000	0.0000	0.0000	0.0000	0.0000	0.0000	0.0000	0.0000	0.0000	0.0000	0.0000	0.0000	0.0000	0.0000	0.0000	0.0000	0.0000	0.0000	0.0000	0.0000			0.0000	0.0000	0.0004	0.0000	1.0134	2.0000	0.0000	0.0000	0.0000	0.0000	0.0000	0.0000	0.0000	0.0000	0.0000	0.0000	0.0000	0.0000	0.0000	0.0000	0.0000	0.0000	0.0000	0.0000	0.0000	0.0000	0.0000	0.0000	0.0000	0.0000	0.0000	0.0000	0.0000	0.0063	0.0021	0.0042	0.0001	0.0001	0.0000	0.0062	0.0020	0.0042
10	28	0.0178	4	2	0	0	1	0	0	0	1	0	0	1	1	0	0	0	0	0	0	Y	N	N	N	N	N	N	N	N	N	N	N	N	N	N	N	N	N	0.0000	0.0000	0.0000	0.0000	0.0000	0.0000	0.0000	0.0000	0.0000	0.0000	0.0000	0.0000	0.0000	0.0000	0.0000	0.0000	0.0000	0.0000	0.0000	0.0000	0.0000	0.0000	0.0000	0.0000	0.0000	0.0000	0.0000			0.0000	0.0000	0.0004	0.0000	1.0134	0.0000	0.0000	0.0000	0.0000	0.0000	0.0000	0.0000	0.0000	0.0000	0.0000	0.0000	0.0000	0.0000	0.0000	0.0000	0.0000	0.0000	0.0000	0.0000	0.0000	0.0000	0.0000	0.0000	0.0000	0.0000	0.0000	0.0000	0.0000	0.0000	0.0000	0.0000	0.0000	0.0000	0.0000	0.0000	0.0000	0.0000
10	29	0.0983	12	2	0	0	1	0	0	0	1	0	0	1	2	0	0	0	0	0	0	Y	N	N	N	N	Y	N	N	N	N	N	N	N	N	N	N	N	N	0.0000	0.0000	0.0000	0.0000	0.0000	0.0000	0.0000	0.0000	0.0000	0.0000	0.0000	0.0000	0.0000	0.0000	0.0000	0.0000	0.0000	0.0000	0.0000	0.0000	0.0001	0.0000	0.0000	0.0000	0.0000	0.0000	0.0001		inf	0.0000	0.0000	0.0004	1.1083	1.0134	2.8540	0.0000	0.0000	0.0000	0.0000	0.0000	0.0000	0.0000	0.0000	0.0000	0.0000	0.0000	0.0000	0.0000	0.0000	0.0000	0.0000	0.0000	0.0000	0.0000	0.0000	0.0000	0.0000	0.0000	0.0000	0.0000	0.0000	0.0000	0.0131	0.0058	0.0073	0.0021	0.0019	0.0002	0.0110	0.0039	0.0071
10	30	0.0922	11	2	0	0	1	1	0	0	1	0	1	1	2	0	0	0	0	0	0	Y	N	N	N	N	Y	N	N	N	N	N	N	N	N	N	N	N	N	0.0000	0.0000	0.0000	0.0000	0.0000	0.0000	0.0000	0.0000	0.0000	0.0000	0.0000	0.0000	0.0000	0.0000	0.0000	0.0000	0.0000	0.0000	0.0001	0.0001	0.0001	0.0003	0.0004	0.0000	0.0001	0.0000	0.0001		0.6667	0.0000	-0.0000	0.0004	1.1867	1.0134	0.2815	0.0000	0.0000	0.0000	0.0000	0.0000	0.0000	0.0000	0.0000	0.0000	0.0000	0.0000	0.0000	0.0000	0.0000	0.0000	0.0000	0.0000	0.0000	0.0000	0.0000	0.0000	0.0000	0.0000	0.0000	0.0000	0.0000	0.0000	0.0063	0.0034	0.0029	0.0014	0.0014	0.0001	0.0048	0.0020	0.0028
10	32	0.0542	8	2	0	0	1	0	0	0	1	0	0	1	1	0	0	0	0	0	0	Y	N	N	N	N	N	N	N	N	N	N	N	N	N	N	N	N	N	0.0000	0.0000	0.0000	0.0000	0.0000	0.0000	0.0000	0.0000	0.0000	0.0000	0.0000	0.0000	0.0000	0.0000	0.0000	0.0000	0.0000	0.0000	0.0000	0.0000	0.0001	0.0000	0.0000	0.0000	0.0000	0.0000	0.0001		inf	-0.0000	0.0000	0.0004	4.0243	1.0134	4.9679	0.0000	0.0000	0.0000	0.0000	0.0000	0.0000	0.0000	0.0000	0.0000	0.0000	0.0000	0.0000	0.0000	0.0000	0.0000	0.0000	0.0000	0.0000	0.0001	0.0001	0.0000	0.0000	0.0000	0.0000	0.0001	0.0001	0.0000	0.0251	0.0095	0.0156	0.0009	0.0009	0.0000	0.0242	0.0086	0.0156
10	34	0.0542	8	2	0	1	1	0	0	1	1	0	0	1	1	0	0	0	0	0	0	Y	N	N	N	N	N	N	N	N	N	N	N	N	N	N	N	N	N	0.0000	0.0000	0.0000	0.0000	0.0000	0.0000	0.0000	0.0000	0.0000	0.0000	0.0000	0.0000	0.0000	0.0000	0.0000	0.0000	0.0000	0.0000	0.0001	0.0000	0.0001	0.0000	0.0000	0.0000	0.0001	0.0000	0.0001		inf	0.0000	0.0000	0.0004	3.0233	1.0134	2.0370	0.0000	0.0000	0.0000	0.0000	0.0000	0.0000	0.0000	0.0000	0.0000	0.0000	0.0000	0.0000	0.0000	0.0000	0.0000	0.0000	0.0000	0.0000	0.0001	0.0001	0.0000	0.0000	0.0000	0.0000	0.0000	0.0000	0.0000	0.0153	0.0060	0.0092	0.0008	0.0007	0.0000	0.0145	0.0053	0.0092
10	35	0.0478	7	2	0	0	1	1	0	0	1	0	0	1	1	0	0	0	0	0	0	Y	N	N	N	N	N	N	N	N	N	N	N	N	N	N	N	N	N	0.0000	0.0000	0.0000	0.0000	0.0000	0.0000	0.0000	0.0000	0.0000	0.0000	0.0000	0.0000	0.0000	0.0000	0.0000	0.0000	0.0000	0.0000	0.0002	0.0004	0.0001	0.0018	0.0018	0.0000	0.0000	0.0000	0.0001		0.1982	-0.0000	-0.0000	0.0004	1.0742	1.0134	0.1055	0.0000	0.0000	0.0000	0.0000	0.0000	0.0000	0.0000	0.0000	0.0000	0.0000	0.0000	0.0000	0.0000	0.0000	0.0000	0.0000	0.0000	0.0000	0.0000	0.0000	0.0000	0.0000	0.0000	0.0000	0.0000	0.0000	0.0000	0.0044	0.0020	0.0024	0.0005	0.0005	0.0000	0.0039	0.0016	0.0023
10	36	0.0237	8	2	0	0	1	0	0	0	1	0	0	2	2	0	0	0	0	0	0	Y	N	N	N	Y	Y	N	N	N	N	N	N	N	N	N	N	N	N	inf	0.0000	inf	0.0000	0.0000	0.0000	inf	0.0000	inf	4.7034	0.0000	57.4845	0.0000	0.0000	0.0000	6.9948	0.0000	57.9833	0.0000	0.0000	0.0000	0.0000	0.0000	0.0000	0.0000	0.0000	0.0000	inf		0.0002	0.0000	0.0004	3.0000	1.0134	5.0000	0.0003	0.0000	0.0003	0.0000	0.0000	0.0000	0.0003	0.0000	0.0003	0.0000	0.0000	0.0000	0.0000	0.0000	0.0000	0.0000	0.0000	0.0000	0.0001	0.0001	0.0000	0.0000	0.0000	0.0000	0.0000	0.0000	0.0000	0.0237	0.0080	0.0157	0.0004	0.0004	0.0000	0.0233	0.0076	0.0157
10	37	0.0237	7	2	0	0	1	0	0	0	1	0	1	2	2	0	0	0	0	0	0	Y	N	N	N	Y	Y	N	N	N	N	N	N	N	N	N	N	N	N	0.0000	0.0000	0.0000	0.0000	0.0000	0.0000	0.0000	0.0000	0.0000	0.0000	0.0000	0.0000	0.0000	0.0000	0.0000	0.0000	0.0000	0.0000	0.0000	0.0000	0.0000	0.0000	0.0000	0.0000	0.0000	0.0000	0.0000			0.0000	0.0000	0.0004	0.0000	1.0134	0.0000	0.0000	0.0000	0.0000	0.0000	0.0000	0.0000	0.0000	0.0000	0.0000	0.0000	0.0000	0.0000	0.0000	0.0000	0.0000	0.0000	0.0000	0.0000	0.0000	0.0000	0.0000	0.0000	0.0000	0.0000	0.0000	0.0000	0.0000	0.0000	0.0000	0.0000	0.0000	0.0000	0.0000	0.0000	0.0000	0.0000
10	38	0.0237	6	2	0	0	1	0	0	0	1	0	0	2	1	0	0	0	0	0	0	Y	N	N	N	Y	N	N	N	N	N	N	N	N	N	N	N	N	N	0.0000	0.0000	0.0000	0.0000	0.0000	0.0000	0.0000	0.0000	0.0000	0.0000	0.0000	0.0000	0.0000	0.0000	0.0000	0.0000	0.0000	0.0000	0.0000	0.0000	0.0000	0.0000	0.0000	0.0000	0.0000	0.0000	0.0000			0.0000	0.0000	0.0004	0.0000	1.0134	0.0000	0.0000	0.0000	0.0000	0.0000	0.0000	0.0000	0.0000	0.0000	0.0000	0.0000	0.0000	0.0000	0.0000	0.0000	0.0000	0.0000	0.0000	0.0000	0.0000	0.0000	0.0000	0.0000	0.0000	0.0000	0.0000	0.0000	0.0000	0.0000	0.0000	0.0000	0.0000	0.0000	0.0000	0.0000	0.0000	0.0000
10	39	0.0178	5	2	0	0	1	0	0	0	1	1	0	2	1	0	0	0	0	0	0	Y	N	N	N	Y	N	N	N	N	N	N	N	N	N	N	N	N	N	0.0000	0.0000	0.0000	0.0000	0.0000	0.0000	0.0000	0.0000	0.0000	0.0000	0.0000	0.0000	0.0000	0.0000	0.0000	0.0000	0.0000	0.0000	0.0000	0.0000	0.0000	0.0000	0.0000	0.0000	0.0000	0.0000	0.0000			0.0000	0.0000	0.0004	0.0000	1.0134	1.0000	0.0000	0.0000	0.0000	0.0000	0.0000	0.0000	0.0000	0.0000	0.0000	0.0000	0.0000	0.0000	0.0000	0.0000	0.0000	0.0000	0.0000	0.0000	0.0000	0.0000	0.0000	0.0000	0.0000	0.0000	0.0000	0.0000	0.0000	0.0032	0.0011	0.0021	0.0000	0.0000	0.0000	0.0031	0.0010	0.0021
10	40	0.1031	12	2	0	1	1	0	0	1	1	0	0	1	1	0	0	0	0	0	0	Y	N	N	N	N	N	N	N	N	N	N	N	N	N	N	N	N	N	11516.0654	0.0000	93859.0814	inf	0.0000	inf	16640.5108	0.0000	94107.8681	1.6828	0.0000	21.3582	0.0002	0.0000	0.0342	2.6876	0.0000	22.0454	0.0001	0.0000	0.0002	0.0000	0.0000	0.0000	0.0002	0.0000	0.0002	inf	inf	0.0002	0.0000	0.0004	9.0556	1.0134	5.2001	0.0003	0.0000	0.0003	0.0000	0.0000	0.0000	0.0003	0.0000	0.0003	0.0000	0.0000	0.0000	0.0000	0.0000	0.0000	0.0000	0.0000	0.0000	0.0002	0.0002	0.0000	0.0001	0.0001	0.0000	0.0001	0.0001	0.0000	0.0362	0.0130	0.0232	0.0034	0.0028	0.0007	0.0328	0.0102	0.0226
10	41	0.0883	11	2	0	0	1	1	0	0	1	0	0	1	1	0	0	0	0	0	0	Y	N	N	N	N	N	N	N	N	N	N	N	N	N	N	N	N	N	11.8896	0.2883	3177.8144	0.0000	0.0000	0.0000	584.6030	inf	3173.1769	0.0110	0.0008	0.1312	0.0000	0.0000	0.0000	0.0174	0.0013	0.1351	0.0009	0.0026	0.0000	0.0103	0.0133	0.0000	0.0000	0.0000	0.0000	14.8000	0.0303	0.0000	-0.0000	0.0004	1.0068	1.0134	1.0688	0.0000	0.0000	0.0000	0.0000	0.0000	0.0000	0.0000	0.0000	0.0000	0.0000	0.0000	0.0000	0.0000	0.0000	0.0000	0.0000	0.0000	0.0000	0.0000	0.0000	0.0000	0.0000	0.0000	0.0000	0.0000	0.0000	0.0000	0.0059	0.0020	0.0039	0.0005	0.0004	0.0001	0.0054	0.0016	0.0038
10	42	0.1003	15	1	0	0	1	0	0	0	1	0	1	1	2	0	0	0	0	0	0	N	N	N	N	N	Y	N	N	N	N	N	N	N	N	N	N	N	N	0.0000	0.0000	0.0000	0.0000	0.0000	0.0000	0.0000	0.0000	0.0000	0.0000	0.0000	0.0000	0.0000	0.0000	0.0000	0.0000	0.0000	0.0000	0.0000	0.0000	0.0000	0.0000	0.0000	0.0000	0.0000	0.0000	0.0000			0.0000	0.0000	0.0004	0.9984	1.0134	0.0033	0.0000	0.0000	0.0000	0.0000	0.0000	0.0000	0.0000	0.0000	0.0000	0.0000	0.0000	0.0000	0.0000	0.0000	0.0000	0.0000	0.0000	0.0000	0.0000	0.0000	0.0000	0.0000	0.0000	0.0000	0.0000	0.0000	0.0000	0.0029	0.0010	0.0019	0.0003	0.0002	0.0001	0.0026	0.0008	0.0018
10	45	0.0119	2	2	0	0	2	0	0	0	2	0	0	2	2	0	0	0	0	0	0	Y	N	N	Y	Y	Y	N	N	N	N	N	N	N	N	N	N	N	N	0.0000	0.0000	0.0000	0.0000	0.0000	0.0000	0.0000	0.0000	0.0000	0.0000	0.0000	0.0000	0.0000	0.0000	0.0000	0.0000	0.0000	0.0000	0.0149	0.0432	0.0000	0.2499	0.2499	0.0000	0.0000	0.0000	0.0000		0.0000	0.0000	-0.0000	0.0004	0.9998	1.0134	0.0048	0.0000	0.0000	0.0000	0.0000	0.0000	0.0000	0.0000	0.0000	0.0000	0.0001	0.0001	0.0000	0.0001	0.0001	0.0000	0.0000	0.0000	0.0000	0.0000	0.0000	0.0000	0.0000	0.0000	0.0000	0.0000	0.0000	0.0000	0.0037	0.0013	0.0024	0.0002	0.0002	0.0000	0.0035	0.0011	0.0024
10	50	0.0959	11	2	0	1	1	0	0	0	1	0	0	1	1	0	0	0	0	0	0	Y	N	N	N	N	N	N	N	N	N	N	N	N	N	N	N	N	N	0.0000	0.0000	0.0000	0.0000	0.0000	0.0000	0.0000	0.0000	0.0000	0.0000	0.0000	0.0000	0.0000	0.0000	0.0000	0.0000	0.0000	0.0000	0.0000	0.0000	0.0001	0.0000	0.0000	0.0000	0.0000	0.0000	0.0001		inf	0.0000	0.0000	0.0004	3.0380	1.0134	0.0352	0.0000	0.0000	0.0000	0.0000	0.0000	0.0000	0.0000	0.0000	0.0000	0.0000	0.0000	0.0000	0.0000	0.0000	0.0000	0.0000	0.0000	0.0000	0.0001	0.0001	0.0000	0.0000	0.0000	0.0000	0.0000	0.0000	0.0000	0.0090	0.0034	0.0057	0.0012	0.0010	0.0002	0.0078	0.0023	0.0055
10	51	0.0818	10	2	0	1	1	1	0	1	1	0	0	1	1	0	0	0	0	0	0	Y	N	N	N	N	N	N	N	N	N	N	N	N	N	N	N	N	N	0.0000	0.0000	0.0000	0.0000	0.0000	0.0000	0.0000	0.0000	0.0000	0.0000	0.0000	0.0000	0.0000	0.0000	0.0000	0.0000	0.0000	0.0000	0.0001	0.0001	0.0000	0.0003	0.0003	0.0000	0.0000	0.0000	0.0000		0.4991	0.0000	-0.0000	0.0004	1.0494	1.0134	1.5573	0.0000	0.0000	0.0000	0.0000	0.0000	0.0000	0.0000	0.0000	0.0000	0.0000	0.0000	0.0000	0.0000	0.0000	0.0000	0.0000	0.0000	0.0000	0.0000	0.0000	0.0000	0.0000	0.0000	0.0000	0.0000	0.0000	0.0000	0.0085	0.0032	0.0053	0.0013	0.0011	0.0001	0.0073	0.0021	0.0052
10	54	0.0178	4	2	0	1	1	0	0	0	1	0	0	1	1	0	0	0	0	0	0	Y	N	N	N	N	N	N	N	N	N	N	N	N	N	N	N	N	N	0.0000	0.0000	0.0000	0.0000	0.0000	0.0000	0.0000	0.0000	0.0000	0.0000	0.0000	0.0000	0.0000	0.0000	0.0000	0.0000	0.0000	0.0000	0.0000	0.0000	0.0000	0.0000	0.0000	0.0000	0.0000	0.0000	0.0000			0.0000	0.0000	0.0004	4.0000	1.0134	4.0000	0.0000	0.0000	0.0000	0.0000	0.0000	0.0000	0.0000	0.0000	0.0000	0.0000	0.0000	0.0000	0.0000	0.0000	0.0000	0.0000	0.0000	0.0000	0.0001	0.0001	0.0000	0.0000	0.0000	0.0000	0.0001	0.0001	0.0000	0.0236	0.0079	0.0157	0.0003	0.0003	0.0000	0.0233	0.0076	0.0157
10	55	0.0178	3	2	0	1	1	0	0	1	1	0	0	1	1	0	0	0	0	0	0	Y	N	N	N	N	N	N	N	N	N	N	N	N	N	N	N	N	N	0.0000	0.0000	0.0000	0.0000	0.0000	0.0000	0.0000	0.0000	0.0000	0.0000	0.0000	0.0000	0.0000	0.0000	0.0000	0.0000	0.0000	0.0000	0.0000	0.0000	0.0000	0.0000	0.0000	0.0000	0.0000	0.0000	0.0000			0.0000	-0.0000	0.0004	0.0000	1.0134	0.0000	0.0000	0.0000	0.0000	0.0000	0.0000	0.0000	0.0000	0.0000	0.0000	0.0000	0.0000	0.0000	0.0000	0.0000	0.0000	0.0000	0.0000	0.0000	0.0000	0.0000	0.0000	0.0000	0.0000	0.0000	0.0000	0.0000	0.0000	0.0000	0.0000	0.0000	0.0000	0.0000	0.0000	0.0000	0.0000	0.0000
10	60	0.0969	10	1	0	1	1	0	0	1	1	1	0	2	1	0	0	0	0	0	0	N	N	N	N	Y	N	N	N	N	N	N	N	N	N	N	N	N	N	0.0000	0.0000	0.0000	0.0000	0.0000	0.0000	0.0000	0.0000	0.0000	0.0000	0.0000	0.0000	0.0000	0.0000	0.0000	0.0000	0.0000	0.0000	0.0000	0.0000	0.0000	0.0000	0.0000	0.0000	0.0000	0.0000	0.0000			0.0000	0.0000	0.0004	2.0000	1.0134	1.0000	0.0000	0.0000	0.0000	0.0000	0.0000	0.0000	0.0000	0.0000	0.0000	0.0000	0.0000	0.0000	0.0000	0.0000	0.0000	0.0000	0.0000	0.0000	0.0000	0.0000	0.0000	0.0000	0.0000	0.0000	0.0000	0.0000	0.0000	0.0087	0.0031	0.0056	0.0009	0.0008	0.0002	0.0078	0.0023	0.0055
10	65	0.0969	12	2	0	1	1	1	0	1	1	0	0	1	1	0	0	0	0	0	0	Y	N	N	N	N	N	N	N	N	N	N	N	N	N	N	N	N	N	0.0000	0.0000	0.0000	0.0000	0.0000	0.0000	0.0000	0.0000	0.0000	0.0000	0.0000	0.0000	0.0000	0.0000	0.0000	0.0000	0.0000	0.0000	0.0000	0.0000	0.0000	0.0000	0.0000	0.0000	0.0000	0.0000	0.0000			0.0000	0.0000	0.0004	2.0000	1.0134	2.0000	0.0000	0.0000	0.0000	0.0000	0.0000	0.0000	0.0000	0.0000	0.0000	0.0000	0.0000	0.0000	0.0000	0.0000	0.0000	0.0000	0.0000	0.0000	0.0000	0.0000	0.0000	0.0000	0.0000	0.0000	0.0000	0.0000	0.0000	0.0115	0.0040	0.0074	0.0012	0.0010	0.0002	0.0102	0.0030	0.0072
10	66	0.1032	13	1	0	0	1	0	0	0	1	0	1	1	2	0	0	0	0	0	0	N	N	N	N	N	Y	N	N	N	N	N	N	N	N	N	N	N	N	0.0000	0.0000	0.0000	0.0000	0.0000	0.0000	0.0000	0.0000	0.0000	0.0000	0.0000	0.0000	0.0000	0.0000	0.0000	0.0000	0.0000	0.0000	0.0007	0.0018	0.0000	0.0030	0.0032	0.0000	0.0000	0.0000	0.0000		0.0207	0.0000	-0.0000	0.0004	2.0073	1.0134	0.7728	0.0000	0.0000	0.0000	0.0000	0.0000	0.0000	0.0000	0.0000	0.0000	0.0000	0.0000	0.0000	0.0000	0.0000	0.0000	0.0000	0.0000	0.0000	0.0000	0.0000	0.0000	0.0000	0.0000	0.0000	0.0000	0.0000	0.0000	0.0110	0.0044	0.0066	0.0026	0.0024	0.0002	0.0084	0.0020	0.0064
10	67	0.1153	14	1	0	0	1	0	0	0	1	0	1	1	2	0	0	0	0	0	0	N	N	N	N	N	Y	N	N	N	N	N	N	N	N	N	N	N	N	0.0000	0.0000	0.0000	0.0000	0.0000	0.0000	0.0000	0.0000	0.0000	0.0000	0.0000	0.0000	0.0000	0.0000	0.0000	0.0000	0.0000	0.0000	0.0007	0.0018	0.0000	0.0030	0.0033	0.0000	0.0000	0.0000	0.0000		0.0207	0.0000	-0.0000	0.0004	0.9402	1.0134	1.7770	0.0000	0.0000	0.0000	0.0000	0.0000	0.0000	0.0000	0.0000	0.0000	0.0000	0.0000	0.0000	0.0000	0.0000	0.0000	0.0000	0.0000	0.0000	0.0000	0.0000	0.0000	0.0000	0.0000	0.0000	0.0000	0.0000	0.0000	0.0108	0.0044	0.0064	0.0025	0.0024	0.0002	0.0082	0.0020	0.0062
10	73	0.1451	11	2	0	1	1	0	0	0	1	0	0	2	1	0	0	0	0	0	0	Y	N	N	N	Y	N	N	N	N	N	N	N	N	N	N	N	N	N	0.0000	0.0000	0.0000	0.0000	0.0000	0.0000	0.0000	0.0000	0.0000	0.0000	0.0000	0.0000	0.0000	0.0000	0.0000	0.0000	0.0000	0.0000	0.0000	0.0000	0.0000	0.0000	0.0000	0.0000	0.0000	0.0000	0.0000			0.0000	0.0000	0.0004	0.0000	1.0134	0.0000	0.0000	0.0000	0.0000	0.0000	0.0000	0.0000	0.0000	0.0000	0.0000	0.0000	0.0000	0.0000	0.0000	0.0000	0.0000	0.0000	0.0000	0.0000	0.0000	0.0000	0.0000	0.0000	0.0000	0.0000	0.0000	0.0000	0.0000	0.0001	0.0000	0.0000	0.0000	0.0000	0.0000	0.0000	0.0000	0.0000
10	74	0.0729	10	2	0	1	1	0	0	0	1	1	0	2	1	0	0	0	0	0	0	Y	N	N	N	Y	N	N	N	N	N	N	N	N	N	N	N	N	N	72551.7168	inf	0.0000	0.0000	0.0000	0.0000	104348.4162	inf	0.0000	3.7324	4.0554	0.0000	0.0000	0.0000	0.0000	5.7999	6.5853	0.0000	0.0001	0.0000	0.0001	0.0000	0.0000	0.0000	0.0001	0.0000	0.0001	0.0000	inf	-0.0001	0.0000	0.0004	3.8563	1.0134	5.9737	0.0003	0.0003	0.0000	0.0000	0.0000	0.0000	0.0003	0.0003	0.0000	0.0000	0.0000	0.0000	0.0000	0.0000	0.0000	0.0000	0.0000	0.0000	0.0001	0.0001	0.0000	0.0000	0.0000	0.0000	0.0001	0.0001	0.0000	0.0281	0.0105	0.0176	0.0021	0.0018	0.0003	0.0260	0.0087	0.0173
10	75	0.0729	10	2	0	1	1	0	0	0	1	0	0	1	1	0	0	0	0	0	0	Y	N	N	N	N	N	N	N	N	N	N	N	N	N	N	N	N	N	10.2594	inf	0.0000	inf	inf	0.0000	0.0000	0.0000	0.0000	0.0007	0.0008	0.0000	0.0020	0.0020	0.0000	0.0000	0.0000	0.0000	0.0001	0.0000	0.0001	0.0000	0.0000	0.0000	0.0001	0.0000	0.0001	0.0000	inf	-0.0000	0.0000	0.0004	4.9966	1.0134	2.0573	0.0000	0.0000	0.0000	0.0000	0.0000	0.0000	0.0000	0.0000	0.0000	0.0000	0.0000	0.0000	0.0000	0.0000	0.0000	0.0000	0.0000	0.0000	0.0001	0.0001	0.0000	0.0000	0.0000	0.0000	0.0001	0.0001	0.0000	0.0210	0.0080	0.0130	0.0017	0.0015	0.0002	0.0193	0.0065	0.0128
10	76	0.0674	9	2	0	1	1	1	0	1	1	0	0	1	1	0	0	0	0	0	0	Y	N	N	N	N	N	N	N	N	N	N	N	N	N	N	N	N	N	486.7262	359.3199	0.0000	0.0000	0.0000	0.0000	2624.6699	inf	0.0000	0.1953	0.2161	0.0000	0.0000	0.0000	0.0000	0.3191	0.3776	0.0000	0.0004	0.0006	0.0002	0.0017	0.0017	0.0000	0.0001	0.0000	0.0002	0.0000	0.3334	-0.0000	-0.0000	0.0004	0.0131	1.0134	1.0784	0.0000	0.0000	0.0000	0.0000	0.0000	0.0000	0.0000	0.0000	0.0000	0.0000	0.0000	0.0000	0.0000	0.0000	0.0000	0.0000	0.0000	0.0000	0.0000	0.0000	0.0000	0.0000	0.0000	0.0000	0.0000	0.0000	0.0000	0.0048	0.0024	0.0024	0.0008	0.0008	0.0000	0.0040	0.0016	0.0024
11	17	0.1130	13	2	0	1	1	1	0	1	1	0	0	1	1	0	0	0	0	0	0	Y	N	N	N	N	N	N	N	N	N	N	N	N	N	N	N	N	N	0.0000	0.0000	0.0000	0.0000	0.0000	0.0000	0.0000	0.0000	0.0000	0.0000	0.0000	0.0000	0.0000	0.0000	0.0000	0.0000	0.0000	0.0000	0.0000	0.0000	0.0000	0.0000	0.0000	0.0000	0.0000	0.0000	0.0000			0.0000	0.0000	4.0002	3.0000	1.0000	2.0000	0.0000	0.0000	0.0000	0.0000	0.0000	0.0000	0.0000	0.0000	0.0000	0.0000	0.0000	0.0000	0.0000	0.0000	0.0000	0.0000	0.0000	0.0000	0.2440	0.2146	0.0294	0.0220	0.0210	0.0010	0.2220	0.1936	0.0284	0.0638	0.0219	0.0419	0.0051	0.0037	0.0014	0.0587	0.0182	0.0406
11	19	0.1130	11	2	0	1	1	1	0	1	1	0	1	1	1	0	0	0	0	0	0	Y	N	N	N	N	N	N	N	N	N	N	N	N	N	N	N	N	N	0.0000	0.0000	0.0000	0.0000	0.0000	0.0000	0.0000	0.0000	0.0000	0.0000	0.0000	0.0000	0.0000	0.0000	0.0000	0.0000	0.0000	0.0000	0.0000	0.0000	0.0000	0.0000	0.0000	0.0000	0.0000	0.0000	0.0000			0.0000	0.0000	4.0002	0.0000	1.0000	1.0000	0.0000	0.0000	0.0000	0.0000	0.0000	0.0000	0.0000	0.0000	0.0000	0.0000	0.0000	0.0000	0.0000	0.0000	0.0000	0.0000	0.0000	0.0000	0.0000	0.0000	0.0000	0.0000	0.0000	0.0000	0.0000	0.0000	0.0000	0.0133	0.0045	0.0088	0.0011	0.0008	0.0003	0.0122	0.0038	0.0085
11	20	0.1071	12	2	0	1	0	1	0	1	0	1	1	1	1	0	0	0	0	0	0	Y	N	N	N	N	N	N	N	N	N	N	N	N	N	N	N	N	N	0.0000	0.0000	0.0000	0.0000	0.0000	0.0000	0.0000	0.0000	0.0000	0.0000	0.0000	0.0000	0.0000	0.0000	0.0000	0.0000	0.0000	0.0000	0.0000	0.0000	0.0000	0.0000	0.0000	0.0000	0.0000	0.0000	0.0000			0.0000	0.0000	4.0002	1.0000	1.0000	0.0000	0.0000	0.0000	0.0000	0.0000	0.0000	0.0000	0.0000	0.0000	0.0000	0.0000	0.0000	0.0000	0.0000	0.0000	0.0000	0.0000	0.0000	0.0000	0.0832	0.0731	0.0101	0.0075	0.0072	0.0003	0.0756	0.0659	0.0097	0.0132	0.0045	0.0088	0.0010	0.0007	0.0003	0.0123	0.0038	0.0085
11	21	0.0932	11	2	0	1	0	1	0	1	0	0	0	0	1	0	0	0	0	0	0	Y	N	N	N	N	N	N	N	N	N	N	N	N	N	N	N	N	N	0.0000	0.0000	0.0000	0.0000	0.0000	0.0000	0.0000	0.0000	0.0000	0.0000	0.0000	0.0000	0.0000	0.0000	0.0000	0.0000	0.0000	0.0000	0.0000	0.0000	0.0000	0.0000	0.0000	0.0000	0.0000	0.0000	0.0000			0.0000	0.0000	4.0002	3.8982	1.0000	3.1508	0.0000	0.0000	0.0000	0.0000	0.0000	0.0000	0.0000	0.0000	0.0000	0.0000	0.0000	0.0000	0.0000	0.0000	0.0000	0.0000	0.0000	0.0000	0.3188	0.2788	0.0400	0.0115	0.0110	0.0005	0.3072	0.2677	0.0395	0.1016	0.0397	0.0619	0.0068	0.0065	0.0003	0.0948	0.0333	0.0615
11	28	0.1071	11	2	0	1	0	1	0	1	0	0	0	0	0	0	0	0	0	0	0	Y	N	N	N	N	N	N	N	N	N	N	N	N	N	N	N	N	N	0.0000	0.0000	0.0000	0.0000	0.0000	0.0000	0.0000	0.0000	0.0000	0.0000	0.0000	0.0000	0.0000	0.0000	0.0000	0.0000	0.0000	0.0000	0.0000	0.0000	0.0000	0.0000	0.0000	0.0000	0.0000	0.0000	0.0000			0.0000	0.0000	4.0002	0.0000	1.0000	0.0000	0.0000	0.0000	0.0000	0.0000	0.0000	0.0000	0.0000	0.0000	0.0000	0.0000	0.0000	0.0000	0.0000	0.0000	0.0000	0.0000	0.0000	0.0000	0.0000	0.0000	0.0000	0.0000	0.0000	0.0000	0.0000	0.0000	0.0000	0.0000	0.0000	0.0000	0.0000	0.0000	0.0000	0.0000	0.0000	0.0000
11	29	0.0932	11	2	0	1	0	1	0	1	0	0	0	0	1	0	0	0	0	0	0	Y	N	N	N	N	N	N	N	N	N	N	N	N	N	N	N	N	N	0.0000	0.0000	0.0000	0.0000	0.0000	0.0000	0.0000	0.0000	0.0000	0.0000	0.0000	0.0000	0.0000	0.0000	0.0000	0.0000	0.0000	0.0000	0.0000	0.0000	0.0000	0.0000	0.0000	0.0000	0.0000	0.0000	0.0000			0.0000	0.0000	4.0002	1.1083	1.0000	2.8540	0.0000	0.0000	0.0000	0.0000	0.0000	0.0000	0.0000	0.0000	0.0000	0.0000	0.0000	0.0000	0.0000	0.0000	0.0000	0.0000	0.0000	0.0000	0.0992	0.0869	0.0123	0.0060	0.0059	0.0001	0.0932	0.0811	0.0122	0.0640	0.0273	0.0367	0.0063	0.0061	0.0002	0.0577	0.0212	0.0365
11	30	0.0871	10	2	0	1	0	2	0	1	0	0	1	0	1	0	0	0	0	0	0	Y	N	N	N	N	N	N	N	N	N	N	N	N	N	N	N	N	N	inf	inf	inf	inf	inf	inf	0.0000	0.0000	0.0000	0.0002	0.0002	0.0000	0.0035	0.0036	0.0000	0.0000	0.0000	0.0000	0.0000	0.0000	0.0000	0.0000	0.0000	0.0000	0.0000	0.0000	0.0000	0.0002		-0.0000	0.0000	4.0002	1.1867	1.0000	0.2815	0.0000	0.0000	0.0000	0.0000	0.0000	0.0000	0.0000	0.0000	0.0000	0.0000	0.0000	0.0000	0.0000	0.0000	0.0000	0.0000	0.0000	0.0000	0.1054	0.0923	0.0132	0.0057	0.0056	0.0001	0.0997	0.0867	0.0130	0.0305	0.0158	0.0147	0.0054	0.0053	0.0001	0.0251	0.0105	0.0146
11	32	0.1246	11	2	0	1	0	1	0	1	0	0	0	0	0	0	0	0	0	0	0	Y	N	N	N	N	N	N	N	N	N	N	N	N	N	N	N	N	N	inf	0.0000	inf	inf	0.0000	inf	inf	0.0000	inf	3.1608	0.0000	26.2887	0.0020	0.0000	0.0491	3.5543	0.0000	27.3107	0.0000	0.0000	0.0000	0.0000	0.0000	0.0000	0.0000	0.0000	0.0000	inf		0.5852	0.0000	4.0002	4.0243	1.0000	4.9679	0.9998	0.0000	0.9998	0.0001	0.0000	0.0001	0.9998	0.0000	0.9998	0.0000	0.0000	0.0000	0.0000	0.0000	0.0000	0.0000	0.0000	0.0000	0.3163	0.2783	0.0380	0.0350	0.0336	0.0014	0.2813	0.2447	0.0366	0.1091	0.0412	0.0678	0.0101	0.0078	0.0024	0.0989	0.0335	0.0654
11	35	0.1182	10	2	0	1	0	2	0	1	0	0	0	0	0	0	0	0	0	0	0	Y	N	N	N	N	N	N	N	N	N	N	N	N	N	N	N	N	N	inf	inf	inf	inf	inf	0.0000	inf	inf	inf	0.0024	0.0007	0.0159	0.0000	0.0000	0.0000	0.0028	0.0009	0.0165	0.0000	0.0000	0.0000	0.0000	0.0000	0.0000	0.0000	0.0000	0.0000	2.5714		0.0001	0.0000	4.0002	1.0742	1.0000	0.1055	0.0003	0.0001	0.0002	0.0000	0.0000	0.0000	0.0003	0.0001	0.0002	0.0000	0.0000	0.0000	0.0000	0.0000	0.0000	0.0000	0.0000	0.0000	0.1050	0.0937	0.0113	0.0171	0.0168	0.0004	0.0879	0.0769	0.0109	0.0193	0.0091	0.0102	0.0031	0.0027	0.0003	0.0163	0.0064	0.0099
11	36	0.1130	13	2	0	1	0	1	0	1	0	0	0	1	1	0	0	0	0	0	0	Y	N	N	N	N	N	N	N	N	N	N	N	N	N	N	N	N	N	0.0000	0.0000	0.0000	0.0000	0.0000	0.0000	0.0000	0.0000	0.0000	0.0000	0.0000	0.0000	0.0000	0.0000	0.0000	0.0000	0.0000	0.0000	0.0000	0.0000	0.0000	0.0000	0.0000	0.0000	0.0000	0.0000	0.0000			0.0000	0.0000	4.0002	3.0000	1.0000	5.0000	0.0000	0.0000	0.0000	0.0000	0.0000	0.0000	0.0000	0.0000	0.0000	0.0000	0.0000	0.0000	0.0000	0.0000	0.0000	0.0000	0.0000	0.0000	0.2440	0.2146	0.0294	0.0220	0.0210	0.0010	0.2220	0.1936	0.0284	0.0990	0.0340	0.0649	0.0079	0.0057	0.0021	0.0911	0.0283	0.0628
11	37	0.1130	12	2	0	1	0	1	0	1	0	0	1	1	1	0	0	0	0	0	0	Y	N	N	N	N	N	N	N	N	N	N	N	N	N	N	N	N	N	0.0000	0.0000	0.0000	0.0000	0.0000	0.0000	0.0000	0.0000	0.0000	0.0000	0.0000	0.0000	0.0000	0.0000	0.0000	0.0000	0.0000	0.0000	0.0000	0.0000	0.0000	0.0000	0.0000	0.0000	0.0000	0.0000	0.0000			0.0000	0.0000	4.0002	0.0000	1.0000	0.0000	0.0000	0.0000	0.0000	0.0000	0.0000	0.0000	0.0000	0.0000	0.0000	0.0000	0.0000	0.0000	0.0000	0.0000	0.0000	0.0000	0.0000	0.0000	0.0000	0.0000	0.0000	0.0000	0.0000	0.0000	0.0000	0.0000	0.0000	0.0000	0.0000	0.0000	0.0000	0.0000	0.0000	0.0000	0.0000	0.0000
11	38	0.1130	11	2	0	1	0	1	0	1	0	0	0	1	0	0	0	0	0	0	0	Y	N	N	N	N	N	N	N	N	N	N	N	N	N	N	N	N	N	0.0000	0.0000	0.0000	0.0000	0.0000	0.0000	0.0000	0.0000	0.0000	0.0000	0.0000	0.0000	0.0000	0.0000	0.0000	0.0000	0.0000	0.0000	0.0000	0.0000	0.0000	0.0000	0.0000	0.0000	0.0000	0.0000	0.0000			0.0000	0.0000	4.0002	0.0000	1.0000	0.0000	0.0000	0.0000	0.0000	0.0000	0.0000	0.0000	0.0000	0.0000	0.0000	0.0000	0.0000	0.0000	0.0000	0.0000	0.0000	0.0000	0.0000	0.0000	0.0000	0.0000	0.0000	0.0000	0.0000	0.0000	0.0000	0.0000	0.0000	0.0000	0.0000	0.0000	0.0000	0.0000	0.0000	0.0000	0.0000	0.0000
11	39	0.1071	10	2	0	1	0	1	0	1	0	1	0	1	0	0	0	0	0	0	0	Y	N	N	N	N	N	N	N	N	N	N	N	N	N	N	N	N	N	0.0000	0.0000	0.0000	0.0000	0.0000	0.0000	0.0000	0.0000	0.0000	0.0000	0.0000	0.0000	0.0000	0.0000	0.0000	0.0000	0.0000	0.0000	0.0000	0.0000	0.0000	0.0000	0.0000	0.0000	0.0000	0.0000	0.0000			0.0000	0.0000	4.0002	0.0000	1.0000	1.0000	0.0000	0.0000	0.0000	0.0000	0.0000	0.0000	0.0000	0.0000	0.0000	0.0000	0.0000	0.0000	0.0000	0.0000	0.0000	0.0000	0.0000	0.0000	0.0000	0.0000	0.0000	0.0000	0.0000	0.0000	0.0000	0.0000	0.0000	0.0132	0.0045	0.0088	0.0010	0.0007	0.0003	0.0123	0.0038	0.0085
11	41	0.0366	4	2	0	1	0	2	0	1	0	0	0	0	0	0	0	0	0	0	0	Y	N	N	N	N	N	N	N	N	N	N	N	N	N	N	N	N	N	0.0009	0.0004	0.0004	0.0000	0.0000	0.0000	0.0009	0.0004	0.0004	0.0068	0.0077	0.0009	0.0003	0.0003	0.0006	0.0069	0.0078	0.0009	7.4686	21.3128	2.2669	7.1607	6.7446	105.2303	7.4694	21.4439	2.2655	0.0180	0.2831	-0.0002	-0.0610	4.0002	1.0068	1.0000	1.0688	0.0006	0.0006	0.0000	0.0000	0.0000	0.0000	0.0006	0.0006	0.0000	0.2540	0.1979	0.0560	0.0006	0.0006	0.0000	0.2534	0.1974	0.0560	0.0839	0.0731	0.0108	0.0012	0.0011	0.0001	0.0827	0.0720	0.0107	0.0340	0.0093	0.0247	0.0001	0.0001	0.0000	0.0339	0.0092	0.0247
11	45	0.1249	15	2	0	1	1	1	0	1	1	0	0	1	1	0	0	0	0	0	0	Y	N	N	N	N	N	N	N	N	N	N	N	N	N	N	N	N	N	0.0000	0.0000	0.0000	0.0000	0.0000	0.0000	0.0000	0.0000	0.0000	0.0000	0.0000	0.0000	0.0000	0.0000	0.0000	0.0000	0.0000	0.0000	0.0000	0.0000	0.0000	0.0000	0.0000	0.0000	0.0000	0.0000	0.0000			0.0000	0.0000	4.0002	0.9998	1.0000	0.0048	0.0000	0.0000	0.0000	0.0000	0.0000	0.0000	0.0000	0.0000	0.0000	0.0000	0.0000	0.0000	0.0000	0.0000	0.0000	0.0000	0.0000	0.0000	0.0837	0.0737	0.0100	0.0102	0.0097	0.0005	0.0735	0.0640	0.0095	0.0135	0.0047	0.0088	0.0011	0.0008	0.0003	0.0123	0.0038	0.0085
11	46	0.1189	14	2	0	1	0	1	0	1	0	0	0	1	1	0	0	0	0	0	0	Y	N	N	N	N	N	N	N	N	N	N	N	N	N	N	N	N	N	0.0000	0.0000	0.0000	0.0000	0.0000	0.0000	0.0000	0.0000	0.0000	0.0000	0.0000	0.0000	0.0000	0.0000	0.0000	0.0000	0.0000	0.0000	0.0000	0.0000	0.0000	0.0000	0.0000	0.0000	0.0000	0.0000	0.0000			0.0000	0.0000	4.0002	0.0006	1.0000	0.9846	0.0000	0.0000	0.0000	0.0000	0.0000	0.0000	0.0000	0.0000	0.0000	0.0000	0.0000	0.0000	0.0000	0.0000	0.0000	0.0000	0.0000	0.0000	0.0001	0.0001	0.0000	0.0000	0.0000	0.0000	0.0001	0.0001	0.0000	0.0134	0.0046	0.0088	0.0012	0.0009	0.0003	0.0123	0.0037	0.0086
11	47	0.1071	13	2	0	1	0	1	0	1	0	0	1	1	1	0	0	0	0	0	0	Y	N	N	N	N	N	N	N	N	N	N	N	N	N	N	N	N	N	0.0000	0.0000	0.0000	0.0000	0.0000	0.0000	0.0000	0.0000	0.0000	0.0000	0.0000	0.0000	0.0000	0.0000	0.0000	0.0000	0.0000	0.0000	0.0000	0.0000	0.0000	0.0000	0.0000	0.0000	0.0000	0.0000	0.0000			0.0000	0.0000	4.0002	1.9996	1.0000	0.0187	0.0000	0.0000	0.0000	0.0000	0.0000	0.0000	0.0000	0.0000	0.0000	0.0000	0.0000	0.0000	0.0000	0.0000	0.0000	0.0000	0.0000	0.0000	0.1644	0.1446	0.0199	0.0149	0.0142	0.0007	0.1496	0.1304	0.0192	0.0264	0.0090	0.0175	0.0020	0.0014	0.0005	0.0245	0.0075	0.0169
11	48	0.1071	12	2	0	1	0	1	0	1	0	1	0	1	0	0	0	0	0	0	0	Y	N	N	N	N	N	N	N	N	N	N	N	N	N	N	N	N	N	0.0000	0.0000	0.0000	0.0000	0.0000	0.0000	0.0000	0.0000	0.0000	0.0000	0.0000	0.0000	0.0000	0.0000	0.0000	0.0000	0.0000	0.0000	0.0000	0.0000	0.0000	0.0000	0.0000	0.0000	0.0000	0.0000	0.0000			0.0000	0.0000	4.0002	0.0000	1.0000	0.0000	0.0000	0.0000	0.0000	0.0000	0.0000	0.0000	0.0000	0.0000	0.0000	0.0000	0.0000	0.0000	0.0000	0.0000	0.0000	0.0000	0.0000	0.0000	0.0000	0.0000	0.0000	0.0000	0.0000	0.0000	0.0000	0.0000	0.0000	0.0000	0.0000	0.0000	0.0000	0.0000	0.0000	0.0000	0.0000	0.0000
11	56	0.1071	11	2	0	1	0	1	0	1	0	0	0	0	0	0	0	0	0	0	0	Y	N	N	N	N	N	N	N	N	N	N	N	N	N	N	N	N	N	0.0000	0.0000	0.0000	0.0000	0.0000	0.0000	0.0000	0.0000	0.0000	0.0000	0.0000	0.0000	0.0000	0.0000	0.0000	0.0000	0.0000	0.0000	0.0000	0.0000	0.0000	0.0000	0.0000	0.0000	0.0000	0.0000	0.0000			0.0000	0.0000	4.0002	0.0000	1.0000	0.0000	0.0000	0.0000	0.0000	0.0000	0.0000	0.0000	0.0000	0.0000	0.0000	0.0000	0.0000	0.0000	0.0000	0.0000	0.0000	0.0000	0.0000	0.0000	0.0000	0.0000	0.0000	0.0000	0.0000	0.0000	0.0000	0.0000	0.0000	0.0000	0.0000	0.0000	0.0000	0.0000	0.0000	0.0000	0.0000	0.0000
11	57	0.1071	10	2	0	1	0	1	0	1	0	0	0	0	0	0	0	0	0	0	0	Y	N	N	N	N	N	N	N	N	N	N	N	N	N	N	N	N	N	0.0000	0.0000	0.0000	0.0000	0.0000	0.0000	0.0000	0.0000	0.0000	0.0000	0.0000	0.0000	0.0000	0.0000	0.0000	0.0000	0.0000	0.0000	0.0000	0.0000	0.0000	0.0000	0.0000	0.0000	0.0000	0.0000	0.0000			0.0000	0.0000	4.0002	0.0000	1.0000	0.0000	0.0000	0.0000	0.0000	0.0000	0.0000	0.0000	0.0000	0.0000	0.0000	0.0000	0.0000	0.0000	0.0000	0.0000	0.0000	0.0000	0.0000	0.0000	0.0000	0.0000	0.0000	0.0000	0.0000	0.0000	0.0000	0.0000	0.0000	0.0000	0.0000	0.0000	0.0000	0.0000	0.0000	0.0000	0.0000	0.0000
11	58	0.0976	9	2	0	1	0	2	0	1	0	0	0	0	0	0	0	0	0	0	0	Y	N	N	N	N	N	N	N	N	N	N	N	N	N	N	N	N	N	inf	inf	0.0000	inf	inf	0.0000	0.0000	0.0000	0.0000	0.0000	0.0000	0.0000	0.0000	0.0000	0.0000	0.0000	0.0000	0.0000	0.0000	0.0000	0.0000	0.0000	0.0000	0.0000	0.0000	0.0000	0.0000	0.0000		-0.0000	0.0000	4.0002	1.2118	1.0000	0.0039	0.0000	0.0000	0.0000	0.0000	0.0000	0.0000	0.0000	0.0000	0.0000	0.0000	0.0000	0.0000	0.0000	0.0000	0.0000	0.0000	0.0000	0.0000	0.1286	0.1143	0.0143	0.0228	0.0224	0.0004	0.1058	0.0919	0.0138	0.0162	0.0056	0.0107	0.0012	0.0009	0.0003	0.0150	0.0046	0.0104
12	17	0.1130	13	2	0	1	1	1	0	1	1	0	0	1	1	0	0	0	0	0	0	Y	N	N	N	N	N	N	N	N	N	N	N	N	N	N	N	N	N	0.0000	0.0000	0.0000	0.0000	0.0000	0.0000	0.0000	0.0000	0.0000	0.0000	0.0000	0.0000	0.0000	0.0000	0.0000	0.0000	0.0000	0.0000	0.0000	0.0000	0.0000	0.0000	0.0000	0.0000	0.0000	0.0000	0.0000			0.0000	0.0000	3.2642	3.0000	1.0338	2.0000	0.0000	0.0000	0.0000	0.0000	0.0000	0.0000	0.0000	0.0000	0.0000	0.0000	0.0000	0.0000	0.0000	0.0000	0.0000	0.0000	0.0000	0.0000	0.2214	0.1954	0.0260	0.0262	0.0254	0.0008	0.1952	0.1700	0.0252	0.0564	0.0198	0.0365	0.0051	0.0039	0.0012	0.0513	0.0160	0.0353
12	19	0.1130	11	2	0	1	1	1	0	1	1	0	1	1	1	0	0	0	0	0	0	Y	N	N	N	N	N	N	N	N	N	N	N	N	N	N	N	N	N	0.0000	0.0000	0.0000	0.0000	0.0000	0.0000	0.0000	0.0000	0.0000	0.0000	0.0000	0.0000	0.0000	0.0000	0.0000	0.0000	0.0000	0.0000	0.0000	0.0000	0.0000	0.0000	0.0000	0.0000	0.0000	0.0000	0.0000			0.0000	0.0000	3.2642	0.0000	1.0338	1.0000	0.0000	0.0000	0.0000	0.0000	0.0000	0.0000	0.0000	0.0000	0.0000	0.0000	0.0000	0.0000	0.0000	0.0000	0.0000	0.0000	0.0000	0.0000	0.0000	0.0000	0.0000	0.0000	0.0000	0.0000	0.0000	0.0000	0.0000	0.0117	0.0041	0.0076	0.0011	0.0008	0.0002	0.0107	0.0033	0.0074
12	20	0.1071	12	2	0	1	0	1	0	1	0	1	1	1	1	0	0	0	0	0	0	Y	N	N	N	N	N	N	N	N	N	N	N	N	N	N	N	N	N	0.0000	0.0000	0.0000	0.0000	0.0000	0.0000	0.0000	0.0000	0.0000	0.0000	0.0000	0.0000	0.0000	0.0000	0.0000	0.0000	0.0000	0.0000	0.0000	0.0000	0.0000	0.0000	0.0000	0.0000	0.0000	0.0000	0.0000			0.0000	0.0000	3.2642	1.0000	1.0338	0.0000	0.0000	0.0000	0.0000	0.0000	0.0000	0.0000	0.0000	0.0000	0.0000	0.0000	0.0000	0.0000	0.0000	0.0000	0.0000	0.0000	0.0000	0.0000	0.0755	0.0666	0.0089	0.0090	0.0087	0.0003	0.0665	0.0579	0.0086	0.0117	0.0041	0.0076	0.0010	0.0008	0.0002	0.0107	0.0033	0.0074
12	21	0.0933	11	2	0	1	0	1	0	1	0	0	0	0	1	0	0	0	0	0	0	Y	N	N	N	N	N	N	N	N	N	N	N	N	N	N	N	N	N	0.0000	0.0000	0.0000	0.0000	0.0000	0.0000	0.0000	0.0000	0.0000	0.0000	0.0000	0.0000	0.0000	0.0000	0.0000	0.0000	0.0000	0.0000	0.0002	0.0000	0.0003	0.0003	0.0000	0.0103	0.0002	0.0000	0.0002		inf	0.0000	0.0000	3.2642	3.8982	1.0338	3.1508	0.0000	0.0000	0.0000	0.0000	0.0000	0.0000	0.0000	0.0000	0.0000	0.0000	0.0000	0.0000	0.0000	0.0000	0.0000	0.0000	0.0000	0.0000	0.2881	0.2535	0.0346	0.0267	0.0261	0.0006	0.2614	0.2274	0.0340	0.0872	0.0338	0.0534	0.0053	0.0052	0.0001	0.0819	0.0286	0.0532
12	28	0.1071	11	2	0	1	0	1	0	1	0	0	0	0	0	0	0	0	0	0	0	Y	N	N	N	N	N	N	N	N	N	N	N	N	N	N	N	N	N	0.0000	0.0000	0.0000	0.0000	0.0000	0.0000	0.0000	0.0000	0.0000	0.0000	0.0000	0.0000	0.0000	0.0000	0.0000	0.0000	0.0000	0.0000	0.0000	0.0000	0.0000	0.0000	0.0000	0.0000	0.0000	0.0000	0.0000			0.0000	0.0000	3.2642	0.0000	1.0338	0.0000	0.0000	0.0000	0.0000	0.0000	0.0000	0.0000	0.0000	0.0000	0.0000	0.0000	0.0000	0.0000	0.0000	0.0000	0.0000	0.0000	0.0000	0.0000	0.0000	0.0000	0.0000	0.0000	0.0000	0.0000	0.0000	0.0000	0.0000	0.0000	0.0000	0.0000	0.0000	0.0000	0.0000	0.0000	0.0000	0.0000
12	29	0.0933	11	2	0	1	0	1	0	1	0	0	0	0	1	0	0	0	0	0	0	Y	N	N	N	N	N	N	N	N	N	N	N	N	N	N	N	N	N	0.0000	0.0000	0.0000	0.0000	0.0000	0.0000	0.0000	0.0000	0.0000	0.0000	0.0000	0.0000	0.0000	0.0000	0.0000	0.0000	0.0000	0.0000	0.0014	0.0033	0.0000	0.0152	0.0154	0.0000	0.0000	0.0000	0.0000		0.0109	0.0000	-0.0000	3.2642	1.1083	1.0338	2.8540	0.0000	0.0000	0.0000	0.0000	0.0000	0.0000	0.0000	0.0000	0.0000	0.0001	0.0001	0.0000	0.0001	0.0001	0.0000	0.0000	0.0000	0.0000	0.0892	0.0786	0.0106	0.0100	0.0098	0.0002	0.0792	0.0688	0.0105	0.0549	0.0233	0.0316	0.0051	0.0050	0.0001	0.0498	0.0183	0.0315
12	30	0.0872	10	2	0	1	0	2	0	1	0	0	1	0	1	0	0	0	0	0	0	Y	N	N	N	N	N	N	N	N	N	N	N	N	N	N	N	N	N	0.0746	0.1088	0.0000	0.2726	0.3039	0.0000	0.0000	0.0000	0.0000	0.0001	0.0001	0.0000	0.0008	0.0008	0.0000	0.0000	0.0000	0.0000	0.0011	0.0009	0.0014	0.0029	0.0026	0.0427	0.0008	0.0000	0.0013	0.0000	1.4875	-0.0000	0.0000	3.2642	1.1867	1.0338	0.2815	0.0000	0.0000	0.0000	0.0000	0.0000	0.0000	0.0000	0.0000	0.0000	0.0000	0.0000	0.0000	0.0000	0.0000	0.0000	0.0000	0.0000	0.0000	0.0949	0.0835	0.0114	0.0101	0.0100	0.0002	0.0848	0.0736	0.0112	0.0262	0.0135	0.0127	0.0045	0.0045	0.0000	0.0217	0.0090	0.0126
12	32	0.1246	11	2	0	1	0	1	0	1	0	0	0	0	0	0	0	0	0	0	0	Y	N	N	N	N	N	N	N	N	N	N	N	N	N	N	N	N	N	3.0681	1.3561	0.0000	0.0000	0.0000	0.0000	350.4048	89547.1611	0.0000	0.0032	0.0036	0.0000	0.0000	0.0000	0.0000	0.0037	0.0043	0.0000	0.0010	0.0027	0.0000	0.0100	0.0127	0.0000	0.0000	0.0000	0.0000	0.0000	0.0094	-0.0004	-0.0000	3.2642	4.0243	1.0338	4.9679	0.0009	0.0009	0.0000	0.0000	0.0000	0.0000	0.0009	0.0009	0.0000	0.0001	0.0001	0.0000	0.0001	0.0001	0.0000	0.0000	0.0000	0.0000	0.2871	0.2535	0.0336	0.0394	0.0382	0.0012	0.2477	0.2152	0.0325	0.0963	0.0372	0.0591	0.0099	0.0079	0.0021	0.0864	0.0294	0.0570
12	35	0.1182	10	2	0	1	0	2	0	1	0	0	0	0	0	0	0	0	0	0	0	Y	N	N	N	N	N	N	N	N	N	N	N	N	N	N	N	N	N	5335.0721	4525.9147	2.7342	74.0464	87.2315	4.3623	27816.5220	inf	0.0000	0.7270	0.8139	0.0003	0.0493	0.0504	0.0063	0.8804	1.0068	0.0000	0.0001	0.0002	0.0001	0.0007	0.0006	0.0014	0.0000	0.0000	0.0001	0.0000	0.5937	-0.0284	-0.0000	3.2642	1.0742	1.0338	0.1055	0.0686	0.0686	0.0000	0.0009	0.0009	0.0000	0.0677	0.0677	0.0000	0.0000	0.0000	0.0000	0.0000	0.0000	0.0000	0.0000	0.0000	0.0000	0.0943	0.0842	0.0101	0.0174	0.0170	0.0004	0.0769	0.0672	0.0097	0.0170	0.0081	0.0089	0.0028	0.0025	0.0003	0.0142	0.0056	0.0086
12	36	0.1130	13	2	0	1	0	1	0	1	0	0	0	1	1	0	0	0	0	0	0	Y	N	N	N	N	N	N	N	N	N	N	N	N	N	N	N	N	N	0.0000	0.0000	0.0000	0.0000	0.0000	0.0000	0.0000	0.0000	0.0000	0.0000	0.0000	0.0000	0.0000	0.0000	0.0000	0.0000	0.0000	0.0000	0.0000	0.0000	0.0000	0.0000	0.0000	0.0000	0.0000	0.0000	0.0000			0.0000	0.0000	3.2642	3.0000	1.0338	5.0000	0.0000	0.0000	0.0000	0.0000	0.0000	0.0000	0.0000	0.0000	0.0000	0.0000	0.0000	0.0000	0.0000	0.0000	0.0000	0.0000	0.0000	0.0000	0.2214	0.1954	0.0260	0.0262	0.0254	0.0008	0.1952	0.1700	0.0252	0.0874	0.0309	0.0566	0.0078	0.0060	0.0018	0.0796	0.0249	0.0547
12	37	0.1130	12	2	0	1	0	1	0	1	0	0	1	1	1	0	0	0	0	0	0	Y	N	N	N	N	N	N	N	N	N	N	N	N	N	N	N	N	N	0.0000	0.0000	0.0000	0.0000	0.0000	0.0000	0.0000	0.0000	0.0000	0.0000	0.0000	0.0000	0.0000	0.0000	0.0000	0.0000	0.0000	0.0000	0.0000	0.0000	0.0000	0.0000	0.0000	0.0000	0.0000	0.0000	0.0000			0.0000	0.0000	3.2642	0.0000	1.0338	0.0000	0.0000	0.0000	0.0000	0.0000	0.0000	0.0000	0.0000	0.0000	0.0000	0.0000	0.0000	0.0000	0.0000	0.0000	0.0000	0.0000	0.0000	0.0000	0.0000	0.0000	0.0000	0.0000	0.0000	0.0000	0.0000	0.0000	0.0000	0.0000	0.0000	0.0000	0.0000	0.0000	0.0000	0.0000	0.0000	0.0000
12	38	0.1130	11	2	0	1	0	1	0	1	0	0	0	1	0	0	0	0	0	0	0	Y	N	N	N	N	N	N	N	N	N	N	N	N	N	N	N	N	N	0.0000	0.0000	0.0000	0.0000	0.0000	0.0000	0.0000	0.0000	0.0000	0.0000	0.0000	0.0000	0.0000	0.0000	0.0000	0.0000	0.0000	0.0000	0.0000	0.0000	0.0000	0.0000	0.0000	0.0000	0.0000	0.0000	0.0000			0.0000	0.0000	3.2642	0.0000	1.0338	0.0000	0.0000	0.0000	0.0000	0.0000	0.0000	0.0000	0.0000	0.0000	0.0000	0.0000	0.0000	0.0000	0.0000	0.0000	0.0000	0.0000	0.0000	0.0000	0.0000	0.0000	0.0000	0.0000	0.0000	0.0000	0.0000	0.0000	0.0000	0.0000	0.0000	0.0000	0.0000	0.0000	0.0000	0.0000	0.0000	0.0000
12	39	0.1071	10	2	0	1	0	1	0	1	0	1	0	1	0	0	0	0	0	0	0	Y	N	N	N	N	N	N	N	N	N	N	N	N	N	N	N	N	N	0.0000	0.0000	0.0000	0.0000	0.0000	0.0000	0.0000	0.0000	0.0000	0.0000	0.0000	0.0000	0.0000	0.0000	0.0000	0.0000	0.0000	0.0000	0.0000	0.0000	0.0000	0.0000	0.0000	0.0000	0.0000	0.0000	0.0000			0.0000	0.0000	3.2642	0.0000	1.0338	1.0000	0.0000	0.0000	0.0000	0.0000	0.0000	0.0000	0.0000	0.0000	0.0000	0.0000	0.0000	0.0000	0.0000	0.0000	0.0000	0.0000	0.0000	0.0000	0.0000	0.0000	0.0000	0.0000	0.0000	0.0000	0.0000	0.0000	0.0000	0.0117	0.0041	0.0076	0.0010	0.0008	0.0002	0.0107	0.0033	0.0074
12	41	0.0366	4	2	0	1	0	2	0	1	0	0	0	0	0	0	0	0	0	0	0	Y	N	N	N	N	N	N	N	N	N	N	N	N	N	N	N	N	N	0.4110	0.1311	2.2911	0.1824	0.1859	inf	0.4168	0.1292	2.3276	0.0243	0.0197	0.0569	0.0216	0.0221	0.0056	0.0245	0.0195	0.0578	0.0591	0.1500	0.0248	0.1184	0.1187	0.0000	0.0588	0.1506	0.0248	0.4095	0.4392	-0.0002	-0.0003	3.2642	1.0068	1.0338	1.0688	0.0019	0.0013	0.0005	0.0001	0.0001	0.0000	0.0017	0.0012	0.0005	0.0017	0.0012	0.0005	0.0000	0.0000	0.0000	0.0017	0.0012	0.0005	0.0763	0.0669	0.0095	0.0058	0.0057	0.0002	0.0705	0.0612	0.0093	0.0292	0.0080	0.0212	0.0001	0.0001	0.0000	0.0290	0.0078	0.0212
12	45	0.1249	15	2	0	1	1	1	0	1	1	0	0	1	1	0	0	0	0	0	0	Y	N	N	N	N	N	N	N	N	N	N	N	N	N	N	N	N	N	9.0189	3.6230	0.0000	5.6643	4.6531	0.0000	0.0000	0.0000	0.0000	0.0001	0.0001	0.0000	0.0009	0.0009	0.0000	0.0000	0.0000	0.0000	0.0000	0.0000	0.0000	0.0002	0.0002	0.0000	0.0000	0.0000	0.0000	0.0000	0.0000	-0.0000	-0.0000	3.2642	0.9998	1.0338	0.0048	0.0000	0.0000	0.0000	0.0000	0.0000	0.0000	0.0000	0.0000	0.0000	0.0000	0.0000	0.0000	0.0000	0.0000	0.0000	0.0000	0.0000	0.0000	0.0759	0.0671	0.0089	0.0112	0.0107	0.0004	0.0648	0.0563	0.0085	0.0119	0.0042	0.0077	0.0011	0.0009	0.0002	0.0108	0.0033	0.0074
12	46	0.1189	14	2	0	1	0	1	0	1	0	0	0	1	1	0	0	0	0	0	0	Y	N	N	N	N	N	N	N	N	N	N	N	N	N	N	N	N	N	0.0045	0.0017	0.0000	0.0013	0.0010	0.0000	0.0000	0.0000	0.0000	0.0000	0.0000	0.0000	0.0001	0.0001	0.0000	0.0000	0.0000	0.0000	0.0041	0.0117	0.0000	0.0430	0.0536	0.0000	0.0000	0.0000	0.0000	0.0000	0.0001	-0.0000	-0.0000	3.2642	0.0006	1.0338	0.9846	0.0000	0.0000	0.0000	0.0000	0.0000	0.0000	0.0000	0.0000	0.0000	0.0000	0.0000	0.0000	0.0000	0.0000	0.0000	0.0000	0.0000	0.0000	0.0001	0.0001	0.0000	0.0000	0.0000	0.0000	0.0001	0.0001	0.0000	0.0119	0.0042	0.0077	0.0011	0.0009	0.0002	0.0107	0.0033	0.0075
12	47	0.1071	13	2	0	1	0	1	0	1	0	0	1	1	1	0	0	0	0	0	0	Y	N	N	N	N	N	N	N	N	N	N	N	N	N	N	N	N	N	0.0000	0.0000	0.0000	0.0000	0.0000	0.0000	0.0000	0.0000	0.0000	0.0000	0.0000	0.0000	0.0000	0.0000	0.0000	0.0000	0.0000	0.0000	0.0000	0.0001	0.0000	0.0004	0.0005	0.0000	0.0000	0.0000	0.0000		0.0000	0.0000	-0.0000	3.2642	1.9996	1.0338	0.0187	0.0000	0.0000	0.0000	0.0000	0.0000	0.0000	0.0000	0.0000	0.0000	0.0000	0.0000	0.0000	0.0000	0.0000	0.0000	0.0000	0.0000	0.0000	0.1492	0.1317	0.0176	0.0177	0.0172	0.0005	0.1315	0.1145	0.0170	0.0234	0.0081	0.0152	0.0020	0.0015	0.0005	0.0214	0.0066	0.0148
12	48	0.1071	12	2	0	1	0	1	0	1	0	1	0	1	0	0	0	0	0	0	0	Y	N	N	N	N	N	N	N	N	N	N	N	N	N	N	N	N	N	0.0000	0.0000	0.0000	0.0000	0.0000	0.0000	0.0000	0.0000	0.0000	0.0000	0.0000	0.0000	0.0000	0.0000	0.0000	0.0000	0.0000	0.0000	0.0000	0.0000	0.0000	0.0000	0.0000	0.0000	0.0000	0.0000	0.0000			0.0000	0.0000	3.2642	0.0000	1.0338	0.0000	0.0000	0.0000	0.0000	0.0000	0.0000	0.0000	0.0000	0.0000	0.0000	0.0000	0.0000	0.0000	0.0000	0.0000	0.0000	0.0000	0.0000	0.0000	0.0000	0.0000	0.0000	0.0000	0.0000	0.0000	0.0000	0.0000	0.0000	0.0000	0.0000	0.0000	0.0000	0.0000	0.0000	0.0000	0.0000	0.0000
12	56	0.1071	11	2	0	1	0	1	0	1	0	0	0	0	0	0	0	0	0	0	0	Y	N	N	N	N	N	N	N	N	N	N	N	N	N	N	N	N	N	0.0000	0.0000	0.0000	0.0000	0.0000	0.0000	0.0000	0.0000	0.0000	0.0000	0.0000	0.0000	0.0000	0.0000	0.0000	0.0000	0.0000	0.0000	0.0000	0.0000	0.0000	0.0000	0.0000	0.0000	0.0000	0.0000	0.0000			0.0000	0.0000	3.2642	0.0000	1.0338	0.0000	0.0000	0.0000	0.0000	0.0000	0.0000	0.0000	0.0000	0.0000	0.0000	0.0000	0.0000	0.0000	0.0000	0.0000	0.0000	0.0000	0.0000	0.0000	0.0000	0.0000	0.0000	0.0000	0.0000	0.0000	0.0000	0.0000	0.0000	0.0000	0.0000	0.0000	0.0000	0.0000	0.0000	0.0000	0.0000	0.0000
12	57	0.1071	10	2	0	1	0	1	0	1	0	0	0	0	0	0	0	0	0	0	0	Y	N	N	N	N	N	N	N	N	N	N	N	N	N	N	N	N	N	0.0000	0.0000	0.0000	0.0000	0.0000	0.0000	0.0000	0.0000	0.0000	0.0000	0.0000	0.0000	0.0000	0.0000	0.0000	0.0000	0.0000	0.0000	0.0000	0.0000	0.0000	0.0000	0.0000	0.0000	0.0000	0.0000	0.0000			0.0000	0.0000	3.2642	0.0000	1.0338	0.0000	0.0000	0.0000	0.0000	0.0000	0.0000	0.0000	0.0000	0.0000	0.0000	0.0000	0.0000	0.0000	0.0000	0.0000	0.0000	0.0000	0.0000	0.0000	0.0000	0.0000	0.0000	0.0000	0.0000	0.0000	0.0000	0.0000	0.0000	0.0000	0.0000	0.0000	0.0000	0.0000	0.0000	0.0000	0.0000	0.0000
12	58	0.0977	9	2	0	1	0	2	0	1	0	0	0	0	0	0	0	0	0	0	0	Y	N	N	N	N	N	N	N	N	N	N	N	N	N	N	N	N	N	1.5548	1081.8980	3.7440	0.4802	1004.0979	0.2178	8.9730	0.0000	46.1014	0.0037	0.0024	0.0138	0.0116	0.0114	0.0232	0.0018	0.0000	0.0136	0.0024	0.0000	0.0037	0.0241	0.0000	0.1067	0.0002	0.0000	0.0003	0.7056	2972.9224	-0.0000	0.0000	3.2642	1.2118	1.0338	0.0039	0.0004	0.0002	0.0002	0.0003	0.0002	0.0000	0.0002	0.0000	0.0002	0.0000	0.0000	0.0000	0.0000	0.0000	0.0000	0.0000	0.0000	0.0000	0.1146	0.1019	0.0127	0.0223	0.0219	0.0004	0.0923	0.0800	0.0124	0.0145	0.0051	0.0093	0.0013	0.0010	0.0003	0.0131	0.0041	0.0090
13	17	0.0422	7	2	0	1	1	0	0	0	1	1	0	2	1	0	0	0	0	0	0	Y	N	N	N	Y	N	N	N	N	N	N	N	N	N	N	N	N	N	0.0000	0.0000	0.0000	0.0000	0.0000	0.0000	0.0000	0.0000	0.0000	0.0000	0.0000	0.0000	0.0000	0.0000	0.0000	0.0000	0.0000	0.0000	0.0000	0.0000	0.0000	0.0000	0.0000	0.0000	0.0000	0.0000	0.0000			0.0000	0.0000	2.0000	3.0000	4.0000	2.0000	0.0000	0.0000	0.0000	0.0000	0.0000	0.0000	0.0000	0.0000	0.0000	0.0000	0.0000	0.0000	0.0000	0.0000	0.0000	0.0000	0.0000	0.0000	0.1321	0.1151	0.0169	0.0000	0.0000	0.0000	0.1321	0.1151	0.0169	0.0838	0.0280	0.0557	0.0005	0.0004	0.0001	0.0833	0.0277	0.0557
13	19	0.0422	5	2	0	1	1	0	0	0	1	1	1	2	1	0	0	0	0	0	0	Y	N	N	N	Y	N	N	N	N	N	N	N	N	N	N	N	N	N	0.0000	0.0000	0.0000	0.0000	0.0000	0.0000	0.0000	0.0000	0.0000	0.0000	0.0000	0.0000	0.0000	0.0000	0.0000	0.0000	0.0000	0.0000	0.0000	0.0000	0.0000	0.0000	0.0000	0.0000	0.0000	0.0000	0.0000			0.0000	0.0000	2.0000	0.0000	4.0000	1.0000	0.0000	0.0000	0.0000	0.0000	0.0000	0.0000	0.0000	0.0000	0.0000	0.0000	0.0000	0.0000	0.0000	0.0000	0.0000	0.0000	0.0000	0.0000	0.0000	0.0000	0.0000	0.0000	0.0000	0.0000	0.0000	0.0000	0.0000	0.0175	0.0058	0.0117	0.0001	0.0001	0.0000	0.0174	0.0057	0.0116
13	20	0.0363	4	2	0	1	0	0	0	0	0	2	1	2	1	0	0	0	0	0	0	Y	N	N	N	Y	N	N	N	N	N	N	N	N	N	N	N	N	N	0.0000	0.0000	0.0000	0.0000	0.0000	0.0000	0.0000	0.0000	0.0000	0.0000	0.0000	0.0000	0.0000	0.0000	0.0000	0.0000	0.0000	0.0000	0.0000	0.0000	0.0000	0.0000	0.0000	0.0000	0.0000	0.0000	0.0000			0.0000	0.0000	2.0000	1.0000	4.0000	0.0000	0.0000	0.0000	0.0000	0.0000	0.0000	0.0000	0.0000	0.0000	0.0000	0.0000	0.0000	0.0000	0.0000	0.0000	0.0000	0.0000	0.0000	0.0000	0.0450	0.0392	0.0058	0.0000	0.0000	0.0000	0.0450	0.0392	0.0058	0.0174	0.0058	0.0117	0.0000	0.0000	0.0000	0.0174	0.0058	0.0117
13	21	0.1169	11	2	0	1	0	0	0	0	0	1	0	1	1	0	0	0	0	0	0	Y	N	N	N	N	N	N	N	N	N	N	N	N	N	N	N	N	N	0.0000	0.0000	0.0000	0.0000	0.0000	0.0000	0.0000	0.0000	0.0000	0.0000	0.0000	0.0000	0.0000	0.0000	0.0000	0.0000	0.0000	0.0000	0.0013	0.0032	0.0000	0.0105	0.0124	0.0000	0.0000	0.0000	0.0000		0.0000	0.0000	-0.0001	2.0000	3.8982	4.0000	3.1508	0.0000	0.0000	0.0000	0.0000	0.0000	0.0000	0.0000	0.0000	0.0000	0.0001	0.0001	0.0000	0.0001	0.0001	0.0000	0.0000	0.0000	0.0000	0.1653	0.1455	0.0198	0.0181	0.0174	0.0007	0.1472	0.1281	0.0191	0.1140	0.0466	0.0674	0.0143	0.0121	0.0022	0.0997	0.0345	0.0652
13	28	0.0363	3	2	0	1	0	0	0	0	0	1	0	1	0	0	0	0	0	0	0	Y	N	N	N	N	N	N	N	N	N	N	N	N	N	N	N	N	N	0.0000	0.0000	0.0000	0.0000	0.0000	0.0000	0.0000	0.0000	0.0000	0.0000	0.0000	0.0000	0.0000	0.0000	0.0000	0.0000	0.0000	0.0000	0.0000	0.0000	0.0000	0.0000	0.0000	0.0000	0.0000	0.0000	0.0000			0.0000	0.0000	2.0000	0.0000	4.0000	0.0000	0.0000	0.0000	0.0000	0.0000	0.0000	0.0000	0.0000	0.0000	0.0000	0.0000	0.0000	0.0000	0.0000	0.0000	0.0000	0.0000	0.0000	0.0000	0.0000	0.0000	0.0000	0.0000	0.0000	0.0000	0.0000	0.0000	0.0000	0.0000	0.0000	0.0000	0.0000	0.0000	0.0000	0.0000	0.0000	0.0000
13	29	0.1169	11	2	0	1	0	0	0	0	0	1	0	1	1	0	0	0	0	0	0	Y	N	N	N	N	N	N	N	N	N	N	N	N	N	N	N	N	N	0.0000	0.0000	0.0000	0.0000	0.0000	0.0000	0.0000	0.0000	0.0000	0.0000	0.0000	0.0000	0.0000	0.0000	0.0000	0.0000	0.0000	0.0000	0.0021	0.0047	0.0000	0.0134	0.0152	0.0000	0.0000	0.0000	0.0000		0.0000	0.0000	-0.0001	2.0000	1.1083	4.0000	2.8540	0.0000	0.0000	0.0000	0.0000	0.0000	0.0000	0.0000	0.0000	0.0000	0.0001	0.0001	0.0000	0.0001	0.0001	0.0000	0.0000	0.0000	0.0000	0.0514	0.0453	0.0061	0.0066	0.0064	0.0002	0.0447	0.0389	0.0059	0.0721	0.0321	0.0400	0.0112	0.0099	0.0013	0.0609	0.0223	0.0386
13	30	0.1108	10	2	0	1	0	1	0	0	0	1	1	1	1	0	0	0	0	0	0	Y	N	N	N	N	N	N	N	N	N	N	N	N	N	N	N	N	N	0.0000	0.0000	0.0000	0.0000	0.0000	0.0000	0.0000	0.0000	0.0000	0.0000	0.0000	0.0000	0.0000	0.0000	0.0000	0.0000	0.0000	0.0000	0.0072	0.0054	0.0094	0.0127	0.0136	0.0000	0.0056	0.0000	0.0097		1.5001	0.0000	0.0000	2.0000	1.1867	4.0000	0.2815	0.0000	0.0000	0.0000	0.0000	0.0000	0.0000	0.0000	0.0000	0.0000	0.0002	0.0001	0.0001	0.0001	0.0001	0.0000	0.0001	0.0000	0.0001	0.0546	0.0481	0.0065	0.0067	0.0065	0.0002	0.0479	0.0415	0.0063	0.0347	0.0187	0.0160	0.0078	0.0073	0.0005	0.0269	0.0113	0.0155
13	32	0.0728	7	2	0	1	0	0	0	0	0	1	0	1	0	0	0	0	0	0	0	Y	N	N	N	N	N	N	N	N	N	N	N	N	N	N	N	N	N	0.0000	0.0000	0.0000	0.0000	0.0000	0.0000	0.0000	0.0000	0.0000	0.0000	0.0000	0.0000	0.0000	0.0000	0.0000	0.0000	0.0000	0.0000	0.0139	0.0371	0.0000	0.6253	0.6693	0.0000	0.0000	0.0000	0.0000		0.0000	0.0000	-0.0009	2.0000	4.0243	4.0000	4.9679	0.0000	0.0000	0.0000	0.0000	0.0000	0.0000	0.0000	0.0000	0.0000	0.0019	0.0019	0.0000	0.0019	0.0019	0.0000	0.0000	0.0000	0.0000	0.1701	0.1488	0.0213	0.0087	0.0083	0.0004	0.1615	0.1406	0.0209	0.1370	0.0514	0.0856	0.0031	0.0029	0.0002	0.1340	0.0486	0.0854
13	35	0.0664	6	2	0	1	0	1	0	0	0	1	0	1	0	0	0	0	0	0	0	Y	N	N	N	N	N	N	N	N	N	N	N	N	N	N	N	N	N	0.0000	0.0000	0.0000	0.0000	0.0000	0.0000	0.0000	0.0000	0.0000	0.0000	0.0000	0.0000	0.0000	0.0000	0.0000	0.0000	0.0000	0.0000	0.0896	0.0225	0.1471	0.1043	0.1054	0.0000	0.0880	0.0011	0.1474		7.6116	0.0000	0.0009	2.0000	1.0742	4.0000	0.1055	0.0000	0.0000	0.0000	0.0000	0.0000	0.0000	0.0000	0.0000	0.0000	0.0021	0.0002	0.0019	0.0002	0.0002	0.0000	0.0019	0.0000	0.0019	0.0565	0.0502	0.0063	0.0064	0.0063	0.0001	0.0501	0.0439	0.0062	0.0240	0.0111	0.0129	0.0023	0.0023	0.0000	0.0217	0.0088	0.0129
13	36	0.0422	7	2	0	1	0	0	0	0	0	1	0	2	1	0	0	0	0	0	0	Y	N	N	N	Y	N	N	N	N	N	N	N	N	N	N	N	N	N	0.0000	0.0000	0.0000	0.0000	0.0000	0.0000	0.0000	0.0000	0.0000	0.0000	0.0000	0.0000	0.0000	0.0000	0.0000	0.0000	0.0000	0.0000	7.6982	0.0000	11.5895	0.0000	0.0000	0.0000	7.7409	0.0000	11.6098		inf	0.0000	0.5391	2.0000	3.0000	4.0000	5.0000	0.0000	0.0000	0.0000	0.0000	0.0000	0.0000	0.0000	0.0000	0.0000	1.0000	0.0000	1.0000	0.0000	0.0000	0.0000	1.0000	0.0000	1.0000	0.1321	0.1151	0.0169	0.0000	0.0000	0.0000	0.1321	0.1151	0.0169	0.1299	0.0436	0.0863	0.0007	0.0006	0.0002	0.1292	0.0430	0.0861
13	37	0.0422	6	2	0	1	0	0	0	0	0	1	1	2	1	0	0	0	0	0	0	Y	N	N	N	Y	N	N	N	N	N	N	N	N	N	N	N	N	N	0.0000	0.0000	0.0000	0.0000	0.0000	0.0000	0.0000	0.0000	0.0000	0.0000	0.0000	0.0000	0.0000	0.0000	0.0000	0.0000	0.0000	0.0000	0.0000	0.0000	0.0000	0.0000	0.0000	0.0000	0.0000	0.0000	0.0000			0.0000	0.0000	2.0000	0.0000	4.0000	0.0000	0.0000	0.0000	0.0000	0.0000	0.0000	0.0000	0.0000	0.0000	0.0000	0.0000	0.0000	0.0000	0.0000	0.0000	0.0000	0.0000	0.0000	0.0000	0.0000	0.0000	0.0000	0.0000	0.0000	0.0000	0.0000	0.0000	0.0000	0.0000	0.0000	0.0000	0.0000	0.0000	0.0000	0.0000	0.0000	0.0000
13	38	0.0422	5	2	0	1	0	0	0	0	0	1	0	2	0	0	0	0	0	0	0	Y	N	N	N	Y	N	N	N	N	N	N	N	N	N	N	N	N	N	0.0000	0.0000	0.0000	0.0000	0.0000	0.0000	0.0000	0.0000	0.0000	0.0000	0.0000	0.0000	0.0000	0.0000	0.0000	0.0000	0.0000	0.0000	0.0000	0.0000	0.0000	0.0000	0.0000	0.0000	0.0000	0.0000	0.0000			0.0000	0.0000	2.0000	0.0000	4.0000	0.0000	0.0000	0.0000	0.0000	0.0000	0.0000	0.0000	0.0000	0.0000	0.0000	0.0000	0.0000	0.0000	0.0000	0.0000	0.0000	0.0000	0.0000	0.0000	0.0000	0.0000	0.0000	0.0000	0.0000	0.0000	0.0000	0.0000	0.0000	0.0000	0.0000	0.0000	0.0000	0.0000	0.0000	0.0000	0.0000	0.0000
13	39	0.0363	4	2	0	1	0	0	0	0	0	2	0	2	0	0	0	0	0	0	0	Y	N	N	N	Y	N	N	N	N	N	N	N	N	N	N	N	N	N	0.0000	0.0000	0.0000	0.0000	0.0000	0.0000	0.0000	0.0000	0.0000	0.0000	0.0000	0.0000	0.0000	0.0000	0.0000	0.0000	0.0000	0.0000	0.0000	0.0000	0.0000	0.0000	0.0000	0.0000	0.0000	0.0000	0.0000			0.0000	0.0000	2.0000	0.0000	4.0000	1.0000	0.0000	0.0000	0.0000	0.0000	0.0000	0.0000	0.0000	0.0000	0.0000	0.0000	0.0000	0.0000	0.0000	0.0000	0.0000	0.0000	0.0000	0.0000	0.0000	0.0000	0.0000	0.0000	0.0000	0.0000	0.0000	0.0000	0.0000	0.0174	0.0058	0.0117	0.0000	0.0000	0.0000	0.0174	0.0058	0.0117
13	41	0.1068	10	2	0	1	0	1	0	0	0	1	0	1	0	0	0	0	0	0	0	Y	N	N	N	N	N	N	N	N	N	N	N	N	N	N	N	N	N	0.0000	0.0000	0.0000	0.0000	0.0000	0.0000	0.0000	0.0000	0.0000	0.0000	0.0000	0.0000	0.0000	0.0000	0.0000	0.0000	0.0000	0.0000	0.0405	0.0109	0.0558	0.0123	0.0170	0.0000	0.0428	0.0097	0.0576		9.9216	0.0000	0.0006	2.0000	1.0068	4.0000	1.0688	0.0000	0.0000	0.0000	0.0000	0.0000	0.0000	0.0000	0.0000	0.0000	0.0013	0.0001	0.0012	0.0000	0.0000	0.0000	0.0013	0.0001	0.0012	0.0436	0.0384	0.0053	0.0044	0.0043	0.0002	0.0392	0.0341	0.0051	0.0323	0.0110	0.0213	0.0024	0.0018	0.0007	0.0299	0.0092	0.0207
13	45	0.0541	5	2	0	1	1	0	0	0	1	1	0	2	1	0	0	0	0	0	0	Y	N	N	N	Y	N	N	N	N	N	N	N	N	N	N	N	N	N	0.0000	0.0000	0.0000	0.0000	0.0000	0.0000	0.0000	0.0000	0.0000	0.0000	0.0000	0.0000	0.0000	0.0000	0.0000	0.0000	0.0000	0.0000	0.0000	0.0000	0.0000	0.0000	0.0000	0.0000	0.0000	0.0000	0.0000			0.0000	0.0000	2.0000	0.9998	4.0000	0.0048	0.0000	0.0000	0.0000	0.0000	0.0000	0.0000	0.0000	0.0000	0.0000	0.0000	0.0000	0.0000	0.0000	0.0000	0.0000	0.0000	0.0000	0.0000	0.0453	0.0395	0.0058	0.0014	0.0013	0.0001	0.0440	0.0383	0.0057	0.0177	0.0060	0.0117	0.0001	0.0001	0.0000	0.0175	0.0058	0.0117
13	46	0.0482	4	2	0	1	0	0	0	0	0	1	0	2	1	0	0	0	0	0	0	Y	N	N	N	Y	N	N	N	N	N	N	N	N	N	N	N	N	N	0.0000	0.0000	0.0000	0.0000	0.0000	0.0000	0.0000	0.0000	0.0000	0.0000	0.0000	0.0000	0.0000	0.0000	0.0000	0.0000	0.0000	0.0000	0.0006	0.0017	0.0000	0.0429	0.0429	0.0000	0.0000	0.0000	0.0000		0.0000	0.0000	-0.0000	2.0000	0.0006	4.0000	0.9846	0.0000	0.0000	0.0000	0.0000	0.0000	0.0000	0.0000	0.0000	0.0000	0.0000	0.0000	0.0000	0.0000	0.0000	0.0000	0.0000	0.0000	0.0000	0.0001	0.0001	0.0000	0.0000	0.0000	0.0000	0.0000	0.0000	0.0000	0.0176	0.0059	0.0117	0.0002	0.0002	0.0000	0.0174	0.0057	0.0117
13	47	0.0363	3	2	0	1	0	0	0	0	0	1	1	2	1	0	0	0	0	0	0	Y	N	N	N	Y	N	N	N	N	N	N	N	N	N	N	N	N	N	0.0000	0.0000	0.0000	0.0000	0.0000	0.0000	0.0000	0.0000	0.0000	0.0000	0.0000	0.0000	0.0000	0.0000	0.0000	0.0000	0.0000	0.0000	0.0003	0.0000	0.0004	0.0000	0.0000	0.0000	0.0003	0.0000	0.0004		inf	0.0000	0.0000	2.0000	1.9996	4.0000	0.0187	0.0000	0.0000	0.0000	0.0000	0.0000	0.0000	0.0000	0.0000	0.0000	0.0000	0.0000	0.0000	0.0000	0.0000	0.0000	0.0000	0.0000	0.0000	0.0890	0.0776	0.0115	0.0000	0.0000	0.0000	0.0890	0.0776	0.0115	0.0348	0.0115	0.0233	0.0000	0.0000	0.0000	0.0348	0.0115	0.0233
13	48	0.0363	2	2	0	1	0	0	0	0	0	2	0	2	0	0	0	0	0	0	0	Y	N	N	N	Y	N	N	N	N	N	N	N	N	N	N	N	N	N	0.0000	0.0000	0.0000	0.0000	0.0000	0.0000	0.0000	0.0000	0.0000	0.0000	0.0000	0.0000	0.0000	0.0000	0.0000	0.0000	0.0000	0.0000	0.0000	0.0000	0.0000	0.0000	0.0000	0.0000	0.0000	0.0000	0.0000			0.0000	0.0000	2.0000	0.0000	4.0000	0.0000	0.0000	0.0000	0.0000	0.0000	0.0000	0.0000	0.0000	0.0000	0.0000	0.0000	0.0000	0.0000	0.0000	0.0000	0.0000	0.0000	0.0000	0.0000	0.0000	0.0000	0.0000	0.0000	0.0000	0.0000	0.0000	0.0000	0.0000	0.0000	0.0000	0.0000	0.0000	0.0000	0.0000	0.0000	0.0000	0.0000
14	17	0.1004	14	2	0	1	1	1	0	1	1	0	0	1	1	0	0	0	0	0	0	Y	N	N	N	N	N	N	N	N	N	N	N	N	N	N	N	N	N	0.0000	0.0000	0.0000	0.0000	0.0000	0.0000	0.0000	0.0000	0.0000	0.0000	0.0000	0.0000	0.0000	0.0000	0.0000	0.0000	0.0000	0.0000	0.0000	0.0000	0.0000	0.0000	0.0000	0.0000	0.0000	0.0000	0.0000			0.0000	0.0000	1.0016	3.0000	1.0007	2.0000	0.0000	0.0000	0.0000	0.0000	0.0000	0.0000	0.0000	0.0000	0.0000	0.0000	0.0000	0.0000	0.0000	0.0000	0.0000	0.0000	0.0000	0.0000	0.0633	0.0556	0.0077	0.0058	0.0055	0.0003	0.0575	0.0501	0.0074	0.0265	0.0092	0.0173	0.0023	0.0017	0.0006	0.0242	0.0075	0.0167
14	19	0.1004	12	2	0	1	1	1	0	1	1	0	1	1	1	0	0	0	0	0	0	Y	N	N	N	N	N	N	N	N	N	N	N	N	N	N	N	N	N	0.0000	0.0000	0.0000	0.0000	0.0000	0.0000	0.0000	0.0000	0.0000	0.0000	0.0000	0.0000	0.0000	0.0000	0.0000	0.0000	0.0000	0.0000	180.7485	0.0000	275.7685	0.0419	0.0000	0.1678	197.8216	0.0000	285.1460		inf	0.0000	0.5384	1.0016	0.0000	1.0007	1.0000	0.0000	0.0000	0.0000	0.0000	0.0000	0.0000	0.0000	0.0000	0.0000	0.9987	0.0000	0.9987	0.0000	0.0000	0.0000	0.9987	0.0000	0.9987	0.0000	0.0000	0.0000	0.0000	0.0000	0.0000	0.0000	0.0000	0.0000	0.0055	0.0019	0.0036	0.0005	0.0004	0.0001	0.0050	0.0015	0.0035
14	20	0.0946	13	2	0	1	0	1	0	1	0	1	1	1	1	0	0	0	0	0	0	Y	N	N	N	N	N	N	N	N	N	N	N	N	N	N	N	N	N	0.0000	0.0000	0.0000	0.0000	0.0000	0.0000	0.0000	0.0000	0.0000	0.0000	0.0000	0.0000	0.0000	0.0000	0.0000	0.0000	0.0000	0.0000	0.0000	0.0000	0.0000	0.0000	0.0000	0.0000	0.0000	0.0000	0.0000			0.0000	0.0000	1.0016	1.0000	1.0007	0.0000	0.0000	0.0000	0.0000	0.0000	0.0000	0.0000	0.0000	0.0000	0.0000	0.0000	0.0000	0.0000	0.0000	0.0000	0.0000	0.0000	0.0000	0.0000	0.0216	0.0189	0.0026	0.0020	0.0019	0.0001	0.0196	0.0170	0.0026	0.0055	0.0019	0.0036	0.0004	0.0003	0.0001	0.0051	0.0016	0.0035
14	21	0.0807	12	2	0	1	0	1	0	1	0	0	0	0	1	0	0	0	0	0	0	Y	N	N	N	N	N	N	N	N	N	N	N	N	N	N	N	N	N	0.0000	0.0000	0.0000	0.0000	0.0000	0.0000	0.0000	0.0000	0.0000	0.0000	0.0000	0.0000	0.0000	0.0000	0.0000	0.0000	0.0000	0.0000	23.6391	0.0000	38.9276	0.0296	0.0000	0.5918	25.4704	0.0000	39.1563		inf	0.0000	0.5376	1.0016	3.8982	1.0007	3.1508	0.0000	0.0000	0.0000	0.0000	0.0000	0.0000	0.0000	0.0000	0.0000	0.9971	0.0000	0.9971	0.0001	0.0000	0.0001	0.9970	0.0000	0.9970	0.0827	0.0722	0.0105	0.0031	0.0029	0.0001	0.0796	0.0693	0.0103	0.0422	0.0166	0.0256	0.0030	0.0029	0.0002	0.0391	0.0137	0.0255
14	28	0.0946	12	2	0	1	0	1	0	1	0	0	0	0	0	0	0	0	0	0	0	Y	N	N	N	N	N	N	N	N	N	N	N	N	N	N	N	N	N	0.0000	0.0000	0.0000	0.0000	0.0000	0.0000	0.0000	0.0000	0.0000	0.0000	0.0000	0.0000	0.0000	0.0000	0.0000	0.0000	0.0000	0.0000	0.0000	0.0000	0.0000	0.0000	0.0000	0.0000	0.0000	0.0000	0.0000			0.0000	0.0000	1.0016	0.0000	1.0007	0.0000	0.0000	0.0000	0.0000	0.0000	0.0000	0.0000	0.0000	0.0000	0.0000	0.0000	0.0000	0.0000	0.0000	0.0000	0.0000	0.0000	0.0000	0.0000	0.0000	0.0000	0.0000	0.0000	0.0000	0.0000	0.0000	0.0000	0.0000	0.0000	0.0000	0.0000	0.0000	0.0000	0.0000	0.0000	0.0000	0.0000
14	29	0.0807	12	2	0	1	0	1	0	1	0	0	0	0	1	0	0	0	0	0	0	Y	N	N	N	N	N	N	N	N	N	N	N	N	N	N	N	N	N	0.0000	0.0000	0.0000	0.0000	0.0000	0.0000	0.0000	0.0000	0.0000	0.0000	0.0000	0.0000	0.0000	0.0000	0.0000	0.0000	0.0000	0.0000	0.0632	0.1477	0.0000	0.6175	0.6381	0.0000	0.0000	0.0000	0.0000		0.0000	0.0000	-0.0008	1.0016	1.1083	1.0007	2.8540	0.0000	0.0000	0.0000	0.0000	0.0000	0.0000	0.0000	0.0000	0.0000	0.0017	0.0017	0.0000	0.0017	0.0017	0.0000	0.0000	0.0000	0.0000	0.0257	0.0225	0.0032	0.0016	0.0015	0.0000	0.0241	0.0210	0.0032	0.0265	0.0114	0.0152	0.0027	0.0026	0.0001	0.0238	0.0087	0.0151
14	30	0.0746	11	2	0	1	0	2	0	1	0	0	1	0	1	0	0	0	0	0	0	Y	N	N	N	N	N	N	N	N	N	N	N	N	N	N	N	N	N	0.0000	0.0000	0.0000	0.0000	0.0000	0.0000	0.0000	0.0000	0.0000	0.0000	0.0000	0.0000	0.0000	0.0000	0.0000	0.0000	0.0000	0.0000	0.1393	0.0229	0.2648	0.0353	0.0357	0.0015	0.1621	0.0162	0.2661		10.7422	0.0000	0.0008	1.0016	1.1867	1.0007	0.2815	0.0000	0.0000	0.0000	0.0000	0.0000	0.0000	0.0000	0.0000	0.0000	0.0018	0.0001	0.0016	0.0001	0.0001	0.0000	0.0017	0.0001	0.0016	0.0273	0.0239	0.0034	0.0015	0.0015	0.0000	0.0258	0.0224	0.0034	0.0126	0.0065	0.0061	0.0023	0.0022	0.0000	0.0103	0.0043	0.0060
14	32	0.1121	12	2	0	1	0	1	0	1	0	0	0	0	0	0	0	0	0	0	0	Y	N	N	N	N	N	N	N	N	N	N	N	N	N	N	N	N	N	0.0000	0.0000	0.0000	0.0000	0.0000	0.0000	0.0000	0.0000	0.0000	0.0000	0.0000	0.0000	0.0000	0.0000	0.0000	0.0000	0.0000	0.0000	0.0000	0.0000	0.0000	0.0000	0.0000	0.0000	0.0000	0.0000	0.0000		inf	0.0000	0.0000	1.0016	4.0243	1.0007	4.9679	0.0000	0.0000	0.0000	0.0000	0.0000	0.0000	0.0000	0.0000	0.0000	0.0000	0.0000	0.0000	0.0000	0.0000	0.0000	0.0000	0.0000	0.0000	0.0820	0.0721	0.0099	0.0092	0.0088	0.0004	0.0728	0.0632	0.0096	0.0453	0.0173	0.0280	0.0045	0.0035	0.0010	0.0407	0.0138	0.0270
14	35	0.1057	11	2	0	1	0	2	0	1	0	0	0	0	0	0	0	0	0	0	0	Y	N	N	N	N	N	N	N	N	N	N	N	N	N	N	N	N	N	0.0000	0.0000	0.0000	0.0000	0.0000	0.0000	0.0000	0.0000	0.0000	0.0000	0.0000	0.0000	0.0000	0.0000	0.0000	0.0000	0.0000	0.0000	0.0000	0.0000	0.0000	0.0000	0.0000	0.0000	0.0000	0.0000	0.0000		0.1196	0.0000	-0.0000	1.0016	1.0742	1.0007	0.1055	0.0000	0.0000	0.0000	0.0000	0.0000	0.0000	0.0000	0.0000	0.0000	0.0000	0.0000	0.0000	0.0000	0.0000	0.0000	0.0000	0.0000	0.0000	0.0273	0.0243	0.0030	0.0045	0.0044	0.0001	0.0228	0.0199	0.0029	0.0080	0.0038	0.0042	0.0013	0.0012	0.0001	0.0067	0.0026	0.0041
14	36	0.1004	14	2	0	1	0	1	0	1	0	0	0	1	1	0	0	0	0	0	0	Y	N	N	N	N	N	N	N	N	N	N	N	N	N	N	N	N	N	0.0000	0.0000	0.0000	0.0000	0.0000	0.0000	0.0000	0.0000	0.0000	0.0000	0.0000	0.0000	0.0000	0.0000	0.0000	0.0000	0.0000	0.0000	0.0000	0.0000	0.0000	0.0000	0.0000	0.0000	0.0000	0.0000	0.0000			0.0000	0.0000	1.0016	3.0000	1.0007	5.0000	0.0000	0.0000	0.0000	0.0000	0.0000	0.0000	0.0000	0.0000	0.0000	0.0000	0.0000	0.0000	0.0000	0.0000	0.0000	0.0000	0.0000	0.0000	0.0633	0.0556	0.0077	0.0058	0.0055	0.0003	0.0575	0.0501	0.0074	0.0411	0.0143	0.0268	0.0035	0.0026	0.0009	0.0376	0.0116	0.0259
14	37	0.1004	13	2	0	1	0	1	0	1	0	0	1	1	1	0	0	0	0	0	0	Y	N	N	N	N	N	N	N	N	N	N	N	N	N	N	N	N	N	0.0000	0.0000	0.0000	0.0000	0.0000	0.0000	0.0000	0.0000	0.0000	0.0000	0.0000	0.0000	0.0000	0.0000	0.0000	0.0000	0.0000	0.0000	0.0000	0.0000	0.0000	0.0000	0.0000	0.0000	0.0000	0.0000	0.0000			0.0000	0.0000	1.0016	0.0000	1.0007	0.0000	0.0000	0.0000	0.0000	0.0000	0.0000	0.0000	0.0000	0.0000	0.0000	0.0000	0.0000	0.0000	0.0000	0.0000	0.0000	0.0000	0.0000	0.0000	0.0000	0.0000	0.0000	0.0000	0.0000	0.0000	0.0000	0.0000	0.0000	0.0000	0.0000	0.0000	0.0000	0.0000	0.0000	0.0000	0.0000	0.0000
14	38	0.1004	12	2	0	1	0	1	0	1	0	0	0	1	0	0	0	0	0	0	0	Y	N	N	N	N	N	N	N	N	N	N	N	N	N	N	N	N	N	0.0000	0.0000	0.0000	0.0000	0.0000	0.0000	0.0000	0.0000	0.0000	0.0000	0.0000	0.0000	0.0000	0.0000	0.0000	0.0000	0.0000	0.0000	0.0000	0.0000	0.0000	0.0000	0.0000	0.0000	0.0000	0.0000	0.0000			0.0000	0.0000	1.0016	0.0000	1.0007	0.0000	0.0000	0.0000	0.0000	0.0000	0.0000	0.0000	0.0000	0.0000	0.0000	0.0000	0.0000	0.0000	0.0000	0.0000	0.0000	0.0000	0.0000	0.0000	0.0000	0.0000	0.0000	0.0000	0.0000	0.0000	0.0000	0.0000	0.0000	0.0000	0.0000	0.0000	0.0000	0.0000	0.0000	0.0000	0.0000	0.0000
14	39	0.0946	11	2	0	1	0	1	0	1	0	1	0	1	0	0	0	0	0	0	0	Y	N	N	N	N	N	N	N	N	N	N	N	N	N	N	N	N	N	0.0000	0.0000	0.0000	0.0000	0.0000	0.0000	0.0000	0.0000	0.0000	0.0000	0.0000	0.0000	0.0000	0.0000	0.0000	0.0000	0.0000	0.0000	0.0000	0.0000	0.0000	0.0000	0.0000	0.0000	0.0000	0.0000	0.0000			0.0000	0.0000	1.0016	0.0000	1.0007	1.0000	0.0000	0.0000	0.0000	0.0000	0.0000	0.0000	0.0000	0.0000	0.0000	0.0000	0.0000	0.0000	0.0000	0.0000	0.0000	0.0000	0.0000	0.0000	0.0000	0.0000	0.0000	0.0000	0.0000	0.0000	0.0000	0.0000	0.0000	0.0055	0.0019	0.0036	0.0004	0.0003	0.0001	0.0051	0.0016	0.0035
14	41	0.0241	5	2	0	1	0	2	0	1	0	0	0	0	0	0	0	0	0	0	0	Y	N	N	N	N	N	N	N	N	N	N	N	N	N	N	N	N	N	0.0000	0.0000	0.0000	0.0000	0.0000	0.0000	0.0000	0.0000	0.0000	0.0000	0.0000	0.0000	0.0000	0.0000	0.0000	0.0000	0.0000	0.0000	0.8079	0.5656	0.8994	0.0992	0.1000	0.0693	0.8130	0.5779	0.8996		4.2091	0.0000	0.0040	1.0016	1.0068	1.0007	1.0688	0.0000	0.0000	0.0000	0.0000	0.0000	0.0000	0.0000	0.0000	0.0000	0.0114	0.0022	0.0092	0.0000	0.0000	0.0000	0.0114	0.0022	0.0092	0.0218	0.0189	0.0028	0.0003	0.0003	0.0000	0.0214	0.0186	0.0028	0.0142	0.0039	0.0103	0.0001	0.0001	0.0000	0.0141	0.0038	0.0103
14	45	0.1123	16	2	0	1	1	1	0	1	1	0	0	1	1	0	0	0	0	0	0	Y	N	N	N	N	N	N	N	N	N	N	N	N	N	N	N	N	N	0.0000	0.0000	0.0000	0.0000	0.0000	0.0000	0.0000	0.0000	0.0000	0.0000	0.0000	0.0000	0.0000	0.0000	0.0000	0.0000	0.0000	0.0000	0.0000	0.0000	0.0000	0.0000	0.0000	0.0000	0.0000	0.0000	0.0000			0.0000	0.0000	1.0016	0.9998	1.0007	0.0048	0.0000	0.0000	0.0000	0.0000	0.0000	0.0000	0.0000	0.0000	0.0000	0.0000	0.0000	0.0000	0.0000	0.0000	0.0000	0.0000	0.0000	0.0000	0.0217	0.0191	0.0026	0.0027	0.0025	0.0001	0.0191	0.0166	0.0025	0.0056	0.0019	0.0036	0.0005	0.0004	0.0001	0.0051	0.0016	0.0035
14	46	0.1064	15	2	0	1	0	1	0	1	0	0	0	1	1	0	0	0	0	0	0	Y	N	N	N	N	N	N	N	N	N	N	N	N	N	N	N	N	N	0.0000	0.0000	0.0000	0.0000	0.0000	0.0000	0.0000	0.0000	0.0000	0.0000	0.0000	0.0000	0.0000	0.0000	0.0000	0.0000	0.0000	0.0000	0.0000	0.0000	0.0000	0.0000	0.0000	0.0000	0.0000	0.0000	0.0000			0.0000	0.0000	1.0016	0.0006	1.0007	0.9846	0.0000	0.0000	0.0000	0.0000	0.0000	0.0000	0.0000	0.0000	0.0000	0.0000	0.0000	0.0000	0.0000	0.0000	0.0000	0.0000	0.0000	0.0000	0.0000	0.0000	0.0000	0.0000	0.0000	0.0000	0.0000	0.0000	0.0000	0.0056	0.0019	0.0036	0.0005	0.0004	0.0001	0.0051	0.0015	0.0035
14	47	0.0946	14	2	0	1	0	1	0	1	0	0	1	1	1	0	0	0	0	0	0	Y	N	N	N	N	N	N	N	N	N	N	N	N	N	N	N	N	N	0.0000	0.0000	0.0000	0.0000	0.0000	0.0000	0.0000	0.0000	0.0000	0.0000	0.0000	0.0000	0.0000	0.0000	0.0000	0.0000	0.0000	0.0000	0.0000	0.0000	0.0000	0.0000	0.0000	0.0000	0.0000	0.0000	0.0000			0.0000	-0.0000	1.0016	1.9996	1.0007	0.0187	0.0000	0.0000	0.0000	0.0000	0.0000	0.0000	0.0000	0.0000	0.0000	0.0000	0.0000	0.0000	0.0000	0.0000	0.0000	0.0000	0.0000	0.0000	0.0427	0.0375	0.0052	0.0039	0.0037	0.0002	0.0388	0.0337	0.0050	0.0110	0.0038	0.0072	0.0009	0.0007	0.0002	0.0101	0.0031	0.0070
14	48	0.0946	13	2	0	1	0	1	0	1	0	1	0	1	0	0	0	0	0	0	0	Y	N	N	N	N	N	N	N	N	N	N	N	N	N	N	N	N	N	0.0000	0.0000	0.0000	0.0000	0.0000	0.0000	0.0000	0.0000	0.0000	0.0000	0.0000	0.0000	0.0000	0.0000	0.0000	0.0000	0.0000	0.0000	0.0000	0.0000	0.0000	0.0000	0.0000	0.0000	0.0000	0.0000	0.0000			0.0000	0.0000	1.0016	0.0000	1.0007	0.0000	0.0000	0.0000	0.0000	0.0000	0.0000	0.0000	0.0000	0.0000	0.0000	0.0000	0.0000	0.0000	0.0000	0.0000	0.0000	0.0000	0.0000	0.0000	0.0000	0.0000	0.0000	0.0000	0.0000	0.0000	0.0000	0.0000	0.0000	0.0000	0.0000	0.0000	0.0000	0.0000	0.0000	0.0000	0.0000	0.0000
14	56	0.0946	12	2	0	1	0	1	0	1	0	0	0	0	0	0	0	0	0	0	0	Y	N	N	N	N	N	N	N	N	N	N	N	N	N	N	N	N	N	0.0000	0.0000	0.0000	0.0000	0.0000	0.0000	0.0000	0.0000	0.0000	0.0000	0.0000	0.0000	0.0000	0.0000	0.0000	0.0000	0.0000	0.0000	0.0000	0.0000	0.0000	0.0000	0.0000	0.0000	0.0000	0.0000	0.0000			0.0000	0.0000	1.0016	0.0000	1.0007	0.0000	0.0000	0.0000	0.0000	0.0000	0.0000	0.0000	0.0000	0.0000	0.0000	0.0000	0.0000	0.0000	0.0000	0.0000	0.0000	0.0000	0.0000	0.0000	0.0000	0.0000	0.0000	0.0000	0.0000	0.0000	0.0000	0.0000	0.0000	0.0000	0.0000	0.0000	0.0000	0.0000	0.0000	0.0000	0.0000	0.0000
14	57	0.0946	11	2	0	1	0	1	0	1	0	0	0	0	0	0	0	0	0	0	0	Y	N	N	N	N	N	N	N	N	N	N	N	N	N	N	N	N	N	0.0000	0.0000	0.0000	0.0000	0.0000	0.0000	0.0000	0.0000	0.0000	0.0000	0.0000	0.0000	0.0000	0.0000	0.0000	0.0000	0.0000	0.0000	0.0000	0.0000	0.0000	0.0000	0.0000	0.0000	0.0000	0.0000	0.0000			0.0000	0.0000	1.0016	0.0000	1.0007	0.0000	0.0000	0.0000	0.0000	0.0000	0.0000	0.0000	0.0000	0.0000	0.0000	0.0000	0.0000	0.0000	0.0000	0.0000	0.0000	0.0000	0.0000	0.0000	0.0000	0.0000	0.0000	0.0000	0.0000	0.0000	0.0000	0.0000	0.0000	0.0000	0.0000	0.0000	0.0000	0.0000	0.0000	0.0000	0.0000	0.0000
14	58	0.0851	10	2	0	1	0	2	0	1	0	0	0	0	0	0	0	0	0	0	0	Y	N	N	N	N	N	N	N	N	N	N	N	N	N	N	N	N	N	0.0000	0.0000	0.0000	0.0000	0.0000	0.0000	0.0000	0.0000	0.0000	0.0000	0.0000	0.0000	0.0000	0.0000	0.0000	0.0000	0.0000	0.0000	0.0000	0.0000	0.0000	0.0000	0.0000	0.0000	0.0000	0.0000	0.0000			0.0000	0.0000	1.0016	1.2118	1.0007	0.0039	0.0000	0.0000	0.0000	0.0000	0.0000	0.0000	0.0000	0.0000	0.0000	0.0000	0.0000	0.0000	0.0000	0.0000	0.0000	0.0000	0.0000	0.0000	0.0334	0.0296	0.0037	0.0059	0.0058	0.0001	0.0274	0.0238	0.0036	0.0067	0.0023	0.0044	0.0006	0.0004	0.0001	0.0062	0.0019	0.0043
15	17	0.0930	6	2	0	1	1	1	0	1	1	1	0	2	1	0	0	0	0	0	0	Y	N	N	N	Y	N	N	N	N	N	N	N	N	N	N	N	N	N	inf	inf	0.0000	inf	inf	0.0000	inf	inf	0.0000	3.5081	3.9875	0.0000	0.0008	0.0009	0.0000	3.8322	4.3897	0.0000	0.0000	0.0000	0.0000	0.0000	0.0000	0.0000	0.0000	0.0000	0.0000	0.0000		-0.4145	0.0000	4.1153	3.0000	3.8857	2.0000	0.9996	0.9996	0.0000	0.0000	0.0000	0.0000	0.9995	0.9995	0.0000	0.0000	0.0000	0.0000	0.0000	0.0000	0.0000	0.0000	0.0000	0.0000	0.2849	0.2507	0.0343	0.0241	0.0230	0.0011	0.2608	0.2277	0.0331	0.1189	0.0441	0.0748	0.0142	0.0121	0.0020	0.1047	0.0320	0.0727
15	19	0.0930	4	2	0	1	1	1	0	1	1	1	1	2	1	0	0	0	0	0	0	Y	N	N	N	Y	N	N	N	N	N	N	N	N	N	N	N	N	N	0.0000	0.0000	0.0000	0.0000	0.0000	0.0000	0.0000	0.0000	0.0000	0.0000	0.0000	0.0000	0.0000	0.0000	0.0000	0.0000	0.0000	0.0000	0.0000	0.0000	0.0000	0.0000	0.0000	0.0000	0.0000	0.0000	0.0000			0.0000	0.0000	4.1153	0.0000	3.8857	1.0000	0.0000	0.0000	0.0000	0.0000	0.0000	0.0000	0.0000	0.0000	0.0000	0.0000	0.0000	0.0000	0.0000	0.0000	0.0000	0.0000	0.0000	0.0000	0.0000	0.0000	0.0000	0.0000	0.0000	0.0000	0.0000	0.0000	0.0000	0.0248	0.0092	0.0156	0.0030	0.0026	0.0004	0.0219	0.0066	0.0152
15	20	0.0872	5	2	0	1	0	1	0	1	0	2	1	2	1	0	0	0	0	0	0	Y	N	N	N	Y	N	N	N	N	N	N	N	N	N	N	N	N	N	0.0000	0.0000	0.0000	0.0000	0.0000	0.0000	0.0000	0.0000	0.0000	0.0000	0.0000	0.0000	0.0000	0.0000	0.0000	0.0000	0.0000	0.0000	0.0000	0.0000	0.0000	0.0000	0.0000	0.0000	0.0000	0.0000	0.0000			0.0000	0.0000	4.1153	1.0000	3.8857	0.0000	0.0000	0.0000	0.0000	0.0000	0.0000	0.0000	0.0000	0.0000	0.0000	0.0000	0.0000	0.0000	0.0000	0.0000	0.0000	0.0000	0.0000	0.0000	0.0971	0.0854	0.0118	0.0082	0.0078	0.0004	0.0889	0.0776	0.0114	0.0247	0.0091	0.0156	0.0028	0.0025	0.0004	0.0219	0.0067	0.0152
15	21	0.1032	6	2	0	1	0	1	0	1	0	1	0	1	1	0	0	0	0	0	0	Y	N	N	N	N	N	N	N	N	N	N	N	N	N	N	N	N	N	2.7181	0.0000	1918110.4553	0.0000	0.0000	0.0000	720362.0348	0.0000	3624364.8709	2.4129	0.0000	20.5440	0.0000	0.0000	0.0000	2.7509	0.0000	21.0794	0.8877	2.1979	0.0000	9.6950	9.9450	0.0013	0.0000	0.0000	0.0000	inf	0.0000	0.5241	-0.0661	4.1153	3.8982	3.8857	3.1508	0.8954	0.0000	0.8954	0.0000	0.0000	0.0000	0.8954	0.0000	0.8954	0.1434	0.1434	0.0000	0.1434	0.1434	0.0000	0.0000	0.0000	0.0000	0.3711	0.3275	0.0436	0.0456	0.0445	0.0011	0.3255	0.2830	0.0425	0.1615	0.0652	0.0963	0.0148	0.0144	0.0004	0.1467	0.0508	0.0959
15	28	0.0871	4	2	0	1	0	1	0	1	0	1	0	1	0	0	0	0	0	0	0	Y	N	N	N	N	N	N	N	N	N	N	N	N	N	N	N	N	N	0.0000	0.0000	0.0000	0.0000	0.0000	0.0000	0.0000	0.0000	0.0000	0.0000	0.0000	0.0000	0.0000	0.0000	0.0000	0.0000	0.0000	0.0000	0.0000	0.0000	0.0000	0.0000	0.0000	0.0000	0.0000	0.0000	0.0000			0.0000	0.0000	4.1153	0.0000	3.8857	0.0000	0.0000	0.0000	0.0000	0.0000	0.0000	0.0000	0.0000	0.0000	0.0000	0.0000	0.0000	0.0000	0.0000	0.0000	0.0000	0.0000	0.0000	0.0000	0.0000	0.0000	0.0000	0.0000	0.0000	0.0000	0.0000	0.0000	0.0000	0.0000	0.0000	0.0000	0.0000	0.0000	0.0000	0.0000	0.0000	0.0000
15	29	0.1032	6	2	0	1	0	1	0	1	0	1	0	1	1	0	0	0	0	0	0	Y	N	N	N	N	N	N	N	N	N	N	N	N	N	N	N	N	N	0.1075	1150.0669	0.0000	484.7229	1990.0607	0.0000	0.0000	0.0000	0.0000	0.9050	1.0251	0.0000	6.4155	6.5471	0.0000	0.0000	0.0000	0.0000	8.4188	0.0009	14.9917	0.0132	0.0033	0.5549	9.5749	0.0000	15.0480	0.0000	21541.3837	-0.0431	0.4614	4.1153	1.1083	3.8857	2.8540	0.1040	0.1040	0.0000	0.1040	0.1040	0.0000	0.0000	0.0000	0.0000	0.8560	0.0000	0.8560	0.0002	0.0000	0.0001	0.8558	0.0000	0.8558	0.1150	0.1015	0.0135	0.0162	0.0159	0.0003	0.0987	0.0856	0.0131	0.1017	0.0446	0.0571	0.0123	0.0121	0.0002	0.0894	0.0325	0.0569
15	30	0.0971	5	2	0	1	0	2	0	1	0	1	1	1	1	0	0	0	0	0	0	Y	N	N	N	N	N	N	N	N	N	N	N	N	N	N	N	N	N	0.3018	0.1807	1.2100	0.4357	0.4408	0.0000	0.2800	0.0000	1.2344	1.5251	0.8640	6.4800	5.6092	5.7244	0.0000	0.8827	0.0000	6.6341	5.0529	4.7808	5.3554	12.8736	12.9866	0.1793	3.1530	0.0043	5.3743	1.0006	1.0073	0.0159	0.0100	4.1153	1.1867	3.8857	0.2815	0.1864	0.0932	0.0932	0.0932	0.0932	0.0000	0.0932	0.0000	0.0932	0.2449	0.1220	0.1229	0.1219	0.1219	0.0000	0.1229	0.0001	0.1229	0.1222	0.1078	0.0144	0.0166	0.0163	0.0003	0.1056	0.0916	0.0141	0.0485	0.0255	0.0229	0.0095	0.0094	0.0001	0.0390	0.0161	0.0229
15	32	0.1047	4	2	0	1	0	1	0	1	0	1	0	1	0	0	0	0	0	0	0	Y	N	N	N	N	N	N	N	N	N	N	N	N	N	N	N	N	N	0.5301	0.0000	3201436.7693	0.0122	0.0016	24943.9646	0.5312	0.0000	3300185.7723	2.6584	0.0001	23.3060	0.0036	0.0005	0.0734	3.1025	0.0000	24.6073	5.0151	12.1792	0.0000	0.2982	0.3527	0.0000	5.8404	17.3883	0.0000	35327.0917	0.0000	0.5967	-0.4641	4.1153	4.0243	3.8857	4.9679	1.0194	0.0000	1.0194	0.0002	0.0000	0.0002	1.0192	0.0000	1.0192	1.0071	1.0071	0.0000	0.0089	0.0089	0.0000	0.9981	0.9981	0.0000	0.3835	0.3397	0.0437	0.0550	0.0526	0.0023	0.3285	0.2871	0.0414	0.2008	0.0827	0.1181	0.0299	0.0253	0.0046	0.1709	0.0574	0.1135
15	35	0.0983	3	2	0	1	0	2	0	1	0	1	0	1	0	0	0	0	0	0	0	Y	N	N	N	N	N	N	N	N	N	N	N	N	N	N	N	N	N	24.8972	0.0059	5108.2728	0.0855	0.0717	21.6091	27.0186	0.0021	5205.2633	7.8345	0.0038	73.6068	0.0121	0.0111	0.0472	9.6174	0.0019	77.2181	0.3147	0.6355	0.0144	0.1418	0.1556	0.0022	0.3560	0.9087	0.0148	2322.1080	0.0242	0.5726	-0.0047	4.1153	1.0742	3.8857	0.1055	0.9790	0.0004	0.9786	0.0003	0.0003	0.0000	0.9787	0.0002	0.9785	0.0108	0.0106	0.0003	0.0009	0.0009	0.0000	0.0099	0.0096	0.0003	0.1250	0.1117	0.0133	0.0232	0.0226	0.0006	0.1018	0.0891	0.0127	0.0343	0.0166	0.0177	0.0066	0.0060	0.0006	0.0277	0.0106	0.0171
15	36	0.0930	6	2	0	1	0	1	0	1	0	1	0	2	1	0	0	0	0	0	0	Y	N	N	N	Y	N	N	N	N	N	N	N	N	N	N	N	N	N	0.0000	0.0000	0.0000	0.0000	0.0000	0.0000	0.0000	0.0000	0.0000	0.0000	0.0000	0.0000	0.0000	0.0000	0.0000	0.0000	0.0000	0.0000	0.0012	0.0034	0.0000	0.0105	0.0123	0.0000	0.0000	0.0000	0.0000		0.0000	0.0000	-0.0001	4.1153	3.0000	3.8857	5.0000	0.0000	0.0000	0.0000	0.0000	0.0000	0.0000	0.0000	0.0000	0.0000	0.0002	0.0002	0.0000	0.0002	0.0002	0.0000	0.0000	0.0000	0.0000	0.2849	0.2507	0.0343	0.0241	0.0230	0.0011	0.2608	0.2277	0.0331	0.1842	0.0685	0.1157	0.0218	0.0187	0.0032	0.1623	0.0498	0.1125
15	37	0.0930	5	2	0	1	0	1	0	1	0	1	1	2	1	0	0	0	0	0	0	Y	N	N	N	Y	N	N	N	N	N	N	N	N	N	N	N	N	N	0.0000	0.0000	0.0000	0.0000	0.0000	0.0000	0.0000	0.0000	0.0000	0.0000	0.0000	0.0000	0.0000	0.0000	0.0000	0.0000	0.0000	0.0000	0.0000	0.0000	0.0000	0.0000	0.0000	0.0000	0.0000	0.0000	0.0000			0.0000	0.0000	4.1153	0.0000	3.8857	0.0000	0.0000	0.0000	0.0000	0.0000	0.0000	0.0000	0.0000	0.0000	0.0000	0.0000	0.0000	0.0000	0.0000	0.0000	0.0000	0.0000	0.0000	0.0000	0.0000	0.0000	0.0000	0.0000	0.0000	0.0000	0.0000	0.0000	0.0000	0.0000	0.0000	0.0000	0.0000	0.0000	0.0000	0.0000	0.0000	0.0000
15	38	0.0930	4	2	0	1	0	1	0	1	0	1	0	2	0	0	0	0	0	0	0	Y	N	N	N	Y	N	N	N	N	N	N	N	N	N	N	N	N	N	0.0000	0.0000	0.0000	0.0000	0.0000	0.0000	0.0000	0.0000	0.0000	0.0000	0.0000	0.0000	0.0000	0.0000	0.0000	0.0000	0.0000	0.0000	0.0000	0.0000	0.0000	0.0000	0.0000	0.0000	0.0000	0.0000	0.0000			0.0000	0.0000	4.1153	0.0000	3.8857	0.0000	0.0000	0.0000	0.0000	0.0000	0.0000	0.0000	0.0000	0.0000	0.0000	0.0000	0.0000	0.0000	0.0000	0.0000	0.0000	0.0000	0.0000	0.0000	0.0000	0.0000	0.0000	0.0000	0.0000	0.0000	0.0000	0.0000	0.0000	0.0000	0.0000	0.0000	0.0000	0.0000	0.0000	0.0000	0.0000	0.0000
15	39	0.0871	3	2	0	1	0	1	0	1	0	2	0	2	0	0	0	0	0	0	0	Y	N	N	N	Y	N	N	N	N	N	N	N	N	N	N	N	N	N	0.0000	0.0000	0.0000	0.0000	0.0000	0.0000	0.0000	0.0000	0.0000	0.0000	0.0000	0.0000	0.0000	0.0000	0.0000	0.0000	0.0000	0.0000	0.0000	0.0000	0.0000	0.0000	0.0000	0.0000	0.0000	0.0000	0.0000			0.0000	0.0000	4.1153	0.0000	3.8857	1.0000	0.0000	0.0000	0.0000	0.0000	0.0000	0.0000	0.0000	0.0000	0.0000	0.0000	0.0000	0.0000	0.0000	0.0000	0.0000	0.0000	0.0000	0.0000	0.0000	0.0000	0.0000	0.0000	0.0000	0.0000	0.0000	0.0000	0.0000	0.0247	0.0091	0.0156	0.0028	0.0025	0.0004	0.0219	0.0067	0.0152
15	41	0.0932	5	2	0	1	0	2	0	1	0	1	0	1	0	0	0	0	0	0	0	Y	N	N	N	N	N	N	N	N	N	N	N	N	N	N	N	N	N	0.5684	0.2483	0.8829	23.4583	22.4683	84.6079	0.4950	0.1993	0.8894	0.0246	0.0270	0.0062	0.0403	0.0413	0.0035	0.0225	0.0249	0.0063	0.0432	0.1089	0.0070	0.0017	0.0018	0.0000	0.0454	0.1250	0.0071	0.0308	0.1169	-0.0009	-0.0007	4.1153	1.0068	3.8857	1.0688	0.0024	0.0023	0.0001	0.0005	0.0005	0.0000	0.0019	0.0019	0.0001	0.0020	0.0018	0.0002	0.0000	0.0000	0.0000	0.0020	0.0018	0.0002	0.0982	0.0866	0.0116	0.0116	0.0112	0.0003	0.0867	0.0754	0.0113	0.0463	0.0165	0.0299	0.0023	0.0022	0.0002	0.0440	0.0143	0.0297
15	45	0.1049	8	2	0	1	1	1	0	1	1	1	0	2	1	0	0	0	0	0	0	Y	N	N	N	Y	N	N	N	N	N	N	N	N	N	N	N	N	N	0.0000	0.0000	0.0000	0.0000	0.0000	0.0000	0.0000	0.0000	0.0000	0.0000	0.0000	0.0000	0.0000	0.0000	0.0000	0.0000	0.0000	0.0000	0.0000	0.0000	0.0000	0.0001	0.0001	0.0000	0.0000	0.0000	0.0000		0.0000	0.0000	-0.0000	4.1153	0.9998	3.8857	0.0048	0.0000	0.0000	0.0000	0.0000	0.0000	0.0000	0.0000	0.0000	0.0000	0.0000	0.0000	0.0000	0.0000	0.0000	0.0000	0.0000	0.0000	0.0000	0.0977	0.0860	0.0117	0.0110	0.0104	0.0006	0.0868	0.0756	0.0111	0.0251	0.0094	0.0157	0.0031	0.0027	0.0004	0.0220	0.0067	0.0153
15	46	0.0990	7	2	0	1	0	1	0	1	0	1	0	2	1	0	0	0	0	0	0	Y	N	N	N	Y	N	N	N	N	N	N	N	N	N	N	N	N	N	0.0000	0.0000	0.0000	0.0000	0.0000	0.0000	0.0000	0.0000	0.0000	0.0000	0.0000	0.0000	0.0000	0.0000	0.0000	0.0000	0.0000	0.0000	0.0031	0.0085	0.0000	0.0252	0.0288	0.0000	0.0000	0.0000	0.0000		0.0001	0.0000	-0.0000	4.1153	0.0006	3.8857	0.9846	0.0000	0.0000	0.0000	0.0000	0.0000	0.0000	0.0000	0.0000	0.0000	0.0001	0.0001	0.0000	0.0001	0.0001	0.0000	0.0000	0.0000	0.0000	0.0001	0.0001	0.0000	0.0000	0.0000	0.0000	0.0001	0.0001	0.0000	0.0250	0.0093	0.0157	0.0031	0.0027	0.0004	0.0219	0.0065	0.0153
15	47	0.0872	6	2	0	1	0	1	0	1	0	1	1	2	1	0	0	0	0	0	0	Y	N	N	N	Y	N	N	N	N	N	N	N	N	N	N	N	N	N	0.0000	0.0000	0.0000	0.0000	0.0000	0.0000	0.0000	0.0000	0.0000	0.0000	0.0000	0.0000	0.0000	0.0000	0.0000	0.0000	0.0000	0.0000	0.0000	0.0001	0.0000	0.0002	0.0003	0.0000	0.0000	0.0000	0.0000		0.0000	0.0000	-0.0000	4.1153	1.9996	3.8857	0.0187	0.0000	0.0000	0.0000	0.0000	0.0000	0.0000	0.0000	0.0000	0.0000	0.0000	0.0000	0.0000	0.0000	0.0000	0.0000	0.0000	0.0000	0.0000	0.1921	0.1689	0.0232	0.0162	0.0155	0.0008	0.1758	0.1534	0.0224	0.0494	0.0182	0.0312	0.0057	0.0049	0.0008	0.0437	0.0133	0.0304
15	48	0.0872	5	2	0	1	0	1	0	1	0	2	0	2	0	0	0	0	0	0	0	Y	N	N	N	Y	N	N	N	N	N	N	N	N	N	N	N	N	N	0.0000	0.0000	0.0000	0.0000	0.0000	0.0000	0.0000	0.0000	0.0000	0.0000	0.0000	0.0000	0.0000	0.0000	0.0000	0.0000	0.0000	0.0000	0.0000	0.0000	0.0000	0.0000	0.0000	0.0000	0.0000	0.0000	0.0000			0.0000	0.0000	4.1153	0.0000	3.8857	0.0000	0.0000	0.0000	0.0000	0.0000	0.0000	0.0000	0.0000	0.0000	0.0000	0.0000	0.0000	0.0000	0.0000	0.0000	0.0000	0.0000	0.0000	0.0000	0.0000	0.0000	0.0000	0.0000	0.0000	0.0000	0.0000	0.0000	0.0000	0.0000	0.0000	0.0000	0.0000	0.0000	0.0000	0.0000	0.0000	0.0000
15	56	0.0871	4	2	0	1	0	1	0	1	0	1	0	1	0	0	0	0	0	0	0	Y	N	N	N	N	N	N	N	N	N	N	N	N	N	N	N	N	N	0.0000	0.0000	0.0000	0.0000	0.0000	0.0000	0.0000	0.0000	0.0000	0.0000	0.0000	0.0000	0.0000	0.0000	0.0000	0.0000	0.0000	0.0000	0.0000	0.0000	0.0000	0.0000	0.0000	0.0000	0.0000	0.0000	0.0000			0.0000	0.0000	4.1153	0.0000	3.8857	0.0000	0.0000	0.0000	0.0000	0.0000	0.0000	0.0000	0.0000	0.0000	0.0000	0.0000	0.0000	0.0000	0.0000	0.0000	0.0000	0.0000	0.0000	0.0000	0.0000	0.0000	0.0000	0.0000	0.0000	0.0000	0.0000	0.0000	0.0000	0.0000	0.0000	0.0000	0.0000	0.0000	0.0000	0.0000	0.0000	0.0000
15	57	0.0871	3	2	0	1	0	1	0	1	0	1	0	1	0	0	0	0	0	0	0	Y	N	N	N	N	N	N	N	N	N	N	N	N	N	N	N	N	N	0.0000	0.0000	0.0000	0.0000	0.0000	0.0000	0.0000	0.0000	0.0000	0.0000	0.0000	0.0000	0.0000	0.0000	0.0000	0.0000	0.0000	0.0000	0.0000	0.0000	0.0000	0.0000	0.0000	0.0000	0.0000	0.0000	0.0000			0.0000	0.0000	4.1153	0.0000	3.8857	0.0000	0.0000	0.0000	0.0000	0.0000	0.0000	0.0000	0.0000	0.0000	0.0000	0.0000	0.0000	0.0000	0.0000	0.0000	0.0000	0.0000	0.0000	0.0000	0.0000	0.0000	0.0000	0.0000	0.0000	0.0000	0.0000	0.0000	0.0000	0.0000	0.0000	0.0000	0.0000	0.0000	0.0000	0.0000	0.0000	0.0000
15	58	0.0777	2	2	0	1	0	2	0	1	0	1	0	1	0	0	0	0	0	0	0	Y	N	N	N	N	N	N	N	N	N	N	N	N	N	N	N	N	N	3.5154	0.0465	211456.7494	0.0172	0.0152	0.0000	115679.9999	14221.1455	227274.2960	0.1676	0.0059	0.6042	0.0063	0.0064	0.0000	0.2301	0.0056	0.6095	0.0477	0.1264	0.0000	0.3686	0.4192	0.0000	0.0000	0.0000	0.0000	38.0492	0.0000	0.0208	-0.0007	4.1153	1.2118	3.8857	0.0039	0.0372	0.0010	0.0362	0.0004	0.0004	0.0000	0.0368	0.0006	0.0362	0.0015	0.0015	0.0000	0.0015	0.0015	0.0000	0.0000	0.0000	0.0000	0.2218	0.1618	0.0599	0.0620	0.0615	0.0005	0.1597	0.1003	0.0594	0.0311	0.0117	0.0194	0.0040	0.0035	0.0005	0.0270	0.0082	0.0189
17	19	0.0303	3	2	0	0	2	0	0	0	2	0	1	2	2	0	0	0	0	0	0	Y	N	N	Y	Y	Y	N	N	N	N	N	N	N	N	N	N	N	N	0.0000	0.0000	0.0000	0.0000	0.0000	0.0000	0.0000	0.0000	0.0000	0.0000	0.0000	0.0000	0.0000	0.0000	0.0000	0.0000	0.0000	0.0000	0.0000	0.0000	0.0000	0.0000	0.0000	0.0000	0.0000	0.0000	0.0000			0.0000	0.0000	3.0000	0.0000	2.0000	1.0000	0.0000	0.0000	0.0000	0.0000	0.0000	0.0000	0.0000	0.0000	0.0000	0.0000	0.0000	0.0000	0.0000	0.0000	0.0000	0.0000	0.0000	0.0000	0.0000	0.0000	0.0000	0.0000	0.0000	0.0000	0.0000	0.0000	0.0000	0.0149	0.0050	0.0099	0.0000	0.0000	0.0000	0.0149	0.0050	0.0099
17	20	0.0361	6	2	0	0	1	0	0	0	1	1	1	2	2	0	0	0	0	0	0	Y	N	N	N	Y	Y	N	N	N	N	N	N	N	N	N	N	N	N	0.0000	0.0000	0.0000	0.0000	0.0000	0.0000	0.0000	0.0000	0.0000	0.0000	0.0000	0.0000	0.0000	0.0000	0.0000	0.0000	0.0000	0.0000	0.0000	0.0000	0.0000	0.0000	0.0000	0.0000	0.0000	0.0000	0.0000			0.0000	0.0000	3.0000	1.0000	2.0000	0.0000	0.0000	0.0000	0.0000	0.0000	0.0000	0.0000	0.0000	0.0000	0.0000	0.0000	0.0000	0.0000	0.0000	0.0000	0.0000	0.0000	0.0000	0.0000	0.0668	0.0582	0.0086	0.0000	0.0000	0.0000	0.0668	0.0582	0.0086	0.0147	0.0049	0.0098	0.0001	0.0001	0.0000	0.0146	0.0048	0.0098
17	21	0.1167	11	2	0	0	1	0	0	0	1	0	0	1	2	0	0	0	0	0	0	Y	N	N	N	N	Y	N	N	N	N	N	N	N	N	N	N	N	N	inf	0.0000	inf	0.0000	0.0000	0.0000	inf	0.0000	inf	0.0003	0.0000	0.0024	0.0000	0.0000	0.0000	0.0003	0.0000	0.0025	0.0000	0.0000	0.0000	0.0000	0.0000	0.0000	0.0000	0.0000	0.0000	inf		0.0000	0.0000	3.0000	3.8982	2.0000	3.1508	0.0001	0.0000	0.0001	0.0000	0.0000	0.0000	0.0001	0.0000	0.0001	0.0000	0.0000	0.0000	0.0000	0.0000	0.0000	0.0000	0.0000	0.0000	0.2453	0.2160	0.0293	0.0268	0.0257	0.0011	0.2185	0.1903	0.0282	0.0964	0.0396	0.0569	0.0126	0.0107	0.0020	0.0838	0.0289	0.0549
17	22	0.0598	10	2	0	1	2	0	0	0	2	0	0	2	2	0	0	0	0	0	0	Y	N	N	Y	Y	Y	N	N	N	N	N	N	N	N	N	N	N	N	0.0000	0.0000	0.0000	0.0000	0.0000	0.0000	0.0000	0.0000	0.0000	0.0000	0.0000	0.0000	0.0000	0.0000	0.0000	0.0000	0.0000	0.0000	0.0000	0.0000	0.0000	0.0000	0.0000	0.0000	0.0000	0.0000	0.0000			0.0000	0.0000	3.0000	0.0000	2.0000	0.0000	0.0000	0.0000	0.0000	0.0000	0.0000	0.0000	0.0000	0.0000	0.0000	0.0000	0.0000	0.0000	0.0000	0.0000	0.0000	0.0000	0.0000	0.0000	0.0000	0.0000	0.0000	0.0000	0.0000	0.0000	0.0000	0.0000	0.0000	0.0000	0.0000	0.0000	0.0000	0.0000	0.0000	0.0000	0.0000	0.0000
17	23	0.0598	10	2	0	1	1	0	0	0	1	0	0	2	2	0	0	0	0	0	0	Y	N	N	N	Y	Y	N	N	N	N	N	N	N	N	N	N	N	N	0.0000	0.0000	0.0000	0.0000	0.0000	0.0000	0.0000	0.0000	0.0000	0.0000	0.0000	0.0000	0.0000	0.0000	0.0000	0.0000	0.0000	0.0000	0.0000	0.0000	0.0000	0.0000	0.0000	0.0000	0.0000	0.0000	0.0000			0.0000	0.0000	3.0000	0.0000	2.0000	0.0000	0.0000	0.0000	0.0000	0.0000	0.0000	0.0000	0.0000	0.0000	0.0000	0.0000	0.0000	0.0000	0.0000	0.0000	0.0000	0.0000	0.0000	0.0000	0.0000	0.0000	0.0000	0.0000	0.0000	0.0000	0.0000	0.0000	0.0000	0.0000	0.0000	0.0000	0.0000	0.0000	0.0000	0.0000	0.0000	0.0000
17	24	0.0539	9	2	0	1	1	0	0	1	1	0	0	2	2	0	0	0	0	0	0	Y	N	N	N	Y	Y	N	N	N	N	N	N	N	N	N	N	N	N	0.0000	0.0000	0.0000	0.0000	0.0000	0.0000	0.0000	0.0000	0.0000	0.0000	0.0000	0.0000	0.0000	0.0000	0.0000	0.0000	0.0000	0.0000	0.0000	0.0000	0.0000	0.0000	0.0000	0.0000	0.0000	0.0000	0.0000			0.0000	0.0000	3.0000	0.0002	2.0000	1.0022	0.0000	0.0000	0.0000	0.0000	0.0000	0.0000	0.0000	0.0000	0.0000	0.0000	0.0000	0.0000	0.0000	0.0000	0.0000	0.0000	0.0000	0.0000	0.0000	0.0000	0.0000	0.0000	0.0000	0.0000	0.0000	0.0000	0.0000	0.0149	0.0050	0.0099	0.0002	0.0002	0.0000	0.0147	0.0049	0.0098
17	25	0.1635	10	2	0	1	1	0	0	0	1	0	0	2	1	0	0	0	0	0	0	Y	N	N	N	Y	N	N	N	N	N	N	N	N	N	N	N	N	N	0.0000	0.0000	0.0000	0.0000	0.0000	0.0000	0.0000	0.0000	0.0000	0.0000	0.0000	0.0000	0.0000	0.0000	0.0000	0.0000	0.0000	0.0000	0.0000	0.0000	0.0000	0.0000	0.0000	0.0000	0.0000	0.0000	0.0000			0.0000	0.0000	3.0000	1.1515	2.0000	1.0047	0.0000	0.0000	0.0000	0.0000	0.0000	0.0000	0.0000	0.0000	0.0000	0.0000	0.0000	0.0000	0.0000	0.0000	0.0000	0.0000	0.0000	0.0000	0.0964	0.0866	0.0098	0.0213	0.0207	0.0006	0.0751	0.0659	0.0092	0.0291	0.0114	0.0178	0.0053	0.0041	0.0012	0.0238	0.0072	0.0166
17	26	0.0721	7	2	0	1	1	1	0	1	1	1	0	2	1	0	0	0	0	0	0	Y	N	N	N	Y	N	N	N	N	N	N	N	N	N	N	N	N	N	inf	inf	0.0000	inf	inf	0.0000	0.0000	0.0000	0.0000	0.0000	0.0000	0.0000	0.0003	0.0003	0.0000	0.0000	0.0000	0.0000	0.0000	0.0000	0.0000	0.0000	0.0000	0.0000	0.0000	0.0000	0.0000	0.0000		-0.0000	0.0000	3.0000	8.9852	2.0000	5.9578	0.0000	0.0000	0.0000	0.0000	0.0000	0.0000	0.0000	0.0000	0.0000	0.0000	0.0000	0.0000	0.0000	0.0000	0.0000	0.0000	0.0000	0.0000	0.5521	0.4851	0.0670	0.0303	0.0289	0.0014	0.5218	0.4562	0.0656	0.1824	0.0656	0.1168	0.0029	0.0025	0.0004	0.1795	0.0632	0.1163
17	27	0.0361	6	2	0	1	1	0	0	1	1	0	0	1	1	0	0	0	0	0	0	Y	N	N	N	N	N	N	N	N	N	N	N	N	N	N	N	N	N	0.0000	0.0000	0.0000	0.0000	0.0000	0.0000	0.0000	0.0000	0.0000	0.0000	0.0000	0.0000	0.0000	0.0000	0.0000	0.0000	0.0000	0.0000	0.0000	0.0000	0.0000	0.0000	0.0000	0.0000	0.0000	0.0000	0.0000			0.0000	0.0000	3.0000	0.0000	2.0000	2.0000	0.0000	0.0000	0.0000	0.0000	0.0000	0.0000	0.0000	0.0000	0.0000	0.0000	0.0000	0.0000	0.0000	0.0000	0.0000	0.0000	0.0000	0.0000	0.0000	0.0000	0.0000	0.0000	0.0000	0.0000	0.0000	0.0000	0.0000	0.0291	0.0097	0.0194	0.0002	0.0001	0.0000	0.0290	0.0096	0.0194
17	28	0.0361	5	2	0	0	1	0	0	0	1	0	0	1	1	0	0	0	0	0	0	Y	N	N	N	N	N	N	N	N	N	N	N	N	N	N	N	N	N	0.0000	0.0000	0.0000	0.0000	0.0000	0.0000	0.0000	0.0000	0.0000	0.0000	0.0000	0.0000	0.0000	0.0000	0.0000	0.0000	0.0000	0.0000	0.0000	0.0000	0.0000	0.0000	0.0000	0.0000	0.0000	0.0000	0.0000			0.0000	0.0000	3.0000	0.0000	2.0000	0.0000	0.0000	0.0000	0.0000	0.0000	0.0000	0.0000	0.0000	0.0000	0.0000	0.0000	0.0000	0.0000	0.0000	0.0000	0.0000	0.0000	0.0000	0.0000	0.0000	0.0000	0.0000	0.0000	0.0000	0.0000	0.0000	0.0000	0.0000	0.0000	0.0000	0.0000	0.0000	0.0000	0.0000	0.0000	0.0000	0.0000
17	29	0.1167	11	2	0	0	1	0	0	0	1	0	0	1	2	0	0	0	0	0	0	Y	N	N	N	N	Y	N	N	N	N	N	N	N	N	N	N	N	N	inf	0.0000	inf	0.0000	0.0000	0.0000	inf	0.0000	inf	0.0009	0.0000	0.0078	0.0000	0.0000	0.0000	0.0011	0.0000	0.0080	0.0000	0.0000	0.0000	0.0000	0.0000	0.0000	0.0000	0.0000	0.0000	inf		0.0000	0.0000	3.0000	1.1083	2.0000	2.8540	0.0001	0.0000	0.0001	0.0000	0.0000	0.0000	0.0001	0.0000	0.0001	0.0000	0.0000	0.0000	0.0000	0.0000	0.0000	0.0000	0.0000	0.0000	0.0763	0.0673	0.0090	0.0099	0.0096	0.0003	0.0664	0.0577	0.0087	0.0610	0.0273	0.0337	0.0098	0.0086	0.0012	0.0512	0.0187	0.0325
17	30	0.1106	10	2	0	0	1	1	0	0	1	0	1	1	2	0	0	0	0	0	0	Y	N	N	N	N	Y	N	N	N	N	N	N	N	N	N	N	N	N	20.4023	0.4729	inf	1.4347	1.3825	0.0000	inf	0.0000	inf	0.0487	0.0021	0.3939	0.0149	0.0154	0.0000	0.0535	0.0000	0.4074	0.0024	0.0044	0.0000	0.0104	0.0112	0.0000	0.0000	0.0000	0.0000	25.3767	0.0000	0.0022	-0.0000	3.0000	1.1867	2.0000	0.2815	0.0039	0.0001	0.0038	0.0001	0.0001	0.0000	0.0038	0.0000	0.0038	0.0001	0.0001	0.0000	0.0001	0.0001	0.0000	0.0000	0.0000	0.0000	0.0810	0.0714	0.0096	0.0100	0.0097	0.0003	0.0710	0.0617	0.0093	0.0293	0.0158	0.0135	0.0067	0.0063	0.0005	0.0226	0.0095	0.0131
17	32	0.0725	7	2	0	0	1	0	0	0	1	0	0	1	1	0	0	0	0	0	0	Y	N	N	N	N	N	N	N	N	N	N	N	N	N	N	N	N	N	inf	inf	0.0000	inf	inf	0.0000	inf	inf	0.0000	0.0860	0.0982	0.0000	0.1219	0.1280	0.0000	0.0840	0.0965	0.0000	0.0000	0.0000	0.0000	0.0000	0.0000	0.0000	0.0000	0.0000	0.0000	0.0000		-0.0090	0.0000	3.0000	4.0243	2.0000	4.9679	0.0217	0.0217	0.0000	0.0016	0.0016	0.0000	0.0201	0.0201	0.0000	0.0000	0.0000	0.0000	0.0000	0.0000	0.0000	0.0000	0.0000	0.0000	0.2524	0.2209	0.0315	0.0129	0.0123	0.0006	0.2395	0.2086	0.0309	0.1159	0.0437	0.0722	0.0033	0.0030	0.0003	0.1126	0.0407	0.0718
17	34	0.0725	7	2	0	1	1	0	0	1	1	0	0	1	1	0	0	0	0	0	0	Y	N	N	N	N	N	N	N	N	N	N	N	N	N	N	N	N	N	inf	inf	inf	inf	inf	0.0000	inf	inf	inf	5.2621	0.1198	41.2959	0.0167	0.0175	0.0000	5.5534	0.1260	42.1119	0.0000	0.0000	0.0000	0.0000	0.0000	0.0000	0.0000	0.0000	0.0000	49.1921		0.5761	0.0000	3.0000	3.0233	2.0000	2.0370	1.0189	0.0203	0.9986	0.0002	0.0002	0.0000	1.0187	0.0201	0.9986	0.0000	0.0000	0.0000	0.0000	0.0000	0.0000	0.0000	0.0000	0.0000	0.1936	0.1694	0.0242	0.0102	0.0097	0.0005	0.1834	0.1597	0.0237	0.0706	0.0278	0.0428	0.0031	0.0029	0.0002	0.0675	0.0249	0.0425
17	35	0.0662	6	2	0	0	1	1	0	0	1	0	0	1	1	0	0	0	0	0	0	Y	N	N	N	N	N	N	N	N	N	N	N	N	N	N	N	N	N	inf	inf	inf	inf	inf	0.0000	inf	inf	inf	11.7032	13.1553	0.1497	0.0033	0.0034	0.0000	13.1945	15.0377	0.1522	0.0000	0.0000	0.0000	0.0000	0.0000	0.0000	0.0000	0.0000	0.0000	0.0014		-0.4051	0.0000	3.0000	1.0742	2.0000	0.1055	0.9802	0.9788	0.0014	0.0000	0.0000	0.0000	0.9802	0.9788	0.0014	0.0000	0.0000	0.0000	0.0000	0.0000	0.0000	0.0000	0.0000	0.0000	0.0838	0.0744	0.0094	0.0095	0.0093	0.0002	0.0743	0.0651	0.0092	0.0203	0.0094	0.0109	0.0020	0.0020	0.0000	0.0182	0.0074	0.0108
17	40	0.1215	11	2	0	1	1	0	0	1	1	0	0	1	1	0	0	0	0	0	0	Y	N	N	N	N	N	N	N	N	N	N	N	N	N	N	N	N	N	0.0000	0.0000	0.0000	0.0000	0.0000	0.0000	0.0000	0.0000	0.0000	0.0000	0.0000	0.0000	0.0000	0.0000	0.0000	0.0000	0.0000	0.0000	0.0153	0.0427	0.0000	0.1728	0.2245	0.0000	0.0000	0.0000	0.0000		0.0000	0.0000	-0.0012	3.0000	9.0556	2.0000	5.2001	0.0000	0.0000	0.0000	0.0000	0.0000	0.0000	0.0000	0.0000	0.0000	0.0026	0.0026	0.0000	0.0026	0.0026	0.0000	0.0000	0.0000	0.0000	0.5304	0.4684	0.0620	0.0602	0.0577	0.0025	0.4702	0.4107	0.0595	0.1672	0.0597	0.1075	0.0148	0.0114	0.0034	0.1524	0.0483	0.1040
17	41	0.1066	10	2	0	0	1	1	0	0	1	0	0	1	1	0	0	0	0	0	0	Y	N	N	N	N	N	N	N	N	N	N	N	N	N	N	N	N	N	0.0000	0.0000	0.0000	0.0000	0.0000	0.0000	0.0000	0.0000	0.0000	0.0000	0.0000	0.0000	0.0000	0.0000	0.0000	0.0000	0.0000	0.0000	0.0933	0.2683	0.0022	0.0000	0.0000	0.0000	0.1015	0.3245	0.0023		0.0159	0.0000	-0.0011	3.0000	1.0068	2.0000	1.0688	0.0000	0.0000	0.0000	0.0000	0.0000	0.0000	0.0000	0.0000	0.0000	0.0026	0.0025	0.0000	0.0000	0.0000	0.0000	0.0026	0.0025	0.0000	0.0647	0.0570	0.0078	0.0066	0.0063	0.0003	0.0582	0.0507	0.0075	0.0273	0.0094	0.0180	0.0022	0.0016	0.0006	0.0251	0.0077	0.0174
17	42	0.1187	14	1	0	0	1	0	0	0	1	0	1	1	2	0	0	0	0	0	0	N	N	N	N	N	Y	N	N	N	N	N	N	N	N	N	N	N	N	0.0000	0.0000	0.0000	0.0000	0.0000	0.0000	0.0000	0.0000	0.0000	0.0000	0.0000	0.0000	0.0000	0.0000	0.0000	0.0000	0.0000	0.0000	0.0000	0.0000	0.0000	0.0000	0.0000	0.0000	0.0000	0.0000	0.0000			0.0000	0.0000	3.0000	0.9984	2.0000	0.0033	0.0000	0.0000	0.0000	0.0000	0.0000	0.0000	0.0000	0.0000	0.0000	0.0000	0.0000	0.0000	0.0000	0.0000	0.0000	0.0000	0.0000	0.0000	0.0631	0.0554	0.0077	0.0058	0.0055	0.0003	0.0573	0.0499	0.0074	0.0135	0.0047	0.0088	0.0012	0.0009	0.0003	0.0123	0.0038	0.0085
17	45	0.0539	9	2	0	0	2	0	0	0	2	0	0	2	2	0	0	0	0	0	0	Y	N	N	Y	Y	Y	N	N	N	N	N	N	N	N	N	N	N	N	0.0000	0.0000	0.0000	0.0000	0.0000	0.0000	0.0000	0.0000	0.0000	0.0000	0.0000	0.0000	0.0000	0.0000	0.0000	0.0000	0.0000	0.0000	0.0000	0.0000	0.0000	0.0000	0.0000	0.0000	0.0000	0.0000	0.0000			0.0000	0.0000	3.0000	0.9998	2.0000	0.0048	0.0000	0.0000	0.0000	0.0000	0.0000	0.0000	0.0000	0.0000	0.0000	0.0000	0.0000	0.0000	0.0000	0.0000	0.0000	0.0000	0.0000	0.0000	0.0672	0.0587	0.0086	0.0020	0.0019	0.0001	0.0652	0.0568	0.0084	0.0149	0.0051	0.0099	0.0002	0.0002	0.0000	0.0147	0.0049	0.0099
17	46	0.0480	8	2	0	0	1	0	0	0	1	0	0	2	2	0	0	0	0	0	0	Y	N	N	N	Y	Y	N	N	N	N	N	N	N	N	N	N	N	N	0.0000	0.0000	0.0000	0.0000	0.0000	0.0000	0.0000	0.0000	0.0000	0.0000	0.0000	0.0000	0.0000	0.0000	0.0000	0.0000	0.0000	0.0000	0.0000	0.0000	0.0000	0.0000	0.0000	0.0000	0.0000	0.0000	0.0000			0.0000	0.0000	3.0000	0.0006	2.0000	0.9846	0.0000	0.0000	0.0000	0.0000	0.0000	0.0000	0.0000	0.0000	0.0000	0.0000	0.0000	0.0000	0.0000	0.0000	0.0000	0.0000	0.0000	0.0000	0.0001	0.0001	0.0000	0.0000	0.0000	0.0000	0.0001	0.0001	0.0000	0.0149	0.0050	0.0099	0.0003	0.0003	0.0000	0.0146	0.0048	0.0099
17	47	0.0361	7	2	0	0	1	0	0	0	1	0	1	2	2	0	0	0	0	0	0	Y	N	N	N	Y	Y	N	N	N	N	N	N	N	N	N	N	N	N	0.0000	0.0000	0.0000	0.0000	0.0000	0.0000	0.0000	0.0000	0.0000	0.0000	0.0000	0.0000	0.0000	0.0000	0.0000	0.0000	0.0000	0.0000	0.0000	0.0000	0.0000	0.0000	0.0000	0.0000	0.0000	0.0000	0.0000			0.0000	0.0000	3.0000	1.9996	2.0000	0.0187	0.0000	0.0000	0.0000	0.0000	0.0000	0.0000	0.0000	0.0000	0.0000	0.0000	0.0000	0.0000	0.0000	0.0000	0.0000	0.0000	0.0000	0.0000	0.1320	0.1151	0.0169	0.0000	0.0000	0.0000	0.1320	0.1151	0.0169	0.0294	0.0098	0.0196	0.0002	0.0001	0.0000	0.0292	0.0096	0.0196
17	48	0.0361	6	2	0	0	1	0	0	0	1	1	0	2	1	0	0	0	0	0	0	Y	N	N	N	Y	N	N	N	N	N	N	N	N	N	N	N	N	N	0.0000	0.0000	0.0000	0.0000	0.0000	0.0000	0.0000	0.0000	0.0000	0.0000	0.0000	0.0000	0.0000	0.0000	0.0000	0.0000	0.0000	0.0000	0.0000	0.0000	0.0000	0.0000	0.0000	0.0000	0.0000	0.0000	0.0000			0.0000	0.0000	3.0000	0.0000	2.0000	0.0000	0.0000	0.0000	0.0000	0.0000	0.0000	0.0000	0.0000	0.0000	0.0000	0.0000	0.0000	0.0000	0.0000	0.0000	0.0000	0.0000	0.0000	0.0000	0.0000	0.0000	0.0000	0.0000	0.0000	0.0000	0.0000	0.0000	0.0000	0.0000	0.0000	0.0000	0.0000	0.0000	0.0000	0.0000	0.0000	0.0000
17	50	0.1142	10	2	0	1	1	0	0	0	1	0	0	1	1	0	0	0	0	0	0	Y	N	N	N	N	N	N	N	N	N	N	N	N	N	N	N	N	N	0.0000	0.0000	0.0000	0.0000	0.0000	0.0000	0.0000	0.0000	0.0000	0.0000	0.0000	0.0000	0.0000	0.0000	0.0000	0.0000	0.0000	0.0000	0.0000	0.0000	0.0000	0.0000	0.0000	0.0000	0.0000	0.0000	0.0000			0.0000	0.0000	3.0000	3.0380	2.0000	0.0352	0.0000	0.0000	0.0000	0.0000	0.0000	0.0000	0.0000	0.0000	0.0000	0.0000	0.0000	0.0000	0.0000	0.0000	0.0000	0.0000	0.0000	0.0000	0.1931	0.1700	0.0231	0.0214	0.0205	0.0009	0.1717	0.1495	0.0222	0.0418	0.0156	0.0262	0.0054	0.0044	0.0010	0.0364	0.0112	0.0252
17	51	0.1001	9	2	0	1	1	1	0	1	1	0	0	1	1	0	0	0	0	0	0	Y	N	N	N	N	N	N	N	N	N	N	N	N	N	N	N	N	N	inf	inf	0.0000	inf	inf	0.0000	0.0000	0.0000	0.0000	0.0170	0.0193	0.0000	0.1685	0.1749	0.0000	0.0000	0.0000	0.0000	0.0000	0.0000	0.0000	0.0000	0.0000	0.0000	0.0000	0.0000	0.0000	0.0000		-0.0005	0.0000	3.0000	1.0494	2.0000	1.5573	0.0012	0.0012	0.0000	0.0012	0.0012	0.0000	0.0000	0.0000	0.0000	0.0000	0.0000	0.0000	0.0000	0.0000	0.0000	0.0000	0.0000	0.0000	0.0684	0.0601	0.0083	0.0069	0.0066	0.0003	0.0615	0.0534	0.0081	0.0396	0.0148	0.0248	0.0057	0.0050	0.0007	0.0338	0.0098	0.0240
17	54	0.0361	7	2	0	1	1	0	0	0	1	0	0	1	1	0	0	0	0	0	0	Y	N	N	N	N	N	N	N	N	N	N	N	N	N	N	N	N	N	0.0000	0.0000	0.0000	0.0000	0.0000	0.0000	0.0000	0.0000	0.0000	0.0000	0.0000	0.0000	0.0000	0.0000	0.0000	0.0000	0.0000	0.0000	0.0000	0.0000	0.0000	0.0000	0.0000	0.0000	0.0000	0.0000	0.0000			0.0000	0.0000	3.0000	4.0000	2.0000	4.0000	0.0000	0.0000	0.0000	0.0000	0.0000	0.0000	0.0000	0.0000	0.0000	0.0000	0.0000	0.0000	0.0000	0.0000	0.0000	0.0000	0.0000	0.0000	0.2582	0.2254	0.0329	0.0000	0.0000	0.0000	0.2582	0.2254	0.0329	0.1094	0.0367	0.0727	0.0006	0.0005	0.0001	0.1088	0.0362	0.0726
17	55	0.0361	6	2	0	1	1	0	0	1	1	0	0	1	1	0	0	0	0	0	0	Y	N	N	N	N	N	N	N	N	N	N	N	N	N	N	N	N	N	0.0000	0.0000	0.0000	0.0000	0.0000	0.0000	0.0000	0.0000	0.0000	0.0000	0.0000	0.0000	0.0000	0.0000	0.0000	0.0000	0.0000	0.0000	0.0000	0.0000	0.0000	0.0000	0.0000	0.0000	0.0000	0.0000	0.0000			0.0000	0.0000	3.0000	0.0000	2.0000	0.0000	0.0000	0.0000	0.0000	0.0000	0.0000	0.0000	0.0000	0.0000	0.0000	0.0000	0.0000	0.0000	0.0000	0.0000	0.0000	0.0000	0.0000	0.0000	0.0000	0.0000	0.0000	0.0000	0.0000	0.0000	0.0000	0.0000	0.0000	0.0000	0.0000	0.0000	0.0000	0.0000	0.0000	0.0000	0.0000	0.0000
17	56	0.0361	5	2	0	0	1	0	0	0	1	0	0	1	1	0	0	0	0	0	0	Y	N	N	N	N	N	N	N	N	N	N	N	N	N	N	N	N	N	0.0000	0.0000	0.0000	0.0000	0.0000	0.0000	0.0000	0.0000	0.0000	0.0000	0.0000	0.0000	0.0000	0.0000	0.0000	0.0000	0.0000	0.0000	0.0000	0.0000	0.0000	0.0000	0.0000	0.0000	0.0000	0.0000	0.0000			0.0000	0.0000	3.0000	0.0000	2.0000	0.0000	0.0000	0.0000	0.0000	0.0000	0.0000	0.0000	0.0000	0.0000	0.0000	0.0000	0.0000	0.0000	0.0000	0.0000	0.0000	0.0000	0.0000	0.0000	0.0000	0.0000	0.0000	0.0000	0.0000	0.0000	0.0000	0.0000	0.0000	0.0000	0.0000	0.0000	0.0000	0.0000	0.0000	0.0000	0.0000	0.0000
17	57	0.0361	4	2	0	0	1	0	0	0	1	0	0	1	1	0	0	0	0	0	0	Y	N	N	N	N	N	N	N	N	N	N	N	N	N	N	N	N	N	0.0000	0.0000	0.0000	0.0000	0.0000	0.0000	0.0000	0.0000	0.0000	0.0000	0.0000	0.0000	0.0000	0.0000	0.0000	0.0000	0.0000	0.0000	0.0000	0.0000	0.0000	0.0000	0.0000	0.0000	0.0000	0.0000	0.0000			0.0000	0.0000	3.0000	0.0000	2.0000	0.0000	0.0000	0.0000	0.0000	0.0000	0.0000	0.0000	0.0000	0.0000	0.0000	0.0000	0.0000	0.0000	0.0000	0.0000	0.0000	0.0000	0.0000	0.0000	0.0000	0.0000	0.0000	0.0000	0.0000	0.0000	0.0000	0.0000	0.0000	0.0000	0.0000	0.0000	0.0000	0.0000	0.0000	0.0000	0.0000	0.0000
17	60	0.1152	9	1	0	1	1	0	0	1	1	1	0	2	1	0	0	0	0	0	0	N	N	N	N	Y	N	N	N	N	N	N	N	N	N	N	N	N	N	0.0000	0.0000	0.0000	0.0000	0.0000	0.0000	0.0000	0.0000	0.0000	0.0000	0.0000	0.0000	0.0000	0.0000	0.0000	0.0000	0.0000	0.0000	0.0000	0.0000	0.0000	0.0000	0.0000	0.0000	0.0000	0.0000	0.0000			0.0000	0.0000	3.0000	2.0000	2.0000	1.0000	0.0000	0.0000	0.0000	0.0000	0.0000	0.0000	0.0000	0.0000	0.0000	0.0000	0.0000	0.0000	0.0000	0.0000	0.0000	0.0000	0.0000	0.0000	0.1266	0.1116	0.0150	0.0104	0.0097	0.0007	0.1162	0.1019	0.0144	0.0402	0.0141	0.0261	0.0041	0.0032	0.0009	0.0361	0.0109	0.0251
17	65	0.1152	11	2	0	1	1	1	0	1	1	0	0	1	1	0	0	0	0	0	0	Y	N	N	N	N	N	N	N	N	N	N	N	N	N	N	N	N	N	0.0000	0.0000	0.0000	0.0000	0.0000	0.0000	0.0000	0.0000	0.0000	0.0000	0.0000	0.0000	0.0000	0.0000	0.0000	0.0000	0.0000	0.0000	0.0000	0.0000	0.0000	0.0000	0.0000	0.0000	0.0000	0.0000	0.0000			0.0000	0.0000	3.0000	2.0000	2.0000	2.0000	0.0000	0.0000	0.0000	0.0000	0.0000	0.0000	0.0000	0.0000	0.0000	0.0000	0.0000	0.0000	0.0000	0.0000	0.0000	0.0000	0.0000	0.0000	0.1266	0.1116	0.0150	0.0104	0.0097	0.0007	0.1162	0.1019	0.0144	0.0530	0.0186	0.0343	0.0054	0.0042	0.0012	0.0476	0.0144	0.0331
17	66	0.1216	12	1	0	0	1	0	0	0	1	0	1	1	2	0	0	0	0	0	0	N	N	N	N	N	Y	N	N	N	N	N	N	N	N	N	N	N	N	0.0000	0.0000	0.0000	0.0000	0.0000	0.0000	0.0000	0.0000	0.0000	0.0000	0.0000	0.0000	0.0000	0.0000	0.0000	0.0000	0.0000	0.0000	0.0000	0.0000	0.0000	0.0000	0.0000	0.0000	0.0000	0.0000	0.0000			0.0000	0.0000	3.0000	2.0073	2.0000	0.7728	0.0000	0.0000	0.0000	0.0000	0.0000	0.0000	0.0000	0.0000	0.0000	0.0000	0.0000	0.0000	0.0000	0.0000	0.0000	0.0000	0.0000	0.0000	0.1263	0.1114	0.0148	0.0119	0.0112	0.0007	0.1144	0.1003	0.0141	0.0506	0.0203	0.0304	0.0115	0.0106	0.0009	0.0391	0.0096	0.0295
17	67	0.1336	13	1	0	0	1	0	0	0	1	0	1	1	2	0	0	0	0	0	0	N	N	N	N	N	Y	N	N	N	N	N	N	N	N	N	N	N	N	0.0000	0.0000	0.0000	0.0000	0.0000	0.0000	0.0000	0.0000	0.0000	0.0000	0.0000	0.0000	0.0000	0.0000	0.0000	0.0000	0.0000	0.0000	0.0000	0.0000	0.0000	0.0000	0.0000	0.0000	0.0000	0.0000	0.0000			0.0000	0.0000	3.0000	0.9402	2.0000	1.7770	0.0000	0.0000	0.0000	0.0000	0.0000	0.0000	0.0000	0.0000	0.0000	0.0000	0.0000	0.0000	0.0000	0.0000	0.0000	0.0000	0.0000	0.0000	0.0763	0.0684	0.0080	0.0156	0.0150	0.0006	0.0608	0.0534	0.0074	0.0495	0.0200	0.0295	0.0114	0.0106	0.0008	0.0381	0.0094	0.0287
17	73	0.1635	10	2	0	1	1	0	0	0	1	0	0	2	1	0	0	0	0	0	0	Y	N	N	N	Y	N	N	N	N	N	N	N	N	N	N	N	N	N	0.0000	0.0000	0.0000	0.0000	0.0000	0.0000	0.0000	0.0000	0.0000	0.0000	0.0000	0.0000	0.0000	0.0000	0.0000	0.0000	0.0000	0.0000	0.0000	0.0000	0.0000	0.0000	0.0000	0.0000	0.0000	0.0000	0.0000			0.0000	0.0000	3.0000	0.0000	2.0000	0.0000	0.0000	0.0000	0.0000	0.0000	0.0000	0.0000	0.0000	0.0000	0.0000	0.0000	0.0000	0.0000	0.0000	0.0000	0.0000	0.0000	0.0000	0.0000	0.0000	0.0000	0.0000	0.0000	0.0000	0.0000	0.0000	0.0000	0.0000	0.0003	0.0002	0.0001	0.0002	0.0001	0.0000	0.0001	0.0000	0.0001
17	74	0.0913	9	2	0	1	1	0	0	0	1	1	0	2	1	0	0	0	0	0	0	Y	N	N	N	Y	N	N	N	N	N	N	N	N	N	N	N	N	N	0.0000	0.0000	0.0000	0.0000	0.0000	0.0000	0.0000	0.0000	0.0000	0.0000	0.0000	0.0000	0.0000	0.0000	0.0000	0.0000	0.0000	0.0000	0.0000	0.0000	0.0000	0.0000	0.0000	0.0000	0.0000	0.0000	0.0000			0.0000	0.0000	3.0000	3.8563	2.0000	5.9737	0.0000	0.0000	0.0000	0.0000	0.0000	0.0000	0.0000	0.0000	0.0000	0.0000	0.0000	0.0000	0.0000	0.0000	0.0000	0.0000	0.0000	0.0000	0.2402	0.2109	0.0293	0.0155	0.0146	0.0009	0.2246	0.1963	0.0284	0.1300	0.0488	0.0812	0.0088	0.0073	0.0015	0.1212	0.0415	0.0797
17	75	0.0913	9	2	0	1	1	0	0	0	1	0	0	1	1	0	0	0	0	0	0	Y	N	N	N	N	N	N	N	N	N	N	N	N	N	N	N	N	N	0.0000	0.0000	0.0000	0.0000	0.0000	0.0000	0.0000	0.0000	0.0000	0.0000	0.0000	0.0000	0.0000	0.0000	0.0000	0.0000	0.0000	0.0000	0.0000	0.0000	0.0000	0.0000	0.0000	0.0000	0.0000	0.0000	0.0000			0.0000	0.0000	3.0000	4.9966	2.0000	2.0573	0.0000	0.0000	0.0000	0.0000	0.0000	0.0000	0.0000	0.0000	0.0000	0.0000	0.0000	0.0000	0.0000	0.0000	0.0000	0.0000	0.0000	0.0000	0.3053	0.2682	0.0371	0.0197	0.0186	0.0012	0.2856	0.2496	0.0359	0.0974	0.0372	0.0601	0.0074	0.0063	0.0011	0.0899	0.0309	0.0590
17	76	0.0858	8	2	0	1	1	1	0	1	1	0	0	1	1	0	0	0	0	0	0	Y	N	N	N	N	N	N	N	N	N	N	N	N	N	N	N	N	N	0.0000	0.0000	0.0000	0.0000	0.0000	0.0000	0.0000	0.0000	0.0000	0.0000	0.0000	0.0000	0.0000	0.0000	0.0000	0.0000	0.0000	0.0000	0.0000	0.0000	0.0000	0.0000	0.0000	0.0000	0.0000	0.0000	0.0000			0.0000	0.0000	3.0000	0.0131	2.0000	1.0784	0.0000	0.0000	0.0000	0.0000	0.0000	0.0000	0.0000	0.0000	0.0000	0.0000	0.0000	0.0000	0.0000	0.0000	0.0000	0.0000	0.0000	0.0000	0.0016	0.0013	0.0002	0.0004	0.0004	0.0000	0.0012	0.0009	0.0002	0.0224	0.0113	0.0111	0.0038	0.0038	0.0000	0.0185	0.0074	0.0111
19	20	0.0117	4	2	0	0	1	0	0	0	1	1	2	2	2	0	0	0	0	0	0	Y	N	N	N	Y	Y	N	N	N	N	N	N	N	N	N	N	N	N	0.0000	0.0000	0.0000	0.0000	0.0000	0.0000	0.0000	0.0000	0.0000	0.0000	0.0000	0.0000	0.0000	0.0000	0.0000	0.0000	0.0000	0.0000	0.0000	0.0000	0.0000	0.0000	0.0000	0.0000	0.0000	0.0000	0.0000			0.0000	0.0000	0.0000	1.0000	1.0000	0.0000	0.0000	0.0000	0.0000	0.0000	0.0000	0.0000	0.0000	0.0000	0.0000	0.0000	0.0000	0.0000	0.0000	0.0000	0.0000	0.0000	0.0000	0.0000	0.0000	0.0000	0.0000	0.0000	0.0000	0.0000	0.0000	0.0000	0.0000	0.0031	0.0010	0.0021	0.0000	0.0000	0.0000	0.0031	0.0010	0.0021
19	21	0.0923	9	2	0	0	1	0	0	0	1	0	1	1	2	0	0	0	0	0	0	Y	N	N	N	N	Y	N	N	N	N	N	N	N	N	N	N	N	N	0.0000	0.0000	0.0000	0.0000	0.0000	0.0000	0.0000	0.0000	0.0000	0.0000	0.0000	0.0000	0.0000	0.0000	0.0000	0.0000	0.0000	0.0000	49.6807	0.0000	84.0226	0.0266	0.0000	0.1723	57.1666	0.0000	86.9908		inf	0.0000	0.5383	0.0000	3.8982	1.0000	3.1508	0.0000	0.0000	0.0000	0.0000	0.0000	0.0000	0.0000	0.0000	0.0000	0.9984	0.0000	0.9984	0.0001	0.0000	0.0001	0.9983	0.0000	0.9983	0.0000	0.0000	0.0000	0.0000	0.0000	0.0000	0.0000	0.0000	0.0000	0.0201	0.0082	0.0119	0.0026	0.0022	0.0004	0.0175	0.0060	0.0115
19	22	0.0354	8	2	0	1	2	0	0	0	2	0	1	2	2	0	0	0	0	0	0	Y	N	N	Y	Y	Y	N	N	N	N	N	N	N	N	N	N	N	N	0.0000	0.0000	0.0000	0.0000	0.0000	0.0000	0.0000	0.0000	0.0000	0.0000	0.0000	0.0000	0.0000	0.0000	0.0000	0.0000	0.0000	0.0000	0.0000	0.0000	0.0000	0.0000	0.0000	0.0000	0.0000	0.0000	0.0000			0.0000	0.0000	0.0000	0.0000	1.0000	0.0000	0.0000	0.0000	0.0000	0.0000	0.0000	0.0000	0.0000	0.0000	0.0000	0.0000	0.0000	0.0000	0.0000	0.0000	0.0000	0.0000	0.0000	0.0000	0.0000	0.0000	0.0000	0.0000	0.0000	0.0000	0.0000	0.0000	0.0000	0.0000	0.0000	0.0000	0.0000	0.0000	0.0000	0.0000	0.0000	0.0000
19	23	0.0354	8	2	0	1	1	0	0	0	1	0	1	2	2	0	0	0	0	0	0	Y	N	N	N	Y	Y	N	N	N	N	N	N	N	N	N	N	N	N	0.0000	0.0000	0.0000	0.0000	0.0000	0.0000	0.0000	0.0000	0.0000	0.0000	0.0000	0.0000	0.0000	0.0000	0.0000	0.0000	0.0000	0.0000	0.0000	0.0000	0.0000	0.0000	0.0000	0.0000	0.0000	0.0000	0.0000			0.0000	0.0000	0.0000	0.0000	1.0000	0.0000	0.0000	0.0000	0.0000	0.0000	0.0000	0.0000	0.0000	0.0000	0.0000	0.0000	0.0000	0.0000	0.0000	0.0000	0.0000	0.0000	0.0000	0.0000	0.0000	0.0000	0.0000	0.0000	0.0000	0.0000	0.0000	0.0000	0.0000	0.0000	0.0000	0.0000	0.0000	0.0000	0.0000	0.0000	0.0000	0.0000
19	24	0.0295	7	2	0	1	1	0	0	1	1	0	1	2	2	0	0	0	0	0	0	Y	N	N	N	Y	Y	N	N	N	N	N	N	N	N	N	N	N	N	0.0000	0.0000	0.0000	0.0000	0.0000	0.0000	0.0000	0.0000	0.0000	0.0000	0.0000	0.0000	0.0000	0.0000	0.0000	0.0000	0.0000	0.0000	0.0000	0.0000	0.0000	0.0000	0.0000	0.0000	0.0000	0.0000	0.0000			0.0000	0.0000	0.0000	0.0002	1.0000	1.0022	0.0000	0.0000	0.0000	0.0000	0.0000	0.0000	0.0000	0.0000	0.0000	0.0000	0.0000	0.0000	0.0000	0.0000	0.0000	0.0000	0.0000	0.0000	0.0000	0.0000	0.0000	0.0000	0.0000	0.0000	0.0000	0.0000	0.0000	0.0031	0.0010	0.0021	0.0000	0.0000	0.0000	0.0031	0.0010	0.0021
19	25	0.1391	8	2	0	1	1	0	0	0	1	0	1	2	1	0	0	0	0	0	0	Y	N	N	N	Y	N	N	N	N	N	N	N	N	N	N	N	N	N	0.0000	0.0000	0.0000	0.0000	0.0000	0.0000	0.0000	0.0000	0.0000	0.0000	0.0000	0.0000	0.0000	0.0000	0.0000	0.0000	0.0000	0.0000	0.0000	0.0000	0.0000	0.0000	0.0000	0.0000	0.0000	0.0000	0.0000			0.0000	0.0000	0.0000	1.1515	1.0000	1.0047	0.0000	0.0000	0.0000	0.0000	0.0000	0.0000	0.0000	0.0000	0.0000	0.0000	0.0000	0.0000	0.0000	0.0000	0.0000	0.0000	0.0000	0.0000	0.0000	0.0000	0.0000	0.0000	0.0000	0.0000	0.0000	0.0000	0.0000	0.0061	0.0024	0.0037	0.0011	0.0009	0.0002	0.0050	0.0015	0.0035
19	26	0.0477	5	2	0	1	1	1	0	1	1	1	1	2	1	0	0	0	0	0	0	Y	N	N	N	Y	N	N	N	N	N	N	N	N	N	N	N	N	N	0.0000	0.0000	0.0000	0.0000	0.0000	0.0000	0.0000	0.0000	0.0000	0.0000	0.0000	0.0000	0.0000	0.0000	0.0000	0.0000	0.0000	0.0000	0.0000	0.0000	0.0000	0.0000	0.0000	0.0000	0.0000	0.0000	0.0000			0.0000	0.0000	0.0000	8.9852	1.0000	5.9578	0.0000	0.0000	0.0000	0.0000	0.0000	0.0000	0.0000	0.0000	0.0000	0.0000	0.0000	0.0000	0.0000	0.0000	0.0000	0.0000	0.0000	0.0000	0.0000	0.0000	0.0000	0.0000	0.0000	0.0000	0.0000	0.0000	0.0000	0.0380	0.0136	0.0244	0.0006	0.0005	0.0001	0.0374	0.0131	0.0243
19	27	0.0117	4	2	0	1	1	0	0	1	1	0	1	1	1	0	0	0	0	0	0	Y	N	N	N	N	N	N	N	N	N	N	N	N	N	N	N	N	N	0.0000	0.0000	0.0000	0.0000	0.0000	0.0000	0.0000	0.0000	0.0000	0.0000	0.0000	0.0000	0.0000	0.0000	0.0000	0.0000	0.0000	0.0000	0.0000	0.0000	0.0000	0.0000	0.0000	0.0000	0.0000	0.0000	0.0000			0.0000	0.0000	0.0000	0.0000	1.0000	2.0000	0.0000	0.0000	0.0000	0.0000	0.0000	0.0000	0.0000	0.0000	0.0000	0.0000	0.0000	0.0000	0.0000	0.0000	0.0000	0.0000	0.0000	0.0000	0.0000	0.0000	0.0000	0.0000	0.0000	0.0000	0.0000	0.0000	0.0000	0.0061	0.0020	0.0041	0.0000	0.0000	0.0000	0.0060	0.0020	0.0041
19	28	0.0117	3	2	0	0	1	0	0	0	1	0	1	1	1	0	0	0	0	0	0	Y	N	N	N	N	N	N	N	N	N	N	N	N	N	N	N	N	N	0.0000	0.0000	0.0000	0.0000	0.0000	0.0000	0.0000	0.0000	0.0000	0.0000	0.0000	0.0000	0.0000	0.0000	0.0000	0.0000	0.0000	0.0000	0.0000	0.0000	0.0000	0.0000	0.0000	0.0000	0.0000	0.0000	0.0000			0.0000	0.0000	0.0000	0.0000	1.0000	0.0000	0.0000	0.0000	0.0000	0.0000	0.0000	0.0000	0.0000	0.0000	0.0000	0.0000	0.0000	0.0000	0.0000	0.0000	0.0000	0.0000	0.0000	0.0000	0.0000	0.0000	0.0000	0.0000	0.0000	0.0000	0.0000	0.0000	0.0000	0.0000	0.0000	0.0000	0.0000	0.0000	0.0000	0.0000	0.0000	0.0000
19	29	0.0923	9	2	0	0	1	0	0	0	1	0	1	1	2	0	0	0	0	0	0	Y	N	N	N	N	Y	N	N	N	N	N	N	N	N	N	N	N	N	0.0000	0.0000	0.0000	0.0000	0.0000	0.0000	0.0000	0.0000	0.0000	0.0000	0.0000	0.0000	0.0000	0.0000	0.0000	0.0000	0.0000	0.0000	0.1322	0.2965	0.0000	0.8266	0.9383	0.0000	0.0000	0.0000	0.0000		0.0000	0.0000	-0.0008	0.0000	1.1083	1.0000	2.8540	0.0000	0.0000	0.0000	0.0000	0.0000	0.0000	0.0000	0.0000	0.0000	0.0017	0.0017	0.0000	0.0017	0.0017	0.0000	0.0000	0.0000	0.0000	0.0000	0.0000	0.0000	0.0000	0.0000	0.0000	0.0000	0.0000	0.0000	0.0127	0.0057	0.0070	0.0020	0.0018	0.0002	0.0107	0.0039	0.0068
19	30	0.0862	8	2	0	0	1	1	0	0	1	0	2	1	2	0	0	0	0	0	0	Y	N	N	N	N	Y	N	N	N	N	N	N	N	N	N	N	N	N	0.0000	0.0000	0.0000	0.0000	0.0000	0.0000	0.0000	0.0000	0.0000	0.0000	0.0000	0.0000	0.0000	0.0000	0.0000	0.0000	0.0000	0.0000	0.2885	0.0458	0.5696	0.0573	0.0613	0.0002	0.3571	0.0355	0.5889		10.7423	0.0000	0.0008	0.0000	1.1867	1.0000	0.2815	0.0000	0.0000	0.0000	0.0000	0.0000	0.0000	0.0000	0.0000	0.0000	0.0018	0.0001	0.0016	0.0001	0.0001	0.0000	0.0017	0.0001	0.0016	0.0000	0.0000	0.0000	0.0000	0.0000	0.0000	0.0000	0.0000	0.0000	0.0061	0.0033	0.0028	0.0014	0.0013	0.0001	0.0047	0.0020	0.0027
19	32	0.0481	5	2	0	0	1	0	0	0	1	0	1	1	1	0	0	0	0	0	0	Y	N	N	N	N	N	N	N	N	N	N	N	N	N	N	N	N	N	0.0000	0.0000	0.0000	0.0000	0.0000	0.0000	0.0000	0.0000	0.0000	0.0000	0.0000	0.0000	0.0000	0.0000	0.0000	0.0000	0.0000	0.0000	0.0000	0.0000	0.0000	0.0000	0.0000	0.0000	0.0000	0.0000	0.0000			0.0000	0.0000	0.0000	4.0243	1.0000	4.9679	0.0000	0.0000	0.0000	0.0000	0.0000	0.0000	0.0000	0.0000	0.0000	0.0000	0.0000	0.0000	0.0000	0.0000	0.0000	0.0000	0.0000	0.0000	0.0000	0.0000	0.0000	0.0000	0.0000	0.0000	0.0000	0.0000	0.0000	0.0242	0.0091	0.0151	0.0007	0.0006	0.0001	0.0235	0.0085	0.0150
19	34	0.0481	5	2	0	1	1	0	0	1	1	0	1	1	1	0	0	0	0	0	0	Y	N	N	N	N	N	N	N	N	N	N	N	N	N	N	N	N	N	0.0000	0.0000	0.0000	0.0000	0.0000	0.0000	0.0000	0.0000	0.0000	0.0000	0.0000	0.0000	0.0000	0.0000	0.0000	0.0000	0.0000	0.0000	0.0000	0.0000	0.0000	0.0000	0.0000	0.0000	0.0000	0.0000	0.0000			0.0000	0.0000	0.0000	3.0233	1.0000	2.0370	0.0000	0.0000	0.0000	0.0000	0.0000	0.0000	0.0000	0.0000	0.0000	0.0000	0.0000	0.0000	0.0000	0.0000	0.0000	0.0000	0.0000	0.0000	0.0000	0.0000	0.0000	0.0000	0.0000	0.0000	0.0000	0.0000	0.0000	0.0147	0.0058	0.0089	0.0007	0.0006	0.0000	0.0141	0.0052	0.0089
19	35	0.0418	4	2	0	0	1	1	0	0	1	0	1	1	1	0	0	0	0	0	0	Y	N	N	N	N	N	N	N	N	N	N	N	N	N	N	N	N	N	0.0000	0.0000	0.0000	0.0000	0.0000	0.0000	0.0000	0.0000	0.0000	0.0000	0.0000	0.0000	0.0000	0.0000	0.0000	0.0000	0.0000	0.0000	0.0000	0.0000	0.0000	0.0000	0.0000	0.0000	0.0000	0.0000	0.0000			0.0000	0.0000	0.0000	1.0742	1.0000	0.1055	0.0000	0.0000	0.0000	0.0000	0.0000	0.0000	0.0000	0.0000	0.0000	0.0000	0.0000	0.0000	0.0000	0.0000	0.0000	0.0000	0.0000	0.0000	0.0000	0.0000	0.0000	0.0000	0.0000	0.0000	0.0000	0.0000	0.0000	0.0042	0.0020	0.0023	0.0004	0.0004	0.0000	0.0038	0.0015	0.0023
19	36	0.0059	3	2	0	0	1	0	0	0	1	0	1	2	2	0	0	0	0	0	0	Y	N	N	N	Y	Y	N	N	N	N	N	N	N	N	N	N	N	N	0.0000	0.0000	0.0000	0.0000	0.0000	0.0000	0.0000	0.0000	0.0000	0.0000	0.0000	0.0000	0.0000	0.0000	0.0000	0.0000	0.0000	0.0000	0.0000	0.0000	0.0000	0.0000	0.0000	0.0000	0.0000	0.0000	0.0000			0.0000	0.0000	0.0000	3.0000	1.0000	5.0000	0.0000	0.0000	0.0000	0.0000	0.0000	0.0000	0.0000	0.0000	0.0000	0.0000	0.0000	0.0000	0.0000	0.0000	0.0000	0.0000	0.0000	0.0000	0.0000	0.0000	0.0000	0.0000	0.0000	0.0000	0.0000	0.0000	0.0000	0.0231	0.0077	0.0154	0.0000	0.0000	0.0000	0.0231	0.0077	0.0154
19	37	0.0059	2	2	0	0	1	0	0	0	1	0	2	2	2	0	0	0	0	0	0	Y	N	N	N	Y	Y	N	N	N	N	N	N	N	N	N	N	N	N	0.0000	0.0000	0.0000	0.0000	0.0000	0.0000	0.0000	0.0000	0.0000	0.0000	0.0000	0.0000	0.0000	0.0000	0.0000	0.0000	0.0000	0.0000	0.0000	0.0000	0.0000	0.0000	0.0000	0.0000	0.0000	0.0000	0.0000			0.0000	0.0000	0.0000	0.0000	1.0000	0.0000	0.0000	0.0000	0.0000	0.0000	0.0000	0.0000	0.0000	0.0000	0.0000	0.0000	0.0000	0.0000	0.0000	0.0000	0.0000	0.0000	0.0000	0.0000	0.0000	0.0000	0.0000	0.0000	0.0000	0.0000	0.0000	0.0000	0.0000	0.0000	0.0000	0.0000	0.0000	0.0000	0.0000	0.0000	0.0000	0.0000
19	40	0.0971	9	2	0	1	1	0	0	1	1	0	1	1	1	0	0	0	0	0	0	Y	N	N	N	N	N	N	N	N	N	N	N	N	N	N	N	N	N	0.0000	0.0000	0.0000	0.0000	0.0000	0.0000	0.0000	0.0000	0.0000	0.0000	0.0000	0.0000	0.0000	0.0000	0.0000	0.0000	0.0000	0.0000	0.0000	0.0000	0.0000	0.0000	0.0000	0.0000	0.0000	0.0000	0.0000			0.0000	0.0000	0.0000	9.0556	1.0000	5.2001	0.0000	0.0000	0.0000	0.0000	0.0000	0.0000	0.0000	0.0000	0.0000	0.0000	0.0000	0.0000	0.0000	0.0000	0.0000	0.0000	0.0000	0.0000	0.0000	0.0000	0.0000	0.0000	0.0000	0.0000	0.0000	0.0000	0.0000	0.0348	0.0124	0.0224	0.0031	0.0024	0.0007	0.0317	0.0100	0.0217
19	41	0.0822	8	2	0	0	1	1	0	0	1	0	1	1	1	0	0	0	0	0	0	Y	N	N	N	N	N	N	N	N	N	N	N	N	N	N	N	N	N	0.0000	0.0000	0.0000	0.0000	0.0000	0.0000	0.0000	0.0000	0.0000	0.0000	0.0000	0.0000	0.0000	0.0000	0.0000	0.0000	0.0000	0.0000	2.0103	1.1328	2.4637	0.0214	0.0291	0.0000	2.1857	1.3669	2.5464		4.2093	0.0000	0.0040	0.0000	1.0068	1.0000	1.0688	0.0000	0.0000	0.0000	0.0000	0.0000	0.0000	0.0000	0.0000	0.0000	0.0115	0.0022	0.0093	0.0000	0.0000	0.0000	0.0114	0.0022	0.0093	0.0000	0.0000	0.0000	0.0000	0.0000	0.0000	0.0000	0.0000	0.0000	0.0057	0.0019	0.0038	0.0005	0.0003	0.0001	0.0052	0.0016	0.0036
19	42	0.0943	12	1	0	0	1	0	0	0	1	0	2	1	2	0	0	0	0	0	0	N	N	N	N	N	Y	N	N	N	N	N	N	N	N	N	N	N	N	0.0000	0.0000	0.0000	0.0000	0.0000	0.0000	0.0000	0.0000	0.0000	0.0000	0.0000	0.0000	0.0000	0.0000	0.0000	0.0000	0.0000	0.0000	0.4698	1.3535	0.0000	5.2828	6.9766	0.0000	0.0000	0.0000	0.0000		0.0000	0.0000	-0.0006	0.0000	0.9984	1.0000	0.0033	0.0000	0.0000	0.0000	0.0000	0.0000	0.0000	0.0000	0.0000	0.0000	0.0013	0.0013	0.0000	0.0013	0.0013	0.0000	0.0000	0.0000	0.0000	0.0000	0.0000	0.0000	0.0000	0.0000	0.0000	0.0000	0.0000	0.0000	0.0028	0.0010	0.0018	0.0002	0.0002	0.0001	0.0026	0.0008	0.0018
19	45	0.0295	7	2	0	0	2	0	0	0	2	0	1	2	2	0	0	0	0	0	0	Y	N	N	Y	Y	Y	N	N	N	N	N	N	N	N	N	N	N	N	0.0000	0.0000	0.0000	0.0000	0.0000	0.0000	0.0000	0.0000	0.0000	0.0000	0.0000	0.0000	0.0000	0.0000	0.0000	0.0000	0.0000	0.0000	0.0000	0.0000	0.0000	0.0000	0.0000	0.0000	0.0000	0.0000	0.0000			0.0000	0.0000	0.0000	0.9998	1.0000	0.0048	0.0000	0.0000	0.0000	0.0000	0.0000	0.0000	0.0000	0.0000	0.0000	0.0000	0.0000	0.0000	0.0000	0.0000	0.0000	0.0000	0.0000	0.0000	0.0000	0.0000	0.0000	0.0000	0.0000	0.0000	0.0000	0.0000	0.0000	0.0031	0.0010	0.0021	0.0000	0.0000	0.0000	0.0031	0.0010	0.0021
19	46	0.0236	6	2	0	0	1	0	0	0	1	0	1	2	2	0	0	0	0	0	0	Y	N	N	N	Y	Y	N	N	N	N	N	N	N	N	N	N	N	N	0.0000	0.0000	0.0000	0.0000	0.0000	0.0000	0.0000	0.0000	0.0000	0.0000	0.0000	0.0000	0.0000	0.0000	0.0000	0.0000	0.0000	0.0000	0.0000	0.0000	0.0000	0.0000	0.0000	0.0000	0.0000	0.0000	0.0000			0.0000	0.0000	0.0000	0.0006	1.0000	0.9846	0.0000	0.0000	0.0000	0.0000	0.0000	0.0000	0.0000	0.0000	0.0000	0.0000	0.0000	0.0000	0.0000	0.0000	0.0000	0.0000	0.0000	0.0000	0.0000	0.0000	0.0000	0.0000	0.0000	0.0000	0.0000	0.0000	0.0000	0.0031	0.0010	0.0021	0.0001	0.0001	0.0000	0.0030	0.0010	0.0021
19	47	0.0117	5	2	0	0	1	0	0	0	1	0	2	2	2	0	0	0	0	0	0	Y	N	N	N	Y	Y	N	N	N	N	N	N	N	N	N	N	N	N	0.0000	0.0000	0.0000	0.0000	0.0000	0.0000	0.0000	0.0000	0.0000	0.0000	0.0000	0.0000	0.0000	0.0000	0.0000	0.0000	0.0000	0.0000	0.0000	0.0000	0.0000	0.0000	0.0000	0.0000	0.0000	0.0000	0.0000			0.0000	0.0000	0.0000	1.9996	1.0000	0.0187	0.0000	0.0000	0.0000	0.0000	0.0000	0.0000	0.0000	0.0000	0.0000	0.0000	0.0000	0.0000	0.0000	0.0000	0.0000	0.0000	0.0000	0.0000	0.0000	0.0000	0.0000	0.0000	0.0000	0.0000	0.0000	0.0000	0.0000	0.0061	0.0020	0.0041	0.0000	0.0000	0.0000	0.0061	0.0020	0.0041
19	48	0.0117	4	2	0	0	1	0	0	0	1	1	1	2	1	0	0	0	0	0	0	Y	N	N	N	Y	N	N	N	N	N	N	N	N	N	N	N	N	N	0.0000	0.0000	0.0000	0.0000	0.0000	0.0000	0.0000	0.0000	0.0000	0.0000	0.0000	0.0000	0.0000	0.0000	0.0000	0.0000	0.0000	0.0000	0.0000	0.0000	0.0000	0.0000	0.0000	0.0000	0.0000	0.0000	0.0000			0.0000	0.0000	0.0000	0.0000	1.0000	0.0000	0.0000	0.0000	0.0000	0.0000	0.0000	0.0000	0.0000	0.0000	0.0000	0.0000	0.0000	0.0000	0.0000	0.0000	0.0000	0.0000	0.0000	0.0000	0.0000	0.0000	0.0000	0.0000	0.0000	0.0000	0.0000	0.0000	0.0000	0.0000	0.0000	0.0000	0.0000	0.0000	0.0000	0.0000	0.0000	0.0000
19	50	0.0898	8	2	0	1	1	0	0	0	1	0	1	1	1	0	0	0	0	0	0	Y	N	N	N	N	N	N	N	N	N	N	N	N	N	N	N	N	N	0.0000	0.0000	0.0000	0.0000	0.0000	0.0000	0.0000	0.0000	0.0000	0.0000	0.0000	0.0000	0.0000	0.0000	0.0000	0.0000	0.0000	0.0000	0.0000	0.0000	0.0000	0.0000	0.0000	0.0000	0.0000	0.0000	0.0000			0.0000	0.0000	0.0000	3.0380	1.0000	0.0352	0.0000	0.0000	0.0000	0.0000	0.0000	0.0000	0.0000	0.0000	0.0000	0.0000	0.0000	0.0000	0.0000	0.0000	0.0000	0.0000	0.0000	0.0000	0.0000	0.0000	0.0000	0.0000	0.0000	0.0000	0.0000	0.0000	0.0000	0.0087	0.0032	0.0055	0.0011	0.0009	0.0002	0.0076	0.0023	0.0053
19	51	0.0757	7	2	0	1	1	1	0	1	1	0	1	1	1	0	0	0	0	0	0	Y	N	N	N	N	N	N	N	N	N	N	N	N	N	N	N	N	N	0.0000	0.0000	0.0000	0.0000	0.0000	0.0000	0.0000	0.0000	0.0000	0.0000	0.0000	0.0000	0.0000	0.0000	0.0000	0.0000	0.0000	0.0000	0.0000	0.0000	0.0000	0.0000	0.0000	0.0000	0.0000	0.0000	0.0000			0.0000	0.0000	0.0000	1.0494	1.0000	1.5573	0.0000	0.0000	0.0000	0.0000	0.0000	0.0000	0.0000	0.0000	0.0000	0.0000	0.0000	0.0000	0.0000	0.0000	0.0000	0.0000	0.0000	0.0000	0.0000	0.0000	0.0000	0.0000	0.0000	0.0000	0.0000	0.0000	0.0000	0.0082	0.0031	0.0052	0.0012	0.0010	0.0002	0.0070	0.0020	0.0050
19	54	0.0117	5	2	0	1	1	0	0	0	1	0	1	1	1	0	0	0	0	0	0	Y	N	N	N	N	N	N	N	N	N	N	N	N	N	N	N	N	N	0.0000	0.0000	0.0000	0.0000	0.0000	0.0000	0.0000	0.0000	0.0000	0.0000	0.0000	0.0000	0.0000	0.0000	0.0000	0.0000	0.0000	0.0000	0.0000	0.0000	0.0000	0.0000	0.0000	0.0000	0.0000	0.0000	0.0000			0.0000	0.0000	0.0000	4.0000	1.0000	4.0000	0.0000	0.0000	0.0000	0.0000	0.0000	0.0000	0.0000	0.0000	0.0000	0.0000	0.0000	0.0000	0.0000	0.0000	0.0000	0.0000	0.0000	0.0000	0.0000	0.0000	0.0000	0.0000	0.0000	0.0000	0.0000	0.0000	0.0000	0.0228	0.0076	0.0152	0.0001	0.0001	0.0000	0.0227	0.0075	0.0152
19	55	0.0117	4	2	0	1	1	0	0	1	1	0	1	1	1	0	0	0	0	0	0	Y	N	N	N	N	N	N	N	N	N	N	N	N	N	N	N	N	N	0.0000	0.0000	0.0000	0.0000	0.0000	0.0000	0.0000	0.0000	0.0000	0.0000	0.0000	0.0000	0.0000	0.0000	0.0000	0.0000	0.0000	0.0000	0.0000	0.0000	0.0000	0.0000	0.0000	0.0000	0.0000	0.0000	0.0000			0.0000	0.0000	0.0000	0.0000	1.0000	0.0000	0.0000	0.0000	0.0000	0.0000	0.0000	0.0000	0.0000	0.0000	0.0000	0.0000	0.0000	0.0000	0.0000	0.0000	0.0000	0.0000	0.0000	0.0000	0.0000	0.0000	0.0000	0.0000	0.0000	0.0000	0.0000	0.0000	0.0000	0.0000	0.0000	0.0000	0.0000	0.0000	0.0000	0.0000	0.0000	0.0000
19	56	0.0117	3	2	0	0	1	0	0	0	1	0	1	1	1	0	0	0	0	0	0	Y	N	N	N	N	N	N	N	N	N	N	N	N	N	N	N	N	N	0.0000	0.0000	0.0000	0.0000	0.0000	0.0000	0.0000	0.0000	0.0000	0.0000	0.0000	0.0000	0.0000	0.0000	0.0000	0.0000	0.0000	0.0000	0.0000	0.0000	0.0000	0.0000	0.0000	0.0000	0.0000	0.0000	0.0000			0.0000	0.0000	0.0000	0.0000	1.0000	0.0000	0.0000	0.0000	0.0000	0.0000	0.0000	0.0000	0.0000	0.0000	0.0000	0.0000	0.0000	0.0000	0.0000	0.0000	0.0000	0.0000	0.0000	0.0000	0.0000	0.0000	0.0000	0.0000	0.0000	0.0000	0.0000	0.0000	0.0000	0.0000	0.0000	0.0000	0.0000	0.0000	0.0000	0.0000	0.0000	0.0000
19	57	0.0117	2	2	0	0	1	0	0	0	1	0	1	1	1	0	0	0	0	0	0	Y	N	N	N	N	N	N	N	N	N	N	N	N	N	N	N	N	N	0.0000	0.0000	0.0000	0.0000	0.0000	0.0000	0.0000	0.0000	0.0000	0.0000	0.0000	0.0000	0.0000	0.0000	0.0000	0.0000	0.0000	0.0000	0.0000	0.0000	0.0000	0.0000	0.0000	0.0000	0.0000	0.0000	0.0000			0.0000	0.0000	0.0000	0.0000	1.0000	0.0000	0.0000	0.0000	0.0000	0.0000	0.0000	0.0000	0.0000	0.0000	0.0000	0.0000	0.0000	0.0000	0.0000	0.0000	0.0000	0.0000	0.0000	0.0000	0.0000	0.0000	0.0000	0.0000	0.0000	0.0000	0.0000	0.0000	0.0000	0.0000	0.0000	0.0000	0.0000	0.0000	0.0000	0.0000	0.0000	0.0000
19	60	0.0908	7	1	0	1	1	0	0	1	1	1	1	2	1	0	0	0	0	0	0	N	N	N	N	Y	N	N	N	N	N	N	N	N	N	N	N	N	N	0.0000	0.0000	0.0000	0.0000	0.0000	0.0000	0.0000	0.0000	0.0000	0.0000	0.0000	0.0000	0.0000	0.0000	0.0000	0.0000	0.0000	0.0000	119.3107	0.0000	183.4753	0.0000	0.0000	0.0000	132.9330	0.0000	190.1506		inf	0.0000	0.5391	0.0000	2.0000	1.0000	1.0000	0.0000	0.0000	0.0000	0.0000	0.0000	0.0000	0.0000	0.0000	0.0000	1.0000	0.0000	1.0000	0.0000	0.0000	0.0000	1.0000	0.0000	1.0000	0.0000	0.0000	0.0000	0.0000	0.0000	0.0000	0.0000	0.0000	0.0000	0.0084	0.0029	0.0055	0.0009	0.0007	0.0002	0.0075	0.0023	0.0053
19	65	0.0908	9	2	0	1	1	1	0	1	1	0	1	1	1	0	0	0	0	0	0	Y	N	N	N	N	N	N	N	N	N	N	N	N	N	N	N	N	N	0.0000	0.0000	0.0000	0.0000	0.0000	0.0000	0.0000	0.0000	0.0000	0.0000	0.0000	0.0000	0.0000	0.0000	0.0000	0.0000	0.0000	0.0000	0.0000	0.0000	0.0000	0.0000	0.0000	0.0000	0.0000	0.0000	0.0000			0.0000	0.0000	0.0000	2.0000	1.0000	2.0000	0.0000	0.0000	0.0000	0.0000	0.0000	0.0000	0.0000	0.0000	0.0000	0.0000	0.0000	0.0000	0.0000	0.0000	0.0000	0.0000	0.0000	0.0000	0.0000	0.0000	0.0000	0.0000	0.0000	0.0000	0.0000	0.0000	0.0000	0.0111	0.0039	0.0072	0.0011	0.0009	0.0003	0.0099	0.0030	0.0069
19	66	0.0972	10	1	0	0	1	0	0	0	1	0	2	1	2	0	0	0	0	0	0	N	N	N	N	N	Y	N	N	N	N	N	N	N	N	N	N	N	N	0.0000	0.0000	0.0000	0.0000	0.0000	0.0000	0.0000	0.0000	0.0000	0.0000	0.0000	0.0000	0.0000	0.0000	0.0000	0.0000	0.0000	0.0000	0.0000	0.0000	0.0000	0.0000	0.0000	0.0000	0.0000	0.0000	0.0000			0.0000	0.0000	0.0000	2.0073	1.0000	0.7728	0.0000	0.0000	0.0000	0.0000	0.0000	0.0000	0.0000	0.0000	0.0000	0.0000	0.0000	0.0000	0.0000	0.0000	0.0000	0.0000	0.0000	0.0000	0.0000	0.0000	0.0000	0.0000	0.0000	0.0000	0.0000	0.0000	0.0000	0.0107	0.0043	0.0064	0.0025	0.0023	0.0002	0.0082	0.0020	0.0062
19	67	0.1092	11	1	0	0	1	0	0	0	1	0	2	1	2	0	0	0	0	0	0	N	N	N	N	N	Y	N	N	N	N	N	N	N	N	N	N	N	N	0.0000	0.0000	0.0000	0.0000	0.0000	0.0000	0.0000	0.0000	0.0000	0.0000	0.0000	0.0000	0.0000	0.0000	0.0000	0.0000	0.0000	0.0000	0.0000	0.0000	0.0000	0.0000	0.0000	0.0000	0.0000	0.0000	0.0000			0.0000	0.0000	0.0000	0.9402	1.0000	1.7770	0.0000	0.0000	0.0000	0.0000	0.0000	0.0000	0.0000	0.0000	0.0000	0.0000	0.0000	0.0000	0.0000	0.0000	0.0000	0.0000	0.0000	0.0000	0.0000	0.0000	0.0000	0.0000	0.0000	0.0000	0.0000	0.0000	0.0000	0.0104	0.0042	0.0062	0.0024	0.0023	0.0002	0.0080	0.0020	0.0060
19	73	0.1391	8	2	0	1	1	0	0	0	1	0	1	2	1	0	0	0	0	0	0	Y	N	N	N	Y	N	N	N	N	N	N	N	N	N	N	N	N	N	0.0000	0.0000	0.0000	0.0000	0.0000	0.0000	0.0000	0.0000	0.0000	0.0000	0.0000	0.0000	0.0000	0.0000	0.0000	0.0000	0.0000	0.0000	0.0000	0.0000	0.0000	0.0000	0.0000	0.0000	0.0000	0.0000	0.0000			0.0000	0.0000	0.0000	0.0000	1.0000	0.0000	0.0000	0.0000	0.0000	0.0000	0.0000	0.0000	0.0000	0.0000	0.0000	0.0000	0.0000	0.0000	0.0000	0.0000	0.0000	0.0000	0.0000	0.0000	0.0000	0.0000	0.0000	0.0000	0.0000	0.0000	0.0000	0.0000	0.0000	0.0001	0.0000	0.0000	0.0000	0.0000	0.0000	0.0000	0.0000	0.0000
19	74	0.0669	7	2	0	1	1	0	0	0	1	1	1	2	1	0	0	0	0	0	0	Y	N	N	N	Y	N	N	N	N	N	N	N	N	N	N	N	N	N	0.0000	0.0000	0.0000	0.0000	0.0000	0.0000	0.0000	0.0000	0.0000	0.0000	0.0000	0.0000	0.0000	0.0000	0.0000	0.0000	0.0000	0.0000	0.0004	0.0010	0.0000	0.0054	0.0065	0.0000	0.0000	0.0000	0.0000		0.0000	0.0000	-0.0000	0.0000	3.8563	1.0000	5.9737	0.0000	0.0000	0.0000	0.0000	0.0000	0.0000	0.0000	0.0000	0.0000	0.0000	0.0000	0.0000	0.0000	0.0000	0.0000	0.0000	0.0000	0.0000	0.0000	0.0000	0.0000	0.0000	0.0000	0.0000	0.0000	0.0000	0.0000	0.0271	0.0101	0.0170	0.0018	0.0015	0.0003	0.0253	0.0086	0.0167
19	75	0.0669	7	2	0	1	1	0	0	0	1	0	1	1	1	0	0	0	0	0	0	Y	N	N	N	N	N	N	N	N	N	N	N	N	N	N	N	N	N	0.0000	0.0000	0.0000	0.0000	0.0000	0.0000	0.0000	0.0000	0.0000	0.0000	0.0000	0.0000	0.0000	0.0000	0.0000	0.0000	0.0000	0.0000	0.0005	0.0013	0.0000	0.0064	0.0076	0.0000	0.0000	0.0000	0.0000		0.0000	0.0000	-0.0000	0.0000	4.9966	1.0000	2.0573	0.0000	0.0000	0.0000	0.0000	0.0000	0.0000	0.0000	0.0000	0.0000	0.0000	0.0000	0.0000	0.0000	0.0000	0.0000	0.0000	0.0000	0.0000	0.0000	0.0000	0.0000	0.0000	0.0000	0.0000	0.0000	0.0000	0.0000	0.0203	0.0077	0.0126	0.0016	0.0013	0.0002	0.0188	0.0064	0.0123
19	76	0.0614	6	2	0	1	1	1	0	1	1	0	1	1	1	0	0	0	0	0	0	Y	N	N	N	N	N	N	N	N	N	N	N	N	N	N	N	N	N	0.0000	0.0000	0.0000	0.0000	0.0000	0.0000	0.0000	0.0000	0.0000	0.0000	0.0000	0.0000	0.0000	0.0000	0.0000	0.0000	0.0000	0.0000	0.0021	0.0043	0.0000	0.0000	0.0000	0.0000	0.0026	0.0065	0.0000		0.0000	0.0000	-0.0000	0.0000	0.0131	1.0000	1.0784	0.0000	0.0000	0.0000	0.0000	0.0000	0.0000	0.0000	0.0000	0.0000	0.0000	0.0000	0.0000	0.0000	0.0000	0.0000	0.0000	0.0000	0.0000	0.0000	0.0000	0.0000	0.0000	0.0000	0.0000	0.0000	0.0000	0.0000	0.0047	0.0023	0.0023	0.0008	0.0008	0.0000	0.0039	0.0015	0.0023
20	21	0.0865	10	2	0	0	0	0	0	0	0	1	1	1	2	0	0	0	0	0	0	Y	N	N	N	N	Y	N	N	N	N	N	N	N	N	N	N	N	N	0.0000	0.0000	0.0000	0.0000	0.0000	0.0000	0.0000	0.0000	0.0000	0.0000	0.0000	0.0000	0.0000	0.0000	0.0000	0.0000	0.0000	0.0000	0.0000	0.0000	0.0000	0.0000	0.0000	0.0000	0.0000	0.0000	0.0000			0.0000	0.0000	1.0000	3.8982	0.0000	3.1508	0.0000	0.0000	0.0000	0.0000	0.0000	0.0000	0.0000	0.0000	0.0000	0.0000	0.0000	0.0000	0.0000	0.0000	0.0000	0.0000	0.0000	0.0000	0.0836	0.0735	0.0100	0.0091	0.0088	0.0004	0.0744	0.0647	0.0097	0.0200	0.0081	0.0119	0.0025	0.0021	0.0004	0.0175	0.0060	0.0115
20	22	0.0296	7	2	0	1	1	0	0	0	1	1	1	2	2	0	0	0	0	0	0	Y	N	N	N	Y	Y	N	N	N	N	N	N	N	N	N	N	N	N	0.0000	0.0000	0.0000	0.0000	0.0000	0.0000	0.0000	0.0000	0.0000	0.0000	0.0000	0.0000	0.0000	0.0000	0.0000	0.0000	0.0000	0.0000	0.0000	0.0000	0.0000	0.0000	0.0000	0.0000	0.0000	0.0000	0.0000			0.0000	0.0000	1.0000	0.0000	0.0000	0.0000	0.0000	0.0000	0.0000	0.0000	0.0000	0.0000	0.0000	0.0000	0.0000	0.0000	0.0000	0.0000	0.0000	0.0000	0.0000	0.0000	0.0000	0.0000	0.0000	0.0000	0.0000	0.0000	0.0000	0.0000	0.0000	0.0000	0.0000	0.0000	0.0000	0.0000	0.0000	0.0000	0.0000	0.0000	0.0000	0.0000
20	23	0.0296	7	2	0	1	0	0	0	0	0	1	1	2	2	0	0	0	0	0	0	Y	N	N	N	Y	Y	N	N	N	N	N	N	N	N	N	N	N	N	0.0000	0.0000	0.0000	0.0000	0.0000	0.0000	0.0000	0.0000	0.0000	0.0000	0.0000	0.0000	0.0000	0.0000	0.0000	0.0000	0.0000	0.0000	0.0000	0.0000	0.0000	0.0000	0.0000	0.0000	0.0000	0.0000	0.0000			0.0000	0.0000	1.0000	0.0000	0.0000	0.0000	0.0000	0.0000	0.0000	0.0000	0.0000	0.0000	0.0000	0.0000	0.0000	0.0000	0.0000	0.0000	0.0000	0.0000	0.0000	0.0000	0.0000	0.0000	0.0000	0.0000	0.0000	0.0000	0.0000	0.0000	0.0000	0.0000	0.0000	0.0000	0.0000	0.0000	0.0000	0.0000	0.0000	0.0000	0.0000	0.0000
20	24	0.0237	6	2	0	1	0	0	0	1	0	1	1	2	2	0	0	0	0	0	0	Y	N	N	N	Y	Y	N	N	N	N	N	N	N	N	N	N	N	N	0.0000	0.0000	0.0000	0.0000	0.0000	0.0000	0.0000	0.0000	0.0000	0.0000	0.0000	0.0000	0.0000	0.0000	0.0000	0.0000	0.0000	0.0000	0.0000	0.0000	0.0000	0.0000	0.0000	0.0000	0.0000	0.0000	0.0000			0.0000	0.0000	1.0000	0.0002	0.0000	1.0022	0.0000	0.0000	0.0000	0.0000	0.0000	0.0000	0.0000	0.0000	0.0000	0.0000	0.0000	0.0000	0.0000	0.0000	0.0000	0.0000	0.0000	0.0000	0.0000	0.0000	0.0000	0.0000	0.0000	0.0000	0.0000	0.0000	0.0000	0.0031	0.0010	0.0021	0.0000	0.0000	0.0000	0.0031	0.0010	0.0021
20	25	0.1333	9	2	0	1	0	0	0	0	0	1	1	2	1	0	0	0	0	0	0	Y	N	N	N	Y	N	N	N	N	N	N	N	N	N	N	N	N	N	inf	inf	0.0000	inf	inf	0.0000	0.0000	0.0000	0.0000	0.0003	0.0003	0.0000	0.0014	0.0014	0.0000	0.0000	0.0000	0.0000	0.0000	0.0000	0.0000	0.0000	0.0000	0.0000	0.0000	0.0000	0.0000	0.0000		-0.0000	0.0000	1.0000	1.1515	0.0000	1.0047	0.0000	0.0000	0.0000	0.0000	0.0000	0.0000	0.0000	0.0000	0.0000	0.0000	0.0000	0.0000	0.0000	0.0000	0.0000	0.0000	0.0000	0.0000	0.0329	0.0296	0.0034	0.0073	0.0071	0.0002	0.0256	0.0225	0.0032	0.0061	0.0023	0.0037	0.0011	0.0008	0.0002	0.0050	0.0015	0.0035
20	26	0.0419	6	2	0	1	0	1	0	1	0	2	1	2	1	0	0	0	0	0	0	Y	N	N	N	Y	N	N	N	N	N	N	N	N	N	N	N	N	N	0.0000	0.0000	0.0000	0.0000	0.0000	0.0000	0.0000	0.0000	0.0000	0.0000	0.0000	0.0000	0.0000	0.0000	0.0000	0.0000	0.0000	0.0000	0.0000	0.0000	0.0000	0.0000	0.0000	0.0000	0.0000	0.0000	0.0000			0.0000	0.0000	1.0000	8.9852	0.0000	5.9578	0.0000	0.0000	0.0000	0.0000	0.0000	0.0000	0.0000	0.0000	0.0000	0.0000	0.0000	0.0000	0.0000	0.0000	0.0000	0.0000	0.0000	0.0000	0.1882	0.1652	0.0230	0.0103	0.0098	0.0005	0.1779	0.1554	0.0225	0.0379	0.0135	0.0244	0.0004	0.0003	0.0000	0.0375	0.0131	0.0244
20	29	0.0865	10	2	0	0	0	0	0	0	0	1	1	1	2	0	0	0	0	0	0	Y	N	N	N	N	Y	N	N	N	N	N	N	N	N	N	N	N	N	0.0000	0.0000	0.0000	0.0000	0.0000	0.0000	0.0000	0.0000	0.0000	0.0000	0.0000	0.0000	0.0000	0.0000	0.0000	0.0000	0.0000	0.0000	0.0000	0.0000	0.0000	0.0000	0.0000	0.0000	0.0000	0.0000	0.0000			0.0000	0.0000	1.0000	1.1083	0.0000	2.8540	0.0000	0.0000	0.0000	0.0000	0.0000	0.0000	0.0000	0.0000	0.0000	0.0000	0.0000	0.0000	0.0000	0.0000	0.0000	0.0000	0.0000	0.0000	0.0260	0.0229	0.0031	0.0034	0.0033	0.0001	0.0226	0.0196	0.0030	0.0126	0.0056	0.0070	0.0020	0.0017	0.0002	0.0107	0.0039	0.0068
20	30	0.0804	9	2	0	0	0	1	0	0	0	1	2	1	2	0	0	0	0	0	0	Y	N	N	N	N	Y	N	N	N	N	N	N	N	N	N	N	N	N	0.0000	0.0000	0.0000	0.0000	0.0000	0.0000	0.0000	0.0000	0.0000	0.0000	0.0000	0.0000	0.0000	0.0000	0.0000	0.0000	0.0000	0.0000	0.0000	0.0000	0.0000	0.0000	0.0000	0.0000	0.0000	0.0000	0.0000			0.0000	0.0000	1.0000	1.1867	0.0000	0.2815	0.0000	0.0000	0.0000	0.0000	0.0000	0.0000	0.0000	0.0000	0.0000	0.0000	0.0000	0.0000	0.0000	0.0000	0.0000	0.0000	0.0000	0.0000	0.0276	0.0243	0.0033	0.0034	0.0033	0.0001	0.0242	0.0210	0.0032	0.0061	0.0033	0.0028	0.0014	0.0013	0.0001	0.0047	0.0020	0.0027
20	32	0.0423	6	2	0	0	0	0	0	0	0	1	1	1	1	0	0	0	0	0	0	Y	N	N	N	N	N	N	N	N	N	N	N	N	N	N	N	N	N	0.0000	0.0000	0.0000	0.0000	0.0000	0.0000	0.0000	0.0000	0.0000	0.0000	0.0000	0.0000	0.0000	0.0000	0.0000	0.0000	0.0000	0.0000	0.0000	0.0000	0.0000	0.0000	0.0000	0.0000	0.0000	0.0000	0.0000			0.0000	0.0000	1.0000	4.0243	0.0000	4.9679	0.0000	0.0000	0.0000	0.0000	0.0000	0.0000	0.0000	0.0000	0.0000	0.0000	0.0000	0.0000	0.0000	0.0000	0.0000	0.0000	0.0000	0.0000	0.0860	0.0752	0.0108	0.0044	0.0042	0.0002	0.0816	0.0710	0.0106	0.0241	0.0090	0.0151	0.0005	0.0005	0.0000	0.0235	0.0085	0.0150
20	34	0.0423	6	2	0	1	0	0	0	1	0	1	1	1	1	0	0	0	0	0	0	Y	N	N	N	N	N	N	N	N	N	N	N	N	N	N	N	N	N	0.0000	0.0000	0.0000	0.0000	0.0000	0.0000	0.0000	0.0000	0.0000	0.0000	0.0000	0.0000	0.0000	0.0000	0.0000	0.0000	0.0000	0.0000	0.0000	0.0000	0.0000	0.0000	0.0000	0.0000	0.0000	0.0000	0.0000			0.0000	0.0000	1.0000	3.0233	0.0000	2.0370	0.0000	0.0000	0.0000	0.0000	0.0000	0.0000	0.0000	0.0000	0.0000	0.0000	0.0000	0.0000	0.0000	0.0000	0.0000	0.0000	0.0000	0.0000	0.0660	0.0577	0.0083	0.0035	0.0033	0.0002	0.0625	0.0544	0.0081	0.0147	0.0057	0.0089	0.0006	0.0005	0.0000	0.0141	0.0052	0.0089
20	35	0.0359	5	2	0	0	0	1	0	0	0	1	1	1	1	0	0	0	0	0	0	Y	N	N	N	N	N	N	N	N	N	N	N	N	N	N	N	N	N	0.0000	0.0000	0.0000	0.0000	0.0000	0.0000	0.0000	0.0000	0.0000	0.0000	0.0000	0.0000	0.0000	0.0000	0.0000	0.0000	0.0000	0.0000	0.0000	0.0000	0.0000	0.0000	0.0000	0.0000	0.0000	0.0000	0.0000			0.0000	0.0000	1.0000	1.0742	0.0000	0.1055	0.0000	0.0000	0.0000	0.0000	0.0000	0.0000	0.0000	0.0000	0.0000	0.0000	0.0000	0.0000	0.0000	0.0000	0.0000	0.0000	0.0000	0.0000	0.0286	0.0254	0.0032	0.0032	0.0032	0.0001	0.0253	0.0222	0.0032	0.0042	0.0020	0.0023	0.0004	0.0004	0.0000	0.0038	0.0015	0.0023
20	36	0.0118	6	2	0	0	0	0	0	0	0	1	1	2	2	0	0	0	0	0	0	Y	N	N	N	Y	Y	N	N	N	N	N	N	N	N	N	N	N	N	0.0000	0.0000	0.0000	0.0000	0.0000	0.0000	0.0000	0.0000	0.0000	0.0000	0.0000	0.0000	0.0000	0.0000	0.0000	0.0000	0.0000	0.0000	0.0000	0.0000	0.0000	0.0000	0.0000	0.0000	0.0000	0.0000	0.0000			0.0000	0.0000	1.0000	3.0000	0.0000	5.0000	0.0000	0.0000	0.0000	0.0000	0.0000	0.0000	0.0000	0.0000	0.0000	0.0000	0.0000	0.0000	0.0000	0.0000	0.0000	0.0000	0.0000	0.0000	0.0668	0.0582	0.0086	0.0000	0.0000	0.0000	0.0668	0.0582	0.0086	0.0228	0.0076	0.0152	0.0001	0.0001	0.0000	0.0227	0.0075	0.0152
20	37	0.0118	5	2	0	0	0	0	0	0	0	1	2	2	2	0	0	0	0	0	0	Y	N	N	N	Y	Y	N	N	N	N	N	N	N	N	N	N	N	N	0.0000	0.0000	0.0000	0.0000	0.0000	0.0000	0.0000	0.0000	0.0000	0.0000	0.0000	0.0000	0.0000	0.0000	0.0000	0.0000	0.0000	0.0000	0.0000	0.0000	0.0000	0.0000	0.0000	0.0000	0.0000	0.0000	0.0000			0.0000	0.0000	1.0000	0.0000	0.0000	0.0000	0.0000	0.0000	0.0000	0.0000	0.0000	0.0000	0.0000	0.0000	0.0000	0.0000	0.0000	0.0000	0.0000	0.0000	0.0000	0.0000	0.0000	0.0000	0.0000	0.0000	0.0000	0.0000	0.0000	0.0000	0.0000	0.0000	0.0000	0.0000	0.0000	0.0000	0.0000	0.0000	0.0000	0.0000	0.0000	0.0000
20	38	0.0118	4	2	0	0	0	0	0	0	0	1	1	2	1	0	0	0	0	0	0	Y	N	N	N	Y	N	N	N	N	N	N	N	N	N	N	N	N	N	0.0000	0.0000	0.0000	0.0000	0.0000	0.0000	0.0000	0.0000	0.0000	0.0000	0.0000	0.0000	0.0000	0.0000	0.0000	0.0000	0.0000	0.0000	0.0000	0.0000	0.0000	0.0000	0.0000	0.0000	0.0000	0.0000	0.0000			0.0000	0.0000	1.0000	0.0000	0.0000	0.0000	0.0000	0.0000	0.0000	0.0000	0.0000	0.0000	0.0000	0.0000	0.0000	0.0000	0.0000	0.0000	0.0000	0.0000	0.0000	0.0000	0.0000	0.0000	0.0000	0.0000	0.0000	0.0000	0.0000	0.0000	0.0000	0.0000	0.0000	0.0000	0.0000	0.0000	0.0000	0.0000	0.0000	0.0000	0.0000	0.0000
20	39	0.0059	3	2	0	0	0	0	0	0	0	2	1	2	1	0	0	0	0	0	0	Y	N	N	N	Y	N	N	N	N	N	N	N	N	N	N	N	N	N	0.0000	0.0000	0.0000	0.0000	0.0000	0.0000	0.0000	0.0000	0.0000	0.0000	0.0000	0.0000	0.0000	0.0000	0.0000	0.0000	0.0000	0.0000	0.0000	0.0000	0.0000	0.0000	0.0000	0.0000	0.0000	0.0000	0.0000			0.0000	0.0000	1.0000	0.0000	0.0000	1.0000	0.0000	0.0000	0.0000	0.0000	0.0000	0.0000	0.0000	0.0000	0.0000	0.0000	0.0000	0.0000	0.0000	0.0000	0.0000	0.0000	0.0000	0.0000	0.0000	0.0000	0.0000	0.0000	0.0000	0.0000	0.0000	0.0000	0.0000	0.0031	0.0010	0.0021	0.0000	0.0000	0.0000	0.0031	0.0010	0.0021
20	40	0.0913	10	2	0	1	0	0	0	1	0	1	1	1	1	0	0	0	0	0	0	Y	N	N	N	N	N	N	N	N	N	N	N	N	N	N	N	N	N	0.0000	0.0000	0.0000	0.0000	0.0000	0.0000	0.0000	0.0000	0.0000	0.0000	0.0000	0.0000	0.0000	0.0000	0.0000	0.0000	0.0000	0.0000	0.0000	0.0000	0.0000	0.0000	0.0000	0.0000	0.0000	0.0000	0.0000			0.0000	0.0000	1.0000	9.0556	0.0000	5.2001	0.0000	0.0000	0.0000	0.0000	0.0000	0.0000	0.0000	0.0000	0.0000	0.0000	0.0000	0.0000	0.0000	0.0000	0.0000	0.0000	0.0000	0.0000	0.1807	0.1594	0.0213	0.0206	0.0197	0.0009	0.1601	0.1397	0.0204	0.0347	0.0123	0.0224	0.0029	0.0022	0.0007	0.0318	0.0100	0.0218
20	41	0.0764	9	2	0	0	0	1	0	0	0	1	1	1	1	0	0	0	0	0	0	Y	N	N	N	N	N	N	N	N	N	N	N	N	N	N	N	N	N	0.0000	0.0000	0.0000	0.0000	0.0000	0.0000	0.0000	0.0000	0.0000	0.0000	0.0000	0.0000	0.0000	0.0000	0.0000	0.0000	0.0000	0.0000	0.0000	0.0000	0.0000	0.0000	0.0000	0.0000	0.0000	0.0000	0.0000			0.0000	0.0000	1.0000	1.0068	0.0000	1.0688	0.0000	0.0000	0.0000	0.0000	0.0000	0.0000	0.0000	0.0000	0.0000	0.0000	0.0000	0.0000	0.0000	0.0000	0.0000	0.0000	0.0000	0.0000	0.0221	0.0194	0.0027	0.0023	0.0022	0.0001	0.0198	0.0172	0.0026	0.0057	0.0019	0.0038	0.0004	0.0003	0.0001	0.0052	0.0016	0.0036
20	42	0.0885	13	1	0	0	0	0	0	0	0	1	2	1	2	0	0	0	0	0	0	N	N	N	N	N	Y	N	N	N	N	N	N	N	N	N	N	N	N	0.0000	0.0000	0.0000	0.0000	0.0000	0.0000	0.0000	0.0000	0.0000	0.0000	0.0000	0.0000	0.0000	0.0000	0.0000	0.0000	0.0000	0.0000	0.0000	0.0000	0.0000	0.0000	0.0000	0.0000	0.0000	0.0000	0.0000			0.0000	0.0000	1.0000	0.9984	0.0000	0.0033	0.0000	0.0000	0.0000	0.0000	0.0000	0.0000	0.0000	0.0000	0.0000	0.0000	0.0000	0.0000	0.0000	0.0000	0.0000	0.0000	0.0000	0.0000	0.0215	0.0189	0.0026	0.0020	0.0019	0.0001	0.0195	0.0170	0.0025	0.0028	0.0010	0.0018	0.0002	0.0002	0.0001	0.0026	0.0008	0.0018
20	45	0.0237	6	2	0	0	1	0	0	0	1	1	1	2	2	0	0	0	0	0	0	Y	N	N	N	Y	Y	N	N	N	N	N	N	N	N	N	N	N	N	0.0000	0.0000	0.0000	0.0000	0.0000	0.0000	0.0000	0.0000	0.0000	0.0000	0.0000	0.0000	0.0000	0.0000	0.0000	0.0000	0.0000	0.0000	0.0000	0.0000	0.0000	0.0000	0.0000	0.0000	0.0000	0.0000	0.0000			0.0000	0.0000	1.0000	0.9998	0.0000	0.0048	0.0000	0.0000	0.0000	0.0000	0.0000	0.0000	0.0000	0.0000	0.0000	0.0000	0.0000	0.0000	0.0000	0.0000	0.0000	0.0000	0.0000	0.0000	0.0229	0.0200	0.0029	0.0007	0.0006	0.0000	0.0222	0.0193	0.0029	0.0031	0.0010	0.0021	0.0000	0.0000	0.0000	0.0031	0.0010	0.0021
20	46	0.0177	5	2	0	0	0	0	0	0	0	1	1	2	2	0	0	0	0	0	0	Y	N	N	N	Y	Y	N	N	N	N	N	N	N	N	N	N	N	N	0.0000	0.0000	0.0000	0.0000	0.0000	0.0000	0.0000	0.0000	0.0000	0.0000	0.0000	0.0000	0.0000	0.0000	0.0000	0.0000	0.0000	0.0000	0.0000	0.0000	0.0000	0.0000	0.0000	0.0000	0.0000	0.0000	0.0000			0.0000	0.0000	1.0000	0.0006	0.0000	0.9846	0.0000	0.0000	0.0000	0.0000	0.0000	0.0000	0.0000	0.0000	0.0000	0.0000	0.0000	0.0000	0.0000	0.0000	0.0000	0.0000	0.0000	0.0000	0.0000	0.0000	0.0000	0.0000	0.0000	0.0000	0.0000	0.0000	0.0000	0.0031	0.0010	0.0021	0.0000	0.0000	0.0000	0.0031	0.0010	0.0021
20	47	0.0059	4	2	0	0	0	0	0	0	0	1	2	2	2	0	0	0	0	0	0	Y	N	N	N	Y	Y	N	N	N	N	N	N	N	N	N	N	N	N	0.0000	0.0000	0.0000	0.0000	0.0000	0.0000	0.0000	0.0000	0.0000	0.0000	0.0000	0.0000	0.0000	0.0000	0.0000	0.0000	0.0000	0.0000	0.0000	0.0000	0.0000	0.0000	0.0000	0.0000	0.0000	0.0000	0.0000			0.0000	0.0000	1.0000	1.9996	0.0000	0.0187	0.0000	0.0000	0.0000	0.0000	0.0000	0.0000	0.0000	0.0000	0.0000	0.0000	0.0000	0.0000	0.0000	0.0000	0.0000	0.0000	0.0000	0.0000	0.0450	0.0392	0.0058	0.0000	0.0000	0.0000	0.0450	0.0392	0.0058	0.0061	0.0020	0.0041	0.0000	0.0000	0.0000	0.0061	0.0020	0.0041
20	48	0.0059	3	2	0	0	0	0	0	0	0	2	1	2	1	0	0	0	0	0	0	Y	N	N	N	Y	N	N	N	N	N	N	N	N	N	N	N	N	N	0.0000	0.0000	0.0000	0.0000	0.0000	0.0000	0.0000	0.0000	0.0000	0.0000	0.0000	0.0000	0.0000	0.0000	0.0000	0.0000	0.0000	0.0000	0.0000	0.0000	0.0000	0.0000	0.0000	0.0000	0.0000	0.0000	0.0000			0.0000	0.0000	1.0000	0.0000	0.0000	0.0000	0.0000	0.0000	0.0000	0.0000	0.0000	0.0000	0.0000	0.0000	0.0000	0.0000	0.0000	0.0000	0.0000	0.0000	0.0000	0.0000	0.0000	0.0000	0.0000	0.0000	0.0000	0.0000	0.0000	0.0000	0.0000	0.0000	0.0000	0.0000	0.0000	0.0000	0.0000	0.0000	0.0000	0.0000	0.0000	0.0000
20	50	0.0840	9	2	0	1	0	0	0	0	0	1	1	1	1	0	0	0	0	0	0	Y	N	N	N	N	N	N	N	N	N	N	N	N	N	N	N	N	N	0.0000	0.0000	0.0000	0.0000	0.0000	0.0000	0.0000	0.0000	0.0000	0.0000	0.0000	0.0000	0.0000	0.0000	0.0000	0.0000	0.0000	0.0000	0.0000	0.0000	0.0000	0.0000	0.0000	0.0000	0.0000	0.0000	0.0000			0.0000	0.0000	1.0000	3.0380	0.0000	0.0352	0.0000	0.0000	0.0000	0.0000	0.0000	0.0000	0.0000	0.0000	0.0000	0.0000	0.0000	0.0000	0.0000	0.0000	0.0000	0.0000	0.0000	0.0000	0.0658	0.0579	0.0079	0.0073	0.0070	0.0003	0.0585	0.0509	0.0076	0.0087	0.0032	0.0055	0.0011	0.0009	0.0002	0.0076	0.0023	0.0053
20	51	0.0699	8	2	0	1	0	1	0	1	0	1	1	1	1	0	0	0	0	0	0	Y	N	N	N	N	N	N	N	N	N	N	N	N	N	N	N	N	N	0.0000	0.0000	0.0000	0.0000	0.0000	0.0000	0.0000	0.0000	0.0000	0.0000	0.0000	0.0000	0.0000	0.0000	0.0000	0.0000	0.0000	0.0000	0.0000	0.0000	0.0000	0.0000	0.0000	0.0000	0.0000	0.0000	0.0000			0.0000	0.0000	1.0000	1.0494	0.0000	1.5573	0.0000	0.0000	0.0000	0.0000	0.0000	0.0000	0.0000	0.0000	0.0000	0.0000	0.0000	0.0000	0.0000	0.0000	0.0000	0.0000	0.0000	0.0000	0.0233	0.0204	0.0029	0.0024	0.0023	0.0001	0.0210	0.0182	0.0028	0.0082	0.0030	0.0052	0.0011	0.0010	0.0001	0.0071	0.0020	0.0050
20	54	0.0059	4	2	0	1	0	0	0	0	0	1	1	1	1	0	0	0	0	0	0	Y	N	N	N	N	N	N	N	N	N	N	N	N	N	N	N	N	N	0.0000	0.0000	0.0000	0.0000	0.0000	0.0000	0.0000	0.0000	0.0000	0.0000	0.0000	0.0000	0.0000	0.0000	0.0000	0.0000	0.0000	0.0000	0.0000	0.0000	0.0000	0.0000	0.0000	0.0000	0.0000	0.0000	0.0000			0.0000	0.0000	1.0000	4.0000	0.0000	4.0000	0.0000	0.0000	0.0000	0.0000	0.0000	0.0000	0.0000	0.0000	0.0000	0.0000	0.0000	0.0000	0.0000	0.0000	0.0000	0.0000	0.0000	0.0000	0.0881	0.0768	0.0113	0.0000	0.0000	0.0000	0.0881	0.0768	0.0113	0.0227	0.0075	0.0152	0.0000	0.0000	0.0000	0.0227	0.0075	0.0152
20	55	0.0059	3	2	0	1	0	0	0	1	0	1	1	1	1	0	0	0	0	0	0	Y	N	N	N	N	N	N	N	N	N	N	N	N	N	N	N	N	N	0.0000	0.0000	0.0000	0.0000	0.0000	0.0000	0.0000	0.0000	0.0000	0.0000	0.0000	0.0000	0.0000	0.0000	0.0000	0.0000	0.0000	0.0000	0.0000	0.0000	0.0000	0.0000	0.0000	0.0000	0.0000	0.0000	0.0000			0.0000	0.0000	1.0000	0.0000	0.0000	0.0000	0.0000	0.0000	0.0000	0.0000	0.0000	0.0000	0.0000	0.0000	0.0000	0.0000	0.0000	0.0000	0.0000	0.0000	0.0000	0.0000	0.0000	0.0000	0.0000	0.0000	0.0000	0.0000	0.0000	0.0000	0.0000	0.0000	0.0000	0.0000	0.0000	0.0000	0.0000	0.0000	0.0000	0.0000	0.0000	0.0000
20	56	0.0059	2	2	0	0	0	0	0	0	0	1	1	1	1	0	0	0	0	0	0	Y	N	N	N	N	N	N	N	N	N	N	N	N	N	N	N	N	N	0.0000	0.0000	0.0000	0.0000	0.0000	0.0000	0.0000	0.0000	0.0000	0.0000	0.0000	0.0000	0.0000	0.0000	0.0000	0.0000	0.0000	0.0000	0.0000	0.0000	0.0000	0.0000	0.0000	0.0000	0.0000	0.0000	0.0000			0.0000	0.0000	1.0000	0.0000	0.0000	0.0000	0.0000	0.0000	0.0000	0.0000	0.0000	0.0000	0.0000	0.0000	0.0000	0.0000	0.0000	0.0000	0.0000	0.0000	0.0000	0.0000	0.0000	0.0000	0.0000	0.0000	0.0000	0.0000	0.0000	0.0000	0.0000	0.0000	0.0000	0.0000	0.0000	0.0000	0.0000	0.0000	0.0000	0.0000	0.0000	0.0000
20	60	0.0850	8	1	0	1	0	0	0	1	0	2	1	2	1	0	0	0	0	0	0	N	N	N	N	Y	N	N	N	N	N	N	N	N	N	N	N	N	N	0.0000	0.0000	0.0000	0.0000	0.0000	0.0000	0.0000	0.0000	0.0000	0.0000	0.0000	0.0000	0.0000	0.0000	0.0000	0.0000	0.0000	0.0000	0.0000	0.0000	0.0000	0.0000	0.0000	0.0000	0.0000	0.0000	0.0000			0.0000	0.0000	1.0000	2.0000	0.0000	1.0000	0.0000	0.0000	0.0000	0.0000	0.0000	0.0000	0.0000	0.0000	0.0000	0.0000	0.0000	0.0000	0.0000	0.0000	0.0000	0.0000	0.0000	0.0000	0.0432	0.0380	0.0052	0.0035	0.0033	0.0002	0.0396	0.0347	0.0049	0.0083	0.0029	0.0054	0.0008	0.0006	0.0002	0.0075	0.0023	0.0053
20	65	0.0850	10	2	0	1	0	1	0	1	0	1	1	1	1	0	0	0	0	0	0	Y	N	N	N	N	N	N	N	N	N	N	N	N	N	N	N	N	N	0.0000	0.0000	0.0000	0.0000	0.0000	0.0000	0.0000	0.0000	0.0000	0.0000	0.0000	0.0000	0.0000	0.0000	0.0000	0.0000	0.0000	0.0000	0.0000	0.0000	0.0000	0.0000	0.0000	0.0000	0.0000	0.0000	0.0000			0.0000	0.0000	1.0000	2.0000	0.0000	2.0000	0.0000	0.0000	0.0000	0.0000	0.0000	0.0000	0.0000	0.0000	0.0000	0.0000	0.0000	0.0000	0.0000	0.0000	0.0000	0.0000	0.0000	0.0000	0.0432	0.0380	0.0052	0.0035	0.0033	0.0002	0.0396	0.0347	0.0049	0.0110	0.0038	0.0072	0.0011	0.0008	0.0002	0.0099	0.0030	0.0069
20	66	0.0914	11	1	0	0	0	0	0	0	0	1	2	1	2	0	0	0	0	0	0	N	N	N	N	N	Y	N	N	N	N	N	N	N	N	N	N	N	N	0.0000	0.0000	0.0000	0.0000	0.0000	0.0000	0.0000	0.0000	0.0000	0.0000	0.0000	0.0000	0.0000	0.0000	0.0000	0.0000	0.0000	0.0000	0.0000	0.0000	0.0000	0.0000	0.0000	0.0000	0.0000	0.0000	0.0000			0.0000	0.0000	1.0000	2.0073	0.0000	0.7728	0.0000	0.0000	0.0000	0.0000	0.0000	0.0000	0.0000	0.0000	0.0000	0.0000	0.0000	0.0000	0.0000	0.0000	0.0000	0.0000	0.0000	0.0000	0.0430	0.0379	0.0051	0.0040	0.0038	0.0002	0.0390	0.0341	0.0049	0.0106	0.0042	0.0064	0.0024	0.0022	0.0002	0.0082	0.0020	0.0062
20	67	0.1034	12	1	0	0	0	0	0	0	0	1	2	1	2	0	0	0	0	0	0	N	N	N	N	N	Y	N	N	N	N	N	N	N	N	N	N	N	N	0.0000	0.0000	0.0000	0.0000	0.0000	0.0000	0.0000	0.0000	0.0000	0.0000	0.0000	0.0000	0.0000	0.0000	0.0000	0.0000	0.0000	0.0000	0.0000	0.0000	0.0000	0.0000	0.0000	0.0000	0.0000	0.0000	0.0000			0.0000	0.0000	1.0000	0.9402	0.0000	1.7770	0.0000	0.0000	0.0000	0.0000	0.0000	0.0000	0.0000	0.0000	0.0000	0.0000	0.0000	0.0000	0.0000	0.0000	0.0000	0.0000	0.0000	0.0000	0.0260	0.0232	0.0027	0.0053	0.0051	0.0002	0.0207	0.0182	0.0025	0.0104	0.0042	0.0062	0.0024	0.0022	0.0002	0.0080	0.0020	0.0061
20	73	0.1333	9	2	0	1	0	0	0	0	0	1	1	2	1	0	0	0	0	0	0	Y	N	N	N	Y	N	N	N	N	N	N	N	N	N	N	N	N	N	0.0000	0.0000	0.0000	0.0000	0.0000	0.0000	0.0000	0.0000	0.0000	0.0000	0.0000	0.0000	0.0000	0.0000	0.0000	0.0000	0.0000	0.0000	0.0000	0.0000	0.0000	0.0000	0.0000	0.0000	0.0000	0.0000	0.0000			0.0000	0.0000	1.0000	0.0000	0.0000	0.0000	0.0000	0.0000	0.0000	0.0000	0.0000	0.0000	0.0000	0.0000	0.0000	0.0000	0.0000	0.0000	0.0000	0.0000	0.0000	0.0000	0.0000	0.0000	0.0000	0.0000	0.0000	0.0000	0.0000	0.0000	0.0000	0.0000	0.0000	0.0001	0.0000	0.0000	0.0000	0.0000	0.0000	0.0000	0.0000	0.0000
20	74	0.0610	8	2	0	1	0	0	0	0	0	2	1	2	1	0	0	0	0	0	0	Y	N	N	N	Y	N	N	N	N	N	N	N	N	N	N	N	N	N	inf	inf	0.0000	0.0000	0.0000	0.0000	inf	inf	0.0000	0.0001	0.0001	0.0000	0.0000	0.0000	0.0000	0.0001	0.0001	0.0000	0.0000	0.0000	0.0000	0.0000	0.0000	0.0000	0.0000	0.0000	0.0000	0.0000		-0.0000	0.0000	1.0000	3.8563	0.0000	5.9737	0.0000	0.0000	0.0000	0.0000	0.0000	0.0000	0.0000	0.0000	0.0000	0.0000	0.0000	0.0000	0.0000	0.0000	0.0000	0.0000	0.0000	0.0000	0.0819	0.0718	0.0101	0.0053	0.0050	0.0003	0.0766	0.0668	0.0097	0.0270	0.0100	0.0170	0.0017	0.0014	0.0003	0.0253	0.0086	0.0167
20	75	0.0610	8	2	0	1	0	0	0	0	0	1	1	1	1	0	0	0	0	0	0	Y	N	N	N	N	N	N	N	N	N	N	N	N	N	N	N	N	N	0.0000	0.0000	0.0000	0.0000	0.0000	0.0000	0.0000	0.0000	0.0000	0.0000	0.0000	0.0000	0.0000	0.0000	0.0000	0.0000	0.0000	0.0000	0.0000	0.0000	0.0000	0.0000	0.0000	0.0000	0.0000	0.0000	0.0000			0.0000	0.0000	1.0000	4.9966	0.0000	2.0573	0.0000	0.0000	0.0000	0.0000	0.0000	0.0000	0.0000	0.0000	0.0000	0.0000	0.0000	0.0000	0.0000	0.0000	0.0000	0.0000	0.0000	0.0000	0.1040	0.0913	0.0127	0.0067	0.0063	0.0004	0.0973	0.0850	0.0123	0.0202	0.0077	0.0126	0.0014	0.0012	0.0002	0.0188	0.0064	0.0124
20	76	0.0556	7	2	0	1	0	1	0	1	0	1	1	1	1	0	0	0	0	0	0	Y	N	N	N	N	N	N	N	N	N	N	N	N	N	N	N	N	N	0.0000	0.0000	0.0000	0.0000	0.0000	0.0000	0.0000	0.0000	0.0000	0.0000	0.0000	0.0000	0.0000	0.0000	0.0000	0.0000	0.0000	0.0000	0.0000	0.0000	0.0000	0.0000	0.0000	0.0000	0.0000	0.0000	0.0000			0.0000	0.0000	1.0000	0.0131	0.0000	1.0784	0.0000	0.0000	0.0000	0.0000	0.0000	0.0000	0.0000	0.0000	0.0000	0.0000	0.0000	0.0000	0.0000	0.0000	0.0000	0.0000	0.0000	0.0000	0.0005	0.0005	0.0001	0.0001	0.0001	0.0000	0.0004	0.0003	0.0001	0.0047	0.0023	0.0023	0.0008	0.0008	0.0000	0.0039	0.0015	0.0023
21	22	0.1466	14	2	0	1	1	0	0	0	1	0	0	1	2	0	0	0	0	0	0	Y	N	N	N	N	Y	N	N	N	N	N	N	N	N	N	N	N	N	0.0000	0.0000	0.0000	0.0000	0.0000	0.0000	0.0000	0.0000	0.0000	0.0000	0.0000	0.0000	0.0000	0.0000	0.0000	0.0000	0.0000	0.0000	0.0000	0.0000	0.0000	0.0000	0.0000	0.0000	0.0000	0.0000	0.0000			0.0000	0.0000	3.8982	0.0000	3.1508	0.0000	0.0000	0.0000	0.0000	0.0000	0.0000	0.0000	0.0000	0.0000	0.0000	0.0000	0.0000	0.0000	0.0000	0.0000	0.0000	0.0000	0.0000	0.0000	0.0000	0.0000	0.0000	0.0000	0.0000	0.0000	0.0000	0.0000	0.0000	0.0000	0.0000	0.0000	0.0000	0.0000	0.0000	0.0000	0.0000	0.0000
21	23	0.1466	14	2	0	1	0	0	0	0	0	0	0	1	2	0	0	0	0	0	0	Y	N	N	N	N	Y	N	N	N	N	N	N	N	N	N	N	N	N	0.0000	0.0000	0.0000	0.0000	0.0000	0.0000	0.0000	0.0000	0.0000	0.0000	0.0000	0.0000	0.0000	0.0000	0.0000	0.0000	0.0000	0.0000	0.0000	0.0000	0.0000	0.0000	0.0000	0.0000	0.0000	0.0000	0.0000			0.0000	0.0000	3.8982	0.0000	3.1508	0.0000	0.0000	0.0000	0.0000	0.0000	0.0000	0.0000	0.0000	0.0000	0.0000	0.0000	0.0000	0.0000	0.0000	0.0000	0.0000	0.0000	0.0000	0.0000	0.0000	0.0000	0.0000	0.0000	0.0000	0.0000	0.0000	0.0000	0.0000	0.0000	0.0000	0.0000	0.0000	0.0000	0.0000	0.0000	0.0000	0.0000
21	24	0.1407	13	2	0	1	0	0	0	1	0	0	0	1	2	0	0	0	0	0	0	Y	N	N	N	N	Y	N	N	N	N	N	N	N	N	N	N	N	N	0.0000	0.0000	0.0000	0.0000	0.0000	0.0000	0.0000	0.0000	0.0000	0.0000	0.0000	0.0000	0.0000	0.0000	0.0000	0.0000	0.0000	0.0000	0.0000	0.0000	0.0000	0.0000	0.0000	0.0000	0.0000	0.0000	0.0000		0.0000	0.0000	-0.0000	3.8982	0.0002	3.1508	1.0022	0.0000	0.0000	0.0000	0.0000	0.0000	0.0000	0.0000	0.0000	0.0000	0.0000	0.0000	0.0000	0.0000	0.0000	0.0000	0.0000	0.0000	0.0000	0.0000	0.0000	0.0000	0.0000	0.0000	0.0000	0.0000	0.0000	0.0000	0.0203	0.0083	0.0119	0.0027	0.0023	0.0004	0.0176	0.0060	0.0115
21	25	0.2314	12	2	0	1	0	0	0	0	0	0	0	1	1	0	0	0	0	0	0	Y	N	N	N	N	N	N	N	N	N	N	N	N	N	N	N	N	N	0.6810	0.3133	0.0000	0.3764	0.3454	0.0000	0.0000	0.0000	0.0000	0.0023	0.0025	0.0000	0.0088	0.0090	0.0000	0.0000	0.0000	0.0000	0.0033	0.0081	0.0000	0.0234	0.0261	0.0000	0.0000	0.0000	0.0000	0.0000	0.0000	-0.0001	-0.0001	3.8982	1.1515	3.1508	1.0047	0.0003	0.0003	0.0000	0.0003	0.0003	0.0000	0.0000	0.0000	0.0000	0.0001	0.0001	0.0000	0.0001	0.0001	0.0000	0.0000	0.0000	0.0000	0.1220	0.1097	0.0123	0.0316	0.0308	0.0008	0.0905	0.0789	0.0115	0.0418	0.0173	0.0245	0.0060	0.0053	0.0006	0.0358	0.0119	0.0239
21	26	0.1400	9	2	0	1	0	1	0	1	0	1	0	1	1	0	0	0	0	0	0	Y	N	N	N	N	N	N	N	N	N	N	N	N	N	N	N	N	N	2.3376	1.1134	0.0000	0.0000	0.0000	0.0000	5146584.5514	inf	0.0000	1.2835	1.4501	0.0000	0.0000	0.0000	0.0000	1.4959	1.7136	0.0000	0.5490	1.3024	0.0000	4.2855	5.1191	0.0000	0.0000	0.0000	0.0000	0.0000	0.0000	-0.3715	-0.0661	3.8982	8.9852	3.1508	5.9578	0.8959	0.8959	0.0000	0.0000	0.0000	0.0000	0.8959	0.8959	0.0000	0.1434	0.1434	0.0000	0.1434	0.1434	0.0000	0.0000	0.0000	0.0000	0.6980	0.6178	0.0802	0.0991	0.0950	0.0041	0.5989	0.5228	0.0761	0.2612	0.1101	0.1511	0.0335	0.0280	0.0054	0.2278	0.0821	0.1457
21	27	0.1229	10	2	0	1	0	0	0	1	0	0	0	0	1	0	0	0	0	0	0	Y	N	N	N	N	N	N	N	N	N	N	N	N	N	N	N	N	N	0.0000	0.0000	0.0000	0.0000	0.0000	0.0000	0.0000	0.0000	0.0000	0.0000	0.0000	0.0000	0.0000	0.0000	0.0000	0.0000	0.0000	0.0000	0.0000	0.0000	0.0000	0.0000	0.0000	0.0000	0.0000	0.0000	0.0000			0.0000	0.0000	3.8982	0.0000	3.1508	2.0000	0.0000	0.0000	0.0000	0.0000	0.0000	0.0000	0.0000	0.0000	0.0000	0.0000	0.0000	0.0000	0.0000	0.0000	0.0000	0.0000	0.0000	0.0000	0.0000	0.0000	0.0000	0.0000	0.0000	0.0000	0.0000	0.0000	0.0000	0.0396	0.0161	0.0235	0.0050	0.0042	0.0008	0.0346	0.0119	0.0227
21	28	0.1229	9	2	0	0	0	0	0	0	0	0	0	0	1	0	0	0	0	0	0	Y	N	N	N	N	N	N	N	N	N	N	N	N	N	N	N	N	N	0.0000	0.0000	0.0000	0.0000	0.0000	0.0000	0.0000	0.0000	0.0000	0.0000	0.0000	0.0000	0.0000	0.0000	0.0000	0.0000	0.0000	0.0000	0.0000	0.0000	0.0000	0.0000	0.0000	0.0000	0.0000	0.0000	0.0000			0.0000	0.0000	3.8982	0.0000	3.1508	0.0000	0.0000	0.0000	0.0000	0.0000	0.0000	0.0000	0.0000	0.0000	0.0000	0.0000	0.0000	0.0000	0.0000	0.0000	0.0000	0.0000	0.0000	0.0000	0.0000	0.0000	0.0000	0.0000	0.0000	0.0000	0.0000	0.0000	0.0000	0.0000	0.0000	0.0000	0.0000	0.0000	0.0000	0.0000	0.0000	0.0000
21	32	0.1405	9	2	0	0	0	0	0	0	0	0	0	0	1	0	0	0	0	0	0	Y	N	N	N	N	N	N	N	N	N	N	N	N	N	N	N	N	N	0.8549	0.2252	6993588.1097	0.0000	0.0000	inf	0.9784	0.2212	7083983.3951	5.9392	3.5503	23.8450	0.0000	0.0000	0.0000	6.9317	4.2050	25.0851	6.9471	15.7621	0.0000	6.1193	7.2017	0.0000	7.0851	19.0142	0.0000	0.8960	0.0000	0.1098	-0.5254	3.8982	4.0243	3.1508	4.9679	1.8951	0.9995	0.8956	0.0000	0.0000	0.0000	1.8951	0.9995	0.8956	1.1400	1.1400	0.0000	0.1434	0.1434	0.0000	0.9966	0.9966	0.0000	0.3191	0.2815	0.0376	0.0457	0.0438	0.0019	0.2734	0.2377	0.0357	0.1641	0.0723	0.0918	0.0234	0.0199	0.0035	0.1407	0.0524	0.0882
21	34	0.1405	9	2	0	1	0	0	0	1	0	0	0	0	1	0	0	0	0	0	0	Y	N	N	N	N	N	N	N	N	N	N	N	N	N	N	N	N	N	0.4841	0.2695	0.8815	0.4886	0.4985	0.0000	376.8437	0.0000	2067.7234	0.0060	0.0065	0.0024	0.0397	0.0414	0.0000	0.0003	0.0000	0.0025	0.0125	0.0242	0.0027	0.0813	0.0830	0.0707	0.0000	0.0000	0.0000	0.0497	0.1372	-0.0005	-0.0004	3.8982	3.0233	3.1508	2.0370	0.0015	0.0014	0.0001	0.0014	0.0014	0.0000	0.0001	0.0000	0.0001	0.0012	0.0011	0.0001	0.0012	0.0011	0.0001	0.0000	0.0000	0.0000	0.2447	0.2159	0.0288	0.0354	0.0340	0.0014	0.2093	0.1819	0.0274	0.0993	0.0450	0.0543	0.0152	0.0131	0.0021	0.0841	0.0319	0.0522
21	35	0.1341	8	2	0	0	0	1	0	0	0	0	0	0	1	0	0	0	0	0	0	Y	N	N	N	N	N	N	N	N	N	N	N	N	N	N	N	N	N	0.1043	0.0266	3.9666	0.0014	0.0014	0.0000	0.1205	0.0253	5.1494	0.0046	0.0021	0.0258	0.0000	0.0000	0.0000	0.0057	0.0027	0.0269	0.0444	0.0803	0.0065	0.0325	0.0317	0.0405	0.0473	0.1057	0.0052	1.4281	0.0764	0.0001	-0.0005	3.8982	1.0742	3.1508	0.1055	0.0005	0.0002	0.0003	0.0000	0.0000	0.0000	0.0005	0.0002	0.0003	0.0013	0.0012	0.0001	0.0002	0.0002	0.0000	0.0011	0.0010	0.0001	0.1052	0.0940	0.0111	0.0198	0.0193	0.0005	0.0854	0.0747	0.0106	0.0285	0.0147	0.0139	0.0055	0.0050	0.0005	0.0230	0.0096	0.0134
21	36	0.1288	11	2	0	0	0	0	0	0	0	0	0	1	2	0	0	0	0	0	0	Y	N	N	N	N	Y	N	N	N	N	N	N	N	N	N	N	N	N	0.0000	0.0000	0.0000	0.0000	0.0000	0.0000	0.0000	0.0000	0.0000	0.0000	0.0000	0.0000	0.0000	0.0000	0.0000	0.0000	0.0000	0.0000	0.0000	0.0000	0.0000	0.0000	0.0000	0.0000	0.0000	0.0000	0.0000			0.0000	0.0000	3.8982	3.0000	3.1508	5.0000	0.0000	0.0000	0.0000	0.0000	0.0000	0.0000	0.0000	0.0000	0.0000	0.0000	0.0000	0.0000	0.0000	0.0000	0.0000	0.0000	0.0000	0.0000	0.2453	0.2160	0.0293	0.0268	0.0257	0.0011	0.2185	0.1903	0.0282	0.1497	0.0616	0.0881	0.0196	0.0165	0.0031	0.1300	0.0451	0.0850
21	37	0.1288	10	2	0	0	0	0	0	0	0	0	1	1	2	0	0	0	0	0	0	Y	N	N	N	N	Y	N	N	N	N	N	N	N	N	N	N	N	N	0.0000	0.0000	0.0000	0.0000	0.0000	0.0000	0.0000	0.0000	0.0000	0.0000	0.0000	0.0000	0.0000	0.0000	0.0000	0.0000	0.0000	0.0000	0.0000	0.0000	0.0000	0.0000	0.0000	0.0000	0.0000	0.0000	0.0000			0.0000	0.0000	3.8982	0.0000	3.1508	0.0000	0.0000	0.0000	0.0000	0.0000	0.0000	0.0000	0.0000	0.0000	0.0000	0.0000	0.0000	0.0000	0.0000	0.0000	0.0000	0.0000	0.0000	0.0000	0.0000	0.0000	0.0000	0.0000	0.0000	0.0000	0.0000	0.0000	0.0000	0.0000	0.0000	0.0000	0.0000	0.0000	0.0000	0.0000	0.0000	0.0000
21	38	0.1288	9	2	0	0	0	0	0	0	0	0	0	1	1	0	0	0	0	0	0	Y	N	N	N	N	N	N	N	N	N	N	N	N	N	N	N	N	N	0.0000	0.0000	0.0000	0.0000	0.0000	0.0000	0.0000	0.0000	0.0000	0.0000	0.0000	0.0000	0.0000	0.0000	0.0000	0.0000	0.0000	0.0000	0.0000	0.0000	0.0000	0.0000	0.0000	0.0000	0.0000	0.0000	0.0000			0.0000	0.0000	3.8982	0.0000	3.1508	0.0000	0.0000	0.0000	0.0000	0.0000	0.0000	0.0000	0.0000	0.0000	0.0000	0.0000	0.0000	0.0000	0.0000	0.0000	0.0000	0.0000	0.0000	0.0000	0.0000	0.0000	0.0000	0.0000	0.0000	0.0000	0.0000	0.0000	0.0000	0.0000	0.0000	0.0000	0.0000	0.0000	0.0000	0.0000	0.0000	0.0000
21	39	0.1229	8	2	0	0	0	0	0	0	0	1	0	1	1	0	0	0	0	0	0	Y	N	N	N	N	N	N	N	N	N	N	N	N	N	N	N	N	N	0.0000	0.0000	0.0000	0.0000	0.0000	0.0000	0.0000	0.0000	0.0000	0.0000	0.0000	0.0000	0.0000	0.0000	0.0000	0.0000	0.0000	0.0000	49.8858	0.0000	84.0488	0.0040	0.0000	0.0261	57.0514	0.0000	86.8514		inf	0.0000	0.5379	3.8982	0.0000	3.1508	1.0000	0.0000	0.0000	0.0000	0.0000	0.0000	0.0000	0.0000	0.0000	0.0000	0.9977	0.0000	0.9977	0.0000	0.0000	0.0000	0.9977	0.0000	0.9977	0.0000	0.0000	0.0000	0.0000	0.0000	0.0000	0.0000	0.0000	0.0000	0.0200	0.0081	0.0119	0.0025	0.0021	0.0004	0.0175	0.0060	0.0115
21	40	0.1139	9	2	0	1	0	0	0	1	0	0	0	0	1	0	0	0	0	0	0	Y	N	N	N	N	N	N	N	N	N	N	N	N	N	N	N	N	N	1.6932	6.6883	0.0000	3.5720	26.7742	0.0000	0.0000	0.0000	0.0000	0.0019	0.0022	0.0000	0.0320	0.0333	0.0000	0.0000	0.0000	0.0000	0.0011	0.0003	0.0017	0.0090	0.0012	0.1449	0.0001	0.0000	0.0001	0.0000	7.1060	-0.0006	0.0001	3.8982	9.0556	3.1508	5.2001	0.0013	0.0013	0.0000	0.0013	0.0013	0.0000	0.0000	0.0000	0.0000	0.0003	0.0000	0.0003	0.0003	0.0000	0.0003	0.0000	0.0000	0.0000	0.6930	0.6087	0.0843	0.0419	0.0403	0.0016	0.6511	0.5684	0.0827	0.2832	0.1212	0.1620	0.0339	0.0321	0.0018	0.2493	0.0891	0.1602
21	41	0.0990	8	2	0	0	0	1	0	0	0	0	0	0	1	0	0	0	0	0	0	Y	N	N	N	N	N	N	N	N	N	N	N	N	N	N	N	N	N	0.0589	0.1215	0.0054	0.0000	0.0000	0.0000	0.0591	0.1208	0.0055	0.0159	0.0179	0.0019	0.0000	0.0000	0.0000	0.0166	0.0188	0.0019	0.2691	0.1470	0.3474	0.0974	0.1023	0.0043	0.2818	0.1560	0.3493	0.0152	3.6874	-0.0005	0.0038	3.8982	1.0068	3.1508	1.0688	0.0013	0.0013	0.0000	0.0000	0.0000	0.0000	0.0013	0.0013	0.0000	0.0118	0.0025	0.0093	0.0003	0.0003	0.0000	0.0115	0.0022	0.0093	0.0845	0.0739	0.0106	0.0040	0.0039	0.0001	0.0805	0.0700	0.0104	0.0437	0.0171	0.0266	0.0030	0.0029	0.0002	0.0407	0.0142	0.0265
21	42	0.1111	12	1	0	0	0	0	0	0	0	0	1	0	2	0	0	0	0	0	0	N	N	N	N	N	Y	N	N	N	N	N	N	N	N	N	N	N	N	0.0000	0.0000	0.0000	0.0000	0.0000	0.0000	0.0000	0.0000	0.0000	0.0000	0.0000	0.0000	0.0000	0.0000	0.0000	0.0000	0.0000	0.0000	0.0615	0.1559	0.0000	0.8304	0.8727	0.0000	0.0000	0.0000	0.0000		0.0000	0.0000	-0.0006	3.8982	0.9984	3.1508	0.0033	0.0000	0.0000	0.0000	0.0000	0.0000	0.0000	0.0000	0.0000	0.0000	0.0013	0.0013	0.0000	0.0013	0.0013	0.0000	0.0000	0.0000	0.0000	0.0824	0.0720	0.0104	0.0031	0.0029	0.0001	0.0793	0.0690	0.0103	0.0214	0.0085	0.0130	0.0016	0.0015	0.0001	0.0198	0.0069	0.0129
21	45	0.1407	13	2	0	0	1	0	0	0	1	0	0	1	2	0	0	0	0	0	0	Y	N	N	N	N	Y	N	N	N	N	N	N	N	N	N	N	N	N	0.0000	0.0000	0.0000	0.0000	0.0000	0.0000	0.0000	0.0000	0.0000	0.0000	0.0000	0.0000	0.0000	0.0000	0.0000	0.0000	0.0000	0.0000	0.0000	0.0000	0.0000	0.0000	0.0000	0.0000	0.0000	0.0000	0.0000		0.0000	0.0000	-0.0000	3.8982	0.9998	3.1508	0.0048	0.0000	0.0000	0.0000	0.0000	0.0000	0.0000	0.0000	0.0000	0.0000	0.0000	0.0000	0.0000	0.0000	0.0000	0.0000	0.0000	0.0000	0.0000	0.0841	0.0741	0.0100	0.0117	0.0112	0.0005	0.0724	0.0629	0.0095	0.0203	0.0084	0.0119	0.0027	0.0023	0.0004	0.0176	0.0061	0.0116
21	46	0.1348	12	2	0	0	0	0	0	0	0	0	0	1	2	0	0	0	0	0	0	Y	N	N	N	N	Y	N	N	N	N	N	N	N	N	N	N	N	N	0.0000	0.0000	0.0000	0.0000	0.0000	0.0000	0.0000	0.0000	0.0000	0.0000	0.0000	0.0000	0.0000	0.0000	0.0000	0.0000	0.0000	0.0000	0.0015	0.0036	0.0000	0.0107	0.0124	0.0000	0.0000	0.0000	0.0000		0.0001	0.0000	-0.0000	3.8982	0.0006	3.1508	0.9846	0.0000	0.0000	0.0000	0.0000	0.0000	0.0000	0.0000	0.0000	0.0000	0.0000	0.0000	0.0000	0.0000	0.0000	0.0000	0.0000	0.0000	0.0000	0.0001	0.0001	0.0000	0.0000	0.0000	0.0000	0.0001	0.0001	0.0000	0.0202	0.0083	0.0120	0.0027	0.0024	0.0004	0.0175	0.0059	0.0116
21	47	0.1229	11	2	0	0	0	0	0	0	0	0	1	1	2	0	0	0	0	0	0	Y	N	N	N	N	Y	N	N	N	N	N	N	N	N	N	N	N	N	0.0000	0.0000	0.0000	0.0000	0.0000	0.0000	0.0000	0.0000	0.0000	0.0000	0.0000	0.0000	0.0000	0.0000	0.0000	0.0000	0.0000	0.0000	0.0000	0.0000	0.0000	0.0001	0.0001	0.0000	0.0000	0.0000	0.0000		0.0000	0.0000	-0.0000	3.8982	1.9996	3.1508	0.0187	0.0000	0.0000	0.0000	0.0000	0.0000	0.0000	0.0000	0.0000	0.0000	0.0000	0.0000	0.0000	0.0000	0.0000	0.0000	0.0000	0.0000	0.0000	0.1653	0.1455	0.0198	0.0181	0.0174	0.0007	0.1472	0.1281	0.0191	0.0399	0.0163	0.0237	0.0050	0.0043	0.0008	0.0349	0.0120	0.0229
21	48	0.1229	10	2	0	0	0	0	0	0	0	1	0	1	1	0	0	0	0	0	0	Y	N	N	N	N	N	N	N	N	N	N	N	N	N	N	N	N	N	0.0000	0.0000	0.0000	0.0000	0.0000	0.0000	0.0000	0.0000	0.0000	0.0000	0.0000	0.0000	0.0000	0.0000	0.0000	0.0000	0.0000	0.0000	0.0000	0.0000	0.0000	0.0000	0.0000	0.0000	0.0000	0.0000	0.0000			0.0000	0.0000	3.8982	0.0000	3.1508	0.0000	0.0000	0.0000	0.0000	0.0000	0.0000	0.0000	0.0000	0.0000	0.0000	0.0000	0.0000	0.0000	0.0000	0.0000	0.0000	0.0000	0.0000	0.0000	0.0000	0.0000	0.0000	0.0000	0.0000	0.0000	0.0000	0.0000	0.0000	0.0000	0.0000	0.0000	0.0000	0.0000	0.0000	0.0000	0.0000	0.0000
21	50	0.0730	4	2	0	1	0	0	0	0	0	0	0	0	1	0	0	0	0	0	0	Y	N	N	N	N	N	N	N	N	N	N	N	N	N	N	N	N	N	831.9446	396.7618	0.0000	1276.6170	1270.5097	0.0000	0.0000	0.0000	0.0000	0.1030	0.1198	0.0000	1.6878	1.7236	0.0000	0.0000	0.0000	0.0000	0.0001	0.0003	0.0000	0.0013	0.0014	0.0003	0.0000	0.0000	0.0000	0.0000	0.0217	-0.0112	-0.0000	3.8982	3.0380	3.1508	0.0352	0.0269	0.0269	0.0000	0.0269	0.0269	0.0000	0.0000	0.0000	0.0000	0.0000	0.0000	0.0000	0.0000	0.0000	0.0000	0.0000	0.0000	0.0000	0.2616	0.2249	0.0367	0.0160	0.0156	0.0003	0.2457	0.2093	0.0364	0.0668	0.0268	0.0400	0.0062	0.0060	0.0002	0.0606	0.0208	0.0398
21	51	0.0589	3	2	0	1	0	1	0	1	0	0	0	0	1	0	0	0	0	0	0	Y	N	N	N	N	N	N	N	N	N	N	N	N	N	N	N	N	N	40.3529	9.8649	2312.2151	29.4880	29.3981	0.0000	613.8929	0.0000	2316.6587	0.5197	0.3070	1.5933	3.1462	3.1677	0.0000	0.2869	0.0000	1.5987	0.0129	0.0311	0.0007	0.1067	0.1078	0.0002	0.0005	0.0000	0.0007	1.0289	0.0331	0.0048	-0.0004	3.8982	1.0494	3.1508	1.5573	0.0516	0.0254	0.0262	0.0254	0.0254	0.0000	0.0262	0.0000	0.0262	0.0008	0.0008	0.0000	0.0008	0.0008	0.0000	0.0000	0.0000	0.0000	0.0993	0.0828	0.0164	0.0081	0.0080	0.0001	0.0912	0.0748	0.0164	0.0636	0.0255	0.0381	0.0074	0.0074	0.0001	0.0562	0.0181	0.0381
21	54	0.1229	11	2	0	1	0	0	0	0	0	0	0	0	1	0	0	0	0	0	0	Y	N	N	N	N	N	N	N	N	N	N	N	N	N	N	N	N	N	0.0000	0.0000	0.0000	0.0000	0.0000	0.0000	0.0000	0.0000	0.0000	0.0000	0.0000	0.0000	0.0000	0.0000	0.0000	0.0000	0.0000	0.0000	0.0000	0.0000	0.0000	0.0000	0.0000	0.0000	0.0000	0.0000	0.0000		inf	0.0000	0.0000	3.8982	4.0000	3.1508	4.0000	0.0000	0.0000	0.0000	0.0000	0.0000	0.0000	0.0000	0.0000	0.0000	0.0000	0.0000	0.0000	0.0000	0.0000	0.0000	0.0000	0.0000	0.0000	0.3236	0.2850	0.0385	0.0353	0.0339	0.0014	0.2883	0.2511	0.0371	0.1490	0.0610	0.0880	0.0187	0.0158	0.0029	0.1302	0.0452	0.0851
21	55	0.1229	10	2	0	1	0	0	0	1	0	0	0	0	1	0	0	0	0	0	0	Y	N	N	N	N	N	N	N	N	N	N	N	N	N	N	N	N	N	0.0000	0.0000	0.0000	0.0000	0.0000	0.0000	0.0000	0.0000	0.0000	0.0000	0.0000	0.0000	0.0000	0.0000	0.0000	0.0000	0.0000	0.0000	0.0074	0.0183	0.0000	0.0591	0.0697	0.0000	0.0000	0.0000	0.0000		0.0000	0.0000	-0.0000	3.8982	0.0000	3.1508	0.0000	0.0000	0.0000	0.0000	0.0000	0.0000	0.0000	0.0000	0.0000	0.0000	0.0000	0.0000	0.0000	0.0000	0.0000	0.0000	0.0000	0.0000	0.0000	0.0000	0.0000	0.0000	0.0000	0.0000	0.0000	0.0000	0.0000	0.0000	0.0000	0.0000	0.0000	0.0000	0.0000	0.0000	0.0000	0.0000	0.0000
21	56	0.1229	9	2	0	0	0	0	0	0	0	0	0	0	1	0	0	0	0	0	0	Y	N	N	N	N	N	N	N	N	N	N	N	N	N	N	N	N	N	0.0000	0.0000	0.0000	0.0000	0.0000	0.0000	0.0000	0.0000	0.0000	0.0000	0.0000	0.0000	0.0000	0.0000	0.0000	0.0000	0.0000	0.0000	0.0000	0.0000	0.0000	0.0000	0.0000	0.0000	0.0000	0.0000	0.0000			0.0000	0.0000	3.8982	0.0000	3.1508	0.0000	0.0000	0.0000	0.0000	0.0000	0.0000	0.0000	0.0000	0.0000	0.0000	0.0000	0.0000	0.0000	0.0000	0.0000	0.0000	0.0000	0.0000	0.0000	0.0000	0.0000	0.0000	0.0000	0.0000	0.0000	0.0000	0.0000	0.0000	0.0000	0.0000	0.0000	0.0000	0.0000	0.0000	0.0000	0.0000	0.0000
21	57	0.1229	8	2	0	0	0	0	0	0	0	0	0	0	1	0	0	0	0	0	0	Y	N	N	N	N	N	N	N	N	N	N	N	N	N	N	N	N	N	0.0000	0.0000	0.0000	0.0000	0.0000	0.0000	0.0000	0.0000	0.0000	0.0000	0.0000	0.0000	0.0000	0.0000	0.0000	0.0000	0.0000	0.0000	0.0000	0.0000	0.0000	0.0000	0.0000	0.0000	0.0000	0.0000	0.0000			0.0000	0.0000	3.8982	0.0000	3.1508	0.0000	0.0000	0.0000	0.0000	0.0000	0.0000	0.0000	0.0000	0.0000	0.0000	0.0000	0.0000	0.0000	0.0000	0.0000	0.0000	0.0000	0.0000	0.0000	0.0000	0.0000	0.0000	0.0000	0.0000	0.0000	0.0000	0.0000	0.0000	0.0000	0.0000	0.0000	0.0000	0.0000	0.0000	0.0000	0.0000	0.0000
21	58	0.1135	7	2	0	0	0	1	0	0	0	0	0	0	1	0	0	0	0	0	0	Y	N	N	N	N	N	N	N	N	N	N	N	N	N	N	N	N	N	0.0000	0.0000	0.0000	0.0000	0.0000	0.0000	0.0000	0.0000	0.0000	0.0000	0.0000	0.0000	0.0000	0.0000	0.0000	0.0000	0.0000	0.0000	0.0000	0.0000	0.0001	0.0002	0.0000	0.0016	0.0000	0.0000	0.0000		138.1897	0.0000	0.0000	3.8982	1.2118	3.1508	0.0039	0.0000	0.0000	0.0000	0.0000	0.0000	0.0000	0.0000	0.0000	0.0000	0.0000	0.0000	0.0000	0.0000	0.0000	0.0000	0.0000	0.0000	0.0000	0.1282	0.1141	0.0142	0.0243	0.0239	0.0005	0.1039	0.0902	0.0137	0.0245	0.0100	0.0145	0.0031	0.0027	0.0005	0.0214	0.0074	0.0140
21	65	0.1831	13	2	0	1	0	1	0	1	0	0	0	0	1	0	0	0	0	0	0	Y	N	N	N	N	N	N	N	N	N	N	N	N	N	N	N	N	N	0.0000	0.0000	0.0000	0.0000	0.0000	0.0000	0.0000	0.0000	0.0000	0.0000	0.0000	0.0000	0.0000	0.0000	0.0000	0.0000	0.0000	0.0000	0.0008	0.0020	0.0000	0.0102	0.0107	0.0000	0.0000	0.0000	0.0000		0.0000	0.0000	-0.0000	3.8982	2.0000	3.1508	2.0000	0.0000	0.0000	0.0000	0.0000	0.0000	0.0000	0.0000	0.0000	0.0000	0.0001	0.0001	0.0000	0.0001	0.0001	0.0000	0.0000	0.0000	0.0000	0.1601	0.1412	0.0190	0.0208	0.0199	0.0010	0.1393	0.1213	0.0180	0.0765	0.0294	0.0471	0.0059	0.0056	0.0003	0.0707	0.0238	0.0468
21	66	0.1895	14	1	0	0	0	0	0	0	0	0	1	0	2	0	0	0	0	0	0	N	N	N	N	N	Y	N	N	N	N	N	N	N	N	N	N	N	N	3.5753	1.7113	0.0000	5.0635	5.2480	0.0000	0.0000	0.0000	0.0000	0.0058	0.0065	0.0000	0.0404	0.0424	0.0000	0.0000	0.0000	0.0000	0.0016	0.0038	0.0000	0.0080	0.0081	0.0000	0.0000	0.0000	0.0000	0.0000	0.0000	-0.0004	-0.0001	3.8982	2.0073	3.1508	0.7728	0.0009	0.0009	0.0000	0.0009	0.0009	0.0000	0.0000	0.0000	0.0000	0.0001	0.0001	0.0000	0.0001	0.0001	0.0000	0.0000	0.0000	0.0000	0.1596	0.1409	0.0187	0.0228	0.0217	0.0011	0.1368	0.1192	0.0177	0.0719	0.0304	0.0415	0.0145	0.0143	0.0002	0.0574	0.0160	0.0414
21	67	0.2015	15	1	0	0	0	0	0	0	0	0	1	0	2	0	0	0	0	0	0	N	N	N	N	N	Y	N	N	N	N	N	N	N	N	N	N	N	N	0.0000	0.0000	0.0000	0.0000	0.0000	0.0000	0.0000	0.0000	0.0000	0.0000	0.0000	0.0000	0.0000	0.0000	0.0000	0.0000	0.0000	0.0000	0.0016	0.0039	0.0000	0.0080	0.0081	0.0000	0.0000	0.0000	0.0000		0.0000	0.0000	-0.0001	3.8982	0.9402	3.1508	1.7770	0.0000	0.0000	0.0000	0.0000	0.0000	0.0000	0.0000	0.0000	0.0000	0.0001	0.0001	0.0000	0.0001	0.0001	0.0000	0.0000	0.0000	0.0000	0.0968	0.0867	0.0101	0.0236	0.0227	0.0008	0.0732	0.0640	0.0092	0.0703	0.0300	0.0404	0.0145	0.0143	0.0002	0.0559	0.0157	0.0402
21	73	0.2314	12	2	0	1	0	0	0	0	0	0	0	1	1	0	0	0	0	0	0	Y	N	N	N	N	N	N	N	N	N	N	N	N	N	N	N	N	N	0.0000	0.0000	0.0000	0.0000	0.0000	0.0000	0.0000	0.0000	0.0000	0.0000	0.0000	0.0000	0.0000	0.0000	0.0000	0.0000	0.0000	0.0000	0.0000	0.0000	0.0000	0.0000	0.0000	0.0000	0.0000	0.0000	0.0000			0.0000	0.0000	3.8982	0.0000	3.1508	0.0000	0.0000	0.0000	0.0000	0.0000	0.0000	0.0000	0.0000	0.0000	0.0000	0.0000	0.0000	0.0000	0.0000	0.0000	0.0000	0.0000	0.0000	0.0000	0.0000	0.0000	0.0000	0.0000	0.0000	0.0000	0.0000	0.0000	0.0000	0.0004	0.0003	0.0001	0.0002	0.0002	0.0000	0.0002	0.0001	0.0001
21	74	0.1592	11	2	0	1	0	0	0	0	0	1	0	1	1	0	0	0	0	0	0	Y	N	N	N	N	N	N	N	N	N	N	N	N	N	N	N	N	N	5.0024	6.2605	1.0075	27.4521	31.4838	0.0130	1.1461	1.4355	1.0911	0.0048	0.0053	0.0011	0.0346	0.0362	0.0000	0.0010	0.0010	0.0011	0.0010	0.0008	0.0010	0.0013	0.0011	0.0018	0.0009	0.0007	0.0010	0.0275	1.5684	-0.0006	0.0000	3.8982	3.8563	3.1508	5.9737	0.0015	0.0014	0.0000	0.0012	0.0012	0.0000	0.0003	0.0002	0.0000	0.0002	0.0001	0.0001	0.0000	0.0000	0.0000	0.0001	0.0000	0.0001	0.3039	0.2669	0.0370	0.0341	0.0326	0.0015	0.2698	0.2343	0.0355	0.1872	0.0823	0.1049	0.0314	0.0260	0.0053	0.1558	0.0563	0.0995
21	75	0.1592	11	2	0	1	0	0	0	0	0	0	0	0	1	0	0	0	0	0	0	Y	N	N	N	N	N	N	N	N	N	N	N	N	N	N	N	N	N	17618.5636	9035.4703	0.0000	0.8270	0.7256	0.0000	2291801.9966	108536331.6039	0.0000	2.5829	2.9396	0.0000	0.0007	0.0007	0.0000	2.9081	3.3470	0.0000	0.0001	0.0003	0.0000	0.0008	0.0010	0.0000	0.0000	0.0000	0.0000	0.0000	0.0072	-0.4139	-0.0000	3.8982	4.9966	3.1508	2.0573	0.9982	0.9982	0.0000	0.0000	0.0000	0.0000	0.9982	0.9982	0.0000	0.0000	0.0000	0.0000	0.0000	0.0000	0.0000	0.0000	0.0000	0.0000	0.3865	0.3396	0.0469	0.0432	0.0413	0.0019	0.3432	0.2982	0.0450	0.1397	0.0625	0.0772	0.0242	0.0203	0.0039	0.1155	0.0422	0.0733
21	76	0.1537	10	2	0	1	0	1	0	1	0	0	0	0	1	0	0	0	0	0	0	Y	N	N	N	N	N	N	N	N	N	N	N	N	N	N	N	N	N	1001.2587	683.6775	2450.6910	298.9659	482.9007	0.0000	1126.2059	648.6707	29238.1141	0.6698	0.7748	0.0745	0.0369	0.0380	0.0000	0.9443	1.1640	0.0790	0.0007	0.0011	0.0000	0.0001	0.0001	0.0008	0.0008	0.0018	0.0000	0.0169	0.0195	-0.0005	-0.0000	3.8982	0.0131	3.1508	1.0784	0.0012	0.0012	0.0000	0.0000	0.0000	0.0000	0.0012	0.0012	0.0000	0.0000	0.0000	0.0000	0.0000	0.0000	0.0000	0.0000	0.0000	0.0000	0.0018	0.0015	0.0003	0.0005	0.0005	0.0000	0.0012	0.0010	0.0003	0.0312	0.0181	0.0132	0.0074	0.0070	0.0004	0.0238	0.0111	0.0127
22	28	0.0237	6	2	0	1	1	0	0	0	1	0	0	1	1	0	0	0	0	0	0	Y	N	N	N	N	N	N	N	N	N	N	N	N	N	N	N	N	N	0.0000	0.0000	0.0000	0.0000	0.0000	0.0000	0.0000	0.0000	0.0000	0.0000	0.0000	0.0000	0.0000	0.0000	0.0000	0.0000	0.0000	0.0000	0.0000	0.0000	0.0000	0.0000	0.0000	0.0000	0.0000	0.0000	0.0000			0.0000	0.0000	0.0000	0.0000	0.0000	0.0000	0.0000	0.0000	0.0000	0.0000	0.0000	0.0000	0.0000	0.0000	0.0000	0.0000	0.0000	0.0000	0.0000	0.0000	0.0000	0.0000	0.0000	0.0000	0.0000	0.0000	0.0000	0.0000	0.0000	0.0000	0.0000	0.0000	0.0000	0.0000	0.0000	0.0000	0.0000	0.0000	0.0000	0.0000	0.0000	0.0000
22	29	0.1042	14	2	0	1	1	0	0	0	1	0	0	1	2	0	0	0	0	0	0	Y	N	N	N	N	Y	N	N	N	N	N	N	N	N	N	N	N	N	0.0000	0.0000	0.0000	0.0000	0.0000	0.0000	0.0000	0.0000	0.0000	0.0000	0.0000	0.0000	0.0000	0.0000	0.0000	0.0000	0.0000	0.0000	0.0000	0.0000	0.0000	0.0000	0.0000	0.0000	0.0000	0.0000	0.0000			0.0000	0.0000	0.0000	1.1083	0.0000	2.8540	0.0000	0.0000	0.0000	0.0000	0.0000	0.0000	0.0000	0.0000	0.0000	0.0000	0.0000	0.0000	0.0000	0.0000	0.0000	0.0000	0.0000	0.0000	0.0000	0.0000	0.0000	0.0000	0.0000	0.0000	0.0000	0.0000	0.0000	0.0000	0.0000	0.0000	0.0000	0.0000	0.0000	0.0000	0.0000	0.0000
22	30	0.0982	13	2	0	1	1	1	0	0	1	0	1	1	2	0	0	0	0	0	0	Y	N	N	N	N	Y	N	N	N	N	N	N	N	N	N	N	N	N	0.0000	0.0000	0.0000	0.0000	0.0000	0.0000	0.0000	0.0000	0.0000	0.0000	0.0000	0.0000	0.0000	0.0000	0.0000	0.0000	0.0000	0.0000	0.0000	0.0000	0.0000	0.0000	0.0000	0.0000	0.0000	0.0000	0.0000			0.0000	0.0000	0.0000	1.1867	0.0000	0.2815	0.0000	0.0000	0.0000	0.0000	0.0000	0.0000	0.0000	0.0000	0.0000	0.0000	0.0000	0.0000	0.0000	0.0000	0.0000	0.0000	0.0000	0.0000	0.0000	0.0000	0.0000	0.0000	0.0000	0.0000	0.0000	0.0000	0.0000	0.0000	0.0000	0.0000	0.0000	0.0000	0.0000	0.0000	0.0000	0.0000
22	32	0.0601	10	2	0	1	1	0	0	0	1	0	0	1	1	0	0	0	0	0	0	Y	N	N	N	N	N	N	N	N	N	N	N	N	N	N	N	N	N	0.0000	0.0000	0.0000	0.0000	0.0000	0.0000	0.0000	0.0000	0.0000	0.0000	0.0000	0.0000	0.0000	0.0000	0.0000	0.0000	0.0000	0.0000	0.0000	0.0000	0.0000	0.0000	0.0000	0.0000	0.0000	0.0000	0.0000			0.0000	0.0000	0.0000	4.0243	0.0000	4.9679	0.0000	0.0000	0.0000	0.0000	0.0000	0.0000	0.0000	0.0000	0.0000	0.0000	0.0000	0.0000	0.0000	0.0000	0.0000	0.0000	0.0000	0.0000	0.0000	0.0000	0.0000	0.0000	0.0000	0.0000	0.0000	0.0000	0.0000	0.0000	0.0000	0.0000	0.0000	0.0000	0.0000	0.0000	0.0000	0.0000
22	35	0.0537	9	2	0	1	1	1	0	0	1	0	0	1	1	0	0	0	0	0	0	Y	N	N	N	N	N	N	N	N	N	N	N	N	N	N	N	N	N	0.0000	0.0000	0.0000	0.0000	0.0000	0.0000	0.0000	0.0000	0.0000	0.0000	0.0000	0.0000	0.0000	0.0000	0.0000	0.0000	0.0000	0.0000	0.0000	0.0000	0.0000	0.0000	0.0000	0.0000	0.0000	0.0000	0.0000			0.0000	0.0000	0.0000	1.0742	0.0000	0.1055	0.0000	0.0000	0.0000	0.0000	0.0000	0.0000	0.0000	0.0000	0.0000	0.0000	0.0000	0.0000	0.0000	0.0000	0.0000	0.0000	0.0000	0.0000	0.0000	0.0000	0.0000	0.0000	0.0000	0.0000	0.0000	0.0000	0.0000	0.0000	0.0000	0.0000	0.0000	0.0000	0.0000	0.0000	0.0000	0.0000
22	36	0.0296	10	2	0	1	1	0	0	0	1	0	0	2	2	0	0	0	0	0	0	Y	N	N	N	Y	Y	N	N	N	N	N	N	N	N	N	N	N	N	0.0000	0.0000	0.0000	0.0000	0.0000	0.0000	0.0000	0.0000	0.0000	0.0000	0.0000	0.0000	0.0000	0.0000	0.0000	0.0000	0.0000	0.0000	0.0000	0.0000	0.0000	0.0000	0.0000	0.0000	0.0000	0.0000	0.0000			0.0000	0.0000	0.0000	3.0000	0.0000	5.0000	0.0000	0.0000	0.0000	0.0000	0.0000	0.0000	0.0000	0.0000	0.0000	0.0000	0.0000	0.0000	0.0000	0.0000	0.0000	0.0000	0.0000	0.0000	0.0000	0.0000	0.0000	0.0000	0.0000	0.0000	0.0000	0.0000	0.0000	0.0000	0.0000	0.0000	0.0000	0.0000	0.0000	0.0000	0.0000	0.0000
22	37	0.0296	9	2	0	1	1	0	0	0	1	0	1	2	2	0	0	0	0	0	0	Y	N	N	N	Y	Y	N	N	N	N	N	N	N	N	N	N	N	N	0.0000	0.0000	0.0000	0.0000	0.0000	0.0000	0.0000	0.0000	0.0000	0.0000	0.0000	0.0000	0.0000	0.0000	0.0000	0.0000	0.0000	0.0000	0.0000	0.0000	0.0000	0.0000	0.0000	0.0000	0.0000	0.0000	0.0000			0.0000	0.0000	0.0000	0.0000	0.0000	0.0000	0.0000	0.0000	0.0000	0.0000	0.0000	0.0000	0.0000	0.0000	0.0000	0.0000	0.0000	0.0000	0.0000	0.0000	0.0000	0.0000	0.0000	0.0000	0.0000	0.0000	0.0000	0.0000	0.0000	0.0000	0.0000	0.0000	0.0000	0.0000	0.0000	0.0000	0.0000	0.0000	0.0000	0.0000	0.0000	0.0000
22	38	0.0296	8	2	0	1	1	0	0	0	1	0	0	2	1	0	0	0	0	0	0	Y	N	N	N	Y	N	N	N	N	N	N	N	N	N	N	N	N	N	0.0000	0.0000	0.0000	0.0000	0.0000	0.0000	0.0000	0.0000	0.0000	0.0000	0.0000	0.0000	0.0000	0.0000	0.0000	0.0000	0.0000	0.0000	0.0000	0.0000	0.0000	0.0000	0.0000	0.0000	0.0000	0.0000	0.0000			0.0000	0.0000	0.0000	0.0000	0.0000	0.0000	0.0000	0.0000	0.0000	0.0000	0.0000	0.0000	0.0000	0.0000	0.0000	0.0000	0.0000	0.0000	0.0000	0.0000	0.0000	0.0000	0.0000	0.0000	0.0000	0.0000	0.0000	0.0000	0.0000	0.0000	0.0000	0.0000	0.0000	0.0000	0.0000	0.0000	0.0000	0.0000	0.0000	0.0000	0.0000	0.0000
22	39	0.0237	7	2	0	1	1	0	0	0	1	1	0	2	1	0	0	0	0	0	0	Y	N	N	N	Y	N	N	N	N	N	N	N	N	N	N	N	N	N	0.0000	0.0000	0.0000	0.0000	0.0000	0.0000	0.0000	0.0000	0.0000	0.0000	0.0000	0.0000	0.0000	0.0000	0.0000	0.0000	0.0000	0.0000	0.0000	0.0000	0.0000	0.0000	0.0000	0.0000	0.0000	0.0000	0.0000			0.0000	0.0000	0.0000	0.0000	0.0000	1.0000	0.0000	0.0000	0.0000	0.0000	0.0000	0.0000	0.0000	0.0000	0.0000	0.0000	0.0000	0.0000	0.0000	0.0000	0.0000	0.0000	0.0000	0.0000	0.0000	0.0000	0.0000	0.0000	0.0000	0.0000	0.0000	0.0000	0.0000	0.0000	0.0000	0.0000	0.0000	0.0000	0.0000	0.0000	0.0000	0.0000
22	41	0.0942	13	2	0	1	1	1	0	0	1	0	0	1	1	0	0	0	0	0	0	Y	N	N	N	N	N	N	N	N	N	N	N	N	N	N	N	N	N	0.0000	0.0000	0.0000	0.0000	0.0000	0.0000	0.0000	0.0000	0.0000	0.0000	0.0000	0.0000	0.0000	0.0000	0.0000	0.0000	0.0000	0.0000	0.0000	0.0000	0.0000	0.0000	0.0000	0.0000	0.0000	0.0000	0.0000			0.0000	0.0000	0.0000	1.0068	0.0000	1.0688	0.0000	0.0000	0.0000	0.0000	0.0000	0.0000	0.0000	0.0000	0.0000	0.0000	0.0000	0.0000	0.0000	0.0000	0.0000	0.0000	0.0000	0.0000	0.0000	0.0000	0.0000	0.0000	0.0000	0.0000	0.0000	0.0000	0.0000	0.0000	0.0000	0.0000	0.0000	0.0000	0.0000	0.0000	0.0000	0.0000
22	42	0.1062	17	1	0	1	1	0	0	0	1	0	1	1	2	0	0	0	0	0	0	N	N	N	N	N	Y	N	N	N	N	N	N	N	N	N	N	N	N	0.0000	0.0000	0.0000	0.0000	0.0000	0.0000	0.0000	0.0000	0.0000	0.0000	0.0000	0.0000	0.0000	0.0000	0.0000	0.0000	0.0000	0.0000	0.0000	0.0000	0.0000	0.0000	0.0000	0.0000	0.0000	0.0000	0.0000			0.0000	0.0000	0.0000	0.9984	0.0000	0.0033	0.0000	0.0000	0.0000	0.0000	0.0000	0.0000	0.0000	0.0000	0.0000	0.0000	0.0000	0.0000	0.0000	0.0000	0.0000	0.0000	0.0000	0.0000	0.0000	0.0000	0.0000	0.0000	0.0000	0.0000	0.0000	0.0000	0.0000	0.0000	0.0000	0.0000	0.0000	0.0000	0.0000	0.0000	0.0000	0.0000
22	45	0.0059	2	2	0	1	2	0	0	0	2	0	0	2	2	0	0	0	0	0	0	Y	N	N	Y	Y	Y	N	N	N	N	N	N	N	N	N	N	N	N	0.0000	0.0000	0.0000	0.0000	0.0000	0.0000	0.0000	0.0000	0.0000	0.0000	0.0000	0.0000	0.0000	0.0000	0.0000	0.0000	0.0000	0.0000	0.0000	0.0000	0.0000	0.0000	0.0000	0.0000	0.0000	0.0000	0.0000			0.0000	0.0000	0.0000	0.9998	0.0000	0.0048	0.0000	0.0000	0.0000	0.0000	0.0000	0.0000	0.0000	0.0000	0.0000	0.0000	0.0000	0.0000	0.0000	0.0000	0.0000	0.0000	0.0000	0.0000	0.0000	0.0000	0.0000	0.0000	0.0000	0.0000	0.0000	0.0000	0.0000	0.0000	0.0000	0.0000	0.0000	0.0000	0.0000	0.0000	0.0000	0.0000
22	66	0.1091	15	1	0	1	1	0	0	0	1	0	1	1	2	0	0	0	0	0	0	N	N	N	N	N	Y	N	N	N	N	N	N	N	N	N	N	N	N	0.0000	0.0000	0.0000	0.0000	0.0000	0.0000	0.0000	0.0000	0.0000	0.0000	0.0000	0.0000	0.0000	0.0000	0.0000	0.0000	0.0000	0.0000	0.0000	0.0000	0.0000	0.0000	0.0000	0.0000	0.0000	0.0000	0.0000			0.0000	0.0000	0.0000	2.0073	0.0000	0.7728	0.0000	0.0000	0.0000	0.0000	0.0000	0.0000	0.0000	0.0000	0.0000	0.0000	0.0000	0.0000	0.0000	0.0000	0.0000	0.0000	0.0000	0.0000	0.0000	0.0000	0.0000	0.0000	0.0000	0.0000	0.0000	0.0000	0.0000	0.0000	0.0000	0.0000	0.0000	0.0000	0.0000	0.0000	0.0000	0.0000
22	67	0.1212	16	1	0	1	1	0	0	0	1	0	1	1	2	0	0	0	0	0	0	N	N	N	N	N	Y	N	N	N	N	N	N	N	N	N	N	N	N	0.0000	0.0000	0.0000	0.0000	0.0000	0.0000	0.0000	0.0000	0.0000	0.0000	0.0000	0.0000	0.0000	0.0000	0.0000	0.0000	0.0000	0.0000	0.0000	0.0000	0.0000	0.0000	0.0000	0.0000	0.0000	0.0000	0.0000			0.0000	0.0000	0.0000	0.9402	0.0000	1.7770	0.0000	0.0000	0.0000	0.0000	0.0000	0.0000	0.0000	0.0000	0.0000	0.0000	0.0000	0.0000	0.0000	0.0000	0.0000	0.0000	0.0000	0.0000	0.0000	0.0000	0.0000	0.0000	0.0000	0.0000	0.0000	0.0000	0.0000	0.0000	0.0000	0.0000	0.0000	0.0000	0.0000	0.0000	0.0000	0.0000
23	28	0.0237	6	2	0	1	0	0	0	0	0	0	0	1	1	0	0	0	0	0	0	Y	N	N	N	N	N	N	N	N	N	N	N	N	N	N	N	N	N	0.0000	0.0000	0.0000	0.0000	0.0000	0.0000	0.0000	0.0000	0.0000	0.0000	0.0000	0.0000	0.0000	0.0000	0.0000	0.0000	0.0000	0.0000	0.0000	0.0000	0.0000	0.0000	0.0000	0.0000	0.0000	0.0000	0.0000			0.0000	0.0000	0.0000	0.0000	0.0000	0.0000	0.0000	0.0000	0.0000	0.0000	0.0000	0.0000	0.0000	0.0000	0.0000	0.0000	0.0000	0.0000	0.0000	0.0000	0.0000	0.0000	0.0000	0.0000	0.0000	0.0000	0.0000	0.0000	0.0000	0.0000	0.0000	0.0000	0.0000	0.0000	0.0000	0.0000	0.0000	0.0000	0.0000	0.0000	0.0000	0.0000
23	29	0.1042	14	2	0	1	0	0	0	0	0	0	0	1	2	0	0	0	0	0	0	Y	N	N	N	N	Y	N	N	N	N	N	N	N	N	N	N	N	N	0.0000	0.0000	0.0000	0.0000	0.0000	0.0000	0.0000	0.0000	0.0000	0.0000	0.0000	0.0000	0.0000	0.0000	0.0000	0.0000	0.0000	0.0000	0.0000	0.0000	0.0000	0.0000	0.0000	0.0000	0.0000	0.0000	0.0000			0.0000	0.0000	0.0000	1.1083	0.0000	2.8540	0.0000	0.0000	0.0000	0.0000	0.0000	0.0000	0.0000	0.0000	0.0000	0.0000	0.0000	0.0000	0.0000	0.0000	0.0000	0.0000	0.0000	0.0000	0.0000	0.0000	0.0000	0.0000	0.0000	0.0000	0.0000	0.0000	0.0000	0.0000	0.0000	0.0000	0.0000	0.0000	0.0000	0.0000	0.0000	0.0000
23	30	0.0982	13	2	0	1	0	1	0	0	0	0	1	1	2	0	0	0	0	0	0	Y	N	N	N	N	Y	N	N	N	N	N	N	N	N	N	N	N	N	0.0000	0.0000	0.0000	0.0000	0.0000	0.0000	0.0000	0.0000	0.0000	0.0000	0.0000	0.0000	0.0000	0.0000	0.0000	0.0000	0.0000	0.0000	0.0000	0.0000	0.0000	0.0000	0.0000	0.0000	0.0000	0.0000	0.0000			0.0000	0.0000	0.0000	1.1867	0.0000	0.2815	0.0000	0.0000	0.0000	0.0000	0.0000	0.0000	0.0000	0.0000	0.0000	0.0000	0.0000	0.0000	0.0000	0.0000	0.0000	0.0000	0.0000	0.0000	0.0000	0.0000	0.0000	0.0000	0.0000	0.0000	0.0000	0.0000	0.0000	0.0000	0.0000	0.0000	0.0000	0.0000	0.0000	0.0000	0.0000	0.0000
23	32	0.0601	10	2	0	1	0	0	0	0	0	0	0	1	1	0	0	0	0	0	0	Y	N	N	N	N	N	N	N	N	N	N	N	N	N	N	N	N	N	0.0000	0.0000	0.0000	0.0000	0.0000	0.0000	0.0000	0.0000	0.0000	0.0000	0.0000	0.0000	0.0000	0.0000	0.0000	0.0000	0.0000	0.0000	0.0000	0.0000	0.0000	0.0000	0.0000	0.0000	0.0000	0.0000	0.0000			0.0000	0.0000	0.0000	4.0243	0.0000	4.9679	0.0000	0.0000	0.0000	0.0000	0.0000	0.0000	0.0000	0.0000	0.0000	0.0000	0.0000	0.0000	0.0000	0.0000	0.0000	0.0000	0.0000	0.0000	0.0000	0.0000	0.0000	0.0000	0.0000	0.0000	0.0000	0.0000	0.0000	0.0000	0.0000	0.0000	0.0000	0.0000	0.0000	0.0000	0.0000	0.0000
23	35	0.0537	9	2	0	1	0	1	0	0	0	0	0	1	1	0	0	0	0	0	0	Y	N	N	N	N	N	N	N	N	N	N	N	N	N	N	N	N	N	0.0000	0.0000	0.0000	0.0000	0.0000	0.0000	0.0000	0.0000	0.0000	0.0000	0.0000	0.0000	0.0000	0.0000	0.0000	0.0000	0.0000	0.0000	0.0000	0.0000	0.0000	0.0000	0.0000	0.0000	0.0000	0.0000	0.0000			0.0000	0.0000	0.0000	1.0742	0.0000	0.1055	0.0000	0.0000	0.0000	0.0000	0.0000	0.0000	0.0000	0.0000	0.0000	0.0000	0.0000	0.0000	0.0000	0.0000	0.0000	0.0000	0.0000	0.0000	0.0000	0.0000	0.0000	0.0000	0.0000	0.0000	0.0000	0.0000	0.0000	0.0000	0.0000	0.0000	0.0000	0.0000	0.0000	0.0000	0.0000	0.0000
23	36	0.0296	10	2	0	1	0	0	0	0	0	0	0	2	2	0	0	0	0	0	0	Y	N	N	N	Y	Y	N	N	N	N	N	N	N	N	N	N	N	N	0.0000	0.0000	0.0000	0.0000	0.0000	0.0000	0.0000	0.0000	0.0000	0.0000	0.0000	0.0000	0.0000	0.0000	0.0000	0.0000	0.0000	0.0000	0.0000	0.0000	0.0000	0.0000	0.0000	0.0000	0.0000	0.0000	0.0000			0.0000	0.0000	0.0000	3.0000	0.0000	5.0000	0.0000	0.0000	0.0000	0.0000	0.0000	0.0000	0.0000	0.0000	0.0000	0.0000	0.0000	0.0000	0.0000	0.0000	0.0000	0.0000	0.0000	0.0000	0.0000	0.0000	0.0000	0.0000	0.0000	0.0000	0.0000	0.0000	0.0000	0.0000	0.0000	0.0000	0.0000	0.0000	0.0000	0.0000	0.0000	0.0000
23	37	0.0296	9	2	0	1	0	0	0	0	0	0	1	2	2	0	0	0	0	0	0	Y	N	N	N	Y	Y	N	N	N	N	N	N	N	N	N	N	N	N	0.0000	0.0000	0.0000	0.0000	0.0000	0.0000	0.0000	0.0000	0.0000	0.0000	0.0000	0.0000	0.0000	0.0000	0.0000	0.0000	0.0000	0.0000	0.0000	0.0000	0.0000	0.0000	0.0000	0.0000	0.0000	0.0000	0.0000			0.0000	0.0000	0.0000	0.0000	0.0000	0.0000	0.0000	0.0000	0.0000	0.0000	0.0000	0.0000	0.0000	0.0000	0.0000	0.0000	0.0000	0.0000	0.0000	0.0000	0.0000	0.0000	0.0000	0.0000	0.0000	0.0000	0.0000	0.0000	0.0000	0.0000	0.0000	0.0000	0.0000	0.0000	0.0000	0.0000	0.0000	0.0000	0.0000	0.0000	0.0000	0.0000
23	38	0.0296	8	2	0	1	0	0	0	0	0	0	0	2	1	0	0	0	0	0	0	Y	N	N	N	Y	N	N	N	N	N	N	N	N	N	N	N	N	N	0.0000	0.0000	0.0000	0.0000	0.0000	0.0000	0.0000	0.0000	0.0000	0.0000	0.0000	0.0000	0.0000	0.0000	0.0000	0.0000	0.0000	0.0000	0.0000	0.0000	0.0000	0.0000	0.0000	0.0000	0.0000	0.0000	0.0000			0.0000	0.0000	0.0000	0.0000	0.0000	0.0000	0.0000	0.0000	0.0000	0.0000	0.0000	0.0000	0.0000	0.0000	0.0000	0.0000	0.0000	0.0000	0.0000	0.0000	0.0000	0.0000	0.0000	0.0000	0.0000	0.0000	0.0000	0.0000	0.0000	0.0000	0.0000	0.0000	0.0000	0.0000	0.0000	0.0000	0.0000	0.0000	0.0000	0.0000	0.0000	0.0000
23	39	0.0237	7	2	0	1	0	0	0	0	0	1	0	2	1	0	0	0	0	0	0	Y	N	N	N	Y	N	N	N	N	N	N	N	N	N	N	N	N	N	0.0000	0.0000	0.0000	0.0000	0.0000	0.0000	0.0000	0.0000	0.0000	0.0000	0.0000	0.0000	0.0000	0.0000	0.0000	0.0000	0.0000	0.0000	0.0000	0.0000	0.0000	0.0000	0.0000	0.0000	0.0000	0.0000	0.0000			0.0000	0.0000	0.0000	0.0000	0.0000	1.0000	0.0000	0.0000	0.0000	0.0000	0.0000	0.0000	0.0000	0.0000	0.0000	0.0000	0.0000	0.0000	0.0000	0.0000	0.0000	0.0000	0.0000	0.0000	0.0000	0.0000	0.0000	0.0000	0.0000	0.0000	0.0000	0.0000	0.0000	0.0000	0.0000	0.0000	0.0000	0.0000	0.0000	0.0000	0.0000	0.0000
23	41	0.0942	13	2	0	1	0	1	0	0	0	0	0	1	1	0	0	0	0	0	0	Y	N	N	N	N	N	N	N	N	N	N	N	N	N	N	N	N	N	0.0000	0.0000	0.0000	0.0000	0.0000	0.0000	0.0000	0.0000	0.0000	0.0000	0.0000	0.0000	0.0000	0.0000	0.0000	0.0000	0.0000	0.0000	0.0000	0.0000	0.0000	0.0000	0.0000	0.0000	0.0000	0.0000	0.0000			0.0000	0.0000	0.0000	1.0068	0.0000	1.0688	0.0000	0.0000	0.0000	0.0000	0.0000	0.0000	0.0000	0.0000	0.0000	0.0000	0.0000	0.0000	0.0000	0.0000	0.0000	0.0000	0.0000	0.0000	0.0000	0.0000	0.0000	0.0000	0.0000	0.0000	0.0000	0.0000	0.0000	0.0000	0.0000	0.0000	0.0000	0.0000	0.0000	0.0000	0.0000	0.0000
23	42	0.1062	17	1	0	1	0	0	0	0	0	0	1	1	2	0	0	0	0	0	0	N	N	N	N	N	Y	N	N	N	N	N	N	N	N	N	N	N	N	0.0000	0.0000	0.0000	0.0000	0.0000	0.0000	0.0000	0.0000	0.0000	0.0000	0.0000	0.0000	0.0000	0.0000	0.0000	0.0000	0.0000	0.0000	0.0000	0.0000	0.0000	0.0000	0.0000	0.0000	0.0000	0.0000	0.0000			0.0000	0.0000	0.0000	0.9984	0.0000	0.0033	0.0000	0.0000	0.0000	0.0000	0.0000	0.0000	0.0000	0.0000	0.0000	0.0000	0.0000	0.0000	0.0000	0.0000	0.0000	0.0000	0.0000	0.0000	0.0000	0.0000	0.0000	0.0000	0.0000	0.0000	0.0000	0.0000	0.0000	0.0000	0.0000	0.0000	0.0000	0.0000	0.0000	0.0000	0.0000	0.0000
23	45	0.0059	2	2	0	1	1	0	0	0	1	0	0	2	2	0	0	0	0	0	0	Y	N	N	N	Y	Y	N	N	N	N	N	N	N	N	N	N	N	N	0.0000	0.0000	0.0000	0.0000	0.0000	0.0000	0.0000	0.0000	0.0000	0.0000	0.0000	0.0000	0.0000	0.0000	0.0000	0.0000	0.0000	0.0000	0.0000	0.0000	0.0000	0.0000	0.0000	0.0000	0.0000	0.0000	0.0000			0.0000	0.0000	0.0000	0.9998	0.0000	0.0048	0.0000	0.0000	0.0000	0.0000	0.0000	0.0000	0.0000	0.0000	0.0000	0.0000	0.0000	0.0000	0.0000	0.0000	0.0000	0.0000	0.0000	0.0000	0.0000	0.0000	0.0000	0.0000	0.0000	0.0000	0.0000	0.0000	0.0000	0.0000	0.0000	0.0000	0.0000	0.0000	0.0000	0.0000	0.0000	0.0000
23	66	0.1091	15	1	0	1	0	0	0	0	0	0	1	1	2	0	0	0	0	0	0	N	N	N	N	N	Y	N	N	N	N	N	N	N	N	N	N	N	N	0.0000	0.0000	0.0000	0.0000	0.0000	0.0000	0.0000	0.0000	0.0000	0.0000	0.0000	0.0000	0.0000	0.0000	0.0000	0.0000	0.0000	0.0000	0.0000	0.0000	0.0000	0.0000	0.0000	0.0000	0.0000	0.0000	0.0000			0.0000	0.0000	0.0000	2.0073	0.0000	0.7728	0.0000	0.0000	0.0000	0.0000	0.0000	0.0000	0.0000	0.0000	0.0000	0.0000	0.0000	0.0000	0.0000	0.0000	0.0000	0.0000	0.0000	0.0000	0.0000	0.0000	0.0000	0.0000	0.0000	0.0000	0.0000	0.0000	0.0000	0.0000	0.0000	0.0000	0.0000	0.0000	0.0000	0.0000	0.0000	0.0000
23	67	0.1212	16	1	0	1	0	0	0	0	0	0	1	1	2	0	0	0	0	0	0	N	N	N	N	N	Y	N	N	N	N	N	N	N	N	N	N	N	N	0.0000	0.0000	0.0000	0.0000	0.0000	0.0000	0.0000	0.0000	0.0000	0.0000	0.0000	0.0000	0.0000	0.0000	0.0000	0.0000	0.0000	0.0000	0.0000	0.0000	0.0000	0.0000	0.0000	0.0000	0.0000	0.0000	0.0000			0.0000	0.0000	0.0000	0.9402	0.0000	1.7770	0.0000	0.0000	0.0000	0.0000	0.0000	0.0000	0.0000	0.0000	0.0000	0.0000	0.0000	0.0000	0.0000	0.0000	0.0000	0.0000	0.0000	0.0000	0.0000	0.0000	0.0000	0.0000	0.0000	0.0000	0.0000	0.0000	0.0000	0.0000	0.0000	0.0000	0.0000	0.0000	0.0000	0.0000	0.0000	0.0000
24	28	0.0237	5	2	0	1	0	0	0	1	0	0	0	1	1	0	0	0	0	0	0	Y	N	N	N	N	N	N	N	N	N	N	N	N	N	N	N	N	N	0.0000	0.0000	0.0000	0.0000	0.0000	0.0000	0.0000	0.0000	0.0000	0.0000	0.0000	0.0000	0.0000	0.0000	0.0000	0.0000	0.0000	0.0000	0.0000	0.0000	0.0000	0.0000	0.0000	0.0000	0.0000	0.0000	0.0000			0.0000	0.0000	0.0002	0.0000	1.0022	0.0000	0.0000	0.0000	0.0000	0.0000	0.0000	0.0000	0.0000	0.0000	0.0000	0.0000	0.0000	0.0000	0.0000	0.0000	0.0000	0.0000	0.0000	0.0000	0.0000	0.0000	0.0000	0.0000	0.0000	0.0000	0.0000	0.0000	0.0000	0.0000	0.0000	0.0000	0.0000	0.0000	0.0000	0.0000	0.0000	0.0000
24	29	0.1042	13	2	0	1	0	0	0	1	0	0	0	1	2	0	0	0	0	0	0	Y	N	N	N	N	Y	N	N	N	N	N	N	N	N	N	N	N	N	0.0000	0.0000	0.0000	0.0000	0.0000	0.0000	0.0000	0.0000	0.0000	0.0000	0.0000	0.0000	0.0000	0.0000	0.0000	0.0000	0.0000	0.0000	0.0000	0.0000	0.0000	0.0001	0.0001	0.0000	0.0000	0.0000	0.0000		0.0000	0.0000	-0.0000	0.0002	1.1083	1.0022	2.8540	0.0000	0.0000	0.0000	0.0000	0.0000	0.0000	0.0000	0.0000	0.0000	0.0000	0.0000	0.0000	0.0000	0.0000	0.0000	0.0000	0.0000	0.0000	0.0000	0.0000	0.0000	0.0000	0.0000	0.0000	0.0000	0.0000	0.0000	0.0128	0.0057	0.0071	0.0021	0.0018	0.0002	0.0107	0.0039	0.0068
24	30	0.0982	12	2	0	1	0	1	0	1	0	0	1	1	2	0	0	0	0	0	0	Y	N	N	N	N	Y	N	N	N	N	N	N	N	N	N	N	N	N	0.0000	0.0000	0.0000	0.0000	0.0000	0.0000	0.0000	0.0000	0.0000	0.0000	0.0000	0.0000	0.0000	0.0000	0.0000	0.0000	0.0000	0.0000	0.0000	0.0000	0.0000	0.0000	0.0001	0.0000	0.0000	0.0000	0.0000		1.5000	0.0000	0.0000	0.0002	1.1867	1.0022	0.2815	0.0000	0.0000	0.0000	0.0000	0.0000	0.0000	0.0000	0.0000	0.0000	0.0000	0.0000	0.0000	0.0000	0.0000	0.0000	0.0000	0.0000	0.0000	0.0000	0.0000	0.0000	0.0000	0.0000	0.0000	0.0000	0.0000	0.0000	0.0061	0.0033	0.0028	0.0014	0.0013	0.0001	0.0047	0.0020	0.0027
24	32	0.0601	9	2	0	1	0	0	0	1	0	0	0	1	1	0	0	0	0	0	0	Y	N	N	N	N	N	N	N	N	N	N	N	N	N	N	N	N	N	0.0000	0.0000	0.0000	0.0000	0.0000	0.0000	0.0000	0.0000	0.0000	0.0000	0.0000	0.0000	0.0000	0.0000	0.0000	0.0000	0.0000	0.0000	0.0000	0.0000	0.0000	0.0002	0.0002	0.0000	0.0000	0.0000	0.0000		0.0000	0.0000	-0.0000	0.0002	4.0243	1.0022	4.9679	0.0000	0.0000	0.0000	0.0000	0.0000	0.0000	0.0000	0.0000	0.0000	0.0000	0.0000	0.0000	0.0000	0.0000	0.0000	0.0000	0.0000	0.0000	0.0000	0.0000	0.0000	0.0000	0.0000	0.0000	0.0000	0.0000	0.0000	0.0244	0.0093	0.0151	0.0008	0.0007	0.0000	0.0236	0.0085	0.0151
24	35	0.0537	8	2	0	1	0	1	0	1	0	0	0	1	1	0	0	0	0	0	0	Y	N	N	N	N	N	N	N	N	N	N	N	N	N	N	N	N	N	0.0000	0.0000	0.0000	0.0000	0.0000	0.0000	0.0000	0.0000	0.0000	0.0000	0.0000	0.0000	0.0000	0.0000	0.0000	0.0000	0.0000	0.0000	0.0000	0.0000	0.0001	0.0001	0.0001	0.0000	0.0000	0.0000	0.0001		5.0002	0.0000	0.0000	0.0002	1.0742	1.0022	0.1055	0.0000	0.0000	0.0000	0.0000	0.0000	0.0000	0.0000	0.0000	0.0000	0.0000	0.0000	0.0000	0.0000	0.0000	0.0000	0.0000	0.0000	0.0000	0.0000	0.0000	0.0000	0.0000	0.0000	0.0000	0.0000	0.0000	0.0000	0.0043	0.0020	0.0023	0.0004	0.0004	0.0000	0.0038	0.0016	0.0023
24	36	0.0296	9	2	0	1	0	0	0	1	0	0	0	2	2	0	0	0	0	0	0	Y	N	N	N	Y	Y	N	N	N	N	N	N	N	N	N	N	N	N	0.0000	0.0000	0.0000	0.0000	0.0000	0.0000	0.0000	0.0000	0.0000	0.0000	0.0000	0.0000	0.0000	0.0000	0.0000	0.0000	0.0000	0.0000	0.0000	0.0000	0.0000	0.0000	0.0000	0.0000	0.0000	0.0000	0.0000			0.0000	0.0000	0.0002	3.0000	1.0022	5.0000	0.0000	0.0000	0.0000	0.0000	0.0000	0.0000	0.0000	0.0000	0.0000	0.0000	0.0000	0.0000	0.0000	0.0000	0.0000	0.0000	0.0000	0.0000	0.0000	0.0000	0.0000	0.0000	0.0000	0.0000	0.0000	0.0000	0.0000	0.0231	0.0079	0.0153	0.0003	0.0003	0.0000	0.0228	0.0076	0.0152
24	37	0.0296	8	2	0	1	0	0	0	1	0	0	1	2	2	0	0	0	0	0	0	Y	N	N	N	Y	Y	N	N	N	N	N	N	N	N	N	N	N	N	0.0000	0.0000	0.0000	0.0000	0.0000	0.0000	0.0000	0.0000	0.0000	0.0000	0.0000	0.0000	0.0000	0.0000	0.0000	0.0000	0.0000	0.0000	0.0000	0.0000	0.0000	0.0000	0.0000	0.0000	0.0000	0.0000	0.0000			0.0000	0.0000	0.0002	0.0000	1.0022	0.0000	0.0000	0.0000	0.0000	0.0000	0.0000	0.0000	0.0000	0.0000	0.0000	0.0000	0.0000	0.0000	0.0000	0.0000	0.0000	0.0000	0.0000	0.0000	0.0000	0.0000	0.0000	0.0000	0.0000	0.0000	0.0000	0.0000	0.0000	0.0000	0.0000	0.0000	0.0000	0.0000	0.0000	0.0000	0.0000	0.0000
24	38	0.0296	7	2	0	1	0	0	0	1	0	0	0	2	1	0	0	0	0	0	0	Y	N	N	N	Y	N	N	N	N	N	N	N	N	N	N	N	N	N	0.0000	0.0000	0.0000	0.0000	0.0000	0.0000	0.0000	0.0000	0.0000	0.0000	0.0000	0.0000	0.0000	0.0000	0.0000	0.0000	0.0000	0.0000	0.0000	0.0000	0.0000	0.0000	0.0000	0.0000	0.0000	0.0000	0.0000			0.0000	0.0000	0.0002	0.0000	1.0022	0.0000	0.0000	0.0000	0.0000	0.0000	0.0000	0.0000	0.0000	0.0000	0.0000	0.0000	0.0000	0.0000	0.0000	0.0000	0.0000	0.0000	0.0000	0.0000	0.0000	0.0000	0.0000	0.0000	0.0000	0.0000	0.0000	0.0000	0.0000	0.0000	0.0000	0.0000	0.0000	0.0000	0.0000	0.0000	0.0000	0.0000
24	39	0.0237	6	2	0	1	0	0	0	1	0	1	0	2	1	0	0	0	0	0	0	Y	N	N	N	Y	N	N	N	N	N	N	N	N	N	N	N	N	N	0.0000	0.0000	0.0000	0.0000	0.0000	0.0000	0.0000	0.0000	0.0000	0.0000	0.0000	0.0000	0.0000	0.0000	0.0000	0.0000	0.0000	0.0000	0.0000	0.0000	0.0000	0.0000	0.0000	0.0000	0.0000	0.0000	0.0000			0.0000	0.0000	0.0002	0.0000	1.0022	1.0000	0.0000	0.0000	0.0000	0.0000	0.0000	0.0000	0.0000	0.0000	0.0000	0.0000	0.0000	0.0000	0.0000	0.0000	0.0000	0.0000	0.0000	0.0000	0.0000	0.0000	0.0000	0.0000	0.0000	0.0000	0.0000	0.0000	0.0000	0.0031	0.0010	0.0021	0.0000	0.0000	0.0000	0.0031	0.0010	0.0021
24	41	0.0942	12	2	0	1	0	1	0	1	0	0	0	1	1	0	0	0	0	0	0	Y	N	N	N	N	N	N	N	N	N	N	N	N	N	N	N	N	N	0.0000	0.0000	0.0000	0.0000	0.0000	0.0000	0.0000	0.0000	0.0000	0.0000	0.0000	0.0000	0.0000	0.0000	0.0000	0.0000	0.0000	0.0000	0.0054	0.0151	0.0003	0.0001	0.0001	0.0000	0.0059	0.0185	0.0003		0.0382	0.0000	-0.0000	0.0002	1.0068	1.0022	1.0688	0.0000	0.0000	0.0000	0.0000	0.0000	0.0000	0.0000	0.0000	0.0000	0.0000	0.0000	0.0000	0.0000	0.0000	0.0000	0.0000	0.0000	0.0000	0.0000	0.0000	0.0000	0.0000	0.0000	0.0000	0.0000	0.0000	0.0000	0.0058	0.0020	0.0038	0.0005	0.0004	0.0001	0.0053	0.0016	0.0037
24	42	0.1062	16	1	0	1	0	0	0	1	0	0	1	1	2	0	0	0	0	0	0	N	N	N	N	N	Y	N	N	N	N	N	N	N	N	N	N	N	N	0.0000	0.0000	0.0000	0.0000	0.0000	0.0000	0.0000	0.0000	0.0000	0.0000	0.0000	0.0000	0.0000	0.0000	0.0000	0.0000	0.0000	0.0000	0.0000	0.0000	0.0000	0.0000	0.0000	0.0000	0.0000	0.0000	0.0000			0.0000	0.0000	0.0002	0.9984	1.0022	0.0033	0.0000	0.0000	0.0000	0.0000	0.0000	0.0000	0.0000	0.0000	0.0000	0.0000	0.0000	0.0000	0.0000	0.0000	0.0000	0.0000	0.0000	0.0000	0.0000	0.0000	0.0000	0.0000	0.0000	0.0000	0.0000	0.0000	0.0000	0.0028	0.0010	0.0018	0.0003	0.0002	0.0001	0.0026	0.0008	0.0018
24	66	0.1091	14	1	0	1	0	0	0	1	0	0	1	1	2	0	0	0	0	0	0	N	N	N	N	N	Y	N	N	N	N	N	N	N	N	N	N	N	N	328.9608	0.0000	inf	247.6667	0.0000	inf	0.0000	0.0000	0.0000	0.0011	0.0000	0.0124	0.0035	0.0000	0.2133	0.0000	0.0000	0.0000	0.0000	0.0000	0.0000	0.0000	0.0000	0.0000	0.0000	0.0000	0.0000	inf	0.0000	0.0000	-0.0000	0.0002	2.0073	1.0022	0.7728	0.0000	0.0000	0.0000	0.0000	0.0000	0.0000	0.0000	0.0000	0.0000	0.0000	0.0000	0.0000	0.0000	0.0000	0.0000	0.0000	0.0000	0.0000	0.0000	0.0000	0.0000	0.0000	0.0000	0.0000	0.0000	0.0000	0.0000	0.0107	0.0043	0.0064	0.0025	0.0023	0.0002	0.0083	0.0020	0.0062
24	67	0.1212	15	1	0	1	0	0	0	1	0	0	1	1	2	0	0	0	0	0	0	N	N	N	N	N	Y	N	N	N	N	N	N	N	N	N	N	N	N	248755.7313	129635.2453	0.0000	76659.9868	99919.3084	0.0000	inf	inf	0.0000	0.8206	1.0507	0.0000	1.0766	1.5039	0.0000	0.0000	0.0000	0.0000	0.0000	0.0000	0.0000	0.0000	0.0000	0.0000	0.0000	0.0000	0.0000	0.0000	0.0000	-0.0001	-0.0000	0.0002	0.9402	1.0022	1.7770	0.0002	0.0002	0.0000	0.0002	0.0002	0.0000	0.0000	0.0000	0.0000	0.0000	0.0000	0.0000	0.0000	0.0000	0.0000	0.0000	0.0000	0.0000	0.0002	0.0002	0.0000	0.0001	0.0001	0.0000	0.0000	0.0000	0.0000	0.0105	0.0043	0.0062	0.0025	0.0023	0.0002	0.0080	0.0020	0.0061
25	28	0.1402	8	2	0	1	0	0	0	0	0	0	0	1	0	0	0	0	0	0	0	Y	N	N	N	N	N	N	N	N	N	N	N	N	N	N	N	N	N	0.0000	0.0000	0.0000	0.0000	0.0000	0.0000	0.0000	0.0000	0.0000	0.0000	0.0000	0.0000	0.0000	0.0000	0.0000	0.0000	0.0000	0.0000	0.0000	0.0000	0.0000	0.0000	0.0000	0.0000	0.0000	0.0000	0.0000			0.0000	0.0000	1.1515	0.0000	1.0047	0.0000	0.0000	0.0000	0.0000	0.0000	0.0000	0.0000	0.0000	0.0000	0.0000	0.0000	0.0000	0.0000	0.0000	0.0000	0.0000	0.0000	0.0000	0.0000	0.0000	0.0000	0.0000	0.0000	0.0000	0.0000	0.0000	0.0000	0.0000	0.0000	0.0000	0.0000	0.0000	0.0000	0.0000	0.0000	0.0000	0.0000
25	29	0.2019	12	2	0	1	0	0	0	0	0	0	0	1	1	0	0	0	0	0	0	Y	N	N	N	N	N	N	N	N	N	N	N	N	N	N	N	N	N	3.7673	0.0000	20.6171	5.2018	0.0000	18.3077	2.6592	0.0000	13.3049	0.0001	0.0000	0.0006	0.0001	0.0000	0.0050	0.0000	0.0000	0.0003	0.0000	0.0000	0.0000	0.0000	0.0000	0.0003	0.0000	0.0000	0.0000	inf	inf	0.0000	0.0000	1.1515	1.1083	1.0047	2.8540	0.0000	0.0000	0.0000	0.0000	0.0000	0.0000	0.0000	0.0000	0.0000	0.0000	0.0000	0.0000	0.0000	0.0000	0.0000	0.0000	0.0000	0.0000	0.0376	0.0338	0.0038	0.0102	0.0099	0.0002	0.0275	0.0239	0.0036	0.0263	0.0118	0.0145	0.0045	0.0041	0.0004	0.0219	0.0077	0.0142
25	30	0.1958	11	2	0	1	0	1	0	0	0	0	1	1	1	0	0	0	0	0	0	Y	N	N	N	N	N	N	N	N	N	N	N	N	N	N	N	N	N	2.7824	0.9428	86.6539	2.0149	1.3706	80.4543	12.5772	0.0000	56.9250	0.0001	0.0001	0.0005	0.0003	0.0002	0.0037	0.0000	0.0000	0.0002	0.0000	0.0001	0.0000	0.0001	0.0001	0.0000	0.0000	0.0000	0.0000	0.9167	0.0744	0.0000	-0.0000	1.1515	1.1867	1.0047	0.2815	0.0000	0.0000	0.0000	0.0000	0.0000	0.0000	0.0000	0.0000	0.0000	0.0000	0.0000	0.0000	0.0000	0.0000	0.0000	0.0000	0.0000	0.0000	0.0400	0.0360	0.0041	0.0106	0.0104	0.0003	0.0294	0.0256	0.0038	0.0128	0.0070	0.0059	0.0031	0.0029	0.0001	0.0097	0.0040	0.0057
25	32	0.1166	6	2	0	1	0	0	0	0	0	0	0	1	0	0	0	0	0	0	0	Y	N	N	N	N	N	N	N	N	N	N	N	N	N	N	N	N	N	0.0065	0.0031	0.0000	0.0070	0.0058	0.0000	0.0000	0.0000	0.0000	0.0002	0.0002	0.0000	0.0008	0.0008	0.0000	0.0000	0.0000	0.0000	0.0240	0.0555	0.0000	0.1112	0.1376	0.0000	0.0000	0.0000	0.0000	0.0000	0.0000	-0.0000	-0.0006	1.1515	4.0243	1.0047	4.9679	0.0000	0.0000	0.0000	0.0000	0.0000	0.0000	0.0000	0.0000	0.0000	0.0012	0.0012	0.0000	0.0012	0.0012	0.0000	0.0000	0.0000	0.0000	0.1284	0.1152	0.0132	0.0258	0.0252	0.0006	0.1026	0.0901	0.0126	0.0516	0.0223	0.0293	0.0111	0.0090	0.0021	0.0405	0.0133	0.0271
25	35	0.1102	5	2	0	1	0	1	0	0	0	0	0	1	0	0	0	0	0	0	0	Y	N	N	N	N	N	N	N	N	N	N	N	N	N	N	N	N	N	0.0000	0.0000	0.0000	0.0000	0.0000	0.0000	0.0000	0.0000	0.0000	0.0000	0.0000	0.0000	0.0000	0.0000	0.0000	0.0000	0.0000	0.0000	0.0103	0.0102	0.0103	0.0377	0.0232	0.1263	0.0005	0.0000	0.0008	0.0000	0.9535	-0.0000	0.0000	1.1515	1.0742	1.0047	0.1055	0.0000	0.0000	0.0000	0.0000	0.0000	0.0000	0.0000	0.0000	0.0000	0.0001	0.0000	0.0000	0.0001	0.0000	0.0000	0.0000	0.0000	0.0000	0.0375	0.0337	0.0039	0.0078	0.0076	0.0002	0.0298	0.0261	0.0037	0.0092	0.0047	0.0045	0.0024	0.0021	0.0003	0.0068	0.0026	0.0041
25	36	0.1461	10	2	0	1	0	0	0	0	0	0	0	2	1	0	0	0	0	0	0	Y	N	N	N	Y	N	N	N	N	N	N	N	N	N	N	N	N	N	0.0000	0.0000	0.0000	0.0000	0.0000	0.0000	0.0000	0.0000	0.0000	0.0000	0.0000	0.0000	0.0000	0.0000	0.0000	0.0000	0.0000	0.0000	0.0000	0.0000	0.0000	0.0000	0.0000	0.0000	0.0000	0.0000	0.0000			0.0000	0.0000	1.1515	3.0000	1.0047	5.0000	0.0000	0.0000	0.0000	0.0000	0.0000	0.0000	0.0000	0.0000	0.0000	0.0000	0.0000	0.0000	0.0000	0.0000	0.0000	0.0000	0.0000	0.0000	0.0964	0.0866	0.0098	0.0213	0.0207	0.0006	0.0751	0.0659	0.0092	0.0452	0.0176	0.0275	0.0082	0.0064	0.0018	0.0370	0.0112	0.0257
25	37	0.1461	9	2	0	1	0	0	0	0	0	0	1	2	1	0	0	0	0	0	0	Y	N	N	N	Y	N	N	N	N	N	N	N	N	N	N	N	N	N	0.0000	0.0000	0.0000	0.0000	0.0000	0.0000	0.0000	0.0000	0.0000	0.0000	0.0000	0.0000	0.0000	0.0000	0.0000	0.0000	0.0000	0.0000	0.0000	0.0000	0.0000	0.0000	0.0000	0.0000	0.0000	0.0000	0.0000			0.0000	0.0000	1.1515	0.0000	1.0047	0.0000	0.0000	0.0000	0.0000	0.0000	0.0000	0.0000	0.0000	0.0000	0.0000	0.0000	0.0000	0.0000	0.0000	0.0000	0.0000	0.0000	0.0000	0.0000	0.0000	0.0000	0.0000	0.0000	0.0000	0.0000	0.0000	0.0000	0.0000	0.0000	0.0000	0.0000	0.0000	0.0000	0.0000	0.0000	0.0000	0.0000
25	38	0.1461	8	2	0	1	0	0	0	0	0	0	0	2	0	0	0	0	0	0	0	Y	N	N	N	Y	N	N	N	N	N	N	N	N	N	N	N	N	N	0.0000	0.0000	0.0000	0.0000	0.0000	0.0000	0.0000	0.0000	0.0000	0.0000	0.0000	0.0000	0.0000	0.0000	0.0000	0.0000	0.0000	0.0000	0.0000	0.0000	0.0000	0.0000	0.0000	0.0000	0.0000	0.0000	0.0000			0.0000	0.0000	1.1515	0.0000	1.0047	0.0000	0.0000	0.0000	0.0000	0.0000	0.0000	0.0000	0.0000	0.0000	0.0000	0.0000	0.0000	0.0000	0.0000	0.0000	0.0000	0.0000	0.0000	0.0000	0.0000	0.0000	0.0000	0.0000	0.0000	0.0000	0.0000	0.0000	0.0000	0.0000	0.0000	0.0000	0.0000	0.0000	0.0000	0.0000	0.0000	0.0000
25	39	0.1402	7	2	0	1	0	0	0	0	0	1	0	2	0	0	0	0	0	0	0	Y	N	N	N	Y	N	N	N	N	N	N	N	N	N	N	N	N	N	0.0000	0.0000	0.0000	0.0000	0.0000	0.0000	0.0000	0.0000	0.0000	0.0000	0.0000	0.0000	0.0000	0.0000	0.0000	0.0000	0.0000	0.0000	0.0231	0.0599	0.0000	0.1298	0.1663	0.0000	0.0000	0.0000	0.0000		0.0000	0.0000	-0.0001	1.1515	0.0000	1.0047	1.0000	0.0000	0.0000	0.0000	0.0000	0.0000	0.0000	0.0000	0.0000	0.0000	0.0001	0.0001	0.0000	0.0001	0.0001	0.0000	0.0000	0.0000	0.0000	0.0000	0.0000	0.0000	0.0000	0.0000	0.0000	0.0000	0.0000	0.0000	0.0061	0.0023	0.0037	0.0011	0.0008	0.0002	0.0050	0.0015	0.0035
25	41	0.1918	11	2	0	1	0	1	0	0	0	0	0	1	0	0	0	0	0	0	0	Y	N	N	N	N	N	N	N	N	N	N	N	N	N	N	N	N	N	93.0109	40.8902	0.0000	0.4598	0.4128	0.0000	1484.1787	inf	0.0000	0.0020	0.0022	0.0000	0.0001	0.0001	0.0000	0.0026	0.0029	0.0000	0.0000	0.0001	0.0000	0.0002	0.0002	0.0000	0.0000	0.0000	0.0000	0.0000	0.1124	-0.0000	-0.0000	1.1515	1.0068	1.0047	1.0688	0.0001	0.0001	0.0000	0.0000	0.0000	0.0000	0.0001	0.0001	0.0000	0.0000	0.0000	0.0000	0.0000	0.0000	0.0000	0.0000	0.0000	0.0000	0.0323	0.0290	0.0033	0.0078	0.0076	0.0002	0.0245	0.0214	0.0031	0.0119	0.0042	0.0077	0.0012	0.0010	0.0002	0.0107	0.0032	0.0075
25	45	0.1580	12	2	0	1	1	0	0	0	1	0	0	2	1	0	0	0	0	0	0	Y	N	N	N	Y	N	N	N	N	N	N	N	N	N	N	N	N	N	0.0000	0.0000	0.0000	0.0000	0.0000	0.0000	0.0000	0.0000	0.0000	0.0000	0.0000	0.0000	0.0000	0.0000	0.0000	0.0000	0.0000	0.0000	0.0000	0.0000	0.0000	0.0000	0.0000	0.0000	0.0000	0.0000	0.0000			0.0000	0.0000	1.1515	0.9998	1.0047	0.0048	0.0000	0.0000	0.0000	0.0000	0.0000	0.0000	0.0000	0.0000	0.0000	0.0000	0.0000	0.0000	0.0000	0.0000	0.0000	0.0000	0.0000	0.0000	0.0331	0.0297	0.0033	0.0075	0.0073	0.0002	0.0256	0.0224	0.0032	0.0062	0.0024	0.0037	0.0011	0.0009	0.0002	0.0050	0.0015	0.0035
25	46	0.1521	11	2	0	1	0	0	0	0	0	0	0	2	1	0	0	0	0	0	0	Y	N	N	N	Y	N	N	N	N	N	N	N	N	N	N	N	N	N	0.0000	0.0000	0.0000	0.0000	0.0000	0.0000	0.0000	0.0000	0.0000	0.0000	0.0000	0.0000	0.0000	0.0000	0.0000	0.0000	0.0000	0.0000	0.0000	0.0000	0.0000	0.0000	0.0000	0.0000	0.0000	0.0000	0.0000			0.0000	0.0000	1.1515	0.0006	1.0047	0.9846	0.0000	0.0000	0.0000	0.0000	0.0000	0.0000	0.0000	0.0000	0.0000	0.0000	0.0000	0.0000	0.0000	0.0000	0.0000	0.0000	0.0000	0.0000	0.0000	0.0000	0.0000	0.0000	0.0000	0.0000	0.0000	0.0000	0.0000	0.0061	0.0024	0.0037	0.0011	0.0009	0.0002	0.0050	0.0015	0.0035
25	47	0.1402	10	2	0	1	0	0	0	0	0	0	1	2	1	0	0	0	0	0	0	Y	N	N	N	Y	N	N	N	N	N	N	N	N	N	N	N	N	N	0.0000	0.0000	0.0000	0.0000	0.0000	0.0000	0.0000	0.0000	0.0000	0.0000	0.0000	0.0000	0.0000	0.0000	0.0000	0.0000	0.0000	0.0000	0.0000	0.0000	0.0000	0.0000	0.0000	0.0000	0.0000	0.0000	0.0000			0.0000	0.0000	1.1515	1.9996	1.0047	0.0187	0.0000	0.0000	0.0000	0.0000	0.0000	0.0000	0.0000	0.0000	0.0000	0.0000	0.0000	0.0000	0.0000	0.0000	0.0000	0.0000	0.0000	0.0000	0.0650	0.0584	0.0066	0.0144	0.0140	0.0004	0.0506	0.0444	0.0062	0.0121	0.0047	0.0074	0.0022	0.0017	0.0005	0.0099	0.0030	0.0069
25	48	0.1402	9	2	0	1	0	0	0	0	0	1	0	2	0	0	0	0	0	0	0	Y	N	N	N	Y	N	N	N	N	N	N	N	N	N	N	N	N	N	0.0000	0.0000	0.0000	0.0000	0.0000	0.0000	0.0000	0.0000	0.0000	0.0000	0.0000	0.0000	0.0000	0.0000	0.0000	0.0000	0.0000	0.0000	0.0000	0.0000	0.0000	0.0000	0.0000	0.0000	0.0000	0.0000	0.0000			0.0000	0.0000	1.1515	0.0000	1.0047	0.0000	0.0000	0.0000	0.0000	0.0000	0.0000	0.0000	0.0000	0.0000	0.0000	0.0000	0.0000	0.0000	0.0000	0.0000	0.0000	0.0000	0.0000	0.0000	0.0000	0.0000	0.0000	0.0000	0.0000	0.0000	0.0000	0.0000	0.0000	0.0000	0.0000	0.0000	0.0000	0.0000	0.0000	0.0000	0.0000	0.0000
25	56	0.1402	8	2	0	1	0	0	0	0	0	0	0	1	0	0	0	0	0	0	0	Y	N	N	N	N	N	N	N	N	N	N	N	N	N	N	N	N	N	0.0000	0.0000	0.0000	0.0000	0.0000	0.0000	0.0000	0.0000	0.0000	0.0000	0.0000	0.0000	0.0000	0.0000	0.0000	0.0000	0.0000	0.0000	0.0000	0.0000	0.0000	0.0000	0.0000	0.0000	0.0000	0.0000	0.0000			0.0000	0.0000	1.1515	0.0000	1.0047	0.0000	0.0000	0.0000	0.0000	0.0000	0.0000	0.0000	0.0000	0.0000	0.0000	0.0000	0.0000	0.0000	0.0000	0.0000	0.0000	0.0000	0.0000	0.0000	0.0000	0.0000	0.0000	0.0000	0.0000	0.0000	0.0000	0.0000	0.0000	0.0000	0.0000	0.0000	0.0000	0.0000	0.0000	0.0000	0.0000	0.0000
25	57	0.1402	7	2	0	1	0	0	0	0	0	0	0	1	0	0	0	0	0	0	0	Y	N	N	N	N	N	N	N	N	N	N	N	N	N	N	N	N	N	0.0000	0.0000	0.0000	0.0000	0.0000	0.0000	0.0000	0.0000	0.0000	0.0000	0.0000	0.0000	0.0000	0.0000	0.0000	0.0000	0.0000	0.0000	0.0000	0.0000	0.0000	0.0000	0.0000	0.0000	0.0000	0.0000	0.0000			0.0000	0.0000	1.1515	0.0000	1.0047	0.0000	0.0000	0.0000	0.0000	0.0000	0.0000	0.0000	0.0000	0.0000	0.0000	0.0000	0.0000	0.0000	0.0000	0.0000	0.0000	0.0000	0.0000	0.0000	0.0000	0.0000	0.0000	0.0000	0.0000	0.0000	0.0000	0.0000	0.0000	0.0000	0.0000	0.0000	0.0000	0.0000	0.0000	0.0000	0.0000	0.0000
25	58	0.1308	6	2	0	1	0	1	0	0	0	0	0	1	0	0	0	0	0	0	0	Y	N	N	N	N	N	N	N	N	N	N	N	N	N	N	N	N	N	0.0324	inf	0.0000	0.0254	inf	0.0000	0.0000	0.0000	0.0000	0.0000	0.0000	0.0000	0.0000	0.0000	0.0000	0.0000	0.0000	0.0000	0.0000	0.0000	0.0001	0.0002	0.0000	0.0007	0.0000	0.0000	0.0000	0.0000	inf	-0.0000	0.0000	1.1515	1.2118	1.0047	0.0039	0.0000	0.0000	0.0000	0.0000	0.0000	0.0000	0.0000	0.0000	0.0000	0.0000	0.0000	0.0000	0.0000	0.0000	0.0000	0.0000	0.0000	0.0000	0.0481	0.0435	0.0047	0.0129	0.0127	0.0002	0.0352	0.0308	0.0044	0.0075	0.0029	0.0046	0.0014	0.0011	0.0003	0.0061	0.0018	0.0042
26	28	0.1382	5	2	0	1	0	1	0	1	0	1	0	1	0	0	0	0	0	0	0	Y	N	N	N	N	N	N	N	N	N	N	N	N	N	N	N	N	N	0.0000	0.0000	0.0000	0.0000	0.0000	0.0000	0.0000	0.0000	0.0000	0.0000	0.0000	0.0000	0.0000	0.0000	0.0000	0.0000	0.0000	0.0000	0.0000	0.0000	0.0000	0.0000	0.0000	0.0000	0.0000	0.0000	0.0000			0.0000	0.0000	8.9852	0.0000	5.9578	0.0000	0.0000	0.0000	0.0000	0.0000	0.0000	0.0000	0.0000	0.0000	0.0000	0.0000	0.0000	0.0000	0.0000	0.0000	0.0000	0.0000	0.0000	0.0000	0.0000	0.0000	0.0000	0.0000	0.0000	0.0000	0.0000	0.0000	0.0000	0.0000	0.0000	0.0000	0.0000	0.0000	0.0000	0.0000	0.0000	0.0000
26	29	0.1998	9	2	0	1	0	1	0	1	0	1	0	1	1	0	0	0	0	0	0	Y	N	N	N	N	N	N	N	N	N	N	N	N	N	N	N	N	N	0.0921	0.0474	0.0000	389.9901	352.6876	0.0000	0.0000	0.0000	0.0000	0.4793	0.5409	0.0000	2.9775	3.0844	0.0000	0.0000	0.0000	0.0000	5.2063	11.4113	0.0000	0.0076	0.0087	0.0000	6.1694	16.2767	0.0000	0.0000	0.0000	-0.0432	-0.3947	8.9852	1.1083	5.9578	2.8540	0.1041	0.1041	0.0000	0.1041	0.1041	0.0000	0.0000	0.0000	0.0000	0.8565	0.8565	0.0000	0.0002	0.0002	0.0000	0.8563	0.8563	0.0000	0.2172	0.1925	0.0247	0.0350	0.0337	0.0012	0.1822	0.1587	0.0235	0.1645	0.0751	0.0895	0.0257	0.0224	0.0033	0.1388	0.0526	0.0862
26	30	0.1938	8	2	0	1	0	2	0	1	0	1	1	1	1	0	0	0	0	0	0	Y	N	N	N	N	N	N	N	N	N	N	N	N	N	N	N	N	N	0.2633	0.1636	0.0000	0.3910	0.3770	0.0000	0.2393	0.1200	0.0000	0.8079	0.9123	0.0000	2.5983	2.6930	0.0000	0.4786	0.5495	0.0000	3.0677	5.5752	0.0014	6.6451	7.1437	0.0056	2.0003	4.5784	0.0012	0.0000	0.0002	-0.0773	-0.1129	8.9852	1.1867	5.9578	0.2815	0.1864	0.1864	0.0000	0.0931	0.0931	0.0000	0.0933	0.0933	0.0000	0.2451	0.2450	0.0001	0.1220	0.1220	0.0000	0.1231	0.1230	0.0000	0.2307	0.2043	0.0264	0.0358	0.0346	0.0013	0.1949	0.1697	0.0252	0.0799	0.0439	0.0359	0.0184	0.0171	0.0013	0.0615	0.0269	0.0347
26	32	0.1145	3	2	0	1	0	1	0	1	0	1	0	1	0	0	0	0	0	0	0	Y	N	N	N	N	N	N	N	N	N	N	N	N	N	N	N	N	N	0.4721	inf	0.0001	2.7887	inf	0.0001	0.4668	inf	0.0001	2.7459	3.1342	0.0011	0.0463	0.0481	0.0000	2.8190	3.2263	0.0011	5.8170	0.0000	9.6106	0.0166	0.0000	0.2620	6.0391	0.0000	9.6469	0.0000	inf	-0.8288	1.0322	8.9852	4.0243	5.9578	4.9679	1.9991	1.9990	0.0001	0.0009	0.0009	0.0000	1.9982	1.9981	0.0001	1.9146	0.0000	1.9146	0.0002	0.0000	0.0002	1.9144	0.0000	1.9144	0.7280	0.6378	0.0902	0.0192	0.0185	0.0007	0.7089	0.6193	0.0895	0.3291	0.1299	0.1992	0.0121	0.0114	0.0008	0.3170	0.1186	0.1984
26	35	0.1081	2	2	0	1	0	2	0	1	0	1	0	1	0	0	0	0	0	0	0	Y	N	N	N	N	N	N	N	N	N	N	N	N	N	N	N	N	N	0.2186	0.2437	0.0348	0.7130	0.7081	0.0554	0.0189	1.3813	0.0348	0.2858	0.3271	0.0444	3.4323	3.4536	0.0016	0.0147	0.0091	0.0446	1.3074	1.3422	1.2762	4.8140	4.8771	0.0286	0.7769	0.0066	1.2803	0.0233	1.0594	-0.0261	0.0043	8.9852	1.0742	5.9578	0.1055	0.0667	0.0652	0.0015	0.0635	0.0635	0.0000	0.0032	0.0016	0.0015	0.0798	0.0388	0.0411	0.0386	0.0386	0.0000	0.0412	0.0001	0.0411	0.2333	0.1992	0.0341	0.0185	0.0184	0.0001	0.2148	0.1808	0.0340	0.0611	0.0289	0.0322	0.0080	0.0079	0.0001	0.0530	0.0210	0.0321
26	36	0.1441	7	2	0	1	0	1	0	1	0	1	0	2	1	0	0	0	0	0	0	Y	N	N	N	Y	N	N	N	N	N	N	N	N	N	N	N	N	N	0.0000	0.0000	0.0000	0.0000	0.0000	0.0000	0.0000	0.0000	0.0000	0.0000	0.0000	0.0000	0.0000	0.0000	0.0000	0.0000	0.0000	0.0000	0.0000	0.0000	0.0000	0.0000	0.0000	0.0000	0.0000	0.0000	0.0000			0.0000	0.0000	8.9852	3.0000	5.9578	5.0000	0.0000	0.0000	0.0000	0.0000	0.0000	0.0000	0.0000	0.0000	0.0000	0.0000	0.0000	0.0000	0.0000	0.0000	0.0000	0.0000	0.0000	0.0000	0.5521	0.4851	0.0670	0.0303	0.0289	0.0014	0.5218	0.4562	0.0656	0.2830	0.1021	0.1808	0.0045	0.0038	0.0007	0.2785	0.0984	0.1801
26	37	0.1441	6	2	0	1	0	1	0	1	0	1	1	2	1	0	0	0	0	0	0	Y	N	N	N	Y	N	N	N	N	N	N	N	N	N	N	N	N	N	0.0000	0.0000	0.0000	0.0000	0.0000	0.0000	0.0000	0.0000	0.0000	0.0000	0.0000	0.0000	0.0000	0.0000	0.0000	0.0000	0.0000	0.0000	0.0000	0.0000	0.0000	0.0000	0.0000	0.0000	0.0000	0.0000	0.0000			0.0000	0.0000	8.9852	0.0000	5.9578	0.0000	0.0000	0.0000	0.0000	0.0000	0.0000	0.0000	0.0000	0.0000	0.0000	0.0000	0.0000	0.0000	0.0000	0.0000	0.0000	0.0000	0.0000	0.0000	0.0000	0.0000	0.0000	0.0000	0.0000	0.0000	0.0000	0.0000	0.0000	0.0000	0.0000	0.0000	0.0000	0.0000	0.0000	0.0000	0.0000	0.0000
26	38	0.1440	5	2	0	1	0	1	0	1	0	1	0	2	0	0	0	0	0	0	0	Y	N	N	N	Y	N	N	N	N	N	N	N	N	N	N	N	N	N	0.0000	0.0000	0.0000	0.0000	0.0000	0.0000	0.0000	0.0000	0.0000	0.0000	0.0000	0.0000	0.0000	0.0000	0.0000	0.0000	0.0000	0.0000	0.0000	0.0000	0.0000	0.0000	0.0000	0.0000	0.0000	0.0000	0.0000			0.0000	0.0000	8.9852	0.0000	5.9578	0.0000	0.0000	0.0000	0.0000	0.0000	0.0000	0.0000	0.0000	0.0000	0.0000	0.0000	0.0000	0.0000	0.0000	0.0000	0.0000	0.0000	0.0000	0.0000	0.0000	0.0000	0.0000	0.0000	0.0000	0.0000	0.0000	0.0000	0.0000	0.0000	0.0000	0.0000	0.0000	0.0000	0.0000	0.0000	0.0000	0.0000
26	39	0.1382	4	2	0	1	0	1	0	1	0	2	0	2	0	0	0	0	0	0	0	Y	N	N	N	Y	N	N	N	N	N	N	N	N	N	N	N	N	N	0.0000	0.0000	0.0000	0.0000	0.0000	0.0000	0.0000	0.0000	0.0000	0.0000	0.0000	0.0000	0.0000	0.0000	0.0000	0.0000	0.0000	0.0000	0.0000	0.0000	0.0000	0.0000	0.0000	0.0000	0.0000	0.0000	0.0000			0.0000	0.0000	8.9852	0.0000	5.9578	1.0000	0.0000	0.0000	0.0000	0.0000	0.0000	0.0000	0.0000	0.0000	0.0000	0.0000	0.0000	0.0000	0.0000	0.0000	0.0000	0.0000	0.0000	0.0000	0.0000	0.0000	0.0000	0.0000	0.0000	0.0000	0.0000	0.0000	0.0000	0.0379	0.0135	0.0244	0.0004	0.0003	0.0000	0.0375	0.0131	0.0244
26	41	0.1898	8	2	0	1	0	2	0	1	0	1	0	1	0	0	0	0	0	0	0	Y	N	N	N	N	N	N	N	N	N	N	N	N	N	N	N	N	N	189.2076	100.1445	6.0601	687.7516	524.5991	inf	195.4549	94.6489	6.0447	5.2421	5.9328	0.0598	0.0523	0.0540	0.0089	5.9109	6.7680	0.0617	0.0277	0.0592	0.0099	0.0001	0.0001	0.0000	0.0302	0.0715	0.0102	0.0013	0.2943	-0.3968	-0.0005	8.9852	1.0068	5.9578	1.0688	0.9600	0.9587	0.0013	0.0011	0.0011	0.0000	0.9589	0.9577	0.0013	0.0021	0.0016	0.0005	0.0000	0.0000	0.0000	0.0021	0.0016	0.0005	0.1831	0.1616	0.0215	0.0209	0.0201	0.0008	0.1622	0.1415	0.0207	0.0746	0.0270	0.0476	0.0063	0.0046	0.0016	0.0683	0.0223	0.0460
26	45	0.1560	9	2	0	1	1	1	0	1	1	1	0	2	1	0	0	0	0	0	0	Y	N	N	N	Y	N	N	N	N	N	N	N	N	N	N	N	N	N	0.0000	0.0000	0.0000	0.0000	0.0000	0.0000	0.0000	0.0000	0.0000	0.0000	0.0000	0.0000	0.0000	0.0000	0.0000	0.0000	0.0000	0.0000	0.0000	0.0000	0.0000	0.0002	0.0002	0.0000	0.0000	0.0000	0.0000		0.0000	0.0000	-0.0000	8.9852	0.9998	5.9578	0.0048	0.0000	0.0000	0.0000	0.0000	0.0000	0.0000	0.0000	0.0000	0.0000	0.0000	0.0000	0.0000	0.0000	0.0000	0.0000	0.0000	0.0000	0.0000	0.1895	0.1666	0.0229	0.0161	0.0152	0.0008	0.1734	0.1514	0.0220	0.0385	0.0140	0.0245	0.0007	0.0007	0.0000	0.0378	0.0133	0.0245
26	46	0.1500	8	2	0	1	0	1	0	1	0	1	0	2	1	0	0	0	0	0	0	Y	N	N	N	Y	N	N	N	N	N	N	N	N	N	N	N	N	N	0.0000	0.0000	0.0000	0.0000	0.0000	0.0000	0.0000	0.0000	0.0000	0.0000	0.0000	0.0000	0.0000	0.0000	0.0000	0.0000	0.0000	0.0000	0.0010	0.0028	0.0000	0.0417	0.0439	0.0000	0.0000	0.0000	0.0000		0.0001	0.0000	-0.0000	8.9852	0.0006	5.9578	0.9846	0.0000	0.0000	0.0000	0.0000	0.0000	0.0000	0.0000	0.0000	0.0000	0.0000	0.0000	0.0000	0.0000	0.0000	0.0000	0.0000	0.0000	0.0000	0.0002	0.0002	0.0000	0.0001	0.0001	0.0000	0.0002	0.0001	0.0000	0.0384	0.0138	0.0246	0.0009	0.0009	0.0000	0.0375	0.0129	0.0245
26	47	0.1382	7	2	0	1	0	1	0	1	0	1	1	2	1	0	0	0	0	0	0	Y	N	N	N	Y	N	N	N	N	N	N	N	N	N	N	N	N	N	0.0000	0.0000	0.0000	0.0000	0.0000	0.0000	0.0000	0.0000	0.0000	0.0000	0.0000	0.0000	0.0000	0.0000	0.0000	0.0000	0.0000	0.0000	0.0000	0.0000	0.0000	0.0008	0.0009	0.0000	0.0000	0.0000	0.0000		0.0000	0.0000	-0.0000	8.9852	1.9996	5.9578	0.0187	0.0000	0.0000	0.0000	0.0000	0.0000	0.0000	0.0000	0.0000	0.0000	0.0000	0.0000	0.0000	0.0000	0.0000	0.0000	0.0000	0.0000	0.0000	0.3721	0.3268	0.0453	0.0204	0.0194	0.0010	0.3517	0.3074	0.0443	0.0757	0.0270	0.0487	0.0008	0.0007	0.0001	0.0749	0.0263	0.0486
26	48	0.1382	6	2	0	1	0	1	0	1	0	2	0	2	0	0	0	0	0	0	0	Y	N	N	N	Y	N	N	N	N	N	N	N	N	N	N	N	N	N	0.0000	0.0000	0.0000	0.0000	0.0000	0.0000	0.0000	0.0000	0.0000	0.0000	0.0000	0.0000	0.0000	0.0000	0.0000	0.0000	0.0000	0.0000	0.0000	0.0000	0.0000	0.0000	0.0000	0.0000	0.0000	0.0000	0.0000			0.0000	0.0000	8.9852	0.0000	5.9578	0.0000	0.0000	0.0000	0.0000	0.0000	0.0000	0.0000	0.0000	0.0000	0.0000	0.0000	0.0000	0.0000	0.0000	0.0000	0.0000	0.0000	0.0000	0.0000	0.0000	0.0000	0.0000	0.0000	0.0000	0.0000	0.0000	0.0000	0.0000	0.0000	0.0000	0.0000	0.0000	0.0000	0.0000	0.0000	0.0000	0.0000
26	56	0.1382	5	2	0	1	0	1	0	1	0	1	0	1	0	0	0	0	0	0	0	Y	N	N	N	N	N	N	N	N	N	N	N	N	N	N	N	N	N	0.0000	0.0000	0.0000	0.0000	0.0000	0.0000	0.0000	0.0000	0.0000	0.0000	0.0000	0.0000	0.0000	0.0000	0.0000	0.0000	0.0000	0.0000	0.0000	0.0000	0.0000	0.0000	0.0000	0.0000	0.0000	0.0000	0.0000			0.0000	0.0000	8.9852	0.0000	5.9578	0.0000	0.0000	0.0000	0.0000	0.0000	0.0000	0.0000	0.0000	0.0000	0.0000	0.0000	0.0000	0.0000	0.0000	0.0000	0.0000	0.0000	0.0000	0.0000	0.0000	0.0000	0.0000	0.0000	0.0000	0.0000	0.0000	0.0000	0.0000	0.0000	0.0000	0.0000	0.0000	0.0000	0.0000	0.0000	0.0000	0.0000
26	57	0.1382	4	2	0	1	0	1	0	1	0	1	0	1	0	0	0	0	0	0	0	Y	N	N	N	N	N	N	N	N	N	N	N	N	N	N	N	N	N	0.0000	0.0000	0.0000	0.0000	0.0000	0.0000	0.0000	0.0000	0.0000	0.0000	0.0000	0.0000	0.0000	0.0000	0.0000	0.0000	0.0000	0.0000	0.0000	0.0000	0.0000	0.0000	0.0000	0.0000	0.0000	0.0000	0.0000			0.0000	0.0000	8.9852	0.0000	5.9578	0.0000	0.0000	0.0000	0.0000	0.0000	0.0000	0.0000	0.0000	0.0000	0.0000	0.0000	0.0000	0.0000	0.0000	0.0000	0.0000	0.0000	0.0000	0.0000	0.0000	0.0000	0.0000	0.0000	0.0000	0.0000	0.0000	0.0000	0.0000	0.0000	0.0000	0.0000	0.0000	0.0000	0.0000	0.0000	0.0000	0.0000
26	58	0.1287	3	2	0	1	0	2	0	1	0	1	0	1	0	0	0	0	0	0	0	Y	N	N	N	N	N	N	N	N	N	N	N	N	N	N	N	N	N	1.0040	0.0656	662.5545	0.0021	0.0009	0.8555	1176.5268	inf	4880.2008	0.0045	0.0008	0.0332	0.0005	0.0002	0.0188	0.0053	0.0009	0.0335	0.0045	0.0124	0.0001	0.2392	0.2546	0.0220	0.0000	0.0000	0.0000	5.2987	0.0071	0.0006	-0.0001	8.9852	1.2118	5.9578	0.0039	0.0013	0.0002	0.0011	0.0000	0.0000	0.0000	0.0013	0.0002	0.0011	0.0002	0.0002	0.0000	0.0002	0.0002	0.0000	0.0000	0.0000	0.0000	0.2913	0.2578	0.0335	0.0438	0.0431	0.0006	0.2475	0.2146	0.0329	0.0469	0.0170	0.0299	0.0009	0.0008	0.0001	0.0460	0.0161	0.0299
27	29	0.0925	10	2	0	1	0	0	0	1	0	0	0	0	1	0	0	0	0	0	0	Y	N	N	N	N	N	N	N	N	N	N	N	N	N	N	N	N	N	0.0000	0.0000	0.0000	0.0000	0.0000	0.0000	0.0000	0.0000	0.0000	0.0000	0.0000	0.0000	0.0000	0.0000	0.0000	0.0000	0.0000	0.0000	0.0000	0.0000	0.0000	0.0000	0.0000	0.0000	0.0000	0.0000	0.0000			0.0000	0.0000	0.0000	1.1083	2.0000	2.8540	0.0000	0.0000	0.0000	0.0000	0.0000	0.0000	0.0000	0.0000	0.0000	0.0000	0.0000	0.0000	0.0000	0.0000	0.0000	0.0000	0.0000	0.0000	0.0000	0.0000	0.0000	0.0000	0.0000	0.0000	0.0000	0.0000	0.0000	0.0250	0.0111	0.0139	0.0039	0.0034	0.0005	0.0212	0.0077	0.0135
27	30	0.0864	9	2	0	1	0	1	0	1	0	0	1	0	1	0	0	0	0	0	0	Y	N	N	N	N	N	N	N	N	N	N	N	N	N	N	N	N	N	0.0000	0.0000	0.0000	0.0000	0.0000	0.0000	0.0000	0.0000	0.0000	0.0000	0.0000	0.0000	0.0000	0.0000	0.0000	0.0000	0.0000	0.0000	0.0000	0.0000	0.0000	0.0000	0.0000	0.0000	0.0000	0.0000	0.0000			0.0000	0.0000	0.0000	1.1867	2.0000	0.2815	0.0000	0.0000	0.0000	0.0000	0.0000	0.0000	0.0000	0.0000	0.0000	0.0000	0.0000	0.0000	0.0000	0.0000	0.0000	0.0000	0.0000	0.0000	0.0000	0.0000	0.0000	0.0000	0.0000	0.0000	0.0000	0.0000	0.0000	0.0120	0.0065	0.0056	0.0027	0.0025	0.0002	0.0093	0.0039	0.0054
27	32	0.0483	6	2	0	1	0	0	0	1	0	0	0	0	0	0	0	0	0	0	0	Y	N	N	N	N	N	N	N	N	N	N	N	N	N	N	N	N	N	0.0000	0.0000	0.0000	0.0000	0.0000	0.0000	0.0000	0.0000	0.0000	0.0000	0.0000	0.0000	0.0000	0.0000	0.0000	0.0000	0.0000	0.0000	0.0000	0.0000	0.0000	0.0000	0.0000	0.0000	0.0000	0.0000	0.0000			0.0000	0.0000	0.0000	4.0243	2.0000	4.9679	0.0000	0.0000	0.0000	0.0000	0.0000	0.0000	0.0000	0.0000	0.0000	0.0000	0.0000	0.0000	0.0000	0.0000	0.0000	0.0000	0.0000	0.0000	0.0000	0.0000	0.0000	0.0000	0.0000	0.0000	0.0000	0.0000	0.0000	0.0476	0.0178	0.0298	0.0011	0.0010	0.0001	0.0466	0.0168	0.0297
27	35	0.0420	5	2	0	1	0	1	0	1	0	0	0	0	0	0	0	0	0	0	0	Y	N	N	N	N	N	N	N	N	N	N	N	N	N	N	N	N	N	0.0000	0.0000	0.0000	0.0000	0.0000	0.0000	0.0000	0.0000	0.0000	0.0000	0.0000	0.0000	0.0000	0.0000	0.0000	0.0000	0.0000	0.0000	0.0024	0.0052	0.0000	0.0247	0.0250	0.0000	0.0000	0.0000	0.0000		0.0000	0.0000	-0.0000	0.0000	1.0742	2.0000	0.1055	0.0000	0.0000	0.0000	0.0000	0.0000	0.0000	0.0000	0.0000	0.0000	0.0000	0.0000	0.0000	0.0000	0.0000	0.0000	0.0000	0.0000	0.0000	0.0000	0.0000	0.0000	0.0000	0.0000	0.0000	0.0000	0.0000	0.0000	0.0084	0.0039	0.0045	0.0008	0.0008	0.0000	0.0076	0.0031	0.0045
27	36	0.0178	6	2	0	1	0	0	0	1	0	0	0	1	1	0	0	0	0	0	0	Y	N	N	N	N	N	N	N	N	N	N	N	N	N	N	N	N	N	0.0000	0.0000	0.0000	0.0000	0.0000	0.0000	0.0000	0.0000	0.0000	0.0000	0.0000	0.0000	0.0000	0.0000	0.0000	0.0000	0.0000	0.0000	0.0000	0.0000	0.0000	0.0000	0.0000	0.0000	0.0000	0.0000	0.0000			0.0000	0.0000	0.0000	3.0000	2.0000	5.0000	0.0000	0.0000	0.0000	0.0000	0.0000	0.0000	0.0000	0.0000	0.0000	0.0000	0.0000	0.0000	0.0000	0.0000	0.0000	0.0000	0.0000	0.0000	0.0000	0.0000	0.0000	0.0000	0.0000	0.0000	0.0000	0.0000	0.0000	0.0452	0.0151	0.0301	0.0002	0.0002	0.0001	0.0449	0.0149	0.0300
27	37	0.0178	5	2	0	1	0	0	0	1	0	0	1	1	1	0	0	0	0	0	0	Y	N	N	N	N	N	N	N	N	N	N	N	N	N	N	N	N	N	0.0000	0.0000	0.0000	0.0000	0.0000	0.0000	0.0000	0.0000	0.0000	0.0000	0.0000	0.0000	0.0000	0.0000	0.0000	0.0000	0.0000	0.0000	0.0000	0.0000	0.0000	0.0000	0.0000	0.0000	0.0000	0.0000	0.0000			0.0000	0.0000	0.0000	0.0000	2.0000	0.0000	0.0000	0.0000	0.0000	0.0000	0.0000	0.0000	0.0000	0.0000	0.0000	0.0000	0.0000	0.0000	0.0000	0.0000	0.0000	0.0000	0.0000	0.0000	0.0000	0.0000	0.0000	0.0000	0.0000	0.0000	0.0000	0.0000	0.0000	0.0000	0.0000	0.0000	0.0000	0.0000	0.0000	0.0000	0.0000	0.0000
27	38	0.0178	4	2	0	1	0	0	0	1	0	0	0	1	0	0	0	0	0	0	0	Y	N	N	N	N	N	N	N	N	N	N	N	N	N	N	N	N	N	0.0000	0.0000	0.0000	0.0000	0.0000	0.0000	0.0000	0.0000	0.0000	0.0000	0.0000	0.0000	0.0000	0.0000	0.0000	0.0000	0.0000	0.0000	0.0000	0.0000	0.0000	0.0000	0.0000	0.0000	0.0000	0.0000	0.0000			0.0000	0.0000	0.0000	0.0000	2.0000	0.0000	0.0000	0.0000	0.0000	0.0000	0.0000	0.0000	0.0000	0.0000	0.0000	0.0000	0.0000	0.0000	0.0000	0.0000	0.0000	0.0000	0.0000	0.0000	0.0000	0.0000	0.0000	0.0000	0.0000	0.0000	0.0000	0.0000	0.0000	0.0000	0.0000	0.0000	0.0000	0.0000	0.0000	0.0000	0.0000	0.0000
27	39	0.0119	3	2	0	1	0	0	0	1	0	1	0	1	0	0	0	0	0	0	0	Y	N	N	N	N	N	N	N	N	N	N	N	N	N	N	N	N	N	0.0000	0.0000	0.0000	0.0000	0.0000	0.0000	0.0000	0.0000	0.0000	0.0000	0.0000	0.0000	0.0000	0.0000	0.0000	0.0000	0.0000	0.0000	0.0000	0.0000	0.0000	0.0000	0.0000	0.0000	0.0000	0.0000	0.0000			0.0000	0.0000	0.0000	0.0000	2.0000	1.0000	0.0000	0.0000	0.0000	0.0000	0.0000	0.0000	0.0000	0.0000	0.0000	0.0000	0.0000	0.0000	0.0000	0.0000	0.0000	0.0000	0.0000	0.0000	0.0000	0.0000	0.0000	0.0000	0.0000	0.0000	0.0000	0.0000	0.0000	0.0061	0.0020	0.0041	0.0000	0.0000	0.0000	0.0061	0.0020	0.0041
27	41	0.0824	9	2	0	1	0	1	0	1	0	0	0	0	0	0	0	0	0	0	0	Y	N	N	N	N	N	N	N	N	N	N	N	N	N	N	N	N	N	0.0000	0.0000	0.0000	0.0000	0.0000	0.0000	0.0000	0.0000	0.0000	0.0000	0.0000	0.0000	0.0000	0.0000	0.0000	0.0000	0.0000	0.0000	0.0027	0.0000	0.0040	0.0000	0.0000	0.0000	0.0029	0.0000	0.0042		inf	0.0000	0.0000	0.0000	1.0068	2.0000	1.0688	0.0000	0.0000	0.0000	0.0000	0.0000	0.0000	0.0000	0.0000	0.0000	0.0000	0.0000	0.0000	0.0000	0.0000	0.0000	0.0000	0.0000	0.0000	0.0000	0.0000	0.0000	0.0000	0.0000	0.0000	0.0000	0.0000	0.0000	0.0112	0.0038	0.0074	0.0008	0.0006	0.0002	0.0104	0.0032	0.0072
27	45	0.0297	6	2	0	1	1	0	0	1	1	0	0	1	1	0	0	0	0	0	0	Y	N	N	N	N	N	N	N	N	N	N	N	N	N	N	N	N	N	0.0000	0.0000	0.0000	0.0000	0.0000	0.0000	0.0000	0.0000	0.0000	0.0000	0.0000	0.0000	0.0000	0.0000	0.0000	0.0000	0.0000	0.0000	0.0000	0.0000	0.0000	0.0000	0.0000	0.0000	0.0000	0.0000	0.0000			0.0000	0.0000	0.0000	0.9998	2.0000	0.0048	0.0000	0.0000	0.0000	0.0000	0.0000	0.0000	0.0000	0.0000	0.0000	0.0000	0.0000	0.0000	0.0000	0.0000	0.0000	0.0000	0.0000	0.0000	0.0000	0.0000	0.0000	0.0000	0.0000	0.0000	0.0000	0.0000	0.0000	0.0061	0.0021	0.0041	0.0001	0.0001	0.0000	0.0061	0.0020	0.0041
27	46	0.0238	5	2	0	1	0	0	0	1	0	0	0	1	1	0	0	0	0	0	0	Y	N	N	N	N	N	N	N	N	N	N	N	N	N	N	N	N	N	0.0000	0.0000	0.0000	0.0000	0.0000	0.0000	0.0000	0.0000	0.0000	0.0000	0.0000	0.0000	0.0000	0.0000	0.0000	0.0000	0.0000	0.0000	0.0000	0.0000	0.0000	0.0000	0.0000	0.0000	0.0000	0.0000	0.0000			0.0000	0.0000	0.0000	0.0006	2.0000	0.9846	0.0000	0.0000	0.0000	0.0000	0.0000	0.0000	0.0000	0.0000	0.0000	0.0000	0.0000	0.0000	0.0000	0.0000	0.0000	0.0000	0.0000	0.0000	0.0000	0.0000	0.0000	0.0000	0.0000	0.0000	0.0000	0.0000	0.0000	0.0061	0.0020	0.0041	0.0001	0.0001	0.0000	0.0060	0.0020	0.0041
27	47	0.0119	4	2	0	1	0	0	0	1	0	0	1	1	1	0	0	0	0	0	0	Y	N	N	N	N	N	N	N	N	N	N	N	N	N	N	N	N	N	0.0000	0.0000	0.0000	0.0000	0.0000	0.0000	0.0000	0.0000	0.0000	0.0000	0.0000	0.0000	0.0000	0.0000	0.0000	0.0000	0.0000	0.0000	0.0000	0.0000	0.0000	0.0000	0.0000	0.0000	0.0000	0.0000	0.0000			0.0000	0.0000	0.0000	1.9996	2.0000	0.0187	0.0000	0.0000	0.0000	0.0000	0.0000	0.0000	0.0000	0.0000	0.0000	0.0000	0.0000	0.0000	0.0000	0.0000	0.0000	0.0000	0.0000	0.0000	0.0000	0.0000	0.0000	0.0000	0.0000	0.0000	0.0000	0.0000	0.0000	0.0121	0.0040	0.0081	0.0000	0.0000	0.0000	0.0121	0.0040	0.0081
27	48	0.0119	3	2	0	1	0	0	0	1	0	1	0	1	0	0	0	0	0	0	0	Y	N	N	N	N	N	N	N	N	N	N	N	N	N	N	N	N	N	0.0000	0.0000	0.0000	0.0000	0.0000	0.0000	0.0000	0.0000	0.0000	0.0000	0.0000	0.0000	0.0000	0.0000	0.0000	0.0000	0.0000	0.0000	0.0000	0.0000	0.0000	0.0000	0.0000	0.0000	0.0000	0.0000	0.0000			0.0000	0.0000	0.0000	0.0000	2.0000	0.0000	0.0000	0.0000	0.0000	0.0000	0.0000	0.0000	0.0000	0.0000	0.0000	0.0000	0.0000	0.0000	0.0000	0.0000	0.0000	0.0000	0.0000	0.0000	0.0000	0.0000	0.0000	0.0000	0.0000	0.0000	0.0000	0.0000	0.0000	0.0000	0.0000	0.0000	0.0000	0.0000	0.0000	0.0000	0.0000	0.0000
27	56	0.0119	2	2	0	1	0	0	0	1	0	0	0	0	0	0	0	0	0	0	0	Y	N	N	N	N	N	N	N	N	N	N	N	N	N	N	N	N	N	0.0000	0.0000	0.0000	0.0000	0.0000	0.0000	0.0000	0.0000	0.0000	0.0000	0.0000	0.0000	0.0000	0.0000	0.0000	0.0000	0.0000	0.0000	0.0000	0.0000	0.0000	0.0000	0.0000	0.0000	0.0000	0.0000	0.0000			0.0000	0.0000	0.0000	0.0000	2.0000	0.0000	0.0000	0.0000	0.0000	0.0000	0.0000	0.0000	0.0000	0.0000	0.0000	0.0000	0.0000	0.0000	0.0000	0.0000	0.0000	0.0000	0.0000	0.0000	0.0000	0.0000	0.0000	0.0000	0.0000	0.0000	0.0000	0.0000	0.0000	0.0000	0.0000	0.0000	0.0000	0.0000	0.0000	0.0000	0.0000	0.0000
28	29	0.0806	9	2	0	0	0	0	0	0	0	0	0	0	1	0	0	0	0	0	0	Y	N	N	N	N	N	N	N	N	N	N	N	N	N	N	N	N	N	0.0000	0.0000	0.0000	0.0000	0.0000	0.0000	0.0000	0.0000	0.0000	0.0000	0.0000	0.0000	0.0000	0.0000	0.0000	0.0000	0.0000	0.0000	0.0000	0.0000	0.0000	0.0000	0.0000	0.0000	0.0000	0.0000	0.0000			0.0000	0.0000	0.0000	1.1083	0.0000	2.8540	0.0000	0.0000	0.0000	0.0000	0.0000	0.0000	0.0000	0.0000	0.0000	0.0000	0.0000	0.0000	0.0000	0.0000	0.0000	0.0000	0.0000	0.0000	0.0000	0.0000	0.0000	0.0000	0.0000	0.0000	0.0000	0.0000	0.0000	0.0000	0.0000	0.0000	0.0000	0.0000	0.0000	0.0000	0.0000	0.0000
28	30	0.0745	8	2	0	0	0	1	0	0	0	0	1	0	1	0	0	0	0	0	0	Y	N	N	N	N	N	N	N	N	N	N	N	N	N	N	N	N	N	0.0000	0.0000	0.0000	0.0000	0.0000	0.0000	0.0000	0.0000	0.0000	0.0000	0.0000	0.0000	0.0000	0.0000	0.0000	0.0000	0.0000	0.0000	0.0000	0.0000	0.0000	0.0000	0.0000	0.0000	0.0000	0.0000	0.0000			0.0000	0.0000	0.0000	1.1867	0.0000	0.2815	0.0000	0.0000	0.0000	0.0000	0.0000	0.0000	0.0000	0.0000	0.0000	0.0000	0.0000	0.0000	0.0000	0.0000	0.0000	0.0000	0.0000	0.0000	0.0000	0.0000	0.0000	0.0000	0.0000	0.0000	0.0000	0.0000	0.0000	0.0000	0.0000	0.0000	0.0000	0.0000	0.0000	0.0000	0.0000	0.0000
28	32	0.0364	5	2	0	0	0	0	0	0	0	0	0	0	0	0	0	0	0	0	0	Y	N	N	N	N	N	N	N	N	N	N	N	N	N	N	N	N	N	0.0000	0.0000	0.0000	0.0000	0.0000	0.0000	0.0000	0.0000	0.0000	0.0000	0.0000	0.0000	0.0000	0.0000	0.0000	0.0000	0.0000	0.0000	0.0000	0.0000	0.0000	0.0000	0.0000	0.0000	0.0000	0.0000	0.0000			0.0000	0.0000	0.0000	4.0243	0.0000	4.9679	0.0000	0.0000	0.0000	0.0000	0.0000	0.0000	0.0000	0.0000	0.0000	0.0000	0.0000	0.0000	0.0000	0.0000	0.0000	0.0000	0.0000	0.0000	0.0000	0.0000	0.0000	0.0000	0.0000	0.0000	0.0000	0.0000	0.0000	0.0000	0.0000	0.0000	0.0000	0.0000	0.0000	0.0000	0.0000	0.0000
28	34	0.0364	5	2	0	1	0	0	0	1	0	0	0	0	0	0	0	0	0	0	0	Y	N	N	N	N	N	N	N	N	N	N	N	N	N	N	N	N	N	0.0000	0.0000	0.0000	0.0000	0.0000	0.0000	0.0000	0.0000	0.0000	0.0000	0.0000	0.0000	0.0000	0.0000	0.0000	0.0000	0.0000	0.0000	0.0000	0.0000	0.0000	0.0000	0.0000	0.0000	0.0000	0.0000	0.0000			0.0000	0.0000	0.0000	3.0233	0.0000	2.0370	0.0000	0.0000	0.0000	0.0000	0.0000	0.0000	0.0000	0.0000	0.0000	0.0000	0.0000	0.0000	0.0000	0.0000	0.0000	0.0000	0.0000	0.0000	0.0000	0.0000	0.0000	0.0000	0.0000	0.0000	0.0000	0.0000	0.0000	0.0000	0.0000	0.0000	0.0000	0.0000	0.0000	0.0000	0.0000	0.0000
28	35	0.0300	4	2	0	0	0	1	0	0	0	0	0	0	0	0	0	0	0	0	0	Y	N	N	N	N	N	N	N	N	N	N	N	N	N	N	N	N	N	0.0000	0.0000	0.0000	0.0000	0.0000	0.0000	0.0000	0.0000	0.0000	0.0000	0.0000	0.0000	0.0000	0.0000	0.0000	0.0000	0.0000	0.0000	0.0000	0.0000	0.0000	0.0000	0.0000	0.0000	0.0000	0.0000	0.0000			0.0000	0.0000	0.0000	1.0742	0.0000	0.1055	0.0000	0.0000	0.0000	0.0000	0.0000	0.0000	0.0000	0.0000	0.0000	0.0000	0.0000	0.0000	0.0000	0.0000	0.0000	0.0000	0.0000	0.0000	0.0000	0.0000	0.0000	0.0000	0.0000	0.0000	0.0000	0.0000	0.0000	0.0000	0.0000	0.0000	0.0000	0.0000	0.0000	0.0000	0.0000	0.0000
28	36	0.0059	5	2	0	0	0	0	0	0	0	0	0	1	1	0	0	0	0	0	0	Y	N	N	N	N	N	N	N	N	N	N	N	N	N	N	N	N	N	0.0000	0.0000	0.0000	0.0000	0.0000	0.0000	0.0000	0.0000	0.0000	0.0000	0.0000	0.0000	0.0000	0.0000	0.0000	0.0000	0.0000	0.0000	0.0000	0.0000	0.0000	0.0000	0.0000	0.0000	0.0000	0.0000	0.0000			0.0000	0.0000	0.0000	3.0000	0.0000	5.0000	0.0000	0.0000	0.0000	0.0000	0.0000	0.0000	0.0000	0.0000	0.0000	0.0000	0.0000	0.0000	0.0000	0.0000	0.0000	0.0000	0.0000	0.0000	0.0000	0.0000	0.0000	0.0000	0.0000	0.0000	0.0000	0.0000	0.0000	0.0000	0.0000	0.0000	0.0000	0.0000	0.0000	0.0000	0.0000	0.0000
28	37	0.0059	4	2	0	0	0	0	0	0	0	0	1	1	1	0	0	0	0	0	0	Y	N	N	N	N	N	N	N	N	N	N	N	N	N	N	N	N	N	0.0000	0.0000	0.0000	0.0000	0.0000	0.0000	0.0000	0.0000	0.0000	0.0000	0.0000	0.0000	0.0000	0.0000	0.0000	0.0000	0.0000	0.0000	0.0000	0.0000	0.0000	0.0000	0.0000	0.0000	0.0000	0.0000	0.0000			0.0000	0.0000	0.0000	0.0000	0.0000	0.0000	0.0000	0.0000	0.0000	0.0000	0.0000	0.0000	0.0000	0.0000	0.0000	0.0000	0.0000	0.0000	0.0000	0.0000	0.0000	0.0000	0.0000	0.0000	0.0000	0.0000	0.0000	0.0000	0.0000	0.0000	0.0000	0.0000	0.0000	0.0000	0.0000	0.0000	0.0000	0.0000	0.0000	0.0000	0.0000	0.0000
28	38	0.0059	3	2	0	0	0	0	0	0	0	0	0	1	0	0	0	0	0	0	0	Y	N	N	N	N	N	N	N	N	N	N	N	N	N	N	N	N	N	0.0000	0.0000	0.0000	0.0000	0.0000	0.0000	0.0000	0.0000	0.0000	0.0000	0.0000	0.0000	0.0000	0.0000	0.0000	0.0000	0.0000	0.0000	0.0000	0.0000	0.0000	0.0000	0.0000	0.0000	0.0000	0.0000	0.0000			0.0000	0.0000	0.0000	0.0000	0.0000	0.0000	0.0000	0.0000	0.0000	0.0000	0.0000	0.0000	0.0000	0.0000	0.0000	0.0000	0.0000	0.0000	0.0000	0.0000	0.0000	0.0000	0.0000	0.0000	0.0000	0.0000	0.0000	0.0000	0.0000	0.0000	0.0000	0.0000	0.0000	0.0000	0.0000	0.0000	0.0000	0.0000	0.0000	0.0000	0.0000	0.0000
28	39	0.0000	2	2	0	0	0	0	0	0	0	1	0	1	0	0	0	0	0	0	0	Y	N	N	N	N	N	N	N	N	N	N	N	N	N	N	N	N	N	0.0000	0.0000	0.0000	0.0000	0.0000	0.0000	0.0000	0.0000	0.0000	0.0000	0.0000	0.0000	0.0000	0.0000	0.0000	0.0000	0.0000	0.0000	0.0000	0.0000	0.0000	0.0000	0.0000	0.0000	0.0000	0.0000	0.0000			0.0000	0.0000	0.0000	0.0000	0.0000	1.0000	0.0000	0.0000	0.0000	0.0000	0.0000	0.0000	0.0000	0.0000	0.0000	0.0000	0.0000	0.0000	0.0000	0.0000	0.0000	0.0000	0.0000	0.0000	0.0000	0.0000	0.0000	0.0000	0.0000	0.0000	0.0000	0.0000	0.0000	0.0000	0.0000	0.0000	0.0000	0.0000	0.0000	0.0000	0.0000	0.0000
28	40	0.0854	9	2	0	1	0	0	0	1	0	0	0	0	0	0	0	0	0	0	0	Y	N	N	N	N	N	N	N	N	N	N	N	N	N	N	N	N	N	0.0000	0.0000	0.0000	0.0000	0.0000	0.0000	0.0000	0.0000	0.0000	0.0000	0.0000	0.0000	0.0000	0.0000	0.0000	0.0000	0.0000	0.0000	0.0000	0.0000	0.0000	0.0000	0.0000	0.0000	0.0000	0.0000	0.0000			0.0000	0.0000	0.0000	9.0556	0.0000	5.2001	0.0000	0.0000	0.0000	0.0000	0.0000	0.0000	0.0000	0.0000	0.0000	0.0000	0.0000	0.0000	0.0000	0.0000	0.0000	0.0000	0.0000	0.0000	0.0000	0.0000	0.0000	0.0000	0.0000	0.0000	0.0000	0.0000	0.0000	0.0000	0.0000	0.0000	0.0000	0.0000	0.0000	0.0000	0.0000	0.0000
28	41	0.0705	8	2	0	0	0	1	0	0	0	0	0	0	0	0	0	0	0	0	0	Y	N	N	N	N	N	N	N	N	N	N	N	N	N	N	N	N	N	0.0000	0.0000	0.0000	0.0000	0.0000	0.0000	0.0000	0.0000	0.0000	0.0000	0.0000	0.0000	0.0000	0.0000	0.0000	0.0000	0.0000	0.0000	0.0000	0.0000	0.0000	0.0000	0.0000	0.0000	0.0000	0.0000	0.0000			0.0000	0.0000	0.0000	1.0068	0.0000	1.0688	0.0000	0.0000	0.0000	0.0000	0.0000	0.0000	0.0000	0.0000	0.0000	0.0000	0.0000	0.0000	0.0000	0.0000	0.0000	0.0000	0.0000	0.0000	0.0000	0.0000	0.0000	0.0000	0.0000	0.0000	0.0000	0.0000	0.0000	0.0000	0.0000	0.0000	0.0000	0.0000	0.0000	0.0000	0.0000	0.0000
28	45	0.0178	5	2	0	0	1	0	0	0	1	0	0	1	1	0	0	0	0	0	0	Y	N	N	N	N	N	N	N	N	N	N	N	N	N	N	N	N	N	0.0000	0.0000	0.0000	0.0000	0.0000	0.0000	0.0000	0.0000	0.0000	0.0000	0.0000	0.0000	0.0000	0.0000	0.0000	0.0000	0.0000	0.0000	0.0000	0.0000	0.0000	0.0000	0.0000	0.0000	0.0000	0.0000	0.0000			0.0000	0.0000	0.0000	0.9998	0.0000	0.0048	0.0000	0.0000	0.0000	0.0000	0.0000	0.0000	0.0000	0.0000	0.0000	0.0000	0.0000	0.0000	0.0000	0.0000	0.0000	0.0000	0.0000	0.0000	0.0000	0.0000	0.0000	0.0000	0.0000	0.0000	0.0000	0.0000	0.0000	0.0000	0.0000	0.0000	0.0000	0.0000	0.0000	0.0000	0.0000	0.0000
28	46	0.0118	4	2	0	0	0	0	0	0	0	0	0	1	1	0	0	0	0	0	0	Y	N	N	N	N	N	N	N	N	N	N	N	N	N	N	N	N	N	0.0000	0.0000	0.0000	0.0000	0.0000	0.0000	0.0000	0.0000	0.0000	0.0000	0.0000	0.0000	0.0000	0.0000	0.0000	0.0000	0.0000	0.0000	0.0000	0.0000	0.0000	0.0000	0.0000	0.0000	0.0000	0.0000	0.0000			0.0000	0.0000	0.0000	0.0006	0.0000	0.9846	0.0000	0.0000	0.0000	0.0000	0.0000	0.0000	0.0000	0.0000	0.0000	0.0000	0.0000	0.0000	0.0000	0.0000	0.0000	0.0000	0.0000	0.0000	0.0000	0.0000	0.0000	0.0000	0.0000	0.0000	0.0000	0.0000	0.0000	0.0000	0.0000	0.0000	0.0000	0.0000	0.0000	0.0000	0.0000	0.0000
28	47	0.0000	3	2	0	0	0	0	0	0	0	0	1	1	1	0	0	0	0	0	0	Y	N	N	N	N	N	N	N	N	N	N	N	N	N	N	N	N	N	0.0000	0.0000	0.0000	0.0000	0.0000	0.0000	0.0000	0.0000	0.0000	0.0000	0.0000	0.0000	0.0000	0.0000	0.0000	0.0000	0.0000	0.0000	0.0000	0.0000	0.0000	0.0000	0.0000	0.0000	0.0000	0.0000	0.0000			0.0000	0.0000	0.0000	1.9996	0.0000	0.0187	0.0000	0.0000	0.0000	0.0000	0.0000	0.0000	0.0000	0.0000	0.0000	0.0000	0.0000	0.0000	0.0000	0.0000	0.0000	0.0000	0.0000	0.0000	0.0000	0.0000	0.0000	0.0000	0.0000	0.0000	0.0000	0.0000	0.0000	0.0000	0.0000	0.0000	0.0000	0.0000	0.0000	0.0000	0.0000	0.0000
28	48	0.0000	2	2	0	0	0	0	0	0	0	1	0	1	0	0	0	0	0	0	0	Y	N	N	N	N	N	N	N	N	N	N	N	N	N	N	N	N	N	0.0000	0.0000	0.0000	0.0000	0.0000	0.0000	0.0000	0.0000	0.0000	0.0000	0.0000	0.0000	0.0000	0.0000	0.0000	0.0000	0.0000	0.0000	0.0000	0.0000	0.0000	0.0000	0.0000	0.0000	0.0000	0.0000	0.0000			0.0000	0.0000	0.0000	0.0000	0.0000	0.0000	0.0000	0.0000	0.0000	0.0000	0.0000	0.0000	0.0000	0.0000	0.0000	0.0000	0.0000	0.0000	0.0000	0.0000	0.0000	0.0000	0.0000	0.0000	0.0000	0.0000	0.0000	0.0000	0.0000	0.0000	0.0000	0.0000	0.0000	0.0000	0.0000	0.0000	0.0000	0.0000	0.0000	0.0000	0.0000	0.0000
28	50	0.0781	8	2	0	1	0	0	0	0	0	0	0	0	0	0	0	0	0	0	0	Y	N	N	N	N	N	N	N	N	N	N	N	N	N	N	N	N	N	0.0000	0.0000	0.0000	0.0000	0.0000	0.0000	0.0000	0.0000	0.0000	0.0000	0.0000	0.0000	0.0000	0.0000	0.0000	0.0000	0.0000	0.0000	0.0000	0.0000	0.0000	0.0000	0.0000	0.0000	0.0000	0.0000	0.0000			0.0000	0.0000	0.0000	3.0380	0.0000	0.0352	0.0000	0.0000	0.0000	0.0000	0.0000	0.0000	0.0000	0.0000	0.0000	0.0000	0.0000	0.0000	0.0000	0.0000	0.0000	0.0000	0.0000	0.0000	0.0000	0.0000	0.0000	0.0000	0.0000	0.0000	0.0000	0.0000	0.0000	0.0000	0.0000	0.0000	0.0000	0.0000	0.0000	0.0000	0.0000	0.0000
28	51	0.0640	7	2	0	1	0	1	0	1	0	0	0	0	0	0	0	0	0	0	0	Y	N	N	N	N	N	N	N	N	N	N	N	N	N	N	N	N	N	0.0000	0.0000	0.0000	0.0000	0.0000	0.0000	0.0000	0.0000	0.0000	0.0000	0.0000	0.0000	0.0000	0.0000	0.0000	0.0000	0.0000	0.0000	0.0000	0.0000	0.0000	0.0000	0.0000	0.0000	0.0000	0.0000	0.0000			0.0000	0.0000	0.0000	1.0494	0.0000	1.5573	0.0000	0.0000	0.0000	0.0000	0.0000	0.0000	0.0000	0.0000	0.0000	0.0000	0.0000	0.0000	0.0000	0.0000	0.0000	0.0000	0.0000	0.0000	0.0000	0.0000	0.0000	0.0000	0.0000	0.0000	0.0000	0.0000	0.0000	0.0000	0.0000	0.0000	0.0000	0.0000	0.0000	0.0000	0.0000	0.0000
28	54	0.0000	3	2	0	1	0	0	0	0	0	0	0	0	0	0	0	0	0	0	0	Y	N	N	N	N	N	N	N	N	N	N	N	N	N	N	N	N	N	0.0000	0.0000	0.0000	0.0000	0.0000	0.0000	0.0000	0.0000	0.0000	0.0000	0.0000	0.0000	0.0000	0.0000	0.0000	0.0000	0.0000	0.0000	0.0000	0.0000	0.0000	0.0000	0.0000	0.0000	0.0000	0.0000	0.0000			0.0000	0.0000	0.0000	4.0000	0.0000	4.0000	0.0000	0.0000	0.0000	0.0000	0.0000	0.0000	0.0000	0.0000	0.0000	0.0000	0.0000	0.0000	0.0000	0.0000	0.0000	0.0000	0.0000	0.0000	0.0000	0.0000	0.0000	0.0000	0.0000	0.0000	0.0000	0.0000	0.0000	0.0000	0.0000	0.0000	0.0000	0.0000	0.0000	0.0000	0.0000	0.0000
28	55	0.0000	2	2	0	1	0	0	0	1	0	0	0	0	0	0	0	0	0	0	0	Y	N	N	N	N	N	N	N	N	N	N	N	N	N	N	N	N	N	0.0000	0.0000	0.0000	0.0000	0.0000	0.0000	0.0000	0.0000	0.0000	0.0000	0.0000	0.0000	0.0000	0.0000	0.0000	0.0000	0.0000	0.0000	0.0000	0.0000	0.0000	0.0000	0.0000	0.0000	0.0000	0.0000	0.0000			0.0000	0.0000	0.0000	0.0000	0.0000	0.0000	0.0000	0.0000	0.0000	0.0000	0.0000	0.0000	0.0000	0.0000	0.0000	0.0000	0.0000	0.0000	0.0000	0.0000	0.0000	0.0000	0.0000	0.0000	0.0000	0.0000	0.0000	0.0000	0.0000	0.0000	0.0000	0.0000	0.0000	0.0000	0.0000	0.0000	0.0000	0.0000	0.0000	0.0000	0.0000	0.0000
28	65	0.0791	9	2	0	1	0	1	0	1	0	0	0	0	0	0	0	0	0	0	0	Y	N	N	N	N	N	N	N	N	N	N	N	N	N	N	N	N	N	0.0000	0.0000	0.0000	0.0000	0.0000	0.0000	0.0000	0.0000	0.0000	0.0000	0.0000	0.0000	0.0000	0.0000	0.0000	0.0000	0.0000	0.0000	0.0000	0.0000	0.0000	0.0000	0.0000	0.0000	0.0000	0.0000	0.0000			0.0000	0.0000	0.0000	2.0000	0.0000	2.0000	0.0000	0.0000	0.0000	0.0000	0.0000	0.0000	0.0000	0.0000	0.0000	0.0000	0.0000	0.0000	0.0000	0.0000	0.0000	0.0000	0.0000	0.0000	0.0000	0.0000	0.0000	0.0000	0.0000	0.0000	0.0000	0.0000	0.0000	0.0000	0.0000	0.0000	0.0000	0.0000	0.0000	0.0000	0.0000	0.0000
28	73	0.1274	8	2	0	1	0	0	0	0	0	0	0	1	0	0	0	0	0	0	0	Y	N	N	N	N	N	N	N	N	N	N	N	N	N	N	N	N	N	0.0000	0.0000	0.0000	0.0000	0.0000	0.0000	0.0000	0.0000	0.0000	0.0000	0.0000	0.0000	0.0000	0.0000	0.0000	0.0000	0.0000	0.0000	0.0000	0.0000	0.0000	0.0000	0.0000	0.0000	0.0000	0.0000	0.0000			0.0000	0.0000	0.0000	0.0000	0.0000	0.0000	0.0000	0.0000	0.0000	0.0000	0.0000	0.0000	0.0000	0.0000	0.0000	0.0000	0.0000	0.0000	0.0000	0.0000	0.0000	0.0000	0.0000	0.0000	0.0000	0.0000	0.0000	0.0000	0.0000	0.0000	0.0000	0.0000	0.0000	0.0000	0.0000	0.0000	0.0000	0.0000	0.0000	0.0000	0.0000	0.0000
28	74	0.0551	7	2	0	1	0	0	0	0	0	1	0	1	0	0	0	0	0	0	0	Y	N	N	N	N	N	N	N	N	N	N	N	N	N	N	N	N	N	0.0000	0.0000	0.0000	0.0000	0.0000	0.0000	0.0000	0.0000	0.0000	0.0000	0.0000	0.0000	0.0000	0.0000	0.0000	0.0000	0.0000	0.0000	0.0000	0.0000	0.0000	0.0000	0.0000	0.0000	0.0000	0.0000	0.0000			0.0000	0.0000	0.0000	3.8563	0.0000	5.9737	0.0000	0.0000	0.0000	0.0000	0.0000	0.0000	0.0000	0.0000	0.0000	0.0000	0.0000	0.0000	0.0000	0.0000	0.0000	0.0000	0.0000	0.0000	0.0000	0.0000	0.0000	0.0000	0.0000	0.0000	0.0000	0.0000	0.0000	0.0000	0.0000	0.0000	0.0000	0.0000	0.0000	0.0000	0.0000	0.0000
28	75	0.0551	7	2	0	1	0	0	0	0	0	0	0	0	0	0	0	0	0	0	0	Y	N	N	N	N	N	N	N	N	N	N	N	N	N	N	N	N	N	0.0000	0.0000	0.0000	0.0000	0.0000	0.0000	0.0000	0.0000	0.0000	0.0000	0.0000	0.0000	0.0000	0.0000	0.0000	0.0000	0.0000	0.0000	0.0000	0.0000	0.0000	0.0000	0.0000	0.0000	0.0000	0.0000	0.0000			0.0000	0.0000	0.0000	4.9966	0.0000	2.0573	0.0000	0.0000	0.0000	0.0000	0.0000	0.0000	0.0000	0.0000	0.0000	0.0000	0.0000	0.0000	0.0000	0.0000	0.0000	0.0000	0.0000	0.0000	0.0000	0.0000	0.0000	0.0000	0.0000	0.0000	0.0000	0.0000	0.0000	0.0000	0.0000	0.0000	0.0000	0.0000	0.0000	0.0000	0.0000	0.0000
28	76	0.0497	6	2	0	1	0	1	0	1	0	0	0	0	0	0	0	0	0	0	0	Y	N	N	N	N	N	N	N	N	N	N	N	N	N	N	N	N	N	0.0000	0.0000	0.0000	0.0000	0.0000	0.0000	0.0000	0.0000	0.0000	0.0000	0.0000	0.0000	0.0000	0.0000	0.0000	0.0000	0.0000	0.0000	0.0000	0.0000	0.0000	0.0000	0.0000	0.0000	0.0000	0.0000	0.0000			0.0000	0.0000	0.0000	0.0131	0.0000	1.0784	0.0000	0.0000	0.0000	0.0000	0.0000	0.0000	0.0000	0.0000	0.0000	0.0000	0.0000	0.0000	0.0000	0.0000	0.0000	0.0000	0.0000	0.0000	0.0000	0.0000	0.0000	0.0000	0.0000	0.0000	0.0000	0.0000	0.0000	0.0000	0.0000	0.0000	0.0000	0.0000	0.0000	0.0000	0.0000	0.0000
29	32	0.1230	9	2	0	0	0	0	0	0	0	0	0	0	1	0	0	0	0	0	0	Y	N	N	N	N	N	N	N	N	N	N	N	N	N	N	N	N	N	0.1278	0.0687	0.0000	46.9029	42.6466	0.0000	0.0000	0.0000	0.0000	1.0597	1.2000	0.0000	6.5286	6.7567	0.0000	0.0000	0.0000	0.0000	8.2887	17.4642	0.0000	0.1392	0.1584	0.0000	9.9696	25.4778	0.0000	0.0000	0.0000	-0.0437	-0.3955	1.1083	4.0243	2.8540	4.9679	0.1053	0.1053	0.0000	0.1053	0.1053	0.0000	0.0000	0.0000	0.0000	0.8581	0.8581	0.0000	0.0025	0.0025	0.0000	0.8556	0.8556	0.0000	0.0993	0.0877	0.0116	0.0161	0.0156	0.0005	0.0832	0.0722	0.0111	0.1035	0.0491	0.0544	0.0177	0.0156	0.0021	0.0858	0.0336	0.0522
29	34	0.1230	9	2	0	1	0	0	0	1	0	0	0	0	1	0	0	0	0	0	0	Y	N	N	N	N	N	N	N	N	N	N	N	N	N	N	N	N	N	914.7106	0.0000	596571.7861	0.0102	0.0000	5.4170	3222190.0723	0.0000	18353740.0390	13.1027	0.0000	111.8133	0.0008	0.0000	0.0241	15.6667	0.0000	117.2753	0.0143	0.0293	0.0002	0.0792	0.0890	0.0045	0.0000	0.0000	0.0000	inf	0.0068	0.5843	-0.0004	1.1083	3.0233	2.8540	2.0370	0.9982	0.0000	0.9982	0.0000	0.0000	0.0000	0.9982	0.0000	0.9982	0.0009	0.0009	0.0000	0.0009	0.0009	0.0000	0.0000	0.0000	0.0000	0.0762	0.0673	0.0089	0.0125	0.0121	0.0004	0.0637	0.0552	0.0085	0.0626	0.0304	0.0322	0.0113	0.0100	0.0013	0.0513	0.0204	0.0309
29	35	0.1167	8	2	0	0	0	1	0	0	0	0	0	0	1	0	0	0	0	0	0	Y	N	N	N	N	N	N	N	N	N	N	N	N	N	N	N	N	N	0.5272	0.0140	688.9344	0.1493	0.1441	0.0000	0.5747	0.0030	60200.6838	0.0302	0.0015	0.2743	0.0051	0.0052	0.0000	0.0366	0.0004	0.2864	0.0574	0.1062	0.0004	0.0339	0.0359	0.0106	0.0638	0.1470	0.0000	21.6637	0.0032	0.0005	-0.0005	1.1083	1.0742	2.8540	0.1055	0.0010	0.0000	0.0009	0.0000	0.0000	0.0000	0.0009	0.0000	0.0009	0.0010	0.0010	0.0000	0.0001	0.0001	0.0000	0.0009	0.0009	0.0000	0.0325	0.0291	0.0034	0.0066	0.0064	0.0001	0.0259	0.0226	0.0033	0.0178	0.0096	0.0082	0.0038	0.0035	0.0003	0.0140	0.0061	0.0079
29	36	0.1114	11	2	0	0	0	0	0	0	0	0	0	1	2	0	0	0	0	0	0	Y	N	N	N	N	Y	N	N	N	N	N	N	N	N	N	N	N	N	0.0000	0.0000	0.0000	0.0000	0.0000	0.0000	0.0000	0.0000	0.0000	0.0000	0.0000	0.0000	0.0000	0.0000	0.0000	0.0000	0.0000	0.0000	0.0000	0.0000	0.0000	0.0000	0.0000	0.0000	0.0000	0.0000	0.0000			0.0000	0.0000	1.1083	3.0000	2.8540	5.0000	0.0000	0.0000	0.0000	0.0000	0.0000	0.0000	0.0000	0.0000	0.0000	0.0000	0.0000	0.0000	0.0000	0.0000	0.0000	0.0000	0.0000	0.0000	0.0763	0.0673	0.0090	0.0099	0.0096	0.0003	0.0664	0.0577	0.0087	0.0947	0.0425	0.0522	0.0152	0.0133	0.0018	0.0795	0.0292	0.0504
29	37	0.1114	10	2	0	0	0	0	0	0	0	0	1	1	2	0	0	0	0	0	0	Y	N	N	N	N	Y	N	N	N	N	N	N	N	N	N	N	N	N	0.0000	0.0000	0.0000	0.0000	0.0000	0.0000	0.0000	0.0000	0.0000	0.0000	0.0000	0.0000	0.0000	0.0000	0.0000	0.0000	0.0000	0.0000	0.0000	0.0000	0.0000	0.0000	0.0000	0.0000	0.0000	0.0000	0.0000			0.0000	0.0000	1.1083	0.0000	2.8540	0.0000	0.0000	0.0000	0.0000	0.0000	0.0000	0.0000	0.0000	0.0000	0.0000	0.0000	0.0000	0.0000	0.0000	0.0000	0.0000	0.0000	0.0000	0.0000	0.0000	0.0000	0.0000	0.0000	0.0000	0.0000	0.0000	0.0000	0.0000	0.0000	0.0000	0.0000	0.0000	0.0000	0.0000	0.0000	0.0000	0.0000
29	38	0.1114	9	2	0	0	0	0	0	0	0	0	0	1	1	0	0	0	0	0	0	Y	N	N	N	N	N	N	N	N	N	N	N	N	N	N	N	N	N	0.0000	0.0000	0.0000	0.0000	0.0000	0.0000	0.0000	0.0000	0.0000	0.0000	0.0000	0.0000	0.0000	0.0000	0.0000	0.0000	0.0000	0.0000	0.0000	0.0000	0.0000	0.0000	0.0000	0.0000	0.0000	0.0000	0.0000			0.0000	0.0000	1.1083	0.0000	2.8540	0.0000	0.0000	0.0000	0.0000	0.0000	0.0000	0.0000	0.0000	0.0000	0.0000	0.0000	0.0000	0.0000	0.0000	0.0000	0.0000	0.0000	0.0000	0.0000	0.0000	0.0000	0.0000	0.0000	0.0000	0.0000	0.0000	0.0000	0.0000	0.0000	0.0000	0.0000	0.0000	0.0000	0.0000	0.0000	0.0000	0.0000
29	39	0.1055	8	2	0	0	0	0	0	0	0	1	0	1	1	0	0	0	0	0	0	Y	N	N	N	N	N	N	N	N	N	N	N	N	N	N	N	N	N	0.0000	0.0000	0.0000	0.0000	0.0000	0.0000	0.0000	0.0000	0.0000	0.0000	0.0000	0.0000	0.0000	0.0000	0.0000	0.0000	0.0000	0.0000	0.1827	0.4118	0.0000	1.1800	1.3361	0.0000	0.0000	0.0000	0.0000		0.0000	0.0000	-0.0011	1.1083	0.0000	2.8540	1.0000	0.0000	0.0000	0.0000	0.0000	0.0000	0.0000	0.0000	0.0000	0.0000	0.0023	0.0023	0.0000	0.0023	0.0023	0.0000	0.0000	0.0000	0.0000	0.0000	0.0000	0.0000	0.0000	0.0000	0.0000	0.0000	0.0000	0.0000	0.0126	0.0056	0.0070	0.0020	0.0017	0.0002	0.0107	0.0039	0.0068
29	40	0.0965	9	2	0	1	0	0	0	1	0	0	0	0	1	0	0	0	0	0	0	Y	N	N	N	N	N	N	N	N	N	N	N	N	N	N	N	N	N	0.0001	0.0000	5.2404	0.0002	0.0000	8.8451	0.0063	0.0000	0.1284	0.0000	0.0000	0.0000	0.0000	0.0000	0.0007	0.0000	0.0000	0.0000	0.0155	0.0336	0.0000	0.1055	0.1103	0.0001	0.0000	0.0000	0.0000	inf	0.0001	0.0000	-0.0013	1.1083	9.0556	2.8540	5.2001	0.0000	0.0000	0.0000	0.0000	0.0000	0.0000	0.0000	0.0000	0.0000	0.0027	0.0027	0.0000	0.0027	0.0027	0.0000	0.0000	0.0000	0.0000	0.2159	0.1899	0.0260	0.0181	0.0176	0.0005	0.1978	0.1723	0.0255	0.1777	0.0817	0.0960	0.0260	0.0249	0.0011	0.1517	0.0568	0.0948
29	41	0.0816	8	2	0	0	0	1	0	0	0	0	0	0	1	0	0	0	0	0	0	Y	N	N	N	N	N	N	N	N	N	N	N	N	N	N	N	N	N	0.0001	0.0001	0.0000	0.0254	0.0252	0.0000	0.0000	0.0000	0.0000	0.0000	0.0000	0.0000	0.0002	0.0002	0.0000	0.0000	0.0000	0.0000	0.1006	0.2249	0.0083	0.0074	0.0077	0.0001	0.1109	0.2885	0.0084	0.0000	0.0498	-0.0000	-0.0011	1.1083	1.0068	2.8540	1.0688	0.0000	0.0000	0.0000	0.0000	0.0000	0.0000	0.0000	0.0000	0.0000	0.0028	0.0026	0.0001	0.0000	0.0000	0.0000	0.0027	0.0026	0.0001	0.0263	0.0230	0.0032	0.0018	0.0018	0.0000	0.0244	0.0212	0.0032	0.0275	0.0117	0.0158	0.0027	0.0027	0.0001	0.0248	0.0091	0.0157
29	42	0.0937	12	1	0	0	0	0	0	0	0	0	1	0	2	0	0	0	0	0	0	N	N	N	N	N	Y	N	N	N	N	N	N	N	N	N	N	N	N	0.0000	0.0000	0.0000	0.0000	0.0000	0.0000	0.0000	0.0000	0.0000	0.0000	0.0000	0.0000	0.0000	0.0000	0.0000	0.0000	0.0000	0.0000	0.0002	0.0000	0.0003	0.0001	0.0000	0.0028	0.0002	0.0000	0.0003		inf	0.0000	0.0000	1.1083	0.9984	2.8540	0.0033	0.0000	0.0000	0.0000	0.0000	0.0000	0.0000	0.0000	0.0000	0.0000	0.0000	0.0000	0.0000	0.0000	0.0000	0.0000	0.0000	0.0000	0.0000	0.0256	0.0224	0.0032	0.0016	0.0015	0.0000	0.0241	0.0209	0.0032	0.0135	0.0058	0.0077	0.0014	0.0014	0.0000	0.0121	0.0044	0.0076
29	45	0.1233	13	2	0	0	1	0	0	0	1	0	0	1	2	0	0	0	0	0	0	Y	N	N	N	N	Y	N	N	N	N	N	N	N	N	N	N	N	N	0.0000	0.0000	0.0000	0.0000	0.0000	0.0000	0.0000	0.0000	0.0000	0.0000	0.0000	0.0000	0.0000	0.0000	0.0000	0.0000	0.0000	0.0000	0.0000	0.0000	0.0000	0.0001	0.0001	0.0000	0.0000	0.0000	0.0000		0.0000	0.0000	-0.0000	1.1083	0.9998	2.8540	0.0048	0.0000	0.0000	0.0000	0.0000	0.0000	0.0000	0.0000	0.0000	0.0000	0.0000	0.0000	0.0000	0.0000	0.0000	0.0000	0.0000	0.0000	0.0000	0.0261	0.0231	0.0031	0.0041	0.0040	0.0002	0.0220	0.0191	0.0029	0.0128	0.0057	0.0071	0.0021	0.0018	0.0002	0.0108	0.0039	0.0068
29	46	0.1174	12	2	0	0	0	0	0	0	0	0	0	1	2	0	0	0	0	0	0	Y	N	N	N	N	Y	N	N	N	N	N	N	N	N	N	N	N	N	0.0000	0.0000	0.0000	0.0000	0.0000	0.0000	0.0000	0.0000	0.0000	0.0000	0.0000	0.0000	0.0000	0.0000	0.0000	0.0000	0.0000	0.0000	0.0023	0.0052	0.0000	0.0141	0.0158	0.0000	0.0000	0.0000	0.0000		0.0001	0.0000	-0.0000	1.1083	0.0006	2.8540	0.9846	0.0000	0.0000	0.0000	0.0000	0.0000	0.0000	0.0000	0.0000	0.0000	0.0000	0.0000	0.0000	0.0000	0.0000	0.0000	0.0000	0.0000	0.0000	0.0000	0.0000	0.0000	0.0000	0.0000	0.0000	0.0000	0.0000	0.0000	0.0128	0.0057	0.0071	0.0021	0.0019	0.0002	0.0107	0.0038	0.0069
29	47	0.1055	11	2	0	0	0	0	0	0	0	0	1	1	2	0	0	0	0	0	0	Y	N	N	N	N	Y	N	N	N	N	N	N	N	N	N	N	N	N	0.0000	0.0000	0.0000	0.0000	0.0000	0.0000	0.0000	0.0000	0.0000	0.0000	0.0000	0.0000	0.0000	0.0000	0.0000	0.0000	0.0000	0.0000	0.0000	0.0000	0.0000	0.0001	0.0001	0.0000	0.0000	0.0000	0.0000		0.0000	0.0000	-0.0000	1.1083	1.9996	2.8540	0.0187	0.0000	0.0000	0.0000	0.0000	0.0000	0.0000	0.0000	0.0000	0.0000	0.0000	0.0000	0.0000	0.0000	0.0000	0.0000	0.0000	0.0000	0.0000	0.0514	0.0453	0.0061	0.0066	0.0064	0.0002	0.0447	0.0388	0.0059	0.0253	0.0112	0.0140	0.0039	0.0035	0.0005	0.0213	0.0078	0.0136
29	48	0.1055	10	2	0	0	0	0	0	0	0	1	0	1	1	0	0	0	0	0	0	Y	N	N	N	N	N	N	N	N	N	N	N	N	N	N	N	N	N	0.0000	0.0000	0.0000	0.0000	0.0000	0.0000	0.0000	0.0000	0.0000	0.0000	0.0000	0.0000	0.0000	0.0000	0.0000	0.0000	0.0000	0.0000	0.0000	0.0000	0.0000	0.0000	0.0000	0.0000	0.0000	0.0000	0.0000			0.0000	0.0000	1.1083	0.0000	2.8540	0.0000	0.0000	0.0000	0.0000	0.0000	0.0000	0.0000	0.0000	0.0000	0.0000	0.0000	0.0000	0.0000	0.0000	0.0000	0.0000	0.0000	0.0000	0.0000	0.0000	0.0000	0.0000	0.0000	0.0000	0.0000	0.0000	0.0000	0.0000	0.0000	0.0000	0.0000	0.0000	0.0000	0.0000	0.0000	0.0000	0.0000
29	50	0.0556	4	2	0	1	0	0	0	0	0	0	0	0	1	0	0	0	0	0	0	Y	N	N	N	N	N	N	N	N	N	N	N	N	N	N	N	N	N	81.7467	0.0000	47151.9100	0.0000	0.0000	0.0000	13432.5699	0.0000	47221.4059	0.0354	0.0000	0.2097	0.0000	0.0000	0.0000	0.0401	0.0000	0.2110	0.0004	0.0010	0.0000	0.0036	0.0037	0.0000	0.0000	0.0000	0.0000	inf	0.0058	0.0018	-0.0000	1.1083	3.0380	2.8540	0.0352	0.0031	0.0000	0.0031	0.0000	0.0000	0.0000	0.0031	0.0000	0.0031	0.0000	0.0000	0.0000	0.0000	0.0000	0.0000	0.0000	0.0000	0.0000	0.0886	0.0736	0.0149	0.0104	0.0103	0.0001	0.0781	0.0633	0.0148	0.0419	0.0182	0.0237	0.0051	0.0049	0.0001	0.0369	0.0133	0.0236
29	51	0.0415	3	2	0	1	0	1	0	1	0	0	0	0	1	0	0	0	0	0	0	Y	N	N	N	N	N	N	N	N	N	N	N	N	N	N	N	N	N	6.7056	1.9085	2342.2752	2.8143	2.8004	0.0000	244.7462	0.0000	2342.2704	0.1575	0.1035	0.3406	0.4488	0.4498	0.0000	0.0945	0.0000	0.3413	0.0235	0.0542	0.0001	0.1595	0.1606	0.0000	0.0004	0.0009	0.0001	0.9719	0.0035	0.0005	-0.0004	1.1083	1.0494	2.8540	1.5573	0.0060	0.0030	0.0030	0.0030	0.0030	0.0000	0.0030	0.0000	0.0030	0.0009	0.0009	0.0000	0.0009	0.0009	0.0000	0.0000	0.0000	0.0000	0.0380	0.0294	0.0087	0.0068	0.0068	0.0000	0.0313	0.0226	0.0087	0.0402	0.0173	0.0228	0.0058	0.0058	0.0000	0.0343	0.0115	0.0228
29	54	0.1055	11	2	0	1	0	0	0	0	0	0	0	0	1	0	0	0	0	0	0	Y	N	N	N	N	N	N	N	N	N	N	N	N	N	N	N	N	N	0.0000	0.0000	0.0000	0.0000	0.0000	0.0000	0.0000	0.0000	0.0000	0.0000	0.0000	0.0000	0.0000	0.0000	0.0000	0.0000	0.0000	0.0000	0.0000	0.0000	0.0000	0.0000	0.0000	0.0000	0.0000	0.0000	0.0000		inf	0.0000	0.0000	1.1083	4.0000	2.8540	4.0000	0.0000	0.0000	0.0000	0.0000	0.0000	0.0000	0.0000	0.0000	0.0000	0.0000	0.0000	0.0000	0.0000	0.0000	0.0000	0.0000	0.0000	0.0000	0.1006	0.0888	0.0119	0.0130	0.0126	0.0004	0.0876	0.0762	0.0115	0.0942	0.0421	0.0521	0.0146	0.0129	0.0017	0.0796	0.0292	0.0504
29	55	0.1055	10	2	0	1	0	0	0	1	0	0	0	0	1	0	0	0	0	0	0	Y	N	N	N	N	N	N	N	N	N	N	N	N	N	N	N	N	N	0.0000	0.0000	0.0000	0.0000	0.0000	0.0000	0.0000	0.0000	0.0000	0.0000	0.0000	0.0000	0.0000	0.0000	0.0000	0.0000	0.0000	0.0000	0.0117	0.0265	0.0000	0.0759	0.0859	0.0000	0.0000	0.0000	0.0000		0.0000	0.0000	-0.0000	1.1083	0.0000	2.8540	0.0000	0.0000	0.0000	0.0000	0.0000	0.0000	0.0000	0.0000	0.0000	0.0000	0.0000	0.0000	0.0000	0.0000	0.0000	0.0000	0.0000	0.0000	0.0000	0.0000	0.0000	0.0000	0.0000	0.0000	0.0000	0.0000	0.0000	0.0000	0.0000	0.0000	0.0000	0.0000	0.0000	0.0000	0.0000	0.0000	0.0000
29	56	0.1055	9	2	0	0	0	0	0	0	0	0	0	0	1	0	0	0	0	0	0	Y	N	N	N	N	N	N	N	N	N	N	N	N	N	N	N	N	N	0.0000	0.0000	0.0000	0.0000	0.0000	0.0000	0.0000	0.0000	0.0000	0.0000	0.0000	0.0000	0.0000	0.0000	0.0000	0.0000	0.0000	0.0000	0.0000	0.0000	0.0000	0.0000	0.0000	0.0000	0.0000	0.0000	0.0000			0.0000	0.0000	1.1083	0.0000	2.8540	0.0000	0.0000	0.0000	0.0000	0.0000	0.0000	0.0000	0.0000	0.0000	0.0000	0.0000	0.0000	0.0000	0.0000	0.0000	0.0000	0.0000	0.0000	0.0000	0.0000	0.0000	0.0000	0.0000	0.0000	0.0000	0.0000	0.0000	0.0000	0.0000	0.0000	0.0000	0.0000	0.0000	0.0000	0.0000	0.0000	0.0000
29	57	0.1055	8	2	0	0	0	0	0	0	0	0	0	0	1	0	0	0	0	0	0	Y	N	N	N	N	N	N	N	N	N	N	N	N	N	N	N	N	N	0.0000	0.0000	0.0000	0.0000	0.0000	0.0000	0.0000	0.0000	0.0000	0.0000	0.0000	0.0000	0.0000	0.0000	0.0000	0.0000	0.0000	0.0000	0.0000	0.0000	0.0000	0.0000	0.0000	0.0000	0.0000	0.0000	0.0000			0.0000	0.0000	1.1083	0.0000	2.8540	0.0000	0.0000	0.0000	0.0000	0.0000	0.0000	0.0000	0.0000	0.0000	0.0000	0.0000	0.0000	0.0000	0.0000	0.0000	0.0000	0.0000	0.0000	0.0000	0.0000	0.0000	0.0000	0.0000	0.0000	0.0000	0.0000	0.0000	0.0000	0.0000	0.0000	0.0000	0.0000	0.0000	0.0000	0.0000	0.0000	0.0000
29	58	0.0961	7	2	0	0	0	1	0	0	0	0	0	0	1	0	0	0	0	0	0	Y	N	N	N	N	N	N	N	N	N	N	N	N	N	N	N	N	N	0.0000	0.0000	0.0000	0.0000	0.0000	0.0000	0.0000	0.0000	0.0000	0.0000	0.0000	0.0000	0.0000	0.0000	0.0000	0.0000	0.0000	0.0000	0.0071	0.0158	0.0000	0.0450	0.0509	0.0001	0.0000	0.0000	0.0000		0.0003	0.0000	-0.0001	1.1083	1.2118	2.8540	0.0039	0.0000	0.0000	0.0000	0.0000	0.0000	0.0000	0.0000	0.0000	0.0000	0.0001	0.0001	0.0000	0.0001	0.0001	0.0000	0.0000	0.0000	0.0000	0.0394	0.0351	0.0043	0.0080	0.0079	0.0001	0.0315	0.0273	0.0042	0.0155	0.0069	0.0086	0.0024	0.0021	0.0003	0.0131	0.0048	0.0083
29	65	0.1657	13	2	0	1	0	1	0	1	0	0	0	0	1	0	0	0	0	0	0	Y	N	N	N	N	N	N	N	N	N	N	N	N	N	N	N	N	N	0.0000	0.0000	0.0000	0.0000	0.0000	0.0000	0.0000	0.0000	0.0000	0.0000	0.0000	0.0000	0.0000	0.0000	0.0000	0.0000	0.0000	0.0000	0.0012	0.0030	0.0000	0.0116	0.0119	0.0000	0.0000	0.0000	0.0000		0.0000	0.0000	-0.0000	1.1083	2.0000	2.8540	2.0000	0.0000	0.0000	0.0000	0.0000	0.0000	0.0000	0.0000	0.0000	0.0000	0.0001	0.0001	0.0000	0.0001	0.0001	0.0000	0.0000	0.0000	0.0000	0.0498	0.0440	0.0058	0.0075	0.0072	0.0003	0.0424	0.0368	0.0055	0.0482	0.0203	0.0279	0.0052	0.0050	0.0001	0.0430	0.0153	0.0278
29	66	0.1721	14	1	0	0	0	0	0	0	0	0	1	0	2	0	0	0	0	0	0	N	N	N	N	N	Y	N	N	N	N	N	N	N	N	N	N	N	N	7769.6808	0.0000	3285250277.3499	0.0000	0.0000	0.0000	644047702.1158	0.0000	3459938858.2598	20.0996	0.0000	172.8889	0.0000	0.0000	0.0000	23.9743	0.0000	182.8523	0.0026	0.0058	0.0000	0.0117	0.0119	0.0000	0.0000	0.0000	0.0000	inf	0.0000	0.5846	-0.0001	1.1083	2.0073	2.8540	0.7728	0.9987	0.0000	0.9987	0.0000	0.0000	0.0000	0.9987	0.0000	0.9987	0.0001	0.0001	0.0000	0.0001	0.0001	0.0000	0.0000	0.0000	0.0000	0.0497	0.0439	0.0058	0.0080	0.0077	0.0003	0.0417	0.0362	0.0055	0.0448	0.0201	0.0247	0.0099	0.0098	0.0001	0.0349	0.0103	0.0246
29	67	0.1841	15	1	0	0	0	0	0	0	0	0	1	0	2	0	0	0	0	0	0	N	N	N	N	N	Y	N	N	N	N	N	N	N	N	N	N	N	N	0.0000	0.0000	0.0000	0.0000	0.0000	0.0000	0.0000	0.0000	0.0000	0.0000	0.0000	0.0000	0.0000	0.0000	0.0000	0.0000	0.0000	0.0000	0.0026	0.0058	0.0000	0.0118	0.0119	0.0000	0.0000	0.0000	0.0000		0.0000	0.0000	-0.0001	1.1083	0.9402	2.8540	1.7770	0.0000	0.0000	0.0000	0.0000	0.0000	0.0000	0.0000	0.0000	0.0000	0.0001	0.0001	0.0000	0.0001	0.0001	0.0000	0.0000	0.0000	0.0000	0.0297	0.0266	0.0031	0.0075	0.0073	0.0002	0.0222	0.0193	0.0028	0.0438	0.0198	0.0240	0.0098	0.0097	0.0001	0.0340	0.0101	0.0239
29	73	0.2140	12	2	0	1	0	0	0	0	0	0	0	1	1	0	0	0	0	0	0	Y	N	N	N	N	N	N	N	N	N	N	N	N	N	N	N	N	N	0.0000	0.0000	0.0000	0.0000	0.0000	0.0000	0.0000	0.0000	0.0000	0.0000	0.0000	0.0000	0.0000	0.0000	0.0000	0.0000	0.0000	0.0000	0.0000	0.0000	0.0000	0.0000	0.0000	0.0000	0.0000	0.0000	0.0000			0.0000	0.0000	1.1083	0.0000	2.8540	0.0000	0.0000	0.0000	0.0000	0.0000	0.0000	0.0000	0.0000	0.0000	0.0000	0.0000	0.0000	0.0000	0.0000	0.0000	0.0000	0.0000	0.0000	0.0000	0.0000	0.0000	0.0000	0.0000	0.0000	0.0000	0.0000	0.0000	0.0000	0.0002	0.0002	0.0001	0.0001	0.0001	0.0000	0.0001	0.0000	0.0001
29	74	0.1418	11	2	0	1	0	0	0	0	0	1	0	1	1	0	0	0	0	0	0	Y	N	N	N	N	N	N	N	N	N	N	N	N	N	N	N	N	N	0.1846	0.1444	0.4180	0.2673	0.3465	0.5565	0.1263	0.0000	0.5858	0.0000	0.0000	0.0001	0.0002	0.0002	0.0017	0.0000	0.0000	0.0000	0.0002	0.0002	0.0002	0.0009	0.0005	0.0031	0.0000	0.0000	0.0000	0.3358	0.9477	-0.0000	0.0000	1.1083	3.8563	2.8540	5.9737	0.0000	0.0000	0.0000	0.0000	0.0000	0.0000	0.0000	0.0000	0.0000	0.0000	0.0000	0.0000	0.0000	0.0000	0.0000	0.0000	0.0000	0.0000	0.0946	0.0832	0.0114	0.0126	0.0121	0.0004	0.0820	0.0711	0.0110	0.1176	0.0555	0.0621	0.0226	0.0194	0.0032	0.0950	0.0361	0.0589
29	75	0.1418	11	2	0	1	0	0	0	0	0	0	0	0	1	0	0	0	0	0	0	Y	N	N	N	N	N	N	N	N	N	N	N	N	N	N	N	N	N	813.3303	667.1310	0.0000	1624.4747	1635.1886	0.0000	0.0588	inf	0.0000	0.0053	0.0060	0.0000	0.0400	0.0415	0.0000	0.0000	0.0000	0.0000	0.0000	0.0000	0.0000	0.0000	0.0000	0.0000	0.0000	0.0000	0.0000	0.0000	0.5087	-0.0003	-0.0000	1.1083	4.9966	2.8540	2.0573	0.0006	0.0006	0.0000	0.0006	0.0006	0.0000	0.0000	0.0000	0.0000	0.0000	0.0000	0.0000	0.0000	0.0000	0.0000	0.0000	0.0000	0.0000	0.1203	0.1059	0.0144	0.0160	0.0154	0.0006	0.1044	0.0905	0.0139	0.0876	0.0419	0.0457	0.0173	0.0150	0.0023	0.0704	0.0270	0.0434
29	76	0.1363	10	2	0	1	0	1	0	1	0	0	0	0	1	0	0	0	0	0	0	Y	N	N	N	N	N	N	N	N	N	N	N	N	N	N	N	N	N	24.6095	29.1531	2.6457	20.7993	33.0255	1.6879	0.0000	0.0000	0.0000	0.0014	0.0016	0.0002	0.0046	0.0046	0.0028	0.0000	0.0000	0.0000	0.0001	0.0001	0.0001	0.0002	0.0001	0.0016	0.0000	0.0000	0.0000	0.0169	0.7176	-0.0000	-0.0000	1.1083	0.0131	2.8540	1.0784	0.0000	0.0000	0.0000	0.0000	0.0000	0.0000	0.0000	0.0000	0.0000	0.0000	0.0000	0.0000	0.0000	0.0000	0.0000	0.0000	0.0000	0.0000	0.0005	0.0005	0.0001	0.0002	0.0002	0.0000	0.0004	0.0003	0.0001	0.0193	0.0115	0.0078	0.0049	0.0046	0.0003	0.0144	0.0069	0.0075
30	32	0.0981	8	2	0	0	0	1	0	0	0	0	1	0	1	0	0	0	0	0	0	Y	N	N	N	N	N	N	N	N	N	N	N	N	N	N	N	N	N	0.3611	0.1158	2741.7282	0.5679	0.5451	0.0000	0.3203	0.0005	3125.2614	1.7682	1.0026	7.5110	5.6290	5.8291	0.0000	1.0506	0.0034	7.8710	4.8964	8.6580	0.0027	9.9124	10.6939	0.0079	3.2797	7.3031	0.0025	0.9986	0.0002	0.0159	-0.1139	1.1867	4.0243	0.2815	4.9679	0.1866	0.0934	0.0932	0.0931	0.0931	0.0000	0.0935	0.0003	0.0932	0.2473	0.2473	0.0001	0.1220	0.1220	0.0000	0.1253	0.1252	0.0001	0.1055	0.0931	0.0124	0.0165	0.0160	0.0006	0.0890	0.0772	0.0118	0.0505	0.0286	0.0220	0.0123	0.0114	0.0009	0.0382	0.0171	0.0211
30	34	0.0981	8	2	0	1	0	1	0	1	0	0	1	0	1	0	0	0	0	0	0	Y	N	N	N	N	N	N	N	N	N	N	N	N	N	N	N	N	N	6.9903	0.2027	50.7794	0.2549	0.4759	0.0001	29355.9809	0.0000	130670.5380	0.0600	0.0016	0.4969	0.0087	0.0090	0.0000	0.0696	0.0000	0.5206	0.0086	0.0077	0.0098	0.0341	0.0189	0.2203	0.0000	0.0000	0.0000	42.6781	0.9513	0.0027	0.0000	1.1867	3.0233	0.2815	2.0370	0.0049	0.0001	0.0047	0.0001	0.0001	0.0000	0.0047	0.0000	0.0047	0.0003	0.0001	0.0001	0.0003	0.0001	0.0001	0.0000	0.0000	0.0000	0.0809	0.0714	0.0095	0.0128	0.0124	0.0004	0.0681	0.0590	0.0091	0.0305	0.0175	0.0130	0.0077	0.0071	0.0006	0.0228	0.0104	0.0125
30	35	0.0917	7	2	0	0	0	2	0	0	0	0	1	0	1	0	0	0	0	0	0	Y	N	N	N	N	N	N	N	N	N	N	N	N	N	N	N	N	N	0.1164	0.0628	1.8060	0.2142	0.2310	0.0001	0.0593	0.0001	57.1980	0.0042	0.0035	0.0098	0.0158	0.0161	0.0000	0.0013	0.0000	0.0103	0.0359	0.0558	0.0055	0.0737	0.0699	0.1375	0.0220	0.0456	0.0002	0.3328	0.0640	-0.0000	-0.0001	1.1867	1.0742	0.2815	0.1055	0.0001	0.0001	0.0000	0.0001	0.0001	0.0000	0.0000	0.0000	0.0000	0.0003	0.0003	0.0000	0.0002	0.0001	0.0000	0.0001	0.0001	0.0000	0.0346	0.0309	0.0037	0.0069	0.0067	0.0001	0.0277	0.0242	0.0035	0.0084	0.0050	0.0033	0.0022	0.0021	0.0001	0.0061	0.0029	0.0032
30	36	0.0864	10	2	0	0	0	1	0	0	0	0	1	1	2	0	0	0	0	0	0	Y	N	N	N	N	Y	N	N	N	N	N	N	N	N	N	N	N	N	0.0000	0.0000	0.0000	0.0000	0.0000	0.0000	0.0000	0.0000	0.0000	0.0000	0.0000	0.0000	0.0000	0.0000	0.0000	0.0000	0.0000	0.0000	0.0000	0.0000	0.0000	0.0000	0.0000	0.0000	0.0000	0.0000	0.0000			0.0000	0.0000	1.1867	3.0000	0.2815	5.0000	0.0000	0.0000	0.0000	0.0000	0.0000	0.0000	0.0000	0.0000	0.0000	0.0000	0.0000	0.0000	0.0000	0.0000	0.0000	0.0000	0.0000	0.0000	0.0810	0.0714	0.0096	0.0100	0.0097	0.0003	0.0710	0.0617	0.0093	0.0455	0.0246	0.0209	0.0104	0.0097	0.0007	0.0351	0.0148	0.0202
30	37	0.0864	9	2	0	0	0	1	0	0	0	0	2	1	2	0	0	0	0	0	0	Y	N	N	N	N	Y	N	N	N	N	N	N	N	N	N	N	N	N	0.0000	0.0000	0.0000	0.0000	0.0000	0.0000	0.0000	0.0000	0.0000	0.0000	0.0000	0.0000	0.0000	0.0000	0.0000	0.0000	0.0000	0.0000	0.0000	0.0000	0.0000	0.0000	0.0000	0.0000	0.0000	0.0000	0.0000			0.0000	0.0000	1.1867	0.0000	0.2815	0.0000	0.0000	0.0000	0.0000	0.0000	0.0000	0.0000	0.0000	0.0000	0.0000	0.0000	0.0000	0.0000	0.0000	0.0000	0.0000	0.0000	0.0000	0.0000	0.0000	0.0000	0.0000	0.0000	0.0000	0.0000	0.0000	0.0000	0.0000	0.0000	0.0000	0.0000	0.0000	0.0000	0.0000	0.0000	0.0000	0.0000
30	38	0.0864	8	2	0	0	0	1	0	0	0	0	1	1	1	0	0	0	0	0	0	Y	N	N	N	N	N	N	N	N	N	N	N	N	N	N	N	N	N	0.0000	0.0000	0.0000	0.0000	0.0000	0.0000	0.0000	0.0000	0.0000	0.0000	0.0000	0.0000	0.0000	0.0000	0.0000	0.0000	0.0000	0.0000	0.0000	0.0000	0.0000	0.0000	0.0000	0.0000	0.0000	0.0000	0.0000			0.0000	0.0000	1.1867	0.0000	0.2815	0.0000	0.0000	0.0000	0.0000	0.0000	0.0000	0.0000	0.0000	0.0000	0.0000	0.0000	0.0000	0.0000	0.0000	0.0000	0.0000	0.0000	0.0000	0.0000	0.0000	0.0000	0.0000	0.0000	0.0000	0.0000	0.0000	0.0000	0.0000	0.0000	0.0000	0.0000	0.0000	0.0000	0.0000	0.0000	0.0000	0.0000
30	39	0.0806	7	2	0	0	0	1	0	0	0	1	1	1	1	0	0	0	0	0	0	Y	N	N	N	N	N	N	N	N	N	N	N	N	N	N	N	N	N	0.0000	0.0000	0.0000	0.0000	0.0000	0.0000	0.0000	0.0000	0.0000	0.0000	0.0000	0.0000	0.0000	0.0000	0.0000	0.0000	0.0000	0.0000	0.4028	0.0460	0.8141	0.1019	0.1089	0.0000	0.4903	0.0051	0.8403		15.3643	0.0000	0.0012	1.1867	0.0000	0.2815	1.0000	0.0000	0.0000	0.0000	0.0000	0.0000	0.0000	0.0000	0.0000	0.0000	0.0024	0.0001	0.0023	0.0001	0.0001	0.0000	0.0023	0.0000	0.0023	0.0000	0.0000	0.0000	0.0000	0.0000	0.0000	0.0000	0.0000	0.0000	0.0061	0.0033	0.0028	0.0014	0.0013	0.0001	0.0047	0.0020	0.0027
30	40	0.0715	8	2	0	1	0	1	0	1	0	0	1	0	1	0	0	0	0	0	0	Y	N	N	N	N	N	N	N	N	N	N	N	N	N	N	N	N	N	0.0232	0.0281	0.0000	0.0666	0.1258	0.0000	0.0000	0.0380	0.0000	0.0001	0.0002	0.0000	0.0017	0.0017	0.0000	0.0000	0.0000	0.0000	0.0057	0.0054	0.0061	0.0256	0.0139	0.4110	0.0002	0.0000	0.0004	0.0000	0.9630	-0.0000	0.0000	1.1867	9.0556	0.2815	5.2001	0.0000	0.0000	0.0000	0.0000	0.0000	0.0000	0.0000	0.0000	0.0000	0.0005	0.0002	0.0002	0.0005	0.0002	0.0002	0.0000	0.0000	0.0000	0.2293	0.2016	0.0277	0.0178	0.0173	0.0005	0.2115	0.1843	0.0273	0.0841	0.0456	0.0385	0.0181	0.0176	0.0005	0.0660	0.0281	0.0379
30	41	0.0567	7	2	0	0	0	2	0	0	0	0	1	0	1	0	0	0	0	0	0	Y	N	N	N	N	N	N	N	N	N	N	N	N	N	N	N	N	N	0.0004	0.0002	0.0011	0.0004	0.0004	0.7836	0.0005	0.0003	0.0005	0.0000	0.0000	0.0000	0.0000	0.0000	0.0003	0.0000	0.0000	0.0000	0.0383	0.0693	0.0051	0.1019	0.1033	0.0003	0.0245	0.0518	0.0051	0.0471	0.0683	-0.0000	-0.0002	1.1867	1.0068	0.2815	1.0688	0.0000	0.0000	0.0000	0.0000	0.0000	0.0000	0.0000	0.0000	0.0000	0.0005	0.0005	0.0000	0.0002	0.0002	0.0000	0.0003	0.0002	0.0000	0.0279	0.0244	0.0035	0.0018	0.0018	0.0000	0.0261	0.0227	0.0034	0.0131	0.0068	0.0063	0.0023	0.0023	0.0000	0.0108	0.0045	0.0063
30	42	0.0687	11	1	0	0	0	1	0	0	0	0	2	0	2	0	0	0	0	0	0	N	N	N	N	N	Y	N	N	N	N	N	N	N	N	N	N	N	N	0.0000	0.0000	0.0000	0.0000	0.0000	0.0000	0.0000	0.0000	0.0000	0.0000	0.0000	0.0000	0.0000	0.0000	0.0000	0.0000	0.0000	0.0000	0.0004	0.0007	0.0000	0.0019	0.0019	0.0009	0.0000	0.0000	0.0000		0.0480	0.0000	-0.0000	1.1867	0.9984	0.2815	0.0033	0.0000	0.0000	0.0000	0.0000	0.0000	0.0000	0.0000	0.0000	0.0000	0.0000	0.0000	0.0000	0.0000	0.0000	0.0000	0.0000	0.0000	0.0000	0.0272	0.0238	0.0034	0.0015	0.0015	0.0000	0.0257	0.0223	0.0034	0.0064	0.0033	0.0031	0.0012	0.0011	0.0000	0.0052	0.0022	0.0031
30	45	0.0983	12	2	0	0	1	1	0	0	1	0	1	1	2	0	0	0	0	0	0	Y	N	N	N	N	Y	N	N	N	N	N	N	N	N	N	N	N	N	0.0000	0.0000	0.0000	0.0000	0.0000	0.0000	0.0000	0.0000	0.0000	0.0000	0.0000	0.0000	0.0000	0.0000	0.0000	0.0000	0.0000	0.0000	0.0000	0.0000	0.0000	0.0000	0.0001	0.0000	0.0000	0.0000	0.0000		1.5000	0.0000	0.0000	1.1867	0.9998	0.2815	0.0048	0.0000	0.0000	0.0000	0.0000	0.0000	0.0000	0.0000	0.0000	0.0000	0.0000	0.0000	0.0000	0.0000	0.0000	0.0000	0.0000	0.0000	0.0000	0.0278	0.0245	0.0033	0.0042	0.0041	0.0002	0.0235	0.0204	0.0031	0.0062	0.0033	0.0028	0.0014	0.0013	0.0001	0.0047	0.0020	0.0028
30	46	0.0924	11	2	0	0	0	1	0	0	0	0	1	1	2	0	0	0	0	0	0	Y	N	N	N	N	Y	N	N	N	N	N	N	N	N	N	N	N	N	0.0000	0.0000	0.0000	0.0000	0.0000	0.0000	0.0000	0.0000	0.0000	0.0000	0.0000	0.0000	0.0000	0.0000	0.0000	0.0000	0.0000	0.0000	0.0080	0.0060	0.0104	0.0139	0.0148	0.0000	0.0063	0.0000	0.0107		1.4999	0.0000	0.0000	1.1867	0.0006	0.2815	0.9846	0.0000	0.0000	0.0000	0.0000	0.0000	0.0000	0.0000	0.0000	0.0000	0.0000	0.0000	0.0000	0.0000	0.0000	0.0000	0.0000	0.0000	0.0000	0.0000	0.0000	0.0000	0.0000	0.0000	0.0000	0.0000	0.0000	0.0000	0.0061	0.0033	0.0028	0.0014	0.0013	0.0001	0.0047	0.0019	0.0028
30	47	0.0806	10	2	0	0	0	1	0	0	0	0	2	1	2	0	0	0	0	0	0	Y	N	N	N	N	Y	N	N	N	N	N	N	N	N	N	N	N	N	0.0000	0.0000	0.0000	0.0000	0.0000	0.0000	0.0000	0.0000	0.0000	0.0000	0.0000	0.0000	0.0000	0.0000	0.0000	0.0000	0.0000	0.0000	0.0001	0.0000	0.0001	0.0001	0.0001	0.0000	0.0001	0.0000	0.0001		1.5000	0.0000	0.0000	1.1867	1.9996	0.2815	0.0187	0.0000	0.0000	0.0000	0.0000	0.0000	0.0000	0.0000	0.0000	0.0000	0.0000	0.0000	0.0000	0.0000	0.0000	0.0000	0.0000	0.0000	0.0000	0.0546	0.0481	0.0065	0.0067	0.0065	0.0002	0.0478	0.0415	0.0063	0.0121	0.0065	0.0056	0.0027	0.0026	0.0002	0.0094	0.0039	0.0055
30	48	0.0806	9	2	0	0	0	1	0	0	0	1	1	1	1	0	0	0	0	0	0	Y	N	N	N	N	N	N	N	N	N	N	N	N	N	N	N	N	N	0.0000	0.0000	0.0000	0.0000	0.0000	0.0000	0.0000	0.0000	0.0000	0.0000	0.0000	0.0000	0.0000	0.0000	0.0000	0.0000	0.0000	0.0000	0.0000	0.0000	0.0000	0.0000	0.0000	0.0000	0.0000	0.0000	0.0000			0.0000	0.0000	1.1867	0.0000	0.2815	0.0000	0.0000	0.0000	0.0000	0.0000	0.0000	0.0000	0.0000	0.0000	0.0000	0.0000	0.0000	0.0000	0.0000	0.0000	0.0000	0.0000	0.0000	0.0000	0.0000	0.0000	0.0000	0.0000	0.0000	0.0000	0.0000	0.0000	0.0000	0.0000	0.0000	0.0000	0.0000	0.0000	0.0000	0.0000	0.0000	0.0000
30	50	0.0307	3	2	0	1	0	1	0	0	0	0	1	0	1	0	0	0	0	0	0	Y	N	N	N	N	N	N	N	N	N	N	N	N	N	N	N	N	N	15.1260	5.2938	203.9864	15.3530	15.3231	0.0000	63.9644	0.0000	204.3862	0.0600	0.0360	0.1796	0.2745	0.2770	0.0000	0.0337	0.0000	0.1807	0.0040	0.0068	0.0009	0.0179	0.0181	0.0001	0.0005	0.0000	0.0009	0.9982	0.1191	0.0005	-0.0000	1.1867	3.0380	0.2815	0.0352	0.0056	0.0028	0.0028	0.0028	0.0028	0.0000	0.0028	0.0000	0.0028	0.0001	0.0001	0.0000	0.0001	0.0001	0.0000	0.0000	0.0000	0.0000	0.0934	0.0778	0.0156	0.0102	0.0101	0.0001	0.0832	0.0677	0.0155	0.0202	0.0105	0.0097	0.0040	0.0040	0.0000	0.0162	0.0066	0.0096
30	51	0.0166	2	2	0	1	0	2	0	1	0	0	1	0	1	0	0	0	0	0	0	Y	N	N	N	N	N	N	N	N	N	N	N	N	N	N	N	N	N	1.0115	0.3703	10.4907	1.0612	1.0616	0.0000	3.9253	0.0000	10.4954	0.2704	0.1746	0.6023	0.8058	0.8073	0.0000	0.1622	0.0000	0.6032	0.2674	0.4716	0.0574	0.7593	0.7605	0.0007	0.0413	0.0000	0.0575	0.9956	0.1184	0.0009	-0.0028	1.1867	1.0494	0.2815	1.5573	0.0108	0.0054	0.0054	0.0054	0.0054	0.0000	0.0054	0.0000	0.0054	0.0079	0.0070	0.0008	0.0070	0.0070	0.0000	0.0008	0.0000	0.0008	0.0398	0.0309	0.0089	0.0067	0.0067	0.0000	0.0331	0.0242	0.0089	0.0295	0.0149	0.0145	0.0093	0.0093	0.0000	0.0202	0.0057	0.0145
30	54	0.0806	10	2	0	1	0	1	0	0	0	0	1	0	1	0	0	0	0	0	0	Y	N	N	N	N	N	N	N	N	N	N	N	N	N	N	N	N	N	0.0000	0.0000	0.0000	0.0000	0.0000	0.0000	0.0000	0.0000	0.0000	0.0000	0.0000	0.0000	0.0000	0.0000	0.0000	0.0000	0.0000	0.0000	0.0000	0.0000	0.0000	0.0000	0.0000	0.0000	0.0000	0.0000	0.0000		0.6666	0.0000	-0.0000	1.1867	4.0000	0.2815	4.0000	0.0000	0.0000	0.0000	0.0000	0.0000	0.0000	0.0000	0.0000	0.0000	0.0000	0.0000	0.0000	0.0000	0.0000	0.0000	0.0000	0.0000	0.0000	0.1069	0.0942	0.0127	0.0132	0.0128	0.0004	0.0937	0.0814	0.0123	0.0454	0.0245	0.0209	0.0103	0.0096	0.0007	0.0351	0.0149	0.0203
30	55	0.0806	9	2	0	1	0	1	0	1	0	0	1	0	1	0	0	0	0	0	0	Y	N	N	N	N	N	N	N	N	N	N	N	N	N	N	N	N	N	0.0000	0.0000	0.0000	0.0000	0.0000	0.0000	0.0000	0.0000	0.0000	0.0000	0.0000	0.0000	0.0000	0.0000	0.0000	0.0000	0.0000	0.0000	0.0407	0.0000	0.0525	0.0000	0.0000	0.0000	0.0315	0.0000	0.0542		inf	0.0000	0.0000	1.1867	0.0000	0.2815	0.0000	0.0000	0.0000	0.0000	0.0000	0.0000	0.0000	0.0000	0.0000	0.0000	0.0000	0.0000	0.0000	0.0000	0.0000	0.0000	0.0000	0.0000	0.0000	0.0000	0.0000	0.0000	0.0000	0.0000	0.0000	0.0000	0.0000	0.0000	0.0000	0.0000	0.0000	0.0000	0.0000	0.0000	0.0000	0.0000	0.0000
30	56	0.0806	8	2	0	0	0	1	0	0	0	0	1	0	1	0	0	0	0	0	0	Y	N	N	N	N	N	N	N	N	N	N	N	N	N	N	N	N	N	0.0000	0.0000	0.0000	0.0000	0.0000	0.0000	0.0000	0.0000	0.0000	0.0000	0.0000	0.0000	0.0000	0.0000	0.0000	0.0000	0.0000	0.0000	0.0000	0.0000	0.0000	0.0000	0.0000	0.0000	0.0000	0.0000	0.0000			0.0000	0.0000	1.1867	0.0000	0.2815	0.0000	0.0000	0.0000	0.0000	0.0000	0.0000	0.0000	0.0000	0.0000	0.0000	0.0000	0.0000	0.0000	0.0000	0.0000	0.0000	0.0000	0.0000	0.0000	0.0000	0.0000	0.0000	0.0000	0.0000	0.0000	0.0000	0.0000	0.0000	0.0000	0.0000	0.0000	0.0000	0.0000	0.0000	0.0000	0.0000	0.0000
30	57	0.0806	7	2	0	0	0	1	0	0	0	0	1	0	1	0	0	0	0	0	0	Y	N	N	N	N	N	N	N	N	N	N	N	N	N	N	N	N	N	0.0000	0.0000	0.0000	0.0000	0.0000	0.0000	0.0000	0.0000	0.0000	0.0000	0.0000	0.0000	0.0000	0.0000	0.0000	0.0000	0.0000	0.0000	0.0000	0.0000	0.0000	0.0000	0.0000	0.0000	0.0000	0.0000	0.0000			0.0000	0.0000	1.1867	0.0000	0.2815	0.0000	0.0000	0.0000	0.0000	0.0000	0.0000	0.0000	0.0000	0.0000	0.0000	0.0000	0.0000	0.0000	0.0000	0.0000	0.0000	0.0000	0.0000	0.0000	0.0000	0.0000	0.0000	0.0000	0.0000	0.0000	0.0000	0.0000	0.0000	0.0000	0.0000	0.0000	0.0000	0.0000	0.0000	0.0000	0.0000	0.0000
30	58	0.0711	6	2	0	0	0	2	0	0	0	0	1	0	1	0	0	0	0	0	0	Y	N	N	N	N	N	N	N	N	N	N	N	N	N	N	N	N	N	0.0053	0.0025	0.0785	0.0063	0.0046	0.1187	0.0000	0.0000	0.0000	0.0000	0.0000	0.0000	0.0000	0.0000	0.0001	0.0000	0.0000	0.0000	0.0001	0.0002	0.0000	0.0005	0.0005	0.0004	0.0000	0.0000	0.0000	0.3636	0.0818	-0.0000	-0.0000	1.1867	1.2118	0.2815	0.0039	0.0000	0.0000	0.0000	0.0000	0.0000	0.0000	0.0000	0.0000	0.0000	0.0000	0.0000	0.0000	0.0000	0.0000	0.0000	0.0000	0.0000	0.0000	0.0420	0.0373	0.0046	0.0083	0.0082	0.0001	0.0336	0.0291	0.0045	0.0074	0.0040	0.0034	0.0017	0.0016	0.0001	0.0057	0.0024	0.0033
30	65	0.1408	12	2	0	1	0	2	0	1	0	0	1	0	1	0	0	0	0	0	0	Y	N	N	N	N	N	N	N	N	N	N	N	N	N	N	N	N	N	0.0000	0.0000	0.0000	0.0000	0.0000	0.0000	0.0000	0.0000	0.0000	0.0000	0.0000	0.0000	0.0000	0.0000	0.0000	0.0000	0.0000	0.0000	0.0179	0.0343	0.0000	0.0806	0.0816	0.0000	0.0032	0.0077	0.0000		0.0000	0.0000	-0.0002	1.1867	2.0000	0.2815	2.0000	0.0000	0.0000	0.0000	0.0000	0.0000	0.0000	0.0000	0.0000	0.0000	0.0004	0.0004	0.0000	0.0004	0.0004	0.0000	0.0001	0.0001	0.0000	0.0529	0.0467	0.0062	0.0076	0.0073	0.0003	0.0453	0.0394	0.0059	0.0234	0.0122	0.0112	0.0045	0.0044	0.0001	0.0190	0.0078	0.0111
30	66	0.1471	13	1	0	0	0	1	0	0	0	0	2	0	2	0	0	0	0	0	0	N	N	N	N	N	Y	N	N	N	N	N	N	N	N	N	N	N	N	1.8919	0.0302	12.6852	0.0877	0.0907	0.0000	2.7013	0.0000	13.3447	0.0176	0.0002	0.1490	0.0012	0.0013	0.0000	0.0206	0.0000	0.1574	0.0093	0.0071	0.0117	0.0138	0.0139	0.0000	0.0076	0.0000	0.0118	92.0838	1.5001	0.0005	0.0000	1.1867	2.0073	0.2815	0.7728	0.0009	0.0000	0.0009	0.0000	0.0000	0.0000	0.0009	0.0000	0.0009	0.0002	0.0001	0.0001	0.0001	0.0001	0.0000	0.0001	0.0000	0.0001	0.0528	0.0466	0.0062	0.0082	0.0079	0.0003	0.0445	0.0387	0.0058	0.0207	0.0109	0.0099	0.0056	0.0055	0.0000	0.0152	0.0053	0.0098
30	67	0.1592	14	1	0	0	0	1	0	0	0	0	2	0	2	0	0	0	0	0	0	N	N	N	N	N	Y	N	N	N	N	N	N	N	N	N	N	N	N	0.0000	0.0000	0.0000	0.0000	0.0000	0.0000	0.0000	0.0000	0.0000	0.0000	0.0000	0.0000	0.0000	0.0000	0.0000	0.0000	0.0000	0.0000	0.0095	0.0072	0.0121	0.0140	0.0141	0.0000	0.0078	0.0000	0.0121		1.5001	0.0000	0.0000	1.1867	0.9402	0.2815	1.7770	0.0000	0.0000	0.0000	0.0000	0.0000	0.0000	0.0000	0.0000	0.0000	0.0002	0.0001	0.0001	0.0001	0.0001	0.0000	0.0001	0.0000	0.0001	0.0316	0.0283	0.0033	0.0079	0.0076	0.0003	0.0237	0.0207	0.0030	0.0203	0.0107	0.0096	0.0055	0.0055	0.0000	0.0148	0.0052	0.0096
30	73	0.1890	11	2	0	1	0	1	0	0	0	0	1	1	1	0	0	0	0	0	0	Y	N	N	N	N	N	N	N	N	N	N	N	N	N	N	N	N	N	0.0000	0.0000	0.0000	0.0000	0.0000	0.0000	0.0000	0.0000	0.0000	0.0000	0.0000	0.0000	0.0000	0.0000	0.0000	0.0000	0.0000	0.0000	0.0000	0.0000	0.0000	0.0000	0.0000	0.0000	0.0000	0.0000	0.0000			0.0000	0.0000	1.1867	0.0000	0.2815	0.0000	0.0000	0.0000	0.0000	0.0000	0.0000	0.0000	0.0000	0.0000	0.0000	0.0000	0.0000	0.0000	0.0000	0.0000	0.0000	0.0000	0.0000	0.0000	0.0000	0.0000	0.0000	0.0000	0.0000	0.0000	0.0000	0.0000	0.0000	0.0001	0.0001	0.0000	0.0000	0.0000	0.0000	0.0000	0.0000	0.0000
30	74	0.1168	10	2	0	1	0	1	0	0	0	1	1	1	1	0	0	0	0	0	0	Y	N	N	N	N	N	N	N	N	N	N	N	N	N	N	N	N	N	0.0872	0.1332	0.0977	0.1527	0.2863	0.0033	0.0923	2.6136	0.1838	0.0000	0.0000	0.0001	0.0002	0.0002	0.0000	0.0000	0.0000	0.0001	0.0005	0.0003	0.0008	0.0014	0.0007	0.0080	0.0003	0.0000	0.0004	0.2602	2.0252	-0.0000	0.0000	1.1867	3.8563	0.2815	5.9737	0.0000	0.0000	0.0000	0.0000	0.0000	0.0000	0.0000	0.0000	0.0000	0.0000	0.0000	0.0000	0.0000	0.0000	0.0000	0.0000	0.0000	0.0000	0.1005	0.0883	0.0122	0.0127	0.0123	0.0004	0.0877	0.0760	0.0117	0.0566	0.0317	0.0249	0.0145	0.0132	0.0012	0.0421	0.0184	0.0237
30	75	0.1168	10	2	0	1	0	1	0	0	0	0	1	0	1	0	0	0	0	0	0	Y	N	N	N	N	N	N	N	N	N	N	N	N	N	N	N	N	N	212.5650	145.6076	0.0000	23.0414	22.2405	0.0000	408.3153	238.5671	0.0000	0.0052	0.0059	0.0000	0.0012	0.0013	0.0000	0.0057	0.0066	0.0000	0.0000	0.0000	0.0000	0.0001	0.0001	0.0000	0.0000	0.0000	0.0000	0.0000	0.0692	-0.0003	-0.0000	1.1867	4.9966	0.2815	2.0573	0.0007	0.0007	0.0000	0.0000	0.0000	0.0000	0.0006	0.0006	0.0000	0.0000	0.0000	0.0000	0.0000	0.0000	0.0000	0.0000	0.0000	0.0000	0.1278	0.1124	0.0154	0.0162	0.0156	0.0006	0.1116	0.0968	0.0149	0.0420	0.0237	0.0184	0.0109	0.0100	0.0009	0.0312	0.0137	0.0175
30	76	0.1113	9	2	0	1	0	2	0	1	0	0	1	0	1	0	0	0	0	0	0	Y	N	N	N	N	N	N	N	N	N	N	N	N	N	N	N	N	N	5.6601	5.7713	0.9881	0.5345	0.6674	0.1641	17.2834	15.9862	2.2912	0.0014	0.0016	0.0002	0.0003	0.0003	0.0006	0.0019	0.0023	0.0002	0.0002	0.0003	0.0002	0.0006	0.0005	0.0037	0.0001	0.0001	0.0001	0.0204	0.3719	-0.0000	-0.0000	1.1867	0.0131	0.2815	1.0784	0.0000	0.0000	0.0000	0.0000	0.0000	0.0000	0.0000	0.0000	0.0000	0.0000	0.0000	0.0000	0.0000	0.0000	0.0000	0.0000	0.0000	0.0000	0.0006	0.0005	0.0001	0.0002	0.0002	0.0000	0.0004	0.0003	0.0001	0.0088	0.0057	0.0031	0.0026	0.0025	0.0001	0.0062	0.0032	0.0030
32	36	0.0979	7	2	0	0	0	0	0	0	0	0	0	1	1	0	0	0	0	0	0	Y	N	N	N	N	N	N	N	N	N	N	N	N	N	N	N	N	N	0.0000	0.0000	0.0000	0.0000	0.0000	0.0000	0.0000	0.0000	0.0000	0.0000	0.0000	0.0000	0.0000	0.0000	0.0000	0.0000	0.0000	0.0000	0.0000	0.0000	0.0000	0.0000	0.0000	0.0000	0.0000	0.0000	0.0000			0.0000	0.0000	4.0243	3.0000	4.9679	5.0000	0.0000	0.0000	0.0000	0.0000	0.0000	0.0000	0.0000	0.0000	0.0000	0.0000	0.0000	0.0000	0.0000	0.0000	0.0000	0.0000	0.0000	0.0000	0.2524	0.2209	0.0315	0.0129	0.0123	0.0006	0.2395	0.2086	0.0309	0.1797	0.0680	0.1118	0.0051	0.0046	0.0005	0.1747	0.0634	0.1113
32	37	0.0979	6	2	0	0	0	0	0	0	0	0	1	1	1	0	0	0	0	0	0	Y	N	N	N	N	N	N	N	N	N	N	N	N	N	N	N	N	N	0.0000	0.0000	0.0000	0.0000	0.0000	0.0000	0.0000	0.0000	0.0000	0.0000	0.0000	0.0000	0.0000	0.0000	0.0000	0.0000	0.0000	0.0000	0.0000	0.0000	0.0000	0.0000	0.0000	0.0000	0.0000	0.0000	0.0000			0.0000	0.0000	4.0243	0.0000	4.9679	0.0000	0.0000	0.0000	0.0000	0.0000	0.0000	0.0000	0.0000	0.0000	0.0000	0.0000	0.0000	0.0000	0.0000	0.0000	0.0000	0.0000	0.0000	0.0000	0.0000	0.0000	0.0000	0.0000	0.0000	0.0000	0.0000	0.0000	0.0000	0.0000	0.0000	0.0000	0.0000	0.0000	0.0000	0.0000	0.0000	0.0000
32	38	0.0979	5	2	0	0	0	0	0	0	0	0	0	1	0	0	0	0	0	0	0	Y	N	N	N	N	N	N	N	N	N	N	N	N	N	N	N	N	N	0.0000	0.0000	0.0000	0.0000	0.0000	0.0000	0.0000	0.0000	0.0000	0.0000	0.0000	0.0000	0.0000	0.0000	0.0000	0.0000	0.0000	0.0000	0.0000	0.0000	0.0000	0.0000	0.0000	0.0000	0.0000	0.0000	0.0000			0.0000	0.0000	4.0243	0.0000	4.9679	0.0000	0.0000	0.0000	0.0000	0.0000	0.0000	0.0000	0.0000	0.0000	0.0000	0.0000	0.0000	0.0000	0.0000	0.0000	0.0000	0.0000	0.0000	0.0000	0.0000	0.0000	0.0000	0.0000	0.0000	0.0000	0.0000	0.0000	0.0000	0.0000	0.0000	0.0000	0.0000	0.0000	0.0000	0.0000	0.0000	0.0000
32	39	0.0920	4	2	0	0	0	0	0	0	0	1	0	1	0	0	0	0	0	0	0	Y	N	N	N	N	N	N	N	N	N	N	N	N	N	N	N	N	N	0.0000	0.0000	0.0000	0.0000	0.0000	0.0000	0.0000	0.0000	0.0000	0.0000	0.0000	0.0000	0.0000	0.0000	0.0000	0.0000	0.0000	0.0000	41.5083	111.0736	0.0000	0.1284	0.1374	0.0000	42.4676	117.7340	0.0000		0.0000	0.0000	-0.4604	4.0243	0.0000	4.9679	1.0000	0.0000	0.0000	0.0000	0.0000	0.0000	0.0000	0.0000	0.0000	0.0000	0.9990	0.9990	0.0000	0.0001	0.0001	0.0000	0.9989	0.9989	0.0000	0.0000	0.0000	0.0000	0.0000	0.0000	0.0000	0.0000	0.0000	0.0000	0.0241	0.0090	0.0151	0.0005	0.0005	0.0000	0.0235	0.0085	0.0150
32	40	0.1585	9	2	0	1	0	0	0	1	0	0	0	0	0	0	0	0	0	0	0	Y	N	N	N	N	N	N	N	N	N	N	N	N	N	N	N	N	N	0.0006	0.0003	0.0000	0.2098	0.1736	0.0000	0.0000	0.0000	0.0000	0.0020	0.0022	0.0000	0.0153	0.0159	0.0000	0.0000	0.0000	0.0000	3.4668	8.9118	0.0000	0.0729	0.0917	0.0000	3.8452	11.1875	0.0000	0.0000	0.0000	-0.0006	-0.4596	4.0243	9.0556	4.9679	5.2001	0.0014	0.0014	0.0000	0.0014	0.0014	0.0000	0.0000	0.0000	0.0000	0.9973	0.9973	0.0000	0.0021	0.0021	0.0000	0.9952	0.9952	0.0000	0.6879	0.6074	0.0805	0.0890	0.0855	0.0035	0.5990	0.5219	0.0770	0.2877	0.1119	0.1758	0.0289	0.0230	0.0059	0.2588	0.0890	0.1699
32	41	0.1436	8	2	0	0	0	1	0	0	0	0	0	0	0	0	0	0	0	0	0	Y	N	N	N	N	N	N	N	N	N	N	N	N	N	N	N	N	N	0.1548	0.0049	8.2029	0.0003	0.0003	0.0000	0.1585	0.0045	8.2079	0.0163	0.0012	0.1260	0.0000	0.0000	0.0000	0.0184	0.0014	0.1307	0.1051	0.2539	0.0154	0.0006	0.0007	0.0000	0.1160	0.3141	0.0159	13.9471	0.1003	0.0007	-0.0018	4.0243	1.0068	4.9679	1.0688	0.0014	0.0001	0.0013	0.0000	0.0000	0.0000	0.0014	0.0001	0.0013	0.0049	0.0045	0.0004	0.0000	0.0000	0.0000	0.0049	0.0045	0.0004	0.0836	0.0735	0.0101	0.0096	0.0092	0.0004	0.0740	0.0643	0.0097	0.0469	0.0177	0.0293	0.0044	0.0034	0.0010	0.0425	0.0143	0.0282
32	45	0.1098	9	2	0	0	1	0	0	0	1	0	0	1	1	0	0	0	0	0	0	Y	N	N	N	N	N	N	N	N	N	N	N	N	N	N	N	N	N	0.0000	0.0000	0.0000	0.0000	0.0000	0.0000	0.0000	0.0000	0.0000	0.0000	0.0000	0.0000	0.0000	0.0000	0.0000	0.0000	0.0000	0.0000	0.0000	0.0000	0.0000	0.0002	0.0002	0.0000	0.0000	0.0000	0.0000		0.0000	0.0000	-0.0000	4.0243	0.9998	4.9679	0.0048	0.0000	0.0000	0.0000	0.0000	0.0000	0.0000	0.0000	0.0000	0.0000	0.0000	0.0000	0.0000	0.0000	0.0000	0.0000	0.0000	0.0000	0.0000	0.0866	0.0759	0.0107	0.0071	0.0067	0.0004	0.0796	0.0692	0.0104	0.0244	0.0093	0.0152	0.0008	0.0007	0.0000	0.0237	0.0086	0.0151
32	46	0.1039	8	2	0	0	0	0	0	0	0	0	0	1	1	0	0	0	0	0	0	Y	N	N	N	N	N	N	N	N	N	N	N	N	N	N	N	N	N	0.0000	0.0000	0.0000	0.0000	0.0000	0.0000	0.0000	0.0000	0.0000	0.0000	0.0000	0.0000	0.0000	0.0000	0.0000	0.0000	0.0000	0.0000	0.0020	0.0053	0.0000	0.0556	0.0580	0.0000	0.0000	0.0000	0.0000		0.0004	-0.0000	-0.0000	4.0243	0.0006	4.9679	0.9846	0.0000	0.0000	0.0000	0.0000	0.0000	0.0000	0.0000	0.0000	0.0000	0.0000	0.0000	0.0000	0.0000	0.0000	0.0000	0.0000	0.0000	0.0000	0.0001	0.0001	0.0000	0.0000	0.0000	0.0000	0.0001	0.0001	0.0000	0.0244	0.0092	0.0152	0.0009	0.0008	0.0000	0.0235	0.0084	0.0151
32	47	0.0920	7	2	0	0	0	0	0	0	0	0	1	1	1	0	0	0	0	0	0	Y	N	N	N	N	N	N	N	N	N	N	N	N	N	N	N	N	N	3.4430	1.4721	0.0000	1.5255	1.4963	0.0000	0.0000	0.0000	0.0000	0.0001	0.0001	0.0000	0.0012	0.0012	0.0000	0.0000	0.0000	0.0000	0.0000	0.0000	0.0000	0.0008	0.0008	0.0000	0.0000	0.0000	0.0000	0.0000	0.0000	-0.0000	-0.0000	4.0243	1.9996	4.9679	0.0187	0.0000	0.0000	0.0000	0.0000	0.0000	0.0000	0.0000	0.0000	0.0000	0.0000	0.0000	0.0000	0.0000	0.0000	0.0000	0.0000	0.0000	0.0000	0.1701	0.1488	0.0213	0.0087	0.0083	0.0004	0.1614	0.1406	0.0209	0.0481	0.0180	0.0301	0.0011	0.0010	0.0001	0.0470	0.0170	0.0300
32	48	0.0920	6	2	0	0	0	0	0	0	0	1	0	1	0	0	0	0	0	0	0	Y	N	N	N	N	N	N	N	N	N	N	N	N	N	N	N	N	N	0.0000	0.0000	0.0000	0.0000	0.0000	0.0000	0.0000	0.0000	0.0000	0.0000	0.0000	0.0000	0.0000	0.0000	0.0000	0.0000	0.0000	0.0000	0.0000	0.0000	0.0000	0.0000	0.0000	0.0000	0.0000	0.0000	0.0000			0.0000	0.0000	4.0243	0.0000	4.9679	0.0000	0.0000	0.0000	0.0000	0.0000	0.0000	0.0000	0.0000	0.0000	0.0000	0.0000	0.0000	0.0000	0.0000	0.0000	0.0000	0.0000	0.0000	0.0000	0.0000	0.0000	0.0000	0.0000	0.0000	0.0000	0.0000	0.0000	0.0000	0.0000	0.0000	0.0000	0.0000	0.0000	0.0000	0.0000	0.0000	0.0000
32	50	0.1512	8	2	0	1	0	0	0	0	0	0	0	0	0	0	0	0	0	0	0	Y	N	N	N	N	N	N	N	N	N	N	N	N	N	N	N	N	N	1317.3985	619.7321	0.0000	826.6989	712.4969	0.0000	22564.0927	1261355.9243	0.0000	0.1836	0.2082	0.0000	0.8281	0.8636	0.0000	0.0746	0.0858	0.0000	0.0001	0.0003	0.0000	0.0010	0.0012	0.0000	0.0000	0.0000	0.0000	0.0000	0.0208	-0.0191	-0.0000	4.0243	3.0380	4.9679	0.0352	0.0461	0.0461	0.0000	0.0301	0.0301	0.0000	0.0160	0.0160	0.0000	0.0000	0.0000	0.0000	0.0000	0.0000	0.0000	0.0000	0.0000	0.0000	0.2510	0.2214	0.0296	0.0363	0.0348	0.0015	0.2146	0.1866	0.0281	0.0700	0.0285	0.0416	0.0095	0.0079	0.0017	0.0605	0.0206	0.0399
32	51	0.1371	7	2	0	1	0	1	0	1	0	0	0	0	0	0	0	0	0	0	0	Y	N	N	N	N	N	N	N	N	N	N	N	N	N	N	N	N	N	4662.6336	2087.6129	2686209.2181	158.6191	145.0421	0.0000	77966.2155	27756.1333	2717547.7551	11.6981	12.9189	2.7387	2.3812	2.4766	0.0000	13.1459	14.7176	2.8624	0.0025	0.0062	0.0000	0.0150	0.0171	0.0000	0.0002	0.0005	0.0000	0.0289	0.0002	-0.4019	-0.0001	4.0243	1.0494	4.9679	1.5573	1.0398	1.0106	0.0292	0.0285	0.0285	0.0000	1.0113	0.9821	0.0292	0.0002	0.0002	0.0000	0.0002	0.0002	0.0000	0.0000	0.0000	0.0000	0.0889	0.0782	0.0107	0.0120	0.0115	0.0005	0.0769	0.0667	0.0102	0.0676	0.0274	0.0402	0.0107	0.0094	0.0013	0.0570	0.0180	0.0389
32	54	0.0920	7	2	0	1	0	0	0	0	0	0	0	0	0	0	0	0	0	0	0	Y	N	N	N	N	N	N	N	N	N	N	N	N	N	N	N	N	N	0.0000	0.0000	0.0000	0.0000	0.0000	0.0000	0.0000	0.0000	0.0000	0.0000	0.0000	0.0000	0.0000	0.0000	0.0000	0.0000	0.0000	0.0000	0.0010	0.0025	0.0000	0.0429	0.0459	0.0000	0.0000	0.0000	0.0000		0.0001	0.0000	-0.0001	4.0243	4.0000	4.9679	4.0000	0.0000	0.0000	0.0000	0.0000	0.0000	0.0000	0.0000	0.0000	0.0000	0.0002	0.0002	0.0000	0.0002	0.0002	0.0000	0.0000	0.0000	0.0000	0.3329	0.2915	0.0414	0.0170	0.0162	0.0008	0.3158	0.2753	0.0406	0.1790	0.0673	0.1117	0.0040	0.0037	0.0003	0.1750	0.0636	0.1114
32	55	0.0920	6	2	0	1	0	0	0	1	0	0	0	0	0	0	0	0	0	0	0	Y	N	N	N	N	N	N	N	N	N	N	N	N	N	N	N	N	N	0.0000	0.0000	0.0000	0.0000	0.0000	0.0000	0.0000	0.0000	0.0000	0.0000	0.0000	0.0000	0.0000	0.0000	0.0000	0.0000	0.0000	0.0000	0.0781	0.2092	0.0000	3.4361	3.6787	0.0000	0.0000	0.0000	0.0000		0.0000	0.0000	-0.0000	4.0243	0.0000	4.9679	0.0000	0.0000	0.0000	0.0000	0.0000	0.0000	0.0000	0.0000	0.0000	0.0000	0.0000	0.0000	0.0000	0.0000	0.0000	0.0000	0.0000	0.0000	0.0000	0.0000	0.0000	0.0000	0.0000	0.0000	0.0000	0.0000	0.0000	0.0000	0.0000	0.0000	0.0000	0.0000	0.0000	0.0000	0.0000	0.0000	0.0000
32	56	0.0920	5	2	0	0	0	0	0	0	0	0	0	0	0	0	0	0	0	0	0	Y	N	N	N	N	N	N	N	N	N	N	N	N	N	N	N	N	N	0.0000	0.0000	0.0000	0.0000	0.0000	0.0000	0.0000	0.0000	0.0000	0.0000	0.0000	0.0000	0.0000	0.0000	0.0000	0.0000	0.0000	0.0000	0.0000	0.0000	0.0000	0.0000	0.0000	0.0000	0.0000	0.0000	0.0000			0.0000	0.0000	4.0243	0.0000	4.9679	0.0000	0.0000	0.0000	0.0000	0.0000	0.0000	0.0000	0.0000	0.0000	0.0000	0.0000	0.0000	0.0000	0.0000	0.0000	0.0000	0.0000	0.0000	0.0000	0.0000	0.0000	0.0000	0.0000	0.0000	0.0000	0.0000	0.0000	0.0000	0.0000	0.0000	0.0000	0.0000	0.0000	0.0000	0.0000	0.0000	0.0000
32	57	0.0920	4	2	0	0	0	0	0	0	0	0	0	0	0	0	0	0	0	0	0	Y	N	N	N	N	N	N	N	N	N	N	N	N	N	N	N	N	N	0.0000	0.0000	0.0000	0.0000	0.0000	0.0000	0.0000	0.0000	0.0000	0.0000	0.0000	0.0000	0.0000	0.0000	0.0000	0.0000	0.0000	0.0000	0.0000	0.0000	0.0000	0.0000	0.0000	0.0000	0.0000	0.0000	0.0000			0.0000	0.0000	4.0243	0.0000	4.9679	0.0000	0.0000	0.0000	0.0000	0.0000	0.0000	0.0000	0.0000	0.0000	0.0000	0.0000	0.0000	0.0000	0.0000	0.0000	0.0000	0.0000	0.0000	0.0000	0.0000	0.0000	0.0000	0.0000	0.0000	0.0000	0.0000	0.0000	0.0000	0.0000	0.0000	0.0000	0.0000	0.0000	0.0000	0.0000	0.0000	0.0000
32	58	0.0826	3	2	0	0	0	1	0	0	0	0	0	0	0	0	0	0	0	0	0	Y	N	N	N	N	N	N	N	N	N	N	N	N	N	N	N	N	N	0.0549	0.0009	3.6688	0.0005	0.0005	0.0000	12.7950	0.0000	61.9957	0.0004	0.0000	0.0035	0.0001	0.0001	0.0000	0.0005	0.0000	0.0036	0.0076	0.0185	0.0010	0.2322	0.2291	0.2810	0.0000	0.0000	0.0001	26.1308	0.0845	0.0000	-0.0001	4.0243	1.2118	4.9679	0.0039	0.0001	0.0000	0.0001	0.0000	0.0000	0.0000	0.0001	0.0000	0.0001	0.0002	0.0002	0.0000	0.0002	0.0002	0.0000	0.0000	0.0000	0.0000	0.1331	0.1178	0.0153	0.0195	0.0193	0.0003	0.1135	0.0985	0.0150	0.0299	0.0113	0.0185	0.0010	0.0009	0.0001	0.0289	0.0104	0.0185
32	65	0.1111	7	2	0	1	0	1	0	1	0	0	0	0	0	0	0	0	0	0	0	Y	N	N	N	N	N	N	N	N	N	N	N	N	N	N	N	N	N	0.0000	0.0000	0.0000	0.0000	0.0000	0.0000	0.0000	0.0000	0.0000	0.0000	0.0000	0.0000	0.0000	0.0000	0.0000	0.0000	0.0000	0.0000	0.0001	0.0003	0.0000	0.0009	0.0011	0.0000	0.0000	0.0000	0.0000		0.0019	0.0000	-0.0000	4.0243	2.0000	4.9679	2.0000	0.0000	0.0000	0.0000	0.0000	0.0000	0.0000	0.0000	0.0000	0.0000	0.0000	0.0000	0.0000	0.0000	0.0000	0.0000	0.0000	0.0000	0.0000	0.1695	0.1492	0.0203	0.0099	0.0092	0.0006	0.1597	0.1400	0.0197	0.0943	0.0366	0.0577	0.0108	0.0087	0.0021	0.0835	0.0279	0.0556
32	73	0.1593	6	2	0	1	0	0	0	0	0	0	0	1	0	0	0	0	0	0	0	Y	N	N	N	N	N	N	N	N	N	N	N	N	N	N	N	N	N	0.0000	0.0000	0.0000	0.0000	0.0000	0.0000	0.0000	0.0000	0.0000	0.0000	0.0000	0.0000	0.0000	0.0000	0.0000	0.0000	0.0000	0.0000	0.0000	0.0000	0.0000	0.0000	0.0000	0.0000	0.0000	0.0000	0.0000			0.0000	0.0000	4.0243	0.0000	4.9679	0.0000	0.0000	0.0000	0.0000	0.0000	0.0000	0.0000	0.0000	0.0000	0.0000	0.0000	0.0000	0.0000	0.0000	0.0000	0.0000	0.0000	0.0000	0.0000	0.0000	0.0000	0.0000	0.0000	0.0000	0.0000	0.0000	0.0000	0.0000	0.0007	0.0005	0.0002	0.0004	0.0003	0.0000	0.0003	0.0001	0.0002
32	74	0.0871	5	2	0	1	0	0	0	0	0	1	0	1	0	0	0	0	0	0	0	Y	N	N	N	N	N	N	N	N	N	N	N	N	N	N	N	N	N	0.0011	0.0003	0.3021	0.0002	0.0002	7.9033	0.0112	0.0026	0.3000	0.0001	0.0000	0.0003	0.0002	0.0002	0.0001	0.0001	0.0000	0.0003	0.0642	0.1556	0.0009	0.7220	0.8394	0.0000	0.0058	0.0143	0.0009	0.8425	0.0079	0.0000	-0.0067	4.0243	3.8563	4.9679	5.9737	0.0000	0.0000	0.0000	0.0000	0.0000	0.0000	0.0000	0.0000	0.0000	0.0149	0.0148	0.0001	0.0136	0.0136	0.0000	0.0012	0.0011	0.0001	0.3214	0.2819	0.0395	0.0132	0.0124	0.0007	0.3083	0.2695	0.0388	0.2316	0.0948	0.1368	0.0189	0.0162	0.0026	0.2128	0.0786	0.1342
32	75	0.0871	5	2	0	1	0	0	0	0	0	0	0	0	0	0	0	0	0	0	0	Y	N	N	N	N	N	N	N	N	N	N	N	N	N	N	N	N	N	0.0000	0.0000	0.0000	1.5549	1.5718	0.0000	0.0000	0.0000	0.0000	0.0002	0.0002	0.0000	0.0043	0.0046	0.0000	0.0000	0.0000	0.0000	5.7392	13.7871	0.0005	0.0028	0.0029	0.0018	6.3073	17.0139	0.0004	0.0000	0.0000	-0.0000	-0.4588	4.0243	4.9966	4.9679	2.0573	0.0001	0.0001	0.0000	0.0001	0.0001	0.0000	0.0000	0.0000	0.0000	0.9956	0.9955	0.0000	0.0000	0.0000	0.0000	0.9955	0.9955	0.0000	0.4086	0.3585	0.0501	0.0166	0.0157	0.0009	0.3919	0.3428	0.0491	0.1735	0.0722	0.1013	0.0156	0.0137	0.0019	0.1578	0.0585	0.0993
32	76	0.0816	4	2	0	1	0	1	0	1	0	0	0	0	0	0	0	0	0	0	0	Y	N	N	N	N	N	N	N	N	N	N	N	N	N	N	N	N	N	0.8016	0.5503	0.2808	2.7039	2.6966	0.0812	0.0139	0.0000	0.2825	0.0825	0.0952	0.0072	0.3246	0.3263	0.0009	0.0014	0.0000	0.0072	0.1029	0.1730	0.0255	0.1200	0.1210	0.0108	0.0991	0.1998	0.0256	0.0127	0.1336	-0.0001	-0.0014	4.0243	0.0131	4.9679	1.0784	0.0002	0.0002	0.0000	0.0002	0.0002	0.0000	0.0000	0.0000	0.0000	0.0041	0.0036	0.0005	0.0009	0.0009	0.0000	0.0032	0.0027	0.0005	0.0021	0.0018	0.0003	0.0005	0.0005	0.0000	0.0016	0.0013	0.0003	0.0395	0.0207	0.0187	0.0071	0.0070	0.0001	0.0323	0.0137	0.0187
34	36	0.0758	7	2	0	1	0	0	0	1	0	0	0	1	1	0	0	0	0	0	0	Y	N	N	N	N	N	N	N	N	N	N	N	N	N	N	N	N	N	0.0000	0.0000	0.0000	0.0000	0.0000	0.0000	0.0000	0.0000	0.0000	0.0000	0.0000	0.0000	0.0000	0.0000	0.0000	0.0000	0.0000	0.0000	0.0000	0.0000	0.0000	0.0000	0.0000	0.0000	0.0000	0.0000	0.0000			0.0000	0.0000	3.0233	3.0000	2.0370	5.0000	0.0000	0.0000	0.0000	0.0000	0.0000	0.0000	0.0000	0.0000	0.0000	0.0000	0.0000	0.0000	0.0000	0.0000	0.0000	0.0000	0.0000	0.0000	0.1936	0.1694	0.0242	0.0102	0.0097	0.0005	0.1834	0.1597	0.0237	0.1094	0.0432	0.0662	0.0048	0.0044	0.0003	0.1046	0.0388	0.0659
34	37	0.0758	6	2	0	1	0	0	0	1	0	0	1	1	1	0	0	0	0	0	0	Y	N	N	N	N	N	N	N	N	N	N	N	N	N	N	N	N	N	0.0000	0.0000	0.0000	0.0000	0.0000	0.0000	0.0000	0.0000	0.0000	0.0000	0.0000	0.0000	0.0000	0.0000	0.0000	0.0000	0.0000	0.0000	0.0000	0.0000	0.0000	0.0000	0.0000	0.0000	0.0000	0.0000	0.0000			0.0000	0.0000	3.0233	0.0000	2.0370	0.0000	0.0000	0.0000	0.0000	0.0000	0.0000	0.0000	0.0000	0.0000	0.0000	0.0000	0.0000	0.0000	0.0000	0.0000	0.0000	0.0000	0.0000	0.0000	0.0000	0.0000	0.0000	0.0000	0.0000	0.0000	0.0000	0.0000	0.0000	0.0000	0.0000	0.0000	0.0000	0.0000	0.0000	0.0000	0.0000	0.0000
34	38	0.0758	5	2	0	1	0	0	0	1	0	0	0	1	0	0	0	0	0	0	0	Y	N	N	N	N	N	N	N	N	N	N	N	N	N	N	N	N	N	0.0000	0.0000	0.0000	0.0000	0.0000	0.0000	0.0000	0.0000	0.0000	0.0000	0.0000	0.0000	0.0000	0.0000	0.0000	0.0000	0.0000	0.0000	0.0000	0.0000	0.0000	0.0000	0.0000	0.0000	0.0000	0.0000	0.0000			0.0000	0.0000	3.0233	0.0000	2.0370	0.0000	0.0000	0.0000	0.0000	0.0000	0.0000	0.0000	0.0000	0.0000	0.0000	0.0000	0.0000	0.0000	0.0000	0.0000	0.0000	0.0000	0.0000	0.0000	0.0000	0.0000	0.0000	0.0000	0.0000	0.0000	0.0000	0.0000	0.0000	0.0000	0.0000	0.0000	0.0000	0.0000	0.0000	0.0000	0.0000	0.0000
34	39	0.0699	4	2	0	1	0	0	0	1	0	1	0	1	0	0	0	0	0	0	0	Y	N	N	N	N	N	N	N	N	N	N	N	N	N	N	N	N	N	0.0000	0.0000	0.0000	0.0000	0.0000	0.0000	0.0000	0.0000	0.0000	0.0000	0.0000	0.0000	0.0000	0.0000	0.0000	0.0000	0.0000	0.0000	0.0743	0.1901	0.0000	1.9468	2.0246	0.0000	0.0000	0.0000	0.0000		0.0000	0.0000	-0.0005	3.0233	0.0000	2.0370	1.0000	0.0000	0.0000	0.0000	0.0000	0.0000	0.0000	0.0000	0.0000	0.0000	0.0011	0.0011	0.0000	0.0011	0.0011	0.0000	0.0000	0.0000	0.0000	0.0000	0.0000	0.0000	0.0000	0.0000	0.0000	0.0000	0.0000	0.0000	0.0147	0.0057	0.0089	0.0006	0.0005	0.0000	0.0141	0.0052	0.0089
34	41	0.1215	8	2	0	1	0	1	0	1	0	0	0	0	0	0	0	0	0	0	0	Y	N	N	N	N	N	N	N	N	N	N	N	N	N	N	N	N	N	0.0147	0.0085	0.0055	0.0102	0.0085	0.0000	0.0162	0.0094	0.0055	0.0000	0.0000	0.0000	0.0000	0.0000	0.0000	0.0000	0.0000	0.0000	0.0014	0.0028	0.0006	0.0037	0.0046	0.0000	0.0012	0.0023	0.0006	0.0183	0.3202	-0.0000	-0.0000	3.0233	1.0068	2.0370	1.0688	0.0000	0.0000	0.0000	0.0000	0.0000	0.0000	0.0000	0.0000	0.0000	0.0000	0.0000	0.0000	0.0000	0.0000	0.0000	0.0000	0.0000	0.0000	0.0641	0.0564	0.0077	0.0075	0.0072	0.0003	0.0567	0.0492	0.0075	0.0284	0.0111	0.0173	0.0030	0.0024	0.0006	0.0254	0.0087	0.0167
34	45	0.0877	9	2	0	1	1	0	0	1	1	0	0	1	1	0	0	0	0	0	0	Y	N	N	N	N	N	N	N	N	N	N	N	N	N	N	N	N	N	0.0000	0.0000	0.0000	0.0000	0.0000	0.0000	0.0000	0.0000	0.0000	0.0000	0.0000	0.0000	0.0000	0.0000	0.0000	0.0000	0.0000	0.0000	0.0000	0.0000	0.0000	0.0003	0.0003	0.0000	0.0000	0.0000	0.0000		0.0000	0.0000	-0.0000	3.0233	0.9998	2.0370	0.0048	0.0000	0.0000	0.0000	0.0000	0.0000	0.0000	0.0000	0.0000	0.0000	0.0000	0.0000	0.0000	0.0000	0.0000	0.0000	0.0000	0.0000	0.0000	0.0664	0.0582	0.0083	0.0055	0.0052	0.0003	0.0609	0.0530	0.0080	0.0149	0.0059	0.0090	0.0007	0.0007	0.0000	0.0142	0.0052	0.0090
34	46	0.0817	8	2	0	1	0	0	0	1	0	0	0	1	1	0	0	0	0	0	0	Y	N	N	N	N	N	N	N	N	N	N	N	N	N	N	N	N	N	0.0000	0.0000	0.0000	0.0000	0.0000	0.0000	0.0000	0.0000	0.0000	0.0000	0.0000	0.0000	0.0000	0.0000	0.0000	0.0000	0.0000	0.0000	0.0033	0.0084	0.0000	0.0653	0.0672	0.0000	0.0000	0.0000	0.0000		0.0001	0.0000	-0.0000	3.0233	0.0006	2.0370	0.9846	0.0000	0.0000	0.0000	0.0000	0.0000	0.0000	0.0000	0.0000	0.0000	0.0000	0.0000	0.0000	0.0000	0.0000	0.0000	0.0000	0.0000	0.0000	0.0001	0.0001	0.0000	0.0000	0.0000	0.0000	0.0001	0.0001	0.0000	0.0148	0.0058	0.0090	0.0008	0.0007	0.0000	0.0141	0.0051	0.0090
34	47	0.0699	7	2	0	1	0	0	0	1	0	0	1	1	1	0	0	0	0	0	0	Y	N	N	N	N	N	N	N	N	N	N	N	N	N	N	N	N	N	0.0000	0.0000	0.0000	0.0000	0.0000	0.0000	0.0000	0.0000	0.0000	0.0000	0.0000	0.0000	0.0000	0.0000	0.0000	0.0000	0.0000	0.0000	0.0000	0.0001	0.0000	0.0007	0.0007	0.0000	0.0000	0.0000	0.0000		0.0000	0.0000	-0.0000	3.0233	1.9996	2.0370	0.0187	0.0000	0.0000	0.0000	0.0000	0.0000	0.0000	0.0000	0.0000	0.0000	0.0000	0.0000	0.0000	0.0000	0.0000	0.0000	0.0000	0.0000	0.0000	0.1305	0.1141	0.0164	0.0069	0.0065	0.0003	0.1236	0.1076	0.0160	0.0293	0.0115	0.0178	0.0011	0.0011	0.0000	0.0282	0.0104	0.0178
34	48	0.0699	6	2	0	1	0	0	0	1	0	1	0	1	0	0	0	0	0	0	0	Y	N	N	N	N	N	N	N	N	N	N	N	N	N	N	N	N	N	0.0000	0.0000	0.0000	0.0000	0.0000	0.0000	0.0000	0.0000	0.0000	0.0000	0.0000	0.0000	0.0000	0.0000	0.0000	0.0000	0.0000	0.0000	0.0000	0.0000	0.0000	0.0000	0.0000	0.0000	0.0000	0.0000	0.0000			0.0000	0.0000	3.0233	0.0000	2.0370	0.0000	0.0000	0.0000	0.0000	0.0000	0.0000	0.0000	0.0000	0.0000	0.0000	0.0000	0.0000	0.0000	0.0000	0.0000	0.0000	0.0000	0.0000	0.0000	0.0000	0.0000	0.0000	0.0000	0.0000	0.0000	0.0000	0.0000	0.0000	0.0000	0.0000	0.0000	0.0000	0.0000	0.0000	0.0000	0.0000	0.0000
34	56	0.0699	5	2	0	1	0	0	0	1	0	0	0	0	0	0	0	0	0	0	0	Y	N	N	N	N	N	N	N	N	N	N	N	N	N	N	N	N	N	0.0000	0.0000	0.0000	0.0000	0.0000	0.0000	0.0000	0.0000	0.0000	0.0000	0.0000	0.0000	0.0000	0.0000	0.0000	0.0000	0.0000	0.0000	0.0000	0.0000	0.0000	0.0000	0.0000	0.0000	0.0000	0.0000	0.0000			0.0000	0.0000	3.0233	0.0000	2.0370	0.0000	0.0000	0.0000	0.0000	0.0000	0.0000	0.0000	0.0000	0.0000	0.0000	0.0000	0.0000	0.0000	0.0000	0.0000	0.0000	0.0000	0.0000	0.0000	0.0000	0.0000	0.0000	0.0000	0.0000	0.0000	0.0000	0.0000	0.0000	0.0000	0.0000	0.0000	0.0000	0.0000	0.0000	0.0000	0.0000	0.0000
34	57	0.0699	4	2	0	1	0	0	0	1	0	0	0	0	0	0	0	0	0	0	0	Y	N	N	N	N	N	N	N	N	N	N	N	N	N	N	N	N	N	0.0000	0.0000	0.0000	0.0000	0.0000	0.0000	0.0000	0.0000	0.0000	0.0000	0.0000	0.0000	0.0000	0.0000	0.0000	0.0000	0.0000	0.0000	0.0000	0.0000	0.0000	0.0000	0.0000	0.0000	0.0000	0.0000	0.0000			0.0000	0.0000	3.0233	0.0000	2.0370	0.0000	0.0000	0.0000	0.0000	0.0000	0.0000	0.0000	0.0000	0.0000	0.0000	0.0000	0.0000	0.0000	0.0000	0.0000	0.0000	0.0000	0.0000	0.0000	0.0000	0.0000	0.0000	0.0000	0.0000	0.0000	0.0000	0.0000	0.0000	0.0000	0.0000	0.0000	0.0000	0.0000	0.0000	0.0000	0.0000	0.0000
34	58	0.0604	3	2	0	1	0	1	0	1	0	0	0	0	0	0	0	0	0	0	0	Y	N	N	N	N	N	N	N	N	N	N	N	N	N	N	N	N	N	0.0060	0.0001	5.2125	0.0001	0.0001	0.0000	1.1107	0.0000	5.5597	0.0005	0.0000	0.0046	0.0001	0.0001	0.0000	0.0006	0.0000	0.0047	0.0917	0.2297	0.0009	1.8572	1.9489	0.0113	0.0006	0.0001	0.0008	26.1308	0.0058	0.0000	-0.0008	3.0233	1.2118	2.0370	0.0039	0.0001	0.0000	0.0001	0.0000	0.0000	0.0000	0.0001	0.0000	0.0001	0.0017	0.0017	0.0000	0.0017	0.0017	0.0000	0.0000	0.0000	0.0000	0.1021	0.0903	0.0117	0.0151	0.0149	0.0002	0.0869	0.0754	0.0115	0.0182	0.0072	0.0110	0.0009	0.0009	0.0000	0.0173	0.0064	0.0109
35	36	0.0423	6	2	0	0	0	1	0	0	0	0	0	1	1	0	0	0	0	0	0	Y	N	N	N	N	N	N	N	N	N	N	N	N	N	N	N	N	N	0.0000	0.0000	0.0000	0.0000	0.0000	0.0000	0.0000	0.0000	0.0000	0.0000	0.0000	0.0000	0.0000	0.0000	0.0000	0.0000	0.0000	0.0000	0.0000	0.0000	0.0000	0.0000	0.0000	0.0000	0.0000	0.0000	0.0000			0.0000	0.0000	1.0742	3.0000	0.1055	5.0000	0.0000	0.0000	0.0000	0.0000	0.0000	0.0000	0.0000	0.0000	0.0000	0.0000	0.0000	0.0000	0.0000	0.0000	0.0000	0.0000	0.0000	0.0000	0.0838	0.0744	0.0094	0.0095	0.0093	0.0002	0.0743	0.0651	0.0092	0.0314	0.0145	0.0168	0.0031	0.0031	0.0001	0.0283	0.0115	0.0168
35	37	0.0423	5	2	0	0	0	1	0	0	0	0	1	1	1	0	0	0	0	0	0	Y	N	N	N	N	N	N	N	N	N	N	N	N	N	N	N	N	N	0.0000	0.0000	0.0000	0.0000	0.0000	0.0000	0.0000	0.0000	0.0000	0.0000	0.0000	0.0000	0.0000	0.0000	0.0000	0.0000	0.0000	0.0000	0.0000	0.0000	0.0000	0.0000	0.0000	0.0000	0.0000	0.0000	0.0000			0.0000	0.0000	1.0742	0.0000	0.1055	0.0000	0.0000	0.0000	0.0000	0.0000	0.0000	0.0000	0.0000	0.0000	0.0000	0.0000	0.0000	0.0000	0.0000	0.0000	0.0000	0.0000	0.0000	0.0000	0.0000	0.0000	0.0000	0.0000	0.0000	0.0000	0.0000	0.0000	0.0000	0.0000	0.0000	0.0000	0.0000	0.0000	0.0000	0.0000	0.0000	0.0000
35	38	0.0423	4	2	0	0	0	1	0	0	0	0	0	1	0	0	0	0	0	0	0	Y	N	N	N	N	N	N	N	N	N	N	N	N	N	N	N	N	N	0.0000	0.0000	0.0000	0.0000	0.0000	0.0000	0.0000	0.0000	0.0000	0.0000	0.0000	0.0000	0.0000	0.0000	0.0000	0.0000	0.0000	0.0000	0.0000	0.0000	0.0000	0.0000	0.0000	0.0000	0.0000	0.0000	0.0000			0.0000	0.0000	1.0742	0.0000	0.1055	0.0000	0.0000	0.0000	0.0000	0.0000	0.0000	0.0000	0.0000	0.0000	0.0000	0.0000	0.0000	0.0000	0.0000	0.0000	0.0000	0.0000	0.0000	0.0000	0.0000	0.0000	0.0000	0.0000	0.0000	0.0000	0.0000	0.0000	0.0000	0.0000	0.0000	0.0000	0.0000	0.0000	0.0000	0.0000	0.0000	0.0000
35	39	0.0364	3	2	0	0	0	1	0	0	0	1	0	1	0	0	0	0	0	0	0	Y	N	N	N	N	N	N	N	N	N	N	N	N	N	N	N	N	N	0.0000	0.0000	0.0000	0.0000	0.0000	0.0000	0.0000	0.0000	0.0000	0.0000	0.0000	0.0000	0.0000	0.0000	0.0000	0.0000	0.0000	0.0000	0.2601	0.5277	0.0307	0.0243	0.0246	0.0000	0.2854	0.6599	0.0308		0.0680	0.0000	-0.0004	1.0742	0.0000	0.1055	1.0000	0.0000	0.0000	0.0000	0.0000	0.0000	0.0000	0.0000	0.0000	0.0000	0.0011	0.0010	0.0001	0.0000	0.0000	0.0000	0.0011	0.0010	0.0001	0.0000	0.0000	0.0000	0.0000	0.0000	0.0000	0.0000	0.0000	0.0000	0.0042	0.0020	0.0023	0.0004	0.0004	0.0000	0.0038	0.0015	0.0023
35	40	0.1029	8	2	0	1	0	1	0	1	0	0	0	0	0	0	0	0	0	0	0	Y	N	N	N	N	N	N	N	N	N	N	N	N	N	N	N	N	N	0.0105	0.0048	4.0102	0.6229	0.5681	2.8215	0.0002	0.0000	19.0604	0.0004	0.0004	0.0005	0.0022	0.0020	0.0117	0.0000	0.0000	0.0001	0.0382	0.0801	0.0001	0.0036	0.0035	0.0041	0.0448	0.1137	0.0000	0.1624	0.0018	-0.0000	-0.0009	1.0742	9.0556	0.1055	5.2001	0.0001	0.0001	0.0000	0.0001	0.0001	0.0000	0.0000	0.0000	0.0000	0.0019	0.0019	0.0000	0.0000	0.0000	0.0000	0.0019	0.0019	0.0000	0.2271	0.2031	0.0240	0.0403	0.0393	0.0010	0.1868	0.1638	0.0230	0.0504	0.0240	0.0264	0.0081	0.0073	0.0008	0.0423	0.0167	0.0256
35	41	0.0880	7	2	0	0	0	2	0	0	0	0	0	0	0	0	0	0	0	0	0	Y	N	N	N	N	N	N	N	N	N	N	N	N	N	N	N	N	N	1.4382	0.8850	1.1163	0.2388	0.1840	inf	1.7991	1.0002	0.8642	0.0030	0.0033	0.0007	0.0007	0.0006	0.0052	0.0034	0.0039	0.0006	0.0021	0.0037	0.0007	0.0029	0.0033	0.0000	0.0019	0.0039	0.0007	0.0272	0.2018	-0.0000	-0.0000	1.0742	1.0068	0.1055	1.0688	0.0001	0.0001	0.0000	0.0000	0.0000	0.0000	0.0001	0.0001	0.0000	0.0000	0.0000	0.0000	0.0000	0.0000	0.0000	0.0000	0.0000	0.0000	0.0278	0.0248	0.0030	0.0046	0.0045	0.0001	0.0231	0.0202	0.0029	0.0083	0.0039	0.0044	0.0013	0.0012	0.0001	0.0070	0.0027	0.0043
35	45	0.0542	8	2	0	0	1	1	0	0	1	0	0	1	1	0	0	0	0	0	0	Y	N	N	N	N	N	N	N	N	N	N	N	N	N	N	N	N	N	0.0000	0.0000	0.0000	0.0000	0.0000	0.0000	0.0000	0.0000	0.0000	0.0000	0.0000	0.0000	0.0000	0.0000	0.0000	0.0000	0.0000	0.0000	0.0000	0.0000	0.0001	0.0001	0.0001	0.0000	0.0000	0.0000	0.0001		5.0002	0.0000	0.0000	1.0742	0.9998	0.1055	0.0048	0.0000	0.0000	0.0000	0.0000	0.0000	0.0000	0.0000	0.0000	0.0000	0.0000	0.0000	0.0000	0.0000	0.0000	0.0000	0.0000	0.0000	0.0000	0.0288	0.0256	0.0032	0.0040	0.0039	0.0001	0.0248	0.0217	0.0031	0.0043	0.0020	0.0023	0.0004	0.0004	0.0000	0.0038	0.0016	0.0023
35	46	0.0483	7	2	0	0	0	1	0	0	0	0	0	1	1	0	0	0	0	0	0	Y	N	N	N	N	N	N	N	N	N	N	N	N	N	N	N	N	N	0.0000	0.0000	0.0000	0.0000	0.0000	0.0000	0.0000	0.0000	0.0000	0.0000	0.0000	0.0000	0.0000	0.0000	0.0000	0.0000	0.0000	0.0000	0.0138	0.0050	0.0214	0.0217	0.0220	0.0000	0.0129	0.0000	0.0215		4.9894	-0.0000	0.0000	1.0742	0.0006	0.1055	0.9846	0.0000	0.0000	0.0000	0.0000	0.0000	0.0000	0.0000	0.0000	0.0000	0.0001	0.0000	0.0000	0.0000	0.0000	0.0000	0.0000	0.0000	0.0000	0.0000	0.0000	0.0000	0.0000	0.0000	0.0000	0.0000	0.0000	0.0000	0.0043	0.0020	0.0023	0.0005	0.0004	0.0000	0.0038	0.0015	0.0023
35	47	0.0364	6	2	0	0	0	1	0	0	0	0	1	1	1	0	0	0	0	0	0	Y	N	N	N	N	N	N	N	N	N	N	N	N	N	N	N	N	N	1.5193	4.7740	0.0000	0.0000	0.0000	0.0000	1.8542	inf	0.0000	0.0002	0.0002	0.0000	0.0000	0.0000	0.0000	0.0002	0.0002	0.0000	0.0001	0.0000	0.0002	0.0002	0.0002	0.0000	0.0001	0.0000	0.0002	0.0000	5.0464	-0.0000	0.0000	1.0742	1.9996	0.1055	0.0187	0.0000	0.0000	0.0000	0.0000	0.0000	0.0000	0.0000	0.0000	0.0000	0.0000	0.0000	0.0000	0.0000	0.0000	0.0000	0.0000	0.0000	0.0000	0.0565	0.0502	0.0063	0.0064	0.0063	0.0001	0.0501	0.0439	0.0062	0.0084	0.0039	0.0045	0.0008	0.0008	0.0000	0.0076	0.0031	0.0045
35	48	0.0364	5	2	0	0	0	1	0	0	0	1	0	1	0	0	0	0	0	0	0	Y	N	N	N	N	N	N	N	N	N	N	N	N	N	N	N	N	N	0.0000	0.0000	0.0000	0.0000	0.0000	0.0000	0.0000	0.0000	0.0000	0.0000	0.0000	0.0000	0.0000	0.0000	0.0000	0.0000	0.0000	0.0000	0.0000	0.0000	0.0000	0.0000	0.0000	0.0000	0.0000	0.0000	0.0000			0.0000	0.0000	1.0742	0.0000	0.1055	0.0000	0.0000	0.0000	0.0000	0.0000	0.0000	0.0000	0.0000	0.0000	0.0000	0.0000	0.0000	0.0000	0.0000	0.0000	0.0000	0.0000	0.0000	0.0000	0.0000	0.0000	0.0000	0.0000	0.0000	0.0000	0.0000	0.0000	0.0000	0.0000	0.0000	0.0000	0.0000	0.0000	0.0000	0.0000	0.0000	0.0000
35	50	0.0956	7	2	0	1	0	1	0	0	0	0	0	0	0	0	0	0	0	0	0	Y	N	N	N	N	N	N	N	N	N	N	N	N	N	N	N	N	N	1.0350	0.7005	1.0384	0.7733	0.9049	0.0000	12.9470	inf	10.0963	0.0002	0.0002	0.0001	0.0006	0.0006	0.0000	0.0001	0.0001	0.0001	0.0002	0.0003	0.0001	0.0008	0.0007	0.0017	0.0000	0.0000	0.0000	0.0493	0.2897	-0.0000	-0.0000	1.0742	3.0380	0.1055	0.0352	0.0000	0.0000	0.0000	0.0000	0.0000	0.0000	0.0000	0.0000	0.0000	0.0000	0.0000	0.0000	0.0000	0.0000	0.0000	0.0000	0.0000	0.0000	0.0829	0.0741	0.0088	0.0158	0.0154	0.0004	0.0671	0.0587	0.0084	0.0125	0.0062	0.0064	0.0025	0.0022	0.0002	0.0101	0.0039	0.0061
35	51	0.0815	6	2	0	1	0	2	0	1	0	0	0	0	0	0	0	0	0	0	0	Y	N	N	N	N	N	N	N	N	N	N	N	N	N	N	N	N	N	47.0561	43.1569	79.9804	6.9686	6.8141	0.0000	63.2366	80.5513	82.2827	0.0090	0.0083	0.0154	0.0020	0.0020	0.0000	0.0106	0.0098	0.0160	0.0002	0.0002	0.0002	0.0003	0.0003	0.0001	0.0002	0.0001	0.0002	0.2241	1.0759	-0.0001	0.0000	1.0742	1.0494	0.1055	1.5573	0.0003	0.0002	0.0000	0.0000	0.0000	0.0000	0.0003	0.0002	0.0000	0.0000	0.0000	0.0000	0.0000	0.0000	0.0000	0.0000	0.0000	0.0000	0.0294	0.0262	0.0032	0.0054	0.0052	0.0001	0.0240	0.0210	0.0030	0.0117	0.0056	0.0060	0.0024	0.0022	0.0002	0.0093	0.0034	0.0058
35	54	0.0364	6	2	0	1	0	1	0	0	0	0	0	0	0	0	0	0	0	0	0	Y	N	N	N	N	N	N	N	N	N	N	N	N	N	N	N	N	N	0.0000	0.0000	0.0000	0.0000	0.0000	0.0000	0.0000	0.0000	0.0000	0.0000	0.0000	0.0000	0.0000	0.0000	0.0000	0.0000	0.0000	0.0000	0.0061	0.0090	0.0036	0.0067	0.0068	0.0000	0.0060	0.0095	0.0036		0.4622	0.0000	-0.0000	1.0742	4.0000	0.1055	4.0000	0.0000	0.0000	0.0000	0.0000	0.0000	0.0000	0.0000	0.0000	0.0000	0.0002	0.0001	0.0001	0.0000	0.0000	0.0000	0.0002	0.0001	0.0001	0.1104	0.0981	0.0123	0.0124	0.0122	0.0002	0.0979	0.0858	0.0121	0.0313	0.0144	0.0168	0.0030	0.0029	0.0000	0.0283	0.0115	0.0168
35	55	0.0364	5	2	0	1	0	1	0	1	0	0	0	0	0	0	0	0	0	0	0	Y	N	N	N	N	N	N	N	N	N	N	N	N	N	N	N	N	N	0.0000	0.0000	0.0000	0.0000	0.0000	0.0000	0.0000	0.0000	0.0000	0.0000	0.0000	0.0000	0.0000	0.0000	0.0000	0.0000	0.0000	0.0000	0.4977	0.1163	0.8245	0.5512	0.5572	0.0000	0.4920	0.0000	0.8261		8.2747	0.0000	0.0000	1.0742	0.0000	0.1055	0.0000	0.0000	0.0000	0.0000	0.0000	0.0000	0.0000	0.0000	0.0000	0.0000	0.0000	0.0000	0.0000	0.0000	0.0000	0.0000	0.0000	0.0000	0.0000	0.0000	0.0000	0.0000	0.0000	0.0000	0.0000	0.0000	0.0000	0.0000	0.0000	0.0000	0.0000	0.0000	0.0000	0.0000	0.0000	0.0000	0.0000
35	56	0.0364	4	2	0	0	0	1	0	0	0	0	0	0	0	0	0	0	0	0	0	Y	N	N	N	N	N	N	N	N	N	N	N	N	N	N	N	N	N	0.0000	0.0000	0.0000	0.0000	0.0000	0.0000	0.0000	0.0000	0.0000	0.0000	0.0000	0.0000	0.0000	0.0000	0.0000	0.0000	0.0000	0.0000	0.0000	0.0000	0.0000	0.0000	0.0000	0.0000	0.0000	0.0000	0.0000			0.0000	0.0000	1.0742	0.0000	0.1055	0.0000	0.0000	0.0000	0.0000	0.0000	0.0000	0.0000	0.0000	0.0000	0.0000	0.0000	0.0000	0.0000	0.0000	0.0000	0.0000	0.0000	0.0000	0.0000	0.0000	0.0000	0.0000	0.0000	0.0000	0.0000	0.0000	0.0000	0.0000	0.0000	0.0000	0.0000	0.0000	0.0000	0.0000	0.0000	0.0000	0.0000
35	57	0.0364	3	2	0	0	0	1	0	0	0	0	0	0	0	0	0	0	0	0	0	Y	N	N	N	N	N	N	N	N	N	N	N	N	N	N	N	N	N	0.0000	0.0000	0.0000	0.0000	0.0000	0.0000	0.0000	0.0000	0.0000	0.0000	0.0000	0.0000	0.0000	0.0000	0.0000	0.0000	0.0000	0.0000	0.0000	0.0000	0.0000	0.0000	0.0000	0.0000	0.0000	0.0000	0.0000			0.0000	0.0000	1.0742	0.0000	0.1055	0.0000	0.0000	0.0000	0.0000	0.0000	0.0000	0.0000	0.0000	0.0000	0.0000	0.0000	0.0000	0.0000	0.0000	0.0000	0.0000	0.0000	0.0000	0.0000	0.0000	0.0000	0.0000	0.0000	0.0000	0.0000	0.0000	0.0000	0.0000	0.0000	0.0000	0.0000	0.0000	0.0000	0.0000	0.0000	0.0000	0.0000
35	58	0.0270	2	2	0	0	0	2	0	0	0	0	0	0	0	0	0	0	0	0	0	Y	N	N	N	N	N	N	N	N	N	N	N	N	N	N	N	N	N	1.7805	0.3942	20.1140	0.3793	0.4036	0.0009	6.0317	0.0000	24.7813	0.0127	0.0044	0.0746	0.0197	0.0198	0.0002	0.0110	0.0000	0.0756	0.0071	0.0111	0.0037	0.0518	0.0491	0.2581	0.0018	0.0000	0.0031	2.3020	0.3863	0.0002	-0.0000	1.0742	1.2118	0.1055	0.0039	0.0006	0.0002	0.0004	0.0002	0.0002	0.0000	0.0004	0.0000	0.0004	0.0000	0.0000	0.0000	0.0000	0.0000	0.0000	0.0000	0.0000	0.0000	0.0441	0.0389	0.0052	0.0086	0.0086	0.0001	0.0355	0.0303	0.0052	0.0053	0.0024	0.0028	0.0006	0.0005	0.0000	0.0047	0.0019	0.0028
35	65	0.0555	6	2	0	1	0	2	0	1	0	0	0	0	0	0	0	0	0	0	0	Y	N	N	N	N	N	N	N	N	N	N	N	N	N	N	N	N	N	1.9720	558.0576	0.0000	2451.9900	2286.9854	0.0000	0.0000	0.0000	0.0000	0.0012	0.0014	0.0000	0.0165	0.0172	0.0000	0.0000	0.0000	0.0000	0.0006	0.0000	0.0011	0.0000	0.0000	0.0000	0.0007	0.0000	0.0012	0.0000	526.5577	-0.0000	0.0000	1.0742	2.0000	0.1055	2.0000	0.0001	0.0001	0.0000	0.0001	0.0001	0.0000	0.0000	0.0000	0.0000	0.0000	0.0000	0.0000	0.0000	0.0000	0.0000	0.0000	0.0000	0.0000	0.0501	0.0441	0.0060	0.0036	0.0035	0.0001	0.0465	0.0406	0.0058	0.0165	0.0078	0.0087	0.0028	0.0025	0.0003	0.0137	0.0053	0.0084
35	73	0.1037	5	2	0	1	0	1	0	0	0	0	0	1	0	0	0	0	0	0	0	Y	N	N	N	N	N	N	N	N	N	N	N	N	N	N	N	N	N	0.0000	0.0000	0.0000	0.0000	0.0000	0.0000	0.0000	0.0000	0.0000	0.0000	0.0000	0.0000	0.0000	0.0000	0.0000	0.0000	0.0000	0.0000	0.0000	0.0000	0.0000	0.0000	0.0000	0.0000	0.0000	0.0000	0.0000			0.0000	0.0000	1.0742	0.0000	0.1055	0.0000	0.0000	0.0000	0.0000	0.0000	0.0000	0.0000	0.0000	0.0000	0.0000	0.0000	0.0000	0.0000	0.0000	0.0000	0.0000	0.0000	0.0000	0.0000	0.0000	0.0000	0.0000	0.0000	0.0000	0.0000	0.0000	0.0000	0.0000	0.0003	0.0002	0.0001	0.0002	0.0001	0.0000	0.0001	0.0001	0.0000
35	74	0.0315	4	2	0	1	0	1	0	0	0	1	0	1	0	0	0	0	0	0	0	Y	N	N	N	N	N	N	N	N	N	N	N	N	N	N	N	N	N	0.0007	0.0027	0.0004	0.0159	0.0154	0.0000	0.0001	0.0000	0.0004	0.0002	0.0002	0.0002	0.0029	0.0030	0.0000	0.0000	0.0000	0.0002	0.2881	0.0701	0.4928	0.1831	0.1947	0.0212	0.3054	0.0236	0.5016	0.1337	7.4901	-0.0000	0.0049	1.0742	3.8563	0.1055	5.9737	0.0000	0.0000	0.0000	0.0000	0.0000	0.0000	0.0000	0.0000	0.0000	0.0115	0.0014	0.0102	0.0010	0.0010	0.0000	0.0105	0.0003	0.0102	0.0951	0.0834	0.0117	0.0054	0.0053	0.0002	0.0896	0.0782	0.0115	0.0400	0.0194	0.0206	0.0056	0.0053	0.0004	0.0344	0.0141	0.0203
35	75	0.0315	4	2	0	1	0	1	0	0	0	0	0	0	0	0	0	0	0	0	0	Y	N	N	N	N	N	N	N	N	N	N	N	N	N	N	N	N	N	0.0110	0.0025	11.5254	0.1468	0.1427	0.0000	0.0085	0.0011	12.4827	0.0007	0.0003	0.0035	0.0023	0.0023	0.0000	0.0006	0.0002	0.0036	0.0657	0.1340	0.0003	0.0154	0.0163	0.0014	0.0745	0.1805	0.0003	1.4650	0.0024	0.0000	-0.0009	1.0742	4.9966	0.1055	2.0573	0.0001	0.0000	0.0001	0.0000	0.0000	0.0000	0.0001	0.0000	0.0001	0.0020	0.0020	0.0000	0.0001	0.0001	0.0000	0.0019	0.0019	0.0000	0.1209	0.1061	0.0147	0.0069	0.0067	0.0002	0.1140	0.0994	0.0145	0.0299	0.0146	0.0153	0.0044	0.0041	0.0003	0.0255	0.0105	0.0150
35	76	0.0260	3	2	0	1	0	2	0	1	0	0	0	0	0	0	0	0	0	0	0	Y	N	N	N	N	N	N	N	N	N	N	N	N	N	N	N	N	N	4.2652	4.8854	3.6031	4.7235	4.7770	0.0000	2.2980	0.0295	3.6493	0.1241	0.1251	0.1211	0.2729	0.2735	0.0000	0.0485	0.0002	0.1214	0.0291	0.0256	0.0336	0.0578	0.0572	0.1429	0.0211	0.0061	0.0333	0.3493	1.0076	-0.0000	0.0000	1.0742	0.0131	0.1055	1.0784	0.0001	0.0001	0.0000	0.0001	0.0001	0.0000	0.0000	0.0000	0.0000	0.0002	0.0001	0.0001	0.0001	0.0001	0.0000	0.0001	0.0000	0.0001	0.0009	0.0007	0.0002	0.0003	0.0003	0.0000	0.0006	0.0004	0.0002	0.0066	0.0037	0.0029	0.0014	0.0014	0.0000	0.0052	0.0023	0.0029
36	40	0.1394	11	2	0	1	0	0	0	1	0	0	0	1	1	0	0	0	0	0	0	Y	N	N	N	N	N	N	N	N	N	N	N	N	N	N	N	N	N	12222.7908	0.0000	inf	0.4751	0.0000	inf	inf	0.0000	inf	1.8840	0.0000	16.1146	0.0008	0.0000	0.0197	2.1252	0.0000	16.8031	0.0002	0.0004	0.0000	0.0017	0.0023	0.0000	0.0000	0.0000	0.0000	inf	0.0000	0.5849	-0.0000	3.0000	9.0556	5.0000	5.2001	0.9992	0.0000	0.9992	0.0000	0.0000	0.0000	0.9992	0.0000	0.9992	0.0000	0.0000	0.0000	0.0000	0.0000	0.0000	0.0000	0.0000	0.0000	0.5304	0.4684	0.0620	0.0602	0.0577	0.0025	0.4702	0.4107	0.0595	0.2595	0.0929	0.1666	0.0229	0.0176	0.0053	0.2366	0.0754	0.1612
36	41	0.1246	10	2	0	0	0	1	0	0	0	0	0	1	1	0	0	0	0	0	0	Y	N	N	N	N	N	N	N	N	N	N	N	N	N	N	N	N	N	12.9375	0.6388	132.5839	0.0000	0.0000	0.0000	13.2393	0.5951	132.9046	0.0122	0.0009	0.0952	0.0000	0.0000	0.0000	0.0136	0.0010	0.0987	0.0009	0.0014	0.0007	0.0000	0.0000	0.0000	0.0010	0.0017	0.0007	14.8000	1.0000	0.0004	0.0000	3.0000	1.0068	5.0000	1.0688	0.0008	0.0001	0.0007	0.0000	0.0000	0.0000	0.0008	0.0001	0.0007	0.0000	0.0000	0.0000	0.0000	0.0000	0.0000	0.0000	0.0000	0.0000	0.0647	0.0570	0.0078	0.0066	0.0063	0.0003	0.0582	0.0507	0.0075	0.0424	0.0146	0.0279	0.0034	0.0025	0.0009	0.0390	0.0121	0.0269
36	42	0.1366	14	1	0	0	0	0	0	0	0	0	1	1	2	0	0	0	0	0	0	N	N	N	N	N	Y	N	N	N	N	N	N	N	N	N	N	N	N	0.0000	0.0000	0.0000	0.0000	0.0000	0.0000	0.0000	0.0000	0.0000	0.0000	0.0000	0.0000	0.0000	0.0000	0.0000	0.0000	0.0000	0.0000	0.0000	0.0000	0.0000	0.0000	0.0000	0.0000	0.0000	0.0000	0.0000			0.0000	0.0000	3.0000	0.9984	5.0000	0.0033	0.0000	0.0000	0.0000	0.0000	0.0000	0.0000	0.0000	0.0000	0.0000	0.0000	0.0000	0.0000	0.0000	0.0000	0.0000	0.0000	0.0000	0.0000	0.0631	0.0554	0.0077	0.0058	0.0055	0.0003	0.0573	0.0499	0.0074	0.0209	0.0073	0.0136	0.0019	0.0014	0.0005	0.0190	0.0059	0.0131
36	45	0.0718	9	2	0	0	1	0	0	0	1	0	0	2	2	0	0	0	0	0	0	Y	N	N	N	Y	Y	N	N	N	N	N	N	N	N	N	N	N	N	0.0000	0.0000	0.0000	0.0000	0.0000	0.0000	0.0000	0.0000	0.0000	0.0000	0.0000	0.0000	0.0000	0.0000	0.0000	0.0000	0.0000	0.0000	0.0000	0.0000	0.0000	0.0000	0.0000	0.0000	0.0000	0.0000	0.0000			0.0000	0.0000	3.0000	0.9998	5.0000	0.0048	0.0000	0.0000	0.0000	0.0000	0.0000	0.0000	0.0000	0.0000	0.0000	0.0000	0.0000	0.0000	0.0000	0.0000	0.0000	0.0000	0.0000	0.0000	0.0672	0.0587	0.0086	0.0020	0.0019	0.0001	0.0652	0.0568	0.0084	0.0232	0.0079	0.0153	0.0003	0.0003	0.0000	0.0228	0.0076	0.0153
36	46	0.0659	8	2	0	0	0	0	0	0	0	0	0	2	2	0	0	0	0	0	0	Y	N	N	N	Y	Y	N	N	N	N	N	N	N	N	N	N	N	N	inf	0.0000	inf	0.0000	0.0000	0.0000	inf	0.0000	inf	4.0548	0.0000	46.0049	0.0000	0.0000	0.0000	5.6836	0.0000	46.4642	0.0000	0.0000	0.0000	0.0000	0.0000	0.0000	0.0000	0.0000	0.0000	inf		0.0002	0.0000	3.0000	0.0006	5.0000	0.9846	0.0003	0.0000	0.0003	0.0000	0.0000	0.0000	0.0003	0.0000	0.0003	0.0000	0.0000	0.0000	0.0000	0.0000	0.0000	0.0000	0.0000	0.0000	0.0001	0.0001	0.0000	0.0000	0.0000	0.0000	0.0001	0.0001	0.0000	0.0231	0.0078	0.0153	0.0004	0.0004	0.0000	0.0226	0.0074	0.0153
36	47	0.0541	7	2	0	0	0	0	0	0	0	0	1	2	2	0	0	0	0	0	0	Y	N	N	N	Y	Y	N	N	N	N	N	N	N	N	N	N	N	N	inf	0.0000	inf	0.0000	0.0000	0.0000	inf	0.0000	inf	7.5708	0.0000	59.0343	0.0000	0.0000	0.0000	7.5708	0.0000	59.0343	0.0000	0.0000	0.0000	0.0000	0.0000	0.0000	0.0000	0.0000	0.0000	inf		0.5852	0.0000	3.0000	1.9996	5.0000	0.0187	0.9997	0.0000	0.9997	0.0000	0.0000	0.0000	0.9997	0.0000	0.9997	0.0000	0.0000	0.0000	0.0000	0.0000	0.0000	0.0000	0.0000	0.0000	0.1320	0.1151	0.0169	0.0000	0.0000	0.0000	0.1320	0.1151	0.0169	0.0456	0.0152	0.0303	0.0002	0.0002	0.0001	0.0453	0.0150	0.0303
36	48	0.0541	6	2	0	0	0	0	0	0	0	1	0	2	1	0	0	0	0	0	0	Y	N	N	N	Y	N	N	N	N	N	N	N	N	N	N	N	N	N	0.0000	0.0000	0.0000	0.0000	0.0000	0.0000	0.0000	0.0000	0.0000	0.0000	0.0000	0.0000	0.0000	0.0000	0.0000	0.0000	0.0000	0.0000	0.0000	0.0000	0.0000	0.0000	0.0000	0.0000	0.0000	0.0000	0.0000			0.0000	0.0000	3.0000	0.0000	5.0000	0.0000	0.0000	0.0000	0.0000	0.0000	0.0000	0.0000	0.0000	0.0000	0.0000	0.0000	0.0000	0.0000	0.0000	0.0000	0.0000	0.0000	0.0000	0.0000	0.0000	0.0000	0.0000	0.0000	0.0000	0.0000	0.0000	0.0000	0.0000	0.0000	0.0000	0.0000	0.0000	0.0000	0.0000	0.0000	0.0000	0.0000
36	50	0.1322	10	2	0	1	0	0	0	0	0	0	0	1	1	0	0	0	0	0	0	Y	N	N	N	N	N	N	N	N	N	N	N	N	N	N	N	N	N	0.0000	0.0000	0.0000	0.0000	0.0000	0.0000	0.0000	0.0000	0.0000	0.0000	0.0000	0.0000	0.0000	0.0000	0.0000	0.0000	0.0000	0.0000	0.0000	0.0000	0.0000	0.0000	0.0000	0.0000	0.0000	0.0000	0.0000			0.0000	0.0000	3.0000	3.0380	5.0000	0.0352	0.0000	0.0000	0.0000	0.0000	0.0000	0.0000	0.0000	0.0000	0.0000	0.0000	0.0000	0.0000	0.0000	0.0000	0.0000	0.0000	0.0000	0.0000	0.1931	0.1700	0.0231	0.0214	0.0205	0.0009	0.1717	0.1495	0.0222	0.0648	0.0243	0.0405	0.0084	0.0069	0.0015	0.0564	0.0174	0.0390
36	51	0.1181	9	2	0	1	0	1	0	1	0	0	0	1	1	0	0	0	0	0	0	Y	N	N	N	N	N	N	N	N	N	N	N	N	N	N	N	N	N	0.0000	0.0000	0.0000	0.0000	0.0000	0.0000	0.0000	0.0000	0.0000	0.0000	0.0000	0.0000	0.0000	0.0000	0.0000	0.0000	0.0000	0.0000	0.0024	0.0000	0.0039	0.0000	0.0000	0.0000	0.0029	0.0000	0.0040		inf	0.0000	0.0001	3.0000	1.0494	5.0000	1.5573	0.0000	0.0000	0.0000	0.0000	0.0000	0.0000	0.0000	0.0000	0.0000	0.0001	0.0000	0.0001	0.0000	0.0000	0.0000	0.0001	0.0000	0.0001	0.0684	0.0601	0.0083	0.0069	0.0066	0.0003	0.0615	0.0534	0.0081	0.0614	0.0230	0.0384	0.0089	0.0078	0.0012	0.0525	0.0153	0.0372
36	54	0.0541	7	2	0	1	0	0	0	0	0	0	0	1	1	0	0	0	0	0	0	Y	N	N	N	N	N	N	N	N	N	N	N	N	N	N	N	N	N	inf	0.0000	inf	0.0000	0.0000	0.0000	inf	0.0000	inf	3.8722	0.0000	30.3971	0.0000	0.0000	0.0000	3.8722	0.0000	30.3971	0.0000	0.0000	0.0000	0.0000	0.0000	0.0000	0.0000	0.0000	0.0000	inf		0.5854	0.0000	3.0000	4.0000	5.0000	4.0000	1.0000	0.0000	1.0000	0.0000	0.0000	0.0000	1.0000	0.0000	1.0000	0.0000	0.0000	0.0000	0.0000	0.0000	0.0000	0.0000	0.0000	0.0000	0.2582	0.2254	0.0329	0.0000	0.0000	0.0000	0.2582	0.2254	0.0329	0.1696	0.0571	0.1125	0.0009	0.0007	0.0002	0.1687	0.0564	0.1123
36	55	0.0541	6	2	0	1	0	0	0	1	0	0	0	1	1	0	0	0	0	0	0	Y	N	N	N	N	N	N	N	N	N	N	N	N	N	N	N	N	N	0.0000	0.0000	0.0000	0.0000	0.0000	0.0000	0.0000	0.0000	0.0000	0.0000	0.0000	0.0000	0.0000	0.0000	0.0000	0.0000	0.0000	0.0000	0.0000	0.0000	0.0000	0.0000	0.0000	0.0000	0.0000	0.0000	0.0000			0.0000	0.0000	3.0000	0.0000	5.0000	0.0000	0.0000	0.0000	0.0000	0.0000	0.0000	0.0000	0.0000	0.0000	0.0000	0.0000	0.0000	0.0000	0.0000	0.0000	0.0000	0.0000	0.0000	0.0000	0.0000	0.0000	0.0000	0.0000	0.0000	0.0000	0.0000	0.0000	0.0000	0.0000	0.0000	0.0000	0.0000	0.0000	0.0000	0.0000	0.0000	0.0000
36	56	0.0541	5	2	0	0	0	0	0	0	0	0	0	1	1	0	0	0	0	0	0	Y	N	N	N	N	N	N	N	N	N	N	N	N	N	N	N	N	N	0.0000	0.0000	0.0000	0.0000	0.0000	0.0000	0.0000	0.0000	0.0000	0.0000	0.0000	0.0000	0.0000	0.0000	0.0000	0.0000	0.0000	0.0000	0.0000	0.0000	0.0000	0.0000	0.0000	0.0000	0.0000	0.0000	0.0000			0.0000	0.0000	3.0000	0.0000	5.0000	0.0000	0.0000	0.0000	0.0000	0.0000	0.0000	0.0000	0.0000	0.0000	0.0000	0.0000	0.0000	0.0000	0.0000	0.0000	0.0000	0.0000	0.0000	0.0000	0.0000	0.0000	0.0000	0.0000	0.0000	0.0000	0.0000	0.0000	0.0000	0.0000	0.0000	0.0000	0.0000	0.0000	0.0000	0.0000	0.0000	0.0000
36	57	0.0541	4	2	0	0	0	0	0	0	0	0	0	1	1	0	0	0	0	0	0	Y	N	N	N	N	N	N	N	N	N	N	N	N	N	N	N	N	N	0.0000	0.0000	0.0000	0.0000	0.0000	0.0000	0.0000	0.0000	0.0000	0.0000	0.0000	0.0000	0.0000	0.0000	0.0000	0.0000	0.0000	0.0000	0.0000	0.0000	0.0000	0.0000	0.0000	0.0000	0.0000	0.0000	0.0000			0.0000	0.0000	3.0000	0.0000	5.0000	0.0000	0.0000	0.0000	0.0000	0.0000	0.0000	0.0000	0.0000	0.0000	0.0000	0.0000	0.0000	0.0000	0.0000	0.0000	0.0000	0.0000	0.0000	0.0000	0.0000	0.0000	0.0000	0.0000	0.0000	0.0000	0.0000	0.0000	0.0000	0.0000	0.0000	0.0000	0.0000	0.0000	0.0000	0.0000	0.0000	0.0000
36	60	0.1332	9	1	0	1	0	0	0	1	0	1	0	2	1	0	0	0	0	0	0	N	N	N	N	Y	N	N	N	N	N	N	N	N	N	N	N	N	N	0.0000	0.0000	0.0000	0.0000	0.0000	0.0000	0.0000	0.0000	0.0000	0.0000	0.0000	0.0000	0.0000	0.0000	0.0000	0.0000	0.0000	0.0000	0.0000	0.0000	0.0000	0.0000	0.0000	0.0000	0.0000	0.0000	0.0000			0.0000	0.0000	3.0000	2.0000	5.0000	1.0000	0.0000	0.0000	0.0000	0.0000	0.0000	0.0000	0.0000	0.0000	0.0000	0.0000	0.0000	0.0000	0.0000	0.0000	0.0000	0.0000	0.0000	0.0000	0.1266	0.1116	0.0150	0.0104	0.0097	0.0007	0.1162	0.1019	0.0144	0.0623	0.0220	0.0403	0.0064	0.0049	0.0015	0.0559	0.0170	0.0389
36	65	0.1332	11	2	0	1	0	1	0	1	0	0	0	1	1	0	0	0	0	0	0	Y	N	N	N	N	N	N	N	N	N	N	N	N	N	N	N	N	N	0.0000	0.0000	0.0000	0.0000	0.0000	0.0000	0.0000	0.0000	0.0000	0.0000	0.0000	0.0000	0.0000	0.0000	0.0000	0.0000	0.0000	0.0000	0.0000	0.0000	0.0000	0.0000	0.0000	0.0000	0.0000	0.0000	0.0000			0.0000	0.0000	3.0000	2.0000	5.0000	2.0000	0.0000	0.0000	0.0000	0.0000	0.0000	0.0000	0.0000	0.0000	0.0000	0.0000	0.0000	0.0000	0.0000	0.0000	0.0000	0.0000	0.0000	0.0000	0.1266	0.1116	0.0150	0.0104	0.0097	0.0007	0.1162	0.1019	0.0144	0.0822	0.0290	0.0532	0.0084	0.0065	0.0019	0.0738	0.0225	0.0513
36	66	0.1395	12	1	0	0	0	0	0	0	0	0	1	1	2	0	0	0	0	0	0	N	N	N	N	N	Y	N	N	N	N	N	N	N	N	N	N	N	N	0.0000	0.0000	0.0000	0.0000	0.0000	0.0000	0.0000	0.0000	0.0000	0.0000	0.0000	0.0000	0.0000	0.0000	0.0000	0.0000	0.0000	0.0000	0.0000	0.0000	0.0000	0.0000	0.0000	0.0000	0.0000	0.0000	0.0000			0.0000	0.0000	3.0000	2.0073	5.0000	0.7728	0.0000	0.0000	0.0000	0.0000	0.0000	0.0000	0.0000	0.0000	0.0000	0.0000	0.0000	0.0000	0.0000	0.0000	0.0000	0.0000	0.0000	0.0000	0.1263	0.1114	0.0148	0.0119	0.0112	0.0007	0.1144	0.1003	0.0141	0.0780	0.0312	0.0468	0.0175	0.0162	0.0014	0.0604	0.0150	0.0454
36	67	0.1516	13	1	0	0	0	0	0	0	0	0	1	1	2	0	0	0	0	0	0	N	N	N	N	N	Y	N	N	N	N	N	N	N	N	N	N	N	N	0.0000	0.0000	0.0000	0.0000	0.0000	0.0000	0.0000	0.0000	0.0000	0.0000	0.0000	0.0000	0.0000	0.0000	0.0000	0.0000	0.0000	0.0000	0.0000	0.0000	0.0000	0.0000	0.0000	0.0000	0.0000	0.0000	0.0000			0.0000	0.0000	3.0000	0.9402	5.0000	1.7770	0.0000	0.0000	0.0000	0.0000	0.0000	0.0000	0.0000	0.0000	0.0000	0.0000	0.0000	0.0000	0.0000	0.0000	0.0000	0.0000	0.0000	0.0000	0.0763	0.0684	0.0080	0.0156	0.0150	0.0006	0.0608	0.0534	0.0074	0.0763	0.0308	0.0455	0.0174	0.0161	0.0013	0.0588	0.0147	0.0441
36	73	0.1814	10	2	0	1	0	0	0	0	0	0	0	2	1	0	0	0	0	0	0	Y	N	N	N	Y	N	N	N	N	N	N	N	N	N	N	N	N	N	0.0000	0.0000	0.0000	0.0000	0.0000	0.0000	0.0000	0.0000	0.0000	0.0000	0.0000	0.0000	0.0000	0.0000	0.0000	0.0000	0.0000	0.0000	0.0000	0.0000	0.0000	0.0000	0.0000	0.0000	0.0000	0.0000	0.0000			0.0000	0.0000	3.0000	0.0000	5.0000	0.0000	0.0000	0.0000	0.0000	0.0000	0.0000	0.0000	0.0000	0.0000	0.0000	0.0000	0.0000	0.0000	0.0000	0.0000	0.0000	0.0000	0.0000	0.0000	0.0000	0.0000	0.0000	0.0000	0.0000	0.0000	0.0000	0.0000	0.0000	0.0005	0.0003	0.0002	0.0002	0.0002	0.0000	0.0002	0.0001	0.0002
36	74	0.1092	9	2	0	1	0	0	0	0	0	1	0	2	1	0	0	0	0	0	0	Y	N	N	N	Y	N	N	N	N	N	N	N	N	N	N	N	N	N	inf	inf	0.0000	0.0000	0.0000	0.0000	inf	inf	0.0000	4.1623	4.7408	0.0000	0.0000	0.0000	0.0000	4.4504	5.0941	0.0000	0.0000	0.0000	0.0000	0.0000	0.0000	0.0000	0.0000	0.0000	0.0000	0.0000		-0.4145	0.0000	3.0000	3.8563	5.0000	5.9737	0.9997	0.9997	0.0000	0.0000	0.0000	0.0000	0.9997	0.9997	0.0000	0.0000	0.0000	0.0000	0.0000	0.0000	0.0000	0.0000	0.0000	0.0000	0.2402	0.2109	0.0293	0.0155	0.0146	0.0009	0.2246	0.1963	0.0284	0.2017	0.0759	0.1257	0.0136	0.0113	0.0023	0.1880	0.0646	0.1234
36	75	0.1092	9	2	0	1	0	0	0	0	0	0	0	1	1	0	0	0	0	0	0	Y	N	N	N	N	N	N	N	N	N	N	N	N	N	N	N	N	N	inf	inf	0.0000	inf	inf	0.0000	0.0000	0.0000	0.0000	0.0008	0.0009	0.0000	0.0122	0.0129	0.0000	0.0000	0.0000	0.0000	0.0000	0.0000	0.0000	0.0000	0.0000	0.0000	0.0000	0.0000	0.0000	0.0000		-0.0001	0.0000	3.0000	4.9966	5.0000	2.0573	0.0002	0.0002	0.0000	0.0002	0.0002	0.0000	0.0000	0.0000	0.0000	0.0000	0.0000	0.0000	0.0000	0.0000	0.0000	0.0000	0.0000	0.0000	0.3053	0.2682	0.0371	0.0197	0.0186	0.0012	0.2856	0.2496	0.0359	0.1510	0.0579	0.0931	0.0115	0.0098	0.0017	0.1395	0.0481	0.0914
36	76	0.1037	8	2	0	1	0	1	0	1	0	0	0	1	1	0	0	0	0	0	0	Y	N	N	N	N	N	N	N	N	N	N	N	N	N	N	N	N	N	inf	inf	0.0000	0.0000	0.0000	0.0000	inf	inf	0.0000	0.1539	0.1782	0.0000	0.0000	0.0000	0.0000	0.2084	0.2548	0.0000	0.0000	0.0000	0.0000	0.0000	0.0000	0.0000	0.0000	0.0000	0.0000	0.0000		-0.0001	0.0000	3.0000	0.0131	5.0000	1.0784	0.0002	0.0002	0.0000	0.0000	0.0000	0.0000	0.0002	0.0002	0.0000	0.0000	0.0000	0.0000	0.0000	0.0000	0.0000	0.0000	0.0000	0.0000	0.0016	0.0013	0.0002	0.0004	0.0004	0.0000	0.0012	0.0009	0.0002	0.0347	0.0175	0.0172	0.0060	0.0059	0.0000	0.0287	0.0116	0.0171
37	40	0.0912	10	2	0	1	0	0	0	1	0	0	1	1	1	0	0	0	0	0	0	Y	N	N	N	N	N	N	N	N	N	N	N	N	N	N	N	N	N	0.0000	0.0000	0.0000	0.0000	0.0000	0.0000	0.0000	0.0000	0.0000	0.0000	0.0000	0.0000	0.0000	0.0000	0.0000	0.0000	0.0000	0.0000	0.0000	0.0000	0.0000	0.0000	0.0000	0.0000	0.0000	0.0000	0.0000			0.0000	0.0000	0.0000	9.0556	0.0000	5.2001	0.0000	0.0000	0.0000	0.0000	0.0000	0.0000	0.0000	0.0000	0.0000	0.0000	0.0000	0.0000	0.0000	0.0000	0.0000	0.0000	0.0000	0.0000	0.0000	0.0000	0.0000	0.0000	0.0000	0.0000	0.0000	0.0000	0.0000	0.0000	0.0000	0.0000	0.0000	0.0000	0.0000	0.0000	0.0000	0.0000
37	41	0.0764	9	2	0	0	0	1	0	0	0	0	1	1	1	0	0	0	0	0	0	Y	N	N	N	N	N	N	N	N	N	N	N	N	N	N	N	N	N	0.0000	0.0000	0.0000	0.0000	0.0000	0.0000	0.0000	0.0000	0.0000	0.0000	0.0000	0.0000	0.0000	0.0000	0.0000	0.0000	0.0000	0.0000	0.0000	0.0000	0.0000	0.0000	0.0000	0.0000	0.0000	0.0000	0.0000			0.0000	0.0000	0.0000	1.0068	0.0000	1.0688	0.0000	0.0000	0.0000	0.0000	0.0000	0.0000	0.0000	0.0000	0.0000	0.0000	0.0000	0.0000	0.0000	0.0000	0.0000	0.0000	0.0000	0.0000	0.0000	0.0000	0.0000	0.0000	0.0000	0.0000	0.0000	0.0000	0.0000	0.0000	0.0000	0.0000	0.0000	0.0000	0.0000	0.0000	0.0000	0.0000
37	42	0.0884	13	1	0	0	0	0	0	0	0	0	2	1	2	0	0	0	0	0	0	N	N	N	N	N	Y	N	N	N	N	N	N	N	N	N	N	N	N	0.0000	0.0000	0.0000	0.0000	0.0000	0.0000	0.0000	0.0000	0.0000	0.0000	0.0000	0.0000	0.0000	0.0000	0.0000	0.0000	0.0000	0.0000	0.0000	0.0000	0.0000	0.0000	0.0000	0.0000	0.0000	0.0000	0.0000			0.0000	0.0000	0.0000	0.9984	0.0000	0.0033	0.0000	0.0000	0.0000	0.0000	0.0000	0.0000	0.0000	0.0000	0.0000	0.0000	0.0000	0.0000	0.0000	0.0000	0.0000	0.0000	0.0000	0.0000	0.0000	0.0000	0.0000	0.0000	0.0000	0.0000	0.0000	0.0000	0.0000	0.0000	0.0000	0.0000	0.0000	0.0000	0.0000	0.0000	0.0000	0.0000
37	45	0.0237	8	2	0	0	1	0	0	0	1	0	1	2	2	0	0	0	0	0	0	Y	N	N	N	Y	Y	N	N	N	N	N	N	N	N	N	N	N	N	0.0000	0.0000	0.0000	0.0000	0.0000	0.0000	0.0000	0.0000	0.0000	0.0000	0.0000	0.0000	0.0000	0.0000	0.0000	0.0000	0.0000	0.0000	0.0000	0.0000	0.0000	0.0000	0.0000	0.0000	0.0000	0.0000	0.0000			0.0000	0.0000	0.0000	0.9998	0.0000	0.0048	0.0000	0.0000	0.0000	0.0000	0.0000	0.0000	0.0000	0.0000	0.0000	0.0000	0.0000	0.0000	0.0000	0.0000	0.0000	0.0000	0.0000	0.0000	0.0000	0.0000	0.0000	0.0000	0.0000	0.0000	0.0000	0.0000	0.0000	0.0000	0.0000	0.0000	0.0000	0.0000	0.0000	0.0000	0.0000	0.0000
37	46	0.0177	7	2	0	0	0	0	0	0	0	0	1	2	2	0	0	0	0	0	0	Y	N	N	N	Y	Y	N	N	N	N	N	N	N	N	N	N	N	N	0.0000	0.0000	0.0000	0.0000	0.0000	0.0000	0.0000	0.0000	0.0000	0.0000	0.0000	0.0000	0.0000	0.0000	0.0000	0.0000	0.0000	0.0000	0.0000	0.0000	0.0000	0.0000	0.0000	0.0000	0.0000	0.0000	0.0000			0.0000	0.0000	0.0000	0.0006	0.0000	0.9846	0.0000	0.0000	0.0000	0.0000	0.0000	0.0000	0.0000	0.0000	0.0000	0.0000	0.0000	0.0000	0.0000	0.0000	0.0000	0.0000	0.0000	0.0000	0.0000	0.0000	0.0000	0.0000	0.0000	0.0000	0.0000	0.0000	0.0000	0.0000	0.0000	0.0000	0.0000	0.0000	0.0000	0.0000	0.0000	0.0000
37	47	0.0059	6	2	0	0	0	0	0	0	0	0	2	2	2	0	0	0	0	0	0	Y	N	N	N	Y	Y	N	N	N	N	N	N	N	N	N	N	N	N	0.0000	0.0000	0.0000	0.0000	0.0000	0.0000	0.0000	0.0000	0.0000	0.0000	0.0000	0.0000	0.0000	0.0000	0.0000	0.0000	0.0000	0.0000	0.0000	0.0000	0.0000	0.0000	0.0000	0.0000	0.0000	0.0000	0.0000			0.0000	0.0000	0.0000	1.9996	0.0000	0.0187	0.0000	0.0000	0.0000	0.0000	0.0000	0.0000	0.0000	0.0000	0.0000	0.0000	0.0000	0.0000	0.0000	0.0000	0.0000	0.0000	0.0000	0.0000	0.0000	0.0000	0.0000	0.0000	0.0000	0.0000	0.0000	0.0000	0.0000	0.0000	0.0000	0.0000	0.0000	0.0000	0.0000	0.0000	0.0000	0.0000
37	48	0.0059	5	2	0	0	0	0	0	0	0	1	1	2	1	0	0	0	0	0	0	Y	N	N	N	Y	N	N	N	N	N	N	N	N	N	N	N	N	N	0.0000	0.0000	0.0000	0.0000	0.0000	0.0000	0.0000	0.0000	0.0000	0.0000	0.0000	0.0000	0.0000	0.0000	0.0000	0.0000	0.0000	0.0000	0.0000	0.0000	0.0000	0.0000	0.0000	0.0000	0.0000	0.0000	0.0000			0.0000	0.0000	0.0000	0.0000	0.0000	0.0000	0.0000	0.0000	0.0000	0.0000	0.0000	0.0000	0.0000	0.0000	0.0000	0.0000	0.0000	0.0000	0.0000	0.0000	0.0000	0.0000	0.0000	0.0000	0.0000	0.0000	0.0000	0.0000	0.0000	0.0000	0.0000	0.0000	0.0000	0.0000	0.0000	0.0000	0.0000	0.0000	0.0000	0.0000	0.0000	0.0000
37	50	0.0840	9	2	0	1	0	0	0	0	0	0	1	1	1	0	0	0	0	0	0	Y	N	N	N	N	N	N	N	N	N	N	N	N	N	N	N	N	N	0.0000	0.0000	0.0000	0.0000	0.0000	0.0000	0.0000	0.0000	0.0000	0.0000	0.0000	0.0000	0.0000	0.0000	0.0000	0.0000	0.0000	0.0000	0.0000	0.0000	0.0000	0.0000	0.0000	0.0000	0.0000	0.0000	0.0000			0.0000	0.0000	0.0000	3.0380	0.0000	0.0352	0.0000	0.0000	0.0000	0.0000	0.0000	0.0000	0.0000	0.0000	0.0000	0.0000	0.0000	0.0000	0.0000	0.0000	0.0000	0.0000	0.0000	0.0000	0.0000	0.0000	0.0000	0.0000	0.0000	0.0000	0.0000	0.0000	0.0000	0.0000	0.0000	0.0000	0.0000	0.0000	0.0000	0.0000	0.0000	0.0000
37	51	0.0699	8	2	0	1	0	1	0	1	0	0	1	1	1	0	0	0	0	0	0	Y	N	N	N	N	N	N	N	N	N	N	N	N	N	N	N	N	N	0.0000	0.0000	0.0000	0.0000	0.0000	0.0000	0.0000	0.0000	0.0000	0.0000	0.0000	0.0000	0.0000	0.0000	0.0000	0.0000	0.0000	0.0000	0.0000	0.0000	0.0000	0.0000	0.0000	0.0000	0.0000	0.0000	0.0000			0.0000	0.0000	0.0000	1.0494	0.0000	1.5573	0.0000	0.0000	0.0000	0.0000	0.0000	0.0000	0.0000	0.0000	0.0000	0.0000	0.0000	0.0000	0.0000	0.0000	0.0000	0.0000	0.0000	0.0000	0.0000	0.0000	0.0000	0.0000	0.0000	0.0000	0.0000	0.0000	0.0000	0.0000	0.0000	0.0000	0.0000	0.0000	0.0000	0.0000	0.0000	0.0000
37	54	0.0059	6	2	0	1	0	0	0	0	0	0	1	1	1	0	0	0	0	0	0	Y	N	N	N	N	N	N	N	N	N	N	N	N	N	N	N	N	N	0.0000	0.0000	0.0000	0.0000	0.0000	0.0000	0.0000	0.0000	0.0000	0.0000	0.0000	0.0000	0.0000	0.0000	0.0000	0.0000	0.0000	0.0000	0.0000	0.0000	0.0000	0.0000	0.0000	0.0000	0.0000	0.0000	0.0000			0.0000	0.0000	0.0000	4.0000	0.0000	4.0000	0.0000	0.0000	0.0000	0.0000	0.0000	0.0000	0.0000	0.0000	0.0000	0.0000	0.0000	0.0000	0.0000	0.0000	0.0000	0.0000	0.0000	0.0000	0.0000	0.0000	0.0000	0.0000	0.0000	0.0000	0.0000	0.0000	0.0000	0.0000	0.0000	0.0000	0.0000	0.0000	0.0000	0.0000	0.0000	0.0000
37	55	0.0059	5	2	0	1	0	0	0	1	0	0	1	1	1	0	0	0	0	0	0	Y	N	N	N	N	N	N	N	N	N	N	N	N	N	N	N	N	N	0.0000	0.0000	0.0000	0.0000	0.0000	0.0000	0.0000	0.0000	0.0000	0.0000	0.0000	0.0000	0.0000	0.0000	0.0000	0.0000	0.0000	0.0000	0.0000	0.0000	0.0000	0.0000	0.0000	0.0000	0.0000	0.0000	0.0000			0.0000	0.0000	0.0000	0.0000	0.0000	0.0000	0.0000	0.0000	0.0000	0.0000	0.0000	0.0000	0.0000	0.0000	0.0000	0.0000	0.0000	0.0000	0.0000	0.0000	0.0000	0.0000	0.0000	0.0000	0.0000	0.0000	0.0000	0.0000	0.0000	0.0000	0.0000	0.0000	0.0000	0.0000	0.0000	0.0000	0.0000	0.0000	0.0000	0.0000	0.0000	0.0000
37	56	0.0059	4	2	0	0	0	0	0	0	0	0	1	1	1	0	0	0	0	0	0	Y	N	N	N	N	N	N	N	N	N	N	N	N	N	N	N	N	N	0.0000	0.0000	0.0000	0.0000	0.0000	0.0000	0.0000	0.0000	0.0000	0.0000	0.0000	0.0000	0.0000	0.0000	0.0000	0.0000	0.0000	0.0000	0.0000	0.0000	0.0000	0.0000	0.0000	0.0000	0.0000	0.0000	0.0000			0.0000	0.0000	0.0000	0.0000	0.0000	0.0000	0.0000	0.0000	0.0000	0.0000	0.0000	0.0000	0.0000	0.0000	0.0000	0.0000	0.0000	0.0000	0.0000	0.0000	0.0000	0.0000	0.0000	0.0000	0.0000	0.0000	0.0000	0.0000	0.0000	0.0000	0.0000	0.0000	0.0000	0.0000	0.0000	0.0000	0.0000	0.0000	0.0000	0.0000	0.0000	0.0000
37	57	0.0059	3	2	0	0	0	0	0	0	0	0	1	1	1	0	0	0	0	0	0	Y	N	N	N	N	N	N	N	N	N	N	N	N	N	N	N	N	N	0.0000	0.0000	0.0000	0.0000	0.0000	0.0000	0.0000	0.0000	0.0000	0.0000	0.0000	0.0000	0.0000	0.0000	0.0000	0.0000	0.0000	0.0000	0.0000	0.0000	0.0000	0.0000	0.0000	0.0000	0.0000	0.0000	0.0000			0.0000	0.0000	0.0000	0.0000	0.0000	0.0000	0.0000	0.0000	0.0000	0.0000	0.0000	0.0000	0.0000	0.0000	0.0000	0.0000	0.0000	0.0000	0.0000	0.0000	0.0000	0.0000	0.0000	0.0000	0.0000	0.0000	0.0000	0.0000	0.0000	0.0000	0.0000	0.0000	0.0000	0.0000	0.0000	0.0000	0.0000	0.0000	0.0000	0.0000	0.0000	0.0000
37	60	0.0850	8	1	0	1	0	0	0	1	0	1	1	2	1	0	0	0	0	0	0	N	N	N	N	Y	N	N	N	N	N	N	N	N	N	N	N	N	N	0.0000	0.0000	0.0000	0.0000	0.0000	0.0000	0.0000	0.0000	0.0000	0.0000	0.0000	0.0000	0.0000	0.0000	0.0000	0.0000	0.0000	0.0000	0.0000	0.0000	0.0000	0.0000	0.0000	0.0000	0.0000	0.0000	0.0000			0.0000	0.0000	0.0000	2.0000	0.0000	1.0000	0.0000	0.0000	0.0000	0.0000	0.0000	0.0000	0.0000	0.0000	0.0000	0.0000	0.0000	0.0000	0.0000	0.0000	0.0000	0.0000	0.0000	0.0000	0.0000	0.0000	0.0000	0.0000	0.0000	0.0000	0.0000	0.0000	0.0000	0.0000	0.0000	0.0000	0.0000	0.0000	0.0000	0.0000	0.0000	0.0000
37	65	0.0850	10	2	0	1	0	1	0	1	0	0	1	1	1	0	0	0	0	0	0	Y	N	N	N	N	N	N	N	N	N	N	N	N	N	N	N	N	N	0.0000	0.0000	0.0000	0.0000	0.0000	0.0000	0.0000	0.0000	0.0000	0.0000	0.0000	0.0000	0.0000	0.0000	0.0000	0.0000	0.0000	0.0000	0.0000	0.0000	0.0000	0.0000	0.0000	0.0000	0.0000	0.0000	0.0000			0.0000	0.0000	0.0000	2.0000	0.0000	2.0000	0.0000	0.0000	0.0000	0.0000	0.0000	0.0000	0.0000	0.0000	0.0000	0.0000	0.0000	0.0000	0.0000	0.0000	0.0000	0.0000	0.0000	0.0000	0.0000	0.0000	0.0000	0.0000	0.0000	0.0000	0.0000	0.0000	0.0000	0.0000	0.0000	0.0000	0.0000	0.0000	0.0000	0.0000	0.0000	0.0000
37	66	0.0913	11	1	0	0	0	0	0	0	0	0	2	1	2	0	0	0	0	0	0	N	N	N	N	N	Y	N	N	N	N	N	N	N	N	N	N	N	N	0.0000	0.0000	0.0000	0.0000	0.0000	0.0000	0.0000	0.0000	0.0000	0.0000	0.0000	0.0000	0.0000	0.0000	0.0000	0.0000	0.0000	0.0000	0.0000	0.0000	0.0000	0.0000	0.0000	0.0000	0.0000	0.0000	0.0000			0.0000	0.0000	0.0000	2.0073	0.0000	0.7728	0.0000	0.0000	0.0000	0.0000	0.0000	0.0000	0.0000	0.0000	0.0000	0.0000	0.0000	0.0000	0.0000	0.0000	0.0000	0.0000	0.0000	0.0000	0.0000	0.0000	0.0000	0.0000	0.0000	0.0000	0.0000	0.0000	0.0000	0.0000	0.0000	0.0000	0.0000	0.0000	0.0000	0.0000	0.0000	0.0000
37	67	0.1034	12	1	0	0	0	0	0	0	0	0	2	1	2	0	0	0	0	0	0	N	N	N	N	N	Y	N	N	N	N	N	N	N	N	N	N	N	N	0.0000	0.0000	0.0000	0.0000	0.0000	0.0000	0.0000	0.0000	0.0000	0.0000	0.0000	0.0000	0.0000	0.0000	0.0000	0.0000	0.0000	0.0000	0.0000	0.0000	0.0000	0.0000	0.0000	0.0000	0.0000	0.0000	0.0000			0.0000	0.0000	0.0000	0.9402	0.0000	1.7770	0.0000	0.0000	0.0000	0.0000	0.0000	0.0000	0.0000	0.0000	0.0000	0.0000	0.0000	0.0000	0.0000	0.0000	0.0000	0.0000	0.0000	0.0000	0.0000	0.0000	0.0000	0.0000	0.0000	0.0000	0.0000	0.0000	0.0000	0.0000	0.0000	0.0000	0.0000	0.0000	0.0000	0.0000	0.0000	0.0000
37	73	0.1332	9	2	0	1	0	0	0	0	0	0	1	2	1	0	0	0	0	0	0	Y	N	N	N	Y	N	N	N	N	N	N	N	N	N	N	N	N	N	0.0000	0.0000	0.0000	0.0000	0.0000	0.0000	0.0000	0.0000	0.0000	0.0000	0.0000	0.0000	0.0000	0.0000	0.0000	0.0000	0.0000	0.0000	0.0000	0.0000	0.0000	0.0000	0.0000	0.0000	0.0000	0.0000	0.0000			0.0000	0.0000	0.0000	0.0000	0.0000	0.0000	0.0000	0.0000	0.0000	0.0000	0.0000	0.0000	0.0000	0.0000	0.0000	0.0000	0.0000	0.0000	0.0000	0.0000	0.0000	0.0000	0.0000	0.0000	0.0000	0.0000	0.0000	0.0000	0.0000	0.0000	0.0000	0.0000	0.0000	0.0000	0.0000	0.0000	0.0000	0.0000	0.0000	0.0000	0.0000	0.0000
37	74	0.0610	8	2	0	1	0	0	0	0	0	1	1	2	1	0	0	0	0	0	0	Y	N	N	N	Y	N	N	N	N	N	N	N	N	N	N	N	N	N	0.0000	0.0000	0.0000	0.0000	0.0000	0.0000	0.0000	0.0000	0.0000	0.0000	0.0000	0.0000	0.0000	0.0000	0.0000	0.0000	0.0000	0.0000	0.0000	0.0000	0.0000	0.0000	0.0000	0.0000	0.0000	0.0000	0.0000			0.0000	0.0000	0.0000	3.8563	0.0000	5.9737	0.0000	0.0000	0.0000	0.0000	0.0000	0.0000	0.0000	0.0000	0.0000	0.0000	0.0000	0.0000	0.0000	0.0000	0.0000	0.0000	0.0000	0.0000	0.0000	0.0000	0.0000	0.0000	0.0000	0.0000	0.0000	0.0000	0.0000	0.0000	0.0000	0.0000	0.0000	0.0000	0.0000	0.0000	0.0000	0.0000
37	75	0.0610	8	2	0	1	0	0	0	0	0	0	1	1	1	0	0	0	0	0	0	Y	N	N	N	N	N	N	N	N	N	N	N	N	N	N	N	N	N	0.0000	0.0000	0.0000	0.0000	0.0000	0.0000	0.0000	0.0000	0.0000	0.0000	0.0000	0.0000	0.0000	0.0000	0.0000	0.0000	0.0000	0.0000	0.0000	0.0000	0.0000	0.0000	0.0000	0.0000	0.0000	0.0000	0.0000			0.0000	0.0000	0.0000	4.9966	0.0000	2.0573	0.0000	0.0000	0.0000	0.0000	0.0000	0.0000	0.0000	0.0000	0.0000	0.0000	0.0000	0.0000	0.0000	0.0000	0.0000	0.0000	0.0000	0.0000	0.0000	0.0000	0.0000	0.0000	0.0000	0.0000	0.0000	0.0000	0.0000	0.0000	0.0000	0.0000	0.0000	0.0000	0.0000	0.0000	0.0000	0.0000
37	76	0.0556	7	2	0	1	0	1	0	1	0	0	1	1	1	0	0	0	0	0	0	Y	N	N	N	N	N	N	N	N	N	N	N	N	N	N	N	N	N	0.0000	0.0000	0.0000	0.0000	0.0000	0.0000	0.0000	0.0000	0.0000	0.0000	0.0000	0.0000	0.0000	0.0000	0.0000	0.0000	0.0000	0.0000	0.0000	0.0000	0.0000	0.0000	0.0000	0.0000	0.0000	0.0000	0.0000			0.0000	0.0000	0.0000	0.0131	0.0000	1.0784	0.0000	0.0000	0.0000	0.0000	0.0000	0.0000	0.0000	0.0000	0.0000	0.0000	0.0000	0.0000	0.0000	0.0000	0.0000	0.0000	0.0000	0.0000	0.0000	0.0000	0.0000	0.0000	0.0000	0.0000	0.0000	0.0000	0.0000	0.0000	0.0000	0.0000	0.0000	0.0000	0.0000	0.0000	0.0000	0.0000
38	40	0.0912	9	2	0	1	0	0	0	1	0	0	0	1	0	0	0	0	0	0	0	Y	N	N	N	N	N	N	N	N	N	N	N	N	N	N	N	N	N	0.0000	0.0000	0.0000	0.0000	0.0000	0.0000	0.0000	0.0000	0.0000	0.0000	0.0000	0.0000	0.0000	0.0000	0.0000	0.0000	0.0000	0.0000	0.0000	0.0000	0.0000	0.0000	0.0000	0.0000	0.0000	0.0000	0.0000			0.0000	0.0000	0.0000	9.0556	0.0000	5.2001	0.0000	0.0000	0.0000	0.0000	0.0000	0.0000	0.0000	0.0000	0.0000	0.0000	0.0000	0.0000	0.0000	0.0000	0.0000	0.0000	0.0000	0.0000	0.0000	0.0000	0.0000	0.0000	0.0000	0.0000	0.0000	0.0000	0.0000	0.0000	0.0000	0.0000	0.0000	0.0000	0.0000	0.0000	0.0000	0.0000
38	41	0.0764	8	2	0	0	0	1	0	0	0	0	0	1	0	0	0	0	0	0	0	Y	N	N	N	N	N	N	N	N	N	N	N	N	N	N	N	N	N	0.0000	0.0000	0.0000	0.0000	0.0000	0.0000	0.0000	0.0000	0.0000	0.0000	0.0000	0.0000	0.0000	0.0000	0.0000	0.0000	0.0000	0.0000	0.0000	0.0000	0.0000	0.0000	0.0000	0.0000	0.0000	0.0000	0.0000			0.0000	0.0000	0.0000	1.0068	0.0000	1.0688	0.0000	0.0000	0.0000	0.0000	0.0000	0.0000	0.0000	0.0000	0.0000	0.0000	0.0000	0.0000	0.0000	0.0000	0.0000	0.0000	0.0000	0.0000	0.0000	0.0000	0.0000	0.0000	0.0000	0.0000	0.0000	0.0000	0.0000	0.0000	0.0000	0.0000	0.0000	0.0000	0.0000	0.0000	0.0000	0.0000
38	45	0.0237	7	2	0	0	1	0	0	0	1	0	0	2	1	0	0	0	0	0	0	Y	N	N	N	Y	N	N	N	N	N	N	N	N	N	N	N	N	N	0.0000	0.0000	0.0000	0.0000	0.0000	0.0000	0.0000	0.0000	0.0000	0.0000	0.0000	0.0000	0.0000	0.0000	0.0000	0.0000	0.0000	0.0000	0.0000	0.0000	0.0000	0.0000	0.0000	0.0000	0.0000	0.0000	0.0000			0.0000	0.0000	0.0000	0.9998	0.0000	0.0048	0.0000	0.0000	0.0000	0.0000	0.0000	0.0000	0.0000	0.0000	0.0000	0.0000	0.0000	0.0000	0.0000	0.0000	0.0000	0.0000	0.0000	0.0000	0.0000	0.0000	0.0000	0.0000	0.0000	0.0000	0.0000	0.0000	0.0000	0.0000	0.0000	0.0000	0.0000	0.0000	0.0000	0.0000	0.0000	0.0000
38	46	0.0177	6	2	0	0	0	0	0	0	0	0	0	2	1	0	0	0	0	0	0	Y	N	N	N	Y	N	N	N	N	N	N	N	N	N	N	N	N	N	0.0000	0.0000	0.0000	0.0000	0.0000	0.0000	0.0000	0.0000	0.0000	0.0000	0.0000	0.0000	0.0000	0.0000	0.0000	0.0000	0.0000	0.0000	0.0000	0.0000	0.0000	0.0000	0.0000	0.0000	0.0000	0.0000	0.0000			0.0000	0.0000	0.0000	0.0006	0.0000	0.9846	0.0000	0.0000	0.0000	0.0000	0.0000	0.0000	0.0000	0.0000	0.0000	0.0000	0.0000	0.0000	0.0000	0.0000	0.0000	0.0000	0.0000	0.0000	0.0000	0.0000	0.0000	0.0000	0.0000	0.0000	0.0000	0.0000	0.0000	0.0000	0.0000	0.0000	0.0000	0.0000	0.0000	0.0000	0.0000	0.0000
38	47	0.0059	5	2	0	0	0	0	0	0	0	0	1	2	1	0	0	0	0	0	0	Y	N	N	N	Y	N	N	N	N	N	N	N	N	N	N	N	N	N	0.0000	0.0000	0.0000	0.0000	0.0000	0.0000	0.0000	0.0000	0.0000	0.0000	0.0000	0.0000	0.0000	0.0000	0.0000	0.0000	0.0000	0.0000	0.0000	0.0000	0.0000	0.0000	0.0000	0.0000	0.0000	0.0000	0.0000			0.0000	0.0000	0.0000	1.9996	0.0000	0.0187	0.0000	0.0000	0.0000	0.0000	0.0000	0.0000	0.0000	0.0000	0.0000	0.0000	0.0000	0.0000	0.0000	0.0000	0.0000	0.0000	0.0000	0.0000	0.0000	0.0000	0.0000	0.0000	0.0000	0.0000	0.0000	0.0000	0.0000	0.0000	0.0000	0.0000	0.0000	0.0000	0.0000	0.0000	0.0000	0.0000
38	48	0.0059	4	2	0	0	0	0	0	0	0	1	0	2	0	0	0	0	0	0	0	Y	N	N	N	Y	N	N	N	N	N	N	N	N	N	N	N	N	N	0.0000	0.0000	0.0000	0.0000	0.0000	0.0000	0.0000	0.0000	0.0000	0.0000	0.0000	0.0000	0.0000	0.0000	0.0000	0.0000	0.0000	0.0000	0.0000	0.0000	0.0000	0.0000	0.0000	0.0000	0.0000	0.0000	0.0000			0.0000	0.0000	0.0000	0.0000	0.0000	0.0000	0.0000	0.0000	0.0000	0.0000	0.0000	0.0000	0.0000	0.0000	0.0000	0.0000	0.0000	0.0000	0.0000	0.0000	0.0000	0.0000	0.0000	0.0000	0.0000	0.0000	0.0000	0.0000	0.0000	0.0000	0.0000	0.0000	0.0000	0.0000	0.0000	0.0000	0.0000	0.0000	0.0000	0.0000	0.0000	0.0000
38	50	0.0840	8	2	0	1	0	0	0	0	0	0	0	1	0	0	0	0	0	0	0	Y	N	N	N	N	N	N	N	N	N	N	N	N	N	N	N	N	N	0.0000	0.0000	0.0000	0.0000	0.0000	0.0000	0.0000	0.0000	0.0000	0.0000	0.0000	0.0000	0.0000	0.0000	0.0000	0.0000	0.0000	0.0000	0.0000	0.0000	0.0000	0.0000	0.0000	0.0000	0.0000	0.0000	0.0000			0.0000	0.0000	0.0000	3.0380	0.0000	0.0352	0.0000	0.0000	0.0000	0.0000	0.0000	0.0000	0.0000	0.0000	0.0000	0.0000	0.0000	0.0000	0.0000	0.0000	0.0000	0.0000	0.0000	0.0000	0.0000	0.0000	0.0000	0.0000	0.0000	0.0000	0.0000	0.0000	0.0000	0.0000	0.0000	0.0000	0.0000	0.0000	0.0000	0.0000	0.0000	0.0000
38	51	0.0699	7	2	0	1	0	1	0	1	0	0	0	1	0	0	0	0	0	0	0	Y	N	N	N	N	N	N	N	N	N	N	N	N	N	N	N	N	N	0.0000	0.0000	0.0000	0.0000	0.0000	0.0000	0.0000	0.0000	0.0000	0.0000	0.0000	0.0000	0.0000	0.0000	0.0000	0.0000	0.0000	0.0000	0.0000	0.0000	0.0000	0.0000	0.0000	0.0000	0.0000	0.0000	0.0000			0.0000	0.0000	0.0000	1.0494	0.0000	1.5573	0.0000	0.0000	0.0000	0.0000	0.0000	0.0000	0.0000	0.0000	0.0000	0.0000	0.0000	0.0000	0.0000	0.0000	0.0000	0.0000	0.0000	0.0000	0.0000	0.0000	0.0000	0.0000	0.0000	0.0000	0.0000	0.0000	0.0000	0.0000	0.0000	0.0000	0.0000	0.0000	0.0000	0.0000	0.0000	0.0000
38	54	0.0059	5	2	0	1	0	0	0	0	0	0	0	1	0	0	0	0	0	0	0	Y	N	N	N	N	N	N	N	N	N	N	N	N	N	N	N	N	N	0.0000	0.0000	0.0000	0.0000	0.0000	0.0000	0.0000	0.0000	0.0000	0.0000	0.0000	0.0000	0.0000	0.0000	0.0000	0.0000	0.0000	0.0000	0.0000	0.0000	0.0000	0.0000	0.0000	0.0000	0.0000	0.0000	0.0000			0.0000	0.0000	0.0000	4.0000	0.0000	4.0000	0.0000	0.0000	0.0000	0.0000	0.0000	0.0000	0.0000	0.0000	0.0000	0.0000	0.0000	0.0000	0.0000	0.0000	0.0000	0.0000	0.0000	0.0000	0.0000	0.0000	0.0000	0.0000	0.0000	0.0000	0.0000	0.0000	0.0000	0.0000	0.0000	0.0000	0.0000	0.0000	0.0000	0.0000	0.0000	0.0000
38	55	0.0059	4	2	0	1	0	0	0	1	0	0	0	1	0	0	0	0	0	0	0	Y	N	N	N	N	N	N	N	N	N	N	N	N	N	N	N	N	N	0.0000	0.0000	0.0000	0.0000	0.0000	0.0000	0.0000	0.0000	0.0000	0.0000	0.0000	0.0000	0.0000	0.0000	0.0000	0.0000	0.0000	0.0000	0.0000	0.0000	0.0000	0.0000	0.0000	0.0000	0.0000	0.0000	0.0000			0.0000	0.0000	0.0000	0.0000	0.0000	0.0000	0.0000	0.0000	0.0000	0.0000	0.0000	0.0000	0.0000	0.0000	0.0000	0.0000	0.0000	0.0000	0.0000	0.0000	0.0000	0.0000	0.0000	0.0000	0.0000	0.0000	0.0000	0.0000	0.0000	0.0000	0.0000	0.0000	0.0000	0.0000	0.0000	0.0000	0.0000	0.0000	0.0000	0.0000	0.0000	0.0000
38	56	0.0059	3	2	0	0	0	0	0	0	0	0	0	1	0	0	0	0	0	0	0	Y	N	N	N	N	N	N	N	N	N	N	N	N	N	N	N	N	N	0.0000	0.0000	0.0000	0.0000	0.0000	0.0000	0.0000	0.0000	0.0000	0.0000	0.0000	0.0000	0.0000	0.0000	0.0000	0.0000	0.0000	0.0000	0.0000	0.0000	0.0000	0.0000	0.0000	0.0000	0.0000	0.0000	0.0000			0.0000	0.0000	0.0000	0.0000	0.0000	0.0000	0.0000	0.0000	0.0000	0.0000	0.0000	0.0000	0.0000	0.0000	0.0000	0.0000	0.0000	0.0000	0.0000	0.0000	0.0000	0.0000	0.0000	0.0000	0.0000	0.0000	0.0000	0.0000	0.0000	0.0000	0.0000	0.0000	0.0000	0.0000	0.0000	0.0000	0.0000	0.0000	0.0000	0.0000	0.0000	0.0000
38	57	0.0059	2	2	0	0	0	0	0	0	0	0	0	1	0	0	0	0	0	0	0	Y	N	N	N	N	N	N	N	N	N	N	N	N	N	N	N	N	N	0.0000	0.0000	0.0000	0.0000	0.0000	0.0000	0.0000	0.0000	0.0000	0.0000	0.0000	0.0000	0.0000	0.0000	0.0000	0.0000	0.0000	0.0000	0.0000	0.0000	0.0000	0.0000	0.0000	0.0000	0.0000	0.0000	0.0000			0.0000	0.0000	0.0000	0.0000	0.0000	0.0000	0.0000	0.0000	0.0000	0.0000	0.0000	0.0000	0.0000	0.0000	0.0000	0.0000	0.0000	0.0000	0.0000	0.0000	0.0000	0.0000	0.0000	0.0000	0.0000	0.0000	0.0000	0.0000	0.0000	0.0000	0.0000	0.0000	0.0000	0.0000	0.0000	0.0000	0.0000	0.0000	0.0000	0.0000	0.0000	0.0000
38	60	0.0850	7	1	0	1	0	0	0	1	0	1	0	2	0	0	0	0	0	0	0	N	N	N	N	Y	N	N	N	N	N	N	N	N	N	N	N	N	N	0.0000	0.0000	0.0000	0.0000	0.0000	0.0000	0.0000	0.0000	0.0000	0.0000	0.0000	0.0000	0.0000	0.0000	0.0000	0.0000	0.0000	0.0000	0.0000	0.0000	0.0000	0.0000	0.0000	0.0000	0.0000	0.0000	0.0000			0.0000	0.0000	0.0000	2.0000	0.0000	1.0000	0.0000	0.0000	0.0000	0.0000	0.0000	0.0000	0.0000	0.0000	0.0000	0.0000	0.0000	0.0000	0.0000	0.0000	0.0000	0.0000	0.0000	0.0000	0.0000	0.0000	0.0000	0.0000	0.0000	0.0000	0.0000	0.0000	0.0000	0.0000	0.0000	0.0000	0.0000	0.0000	0.0000	0.0000	0.0000	0.0000
38	65	0.0850	9	2	0	1	0	1	0	1	0	0	0	1	0	0	0	0	0	0	0	Y	N	N	N	N	N	N	N	N	N	N	N	N	N	N	N	N	N	0.0000	0.0000	0.0000	0.0000	0.0000	0.0000	0.0000	0.0000	0.0000	0.0000	0.0000	0.0000	0.0000	0.0000	0.0000	0.0000	0.0000	0.0000	0.0000	0.0000	0.0000	0.0000	0.0000	0.0000	0.0000	0.0000	0.0000			0.0000	0.0000	0.0000	2.0000	0.0000	2.0000	0.0000	0.0000	0.0000	0.0000	0.0000	0.0000	0.0000	0.0000	0.0000	0.0000	0.0000	0.0000	0.0000	0.0000	0.0000	0.0000	0.0000	0.0000	0.0000	0.0000	0.0000	0.0000	0.0000	0.0000	0.0000	0.0000	0.0000	0.0000	0.0000	0.0000	0.0000	0.0000	0.0000	0.0000	0.0000	0.0000
38	73	0.1332	8	2	0	1	0	0	0	0	0	0	0	2	0	0	0	0	0	0	0	Y	N	N	N	Y	N	N	N	N	N	N	N	N	N	N	N	N	N	0.0000	0.0000	0.0000	0.0000	0.0000	0.0000	0.0000	0.0000	0.0000	0.0000	0.0000	0.0000	0.0000	0.0000	0.0000	0.0000	0.0000	0.0000	0.0000	0.0000	0.0000	0.0000	0.0000	0.0000	0.0000	0.0000	0.0000			0.0000	0.0000	0.0000	0.0000	0.0000	0.0000	0.0000	0.0000	0.0000	0.0000	0.0000	0.0000	0.0000	0.0000	0.0000	0.0000	0.0000	0.0000	0.0000	0.0000	0.0000	0.0000	0.0000	0.0000	0.0000	0.0000	0.0000	0.0000	0.0000	0.0000	0.0000	0.0000	0.0000	0.0000	0.0000	0.0000	0.0000	0.0000	0.0000	0.0000	0.0000	0.0000
38	74	0.0610	7	2	0	1	0	0	0	0	0	1	0	2	0	0	0	0	0	0	0	Y	N	N	N	Y	N	N	N	N	N	N	N	N	N	N	N	N	N	0.0000	0.0000	0.0000	0.0000	0.0000	0.0000	0.0000	0.0000	0.0000	0.0000	0.0000	0.0000	0.0000	0.0000	0.0000	0.0000	0.0000	0.0000	0.0000	0.0000	0.0000	0.0000	0.0000	0.0000	0.0000	0.0000	0.0000			0.0000	0.0000	0.0000	3.8563	0.0000	5.9737	0.0000	0.0000	0.0000	0.0000	0.0000	0.0000	0.0000	0.0000	0.0000	0.0000	0.0000	0.0000	0.0000	0.0000	0.0000	0.0000	0.0000	0.0000	0.0000	0.0000	0.0000	0.0000	0.0000	0.0000	0.0000	0.0000	0.0000	0.0000	0.0000	0.0000	0.0000	0.0000	0.0000	0.0000	0.0000	0.0000
38	75	0.0610	7	2	0	1	0	0	0	0	0	0	0	1	0	0	0	0	0	0	0	Y	N	N	N	N	N	N	N	N	N	N	N	N	N	N	N	N	N	0.0000	0.0000	0.0000	0.0000	0.0000	0.0000	0.0000	0.0000	0.0000	0.0000	0.0000	0.0000	0.0000	0.0000	0.0000	0.0000	0.0000	0.0000	0.0000	0.0000	0.0000	0.0000	0.0000	0.0000	0.0000	0.0000	0.0000			0.0000	0.0000	0.0000	4.9966	0.0000	2.0573	0.0000	0.0000	0.0000	0.0000	0.0000	0.0000	0.0000	0.0000	0.0000	0.0000	0.0000	0.0000	0.0000	0.0000	0.0000	0.0000	0.0000	0.0000	0.0000	0.0000	0.0000	0.0000	0.0000	0.0000	0.0000	0.0000	0.0000	0.0000	0.0000	0.0000	0.0000	0.0000	0.0000	0.0000	0.0000	0.0000
38	76	0.0556	6	2	0	1	0	1	0	1	0	0	0	1	0	0	0	0	0	0	0	Y	N	N	N	N	N	N	N	N	N	N	N	N	N	N	N	N	N	0.0000	0.0000	0.0000	0.0000	0.0000	0.0000	0.0000	0.0000	0.0000	0.0000	0.0000	0.0000	0.0000	0.0000	0.0000	0.0000	0.0000	0.0000	0.0000	0.0000	0.0000	0.0000	0.0000	0.0000	0.0000	0.0000	0.0000			0.0000	0.0000	0.0000	0.0131	0.0000	1.0784	0.0000	0.0000	0.0000	0.0000	0.0000	0.0000	0.0000	0.0000	0.0000	0.0000	0.0000	0.0000	0.0000	0.0000	0.0000	0.0000	0.0000	0.0000	0.0000	0.0000	0.0000	0.0000	0.0000	0.0000	0.0000	0.0000	0.0000	0.0000	0.0000	0.0000	0.0000	0.0000	0.0000	0.0000	0.0000	0.0000
39	40	0.0912	8	2	0	1	0	0	0	1	0	1	0	1	0	0	0	0	0	0	0	Y	N	N	N	N	N	N	N	N	N	N	N	N	N	N	N	N	N	0.0000	0.0000	0.0000	0.0000	0.0000	0.0000	0.0000	0.0000	0.0000	0.0000	0.0000	0.0000	0.0000	0.0000	0.0000	0.0000	0.0000	0.0000	0.0003	0.0008	0.0000	0.0035	0.0045	0.0000	0.0000	0.0000	0.0000		0.0000	0.0000	-0.0000	0.0000	9.0556	1.0000	5.2001	0.0000	0.0000	0.0000	0.0000	0.0000	0.0000	0.0000	0.0000	0.0000	0.0000	0.0000	0.0000	0.0000	0.0000	0.0000	0.0000	0.0000	0.0000	0.0000	0.0000	0.0000	0.0000	0.0000	0.0000	0.0000	0.0000	0.0000	0.0347	0.0123	0.0224	0.0029	0.0022	0.0007	0.0318	0.0100	0.0218
39	41	0.0764	7	2	0	0	0	1	0	0	0	1	0	1	0	0	0	0	0	0	0	Y	N	N	N	N	N	N	N	N	N	N	N	N	N	N	N	N	N	0.0000	0.0000	0.0000	0.0000	0.0000	0.0000	0.0000	0.0000	0.0000	0.0000	0.0000	0.0000	0.0000	0.0000	0.0000	0.0000	0.0000	0.0000	0.0018	0.0000	0.0027	0.0000	0.0000	0.0000	0.0019	0.0000	0.0027		inf	0.0000	0.0000	0.0000	1.0068	1.0000	1.0688	0.0000	0.0000	0.0000	0.0000	0.0000	0.0000	0.0000	0.0000	0.0000	0.0000	0.0000	0.0000	0.0000	0.0000	0.0000	0.0000	0.0000	0.0000	0.0000	0.0000	0.0000	0.0000	0.0000	0.0000	0.0000	0.0000	0.0000	0.0057	0.0019	0.0038	0.0004	0.0003	0.0001	0.0052	0.0016	0.0036
39	45	0.0237	6	2	0	0	1	0	0	0	1	1	0	2	1	0	0	0	0	0	0	Y	N	N	N	Y	N	N	N	N	N	N	N	N	N	N	N	N	N	0.0000	0.0000	0.0000	0.0000	0.0000	0.0000	0.0000	0.0000	0.0000	0.0000	0.0000	0.0000	0.0000	0.0000	0.0000	0.0000	0.0000	0.0000	0.0000	0.0000	0.0000	0.0000	0.0000	0.0000	0.0000	0.0000	0.0000			0.0000	0.0000	0.0000	0.9998	1.0000	0.0048	0.0000	0.0000	0.0000	0.0000	0.0000	0.0000	0.0000	0.0000	0.0000	0.0000	0.0000	0.0000	0.0000	0.0000	0.0000	0.0000	0.0000	0.0000	0.0000	0.0000	0.0000	0.0000	0.0000	0.0000	0.0000	0.0000	0.0000	0.0031	0.0010	0.0021	0.0000	0.0000	0.0000	0.0031	0.0010	0.0021
39	46	0.0177	5	2	0	0	0	0	0	0	0	1	0	2	1	0	0	0	0	0	0	Y	N	N	N	Y	N	N	N	N	N	N	N	N	N	N	N	N	N	0.0000	0.0000	0.0000	0.0000	0.0000	0.0000	0.0000	0.0000	0.0000	0.0000	0.0000	0.0000	0.0000	0.0000	0.0000	0.0000	0.0000	0.0000	0.0000	0.0000	0.0000	0.0000	0.0000	0.0000	0.0000	0.0000	0.0000			0.0000	0.0000	0.0000	0.0006	1.0000	0.9846	0.0000	0.0000	0.0000	0.0000	0.0000	0.0000	0.0000	0.0000	0.0000	0.0000	0.0000	0.0000	0.0000	0.0000	0.0000	0.0000	0.0000	0.0000	0.0000	0.0000	0.0000	0.0000	0.0000	0.0000	0.0000	0.0000	0.0000	0.0031	0.0010	0.0021	0.0000	0.0000	0.0000	0.0031	0.0010	0.0021
39	47	0.0059	4	2	0	0	0	0	0	0	0	1	1	2	1	0	0	0	0	0	0	Y	N	N	N	Y	N	N	N	N	N	N	N	N	N	N	N	N	N	0.0000	0.0000	0.0000	0.0000	0.0000	0.0000	0.0000	0.0000	0.0000	0.0000	0.0000	0.0000	0.0000	0.0000	0.0000	0.0000	0.0000	0.0000	0.0000	0.0000	0.0000	0.0000	0.0000	0.0000	0.0000	0.0000	0.0000			0.0000	0.0000	0.0000	1.9996	1.0000	0.0187	0.0000	0.0000	0.0000	0.0000	0.0000	0.0000	0.0000	0.0000	0.0000	0.0000	0.0000	0.0000	0.0000	0.0000	0.0000	0.0000	0.0000	0.0000	0.0000	0.0000	0.0000	0.0000	0.0000	0.0000	0.0000	0.0000	0.0000	0.0061	0.0020	0.0041	0.0000	0.0000	0.0000	0.0061	0.0020	0.0041
39	48	0.0059	3	2	0	0	0	0	0	0	0	2	0	2	0	0	0	0	0	0	0	Y	N	N	N	Y	N	N	N	N	N	N	N	N	N	N	N	N	N	0.0000	0.0000	0.0000	0.0000	0.0000	0.0000	0.0000	0.0000	0.0000	0.0000	0.0000	0.0000	0.0000	0.0000	0.0000	0.0000	0.0000	0.0000	0.0000	0.0000	0.0000	0.0000	0.0000	0.0000	0.0000	0.0000	0.0000			0.0000	0.0000	0.0000	0.0000	1.0000	0.0000	0.0000	0.0000	0.0000	0.0000	0.0000	0.0000	0.0000	0.0000	0.0000	0.0000	0.0000	0.0000	0.0000	0.0000	0.0000	0.0000	0.0000	0.0000	0.0000	0.0000	0.0000	0.0000	0.0000	0.0000	0.0000	0.0000	0.0000	0.0000	0.0000	0.0000	0.0000	0.0000	0.0000	0.0000	0.0000	0.0000
39	50	0.0840	7	2	0	1	0	0	0	0	0	1	0	1	0	0	0	0	0	0	0	Y	N	N	N	N	N	N	N	N	N	N	N	N	N	N	N	N	N	0.0000	0.0000	0.0000	0.0000	0.0000	0.0000	0.0000	0.0000	0.0000	0.0000	0.0000	0.0000	0.0000	0.0000	0.0000	0.0000	0.0000	0.0000	0.0000	0.0000	0.0000	0.0000	0.0000	0.0000	0.0000	0.0000	0.0000			0.0000	0.0000	0.0000	3.0380	1.0000	0.0352	0.0000	0.0000	0.0000	0.0000	0.0000	0.0000	0.0000	0.0000	0.0000	0.0000	0.0000	0.0000	0.0000	0.0000	0.0000	0.0000	0.0000	0.0000	0.0000	0.0000	0.0000	0.0000	0.0000	0.0000	0.0000	0.0000	0.0000	0.0087	0.0032	0.0055	0.0011	0.0009	0.0002	0.0076	0.0023	0.0053
39	51	0.0699	6	2	0	1	0	1	0	1	0	1	0	1	0	0	0	0	0	0	0	Y	N	N	N	N	N	N	N	N	N	N	N	N	N	N	N	N	N	0.0000	0.0000	0.0000	0.0000	0.0000	0.0000	0.0000	0.0000	0.0000	0.0000	0.0000	0.0000	0.0000	0.0000	0.0000	0.0000	0.0000	0.0000	0.0000	0.0000	0.0000	0.0000	0.0000	0.0000	0.0000	0.0000	0.0000			0.0000	0.0000	0.0000	1.0494	1.0000	1.5573	0.0000	0.0000	0.0000	0.0000	0.0000	0.0000	0.0000	0.0000	0.0000	0.0000	0.0000	0.0000	0.0000	0.0000	0.0000	0.0000	0.0000	0.0000	0.0000	0.0000	0.0000	0.0000	0.0000	0.0000	0.0000	0.0000	0.0000	0.0082	0.0030	0.0052	0.0011	0.0010	0.0001	0.0071	0.0020	0.0050
39	54	0.0059	4	2	0	1	0	0	0	0	0	1	0	1	0	0	0	0	0	0	0	Y	N	N	N	N	N	N	N	N	N	N	N	N	N	N	N	N	N	0.0000	0.0000	0.0000	0.0000	0.0000	0.0000	0.0000	0.0000	0.0000	0.0000	0.0000	0.0000	0.0000	0.0000	0.0000	0.0000	0.0000	0.0000	0.0000	0.0000	0.0000	0.0000	0.0000	0.0000	0.0000	0.0000	0.0000			0.0000	0.0000	0.0000	4.0000	1.0000	4.0000	0.0000	0.0000	0.0000	0.0000	0.0000	0.0000	0.0000	0.0000	0.0000	0.0000	0.0000	0.0000	0.0000	0.0000	0.0000	0.0000	0.0000	0.0000	0.0000	0.0000	0.0000	0.0000	0.0000	0.0000	0.0000	0.0000	0.0000	0.0227	0.0075	0.0152	0.0000	0.0000	0.0000	0.0227	0.0075	0.0152
39	55	0.0059	3	2	0	1	0	0	0	1	0	1	0	1	0	0	0	0	0	0	0	Y	N	N	N	N	N	N	N	N	N	N	N	N	N	N	N	N	N	0.0000	0.0000	0.0000	0.0000	0.0000	0.0000	0.0000	0.0000	0.0000	0.0000	0.0000	0.0000	0.0000	0.0000	0.0000	0.0000	0.0000	0.0000	0.0000	0.0000	0.0000	0.0000	0.0000	0.0000	0.0000	0.0000	0.0000			0.0000	0.0000	0.0000	0.0000	1.0000	0.0000	0.0000	0.0000	0.0000	0.0000	0.0000	0.0000	0.0000	0.0000	0.0000	0.0000	0.0000	0.0000	0.0000	0.0000	0.0000	0.0000	0.0000	0.0000	0.0000	0.0000	0.0000	0.0000	0.0000	0.0000	0.0000	0.0000	0.0000	0.0000	0.0000	0.0000	0.0000	0.0000	0.0000	0.0000	0.0000	0.0000
39	56	0.0059	2	2	0	0	0	0	0	0	0	1	0	1	0	0	0	0	0	0	0	Y	N	N	N	N	N	N	N	N	N	N	N	N	N	N	N	N	N	0.0000	0.0000	0.0000	0.0000	0.0000	0.0000	0.0000	0.0000	0.0000	0.0000	0.0000	0.0000	0.0000	0.0000	0.0000	0.0000	0.0000	0.0000	0.0000	0.0000	0.0000	0.0000	0.0000	0.0000	0.0000	0.0000	0.0000			0.0000	0.0000	0.0000	0.0000	1.0000	0.0000	0.0000	0.0000	0.0000	0.0000	0.0000	0.0000	0.0000	0.0000	0.0000	0.0000	0.0000	0.0000	0.0000	0.0000	0.0000	0.0000	0.0000	0.0000	0.0000	0.0000	0.0000	0.0000	0.0000	0.0000	0.0000	0.0000	0.0000	0.0000	0.0000	0.0000	0.0000	0.0000	0.0000	0.0000	0.0000	0.0000
39	60	0.0850	6	1	0	1	0	0	0	1	0	2	0	2	0	0	0	0	0	0	0	N	N	N	N	Y	N	N	N	N	N	N	N	N	N	N	N	N	N	0.0000	0.0000	0.0000	0.0000	0.0000	0.0000	0.0000	0.0000	0.0000	0.0000	0.0000	0.0000	0.0000	0.0000	0.0000	0.0000	0.0000	0.0000	0.0000	0.0000	0.0000	0.0000	0.0000	0.0000	0.0000	0.0000	0.0000			0.0000	0.0000	0.0000	2.0000	1.0000	1.0000	0.0000	0.0000	0.0000	0.0000	0.0000	0.0000	0.0000	0.0000	0.0000	0.0000	0.0000	0.0000	0.0000	0.0000	0.0000	0.0000	0.0000	0.0000	0.0000	0.0000	0.0000	0.0000	0.0000	0.0000	0.0000	0.0000	0.0000	0.0083	0.0029	0.0054	0.0008	0.0006	0.0002	0.0075	0.0023	0.0053
39	65	0.0850	8	2	0	1	0	1	0	1	0	1	0	1	0	0	0	0	0	0	0	Y	N	N	N	N	N	N	N	N	N	N	N	N	N	N	N	N	N	0.0000	0.0000	0.0000	0.0000	0.0000	0.0000	0.0000	0.0000	0.0000	0.0000	0.0000	0.0000	0.0000	0.0000	0.0000	0.0000	0.0000	0.0000	0.0000	0.0000	0.0000	0.0000	0.0000	0.0000	0.0000	0.0000	0.0000			0.0000	0.0000	0.0000	2.0000	1.0000	2.0000	0.0000	0.0000	0.0000	0.0000	0.0000	0.0000	0.0000	0.0000	0.0000	0.0000	0.0000	0.0000	0.0000	0.0000	0.0000	0.0000	0.0000	0.0000	0.0000	0.0000	0.0000	0.0000	0.0000	0.0000	0.0000	0.0000	0.0000	0.0110	0.0038	0.0072	0.0011	0.0008	0.0002	0.0099	0.0030	0.0069
39	73	0.1332	7	2	0	1	0	0	0	0	0	1	0	2	0	0	0	0	0	0	0	Y	N	N	N	Y	N	N	N	N	N	N	N	N	N	N	N	N	N	0.0000	0.0000	0.0000	0.0000	0.0000	0.0000	0.0000	0.0000	0.0000	0.0000	0.0000	0.0000	0.0000	0.0000	0.0000	0.0000	0.0000	0.0000	0.0000	0.0000	0.0000	0.0000	0.0000	0.0000	0.0000	0.0000	0.0000			0.0000	0.0000	0.0000	0.0000	1.0000	0.0000	0.0000	0.0000	0.0000	0.0000	0.0000	0.0000	0.0000	0.0000	0.0000	0.0000	0.0000	0.0000	0.0000	0.0000	0.0000	0.0000	0.0000	0.0000	0.0000	0.0000	0.0000	0.0000	0.0000	0.0000	0.0000	0.0000	0.0000	0.0001	0.0000	0.0000	0.0000	0.0000	0.0000	0.0000	0.0000	0.0000
39	74	0.0610	6	2	0	1	0	0	0	0	0	2	0	2	0	0	0	0	0	0	0	Y	N	N	N	Y	N	N	N	N	N	N	N	N	N	N	N	N	N	0.0000	0.0000	0.0000	0.0000	0.0000	0.0000	0.0000	0.0000	0.0000	0.0000	0.0000	0.0000	0.0000	0.0000	0.0000	0.0000	0.0000	0.0000	0.0052	0.0040	0.0059	0.0000	0.0000	0.0000	0.0055	0.0046	0.0060		2.5000	0.0000	0.0000	0.0000	3.8563	1.0000	5.9737	0.0000	0.0000	0.0000	0.0000	0.0000	0.0000	0.0000	0.0000	0.0000	0.0001	0.0000	0.0001	0.0000	0.0000	0.0000	0.0001	0.0000	0.0001	0.0000	0.0000	0.0000	0.0000	0.0000	0.0000	0.0000	0.0000	0.0000	0.0270	0.0100	0.0170	0.0017	0.0014	0.0003	0.0253	0.0086	0.0167
39	75	0.0610	6	2	0	1	0	0	0	0	0	1	0	1	0	0	0	0	0	0	0	Y	N	N	N	N	N	N	N	N	N	N	N	N	N	N	N	N	N	0.0000	0.0000	0.0000	0.0000	0.0000	0.0000	0.0000	0.0000	0.0000	0.0000	0.0000	0.0000	0.0000	0.0000	0.0000	0.0000	0.0000	0.0000	0.0000	0.0000	0.0000	0.0000	0.0000	0.0000	0.0000	0.0000	0.0000			0.0000	0.0000	0.0000	4.9966	1.0000	2.0573	0.0000	0.0000	0.0000	0.0000	0.0000	0.0000	0.0000	0.0000	0.0000	0.0000	0.0000	0.0000	0.0000	0.0000	0.0000	0.0000	0.0000	0.0000	0.0000	0.0000	0.0000	0.0000	0.0000	0.0000	0.0000	0.0000	0.0000	0.0202	0.0077	0.0126	0.0014	0.0012	0.0002	0.0188	0.0064	0.0124
39	76	0.0556	5	2	0	1	0	1	0	1	0	1	0	1	0	0	0	0	0	0	0	Y	N	N	N	N	N	N	N	N	N	N	N	N	N	N	N	N	N	0.0000	0.0000	0.0000	0.0000	0.0000	0.0000	0.0000	0.0000	0.0000	0.0000	0.0000	0.0000	0.0000	0.0000	0.0000	0.0000	0.0000	0.0000	0.0000	0.0000	0.0000	0.0000	0.0000	0.0000	0.0000	0.0000	0.0000			0.0000	0.0000	0.0000	0.0131	1.0000	1.0784	0.0000	0.0000	0.0000	0.0000	0.0000	0.0000	0.0000	0.0000	0.0000	0.0000	0.0000	0.0000	0.0000	0.0000	0.0000	0.0000	0.0000	0.0000	0.0000	0.0000	0.0000	0.0000	0.0000	0.0000	0.0000	0.0000	0.0000	0.0047	0.0023	0.0023	0.0008	0.0008	0.0000	0.0039	0.0015	0.0023
40	45	0.2049	13	2	0	1	1	0	0	1	1	0	0	1	1	0	0	0	0	0	0	Y	N	N	N	N	N	N	N	N	N	N	N	N	N	N	N	N	N	0.0000	0.0000	0.0000	0.0000	0.0000	0.0000	0.0000	0.0000	0.0000	0.0000	0.0000	0.0000	0.0000	0.0000	0.0000	0.0000	0.0000	0.0000	0.0000	0.0001	0.0000	0.0004	0.0004	0.0001	0.0000	0.0000	0.0000		0.0341	0.0000	-0.0000	9.0556	0.9998	5.2001	0.0048	0.0000	0.0000	0.0000	0.0000	0.0000	0.0000	0.0000	0.0000	0.0000	0.0000	0.0000	0.0000	0.0000	0.0000	0.0000	0.0000	0.0000	0.0000	0.1820	0.1609	0.0211	0.0264	0.0252	0.0012	0.1556	0.1357	0.0199	0.0352	0.0127	0.0225	0.0032	0.0026	0.0007	0.0320	0.0101	0.0219
40	46	0.1989	12	2	0	1	0	0	0	1	0	0	0	1	1	0	0	0	0	0	0	Y	N	N	N	N	N	N	N	N	N	N	N	N	N	N	N	N	N	158.5545	0.0000	21404370.0765	0.0022	0.0000	inf	3849178.3074	0.0000	21571383.6623	1.4570	0.0000	17.3754	0.0002	0.0000	0.0241	2.2182	0.0000	18.0262	0.0092	0.0257	0.0000	0.0961	0.1190	0.0000	0.0000	0.0000	0.0000	inf	0.0001	0.0002	-0.0001	9.0556	0.0006	5.2001	0.9846	0.0003	0.0000	0.0003	0.0000	0.0000	0.0000	0.0003	0.0000	0.0003	0.0003	0.0003	0.0000	0.0003	0.0003	0.0000	0.0000	0.0000	0.0000	0.0002	0.0002	0.0000	0.0001	0.0001	0.0000	0.0002	0.0001	0.0000	0.0352	0.0126	0.0226	0.0034	0.0027	0.0006	0.0319	0.0099	0.0220
40	47	0.1871	11	2	0	1	0	0	0	1	0	0	1	1	1	0	0	0	0	0	0	Y	N	N	N	N	N	N	N	N	N	N	N	N	N	N	N	N	N	36594.1888	0.0000	inf	1.3308	0.0000	inf	inf	0.0000	inf	2.7950	0.0000	23.8345	0.0012	0.0000	0.0292	3.1535	0.0000	24.8493	0.0001	0.0002	0.0000	0.0009	0.0012	0.0000	0.0000	0.0000	0.0000	inf	0.0000	0.5847	-0.0000	9.0556	1.9996	5.2001	0.0187	0.9989	0.0000	0.9989	0.0000	0.0000	0.0000	0.9989	0.0000	0.9989	0.0000	0.0000	0.0000	0.0000	0.0000	0.0000	0.0000	0.0000	0.0000	0.3574	0.3155	0.0419	0.0406	0.0389	0.0017	0.3167	0.2766	0.0402	0.0693	0.0245	0.0448	0.0057	0.0044	0.0013	0.0635	0.0201	0.0434
40	48	0.1871	10	2	0	1	0	0	0	1	0	1	0	1	0	0	0	0	0	0	0	Y	N	N	N	N	N	N	N	N	N	N	N	N	N	N	N	N	N	0.0000	0.0000	0.0000	0.0000	0.0000	0.0000	0.0000	0.0000	0.0000	0.0000	0.0000	0.0000	0.0000	0.0000	0.0000	0.0000	0.0000	0.0000	0.0000	0.0000	0.0000	0.0000	0.0000	0.0000	0.0000	0.0000	0.0000			0.0000	0.0000	9.0556	0.0000	5.2001	0.0000	0.0000	0.0000	0.0000	0.0000	0.0000	0.0000	0.0000	0.0000	0.0000	0.0000	0.0000	0.0000	0.0000	0.0000	0.0000	0.0000	0.0000	0.0000	0.0000	0.0000	0.0000	0.0000	0.0000	0.0000	0.0000	0.0000	0.0000	0.0000	0.0000	0.0000	0.0000	0.0000	0.0000	0.0000	0.0000	0.0000
40	56	0.1871	9	2	0	1	0	0	0	1	0	0	0	0	0	0	0	0	0	0	0	Y	N	N	N	N	N	N	N	N	N	N	N	N	N	N	N	N	N	0.0000	0.0000	0.0000	0.0000	0.0000	0.0000	0.0000	0.0000	0.0000	0.0000	0.0000	0.0000	0.0000	0.0000	0.0000	0.0000	0.0000	0.0000	0.0000	0.0000	0.0000	0.0000	0.0000	0.0000	0.0000	0.0000	0.0000			0.0000	0.0000	9.0556	0.0000	5.2001	0.0000	0.0000	0.0000	0.0000	0.0000	0.0000	0.0000	0.0000	0.0000	0.0000	0.0000	0.0000	0.0000	0.0000	0.0000	0.0000	0.0000	0.0000	0.0000	0.0000	0.0000	0.0000	0.0000	0.0000	0.0000	0.0000	0.0000	0.0000	0.0000	0.0000	0.0000	0.0000	0.0000	0.0000	0.0000	0.0000	0.0000
40	57	0.1871	8	2	0	1	0	0	0	1	0	0	0	0	0	0	0	0	0	0	0	Y	N	N	N	N	N	N	N	N	N	N	N	N	N	N	N	N	N	0.0000	0.0000	0.0000	0.0000	0.0000	0.0000	0.0000	0.0000	0.0000	0.0000	0.0000	0.0000	0.0000	0.0000	0.0000	0.0000	0.0000	0.0000	0.0000	0.0000	0.0000	0.0000	0.0000	0.0000	0.0000	0.0000	0.0000			0.0000	0.0000	9.0556	0.0000	5.2001	0.0000	0.0000	0.0000	0.0000	0.0000	0.0000	0.0000	0.0000	0.0000	0.0000	0.0000	0.0000	0.0000	0.0000	0.0000	0.0000	0.0000	0.0000	0.0000	0.0000	0.0000	0.0000	0.0000	0.0000	0.0000	0.0000	0.0000	0.0000	0.0000	0.0000	0.0000	0.0000	0.0000	0.0000	0.0000	0.0000	0.0000
40	58	0.1776	7	2	0	1	0	1	0	1	0	0	0	0	0	0	0	0	0	0	0	Y	N	N	N	N	N	N	N	N	N	N	N	N	N	N	N	N	N	374.9319	13.1027	3165.4665	25.0278	11.4577	504.9327	753.4010	0.0000	3972.4030	0.0024	0.0001	0.0219	0.0009	0.0004	0.0281	0.0028	0.0000	0.0216	0.0000	0.0000	0.0000	0.0000	0.0000	0.0001	0.0000	0.0000	0.0000	35.3197	2.1713	0.0004	0.0000	9.0556	1.2118	5.2001	0.0039	0.0007	0.0000	0.0007	0.0000	0.0000	0.0000	0.0006	0.0000	0.0006	0.0000	0.0000	0.0000	0.0000	0.0000	0.0000	0.0000	0.0000	0.0000	0.2784	0.2483	0.0301	0.0541	0.0530	0.0011	0.2243	0.1953	0.0290	0.0425	0.0152	0.0273	0.0036	0.0028	0.0008	0.0389	0.0123	0.0265
41	45	0.1031	12	2	0	0	1	1	0	0	1	0	0	1	1	0	0	0	0	0	0	Y	N	N	N	N	N	N	N	N	N	N	N	N	N	N	N	N	N	0.0000	0.0000	0.0000	0.0000	0.0000	0.0000	0.0000	0.0000	0.0000	0.0000	0.0000	0.0000	0.0000	0.0000	0.0000	0.0000	0.0000	0.0000	0.0002	0.0000	0.0003	0.0002	0.0002	0.0000	0.0002	0.0000	0.0003		15.5396	0.0000	0.0000	1.0068	0.9998	1.0688	0.0048	0.0000	0.0000	0.0000	0.0000	0.0000	0.0000	0.0000	0.0000	0.0000	0.0000	0.0000	0.0000	0.0000	0.0000	0.0000	0.0000	0.0000	0.0000	0.0222	0.0196	0.0027	0.0029	0.0028	0.0001	0.0193	0.0168	0.0025	0.0058	0.0020	0.0038	0.0005	0.0004	0.0001	0.0053	0.0016	0.0037
41	46	0.0972	11	2	0	0	0	1	0	0	0	0	0	1	1	0	0	0	0	0	0	Y	N	N	N	N	N	N	N	N	N	N	N	N	N	N	N	N	N	0.1639	0.1312	1.2382	0.0000	0.0000	0.0000	0.2323	42.2122	1.2422	0.0095	0.0007	0.1060	0.0000	0.0000	0.0000	0.0143	0.0010	0.1096	0.0580	0.0050	0.0856	0.0195	0.0252	0.0000	0.0616	0.0000	0.0882	14.8000	32.7811	0.0000	0.0002	1.0068	0.0006	1.0688	0.9846	0.0000	0.0000	0.0000	0.0000	0.0000	0.0000	0.0000	0.0000	0.0000	0.0003	0.0000	0.0003	0.0000	0.0000	0.0000	0.0003	0.0000	0.0003	0.0000	0.0000	0.0000	0.0000	0.0000	0.0000	0.0000	0.0000	0.0000	0.0058	0.0020	0.0038	0.0005	0.0004	0.0001	0.0053	0.0016	0.0037
41	47	0.0854	10	2	0	0	0	1	0	0	0	0	1	1	1	0	0	0	0	0	0	Y	N	N	N	N	N	N	N	N	N	N	N	N	N	N	N	N	N	37.5700	31.1462	199.0811	0.0000	0.0000	0.0000	39.8520	inf	200.0667	0.0181	0.0013	0.1408	0.0000	0.0000	0.0000	0.0202	0.0015	0.1459	0.0005	0.0000	0.0007	0.0002	0.0003	0.0000	0.0005	0.0000	0.0007	14.8000	33.0213	0.0004	0.0000	1.0068	1.9996	1.0688	0.0187	0.0008	0.0000	0.0007	0.0000	0.0000	0.0000	0.0008	0.0000	0.0007	0.0000	0.0000	0.0000	0.0000	0.0000	0.0000	0.0000	0.0000	0.0000	0.0436	0.0384	0.0053	0.0044	0.0043	0.0002	0.0392	0.0341	0.0051	0.0113	0.0038	0.0075	0.0009	0.0006	0.0002	0.0105	0.0032	0.0073
41	48	0.0854	9	2	0	0	0	1	0	0	0	1	0	1	0	0	0	0	0	0	0	Y	N	N	N	N	N	N	N	N	N	N	N	N	N	N	N	N	N	0.0000	0.0000	0.0000	0.0000	0.0000	0.0000	0.0000	0.0000	0.0000	0.0000	0.0000	0.0000	0.0000	0.0000	0.0000	0.0000	0.0000	0.0000	0.0000	0.0000	0.0000	0.0000	0.0000	0.0000	0.0000	0.0000	0.0000			0.0000	0.0000	1.0068	0.0000	1.0688	0.0000	0.0000	0.0000	0.0000	0.0000	0.0000	0.0000	0.0000	0.0000	0.0000	0.0000	0.0000	0.0000	0.0000	0.0000	0.0000	0.0000	0.0000	0.0000	0.0000	0.0000	0.0000	0.0000	0.0000	0.0000	0.0000	0.0000	0.0000	0.0000	0.0000	0.0000	0.0000	0.0000	0.0000	0.0000	0.0000	0.0000
41	50	0.0691	7	2	0	1	0	1	0	0	0	0	0	0	0	0	0	0	0	0	0	Y	N	N	N	N	N	N	N	N	N	N	N	N	N	N	N	N	N	0.0233	0.0000	0.4251	0.0000	0.0000	0.0000	0.0454	0.0000	0.4289	0.0000	0.0000	0.0000	0.0000	0.0000	0.0000	0.0000	0.0000	0.0000	0.0001	0.0002	0.0000	0.0008	0.0009	0.0000	0.0001	0.0001	0.0000	inf	0.3940	0.0000	-0.0000	1.0068	3.0380	1.0688	0.0352	0.0000	0.0000	0.0000	0.0000	0.0000	0.0000	0.0000	0.0000	0.0000	0.0000	0.0000	0.0000	0.0000	0.0000	0.0000	0.0000	0.0000	0.0000	0.0665	0.0582	0.0083	0.0032	0.0031	0.0001	0.0633	0.0551	0.0082	0.0190	0.0067	0.0123	0.0012	0.0011	0.0001	0.0178	0.0056	0.0122
41	51	0.0549	6	2	0	1	0	2	0	1	0	0	0	0	0	0	0	0	0	0	0	Y	N	N	N	N	N	N	N	N	N	N	N	N	N	N	N	N	N	0.0818	0.0000	0.7344	0.0000	0.0000	0.0000	0.0784	0.0000	0.7386	0.0004	0.0000	0.0033	0.0000	0.0000	0.0000	0.0004	0.0000	0.0033	0.0051	0.0063	0.0045	0.0003	0.0003	0.0000	0.0055	0.0080	0.0045	inf	1.2905	0.0000	0.0000	1.0068	1.0494	1.0688	1.5573	0.0000	0.0000	0.0000	0.0000	0.0000	0.0000	0.0000	0.0000	0.0000	0.0001	0.0000	0.0001	0.0000	0.0000	0.0000	0.0001	0.0000	0.0001	0.0236	0.0206	0.0030	0.0009	0.0009	0.0000	0.0226	0.0197	0.0030	0.0179	0.0064	0.0115	0.0015	0.0015	0.0000	0.0164	0.0049	0.0115
41	54	0.0854	10	2	0	1	0	1	0	0	0	0	0	0	0	0	0	0	0	0	0	Y	N	N	N	N	N	N	N	N	N	N	N	N	N	N	N	N	N	0.0000	0.0000	0.0000	0.0000	0.0000	0.0000	0.0000	0.0000	0.0000	0.0000	0.0000	0.0000	0.0000	0.0000	0.0000	0.0000	0.0000	0.0000	0.0019	0.0042	0.0007	0.0000	0.0000	0.0000	0.0020	0.0050	0.0007		0.3333	0.0000	-0.0000	1.0068	4.0000	1.0688	4.0000	0.0000	0.0000	0.0000	0.0000	0.0000	0.0000	0.0000	0.0000	0.0000	0.0001	0.0001	0.0000	0.0000	0.0000	0.0000	0.0001	0.0001	0.0000	0.0854	0.0752	0.0102	0.0087	0.0083	0.0004	0.0767	0.0669	0.0099	0.0422	0.0144	0.0278	0.0032	0.0023	0.0009	0.0391	0.0121	0.0270
41	55	0.0854	9	2	0	1	0	1	0	1	0	0	0	0	0	0	0	0	0	0	0	Y	N	N	N	N	N	N	N	N	N	N	N	N	N	N	N	N	N	0.0000	0.0000	0.0000	0.0000	0.0000	0.0000	0.0000	0.0000	0.0000	0.0000	0.0000	0.0000	0.0000	0.0000	0.0000	0.0000	0.0000	0.0000	0.2074	0.0000	0.3053	0.0000	0.0000	0.0000	0.2187	0.0000	0.3150		inf	0.0000	0.0000	1.0068	0.0000	1.0688	0.0000	0.0000	0.0000	0.0000	0.0000	0.0000	0.0000	0.0000	0.0000	0.0000	0.0000	0.0000	0.0000	0.0000	0.0000	0.0000	0.0000	0.0000	0.0000	0.0000	0.0000	0.0000	0.0000	0.0000	0.0000	0.0000	0.0000	0.0000	0.0000	0.0000	0.0000	0.0000	0.0000	0.0000	0.0000	0.0000	0.0000
41	56	0.0853	8	2	0	0	0	1	0	0	0	0	0	0	0	0	0	0	0	0	0	Y	N	N	N	N	N	N	N	N	N	N	N	N	N	N	N	N	N	0.0000	0.0000	0.0000	0.0000	0.0000	0.0000	0.0000	0.0000	0.0000	0.0000	0.0000	0.0000	0.0000	0.0000	0.0000	0.0000	0.0000	0.0000	0.0000	0.0000	0.0000	0.0000	0.0000	0.0000	0.0000	0.0000	0.0000			0.0000	0.0000	1.0068	0.0000	1.0688	0.0000	0.0000	0.0000	0.0000	0.0000	0.0000	0.0000	0.0000	0.0000	0.0000	0.0000	0.0000	0.0000	0.0000	0.0000	0.0000	0.0000	0.0000	0.0000	0.0000	0.0000	0.0000	0.0000	0.0000	0.0000	0.0000	0.0000	0.0000	0.0000	0.0000	0.0000	0.0000	0.0000	0.0000	0.0000	0.0000	0.0000
41	57	0.0853	7	2	0	0	0	1	0	0	0	0	0	0	0	0	0	0	0	0	0	Y	N	N	N	N	N	N	N	N	N	N	N	N	N	N	N	N	N	0.0000	0.0000	0.0000	0.0000	0.0000	0.0000	0.0000	0.0000	0.0000	0.0000	0.0000	0.0000	0.0000	0.0000	0.0000	0.0000	0.0000	0.0000	0.0000	0.0000	0.0000	0.0000	0.0000	0.0000	0.0000	0.0000	0.0000			0.0000	0.0000	1.0068	0.0000	1.0688	0.0000	0.0000	0.0000	0.0000	0.0000	0.0000	0.0000	0.0000	0.0000	0.0000	0.0000	0.0000	0.0000	0.0000	0.0000	0.0000	0.0000	0.0000	0.0000	0.0000	0.0000	0.0000	0.0000	0.0000	0.0000	0.0000	0.0000	0.0000	0.0000	0.0000	0.0000	0.0000	0.0000	0.0000	0.0000	0.0000	0.0000
41	58	0.0759	6	2	0	0	0	2	0	0	0	0	0	0	0	0	0	0	0	0	0	Y	N	N	N	N	N	N	N	N	N	N	N	N	N	N	N	N	N	20.3320	4.5770	2112.8347	5.4899	4.1350	inf	50.2854	3.2392	2099.8407	0.0011	0.0007	0.0044	0.0030	0.0030	0.0011	0.0007	0.0001	0.0045	0.0001	0.0002	0.0000	0.0005	0.0007	0.0000	0.0000	0.0000	0.0000	0.7539	0.0250	0.0000	-0.0000	1.0068	1.2118	1.0688	0.0039	0.0000	0.0000	0.0000	0.0000	0.0000	0.0000	0.0000	0.0000	0.0000	0.0000	0.0000	0.0000	0.0000	0.0000	0.0000	0.0000	0.0000	0.0000	0.0341	0.0303	0.0038	0.0063	0.0062	0.0001	0.0277	0.0241	0.0037	0.0070	0.0024	0.0046	0.0005	0.0004	0.0001	0.0064	0.0020	0.0044
41	65	0.1456	12	2	0	1	0	2	0	1	0	0	0	0	0	0	0	0	0	0	0	Y	N	N	N	N	N	N	N	N	N	N	N	N	N	N	N	N	N	0.0000	0.0000	0.0000	0.0000	0.0000	0.0000	0.0000	0.0000	0.0000	0.0000	0.0000	0.0000	0.0000	0.0000	0.0000	0.0000	0.0000	0.0000	0.0059	0.0072	0.0054	0.0000	0.0000	0.0000	0.0061	0.0077	0.0054		1.5996	0.0000	0.0000	1.0068	2.0000	1.0688	2.0000	0.0000	0.0000	0.0000	0.0000	0.0000	0.0000	0.0000	0.0000	0.0000	0.0001	0.0001	0.0001	0.0000	0.0000	0.0000	0.0001	0.0000	0.0001	0.0420	0.0369	0.0051	0.0042	0.0040	0.0002	0.0377	0.0328	0.0049	0.0219	0.0070	0.0149	0.0006	0.0005	0.0000	0.0213	0.0065	0.0148
41	73	0.1938	11	2	0	1	0	1	0	0	0	0	0	1	0	0	0	0	0	0	0	Y	N	N	N	N	N	N	N	N	N	N	N	N	N	N	N	N	N	0.0000	0.0000	0.0000	0.0000	0.0000	0.0000	0.0000	0.0000	0.0000	0.0000	0.0000	0.0000	0.0000	0.0000	0.0000	0.0000	0.0000	0.0000	0.0000	0.0000	0.0000	0.0000	0.0000	0.0000	0.0000	0.0000	0.0000			0.0000	0.0000	1.0068	0.0000	1.0688	0.0000	0.0000	0.0000	0.0000	0.0000	0.0000	0.0000	0.0000	0.0000	0.0000	0.0000	0.0000	0.0000	0.0000	0.0000	0.0000	0.0000	0.0000	0.0000	0.0000	0.0000	0.0000	0.0000	0.0000	0.0000	0.0000	0.0000	0.0000	0.0001	0.0001	0.0000	0.0001	0.0001	0.0000	0.0001	0.0000	0.0000
41	74	0.1216	10	2	0	1	0	1	0	0	0	1	0	1	0	0	0	0	0	0	0	Y	N	N	N	N	N	N	N	N	N	N	N	N	N	N	N	N	N	2.2018	1.6147	0.8974	0.0025	0.0019	34.9137	3.8899	6.6315	0.8758	0.0144	0.0159	0.0040	0.0001	0.0001	0.0001	0.0157	0.0175	0.0041	0.0065	0.0098	0.0045	0.0234	0.0305	0.0000	0.0040	0.0026	0.0047	0.0362	0.7302	-0.0004	-0.0000	1.0068	3.8563	1.0688	5.9737	0.0011	0.0011	0.0000	0.0000	0.0000	0.0000	0.0011	0.0011	0.0000	0.0004	0.0002	0.0001	0.0002	0.0002	0.0000	0.0002	0.0000	0.0001	0.0796	0.0697	0.0099	0.0066	0.0063	0.0003	0.0731	0.0634	0.0097	0.0537	0.0207	0.0331	0.0070	0.0053	0.0016	0.0468	0.0153	0.0314
41	75	0.1216	10	2	0	1	0	1	0	0	0	0	0	0	0	0	0	0	0	0	0	Y	N	N	N	N	N	N	N	N	N	N	N	N	N	N	N	N	N	0.0014	0.0008	0.0068	0.1402	0.1204	0.0000	0.0013	0.0000	0.0066	0.0001	0.0000	0.0008	0.0000	0.0000	0.0000	0.0001	0.0000	0.0008	0.0729	0.0055	0.1167	0.0003	0.0004	0.0001	0.0844	0.0074	0.1227	26.1518	32.6185	0.0000	0.0015	1.0068	4.9966	1.0688	2.0573	0.0000	0.0000	0.0000	0.0000	0.0000	0.0000	0.0000	0.0000	0.0000	0.0029	0.0001	0.0028	0.0000	0.0000	0.0000	0.0029	0.0001	0.0028	0.1013	0.0887	0.0126	0.0083	0.0080	0.0003	0.0929	0.0807	0.0123	0.0402	0.0158	0.0244	0.0055	0.0043	0.0012	0.0347	0.0115	0.0232
41	76	0.1161	9	2	0	1	0	2	0	1	0	0	0	0	0	0	0	0	0	0	0	Y	N	N	N	N	N	N	N	N	N	N	N	N	N	N	N	N	N	0.7864	0.5579	0.9416	5.3909	4.9627	594.1209	0.1634	0.0957	0.3235	0.0059	0.0066	0.0021	0.0169	0.0167	0.0258	0.0014	0.0016	0.0007	0.0075	0.0119	0.0022	0.0031	0.0034	0.0000	0.0087	0.0168	0.0023	0.0571	0.1520	-0.0000	-0.0000	1.0068	0.0131	1.0688	1.0784	0.0000	0.0000	0.0000	0.0000	0.0000	0.0000	0.0000	0.0000	0.0000	0.0001	0.0001	0.0000	0.0000	0.0000	0.0000	0.0001	0.0001	0.0000	0.0005	0.0004	0.0001	0.0001	0.0001	0.0000	0.0003	0.0003	0.0001	0.0092	0.0051	0.0041	0.0020	0.0019	0.0001	0.0072	0.0032	0.0040
42	45	0.1064	16	1	0	0	1	0	0	0	1	0	1	1	2	0	0	0	0	0	0	N	N	N	N	N	Y	N	N	N	N	N	N	N	N	N	N	N	N	0.0000	0.0000	0.0000	0.0000	0.0000	0.0000	0.0000	0.0000	0.0000	0.0000	0.0000	0.0000	0.0000	0.0000	0.0000	0.0000	0.0000	0.0000	0.0000	0.0000	0.0000	0.0000	0.0000	0.0000	0.0000	0.0000	0.0000			0.0000	0.0000	0.9984	0.9998	0.0033	0.0048	0.0000	0.0000	0.0000	0.0000	0.0000	0.0000	0.0000	0.0000	0.0000	0.0000	0.0000	0.0000	0.0000	0.0000	0.0000	0.0000	0.0000	0.0000	0.0217	0.0190	0.0026	0.0027	0.0025	0.0001	0.0190	0.0165	0.0025	0.0028	0.0010	0.0018	0.0003	0.0002	0.0001	0.0026	0.0008	0.0018
42	46	0.1004	15	1	0	0	0	0	0	0	0	0	1	1	2	0	0	0	0	0	0	N	N	N	N	N	Y	N	N	N	N	N	N	N	N	N	N	N	N	0.0000	0.0000	0.0000	0.0000	0.0000	0.0000	0.0000	0.0000	0.0000	0.0000	0.0000	0.0000	0.0000	0.0000	0.0000	0.0000	0.0000	0.0000	0.0000	0.0000	0.0000	0.0000	0.0000	0.0000	0.0000	0.0000	0.0000			0.0000	0.0000	0.9984	0.0006	0.0033	0.9846	0.0000	0.0000	0.0000	0.0000	0.0000	0.0000	0.0000	0.0000	0.0000	0.0000	0.0000	0.0000	0.0000	0.0000	0.0000	0.0000	0.0000	0.0000	0.0000	0.0000	0.0000	0.0000	0.0000	0.0000	0.0000	0.0000	0.0000	0.0028	0.0010	0.0018	0.0003	0.0002	0.0001	0.0026	0.0008	0.0018
42	47	0.0886	14	1	0	0	0	0	0	0	0	0	2	1	2	0	0	0	0	0	0	N	N	N	N	N	Y	N	N	N	N	N	N	N	N	N	N	N	N	0.0000	0.0000	0.0000	0.0000	0.0000	0.0000	0.0000	0.0000	0.0000	0.0000	0.0000	0.0000	0.0000	0.0000	0.0000	0.0000	0.0000	0.0000	0.0000	0.0000	0.0000	0.0000	0.0000	0.0000	0.0000	0.0000	0.0000			0.0000	-0.0000	0.9984	1.9996	0.0033	0.0187	0.0000	0.0000	0.0000	0.0000	0.0000	0.0000	0.0000	0.0000	0.0000	0.0000	0.0000	0.0000	0.0000	0.0000	0.0000	0.0000	0.0000	0.0000	0.0425	0.0373	0.0052	0.0039	0.0037	0.0002	0.0386	0.0336	0.0050	0.0056	0.0019	0.0037	0.0005	0.0004	0.0001	0.0051	0.0016	0.0035
42	66	0.1551	17	0	0	0	0	0	0	0	0	0	2	0	2	0	0	0	0	0	0	N	N	N	N	N	Y	N	N	N	N	N	N	N	N	N	N	N	N	186.0327	81.4887	0.0000	0.0031	0.0032	0.0000	inf	inf	0.0000	0.1376	0.1566	0.0000	0.0000	0.0000	0.0000	0.1549	0.1780	0.0000	0.0007	0.0019	0.0000	0.0040	0.0041	0.0000	0.0000	0.0000	0.0000	0.0000	0.0000	-0.0023	-0.0000	0.9984	2.0073	0.0033	0.7728	0.0056	0.0056	0.0000	0.0000	0.0000	0.0000	0.0056	0.0056	0.0000	0.0000	0.0000	0.0000	0.0000	0.0000	0.0000	0.0000	0.0000	0.0000	0.0408	0.0359	0.0050	0.0046	0.0043	0.0002	0.0363	0.0316	0.0047	0.0104	0.0040	0.0064	0.0019	0.0019	0.0000	0.0085	0.0021	0.0064
42	67	0.1672	18	0	0	0	0	0	0	0	0	0	2	0	2	0	0	0	0	0	0	N	N	N	N	N	Y	N	N	N	N	N	N	N	N	N	N	N	N	0.5308	0.2310	0.0000	0.0000	0.0000	0.0000	inf	inf	0.0000	0.0004	0.0004	0.0000	0.0000	0.0000	0.0000	0.0005	0.0006	0.0000	0.0008	0.0019	0.0000	0.0040	0.0041	0.0000	0.0000	0.0000	0.0000	0.0000	0.0000	-0.0000	-0.0000	0.9984	0.9402	0.0033	1.7770	0.0000	0.0000	0.0000	0.0000	0.0000	0.0000	0.0000	0.0000	0.0000	0.0000	0.0000	0.0000	0.0000	0.0000	0.0000	0.0000	0.0000	0.0000	0.0249	0.0222	0.0027	0.0055	0.0053	0.0002	0.0194	0.0169	0.0025	0.0102	0.0040	0.0062	0.0019	0.0019	0.0000	0.0083	0.0021	0.0062
45	50	0.1018	12	2	0	1	1	0	0	0	1	0	0	1	1	0	0	0	0	0	0	Y	N	N	N	N	N	N	N	N	N	N	N	N	N	N	N	N	N	0.0000	0.0000	0.0000	0.0000	0.0000	0.0000	0.0000	0.0000	0.0000	0.0000	0.0000	0.0000	0.0000	0.0000	0.0000	0.0000	0.0000	0.0000	0.0000	0.0000	0.0000	0.0001	0.0001	0.0000	0.0000	0.0000	0.0000		0.0000	0.0000	-0.0000	0.9998	3.0380	0.0048	0.0352	0.0000	0.0000	0.0000	0.0000	0.0000	0.0000	0.0000	0.0000	0.0000	0.0000	0.0000	0.0000	0.0000	0.0000	0.0000	0.0000	0.0000	0.0000	0.0662	0.0584	0.0079	0.0094	0.0089	0.0004	0.0569	0.0494	0.0075	0.0088	0.0033	0.0055	0.0012	0.0010	0.0002	0.0077	0.0023	0.0053
45	51	0.0877	11	2	0	1	1	1	0	1	1	0	0	1	1	0	0	0	0	0	0	Y	N	N	N	N	N	N	N	N	N	N	N	N	N	N	N	N	N	0.0000	0.0000	0.0000	0.0000	0.0000	0.0000	0.0000	0.0000	0.0000	0.0000	0.0000	0.0000	0.0000	0.0000	0.0000	0.0000	0.0000	0.0000	0.0000	0.0000	0.0000	0.0000	0.0000	0.0000	0.0000	0.0000	0.0000		2.0000	0.0000	0.0000	0.9998	1.0494	0.0048	1.5573	0.0000	0.0000	0.0000	0.0000	0.0000	0.0000	0.0000	0.0000	0.0000	0.0000	0.0000	0.0000	0.0000	0.0000	0.0000	0.0000	0.0000	0.0000	0.0235	0.0206	0.0028	0.0031	0.0029	0.0001	0.0204	0.0177	0.0027	0.0083	0.0031	0.0052	0.0012	0.0011	0.0001	0.0071	0.0021	0.0051
45	54	0.0237	5	2	0	1	1	0	0	0	1	0	0	1	1	0	0	0	0	0	0	Y	N	N	N	N	N	N	N	N	N	N	N	N	N	N	N	N	N	0.0000	0.0000	0.0000	0.0000	0.0000	0.0000	0.0000	0.0000	0.0000	0.0000	0.0000	0.0000	0.0000	0.0000	0.0000	0.0000	0.0000	0.0000	0.0000	0.0000	0.0000	0.0000	0.0000	0.0000	0.0000	0.0000	0.0000			0.0000	0.0000	0.9998	4.0000	0.0048	4.0000	0.0000	0.0000	0.0000	0.0000	0.0000	0.0000	0.0000	0.0000	0.0000	0.0000	0.0000	0.0000	0.0000	0.0000	0.0000	0.0000	0.0000	0.0000	0.0886	0.0774	0.0112	0.0027	0.0025	0.0002	0.0860	0.0749	0.0111	0.0231	0.0078	0.0153	0.0002	0.0002	0.0000	0.0229	0.0076	0.0153
45	55	0.0237	4	2	0	1	1	0	0	1	1	0	0	1	1	0	0	0	0	0	0	Y	N	N	N	N	N	N	N	N	N	N	N	N	N	N	N	N	N	0.0000	0.0000	0.0000	0.0000	0.0000	0.0000	0.0000	0.0000	0.0000	0.0000	0.0000	0.0000	0.0000	0.0000	0.0000	0.0000	0.0000	0.0000	0.0000	0.0000	0.0000	0.0000	0.0000	0.0000	0.0000	0.0000	0.0000			0.0000	0.0000	0.9998	0.0000	0.0048	0.0000	0.0000	0.0000	0.0000	0.0000	0.0000	0.0000	0.0000	0.0000	0.0000	0.0000	0.0000	0.0000	0.0000	0.0000	0.0000	0.0000	0.0000	0.0000	0.0000	0.0000	0.0000	0.0000	0.0000	0.0000	0.0000	0.0000	0.0000	0.0000	0.0000	0.0000	0.0000	0.0000	0.0000	0.0000	0.0000	0.0000
45	60	0.1028	11	1	0	1	1	0	0	1	1	1	0	2	1	0	0	0	0	0	0	N	N	N	N	Y	N	N	N	N	N	N	N	N	N	N	N	N	N	0.0000	0.0000	0.0000	0.0000	0.0000	0.0000	0.0000	0.0000	0.0000	0.0000	0.0000	0.0000	0.0000	0.0000	0.0000	0.0000	0.0000	0.0000	0.0000	0.0000	0.0000	0.0000	0.0000	0.0000	0.0000	0.0000	0.0000			0.0000	0.0000	0.9998	2.0000	0.0048	1.0000	0.0000	0.0000	0.0000	0.0000	0.0000	0.0000	0.0000	0.0000	0.0000	0.0000	0.0000	0.0000	0.0000	0.0000	0.0000	0.0000	0.0000	0.0000	0.0435	0.0383	0.0051	0.0049	0.0046	0.0003	0.0386	0.0337	0.0048	0.0085	0.0030	0.0055	0.0009	0.0007	0.0002	0.0076	0.0023	0.0053
45	65	0.1028	13	2	0	1	1	1	0	1	1	0	0	1	1	0	0	0	0	0	0	Y	N	N	N	N	N	N	N	N	N	N	N	N	N	N	N	N	N	0.0000	0.0000	0.0000	0.0000	0.0000	0.0000	0.0000	0.0000	0.0000	0.0000	0.0000	0.0000	0.0000	0.0000	0.0000	0.0000	0.0000	0.0000	0.0000	0.0000	0.0000	0.0000	0.0000	0.0000	0.0000	0.0000	0.0000			0.0000	0.0000	0.9998	2.0000	0.0048	2.0000	0.0000	0.0000	0.0000	0.0000	0.0000	0.0000	0.0000	0.0000	0.0000	0.0000	0.0000	0.0000	0.0000	0.0000	0.0000	0.0000	0.0000	0.0000	0.0435	0.0383	0.0051	0.0049	0.0046	0.0003	0.0386	0.0337	0.0048	0.0112	0.0040	0.0072	0.0012	0.0009	0.0002	0.0100	0.0030	0.0070
45	66	0.1092	14	1	0	0	1	0	0	0	1	0	1	1	2	0	0	0	0	0	0	N	N	N	N	N	Y	N	N	N	N	N	N	N	N	N	N	N	N	644.8250	294.5233	0.0000	1194.8681	1185.9092	0.0000	0.0000	0.0000	0.0000	0.0021	0.0024	0.0000	0.0167	0.0177	0.0000	0.0000	0.0000	0.0000	0.0000	0.0000	0.0000	0.0000	0.0000	0.0000	0.0000	0.0000	0.0000	0.0000	0.0000	-0.0000	-0.0000	0.9998	2.0073	0.0048	0.7728	0.0001	0.0001	0.0000	0.0001	0.0001	0.0000	0.0000	0.0000	0.0000	0.0000	0.0000	0.0000	0.0000	0.0000	0.0000	0.0000	0.0000	0.0000	0.0433	0.0383	0.0051	0.0054	0.0051	0.0003	0.0379	0.0332	0.0047	0.0108	0.0043	0.0064	0.0025	0.0023	0.0002	0.0083	0.0020	0.0063
45	67	0.1212	15	1	0	0	1	0	0	0	1	0	1	1	2	0	0	0	0	0	0	N	N	N	N	N	Y	N	N	N	N	N	N	N	N	N	N	N	N	10855499.3540	4936775.5371	0.0000	5408002.7744	5293129.0886	0.0000	inf	inf	0.0000	35.7326	39.9262	0.0000	75.7846	79.4940	0.0000	23.7475	27.0628	0.0000	0.0000	0.0000	0.0000	0.0000	0.0000	0.0000	0.0000	0.0000	0.0000	0.0000	0.0000	-0.3893	-0.0000	0.9998	0.9402	0.0048	1.7770	0.9388	0.9388	0.0000	0.4586	0.4586	0.0000	0.4802	0.4802	0.0000	0.0000	0.0000	0.0000	0.0000	0.0000	0.0000	0.0000	0.0000	0.0000	0.0263	0.0235	0.0028	0.0061	0.0058	0.0003	0.0202	0.0177	0.0025	0.0105	0.0043	0.0063	0.0025	0.0023	0.0002	0.0081	0.0020	0.0061
45	73	0.1511	12	2	0	1	1	0	0	0	1	0	0	2	1	0	0	0	0	0	0	Y	N	N	N	Y	N	N	N	N	N	N	N	N	N	N	N	N	N	0.0000	0.0000	0.0000	0.0000	0.0000	0.0000	0.0000	0.0000	0.0000	0.0000	0.0000	0.0000	0.0000	0.0000	0.0000	0.0000	0.0000	0.0000	0.0000	0.0000	0.0000	0.0000	0.0000	0.0000	0.0000	0.0000	0.0000			0.0000	0.0000	0.9998	0.0000	0.0048	0.0000	0.0000	0.0000	0.0000	0.0000	0.0000	0.0000	0.0000	0.0000	0.0000	0.0000	0.0000	0.0000	0.0000	0.0000	0.0000	0.0000	0.0000	0.0000	0.0000	0.0000	0.0000	0.0000	0.0000	0.0000	0.0000	0.0000	0.0000	0.0001	0.0000	0.0000	0.0000	0.0000	0.0000	0.0000	0.0000	0.0000
45	74	0.0788	11	2	0	1	1	0	0	0	1	1	0	2	1	0	0	0	0	0	0	Y	N	N	N	Y	N	N	N	N	N	N	N	N	N	N	N	N	N	0.0000	0.0000	0.0000	0.0000	0.0000	0.0000	0.0000	0.0000	0.0000	0.0000	0.0000	0.0000	0.0000	0.0000	0.0000	0.0000	0.0000	0.0000	0.0000	0.0000	0.0000	0.0002	0.0002	0.0000	0.0000	0.0000	0.0000		0.0000	0.0000	-0.0000	0.9998	3.8563	0.0048	5.9737	0.0000	0.0000	0.0000	0.0000	0.0000	0.0000	0.0000	0.0000	0.0000	0.0000	0.0000	0.0000	0.0000	0.0000	0.0000	0.0000	0.0000	0.0000	0.0824	0.0724	0.0100	0.0079	0.0074	0.0005	0.0745	0.0650	0.0095	0.0274	0.0104	0.0171	0.0019	0.0017	0.0003	0.0255	0.0087	0.0168
45	75	0.0788	11	2	0	1	1	0	0	0	1	0	0	1	1	0	0	0	0	0	0	Y	N	N	N	N	N	N	N	N	N	N	N	N	N	N	N	N	N	0.0000	0.0000	0.0000	0.0000	0.0000	0.0000	0.0000	0.0000	0.0000	0.0000	0.0000	0.0000	0.0000	0.0000	0.0000	0.0000	0.0000	0.0000	0.0000	0.0000	0.0000	0.0002	0.0002	0.0000	0.0000	0.0000	0.0000		0.0000	0.0000	-0.0000	0.9998	4.9966	0.0048	2.0573	0.0000	0.0000	0.0000	0.0000	0.0000	0.0000	0.0000	0.0000	0.0000	0.0000	0.0000	0.0000	0.0000	0.0000	0.0000	0.0000	0.0000	0.0000	0.1048	0.0921	0.0127	0.0100	0.0094	0.0006	0.0948	0.0827	0.0121	0.0205	0.0079	0.0126	0.0016	0.0014	0.0002	0.0189	0.0065	0.0124
45	76	0.0734	10	2	0	1	1	1	0	1	1	0	0	1	1	0	0	0	0	0	0	Y	N	N	N	N	N	N	N	N	N	N	N	N	N	N	N	N	N	0.0000	0.0000	0.0000	0.0000	0.0000	0.0000	0.0000	0.0000	0.0000	0.0000	0.0000	0.0000	0.0000	0.0000	0.0000	0.0000	0.0000	0.0000	0.0001	0.0000	0.0001	0.0001	0.0001	0.0000	0.0001	0.0000	0.0001		3.0002	0.0000	0.0000	0.9998	0.0131	0.0048	1.0784	0.0000	0.0000	0.0000	0.0000	0.0000	0.0000	0.0000	0.0000	0.0000	0.0000	0.0000	0.0000	0.0000	0.0000	0.0000	0.0000	0.0000	0.0000	0.0005	0.0005	0.0001	0.0001	0.0001	0.0000	0.0004	0.0003	0.0001	0.0047	0.0024	0.0023	0.0008	0.0008	0.0000	0.0039	0.0016	0.0023
46	50	0.0959	11	2	0	1	0	0	0	0	0	0	0	1	1	0	0	0	0	0	0	Y	N	N	N	N	N	N	N	N	N	N	N	N	N	N	N	N	N	0.0000	0.0000	0.0000	0.0000	0.0000	0.0000	0.0000	0.0000	0.0000	0.0000	0.0000	0.0000	0.0000	0.0000	0.0000	0.0000	0.0000	0.0000	0.0022	0.0060	0.0000	0.0166	0.0197	0.0000	0.0000	0.0000	0.0000		0.0001	0.0000	-0.0000	0.0006	3.0380	0.9846	0.0352	0.0000	0.0000	0.0000	0.0000	0.0000	0.0000	0.0000	0.0000	0.0000	0.0000	0.0000	0.0000	0.0000	0.0000	0.0000	0.0000	0.0000	0.0000	0.0001	0.0001	0.0000	0.0000	0.0000	0.0000	0.0001	0.0000	0.0000	0.0088	0.0033	0.0055	0.0012	0.0010	0.0002	0.0076	0.0023	0.0053
46	51	0.0818	10	2	0	1	0	1	0	1	0	0	0	1	1	0	0	0	0	0	0	Y	N	N	N	N	N	N	N	N	N	N	N	N	N	N	N	N	N	0.0000	0.0000	0.0000	0.0000	0.0000	0.0000	0.0000	0.0000	0.0000	0.0000	0.0000	0.0000	0.0000	0.0000	0.0000	0.0000	0.0000	0.0000	0.0035	0.0032	0.0038	0.0079	0.0090	0.0000	0.0028	0.0000	0.0039		1.9997	0.0000	0.0000	0.0006	1.0494	0.9846	1.5573	0.0000	0.0000	0.0000	0.0000	0.0000	0.0000	0.0000	0.0000	0.0000	0.0000	0.0000	0.0000	0.0000	0.0000	0.0000	0.0000	0.0000	0.0000	0.0000	0.0000	0.0000	0.0000	0.0000	0.0000	0.0000	0.0000	0.0000	0.0083	0.0031	0.0052	0.0012	0.0011	0.0001	0.0071	0.0020	0.0051
46	54	0.0178	4	2	0	1	0	0	0	0	0	0	0	1	1	0	0	0	0	0	0	Y	N	N	N	N	N	N	N	N	N	N	N	N	N	N	N	N	N	0.0000	0.0000	0.0000	0.0000	0.0000	0.0000	0.0000	0.0000	0.0000	0.0000	0.0000	0.0000	0.0000	0.0000	0.0000	0.0000	0.0000	0.0000	0.0000	0.0000	0.0000	0.0000	0.0000	0.0000	0.0000	0.0000	0.0000			0.0000	0.0000	0.0006	4.0000	0.9846	4.0000	0.0000	0.0000	0.0000	0.0000	0.0000	0.0000	0.0000	0.0000	0.0000	0.0000	0.0000	0.0000	0.0000	0.0000	0.0000	0.0000	0.0000	0.0000	0.0001	0.0001	0.0000	0.0000	0.0000	0.0000	0.0001	0.0001	0.0000	0.0230	0.0077	0.0153	0.0003	0.0003	0.0000	0.0227	0.0074	0.0153
46	55	0.0178	3	2	0	1	0	0	0	1	0	0	0	1	1	0	0	0	0	0	0	Y	N	N	N	N	N	N	N	N	N	N	N	N	N	N	N	N	N	0.0000	0.0000	0.0000	0.0000	0.0000	0.0000	0.0000	0.0000	0.0000	0.0000	0.0000	0.0000	0.0000	0.0000	0.0000	0.0000	0.0000	0.0000	0.0000	0.0000	0.0000	0.0000	0.0000	0.0000	0.0000	0.0000	0.0000			0.0000	-0.0000	0.0006	0.0000	0.9846	0.0000	0.0000	0.0000	0.0000	0.0000	0.0000	0.0000	0.0000	0.0000	0.0000	0.0000	0.0000	0.0000	0.0000	0.0000	0.0000	0.0000	0.0000	0.0000	0.0000	0.0000	0.0000	0.0000	0.0000	0.0000	0.0000	0.0000	0.0000	0.0000	0.0000	0.0000	0.0000	0.0000	0.0000	0.0000	0.0000	0.0000
46	60	0.0969	10	1	0	1	0	0	0	1	0	1	0	2	1	0	0	0	0	0	0	N	N	N	N	Y	N	N	N	N	N	N	N	N	N	N	N	N	N	0.0000	0.0000	0.0000	0.0000	0.0000	0.0000	0.0000	0.0000	0.0000	0.0000	0.0000	0.0000	0.0000	0.0000	0.0000	0.0000	0.0000	0.0000	0.0000	0.0000	0.0000	0.0000	0.0000	0.0000	0.0000	0.0000	0.0000			0.0000	0.0000	0.0006	2.0000	0.9846	1.0000	0.0000	0.0000	0.0000	0.0000	0.0000	0.0000	0.0000	0.0000	0.0000	0.0000	0.0000	0.0000	0.0000	0.0000	0.0000	0.0000	0.0000	0.0000	0.0001	0.0001	0.0000	0.0000	0.0000	0.0000	0.0000	0.0000	0.0000	0.0085	0.0030	0.0055	0.0009	0.0007	0.0002	0.0075	0.0022	0.0053
46	65	0.0969	12	2	0	1	0	1	0	1	0	0	0	1	1	0	0	0	0	0	0	Y	N	N	N	N	N	N	N	N	N	N	N	N	N	N	N	N	N	0.0000	0.0000	0.0000	0.0000	0.0000	0.0000	0.0000	0.0000	0.0000	0.0000	0.0000	0.0000	0.0000	0.0000	0.0000	0.0000	0.0000	0.0000	0.0000	0.0000	0.0000	0.0000	0.0000	0.0000	0.0000	0.0000	0.0000			0.0000	0.0000	0.0006	2.0000	0.9846	2.0000	0.0000	0.0000	0.0000	0.0000	0.0000	0.0000	0.0000	0.0000	0.0000	0.0000	0.0000	0.0000	0.0000	0.0000	0.0000	0.0000	0.0000	0.0000	0.0001	0.0001	0.0000	0.0000	0.0000	0.0000	0.0000	0.0000	0.0000	0.0112	0.0039	0.0072	0.0012	0.0010	0.0002	0.0099	0.0030	0.0070
46	66	0.1032	13	1	0	0	0	0	0	0	0	0	1	1	2	0	0	0	0	0	0	N	N	N	N	N	Y	N	N	N	N	N	N	N	N	N	N	N	N	0.1683	0.0736	0.0000	0.1171	0.1104	0.0000	0.0000	0.0000	0.0000	0.0003	0.0003	0.0000	0.0008	0.0008	0.0000	0.0000	0.0000	0.0000	0.0016	0.0041	0.0000	0.0071	0.0076	0.0000	0.0000	0.0000	0.0000	0.0000	0.0000	-0.0000	-0.0000	0.0006	2.0073	0.9846	0.7728	0.0000	0.0000	0.0000	0.0000	0.0000	0.0000	0.0000	0.0000	0.0000	0.0000	0.0000	0.0000	0.0000	0.0000	0.0000	0.0000	0.0000	0.0000	0.0001	0.0001	0.0000	0.0000	0.0000	0.0000	0.0000	0.0000	0.0000	0.0107	0.0043	0.0064	0.0025	0.0023	0.0002	0.0082	0.0020	0.0062
46	67	0.1153	14	1	0	0	0	0	0	0	0	0	1	1	2	0	0	0	0	0	0	N	N	N	N	N	Y	N	N	N	N	N	N	N	N	N	N	N	N	3239.6099	1425.5308	0.0000	1030.4084	975.1373	0.0000	inf	inf	0.0000	5.4232	5.8947	0.0000	7.3067	7.4012	0.0000	4.3519	4.9354	0.0000	0.0017	0.0041	0.0000	0.0071	0.0076	0.0000	0.0000	0.0000	0.0000	0.0000	0.0000	-0.0001	-0.0000	0.0006	0.9402	0.9846	1.7770	0.0002	0.0002	0.0000	0.0001	0.0001	0.0000	0.0001	0.0001	0.0000	0.0000	0.0000	0.0000	0.0000	0.0000	0.0000	0.0000	0.0000	0.0000	0.0000	0.0000	0.0000	0.0000	0.0000	0.0000	0.0000	0.0000	0.0000	0.0105	0.0042	0.0062	0.0025	0.0023	0.0002	0.0080	0.0019	0.0061
46	73	0.1451	11	2	0	1	0	0	0	0	0	0	0	2	1	0	0	0	0	0	0	Y	N	N	N	Y	N	N	N	N	N	N	N	N	N	N	N	N	N	0.0000	0.0000	0.0000	0.0000	0.0000	0.0000	0.0000	0.0000	0.0000	0.0000	0.0000	0.0000	0.0000	0.0000	0.0000	0.0000	0.0000	0.0000	0.0000	0.0000	0.0000	0.0000	0.0000	0.0000	0.0000	0.0000	0.0000			0.0000	0.0000	0.0006	0.0000	0.9846	0.0000	0.0000	0.0000	0.0000	0.0000	0.0000	0.0000	0.0000	0.0000	0.0000	0.0000	0.0000	0.0000	0.0000	0.0000	0.0000	0.0000	0.0000	0.0000	0.0000	0.0000	0.0000	0.0000	0.0000	0.0000	0.0000	0.0000	0.0000	0.0001	0.0000	0.0000	0.0000	0.0000	0.0000	0.0000	0.0000	0.0000
46	74	0.0729	10	2	0	1	0	0	0	0	0	1	0	2	1	0	0	0	0	0	0	Y	N	N	N	Y	N	N	N	N	N	N	N	N	N	N	N	N	N	1001.1278	410.5775	0.0000	0.0000	0.0000	0.0000	13375138.3115	inf	0.0000	3.2298	3.5311	0.0000	0.0000	0.0000	0.0000	4.7591	5.4134	0.0000	0.0032	0.0086	0.0000	0.0431	0.0500	0.0000	0.0000	0.0000	0.0000	0.0000	0.0001	-0.0001	-0.0000	0.0006	3.8563	0.9846	5.9737	0.0003	0.0003	0.0000	0.0000	0.0000	0.0000	0.0003	0.0003	0.0000	0.0001	0.0001	0.0000	0.0001	0.0001	0.0000	0.0000	0.0000	0.0000	0.0001	0.0001	0.0000	0.0000	0.0000	0.0000	0.0001	0.0001	0.0000	0.0274	0.0103	0.0171	0.0020	0.0018	0.0003	0.0253	0.0085	0.0168
46	75	0.0729	10	2	0	1	0	0	0	0	0	0	0	1	1	0	0	0	0	0	0	Y	N	N	N	N	N	N	N	N	N	N	N	N	N	N	N	N	N	0.1416	0.0591	0.0000	0.0365	0.0324	0.0000	0.0000	0.0000	0.0000	0.0006	0.0007	0.0000	0.0019	0.0019	0.0000	0.0000	0.0000	0.0000	0.0043	0.0113	0.0000	0.0520	0.0592	0.0000	0.0000	0.0000	0.0000	0.0000	0.0001	-0.0000	-0.0000	0.0006	4.9966	0.9846	2.0573	0.0000	0.0000	0.0000	0.0000	0.0000	0.0000	0.0000	0.0000	0.0000	0.0001	0.0001	0.0000	0.0001	0.0001	0.0000	0.0000	0.0000	0.0000	0.0001	0.0001	0.0000	0.0000	0.0000	0.0000	0.0001	0.0001	0.0000	0.0205	0.0078	0.0127	0.0017	0.0015	0.0002	0.0188	0.0063	0.0124
46	76	0.0675	9	2	0	1	0	1	0	1	0	0	0	1	1	0	0	0	0	0	0	Y	N	N	N	N	N	N	N	N	N	N	N	N	N	N	N	N	N	6.3620	14.2023	0.0000	0.0000	0.0000	0.0000	11.0754	inf	0.0000	0.1601	0.1786	0.0000	0.0000	0.0000	0.0000	0.2534	0.3021	0.0000	0.0252	0.0126	0.0378	0.0359	0.0360	0.0000	0.0229	0.0000	0.0378	0.0000	2.9994	-0.0000	0.0000	0.0006	0.0131	0.9846	1.0784	0.0000	0.0000	0.0000	0.0000	0.0000	0.0000	0.0000	0.0000	0.0000	0.0001	0.0000	0.0001	0.0000	0.0000	0.0000	0.0001	0.0000	0.0001	0.0000	0.0000	0.0000	0.0000	0.0000	0.0000	0.0000	0.0000	0.0000	0.0047	0.0023	0.0023	0.0008	0.0008	0.0000	0.0039	0.0015	0.0023
47	50	0.0900	10	2	0	1	0	0	0	0	0	0	1	1	1	0	0	0	0	0	0	Y	N	N	N	N	N	N	N	N	N	N	N	N	N	N	N	N	N	0.0000	0.0000	0.0000	0.0000	0.0000	0.0000	0.0000	0.0000	0.0000	0.0000	0.0000	0.0000	0.0000	0.0000	0.0000	0.0000	0.0000	0.0000	0.0000	0.0001	0.0000	0.0001	0.0002	0.0000	0.0000	0.0000	0.0000		0.0000	0.0000	-0.0000	1.9996	3.0380	0.0187	0.0352	0.0000	0.0000	0.0000	0.0000	0.0000	0.0000	0.0000	0.0000	0.0000	0.0000	0.0000	0.0000	0.0000	0.0000	0.0000	0.0000	0.0000	0.0000	0.1301	0.1145	0.0156	0.0144	0.0139	0.0006	0.1157	0.1007	0.0150	0.0173	0.0064	0.0109	0.0021	0.0018	0.0004	0.0152	0.0046	0.0105
47	51	0.0758	9	2	0	1	0	1	0	1	0	0	1	1	1	0	0	0	0	0	0	Y	N	N	N	N	N	N	N	N	N	N	N	N	N	N	N	N	N	0.0000	0.0000	0.0000	0.0000	0.0000	0.0000	0.0000	0.0000	0.0000	0.0000	0.0000	0.0000	0.0000	0.0000	0.0000	0.0000	0.0000	0.0000	0.0000	0.0000	0.0000	0.0001	0.0001	0.0000	0.0000	0.0000	0.0000		2.0038	0.0000	0.0000	1.9996	1.0494	0.0187	1.5573	0.0000	0.0000	0.0000	0.0000	0.0000	0.0000	0.0000	0.0000	0.0000	0.0000	0.0000	0.0000	0.0000	0.0000	0.0000	0.0000	0.0000	0.0000	0.0461	0.0405	0.0056	0.0046	0.0045	0.0002	0.0414	0.0360	0.0055	0.0164	0.0061	0.0103	0.0023	0.0020	0.0003	0.0141	0.0041	0.0100
47	54	0.0118	3	2	0	1	0	0	0	0	0	0	1	1	1	0	0	0	0	0	0	Y	N	N	N	N	N	N	N	N	N	N	N	N	N	N	N	N	N	0.0000	0.0000	0.0000	0.0000	0.0000	0.0000	0.0000	0.0000	0.0000	0.0000	0.0000	0.0000	0.0000	0.0000	0.0000	0.0000	0.0000	0.0000	0.0000	0.0000	0.0000	0.0000	0.0000	0.0000	0.0000	0.0000	0.0000			0.0000	-0.0000	1.9996	4.0000	0.0187	4.0000	0.0000	0.0000	0.0000	0.0000	0.0000	0.0000	0.0000	0.0000	0.0000	0.0000	0.0000	0.0000	0.0000	0.0000	0.0000	0.0000	0.0000	0.0000	0.1741	0.1518	0.0223	0.0000	0.0000	0.0000	0.1741	0.1518	0.0223	0.0454	0.0151	0.0303	0.0000	0.0000	0.0000	0.0454	0.0151	0.0303
47	55	0.0118	2	2	0	1	0	0	0	1	0	0	1	1	1	0	0	0	0	0	0	Y	N	N	N	N	N	N	N	N	N	N	N	N	N	N	N	N	N	0.0000	0.0000	0.0000	0.0000	0.0000	0.0000	0.0000	0.0000	0.0000	0.0000	0.0000	0.0000	0.0000	0.0000	0.0000	0.0000	0.0000	0.0000	0.0000	0.0000	0.0000	0.0000	0.0000	0.0000	0.0000	0.0000	0.0000			0.0000	0.0000	1.9996	0.0000	0.0187	0.0000	0.0000	0.0000	0.0000	0.0000	0.0000	0.0000	0.0000	0.0000	0.0000	0.0000	0.0000	0.0000	0.0000	0.0000	0.0000	0.0000	0.0000	0.0000	0.0000	0.0000	0.0000	0.0000	0.0000	0.0000	0.0000	0.0000	0.0000	0.0000	0.0000	0.0000	0.0000	0.0000	0.0000	0.0000	0.0000	0.0000
47	60	0.0909	9	1	0	1	0	0	0	1	0	1	1	2	1	0	0	0	0	0	0	N	N	N	N	Y	N	N	N	N	N	N	N	N	N	N	N	N	N	0.0000	0.0000	0.0000	0.0000	0.0000	0.0000	0.0000	0.0000	0.0000	0.0000	0.0000	0.0000	0.0000	0.0000	0.0000	0.0000	0.0000	0.0000	0.0000	0.0000	0.0000	0.0000	0.0000	0.0000	0.0000	0.0000	0.0000			0.0000	0.0000	1.9996	2.0000	0.0187	1.0000	0.0000	0.0000	0.0000	0.0000	0.0000	0.0000	0.0000	0.0000	0.0000	0.0000	0.0000	0.0000	0.0000	0.0000	0.0000	0.0000	0.0000	0.0000	0.0854	0.0752	0.0102	0.0070	0.0066	0.0004	0.0784	0.0686	0.0097	0.0167	0.0058	0.0109	0.0016	0.0013	0.0004	0.0151	0.0045	0.0105
47	65	0.0909	11	2	0	1	0	1	0	1	0	0	1	1	1	0	0	0	0	0	0	Y	N	N	N	N	N	N	N	N	N	N	N	N	N	N	N	N	N	0.0000	0.0000	0.0000	0.0000	0.0000	0.0000	0.0000	0.0000	0.0000	0.0000	0.0000	0.0000	0.0000	0.0000	0.0000	0.0000	0.0000	0.0000	0.0000	0.0000	0.0000	0.0000	0.0000	0.0000	0.0000	0.0000	0.0000			0.0000	-0.0000	1.9996	2.0000	0.0187	2.0000	0.0000	0.0000	0.0000	0.0000	0.0000	0.0000	0.0000	0.0000	0.0000	0.0000	0.0000	0.0000	0.0000	0.0000	0.0000	0.0000	0.0000	0.0000	0.0854	0.0752	0.0102	0.0070	0.0066	0.0004	0.0784	0.0686	0.0097	0.0220	0.0077	0.0143	0.0021	0.0017	0.0005	0.0199	0.0060	0.0139
47	66	0.0973	12	1	0	0	0	0	0	0	0	0	2	1	2	0	0	0	0	0	0	N	N	N	N	N	Y	N	N	N	N	N	N	N	N	N	N	N	N	0.0000	0.0000	0.0000	0.0000	0.0000	0.0000	0.0000	0.0000	0.0000	0.0000	0.0000	0.0000	0.0000	0.0000	0.0000	0.0000	0.0000	0.0000	0.0004	0.0000	0.0006	0.0000	0.0000	0.0000	0.0005	0.0000	0.0006		48.2059	0.0000	0.0000	1.9996	2.0073	0.0187	0.7728	0.0000	0.0000	0.0000	0.0000	0.0000	0.0000	0.0000	0.0000	0.0000	0.0000	0.0000	0.0000	0.0000	0.0000	0.0000	0.0000	0.0000	0.0000	0.0851	0.0750	0.0100	0.0080	0.0075	0.0005	0.0771	0.0675	0.0096	0.0212	0.0085	0.0127	0.0048	0.0044	0.0003	0.0164	0.0040	0.0124
47	67	0.1093	13	1	0	0	0	0	0	0	0	0	2	1	2	0	0	0	0	0	0	N	N	N	N	N	Y	N	N	N	N	N	N	N	N	N	N	N	N	0.0000	0.0000	0.0000	0.0000	0.0000	0.0000	0.0000	0.0000	0.0000	0.0000	0.0000	0.0000	0.0000	0.0000	0.0000	0.0000	0.0000	0.0000	0.0004	0.0000	0.0006	0.0000	0.0000	0.0000	0.0005	0.0000	0.0006		48.2021	0.0000	0.0000	1.9996	0.9402	0.0187	1.7770	0.0000	0.0000	0.0000	0.0000	0.0000	0.0000	0.0000	0.0000	0.0000	0.0000	0.0000	0.0000	0.0000	0.0000	0.0000	0.0000	0.0000	0.0000	0.0514	0.0460	0.0054	0.0104	0.0101	0.0004	0.0409	0.0359	0.0050	0.0207	0.0083	0.0124	0.0048	0.0044	0.0003	0.0160	0.0039	0.0121
47	73	0.1392	10	2	0	1	0	0	0	0	0	0	1	2	1	0	0	0	0	0	0	Y	N	N	N	Y	N	N	N	N	N	N	N	N	N	N	N	N	N	0.0000	0.0000	0.0000	0.0000	0.0000	0.0000	0.0000	0.0000	0.0000	0.0000	0.0000	0.0000	0.0000	0.0000	0.0000	0.0000	0.0000	0.0000	0.0000	0.0000	0.0000	0.0000	0.0000	0.0000	0.0000	0.0000	0.0000			0.0000	0.0000	1.9996	0.0000	0.0187	0.0000	0.0000	0.0000	0.0000	0.0000	0.0000	0.0000	0.0000	0.0000	0.0000	0.0000	0.0000	0.0000	0.0000	0.0000	0.0000	0.0000	0.0000	0.0000	0.0000	0.0000	0.0000	0.0000	0.0000	0.0000	0.0000	0.0000	0.0000	0.0001	0.0001	0.0000	0.0001	0.0001	0.0000	0.0001	0.0000	0.0000
47	74	0.0670	9	2	0	1	0	0	0	0	0	1	1	2	1	0	0	0	0	0	0	Y	N	N	N	Y	N	N	N	N	N	N	N	N	N	N	N	N	N	230249.5878	97590.6655	0.0000	0.0000	0.0000	0.0000	inf	inf	0.0000	6.1741	7.0354	0.0000	0.0000	0.0000	0.0000	6.6009	7.5594	0.0000	0.0000	0.0001	0.0000	0.0004	0.0005	0.0000	0.0000	0.0000	0.0000	0.0000	0.0000	-0.4144	-0.0000	1.9996	3.8563	0.0187	5.9737	0.9994	0.9994	0.0000	0.0000	0.0000	0.0000	0.9994	0.9994	0.0000	0.0000	0.0000	0.0000	0.0000	0.0000	0.0000	0.0000	0.0000	0.0000	0.1619	0.1421	0.0198	0.0105	0.0098	0.0006	0.1514	0.1322	0.0192	0.0540	0.0201	0.0339	0.0034	0.0028	0.0006	0.0506	0.0173	0.0333
47	75	0.0670	9	2	0	1	0	0	0	0	0	0	1	1	1	0	0	0	0	0	0	Y	N	N	N	N	N	N	N	N	N	N	N	N	N	N	N	N	N	32.5691	14.0616	0.0000	35.9449	32.7218	0.0000	0.0000	0.0000	0.0000	0.0012	0.0013	0.0000	0.0181	0.0192	0.0000	0.0000	0.0000	0.0000	0.0000	0.0001	0.0000	0.0005	0.0006	0.0000	0.0000	0.0000	0.0000	0.0000	0.0000	-0.0001	-0.0000	1.9996	4.9966	0.0187	2.0573	0.0002	0.0002	0.0000	0.0002	0.0002	0.0000	0.0000	0.0000	0.0000	0.0000	0.0000	0.0000	0.0000	0.0000	0.0000	0.0000	0.0000	0.0000	0.2058	0.1807	0.0251	0.0133	0.0125	0.0008	0.1925	0.1682	0.0243	0.0404	0.0153	0.0251	0.0029	0.0025	0.0004	0.0375	0.0129	0.0247
47	76	0.0615	8	2	0	1	0	1	0	1	0	0	1	1	1	0	0	0	0	0	0	Y	N	N	N	N	N	N	N	N	N	N	N	N	N	N	N	N	N	1100.2051	2552.6611	0.0000	0.0000	0.0000	0.0000	1651.6902	inf	0.0000	0.2282	0.2644	0.0000	0.0000	0.0000	0.0000	0.3091	0.3781	0.0000	0.0002	0.0001	0.0003	0.0003	0.0003	0.0000	0.0002	0.0000	0.0003	0.0000	2.9998	-0.0001	0.0000	1.9996	0.0131	0.0187	1.0784	0.0002	0.0002	0.0000	0.0000	0.0000	0.0000	0.0002	0.0002	0.0000	0.0000	0.0000	0.0000	0.0000	0.0000	0.0000	0.0000	0.0000	0.0000	0.0011	0.0009	0.0001	0.0003	0.0003	0.0000	0.0008	0.0006	0.0001	0.0093	0.0047	0.0046	0.0016	0.0016	0.0000	0.0077	0.0031	0.0046
48	50	0.0781	9	2	0	1	0	0	0	0	0	1	0	1	0	0	0	0	0	0	0	Y	N	N	N	N	N	N	N	N	N	N	N	N	N	N	N	N	N	0.0000	0.0000	0.0000	0.0000	0.0000	0.0000	0.0000	0.0000	0.0000	0.0000	0.0000	0.0000	0.0000	0.0000	0.0000	0.0000	0.0000	0.0000	0.0000	0.0000	0.0000	0.0000	0.0000	0.0000	0.0000	0.0000	0.0000			0.0000	0.0000	0.0000	3.0380	0.0000	0.0352	0.0000	0.0000	0.0000	0.0000	0.0000	0.0000	0.0000	0.0000	0.0000	0.0000	0.0000	0.0000	0.0000	0.0000	0.0000	0.0000	0.0000	0.0000	0.0000	0.0000	0.0000	0.0000	0.0000	0.0000	0.0000	0.0000	0.0000	0.0000	0.0000	0.0000	0.0000	0.0000	0.0000	0.0000	0.0000	0.0000
48	51	0.0640	8	2	0	1	0	1	0	1	0	1	0	1	0	0	0	0	0	0	0	Y	N	N	N	N	N	N	N	N	N	N	N	N	N	N	N	N	N	0.0000	0.0000	0.0000	0.0000	0.0000	0.0000	0.0000	0.0000	0.0000	0.0000	0.0000	0.0000	0.0000	0.0000	0.0000	0.0000	0.0000	0.0000	0.0000	0.0000	0.0000	0.0000	0.0000	0.0000	0.0000	0.0000	0.0000			0.0000	0.0000	0.0000	1.0494	0.0000	1.5573	0.0000	0.0000	0.0000	0.0000	0.0000	0.0000	0.0000	0.0000	0.0000	0.0000	0.0000	0.0000	0.0000	0.0000	0.0000	0.0000	0.0000	0.0000	0.0000	0.0000	0.0000	0.0000	0.0000	0.0000	0.0000	0.0000	0.0000	0.0000	0.0000	0.0000	0.0000	0.0000	0.0000	0.0000	0.0000	0.0000
48	54	0.0000	2	2	0	1	0	0	0	0	0	1	0	1	0	0	0	0	0	0	0	Y	N	N	N	N	N	N	N	N	N	N	N	N	N	N	N	N	N	0.0000	0.0000	0.0000	0.0000	0.0000	0.0000	0.0000	0.0000	0.0000	0.0000	0.0000	0.0000	0.0000	0.0000	0.0000	0.0000	0.0000	0.0000	0.0000	0.0000	0.0000	0.0000	0.0000	0.0000	0.0000	0.0000	0.0000			0.0000	0.0000	0.0000	4.0000	0.0000	4.0000	0.0000	0.0000	0.0000	0.0000	0.0000	0.0000	0.0000	0.0000	0.0000	0.0000	0.0000	0.0000	0.0000	0.0000	0.0000	0.0000	0.0000	0.0000	0.0000	0.0000	0.0000	0.0000	0.0000	0.0000	0.0000	0.0000	0.0000	0.0000	0.0000	0.0000	0.0000	0.0000	0.0000	0.0000	0.0000	0.0000
48	60	0.0791	8	1	0	1	0	0	0	1	0	2	0	2	0	0	0	0	0	0	0	N	N	N	N	Y	N	N	N	N	N	N	N	N	N	N	N	N	N	0.0000	0.0000	0.0000	0.0000	0.0000	0.0000	0.0000	0.0000	0.0000	0.0000	0.0000	0.0000	0.0000	0.0000	0.0000	0.0000	0.0000	0.0000	0.0000	0.0000	0.0000	0.0000	0.0000	0.0000	0.0000	0.0000	0.0000			0.0000	0.0000	0.0000	2.0000	0.0000	1.0000	0.0000	0.0000	0.0000	0.0000	0.0000	0.0000	0.0000	0.0000	0.0000	0.0000	0.0000	0.0000	0.0000	0.0000	0.0000	0.0000	0.0000	0.0000	0.0000	0.0000	0.0000	0.0000	0.0000	0.0000	0.0000	0.0000	0.0000	0.0000	0.0000	0.0000	0.0000	0.0000	0.0000	0.0000	0.0000	0.0000
48	65	0.0791	10	2	0	1	0	1	0	1	0	1	0	1	0	0	0	0	0	0	0	Y	N	N	N	N	N	N	N	N	N	N	N	N	N	N	N	N	N	0.0000	0.0000	0.0000	0.0000	0.0000	0.0000	0.0000	0.0000	0.0000	0.0000	0.0000	0.0000	0.0000	0.0000	0.0000	0.0000	0.0000	0.0000	0.0000	0.0000	0.0000	0.0000	0.0000	0.0000	0.0000	0.0000	0.0000			0.0000	0.0000	0.0000	2.0000	0.0000	2.0000	0.0000	0.0000	0.0000	0.0000	0.0000	0.0000	0.0000	0.0000	0.0000	0.0000	0.0000	0.0000	0.0000	0.0000	0.0000	0.0000	0.0000	0.0000	0.0000	0.0000	0.0000	0.0000	0.0000	0.0000	0.0000	0.0000	0.0000	0.0000	0.0000	0.0000	0.0000	0.0000	0.0000	0.0000	0.0000	0.0000
48	73	0.1274	9	2	0	1	0	0	0	0	0	1	0	2	0	0	0	0	0	0	0	Y	N	N	N	Y	N	N	N	N	N	N	N	N	N	N	N	N	N	0.0000	0.0000	0.0000	0.0000	0.0000	0.0000	0.0000	0.0000	0.0000	0.0000	0.0000	0.0000	0.0000	0.0000	0.0000	0.0000	0.0000	0.0000	0.0000	0.0000	0.0000	0.0000	0.0000	0.0000	0.0000	0.0000	0.0000			0.0000	0.0000	0.0000	0.0000	0.0000	0.0000	0.0000	0.0000	0.0000	0.0000	0.0000	0.0000	0.0000	0.0000	0.0000	0.0000	0.0000	0.0000	0.0000	0.0000	0.0000	0.0000	0.0000	0.0000	0.0000	0.0000	0.0000	0.0000	0.0000	0.0000	0.0000	0.0000	0.0000	0.0000	0.0000	0.0000	0.0000	0.0000	0.0000	0.0000	0.0000	0.0000
48	74	0.0551	8	2	0	1	0	0	0	0	0	2	0	2	0	0	0	0	0	0	0	Y	N	N	N	Y	N	N	N	N	N	N	N	N	N	N	N	N	N	0.0000	0.0000	0.0000	0.0000	0.0000	0.0000	0.0000	0.0000	0.0000	0.0000	0.0000	0.0000	0.0000	0.0000	0.0000	0.0000	0.0000	0.0000	0.0000	0.0000	0.0000	0.0000	0.0000	0.0000	0.0000	0.0000	0.0000			0.0000	0.0000	0.0000	3.8563	0.0000	5.9737	0.0000	0.0000	0.0000	0.0000	0.0000	0.0000	0.0000	0.0000	0.0000	0.0000	0.0000	0.0000	0.0000	0.0000	0.0000	0.0000	0.0000	0.0000	0.0000	0.0000	0.0000	0.0000	0.0000	0.0000	0.0000	0.0000	0.0000	0.0000	0.0000	0.0000	0.0000	0.0000	0.0000	0.0000	0.0000	0.0000
48	75	0.0551	8	2	0	1	0	0	0	0	0	1	0	1	0	0	0	0	0	0	0	Y	N	N	N	N	N	N	N	N	N	N	N	N	N	N	N	N	N	0.0000	0.0000	0.0000	0.0000	0.0000	0.0000	0.0000	0.0000	0.0000	0.0000	0.0000	0.0000	0.0000	0.0000	0.0000	0.0000	0.0000	0.0000	0.0000	0.0000	0.0000	0.0000	0.0000	0.0000	0.0000	0.0000	0.0000			0.0000	0.0000	0.0000	4.9966	0.0000	2.0573	0.0000	0.0000	0.0000	0.0000	0.0000	0.0000	0.0000	0.0000	0.0000	0.0000	0.0000	0.0000	0.0000	0.0000	0.0000	0.0000	0.0000	0.0000	0.0000	0.0000	0.0000	0.0000	0.0000	0.0000	0.0000	0.0000	0.0000	0.0000	0.0000	0.0000	0.0000	0.0000	0.0000	0.0000	0.0000	0.0000
48	76	0.0497	7	2	0	1	0	1	0	1	0	1	0	1	0	0	0	0	0	0	0	Y	N	N	N	N	N	N	N	N	N	N	N	N	N	N	N	N	N	0.0000	0.0000	0.0000	0.0000	0.0000	0.0000	0.0000	0.0000	0.0000	0.0000	0.0000	0.0000	0.0000	0.0000	0.0000	0.0000	0.0000	0.0000	0.0000	0.0000	0.0000	0.0000	0.0000	0.0000	0.0000	0.0000	0.0000			0.0000	0.0000	0.0000	0.0131	0.0000	1.0784	0.0000	0.0000	0.0000	0.0000	0.0000	0.0000	0.0000	0.0000	0.0000	0.0000	0.0000	0.0000	0.0000	0.0000	0.0000	0.0000	0.0000	0.0000	0.0000	0.0000	0.0000	0.0000	0.0000	0.0000	0.0000	0.0000	0.0000	0.0000	0.0000	0.0000	0.0000	0.0000	0.0000	0.0000	0.0000	0.0000
50	56	0.0962	8	2	0	1	0	0	0	0	0	0	0	0	0	0	0	0	0	0	0	Y	N	N	N	N	N	N	N	N	N	N	N	N	N	N	N	N	N	0.0000	0.0000	0.0000	0.0000	0.0000	0.0000	0.0000	0.0000	0.0000	0.0000	0.0000	0.0000	0.0000	0.0000	0.0000	0.0000	0.0000	0.0000	0.0000	0.0000	0.0000	0.0000	0.0000	0.0000	0.0000	0.0000	0.0000			0.0000	0.0000	3.0380	0.0000	0.0352	0.0000	0.0000	0.0000	0.0000	0.0000	0.0000	0.0000	0.0000	0.0000	0.0000	0.0000	0.0000	0.0000	0.0000	0.0000	0.0000	0.0000	0.0000	0.0000	0.0000	0.0000	0.0000	0.0000	0.0000	0.0000	0.0000	0.0000	0.0000	0.0000	0.0000	0.0000	0.0000	0.0000	0.0000	0.0000	0.0000	0.0000
50	57	0.0962	7	2	0	1	0	0	0	0	0	0	0	0	0	0	0	0	0	0	0	Y	N	N	N	N	N	N	N	N	N	N	N	N	N	N	N	N	N	0.0000	0.0000	0.0000	0.0000	0.0000	0.0000	0.0000	0.0000	0.0000	0.0000	0.0000	0.0000	0.0000	0.0000	0.0000	0.0000	0.0000	0.0000	0.0000	0.0000	0.0000	0.0000	0.0000	0.0000	0.0000	0.0000	0.0000			0.0000	0.0000	3.0380	0.0000	0.0352	0.0000	0.0000	0.0000	0.0000	0.0000	0.0000	0.0000	0.0000	0.0000	0.0000	0.0000	0.0000	0.0000	0.0000	0.0000	0.0000	0.0000	0.0000	0.0000	0.0000	0.0000	0.0000	0.0000	0.0000	0.0000	0.0000	0.0000	0.0000	0.0000	0.0000	0.0000	0.0000	0.0000	0.0000	0.0000	0.0000	0.0000
50	58	0.0867	6	2	0	1	0	1	0	0	0	0	0	0	0	0	0	0	0	0	0	Y	N	N	N	N	N	N	N	N	N	N	N	N	N	N	N	N	N	0.0000	0.0000	0.0000	0.0000	0.0000	0.0000	0.0000	0.0000	0.0000	0.0000	0.0000	0.0000	0.0000	0.0000	0.0000	0.0000	0.0000	0.0000	0.0000	0.0000	0.0000	0.0000	0.0000	0.0000	0.0000	0.0000	0.0000		17.1552	0.0000	0.0000	3.0380	1.2118	0.0352	0.0039	0.0000	0.0000	0.0000	0.0000	0.0000	0.0000	0.0000	0.0000	0.0000	0.0000	0.0000	0.0000	0.0000	0.0000	0.0000	0.0000	0.0000	0.0000	0.1011	0.0899	0.0112	0.0193	0.0190	0.0004	0.0818	0.0709	0.0108	0.0106	0.0040	0.0067	0.0013	0.0011	0.0002	0.0093	0.0029	0.0064
51	56	0.0781	7	2	0	1	0	1	0	1	0	0	0	0	0	0	0	0	0	0	0	Y	N	N	N	N	N	N	N	N	N	N	N	N	N	N	N	N	N	0.0000	0.0000	0.0000	0.0000	0.0000	0.0000	0.0000	0.0000	0.0000	0.0000	0.0000	0.0000	0.0000	0.0000	0.0000	0.0000	0.0000	0.0000	0.0000	0.0000	0.0000	0.0000	0.0000	0.0000	0.0000	0.0000	0.0000			0.0000	0.0000	1.0494	0.0000	1.5573	0.0000	0.0000	0.0000	0.0000	0.0000	0.0000	0.0000	0.0000	0.0000	0.0000	0.0000	0.0000	0.0000	0.0000	0.0000	0.0000	0.0000	0.0000	0.0000	0.0000	0.0000	0.0000	0.0000	0.0000	0.0000	0.0000	0.0000	0.0000	0.0000	0.0000	0.0000	0.0000	0.0000	0.0000	0.0000	0.0000	0.0000
51	57	0.0781	6	2	0	1	0	1	0	1	0	0	0	0	0	0	0	0	0	0	0	Y	N	N	N	N	N	N	N	N	N	N	N	N	N	N	N	N	N	0.0000	0.0000	0.0000	0.0000	0.0000	0.0000	0.0000	0.0000	0.0000	0.0000	0.0000	0.0000	0.0000	0.0000	0.0000	0.0000	0.0000	0.0000	0.0000	0.0000	0.0000	0.0000	0.0000	0.0000	0.0000	0.0000	0.0000			0.0000	0.0000	1.0494	0.0000	1.5573	0.0000	0.0000	0.0000	0.0000	0.0000	0.0000	0.0000	0.0000	0.0000	0.0000	0.0000	0.0000	0.0000	0.0000	0.0000	0.0000	0.0000	0.0000	0.0000	0.0000	0.0000	0.0000	0.0000	0.0000	0.0000	0.0000	0.0000	0.0000	0.0000	0.0000	0.0000	0.0000	0.0000	0.0000	0.0000	0.0000	0.0000
51	58	0.0687	5	2	0	1	0	2	0	1	0	0	0	0	0	0	0	0	0	0	0	Y	N	N	N	N	N	N	N	N	N	N	N	N	N	N	N	N	N	0.0000	0.0000	0.0000	0.0000	0.0000	0.0000	0.0000	0.0000	0.0000	0.0000	0.0000	0.0000	0.0000	0.0000	0.0000	0.0000	0.0000	0.0000	0.0000	0.0000	0.0000	0.0001	0.0001	0.0000	0.0000	0.0000	0.0000		0.0288	0.0000	-0.0000	1.0494	1.2118	1.5573	0.0039	0.0000	0.0000	0.0000	0.0000	0.0000	0.0000	0.0000	0.0000	0.0000	0.0000	0.0000	0.0000	0.0000	0.0000	0.0000	0.0000	0.0000	0.0000	0.0358	0.0318	0.0040	0.0066	0.0065	0.0001	0.0292	0.0253	0.0039	0.0101	0.0038	0.0063	0.0014	0.0013	0.0002	0.0086	0.0025	0.0061
56	65	0.0791	9	2	0	1	0	1	0	1	0	0	0	0	0	0	0	0	0	0	0	Y	N	N	N	N	N	N	N	N	N	N	N	N	N	N	N	N	N	0.0000	0.0000	0.0000	0.0000	0.0000	0.0000	0.0000	0.0000	0.0000	0.0000	0.0000	0.0000	0.0000	0.0000	0.0000	0.0000	0.0000	0.0000	0.0000	0.0000	0.0000	0.0000	0.0000	0.0000	0.0000	0.0000	0.0000			0.0000	0.0000	0.0000	2.0000	0.0000	2.0000	0.0000	0.0000	0.0000	0.0000	0.0000	0.0000	0.0000	0.0000	0.0000	0.0000	0.0000	0.0000	0.0000	0.0000	0.0000	0.0000	0.0000	0.0000	0.0000	0.0000	0.0000	0.0000	0.0000	0.0000	0.0000	0.0000	0.0000	0.0000	0.0000	0.0000	0.0000	0.0000	0.0000	0.0000	0.0000	0.0000
56	73	0.1274	8	2	0	1	0	0	0	0	0	0	0	1	0	0	0	0	0	0	0	Y	N	N	N	N	N	N	N	N	N	N	N	N	N	N	N	N	N	0.0000	0.0000	0.0000	0.0000	0.0000	0.0000	0.0000	0.0000	0.0000	0.0000	0.0000	0.0000	0.0000	0.0000	0.0000	0.0000	0.0000	0.0000	0.0000	0.0000	0.0000	0.0000	0.0000	0.0000	0.0000	0.0000	0.0000			0.0000	0.0000	0.0000	0.0000	0.0000	0.0000	0.0000	0.0000	0.0000	0.0000	0.0000	0.0000	0.0000	0.0000	0.0000	0.0000	0.0000	0.0000	0.0000	0.0000	0.0000	0.0000	0.0000	0.0000	0.0000	0.0000	0.0000	0.0000	0.0000	0.0000	0.0000	0.0000	0.0000	0.0000	0.0000	0.0000	0.0000	0.0000	0.0000	0.0000	0.0000	0.0000
56	74	0.0551	7	2	0	1	0	0	0	0	0	1	0	1	0	0	0	0	0	0	0	Y	N	N	N	N	N	N	N	N	N	N	N	N	N	N	N	N	N	0.0000	0.0000	0.0000	0.0000	0.0000	0.0000	0.0000	0.0000	0.0000	0.0000	0.0000	0.0000	0.0000	0.0000	0.0000	0.0000	0.0000	0.0000	0.0000	0.0000	0.0000	0.0000	0.0000	0.0000	0.0000	0.0000	0.0000			0.0000	0.0000	0.0000	3.8563	0.0000	5.9737	0.0000	0.0000	0.0000	0.0000	0.0000	0.0000	0.0000	0.0000	0.0000	0.0000	0.0000	0.0000	0.0000	0.0000	0.0000	0.0000	0.0000	0.0000	0.0000	0.0000	0.0000	0.0000	0.0000	0.0000	0.0000	0.0000	0.0000	0.0000	0.0000	0.0000	0.0000	0.0000	0.0000	0.0000	0.0000	0.0000
56	75	0.0551	7	2	0	1	0	0	0	0	0	0	0	0	0	0	0	0	0	0	0	Y	N	N	N	N	N	N	N	N	N	N	N	N	N	N	N	N	N	0.0000	0.0000	0.0000	0.0000	0.0000	0.0000	0.0000	0.0000	0.0000	0.0000	0.0000	0.0000	0.0000	0.0000	0.0000	0.0000	0.0000	0.0000	0.0000	0.0000	0.0000	0.0000	0.0000	0.0000	0.0000	0.0000	0.0000			0.0000	0.0000	0.0000	4.9966	0.0000	2.0573	0.0000	0.0000	0.0000	0.0000	0.0000	0.0000	0.0000	0.0000	0.0000	0.0000	0.0000	0.0000	0.0000	0.0000	0.0000	0.0000	0.0000	0.0000	0.0000	0.0000	0.0000	0.0000	0.0000	0.0000	0.0000	0.0000	0.0000	0.0000	0.0000	0.0000	0.0000	0.0000	0.0000	0.0000	0.0000	0.0000
56	76	0.0497	6	2	0	1	0	1	0	1	0	0	0	0	0	0	0	0	0	0	0	Y	N	N	N	N	N	N	N	N	N	N	N	N	N	N	N	N	N	0.0000	0.0000	0.0000	0.0000	0.0000	0.0000	0.0000	0.0000	0.0000	0.0000	0.0000	0.0000	0.0000	0.0000	0.0000	0.0000	0.0000	0.0000	0.0000	0.0000	0.0000	0.0000	0.0000	0.0000	0.0000	0.0000	0.0000			0.0000	0.0000	0.0000	0.0131	0.0000	1.0784	0.0000	0.0000	0.0000	0.0000	0.0000	0.0000	0.0000	0.0000	0.0000	0.0000	0.0000	0.0000	0.0000	0.0000	0.0000	0.0000	0.0000	0.0000	0.0000	0.0000	0.0000	0.0000	0.0000	0.0000	0.0000	0.0000	0.0000	0.0000	0.0000	0.0000	0.0000	0.0000	0.0000	0.0000	0.0000	0.0000
57	65	0.0791	8	2	0	1	0	1	0	1	0	0	0	0	0	0	0	0	0	0	0	Y	N	N	N	N	N	N	N	N	N	N	N	N	N	N	N	N	N	0.0000	0.0000	0.0000	0.0000	0.0000	0.0000	0.0000	0.0000	0.0000	0.0000	0.0000	0.0000	0.0000	0.0000	0.0000	0.0000	0.0000	0.0000	0.0000	0.0000	0.0000	0.0000	0.0000	0.0000	0.0000	0.0000	0.0000			0.0000	0.0000	0.0000	2.0000	0.0000	2.0000	0.0000	0.0000	0.0000	0.0000	0.0000	0.0000	0.0000	0.0000	0.0000	0.0000	0.0000	0.0000	0.0000	0.0000	0.0000	0.0000	0.0000	0.0000	0.0000	0.0000	0.0000	0.0000	0.0000	0.0000	0.0000	0.0000	0.0000	0.0000	0.0000	0.0000	0.0000	0.0000	0.0000	0.0000	0.0000	0.0000
57	73	0.1274	7	2	0	1	0	0	0	0	0	0	0	1	0	0	0	0	0	0	0	Y	N	N	N	N	N	N	N	N	N	N	N	N	N	N	N	N	N	0.0000	0.0000	0.0000	0.0000	0.0000	0.0000	0.0000	0.0000	0.0000	0.0000	0.0000	0.0000	0.0000	0.0000	0.0000	0.0000	0.0000	0.0000	0.0000	0.0000	0.0000	0.0000	0.0000	0.0000	0.0000	0.0000	0.0000			0.0000	0.0000	0.0000	0.0000	0.0000	0.0000	0.0000	0.0000	0.0000	0.0000	0.0000	0.0000	0.0000	0.0000	0.0000	0.0000	0.0000	0.0000	0.0000	0.0000	0.0000	0.0000	0.0000	0.0000	0.0000	0.0000	0.0000	0.0000	0.0000	0.0000	0.0000	0.0000	0.0000	0.0000	0.0000	0.0000	0.0000	0.0000	0.0000	0.0000	0.0000	0.0000
57	74	0.0551	6	2	0	1	0	0	0	0	0	1	0	1	0	0	0	0	0	0	0	Y	N	N	N	N	N	N	N	N	N	N	N	N	N	N	N	N	N	0.0000	0.0000	0.0000	0.0000	0.0000	0.0000	0.0000	0.0000	0.0000	0.0000	0.0000	0.0000	0.0000	0.0000	0.0000	0.0000	0.0000	0.0000	0.0000	0.0000	0.0000	0.0000	0.0000	0.0000	0.0000	0.0000	0.0000			0.0000	0.0000	0.0000	3.8563	0.0000	5.9737	0.0000	0.0000	0.0000	0.0000	0.0000	0.0000	0.0000	0.0000	0.0000	0.0000	0.0000	0.0000	0.0000	0.0000	0.0000	0.0000	0.0000	0.0000	0.0000	0.0000	0.0000	0.0000	0.0000	0.0000	0.0000	0.0000	0.0000	0.0000	0.0000	0.0000	0.0000	0.0000	0.0000	0.0000	0.0000	0.0000
57	75	0.0551	6	2	0	1	0	0	0	0	0	0	0	0	0	0	0	0	0	0	0	Y	N	N	N	N	N	N	N	N	N	N	N	N	N	N	N	N	N	0.0000	0.0000	0.0000	0.0000	0.0000	0.0000	0.0000	0.0000	0.0000	0.0000	0.0000	0.0000	0.0000	0.0000	0.0000	0.0000	0.0000	0.0000	0.0000	0.0000	0.0000	0.0000	0.0000	0.0000	0.0000	0.0000	0.0000			0.0000	0.0000	0.0000	4.9966	0.0000	2.0573	0.0000	0.0000	0.0000	0.0000	0.0000	0.0000	0.0000	0.0000	0.0000	0.0000	0.0000	0.0000	0.0000	0.0000	0.0000	0.0000	0.0000	0.0000	0.0000	0.0000	0.0000	0.0000	0.0000	0.0000	0.0000	0.0000	0.0000	0.0000	0.0000	0.0000	0.0000	0.0000	0.0000	0.0000	0.0000	0.0000
57	76	0.0497	5	2	0	1	0	1	0	1	0	0	0	0	0	0	0	0	0	0	0	Y	N	N	N	N	N	N	N	N	N	N	N	N	N	N	N	N	N	0.0000	0.0000	0.0000	0.0000	0.0000	0.0000	0.0000	0.0000	0.0000	0.0000	0.0000	0.0000	0.0000	0.0000	0.0000	0.0000	0.0000	0.0000	0.0000	0.0000	0.0000	0.0000	0.0000	0.0000	0.0000	0.0000	0.0000			0.0000	0.0000	0.0000	0.0131	0.0000	1.0784	0.0000	0.0000	0.0000	0.0000	0.0000	0.0000	0.0000	0.0000	0.0000	0.0000	0.0000	0.0000	0.0000	0.0000	0.0000	0.0000	0.0000	0.0000	0.0000	0.0000	0.0000	0.0000	0.0000	0.0000	0.0000	0.0000	0.0000	0.0000	0.0000	0.0000	0.0000	0.0000	0.0000	0.0000	0.0000	0.0000
58	65	0.0791	7	2	0	1	0	2	0	1	0	0	0	0	0	0	0	0	0	0	0	Y	N	N	N	N	N	N	N	N	N	N	N	N	N	N	N	N	N	1296.4690	0.0000	inf	0.0000	0.0000	0.0000	inf	0.0000	inf	2.8589	0.0000	26.0580	0.0000	0.0000	0.0000	3.4419	0.0000	27.0869	0.0022	0.0062	0.0000	0.0215	0.0271	0.0000	0.0000	0.0000	0.0000	inf	0.0000	0.1113	-0.0000	1.2118	2.0000	0.0039	2.0000	0.1901	0.0000	0.1901	0.0000	0.0000	0.0000	0.1901	0.0000	0.1901	0.0000	0.0000	0.0000	0.0000	0.0000	0.0000	0.0000	0.0000	0.0000	0.0665	0.0592	0.0073	0.0113	0.0110	0.0003	0.0552	0.0482	0.0070	0.0136	0.0048	0.0088	0.0014	0.0011	0.0003	0.0122	0.0037	0.0085
58	73	0.1274	6	2	0	1	0	1	0	0	0	0	0	1	0	0	0	0	0	0	0	Y	N	N	N	N	N	N	N	N	N	N	N	N	N	N	N	N	N	0.0000	0.0000	0.0000	0.0000	0.0000	0.0000	0.0000	0.0000	0.0000	0.0000	0.0000	0.0000	0.0000	0.0000	0.0000	0.0000	0.0000	0.0000	0.0000	0.0000	0.0000	0.0000	0.0000	0.0000	0.0000	0.0000	0.0000			0.0000	0.0000	1.2118	0.0000	0.0039	0.0000	0.0000	0.0000	0.0000	0.0000	0.0000	0.0000	0.0000	0.0000	0.0000	0.0000	0.0000	0.0000	0.0000	0.0000	0.0000	0.0000	0.0000	0.0000	0.0000	0.0000	0.0000	0.0000	0.0000	0.0000	0.0000	0.0000	0.0000	0.0001	0.0000	0.0000	0.0000	0.0000	0.0000	0.0000	0.0000	0.0000
58	74	0.0551	5	2	0	1	0	1	0	0	0	1	0	1	0	0	0	0	0	0	0	Y	N	N	N	N	N	N	N	N	N	N	N	N	N	N	N	N	N	0.0023	0.0010	0.0518	0.0010	0.0009	0.1830	0.0000	0.0000	0.0000	0.0002	0.0002	0.0000	0.0010	0.0010	0.0000	0.0000	0.0000	0.0000	0.0667	0.1772	0.0000	0.9487	1.1155	0.0001	0.0000	0.0000	0.0000	0.0003	0.0001	-0.0000	-0.0010	1.2118	3.8563	0.0039	5.9737	0.0000	0.0000	0.0000	0.0000	0.0000	0.0000	0.0000	0.0000	0.0000	0.0022	0.0022	0.0000	0.0022	0.0022	0.0000	0.0000	0.0000	0.0000	0.1260	0.1118	0.0142	0.0196	0.0192	0.0004	0.1064	0.0926	0.0138	0.0334	0.0126	0.0209	0.0024	0.0020	0.0004	0.0311	0.0106	0.0205
58	75	0.0551	5	2	0	1	0	1	0	0	0	0	0	0	0	0	0	0	0	0	0	Y	N	N	N	N	N	N	N	N	N	N	N	N	N	N	N	N	N	0.1009	inf	0.0000	0.2181	inf	0.0000	0.0000	0.0000	0.0000	0.0001	0.0001	0.0000	0.0008	0.0008	0.0000	0.0000	0.0000	0.0000	0.0012	0.0000	0.0019	0.0035	0.0000	0.0269	0.0010	0.0000	0.0015	0.0000	inf	-0.0000	0.0000	1.2118	4.9966	0.0039	2.0573	0.0000	0.0000	0.0000	0.0000	0.0000	0.0000	0.0000	0.0000	0.0000	0.0000	0.0000	0.0000	0.0000	0.0000	0.0000	0.0000	0.0000	0.0000	0.1602	0.1422	0.0180	0.0249	0.0244	0.0005	0.1353	0.1178	0.0175	0.0251	0.0096	0.0155	0.0020	0.0017	0.0003	0.0231	0.0079	0.0152
58	76	0.0497	4	2	0	1	0	2	0	1	0	0	0	0	0	0	0	0	0	0	0	Y	N	N	N	N	N	N	N	N	N	N	N	N	N	N	N	N	N	12.0270	12.2442	8.3766	8.4272	8.8770	0.0487	5.9325	0.0000	9.0112	0.1071	0.1211	0.0663	0.2488	0.2499	0.0165	0.0265	0.0000	0.0666	0.0089	0.0099	0.0079	0.0295	0.0282	0.3399	0.0045	0.0000	0.0074	0.1877	0.7937	-0.0000	-0.0000	1.2118	0.0131	0.0039	1.0784	0.0001	0.0001	0.0000	0.0001	0.0001	0.0000	0.0000	0.0000	0.0000	0.0001	0.0000	0.0000	0.0000	0.0000	0.0000	0.0000	0.0000	0.0000	0.0011	0.0008	0.0003	0.0004	0.0004	0.0000	0.0007	0.0004	0.0003	0.0058	0.0029	0.0029	0.0010	0.0010	0.0000	0.0048	0.0019	0.0029
66	67	0.0297	2	0	0	0	0	0	0	0	0	0	2	0	2	0	0	0	0	0	0	N	N	N	N	N	Y	N	N	N	N	N	N	N	N	N	N	N	N	0.0004	inf	0.0000	inf	inf	0.0000	0.0001	inf	0.0000	0.0016	0.0019	0.0000	0.0063	0.0065	0.0000	0.0009	0.0010	0.0000	4.1411	0.0000	7.8794	0.0000	0.0000	0.0000	7.2514	0.0000	7.8794	0.0007	inf	-0.0000	0.3219	2.0073	0.9402	0.7728	1.7770	0.0001	0.0001	0.0000	0.0000	0.0000	0.0000	0.0000	0.0000	0.0000	0.5971	0.0000	0.5971	0.0000	0.0000	0.0000	0.5971	0.0000	0.5971	0.0520	0.0462	0.0058	0.0070	0.0068	0.0002	0.0450	0.0394	0.0057	0.1442	0.0684	0.0758	0.0618	0.0618	0.0000	0.0823	0.0066	0.0758
