branch_id_1	branch_id_2	dist_bl	dist_node_num	branch_num_fg_beak	branch_num_fg_fork	branch_num_fg_pink	branch_num_fg_red	branch_num_fg_stem_beak	branch_num_fg_stem_fork	branch_num_fg_stem_pink	branch_num_fg_stem_red	branch_num_fg_stem_tube	branch_num_fg_stem_yellow	branch_num_fg_tube	branch_num_fg_yellow	branch_num_mg_beak	branch_num_mg_fork	branch_num_mg_pink	branch_num_mg_red	branch_num_mg_tube	branch_num_mg_yellow	is_fg_beak	is_fg_fork	is_fg_pink	is_fg_red	is_fg_tube	is_fg_yellow	is_mf_beak	is_mf_fork	is_mf_pink	is_mf_red	is_mf_tube	is_mf_yellow	is_mg_beak	is_mg_fork	is_mg_pink	is_mg_red	is_mg_tube	is_mg_yellow	omegaCany2any	omegaCany2dif	omegaCany2spe	omegaCdif2any	omegaCdif2dif	omegaCdif2spe	omegaCspe2any	omegaCspe2dif	omegaCspe2spe	dNCany2any	dNCany2dif	dNCany2spe	dNCdif2any	dNCdif2dif	dNCdif2spe	dNCspe2any	dNCspe2dif	dNCspe2spe	dSCany2any	dSCany2dif	dSCany2spe	dSCdif2any	dSCdif2dif	dSCdif2spe	dSCspe2any	dSCspe2dif	dSCspe2spe	OCNCoD	OCSCoD	OCN_linreg_residual	OCS_linreg_residual	N_sub_1	N_sub_2	S_sub_1	S_sub_2	OCNany2any	OCNany2dif	OCNany2spe	OCNdif2any	OCNdif2dif	OCNdif2spe	OCNspe2any	OCNspe2dif	OCNspe2spe	OCSany2any	OCSany2dif	OCSany2spe	OCSdif2any	OCSdif2dif	OCSdif2spe	OCSspe2any	OCSspe2dif	OCSspe2spe	ECNany2any	ECNany2dif	ECNany2spe	ECNdif2any	ECNdif2dif	ECNdif2spe	ECNspe2any	ECNspe2dif	ECNspe2spe	ECSany2any	ECSany2dif	ECSany2spe	ECSdif2any	ECSdif2dif	ECSdif2spe	ECSspe2any	ECSspe2dif	ECSspe2spe
1	15	0.0346	6	1	0	1	0	0	0	0	0	1	1	2	1	0	0	0	0	0	0	N	N	N	N	Y	N	N	N	N	N	N	N	N	N	N	N	N	N	0.0000	0.0000	0.0000	0.0000	0.0000	0.0000	0.0000	0.0000	0.0000	0.0000	0.0000	0.0000	0.0000	0.0000	0.0000	0.0000	0.0000	0.0000	0.0000	0.0000	0.0000	0.0000	0.0000	0.0000	0.0000	0.0000	0.0000			0.0000	0.0000	0.0000	1.6207	0.9984	6.0204	0.0000	0.0000	0.0000	0.0000	0.0000	0.0000	0.0000	0.0000	0.0000	0.0000	0.0000	0.0000	0.0000	0.0000	0.0000	0.0000	0.0000	0.0000	0.0000	0.0000	0.0000	0.0000	0.0000	0.0000	0.0000	0.0000	0.0000	0.0067	0.0036	0.0031	0.0005	0.0004	0.0001	0.0062	0.0032	0.0030
1	26	0.0420	8	1	0	1	0	0	0	0	0	1	1	2	1	0	0	0	0	0	0	N	N	N	N	Y	N	N	N	N	N	N	N	N	N	N	N	N	N	0.0000	0.0000	0.0000	0.0000	0.0000	0.0000	0.0000	0.0000	0.0000	0.0000	0.0000	0.0000	0.0000	0.0000	0.0000	0.0000	0.0000	0.0000	0.0000	0.0000	0.0000	0.0000	0.0000	0.0000	0.0000	0.0000	0.0000		0.0000	0.0000	-0.0000	0.0000	1.0082	0.9984	6.9189	0.0000	0.0000	0.0000	0.0000	0.0000	0.0000	0.0000	0.0000	0.0000	0.0000	0.0000	0.0000	0.0000	0.0000	0.0000	0.0000	0.0000	0.0000	0.0000	0.0000	0.0000	0.0000	0.0000	0.0000	0.0000	0.0000	0.0000	0.0095	0.0053	0.0042	0.0020	0.0015	0.0004	0.0075	0.0038	0.0038
1	32	0.0403	8	1	0	1	0	0	0	0	0	1	1	2	1	0	0	0	0	0	0	N	N	N	N	Y	N	N	N	N	N	N	N	N	N	N	N	N	N	0.0000	0.0000	0.0000	0.0000	0.0000	0.0000	0.0000	0.0000	0.0000	0.0000	0.0000	0.0000	0.0000	0.0000	0.0000	0.0000	0.0000	0.0000	0.0000	0.0000	0.0000	0.0000	0.0000	0.0000	0.0000	0.0000	0.0000			0.0000	0.0000	0.0000	3.0008	0.9984	7.1090	0.0000	0.0000	0.0000	0.0000	0.0000	0.0000	0.0000	0.0000	0.0000	0.0000	0.0000	0.0000	0.0000	0.0000	0.0000	0.0000	0.0000	0.0000	0.0000	0.0000	0.0000	0.0000	0.0000	0.0000	0.0000	0.0000	0.0000	0.0091	0.0049	0.0042	0.0010	0.0008	0.0002	0.0082	0.0042	0.0040
1	38	0.0473	7	1	0	1	1	0	0	0	1	0	0	2	1	0	0	0	0	0	0	N	N	N	N	Y	N	N	N	N	N	N	N	N	N	N	N	N	N	0.0000	0.0000	0.0000	0.0000	0.0000	0.0000	0.0000	0.0000	0.0000	0.0000	0.0000	0.0000	0.0000	0.0000	0.0000	0.0000	0.0000	0.0000	0.0000	0.0000	0.0000	0.0000	0.0000	0.0000	0.0000	0.0000	0.0000		0.0000	0.0000	-0.0000	0.0000	3.9983	0.9984	0.1262	0.0000	0.0000	0.0000	0.0000	0.0000	0.0000	0.0000	0.0000	0.0000	0.0000	0.0000	0.0000	0.0000	0.0000	0.0000	0.0000	0.0000	0.0000	0.0000	0.0000	0.0000	0.0000	0.0000	0.0000	0.0000	0.0000	0.0000	0.0040	0.0022	0.0018	0.0005	0.0005	0.0001	0.0035	0.0018	0.0017
1	39	0.0449	6	1	0	1	0	0	0	0	0	0	0	2	1	0	0	0	0	0	0	N	N	N	N	Y	N	N	N	N	N	N	N	N	N	N	N	N	N	0.0000	0.0000	0.0000	0.0000	0.0000	0.0000	0.0000	0.0000	0.0000	0.0000	0.0000	0.0000	0.0000	0.0000	0.0000	0.0000	0.0000	0.0000	0.0000	0.0000	0.0000	0.0002	0.0002	0.0000	0.0000	0.0000	0.0000		0.1130	0.0000	-0.0000	0.0000	0.0031	0.9984	2.1400	0.0000	0.0000	0.0000	0.0000	0.0000	0.0000	0.0000	0.0000	0.0000	0.0000	0.0000	0.0000	0.0000	0.0000	0.0000	0.0000	0.0000	0.0000	0.0000	0.0000	0.0000	0.0000	0.0000	0.0000	0.0000	0.0000	0.0000	0.0022	0.0012	0.0009	0.0003	0.0003	0.0000	0.0019	0.0010	0.0009
1	40	0.0324	5	1	0	1	0	0	0	0	0	1	1	2	1	0	0	0	0	0	0	N	N	N	N	Y	N	N	N	N	N	N	N	N	N	N	N	N	N	0.0000	0.0000	0.0000	0.0000	0.0000	0.0000	0.0000	0.0000	0.0000	0.0000	0.0000	0.0000	0.0000	0.0000	0.0000	0.0000	0.0000	0.0000	0.0000	0.0000	0.0000	0.0000	0.0000	0.0000	0.0000	0.0000	0.0000			0.0000	0.0000	0.0000	0.9998	0.9984	9.0469	0.0000	0.0000	0.0000	0.0000	0.0000	0.0000	0.0000	0.0000	0.0000	0.0000	0.0000	0.0000	0.0000	0.0000	0.0000	0.0000	0.0000	0.0000	0.0000	0.0000	0.0000	0.0000	0.0000	0.0000	0.0000	0.0000	0.0000	0.0089	0.0048	0.0041	0.0007	0.0006	0.0001	0.0082	0.0042	0.0040
2	3	0.0414	5	1	0	0	0	0	0	0	0	0	1	0	2	0	0	0	0	0	0	N	N	N	N	N	Y	N	N	N	N	N	N	N	N	N	N	N	N	0.0000	0.0000	0.0000	0.0000	0.0000	0.0000	0.0000	0.0000	0.0000	0.0000	0.0000	0.0000	0.0000	0.0000	0.0000	0.0000	0.0000	0.0000	0.0010	0.0018	0.0000	0.0076	0.0084	0.0000	0.0000	0.0000	0.0000		0.0000	0.0000	-0.0000	0.0000	3.6294	1.0000	17.4474	0.0000	0.0000	0.0000	0.0000	0.0000	0.0000	0.0000	0.0000	0.0000	0.0000	0.0000	0.0000	0.0000	0.0000	0.0000	0.0000	0.0000	0.0000	0.0000	0.0000	0.0000	0.0000	0.0000	0.0000	0.0000	0.0000	0.0000	0.0195	0.0111	0.0084	0.0026	0.0024	0.0003	0.0169	0.0088	0.0081
2	4	0.0456	11	0	0	0	0	0	0	0	0	0	1	0	2	0	0	0	0	0	0	N	N	N	N	N	Y	N	N	N	N	N	N	N	N	N	N	N	N	0.0000	0.0000	0.0000	0.0000	0.0000	0.0000	0.0000	0.0000	0.0000	0.0000	0.0000	0.0000	0.0000	0.0000	0.0000	0.0000	0.0000	0.0000	0.0000	0.0000	0.0000	0.0000	0.0000	0.0000	0.0000	0.0000	0.0000			0.0000	0.0000	0.0000	0.0000	1.0000	0.0000	0.0000	0.0000	0.0000	0.0000	0.0000	0.0000	0.0000	0.0000	0.0000	0.0000	0.0000	0.0000	0.0000	0.0000	0.0000	0.0000	0.0000	0.0000	0.0000	0.0000	0.0000	0.0000	0.0000	0.0000	0.0000	0.0000	0.0000	0.0000	0.0000	0.0000	0.0000	0.0000	0.0000	0.0000	0.0000	0.0000
2	10	0.0677	7	0	0	1	0	0	0	1	0	0	1	0	2	0	0	0	0	0	0	N	N	N	N	N	Y	N	N	N	N	N	N	N	N	N	N	N	N	0.0000	0.0000	0.0000	0.0000	0.0000	0.0000	0.0000	0.0000	0.0000	0.0000	0.0000	0.0000	0.0000	0.0000	0.0000	0.0000	0.0000	0.0000	0.0000	0.0000	0.0000	0.0000	0.0000	0.0000	0.0000	0.0000	0.0000			0.0000	0.0000	0.0000	1.9985	1.0000	1.0186	0.0000	0.0000	0.0000	0.0000	0.0000	0.0000	0.0000	0.0000	0.0000	0.0000	0.0000	0.0000	0.0000	0.0000	0.0000	0.0000	0.0000	0.0000	0.0000	0.0000	0.0000	0.0000	0.0000	0.0000	0.0000	0.0000	0.0000	0.0027	0.0015	0.0012	0.0004	0.0003	0.0001	0.0023	0.0012	0.0011
2	13	0.0515	7	1	0	0	0	1	0	0	0	0	1	0	2	0	0	0	0	0	0	N	N	N	N	N	Y	N	N	N	N	N	N	N	N	N	N	N	N	0.0000	0.0000	0.0000	0.0000	0.0000	0.0000	0.0000	0.0000	0.0000	0.0000	0.0000	0.0000	0.0000	0.0000	0.0000	0.0000	0.0000	0.0000	0.0000	0.0000	0.0000	0.0000	0.0000	0.0000	0.0000	0.0000	0.0000			0.0000	0.0000	0.0000	6.2125	1.0000	15.0504	0.0000	0.0000	0.0000	0.0000	0.0000	0.0000	0.0000	0.0000	0.0000	0.0000	0.0000	0.0000	0.0000	0.0000	0.0000	0.0000	0.0000	0.0000	0.0000	0.0000	0.0000	0.0000	0.0000	0.0000	0.0000	0.0000	0.0000	0.0173	0.0092	0.0080	0.0013	0.0010	0.0002	0.0160	0.0082	0.0078
2	15	0.0456	7	1	0	0	0	0	0	0	0	1	1	1	2	0	0	0	0	0	0	N	N	N	N	N	Y	N	N	N	N	N	N	N	N	N	N	N	N	0.0000	0.0000	0.0000	0.0000	0.0000	0.0000	0.0000	0.0000	0.0000	0.0000	0.0000	0.0000	0.0000	0.0000	0.0000	0.0000	0.0000	0.0000	0.0000	0.0000	0.0000	0.0000	0.0000	0.0000	0.0000	0.0000	0.0000			0.0000	0.0000	0.0000	1.6207	1.0000	6.0204	0.0000	0.0000	0.0000	0.0000	0.0000	0.0000	0.0000	0.0000	0.0000	0.0000	0.0000	0.0000	0.0000	0.0000	0.0000	0.0000	0.0000	0.0000	0.0000	0.0000	0.0000	0.0000	0.0000	0.0000	0.0000	0.0000	0.0000	0.0065	0.0034	0.0030	0.0005	0.0004	0.0001	0.0060	0.0030	0.0029
2	16	0.0609	9	1	0	0	0	0	0	0	0	0	1	0	2	0	0	0	0	0	0	N	N	N	N	N	Y	N	N	N	N	N	N	N	N	N	N	N	N	0.0000	0.0000	0.0000	0.0000	0.0000	0.0000	0.0000	0.0000	0.0000	0.0000	0.0000	0.0000	0.0000	0.0000	0.0000	0.0000	0.0000	0.0000	0.0000	0.0000	0.0000	0.0000	0.0000	0.0000	0.0000	0.0000	0.0000			0.0000	0.0000	0.0000	2.0004	1.0000	7.0278	0.0000	0.0000	0.0000	0.0000	0.0000	0.0000	0.0000	0.0000	0.0000	0.0000	0.0000	0.0000	0.0000	0.0000	0.0000	0.0000	0.0000	0.0000	0.0000	0.0000	0.0000	0.0000	0.0000	0.0000	0.0000	0.0000	0.0000	0.0075	0.0040	0.0035	0.0006	0.0005	0.0001	0.0069	0.0035	0.0034
2	18	0.0559	7	1	0	1	1	0	0	1	1	0	0	1	2	0	0	0	0	0	0	N	N	N	N	N	Y	N	N	N	N	N	N	N	N	N	N	N	N	0.0000	0.0000	0.0000	0.0000	0.0000	0.0000	0.0000	0.0000	0.0000	0.0000	0.0000	0.0000	0.0000	0.0000	0.0000	0.0000	0.0000	0.0000	0.0000	0.0000	0.0000	0.0000	0.0000	0.0000	0.0000	0.0000	0.0000			0.0000	0.0000	0.0000	2.0000	1.0000	2.1077	0.0000	0.0000	0.0000	0.0000	0.0000	0.0000	0.0000	0.0000	0.0000	0.0000	0.0000	0.0000	0.0000	0.0000	0.0000	0.0000	0.0000	0.0000	0.0000	0.0000	0.0000	0.0000	0.0000	0.0000	0.0000	0.0000	0.0000	0.0038	0.0021	0.0017	0.0005	0.0004	0.0001	0.0033	0.0017	0.0016
2	19	0.0583	8	1	0	1	0	0	0	1	0	0	0	1	2	0	0	0	0	0	0	N	N	N	N	N	Y	N	N	N	N	N	N	N	N	N	N	N	N	0.0000	0.0000	0.0000	0.0000	0.0000	0.0000	0.0000	0.0000	0.0000	0.0000	0.0000	0.0000	0.0000	0.0000	0.0000	0.0000	0.0000	0.0000	0.0101	0.0184	0.0000	0.0840	0.1020	0.0000	0.0000	0.0000	0.0000		0.0000	0.0000	-0.0001	0.0000	6.0020	1.0000	2.9931	0.0000	0.0000	0.0000	0.0000	0.0000	0.0000	0.0000	0.0000	0.0000	0.0001	0.0001	0.0000	0.0001	0.0001	0.0000	0.0000	0.0000	0.0000	0.0000	0.0000	0.0000	0.0000	0.0000	0.0000	0.0000	0.0000	0.0000	0.0079	0.0043	0.0036	0.0010	0.0008	0.0002	0.0070	0.0036	0.0034
2	25	0.0613	10	1	0	1	0	0	0	0	0	0	1	0	2	0	0	0	0	0	0	N	N	N	N	N	Y	N	N	N	N	N	N	N	N	N	N	N	N	0.0000	0.0000	0.0000	0.0000	0.0000	0.0000	0.0000	0.0000	0.0000	0.0000	0.0000	0.0000	0.0000	0.0000	0.0000	0.0000	0.0000	0.0000	0.0000	0.0000	0.0000	0.0000	0.0000	0.0000	0.0000	0.0000	0.0000			0.0000	0.0000	0.0000	0.9991	1.0000	4.0188	0.0000	0.0000	0.0000	0.0000	0.0000	0.0000	0.0000	0.0000	0.0000	0.0000	0.0000	0.0000	0.0000	0.0000	0.0000	0.0000	0.0000	0.0000	0.0000	0.0000	0.0000	0.0000	0.0000	0.0000	0.0000	0.0000	0.0000	0.0044	0.0024	0.0020	0.0005	0.0004	0.0001	0.0039	0.0020	0.0019
2	26	0.0530	9	1	0	0	0	0	0	0	0	1	1	1	2	0	0	0	0	0	0	N	N	N	N	N	Y	N	N	N	N	N	N	N	N	N	N	N	N	0.0000	0.0000	0.0000	0.0000	0.0000	0.0000	0.0000	0.0000	0.0000	0.0000	0.0000	0.0000	0.0000	0.0000	0.0000	0.0000	0.0000	0.0000	0.0000	0.0000	0.0000	0.0000	0.0000	0.0000	0.0000	0.0000	0.0000			0.0000	0.0000	0.0000	1.0082	1.0000	6.9189	0.0000	0.0000	0.0000	0.0000	0.0000	0.0000	0.0000	0.0000	0.0000	0.0000	0.0000	0.0000	0.0000	0.0000	0.0000	0.0000	0.0000	0.0000	0.0000	0.0000	0.0000	0.0000	0.0000	0.0000	0.0000	0.0000	0.0000	0.0092	0.0052	0.0040	0.0019	0.0015	0.0004	0.0073	0.0037	0.0036
2	32	0.0514	9	1	0	0	0	0	0	0	0	1	1	1	2	0	0	0	0	0	0	N	N	N	N	N	Y	N	N	N	N	N	N	N	N	N	N	N	N	0.0000	0.0000	0.0000	0.0000	0.0000	0.0000	0.0000	0.0000	0.0000	0.0000	0.0000	0.0000	0.0000	0.0000	0.0000	0.0000	0.0000	0.0000	0.0000	0.0000	0.0000	0.0000	0.0000	0.0000	0.0000	0.0000	0.0000			0.0000	0.0000	0.0000	3.0008	1.0000	7.1090	0.0000	0.0000	0.0000	0.0000	0.0000	0.0000	0.0000	0.0000	0.0000	0.0000	0.0000	0.0000	0.0000	0.0000	0.0000	0.0000	0.0000	0.0000	0.0000	0.0000	0.0000	0.0000	0.0000	0.0000	0.0000	0.0000	0.0000	0.0089	0.0048	0.0041	0.0010	0.0008	0.0002	0.0079	0.0040	0.0039
2	38	0.0583	8	1	0	0	1	0	0	0	1	0	0	1	2	0	0	0	0	0	0	N	N	N	N	N	Y	N	N	N	N	N	N	N	N	N	N	N	N	0.0000	0.0000	0.0000	0.0000	0.0000	0.0000	0.0000	0.0000	0.0000	0.0000	0.0000	0.0000	0.0000	0.0000	0.0000	0.0000	0.0000	0.0000	0.0000	0.0000	0.0000	0.0000	0.0000	0.0000	0.0000	0.0000	0.0000			0.0000	0.0000	0.0000	3.9983	1.0000	0.1262	0.0000	0.0000	0.0000	0.0000	0.0000	0.0000	0.0000	0.0000	0.0000	0.0000	0.0000	0.0000	0.0000	0.0000	0.0000	0.0000	0.0000	0.0000	0.0000	0.0000	0.0000	0.0000	0.0000	0.0000	0.0000	0.0000	0.0000	0.0039	0.0022	0.0017	0.0005	0.0005	0.0001	0.0033	0.0017	0.0016
2	39	0.0559	7	1	0	0	0	0	0	0	0	0	0	1	2	0	0	0	0	0	0	N	N	N	N	N	Y	N	N	N	N	N	N	N	N	N	N	N	N	0.0000	0.0000	0.0000	0.0000	0.0000	0.0000	0.0000	0.0000	0.0000	0.0000	0.0000	0.0000	0.0000	0.0000	0.0000	0.0000	0.0000	0.0000	0.0377	0.0582	0.0109	0.0000	0.0000	0.0000	0.0445	0.0762	0.0114		0.1429	0.0000	-0.0000	0.0000	0.0031	1.0000	2.1400	0.0000	0.0000	0.0000	0.0000	0.0000	0.0000	0.0000	0.0000	0.0000	0.0001	0.0001	0.0000	0.0000	0.0000	0.0000	0.0001	0.0001	0.0000	0.0000	0.0000	0.0000	0.0000	0.0000	0.0000	0.0000	0.0000	0.0000	0.0021	0.0012	0.0009	0.0003	0.0003	0.0000	0.0018	0.0009	0.0009
2	40	0.0435	6	1	0	0	0	0	0	0	0	1	1	1	2	0	0	0	0	0	0	N	N	N	N	N	Y	N	N	N	N	N	N	N	N	N	N	N	N	0.0000	0.0000	0.0000	0.0000	0.0000	0.0000	0.0000	0.0000	0.0000	0.0000	0.0000	0.0000	0.0000	0.0000	0.0000	0.0000	0.0000	0.0000	0.0000	0.0000	0.0000	0.0000	0.0000	0.0000	0.0000	0.0000	0.0000			0.0000	0.0000	0.0000	0.9998	1.0000	9.0469	0.0000	0.0000	0.0000	0.0000	0.0000	0.0000	0.0000	0.0000	0.0000	0.0000	0.0000	0.0000	0.0000	0.0000	0.0000	0.0000	0.0000	0.0000	0.0000	0.0000	0.0000	0.0000	0.0000	0.0000	0.0000	0.0000	0.0000	0.0087	0.0047	0.0041	0.0008	0.0006	0.0001	0.0079	0.0040	0.0039
2	57	0.0419	9	0	0	0	0	0	0	0	0	0	1	0	2	0	0	0	0	0	0	N	N	N	N	N	Y	N	N	N	N	N	N	N	N	N	N	N	N	0.0000	0.0000	0.0000	0.0000	0.0000	0.0000	0.0000	0.0000	0.0000	0.0000	0.0000	0.0000	0.0000	0.0000	0.0000	0.0000	0.0000	0.0000	0.0000	0.0000	0.0000	0.0000	0.0000	0.0000	0.0000	0.0000	0.0000			0.0000	0.0000	0.0000	0.0000	1.0000	5.0023	0.0000	0.0000	0.0000	0.0000	0.0000	0.0000	0.0000	0.0000	0.0000	0.0000	0.0000	0.0000	0.0000	0.0000	0.0000	0.0000	0.0000	0.0000	0.0000	0.0000	0.0000	0.0000	0.0000	0.0000	0.0000	0.0000	0.0000	0.0042	0.0022	0.0020	0.0003	0.0002	0.0001	0.0039	0.0020	0.0019
2	59	0.0394	7	0	0	0	0	0	0	0	0	0	1	0	2	0	0	0	0	0	0	N	N	N	N	N	Y	N	N	N	N	N	N	N	N	N	N	N	N	0.0000	0.0000	0.0000	0.0000	0.0000	0.0000	0.0000	0.0000	0.0000	0.0000	0.0000	0.0000	0.0000	0.0000	0.0000	0.0000	0.0000	0.0000	0.0000	0.0000	0.0000	0.0000	0.0000	0.0000	0.0000	0.0000	0.0000			0.0000	0.0000	0.0000	0.0000	1.0000	11.0002	0.0000	0.0000	0.0000	0.0000	0.0000	0.0000	0.0000	0.0000	0.0000	0.0000	0.0000	0.0000	0.0000	0.0000	0.0000	0.0000	0.0000	0.0000	0.0000	0.0000	0.0000	0.0000	0.0000	0.0000	0.0000	0.0000	0.0000	0.0092	0.0048	0.0043	0.0006	0.0005	0.0001	0.0086	0.0044	0.0042
2	60	0.0394	8	0	0	0	0	0	0	0	0	0	1	0	2	0	0	0	0	0	0	N	N	N	N	N	Y	N	N	N	N	N	N	N	N	N	N	N	N	0.0000	0.0000	0.0000	0.0000	0.0000	0.0000	0.0000	0.0000	0.0000	0.0000	0.0000	0.0000	0.0000	0.0000	0.0000	0.0000	0.0000	0.0000	0.0000	0.0000	0.0000	0.0000	0.0000	0.0000	0.0000	0.0000	0.0000			0.0000	0.0000	0.0000	0.0000	1.0000	9.0002	0.0000	0.0000	0.0000	0.0000	0.0000	0.0000	0.0000	0.0000	0.0000	0.0000	0.0000	0.0000	0.0000	0.0000	0.0000	0.0000	0.0000	0.0000	0.0000	0.0000	0.0000	0.0000	0.0000	0.0000	0.0000	0.0000	0.0000	0.0075	0.0040	0.0036	0.0005	0.0004	0.0001	0.0071	0.0036	0.0035
3	4	0.0724	11	1	0	0	0	0	0	0	0	0	2	0	2	0	0	0	0	0	0	N	N	N	N	N	Y	N	N	N	N	N	N	N	N	N	N	N	N	0.0000	0.0000	0.0000	0.0000	0.0000	0.0000	0.0000	0.0000	0.0000	0.0000	0.0000	0.0000	0.0000	0.0000	0.0000	0.0000	0.0000	0.0000	0.0000	0.0000	0.0000	0.0000	0.0000	0.0000	0.0000	0.0000	0.0000			0.0000	0.0000	3.6294	0.0000	17.4474	0.0000	0.0000	0.0000	0.0000	0.0000	0.0000	0.0000	0.0000	0.0000	0.0000	0.0000	0.0000	0.0000	0.0000	0.0000	0.0000	0.0000	0.0000	0.0000	0.0000	0.0000	0.0000	0.0000	0.0000	0.0000	0.0000	0.0000	0.0000	0.0000	0.0000	0.0000	0.0000	0.0000	0.0000	0.0000	0.0000	0.0000
3	8	0.0562	5	2	0	1	0	1	0	1	0	0	1	0	1	0	0	0	0	0	0	Y	N	N	N	N	N	N	N	N	N	N	N	N	N	N	N	N	N	0.0000	0.0000	0.0000	0.0000	0.0000	0.0000	0.0000	0.0000	0.0000	0.0000	0.0000	0.0000	0.0000	0.0000	0.0000	0.0000	0.0000	0.0000	3.4089	5.9057	0.0000	0.0822	0.0881	0.0004	3.9648	7.6562	0.0000		0.0000	0.0000	-0.7055	3.6294	0.0086	17.4474	14.3586	0.0000	0.0000	0.0000	0.0000	0.0000	0.0000	0.0000	0.0000	0.0000	0.9999	0.9999	0.0000	0.0035	0.0035	0.0000	0.9964	0.9964	0.0000	0.0002	0.0002	0.0000	0.0001	0.0001	0.0000	0.0002	0.0001	0.0000	0.2933	0.1693	0.1240	0.0420	0.0392	0.0028	0.2513	0.1301	0.1212
3	9	0.0798	9	2	1	1	0	0	1	1	0	0	1	0	1	0	0	0	0	0	0	Y	N	N	N	N	N	N	N	N	N	N	N	N	N	N	N	N	N	0.0000	0.0000	0.0000	0.0000	0.0000	0.0000	0.0000	0.0000	0.0000	0.0000	0.0000	0.0000	0.0000	0.0000	0.0000	0.0000	0.0000	0.0000	0.0001	0.0001	0.0000	0.0003	0.0003	0.0000	0.0000	0.0000	0.0000		0.0035	0.0000	-0.0000	3.6294	2.0072	17.4474	2.0305	0.0000	0.0000	0.0000	0.0000	0.0000	0.0000	0.0000	0.0000	0.0000	0.0000	0.0000	0.0000	0.0000	0.0000	0.0000	0.0000	0.0000	0.0000	0.0322	0.0278	0.0044	0.0006	0.0006	0.0000	0.0316	0.0272	0.0044	0.1210	0.0708	0.0502	0.0396	0.0317	0.0079	0.0814	0.0391	0.0423
3	10	0.0865	5	1	0	1	0	0	0	1	0	0	2	0	2	0	0	0	0	0	0	N	N	N	N	N	Y	N	N	N	N	N	N	N	N	N	N	N	N	0.0000	0.0000	0.0000	0.0000	0.0000	0.0000	0.0000	0.0000	0.0000	0.0000	0.0000	0.0000	0.0000	0.0000	0.0000	0.0000	0.0000	0.0000	0.0001	0.0000	0.0002	0.0000	0.0000	0.0004	0.0001	0.0000	0.0002		422.3034	0.0000	0.0000	3.6294	1.9985	17.4474	1.0186	0.0000	0.0000	0.0000	0.0000	0.0000	0.0000	0.0000	0.0000	0.0000	0.0000	0.0000	0.0000	0.0000	0.0000	0.0000	0.0000	0.0000	0.0000	0.0300	0.0259	0.0041	0.0014	0.0014	0.0000	0.0286	0.0245	0.0041	0.0614	0.0365	0.0249	0.0118	0.0105	0.0013	0.0497	0.0261	0.0236
3	12	0.0686	9	2	0	1	0	0	0	0	0	0	1	1	1	0	0	0	0	0	0	Y	N	N	N	N	N	N	N	N	N	N	N	N	N	N	N	N	N	0.0000	0.0000	0.0000	0.0000	0.0000	0.0000	0.0000	0.0000	0.0000	0.0000	0.0000	0.0000	0.0000	0.0000	0.0000	0.0000	0.0000	0.0000	0.0000	0.0000	0.0000	0.0000	0.0000	0.0000	0.0000	0.0000	0.0000			0.0000	0.0000	3.6294	0.0000	17.4474	0.0000	0.0000	0.0000	0.0000	0.0000	0.0000	0.0000	0.0000	0.0000	0.0000	0.0000	0.0000	0.0000	0.0000	0.0000	0.0000	0.0000	0.0000	0.0000	0.0000	0.0000	0.0000	0.0000	0.0000	0.0000	0.0000	0.0000	0.0000	0.0000	0.0000	0.0000	0.0000	0.0000	0.0000	0.0000	0.0000	0.0000
3	13	0.0703	5	2	0	0	0	1	0	0	0	0	2	0	2	0	0	0	0	0	0	Y	N	N	N	N	Y	N	N	N	N	N	N	N	N	N	N	N	N	0.0030	0.2338	0.0000	0.8525	0.7829	0.0000	0.0000	0.0000	0.0000	0.0076	0.0088	0.0000	0.1363	0.1379	0.0000	0.0000	0.0000	0.0000	2.5118	0.0378	5.8668	0.1599	0.1761	0.0111	2.8847	0.0000	6.0586	0.0000	114.5946	-0.0004	0.2873	3.6294	6.2125	17.4474	15.0504	0.0007	0.0007	0.0000	0.0007	0.0007	0.0000	0.0000	0.0000	0.0000	1.0055	0.0087	0.9968	0.0088	0.0087	0.0001	0.9967	0.0000	0.9967	0.0957	0.0827	0.0130	0.0054	0.0053	0.0001	0.0903	0.0774	0.0129	0.4003	0.2304	0.1699	0.0548	0.0494	0.0054	0.3455	0.1810	0.1645
3	14	0.0797	7	2	0	1	0	0	0	1	0	0	1	0	1	0	0	0	0	0	0	Y	N	N	N	N	N	N	N	N	N	N	N	N	N	N	N	N	N	0.2718	inf	0.0000	3696757.9021	inf	0.0000	0.0000	0.0000	0.0000	6.5086	7.5774	0.0000	15.8895	17.1798	0.0000	0.0000	0.0000	0.0000	23.9471	0.0000	56.7464	0.0000	0.0000	0.0000	28.6811	0.0000	58.8845	0.0000	inf	-0.0001	0.2862	3.6294	0.0005	17.4474	1.9889	0.0001	0.0001	0.0000	0.0001	0.0001	0.0000	0.0000	0.0000	0.0000	0.9721	0.0000	0.9721	0.0000	0.0000	0.0000	0.9721	0.0000	0.9721	0.0000	0.0000	0.0000	0.0000	0.0000	0.0000	0.0000	0.0000	0.0000	0.0406	0.0235	0.0171	0.0067	0.0061	0.0006	0.0339	0.0174	0.0165
3	15	0.0724	7	2	0	0	0	0	0	0	0	1	2	1	2	0	0	0	0	0	0	Y	N	N	N	N	Y	N	N	N	N	N	N	N	N	N	N	N	N	0.0000	0.0000	0.0000	0.0000	0.0000	0.0000	0.0000	0.0000	0.0000	0.0000	0.0000	0.0000	0.0000	0.0000	0.0000	0.0000	0.0000	0.0000	0.0490	0.0857	0.0002	0.0038	0.0042	0.0000	0.0566	0.1091	0.0002		0.0014	0.0000	-0.0051	3.6294	1.6207	17.4474	6.0204	0.0000	0.0000	0.0000	0.0000	0.0000	0.0000	0.0000	0.0000	0.0000	0.0072	0.0072	0.0000	0.0001	0.0001	0.0000	0.0072	0.0072	0.0000	0.0240	0.0207	0.0033	0.0010	0.0009	0.0000	0.0231	0.0198	0.0033	0.1479	0.0845	0.0634	0.0213	0.0189	0.0024	0.1266	0.0656	0.0609
3	16	0.0797	7	2	0	0	0	0	0	0	0	0	2	0	2	0	0	0	0	0	0	Y	N	N	N	N	Y	N	N	N	N	N	N	N	N	N	N	N	N	369.3809	0.0000	171192758.6088	0.0000	0.0000	0.0000	16700903.8555	0.0000	181713607.2245	33.5706	0.0000	243.5874	0.0000	0.0000	0.0000	34.8709	0.0000	245.2627	0.0909	0.1578	0.0000	0.6004	0.6697	0.0000	0.0000	0.0000	0.0000	inf	0.0000	0.4209	-0.0112	3.6294	2.0004	17.4474	7.0278	0.9981	0.0000	0.9981	0.0000	0.0000	0.0000	0.9981	0.0000	0.9981	0.0159	0.0159	0.0000	0.0159	0.0159	0.0000	0.0000	0.0000	0.0000	0.0297	0.0256	0.0041	0.0011	0.0011	0.0000	0.0286	0.0246	0.0041	0.1744	0.1004	0.0740	0.0264	0.0237	0.0027	0.1480	0.0768	0.0713
3	17	0.0755	6	2	0	0	0	1	0	0	0	0	1	0	1	0	0	0	0	0	0	Y	N	N	N	N	N	N	N	N	N	N	N	N	N	N	N	N	N	0.0174	0.0000	0.0557	0.0000	0.0000	0.0000	0.0171	0.0000	0.0576	0.0037	0.0000	0.0277	0.0000	0.0000	0.0000	0.0042	0.0000	0.0296	0.2134	0.0026	0.4976	0.0075	0.0083	0.0001	0.2472	0.0009	0.5144	inf	144.1495	0.0000	0.0045	3.6294	1.7771	17.4474	2.0236	0.0001	0.0000	0.0001	0.0000	0.0000	0.0000	0.0001	0.0000	0.0001	0.0158	0.0001	0.0157	0.0001	0.0001	0.0000	0.0157	0.0000	0.0157	0.0296	0.0256	0.0040	0.0036	0.0033	0.0003	0.0261	0.0223	0.0037	0.0741	0.0426	0.0316	0.0104	0.0094	0.0010	0.0637	0.0332	0.0305
3	18	0.0828	7	2	0	1	1	0	0	1	1	0	1	1	2	0	0	0	0	0	0	Y	N	N	N	N	Y	N	N	N	N	N	N	N	N	N	N	N	N	0.0016	0.0011	0.0000	0.0000	0.0000	0.0000	0.0014	0.0009	0.0000	0.0007	0.0008	0.0000	0.0000	0.0000	0.0000	0.0007	0.0008	0.0000	0.4163	0.7058	0.0000	0.0437	0.0494	0.0000	0.5045	0.9703	0.0000	0.0000	0.0000	-0.0000	-0.0253	3.6294	2.0000	17.4474	2.1077	0.0000	0.0000	0.0000	0.0000	0.0000	0.0000	0.0000	0.0000	0.0000	0.0359	0.0359	0.0000	0.0007	0.0007	0.0000	0.0351	0.0351	0.0000	0.0295	0.0255	0.0041	0.0013	0.0012	0.0000	0.0283	0.0242	0.0040	0.0862	0.0508	0.0353	0.0165	0.0146	0.0019	0.0697	0.0362	0.0335
3	19	0.0851	8	2	0	1	0	0	0	1	0	0	1	1	2	0	0	0	0	0	0	Y	N	N	N	N	Y	N	N	N	N	N	N	N	N	N	N	N	N	0.0000	0.0000	0.0000	0.0000	0.0000	0.0000	0.0000	0.0000	0.0000	0.0000	0.0000	0.0000	0.0000	0.0000	0.0000	0.0000	0.0000	0.0000	0.0018	0.0031	0.0000	0.0100	0.0113	0.0001	0.0000	0.0000	0.0000		0.0034	0.0000	-0.0002	3.6294	6.0020	17.4474	2.9931	0.0000	0.0000	0.0000	0.0000	0.0000	0.0000	0.0000	0.0000	0.0000	0.0003	0.0003	0.0000	0.0003	0.0003	0.0000	0.0000	0.0000	0.0000	0.0878	0.0758	0.0120	0.0038	0.0037	0.0001	0.0841	0.0721	0.0119	0.1799	0.1053	0.0747	0.0324	0.0286	0.0038	0.1476	0.0767	0.0709
3	25	0.0881	10	2	0	1	0	0	0	0	0	0	2	0	2	0	0	0	0	0	0	Y	N	N	N	N	Y	N	N	N	N	N	N	N	N	N	N	N	N	0.0000	0.0000	0.0000	0.0000	0.0000	0.0000	0.0000	0.0000	0.0000	0.0000	0.0000	0.0000	0.0000	0.0000	0.0000	0.0000	0.0000	0.0000	0.1011	0.1677	0.0082	0.5622	0.6341	0.0050	0.0040	0.0000	0.0084		0.0352	0.0000	-0.0069	3.6294	0.9991	17.4474	4.0188	0.0000	0.0000	0.0000	0.0000	0.0000	0.0000	0.0000	0.0000	0.0000	0.0103	0.0099	0.0003	0.0099	0.0099	0.0000	0.0003	0.0000	0.0003	0.0149	0.0129	0.0021	0.0006	0.0006	0.0000	0.0143	0.0123	0.0020	0.1017	0.0592	0.0425	0.0177	0.0157	0.0020	0.0840	0.0436	0.0405
3	26	0.0798	9	2	0	0	0	0	0	0	0	1	2	1	2	0	0	0	0	0	0	Y	N	N	N	N	Y	N	N	N	N	N	N	N	N	N	N	N	N	0.0000	0.0000	0.0000	0.0000	0.0000	0.0000	0.0000	0.0000	0.0000	0.0000	0.0000	0.0000	0.0000	0.0000	0.0000	0.0000	0.0000	0.0000	0.0003	0.0004	0.0001	0.0010	0.0011	0.0001	0.0000	0.0000	0.0001		0.1290	0.0000	-0.0000	3.6294	1.0082	17.4474	6.9189	0.0000	0.0000	0.0000	0.0000	0.0000	0.0000	0.0000	0.0000	0.0000	0.0001	0.0000	0.0000	0.0000	0.0000	0.0000	0.0000	0.0000	0.0000	0.0163	0.0141	0.0023	0.0004	0.0003	0.0000	0.0160	0.0137	0.0022	0.1973	0.1142	0.0831	0.0482	0.0391	0.0090	0.1491	0.0750	0.0741
3	27	0.0743	8	2	0	0	0	0	0	0	0	0	1	0	1	0	0	0	0	0	0	Y	N	N	N	N	N	N	N	N	N	N	N	N	N	N	N	N	N	0.0000	0.0000	0.0000	0.0000	0.0000	0.0000	0.0000	0.0000	0.0000	0.0000	0.0000	0.0000	0.0000	0.0000	0.0000	0.0000	0.0000	0.0000	0.0006	0.0007	0.0006	0.0003	0.0004	0.0000	0.0007	0.0008	0.0006		0.6282	0.0000	-0.0000	3.6294	0.9928	17.4474	2.1814	0.0000	0.0000	0.0000	0.0000	0.0000	0.0000	0.0000	0.0000	0.0000	0.0000	0.0000	0.0000	0.0000	0.0000	0.0000	0.0000	0.0000	0.0000	0.0148	0.0128	0.0020	0.0006	0.0006	0.0000	0.0142	0.0122	0.0020	0.0737	0.0429	0.0308	0.0174	0.0147	0.0027	0.0563	0.0282	0.0281
3	28	0.0527	5	2	0	1	0	0	0	0	0	1	1	1	1	0	0	0	0	0	0	Y	N	N	N	N	N	N	N	N	N	N	N	N	N	N	N	N	N	0.0000	0.0000	0.0000	0.0000	0.0000	0.0000	0.0000	0.0000	0.0000	0.0000	0.0000	0.0000	0.0000	0.0000	0.0000	0.0000	0.0000	0.0000	1.2400	0.0292	2.8292	0.1461	0.1589	0.0000	1.3799	0.0000	2.8900		73.7809	0.0000	0.1751	3.6294	8.9997	17.4474	18.0253	0.0000	0.0000	0.0000	0.0000	0.0000	0.0000	0.0000	0.0000	0.0000	0.6230	0.0083	0.6147	0.0083	0.0083	0.0000	0.6147	0.0000	0.6147	0.1312	0.1133	0.0180	0.0050	0.0049	0.0001	0.1262	0.1083	0.0179	0.5025	0.2852	0.2173	0.0570	0.0524	0.0046	0.4455	0.2328	0.2127
3	29	0.0881	10	2	0	1	0	0	0	0	0	0	1	0	1	0	0	0	0	0	0	Y	N	N	N	N	N	N	N	N	N	N	N	N	N	N	N	N	N	0.0000	0.0000	0.0000	0.0000	0.0000	0.0000	0.0000	0.0000	0.0000	0.0000	0.0000	0.0000	0.0000	0.0000	0.0000	0.0000	0.0000	0.0000	12.4541	20.5763	1.0561	0.0714	0.0244	0.4433	15.1315	28.1911	1.0870		0.0366	0.0000	-0.6865	3.6294	0.0009	17.4474	4.0025	0.0000	0.0000	0.0000	0.0000	0.0000	0.0000	0.0000	0.0000	0.0000	1.0241	0.9880	0.0361	0.0010	0.0003	0.0007	1.0231	0.9877	0.0354	0.0000	0.0000	0.0000	0.0000	0.0000	0.0000	0.0000	0.0000	0.0000	0.0822	0.0480	0.0342	0.0146	0.0130	0.0016	0.0676	0.0350	0.0326
3	30	0.0782	9	2	0	1	0	0	0	1	0	0	1	0	1	0	0	0	0	0	0	Y	N	N	N	N	N	N	N	N	N	N	N	N	N	N	N	N	N	0.2768	13.7352	0.0000	66.9912	60.1776	0.0000	0.0000	0.0000	0.0000	1.7194	2.0010	0.0000	9.7633	9.8098	0.0000	0.0000	0.0000	0.0000	6.2117	0.1457	14.5230	0.1457	0.1630	0.0455	7.5357	0.1395	15.4866	0.0000	72.7593	-0.0001	0.2840	3.6294	0.0033	17.4474	7.9601	0.0001	0.0001	0.0000	0.0001	0.0001	0.0000	0.0000	0.0000	0.0000	1.0110	0.0137	0.9973	0.0042	0.0041	0.0002	1.0068	0.0097	0.9971	0.0001	0.0001	0.0000	0.0000	0.0000	0.0000	0.0001	0.0000	0.0000	0.1628	0.0941	0.0687	0.0292	0.0249	0.0043	0.1336	0.0692	0.0644
3	32	0.0782	9	2	0	0	0	0	0	0	0	1	2	1	2	0	0	0	0	0	0	Y	N	N	N	N	Y	N	N	N	N	N	N	N	N	N	N	N	N	92.5706	208.3399	0.0000	0.0000	0.0000	0.0000	115.5472	448633544.1954	0.0000	22.4184	25.9867	0.0000	0.0000	0.0000	0.0000	23.3642	27.2389	0.0000	0.2422	0.1247	0.4023	0.4352	0.4887	0.1114	0.2022	0.0000	0.4200	0.0000	2.3659	-0.5781	-0.0001	3.6294	3.0008	17.4474	7.1090	0.9997	0.9997	0.0000	0.0000	0.0000	0.0000	0.9997	0.9997	0.0000	0.0492	0.0146	0.0346	0.0152	0.0146	0.0005	0.0340	0.0000	0.0340	0.0446	0.0385	0.0061	0.0018	0.0018	0.0000	0.0428	0.0367	0.0061	0.2032	0.1172	0.0860	0.0349	0.0299	0.0049	0.1683	0.0873	0.0811
3	33	0.0743	8	2	0	0	0	0	0	0	0	0	1	0	1	0	0	0	0	0	0	Y	N	N	N	N	N	N	N	N	N	N	N	N	N	N	N	N	N	0.4207	0.3421	0.0000	0.0000	0.0000	0.0000	0.3583	0.2560	0.0000	0.0305	0.0354	0.0000	0.0000	0.0000	0.0000	0.0318	0.0371	0.0000	0.0725	0.1034	0.0295	0.0200	0.0238	0.0002	0.0888	0.1450	0.0324	0.0000	0.2049	-0.0001	-0.0029	3.6294	0.2626	17.4474	2.8944	0.0001	0.0001	0.0000	0.0000	0.0000	0.0000	0.0001	0.0001	0.0000	0.0053	0.0044	0.0009	0.0003	0.0003	0.0000	0.0050	0.0041	0.0009	0.0039	0.0034	0.0005	0.0002	0.0002	0.0000	0.0038	0.0032	0.0005	0.0734	0.0427	0.0307	0.0174	0.0146	0.0027	0.0560	0.0281	0.0279
3	34	0.0724	7	2	0	0	0	0	0	0	0	0	1	0	1	0	0	0	0	0	0	Y	N	N	N	N	N	N	N	N	N	N	N	N	N	N	N	N	N	0.0000	0.0000	0.0000	0.0000	0.0000	0.0000	0.0000	0.0000	0.0000	0.0000	0.0000	0.0000	0.0000	0.0000	0.0000	0.0000	0.0000	0.0000	0.0093	0.0022	0.0188	0.0015	0.0017	0.0001	0.0107	0.0023	0.0196		6.4576	0.0000	0.0001	3.6294	0.4435	17.4474	1.4154	0.0000	0.0000	0.0000	0.0000	0.0000	0.0000	0.0000	0.0000	0.0000	0.0003	0.0000	0.0003	0.0000	0.0000	0.0000	0.0003	0.0000	0.0003	0.0066	0.0057	0.0009	0.0003	0.0003	0.0000	0.0063	0.0054	0.0009	0.0372	0.0213	0.0159	0.0057	0.0051	0.0006	0.0315	0.0163	0.0153
3	35	0.0703	6	2	0	0	0	0	0	0	0	0	1	0	1	0	0	0	0	0	0	Y	N	N	N	N	N	N	N	N	N	N	N	N	N	N	N	N	N	0.0000	0.0000	0.0000	0.0000	0.0000	0.0000	0.0000	0.0000	0.0000	0.0000	0.0000	0.0000	0.0000	0.0000	0.0000	0.0000	0.0000	0.0000	0.1039	0.0001	0.2454	0.0006	0.0002	0.0069	0.1305	0.0001	0.2535		1201.9704	0.0000	0.0014	3.6294	0.0004	17.4474	1.8965	0.0000	0.0000	0.0000	0.0000	0.0000	0.0000	0.0000	0.0000	0.0000	0.0047	0.0000	0.0047	0.0000	0.0000	0.0000	0.0047	0.0000	0.0047	0.0000	0.0000	0.0000	0.0000	0.0000	0.0000	0.0000	0.0000	0.0000	0.0449	0.0259	0.0190	0.0092	0.0086	0.0006	0.0357	0.0173	0.0184
3	36	0.0674	5	1	0	0	0	0	0	0	0	0	1	0	2	0	0	0	0	0	0	N	N	N	N	N	Y	N	N	N	N	N	N	N	N	N	N	N	N	0.0000	0.0000	0.0000	0.0000	0.0000	0.0000	0.0000	0.0000	0.0000	0.0000	0.0000	0.0000	0.0000	0.0000	0.0000	0.0000	0.0000	0.0000	0.0000	0.0000	0.0000	0.0000	0.0000	0.0000	0.0000	0.0000	0.0000			0.0000	0.0000	3.6294	0.0000	17.4474	0.0000	0.0000	0.0000	0.0000	0.0000	0.0000	0.0000	0.0000	0.0000	0.0000	0.0000	0.0000	0.0000	0.0000	0.0000	0.0000	0.0000	0.0000	0.0000	0.0000	0.0000	0.0000	0.0000	0.0000	0.0000	0.0000	0.0000	0.0000	0.0000	0.0000	0.0000	0.0000	0.0000	0.0000	0.0000	0.0000	0.0000
3	37	0.0538	4	1	0	0	0	0	0	0	0	0	2	0	2	0	0	0	0	0	0	N	N	N	N	N	Y	N	N	N	N	N	N	N	N	N	N	N	N	0.0000	0.0000	0.0000	0.0000	0.0000	0.0000	0.0000	0.0000	0.0000	0.0000	0.0000	0.0000	0.0000	0.0000	0.0000	0.0000	0.0000	0.0000	0.1253	0.0569	0.2165	0.0261	0.0284	0.0000	0.1388	0.0638	0.2214		2.8532	0.0000	0.0009	3.6294	1.9922	17.4474	9.0553	0.0000	0.0000	0.0000	0.0000	0.0000	0.0000	0.0000	0.0000	0.0000	0.0270	0.0070	0.0200	0.0007	0.0007	0.0000	0.0263	0.0063	0.0200	0.0294	0.0254	0.0040	0.0012	0.0011	0.0000	0.0282	0.0242	0.0040	0.2154	0.1231	0.0923	0.0259	0.0238	0.0021	0.1895	0.0993	0.0903
3	38	0.0851	8	2	0	0	1	0	0	0	1	0	1	1	2	0	0	0	0	0	0	Y	N	N	N	N	Y	N	N	N	N	N	N	N	N	N	N	N	N	0.0001	0.0000	0.0000	0.0003	0.0002	0.0000	0.0000	0.0000	0.0000	0.0000	0.0000	0.0000	0.0000	0.0000	0.0000	0.0000	0.0000	0.0000	0.0007	0.0011	0.0000	0.0034	0.0038	0.0001	0.0000	0.0000	0.0000	0.0000	0.0124	-0.0000	-0.0000	3.6294	3.9983	17.4474	0.1262	0.0000	0.0000	0.0000	0.0000	0.0000	0.0000	0.0000	0.0000	0.0000	0.0001	0.0001	0.0000	0.0001	0.0001	0.0000	0.0000	0.0000	0.0000	0.0588	0.0507	0.0081	0.0025	0.0025	0.0001	0.0562	0.0482	0.0080	0.0877	0.0521	0.0356	0.0172	0.0154	0.0018	0.0705	0.0367	0.0338
3	39	0.0828	7	2	0	0	0	0	0	0	0	0	1	1	2	0	0	0	0	0	0	Y	N	N	N	N	Y	N	N	N	N	N	N	N	N	N	N	N	N	0.0072	0.0060	0.0000	0.0132	0.0123	0.0000	0.0046	0.0037	0.0000	0.0001	0.0001	0.0000	0.0002	0.0002	0.0000	0.0000	0.0001	0.0000	0.0110	0.0149	0.0052	0.0156	0.0172	0.0023	0.0098	0.0138	0.0054	0.0000	0.2347	-0.0000	-0.0003	3.6294	0.0031	17.4474	2.1400	0.0000	0.0000	0.0000	0.0000	0.0000	0.0000	0.0000	0.0000	0.0000	0.0005	0.0004	0.0001	0.0002	0.0002	0.0000	0.0004	0.0003	0.0001	0.0001	0.0001	0.0000	0.0000	0.0000	0.0000	0.0000	0.0000	0.0000	0.0483	0.0290	0.0193	0.0104	0.0093	0.0011	0.0379	0.0197	0.0182
3	40	0.0703	6	2	0	0	0	0	0	0	0	1	2	1	2	0	0	0	0	0	0	Y	N	N	N	N	Y	N	N	N	N	N	N	N	N	N	N	N	N	0.0000	0.0000	0.0000	0.0000	0.0000	0.0000	0.0002	0.0001	0.0000	0.0000	0.0000	0.0000	0.0000	0.0000	0.0000	0.0000	0.0000	0.0000	0.0231	0.0404	0.0000	0.1457	0.1623	0.0000	0.0009	0.0017	0.0000	0.0000	0.0001	-0.0000	-0.0033	3.6294	0.9998	17.4474	9.0469	0.0000	0.0000	0.0000	0.0000	0.0000	0.0000	0.0000	0.0000	0.0000	0.0046	0.0046	0.0000	0.0045	0.0045	0.0000	0.0002	0.0002	0.0000	0.0149	0.0128	0.0020	0.0006	0.0006	0.0000	0.0143	0.0122	0.0020	0.1997	0.1143	0.0854	0.0307	0.0275	0.0031	0.1690	0.0868	0.0822
3	41	0.0551	5	2	0	0	0	1	0	0	0	0	1	0	1	0	0	0	0	0	0	Y	N	N	N	N	N	N	N	N	N	N	N	N	N	N	N	N	N	0.0000	0.0000	0.0000	0.0000	0.0000	0.0000	0.0000	0.0000	0.0000	0.0000	0.0000	0.0000	0.0000	0.0000	0.0000	0.0000	0.0000	0.0000	0.0022	0.0012	0.0035	0.0056	0.0061	0.0000	0.0017	0.0000	0.0036		2.2991	0.0000	-0.0000	3.6294	0.0021	17.4474	12.1494	0.0000	0.0000	0.0000	0.0000	0.0000	0.0000	0.0000	0.0000	0.0000	0.0005	0.0002	0.0004	0.0002	0.0002	0.0000	0.0004	0.0000	0.0004	0.0001	0.0001	0.0000	0.0000	0.0000	0.0000	0.0000	0.0000	0.0000	0.2329	0.1323	0.1006	0.0276	0.0252	0.0023	0.2054	0.1071	0.0983
3	42	0.0527	5	2	0	1	0	0	0	0	0	0	1	0	1	0	0	0	0	0	0	Y	N	N	N	N	N	N	N	N	N	N	N	N	N	N	N	N	N	0.0000	0.0000	0.0000	0.0000	0.0000	0.0000	0.0000	0.0000	0.0000	0.0000	0.0000	0.0000	0.0000	0.0000	0.0000	0.0000	0.0000	0.0000	0.0621	0.1093	0.0000	0.5306	0.5751	0.0000	0.0000	0.0000	0.0000		0.0000	0.0000	-0.0127	3.6294	0.0000	17.4474	15.0005	0.0000	0.0000	0.0000	0.0000	0.0000	0.0000	0.0000	0.0000	0.0000	0.0179	0.0179	0.0000	0.0179	0.0179	0.0000	0.0000	0.0000	0.0000	0.0000	0.0000	0.0000	0.0000	0.0000	0.0000	0.0000	0.0000	0.0000	0.2889	0.1641	0.1248	0.0338	0.0312	0.0026	0.2551	0.1329	0.1222
3	43	0.0527	4	2	0	1	0	1	0	1	0	0	1	0	1	0	0	0	0	0	0	Y	N	N	N	N	N	N	N	N	N	N	N	N	N	N	N	N	N	0.0000	0.0000	0.0000	0.0000	0.0000	0.0000	0.0000	0.0000	0.0000	0.0000	0.0000	0.0000	0.0000	0.0000	0.0000	0.0000	0.0000	0.0000	0.5146	0.3819	0.7801	0.6091	0.6119	0.0024	0.4467	0.0000	0.7847		1.0211	0.0000	-0.0007	3.6294	0.0003	17.4474	0.0736	0.0000	0.0000	0.0000	0.0000	0.0000	0.0000	0.0000	0.0000	0.0000	0.0035	0.0017	0.0018	0.0017	0.0017	0.0000	0.0018	0.0000	0.0018	0.0000	0.0000	0.0000	0.0000	0.0000	0.0000	0.0000	0.0000	0.0000	0.0069	0.0046	0.0023	0.0029	0.0029	0.0000	0.0040	0.0017	0.0023
3	44	0.0585	3	2	0	1	0	1	0	1	0	0	1	0	1	0	0	0	0	0	0	Y	N	N	N	N	N	N	N	N	N	N	N	N	N	N	N	N	N	10.1484	100775.4789	0.0000	0.0000	0.0000	0.0000	9.3323	103677659.3494	0.0000	20.4394	23.6080	0.0000	0.0000	0.0000	0.0000	22.1327	25.8760	0.0000	2.0140	0.0002	4.7087	0.0009	0.0010	0.0000	2.3716	0.0000	4.8485	0.0000	15021.6028	-0.5782	0.1796	3.6294	3.0000	17.4474	12.1057	0.9998	0.9998	0.0000	0.0000	0.0000	0.0000	0.9998	0.9998	0.0000	0.6101	0.0000	0.6101	0.0000	0.0000	0.0000	0.6101	0.0000	0.6101	0.0489	0.0424	0.0066	0.0037	0.0037	0.0000	0.0452	0.0386	0.0065	0.3029	0.1734	0.1296	0.0457	0.0420	0.0037	0.2573	0.1314	0.1258
3	56	0.0649	8	2	0	1	0	0	0	0	0	0	1	0	1	0	0	0	0	0	0	Y	N	N	N	N	N	N	N	N	N	N	N	N	N	N	N	N	N	0.0000	0.0000	0.0000	0.0000	0.0000	0.0000	0.0000	0.0000	0.0000	0.0000	0.0000	0.0000	0.0000	0.0000	0.0000	0.0000	0.0000	0.0000	0.1775	0.0000	0.4126	0.0019	0.0000	0.0204	0.2052	0.0000	0.4246		inf	0.0000	0.0041	3.6294	0.9999	17.4474	3.0149	0.0000	0.0000	0.0000	0.0000	0.0000	0.0000	0.0000	0.0000	0.0000	0.0140	0.0000	0.0140	0.0000	0.0000	0.0000	0.0140	0.0000	0.0140	0.0149	0.0128	0.0020	0.0006	0.0006	0.0000	0.0142	0.0122	0.0020	0.0789	0.0450	0.0339	0.0108	0.0098	0.0010	0.0682	0.0352	0.0329
3	57	0.0687	9	1	0	0	0	0	0	0	0	0	2	0	2	0	0	0	0	0	0	N	N	N	N	N	Y	N	N	N	N	N	N	N	N	N	N	N	N	0.0000	0.0000	0.0000	0.0000	0.0000	0.0000	0.0000	0.0000	0.0000	0.0000	0.0000	0.0000	0.0000	0.0000	0.0000	0.0000	0.0000	0.0000	0.1745	0.1571	0.1974	0.8817	0.7129	2.2986	0.0588	0.0000	0.1217		0.9480	0.0000	-0.0037	3.6294	0.0000	17.4474	5.0023	0.0000	0.0000	0.0000	0.0000	0.0000	0.0000	0.0000	0.0000	0.0000	0.0169	0.0087	0.0082	0.0120	0.0087	0.0033	0.0049	0.0000	0.0049	0.0000	0.0000	0.0000	0.0000	0.0000	0.0000	0.0000	0.0000	0.0000	0.0968	0.0552	0.0416	0.0136	0.0122	0.0014	0.0832	0.0430	0.0402
3	59	0.0663	7	1	0	0	0	0	0	0	0	0	2	0	2	0	0	0	0	0	0	N	N	N	N	N	Y	N	N	N	N	N	N	N	N	N	N	N	N	0.0000	0.0000	0.0000	0.0000	0.0000	0.0000	0.0000	0.0000	0.0000	0.0000	0.0000	0.0000	0.0000	0.0000	0.0000	0.0000	0.0000	0.0000	0.0415	0.0729	0.0000	0.3149	0.3518	0.0000	0.0000	0.0000	0.0000		0.0000	0.0000	-0.0061	3.6294	0.0000	17.4474	11.0002	0.0000	0.0000	0.0000	0.0000	0.0000	0.0000	0.0000	0.0000	0.0000	0.0087	0.0087	0.0000	0.0087	0.0087	0.0000	0.0000	0.0000	0.0000	0.0000	0.0000	0.0000	0.0000	0.0000	0.0000	0.0000	0.0000	0.0000	0.2097	0.1192	0.0905	0.0276	0.0247	0.0029	0.1821	0.0945	0.0876
3	60	0.0663	8	1	0	0	0	0	0	0	0	0	2	0	2	0	0	0	0	0	0	N	N	N	N	N	Y	N	N	N	N	N	N	N	N	N	N	N	N	0.0000	0.0000	0.0000	0.0000	0.0000	0.0000	0.0000	0.0000	0.0000	0.0000	0.0000	0.0000	0.0000	0.0000	0.0000	0.0000	0.0000	0.0000	0.0660	0.0000	0.1530	0.0009	0.0000	0.0084	0.0759	0.0000	0.1577		12585.7113	0.0000	0.0033	3.6294	0.0000	17.4474	9.0002	0.0000	0.0000	0.0000	0.0000	0.0000	0.0000	0.0000	0.0000	0.0000	0.0114	0.0000	0.0114	0.0000	0.0000	0.0000	0.0114	0.0000	0.0114	0.0000	0.0000	0.0000	0.0000	0.0000	0.0000	0.0000	0.0000	0.0000	0.1723	0.0979	0.0744	0.0227	0.0203	0.0024	0.1496	0.0776	0.0720
3	63	0.0686	9	2	0	1	0	0	0	0	0	0	1	1	1	0	0	0	0	0	0	Y	N	N	N	N	N	N	N	N	N	N	N	N	N	N	N	N	N	0.0000	0.0000	0.0000	0.0000	0.0000	0.0000	0.0000	0.0000	0.0000	0.0000	0.0000	0.0000	0.0000	0.0000	0.0000	0.0000	0.0000	0.0000	0.0000	0.0000	0.0000	0.0000	0.0000	0.0000	0.0000	0.0000	0.0000			0.0000	0.0000	3.6294	0.0000	17.4474	0.0000	0.0000	0.0000	0.0000	0.0000	0.0000	0.0000	0.0000	0.0000	0.0000	0.0000	0.0000	0.0000	0.0000	0.0000	0.0000	0.0000	0.0000	0.0000	0.0000	0.0000	0.0000	0.0000	0.0000	0.0000	0.0000	0.0000	0.0000	0.0000	0.0000	0.0000	0.0000	0.0000	0.0000	0.0000	0.0000	0.0000
3	64	0.0649	8	2	0	1	0	0	0	0	0	1	1	1	1	0	0	0	0	0	0	Y	N	N	N	N	N	N	N	N	N	N	N	N	N	N	N	N	N	0.0000	0.0000	0.0000	0.0000	0.0000	0.0000	0.0000	0.0000	0.0000	0.0000	0.0000	0.0000	0.0000	0.0000	0.0000	0.0000	0.0000	0.0000	0.2347	0.0003	0.5459	0.0037	0.0013	0.0271	0.2719	0.0000	0.5616		1402.1308	0.0000	0.0041	3.6294	0.0001	17.4474	3.0132	0.0000	0.0000	0.0000	0.0000	0.0000	0.0000	0.0000	0.0000	0.0000	0.0140	0.0000	0.0140	0.0000	0.0000	0.0000	0.0140	0.0000	0.0140	0.0000	0.0000	0.0000	0.0000	0.0000	0.0000	0.0000	0.0000	0.0000	0.0597	0.0341	0.0257	0.0083	0.0075	0.0008	0.0514	0.0265	0.0249
3	65	0.0637	7	2	0	1	0	1	0	0	0	0	1	0	1	0	0	0	0	0	0	Y	N	N	N	N	N	N	N	N	N	N	N	N	N	N	N	N	N	0.0000	0.0000	0.0000	0.0000	0.0000	0.0000	0.0000	0.0000	0.0000	0.0000	0.0000	0.0000	0.0000	0.0000	0.0000	0.0000	0.0000	0.0000	50.5652	0.0038	116.9706	0.0242	0.0094	0.1655	58.1394	0.0023	120.3935		23655.0145	0.0000	0.2889	3.6294	0.0001	17.4474	0.9885	0.0000	0.0000	0.0000	0.0000	0.0000	0.0000	0.0000	0.0000	0.0000	0.9815	0.0000	0.9814	0.0001	0.0000	0.0000	0.9814	0.0000	0.9814	0.0000	0.0000	0.0000	0.0000	0.0000	0.0000	0.0000	0.0000	0.0000	0.0194	0.0110	0.0084	0.0025	0.0023	0.0002	0.0169	0.0087	0.0082
4	10	0.0715	13	0	0	1	0	0	0	1	0	0	2	0	2	0	0	0	0	0	0	N	N	N	N	N	Y	N	N	N	N	N	N	N	N	N	N	N	N	0.0000	0.0000	0.0000	0.0000	0.0000	0.0000	0.0000	0.0000	0.0000	0.0000	0.0000	0.0000	0.0000	0.0000	0.0000	0.0000	0.0000	0.0000	0.0000	0.0000	0.0000	0.0000	0.0000	0.0000	0.0000	0.0000	0.0000			0.0000	0.0000	0.0000	1.9985	0.0000	1.0186	0.0000	0.0000	0.0000	0.0000	0.0000	0.0000	0.0000	0.0000	0.0000	0.0000	0.0000	0.0000	0.0000	0.0000	0.0000	0.0000	0.0000	0.0000	0.0000	0.0000	0.0000	0.0000	0.0000	0.0000	0.0000	0.0000	0.0000	0.0000	0.0000	0.0000	0.0000	0.0000	0.0000	0.0000	0.0000	0.0000
4	13	0.0554	13	1	0	0	0	1	0	0	0	0	2	0	2	0	0	0	0	0	0	N	N	N	N	N	Y	N	N	N	N	N	N	N	N	N	N	N	N	0.0000	0.0000	0.0000	0.0000	0.0000	0.0000	0.0000	0.0000	0.0000	0.0000	0.0000	0.0000	0.0000	0.0000	0.0000	0.0000	0.0000	0.0000	0.0000	0.0000	0.0000	0.0000	0.0000	0.0000	0.0000	0.0000	0.0000			0.0000	0.0000	0.0000	6.2125	0.0000	15.0504	0.0000	0.0000	0.0000	0.0000	0.0000	0.0000	0.0000	0.0000	0.0000	0.0000	0.0000	0.0000	0.0000	0.0000	0.0000	0.0000	0.0000	0.0000	0.0000	0.0000	0.0000	0.0000	0.0000	0.0000	0.0000	0.0000	0.0000	0.0000	0.0000	0.0000	0.0000	0.0000	0.0000	0.0000	0.0000	0.0000
4	15	0.0347	9	1	0	0	0	0	0	0	0	1	2	1	2	0	0	0	0	0	0	N	N	N	N	N	Y	N	N	N	N	N	N	N	N	N	N	N	N	0.0000	0.0000	0.0000	0.0000	0.0000	0.0000	0.0000	0.0000	0.0000	0.0000	0.0000	0.0000	0.0000	0.0000	0.0000	0.0000	0.0000	0.0000	0.0000	0.0000	0.0000	0.0000	0.0000	0.0000	0.0000	0.0000	0.0000			0.0000	0.0000	0.0000	1.6207	0.0000	6.0204	0.0000	0.0000	0.0000	0.0000	0.0000	0.0000	0.0000	0.0000	0.0000	0.0000	0.0000	0.0000	0.0000	0.0000	0.0000	0.0000	0.0000	0.0000	0.0000	0.0000	0.0000	0.0000	0.0000	0.0000	0.0000	0.0000	0.0000	0.0000	0.0000	0.0000	0.0000	0.0000	0.0000	0.0000	0.0000	0.0000
4	16	0.0647	15	1	0	0	0	0	0	0	0	0	2	0	2	0	0	0	0	0	0	N	N	N	N	N	Y	N	N	N	N	N	N	N	N	N	N	N	N	0.0000	0.0000	0.0000	0.0000	0.0000	0.0000	0.0000	0.0000	0.0000	0.0000	0.0000	0.0000	0.0000	0.0000	0.0000	0.0000	0.0000	0.0000	0.0000	0.0000	0.0000	0.0000	0.0000	0.0000	0.0000	0.0000	0.0000			0.0000	0.0000	0.0000	2.0004	0.0000	7.0278	0.0000	0.0000	0.0000	0.0000	0.0000	0.0000	0.0000	0.0000	0.0000	0.0000	0.0000	0.0000	0.0000	0.0000	0.0000	0.0000	0.0000	0.0000	0.0000	0.0000	0.0000	0.0000	0.0000	0.0000	0.0000	0.0000	0.0000	0.0000	0.0000	0.0000	0.0000	0.0000	0.0000	0.0000	0.0000	0.0000
4	18	0.0450	9	1	0	1	1	0	0	1	1	0	1	1	2	0	0	0	0	0	0	N	N	N	N	N	Y	N	N	N	N	N	N	N	N	N	N	N	N	0.0000	0.0000	0.0000	0.0000	0.0000	0.0000	0.0000	0.0000	0.0000	0.0000	0.0000	0.0000	0.0000	0.0000	0.0000	0.0000	0.0000	0.0000	0.0000	0.0000	0.0000	0.0000	0.0000	0.0000	0.0000	0.0000	0.0000			0.0000	0.0000	0.0000	2.0000	0.0000	2.1077	0.0000	0.0000	0.0000	0.0000	0.0000	0.0000	0.0000	0.0000	0.0000	0.0000	0.0000	0.0000	0.0000	0.0000	0.0000	0.0000	0.0000	0.0000	0.0000	0.0000	0.0000	0.0000	0.0000	0.0000	0.0000	0.0000	0.0000	0.0000	0.0000	0.0000	0.0000	0.0000	0.0000	0.0000	0.0000	0.0000
4	19	0.0473	10	1	0	1	0	0	0	1	0	0	1	1	2	0	0	0	0	0	0	N	N	N	N	N	Y	N	N	N	N	N	N	N	N	N	N	N	N	0.0000	0.0000	0.0000	0.0000	0.0000	0.0000	0.0000	0.0000	0.0000	0.0000	0.0000	0.0000	0.0000	0.0000	0.0000	0.0000	0.0000	0.0000	0.0000	0.0000	0.0000	0.0000	0.0000	0.0000	0.0000	0.0000	0.0000			0.0000	0.0000	0.0000	6.0020	0.0000	2.9931	0.0000	0.0000	0.0000	0.0000	0.0000	0.0000	0.0000	0.0000	0.0000	0.0000	0.0000	0.0000	0.0000	0.0000	0.0000	0.0000	0.0000	0.0000	0.0000	0.0000	0.0000	0.0000	0.0000	0.0000	0.0000	0.0000	0.0000	0.0000	0.0000	0.0000	0.0000	0.0000	0.0000	0.0000	0.0000	0.0000
4	25	0.0503	12	1	0	1	0	0	0	0	0	0	2	0	2	0	0	0	0	0	0	N	N	N	N	N	Y	N	N	N	N	N	N	N	N	N	N	N	N	0.0000	0.0000	0.0000	0.0000	0.0000	0.0000	0.0000	0.0000	0.0000	0.0000	0.0000	0.0000	0.0000	0.0000	0.0000	0.0000	0.0000	0.0000	0.0000	0.0000	0.0000	0.0000	0.0000	0.0000	0.0000	0.0000	0.0000			0.0000	0.0000	0.0000	0.9991	0.0000	4.0188	0.0000	0.0000	0.0000	0.0000	0.0000	0.0000	0.0000	0.0000	0.0000	0.0000	0.0000	0.0000	0.0000	0.0000	0.0000	0.0000	0.0000	0.0000	0.0000	0.0000	0.0000	0.0000	0.0000	0.0000	0.0000	0.0000	0.0000	0.0000	0.0000	0.0000	0.0000	0.0000	0.0000	0.0000	0.0000	0.0000
4	26	0.0421	11	1	0	0	0	0	0	0	0	1	2	1	2	0	0	0	0	0	0	N	N	N	N	N	Y	N	N	N	N	N	N	N	N	N	N	N	N	0.0000	0.0000	0.0000	0.0000	0.0000	0.0000	0.0000	0.0000	0.0000	0.0000	0.0000	0.0000	0.0000	0.0000	0.0000	0.0000	0.0000	0.0000	0.0000	0.0000	0.0000	0.0000	0.0000	0.0000	0.0000	0.0000	0.0000			0.0000	0.0000	0.0000	1.0082	0.0000	6.9189	0.0000	0.0000	0.0000	0.0000	0.0000	0.0000	0.0000	0.0000	0.0000	0.0000	0.0000	0.0000	0.0000	0.0000	0.0000	0.0000	0.0000	0.0000	0.0000	0.0000	0.0000	0.0000	0.0000	0.0000	0.0000	0.0000	0.0000	0.0000	0.0000	0.0000	0.0000	0.0000	0.0000	0.0000	0.0000	0.0000
4	32	0.0404	11	1	0	0	0	0	0	0	0	1	2	1	2	0	0	0	0	0	0	N	N	N	N	N	Y	N	N	N	N	N	N	N	N	N	N	N	N	0.0000	0.0000	0.0000	0.0000	0.0000	0.0000	0.0000	0.0000	0.0000	0.0000	0.0000	0.0000	0.0000	0.0000	0.0000	0.0000	0.0000	0.0000	0.0000	0.0000	0.0000	0.0000	0.0000	0.0000	0.0000	0.0000	0.0000			0.0000	0.0000	0.0000	3.0008	0.0000	7.1090	0.0000	0.0000	0.0000	0.0000	0.0000	0.0000	0.0000	0.0000	0.0000	0.0000	0.0000	0.0000	0.0000	0.0000	0.0000	0.0000	0.0000	0.0000	0.0000	0.0000	0.0000	0.0000	0.0000	0.0000	0.0000	0.0000	0.0000	0.0000	0.0000	0.0000	0.0000	0.0000	0.0000	0.0000	0.0000	0.0000
4	36	0.0444	11	0	0	0	0	0	0	0	0	0	1	0	2	0	0	0	0	0	0	N	N	N	N	N	Y	N	N	N	N	N	N	N	N	N	N	N	N	0.0000	0.0000	0.0000	0.0000	0.0000	0.0000	0.0000	0.0000	0.0000	0.0000	0.0000	0.0000	0.0000	0.0000	0.0000	0.0000	0.0000	0.0000	0.0000	0.0000	0.0000	0.0000	0.0000	0.0000	0.0000	0.0000	0.0000			0.0000	0.0000	0.0000	0.0000	0.0000	0.0000	0.0000	0.0000	0.0000	0.0000	0.0000	0.0000	0.0000	0.0000	0.0000	0.0000	0.0000	0.0000	0.0000	0.0000	0.0000	0.0000	0.0000	0.0000	0.0000	0.0000	0.0000	0.0000	0.0000	0.0000	0.0000	0.0000	0.0000	0.0000	0.0000	0.0000	0.0000	0.0000	0.0000	0.0000	0.0000	0.0000
4	37	0.0308	10	0	0	0	0	0	0	0	0	0	2	0	2	0	0	0	0	0	0	N	N	N	N	N	Y	N	N	N	N	N	N	N	N	N	N	N	N	0.0000	0.0000	0.0000	0.0000	0.0000	0.0000	0.0000	0.0000	0.0000	0.0000	0.0000	0.0000	0.0000	0.0000	0.0000	0.0000	0.0000	0.0000	0.0000	0.0000	0.0000	0.0000	0.0000	0.0000	0.0000	0.0000	0.0000			0.0000	0.0000	0.0000	1.9922	0.0000	9.0553	0.0000	0.0000	0.0000	0.0000	0.0000	0.0000	0.0000	0.0000	0.0000	0.0000	0.0000	0.0000	0.0000	0.0000	0.0000	0.0000	0.0000	0.0000	0.0000	0.0000	0.0000	0.0000	0.0000	0.0000	0.0000	0.0000	0.0000	0.0000	0.0000	0.0000	0.0000	0.0000	0.0000	0.0000	0.0000	0.0000
4	38	0.0473	10	1	0	0	1	0	0	0	1	0	1	1	2	0	0	0	0	0	0	N	N	N	N	N	Y	N	N	N	N	N	N	N	N	N	N	N	N	0.0000	0.0000	0.0000	0.0000	0.0000	0.0000	0.0000	0.0000	0.0000	0.0000	0.0000	0.0000	0.0000	0.0000	0.0000	0.0000	0.0000	0.0000	0.0000	0.0000	0.0000	0.0000	0.0000	0.0000	0.0000	0.0000	0.0000			0.0000	0.0000	0.0000	3.9983	0.0000	0.1262	0.0000	0.0000	0.0000	0.0000	0.0000	0.0000	0.0000	0.0000	0.0000	0.0000	0.0000	0.0000	0.0000	0.0000	0.0000	0.0000	0.0000	0.0000	0.0000	0.0000	0.0000	0.0000	0.0000	0.0000	0.0000	0.0000	0.0000	0.0000	0.0000	0.0000	0.0000	0.0000	0.0000	0.0000	0.0000	0.0000
4	39	0.0450	9	1	0	0	0	0	0	0	0	0	1	1	2	0	0	0	0	0	0	N	N	N	N	N	Y	N	N	N	N	N	N	N	N	N	N	N	N	0.0000	0.0000	0.0000	0.0000	0.0000	0.0000	0.0000	0.0000	0.0000	0.0000	0.0000	0.0000	0.0000	0.0000	0.0000	0.0000	0.0000	0.0000	0.0000	0.0000	0.0000	0.0000	0.0000	0.0000	0.0000	0.0000	0.0000			0.0000	0.0000	0.0000	0.0031	0.0000	2.1400	0.0000	0.0000	0.0000	0.0000	0.0000	0.0000	0.0000	0.0000	0.0000	0.0000	0.0000	0.0000	0.0000	0.0000	0.0000	0.0000	0.0000	0.0000	0.0000	0.0000	0.0000	0.0000	0.0000	0.0000	0.0000	0.0000	0.0000	0.0000	0.0000	0.0000	0.0000	0.0000	0.0000	0.0000	0.0000	0.0000
4	40	0.0325	8	1	0	0	0	0	0	0	0	1	2	1	2	0	0	0	0	0	0	N	N	N	N	N	Y	N	N	N	N	N	N	N	N	N	N	N	N	0.0000	0.0000	0.0000	0.0000	0.0000	0.0000	0.0000	0.0000	0.0000	0.0000	0.0000	0.0000	0.0000	0.0000	0.0000	0.0000	0.0000	0.0000	0.0000	0.0000	0.0000	0.0000	0.0000	0.0000	0.0000	0.0000	0.0000			0.0000	0.0000	0.0000	0.9998	0.0000	9.0469	0.0000	0.0000	0.0000	0.0000	0.0000	0.0000	0.0000	0.0000	0.0000	0.0000	0.0000	0.0000	0.0000	0.0000	0.0000	0.0000	0.0000	0.0000	0.0000	0.0000	0.0000	0.0000	0.0000	0.0000	0.0000	0.0000	0.0000	0.0000	0.0000	0.0000	0.0000	0.0000	0.0000	0.0000	0.0000	0.0000
4	57	0.0037	3	0	0	0	0	0	0	0	0	0	2	0	2	0	0	0	0	0	0	N	N	N	N	N	Y	N	N	N	N	N	N	N	N	N	N	N	N	0.0000	0.0000	0.0000	0.0000	0.0000	0.0000	0.0000	0.0000	0.0000	0.0000	0.0000	0.0000	0.0000	0.0000	0.0000	0.0000	0.0000	0.0000	0.0000	0.0000	0.0000	0.0000	0.0000	0.0000	0.0000	0.0000	0.0000			0.0000	0.0000	0.0000	0.0000	0.0000	5.0023	0.0000	0.0000	0.0000	0.0000	0.0000	0.0000	0.0000	0.0000	0.0000	0.0000	0.0000	0.0000	0.0000	0.0000	0.0000	0.0000	0.0000	0.0000	0.0000	0.0000	0.0000	0.0000	0.0000	0.0000	0.0000	0.0000	0.0000	0.0000	0.0000	0.0000	0.0000	0.0000	0.0000	0.0000	0.0000	0.0000
4	59	0.0061	5	0	0	0	0	0	0	0	0	0	2	0	2	0	0	0	0	0	0	N	N	N	N	N	Y	N	N	N	N	N	N	N	N	N	N	N	N	0.0000	0.0000	0.0000	0.0000	0.0000	0.0000	0.0000	0.0000	0.0000	0.0000	0.0000	0.0000	0.0000	0.0000	0.0000	0.0000	0.0000	0.0000	0.0000	0.0000	0.0000	0.0000	0.0000	0.0000	0.0000	0.0000	0.0000			0.0000	0.0000	0.0000	0.0000	0.0000	11.0002	0.0000	0.0000	0.0000	0.0000	0.0000	0.0000	0.0000	0.0000	0.0000	0.0000	0.0000	0.0000	0.0000	0.0000	0.0000	0.0000	0.0000	0.0000	0.0000	0.0000	0.0000	0.0000	0.0000	0.0000	0.0000	0.0000	0.0000	0.0000	0.0000	0.0000	0.0000	0.0000	0.0000	0.0000	0.0000	0.0000
4	60	0.0061	4	0	0	0	0	0	0	0	0	0	2	0	2	0	0	0	0	0	0	N	N	N	N	N	Y	N	N	N	N	N	N	N	N	N	N	N	N	0.0000	0.0000	0.0000	0.0000	0.0000	0.0000	0.0000	0.0000	0.0000	0.0000	0.0000	0.0000	0.0000	0.0000	0.0000	0.0000	0.0000	0.0000	0.0000	0.0000	0.0000	0.0000	0.0000	0.0000	0.0000	0.0000	0.0000			0.0000	0.0000	0.0000	0.0000	0.0000	9.0002	0.0000	0.0000	0.0000	0.0000	0.0000	0.0000	0.0000	0.0000	0.0000	0.0000	0.0000	0.0000	0.0000	0.0000	0.0000	0.0000	0.0000	0.0000	0.0000	0.0000	0.0000	0.0000	0.0000	0.0000	0.0000	0.0000	0.0000	0.0000	0.0000	0.0000	0.0000	0.0000	0.0000	0.0000	0.0000	0.0000
8	13	0.0581	7	2	0	1	0	2	0	1	0	0	1	0	1	0	0	0	0	0	0	Y	N	N	N	N	N	N	N	N	N	N	N	N	N	N	N	N	N	0.0000	0.0000	0.0000	0.0000	0.0000	0.0000	0.0000	0.0000	0.0000	0.0000	0.0000	0.0000	0.0000	0.0000	0.0000	0.0000	0.0000	0.0000	0.3644	0.6617	0.0002	3.9763	4.3983	0.0093	0.0000	0.0000	0.0000		0.0002	0.0000	-0.0680	0.0086	6.2125	14.3586	15.0504	0.0000	0.0000	0.0000	0.0000	0.0000	0.0000	0.0000	0.0000	0.0000	0.0964	0.0963	0.0000	0.0964	0.0963	0.0000	0.0000	0.0000	0.0000	0.0004	0.0004	0.0001	0.0001	0.0001	0.0000	0.0003	0.0002	0.0001	0.2645	0.1456	0.1189	0.0242	0.0219	0.0023	0.2402	0.1237	0.1165
8	15	0.0522	7	2	0	1	0	1	0	1	0	1	1	1	1	0	0	0	0	0	0	Y	N	N	N	N	N	N	N	N	N	N	N	N	N	N	N	N	N	0.0000	0.0000	0.0000	0.0000	0.0000	0.0000	0.0000	0.0000	0.0000	0.0000	0.0000	0.0000	0.0000	0.0000	0.0000	0.0000	0.0000	0.0000	0.0026	0.0048	0.0000	0.0290	0.0333	0.0000	0.0000	0.0000	0.0000		0.0000	0.0000	-0.0002	0.0086	1.6207	14.3586	6.0204	0.0000	0.0000	0.0000	0.0000	0.0000	0.0000	0.0000	0.0000	0.0000	0.0003	0.0003	0.0000	0.0003	0.0003	0.0000	0.0000	0.0000	0.0000	0.0001	0.0001	0.0000	0.0000	0.0000	0.0000	0.0001	0.0001	0.0000	0.0972	0.0527	0.0445	0.0088	0.0077	0.0011	0.0884	0.0450	0.0434
8	16	0.0675	9	2	0	1	0	1	0	1	0	0	1	0	1	0	0	0	0	0	0	Y	N	N	N	N	N	N	N	N	N	N	N	N	N	N	N	N	N	0.0000	0.0000	0.0000	0.0000	0.0000	0.0000	0.0000	0.0000	0.0000	0.0000	0.0000	0.0000	0.0000	0.0000	0.0000	0.0000	0.0000	0.0000	8.4792	0.0000	18.8700	0.0250	0.0000	0.2295	9.4361	0.0000	19.3417		inf	0.0000	0.2843	0.0086	2.0004	14.3586	7.0278	0.0000	0.0000	0.0000	0.0000	0.0000	0.0000	0.0000	0.0000	0.0000	0.9655	0.0000	0.9655	0.0003	0.0000	0.0003	0.9652	0.0000	0.9652	0.0001	0.0001	0.0000	0.0000	0.0000	0.0000	0.0001	0.0001	0.0000	0.1139	0.0627	0.0512	0.0116	0.0103	0.0013	0.1023	0.0524	0.0499
8	17	0.0633	8	2	0	1	0	2	0	1	0	0	0	0	0	0	0	0	0	0	0	Y	N	N	N	N	N	N	N	N	N	N	N	N	N	N	N	N	N	0.0000	0.0000	0.0000	0.0000	0.0000	0.0000	0.0000	0.0000	0.0000	0.0000	0.0000	0.0000	0.0000	0.0000	0.0000	0.0000	0.0000	0.0000	0.0094	0.0000	0.0207	0.0001	0.0000	0.0003	0.0103	0.0000	0.0211		2700.7525	0.0000	0.0001	0.0086	1.7771	14.3586	2.0236	0.0000	0.0000	0.0000	0.0000	0.0000	0.0000	0.0000	0.0000	0.0000	0.0005	0.0000	0.0005	0.0000	0.0000	0.0000	0.0005	0.0000	0.0005	0.0001	0.0001	0.0000	0.0000	0.0000	0.0000	0.0001	0.0001	0.0000	0.0486	0.0266	0.0219	0.0045	0.0040	0.0004	0.0441	0.0226	0.0215
8	26	0.0596	9	2	0	1	0	1	0	1	0	1	1	1	1	0	0	0	0	0	0	Y	N	N	N	N	N	N	N	N	N	N	N	N	N	N	N	N	N	0.0000	0.0000	0.0000	0.0000	0.0000	0.0000	0.0000	0.0000	0.0000	0.0000	0.0000	0.0000	0.0000	0.0000	0.0000	0.0000	0.0000	0.0000	0.0047	0.0082	0.0000	0.0211	0.0259	0.0000	0.0001	0.0001	0.0000		0.0002	0.0000	-0.0005	0.0086	1.0082	14.3586	6.9189	0.0000	0.0000	0.0000	0.0000	0.0000	0.0000	0.0000	0.0000	0.0000	0.0007	0.0007	0.0000	0.0006	0.0006	0.0000	0.0000	0.0000	0.0000	0.0001	0.0001	0.0000	0.0000	0.0000	0.0000	0.0001	0.0001	0.0000	0.1396	0.0797	0.0600	0.0304	0.0249	0.0056	0.1092	0.0548	0.0544
8	27	0.0540	8	2	0	1	0	1	0	1	0	0	0	0	0	0	0	0	0	0	0	Y	N	N	N	N	N	N	N	N	N	N	N	N	N	N	N	N	N	0.0000	0.0000	0.0000	0.0000	0.0000	0.0000	0.0000	0.0000	0.0000	0.0000	0.0000	0.0000	0.0000	0.0000	0.0000	0.0000	0.0000	0.0000	0.0696	0.1210	0.0048	0.3196	0.3870	0.0001	0.0088	0.0126	0.0052		0.0316	0.0000	-0.0023	0.0086	0.9928	14.3586	2.1814	0.0000	0.0000	0.0000	0.0000	0.0000	0.0000	0.0000	0.0000	0.0000	0.0034	0.0033	0.0001	0.0030	0.0030	0.0000	0.0003	0.0002	0.0001	0.0001	0.0001	0.0000	0.0000	0.0000	0.0000	0.0000	0.0000	0.0000	0.0487	0.0272	0.0216	0.0095	0.0079	0.0017	0.0392	0.0193	0.0199
8	32	0.0580	9	2	0	1	0	1	0	1	0	1	1	1	1	0	0	0	0	0	0	Y	N	N	N	N	N	N	N	N	N	N	N	N	N	N	N	N	N	0.0000	0.0000	0.0000	0.0000	0.0000	0.0000	0.0000	0.0000	0.0000	0.0000	0.0000	0.0000	0.0000	0.0000	0.0000	0.0000	0.0000	0.0000	0.0305	0.0251	0.0371	0.1129	0.1352	0.0000	0.0191	0.0000	0.0388		1.2166	0.0000	-0.0006	0.0086	3.0008	14.3586	7.1090	0.0000	0.0000	0.0000	0.0000	0.0000	0.0000	0.0000	0.0000	0.0000	0.0041	0.0018	0.0022	0.0018	0.0018	0.0000	0.0022	0.0000	0.0022	0.0002	0.0002	0.0000	0.0000	0.0000	0.0000	0.0001	0.0001	0.0000	0.1336	0.0733	0.0603	0.0163	0.0136	0.0027	0.1173	0.0597	0.0576
8	33	0.0540	8	2	0	1	0	1	0	1	0	0	0	0	0	0	0	0	0	0	0	Y	N	N	N	N	N	N	N	N	N	N	N	N	N	N	N	N	N	0.0000	0.0000	0.0000	0.0000	0.0000	0.0000	0.0000	0.0000	0.0000	0.0000	0.0000	0.0000	0.0000	0.0000	0.0000	0.0000	0.0000	0.0000	0.0253	0.0446	0.0011	0.0332	0.0402	0.0001	0.0234	0.0463	0.0012		0.0202	0.0000	-0.0008	0.0086	0.2626	14.3586	2.8944	0.0000	0.0000	0.0000	0.0000	0.0000	0.0000	0.0000	0.0000	0.0000	0.0012	0.0012	0.0000	0.0003	0.0003	0.0000	0.0009	0.0009	0.0000	0.0000	0.0000	0.0000	0.0000	0.0000	0.0000	0.0000	0.0000	0.0000	0.0485	0.0271	0.0215	0.0095	0.0079	0.0017	0.0390	0.0192	0.0198
8	34	0.0522	7	2	0	1	0	1	0	1	0	0	0	0	0	0	0	0	0	0	0	Y	N	N	N	N	N	N	N	N	N	N	N	N	N	N	N	N	N	0.0000	0.0000	0.0000	0.0000	0.0000	0.0000	0.0000	0.0000	0.0000	0.0000	0.0000	0.0000	0.0000	0.0000	0.0000	0.0000	0.0000	0.0000	0.0127	0.0224	0.0011	0.0070	0.0080	0.0000	0.0133	0.0251	0.0012		0.0424	0.0000	-0.0002	0.0086	0.4435	14.3586	1.4154	0.0000	0.0000	0.0000	0.0000	0.0000	0.0000	0.0000	0.0000	0.0000	0.0003	0.0003	0.0000	0.0000	0.0000	0.0000	0.0003	0.0003	0.0000	0.0000	0.0000	0.0000	0.0000	0.0000	0.0000	0.0000	0.0000	0.0000	0.0244	0.0133	0.0111	0.0024	0.0021	0.0003	0.0220	0.0112	0.0108
8	35	0.0501	6	2	0	1	0	1	0	1	0	0	0	0	0	0	0	0	0	0	0	Y	N	N	N	N	N	N	N	N	N	N	N	N	N	N	N	N	N	0.0000	0.0000	0.0000	0.0000	0.0000	0.0000	0.0000	0.0000	0.0000	0.0000	0.0000	0.0000	0.0000	0.0000	0.0000	0.0000	0.0000	0.0000	0.0753	0.1353	0.0000	0.5525	0.5987	0.0001	0.0000	0.0000	0.0000		0.0002	0.0000	-0.0015	0.0086	0.0004	14.3586	1.8965	0.0000	0.0000	0.0000	0.0000	0.0000	0.0000	0.0000	0.0000	0.0000	0.0021	0.0021	0.0000	0.0021	0.0021	0.0000	0.0000	0.0000	0.0000	0.0000	0.0000	0.0000	0.0000	0.0000	0.0000	0.0000	0.0000	0.0000	0.0276	0.0154	0.0123	0.0038	0.0035	0.0003	0.0238	0.0119	0.0120
8	38	0.0649	8	2	0	1	1	1	0	1	1	0	0	1	1	0	0	0	0	0	0	Y	N	N	N	N	N	N	N	N	N	N	N	N	N	N	N	N	N	0.0000	0.0000	0.0000	0.0000	0.0000	0.0000	0.0000	0.0000	0.0000	0.0000	0.0000	0.0000	0.0000	0.0000	0.0000	0.0000	0.0000	0.0000	0.0002	0.0004	0.0000	0.0015	0.0017	0.0002	0.0000	0.0000	0.0000		0.0156	0.0000	-0.0000	0.0086	3.9983	14.3586	0.1262	0.0000	0.0000	0.0000	0.0000	0.0000	0.0000	0.0000	0.0000	0.0000	0.0000	0.0000	0.0000	0.0000	0.0000	0.0000	0.0000	0.0000	0.0000	0.0003	0.0002	0.0000	0.0001	0.0001	0.0000	0.0002	0.0002	0.0000	0.0579	0.0328	0.0251	0.0086	0.0077	0.0009	0.0493	0.0251	0.0242
8	39	0.0625	7	2	0	1	0	1	0	1	0	0	0	1	1	0	0	0	0	0	0	Y	N	N	N	N	N	N	N	N	N	N	N	N	N	N	N	N	N	0.0000	0.0000	0.0000	0.0000	0.0000	0.0000	0.0000	0.0000	0.0000	0.0000	0.0000	0.0000	0.0000	0.0000	0.0000	0.0000	0.0000	0.0000	0.0064	0.0098	0.0018	0.0343	0.0373	0.0033	0.0009	0.0000	0.0017		0.1337	0.0000	-0.0001	0.0086	0.0031	14.3586	2.1400	0.0000	0.0000	0.0000	0.0000	0.0000	0.0000	0.0000	0.0000	0.0000	0.0002	0.0002	0.0000	0.0002	0.0002	0.0000	0.0000	0.0000	0.0000	0.0000	0.0000	0.0000	0.0000	0.0000	0.0000	0.0000	0.0000	0.0000	0.0321	0.0184	0.0137	0.0053	0.0048	0.0005	0.0268	0.0135	0.0133
8	40	0.0501	6	2	0	1	0	1	0	1	0	1	1	1	1	0	0	0	0	0	0	Y	N	N	N	N	N	N	N	N	N	N	N	N	N	N	N	N	N	0.0000	0.0000	0.0000	0.0000	0.0000	0.0000	0.0000	0.0000	0.0000	0.0000	0.0000	0.0000	0.0000	0.0000	0.0000	0.0000	0.0000	0.0000	0.0026	0.0000	0.0057	0.0002	0.0002	0.0000	0.0029	0.0000	0.0059		159.6676	0.0000	0.0001	0.0086	0.9998	14.3586	9.0469	0.0000	0.0000	0.0000	0.0000	0.0000	0.0000	0.0000	0.0000	0.0000	0.0003	0.0000	0.0003	0.0000	0.0000	0.0000	0.0003	0.0000	0.0003	0.0001	0.0001	0.0000	0.0000	0.0000	0.0000	0.0000	0.0000	0.0000	0.1296	0.0705	0.0591	0.0124	0.0109	0.0015	0.1172	0.0595	0.0576
8	41	0.0349	5	2	0	1	0	2	0	1	0	0	0	0	0	0	0	0	0	0	0	Y	N	N	N	N	N	N	N	N	N	N	N	N	N	N	N	N	N	0.0000	0.0000	0.0000	0.0000	0.0000	0.0000	0.0000	0.0000	0.0000	0.0000	0.0000	0.0000	0.0000	0.0000	0.0000	0.0000	0.0000	0.0000	0.0027	0.0049	0.0000	0.0419	0.0454	0.0000	0.0000	0.0000	0.0000		0.0021	0.0000	-0.0003	0.0086	0.0021	14.3586	12.1494	0.0000	0.0000	0.0000	0.0000	0.0000	0.0000	0.0000	0.0000	0.0000	0.0004	0.0004	0.0000	0.0004	0.0004	0.0000	0.0000	0.0000	0.0000	0.0000	0.0000	0.0000	0.0000	0.0000	0.0000	0.0000	0.0000	0.0000	0.1534	0.0825	0.0709	0.0097	0.0090	0.0007	0.1437	0.0735	0.0702
8	47	0.0315	4	2	0	1	0	2	0	1	0	0	0	0	0	0	0	0	0	0	0	Y	N	N	N	N	N	N	N	N	N	N	N	N	N	N	N	N	N	0.0000	0.0000	0.0000	0.0000	0.0000	0.0000	0.0000	0.0000	0.0000	0.0000	0.0000	0.0000	0.0000	0.0000	0.0000	0.0000	0.0000	0.0000	0.0433	0.0517	0.0334	0.2787	0.2932	0.0017	0.0275	0.0216	0.0337		0.5538	0.0000	-0.0025	0.0086	0.4020	14.3586	12.8060	0.0000	0.0000	0.0000	0.0000	0.0000	0.0000	0.0000	0.0000	0.0000	0.0073	0.0047	0.0026	0.0029	0.0029	0.0000	0.0043	0.0017	0.0026	0.0000	0.0000	0.0000	0.0000	0.0000	0.0000	0.0000	0.0000	0.0000	0.1685	0.0908	0.0777	0.0106	0.0101	0.0005	0.1580	0.0807	0.0772
9	13	0.0762	11	2	1	1	0	1	1	1	0	0	1	0	1	0	0	0	0	0	0	Y	N	N	N	N	N	N	N	N	N	N	N	N	N	N	N	N	N	0.0000	0.0000	0.0000	0.0000	0.0000	0.0000	0.0000	0.0000	0.0000	0.0000	0.0000	0.0000	0.0000	0.0000	0.0000	0.0000	0.0000	0.0000	0.0015	0.0000	0.0037	0.0001	0.0000	0.0004	0.0022	0.0000	0.0043		inf	0.0000	0.0001	2.0072	6.2125	2.0305	15.0504	0.0000	0.0000	0.0000	0.0000	0.0000	0.0000	0.0000	0.0000	0.0000	0.0002	0.0000	0.0002	0.0000	0.0000	0.0000	0.0002	0.0000	0.0002	0.0581	0.0503	0.0078	0.0032	0.0031	0.0001	0.0550	0.0472	0.0077	0.1162	0.0677	0.0485	0.0363	0.0285	0.0078	0.0800	0.0392	0.0407
9	15	0.0208	3	2	1	1	0	0	1	1	0	1	1	1	1	0	0	0	0	0	0	Y	N	N	N	N	N	N	N	N	N	N	N	N	N	N	N	N	N	0.0000	0.0000	0.0000	0.0000	0.0000	0.0000	0.0000	0.0000	0.0000	0.0000	0.0000	0.0000	0.0000	0.0000	0.0000	0.0000	0.0000	0.0000	0.0000	0.0000	0.0000	0.0000	0.0000	0.0000	0.0000	0.0000	0.0000		inf	0.0000	0.0000	2.0072	1.6207	2.0305	6.0204	0.0000	0.0000	0.0000	0.0000	0.0000	0.0000	0.0000	0.0000	0.0000	0.0000	0.0000	0.0000	0.0000	0.0000	0.0000	0.0000	0.0000	0.0000	0.0145	0.0125	0.0020	0.0001	0.0001	0.0000	0.0144	0.0124	0.0020	0.0458	0.0264	0.0195	0.0084	0.0083	0.0001	0.0374	0.0181	0.0194
9	16	0.0855	13	2	1	1	0	0	1	1	0	0	1	0	1	0	0	0	0	0	0	Y	N	N	N	N	N	N	N	N	N	N	N	N	N	N	N	N	N	0.0000	0.0000	0.0000	0.0000	0.0000	0.0000	0.0000	0.0000	0.0000	0.0000	0.0000	0.0000	0.0000	0.0000	0.0000	0.0000	0.0000	0.0000	0.0000	0.0000	0.0000	0.0000	0.0000	0.0000	0.0000	0.0000	0.0000			0.0000	0.0000	2.0072	2.0004	2.0305	7.0278	0.0000	0.0000	0.0000	0.0000	0.0000	0.0000	0.0000	0.0000	0.0000	0.0000	0.0000	0.0000	0.0000	0.0000	0.0000	0.0000	0.0000	0.0000	0.0177	0.0153	0.0024	0.0005	0.0004	0.0000	0.0172	0.0148	0.0024	0.0501	0.0291	0.0210	0.0155	0.0122	0.0034	0.0346	0.0169	0.0176
9	17	0.0813	12	2	1	1	0	1	1	1	0	0	0	0	0	0	0	0	0	0	0	Y	N	N	N	N	N	N	N	N	N	N	N	N	N	N	N	N	N	0.0000	0.0000	0.0000	0.0000	0.0000	0.0000	0.0000	0.0000	0.0000	0.0000	0.0000	0.0000	0.0000	0.0000	0.0000	0.0000	0.0000	0.0000	0.0000	0.0000	0.0001	0.0000	0.0000	0.0000	0.0000	0.0000	0.0001		inf	0.0000	0.0000	2.0072	1.7771	2.0305	2.0236	0.0000	0.0000	0.0000	0.0000	0.0000	0.0000	0.0000	0.0000	0.0000	0.0000	0.0000	0.0000	0.0000	0.0000	0.0000	0.0000	0.0000	0.0000	0.0186	0.0161	0.0024	0.0027	0.0025	0.0002	0.0159	0.0136	0.0022	0.0213	0.0124	0.0089	0.0066	0.0052	0.0014	0.0147	0.0072	0.0075
9	32	0.0229	3	2	1	1	0	0	1	1	0	1	1	1	1	0	0	0	0	0	0	Y	N	N	N	N	N	N	N	N	N	N	N	N	N	N	N	N	N	0.0000	0.0000	0.0000	0.0000	0.0000	0.0000	0.0000	0.0000	0.0000	0.0000	0.0000	0.0000	0.0000	0.0000	0.0000	0.0000	0.0000	0.0000	0.0000	0.0000	0.0000	0.0000	0.0000	0.0000	0.0000	0.0000	0.0000		4.1491	0.0000	0.0000	2.0072	3.0008	2.0305	7.1090	0.0000	0.0000	0.0000	0.0000	0.0000	0.0000	0.0000	0.0000	0.0000	0.0000	0.0000	0.0000	0.0000	0.0000	0.0000	0.0000	0.0000	0.0000	0.0269	0.0232	0.0037	0.0001	0.0001	0.0000	0.0268	0.0231	0.0037	0.1300	0.0706	0.0594	0.0459	0.0457	0.0003	0.0841	0.0249	0.0592
9	33	0.0190	2	2	1	1	0	0	1	1	0	0	0	0	0	0	0	0	0	0	0	Y	N	N	N	N	N	N	N	N	N	N	N	N	N	N	N	N	N	0.3989	0.2438	0.0000	26.3704	26.9187	0.0000	0.0000	0.0000	0.0000	0.0006	0.0007	0.0000	0.0878	0.0902	0.0000	0.0000	0.0000	0.0000	0.0014	0.0028	0.0000	0.0033	0.0034	0.0000	0.0000	0.0000	0.0000	0.0000	0.0017	-0.0000	-0.0001	2.0072	0.2626	2.0305	2.8944	0.0000	0.0000	0.0000	0.0000	0.0000	0.0000	0.0000	0.0000	0.0000	0.0001	0.0001	0.0000	0.0001	0.0001	0.0000	0.0000	0.0000	0.0000	0.0024	0.0020	0.0003	0.0000	0.0000	0.0000	0.0024	0.0020	0.0003	0.0897	0.0471	0.0426	0.0389	0.0387	0.0002	0.0508	0.0084	0.0424
9	38	0.0378	6	2	1	1	1	0	1	1	1	0	0	1	1	0	0	0	0	0	0	Y	N	N	N	N	N	N	N	N	N	N	N	N	N	N	N	N	N	0.0000	0.0000	0.0000	0.0000	0.0000	0.0000	0.0000	0.0000	0.0000	0.0000	0.0000	0.0000	0.0000	0.0000	0.0000	0.0000	0.0000	0.0000	0.0011	0.0019	0.0000	0.0054	0.0054	0.0000	0.0000	0.0000	0.0000		0.0000	0.0000	-0.0000	2.0072	3.9983	2.0305	0.1262	0.0000	0.0000	0.0000	0.0000	0.0000	0.0000	0.0000	0.0000	0.0000	0.0000	0.0000	0.0000	0.0000	0.0000	0.0000	0.0000	0.0000	0.0000	0.0354	0.0305	0.0049	0.0003	0.0003	0.0000	0.0351	0.0303	0.0049	0.0262	0.0156	0.0106	0.0056	0.0055	0.0001	0.0206	0.0101	0.0105
9	39	0.0354	5	2	1	1	0	0	1	1	0	0	0	1	1	0	0	0	0	0	0	Y	N	N	N	N	N	N	N	N	N	N	N	N	N	N	N	N	N	0.0000	0.0000	0.0000	0.0000	0.0000	0.0000	0.0000	0.0000	0.0000	0.0000	0.0000	0.0000	0.0000	0.0000	0.0000	0.0000	0.0000	0.0000	0.0021	0.0023	0.0018	0.0000	0.0000	0.0000	0.0027	0.0036	0.0018		0.4983	0.0000	-0.0000	2.0072	0.0031	2.0305	2.1400	0.0000	0.0000	0.0000	0.0000	0.0000	0.0000	0.0000	0.0000	0.0000	0.0000	0.0000	0.0000	0.0000	0.0000	0.0000	0.0000	0.0000	0.0000	0.0000	0.0000	0.0000	0.0000	0.0000	0.0000	0.0000	0.0000	0.0000	0.0142	0.0085	0.0057	0.0031	0.0031	0.0000	0.0111	0.0055	0.0056
9	40	0.0229	4	2	1	1	0	0	1	1	0	1	1	1	1	0	0	0	0	0	0	Y	N	N	N	N	N	N	N	N	N	N	N	N	N	N	N	N	N	0.0000	0.0000	0.0000	0.0000	0.0000	0.0000	0.0000	0.0000	0.0000	0.0000	0.0000	0.0000	0.0000	0.0000	0.0000	0.0000	0.0000	0.0000	0.0000	0.0000	0.0000	0.0000	0.0000	0.0000	0.0000	0.0000	0.0000			0.0000	0.0000	2.0072	0.9998	2.0305	9.0469	0.0000	0.0000	0.0000	0.0000	0.0000	0.0000	0.0000	0.0000	0.0000	0.0000	0.0000	0.0000	0.0000	0.0000	0.0000	0.0000	0.0000	0.0000	0.0090	0.0077	0.0012	0.0000	0.0000	0.0000	0.0089	0.0077	0.0012	0.0612	0.0355	0.0257	0.0119	0.0115	0.0004	0.0493	0.0240	0.0253
9	47	0.0496	8	2	1	1	0	1	1	1	0	0	0	0	0	0	0	0	0	0	0	Y	N	N	N	N	N	N	N	N	N	N	N	N	N	N	N	N	N	0.0000	0.0000	0.0000	0.0000	0.0000	0.0000	0.0000	0.0000	0.0000	0.0000	0.0000	0.0000	0.0000	0.0000	0.0000	0.0000	0.0000	0.0000	0.0002	0.0004	0.0000	0.0003	0.0003	0.0000	0.0002	0.0004	0.0000		0.0000	0.0000	-0.0000	2.0072	0.4020	2.0305	12.8060	0.0000	0.0000	0.0000	0.0000	0.0000	0.0000	0.0000	0.0000	0.0000	0.0000	0.0000	0.0000	0.0000	0.0000	0.0000	0.0000	0.0000	0.0000	0.0038	0.0033	0.0005	0.0002	0.0002	0.0000	0.0036	0.0031	0.0005	0.0744	0.0426	0.0318	0.0213	0.0167	0.0045	0.0531	0.0259	0.0272
10	13	0.0433	3	1	0	1	0	1	0	1	0	0	2	0	2	0	0	0	0	0	0	N	N	N	N	N	Y	N	N	N	N	N	N	N	N	N	N	N	N	0.2200	0.1616	0.0000	0.0000	0.0000	0.0000	0.2620	0.1978	0.0000	0.0004	0.0005	0.0000	0.0000	0.0000	0.0000	0.0005	0.0007	0.0000	0.0017	0.0031	0.0000	0.0004	0.0005	0.0000	0.0018	0.0035	0.0001	0.0000	0.0135	-0.0000	-0.0001	1.9985	6.2125	1.0186	15.0504	0.0000	0.0000	0.0000	0.0000	0.0000	0.0000	0.0000	0.0000	0.0000	0.0001	0.0001	0.0000	0.0000	0.0000	0.0000	0.0001	0.0001	0.0000	0.0803	0.0607	0.0196	0.0177	0.0174	0.0002	0.0627	0.0433	0.0194	0.0550	0.0302	0.0249	0.0051	0.0045	0.0006	0.0499	0.0257	0.0243
10	15	0.0755	9	1	0	1	0	0	0	1	0	1	2	1	2	0	0	0	0	0	0	N	N	N	N	N	Y	N	N	N	N	N	N	N	N	N	N	N	N	0.0000	0.0000	0.0000	0.0000	0.0000	0.0000	0.0000	0.0000	0.0000	0.0000	0.0000	0.0000	0.0000	0.0000	0.0000	0.0000	0.0000	0.0000	0.0000	0.0000	0.0000	0.0000	0.0000	0.0000	0.0000	0.0000	0.0000			0.0000	0.0000	1.9985	1.6207	1.0186	6.0204	0.0000	0.0000	0.0000	0.0000	0.0000	0.0000	0.0000	0.0000	0.0000	0.0000	0.0000	0.0000	0.0000	0.0000	0.0000	0.0000	0.0000	0.0000	0.0126	0.0109	0.0018	0.0003	0.0003	0.0000	0.0123	0.0106	0.0017	0.0200	0.0111	0.0088	0.0030	0.0025	0.0005	0.0169	0.0086	0.0083
10	16	0.0527	5	1	0	1	0	0	0	1	0	0	2	0	2	0	0	0	0	0	0	N	N	N	N	N	Y	N	N	N	N	N	N	N	N	N	N	N	N	0.0000	0.0000	0.0000	0.0000	0.0000	0.0000	0.0000	0.0000	0.0000	0.0000	0.0000	0.0000	0.0000	0.0000	0.0000	0.0000	0.0000	0.0000	0.0029	0.0000	0.0065	0.0079	0.0000	0.0615	0.0023	0.0000	0.0048		inf	0.0000	0.0000	1.9985	2.0004	1.0186	7.0278	0.0000	0.0000	0.0000	0.0000	0.0000	0.0000	0.0000	0.0000	0.0000	0.0001	0.0000	0.0001	0.0000	0.0000	0.0000	0.0000	0.0000	0.0000	0.0159	0.0137	0.0022	0.0007	0.0006	0.0001	0.0152	0.0131	0.0022	0.0239	0.0131	0.0108	0.0025	0.0022	0.0003	0.0214	0.0109	0.0105
10	26	0.0829	11	1	0	1	0	0	0	1	0	1	2	1	2	0	0	0	0	0	0	N	N	N	N	N	Y	N	N	N	N	N	N	N	N	N	N	N	N	0.0000	0.0000	0.0000	0.0000	0.0000	0.0000	0.0000	0.0000	0.0000	0.0000	0.0000	0.0000	0.0000	0.0000	0.0000	0.0000	0.0000	0.0000	0.0019	0.0031	0.0002	0.0069	0.0086	0.0000	0.0001	0.0000	0.0003		0.0523	0.0000	-0.0000	1.9985	1.0082	1.0186	6.9189	0.0000	0.0000	0.0000	0.0000	0.0000	0.0000	0.0000	0.0000	0.0000	0.0001	0.0000	0.0000	0.0000	0.0000	0.0000	0.0000	0.0000	0.0000	0.0091	0.0078	0.0012	0.0004	0.0004	0.0000	0.0087	0.0075	0.0012	0.0275	0.0160	0.0116	0.0072	0.0057	0.0015	0.0203	0.0102	0.0101
10	32	0.0812	11	1	0	1	0	0	0	1	0	1	2	1	2	0	0	0	0	0	0	N	N	N	N	N	Y	N	N	N	N	N	N	N	N	N	N	N	N	0.0000	0.0000	0.0000	0.0000	0.0000	0.0000	0.0000	0.0000	0.0000	0.0000	0.0000	0.0000	0.0000	0.0000	0.0000	0.0000	0.0000	0.0000	0.0000	0.0000	0.0000	0.0000	0.0000	0.0000	0.0000	0.0000	0.0000		0.0000	0.0000	-0.0000	1.9985	3.0008	1.0186	7.1090	0.0000	0.0000	0.0000	0.0000	0.0000	0.0000	0.0000	0.0000	0.0000	0.0000	0.0000	0.0000	0.0000	0.0000	0.0000	0.0000	0.0000	0.0000	0.0233	0.0200	0.0033	0.0006	0.0006	0.0000	0.0227	0.0195	0.0032	0.0273	0.0153	0.0119	0.0050	0.0040	0.0009	0.0223	0.0113	0.0110
10	36	0.0704	7	0	0	1	0	0	0	1	0	0	1	0	2	0	0	0	0	0	0	N	N	N	N	N	Y	N	N	N	N	N	N	N	N	N	N	N	N	0.0000	0.0000	0.0000	0.0000	0.0000	0.0000	0.0000	0.0000	0.0000	0.0000	0.0000	0.0000	0.0000	0.0000	0.0000	0.0000	0.0000	0.0000	0.0000	0.0000	0.0000	0.0000	0.0000	0.0000	0.0000	0.0000	0.0000			0.0000	0.0000	1.9985	0.0000	1.0186	0.0000	0.0000	0.0000	0.0000	0.0000	0.0000	0.0000	0.0000	0.0000	0.0000	0.0000	0.0000	0.0000	0.0000	0.0000	0.0000	0.0000	0.0000	0.0000	0.0000	0.0000	0.0000	0.0000	0.0000	0.0000	0.0000	0.0000	0.0000	0.0000	0.0000	0.0000	0.0000	0.0000	0.0000	0.0000	0.0000	0.0000
10	37	0.0568	6	0	0	1	0	0	0	1	0	0	2	0	2	0	0	0	0	0	0	N	N	N	N	N	Y	N	N	N	N	N	N	N	N	N	N	N	N	0.0000	0.0000	0.0000	0.0000	0.0000	0.0000	0.0000	0.0000	0.0000	0.0000	0.0000	0.0000	0.0000	0.0000	0.0000	0.0000	0.0000	0.0000	0.0027	0.0000	0.0062	0.0000	0.0000	0.0000	0.0031	0.0000	0.0065		46903.5294	0.0000	0.0000	1.9985	1.9922	1.0186	9.0553	0.0000	0.0000	0.0000	0.0000	0.0000	0.0000	0.0000	0.0000	0.0000	0.0001	0.0000	0.0001	0.0000	0.0000	0.0000	0.0001	0.0000	0.0001	0.0155	0.0133	0.0022	0.0004	0.0004	0.0000	0.0151	0.0129	0.0021	0.0296	0.0167	0.0128	0.0041	0.0035	0.0006	0.0255	0.0132	0.0123
10	38	0.0881	10	1	0	1	1	0	0	1	1	0	1	1	2	0	0	0	0	0	0	N	N	N	N	N	Y	N	N	N	N	N	N	N	N	N	N	N	N	0.0000	0.0000	0.0000	0.0000	0.0000	0.0000	0.0000	0.0000	0.0000	0.0000	0.0000	0.0000	0.0000	0.0000	0.0000	0.0000	0.0000	0.0000	0.0000	0.0000	0.0000	0.0000	0.0000	0.0000	0.0000	0.0000	0.0000		0.0184	0.0000	-0.0000	1.9985	3.9983	1.0186	0.1262	0.0000	0.0000	0.0000	0.0000	0.0000	0.0000	0.0000	0.0000	0.0000	0.0000	0.0000	0.0000	0.0000	0.0000	0.0000	0.0000	0.0000	0.0000	0.0309	0.0266	0.0043	0.0009	0.0008	0.0001	0.0300	0.0258	0.0043	0.0119	0.0069	0.0050	0.0025	0.0021	0.0003	0.0095	0.0048	0.0046
10	39	0.0858	9	1	0	1	0	0	0	1	0	0	1	1	2	0	0	0	0	0	0	N	N	N	N	N	Y	N	N	N	N	N	N	N	N	N	N	N	N	0.0000	0.0000	0.0000	0.0000	0.0000	0.0000	0.0000	0.0000	0.0000	0.0000	0.0000	0.0000	0.0000	0.0000	0.0000	0.0000	0.0000	0.0000	0.0002	0.0003	0.0001	0.0005	0.0006	0.0000	0.0001	0.0001	0.0001		0.2598	0.0000	-0.0000	1.9985	0.0031	1.0186	2.1400	0.0000	0.0000	0.0000	0.0000	0.0000	0.0000	0.0000	0.0000	0.0000	0.0000	0.0000	0.0000	0.0000	0.0000	0.0000	0.0000	0.0000	0.0000	0.0000	0.0000	0.0000	0.0000	0.0000	0.0000	0.0000	0.0000	0.0000	0.0065	0.0038	0.0027	0.0014	0.0013	0.0002	0.0051	0.0026	0.0025
10	40	0.0733	8	1	0	1	0	0	0	1	0	1	2	1	2	0	0	0	0	0	0	N	N	N	N	N	Y	N	N	N	N	N	N	N	N	N	N	N	N	0.0000	0.0000	0.0000	0.0000	0.0000	0.0000	0.0000	0.0000	0.0000	0.0000	0.0000	0.0000	0.0000	0.0000	0.0000	0.0000	0.0000	0.0000	0.0000	0.0001	0.0000	0.0001	0.0001	0.0000	0.0000	0.0001	0.0000		0.1071	0.0000	-0.0000	1.9985	0.9998	1.0186	9.0469	0.0000	0.0000	0.0000	0.0000	0.0000	0.0000	0.0000	0.0000	0.0000	0.0000	0.0000	0.0000	0.0000	0.0000	0.0000	0.0000	0.0000	0.0000	0.0078	0.0067	0.0011	0.0002	0.0002	0.0000	0.0076	0.0065	0.0011	0.0265	0.0148	0.0117	0.0041	0.0034	0.0007	0.0224	0.0114	0.0110
10	57	0.0717	11	0	0	1	0	0	0	1	0	0	2	0	2	0	0	0	0	0	0	N	N	N	N	N	Y	N	N	N	N	N	N	N	N	N	N	N	N	0.0000	0.0000	0.0000	0.0000	0.0000	0.0000	0.0000	0.0000	0.0000	0.0000	0.0000	0.0000	0.0000	0.0000	0.0000	0.0000	0.0000	0.0000	0.0000	0.0000	0.0000	0.0000	0.0000	0.0000	0.0000	0.0000	0.0000			0.0000	0.0000	1.9985	0.0000	1.0186	5.0023	0.0000	0.0000	0.0000	0.0000	0.0000	0.0000	0.0000	0.0000	0.0000	0.0000	0.0000	0.0000	0.0000	0.0000	0.0000	0.0000	0.0000	0.0000	0.0000	0.0000	0.0000	0.0000	0.0000	0.0000	0.0000	0.0000	0.0000	0.0131	0.0073	0.0058	0.0019	0.0016	0.0003	0.0112	0.0056	0.0055
10	59	0.0693	9	0	0	1	0	0	0	1	0	0	2	0	2	0	0	0	0	0	0	N	N	N	N	N	Y	N	N	N	N	N	N	N	N	N	N	N	N	0.0000	0.0000	0.0000	0.0000	0.0000	0.0000	0.0000	0.0000	0.0000	0.0000	0.0000	0.0000	0.0000	0.0000	0.0000	0.0000	0.0000	0.0000	0.0028	0.0051	0.0000	0.0000	0.0000	0.0000	0.0033	0.0064	0.0000		0.0000	0.0000	-0.0001	1.9985	0.0000	1.0186	11.0002	0.0000	0.0000	0.0000	0.0000	0.0000	0.0000	0.0000	0.0000	0.0000	0.0001	0.0001	0.0000	0.0000	0.0000	0.0000	0.0001	0.0001	0.0000	0.0000	0.0000	0.0000	0.0000	0.0000	0.0000	0.0000	0.0000	0.0000	0.0284	0.0157	0.0127	0.0039	0.0033	0.0006	0.0245	0.0124	0.0120
10	60	0.0693	10	0	0	1	0	0	0	1	0	0	2	0	2	0	0	0	0	0	0	N	N	N	N	N	Y	N	N	N	N	N	N	N	N	N	N	N	N	0.0000	0.0000	0.0000	0.0000	0.0000	0.0000	0.0000	0.0000	0.0000	0.0000	0.0000	0.0000	0.0000	0.0000	0.0000	0.0000	0.0000	0.0000	0.0000	0.0000	0.0000	0.0000	0.0000	0.0000	0.0000	0.0000	0.0000			0.0000	0.0000	1.9985	0.0000	1.0186	9.0002	0.0000	0.0000	0.0000	0.0000	0.0000	0.0000	0.0000	0.0000	0.0000	0.0000	0.0000	0.0000	0.0000	0.0000	0.0000	0.0000	0.0000	0.0000	0.0000	0.0000	0.0000	0.0000	0.0000	0.0000	0.0000	0.0000	0.0000	0.0233	0.0129	0.0104	0.0032	0.0027	0.0005	0.0201	0.0102	0.0099
12	13	0.0516	11	2	0	1	0	1	0	0	0	0	1	1	1	0	0	0	0	0	0	Y	N	N	N	N	N	N	N	N	N	N	N	N	N	N	N	N	N	0.0000	0.0000	0.0000	0.0000	0.0000	0.0000	0.0000	0.0000	0.0000	0.0000	0.0000	0.0000	0.0000	0.0000	0.0000	0.0000	0.0000	0.0000	0.0000	0.0000	0.0000	0.0000	0.0000	0.0000	0.0000	0.0000	0.0000			0.0000	0.0000	0.0000	6.2125	0.0000	15.0504	0.0000	0.0000	0.0000	0.0000	0.0000	0.0000	0.0000	0.0000	0.0000	0.0000	0.0000	0.0000	0.0000	0.0000	0.0000	0.0000	0.0000	0.0000	0.0000	0.0000	0.0000	0.0000	0.0000	0.0000	0.0000	0.0000	0.0000	0.0000	0.0000	0.0000	0.0000	0.0000	0.0000	0.0000	0.0000	0.0000
12	15	0.0309	7	2	0	1	0	0	0	0	0	1	1	2	1	0	0	0	0	0	0	Y	N	N	N	Y	N	N	N	N	N	N	N	N	N	N	N	N	N	0.0000	0.0000	0.0000	0.0000	0.0000	0.0000	0.0000	0.0000	0.0000	0.0000	0.0000	0.0000	0.0000	0.0000	0.0000	0.0000	0.0000	0.0000	0.0000	0.0000	0.0000	0.0000	0.0000	0.0000	0.0000	0.0000	0.0000			0.0000	0.0000	0.0000	1.6207	0.0000	6.0204	0.0000	0.0000	0.0000	0.0000	0.0000	0.0000	0.0000	0.0000	0.0000	0.0000	0.0000	0.0000	0.0000	0.0000	0.0000	0.0000	0.0000	0.0000	0.0000	0.0000	0.0000	0.0000	0.0000	0.0000	0.0000	0.0000	0.0000	0.0000	0.0000	0.0000	0.0000	0.0000	0.0000	0.0000	0.0000	0.0000
12	16	0.0609	13	2	0	1	0	0	0	0	0	0	1	1	1	0	0	0	0	0	0	Y	N	N	N	N	N	N	N	N	N	N	N	N	N	N	N	N	N	0.0000	0.0000	0.0000	0.0000	0.0000	0.0000	0.0000	0.0000	0.0000	0.0000	0.0000	0.0000	0.0000	0.0000	0.0000	0.0000	0.0000	0.0000	0.0000	0.0000	0.0000	0.0000	0.0000	0.0000	0.0000	0.0000	0.0000			0.0000	0.0000	0.0000	2.0004	0.0000	7.0278	0.0000	0.0000	0.0000	0.0000	0.0000	0.0000	0.0000	0.0000	0.0000	0.0000	0.0000	0.0000	0.0000	0.0000	0.0000	0.0000	0.0000	0.0000	0.0000	0.0000	0.0000	0.0000	0.0000	0.0000	0.0000	0.0000	0.0000	0.0000	0.0000	0.0000	0.0000	0.0000	0.0000	0.0000	0.0000	0.0000
12	17	0.0567	12	2	0	1	0	1	0	0	0	0	0	1	0	0	0	0	0	0	0	Y	N	N	N	N	N	N	N	N	N	N	N	N	N	N	N	N	N	0.0000	0.0000	0.0000	0.0000	0.0000	0.0000	0.0000	0.0000	0.0000	0.0000	0.0000	0.0000	0.0000	0.0000	0.0000	0.0000	0.0000	0.0000	0.0000	0.0000	0.0000	0.0000	0.0000	0.0000	0.0000	0.0000	0.0000			0.0000	0.0000	0.0000	1.7771	0.0000	2.0236	0.0000	0.0000	0.0000	0.0000	0.0000	0.0000	0.0000	0.0000	0.0000	0.0000	0.0000	0.0000	0.0000	0.0000	0.0000	0.0000	0.0000	0.0000	0.0000	0.0000	0.0000	0.0000	0.0000	0.0000	0.0000	0.0000	0.0000	0.0000	0.0000	0.0000	0.0000	0.0000	0.0000	0.0000	0.0000	0.0000
12	26	0.0383	9	2	0	1	0	0	0	0	0	1	1	2	1	0	0	0	0	0	0	Y	N	N	N	Y	N	N	N	N	N	N	N	N	N	N	N	N	N	0.0000	0.0000	0.0000	0.0000	0.0000	0.0000	0.0000	0.0000	0.0000	0.0000	0.0000	0.0000	0.0000	0.0000	0.0000	0.0000	0.0000	0.0000	0.0000	0.0000	0.0000	0.0000	0.0000	0.0000	0.0000	0.0000	0.0000			0.0000	0.0000	0.0000	1.0082	0.0000	6.9189	0.0000	0.0000	0.0000	0.0000	0.0000	0.0000	0.0000	0.0000	0.0000	0.0000	0.0000	0.0000	0.0000	0.0000	0.0000	0.0000	0.0000	0.0000	0.0000	0.0000	0.0000	0.0000	0.0000	0.0000	0.0000	0.0000	0.0000	0.0000	0.0000	0.0000	0.0000	0.0000	0.0000	0.0000	0.0000	0.0000
12	27	0.0327	8	2	0	1	0	0	0	0	0	0	0	1	0	0	0	0	0	0	0	Y	N	N	N	N	N	N	N	N	N	N	N	N	N	N	N	N	N	0.0000	0.0000	0.0000	0.0000	0.0000	0.0000	0.0000	0.0000	0.0000	0.0000	0.0000	0.0000	0.0000	0.0000	0.0000	0.0000	0.0000	0.0000	0.0000	0.0000	0.0000	0.0000	0.0000	0.0000	0.0000	0.0000	0.0000			0.0000	0.0000	0.0000	0.9928	0.0000	2.1814	0.0000	0.0000	0.0000	0.0000	0.0000	0.0000	0.0000	0.0000	0.0000	0.0000	0.0000	0.0000	0.0000	0.0000	0.0000	0.0000	0.0000	0.0000	0.0000	0.0000	0.0000	0.0000	0.0000	0.0000	0.0000	0.0000	0.0000	0.0000	0.0000	0.0000	0.0000	0.0000	0.0000	0.0000	0.0000	0.0000
12	32	0.0366	9	2	0	1	0	0	0	0	0	1	1	2	1	0	0	0	0	0	0	Y	N	N	N	Y	N	N	N	N	N	N	N	N	N	N	N	N	N	0.0000	0.0000	0.0000	0.0000	0.0000	0.0000	0.0000	0.0000	0.0000	0.0000	0.0000	0.0000	0.0000	0.0000	0.0000	0.0000	0.0000	0.0000	0.0000	0.0000	0.0000	0.0000	0.0000	0.0000	0.0000	0.0000	0.0000			0.0000	0.0000	0.0000	3.0008	0.0000	7.1090	0.0000	0.0000	0.0000	0.0000	0.0000	0.0000	0.0000	0.0000	0.0000	0.0000	0.0000	0.0000	0.0000	0.0000	0.0000	0.0000	0.0000	0.0000	0.0000	0.0000	0.0000	0.0000	0.0000	0.0000	0.0000	0.0000	0.0000	0.0000	0.0000	0.0000	0.0000	0.0000	0.0000	0.0000	0.0000	0.0000
12	33	0.0327	8	2	0	1	0	0	0	0	0	0	0	1	0	0	0	0	0	0	0	Y	N	N	N	N	N	N	N	N	N	N	N	N	N	N	N	N	N	0.0000	0.0000	0.0000	0.0000	0.0000	0.0000	0.0000	0.0000	0.0000	0.0000	0.0000	0.0000	0.0000	0.0000	0.0000	0.0000	0.0000	0.0000	0.0000	0.0000	0.0000	0.0000	0.0000	0.0000	0.0000	0.0000	0.0000			0.0000	0.0000	0.0000	0.2626	0.0000	2.8944	0.0000	0.0000	0.0000	0.0000	0.0000	0.0000	0.0000	0.0000	0.0000	0.0000	0.0000	0.0000	0.0000	0.0000	0.0000	0.0000	0.0000	0.0000	0.0000	0.0000	0.0000	0.0000	0.0000	0.0000	0.0000	0.0000	0.0000	0.0000	0.0000	0.0000	0.0000	0.0000	0.0000	0.0000	0.0000	0.0000
12	34	0.0309	7	2	0	1	0	0	0	0	0	0	0	1	0	0	0	0	0	0	0	Y	N	N	N	N	N	N	N	N	N	N	N	N	N	N	N	N	N	0.0000	0.0000	0.0000	0.0000	0.0000	0.0000	0.0000	0.0000	0.0000	0.0000	0.0000	0.0000	0.0000	0.0000	0.0000	0.0000	0.0000	0.0000	0.0000	0.0000	0.0000	0.0000	0.0000	0.0000	0.0000	0.0000	0.0000			0.0000	0.0000	0.0000	0.4435	0.0000	1.4154	0.0000	0.0000	0.0000	0.0000	0.0000	0.0000	0.0000	0.0000	0.0000	0.0000	0.0000	0.0000	0.0000	0.0000	0.0000	0.0000	0.0000	0.0000	0.0000	0.0000	0.0000	0.0000	0.0000	0.0000	0.0000	0.0000	0.0000	0.0000	0.0000	0.0000	0.0000	0.0000	0.0000	0.0000	0.0000	0.0000
12	35	0.0287	6	2	0	1	0	0	0	0	0	0	0	1	0	0	0	0	0	0	0	Y	N	N	N	N	N	N	N	N	N	N	N	N	N	N	N	N	N	0.0000	0.0000	0.0000	0.0000	0.0000	0.0000	0.0000	0.0000	0.0000	0.0000	0.0000	0.0000	0.0000	0.0000	0.0000	0.0000	0.0000	0.0000	0.0000	0.0000	0.0000	0.0000	0.0000	0.0000	0.0000	0.0000	0.0000			0.0000	0.0000	0.0000	0.0004	0.0000	1.8965	0.0000	0.0000	0.0000	0.0000	0.0000	0.0000	0.0000	0.0000	0.0000	0.0000	0.0000	0.0000	0.0000	0.0000	0.0000	0.0000	0.0000	0.0000	0.0000	0.0000	0.0000	0.0000	0.0000	0.0000	0.0000	0.0000	0.0000	0.0000	0.0000	0.0000	0.0000	0.0000	0.0000	0.0000	0.0000	0.0000
12	38	0.0436	8	2	0	1	1	0	0	0	1	0	0	2	1	0	0	0	0	0	0	Y	N	N	N	Y	N	N	N	N	N	N	N	N	N	N	N	N	N	0.0000	0.0000	0.0000	0.0000	0.0000	0.0000	0.0000	0.0000	0.0000	0.0000	0.0000	0.0000	0.0000	0.0000	0.0000	0.0000	0.0000	0.0000	0.0000	0.0000	0.0000	0.0000	0.0000	0.0000	0.0000	0.0000	0.0000			0.0000	0.0000	0.0000	3.9983	0.0000	0.1262	0.0000	0.0000	0.0000	0.0000	0.0000	0.0000	0.0000	0.0000	0.0000	0.0000	0.0000	0.0000	0.0000	0.0000	0.0000	0.0000	0.0000	0.0000	0.0000	0.0000	0.0000	0.0000	0.0000	0.0000	0.0000	0.0000	0.0000	0.0000	0.0000	0.0000	0.0000	0.0000	0.0000	0.0000	0.0000	0.0000
12	39	0.0412	7	2	0	1	0	0	0	0	0	0	0	2	1	0	0	0	0	0	0	Y	N	N	N	Y	N	N	N	N	N	N	N	N	N	N	N	N	N	0.0000	0.0000	0.0000	0.0000	0.0000	0.0000	0.0000	0.0000	0.0000	0.0000	0.0000	0.0000	0.0000	0.0000	0.0000	0.0000	0.0000	0.0000	0.0000	0.0000	0.0000	0.0000	0.0000	0.0000	0.0000	0.0000	0.0000			0.0000	0.0000	0.0000	0.0031	0.0000	2.1400	0.0000	0.0000	0.0000	0.0000	0.0000	0.0000	0.0000	0.0000	0.0000	0.0000	0.0000	0.0000	0.0000	0.0000	0.0000	0.0000	0.0000	0.0000	0.0000	0.0000	0.0000	0.0000	0.0000	0.0000	0.0000	0.0000	0.0000	0.0000	0.0000	0.0000	0.0000	0.0000	0.0000	0.0000	0.0000	0.0000
12	40	0.0287	6	2	0	1	0	0	0	0	0	1	1	2	1	0	0	0	0	0	0	Y	N	N	N	Y	N	N	N	N	N	N	N	N	N	N	N	N	N	0.0000	0.0000	0.0000	0.0000	0.0000	0.0000	0.0000	0.0000	0.0000	0.0000	0.0000	0.0000	0.0000	0.0000	0.0000	0.0000	0.0000	0.0000	0.0000	0.0000	0.0000	0.0000	0.0000	0.0000	0.0000	0.0000	0.0000			0.0000	0.0000	0.0000	0.9998	0.0000	9.0469	0.0000	0.0000	0.0000	0.0000	0.0000	0.0000	0.0000	0.0000	0.0000	0.0000	0.0000	0.0000	0.0000	0.0000	0.0000	0.0000	0.0000	0.0000	0.0000	0.0000	0.0000	0.0000	0.0000	0.0000	0.0000	0.0000	0.0000	0.0000	0.0000	0.0000	0.0000	0.0000	0.0000	0.0000	0.0000	0.0000
12	41	0.0135	5	2	0	1	0	1	0	0	0	0	0	1	0	0	0	0	0	0	0	Y	N	N	N	N	N	N	N	N	N	N	N	N	N	N	N	N	N	0.0000	0.0000	0.0000	0.0000	0.0000	0.0000	0.0000	0.0000	0.0000	0.0000	0.0000	0.0000	0.0000	0.0000	0.0000	0.0000	0.0000	0.0000	0.0000	0.0000	0.0000	0.0000	0.0000	0.0000	0.0000	0.0000	0.0000			0.0000	0.0000	0.0000	0.0021	0.0000	12.1494	0.0000	0.0000	0.0000	0.0000	0.0000	0.0000	0.0000	0.0000	0.0000	0.0000	0.0000	0.0000	0.0000	0.0000	0.0000	0.0000	0.0000	0.0000	0.0000	0.0000	0.0000	0.0000	0.0000	0.0000	0.0000	0.0000	0.0000	0.0000	0.0000	0.0000	0.0000	0.0000	0.0000	0.0000	0.0000	0.0000
12	47	0.0250	8	2	0	1	0	1	0	0	0	0	0	1	0	0	0	0	0	0	0	Y	N	N	N	N	N	N	N	N	N	N	N	N	N	N	N	N	N	0.0000	0.0000	0.0000	0.0000	0.0000	0.0000	0.0000	0.0000	0.0000	0.0000	0.0000	0.0000	0.0000	0.0000	0.0000	0.0000	0.0000	0.0000	0.0000	0.0000	0.0000	0.0000	0.0000	0.0000	0.0000	0.0000	0.0000			0.0000	0.0000	0.0000	0.4020	0.0000	12.8060	0.0000	0.0000	0.0000	0.0000	0.0000	0.0000	0.0000	0.0000	0.0000	0.0000	0.0000	0.0000	0.0000	0.0000	0.0000	0.0000	0.0000	0.0000	0.0000	0.0000	0.0000	0.0000	0.0000	0.0000	0.0000	0.0000	0.0000	0.0000	0.0000	0.0000	0.0000	0.0000	0.0000	0.0000	0.0000	0.0000
13	14	0.0370	3	2	0	1	0	1	0	1	0	0	1	0	1	0	0	0	0	0	0	Y	N	N	N	N	N	N	N	N	N	N	N	N	N	N	N	N	N	43194.2236	30821.0990	0.0000	141.2721	187.6995	0.0000	18540458.2072	inf	0.0000	0.3208	0.4315	0.0000	0.0286	0.0406	0.0000	1.0211	1.2170	0.0000	0.0000	0.0000	0.0000	0.0002	0.0002	0.0000	0.0000	0.0000	0.0000	0.0000	0.0072	-0.0001	-0.0000	6.2125	0.0005	15.0504	1.9889	0.0002	0.0002	0.0000	0.0000	0.0000	0.0000	0.0001	0.0001	0.0000	0.0000	0.0000	0.0000	0.0000	0.0000	0.0000	0.0000	0.0000	0.0000	0.0005	0.0004	0.0001	0.0003	0.0002	0.0001	0.0001	0.0001	0.0000	0.0358	0.0189	0.0169	0.0013	0.0012	0.0001	0.0345	0.0176	0.0169
13	15	0.0831	9	2	0	0	0	1	0	0	0	1	2	1	2	0	0	0	0	0	0	Y	N	N	N	N	Y	N	N	N	N	N	N	N	N	N	N	N	N	0.0000	0.0000	0.0000	0.0000	0.0000	0.0000	0.0000	0.0000	0.0000	0.0000	0.0000	0.0000	0.0000	0.0000	0.0000	0.0000	0.0000	0.0000	0.0000	0.0000	0.0000	0.0000	0.0000	0.0000	0.0000	0.0000	0.0000			0.0000	0.0000	6.2125	1.6207	15.0504	6.0204	0.0000	0.0000	0.0000	0.0000	0.0000	0.0000	0.0000	0.0000	0.0000	0.0000	0.0000	0.0000	0.0000	0.0000	0.0000	0.0000	0.0000	0.0000	0.0428	0.0371	0.0056	0.0033	0.0032	0.0001	0.0395	0.0340	0.0055	0.1306	0.0706	0.0601	0.0114	0.0092	0.0022	0.1192	0.0613	0.0578
13	16	0.0370	3	2	0	0	0	1	0	0	0	0	2	0	2	0	0	0	0	0	0	Y	N	N	N	N	Y	N	N	N	N	N	N	N	N	N	N	N	N	2434.2268	1467.6418	0.0000	155.8134	149.3065	0.0000	205247.9135	inf	0.0000	0.0042	0.0048	0.0000	0.0110	0.0118	0.0000	0.0031	0.0036	0.0000	0.0000	0.0000	0.0000	0.0001	0.0001	0.0000	0.0000	0.0000	0.0000	0.0000	0.0095	-0.0001	-0.0000	6.2125	2.0004	15.0504	7.0278	0.0002	0.0002	0.0000	0.0001	0.0001	0.0000	0.0002	0.0002	0.0000	0.0000	0.0000	0.0000	0.0000	0.0000	0.0000	0.0000	0.0000	0.0000	0.0581	0.0507	0.0073	0.0077	0.0073	0.0005	0.0503	0.0435	0.0069	0.1558	0.0813	0.0745	0.0037	0.0034	0.0004	0.1520	0.0780	0.0741
13	17	0.0328	2	2	0	0	0	2	0	0	0	0	1	0	1	0	0	0	0	0	0	Y	N	N	N	N	N	N	N	N	N	N	N	N	N	N	N	N	N	551.9001	399.2553	20.2140	2.0259	2.6303	4.7062	237754.8641	inf	30.9973	1.1792	1.6339	0.0004	0.2697	0.3604	0.0002	2.4316	3.5506	0.0006	0.0021	0.0041	0.0000	0.1331	0.1370	0.0000	0.0000	0.0000	0.0000	0.0001	0.0047	-0.1978	-0.0001	6.2125	1.7771	15.0504	2.0236	0.3421	0.3421	0.0000	0.0453	0.0453	0.0000	0.2968	0.2968	0.0000	0.0001	0.0001	0.0000	0.0001	0.0001	0.0000	0.0000	0.0000	0.0000	0.2901	0.2094	0.0808	0.1681	0.1258	0.0423	0.1221	0.0836	0.0385	0.0668	0.0347	0.0321	0.0011	0.0010	0.0000	0.0657	0.0337	0.0320
13	18	0.0934	9	2	0	1	1	1	0	1	1	0	1	1	2	0	0	0	0	0	0	Y	N	N	N	N	Y	N	N	N	N	N	N	N	N	N	N	N	N	0.0000	0.0000	0.0000	0.0000	0.0000	0.0000	0.0000	0.0000	0.0000	0.0000	0.0000	0.0000	0.0000	0.0000	0.0000	0.0000	0.0000	0.0000	0.0476	0.0000	0.1084	0.0048	0.0000	0.0320	0.0544	0.0000	0.1121		17791.3014	0.0000	0.0011	6.2125	2.0000	15.0504	2.1077	0.0000	0.0000	0.0000	0.0000	0.0000	0.0000	0.0000	0.0000	0.0000	0.0036	0.0000	0.0036	0.0001	0.0000	0.0001	0.0036	0.0000	0.0036	0.0526	0.0457	0.0069	0.0042	0.0040	0.0001	0.0484	0.0416	0.0068	0.0764	0.0429	0.0336	0.0105	0.0089	0.0016	0.0659	0.0340	0.0320
13	19	0.0957	10	2	0	1	0	1	0	1	0	0	1	1	2	0	0	0	0	0	0	Y	N	N	N	N	Y	N	N	N	N	N	N	N	N	N	N	N	N	0.0000	0.0000	0.0000	0.0000	0.0000	0.0000	0.0000	0.0000	0.0000	0.0000	0.0000	0.0000	0.0000	0.0000	0.0000	0.0000	0.0000	0.0000	0.0005	0.0008	0.0001	0.0034	0.0040	0.0001	0.0001	0.0000	0.0001		0.1479	0.0000	-0.0000	6.2125	6.0020	15.0504	2.9931	0.0000	0.0000	0.0000	0.0000	0.0000	0.0000	0.0000	0.0000	0.0000	0.0001	0.0001	0.0000	0.0001	0.0001	0.0000	0.0000	0.0000	0.0000	0.1564	0.1359	0.0205	0.0124	0.0121	0.0004	0.1440	0.1239	0.0201	0.1600	0.0890	0.0711	0.0208	0.0173	0.0035	0.1393	0.0717	0.0676
13	25	0.0987	12	2	0	1	0	1	0	0	0	0	2	0	2	0	0	0	0	0	0	Y	N	N	N	N	Y	N	N	N	N	N	N	N	N	N	N	N	N	0.0000	0.0000	0.0000	0.0000	0.0000	0.0000	0.0000	0.0000	0.0000	0.0000	0.0000	0.0000	0.0000	0.0000	0.0000	0.0000	0.0000	0.0000	0.0000	0.0000	0.0000	0.0000	0.0000	0.0000	0.0000	0.0000	0.0000			0.0000	0.0000	6.2125	0.9991	15.0504	4.0188	0.0000	0.0000	0.0000	0.0000	0.0000	0.0000	0.0000	0.0000	0.0000	0.0000	0.0000	0.0000	0.0000	0.0000	0.0000	0.0000	0.0000	0.0000	0.0249	0.0215	0.0035	0.0009	0.0009	0.0000	0.0240	0.0206	0.0034	0.0894	0.0494	0.0400	0.0107	0.0088	0.0019	0.0787	0.0406	0.0381
13	26	0.0905	11	2	0	0	0	1	0	0	0	1	2	1	2	0	0	0	0	0	0	Y	N	N	N	N	Y	N	N	N	N	N	N	N	N	N	N	N	N	0.0000	0.0000	0.0000	0.0000	0.0000	0.0000	0.0000	0.0000	0.0000	0.0000	0.0000	0.0000	0.0000	0.0000	0.0000	0.0000	0.0000	0.0000	0.0023	0.0012	0.0039	0.0061	0.0040	0.0141	0.0013	0.0000	0.0026		2.3929	0.0000	-0.0000	6.2125	1.0082	15.0504	6.9189	0.0000	0.0000	0.0000	0.0000	0.0000	0.0000	0.0000	0.0000	0.0000	0.0004	0.0001	0.0003	0.0003	0.0001	0.0001	0.0002	0.0000	0.0002	0.0294	0.0255	0.0040	0.0017	0.0016	0.0001	0.0278	0.0239	0.0039	0.1878	0.1077	0.0801	0.0415	0.0328	0.0088	0.1463	0.0749	0.0714
13	27	0.0849	10	2	0	0	0	1	0	0	0	0	1	0	1	0	0	0	0	0	0	Y	N	N	N	N	N	N	N	N	N	N	N	N	N	N	N	N	N	0.0000	0.0000	0.0000	0.0000	0.0000	0.0000	0.0000	0.0000	0.0000	0.0000	0.0000	0.0000	0.0000	0.0000	0.0000	0.0000	0.0000	0.0000	0.0847	0.0060	0.1838	0.0150	0.0124	0.0255	0.1021	0.0034	0.1995		24.3719	0.0000	0.0014	6.2125	0.9928	15.0504	2.1814	0.0000	0.0000	0.0000	0.0000	0.0000	0.0000	0.0000	0.0000	0.0000	0.0056	0.0002	0.0054	0.0002	0.0001	0.0001	0.0054	0.0001	0.0053	0.0247	0.0213	0.0034	0.0009	0.0009	0.0000	0.0238	0.0204	0.0034	0.0664	0.0370	0.0294	0.0133	0.0106	0.0027	0.0532	0.0264	0.0268
13	28	0.0633	7	2	0	1	0	1	0	0	0	1	1	1	1	0	0	0	0	0	0	Y	N	N	N	N	N	N	N	N	N	N	N	N	N	N	N	N	N	27469.4848	17151.7785	7147.9008	13950.2503	11867.4550	inf	545180.0139	inf	7044.8148	3.7597	4.3213	0.0294	36.6583	37.6155	0.0224	1.0975	1.2705	0.0295	0.0001	0.0003	0.0000	0.0026	0.0032	0.0000	0.0000	0.0000	0.0000	0.0010	0.0142	-0.5072	-0.0000	6.2125	8.9997	15.0504	18.0253	0.8786	0.8777	0.0009	0.6413	0.6413	0.0000	0.2373	0.2364	0.0009	0.0001	0.0001	0.0000	0.0001	0.0001	0.0000	0.0000	0.0000	0.0000	0.2337	0.2031	0.0306	0.0175	0.0170	0.0004	0.2162	0.1861	0.0301	0.4433	0.2375	0.2058	0.0228	0.0189	0.0039	0.4205	0.2186	0.2020
13	29	0.0987	12	2	0	1	0	1	0	0	0	0	1	0	1	0	0	0	0	0	0	Y	N	N	N	N	N	N	N	N	N	N	N	N	N	N	N	N	N	0.0000	0.0000	0.0000	0.0000	0.0000	0.0000	0.0000	0.0000	0.0000	0.0000	0.0000	0.0000	0.0000	0.0000	0.0000	0.0000	0.0000	0.0000	0.0000	0.0000	0.0000	0.0000	0.0000	0.0000	0.0000	0.0000	0.0000			0.0000	0.0000	6.2125	0.0009	15.0504	4.0025	0.0000	0.0000	0.0000	0.0000	0.0000	0.0000	0.0000	0.0000	0.0000	0.0000	0.0000	0.0000	0.0000	0.0000	0.0000	0.0000	0.0000	0.0000	0.0001	0.0001	0.0000	0.0000	0.0000	0.0000	0.0001	0.0000	0.0000	0.0722	0.0400	0.0321	0.0089	0.0074	0.0015	0.0633	0.0326	0.0306
13	30	0.0888	11	2	0	1	0	1	0	1	0	0	1	0	1	0	0	0	0	0	0	Y	N	N	N	N	N	N	N	N	N	N	N	N	N	N	N	N	N	0.0000	0.0000	0.0000	0.0000	0.0000	0.0000	0.0000	0.0000	0.0000	0.0000	0.0000	0.0000	0.0000	0.0000	0.0000	0.0000	0.0000	0.0000	0.0095	0.0172	0.0000	0.0728	0.0928	0.0000	0.0000	0.0000	0.0000		0.0000	0.0000	-0.0010	6.2125	0.0033	15.0504	7.9601	0.0000	0.0000	0.0000	0.0000	0.0000	0.0000	0.0000	0.0000	0.0000	0.0014	0.0014	0.0000	0.0014	0.0014	0.0000	0.0000	0.0000	0.0000	0.0001	0.0001	0.0000	0.0000	0.0000	0.0000	0.0001	0.0001	0.0000	0.1446	0.0795	0.0652	0.0188	0.0147	0.0041	0.1258	0.0647	0.0611
13	32	0.0888	11	2	0	0	0	1	0	0	0	1	2	1	2	0	0	0	0	0	0	Y	N	N	N	N	Y	N	N	N	N	N	N	N	N	N	N	N	N	0.0000	0.0000	0.0000	0.0000	0.0000	0.0000	0.0000	0.0000	0.0000	0.0000	0.0000	0.0000	0.0000	0.0000	0.0000	0.0000	0.0000	0.0000	5.5306	0.0000	12.2280	0.0018	0.0000	0.0086	6.2911	0.0000	12.9675		inf	0.0000	0.2937	6.2125	3.0008	15.0504	7.1090	0.0000	0.0000	0.0000	0.0000	0.0000	0.0000	0.0000	0.0000	0.0000	0.9977	0.0000	0.9977	0.0000	0.0000	0.0000	0.9976	0.0000	0.9976	0.0744	0.0641	0.0103	0.0027	0.0026	0.0001	0.0717	0.0615	0.0102	0.1804	0.0988	0.0816	0.0218	0.0172	0.0047	0.1586	0.0816	0.0769
13	33	0.0849	10	2	0	0	0	1	0	0	0	0	1	0	1	0	0	0	0	0	0	Y	N	N	N	N	N	N	N	N	N	N	N	N	N	N	N	N	N	0.0000	0.0000	0.0000	0.0000	0.0000	0.0000	0.0000	0.0000	0.0000	0.0000	0.0000	0.0000	0.0000	0.0000	0.0000	0.0000	0.0000	0.0000	0.0207	0.0006	0.0461	0.0001	0.0001	0.0000	0.0259	0.0008	0.0506		62.9534	0.0000	0.0004	6.2125	0.2626	15.0504	2.8944	0.0000	0.0000	0.0000	0.0000	0.0000	0.0000	0.0000	0.0000	0.0000	0.0014	0.0000	0.0013	0.0000	0.0000	0.0000	0.0014	0.0000	0.0013	0.0066	0.0057	0.0009	0.0002	0.0002	0.0000	0.0063	0.0054	0.0009	0.0661	0.0369	0.0293	0.0132	0.0106	0.0026	0.0529	0.0263	0.0266
13	34	0.0831	9	2	0	0	0	1	0	0	0	0	1	0	1	0	0	0	0	0	0	Y	N	N	N	N	N	N	N	N	N	N	N	N	N	N	N	N	N	0.0000	0.0000	0.0000	0.0000	0.0000	0.0000	0.0000	0.0000	0.0000	0.0000	0.0000	0.0000	0.0000	0.0000	0.0000	0.0000	0.0000	0.0000	0.0000	0.0000	0.0001	0.0000	0.0000	0.0000	0.0000	0.0000	0.0001		inf	0.0000	0.0000	6.2125	0.4435	15.0504	1.4154	0.0000	0.0000	0.0000	0.0000	0.0000	0.0000	0.0000	0.0000	0.0000	0.0000	0.0000	0.0000	0.0000	0.0000	0.0000	0.0000	0.0000	0.0000	0.0117	0.0102	0.0015	0.0009	0.0009	0.0000	0.0108	0.0093	0.0015	0.0329	0.0178	0.0151	0.0032	0.0026	0.0006	0.0297	0.0152	0.0145
13	35	0.0809	8	2	0	0	0	1	0	0	0	0	1	0	1	0	0	0	0	0	0	Y	N	N	N	N	N	N	N	N	N	N	N	N	N	N	N	N	N	0.0000	0.0000	0.0000	0.0000	0.0000	0.0000	0.0000	0.0000	0.0000	0.0000	0.0000	0.0000	0.0000	0.0000	0.0000	0.0000	0.0000	0.0000	0.0319	0.0572	0.0000	0.2468	0.2803	0.0000	0.0000	0.0000	0.0000		0.0001	0.0000	-0.0008	6.2125	0.0004	15.0504	1.8965	0.0000	0.0000	0.0000	0.0000	0.0000	0.0000	0.0000	0.0000	0.0000	0.0012	0.0012	0.0000	0.0012	0.0012	0.0000	0.0000	0.0000	0.0000	0.0000	0.0000	0.0000	0.0000	0.0000	0.0000	0.0000	0.0000	0.0000	0.0367	0.0204	0.0162	0.0047	0.0042	0.0006	0.0319	0.0163	0.0157
13	36	0.0780	7	1	0	0	0	1	0	0	0	0	1	0	2	0	0	0	0	0	0	N	N	N	N	N	Y	N	N	N	N	N	N	N	N	N	N	N	N	0.0000	0.0000	0.0000	0.0000	0.0000	0.0000	0.0000	0.0000	0.0000	0.0000	0.0000	0.0000	0.0000	0.0000	0.0000	0.0000	0.0000	0.0000	0.0000	0.0000	0.0000	0.0000	0.0000	0.0000	0.0000	0.0000	0.0000			0.0000	0.0000	6.2125	0.0000	15.0504	0.0000	0.0000	0.0000	0.0000	0.0000	0.0000	0.0000	0.0000	0.0000	0.0000	0.0000	0.0000	0.0000	0.0000	0.0000	0.0000	0.0000	0.0000	0.0000	0.0000	0.0000	0.0000	0.0000	0.0000	0.0000	0.0000	0.0000	0.0000	0.0000	0.0000	0.0000	0.0000	0.0000	0.0000	0.0000	0.0000	0.0000
13	37	0.0644	6	1	0	0	0	1	0	0	0	0	2	0	2	0	0	0	0	0	0	N	N	N	N	N	Y	N	N	N	N	N	N	N	N	N	N	N	N	0.0000	0.0000	0.0000	0.0000	0.0000	0.0000	0.0000	0.0000	0.0000	0.0000	0.0000	0.0000	0.0000	0.0000	0.0000	0.0000	0.0000	0.0000	0.1434	0.1789	0.1017	1.5991	1.8786	0.0397	0.0494	0.0000	0.1030		0.4840	0.0000	-0.0104	6.2125	1.9922	15.0504	9.0553	0.0000	0.0000	0.0000	0.0000	0.0000	0.0000	0.0000	0.0000	0.0000	0.0274	0.0184	0.0089	0.0185	0.0184	0.0001	0.0089	0.0000	0.0089	0.0524	0.0455	0.0069	0.0040	0.0039	0.0001	0.0484	0.0416	0.0068	0.1908	0.1031	0.0877	0.0116	0.0098	0.0018	0.1792	0.0932	0.0860
13	38	0.0957	10	2	0	0	1	1	0	0	1	0	1	1	2	0	0	0	0	0	0	Y	N	N	N	N	Y	N	N	N	N	N	N	N	N	N	N	N	N	0.0000	0.0000	0.0000	0.0000	0.0000	0.0000	0.0000	0.0000	0.0000	0.0000	0.0000	0.0000	0.0000	0.0000	0.0000	0.0000	0.0000	0.0000	0.0372	0.0005	0.0853	0.0111	0.0020	0.0675	0.0418	0.0000	0.0862		143.8450	0.0000	0.0008	6.2125	3.9983	15.0504	0.1262	0.0000	0.0000	0.0000	0.0000	0.0000	0.0000	0.0000	0.0000	0.0000	0.0029	0.0000	0.0029	0.0001	0.0000	0.0001	0.0028	0.0000	0.0028	0.1047	0.0910	0.0137	0.0083	0.0081	0.0002	0.0963	0.0829	0.0135	0.0784	0.0445	0.0340	0.0118	0.0101	0.0016	0.0667	0.0343	0.0323
13	39	0.0934	9	2	0	0	0	1	0	0	0	0	1	1	2	0	0	0	0	0	0	Y	N	N	N	N	Y	N	N	N	N	N	N	N	N	N	N	N	N	0.0000	0.0000	0.0000	0.0000	0.0000	0.0000	0.0000	0.0000	0.0000	0.0000	0.0000	0.0000	0.0000	0.0000	0.0000	0.0000	0.0000	0.0000	0.1540	0.1203	0.1994	0.4238	0.4728	0.0603	0.1019	0.0038	0.2060		1.2287	0.0000	-0.0010	6.2125	0.0031	15.0504	2.1400	0.0000	0.0000	0.0000	0.0000	0.0000	0.0000	0.0000	0.0000	0.0000	0.0066	0.0030	0.0036	0.0029	0.0029	0.0000	0.0037	0.0001	0.0036	0.0001	0.0001	0.0000	0.0000	0.0000	0.0000	0.0001	0.0001	0.0000	0.0430	0.0247	0.0183	0.0070	0.0061	0.0008	0.0360	0.0185	0.0175
13	40	0.0809	8	2	0	0	0	1	0	0	0	1	2	1	2	0	0	0	0	0	0	Y	N	N	N	N	Y	N	N	N	N	N	N	N	N	N	N	N	N	0.0000	0.0000	0.0000	0.0000	0.0000	0.0000	0.0000	0.0000	0.0000	0.0000	0.0000	0.0000	0.0000	0.0000	0.0000	0.0000	0.0000	0.0000	5.7248	0.0013	12.5112	0.0065	0.0057	0.0104	6.3007	0.0006	12.9788		8027.4403	0.0000	0.2926	6.2125	0.9998	15.0504	9.0469	0.0000	0.0000	0.0000	0.0000	0.0000	0.0000	0.0000	0.0000	0.0000	0.9944	0.0001	0.9942	0.0001	0.0001	0.0000	0.9943	0.0000	0.9942	0.0265	0.0230	0.0035	0.0020	0.0020	0.0001	0.0244	0.0210	0.0034	0.1737	0.0942	0.0795	0.0159	0.0130	0.0029	0.1578	0.0812	0.0766
13	41	0.0657	7	2	0	0	0	2	0	0	0	0	1	0	1	0	0	0	0	0	0	Y	N	N	N	N	N	N	N	N	N	N	N	N	N	N	N	N	N	0.0000	0.0000	0.0000	0.0000	0.0000	0.0000	0.0000	0.0000	0.0000	0.0000	0.0000	0.0000	0.0000	0.0000	0.0000	0.0000	0.0000	0.0000	0.0057	0.0001	0.0121	0.0001	0.0001	0.0000	0.0060	0.0001	0.0124		108.8062	0.0000	0.0003	6.2125	0.0021	15.0504	12.1494	0.0000	0.0000	0.0000	0.0000	0.0000	0.0000	0.0000	0.0000	0.0000	0.0012	0.0000	0.0012	0.0000	0.0000	0.0000	0.0012	0.0000	0.0012	0.0001	0.0001	0.0000	0.0000	0.0000	0.0000	0.0001	0.0001	0.0000	0.2063	0.1104	0.0958	0.0121	0.0101	0.0020	0.1942	0.1004	0.0938
13	42	0.0633	7	2	0	1	0	1	0	0	0	0	1	0	1	0	0	0	0	0	0	Y	N	N	N	N	N	N	N	N	N	N	N	N	N	N	N	N	N	inf	0.0000	inf	0.0000	0.0000	0.0000	inf	0.0000	inf	0.1447	0.0000	0.4482	0.0000	0.0000	0.0000	0.3930	0.0000	0.6646	0.0000	0.0000	0.0000	0.0000	0.0000	0.0000	0.0000	0.0000	0.0000	inf		0.0000	-0.0000	6.2125	0.0000	15.0504	15.0005	0.0000	0.0000	0.0000	0.0000	0.0000	0.0000	0.0000	0.0000	0.0000	0.0000	0.0000	0.0000	0.0000	0.0000	0.0000	0.0000	0.0000	0.0000	0.0001	0.0000	0.0000	0.0000	0.0000	0.0000	0.0000	0.0000	0.0000	0.2538	0.1361	0.1178	0.0136	0.0114	0.0022	0.2402	0.1247	0.1155
13	43	0.0633	6	2	0	1	0	2	0	1	0	0	1	0	1	0	0	0	0	0	0	Y	N	N	N	N	N	N	N	N	N	N	N	N	N	N	N	N	N	19279.7653	29366.4393	9281.3384	97986.1451	99125.5036	0.0000	9111.6994	inf	9302.7153	9.3595	9.3136	9.6561	66.3392	67.6176	0.0000	3.4437	2.3594	9.7854	0.0005	0.0003	0.0010	0.0007	0.0007	0.0000	0.0004	0.0000	0.0011	0.1605	0.9949	-0.0000	-0.0000	6.2125	0.0003	15.0504	0.0736	0.0001	0.0001	0.0000	0.0000	0.0000	0.0000	0.0000	0.0000	0.0000	0.0000	0.0000	0.0000	0.0000	0.0000	0.0000	0.0000	0.0000	0.0000	0.0000	0.0000	0.0000	0.0000	0.0000	0.0000	0.0000	0.0000	0.0000	0.0041	0.0031	0.0010	0.0015	0.0015	0.0000	0.0026	0.0017	0.0009
13	44	0.0395	3	2	0	1	0	2	0	1	0	0	1	0	1	0	0	0	0	0	0	Y	N	N	N	N	N	N	N	N	N	N	N	N	N	N	N	N	N	0.0000	0.0000	0.0000	0.0000	0.0000	0.0000	0.0000	0.0000	0.0000	0.0000	0.0000	0.0000	0.0000	0.0000	0.0000	0.0000	0.0000	0.0000	0.0388	0.0727	0.0006	1.5190	1.5612	0.0000	0.0003	0.0000	0.0006		0.0075	0.0000	-0.0072	6.2125	3.0000	15.0504	12.1057	0.0000	0.0000	0.0000	0.0000	0.0000	0.0000	0.0000	0.0000	0.0000	0.0102	0.0102	0.0001	0.0102	0.0102	0.0000	0.0001	0.0000	0.0001	0.3607	0.2123	0.1484	0.1460	0.1450	0.0010	0.2147	0.0673	0.1474	0.2642	0.1398	0.1244	0.0067	0.0065	0.0002	0.2575	0.1333	0.1242
13	46	0.0708	5	2	0	1	0	1	0	1	0	0	1	0	1	0	0	0	0	0	0	Y	N	N	N	N	N	N	N	N	N	N	N	N	N	N	N	N	N	3.2626	0.0000	10.0719	0.0000	0.0000	0.0000	2.9477	0.0000	9.8021	9.5442	0.0000	70.2721	0.0000	0.0000	0.0000	10.0844	0.0000	70.6053	2.9254	0.0157	6.9770	0.0671	0.0680	0.0578	3.4211	0.0000	7.2030	inf	318.7438	0.4214	0.2895	6.2125	3.9966	15.0504	13.2202	0.9992	0.0000	0.9992	0.0000	0.0000	0.0000	0.9992	0.0000	0.9992	0.9940	0.0031	0.9908	0.0034	0.0031	0.0003	0.9906	0.0000	0.9906	0.1047	0.0905	0.0142	0.0056	0.0055	0.0001	0.0991	0.0849	0.0142	0.3398	0.1978	0.1420	0.0502	0.0457	0.0045	0.2896	0.1520	0.1375
13	47	0.0543	4	2	0	0	0	2	0	0	0	0	1	0	1	0	0	0	0	0	0	Y	N	N	N	N	N	N	N	N	N	N	N	N	N	N	N	N	N	0.8488	1.3098	2.7773	1.0170	1.3008	0.0432	0.8739	0.0000	2.8543	0.0871	0.0060	0.5976	0.0463	0.0482	0.0043	0.0923	0.0000	0.6191	0.1027	0.0045	0.2152	0.0455	0.0370	0.0983	0.1056	0.0018	0.2169	15.9586	41.2640	0.0004	0.0063	6.2125	0.4020	15.0504	12.8060	0.0010	0.0001	0.0010	0.0001	0.0001	0.0000	0.0010	0.0000	0.0010	0.0233	0.0006	0.0228	0.0005	0.0004	0.0002	0.0228	0.0002	0.0226	0.0117	0.0101	0.0016	0.0013	0.0012	0.0001	0.0104	0.0088	0.0015	0.2272	0.1214	0.1058	0.0110	0.0095	0.0015	0.2162	0.1119	0.1043
13	56	0.0755	10	2	0	1	0	1	0	0	0	0	1	0	1	0	0	0	0	0	0	Y	N	N	N	N	N	N	N	N	N	N	N	N	N	N	N	N	N	0.0000	0.0000	0.0000	0.0000	0.0000	0.0000	0.0000	0.0000	0.0000	0.0000	0.0000	0.0000	0.0000	0.0000	0.0000	0.0000	0.0000	0.0000	14.3013	0.0000	30.9177	0.0036	0.0000	0.0224	15.5190	0.0000	31.7957		inf	0.0000	0.2940	6.2125	0.9999	15.0504	3.0149	0.0000	0.0000	0.0000	0.0000	0.0000	0.0000	0.0000	0.0000	0.0000	0.9987	0.0000	0.9987	0.0000	0.0000	0.0000	0.9987	0.0000	0.9987	0.0265	0.0230	0.0035	0.0021	0.0020	0.0001	0.0244	0.0210	0.0034	0.0698	0.0375	0.0323	0.0055	0.0046	0.0009	0.0644	0.0329	0.0314
13	57	0.0793	11	1	0	0	0	1	0	0	0	0	2	0	2	0	0	0	0	0	0	N	N	N	N	N	Y	N	N	N	N	N	N	N	N	N	N	N	N	0.0000	0.0000	0.0000	0.0000	0.0000	0.0000	0.0000	0.0000	0.0000	0.0000	0.0000	0.0000	0.0000	0.0000	0.0000	0.0000	0.0000	0.0000	11.6574	0.0000	25.0348	0.0030	0.0000	0.0176	12.6275	0.0000	25.7688		inf	0.0000	0.2941	6.2125	0.0000	15.0504	5.0023	0.0000	0.0000	0.0000	0.0000	0.0000	0.0000	0.0000	0.0000	0.0000	0.9990	0.0000	0.9990	0.0000	0.0000	0.0000	0.9990	0.0000	0.9990	0.0000	0.0000	0.0000	0.0000	0.0000	0.0000	0.0000	0.0000	0.0000	0.0857	0.0458	0.0399	0.0066	0.0054	0.0011	0.0791	0.0403	0.0388
13	59	0.0769	9	1	0	0	0	1	0	0	0	0	2	0	2	0	0	0	0	0	0	N	N	N	N	N	Y	N	N	N	N	N	N	N	N	N	N	N	N	0.0000	0.0000	0.0000	0.0000	0.0000	0.0000	0.0000	0.0000	0.0000	0.0000	0.0000	0.0000	0.0000	0.0000	0.0000	0.0000	0.0000	0.0000	5.4126	0.0561	11.5159	0.0074	0.0070	0.0092	5.7921	0.0617	11.8110		180.0000	0.0000	0.2902	6.2125	0.0000	15.0504	11.0002	0.0000	0.0000	0.0000	0.0000	0.0000	0.0000	0.0000	0.0000	0.0000	1.0045	0.0055	0.9990	0.0001	0.0001	0.0000	1.0045	0.0055	0.9990	0.0000	0.0000	0.0000	0.0000	0.0000	0.0000	0.0000	0.0000	0.0000	0.1856	0.0988	0.0867	0.0122	0.0100	0.0022	0.1734	0.0888	0.0846
13	60	0.0769	10	1	0	0	0	1	0	0	0	0	2	0	2	0	0	0	0	0	0	N	N	N	N	N	Y	N	N	N	N	N	N	N	N	N	N	N	N	0.0000	0.0000	0.0000	0.0000	0.0000	0.0000	0.0000	0.0000	0.0000	0.0000	0.0000	0.0000	0.0000	0.0000	0.0000	0.0000	0.0000	0.0000	0.0000	0.0000	0.0000	0.0000	0.0000	0.0000	0.0000	0.0000	0.0000			0.0000	0.0000	6.2125	0.0000	15.0504	9.0002	0.0000	0.0000	0.0000	0.0000	0.0000	0.0000	0.0000	0.0000	0.0000	0.0000	0.0000	0.0000	0.0000	0.0000	0.0000	0.0000	0.0000	0.0000	0.0000	0.0000	0.0000	0.0000	0.0000	0.0000	0.0000	0.0000	0.0000	0.1525	0.0812	0.0713	0.0100	0.0082	0.0018	0.1425	0.0730	0.0695
13	63	0.0793	11	2	0	1	0	1	0	0	0	0	1	1	1	0	0	0	0	0	0	Y	N	N	N	N	N	N	N	N	N	N	N	N	N	N	N	N	N	0.0000	0.0000	0.0000	0.0000	0.0000	0.0000	0.0000	0.0000	0.0000	0.0000	0.0000	0.0000	0.0000	0.0000	0.0000	0.0000	0.0000	0.0000	0.0000	0.0000	0.0000	0.0000	0.0000	0.0000	0.0000	0.0000	0.0000			0.0000	0.0000	6.2125	0.0000	15.0504	0.0000	0.0000	0.0000	0.0000	0.0000	0.0000	0.0000	0.0000	0.0000	0.0000	0.0000	0.0000	0.0000	0.0000	0.0000	0.0000	0.0000	0.0000	0.0000	0.0000	0.0000	0.0000	0.0000	0.0000	0.0000	0.0000	0.0000	0.0000	0.0000	0.0000	0.0000	0.0000	0.0000	0.0000	0.0000	0.0000	0.0000
13	64	0.0755	10	2	0	1	0	1	0	0	0	1	1	1	1	0	0	0	0	0	0	Y	N	N	N	N	N	N	N	N	N	N	N	N	N	N	N	N	N	0.0000	0.0000	0.0000	0.0000	0.0000	0.0000	0.0000	0.0000	0.0000	0.0000	0.0000	0.0000	0.0000	0.0000	0.0000	0.0000	0.0000	0.0000	0.5203	0.9668	0.0000	6.4268	7.6236	0.0000	0.0000	0.0000	0.0000		0.0000	0.0000	-0.0194	6.2125	0.0001	15.0504	3.0132	0.0000	0.0000	0.0000	0.0000	0.0000	0.0000	0.0000	0.0000	0.0000	0.0275	0.0275	0.0000	0.0275	0.0275	0.0000	0.0000	0.0000	0.0000	0.0000	0.0000	0.0000	0.0000	0.0000	0.0000	0.0000	0.0000	0.0000	0.0528	0.0284	0.0244	0.0043	0.0036	0.0007	0.0486	0.0248	0.0237
13	65	0.0744	9	2	0	1	0	2	0	0	0	0	1	0	1	0	0	0	0	0	0	Y	N	N	N	N	N	N	N	N	N	N	N	N	N	N	N	N	N	0.0000	0.0000	0.0000	0.0000	0.0000	0.0000	0.0000	0.0000	0.0000	0.0000	0.0000	0.0000	0.0000	0.0000	0.0000	0.0000	0.0000	0.0000	0.0225	0.0007	0.0475	0.0051	0.0061	0.0000	0.0238	0.0000	0.0488		60.8648	0.0000	0.0001	6.2125	0.0001	15.0504	0.9885	0.0000	0.0000	0.0000	0.0000	0.0000	0.0000	0.0000	0.0000	0.0000	0.0004	0.0000	0.0004	0.0000	0.0000	0.0000	0.0004	0.0000	0.0004	0.0000	0.0000	0.0000	0.0000	0.0000	0.0000	0.0000	0.0000	0.0000	0.0172	0.0092	0.0080	0.0012	0.0010	0.0002	0.0159	0.0082	0.0078
14	15	0.0672	11	2	0	1	0	0	0	1	0	1	1	1	1	0	0	0	0	0	0	Y	N	N	N	N	N	N	N	N	N	N	N	N	N	N	N	N	N	0.0000	0.0000	0.0000	0.0000	0.0000	0.0000	0.0000	0.0000	0.0000	0.0000	0.0000	0.0000	0.0000	0.0000	0.0000	0.0000	0.0000	0.0000	0.0000	0.0000	0.0000	0.0000	0.0000	0.0000	0.0000	0.0000	0.0000			0.0000	0.0000	0.0005	1.6207	1.9889	6.0204	0.0000	0.0000	0.0000	0.0000	0.0000	0.0000	0.0000	0.0000	0.0000	0.0000	0.0000	0.0000	0.0000	0.0000	0.0000	0.0000	0.0000	0.0000	0.0000	0.0000	0.0000	0.0000	0.0000	0.0000	0.0000	0.0000	0.0000	0.0130	0.0071	0.0059	0.0014	0.0012	0.0002	0.0116	0.0059	0.0057
14	26	0.0746	13	2	0	1	0	0	0	1	0	1	1	1	1	0	0	0	0	0	0	Y	N	N	N	N	N	N	N	N	N	N	N	N	N	N	N	N	N	0.0000	0.0000	0.0000	0.0000	0.0000	0.0000	0.0000	0.0000	0.0000	0.0000	0.0000	0.0000	0.0000	0.0000	0.0000	0.0000	0.0000	0.0000	0.0000	0.0000	0.0001	0.0001	0.0000	0.0005	0.0000	0.0000	0.0000		inf	0.0000	0.0000	0.0005	1.0082	1.9889	6.9189	0.0000	0.0000	0.0000	0.0000	0.0000	0.0000	0.0000	0.0000	0.0000	0.0000	0.0000	0.0000	0.0000	0.0000	0.0000	0.0000	0.0000	0.0000	0.0000	0.0000	0.0000	0.0000	0.0000	0.0000	0.0000	0.0000	0.0000	0.0185	0.0106	0.0079	0.0041	0.0033	0.0008	0.0143	0.0073	0.0070
14	27	0.0690	12	2	0	1	0	0	0	1	0	0	0	0	0	0	0	0	0	0	0	Y	N	N	N	N	N	N	N	N	N	N	N	N	N	N	N	N	N	0.0000	0.0000	0.0000	0.0000	0.0000	0.0000	0.0000	0.0000	0.0000	0.0000	0.0000	0.0000	0.0000	0.0000	0.0000	0.0000	0.0000	0.0000	0.0001	0.0001	0.0000	0.0003	0.0004	0.0000	0.0000	0.0000	0.0000		0.0000	0.0000	-0.0000	0.0005	0.9928	1.9889	2.1814	0.0000	0.0000	0.0000	0.0000	0.0000	0.0000	0.0000	0.0000	0.0000	0.0000	0.0000	0.0000	0.0000	0.0000	0.0000	0.0000	0.0000	0.0000	0.0000	0.0000	0.0000	0.0000	0.0000	0.0000	0.0000	0.0000	0.0000	0.0066	0.0037	0.0029	0.0014	0.0011	0.0003	0.0052	0.0026	0.0026
14	32	0.0729	13	2	0	1	0	0	0	1	0	1	1	1	1	0	0	0	0	0	0	Y	N	N	N	N	N	N	N	N	N	N	N	N	N	N	N	N	N	0.0000	0.0000	0.0000	0.0000	0.0000	0.0000	0.0000	0.0000	0.0000	0.0000	0.0000	0.0000	0.0000	0.0000	0.0000	0.0000	0.0000	0.0000	0.0000	0.0000	0.0000	0.0000	0.0000	0.0000	0.0000	0.0000	0.0000			0.0000	0.0000	0.0005	3.0008	1.9889	7.1090	0.0000	0.0000	0.0000	0.0000	0.0000	0.0000	0.0000	0.0000	0.0000	0.0000	0.0000	0.0000	0.0000	0.0000	0.0000	0.0000	0.0000	0.0000	0.0000	0.0000	0.0000	0.0000	0.0000	0.0000	0.0000	0.0000	0.0000	0.0180	0.0099	0.0081	0.0025	0.0020	0.0005	0.0155	0.0079	0.0076
14	33	0.0690	12	2	0	1	0	0	0	1	0	0	0	0	0	0	0	0	0	0	0	Y	N	N	N	N	N	N	N	N	N	N	N	N	N	N	N	N	N	0.0000	0.0000	0.0000	0.0000	0.0000	0.0000	0.0000	0.0000	0.0000	0.0000	0.0000	0.0000	0.0000	0.0000	0.0000	0.0000	0.0000	0.0000	0.0000	0.0000	0.0000	0.0000	0.0000	0.0000	0.0000	0.0000	0.0000		inf	0.0000	0.0000	0.0005	0.2626	1.9889	2.8944	0.0000	0.0000	0.0000	0.0000	0.0000	0.0000	0.0000	0.0000	0.0000	0.0000	0.0000	0.0000	0.0000	0.0000	0.0000	0.0000	0.0000	0.0000	0.0000	0.0000	0.0000	0.0000	0.0000	0.0000	0.0000	0.0000	0.0000	0.0066	0.0037	0.0029	0.0014	0.0011	0.0003	0.0052	0.0025	0.0026
14	34	0.0672	11	2	0	1	0	0	0	1	0	0	0	0	0	0	0	0	0	0	0	Y	N	N	N	N	N	N	N	N	N	N	N	N	N	N	N	N	N	0.0000	0.0000	0.0000	0.0000	0.0000	0.0000	0.0000	0.0000	0.0000	0.0000	0.0000	0.0000	0.0000	0.0000	0.0000	0.0000	0.0000	0.0000	0.0000	0.0000	0.0000	0.0000	0.0000	0.0000	0.0000	0.0000	0.0000		0.0000	0.0000	-0.0000	0.0005	0.4435	1.9889	1.4154	0.0000	0.0000	0.0000	0.0000	0.0000	0.0000	0.0000	0.0000	0.0000	0.0000	0.0000	0.0000	0.0000	0.0000	0.0000	0.0000	0.0000	0.0000	0.0000	0.0000	0.0000	0.0000	0.0000	0.0000	0.0000	0.0000	0.0000	0.0033	0.0018	0.0015	0.0004	0.0003	0.0001	0.0029	0.0015	0.0014
14	35	0.0650	10	2	0	1	0	0	0	1	0	0	0	0	0	0	0	0	0	0	0	Y	N	N	N	N	N	N	N	N	N	N	N	N	N	N	N	N	N	0.0000	0.0000	0.0000	0.0000	0.0000	0.0000	0.0000	0.0000	0.0000	0.0000	0.0000	0.0000	0.0000	0.0000	0.0000	0.0000	0.0000	0.0000	0.0010	0.0000	0.0023	0.0003	0.0000	0.0024	0.0012	0.0000	0.0023		inf	0.0000	0.0000	0.0005	0.0004	1.9889	1.8965	0.0000	0.0000	0.0000	0.0000	0.0000	0.0000	0.0000	0.0000	0.0000	0.0000	0.0000	0.0000	0.0000	0.0000	0.0000	0.0000	0.0000	0.0000	0.0000	0.0000	0.0000	0.0000	0.0000	0.0000	0.0000	0.0000	0.0000	0.0037	0.0020	0.0016	0.0005	0.0005	0.0001	0.0031	0.0016	0.0016
14	38	0.0799	12	2	0	1	1	0	0	1	1	0	0	1	1	0	0	0	0	0	0	Y	N	N	N	N	N	N	N	N	N	N	N	N	N	N	N	N	N	0.0000	0.0000	0.0000	0.0000	0.0000	0.0000	0.0000	0.0000	0.0000	0.0000	0.0000	0.0000	0.0000	0.0000	0.0000	0.0000	0.0000	0.0000	0.0000	0.0000	0.0000	0.0000	0.0000	0.0001	0.0000	0.0000	0.0000		0.8850	0.0000	-0.0000	0.0005	3.9983	1.9889	0.1262	0.0000	0.0000	0.0000	0.0000	0.0000	0.0000	0.0000	0.0000	0.0000	0.0000	0.0000	0.0000	0.0000	0.0000	0.0000	0.0000	0.0000	0.0000	0.0000	0.0000	0.0000	0.0000	0.0000	0.0000	0.0000	0.0000	0.0000	0.0078	0.0044	0.0034	0.0013	0.0011	0.0002	0.0065	0.0033	0.0032
14	39	0.0775	11	2	0	1	0	0	0	1	0	0	0	1	1	0	0	0	0	0	0	Y	N	N	N	N	N	N	N	N	N	N	N	N	N	N	N	N	N	0.0000	0.0000	0.0000	0.0000	0.0000	0.0000	0.0000	0.0000	0.0000	0.0000	0.0000	0.0000	0.0000	0.0000	0.0000	0.0000	0.0000	0.0000	0.0001	0.0001	0.0001	0.0003	0.0003	0.0000	0.0001	0.0000	0.0001		0.3984	0.0000	-0.0000	0.0005	0.0031	1.9889	2.1400	0.0000	0.0000	0.0000	0.0000	0.0000	0.0000	0.0000	0.0000	0.0000	0.0000	0.0000	0.0000	0.0000	0.0000	0.0000	0.0000	0.0000	0.0000	0.0000	0.0000	0.0000	0.0000	0.0000	0.0000	0.0000	0.0000	0.0000	0.0043	0.0025	0.0018	0.0008	0.0007	0.0001	0.0035	0.0018	0.0017
14	40	0.0650	10	2	0	1	0	0	0	1	0	1	1	1	1	0	0	0	0	0	0	Y	N	N	N	N	N	N	N	N	N	N	N	N	N	N	N	N	N	0.0000	0.0000	0.0000	0.0000	0.0000	0.0000	0.0000	0.0000	0.0000	0.0000	0.0000	0.0000	0.0000	0.0000	0.0000	0.0000	0.0000	0.0000	0.0008	0.0011	0.0005	0.0053	0.0062	0.0005	0.0002	0.0000	0.0005		0.3780	0.0000	-0.0000	0.0005	0.9998	1.9889	9.0469	0.0000	0.0000	0.0000	0.0000	0.0000	0.0000	0.0000	0.0000	0.0000	0.0000	0.0000	0.0000	0.0000	0.0000	0.0000	0.0000	0.0000	0.0000	0.0000	0.0000	0.0000	0.0000	0.0000	0.0000	0.0000	0.0000	0.0000	0.0173	0.0095	0.0079	0.0019	0.0016	0.0003	0.0154	0.0078	0.0076
14	41	0.0498	9	2	0	1	0	1	0	1	0	0	0	0	0	0	0	0	0	0	0	Y	N	N	N	N	N	N	N	N	N	N	N	N	N	N	N	N	N	0.0000	0.0000	0.0000	0.0000	0.0000	0.0000	0.0000	0.0000	0.0000	0.0000	0.0000	0.0000	0.0000	0.0000	0.0000	0.0000	0.0000	0.0000	0.1793	0.0000	0.3895	0.0175	0.0000	0.1239	0.1941	0.0000	0.3965		29750.6671	0.0000	0.0011	0.0005	0.0021	1.9889	12.1494	0.0000	0.0000	0.0000	0.0000	0.0000	0.0000	0.0000	0.0000	0.0000	0.0037	0.0000	0.0037	0.0000	0.0000	0.0000	0.0037	0.0000	0.0037	0.0000	0.0000	0.0000	0.0000	0.0000	0.0000	0.0000	0.0000	0.0000	0.0206	0.0111	0.0095	0.0017	0.0015	0.0002	0.0188	0.0096	0.0092
14	47	0.0384	6	2	0	1	0	1	0	1	0	0	0	0	0	0	0	0	0	0	0	Y	N	N	N	N	N	N	N	N	N	N	N	N	N	N	N	N	N	0.1934	36.7548	0.0000	7.9256	7.7529	0.0000	0.0442	inf	0.0000	0.1027	0.1176	0.0000	0.1872	0.2086	0.0000	0.0252	0.0297	0.0000	0.5311	0.0032	1.1461	0.0236	0.0269	0.0000	0.5710	0.0000	1.1686	0.0000	307.4349	-0.0000	0.0035	0.0005	0.4020	1.9889	12.8060	0.0000	0.0000	0.0000	0.0000	0.0000	0.0000	0.0000	0.0000	0.0000	0.0120	0.0000	0.0120	0.0000	0.0000	0.0000	0.0120	0.0000	0.0120	0.0000	0.0000	0.0000	0.0000	0.0000	0.0000	0.0000	0.0000	0.0000	0.0226	0.0122	0.0104	0.0016	0.0014	0.0002	0.0210	0.0107	0.0102
15	16	0.0742	11	2	0	0	0	0	0	0	0	1	2	1	2	0	0	0	0	0	0	Y	N	N	N	N	Y	N	N	N	N	N	N	N	N	N	N	N	N	0.0000	0.0000	0.0000	0.0000	0.0000	0.0000	0.0000	0.0000	0.0000	0.0000	0.0000	0.0000	0.0000	0.0000	0.0000	0.0000	0.0000	0.0000	0.0000	0.0000	0.0000	0.0000	0.0000	0.0000	0.0000	0.0000	0.0000			0.0000	0.0000	1.6207	2.0004	6.0204	7.0278	0.0000	0.0000	0.0000	0.0000	0.0000	0.0000	0.0000	0.0000	0.0000	0.0000	0.0000	0.0000	0.0000	0.0000	0.0000	0.0000	0.0000	0.0000	0.0125	0.0107	0.0018	0.0003	0.0003	0.0000	0.0122	0.0105	0.0017	0.0566	0.0305	0.0261	0.0054	0.0044	0.0010	0.0512	0.0261	0.0251
15	17	0.0700	10	2	0	0	0	1	0	0	0	1	1	1	1	0	0	0	0	0	0	Y	N	N	N	N	N	N	N	N	N	N	N	N	N	N	N	N	N	0.0000	0.0000	0.0000	0.0000	0.0000	0.0000	0.0000	0.0000	0.0000	0.0000	0.0000	0.0000	0.0000	0.0000	0.0000	0.0000	0.0000	0.0000	0.0000	0.0000	0.0000	0.0000	0.0000	0.0000	0.0000	0.0000	0.0000			0.0000	0.0000	1.6207	1.7771	6.0204	2.0236	0.0000	0.0000	0.0000	0.0000	0.0000	0.0000	0.0000	0.0000	0.0000	0.0000	0.0000	0.0000	0.0000	0.0000	0.0000	0.0000	0.0000	0.0000	0.0125	0.0108	0.0017	0.0014	0.0013	0.0001	0.0111	0.0096	0.0016	0.0241	0.0130	0.0112	0.0022	0.0018	0.0004	0.0220	0.0112	0.0107
15	18	0.0241	3	2	0	1	1	0	0	1	1	1	1	2	2	0	0	0	0	0	0	Y	N	N	N	Y	Y	N	N	N	N	N	N	N	N	N	N	N	N	0.0000	0.0000	0.0000	0.0000	0.0000	0.0000	0.0000	0.0000	0.0000	0.0000	0.0000	0.0000	0.0000	0.0000	0.0000	0.0000	0.0000	0.0000	0.0002	0.0004	0.0000	0.0029	0.0032	0.0000	0.0000	0.0000	0.0000		0.0001	0.0000	-0.0000	1.6207	2.0000	6.0204	2.1077	0.0000	0.0000	0.0000	0.0000	0.0000	0.0000	0.0000	0.0000	0.0000	0.0000	0.0000	0.0000	0.0000	0.0000	0.0000	0.0000	0.0000	0.0000	0.0126	0.0108	0.0018	0.0000	0.0000	0.0000	0.0125	0.0108	0.0018	0.0293	0.0157	0.0136	0.0019	0.0018	0.0001	0.0274	0.0140	0.0134
15	19	0.0264	4	2	0	1	0	0	0	1	0	1	1	2	2	0	0	0	0	0	0	Y	N	N	N	Y	Y	N	N	N	N	N	N	N	N	N	N	N	N	0.0000	0.0000	0.0000	0.0000	0.0000	0.0000	0.0000	0.0000	0.0000	0.0000	0.0000	0.0000	0.0000	0.0000	0.0000	0.0000	0.0000	0.0000	0.0020	0.0035	0.0003	0.0333	0.0371	0.0000	0.0002	0.0000	0.0003		0.0810	0.0000	-0.0001	1.6207	6.0020	6.0204	2.9931	0.0000	0.0000	0.0000	0.0000	0.0000	0.0000	0.0000	0.0000	0.0000	0.0001	0.0001	0.0000	0.0001	0.0001	0.0000	0.0000	0.0000	0.0000	0.0374	0.0321	0.0053	0.0001	0.0001	0.0000	0.0373	0.0320	0.0053	0.0614	0.0327	0.0288	0.0034	0.0031	0.0003	0.0580	0.0296	0.0284
15	25	0.0251	4	2	0	1	0	0	0	0	0	1	2	1	2	0	0	0	0	0	0	Y	N	N	N	N	Y	N	N	N	N	N	N	N	N	N	N	N	N	0.0000	0.0000	0.0000	0.0000	0.0000	0.0000	0.0000	0.0000	0.0000	0.0000	0.0000	0.0000	0.0000	0.0000	0.0000	0.0000	0.0000	0.0000	0.0001	0.0002	0.0000	0.0019	0.0021	0.0000	0.0000	0.0000	0.0000		0.0000	0.0000	-0.0000	1.6207	0.9991	6.0204	4.0188	0.0000	0.0000	0.0000	0.0000	0.0000	0.0000	0.0000	0.0000	0.0000	0.0000	0.0000	0.0000	0.0000	0.0000	0.0000	0.0000	0.0000	0.0000	0.0089	0.0079	0.0010	0.0013	0.0013	0.0000	0.0076	0.0066	0.0010	0.0343	0.0180	0.0162	0.0017	0.0015	0.0001	0.0326	0.0165	0.0161
15	26	0.0169	3	2	0	0	0	0	0	0	0	2	2	2	2	0	0	0	0	0	0	Y	N	N	N	Y	Y	N	N	N	N	N	N	N	N	N	N	N	N	0.0000	0.0000	0.0000	0.0000	0.0000	0.0000	0.0000	0.0000	0.0000	0.0000	0.0000	0.0000	0.0000	0.0000	0.0000	0.0000	0.0000	0.0000	0.0140	0.0250	0.0001	0.1197	0.1216	0.0000	0.0000	0.0000	0.0001		0.0017	0.0000	-0.0007	1.6207	1.0082	6.0204	6.9189	0.0000	0.0000	0.0000	0.0000	0.0000	0.0000	0.0000	0.0000	0.0000	0.0010	0.0010	0.0000	0.0010	0.0010	0.0000	0.0000	0.0000	0.0000	0.0073	0.0063	0.0010	0.0001	0.0000	0.0000	0.0073	0.0063	0.0010	0.0735	0.0411	0.0324	0.0086	0.0084	0.0001	0.0649	0.0326	0.0323
15	27	0.0113	2	2	0	0	0	0	0	0	0	1	1	1	1	0	0	0	0	0	0	Y	N	N	N	N	N	N	N	N	N	N	N	N	N	N	N	N	N	0.0000	0.0000	0.0000	0.0000	0.0000	0.0000	0.0000	0.0000	0.0000	0.0000	0.0000	0.0000	0.0000	0.0000	0.0000	0.0000	0.0000	0.0000	0.0245	0.0373	0.0096	0.1496	0.1477	0.6351	0.0080	0.0070	0.0089		0.2194	0.0000	-0.0003	1.6207	0.9928	6.0204	2.1814	0.0000	0.0000	0.0000	0.0000	0.0000	0.0000	0.0000	0.0000	0.0000	0.0007	0.0005	0.0001	0.0005	0.0005	0.0000	0.0002	0.0001	0.0001	0.1911	0.1002	0.0908	0.0927	0.0924	0.0003	0.0983	0.0078	0.0905	0.0270	0.0145	0.0124	0.0031	0.0031	0.0000	0.0238	0.0114	0.0124
15	28	0.0292	5	2	0	1	0	0	0	0	0	2	1	2	1	0	0	0	0	0	0	Y	N	N	N	Y	N	N	N	N	N	N	N	N	N	N	N	N	N	0.0000	0.0000	0.0000	0.0000	0.0000	0.0000	0.0000	0.0000	0.0000	0.0000	0.0000	0.0000	0.0000	0.0000	0.0000	0.0000	0.0000	0.0000	5.9288	11.2262	0.0000	0.0001	0.0001	0.0000	6.1786	11.9581	0.0000		0.0000	0.0000	-0.7054	1.6207	8.9997	6.0204	18.0253	0.0000	0.0000	0.0000	0.0000	0.0000	0.0000	0.0000	0.0000	0.0000	0.9998	0.9998	0.0000	0.0000	0.0000	0.0000	0.9998	0.9998	0.0000	0.0557	0.0478	0.0078	0.0001	0.0001	0.0000	0.0555	0.0477	0.0078	0.1686	0.0891	0.0796	0.0068	0.0055	0.0014	0.1618	0.0836	0.0782
15	29	0.0251	4	2	0	1	0	0	0	0	0	1	1	1	1	0	0	0	0	0	0	Y	N	N	N	N	N	N	N	N	N	N	N	N	N	N	N	N	N	0.0000	0.0000	0.0000	0.0000	0.0000	0.0000	0.0000	0.0000	0.0000	0.0000	0.0000	0.0000	0.0000	0.0000	0.0000	0.0000	0.0000	0.0000	0.0001	0.0002	0.0000	0.0022	0.0024	0.0000	0.0000	0.0000	0.0000		0.0000	0.0000	-0.0000	1.6207	0.0009	6.0204	4.0025	0.0000	0.0000	0.0000	0.0000	0.0000	0.0000	0.0000	0.0000	0.0000	0.0000	0.0000	0.0000	0.0000	0.0000	0.0000	0.0000	0.0000	0.0000	0.0000	0.0000	0.0000	0.0000	0.0000	0.0000	0.0000	0.0000	0.0000	0.0276	0.0146	0.0130	0.0015	0.0014	0.0001	0.0262	0.0133	0.0129
15	30	0.0152	3	2	0	1	0	0	0	1	0	1	1	1	1	0	0	0	0	0	0	Y	N	N	N	N	N	N	N	N	N	N	N	N	N	N	N	N	N	28.9211	29.5557	0.0000	2.3535	2.3391	0.0000	0.0000	0.0000	0.0000	0.6379	1.2353	0.0000	1.2910	1.2933	0.0000	0.0000	0.0000	0.0000	0.0221	0.0418	0.0002	0.5486	0.5529	0.0017	0.0001	0.0000	0.0002	0.0000	0.0035	-0.0006	-0.0009	1.6207	0.0033	6.0204	7.9601	0.0010	0.0010	0.0000	0.0010	0.0010	0.0000	0.0000	0.0000	0.0000	0.0012	0.0012	0.0000	0.0012	0.0012	0.0000	0.0000	0.0000	0.0000	0.0015	0.0008	0.0007	0.0008	0.0008	0.0000	0.0008	0.0000	0.0007	0.0558	0.0293	0.0264	0.0022	0.0022	0.0000	0.0535	0.0271	0.0264
15	32	0.0152	3	2	0	0	0	0	0	0	0	2	2	2	2	0	0	0	0	0	0	Y	N	N	N	Y	Y	N	N	N	N	N	N	N	N	N	N	N	N	1.1158	0.6959	0.0000	0.2350	0.2347	0.0000	0.0000	0.0000	0.0000	0.0352	0.0404	0.0000	0.2147	0.2150	0.0000	0.0000	0.0000	0.0000	0.0315	0.0581	0.0024	0.9136	0.9162	0.6097	0.0010	0.0000	0.0020	0.0000	0.0369	-0.0006	-0.0015	1.6207	3.0008	6.0204	7.1090	0.0010	0.0010	0.0000	0.0010	0.0010	0.0000	0.0000	0.0000	0.0000	0.0022	0.0021	0.0001	0.0021	0.0021	0.0000	0.0001	0.0000	0.0001	0.0281	0.0244	0.0037	0.0046	0.0046	0.0000	0.0235	0.0198	0.0036	0.0695	0.0363	0.0331	0.0023	0.0023	0.0000	0.0672	0.0340	0.0331
15	33	0.0113	2	2	0	0	0	0	0	0	0	1	1	1	1	0	0	0	0	0	0	Y	N	N	N	N	N	N	N	N	N	N	N	N	N	N	N	N	N	9.8116	11.0465	0.5952	2.4581	2.4687	0.0060	1.1782	151.7313	0.6358	0.8762	1.7020	0.0081	1.7541	1.7603	0.0052	0.0078	0.0000	0.0081	0.0893	0.1541	0.0136	0.7136	0.7130	0.8654	0.0066	0.0000	0.0127	0.0045	0.0754	-0.0932	-0.0015	1.6207	0.2626	6.0204	2.8944	0.1625	0.1618	0.0007	0.1618	0.1618	0.0000	0.0007	0.0000	0.0007	0.0024	0.0022	0.0002	0.0022	0.0022	0.0000	0.0002	0.0000	0.0002	0.1854	0.0950	0.0904	0.0922	0.0919	0.0003	0.0932	0.0031	0.0901	0.0268	0.0145	0.0124	0.0031	0.0031	0.0000	0.0237	0.0113	0.0124
15	36	0.0539	7	1	0	0	0	0	0	0	0	1	1	1	2	0	0	0	0	0	0	N	N	N	N	N	Y	N	N	N	N	N	N	N	N	N	N	N	N	0.0000	0.0000	0.0000	0.0000	0.0000	0.0000	0.0000	0.0000	0.0000	0.0000	0.0000	0.0000	0.0000	0.0000	0.0000	0.0000	0.0000	0.0000	0.0000	0.0000	0.0000	0.0000	0.0000	0.0000	0.0000	0.0000	0.0000			0.0000	0.0000	1.6207	0.0000	6.0204	0.0000	0.0000	0.0000	0.0000	0.0000	0.0000	0.0000	0.0000	0.0000	0.0000	0.0000	0.0000	0.0000	0.0000	0.0000	0.0000	0.0000	0.0000	0.0000	0.0000	0.0000	0.0000	0.0000	0.0000	0.0000	0.0000	0.0000	0.0000	0.0000	0.0000	0.0000	0.0000	0.0000	0.0000	0.0000	0.0000	0.0000
15	37	0.0403	6	1	0	0	0	0	0	0	0	1	2	1	2	0	0	0	0	0	0	N	N	N	N	N	Y	N	N	N	N	N	N	N	N	N	N	N	N	0.0000	0.0000	0.0000	0.0000	0.0000	0.0000	0.0000	0.0000	0.0000	0.0000	0.0000	0.0000	0.0000	0.0000	0.0000	0.0000	0.0000	0.0000	0.0289	0.0000	0.0621	0.0000	0.0000	0.0000	0.0308	0.0000	0.0637		inf	0.0000	0.0006	1.6207	1.9922	6.0204	9.0553	0.0000	0.0000	0.0000	0.0000	0.0000	0.0000	0.0000	0.0000	0.0000	0.0021	0.0000	0.0021	0.0000	0.0000	0.0000	0.0021	0.0000	0.0021	0.0124	0.0107	0.0018	0.0001	0.0001	0.0000	0.0123	0.0106	0.0017	0.0714	0.0382	0.0332	0.0043	0.0035	0.0008	0.0671	0.0347	0.0324
15	38	0.0264	4	2	0	0	1	0	0	0	1	1	1	2	2	0	0	0	0	0	0	Y	N	N	N	Y	Y	N	N	N	N	N	N	N	N	N	N	N	N	0.0000	0.0000	0.0000	0.0000	0.0000	0.0000	0.0000	0.0000	0.0000	0.0000	0.0000	0.0000	0.0000	0.0000	0.0000	0.0000	0.0000	0.0000	0.0000	0.0000	0.0000	0.0003	0.0003	0.0000	0.0000	0.0000	0.0000		0.0000	0.0000	-0.0000	1.6207	3.9983	6.0204	0.1262	0.0000	0.0000	0.0000	0.0000	0.0000	0.0000	0.0000	0.0000	0.0000	0.0000	0.0000	0.0000	0.0000	0.0000	0.0000	0.0000	0.0000	0.0000	0.0250	0.0215	0.0035	0.0001	0.0001	0.0000	0.0249	0.0214	0.0035	0.0300	0.0163	0.0137	0.0024	0.0022	0.0002	0.0277	0.0141	0.0135
15	39	0.0241	3	2	0	0	0	0	0	0	0	1	1	2	2	0	0	0	0	0	0	Y	N	N	N	Y	Y	N	N	N	N	N	N	N	N	N	N	N	N	0.0000	0.0000	0.0000	0.0000	0.0000	0.0000	0.0000	0.0000	0.0000	0.0000	0.0000	0.0000	0.0000	0.0000	0.0000	0.0000	0.0000	0.0000	0.0073	0.0006	0.0156	0.0036	0.0038	0.0000	0.0077	0.0000	0.0158		20.7565	0.0000	0.0000	1.6207	0.0031	6.0204	2.1400	0.0000	0.0000	0.0000	0.0000	0.0000	0.0000	0.0000	0.0000	0.0000	0.0001	0.0000	0.0001	0.0000	0.0000	0.0000	0.0001	0.0000	0.0001	0.0000	0.0000	0.0000	0.0000	0.0000	0.0000	0.0000	0.0000	0.0000	0.0164	0.0091	0.0074	0.0015	0.0015	0.0001	0.0149	0.0076	0.0073
15	40	0.0116	2	2	0	0	0	0	0	0	0	2	2	2	2	0	0	0	0	0	0	Y	N	N	N	Y	Y	N	N	N	N	N	N	N	N	N	N	N	N	0.0000	0.0000	0.0000	0.0000	0.0000	0.0000	0.0000	0.0000	0.0000	0.0000	0.0000	0.0000	0.0000	0.0000	0.0000	0.0000	0.0000	0.0000	0.0125	0.0238	0.0004	0.2841	0.2850	0.1136	0.0002	0.0000	0.0003		0.0144	0.0000	-0.0006	1.6207	0.9998	6.0204	9.0469	0.0000	0.0000	0.0000	0.0000	0.0000	0.0000	0.0000	0.0000	0.0000	0.0009	0.0009	0.0000	0.0009	0.0009	0.0000	0.0000	0.0000	0.0000	0.0063	0.0054	0.0009	0.0000	0.0000	0.0000	0.0063	0.0054	0.0009	0.0706	0.0366	0.0340	0.0031	0.0031	0.0000	0.0675	0.0336	0.0340
15	42	0.0292	5	2	0	1	0	0	0	0	0	1	1	1	1	0	0	0	0	0	0	Y	N	N	N	N	N	N	N	N	N	N	N	N	N	N	N	N	N	0.0000	0.0000	0.0000	0.0000	0.0000	0.0000	0.0000	0.0000	0.0000	0.0000	0.0000	0.0000	0.0000	0.0000	0.0000	0.0000	0.0000	0.0000	10.3675	0.0000	21.9632	0.0002	0.0002	0.0000	10.8208	0.0000	22.3428		1456716.2006	0.0000	0.2944	1.6207	0.0000	6.0204	15.0005	0.0000	0.0000	0.0000	0.0000	0.0000	0.0000	0.0000	0.0000	0.0000	0.9999	0.0000	0.9999	0.0000	0.0000	0.0000	0.9999	0.0000	0.9999	0.0000	0.0000	0.0000	0.0000	0.0000	0.0000	0.0000	0.0000	0.0000	0.0964	0.0509	0.0455	0.0040	0.0033	0.0008	0.0924	0.0477	0.0448
15	43	0.0292	4	2	0	1	0	1	0	1	0	1	1	1	1	0	0	0	0	0	0	Y	N	N	N	N	N	N	N	N	N	N	N	N	N	N	N	N	N	0.0000	0.0000	0.0000	0.0000	0.0000	0.0000	0.0000	0.0000	0.0000	0.0000	0.0000	0.0000	0.0000	0.0000	0.0000	0.0000	0.0000	0.0000	0.1431	0.1980	0.0019	0.1484	0.1499	0.0000	0.1407	0.2363	0.0020		0.0038	0.0000	-0.0001	1.6207	0.0003	6.0204	0.0736	0.0000	0.0000	0.0000	0.0000	0.0000	0.0000	0.0000	0.0000	0.0000	0.0002	0.0002	0.0000	0.0001	0.0001	0.0000	0.0001	0.0001	0.0000	0.0000	0.0000	0.0000	0.0000	0.0000	0.0000	0.0000	0.0000	0.0000	0.0013	0.0009	0.0004	0.0004	0.0004	0.0000	0.0009	0.0005	0.0004
15	44	0.0530	7	2	0	1	0	1	0	1	0	1	1	1	1	0	0	0	0	0	0	Y	N	N	N	N	N	N	N	N	N	N	N	N	N	N	N	N	N	0.0000	0.0000	0.0000	0.0000	0.0000	0.0000	0.0000	0.0000	0.0000	0.0000	0.0000	0.0000	0.0000	0.0000	0.0000	0.0000	0.0000	0.0000	10.3907	19.2546	0.0000	0.0000	0.0000	0.0000	11.4358	22.3777	0.0000		0.0000	0.0000	-0.7053	1.6207	3.0000	6.0204	12.1057	0.0000	0.0000	0.0000	0.0000	0.0000	0.0000	0.0000	0.0000	0.0000	0.9997	0.9997	0.0000	0.0000	0.0000	0.0000	0.9997	0.9997	0.0000	0.0206	0.0178	0.0028	0.0012	0.0012	0.0000	0.0194	0.0166	0.0028	0.0962	0.0519	0.0443	0.0088	0.0072	0.0015	0.0874	0.0447	0.0427
15	46	0.0547	7	2	0	1	0	0	0	1	0	1	1	1	1	0	0	0	0	0	0	Y	N	N	N	N	N	N	N	N	N	N	N	N	N	N	N	N	N	0.0000	0.0000	0.0000	0.0000	0.0000	0.0000	0.0000	0.0000	0.0000	0.0000	0.0000	0.0000	0.0000	0.0000	0.0000	0.0000	0.0000	0.0000	0.0578	0.0999	0.0002	0.0046	0.0052	0.0000	0.0676	0.1298	0.0002		0.0014	0.0000	-0.0051	1.6207	3.9966	6.0204	13.2202	0.0000	0.0000	0.0000	0.0000	0.0000	0.0000	0.0000	0.0000	0.0000	0.0073	0.0072	0.0000	0.0001	0.0001	0.0000	0.0072	0.0072	0.0000	0.0263	0.0227	0.0036	0.0010	0.0010	0.0000	0.0253	0.0217	0.0036	0.1255	0.0725	0.0530	0.0194	0.0174	0.0020	0.1061	0.0551	0.0510
15	47	0.0382	6	2	0	0	0	1	0	0	0	1	1	1	1	0	0	0	0	0	0	Y	N	N	N	N	N	N	N	N	N	N	N	N	N	N	N	N	N	0.0000	0.0000	0.0000	0.0000	0.0000	0.0000	0.0000	0.0000	0.0000	0.0000	0.0000	0.0000	0.0000	0.0000	0.0000	0.0000	0.0000	0.0000	11.4693	21.3222	0.0525	0.0024	0.0028	0.0000	12.2917	23.8534	0.0537		0.0021	0.0000	-0.6993	1.6207	0.4020	6.0204	12.8060	0.0000	0.0000	0.0000	0.0000	0.0000	0.0000	0.0000	0.0000	0.0000	0.9940	0.9919	0.0021	0.0000	0.0000	0.0000	0.9940	0.9919	0.0021	0.0026	0.0023	0.0004	0.0001	0.0001	0.0000	0.0026	0.0022	0.0004	0.0867	0.0465	0.0401	0.0058	0.0049	0.0009	0.0809	0.0416	0.0393
15	50	0.0428	6	1	0	1	0	0	0	0	0	1	1	2	1	0	0	0	0	0	0	N	N	N	N	Y	N	N	N	N	N	N	N	N	N	N	N	N	N	0.0000	0.0000	0.0000	0.0000	0.0000	0.0000	0.0000	0.0000	0.0000	0.0000	0.0000	0.0000	0.0000	0.0000	0.0000	0.0000	0.0000	0.0000	0.0000	0.0000	0.0000	0.0000	0.0000	0.0000	0.0000	0.0000	0.0000			0.0000	0.0000	1.6207	0.0000	6.0204	2.0033	0.0000	0.0000	0.0000	0.0000	0.0000	0.0000	0.0000	0.0000	0.0000	0.0000	0.0000	0.0000	0.0000	0.0000	0.0000	0.0000	0.0000	0.0000	0.0000	0.0000	0.0000	0.0000	0.0000	0.0000	0.0000	0.0000	0.0000	0.0133	0.0071	0.0062	0.0009	0.0007	0.0002	0.0124	0.0063	0.0061
15	51	0.0354	5	1	0	1	0	0	0	0	0	2	1	2	1	0	0	0	0	0	0	N	N	N	N	Y	N	N	N	N	N	N	N	N	N	N	N	N	N	0.0000	0.0000	0.0000	0.0000	0.0000	0.0000	0.0000	0.0000	0.0000	0.0000	0.0000	0.0000	0.0000	0.0000	0.0000	0.0000	0.0000	0.0000	0.0000	0.0000	0.0000	0.0000	0.0000	0.0000	0.0000	0.0000	0.0000			0.0000	0.0000	1.6207	1.0000	6.0204	5.0066	0.0000	0.0000	0.0000	0.0000	0.0000	0.0000	0.0000	0.0000	0.0000	0.0000	0.0000	0.0000	0.0000	0.0000	0.0000	0.0000	0.0000	0.0000	0.0063	0.0054	0.0009	0.0000	0.0000	0.0000	0.0063	0.0054	0.0009	0.0392	0.0207	0.0186	0.0019	0.0015	0.0004	0.0374	0.0191	0.0182
15	56	0.0366	6	2	0	1	0	0	0	0	0	1	1	1	1	0	0	0	0	0	0	Y	N	N	N	N	N	N	N	N	N	N	N	N	N	N	N	N	N	0.0000	0.0000	0.0000	0.0000	0.0000	0.0000	0.0000	0.0000	0.0000	0.0000	0.0000	0.0000	0.0000	0.0000	0.0000	0.0000	0.0000	0.0000	0.0000	0.0000	0.0000	0.0000	0.0000	0.0000	0.0000	0.0000	0.0000			0.0000	0.0000	1.6207	0.9999	6.0204	3.0149	0.0000	0.0000	0.0000	0.0000	0.0000	0.0000	0.0000	0.0000	0.0000	0.0000	0.0000	0.0000	0.0000	0.0000	0.0000	0.0000	0.0000	0.0000	0.0063	0.0054	0.0009	0.0000	0.0000	0.0000	0.0063	0.0054	0.0009	0.0268	0.0142	0.0126	0.0016	0.0013	0.0003	0.0252	0.0129	0.0123
15	57	0.0404	7	1	0	0	0	0	0	0	0	1	2	1	2	0	0	0	0	0	0	N	N	N	N	N	Y	N	N	N	N	N	N	N	N	N	N	N	N	0.0000	0.0000	0.0000	0.0000	0.0000	0.0000	0.0000	0.0000	0.0000	0.0000	0.0000	0.0000	0.0000	0.0000	0.0000	0.0000	0.0000	0.0000	0.0000	0.0000	0.0000	0.0000	0.0000	0.0000	0.0000	0.0000	0.0000			0.0000	0.0000	1.6207	0.0000	6.0204	5.0023	0.0000	0.0000	0.0000	0.0000	0.0000	0.0000	0.0000	0.0000	0.0000	0.0000	0.0000	0.0000	0.0000	0.0000	0.0000	0.0000	0.0000	0.0000	0.0000	0.0000	0.0000	0.0000	0.0000	0.0000	0.0000	0.0000	0.0000	0.0328	0.0174	0.0155	0.0020	0.0016	0.0004	0.0308	0.0157	0.0151
15	59	0.0380	5	1	0	0	0	0	0	0	0	1	2	1	2	0	0	0	0	0	0	N	N	N	N	N	Y	N	N	N	N	N	N	N	N	N	N	N	N	0.0000	0.0000	0.0000	0.0000	0.0000	0.0000	0.0000	0.0000	0.0000	0.0000	0.0000	0.0000	0.0000	0.0000	0.0000	0.0000	0.0000	0.0000	14.0583	0.0000	29.7641	0.0000	0.0000	0.0000	14.8326	0.0000	30.4576		inf	0.0000	0.2944	1.6207	0.0000	6.0204	11.0002	0.0000	0.0000	0.0000	0.0000	0.0000	0.0000	0.0000	0.0000	0.0000	0.9999	0.0000	0.9999	0.0000	0.0000	0.0000	0.9999	0.0000	0.9999	0.0000	0.0000	0.0000	0.0000	0.0000	0.0000	0.0000	0.0000	0.0000	0.0711	0.0375	0.0336	0.0037	0.0029	0.0008	0.0674	0.0346	0.0328
15	60	0.0380	6	1	0	0	0	0	0	0	0	1	2	1	2	0	0	0	0	0	0	N	N	N	N	N	Y	N	N	N	N	N	N	N	N	N	N	N	N	0.0000	0.0000	0.0000	0.0000	0.0000	0.0000	0.0000	0.0000	0.0000	0.0000	0.0000	0.0000	0.0000	0.0000	0.0000	0.0000	0.0000	0.0000	17.1022	0.0000	36.1923	0.0000	0.0000	0.0000	18.0438	0.0000	37.0346		inf	0.0000	0.2943	1.6207	0.0000	6.0204	9.0002	0.0000	0.0000	0.0000	0.0000	0.0000	0.0000	0.0000	0.0000	0.0000	0.9997	0.0000	0.9997	0.0000	0.0000	0.0000	0.9997	0.0000	0.9997	0.0000	0.0000	0.0000	0.0000	0.0000	0.0000	0.0000	0.0000	0.0000	0.0585	0.0308	0.0276	0.0031	0.0024	0.0006	0.0554	0.0284	0.0270
15	63	0.0404	7	2	0	1	0	0	0	0	0	1	1	2	1	0	0	0	0	0	0	Y	N	N	N	Y	N	N	N	N	N	N	N	N	N	N	N	N	N	0.0000	0.0000	0.0000	0.0000	0.0000	0.0000	0.0000	0.0000	0.0000	0.0000	0.0000	0.0000	0.0000	0.0000	0.0000	0.0000	0.0000	0.0000	0.0000	0.0000	0.0000	0.0000	0.0000	0.0000	0.0000	0.0000	0.0000			0.0000	0.0000	1.6207	0.0000	6.0204	0.0000	0.0000	0.0000	0.0000	0.0000	0.0000	0.0000	0.0000	0.0000	0.0000	0.0000	0.0000	0.0000	0.0000	0.0000	0.0000	0.0000	0.0000	0.0000	0.0000	0.0000	0.0000	0.0000	0.0000	0.0000	0.0000	0.0000	0.0000	0.0000	0.0000	0.0000	0.0000	0.0000	0.0000	0.0000	0.0000	0.0000
15	64	0.0366	6	2	0	1	0	0	0	0	0	2	1	2	1	0	0	0	0	0	0	Y	N	N	N	Y	N	N	N	N	N	N	N	N	N	N	N	N	N	0.0000	0.0000	0.0000	0.0000	0.0000	0.0000	0.0000	0.0000	0.0000	0.0000	0.0000	0.0000	0.0000	0.0000	0.0000	0.0000	0.0000	0.0000	0.0000	0.0000	0.0000	0.0000	0.0000	0.0000	0.0000	0.0000	0.0000			0.0000	0.0000	1.6207	0.0001	6.0204	3.0132	0.0000	0.0000	0.0000	0.0000	0.0000	0.0000	0.0000	0.0000	0.0000	0.0000	0.0000	0.0000	0.0000	0.0000	0.0000	0.0000	0.0000	0.0000	0.0000	0.0000	0.0000	0.0000	0.0000	0.0000	0.0000	0.0000	0.0000	0.0202	0.0107	0.0095	0.0012	0.0010	0.0002	0.0190	0.0097	0.0093
15	65	0.0354	5	2	0	1	0	1	0	0	0	1	1	1	1	0	0	0	0	0	0	Y	N	N	N	N	N	N	N	N	N	N	N	N	N	N	N	N	N	0.0000	0.0000	0.0000	0.0000	0.0000	0.0000	0.0000	0.0000	0.0000	0.0000	0.0000	0.0000	0.0000	0.0000	0.0000	0.0000	0.0000	0.0000	0.0000	0.0000	0.0000	0.0000	0.0000	0.0000	0.0000	0.0000	0.0000			0.0000	0.0000	1.6207	0.0001	6.0204	0.9885	0.0000	0.0000	0.0000	0.0000	0.0000	0.0000	0.0000	0.0000	0.0000	0.0000	0.0000	0.0000	0.0000	0.0000	0.0000	0.0000	0.0000	0.0000	0.0000	0.0000	0.0000	0.0000	0.0000	0.0000	0.0000	0.0000	0.0000	0.0066	0.0035	0.0031	0.0003	0.0003	0.0001	0.0062	0.0032	0.0031
16	18	0.0862	11	2	0	1	1	0	0	1	1	0	1	1	2	0	0	0	0	0	0	Y	N	N	N	N	Y	N	N	N	N	N	N	N	N	N	N	N	N	0.0000	0.0000	0.0000	0.0000	0.0000	0.0000	0.0000	0.0000	0.0000	0.0000	0.0000	0.0000	0.0000	0.0000	0.0000	0.0000	0.0000	0.0000	0.0000	0.0000	0.0000	0.0000	0.0000	0.0000	0.0000	0.0000	0.0000		0.0000	0.0000	-0.0000	2.0004	2.0000	7.0278	2.1077	0.0000	0.0000	0.0000	0.0000	0.0000	0.0000	0.0000	0.0000	0.0000	0.0000	0.0000	0.0000	0.0000	0.0000	0.0000	0.0000	0.0000	0.0000	0.0154	0.0132	0.0022	0.0004	0.0003	0.0000	0.0150	0.0129	0.0021	0.0331	0.0185	0.0146	0.0048	0.0041	0.0007	0.0283	0.0144	0.0139
16	19	0.0886	12	2	0	1	0	0	0	1	0	0	1	1	2	0	0	0	0	0	0	Y	N	N	N	N	Y	N	N	N	N	N	N	N	N	N	N	N	N	0.0000	0.0000	0.0000	0.0000	0.0000	0.0000	0.0000	0.0000	0.0000	0.0000	0.0000	0.0000	0.0000	0.0000	0.0000	0.0000	0.0000	0.0000	0.0010	0.0018	0.0000	0.0074	0.0088	0.0001	0.0000	0.0000	0.0000		0.0018	0.0000	-0.0000	2.0004	6.0020	7.0278	2.9931	0.0000	0.0000	0.0000	0.0000	0.0000	0.0000	0.0000	0.0000	0.0000	0.0001	0.0001	0.0000	0.0001	0.0001	0.0000	0.0000	0.0000	0.0000	0.0457	0.0393	0.0064	0.0011	0.0010	0.0001	0.0446	0.0383	0.0063	0.0694	0.0384	0.0309	0.0096	0.0080	0.0016	0.0598	0.0305	0.0293
16	25	0.0916	14	2	0	1	0	0	0	0	0	0	2	0	2	0	0	0	0	0	0	Y	N	N	N	N	Y	N	N	N	N	N	N	N	N	N	N	N	N	0.0000	0.0000	0.0000	0.0000	0.0000	0.0000	0.0000	0.0000	0.0000	0.0000	0.0000	0.0000	0.0000	0.0000	0.0000	0.0000	0.0000	0.0000	0.0000	0.0000	0.0000	0.0000	0.0000	0.0000	0.0000	0.0000	0.0000			0.0000	0.0000	2.0004	0.9991	7.0278	4.0188	0.0000	0.0000	0.0000	0.0000	0.0000	0.0000	0.0000	0.0000	0.0000	0.0000	0.0000	0.0000	0.0000	0.0000	0.0000	0.0000	0.0000	0.0000	0.0077	0.0066	0.0011	0.0001	0.0001	0.0000	0.0076	0.0065	0.0011	0.0387	0.0214	0.0174	0.0049	0.0041	0.0008	0.0338	0.0173	0.0165
16	26	0.0833	13	2	0	0	0	0	0	0	0	1	2	1	2	0	0	0	0	0	0	Y	N	N	N	N	Y	N	N	N	N	N	N	N	N	N	N	N	N	0.0000	0.0000	0.0000	0.0000	0.0000	0.0000	0.0000	0.0000	0.0000	0.0000	0.0000	0.0000	0.0000	0.0000	0.0000	0.0000	0.0000	0.0000	0.0007	0.0013	0.0000	0.0034	0.0043	0.0001	0.0000	0.0000	0.0000		0.0074	0.0000	-0.0000	2.0004	1.0082	7.0278	6.9189	0.0000	0.0000	0.0000	0.0000	0.0000	0.0000	0.0000	0.0000	0.0000	0.0001	0.0001	0.0000	0.0001	0.0001	0.0000	0.0000	0.0000	0.0000	0.0090	0.0077	0.0012	0.0003	0.0002	0.0000	0.0087	0.0075	0.0012	0.0811	0.0463	0.0348	0.0177	0.0139	0.0038	0.0634	0.0324	0.0310
16	27	0.0777	12	2	0	0	0	0	0	0	0	0	1	0	1	0	0	0	0	0	0	Y	N	N	N	N	N	N	N	N	N	N	N	N	N	N	N	N	N	0.0000	0.0000	0.0000	0.0000	0.0000	0.0000	0.0000	0.0000	0.0000	0.0000	0.0000	0.0000	0.0000	0.0000	0.0000	0.0000	0.0000	0.0000	0.0021	0.0025	0.0016	0.0001	0.0001	0.0000	0.0026	0.0036	0.0017		0.4946	0.0000	-0.0000	2.0004	0.9928	7.0278	2.1814	0.0000	0.0000	0.0000	0.0000	0.0000	0.0000	0.0000	0.0000	0.0000	0.0001	0.0000	0.0000	0.0000	0.0000	0.0000	0.0001	0.0000	0.0000	0.0077	0.0066	0.0011	0.0001	0.0001	0.0000	0.0075	0.0065	0.0011	0.0288	0.0160	0.0128	0.0060	0.0048	0.0012	0.0228	0.0112	0.0116
16	28	0.0562	9	2	0	1	0	0	0	0	0	1	1	1	1	0	0	0	0	0	0	Y	N	N	N	N	N	N	N	N	N	N	N	N	N	N	N	N	N	8.9701	0.0000	249209.4977	9.2307	0.0000	167723.6466	147589.8458	0.0000	1016873.9256	0.0023	0.0000	0.0168	0.0371	0.0000	0.3899	0.0016	0.0000	0.0117	0.0003	0.0005	0.0000	0.0040	0.0048	0.0000	0.0000	0.0000	0.0000	inf	0.0001	0.0001	-0.0000	2.0004	8.9997	7.0278	18.0253	0.0002	0.0000	0.0002	0.0000	0.0000	0.0000	0.0001	0.0000	0.0001	0.0001	0.0001	0.0000	0.0001	0.0001	0.0000	0.0000	0.0000	0.0000	0.0683	0.0587	0.0095	0.0013	0.0012	0.0001	0.0669	0.0575	0.0094	0.1921	0.1029	0.0892	0.0125	0.0103	0.0022	0.1796	0.0925	0.0871
16	29	0.0916	14	2	0	1	0	0	0	0	0	0	1	0	1	0	0	0	0	0	0	Y	N	N	N	N	N	N	N	N	N	N	N	N	N	N	N	N	N	0.0000	0.0000	0.0000	0.0000	0.0000	0.0000	0.0000	0.0000	0.0000	0.0000	0.0000	0.0000	0.0000	0.0000	0.0000	0.0000	0.0000	0.0000	0.0000	0.0000	0.0000	0.0000	0.0000	0.0000	0.0000	0.0000	0.0000			0.0000	0.0000	2.0004	0.0009	7.0278	4.0025	0.0000	0.0000	0.0000	0.0000	0.0000	0.0000	0.0000	0.0000	0.0000	0.0000	0.0000	0.0000	0.0000	0.0000	0.0000	0.0000	0.0000	0.0000	0.0000	0.0000	0.0000	0.0000	0.0000	0.0000	0.0000	0.0000	0.0000	0.0313	0.0173	0.0140	0.0041	0.0034	0.0007	0.0272	0.0139	0.0133
16	30	0.0817	13	2	0	1	0	0	0	1	0	0	1	0	1	0	0	0	0	0	0	Y	N	N	N	N	N	N	N	N	N	N	N	N	N	N	N	N	N	0.0000	0.0000	0.0000	0.0000	0.0000	0.0000	0.0000	0.0000	0.0000	0.0000	0.0000	0.0000	0.0000	0.0000	0.0000	0.0000	0.0000	0.0000	0.0000	0.0000	0.0000	0.0000	0.0000	0.0000	0.0000	0.0000	0.0000			0.0000	0.0000	2.0004	0.0033	7.0278	7.9601	0.0000	0.0000	0.0000	0.0000	0.0000	0.0000	0.0000	0.0000	0.0000	0.0000	0.0000	0.0000	0.0000	0.0000	0.0000	0.0000	0.0000	0.0000	0.0000	0.0000	0.0000	0.0000	0.0000	0.0000	0.0000	0.0000	0.0000	0.0627	0.0344	0.0283	0.0087	0.0068	0.0018	0.0540	0.0275	0.0265
16	32	0.0817	13	2	0	0	0	0	0	0	0	1	2	1	2	0	0	0	0	0	0	Y	N	N	N	N	Y	N	N	N	N	N	N	N	N	N	N	N	N	0.0000	0.0000	0.0000	0.0000	0.0000	0.0000	0.0000	0.0000	0.0000	0.0000	0.0000	0.0000	0.0000	0.0000	0.0000	0.0000	0.0000	0.0000	0.0000	0.0000	0.0000	0.0000	0.0000	0.0000	0.0000	0.0000	0.0000			0.0000	0.0000	2.0004	3.0008	7.0278	7.1090	0.0000	0.0000	0.0000	0.0000	0.0000	0.0000	0.0000	0.0000	0.0000	0.0000	0.0000	0.0000	0.0000	0.0000	0.0000	0.0000	0.0000	0.0000	0.0231	0.0198	0.0032	0.0004	0.0003	0.0000	0.0227	0.0195	0.0032	0.0782	0.0427	0.0355	0.0101	0.0080	0.0021	0.0681	0.0347	0.0334
16	33	0.0777	12	2	0	0	0	0	0	0	0	0	1	0	1	0	0	0	0	0	0	Y	N	N	N	N	N	N	N	N	N	N	N	N	N	N	N	N	N	0.0000	0.0000	0.0000	0.0000	0.0000	0.0000	0.0000	0.0000	0.0000	0.0000	0.0000	0.0000	0.0000	0.0000	0.0000	0.0000	0.0000	0.0000	0.0003	0.0006	0.0000	0.0017	0.0021	0.0000	0.0000	0.0000	0.0000		0.0002	0.0000	-0.0000	2.0004	0.2626	7.0278	2.8944	0.0000	0.0000	0.0000	0.0000	0.0000	0.0000	0.0000	0.0000	0.0000	0.0000	0.0000	0.0000	0.0000	0.0000	0.0000	0.0000	0.0000	0.0000	0.0020	0.0017	0.0003	0.0000	0.0000	0.0000	0.0020	0.0017	0.0003	0.0287	0.0159	0.0127	0.0059	0.0048	0.0012	0.0227	0.0112	0.0116
16	34	0.0759	11	2	0	0	0	0	0	0	0	0	1	0	1	0	0	0	0	0	0	Y	N	N	N	N	N	N	N	N	N	N	N	N	N	N	N	N	N	0.0000	0.0000	0.0000	0.0000	0.0000	0.0000	0.0000	0.0000	0.0000	0.0000	0.0000	0.0000	0.0000	0.0000	0.0000	0.0000	0.0000	0.0000	0.0007	0.0013	0.0000	0.0000	0.0000	0.0000	0.0008	0.0015	0.0000		0.0000	0.0000	-0.0000	2.0004	0.4435	7.0278	1.4154	0.0000	0.0000	0.0000	0.0000	0.0000	0.0000	0.0000	0.0000	0.0000	0.0000	0.0000	0.0000	0.0000	0.0000	0.0000	0.0000	0.0000	0.0000	0.0034	0.0030	0.0005	0.0001	0.0001	0.0000	0.0034	0.0029	0.0005	0.0143	0.0077	0.0065	0.0015	0.0012	0.0003	0.0128	0.0065	0.0063
16	35	0.0738	10	2	0	0	0	0	0	0	0	0	1	0	1	0	0	0	0	0	0	Y	N	N	N	N	N	N	N	N	N	N	N	N	N	N	N	N	N	0.0000	0.0000	0.0000	0.0000	0.0000	0.0000	0.0000	0.0000	0.0000	0.0000	0.0000	0.0000	0.0000	0.0000	0.0000	0.0000	0.0000	0.0000	0.0002	0.0000	0.0005	0.0001	0.0000	0.0005	0.0003	0.0000	0.0005		inf	0.0000	0.0000	2.0004	0.0004	7.0278	1.8965	0.0000	0.0000	0.0000	0.0000	0.0000	0.0000	0.0000	0.0000	0.0000	0.0000	0.0000	0.0000	0.0000	0.0000	0.0000	0.0000	0.0000	0.0000	0.0000	0.0000	0.0000	0.0000	0.0000	0.0000	0.0000	0.0000	0.0000	0.0159	0.0088	0.0071	0.0022	0.0019	0.0003	0.0137	0.0069	0.0068
16	36	0.0709	9	1	0	0	0	0	0	0	0	0	1	0	2	0	0	0	0	0	0	N	N	N	N	N	Y	N	N	N	N	N	N	N	N	N	N	N	N	0.0000	0.0000	0.0000	0.0000	0.0000	0.0000	0.0000	0.0000	0.0000	0.0000	0.0000	0.0000	0.0000	0.0000	0.0000	0.0000	0.0000	0.0000	0.0000	0.0000	0.0000	0.0000	0.0000	0.0000	0.0000	0.0000	0.0000			0.0000	0.0000	2.0004	0.0000	7.0278	0.0000	0.0000	0.0000	0.0000	0.0000	0.0000	0.0000	0.0000	0.0000	0.0000	0.0000	0.0000	0.0000	0.0000	0.0000	0.0000	0.0000	0.0000	0.0000	0.0000	0.0000	0.0000	0.0000	0.0000	0.0000	0.0000	0.0000	0.0000	0.0000	0.0000	0.0000	0.0000	0.0000	0.0000	0.0000	0.0000	0.0000
16	37	0.0573	8	1	0	0	0	0	0	0	0	0	2	0	2	0	0	0	0	0	0	N	N	N	N	N	Y	N	N	N	N	N	N	N	N	N	N	N	N	0.0000	0.0000	0.0000	0.0000	0.0000	0.0000	0.0000	0.0000	0.0000	0.0000	0.0000	0.0000	0.0000	0.0000	0.0000	0.0000	0.0000	0.0000	0.0073	0.0134	0.0000	0.0985	0.1168	0.0000	0.0000	0.0000	0.0000		0.0000	0.0000	-0.0004	2.0004	1.9922	7.0278	9.0553	0.0000	0.0000	0.0000	0.0000	0.0000	0.0000	0.0000	0.0000	0.0000	0.0006	0.0006	0.0000	0.0006	0.0006	0.0000	0.0000	0.0000	0.0000	0.0153	0.0132	0.0022	0.0003	0.0003	0.0000	0.0150	0.0129	0.0021	0.0826	0.0446	0.0380	0.0061	0.0051	0.0010	0.0765	0.0395	0.0370
16	38	0.0886	12	2	0	0	1	0	0	0	1	0	1	1	2	0	0	0	0	0	0	Y	N	N	N	N	Y	N	N	N	N	N	N	N	N	N	N	N	N	0.0000	0.0000	0.0000	0.0000	0.0000	0.0000	0.0000	0.0000	0.0000	0.0000	0.0000	0.0000	0.0000	0.0000	0.0000	0.0000	0.0000	0.0000	0.0012	0.0021	0.0000	0.0075	0.0087	0.0000	0.0000	0.0000	0.0000		0.0000	0.0000	-0.0000	2.0004	3.9983	7.0278	0.1262	0.0000	0.0000	0.0000	0.0000	0.0000	0.0000	0.0000	0.0000	0.0000	0.0000	0.0000	0.0000	0.0000	0.0000	0.0000	0.0000	0.0000	0.0000	0.0306	0.0263	0.0043	0.0008	0.0007	0.0001	0.0298	0.0256	0.0042	0.0340	0.0192	0.0148	0.0054	0.0046	0.0007	0.0286	0.0146	0.0140
16	39	0.0862	11	2	0	0	0	0	0	0	0	0	1	1	2	0	0	0	0	0	0	Y	N	N	N	N	Y	N	N	N	N	N	N	N	N	N	N	N	N	0.0000	0.0000	0.0000	0.0000	0.0000	0.0000	0.0000	0.0000	0.0000	0.0000	0.0000	0.0000	0.0000	0.0000	0.0000	0.0000	0.0000	0.0000	0.0059	0.0103	0.0000	0.0001	0.0001	0.0000	0.0071	0.0139	0.0000		0.0010	0.0000	-0.0001	2.0004	0.0031	7.0278	2.1400	0.0000	0.0000	0.0000	0.0000	0.0000	0.0000	0.0000	0.0000	0.0000	0.0001	0.0001	0.0000	0.0000	0.0000	0.0000	0.0001	0.0001	0.0000	0.0000	0.0000	0.0000	0.0000	0.0000	0.0000	0.0000	0.0000	0.0000	0.0186	0.0107	0.0079	0.0031	0.0028	0.0004	0.0155	0.0079	0.0076
16	40	0.0738	10	2	0	0	0	0	0	0	0	1	2	1	2	0	0	0	0	0	0	Y	N	N	N	N	Y	N	N	N	N	N	N	N	N	N	N	N	N	0.0000	0.0000	0.0000	0.0000	0.0000	0.0000	0.0000	0.0000	0.0000	0.0000	0.0000	0.0000	0.0000	0.0000	0.0000	0.0000	0.0000	0.0000	0.0002	0.0002	0.0001	0.0013	0.0016	0.0001	0.0001	0.0000	0.0001		0.3780	0.0000	-0.0000	2.0004	0.9998	7.0278	9.0469	0.0000	0.0000	0.0000	0.0000	0.0000	0.0000	0.0000	0.0000	0.0000	0.0000	0.0000	0.0000	0.0000	0.0000	0.0000	0.0000	0.0000	0.0000	0.0077	0.0066	0.0011	0.0002	0.0002	0.0000	0.0076	0.0065	0.0011	0.0753	0.0407	0.0346	0.0075	0.0062	0.0013	0.0678	0.0345	0.0332
16	41	0.0586	9	2	0	0	0	1	0	0	0	0	1	0	1	0	0	0	0	0	0	Y	N	N	N	N	N	N	N	N	N	N	N	N	N	N	N	N	N	0.0000	0.0000	0.0000	0.0000	0.0000	0.0000	0.0000	0.0000	0.0000	0.0000	0.0000	0.0000	0.0000	0.0000	0.0000	0.0000	0.0000	0.0000	0.0412	0.0000	0.0887	0.0046	0.0000	0.0278	0.0441	0.0000	0.0903		29750.6671	0.0000	0.0011	2.0004	0.0021	7.0278	12.1494	0.0000	0.0000	0.0000	0.0000	0.0000	0.0000	0.0000	0.0000	0.0000	0.0037	0.0000	0.0037	0.0000	0.0000	0.0000	0.0037	0.0000	0.0037	0.0000	0.0000	0.0000	0.0000	0.0000	0.0000	0.0000	0.0000	0.0000	0.0894	0.0478	0.0415	0.0064	0.0054	0.0011	0.0829	0.0425	0.0405
16	42	0.0562	9	2	0	1	0	0	0	0	0	0	1	0	1	0	0	0	0	0	0	Y	N	N	N	N	N	N	N	N	N	N	N	N	N	N	N	N	N	0.0000	0.0000	0.0000	0.0000	0.0000	0.0000	0.0000	0.0000	0.0000	0.0000	0.0000	0.0000	0.0000	0.0000	0.0000	0.0000	0.0000	0.0000	0.0335	0.0000	0.0723	0.0041	0.0000	0.0246	0.0357	0.0000	0.0734		inf	0.0000	0.0011	2.0004	0.0000	7.0278	15.0005	0.0000	0.0000	0.0000	0.0000	0.0000	0.0000	0.0000	0.0000	0.0000	0.0037	0.0000	0.0037	0.0000	0.0000	0.0000	0.0037	0.0000	0.0037	0.0000	0.0000	0.0000	0.0000	0.0000	0.0000	0.0000	0.0000	0.0000	0.1100	0.0589	0.0510	0.0074	0.0062	0.0012	0.1026	0.0528	0.0498
16	43	0.0562	8	2	0	1	0	1	0	1	0	0	1	0	1	0	0	0	0	0	0	Y	N	N	N	N	N	N	N	N	N	N	N	N	N	N	N	N	N	12.3456	0.0000	34.1291	103.2118	0.0000	845.5938	8.4690	0.0000	17.4408	0.0026	0.0000	0.0155	0.0313	0.0000	0.6134	0.0014	0.0000	0.0079	0.0002	0.0001	0.0005	0.0003	0.0003	0.0007	0.0002	0.0000	0.0005	inf	0.9843	0.0000	-0.0000	2.0004	0.0003	7.0278	0.0736	0.0000	0.0000	0.0000	0.0000	0.0000	0.0000	0.0000	0.0000	0.0000	0.0000	0.0000	0.0000	0.0000	0.0000	0.0000	0.0000	0.0000	0.0000	0.0000	0.0000	0.0000	0.0000	0.0000	0.0000	0.0000	0.0000	0.0000	0.0018	0.0014	0.0004	0.0006	0.0006	0.0000	0.0011	0.0007	0.0004
16	44	0.0324	5	2	0	1	0	1	0	1	0	0	1	0	1	0	0	0	0	0	0	Y	N	N	N	N	N	N	N	N	N	N	N	N	N	N	N	N	N	0.0000	0.0000	0.0000	0.0000	0.0000	0.0000	0.0000	0.0000	0.0000	0.0000	0.0000	0.0000	0.0000	0.0000	0.0000	0.0000	0.0000	0.0000	0.0000	0.0000	0.0000	0.0000	0.0000	0.0000	0.0000	0.0000	0.0000			0.0000	0.0000	2.0004	3.0000	7.0278	12.1057	0.0000	0.0000	0.0000	0.0000	0.0000	0.0000	0.0000	0.0000	0.0000	0.0000	0.0000	0.0000	0.0000	0.0000	0.0000	0.0000	0.0000	0.0000	0.0278	0.0241	0.0038	0.0045	0.0041	0.0004	0.0234	0.0200	0.0034	0.1136	0.0601	0.0535	0.0039	0.0035	0.0003	0.1097	0.0565	0.0531
16	46	0.0637	7	2	0	1	0	0	0	1	0	0	1	0	1	0	0	0	0	0	0	Y	N	N	N	N	N	N	N	N	N	N	N	N	N	N	N	N	N	34.0834	112.0946	0.0000	777.0173	723.1277	0.0000	0.0000	0.0000	0.0000	0.0559	0.0649	0.0000	1.6147	1.6597	0.0000	0.0000	0.0000	0.0000	0.0016	0.0006	0.0031	0.0021	0.0023	0.0000	0.0016	0.0000	0.0032	0.0000	3.8688	-0.0011	0.0000	2.0004	3.9966	7.0278	13.2202	0.0018	0.0018	0.0000	0.0018	0.0018	0.0000	0.0000	0.0000	0.0000	0.0002	0.0000	0.0002	0.0000	0.0000	0.0000	0.0002	0.0000	0.0002	0.0325	0.0280	0.0045	0.0011	0.0011	0.0000	0.0314	0.0269	0.0045	0.1482	0.0863	0.0619	0.0240	0.0218	0.0023	0.1242	0.0645	0.0597
16	47	0.0472	6	2	0	0	0	1	0	0	0	0	1	0	1	0	0	0	0	0	0	Y	N	N	N	N	N	N	N	N	N	N	N	N	N	N	N	N	N	165.4182	0.0020	4540.7814	0.0004	0.0003	0.0000	479.1872	0.0074	4502.0140	0.5503	0.0000	4.0252	0.0000	0.0000	0.0000	0.5741	0.0000	4.0675	0.0033	0.0055	0.0009	0.0359	0.0421	0.0000	0.0012	0.0015	0.0009	57771.9999	0.1419	0.0008	-0.0002	2.0004	0.4020	7.0278	12.8060	0.0018	0.0000	0.0018	0.0000	0.0000	0.0000	0.0018	0.0000	0.0018	0.0003	0.0003	0.0000	0.0002	0.0002	0.0000	0.0001	0.0001	0.0000	0.0033	0.0029	0.0005	0.0001	0.0001	0.0000	0.0032	0.0027	0.0004	0.0983	0.0525	0.0459	0.0060	0.0051	0.0009	0.0923	0.0473	0.0450
16	56	0.0684	12	2	0	1	0	0	0	0	0	0	1	0	1	0	0	0	0	0	0	Y	N	N	N	N	N	N	N	N	N	N	N	N	N	N	N	N	N	0.0000	0.0000	0.0000	0.0000	0.0000	0.0000	0.0000	0.0000	0.0000	0.0000	0.0000	0.0000	0.0000	0.0000	0.0000	0.0000	0.0000	0.0000	0.0000	0.0000	0.0000	0.0000	0.0000	0.0000	0.0000	0.0000	0.0000			0.0000	0.0000	2.0004	0.9999	7.0278	3.0149	0.0000	0.0000	0.0000	0.0000	0.0000	0.0000	0.0000	0.0000	0.0000	0.0000	0.0000	0.0000	0.0000	0.0000	0.0000	0.0000	0.0000	0.0000	0.0077	0.0067	0.0011	0.0002	0.0002	0.0000	0.0076	0.0065	0.0011	0.0303	0.0163	0.0140	0.0028	0.0023	0.0005	0.0275	0.0139	0.0135
16	57	0.0722	13	1	0	0	0	0	0	0	0	0	2	0	2	0	0	0	0	0	0	N	N	N	N	N	Y	N	N	N	N	N	N	N	N	N	N	N	N	0.0000	0.0000	0.0000	0.0000	0.0000	0.0000	0.0000	0.0000	0.0000	0.0000	0.0000	0.0000	0.0000	0.0000	0.0000	0.0000	0.0000	0.0000	0.0000	0.0000	0.0000	0.0000	0.0000	0.0000	0.0000	0.0000	0.0000			0.0000	0.0000	2.0004	0.0000	7.0278	5.0023	0.0000	0.0000	0.0000	0.0000	0.0000	0.0000	0.0000	0.0000	0.0000	0.0000	0.0000	0.0000	0.0000	0.0000	0.0000	0.0000	0.0000	0.0000	0.0000	0.0000	0.0000	0.0000	0.0000	0.0000	0.0000	0.0000	0.0000	0.0371	0.0198	0.0173	0.0034	0.0028	0.0006	0.0338	0.0171	0.0167
16	59	0.0698	11	1	0	0	0	0	0	0	0	0	2	0	2	0	0	0	0	0	0	N	N	N	N	N	Y	N	N	N	N	N	N	N	N	N	N	N	N	0.0000	0.0000	0.0000	0.0000	0.0000	0.0000	0.0000	0.0000	0.0000	0.0000	0.0000	0.0000	0.0000	0.0000	0.0000	0.0000	0.0000	0.0000	0.0685	0.1287	0.0000	0.8631	1.0491	0.0000	0.0000	0.0000	0.0000		0.0000	0.0000	-0.0039	2.0004	0.0000	7.0278	11.0002	0.0000	0.0000	0.0000	0.0000	0.0000	0.0000	0.0000	0.0000	0.0000	0.0055	0.0055	0.0000	0.0055	0.0055	0.0000	0.0000	0.0000	0.0000	0.0000	0.0000	0.0000	0.0000	0.0000	0.0000	0.0000	0.0000	0.0000	0.0804	0.0428	0.0376	0.0064	0.0053	0.0011	0.0741	0.0376	0.0365
16	60	0.0698	12	1	0	0	0	0	0	0	0	0	2	0	2	0	0	0	0	0	0	N	N	N	N	N	Y	N	N	N	N	N	N	N	N	N	N	N	N	0.0000	0.0000	0.0000	0.0000	0.0000	0.0000	0.0000	0.0000	0.0000	0.0000	0.0000	0.0000	0.0000	0.0000	0.0000	0.0000	0.0000	0.0000	0.0000	0.0000	0.0000	0.0000	0.0000	0.0000	0.0000	0.0000	0.0000			0.0000	0.0000	2.0004	0.0000	7.0278	9.0002	0.0000	0.0000	0.0000	0.0000	0.0000	0.0000	0.0000	0.0000	0.0000	0.0000	0.0000	0.0000	0.0000	0.0000	0.0000	0.0000	0.0000	0.0000	0.0000	0.0000	0.0000	0.0000	0.0000	0.0000	0.0000	0.0000	0.0000	0.0661	0.0352	0.0309	0.0052	0.0043	0.0009	0.0609	0.0309	0.0300
16	63	0.0721	13	2	0	1	0	0	0	0	0	0	1	1	1	0	0	0	0	0	0	Y	N	N	N	N	N	N	N	N	N	N	N	N	N	N	N	N	N	0.0000	0.0000	0.0000	0.0000	0.0000	0.0000	0.0000	0.0000	0.0000	0.0000	0.0000	0.0000	0.0000	0.0000	0.0000	0.0000	0.0000	0.0000	0.0000	0.0000	0.0000	0.0000	0.0000	0.0000	0.0000	0.0000	0.0000			0.0000	0.0000	2.0004	0.0000	7.0278	0.0000	0.0000	0.0000	0.0000	0.0000	0.0000	0.0000	0.0000	0.0000	0.0000	0.0000	0.0000	0.0000	0.0000	0.0000	0.0000	0.0000	0.0000	0.0000	0.0000	0.0000	0.0000	0.0000	0.0000	0.0000	0.0000	0.0000	0.0000	0.0000	0.0000	0.0000	0.0000	0.0000	0.0000	0.0000	0.0000	0.0000
16	64	0.0684	12	2	0	1	0	0	0	0	0	1	1	1	1	0	0	0	0	0	0	Y	N	N	N	N	N	N	N	N	N	N	N	N	N	N	N	N	N	0.0000	0.0000	0.0000	0.0000	0.0000	0.0000	0.0000	0.0000	0.0000	0.0000	0.0000	0.0000	0.0000	0.0000	0.0000	0.0000	0.0000	0.0000	0.0000	0.0000	0.0000	0.0000	0.0000	0.0000	0.0000	0.0000	0.0000			0.0000	0.0000	2.0004	0.0001	7.0278	3.0132	0.0000	0.0000	0.0000	0.0000	0.0000	0.0000	0.0000	0.0000	0.0000	0.0000	0.0000	0.0000	0.0000	0.0000	0.0000	0.0000	0.0000	0.0000	0.0000	0.0000	0.0000	0.0000	0.0000	0.0000	0.0000	0.0000	0.0000	0.0229	0.0123	0.0106	0.0022	0.0018	0.0003	0.0207	0.0105	0.0102
16	65	0.0672	11	2	0	1	0	1	0	0	0	0	1	0	1	0	0	0	0	0	0	Y	N	N	N	N	N	N	N	N	N	N	N	N	N	N	N	N	N	0.0000	0.0000	0.0000	0.0000	0.0000	0.0000	0.0000	0.0000	0.0000	0.0000	0.0000	0.0000	0.0000	0.0000	0.0000	0.0000	0.0000	0.0000	0.0000	0.0000	0.0000	0.0000	0.0000	0.0000	0.0000	0.0000	0.0000			0.0000	0.0000	2.0004	0.0001	7.0278	0.9885	0.0000	0.0000	0.0000	0.0000	0.0000	0.0000	0.0000	0.0000	0.0000	0.0000	0.0000	0.0000	0.0000	0.0000	0.0000	0.0000	0.0000	0.0000	0.0000	0.0000	0.0000	0.0000	0.0000	0.0000	0.0000	0.0000	0.0000	0.0074	0.0040	0.0035	0.0006	0.0005	0.0001	0.0068	0.0035	0.0034
17	18	0.0750	10	2	0	1	1	1	0	1	1	0	0	1	1	0	0	0	0	0	0	Y	N	N	N	N	N	N	N	N	N	N	N	N	N	N	N	N	N	0.0000	0.0000	0.0000	0.0000	0.0000	0.0000	0.0000	0.0000	0.0000	0.0000	0.0000	0.0000	0.0000	0.0000	0.0000	0.0000	0.0000	0.0000	0.0005	0.0009	0.0000	0.0034	0.0040	0.0000	0.0000	0.0000	0.0000		0.0043	0.0000	-0.0000	1.7771	2.0000	2.0236	2.1077	0.0000	0.0000	0.0000	0.0000	0.0000	0.0000	0.0000	0.0000	0.0000	0.0000	0.0000	0.0000	0.0000	0.0000	0.0000	0.0000	0.0000	0.0000	0.0154	0.0133	0.0021	0.0018	0.0016	0.0002	0.0136	0.0117	0.0019	0.0141	0.0079	0.0062	0.0020	0.0017	0.0003	0.0122	0.0062	0.0060
17	19	0.0774	11	2	0	1	0	1	0	1	0	0	0	1	1	0	0	0	0	0	0	Y	N	N	N	N	N	N	N	N	N	N	N	N	N	N	N	N	N	0.0000	0.0000	0.0000	0.0000	0.0000	0.0000	0.0000	0.0000	0.0000	0.0000	0.0000	0.0000	0.0000	0.0000	0.0000	0.0000	0.0000	0.0000	0.0024	0.0024	0.0023	0.0178	0.0122	0.0458	0.0000	0.0000	0.0000		0.7514	0.0000	-0.0000	1.7771	6.0020	2.0236	2.9931	0.0000	0.0000	0.0000	0.0000	0.0000	0.0000	0.0000	0.0000	0.0000	0.0001	0.0000	0.0000	0.0001	0.0000	0.0000	0.0000	0.0000	0.0000	0.0458	0.0396	0.0062	0.0052	0.0048	0.0005	0.0406	0.0349	0.0057	0.0296	0.0164	0.0132	0.0039	0.0033	0.0007	0.0257	0.0131	0.0126
17	25	0.0804	13	2	0	1	0	1	0	0	0	0	1	0	1	0	0	0	0	0	0	Y	N	N	N	N	N	N	N	N	N	N	N	N	N	N	N	N	N	0.0000	0.0000	0.0000	0.0000	0.0000	0.0000	0.0000	0.0000	0.0000	0.0000	0.0000	0.0000	0.0000	0.0000	0.0000	0.0000	0.0000	0.0000	0.0000	0.0000	0.0000	0.0000	0.0000	0.0000	0.0000	0.0000	0.0000			0.0000	0.0000	1.7771	0.9991	2.0236	4.0188	0.0000	0.0000	0.0000	0.0000	0.0000	0.0000	0.0000	0.0000	0.0000	0.0000	0.0000	0.0000	0.0000	0.0000	0.0000	0.0000	0.0000	0.0000	0.0077	0.0067	0.0011	0.0008	0.0008	0.0001	0.0069	0.0059	0.0010	0.0165	0.0091	0.0074	0.0020	0.0017	0.0003	0.0145	0.0074	0.0071
17	26	0.0721	12	2	0	0	0	1	0	0	0	1	1	1	1	0	0	0	0	0	0	Y	N	N	N	N	N	N	N	N	N	N	N	N	N	N	N	N	N	0.0000	0.0000	0.0000	0.0000	0.0000	0.0000	0.0000	0.0000	0.0000	0.0000	0.0000	0.0000	0.0000	0.0000	0.0000	0.0000	0.0000	0.0000	0.0035	0.0000	0.0081	0.0157	0.0000	0.0732	0.0000	0.0000	0.0000		1625.1272	0.0000	0.0000	1.7771	1.0082	2.0236	6.9189	0.0000	0.0000	0.0000	0.0000	0.0000	0.0000	0.0000	0.0000	0.0000	0.0001	0.0000	0.0001	0.0001	0.0000	0.0001	0.0000	0.0000	0.0000	0.0094	0.0082	0.0012	0.0014	0.0013	0.0001	0.0080	0.0069	0.0011	0.0345	0.0197	0.0148	0.0076	0.0060	0.0016	0.0269	0.0137	0.0131
17	27	0.0666	11	2	0	0	0	1	0	0	0	0	0	0	0	0	0	0	0	0	0	Y	N	N	N	N	N	N	N	N	N	N	N	N	N	N	N	N	N	0.0000	0.0000	0.0000	0.0000	0.0000	0.0000	0.0000	0.0000	0.0000	0.0000	0.0000	0.0000	0.0000	0.0000	0.0000	0.0000	0.0000	0.0000	0.0113	0.0176	0.0035	0.0482	0.0603	0.0000	0.0020	0.0000	0.0039		0.1621	0.0000	-0.0001	1.7771	0.9928	2.0236	2.1814	0.0000	0.0000	0.0000	0.0000	0.0000	0.0000	0.0000	0.0000	0.0000	0.0001	0.0001	0.0000	0.0001	0.0001	0.0000	0.0000	0.0000	0.0000	0.0077	0.0066	0.0010	0.0008	0.0007	0.0001	0.0069	0.0059	0.0010	0.0123	0.0068	0.0055	0.0025	0.0020	0.0005	0.0098	0.0048	0.0050
17	28	0.0450	8	2	0	1	0	1	0	0	0	1	0	1	0	0	0	0	0	0	0	Y	N	N	N	N	N	N	N	N	N	N	N	N	N	N	N	N	N	8402.1422	0.7409	96353.5595	2.0763	1.1236	1655.4576	13691.6806	0.0001	102073.2787	14.6010	0.0017	107.9095	0.0226	0.0146	0.1026	16.3974	0.0000	116.4749	0.0017	0.0023	0.0011	0.0109	0.0130	0.0001	0.0012	0.0013	0.0011	10000.1598	0.4303	0.4217	-0.0001	1.7771	8.9997	2.0236	18.0253	1.0001	0.0001	1.0000	0.0002	0.0001	0.0001	0.9999	0.0000	0.9999	0.0001	0.0001	0.0000	0.0000	0.0000	0.0000	0.0001	0.0000	0.0000	0.0685	0.0592	0.0093	0.0075	0.0068	0.0007	0.0610	0.0524	0.0086	0.0821	0.0438	0.0383	0.0046	0.0038	0.0008	0.0776	0.0400	0.0376
17	29	0.0804	13	2	0	1	0	1	0	0	0	0	0	0	0	0	0	0	0	0	0	Y	N	N	N	N	N	N	N	N	N	N	N	N	N	N	N	N	N	0.0000	0.0000	0.0000	0.0000	0.0000	0.0000	0.0000	0.0000	0.0000	0.0000	0.0000	0.0000	0.0000	0.0000	0.0000	0.0000	0.0000	0.0000	0.0000	0.0000	0.0000	0.0000	0.0000	0.0000	0.0000	0.0000	0.0000			0.0000	0.0000	1.7771	0.0009	2.0236	4.0025	0.0000	0.0000	0.0000	0.0000	0.0000	0.0000	0.0000	0.0000	0.0000	0.0000	0.0000	0.0000	0.0000	0.0000	0.0000	0.0000	0.0000	0.0000	0.0000	0.0000	0.0000	0.0000	0.0000	0.0000	0.0000	0.0000	0.0000	0.0133	0.0074	0.0060	0.0017	0.0014	0.0003	0.0117	0.0060	0.0057
17	30	0.0705	12	2	0	1	0	1	0	1	0	0	0	0	0	0	0	0	0	0	0	Y	N	N	N	N	N	N	N	N	N	N	N	N	N	N	N	N	N	0.0000	0.0000	0.0000	0.0000	0.0000	0.0000	0.0000	0.0000	0.0000	0.0000	0.0000	0.0000	0.0000	0.0000	0.0000	0.0000	0.0000	0.0000	0.0000	0.0000	0.0000	0.0000	0.0000	0.0000	0.0000	0.0000	0.0000			0.0000	0.0000	1.7771	0.0033	2.0236	7.9601	0.0000	0.0000	0.0000	0.0000	0.0000	0.0000	0.0000	0.0000	0.0000	0.0000	0.0000	0.0000	0.0000	0.0000	0.0000	0.0000	0.0000	0.0000	0.0000	0.0000	0.0000	0.0000	0.0000	0.0000	0.0000	0.0000	0.0000	0.0267	0.0146	0.0121	0.0036	0.0028	0.0008	0.0232	0.0118	0.0114
17	32	0.0705	12	2	0	0	0	1	0	0	0	1	1	1	1	0	0	0	0	0	0	Y	N	N	N	N	N	N	N	N	N	N	N	N	N	N	N	N	N	0.0000	0.0000	0.0000	0.0000	0.0000	0.0000	0.0000	0.0000	0.0000	0.0000	0.0000	0.0000	0.0000	0.0000	0.0000	0.0000	0.0000	0.0000	0.0000	0.0000	0.0000	0.0000	0.0000	0.0000	0.0000	0.0000	0.0000			0.0000	0.0000	1.7771	3.0008	2.0236	7.1090	0.0000	0.0000	0.0000	0.0000	0.0000	0.0000	0.0000	0.0000	0.0000	0.0000	0.0000	0.0000	0.0000	0.0000	0.0000	0.0000	0.0000	0.0000	0.0231	0.0200	0.0031	0.0025	0.0022	0.0002	0.0207	0.0178	0.0029	0.0333	0.0182	0.0152	0.0041	0.0033	0.0009	0.0292	0.0149	0.0143
17	33	0.0666	11	2	0	0	0	1	0	0	0	0	0	0	0	0	0	0	0	0	0	Y	N	N	N	N	N	N	N	N	N	N	N	N	N	N	N	N	N	0.0000	0.0000	0.0000	0.0000	0.0000	0.0000	0.0000	0.0000	0.0000	0.0000	0.0000	0.0000	0.0000	0.0000	0.0000	0.0000	0.0000	0.0000	0.0000	0.0000	0.0000	0.0000	0.0000	0.0000	0.0000	0.0000	0.0000		0.0000	0.0000	-0.0000	1.7771	0.2626	2.0236	2.8944	0.0000	0.0000	0.0000	0.0000	0.0000	0.0000	0.0000	0.0000	0.0000	0.0000	0.0000	0.0000	0.0000	0.0000	0.0000	0.0000	0.0000	0.0000	0.0020	0.0018	0.0003	0.0002	0.0002	0.0000	0.0018	0.0016	0.0003	0.0122	0.0068	0.0054	0.0025	0.0020	0.0005	0.0097	0.0048	0.0049
17	34	0.0647	10	2	0	0	0	1	0	0	0	0	0	0	0	0	0	0	0	0	0	Y	N	N	N	N	N	N	N	N	N	N	N	N	N	N	N	N	N	0.0000	0.0000	0.0000	0.0000	0.0000	0.0000	0.0000	0.0000	0.0000	0.0000	0.0000	0.0000	0.0000	0.0000	0.0000	0.0000	0.0000	0.0000	0.0000	0.0000	0.0000	0.0000	0.0000	0.0000	0.0000	0.0000	0.0000		1.6977	0.0000	-0.0000	1.7771	0.4435	2.0236	1.4154	0.0000	0.0000	0.0000	0.0000	0.0000	0.0000	0.0000	0.0000	0.0000	0.0000	0.0000	0.0000	0.0000	0.0000	0.0000	0.0000	0.0000	0.0000	0.0034	0.0030	0.0005	0.0004	0.0003	0.0000	0.0031	0.0026	0.0004	0.0061	0.0033	0.0028	0.0006	0.0005	0.0001	0.0055	0.0028	0.0027
17	35	0.0626	9	2	0	0	0	1	0	0	0	0	0	0	0	0	0	0	0	0	0	Y	N	N	N	N	N	N	N	N	N	N	N	N	N	N	N	N	N	0.0000	0.0000	0.0000	0.0000	0.0000	0.0000	0.0000	0.0000	0.0000	0.0000	0.0000	0.0000	0.0000	0.0000	0.0000	0.0000	0.0000	0.0000	0.1501	0.0000	0.3367	0.0333	0.0000	0.2797	0.1679	0.0000	0.3388		16888.7828	0.0000	0.0003	1.7771	0.0004	2.0236	1.8965	0.0000	0.0000	0.0000	0.0000	0.0000	0.0000	0.0000	0.0000	0.0000	0.0010	0.0000	0.0010	0.0000	0.0000	0.0000	0.0010	0.0000	0.0010	0.0000	0.0000	0.0000	0.0000	0.0000	0.0000	0.0000	0.0000	0.0000	0.0068	0.0038	0.0030	0.0009	0.0008	0.0001	0.0059	0.0030	0.0029
17	38	0.0774	11	2	0	0	1	1	0	0	1	0	0	1	1	0	0	0	0	0	0	Y	N	N	N	N	N	N	N	N	N	N	N	N	N	N	N	N	N	0.0000	0.0000	0.0000	0.0000	0.0000	0.0000	0.0000	0.0000	0.0000	0.0000	0.0000	0.0000	0.0000	0.0000	0.0000	0.0000	0.0000	0.0000	0.0004	0.0006	0.0000	0.0024	0.0027	0.0000	0.0000	0.0000	0.0000		0.0043	0.0000	-0.0000	1.7771	3.9983	2.0236	0.1262	0.0000	0.0000	0.0000	0.0000	0.0000	0.0000	0.0000	0.0000	0.0000	0.0000	0.0000	0.0000	0.0000	0.0000	0.0000	0.0000	0.0000	0.0000	0.0307	0.0265	0.0042	0.0035	0.0032	0.0003	0.0272	0.0233	0.0038	0.0145	0.0082	0.0063	0.0022	0.0019	0.0003	0.0123	0.0063	0.0060
17	39	0.0750	10	2	0	0	0	1	0	0	0	0	0	1	1	0	0	0	0	0	0	Y	N	N	N	N	N	N	N	N	N	N	N	N	N	N	N	N	N	0.0000	0.0000	0.0000	0.0000	0.0000	0.0000	0.0000	0.0000	0.0000	0.0000	0.0000	0.0000	0.0000	0.0000	0.0000	0.0000	0.0000	0.0000	0.0103	0.0124	0.0074	0.0279	0.0316	0.0000	0.0068	0.0059	0.0077		0.4437	0.0000	-0.0000	1.7771	0.0031	2.0236	2.1400	0.0000	0.0000	0.0000	0.0000	0.0000	0.0000	0.0000	0.0000	0.0000	0.0001	0.0001	0.0000	0.0000	0.0000	0.0000	0.0000	0.0000	0.0000	0.0000	0.0000	0.0000	0.0000	0.0000	0.0000	0.0000	0.0000	0.0000	0.0080	0.0045	0.0034	0.0013	0.0012	0.0002	0.0066	0.0034	0.0033
17	40	0.0626	9	2	0	0	0	1	0	0	0	1	1	1	1	0	0	0	0	0	0	Y	N	N	N	N	N	N	N	N	N	N	N	N	N	N	N	N	N	0.0000	0.0000	0.0000	0.0000	0.0000	0.0000	0.0000	0.0000	0.0000	0.0000	0.0000	0.0000	0.0000	0.0000	0.0000	0.0000	0.0000	0.0000	0.1033	0.1321	0.0694	0.7628	0.9157	0.0553	0.0342	0.0000	0.0700		0.4478	0.0000	-0.0013	1.7771	0.9998	2.0236	9.0469	0.0000	0.0000	0.0000	0.0000	0.0000	0.0000	0.0000	0.0000	0.0000	0.0033	0.0023	0.0010	0.0023	0.0023	0.0000	0.0010	0.0000	0.0010	0.0078	0.0067	0.0011	0.0009	0.0008	0.0001	0.0069	0.0059	0.0010	0.0321	0.0173	0.0148	0.0030	0.0025	0.0005	0.0291	0.0148	0.0142
17	41	0.0474	8	2	0	0	0	2	0	0	0	0	0	0	0	0	0	0	0	0	0	Y	N	N	N	N	N	N	N	N	N	N	N	N	N	N	N	N	N	0.0000	0.0000	0.0000	0.0000	0.0000	0.0000	0.0000	0.0000	0.0000	0.0000	0.0000	0.0000	0.0000	0.0000	0.0000	0.0000	0.0000	0.0000	26.0148	0.0046	55.6517	0.0141	0.0168	0.0000	27.7578	0.0033	56.8734		10604.0013	0.0000	0.2928	1.7771	0.0021	2.0236	12.1494	0.0000	0.0000	0.0000	0.0000	0.0000	0.0000	0.0000	0.0000	0.0000	0.9947	0.0001	0.9946	0.0000	0.0000	0.0000	0.9947	0.0001	0.9946	0.0000	0.0000	0.0000	0.0000	0.0000	0.0000	0.0000	0.0000	0.0000	0.0382	0.0204	0.0179	0.0024	0.0020	0.0004	0.0358	0.0183	0.0175
17	42	0.0450	8	2	0	1	0	1	0	0	0	0	0	0	0	0	0	0	0	0	0	Y	N	N	N	N	N	N	N	N	N	N	N	N	N	N	N	N	N	0.0000	0.0000	0.0000	0.0000	0.0000	0.0000	0.0000	0.0000	0.0000	0.0000	0.0000	0.0000	0.0000	0.0000	0.0000	0.0000	0.0000	0.0000	21.1397	0.0013	45.3155	0.0007	0.0008	0.0000	22.4520	0.0013	46.2146		31212.9165	0.0000	0.2931	1.7771	0.0000	2.0236	15.0005	0.0000	0.0000	0.0000	0.0000	0.0000	0.0000	0.0000	0.0000	0.0000	0.9958	0.0000	0.9957	0.0000	0.0000	0.0000	0.9958	0.0000	0.9957	0.0000	0.0000	0.0000	0.0000	0.0000	0.0000	0.0000	0.0000	0.0000	0.0471	0.0251	0.0220	0.0028	0.0023	0.0004	0.0444	0.0228	0.0215
17	43	0.0450	7	2	0	1	0	2	0	1	0	0	0	0	0	0	0	0	0	0	0	Y	N	N	N	N	N	N	N	N	N	N	N	N	N	N	N	N	N	0.0320	0.0270	0.0648	0.1393	0.1072	8.4229	0.0131	0.0000	0.0340	0.0064	0.0037	0.0229	0.0360	0.0279	0.1682	0.0021	0.0000	0.0121	0.1988	0.1384	0.3530	0.2582	0.2597	0.0200	0.1616	0.0000	0.3559	0.9726	0.9998	-0.0000	-0.0000	1.7771	0.0003	2.0236	0.0736	0.0000	0.0000	0.0000	0.0000	0.0000	0.0000	0.0000	0.0000	0.0000	0.0002	0.0001	0.0001	0.0001	0.0001	0.0000	0.0001	0.0000	0.0001	0.0000	0.0000	0.0000	0.0000	0.0000	0.0000	0.0000	0.0000	0.0000	0.0009	0.0007	0.0003	0.0004	0.0004	0.0000	0.0006	0.0003	0.0003
17	44	0.0212	4	2	0	1	0	2	0	1	0	0	0	0	0	0	0	0	0	0	0	Y	N	N	N	N	N	N	N	N	N	N	N	N	N	N	N	N	N	0.0000	0.0000	0.0000	0.0000	0.0000	0.0000	0.0000	0.0000	0.0000	0.0000	0.0000	0.0000	0.0000	0.0000	0.0000	0.0000	0.0000	0.0000	0.0001	0.0003	0.0000	0.0055	0.0058	0.0000	0.0000	0.0000	0.0000		0.0000	0.0000	-0.0000	1.7771	3.0000	2.0236	12.1057	0.0000	0.0000	0.0000	0.0000	0.0000	0.0000	0.0000	0.0000	0.0000	0.0000	0.0000	0.0000	0.0000	0.0000	0.0000	0.0000	0.0000	0.0000	0.2601	0.1826	0.0776	0.1631	0.1208	0.0423	0.0970	0.0618	0.0353	0.0485	0.0256	0.0230	0.0012	0.0011	0.0001	0.0473	0.0244	0.0229
17	46	0.0525	6	2	0	1	0	1	0	1	0	0	0	0	0	0	0	0	0	0	0	Y	N	N	N	N	N	N	N	N	N	N	N	N	N	N	N	N	N	0.0020	0.0013	0.0000	0.0026	0.0025	0.0000	0.0000	0.0000	0.0000	0.0000	0.0000	0.0000	0.0001	0.0001	0.0000	0.0000	0.0000	0.0000	0.0031	0.0053	0.0000	0.0202	0.0222	0.0000	0.0000	0.0000	0.0000	0.0000	0.0050	-0.0000	-0.0001	1.7771	3.9966	2.0236	13.2202	0.0000	0.0000	0.0000	0.0000	0.0000	0.0000	0.0000	0.0000	0.0000	0.0002	0.0002	0.0000	0.0002	0.0002	0.0000	0.0000	0.0000	0.0000	0.0324	0.0281	0.0043	0.0038	0.0036	0.0003	0.0286	0.0245	0.0041	0.0629	0.0366	0.0264	0.0096	0.0087	0.0009	0.0534	0.0279	0.0255
17	47	0.0360	5	2	0	0	0	2	0	0	0	0	0	0	0	0	0	0	0	0	0	Y	N	N	N	N	N	N	N	N	N	N	N	N	N	N	N	N	N	3.9946	25.8062	0.0433	25.4082	24.2404	0.0000	3.8661	26.1728	0.0471	0.0208	0.0240	0.0004	0.0191	0.0212	0.0000	0.0210	0.0245	0.0005	0.0052	0.0009	0.0100	0.0008	0.0009	0.0000	0.0054	0.0009	0.0102	0.0029	9.5154	-0.0000	0.0000	1.7771	0.4020	2.0236	12.8060	0.0001	0.0001	0.0000	0.0000	0.0000	0.0000	0.0001	0.0001	0.0000	0.0002	0.0000	0.0002	0.0000	0.0000	0.0000	0.0002	0.0000	0.0002	0.0034	0.0029	0.0005	0.0005	0.0004	0.0000	0.0029	0.0025	0.0004	0.0420	0.0223	0.0197	0.0022	0.0019	0.0003	0.0398	0.0204	0.0194
17	56	0.0572	11	2	0	1	0	1	0	0	0	0	0	0	0	0	0	0	0	0	0	Y	N	N	N	N	N	N	N	N	N	N	N	N	N	N	N	N	N	0.0000	0.0000	0.0000	0.0000	0.0000	0.0000	0.0000	0.0000	0.0000	0.0000	0.0000	0.0000	0.0000	0.0000	0.0000	0.0000	0.0000	0.0000	0.0000	0.0001	0.0000	0.0004	0.0004	0.0000	0.0000	0.0000	0.0000		0.0000	0.0000	-0.0000	1.7771	0.9999	2.0236	3.0149	0.0000	0.0000	0.0000	0.0000	0.0000	0.0000	0.0000	0.0000	0.0000	0.0000	0.0000	0.0000	0.0000	0.0000	0.0000	0.0000	0.0000	0.0000	0.0078	0.0067	0.0011	0.0009	0.0008	0.0001	0.0069	0.0059	0.0010	0.0129	0.0069	0.0060	0.0011	0.0009	0.0002	0.0119	0.0060	0.0058
17	63	0.0609	12	2	0	1	0	1	0	0	0	0	0	1	0	0	0	0	0	0	0	Y	N	N	N	N	N	N	N	N	N	N	N	N	N	N	N	N	N	0.0000	0.0000	0.0000	0.0000	0.0000	0.0000	0.0000	0.0000	0.0000	0.0000	0.0000	0.0000	0.0000	0.0000	0.0000	0.0000	0.0000	0.0000	0.0000	0.0000	0.0000	0.0000	0.0000	0.0000	0.0000	0.0000	0.0000			0.0000	0.0000	1.7771	0.0000	2.0236	0.0000	0.0000	0.0000	0.0000	0.0000	0.0000	0.0000	0.0000	0.0000	0.0000	0.0000	0.0000	0.0000	0.0000	0.0000	0.0000	0.0000	0.0000	0.0000	0.0000	0.0000	0.0000	0.0000	0.0000	0.0000	0.0000	0.0000	0.0000	0.0000	0.0000	0.0000	0.0000	0.0000	0.0000	0.0000	0.0000	0.0000
17	64	0.0572	11	2	0	1	0	1	0	0	0	1	0	1	0	0	0	0	0	0	0	Y	N	N	N	N	N	N	N	N	N	N	N	N	N	N	N	N	N	0.0000	0.0000	0.0000	0.0000	0.0000	0.0000	0.0000	0.0000	0.0000	0.0000	0.0000	0.0000	0.0000	0.0000	0.0000	0.0000	0.0000	0.0000	0.1649	0.0000	0.3549	0.0000	0.0000	0.0000	0.1799	0.0000	0.3651		inf	0.0000	0.0005	1.7771	0.0001	2.0236	3.0132	0.0000	0.0000	0.0000	0.0000	0.0000	0.0000	0.0000	0.0000	0.0000	0.0016	0.0000	0.0016	0.0000	0.0000	0.0000	0.0016	0.0000	0.0016	0.0000	0.0000	0.0000	0.0000	0.0000	0.0000	0.0000	0.0000	0.0000	0.0098	0.0052	0.0045	0.0008	0.0007	0.0001	0.0089	0.0045	0.0044
17	65	0.0560	10	2	0	1	0	2	0	0	0	0	0	0	0	0	0	0	0	0	0	Y	N	N	N	N	N	N	N	N	N	N	N	N	N	N	N	N	N	0.0000	0.0000	0.0000	0.0000	0.0000	0.0000	0.0000	0.0000	0.0000	0.0000	0.0000	0.0000	0.0000	0.0000	0.0000	0.0000	0.0000	0.0000	0.0001	0.0000	0.0002	0.0000	0.0000	0.0000	0.0001	0.0000	0.0003		inf	0.0000	0.0000	1.7771	0.0001	2.0236	0.9885	0.0000	0.0000	0.0000	0.0000	0.0000	0.0000	0.0000	0.0000	0.0000	0.0000	0.0000	0.0000	0.0000	0.0000	0.0000	0.0000	0.0000	0.0000	0.0000	0.0000	0.0000	0.0000	0.0000	0.0000	0.0000	0.0000	0.0000	0.0032	0.0017	0.0015	0.0002	0.0002	0.0000	0.0029	0.0015	0.0014
18	26	0.0272	5	2	0	1	1	0	0	1	1	1	1	2	2	0	0	0	0	0	0	Y	N	N	N	Y	Y	N	N	N	N	N	N	N	N	N	N	N	N	0.0000	0.0000	0.0000	0.0000	0.0000	0.0000	0.0000	0.0000	0.0000	0.0000	0.0000	0.0000	0.0000	0.0000	0.0000	0.0000	0.0000	0.0000	0.0019	0.0033	0.0000	0.0127	0.0129	0.0023	0.0000	0.0000	0.0000		0.0041	0.0000	-0.0001	2.0000	1.0082	2.1077	6.9189	0.0000	0.0000	0.0000	0.0000	0.0000	0.0000	0.0000	0.0000	0.0000	0.0001	0.0001	0.0000	0.0001	0.0001	0.0000	0.0000	0.0000	0.0000	0.0090	0.0078	0.0012	0.0001	0.0001	0.0000	0.0089	0.0077	0.0012	0.0420	0.0243	0.0177	0.0063	0.0062	0.0001	0.0358	0.0182	0.0176
18	27	0.0216	4	2	0	1	1	0	0	1	1	0	0	1	1	0	0	0	0	0	0	Y	N	N	N	N	N	N	N	N	N	N	N	N	N	N	N	N	N	0.0000	0.0000	0.0000	0.0000	0.0000	0.0000	0.0000	0.0000	0.0000	0.0000	0.0000	0.0000	0.0000	0.0000	0.0000	0.0000	0.0000	0.0000	0.0055	0.0062	0.0047	0.0002	0.0002	0.0000	0.0063	0.0080	0.0047		0.5970	0.0000	-0.0000	2.0000	0.9928	2.1077	2.1814	0.0000	0.0000	0.0000	0.0000	0.0000	0.0000	0.0000	0.0000	0.0000	0.0001	0.0001	0.0000	0.0000	0.0000	0.0000	0.0001	0.0000	0.0000	0.0077	0.0066	0.0011	0.0000	0.0000	0.0000	0.0077	0.0066	0.0011	0.0146	0.0081	0.0064	0.0020	0.0019	0.0001	0.0126	0.0062	0.0064
18	32	0.0255	5	2	0	1	1	0	0	1	1	1	1	2	2	0	0	0	0	0	0	Y	N	N	N	Y	Y	N	N	N	N	N	N	N	N	N	N	N	N	0.0000	0.0000	0.0000	0.0000	0.0000	0.0000	0.0000	0.0000	0.0000	0.0000	0.0000	0.0000	0.0000	0.0000	0.0000	0.0000	0.0000	0.0000	0.0020	0.0009	0.0033	0.0059	0.0063	0.0000	0.0016	0.0000	0.0033		3.0013	0.0000	0.0000	2.0000	3.0008	2.1077	7.1090	0.0000	0.0000	0.0000	0.0000	0.0000	0.0000	0.0000	0.0000	0.0000	0.0001	0.0000	0.0001	0.0000	0.0000	0.0000	0.0001	0.0000	0.0001	0.0232	0.0199	0.0033	0.0001	0.0001	0.0000	0.0231	0.0198	0.0033	0.0400	0.0218	0.0182	0.0034	0.0032	0.0002	0.0366	0.0186	0.0180
18	33	0.0216	4	2	0	1	1	0	0	1	1	0	0	1	1	0	0	0	0	0	0	Y	N	N	N	N	N	N	N	N	N	N	N	N	N	N	N	N	N	0.0000	0.0000	0.0000	0.0000	0.0000	0.0000	0.0000	0.0000	0.0000	0.0000	0.0000	0.0000	0.0000	0.0000	0.0000	0.0000	0.0000	0.0000	0.0016	0.0029	0.0000	0.0017	0.0017	0.0000	0.0016	0.0032	0.0000		0.0059	0.0000	-0.0000	2.0000	0.2626	2.1077	2.8944	0.0000	0.0000	0.0000	0.0000	0.0000	0.0000	0.0000	0.0000	0.0000	0.0000	0.0000	0.0000	0.0000	0.0000	0.0000	0.0000	0.0000	0.0000	0.0020	0.0018	0.0003	0.0000	0.0000	0.0000	0.0020	0.0017	0.0003	0.0145	0.0081	0.0064	0.0020	0.0019	0.0001	0.0125	0.0062	0.0063
18	34	0.0198	3	2	0	1	1	0	0	1	1	0	0	1	1	0	0	0	0	0	0	Y	N	N	N	N	N	N	N	N	N	N	N	N	N	N	N	N	N	0.0000	0.0000	0.0000	0.0000	0.0000	0.0000	0.0000	0.0000	0.0000	0.0000	0.0000	0.0000	0.0000	0.0000	0.0000	0.0000	0.0000	0.0000	0.0012	0.0014	0.0010	0.0101	0.0108	0.0000	0.0005	0.0000	0.0010		0.5892	0.0000	-0.0000	2.0000	0.4435	2.1077	1.4154	0.0000	0.0000	0.0000	0.0000	0.0000	0.0000	0.0000	0.0000	0.0000	0.0000	0.0000	0.0000	0.0000	0.0000	0.0000	0.0000	0.0000	0.0000	0.0035	0.0030	0.0005	0.0000	0.0000	0.0000	0.0034	0.0030	0.0005	0.0074	0.0040	0.0034	0.0006	0.0005	0.0000	0.0068	0.0035	0.0034
18	35	0.0176	2	2	0	1	1	0	0	1	1	0	0	1	1	0	0	0	0	0	0	Y	N	N	N	N	N	N	N	N	N	N	N	N	N	N	N	N	N	0.1573	0.1029	0.0000	0.1188	0.1153	0.0000	0.0000	0.0000	0.0000	0.0119	0.0141	0.0000	0.0655	0.0656	0.0000	0.0000	0.0000	0.0000	0.0756	0.1370	0.0003	0.5516	0.5687	0.0000	0.0002	0.0000	0.0003	0.0000	0.0020	-0.0000	-0.0005	2.0000	0.0004	2.1077	1.8965	0.0000	0.0000	0.0000	0.0000	0.0000	0.0000	0.0000	0.0000	0.0000	0.0007	0.0007	0.0000	0.0007	0.0007	0.0000	0.0000	0.0000	0.0000	0.0000	0.0000	0.0000	0.0000	0.0000	0.0000	0.0000	0.0000	0.0000	0.0088	0.0049	0.0040	0.0012	0.0012	0.0000	0.0076	0.0037	0.0039
18	36	0.0599	7	1	0	1	1	0	0	1	1	0	0	1	2	0	0	0	0	0	0	N	N	N	N	N	Y	N	N	N	N	N	N	N	N	N	N	N	N	0.0000	0.0000	0.0000	0.0000	0.0000	0.0000	0.0000	0.0000	0.0000	0.0000	0.0000	0.0000	0.0000	0.0000	0.0000	0.0000	0.0000	0.0000	0.0000	0.0000	0.0000	0.0000	0.0000	0.0000	0.0000	0.0000	0.0000			0.0000	0.0000	2.0000	0.0000	2.1077	0.0000	0.0000	0.0000	0.0000	0.0000	0.0000	0.0000	0.0000	0.0000	0.0000	0.0000	0.0000	0.0000	0.0000	0.0000	0.0000	0.0000	0.0000	0.0000	0.0000	0.0000	0.0000	0.0000	0.0000	0.0000	0.0000	0.0000	0.0000	0.0000	0.0000	0.0000	0.0000	0.0000	0.0000	0.0000	0.0000	0.0000
18	37	0.0463	6	1	0	1	1	0	0	1	1	0	1	1	2	0	0	0	0	0	0	N	N	N	N	N	Y	N	N	N	N	N	N	N	N	N	N	N	N	0.0000	0.0000	0.0000	0.0000	0.0000	0.0000	0.0000	0.0000	0.0000	0.0000	0.0000	0.0000	0.0000	0.0000	0.0000	0.0000	0.0000	0.0000	0.0785	0.1414	0.0000	0.7152	0.8307	0.0000	0.0000	0.0000	0.0000		0.0000	0.0000	-0.0023	2.0000	1.9922	2.1077	9.0553	0.0000	0.0000	0.0000	0.0000	0.0000	0.0000	0.0000	0.0000	0.0000	0.0033	0.0033	0.0000	0.0033	0.0033	0.0000	0.0000	0.0000	0.0000	0.0153	0.0131	0.0022	0.0002	0.0002	0.0000	0.0151	0.0129	0.0021	0.0416	0.0231	0.0185	0.0046	0.0039	0.0006	0.0370	0.0192	0.0179
18	38	0.0076	2	2	0	1	2	0	0	1	2	0	0	2	2	0	0	0	0	0	0	Y	N	N	Y	Y	Y	N	N	N	N	N	N	N	N	N	N	N	N	0.0225	0.1524	0.0000	136.3276	136.4190	0.0000	0.0000	0.0000	0.0000	0.0036	0.0042	0.0000	6.3886	6.3968	0.0000	0.0000	0.0000	0.0000	0.1587	0.0273	0.3060	0.0469	0.0469	0.0266	0.2084	0.0000	0.3063	0.0005	10.0260	-0.0001	0.0012	2.0000	3.9983	2.1077	0.1262	0.0001	0.0001	0.0000	0.0001	0.0001	0.0000	0.0000	0.0000	0.0000	0.0060	0.0005	0.0055	0.0005	0.0005	0.0000	0.0055	0.0000	0.0055	0.0308	0.0265	0.0044	0.0000	0.0000	0.0000	0.0308	0.0265	0.0044	0.0378	0.0200	0.0178	0.0116	0.0116	0.0000	0.0262	0.0084	0.0178
18	47	0.0443	6	2	0	1	1	1	0	1	1	0	0	1	1	0	0	0	0	0	0	Y	N	N	N	N	N	N	N	N	N	N	N	N	N	N	N	N	N	0.0916	0.0594	0.0000	6.5090	5.9205	0.0000	0.0837	0.0504	0.0000	1.7411	2.0258	0.0000	0.1732	0.1791	0.0000	1.7987	2.1025	0.0000	19.0140	34.1298	0.0027	0.0266	0.0302	0.0002	21.4817	41.6931	0.0028	0.0000	0.0001	-0.0033	-0.6764	2.0000	0.4020	2.1077	12.8060	0.0057	0.0057	0.0000	0.0000	0.0000	0.0000	0.0056	0.0056	0.0000	0.9587	0.9586	0.0001	0.0002	0.0002	0.0000	0.9585	0.9585	0.0001	0.0033	0.0028	0.0005	0.0001	0.0001	0.0000	0.0031	0.0027	0.0005	0.0504	0.0281	0.0223	0.0058	0.0051	0.0007	0.0446	0.0230	0.0216
18	57	0.0465	7	1	0	1	1	0	0	1	1	0	1	1	2	0	0	0	0	0	0	N	N	N	N	N	Y	N	N	N	N	N	N	N	N	N	N	N	N	0.0000	0.0000	0.0000	0.0000	0.0000	0.0000	0.0000	0.0000	0.0000	0.0000	0.0000	0.0000	0.0000	0.0000	0.0000	0.0000	0.0000	0.0000	0.0000	0.0000	0.0000	0.0000	0.0000	0.0000	0.0000	0.0000	0.0000			0.0000	0.0000	2.0000	0.0000	2.1077	5.0023	0.0000	0.0000	0.0000	0.0000	0.0000	0.0000	0.0000	0.0000	0.0000	0.0000	0.0000	0.0000	0.0000	0.0000	0.0000	0.0000	0.0000	0.0000	0.0000	0.0000	0.0000	0.0000	0.0000	0.0000	0.0000	0.0000	0.0000	0.0192	0.0105	0.0086	0.0021	0.0018	0.0003	0.0170	0.0087	0.0083
18	59	0.0440	5	1	0	1	1	0	0	1	1	0	1	1	2	0	0	0	0	0	0	N	N	N	N	N	Y	N	N	N	N	N	N	N	N	N	N	N	N	0.0000	0.0000	0.0000	0.0000	0.0000	0.0000	0.0000	0.0000	0.0000	0.0000	0.0000	0.0000	0.0000	0.0000	0.0000	0.0000	0.0000	0.0000	0.0000	0.0000	0.0000	0.0000	0.0000	0.0000	0.0000	0.0000	0.0000			0.0000	0.0000	2.0000	0.0000	2.1077	11.0002	0.0000	0.0000	0.0000	0.0000	0.0000	0.0000	0.0000	0.0000	0.0000	0.0000	0.0000	0.0000	0.0000	0.0000	0.0000	0.0000	0.0000	0.0000	0.0000	0.0000	0.0000	0.0000	0.0000	0.0000	0.0000	0.0000	0.0000	0.0415	0.0228	0.0187	0.0043	0.0037	0.0006	0.0372	0.0191	0.0181
18	60	0.0440	6	1	0	1	1	0	0	1	1	0	1	1	2	0	0	0	0	0	0	N	N	N	N	N	Y	N	N	N	N	N	N	N	N	N	N	N	N	0.0000	0.0000	0.0000	0.0000	0.0000	0.0000	0.0000	0.0000	0.0000	0.0000	0.0000	0.0000	0.0000	0.0000	0.0000	0.0000	0.0000	0.0000	0.0000	0.0000	0.0000	0.0000	0.0000	0.0000	0.0000	0.0000	0.0000			0.0000	0.0000	2.0000	0.0000	2.1077	9.0002	0.0000	0.0000	0.0000	0.0000	0.0000	0.0000	0.0000	0.0000	0.0000	0.0000	0.0000	0.0000	0.0000	0.0000	0.0000	0.0000	0.0000	0.0000	0.0000	0.0000	0.0000	0.0000	0.0000	0.0000	0.0000	0.0000	0.0000	0.0341	0.0187	0.0154	0.0035	0.0030	0.0005	0.0306	0.0157	0.0149
19	26	0.0500	6	2	0	1	0	0	0	1	0	1	1	2	2	0	0	0	0	0	0	Y	N	N	N	Y	Y	N	N	N	N	N	N	N	N	N	N	N	N	0.0000	0.0000	0.0000	0.0000	0.0000	0.0000	0.0000	0.0000	0.0000	0.0000	0.0000	0.0000	0.0000	0.0000	0.0000	0.0000	0.0000	0.0000	0.0000	0.0000	0.0000	0.0001	0.0001	0.0000	0.0000	0.0000	0.0000		0.0213	0.0000	-0.0000	6.0020	1.0082	2.9931	6.9189	0.0000	0.0000	0.0000	0.0000	0.0000	0.0000	0.0000	0.0000	0.0000	0.0000	0.0000	0.0000	0.0000	0.0000	0.0000	0.0000	0.0000	0.0000	0.0268	0.0231	0.0037	0.0003	0.0003	0.0000	0.0265	0.0228	0.0037	0.0882	0.0507	0.0375	0.0127	0.0124	0.0003	0.0755	0.0383	0.0372
19	27	0.0444	5	2	0	1	0	0	0	1	0	0	0	1	1	0	0	0	0	0	0	Y	N	N	N	N	N	N	N	N	N	N	N	N	N	N	N	N	N	0.0000	0.0000	0.0000	0.0000	0.0000	0.0000	0.0000	0.0000	0.0000	0.0000	0.0000	0.0000	0.0000	0.0000	0.0000	0.0000	0.0000	0.0000	0.0000	0.0000	0.0000	0.0000	0.0000	0.0000	0.0000	0.0001	0.0000		0.3853	0.0000	-0.0000	6.0020	0.9928	2.9931	2.1814	0.0000	0.0000	0.0000	0.0000	0.0000	0.0000	0.0000	0.0000	0.0000	0.0000	0.0000	0.0000	0.0000	0.0000	0.0000	0.0000	0.0000	0.0000	0.0229	0.0197	0.0032	0.0001	0.0001	0.0000	0.0228	0.0196	0.0032	0.0307	0.0170	0.0137	0.0040	0.0038	0.0001	0.0267	0.0132	0.0135
19	32	0.0483	6	2	0	1	0	0	0	1	0	1	1	2	2	0	0	0	0	0	0	Y	N	N	N	Y	Y	N	N	N	N	N	N	N	N	N	N	N	N	0.0000	0.0000	0.0000	0.0000	0.0000	0.0000	0.0000	0.0000	0.0000	0.0000	0.0000	0.0000	0.0000	0.0000	0.0000	0.0000	0.0000	0.0000	0.0000	0.0000	0.0000	0.0000	0.0000	0.0000	0.0000	0.0000	0.0000		0.4356	0.0000	-0.0000	6.0020	3.0008	2.9931	7.1090	0.0000	0.0000	0.0000	0.0000	0.0000	0.0000	0.0000	0.0000	0.0000	0.0000	0.0000	0.0000	0.0000	0.0000	0.0000	0.0000	0.0000	0.0000	0.0689	0.0592	0.0097	0.0002	0.0002	0.0000	0.0687	0.0590	0.0097	0.0839	0.0453	0.0386	0.0063	0.0059	0.0005	0.0775	0.0395	0.0381
19	33	0.0444	5	2	0	1	0	0	0	1	0	0	0	1	1	0	0	0	0	0	0	Y	N	N	N	N	N	N	N	N	N	N	N	N	N	N	N	N	N	0.0000	0.0000	0.0000	0.0000	0.0000	0.0000	0.0000	0.0000	0.0000	0.0000	0.0000	0.0000	0.0000	0.0000	0.0000	0.0000	0.0000	0.0000	0.0001	0.0002	0.0000	0.0008	0.0008	0.0001	0.0000	0.0000	0.0000		0.0528	0.0000	-0.0000	6.0020	0.2626	2.9931	2.8944	0.0000	0.0000	0.0000	0.0000	0.0000	0.0000	0.0000	0.0000	0.0000	0.0000	0.0000	0.0000	0.0000	0.0000	0.0000	0.0000	0.0000	0.0000	0.0061	0.0052	0.0009	0.0000	0.0000	0.0000	0.0061	0.0052	0.0009	0.0305	0.0170	0.0136	0.0040	0.0038	0.0001	0.0266	0.0131	0.0134
19	34	0.0426	4	2	0	1	0	0	0	1	0	0	0	1	1	0	0	0	0	0	0	Y	N	N	N	N	N	N	N	N	N	N	N	N	N	N	N	N	N	0.0000	0.0000	0.0000	0.0000	0.0000	0.0000	0.0000	0.0000	0.0000	0.0000	0.0000	0.0000	0.0000	0.0000	0.0000	0.0000	0.0000	0.0000	0.0011	0.0006	0.0017	0.0046	0.0050	0.0001	0.0009	0.0000	0.0018		2.6994	0.0000	0.0000	6.0020	0.4435	2.9931	1.4154	0.0000	0.0000	0.0000	0.0000	0.0000	0.0000	0.0000	0.0000	0.0000	0.0000	0.0000	0.0000	0.0000	0.0000	0.0000	0.0000	0.0000	0.0000	0.0103	0.0088	0.0014	0.0000	0.0000	0.0000	0.0102	0.0088	0.0014	0.0155	0.0083	0.0072	0.0010	0.0009	0.0001	0.0145	0.0073	0.0071
19	35	0.0405	3	2	0	1	0	0	0	1	0	0	0	1	1	0	0	0	0	0	0	Y	N	N	N	N	N	N	N	N	N	N	N	N	N	N	N	N	N	0.0000	0.0000	0.0000	0.0000	0.0000	0.0000	0.0000	0.0000	0.0000	0.0000	0.0000	0.0000	0.0000	0.0000	0.0000	0.0000	0.0000	0.0000	0.1224	0.0456	0.2157	0.2217	0.2315	0.0027	0.1097	0.0000	0.2180		3.8881	0.0000	0.0002	6.0020	0.0004	2.9931	1.8965	0.0000	0.0000	0.0000	0.0000	0.0000	0.0000	0.0000	0.0000	0.0000	0.0022	0.0004	0.0017	0.0004	0.0004	0.0000	0.0017	0.0000	0.0017	0.0000	0.0000	0.0000	0.0000	0.0000	0.0000	0.0000	0.0000	0.0000	0.0178	0.0098	0.0080	0.0020	0.0019	0.0001	0.0158	0.0078	0.0079
19	36	0.0827	8	1	0	1	0	0	0	1	0	0	0	1	2	0	0	0	0	0	0	N	N	N	N	N	Y	N	N	N	N	N	N	N	N	N	N	N	N	0.0000	0.0000	0.0000	0.0000	0.0000	0.0000	0.0000	0.0000	0.0000	0.0000	0.0000	0.0000	0.0000	0.0000	0.0000	0.0000	0.0000	0.0000	0.0023	0.0000	0.0130	0.0049	0.0000	0.2949	0.0000	0.0000	0.0000		inf	0.0000	0.0000	6.0020	0.0000	2.9931	0.0000	0.0000	0.0000	0.0000	0.0000	0.0000	0.0000	0.0000	0.0000	0.0000	0.0000	0.0000	0.0000	0.0000	0.0000	0.0000	0.0000	0.0000	0.0000	0.0000	0.0000	0.0000	0.0000	0.0000	0.0000	0.0000	0.0000	0.0000	0.0000	0.0000	0.0000	0.0000	0.0000	0.0000	0.0000	0.0000	0.0000
19	37	0.0691	7	1	0	1	0	0	0	1	0	0	1	1	2	0	0	0	0	0	0	N	N	N	N	N	Y	N	N	N	N	N	N	N	N	N	N	N	N	0.0000	0.0000	0.0000	0.0000	0.0000	0.0000	0.0000	0.0000	0.0000	0.0000	0.0000	0.0000	0.0000	0.0000	0.0000	0.0000	0.0000	0.0000	0.0002	0.0004	0.0000	0.0023	0.0027	0.0000	0.0000	0.0000	0.0000		0.0018	0.0000	-0.0000	6.0020	1.9922	2.9931	9.0553	0.0000	0.0000	0.0000	0.0000	0.0000	0.0000	0.0000	0.0000	0.0000	0.0000	0.0000	0.0000	0.0000	0.0000	0.0000	0.0000	0.0000	0.0000	0.0454	0.0391	0.0064	0.0006	0.0005	0.0000	0.0449	0.0385	0.0063	0.0872	0.0480	0.0392	0.0089	0.0074	0.0014	0.0783	0.0405	0.0378
19	47	0.0671	7	2	0	1	0	1	0	1	0	0	0	1	1	0	0	0	0	0	0	Y	N	N	N	N	N	N	N	N	N	N	N	N	N	N	N	N	N	0.0000	0.0000	0.0000	0.0000	0.0000	0.0000	0.0000	0.0000	0.0000	0.0000	0.0000	0.0000	0.0000	0.0000	0.0000	0.0000	0.0000	0.0000	0.0029	0.0052	0.0000	0.0268	0.0310	0.0000	0.0000	0.0000	0.0000		0.0043	0.0000	-0.0002	6.0020	0.4020	2.9931	12.8060	0.0000	0.0000	0.0000	0.0000	0.0000	0.0000	0.0000	0.0000	0.0000	0.0003	0.0003	0.0000	0.0003	0.0003	0.0000	0.0000	0.0000	0.0000	0.0097	0.0083	0.0014	0.0003	0.0003	0.0000	0.0093	0.0080	0.0013	0.1057	0.0583	0.0474	0.0113	0.0097	0.0016	0.0944	0.0486	0.0458
19	57	0.0693	8	1	0	1	0	0	0	1	0	0	1	1	2	0	0	0	0	0	0	N	N	N	N	N	Y	N	N	N	N	N	N	N	N	N	N	N	N	0.0000	0.0000	0.0000	0.0000	0.0000	0.0000	0.0000	0.0000	0.0000	0.0000	0.0000	0.0000	0.0000	0.0000	0.0000	0.0000	0.0000	0.0000	0.0000	0.0000	0.0000	0.0000	0.0000	0.0000	0.0000	0.0000	0.0000			0.0000	0.0000	6.0020	0.0000	2.9931	5.0023	0.0000	0.0000	0.0000	0.0000	0.0000	0.0000	0.0000	0.0000	0.0000	0.0000	0.0000	0.0000	0.0000	0.0000	0.0000	0.0000	0.0000	0.0000	0.0000	0.0000	0.0000	0.0000	0.0000	0.0000	0.0000	0.0000	0.0000	0.0402	0.0219	0.0183	0.0042	0.0035	0.0007	0.0360	0.0184	0.0176
19	59	0.0668	6	1	0	1	0	0	0	1	0	0	1	1	2	0	0	0	0	0	0	N	N	N	N	N	Y	N	N	N	N	N	N	N	N	N	N	N	N	0.0000	0.0000	0.0000	0.0000	0.0000	0.0000	0.0000	0.0000	0.0000	0.0000	0.0000	0.0000	0.0000	0.0000	0.0000	0.0000	0.0000	0.0000	0.0000	0.0000	0.0000	0.0000	0.0000	0.0000	0.0000	0.0000	0.0000			0.0000	0.0000	6.0020	0.0000	2.9931	11.0002	0.0000	0.0000	0.0000	0.0000	0.0000	0.0000	0.0000	0.0000	0.0000	0.0000	0.0000	0.0000	0.0000	0.0000	0.0000	0.0000	0.0000	0.0000	0.0000	0.0000	0.0000	0.0000	0.0000	0.0000	0.0000	0.0000	0.0000	0.0870	0.0473	0.0397	0.0082	0.0069	0.0014	0.0788	0.0404	0.0384
19	60	0.0668	7	1	0	1	0	0	0	1	0	0	1	1	2	0	0	0	0	0	0	N	N	N	N	N	Y	N	N	N	N	N	N	N	N	N	N	N	N	0.0000	0.0000	0.0000	0.0000	0.0000	0.0000	0.0000	0.0000	0.0000	0.0000	0.0000	0.0000	0.0000	0.0000	0.0000	0.0000	0.0000	0.0000	0.0001	0.0003	0.0000	0.0015	0.0018	0.0000	0.0000	0.0000	0.0000		0.0000	0.0000	-0.0000	6.0020	0.0000	2.9931	9.0002	0.0000	0.0000	0.0000	0.0000	0.0000	0.0000	0.0000	0.0000	0.0000	0.0000	0.0000	0.0000	0.0000	0.0000	0.0000	0.0000	0.0000	0.0000	0.0000	0.0000	0.0000	0.0000	0.0000	0.0000	0.0000	0.0000	0.0000	0.0715	0.0388	0.0327	0.0067	0.0056	0.0011	0.0648	0.0332	0.0316
25	26	0.0259	4	2	0	1	0	0	0	0	0	1	2	1	2	0	0	0	0	0	0	Y	N	N	N	N	Y	N	N	N	N	N	N	N	N	N	N	N	N	0.0000	0.0000	0.0000	0.0000	0.0000	0.0000	0.0000	0.0000	0.0000	0.0000	0.0000	0.0000	0.0000	0.0000	0.0000	0.0000	0.0000	0.0000	0.1082	0.0010	0.2587	0.0072	0.0037	0.1116	0.1274	0.0000	0.2605		187.5959	0.0000	0.0016	0.9991	1.0082	4.0188	6.9189	0.0000	0.0000	0.0000	0.0000	0.0000	0.0000	0.0000	0.0000	0.0000	0.0056	0.0000	0.0056	0.0001	0.0000	0.0000	0.0056	0.0000	0.0056	0.0046	0.0039	0.0006	0.0000	0.0000	0.0000	0.0045	0.0039	0.0006	0.0522	0.0305	0.0217	0.0083	0.0081	0.0003	0.0439	0.0224	0.0214
25	27	0.0203	3	2	0	1	0	0	0	0	0	0	1	0	1	0	0	0	0	0	0	Y	N	N	N	N	N	N	N	N	N	N	N	N	N	N	N	N	N	0.0000	0.0000	0.0000	0.0000	0.0000	0.0000	0.0000	0.0000	0.0000	0.0000	0.0000	0.0000	0.0000	0.0000	0.0000	0.0000	0.0000	0.0000	0.0783	0.0163	0.1617	0.0568	0.0549	0.1288	0.0819	0.0036	0.1620		7.3880	0.0000	0.0003	0.9991	0.9928	4.0188	2.1814	0.0000	0.0000	0.0000	0.0000	0.0000	0.0000	0.0000	0.0000	0.0000	0.0014	0.0002	0.0013	0.0002	0.0001	0.0000	0.0013	0.0000	0.0013	0.0060	0.0054	0.0006	0.0011	0.0011	0.0000	0.0050	0.0043	0.0006	0.0184	0.0106	0.0079	0.0027	0.0026	0.0001	0.0158	0.0080	0.0078
25	32	0.0164	2	2	0	1	0	0	0	0	0	1	2	1	2	0	0	0	0	0	0	Y	N	N	N	N	Y	N	N	N	N	N	N	N	N	N	N	N	N	0.0069	0.0043	0.0000	0.2331	0.2199	0.0000	0.0000	0.0000	0.0000	0.0008	0.0010	0.0000	0.3840	0.3844	0.0000	0.0000	0.0000	0.0000	0.1220	0.2268	0.0000	1.6473	1.7477	0.0000	0.0001	0.0002	0.0000	0.0000	0.0000	-0.0000	-0.0042	0.9991	3.0008	4.0188	7.1090	0.0000	0.0000	0.0000	0.0000	0.0000	0.0000	0.0000	0.0000	0.0000	0.0059	0.0059	0.0000	0.0059	0.0059	0.0000	0.0000	0.0000	0.0000	0.0118	0.0102	0.0017	0.0000	0.0000	0.0000	0.0118	0.0101	0.0017	0.0484	0.0260	0.0223	0.0036	0.0034	0.0002	0.0448	0.0226	0.0221
25	36	0.0666	10	1	0	1	0	0	0	0	0	0	1	0	2	0	0	0	0	0	0	N	N	N	N	N	Y	N	N	N	N	N	N	N	N	N	N	N	N	0.0000	0.0000	0.0000	0.0000	0.0000	0.0000	0.0000	0.0000	0.0000	0.0000	0.0000	0.0000	0.0000	0.0000	0.0000	0.0000	0.0000	0.0000	0.0000	0.0000	0.0000	0.0000	0.0000	0.0000	0.0000	0.0000	0.0000			0.0000	0.0000	0.9991	0.0000	4.0188	0.0000	0.0000	0.0000	0.0000	0.0000	0.0000	0.0000	0.0000	0.0000	0.0000	0.0000	0.0000	0.0000	0.0000	0.0000	0.0000	0.0000	0.0000	0.0000	0.0000	0.0000	0.0000	0.0000	0.0000	0.0000	0.0000	0.0000	0.0000	0.0000	0.0000	0.0000	0.0000	0.0000	0.0000	0.0000	0.0000	0.0000
25	37	0.0530	9	1	0	1	0	0	0	0	0	0	2	0	2	0	0	0	0	0	0	N	N	N	N	N	Y	N	N	N	N	N	N	N	N	N	N	N	N	0.0000	0.0000	0.0000	0.0000	0.0000	0.0000	0.0000	0.0000	0.0000	0.0000	0.0000	0.0000	0.0000	0.0000	0.0000	0.0000	0.0000	0.0000	0.0000	0.0000	0.0000	0.0000	0.0000	0.0000	0.0000	0.0000	0.0000		9.3286	0.0000	0.0000	0.9991	1.9922	4.0188	9.0553	0.0000	0.0000	0.0000	0.0000	0.0000	0.0000	0.0000	0.0000	0.0000	0.0000	0.0000	0.0000	0.0000	0.0000	0.0000	0.0000	0.0000	0.0000	0.0077	0.0066	0.0011	0.0001	0.0001	0.0000	0.0076	0.0065	0.0011	0.0483	0.0264	0.0220	0.0045	0.0037	0.0007	0.0438	0.0226	0.0212
25	38	0.0391	7	2	0	1	1	0	0	0	1	0	1	1	2	0	0	0	0	0	0	Y	N	N	N	N	Y	N	N	N	N	N	N	N	N	N	N	N	N	0.0000	0.0000	0.0000	0.0000	0.0000	0.0000	0.0000	0.0000	0.0000	0.0000	0.0000	0.0000	0.0000	0.0000	0.0000	0.0000	0.0000	0.0000	0.0001	0.0000	0.0002	0.0007	0.0000	0.0086	0.0000	0.0000	0.0000		60.0701	0.0000	0.0000	0.9991	3.9983	4.0188	0.1262	0.0000	0.0000	0.0000	0.0000	0.0000	0.0000	0.0000	0.0000	0.0000	0.0000	0.0000	0.0000	0.0000	0.0000	0.0000	0.0000	0.0000	0.0000	0.0154	0.0133	0.0022	0.0001	0.0001	0.0000	0.0154	0.0132	0.0022	0.0203	0.0113	0.0090	0.0023	0.0021	0.0002	0.0180	0.0091	0.0088
25	39	0.0367	6	2	0	1	0	0	0	0	0	0	1	1	2	0	0	0	0	0	0	Y	N	N	N	N	Y	N	N	N	N	N	N	N	N	N	N	N	N	0.0000	0.0000	0.0000	0.0000	0.0000	0.0000	0.0000	0.0000	0.0000	0.0000	0.0000	0.0000	0.0000	0.0000	0.0000	0.0000	0.0000	0.0000	0.0089	0.0018	0.0179	0.0198	0.0012	0.2317	0.0072	0.0020	0.0126		7.5418	0.0000	0.0000	0.9991	0.0031	4.0188	2.1400	0.0000	0.0000	0.0000	0.0000	0.0000	0.0000	0.0000	0.0000	0.0000	0.0001	0.0000	0.0001	0.0000	0.0000	0.0000	0.0001	0.0000	0.0001	0.0000	0.0000	0.0000	0.0000	0.0000	0.0000	0.0000	0.0000	0.0000	0.0112	0.0063	0.0049	0.0015	0.0014	0.0001	0.0097	0.0049	0.0048
25	40	0.0243	5	2	0	1	0	0	0	0	0	1	2	1	2	0	0	0	0	0	0	Y	N	N	N	N	Y	N	N	N	N	N	N	N	N	N	N	N	N	0.0000	0.0000	0.0000	0.0000	0.0000	0.0000	0.0000	0.0000	0.0000	0.0000	0.0000	0.0000	0.0000	0.0000	0.0000	0.0000	0.0000	0.0000	0.0007	0.0014	0.0000	0.0109	0.0117	0.0003	0.0000	0.0000	0.0000		0.0019	0.0000	-0.0000	0.9991	0.9998	4.0188	9.0469	0.0000	0.0000	0.0000	0.0000	0.0000	0.0000	0.0000	0.0000	0.0000	0.0000	0.0000	0.0000	0.0000	0.0000	0.0000	0.0000	0.0000	0.0000	0.0039	0.0034	0.0006	0.0000	0.0000	0.0000	0.0039	0.0033	0.0006	0.0462	0.0246	0.0216	0.0030	0.0028	0.0002	0.0431	0.0217	0.0214
25	47	0.0509	9	2	0	1	0	1	0	0	0	0	1	0	1	0	0	0	0	0	0	Y	N	N	N	N	N	N	N	N	N	N	N	N	N	N	N	N	N	0.0000	0.0000	0.0000	0.0000	0.0000	0.0000	0.0000	0.0000	0.0000	0.0000	0.0000	0.0000	0.0000	0.0000	0.0000	0.0000	0.0000	0.0000	0.1102	0.2028	0.0004	1.2461	1.4834	0.0000	0.0002	0.0000	0.0004		0.0018	0.0000	-0.0044	0.9991	0.4020	4.0188	12.8060	0.0000	0.0000	0.0000	0.0000	0.0000	0.0000	0.0000	0.0000	0.0000	0.0063	0.0063	0.0000	0.0063	0.0063	0.0000	0.0000	0.0000	0.0000	0.0016	0.0014	0.0002	0.0001	0.0001	0.0000	0.0016	0.0013	0.0002	0.0572	0.0310	0.0262	0.0051	0.0042	0.0008	0.0522	0.0268	0.0254
25	57	0.0531	10	1	0	1	0	0	0	0	0	0	2	0	2	0	0	0	0	0	0	N	N	N	N	N	Y	N	N	N	N	N	N	N	N	N	N	N	N	0.0000	0.0000	0.0000	0.0000	0.0000	0.0000	0.0000	0.0000	0.0000	0.0000	0.0000	0.0000	0.0000	0.0000	0.0000	0.0000	0.0000	0.0000	0.0000	0.0000	0.0000	0.0000	0.0000	0.0000	0.0000	0.0000	0.0000			0.0000	0.0000	0.9991	0.0000	4.0188	5.0023	0.0000	0.0000	0.0000	0.0000	0.0000	0.0000	0.0000	0.0000	0.0000	0.0000	0.0000	0.0000	0.0000	0.0000	0.0000	0.0000	0.0000	0.0000	0.0000	0.0000	0.0000	0.0000	0.0000	0.0000	0.0000	0.0000	0.0000	0.0222	0.0120	0.0102	0.0021	0.0017	0.0004	0.0201	0.0103	0.0099
25	59	0.0507	8	1	0	1	0	0	0	0	0	0	2	0	2	0	0	0	0	0	0	N	N	N	N	N	Y	N	N	N	N	N	N	N	N	N	N	N	N	0.0000	0.0000	0.0000	0.0000	0.0000	0.0000	0.0000	0.0000	0.0000	0.0000	0.0000	0.0000	0.0000	0.0000	0.0000	0.0000	0.0000	0.0000	0.0000	0.0000	0.0000	0.0000	0.0000	0.0000	0.0000	0.0000	0.0000			0.0000	0.0000	0.9991	0.0000	4.0188	11.0002	0.0000	0.0000	0.0000	0.0000	0.0000	0.0000	0.0000	0.0000	0.0000	0.0000	0.0000	0.0000	0.0000	0.0000	0.0000	0.0000	0.0000	0.0000	0.0000	0.0000	0.0000	0.0000	0.0000	0.0000	0.0000	0.0000	0.0000	0.0482	0.0259	0.0222	0.0041	0.0034	0.0007	0.0441	0.0226	0.0215
25	60	0.0507	9	1	0	1	0	0	0	0	0	0	2	0	2	0	0	0	0	0	0	N	N	N	N	N	Y	N	N	N	N	N	N	N	N	N	N	N	N	0.0000	0.0000	0.0000	0.0000	0.0000	0.0000	0.0000	0.0000	0.0000	0.0000	0.0000	0.0000	0.0000	0.0000	0.0000	0.0000	0.0000	0.0000	0.0000	0.0000	0.0000	0.0000	0.0000	0.0000	0.0000	0.0000	0.0000			0.0000	0.0000	0.9991	0.0000	4.0188	9.0002	0.0000	0.0000	0.0000	0.0000	0.0000	0.0000	0.0000	0.0000	0.0000	0.0000	0.0000	0.0000	0.0000	0.0000	0.0000	0.0000	0.0000	0.0000	0.0000	0.0000	0.0000	0.0000	0.0000	0.0000	0.0000	0.0000	0.0000	0.0396	0.0213	0.0183	0.0034	0.0028	0.0006	0.0362	0.0185	0.0177
26	28	0.0425	7	2	0	1	0	0	0	0	0	2	1	2	1	0	0	0	0	0	0	Y	N	N	N	Y	N	N	N	N	N	N	N	N	N	N	N	N	N	0.0000	0.0000	0.0000	0.0000	0.0000	0.0000	0.0000	0.0000	0.0000	0.0000	0.0000	0.0000	0.0000	0.0000	0.0000	0.0000	0.0000	0.0000	0.0005	0.0008	0.0000	0.0026	0.0034	0.0000	0.0000	0.0000	0.0000		0.0002	0.0000	-0.0001	1.0082	8.9997	6.9189	18.0253	0.0000	0.0000	0.0000	0.0000	0.0000	0.0000	0.0000	0.0000	0.0000	0.0001	0.0001	0.0000	0.0001	0.0001	0.0000	0.0000	0.0000	0.0000	0.0399	0.0344	0.0055	0.0004	0.0004	0.0000	0.0395	0.0340	0.0055	0.2407	0.1343	0.1064	0.0418	0.0328	0.0090	0.1989	0.1015	0.0974
26	29	0.0348	4	2	0	1	0	0	0	0	0	1	1	1	1	0	0	0	0	0	0	Y	N	N	N	N	N	N	N	N	N	N	N	N	N	N	N	N	N	0.0000	0.0000	0.0000	0.0000	0.0000	0.0000	0.0000	0.0000	0.0000	0.0000	0.0000	0.0000	0.0000	0.0000	0.0000	0.0000	0.0000	0.0000	0.1330	0.0028	0.3158	0.0139	0.0100	0.1367	0.1570	0.0000	0.3181		80.7768	0.0000	0.0016	1.0082	0.0009	6.9189	4.0025	0.0000	0.0000	0.0000	0.0000	0.0000	0.0000	0.0000	0.0000	0.0000	0.0057	0.0001	0.0056	0.0001	0.0001	0.0000	0.0056	0.0000	0.0056	0.0000	0.0000	0.0000	0.0000	0.0000	0.0000	0.0000	0.0000	0.0000	0.0428	0.0250	0.0178	0.0072	0.0070	0.0002	0.0356	0.0180	0.0176
26	30	0.0248	3	2	0	1	0	0	0	1	0	1	1	1	1	0	0	0	0	0	0	Y	N	N	N	N	N	N	N	N	N	N	N	N	N	N	N	N	N	0.0000	0.0000	0.0000	0.0000	0.0000	0.0000	0.0000	0.0000	0.0000	0.0000	0.0000	0.0000	0.0000	0.0000	0.0000	0.0000	0.0000	0.0000	15.7503	0.0022	34.3664	0.0822	0.0036	11.2666	22.5223	0.0005	34.4731		13060.2500	0.0000	0.6869	1.0082	0.0033	6.9189	7.9601	0.0000	0.0000	0.0000	0.0000	0.0000	0.0000	0.0000	0.0000	0.0000	2.3337	0.0002	2.3335	0.0037	0.0002	0.0035	2.3300	0.0000	2.3300	0.0000	0.0000	0.0000	0.0000	0.0000	0.0000	0.0000	0.0000	0.0000	0.1482	0.0803	0.0679	0.0447	0.0444	0.0003	0.1035	0.0359	0.0676
26	32	0.0248	3	2	0	0	0	0	0	0	0	2	2	2	2	0	0	0	0	0	0	Y	N	N	N	Y	Y	N	N	N	N	N	N	N	N	N	N	N	N	0.0000	0.0000	0.0000	0.0000	0.0000	0.0000	0.0000	0.0000	0.0000	0.0000	0.0000	0.0000	0.0000	0.0000	0.0000	0.0000	0.0000	0.0000	0.3913	0.7193	0.0000	1.4069	1.4172	0.0000	0.0000	0.0000	0.0000		0.0000	0.0000	-0.0462	1.0082	3.0008	6.9189	7.1090	0.0000	0.0000	0.0000	0.0000	0.0000	0.0000	0.0000	0.0000	0.0000	0.0655	0.0655	0.0000	0.0655	0.0655	0.0000	0.0000	0.0000	0.0000	0.0136	0.0118	0.0019	0.0001	0.0001	0.0000	0.0135	0.0117	0.0019	0.1675	0.0911	0.0764	0.0466	0.0462	0.0003	0.1209	0.0449	0.0760
26	33	0.0209	2	2	0	0	0	0	0	0	0	1	1	1	1	0	0	0	0	0	0	Y	N	N	N	N	N	N	N	N	N	N	N	N	N	N	N	N	N	0.0010	0.0012	0.0000	0.0776	0.0788	0.0000	0.0000	0.0000	0.0000	0.0011	0.0013	0.0000	0.1162	0.1183	0.0000	0.0000	0.0000	0.0000	1.1799	1.0844	1.2878	1.4973	1.5013	0.8775	0.9807	0.0017	1.2900	0.0000	1.0502	-0.0000	-0.0232	1.0082	0.2626	6.9189	2.8944	0.0000	0.0000	0.0000	0.0000	0.0000	0.0000	0.0000	0.0000	0.0000	0.1202	0.0587	0.0616	0.0588	0.0586	0.0002	0.0614	0.0000	0.0614	0.0012	0.0010	0.0002	0.0000	0.0000	0.0000	0.0012	0.0010	0.0002	0.1019	0.0541	0.0478	0.0393	0.0391	0.0002	0.0626	0.0150	0.0476
26	36	0.0671	9	1	0	0	0	0	0	0	0	1	1	1	2	0	0	0	0	0	0	N	N	N	N	N	Y	N	N	N	N	N	N	N	N	N	N	N	N	0.0000	0.0000	0.0000	0.0000	0.0000	0.0000	0.0000	0.0000	0.0000	0.0000	0.0000	0.0000	0.0000	0.0000	0.0000	0.0000	0.0000	0.0000	0.0000	0.0000	0.0000	0.0000	0.0000	0.0000	0.0000	0.0000	0.0000			0.0000	0.0000	1.0082	0.0000	6.9189	0.0000	0.0000	0.0000	0.0000	0.0000	0.0000	0.0000	0.0000	0.0000	0.0000	0.0000	0.0000	0.0000	0.0000	0.0000	0.0000	0.0000	0.0000	0.0000	0.0000	0.0000	0.0000	0.0000	0.0000	0.0000	0.0000	0.0000	0.0000	0.0000	0.0000	0.0000	0.0000	0.0000	0.0000	0.0000	0.0000	0.0000
26	37	0.0536	8	1	0	0	0	0	0	0	0	1	2	1	2	0	0	0	0	0	0	N	N	N	N	N	Y	N	N	N	N	N	N	N	N	N	N	N	N	0.0000	0.0000	0.0000	0.0000	0.0000	0.0000	0.0000	0.0000	0.0000	0.0000	0.0000	0.0000	0.0000	0.0000	0.0000	0.0000	0.0000	0.0000	0.3234	0.0005	0.7467	0.0103	0.0019	0.0424	0.4010	0.0000	0.8209		1104.8722	0.0000	0.0097	1.0082	1.9922	6.9189	9.0553	0.0000	0.0000	0.0000	0.0000	0.0000	0.0000	0.0000	0.0000	0.0000	0.0332	0.0000	0.0331	0.0002	0.0000	0.0002	0.0330	0.0000	0.0330	0.0089	0.0077	0.0012	0.0002	0.0002	0.0000	0.0087	0.0075	0.0012	0.1025	0.0582	0.0444	0.0204	0.0161	0.0042	0.0822	0.0420	0.0401
26	38	0.0397	6	2	0	0	1	0	0	0	1	1	1	2	2	0	0	0	0	0	0	Y	N	N	N	Y	Y	N	N	N	N	N	N	N	N	N	N	N	N	0.0000	0.0000	0.0000	0.0000	0.0000	0.0000	0.0000	0.0000	0.0000	0.0000	0.0000	0.0000	0.0000	0.0000	0.0000	0.0000	0.0000	0.0000	0.0000	0.0000	0.0000	0.0002	0.0002	0.0005	0.0000	0.0000	0.0000		0.1477	0.0000	-0.0000	1.0082	3.9983	6.9189	0.1262	0.0000	0.0000	0.0000	0.0000	0.0000	0.0000	0.0000	0.0000	0.0000	0.0000	0.0000	0.0000	0.0000	0.0000	0.0000	0.0000	0.0000	0.0000	0.0179	0.0155	0.0025	0.0002	0.0002	0.0000	0.0177	0.0153	0.0025	0.0431	0.0252	0.0179	0.0070	0.0069	0.0001	0.0361	0.0184	0.0178
26	39	0.0373	5	2	0	0	0	0	0	0	0	1	1	2	2	0	0	0	0	0	0	Y	N	N	N	Y	Y	N	N	N	N	N	N	N	N	N	N	N	N	0.0000	0.0000	0.0000	0.0000	0.0000	0.0000	0.0000	0.0000	0.0000	0.0000	0.0000	0.0000	0.0000	0.0000	0.0000	0.0000	0.0000	0.0000	0.0021	0.0035	0.0000	0.0121	0.0123	0.0035	0.0000	0.0000	0.0000		0.0064	0.0000	-0.0000	1.0082	0.0031	6.9189	2.1400	0.0000	0.0000	0.0000	0.0000	0.0000	0.0000	0.0000	0.0000	0.0000	0.0000	0.0000	0.0000	0.0000	0.0000	0.0000	0.0000	0.0000	0.0000	0.0000	0.0000	0.0000	0.0000	0.0000	0.0000	0.0000	0.0000	0.0000	0.0235	0.0139	0.0096	0.0040	0.0040	0.0001	0.0195	0.0099	0.0096
26	40	0.0249	4	2	0	0	0	0	0	0	0	2	2	2	2	0	0	0	0	0	0	Y	N	N	N	Y	Y	N	N	N	N	N	N	N	N	N	N	N	N	0.0000	0.0000	0.0000	0.0000	0.0000	0.0000	0.0000	0.0000	0.0000	0.0000	0.0000	0.0000	0.0000	0.0000	0.0000	0.0000	0.0000	0.0000	0.0158	0.0282	0.0000	0.1236	0.1281	0.0003	0.0000	0.0000	0.0000		0.0002	0.0000	-0.0011	1.0082	0.9998	6.9189	9.0469	0.0000	0.0000	0.0000	0.0000	0.0000	0.0000	0.0000	0.0000	0.0000	0.0016	0.0016	0.0000	0.0016	0.0016	0.0000	0.0000	0.0000	0.0000	0.0045	0.0039	0.0006	0.0000	0.0000	0.0000	0.0045	0.0039	0.0006	0.0982	0.0552	0.0430	0.0126	0.0121	0.0004	0.0856	0.0430	0.0426
26	42	0.0425	7	2	0	1	0	0	0	0	0	1	1	1	1	0	0	0	0	0	0	Y	N	N	N	N	N	N	N	N	N	N	N	N	N	N	N	N	N	0.0000	0.0000	0.0000	0.0000	0.0000	0.0000	0.0000	0.0000	0.0000	0.0000	0.0000	0.0000	0.0000	0.0000	0.0000	0.0000	0.0000	0.0000	7.2934	0.0017	16.4592	0.0105	0.0070	0.0233	8.8182	0.0000	17.9788		7673.7447	0.0000	0.2943	1.0082	0.0000	6.9189	15.0005	0.0000	0.0000	0.0000	0.0000	0.0000	0.0000	0.0000	0.0000	0.0000	0.9999	0.0001	0.9998	0.0003	0.0001	0.0001	0.9996	0.0000	0.9996	0.0000	0.0000	0.0000	0.0000	0.0000	0.0000	0.0000	0.0000	0.0000	0.1371	0.0764	0.0607	0.0237	0.0186	0.0051	0.1134	0.0578	0.0556
26	43	0.0425	6	2	0	1	0	1	0	1	0	1	1	1	1	0	0	0	0	0	0	Y	N	N	N	N	N	N	N	N	N	N	N	N	N	N	N	N	N	0.0000	0.0000	0.0000	0.0000	0.0000	0.0000	0.0000	0.0000	0.0000	0.0000	0.0000	0.0000	0.0000	0.0000	0.0000	0.0000	0.0000	0.0000	0.0009	0.0008	0.0010	0.0025	0.0029	0.0009	0.0005	0.0000	0.0010		1.0000	0.0000	-0.0000	1.0082	0.0003	6.9189	0.0736	0.0000	0.0000	0.0000	0.0000	0.0000	0.0000	0.0000	0.0000	0.0000	0.0000	0.0000	0.0000	0.0000	0.0000	0.0000	0.0000	0.0000	0.0000	0.0000	0.0000	0.0000	0.0000	0.0000	0.0000	0.0000	0.0000	0.0000	0.0007	0.0004	0.0003	0.0001	0.0001	0.0000	0.0006	0.0003	0.0003
26	44	0.0663	9	2	0	1	0	1	0	1	0	1	1	1	1	0	0	0	0	0	0	Y	N	N	N	N	N	N	N	N	N	N	N	N	N	N	N	N	N	0.0000	0.0000	0.0000	0.0000	0.0000	0.0000	0.0000	0.0000	0.0000	0.0000	0.0000	0.0000	0.0000	0.0000	0.0000	0.0000	0.0000	0.0000	0.0235	0.0410	0.0000	0.0948	0.1149	0.0000	0.0000	0.0000	0.0000		0.0000	0.0000	-0.0025	1.0082	3.0000	6.9189	12.1057	0.0000	0.0000	0.0000	0.0000	0.0000	0.0000	0.0000	0.0000	0.0000	0.0035	0.0035	0.0000	0.0035	0.0035	0.0000	0.0000	0.0000	0.0000	0.0154	0.0133	0.0020	0.0013	0.0013	0.0000	0.0141	0.0120	0.0020	0.1487	0.0852	0.0634	0.0369	0.0305	0.0064	0.1118	0.0548	0.0570
26	46	0.0680	9	2	0	1	0	0	0	1	0	1	1	1	1	0	0	0	0	0	0	Y	N	N	N	N	N	N	N	N	N	N	N	N	N	N	N	N	N	0.0000	0.0000	0.0000	0.0000	0.0000	0.0000	0.0000	0.0000	0.0000	0.0000	0.0000	0.0000	0.0000	0.0000	0.0000	0.0000	0.0000	0.0000	0.0007	0.0012	0.0001	0.0028	0.0034	0.0000	0.0000	0.0000	0.0001		0.0394	0.0000	-0.0001	1.0082	3.9966	6.9189	13.2202	0.0000	0.0000	0.0000	0.0000	0.0000	0.0000	0.0000	0.0000	0.0000	0.0001	0.0001	0.0000	0.0001	0.0001	0.0000	0.0000	0.0000	0.0000	0.0179	0.0155	0.0025	0.0004	0.0004	0.0000	0.0176	0.0151	0.0025	0.1646	0.0956	0.0690	0.0407	0.0333	0.0074	0.1239	0.0623	0.0616
26	47	0.0515	8	2	0	0	0	1	0	0	0	1	1	1	1	0	0	0	0	0	0	Y	N	N	N	N	N	N	N	N	N	N	N	N	N	N	N	N	N	0.0000	0.0000	0.0000	0.0000	0.0000	0.0000	0.0000	0.0000	0.0000	0.0000	0.0000	0.0000	0.0000	0.0000	0.0000	0.0000	0.0000	0.0000	0.0094	0.0041	0.0163	0.0122	0.0154	0.0001	0.0088	0.0000	0.0179		3.0440	0.0000	0.0001	1.0082	0.4020	6.9189	12.8060	0.0000	0.0000	0.0000	0.0000	0.0000	0.0000	0.0000	0.0000	0.0000	0.0011	0.0003	0.0009	0.0003	0.0003	0.0000	0.0009	0.0000	0.0009	0.0019	0.0017	0.0003	0.0001	0.0001	0.0000	0.0018	0.0016	0.0003	0.1206	0.0680	0.0526	0.0232	0.0184	0.0048	0.0975	0.0497	0.0478
26	50	0.0561	8	1	0	1	0	0	0	0	0	1	1	2	1	0	0	0	0	0	0	N	N	N	N	Y	N	N	N	N	N	N	N	N	N	N	N	N	N	0.0000	0.0000	0.0000	0.0000	0.0000	0.0000	0.0000	0.0000	0.0000	0.0000	0.0000	0.0000	0.0000	0.0000	0.0000	0.0000	0.0000	0.0000	0.0000	0.0000	0.0000	0.0000	0.0000	0.0000	0.0000	0.0000	0.0000		0.0000	0.0000	-0.0000	1.0082	0.0000	6.9189	2.0033	0.0000	0.0000	0.0000	0.0000	0.0000	0.0000	0.0000	0.0000	0.0000	0.0000	0.0000	0.0000	0.0000	0.0000	0.0000	0.0000	0.0000	0.0000	0.0000	0.0000	0.0000	0.0000	0.0000	0.0000	0.0000	0.0000	0.0000	0.0189	0.0106	0.0083	0.0039	0.0031	0.0008	0.0150	0.0076	0.0075
26	51	0.0487	7	1	0	1	0	0	0	0	0	2	1	2	1	0	0	0	0	0	0	N	N	N	N	Y	N	N	N	N	N	N	N	N	N	N	N	N	N	0.0000	0.0000	0.0000	0.0000	0.0000	0.0000	0.0000	0.0000	0.0000	0.0000	0.0000	0.0000	0.0000	0.0000	0.0000	0.0000	0.0000	0.0000	0.0005	0.0010	0.0000	0.0029	0.0036	0.0000	0.0000	0.0000	0.0000		0.0000	0.0000	-0.0000	1.0082	1.0000	6.9189	5.0066	0.0000	0.0000	0.0000	0.0000	0.0000	0.0000	0.0000	0.0000	0.0000	0.0000	0.0000	0.0000	0.0000	0.0000	0.0000	0.0000	0.0000	0.0000	0.0046	0.0039	0.0006	0.0000	0.0000	0.0000	0.0045	0.0039	0.0006	0.0563	0.0314	0.0249	0.0105	0.0083	0.0023	0.0458	0.0232	0.0226
26	56	0.0499	8	2	0	1	0	0	0	0	0	1	1	1	1	0	0	0	0	0	0	Y	N	N	N	N	N	N	N	N	N	N	N	N	N	N	N	N	N	0.0000	0.0000	0.0000	0.0000	0.0000	0.0000	0.0000	0.0000	0.0000	0.0000	0.0000	0.0000	0.0000	0.0000	0.0000	0.0000	0.0000	0.0000	0.0013	0.0023	0.0000	0.0066	0.0083	0.0000	0.0000	0.0000	0.0000		0.0000	0.0000	-0.0000	1.0082	0.9999	6.9189	3.0149	0.0000	0.0000	0.0000	0.0000	0.0000	0.0000	0.0000	0.0000	0.0000	0.0000	0.0000	0.0000	0.0000	0.0000	0.0000	0.0000	0.0000	0.0000	0.0046	0.0039	0.0006	0.0000	0.0000	0.0000	0.0045	0.0039	0.0006	0.0385	0.0216	0.0169	0.0075	0.0060	0.0015	0.0310	0.0156	0.0154
26	57	0.0537	9	1	0	0	0	0	0	0	0	1	2	1	2	0	0	0	0	0	0	N	N	N	N	N	Y	N	N	N	N	N	N	N	N	N	N	N	N	0.0000	0.0000	0.0000	0.0000	0.0000	0.0000	0.0000	0.0000	0.0000	0.0000	0.0000	0.0000	0.0000	0.0000	0.0000	0.0000	0.0000	0.0000	0.0006	0.0011	0.0000	0.0031	0.0040	0.0000	0.0000	0.0000	0.0000		0.0021	0.0000	-0.0000	1.0082	0.0000	6.9189	5.0023	0.0000	0.0000	0.0000	0.0000	0.0000	0.0000	0.0000	0.0000	0.0000	0.0000	0.0000	0.0000	0.0000	0.0000	0.0000	0.0000	0.0000	0.0000	0.0000	0.0000	0.0000	0.0000	0.0000	0.0000	0.0000	0.0000	0.0000	0.0472	0.0265	0.0207	0.0096	0.0075	0.0020	0.0376	0.0189	0.0187
26	59	0.0512	7	1	0	0	0	0	0	0	0	1	2	1	2	0	0	0	0	0	0	N	N	N	N	N	Y	N	N	N	N	N	N	N	N	N	N	N	N	0.0000	0.0000	0.0000	0.0000	0.0000	0.0000	0.0000	0.0000	0.0000	0.0000	0.0000	0.0000	0.0000	0.0000	0.0000	0.0000	0.0000	0.0000	0.3174	0.5673	0.0000	0.0112	0.0143	0.0000	0.3902	0.7711	0.0000		0.0000	0.0000	-0.0229	1.0082	0.0000	6.9189	11.0002	0.0000	0.0000	0.0000	0.0000	0.0000	0.0000	0.0000	0.0000	0.0000	0.0324	0.0324	0.0000	0.0002	0.0002	0.0000	0.0322	0.0322	0.0000	0.0000	0.0000	0.0000	0.0000	0.0000	0.0000	0.0000	0.0000	0.0000	0.1022	0.0572	0.0450	0.0196	0.0154	0.0042	0.0826	0.0418	0.0408
26	60	0.0513	8	1	0	0	0	0	0	0	0	1	2	1	2	0	0	0	0	0	0	N	N	N	N	N	Y	N	N	N	N	N	N	N	N	N	N	N	N	0.0000	0.0000	0.0000	0.0000	0.0000	0.0000	0.0000	0.0000	0.0000	0.0000	0.0000	0.0000	0.0000	0.0000	0.0000	0.0000	0.0000	0.0000	0.0004	0.0006	0.0000	0.0019	0.0024	0.0000	0.0000	0.0000	0.0000		0.0000	0.0000	-0.0000	1.0082	0.0000	6.9189	9.0002	0.0000	0.0000	0.0000	0.0000	0.0000	0.0000	0.0000	0.0000	0.0000	0.0000	0.0000	0.0000	0.0000	0.0000	0.0000	0.0000	0.0000	0.0000	0.0000	0.0000	0.0000	0.0000	0.0000	0.0000	0.0000	0.0000	0.0000	0.0840	0.0470	0.0370	0.0161	0.0126	0.0035	0.0678	0.0343	0.0335
26	63	0.0536	9	2	0	1	0	0	0	0	0	1	1	2	1	0	0	0	0	0	0	Y	N	N	N	Y	N	N	N	N	N	N	N	N	N	N	N	N	N	0.0000	0.0000	0.0000	0.0000	0.0000	0.0000	0.0000	0.0000	0.0000	0.0000	0.0000	0.0000	0.0000	0.0000	0.0000	0.0000	0.0000	0.0000	0.0000	0.0000	0.0000	0.0000	0.0000	0.0000	0.0000	0.0000	0.0000			0.0000	0.0000	1.0082	0.0000	6.9189	0.0000	0.0000	0.0000	0.0000	0.0000	0.0000	0.0000	0.0000	0.0000	0.0000	0.0000	0.0000	0.0000	0.0000	0.0000	0.0000	0.0000	0.0000	0.0000	0.0000	0.0000	0.0000	0.0000	0.0000	0.0000	0.0000	0.0000	0.0000	0.0000	0.0000	0.0000	0.0000	0.0000	0.0000	0.0000	0.0000	0.0000
26	64	0.0499	8	2	0	1	0	0	0	0	0	2	1	2	1	0	0	0	0	0	0	Y	N	N	N	Y	N	N	N	N	N	N	N	N	N	N	N	N	N	0.0000	0.0000	0.0000	0.0000	0.0000	0.0000	0.0000	0.0000	0.0000	0.0000	0.0000	0.0000	0.0000	0.0000	0.0000	0.0000	0.0000	0.0000	0.0003	0.0006	0.0000	0.0017	0.0022	0.0000	0.0000	0.0000	0.0000		0.0019	0.0000	-0.0000	1.0082	0.0001	6.9189	3.0132	0.0000	0.0000	0.0000	0.0000	0.0000	0.0000	0.0000	0.0000	0.0000	0.0000	0.0000	0.0000	0.0000	0.0000	0.0000	0.0000	0.0000	0.0000	0.0000	0.0000	0.0000	0.0000	0.0000	0.0000	0.0000	0.0000	0.0000	0.0292	0.0164	0.0128	0.0058	0.0046	0.0012	0.0234	0.0118	0.0116
26	65	0.0487	7	2	0	1	0	1	0	0	0	1	1	1	1	0	0	0	0	0	0	Y	N	N	N	N	N	N	N	N	N	N	N	N	N	N	N	N	N	0.0000	0.0000	0.0000	0.0000	0.0000	0.0000	0.0000	0.0000	0.0000	0.0000	0.0000	0.0000	0.0000	0.0000	0.0000	0.0000	0.0000	0.0000	0.0000	0.0000	0.0000	0.0000	0.0000	0.0000	0.0000	0.0000	0.0000		0.0282	0.0000	-0.0000	1.0082	0.0001	6.9189	0.9885	0.0000	0.0000	0.0000	0.0000	0.0000	0.0000	0.0000	0.0000	0.0000	0.0000	0.0000	0.0000	0.0000	0.0000	0.0000	0.0000	0.0000	0.0000	0.0000	0.0000	0.0000	0.0000	0.0000	0.0000	0.0000	0.0000	0.0000	0.0095	0.0053	0.0042	0.0018	0.0014	0.0004	0.0077	0.0039	0.0038
27	28	0.0271	6	2	0	1	0	0	0	0	0	1	0	1	0	0	0	0	0	0	0	Y	N	N	N	N	N	N	N	N	N	N	N	N	N	N	N	N	N	0.0000	0.0000	0.0000	0.0000	0.0000	0.0000	0.0000	0.0000	0.0000	0.0000	0.0000	0.0000	0.0000	0.0000	0.0000	0.0000	0.0000	0.0000	0.0013	0.0007	0.0021	0.0000	0.0000	0.0000	0.0015	0.0008	0.0022		2.6404	0.0000	0.0000	0.9928	8.9997	2.1814	18.0253	0.0000	0.0000	0.0000	0.0000	0.0000	0.0000	0.0000	0.0000	0.0000	0.0001	0.0000	0.0001	0.0000	0.0000	0.0000	0.0001	0.0000	0.0001	0.0341	0.0293	0.0048	0.0001	0.0001	0.0000	0.0340	0.0292	0.0048	0.0847	0.0462	0.0385	0.0135	0.0107	0.0027	0.0712	0.0355	0.0358
27	29	0.0194	3	2	0	1	0	0	0	0	0	0	0	0	0	0	0	0	0	0	0	Y	N	N	N	N	N	N	N	N	N	N	N	N	N	N	N	N	N	0.0000	0.0000	0.0000	0.0000	0.0000	0.0000	0.0000	0.0000	0.0000	0.0000	0.0000	0.0000	0.0000	0.0000	0.0000	0.0000	0.0000	0.0000	0.0987	0.0211	0.2035	0.0666	0.0643	0.1567	0.1045	0.0060	0.2039		7.1677	0.0000	0.0003	0.9928	0.0009	2.1814	4.0025	0.0000	0.0000	0.0000	0.0000	0.0000	0.0000	0.0000	0.0000	0.0000	0.0015	0.0002	0.0013	0.0002	0.0001	0.0000	0.0013	0.0000	0.0013	0.0000	0.0000	0.0000	0.0000	0.0000	0.0000	0.0000	0.0000	0.0000	0.0150	0.0086	0.0064	0.0023	0.0022	0.0001	0.0127	0.0064	0.0063
27	30	0.0095	2	2	0	1	0	0	0	1	0	0	0	0	0	0	0	0	0	0	0	Y	N	N	N	N	N	N	N	N	N	N	N	N	N	N	N	N	N	0.0000	0.0000	0.0000	0.0000	0.0000	0.0000	0.0000	0.0000	0.0000	0.0000	0.0000	0.0000	0.0000	0.0000	0.0000	0.0000	0.0000	0.0000	12.2364	2.3194	23.6926	4.1946	4.1967	1.9760	15.3735	0.2606	23.7050		8.8424	0.0000	0.1165	0.9928	0.0033	2.1814	7.9601	0.0000	0.0000	0.0000	0.0000	0.0000	0.0000	0.0000	0.0000	0.0000	0.6044	0.0614	0.5430	0.0581	0.0581	0.0000	0.5462	0.0033	0.5430	0.0013	0.0006	0.0006	0.0006	0.0006	0.0000	0.0006	0.0000	0.0006	0.0494	0.0265	0.0229	0.0139	0.0138	0.0000	0.0355	0.0126	0.0229
27	32	0.0095	2	2	0	0	0	0	0	0	0	1	1	1	1	0	0	0	0	0	0	Y	N	N	N	N	N	N	N	N	N	N	N	N	N	N	N	N	N	0.0000	0.0000	0.0000	0.0000	0.0000	0.0000	0.0000	0.0000	0.0000	0.0000	0.0000	0.0000	0.0000	0.0000	0.0000	0.0000	0.0000	0.0000	0.5544	0.8989	0.1528	1.8819	1.8834	0.2647	0.0952	0.0009	0.1528		0.1459	0.0000	-0.0181	0.9928	3.0008	2.1814	7.1090	0.0000	0.0000	0.0000	0.0000	0.0000	0.0000	0.0000	0.0000	0.0000	0.0312	0.0273	0.0040	0.0272	0.0272	0.0000	0.0040	0.0000	0.0040	0.0192	0.0167	0.0025	0.0038	0.0038	0.0000	0.0154	0.0130	0.0025	0.0563	0.0303	0.0260	0.0145	0.0145	0.0000	0.0419	0.0159	0.0260
27	38	0.0244	5	2	0	0	1	0	0	0	1	0	0	1	1	0	0	0	0	0	0	Y	N	N	N	N	N	N	N	N	N	N	N	N	N	N	N	N	N	0.0000	0.0000	0.0000	0.0000	0.0000	0.0000	0.0000	0.0000	0.0000	0.0000	0.0000	0.0000	0.0000	0.0000	0.0000	0.0000	0.0000	0.0000	0.0001	0.0001	0.0000	0.0001	0.0001	0.0000	0.0001	0.0001	0.0000		0.3296	0.0000	-0.0000	0.9928	3.9983	2.1814	0.1262	0.0000	0.0000	0.0000	0.0000	0.0000	0.0000	0.0000	0.0000	0.0000	0.0000	0.0000	0.0000	0.0000	0.0000	0.0000	0.0000	0.0000	0.0000	0.0153	0.0132	0.0022	0.0000	0.0000	0.0000	0.0153	0.0131	0.0022	0.0149	0.0084	0.0065	0.0022	0.0021	0.0001	0.0127	0.0063	0.0064
27	39	0.0220	4	2	0	0	0	0	0	0	0	0	0	1	1	0	0	0	0	0	0	Y	N	N	N	N	N	N	N	N	N	N	N	N	N	N	N	N	N	0.0000	0.0000	0.0000	0.0000	0.0000	0.0000	0.0000	0.0000	0.0000	0.0000	0.0000	0.0000	0.0000	0.0000	0.0000	0.0000	0.0000	0.0000	0.0061	0.0086	0.0028	0.0003	0.0003	0.0000	0.0072	0.0116	0.0028		0.2478	0.0000	-0.0000	0.9928	0.0031	2.1814	2.1400	0.0000	0.0000	0.0000	0.0000	0.0000	0.0000	0.0000	0.0000	0.0000	0.0000	0.0000	0.0000	0.0000	0.0000	0.0000	0.0000	0.0000	0.0000	0.0000	0.0000	0.0000	0.0000	0.0000	0.0000	0.0000	0.0000	0.0000	0.0081	0.0046	0.0035	0.0013	0.0012	0.0000	0.0068	0.0034	0.0034
27	40	0.0095	3	2	0	0	0	0	0	0	0	1	1	1	1	0	0	0	0	0	0	Y	N	N	N	N	N	N	N	N	N	N	N	N	N	N	N	N	N	0.0000	0.0000	0.0000	0.0000	0.0000	0.0000	0.0000	0.0000	0.0000	0.0000	0.0000	0.0000	0.0000	0.0000	0.0000	0.0000	0.0000	0.0000	0.0241	0.0364	0.0093	0.1650	0.1545	0.6907	0.0029	0.0000	0.0055		0.2146	0.0000	-0.0005	0.9928	0.9998	2.1814	9.0469	0.0000	0.0000	0.0000	0.0000	0.0000	0.0000	0.0000	0.0000	0.0000	0.0009	0.0007	0.0002	0.0008	0.0007	0.0001	0.0001	0.0000	0.0001	0.0039	0.0033	0.0005	0.0000	0.0000	0.0000	0.0039	0.0033	0.0005	0.0362	0.0197	0.0165	0.0047	0.0046	0.0001	0.0314	0.0151	0.0164
27	42	0.0271	6	2	0	1	0	0	0	0	0	0	0	0	0	0	0	0	0	0	0	Y	N	N	N	N	N	N	N	N	N	N	N	N	N	N	N	N	N	0.0000	0.0000	0.0000	0.0000	0.0000	0.0000	0.0000	0.0000	0.0000	0.0000	0.0000	0.0000	0.0000	0.0000	0.0000	0.0000	0.0000	0.0000	0.0124	0.0061	0.0200	0.0156	0.0196	0.0000	0.0118	0.0020	0.0215		2.7450	0.0000	0.0000	0.9928	0.0000	2.1814	15.0005	0.0000	0.0000	0.0000	0.0000	0.0000	0.0000	0.0000	0.0000	0.0000	0.0006	0.0002	0.0004	0.0001	0.0001	0.0000	0.0005	0.0000	0.0004	0.0000	0.0000	0.0000	0.0000	0.0000	0.0000	0.0000	0.0000	0.0000	0.0484	0.0264	0.0220	0.0077	0.0062	0.0016	0.0406	0.0202	0.0204
27	43	0.0271	5	2	0	1	0	1	0	1	0	0	0	0	0	0	0	0	0	0	0	Y	N	N	N	N	N	N	N	N	N	N	N	N	N	N	N	N	N	0.0000	0.0000	0.0000	0.0000	0.0000	0.0000	0.0000	0.0000	0.0000	0.0000	0.0000	0.0000	0.0000	0.0000	0.0000	0.0000	0.0000	0.0000	0.0025	0.0018	0.0042	0.0036	0.0038	0.0000	0.0019	0.0001	0.0045		0.9319	0.0000	-0.0000	0.9928	0.0003	2.1814	0.0736	0.0000	0.0000	0.0000	0.0000	0.0000	0.0000	0.0000	0.0000	0.0000	0.0000	0.0000	0.0000	0.0000	0.0000	0.0000	0.0000	0.0000	0.0000	0.0000	0.0000	0.0000	0.0000	0.0000	0.0000	0.0000	0.0000	0.0000	0.0005	0.0004	0.0002	0.0002	0.0002	0.0000	0.0004	0.0002	0.0001
27	44	0.0509	8	2	0	1	0	1	0	1	0	0	0	0	0	0	0	0	0	0	0	Y	N	N	N	N	N	N	N	N	N	N	N	N	N	N	N	N	N	0.0000	0.0000	0.0000	0.0000	0.0000	0.0000	0.0000	0.0000	0.0000	0.0000	0.0000	0.0000	0.0000	0.0000	0.0000	0.0000	0.0000	0.0000	2.0609	3.7013	0.0060	10.2102	12.6415	0.0000	0.0036	0.0005	0.0066		0.0013	0.0000	-0.0708	0.9928	3.0000	2.1814	12.1057	0.0000	0.0000	0.0000	0.0000	0.0000	0.0000	0.0000	0.0000	0.0000	0.1005	0.1003	0.0001	0.1003	0.1003	0.0000	0.0001	0.0000	0.0001	0.0127	0.0109	0.0017	0.0008	0.0007	0.0000	0.0119	0.0102	0.0017	0.0487	0.0271	0.0216	0.0098	0.0079	0.0019	0.0389	0.0192	0.0198
27	46	0.0527	8	2	0	1	0	0	0	1	0	0	0	0	0	0	0	0	0	0	0	Y	N	N	N	N	N	N	N	N	N	N	N	N	N	N	N	N	N	0.0000	0.0000	0.0000	0.0000	0.0000	0.0000	0.0000	0.0000	0.0000	0.0000	0.0000	0.0000	0.0000	0.0000	0.0000	0.0000	0.0000	0.0000	0.0018	0.0026	0.0007	0.0003	0.0004	0.0000	0.0023	0.0039	0.0008		0.1853	0.0000	-0.0001	0.9928	3.9966	2.1814	13.2202	0.0000	0.0000	0.0000	0.0000	0.0000	0.0000	0.0000	0.0000	0.0000	0.0001	0.0001	0.0000	0.0000	0.0000	0.0000	0.0001	0.0001	0.0000	0.0162	0.0140	0.0022	0.0006	0.0006	0.0000	0.0156	0.0134	0.0022	0.0623	0.0366	0.0257	0.0151	0.0129	0.0023	0.0471	0.0237	0.0234
27	47	0.0362	7	2	0	0	0	1	0	0	0	0	0	0	0	0	0	0	0	0	0	Y	N	N	N	N	N	N	N	N	N	N	N	N	N	N	N	N	N	0.0000	0.0000	0.0000	0.0000	0.0000	0.0000	0.0000	0.0000	0.0000	0.0000	0.0000	0.0000	0.0000	0.0000	0.0000	0.0000	0.0000	0.0000	0.0570	0.0520	0.0631	0.1387	0.1730	0.0000	0.0401	0.0114	0.0683		1.0002	0.0000	-0.0005	0.9928	0.4020	2.1814	12.8060	0.0000	0.0000	0.0000	0.0000	0.0000	0.0000	0.0000	0.0000	0.0000	0.0024	0.0012	0.0012	0.0010	0.0010	0.0000	0.0014	0.0002	0.0012	0.0016	0.0014	0.0002	0.0001	0.0000	0.0000	0.0016	0.0013	0.0002	0.0424	0.0233	0.0192	0.0073	0.0058	0.0014	0.0351	0.0174	0.0177
27	56	0.0346	7	2	0	1	0	0	0	0	0	0	0	0	0	0	0	0	0	0	0	Y	N	N	N	N	N	N	N	N	N	N	N	N	N	N	N	N	N	0.0000	0.0000	0.0000	0.0000	0.0000	0.0000	0.0000	0.0000	0.0000	0.0000	0.0000	0.0000	0.0000	0.0000	0.0000	0.0000	0.0000	0.0000	0.0037	0.0055	0.0016	0.0000	0.0000	0.0000	0.0045	0.0073	0.0018		0.2500	0.0000	-0.0000	0.9928	0.9999	2.1814	3.0149	0.0000	0.0000	0.0000	0.0000	0.0000	0.0000	0.0000	0.0000	0.0000	0.0000	0.0000	0.0000	0.0000	0.0000	0.0000	0.0000	0.0000	0.0000	0.0039	0.0033	0.0005	0.0000	0.0000	0.0000	0.0039	0.0033	0.0005	0.0134	0.0073	0.0061	0.0023	0.0018	0.0004	0.0111	0.0055	0.0056
27	63	0.0383	8	2	0	1	0	0	0	0	0	0	0	1	0	0	0	0	0	0	0	Y	N	N	N	N	N	N	N	N	N	N	N	N	N	N	N	N	N	0.0000	0.0000	0.0000	0.0000	0.0000	0.0000	0.0000	0.0000	0.0000	0.0000	0.0000	0.0000	0.0000	0.0000	0.0000	0.0000	0.0000	0.0000	0.0000	0.0000	0.0000	0.0000	0.0000	0.0000	0.0000	0.0000	0.0000			0.0000	0.0000	0.9928	0.0000	2.1814	0.0000	0.0000	0.0000	0.0000	0.0000	0.0000	0.0000	0.0000	0.0000	0.0000	0.0000	0.0000	0.0000	0.0000	0.0000	0.0000	0.0000	0.0000	0.0000	0.0000	0.0000	0.0000	0.0000	0.0000	0.0000	0.0000	0.0000	0.0000	0.0000	0.0000	0.0000	0.0000	0.0000	0.0000	0.0000	0.0000	0.0000
27	64	0.0346	7	2	0	1	0	0	0	0	0	1	0	1	0	0	0	0	0	0	0	Y	N	N	N	N	N	N	N	N	N	N	N	N	N	N	N	N	N	0.0000	0.0000	0.0000	0.0000	0.0000	0.0000	0.0000	0.0000	0.0000	0.0000	0.0000	0.0000	0.0000	0.0000	0.0000	0.0000	0.0000	0.0000	0.0010	0.0000	0.0022	0.0000	0.0000	0.0000	0.0012	0.0000	0.0024		526.1947	0.0000	0.0000	0.9928	0.0001	2.1814	3.0132	0.0000	0.0000	0.0000	0.0000	0.0000	0.0000	0.0000	0.0000	0.0000	0.0000	0.0000	0.0000	0.0000	0.0000	0.0000	0.0000	0.0000	0.0000	0.0000	0.0000	0.0000	0.0000	0.0000	0.0000	0.0000	0.0000	0.0000	0.0101	0.0055	0.0046	0.0017	0.0014	0.0003	0.0084	0.0041	0.0042
27	65	0.0334	6	2	0	1	0	1	0	0	0	0	0	0	0	0	0	0	0	0	0	Y	N	N	N	N	N	N	N	N	N	N	N	N	N	N	N	N	N	0.0000	0.0000	0.0000	0.0000	0.0000	0.0000	0.0000	0.0000	0.0000	0.0000	0.0000	0.0000	0.0000	0.0000	0.0000	0.0000	0.0000	0.0000	0.0000	0.0000	0.0000	0.0000	0.0000	0.0000	0.0000	0.0000	0.0000		0.3861	0.0000	-0.0000	0.9928	0.0001	2.1814	0.9885	0.0000	0.0000	0.0000	0.0000	0.0000	0.0000	0.0000	0.0000	0.0000	0.0000	0.0000	0.0000	0.0000	0.0000	0.0000	0.0000	0.0000	0.0000	0.0000	0.0000	0.0000	0.0000	0.0000	0.0000	0.0000	0.0000	0.0000	0.0033	0.0018	0.0015	0.0005	0.0004	0.0001	0.0027	0.0014	0.0014
28	32	0.0688	7	2	0	1	0	0	0	0	0	2	1	2	1	0	0	0	0	0	0	Y	N	N	N	Y	N	N	N	N	N	N	N	N	N	N	N	N	N	0.0000	0.0000	0.0000	0.0000	0.0000	0.0000	0.0000	0.0000	0.0000	0.0000	0.0000	0.0000	0.0000	0.0000	0.0000	0.0000	0.0000	0.0000	0.0014	0.0000	0.0031	0.0000	0.0000	0.0000	0.0015	0.0000	0.0032		inf	0.0000	0.0001	8.9997	3.0008	18.0253	7.1090	0.0000	0.0000	0.0000	0.0000	0.0000	0.0000	0.0000	0.0000	0.0000	0.0003	0.0000	0.0003	0.0000	0.0000	0.0000	0.0003	0.0000	0.0003	0.1025	0.0881	0.0144	0.0003	0.0003	0.0000	0.1022	0.0879	0.0144	0.2304	0.1231	0.1073	0.0174	0.0134	0.0040	0.2130	0.1097	0.1033
28	33	0.0648	6	2	0	1	0	0	0	0	0	1	0	1	0	0	0	0	0	0	0	Y	N	N	N	N	N	N	N	N	N	N	N	N	N	N	N	N	N	0.0000	0.0000	0.0000	0.0000	0.0000	0.0000	0.0000	0.0000	0.0000	0.0000	0.0000	0.0000	0.0000	0.0000	0.0000	0.0000	0.0000	0.0000	0.0011	0.0020	0.0000	0.0067	0.0084	0.0000	0.0000	0.0000	0.0000		0.0055	0.0000	-0.0001	8.9997	0.2626	18.0253	2.8944	0.0000	0.0000	0.0000	0.0000	0.0000	0.0000	0.0000	0.0000	0.0000	0.0001	0.0001	0.0000	0.0001	0.0001	0.0000	0.0000	0.0000	0.0000	0.0090	0.0078	0.0013	0.0000	0.0000	0.0000	0.0090	0.0077	0.0013	0.0843	0.0460	0.0383	0.0135	0.0107	0.0027	0.0709	0.0353	0.0356
28	34	0.0630	5	2	0	1	0	0	0	0	0	1	0	1	0	0	0	0	0	0	0	Y	N	N	N	N	N	N	N	N	N	N	N	N	N	N	N	N	N	0.0000	0.0000	0.0000	0.0000	0.0000	0.0000	0.0000	0.0000	0.0000	0.0000	0.0000	0.0000	0.0000	0.0000	0.0000	0.0000	0.0000	0.0000	0.0050	0.0094	0.0000	0.0555	0.0668	0.0000	0.0022	0.0043	0.0000		0.0018	0.0000	-0.0001	8.9997	0.4435	18.0253	1.4154	0.0000	0.0000	0.0000	0.0000	0.0000	0.0000	0.0000	0.0000	0.0000	0.0002	0.0002	0.0000	0.0001	0.0001	0.0000	0.0001	0.0001	0.0000	0.0153	0.0131	0.0021	0.0000	0.0000	0.0000	0.0152	0.0131	0.0021	0.0424	0.0225	0.0199	0.0022	0.0018	0.0004	0.0403	0.0207	0.0196
28	35	0.0609	4	2	0	1	0	0	0	0	0	1	0	1	0	0	0	0	0	0	0	Y	N	N	N	N	N	N	N	N	N	N	N	N	N	N	N	N	N	0.0000	0.0000	0.0000	0.0000	0.0000	0.0000	0.0000	0.0000	0.0000	0.0000	0.0000	0.0000	0.0000	0.0000	0.0000	0.0000	0.0000	0.0000	0.0090	0.0165	0.0000	0.0748	0.0819	0.0000	0.0028	0.0054	0.0000		0.0001	0.0000	-0.0003	8.9997	0.0004	18.0253	1.8965	0.0000	0.0000	0.0000	0.0000	0.0000	0.0000	0.0000	0.0000	0.0000	0.0004	0.0004	0.0000	0.0003	0.0003	0.0000	0.0001	0.0001	0.0000	0.0000	0.0000	0.0000	0.0000	0.0000	0.0000	0.0000	0.0000	0.0000	0.0473	0.0258	0.0215	0.0041	0.0037	0.0004	0.0432	0.0221	0.0211
28	38	0.0757	6	2	0	1	1	0	0	0	1	1	0	2	1	0	0	0	0	0	0	Y	N	N	N	Y	N	N	N	N	N	N	N	N	N	N	N	N	N	0.0000	0.0000	0.0000	0.0000	0.0000	0.0000	0.0000	0.0000	0.0000	0.0000	0.0000	0.0000	0.0000	0.0000	0.0000	0.0000	0.0000	0.0000	0.0002	0.0004	0.0000	0.0019	0.0021	0.0000	0.0000	0.0000	0.0000		0.0000	0.0000	-0.0000	8.9997	3.9983	18.0253	0.1262	0.0000	0.0000	0.0000	0.0000	0.0000	0.0000	0.0000	0.0000	0.0000	0.0000	0.0000	0.0000	0.0000	0.0000	0.0000	0.0000	0.0000	0.0000	0.1361	0.1171	0.0191	0.0007	0.0007	0.0001	0.1354	0.1164	0.0190	0.1010	0.0561	0.0449	0.0107	0.0094	0.0013	0.0903	0.0467	0.0436
28	39	0.0733	5	2	0	1	0	0	0	0	0	1	0	2	1	0	0	0	0	0	0	Y	N	N	N	Y	N	N	N	N	N	N	N	N	N	N	N	N	N	0.0000	0.0000	0.0000	0.0000	0.0000	0.0000	0.0000	0.0000	0.0000	0.0000	0.0000	0.0000	0.0000	0.0000	0.0000	0.0000	0.0000	0.0000	0.0156	0.0257	0.0025	0.1093	0.1209	0.0000	0.0029	0.0032	0.0026		0.0753	0.0000	-0.0005	8.9997	0.0031	18.0253	2.1400	0.0000	0.0000	0.0000	0.0000	0.0000	0.0000	0.0000	0.0000	0.0000	0.0009	0.0008	0.0001	0.0007	0.0007	0.0000	0.0001	0.0001	0.0001	0.0001	0.0001	0.0000	0.0000	0.0000	0.0000	0.0001	0.0001	0.0000	0.0552	0.0311	0.0241	0.0066	0.0060	0.0006	0.0487	0.0252	0.0235
28	40	0.0609	4	2	0	1	0	0	0	0	0	2	1	2	1	0	0	0	0	0	0	Y	N	N	N	Y	N	N	N	N	N	N	N	N	N	N	N	N	N	0.0000	0.0000	0.0000	0.0000	0.0000	0.0000	0.0000	0.0000	0.0000	0.0000	0.0000	0.0000	0.0000	0.0000	0.0000	0.0000	0.0000	0.0000	0.0033	0.0000	0.0071	0.0000	0.0000	0.0000	0.0035	0.0000	0.0072		2072.4243	0.0000	0.0002	8.9997	0.9998	18.0253	9.0469	0.0000	0.0000	0.0000	0.0000	0.0000	0.0000	0.0000	0.0000	0.0000	0.0007	0.0000	0.0007	0.0000	0.0000	0.0000	0.0007	0.0000	0.0007	0.0344	0.0296	0.0048	0.0001	0.0001	0.0000	0.0343	0.0295	0.0048	0.2242	0.1190	0.1052	0.0101	0.0084	0.0017	0.2141	0.1106	0.1035
28	41	0.0457	3	2	0	1	0	1	0	0	0	1	0	1	0	0	0	0	0	0	0	Y	N	N	N	N	N	N	N	N	N	N	N	N	N	N	N	N	N	0.0000	0.0000	0.0000	0.0000	0.0000	0.0000	0.0000	0.0000	0.0000	0.0000	0.0000	0.0000	0.0000	0.0000	0.0000	0.0000	0.0000	0.0000	0.0029	0.0055	0.0000	0.1878	0.1998	0.0000	0.0000	0.0000	0.0000		0.0013	0.0000	-0.0005	8.9997	0.0021	18.0253	12.1494	0.0000	0.0000	0.0000	0.0000	0.0000	0.0000	0.0000	0.0000	0.0000	0.0008	0.0008	0.0000	0.0008	0.0008	0.0000	0.0000	0.0000	0.0000	0.0001	0.0001	0.0000	0.0000	0.0000	0.0000	0.0001	0.0001	0.0000	0.2680	0.1403	0.1277	0.0041	0.0039	0.0002	0.2639	0.1364	0.1275
28	47	0.0523	4	2	0	1	0	1	0	0	0	1	0	1	0	0	0	0	0	0	0	Y	N	N	N	N	N	N	N	N	N	N	N	N	N	N	N	N	N	0.0000	0.0000	0.0000	0.0000	0.0000	0.0000	0.0000	0.0000	0.0000	0.0000	0.0000	0.0000	0.0000	0.0000	0.0000	0.0000	0.0000	0.0000	1.3261	0.0502	2.7797	0.6811	0.7222	0.0000	1.3507	0.0035	2.7922		48.6441	-0.0000	0.1079	8.9997	0.4020	18.0253	12.8060	0.0000	0.0000	0.0000	0.0000	0.0000	0.0000	0.0000	0.0000	0.0000	0.3935	0.0079	0.3856	0.0074	0.0074	0.0000	0.3861	0.0005	0.3856	0.0144	0.0124	0.0020	0.0004	0.0004	0.0000	0.0140	0.0120	0.0020	0.2967	0.1580	0.1387	0.0109	0.0103	0.0006	0.2858	0.1478	0.1381
29	32	0.0146	2	2	0	1	0	0	0	0	0	1	1	1	1	0	0	0	0	0	0	Y	N	N	N	N	N	N	N	N	N	N	N	N	N	N	N	N	N	0.0099	0.0062	0.0000	0.6714	0.6355	0.0000	0.0000	0.0000	0.0000	0.2511	0.2883	0.0000	0.6852	0.6852	0.0000	0.0000	0.0000	0.0000	25.2953	46.8619	0.0000	1.0205	1.0783	0.0000	27.4107	54.3491	0.0000	0.0000	0.0000	-0.0000	-0.7002	0.0009	3.0008	4.0025	7.1090	0.0000	0.0000	0.0000	0.0000	0.0000	0.0000	0.0000	0.0000	0.0000	0.9923	0.9923	0.0000	0.0032	0.0032	0.0000	0.9891	0.9891	0.0000	0.0000	0.0000	0.0000	0.0000	0.0000	0.0000	0.0000	0.0000	0.0000	0.0392	0.0212	0.0181	0.0031	0.0030	0.0002	0.0361	0.0182	0.0179
29	38	0.0373	7	2	0	1	1	0	0	0	1	0	0	1	1	0	0	0	0	0	0	Y	N	N	N	N	N	N	N	N	N	N	N	N	N	N	N	N	N	0.0000	0.0000	0.0000	0.0000	0.0000	0.0000	0.0000	0.0000	0.0000	0.0000	0.0000	0.0000	0.0000	0.0000	0.0000	0.0000	0.0000	0.0000	0.0152	0.0273	0.0000	0.1293	0.1403	0.0000	0.0000	0.0000	0.0000		0.0000	0.0000	-0.0002	0.0009	3.9983	4.0025	0.1262	0.0000	0.0000	0.0000	0.0000	0.0000	0.0000	0.0000	0.0000	0.0000	0.0002	0.0002	0.0000	0.0002	0.0002	0.0000	0.0000	0.0000	0.0000	0.0001	0.0000	0.0000	0.0000	0.0000	0.0000	0.0000	0.0000	0.0000	0.0164	0.0091	0.0073	0.0019	0.0018	0.0002	0.0144	0.0073	0.0071
29	39	0.0349	6	2	0	1	0	0	0	0	0	0	0	1	1	0	0	0	0	0	0	Y	N	N	N	N	N	N	N	N	N	N	N	N	N	N	N	N	N	0.0000	0.0000	0.0000	0.0000	0.0000	0.0000	0.0000	0.0000	0.0000	0.0000	0.0000	0.0000	0.0000	0.0000	0.0000	0.0000	0.0000	0.0000	0.4965	0.8771	0.0000	3.4177	3.7213	0.0000	0.0317	0.0622	0.0000		0.0000	0.0000	-0.0032	0.0009	0.0031	4.0025	2.1400	0.0000	0.0000	0.0000	0.0000	0.0000	0.0000	0.0000	0.0000	0.0000	0.0045	0.0045	0.0000	0.0042	0.0042	0.0000	0.0002	0.0002	0.0000	0.0000	0.0000	0.0000	0.0000	0.0000	0.0000	0.0000	0.0000	0.0000	0.0090	0.0051	0.0039	0.0012	0.0011	0.0001	0.0078	0.0040	0.0038
29	40	0.0225	5	2	0	1	0	0	0	0	0	1	1	1	1	0	0	0	0	0	0	Y	N	N	N	N	N	N	N	N	N	N	N	N	N	N	N	N	N	0.0000	0.0000	0.0000	0.0000	0.0000	0.0000	0.0000	0.0000	0.0000	0.0000	0.0000	0.0000	0.0000	0.0000	0.0000	0.0000	0.0000	0.0000	0.1143	0.2140	0.0000	0.0059	0.0063	0.0000	0.1224	0.2431	0.0000		0.0000	0.0000	-0.0030	0.0009	0.9998	4.0025	9.0469	0.0000	0.0000	0.0000	0.0000	0.0000	0.0000	0.0000	0.0000	0.0000	0.0043	0.0043	0.0000	0.0000	0.0000	0.0000	0.0042	0.0042	0.0000	0.0000	0.0000	0.0000	0.0000	0.0000	0.0000	0.0000	0.0000	0.0000	0.0373	0.0199	0.0174	0.0026	0.0024	0.0002	0.0346	0.0175	0.0172
29	47	0.0491	9	2	0	1	0	1	0	0	0	0	0	0	0	0	0	0	0	0	0	Y	N	N	N	N	N	N	N	N	N	N	N	N	N	N	N	N	N	0.0000	0.0000	0.0000	0.0000	0.0000	0.0000	0.0000	0.0000	0.0000	0.0000	0.0000	0.0000	0.0000	0.0000	0.0000	0.0000	0.0000	0.0000	20.7636	0.1353	45.4255	0.0290	0.0210	0.0732	22.8798	0.1546	46.8855		280.7614	0.0000	0.2790	0.0009	0.4020	4.0025	12.8060	0.0000	0.0000	0.0000	0.0000	0.0000	0.0000	0.0000	0.0000	0.0000	0.9592	0.0034	0.9558	0.0001	0.0001	0.0000	0.9591	0.0033	0.9557	0.0000	0.0000	0.0000	0.0000	0.0000	0.0000	0.0000	0.0000	0.0000	0.0462	0.0252	0.0210	0.0043	0.0036	0.0007	0.0419	0.0215	0.0204
30	38	0.0326	6	2	0	1	1	0	0	1	1	0	0	1	1	0	0	0	0	0	0	Y	N	N	N	N	N	N	N	N	N	N	N	N	N	N	N	N	N	0.0000	0.0000	0.0000	0.0000	0.0000	0.0000	0.0000	0.0000	0.0000	0.0000	0.0000	0.0000	0.0000	0.0000	0.0000	0.0000	0.0000	0.0000	0.0010	0.0017	0.0000	0.0095	0.0100	0.0005	0.0000	0.0000	0.0000		0.0041	0.0000	-0.0000	0.0033	3.9983	7.9601	0.1262	0.0000	0.0000	0.0000	0.0000	0.0000	0.0000	0.0000	0.0000	0.0000	0.0000	0.0000	0.0000	0.0000	0.0000	0.0000	0.0000	0.0000	0.0000	0.0001	0.0001	0.0000	0.0000	0.0000	0.0000	0.0001	0.0001	0.0000	0.0328	0.0182	0.0146	0.0033	0.0032	0.0002	0.0295	0.0150	0.0145
30	39	0.0303	5	2	0	1	0	0	0	1	0	0	0	1	1	0	0	0	0	0	0	Y	N	N	N	N	N	N	N	N	N	N	N	N	N	N	N	N	N	0.0000	0.0000	0.0000	0.0000	0.0000	0.0000	0.0000	0.0000	0.0000	0.0000	0.0000	0.0000	0.0000	0.0000	0.0000	0.0000	0.0000	0.0000	0.0039	0.0069	0.0001	0.0137	0.0142	0.0010	0.0026	0.0052	0.0000		0.0065	0.0000	-0.0000	0.0033	0.0031	7.9601	2.1400	0.0000	0.0000	0.0000	0.0000	0.0000	0.0000	0.0000	0.0000	0.0000	0.0001	0.0001	0.0000	0.0000	0.0000	0.0000	0.0000	0.0000	0.0000	0.0000	0.0000	0.0000	0.0000	0.0000	0.0000	0.0000	0.0000	0.0000	0.0179	0.0100	0.0079	0.0021	0.0020	0.0001	0.0158	0.0081	0.0078
30	40	0.0178	4	2	0	1	0	0	0	1	0	1	1	1	1	0	0	0	0	0	0	Y	N	N	N	N	N	N	N	N	N	N	N	N	N	N	N	N	N	0.0000	0.0000	0.0000	0.0000	0.0000	0.0000	0.0000	0.0000	0.0000	0.0000	0.0000	0.0000	0.0000	0.0000	0.0000	0.0000	0.0000	0.0000	0.0285	0.0536	0.0000	0.4682	0.4797	0.0022	0.0004	0.0008	0.0000		0.0002	0.0000	-0.0015	0.0033	0.9998	7.9601	9.0469	0.0000	0.0000	0.0000	0.0000	0.0000	0.0000	0.0000	0.0000	0.0000	0.0022	0.0022	0.0000	0.0021	0.0021	0.0000	0.0000	0.0000	0.0000	0.0000	0.0000	0.0000	0.0000	0.0000	0.0000	0.0000	0.0000	0.0000	0.0755	0.0402	0.0354	0.0045	0.0044	0.0001	0.0710	0.0357	0.0353
30	47	0.0444	8	2	0	1	0	1	0	1	0	0	0	0	0	0	0	0	0	0	0	Y	N	N	N	N	N	N	N	N	N	N	N	N	N	N	N	N	N	0.0213	0.1614	0.0000	0.2106	0.1655	0.0000	0.0000	0.0000	0.0000	0.0024	0.0028	0.0000	0.0138	0.0138	0.0000	0.0000	0.0000	0.0000	0.1107	0.0170	0.2204	0.0655	0.0836	0.0001	0.1156	0.0058	0.2312	0.0000	11.0351	-0.0000	0.0022	0.0033	0.4020	7.9601	12.8060	0.0000	0.0000	0.0000	0.0000	0.0000	0.0000	0.0000	0.0000	0.0000	0.0102	0.0009	0.0094	0.0006	0.0006	0.0000	0.0096	0.0002	0.0094	0.0000	0.0000	0.0000	0.0000	0.0000	0.0000	0.0000	0.0000	0.0000	0.0925	0.0499	0.0426	0.0092	0.0072	0.0020	0.0833	0.0427	0.0406
32	36	0.0637	9	1	0	0	0	0	0	0	0	1	1	1	2	0	0	0	0	0	0	N	N	N	N	N	Y	N	N	N	N	N	N	N	N	N	N	N	N	0.0000	0.0000	0.0000	0.0000	0.0000	0.0000	0.0000	0.0000	0.0000	0.0000	0.0000	0.0000	0.0000	0.0000	0.0000	0.0000	0.0000	0.0000	0.0000	0.0000	0.0000	0.0000	0.0000	0.0000	0.0000	0.0000	0.0000			0.0000	0.0000	3.0008	0.0000	7.1090	0.0000	0.0000	0.0000	0.0000	0.0000	0.0000	0.0000	0.0000	0.0000	0.0000	0.0000	0.0000	0.0000	0.0000	0.0000	0.0000	0.0000	0.0000	0.0000	0.0000	0.0000	0.0000	0.0000	0.0000	0.0000	0.0000	0.0000	0.0000	0.0000	0.0000	0.0000	0.0000	0.0000	0.0000	0.0000	0.0000	0.0000
32	37	0.0501	8	1	0	0	0	0	0	0	0	1	2	1	2	0	0	0	0	0	0	N	N	N	N	N	Y	N	N	N	N	N	N	N	N	N	N	N	N	0.0000	0.0000	0.0000	0.0000	0.0000	0.0000	0.0000	0.0000	0.0000	0.0000	0.0000	0.0000	0.0000	0.0000	0.0000	0.0000	0.0000	0.0000	10.1507	18.7714	0.0000	106.9010	136.3152	0.0000	0.0000	0.0000	0.0000		0.0000	0.0000	-0.6989	3.0008	1.9922	7.1090	9.0553	0.0000	0.0000	0.0000	0.0000	0.0000	0.0000	0.0000	0.0000	0.0000	0.9905	0.9905	0.0000	0.9905	0.9905	0.0000	0.0000	0.0000	0.0000	0.0229	0.0197	0.0032	0.0002	0.0002	0.0000	0.0227	0.0195	0.0032	0.0976	0.0528	0.0448	0.0093	0.0073	0.0020	0.0883	0.0455	0.0428
32	38	0.0363	6	2	0	0	1	0	0	0	1	1	1	2	2	0	0	0	0	0	0	Y	N	N	N	Y	Y	N	N	N	N	N	N	N	N	N	N	N	N	0.0000	0.0000	0.0000	0.0000	0.0000	0.0000	0.0000	0.0000	0.0000	0.0000	0.0000	0.0000	0.0000	0.0000	0.0000	0.0000	0.0000	0.0000	0.0015	0.0027	0.0000	0.0151	0.0160	0.0004	0.0000	0.0000	0.0000		0.0017	0.0000	-0.0000	3.0008	3.9983	7.1090	0.1262	0.0000	0.0000	0.0000	0.0000	0.0000	0.0000	0.0000	0.0000	0.0000	0.0001	0.0001	0.0000	0.0001	0.0001	0.0000	0.0000	0.0000	0.0000	0.0461	0.0396	0.0065	0.0001	0.0001	0.0000	0.0460	0.0395	0.0065	0.0409	0.0226	0.0184	0.0040	0.0038	0.0002	0.0370	0.0188	0.0181
32	39	0.0339	5	2	0	0	0	0	0	0	0	1	1	2	2	0	0	0	0	0	0	Y	N	N	N	Y	Y	N	N	N	N	N	N	N	N	N	N	N	N	0.0000	0.0000	0.0000	0.0000	0.0000	0.0000	0.0000	0.0000	0.0000	0.0000	0.0000	0.0000	0.0000	0.0000	0.0000	0.0000	0.0000	0.0000	0.0054	0.0032	0.0081	0.0001	0.0001	0.0008	0.0060	0.0039	0.0082		1.9961	0.0000	-0.0000	3.0008	0.0031	7.1090	2.1400	0.0000	0.0000	0.0000	0.0000	0.0000	0.0000	0.0000	0.0000	0.0000	0.0001	0.0000	0.0001	0.0000	0.0000	0.0000	0.0001	0.0000	0.0001	0.0000	0.0000	0.0000	0.0000	0.0000	0.0000	0.0000	0.0000	0.0000	0.0224	0.0125	0.0099	0.0025	0.0024	0.0001	0.0199	0.0101	0.0098
32	40	0.0215	4	2	0	0	0	0	0	0	0	2	2	2	2	0	0	0	0	0	0	Y	N	N	N	Y	Y	N	N	N	N	N	N	N	N	N	N	N	N	0.0000	0.0000	0.0000	0.0000	0.0000	0.0000	0.0000	0.0000	0.0000	0.0000	0.0000	0.0000	0.0000	0.0000	0.0000	0.0000	0.0000	0.0000	0.7542	0.0012	1.6004	0.0314	0.0125	0.8368	0.7949	0.0000	1.6024		1155.1632	0.0000	0.0208	3.0008	0.9998	7.1090	9.0469	0.0000	0.0000	0.0000	0.0000	0.0000	0.0000	0.0000	0.0000	0.0000	0.0709	0.0001	0.0709	0.0002	0.0001	0.0001	0.0708	0.0000	0.0708	0.0117	0.0100	0.0016	0.0000	0.0000	0.0000	0.0117	0.0100	0.0016	0.0940	0.0497	0.0443	0.0050	0.0049	0.0001	0.0890	0.0449	0.0442
32	42	0.0391	7	2	0	1	0	0	0	0	0	1	1	1	1	0	0	0	0	0	0	Y	N	N	N	N	N	N	N	N	N	N	N	N	N	N	N	N	N	0.0000	0.0000	0.0000	0.0000	0.0000	0.0000	0.0000	0.0000	0.0000	0.0000	0.0000	0.0000	0.0000	0.0000	0.0000	0.0000	0.0000	0.0000	0.0025	0.0000	0.0054	0.0000	0.0000	0.0000	0.0027	0.0000	0.0056		inf	0.0000	0.0001	3.0008	0.0000	7.1090	15.0005	0.0000	0.0000	0.0000	0.0000	0.0000	0.0000	0.0000	0.0000	0.0000	0.0003	0.0000	0.0003	0.0000	0.0000	0.0000	0.0003	0.0000	0.0003	0.0000	0.0000	0.0000	0.0000	0.0000	0.0000	0.0000	0.0000	0.0000	0.1317	0.0703	0.0614	0.0101	0.0078	0.0022	0.1216	0.0625	0.0591
32	43	0.0391	6	2	0	1	0	1	0	1	0	1	1	1	1	0	0	0	0	0	0	Y	N	N	N	N	N	N	N	N	N	N	N	N	N	N	N	N	N	0.0000	0.0000	0.0000	0.0000	0.0000	0.0000	0.0000	0.0000	0.0000	0.0000	0.0000	0.0000	0.0000	0.0000	0.0000	0.0000	0.0000	0.0000	0.4090	0.2840	0.7305	0.6310	0.6456	0.0000	0.3025	0.0000	0.7501		1.0000	0.0000	-0.0001	3.0008	0.0003	7.1090	0.0736	0.0000	0.0000	0.0000	0.0000	0.0000	0.0000	0.0000	0.0000	0.0000	0.0007	0.0003	0.0003	0.0003	0.0003	0.0000	0.0003	0.0000	0.0003	0.0000	0.0000	0.0000	0.0000	0.0000	0.0000	0.0000	0.0000	0.0000	0.0016	0.0012	0.0005	0.0005	0.0005	0.0000	0.0011	0.0006	0.0004
32	44	0.0628	9	2	0	1	0	1	0	1	0	1	1	1	1	0	0	0	0	0	0	Y	N	N	N	N	N	N	N	N	N	N	N	N	N	N	N	N	N	347310.9166	0.0000	1151725.5837	0.0000	0.0000	0.0000	323455.4979	0.0000	1098405.8650	26.2003	0.0000	191.7286	0.0000	0.0000	0.0000	27.8593	0.0000	193.4168	0.0001	0.0000	0.0002	0.0000	0.0000	0.0000	0.0001	0.0000	0.0002	inf	inf	0.4217	0.0000	3.0008	3.0000	7.1090	12.1057	0.9999	0.0000	0.9999	0.0000	0.0000	0.0000	0.9999	0.0000	0.9999	0.0000	0.0000	0.0000	0.0000	0.0000	0.0000	0.0000	0.0000	0.0000	0.0382	0.0329	0.0052	0.0023	0.0022	0.0000	0.0359	0.0307	0.0052	0.1325	0.0725	0.0600	0.0164	0.0132	0.0033	0.1160	0.0593	0.0568
32	46	0.0646	9	2	0	1	0	0	0	1	0	1	1	1	1	0	0	0	0	0	0	Y	N	N	N	N	N	N	N	N	N	N	N	N	N	N	N	N	N	0.0005	0.0712	0.0000	0.4381	0.4472	0.0000	0.0000	0.0000	0.0000	0.0031	0.0036	0.0000	0.0812	0.0830	0.0000	0.0000	0.0000	0.0000	5.9761	0.0501	14.2623	0.1854	0.1856	0.1838	7.2559	0.0000	15.1096	0.0000	203.6090	-0.0001	0.2982	3.0008	3.9966	7.1090	13.2202	0.0001	0.0001	0.0000	0.0001	0.0001	0.0000	0.0000	0.0000	0.0000	1.0298	0.0050	1.0248	0.0058	0.0050	0.0007	1.0240	0.0000	1.0240	0.0488	0.0421	0.0067	0.0018	0.0018	0.0000	0.0469	0.0403	0.0067	0.1723	0.1005	0.0719	0.0312	0.0271	0.0041	0.1411	0.0734	0.0678
32	47	0.0481	8	2	0	0	0	1	0	0	0	1	1	1	1	0	0	0	0	0	0	Y	N	N	N	N	N	N	N	N	N	N	N	N	N	N	N	N	N	0.0018	0.0023	0.0000	0.0000	0.0000	0.0000	0.0034	2.6440	0.0000	0.0309	0.0359	0.0000	0.0000	0.0000	0.0000	0.0319	0.0372	0.0000	16.9599	15.8653	18.2333	94.7292	120.4416	0.0001	9.2693	0.0141	19.0239	0.0000	0.9880	-0.0001	-0.4083	3.0008	0.4020	7.1090	12.8060	0.0001	0.0001	0.0000	0.0000	0.0000	0.0000	0.0001	0.0001	0.0000	1.9572	0.9845	0.9727	0.9838	0.9838	0.0000	0.9735	0.0008	0.9727	0.0049	0.0042	0.0007	0.0002	0.0001	0.0000	0.0047	0.0040	0.0007	0.1154	0.0621	0.0533	0.0104	0.0082	0.0022	0.1050	0.0539	0.0511
32	50	0.0527	8	1	0	1	0	0	0	0	0	1	1	2	1	0	0	0	0	0	0	N	N	N	N	Y	N	N	N	N	N	N	N	N	N	N	N	N	N	0.0000	0.0000	0.0000	0.0000	0.0000	0.0000	0.0000	0.0000	0.0000	0.0000	0.0000	0.0000	0.0000	0.0000	0.0000	0.0000	0.0000	0.0000	0.0000	0.0000	0.0000	0.0000	0.0000	0.0000	0.0000	0.0000	0.0000			0.0000	0.0000	3.0008	0.0000	7.1090	2.0033	0.0000	0.0000	0.0000	0.0000	0.0000	0.0000	0.0000	0.0000	0.0000	0.0000	0.0000	0.0000	0.0000	0.0000	0.0000	0.0000	0.0000	0.0000	0.0000	0.0000	0.0000	0.0000	0.0000	0.0000	0.0000	0.0000	0.0000	0.0181	0.0098	0.0084	0.0018	0.0015	0.0004	0.0163	0.0083	0.0080
32	51	0.0453	7	1	0	1	0	0	0	0	0	2	1	2	1	0	0	0	0	0	0	N	N	N	N	Y	N	N	N	N	N	N	N	N	N	N	N	N	N	0.0000	0.0000	0.0000	0.0000	0.0000	0.0000	0.0000	0.0000	0.0000	0.0000	0.0000	0.0000	0.0000	0.0000	0.0000	0.0000	0.0000	0.0000	0.0000	0.0000	0.0000	0.0000	0.0000	0.0000	0.0000	0.0000	0.0000			0.0000	0.0000	3.0008	1.0000	7.1090	5.0066	0.0000	0.0000	0.0000	0.0000	0.0000	0.0000	0.0000	0.0000	0.0000	0.0000	0.0000	0.0000	0.0000	0.0000	0.0000	0.0000	0.0000	0.0000	0.0116	0.0100	0.0016	0.0000	0.0000	0.0000	0.0116	0.0100	0.0016	0.0536	0.0286	0.0251	0.0044	0.0034	0.0010	0.0492	0.0251	0.0241
32	56	0.0465	8	2	0	1	0	0	0	0	0	1	1	1	1	0	0	0	0	0	0	Y	N	N	N	N	N	N	N	N	N	N	N	N	N	N	N	N	N	0.0000	0.0000	0.0000	0.0000	0.0000	0.0000	0.0000	0.0000	0.0000	0.0000	0.0000	0.0000	0.0000	0.0000	0.0000	0.0000	0.0000	0.0000	0.0000	0.0000	0.0000	0.0000	0.0000	0.0000	0.0000	0.0000	0.0000			0.0000	0.0000	3.0008	0.9999	7.1090	3.0149	0.0000	0.0000	0.0000	0.0000	0.0000	0.0000	0.0000	0.0000	0.0000	0.0000	0.0000	0.0000	0.0000	0.0000	0.0000	0.0000	0.0000	0.0000	0.0117	0.0100	0.0016	0.0000	0.0000	0.0000	0.0116	0.0100	0.0016	0.0366	0.0196	0.0170	0.0034	0.0027	0.0007	0.0332	0.0169	0.0163
32	57	0.0503	9	1	0	0	0	0	0	0	0	1	2	1	2	0	0	0	0	0	0	N	N	N	N	N	Y	N	N	N	N	N	N	N	N	N	N	N	N	0.0000	0.0000	0.0000	0.0000	0.0000	0.0000	0.0000	0.0000	0.0000	0.0000	0.0000	0.0000	0.0000	0.0000	0.0000	0.0000	0.0000	0.0000	22.2605	0.0000	47.9132	0.0046	0.0000	0.0213	24.6277	0.0000	50.1703		inf	0.0000	0.2940	3.0008	0.0000	7.1090	5.0023	0.0000	0.0000	0.0000	0.0000	0.0000	0.0000	0.0000	0.0000	0.0000	0.9987	0.0000	0.9987	0.0000	0.0000	0.0000	0.9986	0.0000	0.9986	0.0000	0.0000	0.0000	0.0000	0.0000	0.0000	0.0000	0.0000	0.0000	0.0449	0.0240	0.0208	0.0043	0.0034	0.0009	0.0405	0.0206	0.0199
32	59	0.0478	7	1	0	0	0	0	0	0	0	1	2	1	2	0	0	0	0	0	0	N	N	N	N	N	Y	N	N	N	N	N	N	N	N	N	N	N	N	0.0000	0.0000	0.0000	0.0000	0.0000	0.0000	0.0000	0.0000	0.0000	0.0000	0.0000	0.0000	0.0000	0.0000	0.0000	0.0000	0.0000	0.0000	10.2753	0.0000	22.0484	0.0024	0.0000	0.0104	11.2523	0.0000	23.0224		inf	0.0000	0.2940	3.0008	0.0000	7.1090	11.0002	0.0000	0.0000	0.0000	0.0000	0.0000	0.0000	0.0000	0.0000	0.0000	0.9987	0.0000	0.9987	0.0000	0.0000	0.0000	0.9986	0.0000	0.9986	0.0000	0.0000	0.0000	0.0000	0.0000	0.0000	0.0000	0.0000	0.0000	0.0972	0.0519	0.0453	0.0084	0.0065	0.0019	0.0887	0.0454	0.0434
32	60	0.0478	8	1	0	0	0	0	0	0	0	1	2	1	2	0	0	0	0	0	0	N	N	N	N	N	Y	N	N	N	N	N	N	N	N	N	N	N	N	0.0000	0.0000	0.0000	0.0000	0.0000	0.0000	0.0000	0.0000	0.0000	0.0000	0.0000	0.0000	0.0000	0.0000	0.0000	0.0000	0.0000	0.0000	0.0000	0.0000	0.0000	0.0000	0.0000	0.0000	0.0000	0.0000	0.0000			0.0000	0.0000	3.0008	0.0000	7.1090	9.0002	0.0000	0.0000	0.0000	0.0000	0.0000	0.0000	0.0000	0.0000	0.0000	0.0000	0.0000	0.0000	0.0000	0.0000	0.0000	0.0000	0.0000	0.0000	0.0000	0.0000	0.0000	0.0000	0.0000	0.0000	0.0000	0.0000	0.0000	0.0799	0.0426	0.0372	0.0069	0.0054	0.0016	0.0729	0.0373	0.0357
32	63	0.0502	9	2	0	1	0	0	0	0	0	1	1	2	1	0	0	0	0	0	0	Y	N	N	N	Y	N	N	N	N	N	N	N	N	N	N	N	N	N	0.0000	0.0000	0.0000	0.0000	0.0000	0.0000	0.0000	0.0000	0.0000	0.0000	0.0000	0.0000	0.0000	0.0000	0.0000	0.0000	0.0000	0.0000	0.0000	0.0000	0.0000	0.0000	0.0000	0.0000	0.0000	0.0000	0.0000			0.0000	0.0000	3.0008	0.0000	7.1090	0.0000	0.0000	0.0000	0.0000	0.0000	0.0000	0.0000	0.0000	0.0000	0.0000	0.0000	0.0000	0.0000	0.0000	0.0000	0.0000	0.0000	0.0000	0.0000	0.0000	0.0000	0.0000	0.0000	0.0000	0.0000	0.0000	0.0000	0.0000	0.0000	0.0000	0.0000	0.0000	0.0000	0.0000	0.0000	0.0000	0.0000
32	64	0.0465	8	2	0	1	0	0	0	0	0	2	1	2	1	0	0	0	0	0	0	Y	N	N	N	Y	N	N	N	N	N	N	N	N	N	N	N	N	N	0.0000	0.0000	0.0000	0.0000	0.0000	0.0000	0.0000	0.0000	0.0000	0.0000	0.0000	0.0000	0.0000	0.0000	0.0000	0.0000	0.0000	0.0000	0.0000	0.0000	0.0000	0.0000	0.0000	0.0000	0.0000	0.0000	0.0000			0.0000	0.0000	3.0008	0.0001	7.1090	3.0132	0.0000	0.0000	0.0000	0.0000	0.0000	0.0000	0.0000	0.0000	0.0000	0.0000	0.0000	0.0000	0.0000	0.0000	0.0000	0.0000	0.0000	0.0000	0.0000	0.0000	0.0000	0.0000	0.0000	0.0000	0.0000	0.0000	0.0000	0.0277	0.0148	0.0128	0.0026	0.0021	0.0005	0.0251	0.0127	0.0123
32	65	0.0453	7	2	0	1	0	1	0	0	0	1	1	1	1	0	0	0	0	0	0	Y	N	N	N	N	N	N	N	N	N	N	N	N	N	N	N	N	N	0.0000	0.0000	0.0000	0.0000	0.0000	0.0000	0.0000	0.0000	0.0000	0.0000	0.0000	0.0000	0.0000	0.0000	0.0000	0.0000	0.0000	0.0000	0.0000	0.0000	0.0000	0.0000	0.0000	0.0000	0.0000	0.0000	0.0000			0.0000	0.0000	3.0008	0.0001	7.1090	0.9885	0.0000	0.0000	0.0000	0.0000	0.0000	0.0000	0.0000	0.0000	0.0000	0.0000	0.0000	0.0000	0.0000	0.0000	0.0000	0.0000	0.0000	0.0000	0.0000	0.0000	0.0000	0.0000	0.0000	0.0000	0.0000	0.0000	0.0000	0.0090	0.0048	0.0042	0.0008	0.0006	0.0002	0.0082	0.0042	0.0040
33	38	0.0227	5	2	0	0	1	0	0	0	1	0	0	1	1	0	0	0	0	0	0	Y	N	N	N	N	N	N	N	N	N	N	N	N	N	N	N	N	N	0.0000	0.0000	0.0000	0.0000	0.0000	0.0000	0.0000	0.0000	0.0000	0.0000	0.0000	0.0000	0.0000	0.0000	0.0000	0.0000	0.0000	0.0000	0.0000	0.0000	0.0000	0.0001	0.0001	0.0000	0.0000	0.0000	0.0000		0.0031	0.0000	-0.0000	0.2626	3.9983	2.8944	0.1262	0.0000	0.0000	0.0000	0.0000	0.0000	0.0000	0.0000	0.0000	0.0000	0.0000	0.0000	0.0000	0.0000	0.0000	0.0000	0.0000	0.0000	0.0000	0.0041	0.0035	0.0006	0.0000	0.0000	0.0000	0.0041	0.0035	0.0006	0.0148	0.0084	0.0065	0.0022	0.0021	0.0001	0.0126	0.0063	0.0064
33	39	0.0203	4	2	0	0	0	0	0	0	0	0	0	1	1	0	0	0	0	0	0	Y	N	N	N	N	N	N	N	N	N	N	N	N	N	N	N	N	N	0.0000	0.0000	0.0000	0.0000	0.0000	0.0000	0.0000	0.0000	0.0000	0.0000	0.0000	0.0000	0.0000	0.0000	0.0000	0.0000	0.0000	0.0000	0.0009	0.0008	0.0010	0.0028	0.0029	0.0002	0.0005	0.0001	0.0010		0.8735	0.0000	-0.0000	0.2626	0.0031	2.8944	2.1400	0.0000	0.0000	0.0000	0.0000	0.0000	0.0000	0.0000	0.0000	0.0000	0.0000	0.0000	0.0000	0.0000	0.0000	0.0000	0.0000	0.0000	0.0000	0.0000	0.0000	0.0000	0.0000	0.0000	0.0000	0.0000	0.0000	0.0000	0.0080	0.0046	0.0035	0.0013	0.0012	0.0000	0.0068	0.0034	0.0034
33	40	0.0079	3	2	0	0	0	0	0	0	0	1	1	1	1	0	0	0	0	0	0	Y	N	N	N	N	N	N	N	N	N	N	N	N	N	N	N	N	N	0.0000	0.0000	0.0000	0.0000	0.0000	0.0000	0.0000	0.0000	0.0000	0.0000	0.0000	0.0000	0.0000	0.0000	0.0000	0.0000	0.0000	0.0000	0.0241	0.0322	0.0144	0.1518	0.1361	0.9412	0.0048	0.0000	0.0091		0.3738	0.0000	-0.0004	0.2626	0.9998	2.8944	9.0469	0.0000	0.0000	0.0000	0.0000	0.0000	0.0000	0.0000	0.0000	0.0000	0.0009	0.0006	0.0002	0.0007	0.0006	0.0001	0.0001	0.0000	0.0001	0.0010	0.0009	0.0001	0.0000	0.0000	0.0000	0.0010	0.0009	0.0001	0.0360	0.0196	0.0164	0.0047	0.0046	0.0001	0.0313	0.0150	0.0163
33	42	0.0255	6	2	0	1	0	0	0	0	0	0	0	0	0	0	0	0	0	0	0	Y	N	N	N	N	N	N	N	N	N	N	N	N	N	N	N	N	N	0.0000	0.0000	0.0000	0.0000	0.0000	0.0000	0.0000	0.0000	0.0000	0.0000	0.0000	0.0000	0.0000	0.0000	0.0000	0.0000	0.0000	0.0000	0.0000	0.0000	0.0000	0.0000	0.0001	0.0000	0.0000	0.0000	0.0000		1.3135	0.0000	-0.0000	0.2626	0.0000	2.8944	15.0005	0.0000	0.0000	0.0000	0.0000	0.0000	0.0000	0.0000	0.0000	0.0000	0.0000	0.0000	0.0000	0.0000	0.0000	0.0000	0.0000	0.0000	0.0000	0.0000	0.0000	0.0000	0.0000	0.0000	0.0000	0.0000	0.0000	0.0000	0.0481	0.0262	0.0219	0.0077	0.0061	0.0016	0.0404	0.0201	0.0203
33	43	0.0255	5	2	0	1	0	1	0	1	0	0	0	0	0	0	0	0	0	0	0	Y	N	N	N	N	N	N	N	N	N	N	N	N	N	N	N	N	N	0.0000	0.0000	0.0000	0.0000	0.0000	0.0000	0.0000	0.0000	0.0000	0.0000	0.0000	0.0000	0.0000	0.0000	0.0000	0.0000	0.0000	0.0000	0.0033	0.0023	0.0057	0.0047	0.0049	0.0007	0.0025	0.0000	0.0059		0.9939	0.0000	-0.0000	0.2626	0.0003	2.8944	0.0736	0.0000	0.0000	0.0000	0.0000	0.0000	0.0000	0.0000	0.0000	0.0000	0.0000	0.0000	0.0000	0.0000	0.0000	0.0000	0.0000	0.0000	0.0000	0.0000	0.0000	0.0000	0.0000	0.0000	0.0000	0.0000	0.0000	0.0000	0.0005	0.0004	0.0002	0.0002	0.0002	0.0000	0.0004	0.0002	0.0001
33	44	0.0493	8	2	0	1	0	1	0	1	0	0	0	0	0	0	0	0	0	0	0	Y	N	N	N	N	N	N	N	N	N	N	N	N	N	N	N	N	N	7.0083	0.0000	208.0591	0.0000	0.0000	0.0000	54.4913	0.0000	191.5640	0.0357	0.0000	0.2605	0.0000	0.0000	0.0000	0.0379	0.0000	0.2628	0.0051	0.0082	0.0013	0.0224	0.0278	0.0000	0.0007	0.0000	0.0014	inf	0.1226	0.0001	-0.0001	0.2626	3.0000	2.8944	12.1057	0.0001	0.0000	0.0001	0.0000	0.0000	0.0000	0.0001	0.0000	0.0001	0.0002	0.0002	0.0000	0.0002	0.0002	0.0000	0.0000	0.0000	0.0000	0.0034	0.0029	0.0005	0.0002	0.0002	0.0000	0.0032	0.0027	0.0005	0.0485	0.0270	0.0215	0.0098	0.0079	0.0019	0.0387	0.0191	0.0197
33	46	0.0510	8	2	0	1	0	0	0	1	0	0	0	0	0	0	0	0	0	0	0	Y	N	N	N	N	N	N	N	N	N	N	N	N	N	N	N	N	N	0.0002	0.0025	0.0000	0.0312	0.0275	0.0000	0.0000	0.0000	0.0000	0.0000	0.0000	0.0000	0.0001	0.0001	0.0000	0.0000	0.0000	0.0000	0.0232	0.0020	0.0534	0.0035	0.0040	0.0003	0.0295	0.0008	0.0585	0.0000	19.0747	-0.0000	0.0004	0.2626	3.9966	2.8944	13.2202	0.0000	0.0000	0.0000	0.0000	0.0000	0.0000	0.0000	0.0000	0.0000	0.0014	0.0001	0.0014	0.0001	0.0001	0.0000	0.0014	0.0000	0.0014	0.0043	0.0037	0.0006	0.0002	0.0002	0.0000	0.0041	0.0035	0.0006	0.0620	0.0364	0.0256	0.0151	0.0128	0.0023	0.0469	0.0236	0.0233
33	47	0.0345	7	2	0	0	0	1	0	0	0	0	0	0	0	0	0	0	0	0	0	Y	N	N	N	N	N	N	N	N	N	N	N	N	N	N	N	N	N	0.0005	0.0006	0.0000	0.0000	0.0000	0.0000	0.0009	0.0746	0.0000	0.0000	0.0000	0.0000	0.0000	0.0000	0.0000	0.0000	0.0001	0.0000	0.0822	0.0756	0.0903	0.2388	0.2978	0.0000	0.0496	0.0007	0.0977	0.0000	0.9842	-0.0000	-0.0007	0.2626	0.4020	2.8944	12.8060	0.0000	0.0000	0.0000	0.0000	0.0000	0.0000	0.0000	0.0000	0.0000	0.0035	0.0018	0.0017	0.0017	0.0017	0.0000	0.0017	0.0000	0.0017	0.0004	0.0004	0.0001	0.0000	0.0000	0.0000	0.0004	0.0004	0.0001	0.0422	0.0232	0.0191	0.0073	0.0058	0.0014	0.0350	0.0173	0.0176
33	56	0.0329	7	2	0	1	0	0	0	0	0	0	0	0	0	0	0	0	0	0	0	Y	N	N	N	N	N	N	N	N	N	N	N	N	N	N	N	N	N	0.0000	0.0000	0.0000	0.0000	0.0000	0.0000	0.0000	0.0000	0.0000	0.0000	0.0000	0.0000	0.0000	0.0000	0.0000	0.0000	0.0000	0.0000	0.0000	0.0000	0.0000	0.0000	0.0000	0.0000	0.0000	0.0000	0.0000			0.0000	0.0000	0.2626	0.9999	2.8944	3.0149	0.0000	0.0000	0.0000	0.0000	0.0000	0.0000	0.0000	0.0000	0.0000	0.0000	0.0000	0.0000	0.0000	0.0000	0.0000	0.0000	0.0000	0.0000	0.0010	0.0009	0.0001	0.0000	0.0000	0.0000	0.0010	0.0009	0.0001	0.0133	0.0073	0.0060	0.0023	0.0018	0.0004	0.0110	0.0054	0.0056
33	63	0.0366	8	2	0	1	0	0	0	0	0	0	0	1	0	0	0	0	0	0	0	Y	N	N	N	N	N	N	N	N	N	N	N	N	N	N	N	N	N	0.0000	0.0000	0.0000	0.0000	0.0000	0.0000	0.0000	0.0000	0.0000	0.0000	0.0000	0.0000	0.0000	0.0000	0.0000	0.0000	0.0000	0.0000	0.0000	0.0000	0.0000	0.0000	0.0000	0.0000	0.0000	0.0000	0.0000			0.0000	0.0000	0.2626	0.0000	2.8944	0.0000	0.0000	0.0000	0.0000	0.0000	0.0000	0.0000	0.0000	0.0000	0.0000	0.0000	0.0000	0.0000	0.0000	0.0000	0.0000	0.0000	0.0000	0.0000	0.0000	0.0000	0.0000	0.0000	0.0000	0.0000	0.0000	0.0000	0.0000	0.0000	0.0000	0.0000	0.0000	0.0000	0.0000	0.0000	0.0000	0.0000
33	64	0.0329	7	2	0	1	0	0	0	0	0	1	0	1	0	0	0	0	0	0	0	Y	N	N	N	N	N	N	N	N	N	N	N	N	N	N	N	N	N	0.0000	0.0000	0.0000	0.0000	0.0000	0.0000	0.0000	0.0000	0.0000	0.0000	0.0000	0.0000	0.0000	0.0000	0.0000	0.0000	0.0000	0.0000	0.0000	0.0000	0.0000	0.0000	0.0000	0.0000	0.0000	0.0000	0.0000			0.0000	0.0000	0.2626	0.0001	2.8944	3.0132	0.0000	0.0000	0.0000	0.0000	0.0000	0.0000	0.0000	0.0000	0.0000	0.0000	0.0000	0.0000	0.0000	0.0000	0.0000	0.0000	0.0000	0.0000	0.0000	0.0000	0.0000	0.0000	0.0000	0.0000	0.0000	0.0000	0.0000	0.0101	0.0055	0.0046	0.0017	0.0014	0.0003	0.0083	0.0041	0.0042
33	65	0.0317	6	2	0	1	0	1	0	0	0	0	0	0	0	0	0	0	0	0	0	Y	N	N	N	N	N	N	N	N	N	N	N	N	N	N	N	N	N	0.0000	0.0000	0.0000	0.0000	0.0000	0.0000	0.0000	0.0000	0.0000	0.0000	0.0000	0.0000	0.0000	0.0000	0.0000	0.0000	0.0000	0.0000	0.0000	0.0000	0.0000	0.0000	0.0000	0.0000	0.0000	0.0000	0.0000			0.0000	0.0000	0.2626	0.0001	2.8944	0.9885	0.0000	0.0000	0.0000	0.0000	0.0000	0.0000	0.0000	0.0000	0.0000	0.0000	0.0000	0.0000	0.0000	0.0000	0.0000	0.0000	0.0000	0.0000	0.0000	0.0000	0.0000	0.0000	0.0000	0.0000	0.0000	0.0000	0.0000	0.0033	0.0018	0.0015	0.0005	0.0004	0.0001	0.0027	0.0013	0.0014
34	38	0.0188	4	2	0	0	1	0	0	0	1	0	0	1	1	0	0	0	0	0	0	Y	N	N	N	N	N	N	N	N	N	N	N	N	N	N	N	N	N	0.0000	0.0000	0.0000	0.0000	0.0000	0.0000	0.0000	0.0000	0.0000	0.0000	0.0000	0.0000	0.0000	0.0000	0.0000	0.0000	0.0000	0.0000	0.0001	0.0002	0.0000	0.0011	0.0012	0.0000	0.0000	0.0000	0.0000		0.0000	0.0000	-0.0000	0.4435	3.9983	1.4154	0.1262	0.0000	0.0000	0.0000	0.0000	0.0000	0.0000	0.0000	0.0000	0.0000	0.0000	0.0000	0.0000	0.0000	0.0000	0.0000	0.0000	0.0000	0.0000	0.0069	0.0059	0.0010	0.0000	0.0000	0.0000	0.0068	0.0059	0.0010	0.0076	0.0041	0.0034	0.0007	0.0006	0.0000	0.0069	0.0035	0.0034
34	39	0.0164	3	2	0	0	0	0	0	0	0	0	0	1	1	0	0	0	0	0	0	Y	N	N	N	N	N	N	N	N	N	N	N	N	N	N	N	N	N	0.0000	0.0000	0.0000	0.0000	0.0000	0.0000	0.0000	0.0000	0.0000	0.0000	0.0000	0.0000	0.0000	0.0000	0.0000	0.0000	0.0000	0.0000	0.0042	0.0038	0.0046	0.0205	0.0215	0.0000	0.0023	0.0000	0.0047		0.9804	0.0000	-0.0000	0.4435	0.0031	1.4154	2.1400	0.0000	0.0000	0.0000	0.0000	0.0000	0.0000	0.0000	0.0000	0.0000	0.0000	0.0000	0.0000	0.0000	0.0000	0.0000	0.0000	0.0000	0.0000	0.0000	0.0000	0.0000	0.0000	0.0000	0.0000	0.0000	0.0000	0.0000	0.0041	0.0023	0.0018	0.0004	0.0004	0.0000	0.0037	0.0019	0.0018
34	40	0.0040	2	2	0	0	0	0	0	0	0	1	1	1	1	0	0	0	0	0	0	Y	N	N	N	N	N	N	N	N	N	N	N	N	N	N	N	N	N	0.0000	0.0000	0.0000	0.0000	0.0000	0.0000	0.0000	0.0000	0.0000	0.0000	0.0000	0.0000	0.0000	0.0000	0.0000	0.0000	0.0000	0.0000	0.0998	0.1444	0.0516	0.7838	0.7850	0.3324	0.0279	0.0012	0.0514		0.3306	0.0000	-0.0009	0.4435	0.9998	1.4154	9.0469	0.0000	0.0000	0.0000	0.0000	0.0000	0.0000	0.0000	0.0000	0.0000	0.0020	0.0015	0.0005	0.0015	0.0015	0.0000	0.0005	0.0000	0.0005	0.0017	0.0015	0.0002	0.0000	0.0000	0.0000	0.0017	0.0015	0.0002	0.0196	0.0102	0.0094	0.0019	0.0019	0.0000	0.0177	0.0083	0.0094
34	42	0.0216	5	2	0	1	0	0	0	0	0	0	0	0	0	0	0	0	0	0	0	Y	N	N	N	N	N	N	N	N	N	N	N	N	N	N	N	N	N	0.0000	0.0000	0.0000	0.0000	0.0000	0.0000	0.0000	0.0000	0.0000	0.0000	0.0000	0.0000	0.0000	0.0000	0.0000	0.0000	0.0000	0.0000	0.0046	0.0086	0.0000	0.0868	0.1036	0.0000	0.0000	0.0000	0.0000		0.0034	0.0000	-0.0001	0.4435	0.0000	1.4154	15.0005	0.0000	0.0000	0.0000	0.0000	0.0000	0.0000	0.0000	0.0000	0.0000	0.0001	0.0001	0.0000	0.0001	0.0001	0.0000	0.0000	0.0000	0.0000	0.0000	0.0000	0.0000	0.0000	0.0000	0.0000	0.0000	0.0000	0.0000	0.0243	0.0129	0.0114	0.0013	0.0011	0.0002	0.0230	0.0118	0.0112
34	43	0.0216	4	2	0	1	0	1	0	1	0	0	0	0	0	0	0	0	0	0	0	Y	N	N	N	N	N	N	N	N	N	N	N	N	N	N	N	N	N	0.0000	0.0000	0.0000	0.0000	0.0000	0.0000	0.0000	0.0000	0.0000	0.0000	0.0000	0.0000	0.0000	0.0000	0.0000	0.0000	0.0000	0.0000	0.0069	0.0048	0.0120	0.0106	0.0107	0.0064	0.0050	0.0001	0.0121		0.9786	0.0000	-0.0000	0.4435	0.0003	1.4154	0.0736	0.0000	0.0000	0.0000	0.0000	0.0000	0.0000	0.0000	0.0000	0.0000	0.0000	0.0000	0.0000	0.0000	0.0000	0.0000	0.0000	0.0000	0.0000	0.0000	0.0000	0.0000	0.0000	0.0000	0.0000	0.0000	0.0000	0.0000	0.0003	0.0002	0.0001	0.0001	0.0001	0.0000	0.0002	0.0001	0.0001
34	44	0.0454	7	2	0	1	0	1	0	1	0	0	0	0	0	0	0	0	0	0	0	Y	N	N	N	N	N	N	N	N	N	N	N	N	N	N	N	N	N	0.0000	0.0000	0.0000	0.0000	0.0000	0.0000	0.0000	0.0000	0.0000	0.0000	0.0000	0.0000	0.0000	0.0000	0.0000	0.0000	0.0000	0.0000	0.0234	0.0432	0.0000	0.1417	0.1693	0.0000	0.0101	0.0199	0.0000		0.0000	0.0000	-0.0004	0.4435	3.0000	1.4154	12.1057	0.0000	0.0000	0.0000	0.0000	0.0000	0.0000	0.0000	0.0000	0.0000	0.0006	0.0006	0.0000	0.0003	0.0003	0.0000	0.0002	0.0002	0.0000	0.0057	0.0049	0.0008	0.0003	0.0003	0.0000	0.0053	0.0046	0.0008	0.0242	0.0131	0.0111	0.0024	0.0020	0.0004	0.0218	0.0111	0.0107
34	46	0.0471	7	2	0	1	0	0	0	1	0	0	0	0	0	0	0	0	0	0	0	Y	N	N	N	N	N	N	N	N	N	N	N	N	N	N	N	N	N	0.0000	0.0000	0.0000	0.0000	0.0000	0.0000	0.0000	0.0000	0.0000	0.0000	0.0000	0.0000	0.0000	0.0000	0.0000	0.0000	0.0000	0.0000	0.0019	0.0028	0.0008	0.0037	0.0041	0.0000	0.0016	0.0023	0.0008		0.2058	0.0000	-0.0000	0.4435	3.9966	1.4154	13.2202	0.0000	0.0000	0.0000	0.0000	0.0000	0.0000	0.0000	0.0000	0.0000	0.0001	0.0001	0.0000	0.0000	0.0000	0.0000	0.0000	0.0000	0.0000	0.0072	0.0062	0.0010	0.0003	0.0003	0.0000	0.0069	0.0060	0.0010	0.0316	0.0183	0.0133	0.0052	0.0046	0.0005	0.0264	0.0137	0.0128
34	47	0.0306	6	2	0	0	0	1	0	0	0	0	0	0	0	0	0	0	0	0	0	Y	N	N	N	N	N	N	N	N	N	N	N	N	N	N	N	N	N	0.0000	0.0000	0.0000	0.0000	0.0000	0.0000	0.0000	0.0000	0.0000	0.0000	0.0000	0.0000	0.0000	0.0000	0.0000	0.0000	0.0000	0.0000	0.1733	0.1477	0.2031	0.8730	1.0077	0.0000	0.1141	0.0245	0.2078		1.1768	0.0000	-0.0006	0.4435	0.4020	1.4154	12.8060	0.0000	0.0000	0.0000	0.0000	0.0000	0.0000	0.0000	0.0000	0.0000	0.0038	0.0017	0.0020	0.0015	0.0015	0.0000	0.0023	0.0003	0.0020	0.0007	0.0006	0.0001	0.0000	0.0000	0.0000	0.0007	0.0006	0.0001	0.0219	0.0118	0.0101	0.0017	0.0015	0.0002	0.0202	0.0103	0.0099
34	56	0.0290	6	2	0	1	0	0	0	0	0	0	0	0	0	0	0	0	0	0	0	Y	N	N	N	N	N	N	N	N	N	N	N	N	N	N	N	N	N	0.0000	0.0000	0.0000	0.0000	0.0000	0.0000	0.0000	0.0000	0.0000	0.0000	0.0000	0.0000	0.0000	0.0000	0.0000	0.0000	0.0000	0.0000	0.0000	0.0000	0.0000	0.0000	0.0000	0.0000	0.0000	0.0000	0.0000			0.0000	0.0000	0.4435	0.9999	1.4154	3.0149	0.0000	0.0000	0.0000	0.0000	0.0000	0.0000	0.0000	0.0000	0.0000	0.0000	0.0000	0.0000	0.0000	0.0000	0.0000	0.0000	0.0000	0.0000	0.0017	0.0015	0.0002	0.0000	0.0000	0.0000	0.0017	0.0015	0.0002	0.0067	0.0036	0.0032	0.0005	0.0004	0.0001	0.0063	0.0032	0.0031
34	63	0.0327	7	2	0	1	0	0	0	0	0	0	0	1	0	0	0	0	0	0	0	Y	N	N	N	N	N	N	N	N	N	N	N	N	N	N	N	N	N	0.0000	0.0000	0.0000	0.0000	0.0000	0.0000	0.0000	0.0000	0.0000	0.0000	0.0000	0.0000	0.0000	0.0000	0.0000	0.0000	0.0000	0.0000	0.0000	0.0000	0.0000	0.0000	0.0000	0.0000	0.0000	0.0000	0.0000			0.0000	0.0000	0.4435	0.0000	1.4154	0.0000	0.0000	0.0000	0.0000	0.0000	0.0000	0.0000	0.0000	0.0000	0.0000	0.0000	0.0000	0.0000	0.0000	0.0000	0.0000	0.0000	0.0000	0.0000	0.0000	0.0000	0.0000	0.0000	0.0000	0.0000	0.0000	0.0000	0.0000	0.0000	0.0000	0.0000	0.0000	0.0000	0.0000	0.0000	0.0000	0.0000
34	64	0.0290	6	2	0	1	0	0	0	0	0	1	0	1	0	0	0	0	0	0	0	Y	N	N	N	N	N	N	N	N	N	N	N	N	N	N	N	N	N	0.0000	0.0000	0.0000	0.0000	0.0000	0.0000	0.0000	0.0000	0.0000	0.0000	0.0000	0.0000	0.0000	0.0000	0.0000	0.0000	0.0000	0.0000	0.0000	0.0000	0.0000	0.0000	0.0000	0.0000	0.0000	0.0000	0.0000			0.0000	0.0000	0.4435	0.0001	1.4154	3.0132	0.0000	0.0000	0.0000	0.0000	0.0000	0.0000	0.0000	0.0000	0.0000	0.0000	0.0000	0.0000	0.0000	0.0000	0.0000	0.0000	0.0000	0.0000	0.0000	0.0000	0.0000	0.0000	0.0000	0.0000	0.0000	0.0000	0.0000	0.0051	0.0027	0.0024	0.0004	0.0003	0.0001	0.0047	0.0024	0.0023
34	65	0.0278	5	2	0	1	0	1	0	0	0	0	0	0	0	0	0	0	0	0	0	Y	N	N	N	N	N	N	N	N	N	N	N	N	N	N	N	N	N	0.0000	0.0000	0.0000	0.0000	0.0000	0.0000	0.0000	0.0000	0.0000	0.0000	0.0000	0.0000	0.0000	0.0000	0.0000	0.0000	0.0000	0.0000	0.0000	0.0000	0.0000	0.0000	0.0000	0.0000	0.0000	0.0000	0.0000			0.0000	0.0000	0.4435	0.0001	1.4154	0.9885	0.0000	0.0000	0.0000	0.0000	0.0000	0.0000	0.0000	0.0000	0.0000	0.0000	0.0000	0.0000	0.0000	0.0000	0.0000	0.0000	0.0000	0.0000	0.0000	0.0000	0.0000	0.0000	0.0000	0.0000	0.0000	0.0000	0.0000	0.0017	0.0009	0.0008	0.0001	0.0001	0.0000	0.0016	0.0008	0.0008
35	38	0.0170	3	2	0	0	1	0	0	0	1	0	0	1	1	0	0	0	0	0	0	Y	N	N	N	N	N	N	N	N	N	N	N	N	N	N	N	N	N	0.2939	0.1923	0.0000	0.2495	0.2419	0.0000	0.0000	0.0000	0.0000	0.0047	0.0055	0.0000	0.0274	0.0275	0.0000	0.0000	0.0000	0.0000	0.0161	0.0288	0.0002	0.1100	0.1135	0.0002	0.0001	0.0000	0.0002	0.0000	0.0052	-0.0000	-0.0001	0.0004	3.9983	1.8965	0.1262	0.0000	0.0000	0.0000	0.0000	0.0000	0.0000	0.0000	0.0000	0.0000	0.0001	0.0001	0.0000	0.0001	0.0001	0.0000	0.0000	0.0000	0.0000	0.0000	0.0000	0.0000	0.0000	0.0000	0.0000	0.0000	0.0000	0.0000	0.0090	0.0050	0.0040	0.0013	0.0013	0.0000	0.0077	0.0037	0.0040
35	39	0.0146	2	2	0	0	0	0	0	0	0	0	0	1	1	0	0	0	0	0	0	Y	N	N	N	N	N	N	N	N	N	N	N	N	N	N	N	N	N	1.8188	2.0841	1.5485	0.7011	0.6864	0.0000	2.7417	0.0000	1.5355	0.4265	0.4693	0.3812	0.4919	0.4919	0.0000	0.3636	0.0000	0.3812	0.2345	0.2252	0.2462	0.7015	0.7166	0.0049	0.1326	0.0001	0.2483	0.7692	0.8665	-0.0000	-0.0003	0.0004	0.0031	1.8965	2.1400	0.0000	0.0000	0.0000	0.0000	0.0000	0.0000	0.0000	0.0000	0.0000	0.0012	0.0007	0.0006	0.0007	0.0007	0.0000	0.0006	0.0000	0.0006	0.0000	0.0000	0.0000	0.0000	0.0000	0.0000	0.0000	0.0000	0.0000	0.0052	0.0029	0.0023	0.0009	0.0009	0.0000	0.0043	0.0020	0.0023
35	42	0.0197	4	2	0	1	0	0	0	0	0	0	0	0	0	0	0	0	0	0	0	Y	N	N	N	N	N	N	N	N	N	N	N	N	N	N	N	N	N	0.0000	0.0000	0.0000	0.0000	0.0000	0.0000	0.0000	0.0000	0.0000	0.0000	0.0000	0.0000	0.0000	0.0000	0.0000	0.0000	0.0000	0.0000	0.0531	0.0207	0.0918	0.1411	0.1403	0.1505	0.0446	0.0000	0.0909		3.6929	0.0000	0.0001	0.0004	0.0000	1.8965	15.0005	0.0000	0.0000	0.0000	0.0000	0.0000	0.0000	0.0000	0.0000	0.0000	0.0014	0.0003	0.0011	0.0003	0.0003	0.0000	0.0011	0.0000	0.0011	0.0000	0.0000	0.0000	0.0000	0.0000	0.0000	0.0000	0.0000	0.0000	0.0271	0.0148	0.0123	0.0024	0.0022	0.0002	0.0247	0.0126	0.0121
35	43	0.0197	3	2	0	1	0	1	0	1	0	0	0	0	0	0	0	0	0	0	0	Y	N	N	N	N	N	N	N	N	N	N	N	N	N	N	N	N	N	0.0000	0.0000	0.0000	0.0000	0.0000	0.0000	0.0000	0.0000	0.0000	0.0000	0.0000	0.0000	0.0000	0.0000	0.0000	0.0000	0.0000	0.0000	1.4671	1.0888	2.2487	2.0133	2.0278	0.0015	1.1541	0.0001	2.2667		0.9999	0.0000	-0.0001	0.0004	0.0003	1.8965	0.0736	0.0000	0.0000	0.0000	0.0000	0.0000	0.0000	0.0000	0.0000	0.0000	0.0006	0.0003	0.0003	0.0003	0.0003	0.0000	0.0003	0.0000	0.0003	0.0000	0.0000	0.0000	0.0000	0.0000	0.0000	0.0000	0.0000	0.0000	0.0004	0.0003	0.0001	0.0002	0.0002	0.0000	0.0003	0.0001	0.0001
35	44	0.0435	6	2	0	1	0	1	0	1	0	0	0	0	0	0	0	0	0	0	0	Y	N	N	N	N	N	N	N	N	N	N	N	N	N	N	N	N	N	0.0000	0.0000	0.0000	0.0000	0.0000	0.0000	0.0000	0.0000	0.0000	0.0000	0.0000	0.0000	0.0000	0.0000	0.0000	0.0000	0.0000	0.0000	0.0126	0.0227	0.0000	0.0054	0.0061	0.0000	0.0137	0.0271	0.0000		0.0000	0.0000	-0.0002	0.0004	3.0000	1.8965	12.1057	0.0000	0.0000	0.0000	0.0000	0.0000	0.0000	0.0000	0.0000	0.0000	0.0003	0.0003	0.0000	0.0000	0.0000	0.0000	0.0003	0.0003	0.0000	0.0000	0.0000	0.0000	0.0000	0.0000	0.0000	0.0000	0.0000	0.0000	0.0269	0.0150	0.0120	0.0035	0.0032	0.0004	0.0234	0.0118	0.0116
35	46	0.0453	6	2	0	1	0	0	0	1	0	0	0	0	0	0	0	0	0	0	0	Y	N	N	N	N	N	N	N	N	N	N	N	N	N	N	N	N	N	0.0000	0.0000	0.0000	0.0000	0.0000	0.0000	0.0000	0.0000	0.0000	0.0000	0.0000	0.0000	0.0000	0.0000	0.0000	0.0000	0.0000	0.0000	0.1512	0.0500	0.2920	0.1345	0.1436	0.0000	0.1557	0.0009	0.3018		4.1934	0.0000	0.0006	0.0004	3.9966	1.8965	13.2202	0.0000	0.0000	0.0000	0.0000	0.0000	0.0000	0.0000	0.0000	0.0000	0.0058	0.0011	0.0047	0.0011	0.0011	0.0000	0.0047	0.0000	0.0047	0.0000	0.0000	0.0000	0.0000	0.0000	0.0000	0.0000	0.0000	0.0000	0.0381	0.0222	0.0159	0.0082	0.0076	0.0005	0.0300	0.0146	0.0154
35	47	0.0288	5	2	0	0	0	1	0	0	0	0	0	0	0	0	0	0	0	0	0	Y	N	N	N	N	N	N	N	N	N	N	N	N	N	N	N	N	N	0.0000	0.0000	0.0000	0.0000	0.0000	0.0000	0.0000	0.0000	0.0000	0.0000	0.0000	0.0000	0.0000	0.0000	0.0000	0.0000	0.0000	0.0000	34.3116	0.0392	75.8840	0.0558	0.0592	0.0000	40.0988	0.0326	77.3044		1596.6116	0.0000	0.2686	0.0004	0.4020	1.8965	12.8060	0.0000	0.0000	0.0000	0.0000	0.0000	0.0000	0.0000	0.0000	0.0000	0.9141	0.0006	0.9135	0.0002	0.0002	0.0000	0.9139	0.0004	0.9135	0.0000	0.0000	0.0000	0.0000	0.0000	0.0000	0.0000	0.0000	0.0000	0.0266	0.0146	0.0120	0.0039	0.0036	0.0002	0.0228	0.0110	0.0118
35	56	0.0272	5	2	0	1	0	0	0	0	0	0	0	0	0	0	0	0	0	0	0	Y	N	N	N	N	N	N	N	N	N	N	N	N	N	N	N	N	N	0.0000	0.0000	0.0000	0.0000	0.0000	0.0000	0.0000	0.0000	0.0000	0.0000	0.0000	0.0000	0.0000	0.0000	0.0000	0.0000	0.0000	0.0000	0.0000	0.0000	0.0000	0.0000	0.0000	0.0000	0.0000	0.0000	0.0000			0.0000	0.0000	0.0004	0.9999	1.8965	3.0149	0.0000	0.0000	0.0000	0.0000	0.0000	0.0000	0.0000	0.0000	0.0000	0.0000	0.0000	0.0000	0.0000	0.0000	0.0000	0.0000	0.0000	0.0000	0.0000	0.0000	0.0000	0.0000	0.0000	0.0000	0.0000	0.0000	0.0000	0.0075	0.0041	0.0034	0.0007	0.0007	0.0001	0.0067	0.0034	0.0033
35	63	0.0309	6	2	0	1	0	0	0	0	0	0	0	1	0	0	0	0	0	0	0	Y	N	N	N	N	N	N	N	N	N	N	N	N	N	N	N	N	N	0.0000	0.0000	0.0000	0.0000	0.0000	0.0000	0.0000	0.0000	0.0000	0.0000	0.0000	0.0000	0.0000	0.0000	0.0000	0.0000	0.0000	0.0000	0.0000	0.0000	0.0000	0.0000	0.0000	0.0000	0.0000	0.0000	0.0000			0.0000	0.0000	0.0004	0.0000	1.8965	0.0000	0.0000	0.0000	0.0000	0.0000	0.0000	0.0000	0.0000	0.0000	0.0000	0.0000	0.0000	0.0000	0.0000	0.0000	0.0000	0.0000	0.0000	0.0000	0.0000	0.0000	0.0000	0.0000	0.0000	0.0000	0.0000	0.0000	0.0000	0.0000	0.0000	0.0000	0.0000	0.0000	0.0000	0.0000	0.0000	0.0000
35	64	0.0272	5	2	0	1	0	0	0	0	0	1	0	1	0	0	0	0	0	0	0	Y	N	N	N	N	N	N	N	N	N	N	N	N	N	N	N	N	N	0.0000	0.0000	0.0000	0.0000	0.0000	0.0000	0.0000	0.0000	0.0000	0.0000	0.0000	0.0000	0.0000	0.0000	0.0000	0.0000	0.0000	0.0000	0.0000	0.0000	0.0000	0.0000	0.0000	0.0000	0.0000	0.0000	0.0000			0.0000	0.0000	0.0004	0.0001	1.8965	3.0132	0.0000	0.0000	0.0000	0.0000	0.0000	0.0000	0.0000	0.0000	0.0000	0.0000	0.0000	0.0000	0.0000	0.0000	0.0000	0.0000	0.0000	0.0000	0.0000	0.0000	0.0000	0.0000	0.0000	0.0000	0.0000	0.0000	0.0000	0.0056	0.0031	0.0026	0.0006	0.0005	0.0001	0.0051	0.0026	0.0025
35	65	0.0260	4	2	0	1	0	1	0	0	0	0	0	0	0	0	0	0	0	0	0	Y	N	N	N	N	N	N	N	N	N	N	N	N	N	N	N	N	N	0.0000	0.0000	0.0000	0.0000	0.0000	0.0000	0.0000	0.0000	0.0000	0.0000	0.0000	0.0000	0.0000	0.0000	0.0000	0.0000	0.0000	0.0000	0.0000	0.0000	0.0000	0.0000	0.0000	0.0000	0.0000	0.0000	0.0000			0.0000	0.0000	0.0004	0.0001	1.8965	0.9885	0.0000	0.0000	0.0000	0.0000	0.0000	0.0000	0.0000	0.0000	0.0000	0.0000	0.0000	0.0000	0.0000	0.0000	0.0000	0.0000	0.0000	0.0000	0.0000	0.0000	0.0000	0.0000	0.0000	0.0000	0.0000	0.0000	0.0000	0.0018	0.0010	0.0008	0.0002	0.0002	0.0000	0.0017	0.0008	0.0008
36	38	0.0571	8	1	0	0	1	0	0	0	1	0	0	1	2	0	0	0	0	0	0	N	N	N	N	N	Y	N	N	N	N	N	N	N	N	N	N	N	N	0.0000	0.0000	0.0000	0.0000	0.0000	0.0000	0.0000	0.0000	0.0000	0.0000	0.0000	0.0000	0.0000	0.0000	0.0000	0.0000	0.0000	0.0000	0.0000	0.0000	0.0000	0.0000	0.0000	0.0000	0.0000	0.0000	0.0000			0.0000	0.0000	0.0000	3.9983	0.0000	0.1262	0.0000	0.0000	0.0000	0.0000	0.0000	0.0000	0.0000	0.0000	0.0000	0.0000	0.0000	0.0000	0.0000	0.0000	0.0000	0.0000	0.0000	0.0000	0.0000	0.0000	0.0000	0.0000	0.0000	0.0000	0.0000	0.0000	0.0000	0.0000	0.0000	0.0000	0.0000	0.0000	0.0000	0.0000	0.0000	0.0000
36	39	0.0547	7	1	0	0	0	0	0	0	0	0	0	1	2	0	0	0	0	0	0	N	N	N	N	N	Y	N	N	N	N	N	N	N	N	N	N	N	N	0.0000	0.0000	0.0000	0.0000	0.0000	0.0000	0.0000	0.0000	0.0000	0.0000	0.0000	0.0000	0.0000	0.0000	0.0000	0.0000	0.0000	0.0000	0.0094	0.0115	0.0000	0.0228	0.0230	0.0000	0.0000	0.0000	0.0000		0.0000	0.0000	-0.0000	0.0000	0.0031	0.0000	2.1400	0.0000	0.0000	0.0000	0.0000	0.0000	0.0000	0.0000	0.0000	0.0000	0.0000	0.0000	0.0000	0.0000	0.0000	0.0000	0.0000	0.0000	0.0000	0.0000	0.0000	0.0000	0.0000	0.0000	0.0000	0.0000	0.0000	0.0000	0.0000	0.0000	0.0000	0.0000	0.0000	0.0000	0.0000	0.0000	0.0000
36	40	0.0423	6	1	0	0	0	0	0	0	0	1	1	1	2	0	0	0	0	0	0	N	N	N	N	N	Y	N	N	N	N	N	N	N	N	N	N	N	N	0.0000	0.0000	0.0000	0.0000	0.0000	0.0000	0.0000	0.0000	0.0000	0.0000	0.0000	0.0000	0.0000	0.0000	0.0000	0.0000	0.0000	0.0000	0.0000	0.0000	0.0000	0.0000	0.0000	0.0000	0.0000	0.0000	0.0000			0.0000	0.0000	0.0000	0.9998	0.0000	9.0469	0.0000	0.0000	0.0000	0.0000	0.0000	0.0000	0.0000	0.0000	0.0000	0.0000	0.0000	0.0000	0.0000	0.0000	0.0000	0.0000	0.0000	0.0000	0.0000	0.0000	0.0000	0.0000	0.0000	0.0000	0.0000	0.0000	0.0000	0.0000	0.0000	0.0000	0.0000	0.0000	0.0000	0.0000	0.0000	0.0000
36	57	0.0407	9	0	0	0	0	0	0	0	0	0	1	0	2	0	0	0	0	0	0	N	N	N	N	N	Y	N	N	N	N	N	N	N	N	N	N	N	N	0.0000	0.0000	0.0000	0.0000	0.0000	0.0000	0.0000	0.0000	0.0000	0.0000	0.0000	0.0000	0.0000	0.0000	0.0000	0.0000	0.0000	0.0000	0.0000	0.0000	0.0000	0.0000	0.0000	0.0000	0.0000	0.0000	0.0000			0.0000	0.0000	0.0000	0.0000	0.0000	5.0023	0.0000	0.0000	0.0000	0.0000	0.0000	0.0000	0.0000	0.0000	0.0000	0.0000	0.0000	0.0000	0.0000	0.0000	0.0000	0.0000	0.0000	0.0000	0.0000	0.0000	0.0000	0.0000	0.0000	0.0000	0.0000	0.0000	0.0000	0.0000	0.0000	0.0000	0.0000	0.0000	0.0000	0.0000	0.0000	0.0000
36	59	0.0382	7	0	0	0	0	0	0	0	0	0	1	0	2	0	0	0	0	0	0	N	N	N	N	N	Y	N	N	N	N	N	N	N	N	N	N	N	N	0.0000	0.0000	0.0000	0.0000	0.0000	0.0000	0.0000	0.0000	0.0000	0.0000	0.0000	0.0000	0.0000	0.0000	0.0000	0.0000	0.0000	0.0000	0.0000	0.0000	0.0000	0.0000	0.0000	0.0000	0.0000	0.0000	0.0000			0.0000	0.0000	0.0000	0.0000	0.0000	11.0002	0.0000	0.0000	0.0000	0.0000	0.0000	0.0000	0.0000	0.0000	0.0000	0.0000	0.0000	0.0000	0.0000	0.0000	0.0000	0.0000	0.0000	0.0000	0.0000	0.0000	0.0000	0.0000	0.0000	0.0000	0.0000	0.0000	0.0000	0.0000	0.0000	0.0000	0.0000	0.0000	0.0000	0.0000	0.0000	0.0000
36	60	0.0382	8	0	0	0	0	0	0	0	0	0	1	0	2	0	0	0	0	0	0	N	N	N	N	N	Y	N	N	N	N	N	N	N	N	N	N	N	N	0.0000	0.0000	0.0000	0.0000	0.0000	0.0000	0.0000	0.0000	0.0000	0.0000	0.0000	0.0000	0.0000	0.0000	0.0000	0.0000	0.0000	0.0000	0.0000	0.0000	0.0000	0.0000	0.0000	0.0000	0.0000	0.0000	0.0000			0.0000	0.0000	0.0000	0.0000	0.0000	9.0002	0.0000	0.0000	0.0000	0.0000	0.0000	0.0000	0.0000	0.0000	0.0000	0.0000	0.0000	0.0000	0.0000	0.0000	0.0000	0.0000	0.0000	0.0000	0.0000	0.0000	0.0000	0.0000	0.0000	0.0000	0.0000	0.0000	0.0000	0.0000	0.0000	0.0000	0.0000	0.0000	0.0000	0.0000	0.0000	0.0000
37	38	0.0571	7	1	0	0	1	0	0	0	1	0	1	1	2	0	0	0	0	0	0	N	N	N	N	N	Y	N	N	N	N	N	N	N	N	N	N	N	N	0.0000	0.0000	0.0000	0.0000	0.0000	0.0000	0.0000	0.0000	0.0000	0.0000	0.0000	0.0000	0.0000	0.0000	0.0000	0.0000	0.0000	0.0000	0.0010	0.0017	0.0000	0.0077	0.0089	0.0000	0.0000	0.0000	0.0000		0.0009	0.0000	-0.0000	1.9922	3.9983	9.0553	0.1262	0.0000	0.0000	0.0000	0.0000	0.0000	0.0000	0.0000	0.0000	0.0000	0.0000	0.0000	0.0000	0.0000	0.0000	0.0000	0.0000	0.0000	0.0000	0.0304	0.0261	0.0043	0.0004	0.0004	0.0000	0.0300	0.0258	0.0043	0.0426	0.0239	0.0187	0.0052	0.0046	0.0007	0.0374	0.0194	0.0180
37	39	0.0547	6	1	0	0	0	0	0	0	0	0	1	1	2	0	0	0	0	0	0	N	N	N	N	N	Y	N	N	N	N	N	N	N	N	N	N	N	N	0.0000	0.0000	0.0000	0.0000	0.0000	0.0000	0.0000	0.0000	0.0000	0.0000	0.0000	0.0000	0.0000	0.0000	0.0000	0.0000	0.0000	0.0000	0.0052	0.0083	0.0012	0.0188	0.0210	0.0001	0.0031	0.0048	0.0013		0.1122	0.0000	-0.0001	1.9922	0.0031	9.0553	2.1400	0.0000	0.0000	0.0000	0.0000	0.0000	0.0000	0.0000	0.0000	0.0000	0.0001	0.0001	0.0000	0.0001	0.0001	0.0000	0.0001	0.0001	0.0000	0.0000	0.0000	0.0000	0.0000	0.0000	0.0000	0.0000	0.0000	0.0000	0.0233	0.0133	0.0101	0.0032	0.0028	0.0003	0.0202	0.0104	0.0097
37	40	0.0423	5	1	0	0	0	0	0	0	0	1	2	1	2	0	0	0	0	0	0	N	N	N	N	N	Y	N	N	N	N	N	N	N	N	N	N	N	N	0.0000	0.0000	0.0000	0.0000	0.0000	0.0000	0.0000	0.0000	0.0000	0.0000	0.0000	0.0000	0.0000	0.0000	0.0000	0.0000	0.0000	0.0000	0.7269	1.3541	0.0012	9.9463	11.6879	0.0000	0.0006	0.0000	0.0013		0.0008	0.0000	-0.0496	1.9922	0.9998	9.0553	9.0469	0.0000	0.0000	0.0000	0.0000	0.0000	0.0000	0.0000	0.0000	0.0000	0.0703	0.0703	0.0001	0.0703	0.0703	0.0000	0.0001	0.0000	0.0001	0.0077	0.0066	0.0011	0.0001	0.0001	0.0000	0.0076	0.0065	0.0011	0.0967	0.0519	0.0449	0.0071	0.0060	0.0011	0.0897	0.0459	0.0438
37	57	0.0407	8	0	0	0	0	0	0	0	0	0	2	0	2	0	0	0	0	0	0	N	N	N	N	N	Y	N	N	N	N	N	N	N	N	N	N	N	N	0.0000	0.0000	0.0000	0.0000	0.0000	0.0000	0.0000	0.0000	0.0000	0.0000	0.0000	0.0000	0.0000	0.0000	0.0000	0.0000	0.0000	0.0000	0.0021	0.0040	0.0000	0.0393	0.0475	0.0000	0.0000	0.0000	0.0000		0.0000	0.0000	-0.0001	1.9922	0.0000	9.0553	5.0023	0.0000	0.0000	0.0000	0.0000	0.0000	0.0000	0.0000	0.0000	0.0000	0.0001	0.0001	0.0000	0.0001	0.0001	0.0000	0.0000	0.0000	0.0000	0.0000	0.0000	0.0000	0.0000	0.0000	0.0000	0.0000	0.0000	0.0000	0.0467	0.0248	0.0219	0.0025	0.0021	0.0004	0.0441	0.0227	0.0214
37	59	0.0382	6	0	0	0	0	0	0	0	0	0	2	0	2	0	0	0	0	0	0	N	N	N	N	N	Y	N	N	N	N	N	N	N	N	N	N	N	N	0.0000	0.0000	0.0000	0.0000	0.0000	0.0000	0.0000	0.0000	0.0000	0.0000	0.0000	0.0000	0.0000	0.0000	0.0000	0.0000	0.0000	0.0000	9.8556	18.5931	0.0000	0.0752	0.0920	0.0000	10.3133	19.9619	0.0000		0.0000	0.0000	-0.7035	1.9922	0.0000	9.0553	11.0002	0.0000	0.0000	0.0000	0.0000	0.0000	0.0000	0.0000	0.0000	0.0000	0.9970	0.9970	0.0000	0.0003	0.0003	0.0000	0.9967	0.9967	0.0000	0.0000	0.0000	0.0000	0.0000	0.0000	0.0000	0.0000	0.0000	0.0000	0.1012	0.0536	0.0475	0.0045	0.0037	0.0008	0.0966	0.0499	0.0467
37	60	0.0382	7	0	0	0	0	0	0	0	0	0	2	0	2	0	0	0	0	0	0	N	N	N	N	N	Y	N	N	N	N	N	N	N	N	N	N	N	N	0.0000	0.0000	0.0000	0.0000	0.0000	0.0000	0.0000	0.0000	0.0000	0.0000	0.0000	0.0000	0.0000	0.0000	0.0000	0.0000	0.0000	0.0000	0.0001	0.0002	0.0000	0.0027	0.0033	0.0000	0.0000	0.0000	0.0000		0.0000	0.0000	-0.0000	1.9922	0.0000	9.0553	9.0002	0.0000	0.0000	0.0000	0.0000	0.0000	0.0000	0.0000	0.0000	0.0000	0.0000	0.0000	0.0000	0.0000	0.0000	0.0000	0.0000	0.0000	0.0000	0.0000	0.0000	0.0000	0.0000	0.0000	0.0000	0.0000	0.0000	0.0000	0.0831	0.0441	0.0391	0.0037	0.0030	0.0007	0.0794	0.0410	0.0384
38	42	0.0404	6	2	0	1	1	0	0	0	1	0	0	1	1	0	0	0	0	0	0	Y	N	N	N	N	N	N	N	N	N	N	N	N	N	N	N	N	N	0.0000	0.0000	0.0000	0.0000	0.0000	0.0000	0.0000	0.0000	0.0000	0.0000	0.0000	0.0000	0.0000	0.0000	0.0000	0.0000	0.0000	0.0000	0.0010	0.0019	0.0000	0.0098	0.0111	0.0000	0.0000	0.0000	0.0000		0.0000	0.0000	-0.0000	3.9983	0.0000	0.1262	15.0005	0.0000	0.0000	0.0000	0.0000	0.0000	0.0000	0.0000	0.0000	0.0000	0.0001	0.0001	0.0000	0.0001	0.0001	0.0000	0.0000	0.0000	0.0000	0.0000	0.0000	0.0000	0.0000	0.0000	0.0000	0.0000	0.0000	0.0000	0.0577	0.0320	0.0257	0.0061	0.0054	0.0007	0.0516	0.0266	0.0250
38	43	0.0404	5	2	0	1	1	1	0	1	1	0	0	1	1	0	0	0	0	0	0	Y	N	N	N	N	N	N	N	N	N	N	N	N	N	N	N	N	N	0.0000	0.0000	0.0000	0.0000	0.0000	0.0000	0.0000	0.0000	0.0000	0.0000	0.0000	0.0000	0.0000	0.0000	0.0000	0.0000	0.0000	0.0000	0.0000	0.0000	0.0000	0.0000	0.0000	0.0000	0.0000	0.0000	0.0000			0.0000	-0.0000	3.9983	0.0003	0.1262	0.0736	0.0000	0.0000	0.0000	0.0000	0.0000	0.0000	0.0000	0.0000	0.0000	0.0000	0.0000	0.0000	0.0000	0.0000	0.0000	0.0000	0.0000	0.0000	0.0000	0.0000	0.0000	0.0000	0.0000	0.0000	0.0000	0.0000	0.0000	0.0007	0.0005	0.0002	0.0002	0.0002	0.0000	0.0005	0.0003	0.0002
38	44	0.0642	8	2	0	1	1	1	0	1	1	0	0	1	1	0	0	0	0	0	0	Y	N	N	N	N	N	N	N	N	N	N	N	N	N	N	N	N	N	0.0000	0.0000	0.0000	0.0000	0.0000	0.0000	0.0000	0.0000	0.0000	0.0000	0.0000	0.0000	0.0000	0.0000	0.0000	0.0000	0.0000	0.0000	0.0005	0.0009	0.0000	0.0034	0.0039	0.0001	0.0000	0.0000	0.0000		0.0042	0.0000	-0.0000	3.9983	3.0000	0.1262	12.1057	0.0000	0.0000	0.0000	0.0000	0.0000	0.0000	0.0000	0.0000	0.0000	0.0000	0.0000	0.0000	0.0000	0.0000	0.0000	0.0000	0.0000	0.0000	0.0505	0.0436	0.0069	0.0031	0.0031	0.0001	0.0473	0.0405	0.0068	0.0576	0.0326	0.0250	0.0088	0.0076	0.0011	0.0489	0.0250	0.0239
38	46	0.0659	8	2	0	1	1	0	0	1	1	0	0	1	1	0	0	0	0	0	0	Y	N	N	N	N	N	N	N	N	N	N	N	N	N	N	N	N	N	0.0000	0.0000	0.0000	0.0002	0.0002	0.0000	0.0000	0.0000	0.0000	0.0000	0.0000	0.0000	0.0000	0.0000	0.0000	0.0000	0.0000	0.0000	0.0008	0.0013	0.0000	0.0039	0.0043	0.0003	0.0000	0.0000	0.0000	0.0000	0.0078	-0.0000	-0.0000	3.9983	3.9966	0.1262	13.2202	0.0000	0.0000	0.0000	0.0000	0.0000	0.0000	0.0000	0.0000	0.0000	0.0001	0.0001	0.0000	0.0001	0.0001	0.0000	0.0000	0.0000	0.0000	0.0643	0.0555	0.0088	0.0026	0.0025	0.0001	0.0617	0.0529	0.0088	0.0743	0.0445	0.0298	0.0152	0.0137	0.0015	0.0591	0.0308	0.0283
38	47	0.0494	7	2	0	0	1	1	0	0	1	0	0	1	1	0	0	0	0	0	0	Y	N	N	N	N	N	N	N	N	N	N	N	N	N	N	N	N	N	0.0183	0.0119	0.1984	0.0662	0.0604	1.1878	0.0000	0.0000	0.0000	0.0001	0.0001	0.0000	0.0027	0.0028	0.0003	0.0000	0.0000	0.0000	0.0053	0.0093	0.0000	0.0414	0.0465	0.0003	0.0000	0.0000	0.0000	0.0035	0.0010	-0.0000	-0.0002	3.9983	0.4020	0.1262	12.8060	0.0000	0.0000	0.0000	0.0000	0.0000	0.0000	0.0000	0.0000	0.0000	0.0003	0.0003	0.0000	0.0003	0.0003	0.0000	0.0000	0.0000	0.0000	0.0065	0.0056	0.0009	0.0002	0.0002	0.0000	0.0062	0.0053	0.0009	0.0516	0.0291	0.0226	0.0066	0.0058	0.0007	0.0451	0.0232	0.0219
38	50	0.0540	7	1	0	1	1	0	0	0	1	0	0	2	1	0	0	0	0	0	0	N	N	N	N	Y	N	N	N	N	N	N	N	N	N	N	N	N	N	0.0000	0.0000	0.0000	0.0000	0.0000	0.0000	0.0000	0.0000	0.0000	0.0000	0.0000	0.0000	0.0000	0.0000	0.0000	0.0000	0.0000	0.0000	0.0000	0.0000	0.0000	0.0000	0.0000	0.0000	0.0000	0.0000	0.0000		0.0000	0.0000	-0.0000	3.9983	0.0000	0.1262	2.0033	0.0000	0.0000	0.0000	0.0000	0.0000	0.0000	0.0000	0.0000	0.0000	0.0000	0.0000	0.0000	0.0000	0.0000	0.0000	0.0000	0.0000	0.0000	0.0000	0.0000	0.0000	0.0000	0.0000	0.0000	0.0000	0.0000	0.0000	0.0079	0.0044	0.0035	0.0010	0.0009	0.0001	0.0069	0.0035	0.0034
38	51	0.0466	6	1	0	1	1	0	0	0	1	1	0	2	1	0	0	0	0	0	0	N	N	N	N	Y	N	N	N	N	N	N	N	N	N	N	N	N	N	0.0000	0.0000	0.0000	0.0000	0.0000	0.0000	0.0000	0.0000	0.0000	0.0000	0.0000	0.0000	0.0000	0.0000	0.0000	0.0000	0.0000	0.0000	0.0013	0.0023	0.0000	0.0114	0.0130	0.0000	0.0000	0.0000	0.0000		0.0000	0.0000	-0.0000	3.9983	1.0000	0.1262	5.0066	0.0000	0.0000	0.0000	0.0000	0.0000	0.0000	0.0000	0.0000	0.0000	0.0000	0.0000	0.0000	0.0000	0.0000	0.0000	0.0000	0.0000	0.0000	0.0155	0.0133	0.0022	0.0001	0.0001	0.0000	0.0154	0.0132	0.0022	0.0235	0.0130	0.0105	0.0026	0.0023	0.0003	0.0208	0.0107	0.0102
38	56	0.0478	7	2	0	1	1	0	0	0	1	0	0	1	1	0	0	0	0	0	0	Y	N	N	N	N	N	N	N	N	N	N	N	N	N	N	N	N	N	0.0000	0.0000	0.0000	0.0000	0.0000	0.0000	0.0000	0.0000	0.0000	0.0000	0.0000	0.0000	0.0000	0.0000	0.0000	0.0000	0.0000	0.0000	0.0000	0.0000	0.0000	0.0000	0.0000	0.0000	0.0000	0.0000	0.0000		inf	0.0000	0.0000	3.9983	0.9999	0.1262	3.0149	0.0000	0.0000	0.0000	0.0000	0.0000	0.0000	0.0000	0.0000	0.0000	0.0000	0.0000	0.0000	0.0000	0.0000	0.0000	0.0000	0.0000	0.0000	0.0155	0.0133	0.0022	0.0001	0.0001	0.0000	0.0154	0.0132	0.0022	0.0160	0.0089	0.0071	0.0019	0.0017	0.0002	0.0141	0.0072	0.0069
38	57	0.0516	8	1	0	0	1	0	0	0	1	0	1	1	2	0	0	0	0	0	0	N	N	N	N	N	Y	N	N	N	N	N	N	N	N	N	N	N	N	0.0000	0.0000	0.0000	0.0000	0.0000	0.0000	0.0000	0.0000	0.0000	0.0000	0.0000	0.0000	0.0000	0.0000	0.0000	0.0000	0.0000	0.0000	0.0015	0.0027	0.0000	0.0123	0.0141	0.0000	0.0000	0.0000	0.0000		0.0000	0.0000	-0.0000	3.9983	0.0000	0.1262	5.0023	0.0000	0.0000	0.0000	0.0000	0.0000	0.0000	0.0000	0.0000	0.0000	0.0000	0.0000	0.0000	0.0000	0.0000	0.0000	0.0000	0.0000	0.0000	0.0000	0.0000	0.0000	0.0000	0.0000	0.0000	0.0000	0.0000	0.0000	0.0196	0.0109	0.0087	0.0024	0.0021	0.0003	0.0172	0.0088	0.0084
38	59	0.0492	6	1	0	0	1	0	0	0	1	0	1	1	2	0	0	0	0	0	0	N	N	N	N	N	Y	N	N	N	N	N	N	N	N	N	N	N	N	0.0000	0.0000	0.0000	0.0000	0.0000	0.0000	0.0000	0.0000	0.0000	0.0000	0.0000	0.0000	0.0000	0.0000	0.0000	0.0000	0.0000	0.0000	0.0016	0.0030	0.0000	0.0142	0.0163	0.0000	0.0000	0.0000	0.0000		0.0000	0.0000	-0.0000	3.9983	0.0000	0.1262	11.0002	0.0000	0.0000	0.0000	0.0000	0.0000	0.0000	0.0000	0.0000	0.0000	0.0001	0.0001	0.0000	0.0001	0.0001	0.0000	0.0000	0.0000	0.0000	0.0000	0.0000	0.0000	0.0000	0.0000	0.0000	0.0000	0.0000	0.0000	0.0426	0.0236	0.0189	0.0049	0.0043	0.0006	0.0376	0.0193	0.0183
38	60	0.0492	7	1	0	0	1	0	0	0	1	0	1	1	2	0	0	0	0	0	0	N	N	N	N	N	Y	N	N	N	N	N	N	N	N	N	N	N	N	0.0000	0.0000	0.0000	0.0000	0.0000	0.0000	0.0000	0.0000	0.0000	0.0000	0.0000	0.0000	0.0000	0.0000	0.0000	0.0000	0.0000	0.0000	0.0014	0.0026	0.0000	0.0124	0.0142	0.0000	0.0000	0.0000	0.0000		0.0000	0.0000	-0.0000	3.9983	0.0000	0.1262	9.0002	0.0000	0.0000	0.0000	0.0000	0.0000	0.0000	0.0000	0.0000	0.0000	0.0001	0.0001	0.0000	0.0001	0.0001	0.0000	0.0000	0.0000	0.0000	0.0000	0.0000	0.0000	0.0000	0.0000	0.0000	0.0000	0.0000	0.0000	0.0350	0.0194	0.0156	0.0040	0.0035	0.0005	0.0309	0.0159	0.0151
38	63	0.0515	8	2	0	1	1	0	0	0	1	0	0	2	1	0	0	0	0	0	0	Y	N	N	N	Y	N	N	N	N	N	N	N	N	N	N	N	N	N	0.0000	0.0000	0.0000	0.0000	0.0000	0.0000	0.0000	0.0000	0.0000	0.0000	0.0000	0.0000	0.0000	0.0000	0.0000	0.0000	0.0000	0.0000	0.0000	0.0000	0.0000	0.0000	0.0000	0.0000	0.0000	0.0000	0.0000			0.0000	0.0000	3.9983	0.0000	0.1262	0.0000	0.0000	0.0000	0.0000	0.0000	0.0000	0.0000	0.0000	0.0000	0.0000	0.0000	0.0000	0.0000	0.0000	0.0000	0.0000	0.0000	0.0000	0.0000	0.0000	0.0000	0.0000	0.0000	0.0000	0.0000	0.0000	0.0000	0.0000	0.0000	0.0000	0.0000	0.0000	0.0000	0.0000	0.0000	0.0000	0.0000
38	64	0.0478	7	2	0	1	1	0	0	0	1	1	0	2	1	0	0	0	0	0	0	Y	N	N	N	Y	N	N	N	N	N	N	N	N	N	N	N	N	N	0.0000	0.0000	0.0000	0.0000	0.0000	0.0000	0.0000	0.0000	0.0000	0.0000	0.0000	0.0000	0.0000	0.0000	0.0000	0.0000	0.0000	0.0000	0.0017	0.0030	0.0000	0.0136	0.0153	0.0000	0.0000	0.0000	0.0000		0.0000	0.0000	-0.0000	3.9983	0.0001	0.1262	3.0132	0.0000	0.0000	0.0000	0.0000	0.0000	0.0000	0.0000	0.0000	0.0000	0.0000	0.0000	0.0000	0.0000	0.0000	0.0000	0.0000	0.0000	0.0000	0.0000	0.0000	0.0000	0.0000	0.0000	0.0000	0.0000	0.0000	0.0000	0.0121	0.0067	0.0054	0.0015	0.0013	0.0002	0.0106	0.0054	0.0052
38	65	0.0466	6	2	0	1	1	1	0	0	1	0	0	1	1	0	0	0	0	0	0	Y	N	N	N	N	N	N	N	N	N	N	N	N	N	N	N	N	N	0.0000	0.0000	0.0000	0.0000	0.0000	0.0000	0.0000	0.0000	0.0000	0.0000	0.0000	0.0000	0.0000	0.0000	0.0000	0.0000	0.0000	0.0000	0.0000	0.0000	0.0000	0.0000	0.0001	0.0000	0.0000	0.0000	0.0000		0.1346	0.0000	-0.0000	3.9983	0.0001	0.1262	0.9885	0.0000	0.0000	0.0000	0.0000	0.0000	0.0000	0.0000	0.0000	0.0000	0.0000	0.0000	0.0000	0.0000	0.0000	0.0000	0.0000	0.0000	0.0000	0.0000	0.0000	0.0000	0.0000	0.0000	0.0000	0.0000	0.0000	0.0000	0.0039	0.0022	0.0018	0.0004	0.0004	0.0001	0.0035	0.0018	0.0017
39	42	0.0324	5	2	0	1	0	0	0	0	0	0	0	1	1	0	0	0	0	0	0	Y	N	N	N	N	N	N	N	N	N	N	N	N	N	N	N	N	N	0.0000	0.0000	0.0000	0.0000	0.0000	0.0000	0.0000	0.0000	0.0000	0.0000	0.0000	0.0000	0.0000	0.0000	0.0000	0.0000	0.0000	0.0000	0.0029	0.0045	0.0007	0.0079	0.0088	0.0000	0.0022	0.0035	0.0007		0.1252	0.0000	-0.0001	0.0031	0.0000	2.1400	15.0005	0.0000	0.0000	0.0000	0.0000	0.0000	0.0000	0.0000	0.0000	0.0000	0.0001	0.0001	0.0000	0.0000	0.0000	0.0000	0.0001	0.0001	0.0000	0.0000	0.0000	0.0000	0.0000	0.0000	0.0000	0.0000	0.0000	0.0000	0.0316	0.0178	0.0138	0.0038	0.0034	0.0004	0.0278	0.0143	0.0134
39	43	0.0324	4	2	0	1	0	1	0	1	0	0	0	1	1	0	0	0	0	0	0	Y	N	N	N	N	N	N	N	N	N	N	N	N	N	N	N	N	N	0.0000	0.0000	0.0000	0.0000	0.0000	0.0000	0.0000	0.0000	0.0000	0.0000	0.0000	0.0000	0.0000	0.0000	0.0000	0.0000	0.0000	0.0000	0.0033	0.0033	0.0032	0.0048	0.0049	0.0000	0.0025	0.0019	0.0033		0.3713	0.0000	-0.0000	0.0031	0.0003	2.1400	0.0736	0.0000	0.0000	0.0000	0.0000	0.0000	0.0000	0.0000	0.0000	0.0000	0.0000	0.0000	0.0000	0.0000	0.0000	0.0000	0.0000	0.0000	0.0000	0.0000	0.0000	0.0000	0.0000	0.0000	0.0000	0.0000	0.0000	0.0000	0.0004	0.0003	0.0001	0.0001	0.0001	0.0000	0.0003	0.0001	0.0001
39	44	0.0562	7	2	0	1	0	1	0	1	0	0	0	1	1	0	0	0	0	0	0	Y	N	N	N	N	N	N	N	N	N	N	N	N	N	N	N	N	N	0.0000	0.0000	0.0000	0.0000	0.0000	0.0000	0.0000	0.0000	0.0000	0.0000	0.0000	0.0000	0.0000	0.0000	0.0000	0.0000	0.0000	0.0000	0.0017	0.0011	0.0024	0.0004	0.0000	0.0037	0.0019	0.0015	0.0023		1.5891	0.0000	-0.0000	0.0031	3.0000	2.1400	12.1057	0.0000	0.0000	0.0000	0.0000	0.0000	0.0000	0.0000	0.0000	0.0000	0.0001	0.0000	0.0000	0.0000	0.0000	0.0000	0.0000	0.0000	0.0000	0.0001	0.0000	0.0000	0.0000	0.0000	0.0000	0.0000	0.0000	0.0000	0.0315	0.0181	0.0135	0.0052	0.0046	0.0006	0.0264	0.0135	0.0129
39	46	0.0579	7	2	0	1	0	0	0	1	0	0	0	1	1	0	0	0	0	0	0	Y	N	N	N	N	N	N	N	N	N	N	N	N	N	N	N	N	N	0.0019	0.0013	0.0000	0.0023	0.0021	0.0000	0.0016	0.0010	0.0000	0.0001	0.0001	0.0000	0.0002	0.0002	0.0000	0.0000	0.0000	0.0000	0.0390	0.0620	0.0037	0.0842	0.0937	0.0000	0.0260	0.0462	0.0039	0.0000	0.0384	-0.0000	-0.0011	0.0031	3.9966	2.1400	13.2202	0.0000	0.0000	0.0000	0.0000	0.0000	0.0000	0.0000	0.0000	0.0000	0.0016	0.0015	0.0001	0.0008	0.0008	0.0000	0.0008	0.0008	0.0001	0.0001	0.0001	0.0000	0.0000	0.0000	0.0000	0.0001	0.0000	0.0000	0.0410	0.0248	0.0161	0.0092	0.0083	0.0009	0.0318	0.0166	0.0152
39	47	0.0414	6	2	0	0	0	1	0	0	0	0	0	1	1	0	0	0	0	0	0	Y	N	N	N	N	N	N	N	N	N	N	N	N	N	N	N	N	N	0.8792	0.5946	1.3692	0.1984	0.2281	4.0016	7.1457	4.3832	0.0000	0.1403	0.1658	0.0018	0.2086	0.2649	0.0034	0.0988	0.1122	0.0000	0.1596	0.2789	0.0013	1.0514	1.1613	0.0008	0.0138	0.0256	0.0013	0.0020	0.0035	-0.0000	-0.0032	0.0031	0.4020	2.1400	12.8060	0.0000	0.0000	0.0000	0.0000	0.0000	0.0000	0.0000	0.0000	0.0000	0.0045	0.0045	0.0000	0.0042	0.0042	0.0000	0.0003	0.0003	0.0000	0.0000	0.0000	0.0000	0.0000	0.0000	0.0000	0.0000	0.0000	0.0000	0.0283	0.0161	0.0121	0.0040	0.0036	0.0004	0.0243	0.0125	0.0118
39	50	0.0460	6	1	0	1	0	0	0	0	0	0	0	2	1	0	0	0	0	0	0	N	N	N	N	Y	N	N	N	N	N	N	N	N	N	N	N	N	N	0.0000	0.0000	0.0000	0.0000	0.0000	0.0000	0.0000	0.0000	0.0000	0.0000	0.0000	0.0000	0.0000	0.0000	0.0000	0.0000	0.0000	0.0000	0.0161	0.0285	0.0000	0.0000	0.0000	0.0000	0.0188	0.0367	0.0000		0.0001	0.0000	-0.0000	0.0031	0.0000	2.1400	2.0033	0.0000	0.0000	0.0000	0.0000	0.0000	0.0000	0.0000	0.0000	0.0000	0.0001	0.0001	0.0000	0.0000	0.0000	0.0000	0.0001	0.0001	0.0000	0.0000	0.0000	0.0000	0.0000	0.0000	0.0000	0.0000	0.0000	0.0000	0.0043	0.0025	0.0019	0.0006	0.0005	0.0001	0.0037	0.0019	0.0018
39	51	0.0387	5	1	0	1	0	0	0	0	0	1	0	2	1	0	0	0	0	0	0	N	N	N	N	Y	N	N	N	N	N	N	N	N	N	N	N	N	N	0.0000	0.0000	0.0000	0.0000	0.0000	0.0000	0.0000	0.0000	0.0000	0.0000	0.0000	0.0000	0.0000	0.0000	0.0000	0.0000	0.0000	0.0000	0.0031	0.0014	0.0053	0.0000	0.0000	0.0000	0.0036	0.0017	0.0055		2.9847	0.0000	0.0000	0.0031	1.0000	2.1400	5.0066	0.0000	0.0000	0.0000	0.0000	0.0000	0.0000	0.0000	0.0000	0.0000	0.0000	0.0000	0.0000	0.0000	0.0000	0.0000	0.0000	0.0000	0.0000	0.0000	0.0000	0.0000	0.0000	0.0000	0.0000	0.0000	0.0000	0.0000	0.0128	0.0072	0.0056	0.0016	0.0014	0.0002	0.0112	0.0058	0.0055
39	56	0.0398	6	2	0	1	0	0	0	0	0	0	0	1	1	0	0	0	0	0	0	Y	N	N	N	N	N	N	N	N	N	N	N	N	N	N	N	N	N	0.0000	0.0000	0.0000	0.0000	0.0000	0.0000	0.0000	0.0000	0.0000	0.0000	0.0000	0.0000	0.0000	0.0000	0.0000	0.0000	0.0000	0.0000	0.0000	0.0000	0.0000	0.0000	0.0000	0.0000	0.0000	0.0000	0.0000		0.0000	0.0000	-0.0000	0.0031	0.9999	2.1400	3.0149	0.0000	0.0000	0.0000	0.0000	0.0000	0.0000	0.0000	0.0000	0.0000	0.0000	0.0000	0.0000	0.0000	0.0000	0.0000	0.0000	0.0000	0.0000	0.0000	0.0000	0.0000	0.0000	0.0000	0.0000	0.0000	0.0000	0.0000	0.0087	0.0049	0.0038	0.0012	0.0010	0.0001	0.0076	0.0039	0.0037
39	57	0.0436	7	1	0	0	0	0	0	0	0	0	1	1	2	0	0	0	0	0	0	N	N	N	N	N	Y	N	N	N	N	N	N	N	N	N	N	N	N	0.0000	0.0000	0.0000	0.0000	0.0000	0.0000	0.0000	0.0000	0.0000	0.0000	0.0000	0.0000	0.0000	0.0000	0.0000	0.0000	0.0000	0.0000	0.0028	0.0017	0.0043	0.0000	0.0000	0.0000	0.0032	0.0021	0.0044		2.0000	0.0000	-0.0000	0.0031	0.0000	2.1400	5.0023	0.0000	0.0000	0.0000	0.0000	0.0000	0.0000	0.0000	0.0000	0.0000	0.0000	0.0000	0.0000	0.0000	0.0000	0.0000	0.0000	0.0000	0.0000	0.0000	0.0000	0.0000	0.0000	0.0000	0.0000	0.0000	0.0000	0.0000	0.0107	0.0061	0.0047	0.0015	0.0013	0.0002	0.0093	0.0047	0.0045
39	59	0.0412	5	1	0	0	0	0	0	0	0	0	1	1	2	0	0	0	0	0	0	N	N	N	N	N	Y	N	N	N	N	N	N	N	N	N	N	N	N	0.0000	0.0000	0.0000	0.0000	0.0000	0.0000	0.0000	0.0000	0.0000	0.0000	0.0000	0.0000	0.0000	0.0000	0.0000	0.0000	0.0000	0.0000	0.0030	0.0015	0.0049	0.0000	0.0000	0.0000	0.0035	0.0019	0.0051		2.4999	0.0000	0.0000	0.0031	0.0000	2.1400	11.0002	0.0000	0.0000	0.0000	0.0000	0.0000	0.0000	0.0000	0.0000	0.0000	0.0001	0.0000	0.0000	0.0000	0.0000	0.0000	0.0001	0.0000	0.0000	0.0000	0.0000	0.0000	0.0000	0.0000	0.0000	0.0000	0.0000	0.0000	0.0233	0.0131	0.0102	0.0030	0.0027	0.0003	0.0203	0.0104	0.0099
39	60	0.0412	6	1	0	0	0	0	0	0	0	0	1	1	2	0	0	0	0	0	0	N	N	N	N	N	Y	N	N	N	N	N	N	N	N	N	N	N	N	0.0000	0.0000	0.0000	0.0000	0.0000	0.0000	0.0000	0.0000	0.0000	0.0000	0.0000	0.0000	0.0000	0.0000	0.0000	0.0000	0.0000	0.0000	0.0031	0.0037	0.0024	0.0000	0.0000	0.0000	0.0036	0.0047	0.0025		0.5000	0.0000	-0.0000	0.0031	0.0000	2.1400	9.0002	0.0000	0.0000	0.0000	0.0000	0.0000	0.0000	0.0000	0.0000	0.0000	0.0001	0.0000	0.0000	0.0000	0.0000	0.0000	0.0001	0.0000	0.0000	0.0000	0.0000	0.0000	0.0000	0.0000	0.0000	0.0000	0.0000	0.0000	0.0191	0.0108	0.0084	0.0025	0.0022	0.0003	0.0167	0.0085	0.0081
39	63	0.0436	7	2	0	1	0	0	0	0	0	0	0	2	1	0	0	0	0	0	0	Y	N	N	N	Y	N	N	N	N	N	N	N	N	N	N	N	N	N	0.0000	0.0000	0.0000	0.0000	0.0000	0.0000	0.0000	0.0000	0.0000	0.0000	0.0000	0.0000	0.0000	0.0000	0.0000	0.0000	0.0000	0.0000	0.0000	0.0000	0.0000	0.0000	0.0000	0.0000	0.0000	0.0000	0.0000			0.0000	0.0000	0.0031	0.0000	2.1400	0.0000	0.0000	0.0000	0.0000	0.0000	0.0000	0.0000	0.0000	0.0000	0.0000	0.0000	0.0000	0.0000	0.0000	0.0000	0.0000	0.0000	0.0000	0.0000	0.0000	0.0000	0.0000	0.0000	0.0000	0.0000	0.0000	0.0000	0.0000	0.0000	0.0000	0.0000	0.0000	0.0000	0.0000	0.0000	0.0000	0.0000
39	64	0.0398	6	2	0	1	0	0	0	0	0	1	0	2	1	0	0	0	0	0	0	Y	N	N	N	Y	N	N	N	N	N	N	N	N	N	N	N	N	N	0.0000	0.0000	0.0000	0.0000	0.0000	0.0000	0.0000	0.0000	0.0000	0.0000	0.0000	0.0000	0.0000	0.0000	0.0000	0.0000	0.0000	0.0000	0.0030	0.0000	0.0069	0.0000	0.0000	0.0000	0.0035	0.0000	0.0071		inf	0.0000	0.0000	0.0031	0.0001	2.1400	3.0132	0.0000	0.0000	0.0000	0.0000	0.0000	0.0000	0.0000	0.0000	0.0000	0.0000	0.0000	0.0000	0.0000	0.0000	0.0000	0.0000	0.0000	0.0000	0.0000	0.0000	0.0000	0.0000	0.0000	0.0000	0.0000	0.0000	0.0000	0.0066	0.0037	0.0029	0.0009	0.0008	0.0001	0.0057	0.0029	0.0028
39	65	0.0387	5	2	0	1	0	1	0	0	0	0	0	1	1	0	0	0	0	0	0	Y	N	N	N	N	N	N	N	N	N	N	N	N	N	N	N	N	N	0.0000	0.0000	0.0000	0.0000	0.0000	0.0000	0.0000	0.0000	0.0000	0.0000	0.0000	0.0000	0.0000	0.0000	0.0000	0.0000	0.0000	0.0000	0.0000	0.0000	0.0000	0.0000	0.0000	0.0000	0.0000	0.0000	0.0000		7.1166	0.0000	0.0000	0.0031	0.0001	2.1400	0.9885	0.0000	0.0000	0.0000	0.0000	0.0000	0.0000	0.0000	0.0000	0.0000	0.0000	0.0000	0.0000	0.0000	0.0000	0.0000	0.0000	0.0000	0.0000	0.0000	0.0000	0.0000	0.0000	0.0000	0.0000	0.0000	0.0000	0.0000	0.0022	0.0012	0.0009	0.0003	0.0002	0.0000	0.0019	0.0010	0.0009
40	42	0.0301	4	2	0	1	0	0	0	0	0	1	1	1	1	0	0	0	0	0	0	Y	N	N	N	N	N	N	N	N	N	N	N	N	N	N	N	N	N	0.0000	0.0000	0.0000	0.0000	0.0000	0.0000	0.0000	0.0000	0.0000	0.0000	0.0000	0.0000	0.0000	0.0000	0.0000	0.0000	0.0000	0.0000	0.0081	0.0000	0.0173	0.0050	0.0000	0.0307	0.0083	0.0000	0.0171		56709.2026	0.0000	0.0003	0.9998	0.0000	9.0469	15.0005	0.0000	0.0000	0.0000	0.0000	0.0000	0.0000	0.0000	0.0000	0.0000	0.0010	0.0000	0.0010	0.0000	0.0000	0.0000	0.0010	0.0000	0.0010	0.0000	0.0000	0.0000	0.0000	0.0000	0.0000	0.0000	0.0000	0.0000	0.1282	0.0680	0.0602	0.0060	0.0050	0.0010	0.1223	0.0630	0.0592
40	43	0.0301	3	2	0	1	0	1	0	1	0	1	1	1	1	0	0	0	0	0	0	Y	N	N	N	N	N	N	N	N	N	N	N	N	N	N	N	N	N	0.0000	0.0000	0.0000	0.0000	0.0000	0.0000	0.0000	0.0000	0.0000	0.0000	0.0000	0.0000	0.0000	0.0000	0.0000	0.0000	0.0000	0.0000	0.0272	0.0191	0.0469	0.0410	0.0414	0.0003	0.0203	0.0000	0.0474		0.9999	0.0000	-0.0000	0.9998	0.0003	9.0469	0.0736	0.0000	0.0000	0.0000	0.0000	0.0000	0.0000	0.0000	0.0000	0.0000	0.0000	0.0000	0.0000	0.0000	0.0000	0.0000	0.0000	0.0000	0.0000	0.0000	0.0000	0.0000	0.0000	0.0000	0.0000	0.0000	0.0000	0.0000	0.0017	0.0012	0.0005	0.0006	0.0006	0.0000	0.0012	0.0007	0.0005
40	44	0.0538	6	2	0	1	0	1	0	1	0	1	1	1	1	0	0	0	0	0	0	Y	N	N	N	N	N	N	N	N	N	N	N	N	N	N	N	N	N	0.0000	0.0000	0.0000	0.0000	0.0000	0.0000	0.0000	0.0000	0.0000	0.0000	0.0000	0.0000	0.0000	0.0000	0.0000	0.0000	0.0000	0.0000	0.0001	0.0002	0.0000	0.0010	0.0012	0.0000	0.0000	0.0000	0.0000		0.0587	0.0000	-0.0000	0.9998	3.0000	9.0469	12.1057	0.0000	0.0000	0.0000	0.0000	0.0000	0.0000	0.0000	0.0000	0.0000	0.0000	0.0000	0.0000	0.0000	0.0000	0.0000	0.0000	0.0000	0.0000	0.0128	0.0110	0.0017	0.0008	0.0007	0.0000	0.0120	0.0103	0.0017	0.1279	0.0693	0.0586	0.0122	0.0102	0.0020	0.1157	0.0591	0.0566
40	46	0.0556	6	2	0	1	0	0	0	1	0	1	1	1	1	0	0	0	0	0	0	Y	N	N	N	N	N	N	N	N	N	N	N	N	N	N	N	N	N	0.0000	0.0000	0.0000	0.0000	0.0000	0.0000	0.0000	0.0000	0.0000	0.0000	0.0000	0.0000	0.0000	0.0000	0.0000	0.0000	0.0000	0.0000	5.8703	10.1427	0.0000	0.0327	0.0360	0.0000	7.0160	13.6383	0.0000	0.0000	0.0000	-0.0000	-0.7023	0.9998	3.9966	9.0469	13.2202	0.0000	0.0000	0.0000	0.0000	0.0000	0.0000	0.0000	0.0000	0.0000	0.9953	0.9953	0.0000	0.0009	0.0009	0.0000	0.9944	0.9944	0.0000	0.0163	0.0140	0.0022	0.0006	0.0006	0.0000	0.0156	0.0134	0.0022	0.1696	0.0981	0.0714	0.0278	0.0252	0.0026	0.1417	0.0729	0.0688
40	47	0.0391	5	2	0	0	0	1	0	0	0	1	1	1	1	0	0	0	0	0	0	Y	N	N	N	N	N	N	N	N	N	N	N	N	N	N	N	N	N	0.0007	0.0005	0.0000	0.0000	0.0000	0.0000	0.0065	0.0040	0.0000	0.0005	0.0006	0.0000	0.0001	0.0001	0.0000	0.0005	0.0006	0.0000	0.6654	1.2317	0.0051	7.5379	8.5507	0.0000	0.0766	0.1455	0.0052	0.0000	0.0036	-0.0000	-0.0548	0.9998	0.4020	9.0469	12.8060	0.0000	0.0000	0.0000	0.0000	0.0000	0.0000	0.0000	0.0000	0.0000	0.0781	0.0778	0.0003	0.0698	0.0698	0.0000	0.0083	0.0080	0.0003	0.0016	0.0014	0.0002	0.0001	0.0001	0.0000	0.0016	0.0014	0.0002	0.1173	0.0632	0.0542	0.0093	0.0082	0.0011	0.1081	0.0550	0.0531
40	50	0.0437	5	1	0	1	0	0	0	0	0	1	1	2	1	0	0	0	0	0	0	N	N	N	N	Y	N	N	N	N	N	N	N	N	N	N	N	N	N	0.0000	0.0000	0.0000	0.0000	0.0000	0.0000	0.0000	0.0000	0.0000	0.0000	0.0000	0.0000	0.0000	0.0000	0.0000	0.0000	0.0000	0.0000	0.0000	0.0000	0.0000	0.0000	0.0000	0.0000	0.0000	0.0000	0.0000			0.0000	0.0000	0.9998	0.0000	9.0469	2.0033	0.0000	0.0000	0.0000	0.0000	0.0000	0.0000	0.0000	0.0000	0.0000	0.0000	0.0000	0.0000	0.0000	0.0000	0.0000	0.0000	0.0000	0.0000	0.0000	0.0000	0.0000	0.0000	0.0000	0.0000	0.0000	0.0000	0.0000	0.0176	0.0094	0.0082	0.0013	0.0010	0.0002	0.0164	0.0084	0.0080
40	51	0.0363	4	1	0	1	0	0	0	0	0	2	1	2	1	0	0	0	0	0	0	N	N	N	N	Y	N	N	N	N	N	N	N	N	N	N	N	N	N	0.0000	0.0000	0.0000	0.0000	0.0000	0.0000	0.0000	0.0000	0.0000	0.0000	0.0000	0.0000	0.0000	0.0000	0.0000	0.0000	0.0000	0.0000	0.0000	0.0000	0.0000	0.0000	0.0000	0.0000	0.0000	0.0000	0.0000			0.0000	0.0000	0.9998	1.0000	9.0469	5.0066	0.0000	0.0000	0.0000	0.0000	0.0000	0.0000	0.0000	0.0000	0.0000	0.0000	0.0000	0.0000	0.0000	0.0000	0.0000	0.0000	0.0000	0.0000	0.0039	0.0034	0.0006	0.0000	0.0000	0.0000	0.0039	0.0034	0.0006	0.0521	0.0276	0.0246	0.0027	0.0023	0.0005	0.0494	0.0253	0.0241
40	56	0.0375	5	2	0	1	0	0	0	0	0	1	1	1	1	0	0	0	0	0	0	Y	N	N	N	N	N	N	N	N	N	N	N	N	N	N	N	N	N	0.0000	0.0000	0.0000	0.0000	0.0000	0.0000	0.0000	0.0000	0.0000	0.0000	0.0000	0.0000	0.0000	0.0000	0.0000	0.0000	0.0000	0.0000	0.0000	0.0000	0.0000	0.0000	0.0000	0.0000	0.0000	0.0000	0.0000			0.0000	0.0000	0.9998	0.9999	9.0469	3.0149	0.0000	0.0000	0.0000	0.0000	0.0000	0.0000	0.0000	0.0000	0.0000	0.0000	0.0000	0.0000	0.0000	0.0000	0.0000	0.0000	0.0000	0.0000	0.0039	0.0034	0.0006	0.0000	0.0000	0.0000	0.0039	0.0034	0.0006	0.0356	0.0189	0.0166	0.0022	0.0019	0.0003	0.0334	0.0170	0.0163
40	57	0.0413	6	1	0	0	0	0	0	0	0	1	2	1	2	0	0	0	0	0	0	N	N	N	N	N	Y	N	N	N	N	N	N	N	N	N	N	N	N	0.0000	0.0000	0.0000	0.0000	0.0000	0.0000	0.0000	0.0000	0.0000	0.0000	0.0000	0.0000	0.0000	0.0000	0.0000	0.0000	0.0000	0.0000	0.0000	0.0000	0.0000	0.0000	0.0000	0.0000	0.0000	0.0000	0.0000			0.0000	0.0000	0.9998	0.0000	9.0469	5.0023	0.0000	0.0000	0.0000	0.0000	0.0000	0.0000	0.0000	0.0000	0.0000	0.0000	0.0000	0.0000	0.0000	0.0000	0.0000	0.0000	0.0000	0.0000	0.0000	0.0000	0.0000	0.0000	0.0000	0.0000	0.0000	0.0000	0.0000	0.0436	0.0232	0.0204	0.0029	0.0024	0.0005	0.0407	0.0208	0.0199
40	59	0.0388	4	1	0	0	0	0	0	0	0	1	2	1	2	0	0	0	0	0	0	N	N	N	N	N	Y	N	N	N	N	N	N	N	N	N	N	N	N	0.0000	0.0000	0.0000	0.0000	0.0000	0.0000	0.0000	0.0000	0.0000	0.0000	0.0000	0.0000	0.0000	0.0000	0.0000	0.0000	0.0000	0.0000	0.0000	0.0000	0.0000	0.0000	0.0000	0.0000	0.0000	0.0000	0.0000			0.0000	0.0000	0.9998	0.0000	9.0469	11.0002	0.0000	0.0000	0.0000	0.0000	0.0000	0.0000	0.0000	0.0000	0.0000	0.0000	0.0000	0.0000	0.0000	0.0000	0.0000	0.0000	0.0000	0.0000	0.0000	0.0000	0.0000	0.0000	0.0000	0.0000	0.0000	0.0000	0.0000	0.0945	0.0501	0.0444	0.0053	0.0044	0.0010	0.0892	0.0457	0.0434
40	60	0.0388	5	1	0	0	0	0	0	0	0	1	2	1	2	0	0	0	0	0	0	N	N	N	N	N	Y	N	N	N	N	N	N	N	N	N	N	N	N	0.0000	0.0000	0.0000	0.0000	0.0000	0.0000	0.0000	0.0000	0.0000	0.0000	0.0000	0.0000	0.0000	0.0000	0.0000	0.0000	0.0000	0.0000	0.0001	0.0002	0.0000	0.0023	0.0028	0.0000	0.0000	0.0000	0.0000		0.0000	0.0000	-0.0000	0.9998	0.0000	9.0469	9.0002	0.0000	0.0000	0.0000	0.0000	0.0000	0.0000	0.0000	0.0000	0.0000	0.0000	0.0000	0.0000	0.0000	0.0000	0.0000	0.0000	0.0000	0.0000	0.0000	0.0000	0.0000	0.0000	0.0000	0.0000	0.0000	0.0000	0.0000	0.0777	0.0412	0.0365	0.0044	0.0036	0.0008	0.0733	0.0376	0.0357
40	63	0.0412	6	2	0	1	0	0	0	0	0	1	1	2	1	0	0	0	0	0	0	Y	N	N	N	Y	N	N	N	N	N	N	N	N	N	N	N	N	N	0.0000	0.0000	0.0000	0.0000	0.0000	0.0000	0.0000	0.0000	0.0000	0.0000	0.0000	0.0000	0.0000	0.0000	0.0000	0.0000	0.0000	0.0000	0.0000	0.0000	0.0000	0.0000	0.0000	0.0000	0.0000	0.0000	0.0000			0.0000	0.0000	0.9998	0.0000	9.0469	0.0000	0.0000	0.0000	0.0000	0.0000	0.0000	0.0000	0.0000	0.0000	0.0000	0.0000	0.0000	0.0000	0.0000	0.0000	0.0000	0.0000	0.0000	0.0000	0.0000	0.0000	0.0000	0.0000	0.0000	0.0000	0.0000	0.0000	0.0000	0.0000	0.0000	0.0000	0.0000	0.0000	0.0000	0.0000	0.0000	0.0000
40	64	0.0375	5	2	0	1	0	0	0	0	0	2	1	2	1	0	0	0	0	0	0	Y	N	N	N	Y	N	N	N	N	N	N	N	N	N	N	N	N	N	0.0000	0.0000	0.0000	0.0000	0.0000	0.0000	0.0000	0.0000	0.0000	0.0000	0.0000	0.0000	0.0000	0.0000	0.0000	0.0000	0.0000	0.0000	0.0000	0.0000	0.0000	0.0000	0.0000	0.0000	0.0000	0.0000	0.0000			0.0000	0.0000	0.9998	0.0001	9.0469	3.0132	0.0000	0.0000	0.0000	0.0000	0.0000	0.0000	0.0000	0.0000	0.0000	0.0000	0.0000	0.0000	0.0000	0.0000	0.0000	0.0000	0.0000	0.0000	0.0000	0.0000	0.0000	0.0000	0.0000	0.0000	0.0000	0.0000	0.0000	0.0269	0.0143	0.0126	0.0017	0.0015	0.0003	0.0252	0.0128	0.0123
40	65	0.0363	4	2	0	1	0	1	0	0	0	1	1	1	1	0	0	0	0	0	0	Y	N	N	N	N	N	N	N	N	N	N	N	N	N	N	N	N	N	0.0000	0.0000	0.0000	0.0000	0.0000	0.0000	0.0000	0.0000	0.0000	0.0000	0.0000	0.0000	0.0000	0.0000	0.0000	0.0000	0.0000	0.0000	0.0000	0.0000	0.0000	0.0000	0.0000	0.0000	0.0000	0.0000	0.0000			0.0000	0.0000	0.9998	0.0001	9.0469	0.9885	0.0000	0.0000	0.0000	0.0000	0.0000	0.0000	0.0000	0.0000	0.0000	0.0000	0.0000	0.0000	0.0000	0.0000	0.0000	0.0000	0.0000	0.0000	0.0000	0.0000	0.0000	0.0000	0.0000	0.0000	0.0000	0.0000	0.0000	0.0087	0.0046	0.0041	0.0005	0.0004	0.0001	0.0083	0.0042	0.0040
41	42	0.0176	3	2	0	1	0	1	0	0	0	0	0	0	0	0	0	0	0	0	0	Y	N	N	N	N	N	N	N	N	N	N	N	N	N	N	N	N	N	0.0000	0.0000	0.0000	0.0000	0.0000	0.0000	0.0000	0.0000	0.0000	0.0000	0.0000	0.0000	0.0000	0.0000	0.0000	0.0000	0.0000	0.0000	6.4796	0.0007	13.5870	0.0078	0.0081	0.0000	6.6095	0.0004	13.6131		18661.1253	0.0000	0.2940	0.0021	0.0000	12.1494	15.0005	0.0000	0.0000	0.0000	0.0000	0.0000	0.0000	0.0000	0.0000	0.0000	0.9988	0.0001	0.9988	0.0000	0.0000	0.0000	0.9988	0.0000	0.9988	0.0000	0.0000	0.0000	0.0000	0.0000	0.0000	0.0000	0.0000	0.0000	0.1541	0.0806	0.0735	0.0030	0.0029	0.0001	0.1511	0.0777	0.0734
41	43	0.0176	2	2	0	1	0	2	0	1	0	0	0	0	0	0	0	0	0	0	0	Y	N	N	N	N	N	N	N	N	N	N	N	N	N	N	N	N	N	0.0000	0.0000	0.0000	0.0000	0.0000	0.0000	0.0000	0.0000	0.0000	0.0000	0.0000	0.0000	0.0000	0.0000	0.0000	0.0000	0.0000	0.0000	0.3256	0.2707	0.4120	0.4016	0.4018	0.2666	0.2738	0.0129	0.4122		0.9680	0.0000	-0.0003	0.0021	0.0003	12.1494	0.0736	0.0000	0.0000	0.0000	0.0000	0.0000	0.0000	0.0000	0.0000	0.0000	0.0013	0.0007	0.0006	0.0006	0.0006	0.0000	0.0006	0.0000	0.0006	0.0000	0.0000	0.0000	0.0000	0.0000	0.0000	0.0000	0.0000	0.0000	0.0040	0.0024	0.0015	0.0016	0.0016	0.0000	0.0024	0.0008	0.0015
41	44	0.0414	5	2	0	1	0	2	0	1	0	0	0	0	0	0	0	0	0	0	0	Y	N	N	N	N	N	N	N	N	N	N	N	N	N	N	N	N	N	0.0000	0.0000	0.0000	0.0000	0.0000	0.0000	0.0000	0.0000	0.0000	0.0000	0.0000	0.0000	0.0000	0.0000	0.0000	0.0000	0.0000	0.0000	0.0009	0.0017	0.0000	0.0136	0.0158	0.0000	0.0001	0.0001	0.0000		0.0000	0.0000	-0.0001	0.0021	3.0000	12.1494	12.1057	0.0000	0.0000	0.0000	0.0000	0.0000	0.0000	0.0000	0.0000	0.0000	0.0001	0.0001	0.0000	0.0001	0.0001	0.0000	0.0000	0.0000	0.0000	0.0000	0.0000	0.0000	0.0000	0.0000	0.0000	0.0000	0.0000	0.0000	0.1519	0.0813	0.0706	0.0095	0.0082	0.0013	0.1424	0.0731	0.0693
41	46	0.0431	5	2	0	1	0	1	0	1	0	0	0	0	0	0	0	0	0	0	0	Y	N	N	N	N	N	N	N	N	N	N	N	N	N	N	N	N	N	0.0000	0.0000	0.0000	0.0000	0.0000	0.0000	0.0000	0.0000	0.0000	0.0000	0.0000	0.0000	0.0000	0.0000	0.0000	0.0000	0.0000	0.0000	0.0076	0.0101	0.0042	0.0020	0.0022	0.0000	0.0084	0.0122	0.0043		0.3095	0.0000	-0.0007	0.0021	3.9966	12.1494	13.2202	0.0000	0.0000	0.0000	0.0000	0.0000	0.0000	0.0000	0.0000	0.0000	0.0015	0.0011	0.0004	0.0001	0.0001	0.0000	0.0015	0.0011	0.0004	0.0001	0.0001	0.0000	0.0000	0.0000	0.0000	0.0000	0.0000	0.0000	0.1977	0.1136	0.0841	0.0256	0.0237	0.0019	0.1721	0.0899	0.0822
41	47	0.0266	4	2	0	0	0	2	0	0	0	0	0	0	0	0	0	0	0	0	0	Y	N	N	N	N	N	N	N	N	N	N	N	N	N	N	N	N	N	0.0000	0.0000	0.0000	0.0000	0.0000	0.0000	0.0000	0.0000	0.0000	0.0000	0.0000	0.0000	0.0000	0.0000	0.0000	0.0000	0.0000	0.0000	0.5147	0.0065	1.0932	0.0789	0.0856	0.0000	0.5320	0.0009	1.1002		146.8943	0.0000	0.0202	0.0021	0.4020	12.1494	12.8060	0.0000	0.0000	0.0000	0.0000	0.0000	0.0000	0.0000	0.0000	0.0000	0.0703	0.0005	0.0698	0.0004	0.0004	0.0000	0.0699	0.0001	0.0698	0.0000	0.0000	0.0000	0.0000	0.0000	0.0000	0.0000	0.0000	0.0000	0.1365	0.0727	0.0638	0.0052	0.0048	0.0004	0.1313	0.0679	0.0634
41	56	0.0250	4	2	0	1	0	1	0	0	0	0	0	0	0	0	0	0	0	0	0	Y	N	N	N	N	N	N	N	N	N	N	N	N	N	N	N	N	N	0.0000	0.0000	0.0000	0.0000	0.0000	0.0000	0.0000	0.0000	0.0000	0.0000	0.0000	0.0000	0.0000	0.0000	0.0000	0.0000	0.0000	0.0000	0.0000	0.0000	0.0000	0.0000	0.0000	0.0000	0.0000	0.0000	0.0000			0.0000	0.0000	0.0021	0.9999	12.1494	3.0149	0.0000	0.0000	0.0000	0.0000	0.0000	0.0000	0.0000	0.0000	0.0000	0.0000	0.0000	0.0000	0.0000	0.0000	0.0000	0.0000	0.0000	0.0000	0.0000	0.0000	0.0000	0.0000	0.0000	0.0000	0.0000	0.0000	0.0000	0.0422	0.0221	0.0201	0.0012	0.0011	0.0001	0.0409	0.0210	0.0199
41	63	0.0287	5	2	0	1	0	1	0	0	0	0	0	1	0	0	0	0	0	0	0	Y	N	N	N	N	N	N	N	N	N	N	N	N	N	N	N	N	N	0.0000	0.0000	0.0000	0.0000	0.0000	0.0000	0.0000	0.0000	0.0000	0.0000	0.0000	0.0000	0.0000	0.0000	0.0000	0.0000	0.0000	0.0000	0.0000	0.0000	0.0000	0.0000	0.0000	0.0000	0.0000	0.0000	0.0000			0.0000	0.0000	0.0021	0.0000	12.1494	0.0000	0.0000	0.0000	0.0000	0.0000	0.0000	0.0000	0.0000	0.0000	0.0000	0.0000	0.0000	0.0000	0.0000	0.0000	0.0000	0.0000	0.0000	0.0000	0.0000	0.0000	0.0000	0.0000	0.0000	0.0000	0.0000	0.0000	0.0000	0.0000	0.0000	0.0000	0.0000	0.0000	0.0000	0.0000	0.0000	0.0000
41	64	0.0250	4	2	0	1	0	1	0	0	0	1	0	1	0	0	0	0	0	0	0	Y	N	N	N	N	N	N	N	N	N	N	N	N	N	N	N	N	N	0.0000	0.0000	0.0000	0.0000	0.0000	0.0000	0.0000	0.0000	0.0000	0.0000	0.0000	0.0000	0.0000	0.0000	0.0000	0.0000	0.0000	0.0000	0.0000	0.0000	0.0000	0.0000	0.0000	0.0000	0.0000	0.0000	0.0000			0.0000	0.0000	0.0021	0.0001	12.1494	3.0132	0.0000	0.0000	0.0000	0.0000	0.0000	0.0000	0.0000	0.0000	0.0000	0.0000	0.0000	0.0000	0.0000	0.0000	0.0000	0.0000	0.0000	0.0000	0.0000	0.0000	0.0000	0.0000	0.0000	0.0000	0.0000	0.0000	0.0000	0.0319	0.0167	0.0152	0.0010	0.0009	0.0001	0.0309	0.0158	0.0151
41	65	0.0238	3	2	0	1	0	2	0	0	0	0	0	0	0	0	0	0	0	0	0	Y	N	N	N	N	N	N	N	N	N	N	N	N	N	N	N	N	N	0.0000	0.0000	0.0000	0.0000	0.0000	0.0000	0.0000	0.0000	0.0000	0.0000	0.0000	0.0000	0.0000	0.0000	0.0000	0.0000	0.0000	0.0000	0.0000	0.0000	0.0000	0.0002	0.0002	0.0000	0.0000	0.0000	0.0000		0.0000	0.0000	-0.0000	0.0021	0.0001	12.1494	0.9885	0.0000	0.0000	0.0000	0.0000	0.0000	0.0000	0.0000	0.0000	0.0000	0.0000	0.0000	0.0000	0.0000	0.0000	0.0000	0.0000	0.0000	0.0000	0.0000	0.0000	0.0000	0.0000	0.0000	0.0000	0.0000	0.0000	0.0000	0.0104	0.0054	0.0050	0.0002	0.0002	0.0000	0.0101	0.0052	0.0049
42	47	0.0382	4	2	0	1	0	1	0	0	0	0	0	0	0	0	0	0	0	0	0	Y	N	N	N	N	N	N	N	N	N	N	N	N	N	N	N	N	N	0.0000	0.0000	0.0000	0.0000	0.0000	0.0000	0.0000	0.0000	0.0000	0.0000	0.0000	0.0000	0.0000	0.0000	0.0000	0.0000	0.0000	0.0000	0.1124	0.2109	0.0001	0.1811	0.1903	0.0000	0.1093	0.2126	0.0001		0.0005	-0.0000	-0.0136	0.0000	0.4020	15.0005	12.8060	0.0000	0.0000	0.0000	0.0000	0.0000	0.0000	0.0000	0.0000	0.0000	0.0193	0.0192	0.0000	0.0013	0.0013	0.0000	0.0179	0.0179	0.0000	0.0000	0.0000	0.0000	0.0000	0.0000	0.0000	0.0000	0.0000	0.0000	0.1713	0.0912	0.0801	0.0073	0.0070	0.0004	0.1640	0.0843	0.0797
43	47	0.0090	3	2	0	1	0	2	0	1	0	0	0	0	0	0	0	0	0	0	0	Y	N	N	N	N	N	N	N	N	N	N	N	N	N	N	N	N	N	0.0050	0.0000	0.0000	0.0000	0.0000	0.0000	0.0000	0.0000	0.0000	0.0024	0.0000	0.0000	0.0000	0.0000	0.0000	0.0000	0.0000	0.0000	0.4728	0.3788	0.6256	0.5392	0.5407	0.0000	0.4216	0.0001	0.6276		1.0157	-0.0000	-0.0006	0.0003	0.4020	0.0736	12.8060	0.0000	0.0000	0.0000	0.0000	0.0000	0.0000	0.0000	0.0000	0.0000	0.0029	0.0014	0.0014	0.0014	0.0014	0.0000	0.0014	0.0000	0.0014	0.0000	0.0000	0.0000	0.0000	0.0000	0.0000	0.0000	0.0000	0.0000	0.0060	0.0037	0.0023	0.0026	0.0026	0.0000	0.0034	0.0011	0.0023
44	47	0.0346	2	2	0	1	0	2	0	1	0	0	0	0	0	0	0	0	0	0	0	Y	N	N	N	N	N	N	N	N	N	N	N	N	N	N	N	N	N	0.0118	0.3717	0.0000	0.0000	0.0000	0.0000	0.0124	3176.7789	0.0000	0.0268	0.0314	0.0000	0.0000	0.0000	0.0000	0.0294	0.0349	0.0000	2.2812	0.0844	4.7920	0.8324	0.9356	0.0001	2.3640	0.0000	4.8541	0.0000	49.6547	-0.0001	0.1051	3.0000	0.4020	12.1057	12.8060	0.0002	0.0002	0.0000	0.0000	0.0000	0.0000	0.0001	0.0001	0.0000	0.3825	0.0076	0.3750	0.0076	0.0076	0.0000	0.3750	0.0000	0.3750	0.0056	0.0048	0.0008	0.0005	0.0005	0.0000	0.0051	0.0043	0.0008	0.1677	0.0894	0.0782	0.0091	0.0081	0.0010	0.1586	0.0814	0.0772
47	56	0.0377	7	2	0	1	0	1	0	0	0	0	0	0	0	0	0	0	0	0	0	Y	N	N	N	N	N	N	N	N	N	N	N	N	N	N	N	N	N	0.0000	0.0000	0.0000	0.0000	0.0000	0.0000	0.0000	0.0000	0.0000	0.0000	0.0000	0.0000	0.0000	0.0000	0.0000	0.0000	0.0000	0.0000	0.0009	0.0000	0.0020	0.0000	0.0000	0.0002	0.0010	0.0000	0.0020		75.6010	0.0000	0.0000	0.4020	0.9999	12.8060	3.0149	0.0000	0.0000	0.0000	0.0000	0.0000	0.0000	0.0000	0.0000	0.0000	0.0000	0.0000	0.0000	0.0000	0.0000	0.0000	0.0000	0.0000	0.0000	0.0016	0.0014	0.0002	0.0001	0.0001	0.0000	0.0016	0.0014	0.0002	0.0462	0.0247	0.0215	0.0026	0.0024	0.0003	0.0435	0.0223	0.0212
47	63	0.0415	8	2	0	1	0	1	0	0	0	0	0	1	0	0	0	0	0	0	0	Y	N	N	N	N	N	N	N	N	N	N	N	N	N	N	N	N	N	0.0000	0.0000	0.0000	0.0000	0.0000	0.0000	0.0000	0.0000	0.0000	0.0000	0.0000	0.0000	0.0000	0.0000	0.0000	0.0000	0.0000	0.0000	0.0000	0.0000	0.0000	0.0000	0.0000	0.0000	0.0000	0.0000	0.0000			0.0000	0.0000	0.4020	0.0000	12.8060	0.0000	0.0000	0.0000	0.0000	0.0000	0.0000	0.0000	0.0000	0.0000	0.0000	0.0000	0.0000	0.0000	0.0000	0.0000	0.0000	0.0000	0.0000	0.0000	0.0000	0.0000	0.0000	0.0000	0.0000	0.0000	0.0000	0.0000	0.0000	0.0000	0.0000	0.0000	0.0000	0.0000	0.0000	0.0000	0.0000	0.0000
47	64	0.0377	7	2	0	1	0	1	0	0	0	1	0	1	0	0	0	0	0	0	0	Y	N	N	N	N	N	N	N	N	N	N	N	N	N	N	N	N	N	0.0000	0.0000	0.0000	0.0000	0.0000	0.0000	0.0000	0.0000	0.0000	0.0000	0.0000	0.0000	0.0000	0.0000	0.0000	0.0000	0.0000	0.0000	0.0015	0.0000	0.0033	0.0000	0.0000	0.0003	0.0016	0.0000	0.0033		94.7751	0.0000	0.0000	0.4020	0.0001	12.8060	3.0132	0.0000	0.0000	0.0000	0.0000	0.0000	0.0000	0.0000	0.0000	0.0000	0.0001	0.0000	0.0001	0.0000	0.0000	0.0000	0.0001	0.0000	0.0001	0.0000	0.0000	0.0000	0.0000	0.0000	0.0000	0.0000	0.0000	0.0000	0.0349	0.0187	0.0162	0.0021	0.0019	0.0002	0.0328	0.0168	0.0160
47	65	0.0366	6	2	0	1	0	2	0	0	0	0	0	0	0	0	0	0	0	0	0	Y	N	N	N	N	N	N	N	N	N	N	N	N	N	N	N	N	N	0.0000	0.0000	0.0000	0.0000	0.0000	0.0000	0.0000	0.0000	0.0000	0.0000	0.0000	0.0000	0.0000	0.0000	0.0000	0.0000	0.0000	0.0000	0.2705	0.0066	0.5699	0.0009	0.0009	0.0005	0.2848	0.0071	0.5766		75.9707	0.0000	0.0009	0.4020	0.0001	12.8060	0.9885	0.0000	0.0000	0.0000	0.0000	0.0000	0.0000	0.0000	0.0000	0.0000	0.0031	0.0000	0.0030	0.0000	0.0000	0.0000	0.0031	0.0000	0.0030	0.0000	0.0000	0.0000	0.0000	0.0000	0.0000	0.0000	0.0000	0.0000	0.0114	0.0060	0.0053	0.0006	0.0005	0.0001	0.0108	0.0055	0.0053
57	59	0.0086	3	0	0	0	0	0	0	0	0	0	2	0	2	0	0	0	0	0	0	N	N	N	N	N	Y	N	N	N	N	N	N	N	N	N	N	N	N	0.0000	0.0000	0.0000	0.0000	0.0000	0.0000	0.0000	0.0000	0.0000	0.0000	0.0000	0.0000	0.0000	0.0000	0.0000	0.0000	0.0000	0.0000	42.8004	41.5806	44.0941	0.2571	0.2951	0.0000	43.2296	42.2905	44.2114		0.9999	0.0000	-0.4113	0.0000	0.0000	5.0023	11.0002	0.0000	0.0000	0.0000	0.0000	0.0000	0.0000	0.0000	0.0000	0.0000	2.0001	1.0001	1.0000	0.0001	0.0001	0.0000	2.0000	1.0000	1.0000	0.0000	0.0000	0.0000	0.0000	0.0000	0.0000	0.0000	0.0000	0.0000	0.0467	0.0241	0.0227	0.0005	0.0004	0.0001	0.0463	0.0236	0.0226
57	60	0.0086	2	0	0	0	0	0	0	0	0	0	2	0	2	0	0	0	0	0	0	N	N	N	N	N	Y	N	N	N	N	N	N	N	N	N	N	N	N	0.0000	0.0000	0.0000	0.0000	0.0000	0.0000	0.0000	0.0000	0.0000	0.0000	0.0000	0.0000	0.0000	0.0000	0.0000	0.0000	0.0000	0.0000	0.0029	0.0056	0.0000	0.2865	0.3288	0.0000	0.0000	0.0000	0.0000		0.0000	0.0000	-0.0001	0.0000	0.0000	5.0023	9.0002	0.0000	0.0000	0.0000	0.0000	0.0000	0.0000	0.0000	0.0000	0.0000	0.0001	0.0001	0.0000	0.0001	0.0001	0.0000	0.0000	0.0000	0.0000	0.0000	0.0000	0.0000	0.0000	0.0000	0.0000	0.0000	0.0000	0.0000	0.0384	0.0198	0.0186	0.0004	0.0003	0.0000	0.0380	0.0194	0.0186
59	60	0.0137	2	0	0	0	0	0	0	0	0	0	2	0	2	0	0	0	0	0	0	N	N	N	N	N	Y	N	N	N	N	N	N	N	N	N	N	N	N	0.0000	0.0000	0.0000	0.0000	0.0000	0.0000	0.0000	0.0000	0.0000	0.0000	0.0000	0.0000	0.0000	0.0000	0.0000	0.0000	0.0000	0.0000	0.0001	0.0002	0.0000	1.2507	1.2646	0.0000	0.0000	0.0000	0.0000		0.0016	0.0000	-0.0000	0.0000	0.0000	11.0002	9.0002	0.0000	0.0000	0.0000	0.0000	0.0000	0.0000	0.0000	0.0000	0.0000	0.0000	0.0000	0.0000	0.0000	0.0000	0.0000	0.0000	0.0000	0.0000	0.0000	0.0000	0.0000	0.0000	0.0000	0.0000	0.0000	0.0000	0.0000	0.0832	0.0427	0.0405	0.0000	0.0000	0.0000	0.0832	0.0427	0.0405
